ctdpy/tests/etc/exprapp_feb_2020/SBE09_1387_20200203_0514_77_10_0100.cnv
* Sea-Bird SBE 9 Data File:
* FileName = L:\2020\sv20d0100.hex
* Software Version Seasave V 7.26.7.121
* Temperature SN = 6378
* Conductivity SN = 4824
* Number of Bytes Per Scan = 41
* Number of Voltage Words = 4
* Number of Scans Averaged by the Deck Unit = 1
* NMEA Latitude = 57 47.51 N
* NMEA Longitude = 008 47.84 E
* NMEA UTC (Time) = Feb 03 2020  05:14:16
* NMEA baud rate = 4800
** Station:  36N Hanstholm
** Operator:  A-KTh
** Ship: SVEA
** Average sound velocity: 1483.57 m/s
** True-depth calculation Mon, 03 Feb 2020 10:24:45 +0000
** CTD Python Module SMHI /ver 3-12/ feb 2012 
** LIMS Job: 20207710-0100
** Cruise: SMHI-02-2020
** Latitude [GG MM.mm N] :
** Longitude [GGG MM.mm E]:
# nquan = 30
# nvalues = 466                         
# units = specified
# name 0 = scan: Scan Count
# name 1 = prDM: Pressure, Digiquartz [db]
# name 2 = t090C: Temperature [ITS-90, deg C]
# name 3 = t190C: Temperature, 2 [ITS-90, deg C]
# name 4 = c0S/m: Conductivity [S/m]
# name 5 = c1S/m: Conductivity, 2 [S/m]
# name 6 = pumps: Pump Status
# name 7 = sbeox0V: Oxygen raw, SBE 43 [V]
# name 8 = sbeox1V: Oxygen raw, SBE 43, 2 [V]
# name 9 = altM: Altimeter [m]
# name 10 = dz/dtM: Descent Rate [m/s]
# name 11 = flECO-AFL: Chl-a Fluorescence, WET Labs ECO-AFL/FL [mg/m^3]
# name 12 = flECO-AFL1: Phycocyanin Fluorescence, WET Labs ECO-AFL/FL, 2 [mg/m^3]
# name 13 = par: PAR/Irradiance, Biospherical/Lico [µE/(cm^2*s)]
# name 14 = turbWETntu0: Turbidity, WET Labs ECO [NTU]
# name 15 = sal00: Salinity, Practical [PSU]
# name 16 = sal11: Salinity, Practical, 2 [PSU]
# name 17 = secS-priS: Salinity, Practical, Difference, 2 - 1 [PSU]
# name 18 = T2-T190C: Temperature Difference, 2 - 1 [ITS-90, deg C]
# name 19 = sigma-t00: Density [sigma-t, kg/m^3 ]
# name 20 = sigma-t11: Density, 2 [sigma-t, kg/m^3 ]
# name 21 = depSM: Depth [salt water, m], lat = 57.7918
# name 22 = depFM: Depth [true depth, m], lat = 57.7918
# name 23 = svCM: Sound Velocity [Chen-Millero, m/s]
# name 24 = svCM1: Sound Velocity, 2 [Chen-Millero, m/s]
# name 25 = sbeox0ML/L: Oxygen, SBE 43 [ml/l], WS = 2
# name 26 = sbeox1ML/L: Oxygen, SBE 43, 2 [ml/l], WS = 2
# name 27 = sbeox0PS: Oxygen, SBE 43 [% saturation], WS = 2
# name 28 = sbeox1PS: Oxygen, SBE 43, 2 [% saturation], WS = 2
# name 29 = flag: flag
# span 0 =      14278,      29130       
# span 1 =      1.000,    233.500       
# span 2 =     6.5875,     8.5172       
# span 3 =     6.5876,     8.5172       
# span 4 =   3.267460,   3.649624       
# span 5 =   3.267363,   3.648987       
# span 6 =          1,          1       
# span 7 =     3.2676,     3.5485       
# span 8 =     3.0494,     3.3021       
# span 9 =       0.53,     100.44       
# span 10 =     -0.241,      0.842      
# span 11 =     0.1722,     0.7950      
# span 12 =     0.1115,     0.3368      
# span 13 = -1.976e-05, 2.3193e+00      
# span 14 =     0.1549,     1.1155      
# span 15 =    32.5247,    35.1454      
# span 16 =    32.5236,    35.1440      
# span 17 =    -0.0553,     0.0162      
# span 18 =    -0.0377,     0.0061      
# span 19 =    25.5231,    27.4267      
# span 20 =    25.5222,    27.4257      
# span 21 =      0.991,    231.210      
# span 22 =      0.993,    231.536      
# span 23 =    1473.97,    1485.53      
# span 24 =    1473.97,    1485.51      
# span 25 =     5.4830,     6.4681      
# span 26 =     5.5361,     6.5586      
# span 27 =     83.576,     93.535      
# span 28 =     84.385,     94.800      
# span 29 = 0.0000e+00, 0.0000e+00      
# interval = decibars: 0.5              
# start_time = Feb 03 2020 05:14:17 [NMEA time, first data scan]
# bad_flag = -9.990e-29
*END*
[from data line 97]
      17025     49.500     8.2657     8.2647    3.64526    3.64501          1     3.3068     3.0825      97.75      0.406     0.1815     0.2295  1.000e-12  0.2300000    34.9688    34.9671    -0.0017    -0.0010    27.2091    27.2079     49.036     49.120    1484.25    1484.24     5.6890     5.8090    86.6980    88.5230  0.000e+00
      17047     50.000     8.2528     8.2510    3.64414    3.64379          1     3.3273     3.0994      97.76      0.492     0.1774     0.2274  1.000e-12  0.2274000    34.9694    34.9674    -0.0020    -0.0017    27.2115    27.2102     49.532     49.616    1484.21    1484.20     5.7422     5.8637    87.4840    89.3310  0.000e+00
      17069     50.500     8.2355     8.2347    3.64255    3.64233          1     3.3457     3.1151      97.76      0.557     0.1759     0.2263  1.000e-12  0.2368000    34.9694    34.9678    -0.0016    -0.0008    27.2142    27.2130     50.027     50.111    1484.15    1484.15     5.7676     5.8870    87.8370    89.6530  0.000e+00
      17094     51.000     8.2247     8.2242    3.64161    3.64142          1     3.3606     3.1297      97.75      0.508     0.1764     0.2295  1.000e-12  0.2494000    34.9699    34.9683    -0.0016    -0.0005    27.2162    27.2150     50.522     50.607    1484.12    1484.12     5.7672     5.8830    87.8100    89.5700  0.000e+00
      17119     51.500     8.2194     8.2196    3.64133    3.64121          1     3.3676     3.1373      97.75      0.457     0.1791     0.2169  1.000e-12  0.2582000    34.9719    34.9704    -0.0015     0.0002    27.2186    27.2174     51.017     51.103    1484.11    1484.11     5.7619     5.8602    87.7200    89.2150  0.000e+00
      17141     52.000     8.2192     8.2190    3.64141    3.64126          1     3.3709     3.1402      97.74      0.513     0.1885     0.2064  1.000e-12  0.2716000    34.9728    34.9714    -0.0014    -0.0002    27.2193    27.2182     51.513     51.599    1484.12    1484.12     5.7594     5.8501    87.6820    89.0610  0.000e+00
      17161     52.500     8.2222     8.2219    3.64189    3.64173          1     3.3722     3.1416      60.51      0.578     0.1934     0.1610  1.000e-12  0.2618000    34.9746    34.9732    -0.0014    -0.0003    27.2203    27.2192     52.008     52.094    1484.14    1484.14     5.7530     5.8453    87.5920    88.9960  0.000e+00
      17183     53.000     8.2218     8.2220    3.64191    3.64180          1     3.3724     3.1426      97.12      0.581     0.1927     0.2045  1.000e-12  0.2671000    34.9750    34.9736    -0.0014     0.0002    27.2207    27.2195     52.503     52.590    1484.15    1484.15     5.7490     5.8421    87.5300    88.9470  0.000e+00
      17208     53.500     8.2245     8.2242    3.64230    3.64211          1     3.3706     3.1424      97.74      0.511     0.1819     0.2002  1.000e-12  0.2586000    34.9763    34.9745    -0.0017    -0.0002    27.2212    27.2199     52.998     53.086    1484.17    1484.17     5.7339     5.8253    87.3060    88.6960  0.000e+00
      17241     54.000     8.2243     8.2252    3.64232    3.64227          1     3.3648     3.1383      70.95      0.382     0.1742     0.1783  1.000e-12  0.3045000    34.9764    34.9750    -0.0014     0.0009    27.2214    27.2201     53.494     53.582    1484.18    1484.18     5.7105     5.7959    86.9500    88.2500  0.000e+00
      17268     54.500     8.2276     8.2283    3.64273    3.64271          1     3.3574     3.1322      97.47      0.394     0.1742     0.1753  1.000e-12  0.3075000    34.9772    34.9763    -0.0010     0.0007    27.2215    27.2207     53.989     54.078    1484.20    1484.20     5.6819     5.7575    86.5210    87.6730  0.000e+00
      17288     55.000     8.2309     8.2308    3.64334    3.64322          1     3.3498     3.1252      97.73      0.515     0.1748     0.1991  1.000e-12  0.2434000    34.9802    34.9790    -0.0012    -0.0001    27.2233    27.2224     54.484     54.573    1484.22    1484.22     5.6609     5.7350    86.2090    87.3370  0.000e+00
      17306     55.500     8.2319     8.2316    3.64362    3.64347          1     3.3428     3.1194      97.72      0.617     0.1786     0.2278  1.000e-12  0.2672000    34.9820    34.9807    -0.0013    -0.0003    27.2247    27.2236     54.979     55.069    1484.24    1484.23     5.6491     5.7300    86.0330    87.2620  0.000e+00
      17326     56.000     8.2315     8.2313    3.64393    3.64379          1     3.3364     3.1142      97.72      0.642     0.1812     0.2542  1.000e-12  0.2669000    34.9855    34.9842    -0.0014    -0.0001    27.2274    27.2264     55.474     55.565    1484.25    1484.25     5.6411     5.7276    85.9120    87.2290  0.000e+00
      17350     56.500     8.2311     8.2309    3.64404    3.64387          1     3.3300     3.1094      97.72      0.558     0.1818     0.1964  1.000e-12  0.2713000    34.9868    34.9851    -0.0017    -0.0002    27.2285    27.2272     55.970     56.061    1484.26    1484.25     5.6387     5.7300    85.8740    87.2650  0.000e+00
      17380     57.000     8.2305     8.2299    3.64407    3.64388          1     3.3276     3.1070      55.80      0.425     0.1798     0.2127  1.000e-12  0.2436000    34.9875    34.9860    -0.0014    -0.0007    27.2291    27.2281     56.465     56.556    1484.26    1484.26     5.6624     5.7577    86.2350    87.6840  0.000e+00
      17408     57.500     8.2222     8.2212    3.64370    3.64348          1     3.3331     3.1100      98.37      0.402     0.1795     0.1839  1.000e-12  0.2374000    34.9915    34.9902    -0.0013    -0.0010    27.2335    27.2327     56.960     57.052    1484.24    1484.24     5.6935     5.7895    86.6940    88.1540  0.000e+00
      17432     58.000     8.2125     8.2119    3.64299    3.64278          1     3.3386     3.1139      97.65      0.466     0.1739     0.1874  1.000e-12  0.2485000    34.9934    34.9917    -0.0017    -0.0006    27.2365    27.2353     57.455     57.548    1484.22    1484.22     5.7008     5.7992    86.7880    88.2840  0.000e+00
      17454     58.500     8.2066     8.2060    3.64250    3.64231          1     3.3415     3.1165      91.91      0.522     0.1883     0.2351  1.000e-12  0.2428000    34.9938    34.9923    -0.0015    -0.0006    27.2378    27.2367     57.951     58.044    1484.21    1484.20     5.7008     5.7947    86.7770    88.2050  0.000e+00
      17475     59.000     8.2031     8.2028    3.64223    3.64206          1     3.3435     3.1176      69.12      0.556     0.2013     0.2210  1.000e-12  0.2430000    34.9941    34.9926    -0.0015    -0.0003    27.2385    27.2374     58.446     58.539    1484.20    1484.20     5.7026     5.7888    86.7980    88.1090  0.000e+00
      17495     59.500     8.2018     8.2016    3.64221    3.64205          1     3.3448     3.1175      97.70      0.585     0.1899     0.2009  1.000e-12  0.2424000    34.9950    34.9934    -0.0016    -0.0002    27.2394    27.2382     58.941     59.035    1484.21    1484.20     5.7046     5.7834    86.8270    88.0250  0.000e+00
      17517     60.000     8.2017     8.2017    3.64235    3.64221          1     3.3461     3.1176      97.71      0.582     0.1800     0.1921  1.000e-12  0.2423000    34.9963    34.9948    -0.0015    -0.0000    27.2405    27.2393     59.436     59.531    1484.22    1484.21     5.7066     5.7913    86.8570    88.1460  0.000e+00
      17545     60.500     8.2004     8.2003    3.64243    3.64228          1     3.3472     3.1196      97.72      0.477     0.1881     0.2289  1.000e-12  0.2393000    34.9983    34.9968    -0.0015    -0.0001    27.2422    27.2410     59.932     60.027    1484.22    1484.22     5.7074     5.8035    86.8680    88.3300  0.000e+00
      17577     61.000     8.1975     8.1969    3.64230    3.64211          1     3.3481     3.1215      97.71      0.367     0.2050     0.2652  1.000e-12  0.2314000    34.9995    34.9981    -0.0014    -0.0006    27.2436    27.2426     60.427     60.522    1484.22    1484.22     5.7061     5.7976    86.8440    88.2330  0.000e+00
      17602     61.500     8.1961     8.1957    3.64224    3.64203          1     3.3473     3.1205      97.72      0.421     0.1855     0.2077  1.000e-12  0.2588000    35.0000    34.9983    -0.0018    -0.0004    27.2442    27.2429     60.922     61.018    1484.22    1484.22     5.7035     5.7802    86.8010    87.9670  0.000e+00
      17621     62.000     8.1956     8.1954    3.64220    3.64205          1     3.3475     3.1188      97.72      0.539     0.1867     0.2120  1.000e-12  0.2396000    34.9998    34.9984    -0.0014    -0.0002    27.2442    27.2431     61.417     61.514    1484.23    1484.23     5.7078     5.7805    86.8660    87.9710  0.000e+00
      17639     62.500     8.1956     8.1953    3.64235    3.64221          1     3.3479     3.1185      97.72      0.637     0.1925     0.2344  1.000e-12  0.2323000    35.0012    34.9999    -0.0012    -0.0003    27.2452    27.2442     61.913     62.010    1484.24    1484.24     5.7099     5.7928    86.8990    88.1580  0.000e+00
      17658     63.000     8.1930     8.1924    3.64221    3.64202          1     3.3484     3.1196      97.71      0.672     0.1915     0.1803  1.000e-12  0.2368000    35.0020    35.0006    -0.0014    -0.0006    27.2463    27.2453     62.408     62.506    1484.24    1484.24     5.7170     5.8106    87.0020    88.4240  0.000e+00
      17687     63.500     8.1901     8.1917    3.64194    3.64192          1     3.3514     3.1239      97.67      0.495     0.1908     0.2090  1.000e-12  0.2295000    35.0018    35.0001    -0.0017     0.0016    27.2465    27.2450     62.903     63.001    1484.24    1484.24     5.7227     5.8279    87.0830    88.6860  0.000e+00
      17726     64.000     8.1851     8.1856    3.64148    3.64135          1     3.3527     3.1284      97.17      0.272     0.1929     0.2119  1.000e-12  0.2223000    35.0016    34.9997    -0.0018     0.0005    27.2471    27.2456     63.398     63.497    1484.23    1484.23     5.7263     5.8303    87.1280    88.7100  0.000e+00
      17748     64.500     8.1781     8.1785    3.64117    3.64105          1     3.3542     3.1293      97.73      0.414     0.1913     0.2220  1.000e-12  0.2588000    35.0051    35.0033    -0.0018     0.0004    27.2509    27.2495     63.893     63.993    1484.21    1484.21     5.7225     5.8118    87.0580    88.4160  0.000e+00
      17765     65.000     8.1708     8.1709    3.64073    3.64059          1     3.3527     3.1277      97.72      0.584     0.1976     0.2218  1.000e-12  0.2923000    35.0073    35.0059    -0.0014     0.0000    27.2538    27.2527     64.389     64.489    1484.20    1484.19     5.7110     5.7983    86.8700    88.1980  0.000e+00
      17780     65.500     8.1608     8.1616    3.63988    3.63979          1     3.3505     3.1258      97.71      0.710     0.2035     0.2299  1.000e-12  0.3394000    35.0080    35.0063    -0.0017     0.0008    27.2559    27.2544     64.884     64.984    1484.16    1484.17     5.7060     5.7943    86.7760    88.1180  0.000e+00
      17798     66.000     8.1602     8.1600    3.64001    3.63984          1     3.3483     3.1239      97.72      0.736     0.1949     0.2308  1.000e-12  0.2565000    35.0098    35.0082    -0.0016    -0.0002    27.2574    27.2561     65.379     65.480    1484.17    1484.17     5.7021     5.7927    86.7170    88.0920  0.000e+00
      17827     66.500     8.1589     8.1592    3.64006    3.63995          1     3.3457     3.1220      97.71      0.524     0.1970     0.2214  1.000e-12  0.2143000    35.0114    35.0099    -0.0015     0.0003    27.2588    27.2576     65.874     65.976    1484.18    1484.18     5.7036     5.7964    86.7370    88.1480  0.000e+00
      17870     67.000     8.1557     8.1595    3.63988    3.63995          1     3.3429     3.1198      89.39      0.248     0.1844     0.2317  1.000e-12  0.2083000    35.0124    35.0094    -0.0030     0.0037    27.2601    27.2572     66.369     66.472    1484.18    1484.19     5.6928     5.7805    86.5670    87.9070  0.000e+00
      17895     67.500     8.1463     8.1460    3.63918    3.63900          1     3.3397     3.1157      26.53      0.379     0.1933     0.2389  1.000e-12  0.2397000    35.0141    35.0125    -0.0016    -0.0003    27.2628    27.2616     66.865     66.967    1484.15    1484.15     5.6978     5.7758    86.6260    87.8110  0.000e+00
      17912     68.000     8.1450     8.1448    3.63923    3.63907          1     3.3411     3.1155      70.13      0.543     0.1973     0.1963  1.000e-12  0.2416000    35.0156    35.0141    -0.0015    -0.0002    27.2642    27.2631     67.360     67.463    1484.16    1484.16     5.7263     5.8142    87.0580    88.3930  0.000e+00
      17928     68.500     8.1446     8.1440    3.63930    3.63910          1     3.3466     3.1192      82.19      0.671     0.2057     0.1766  1.000e-12  0.2061000    35.0165    35.0149    -0.0016    -0.0006    27.2650    27.2639     67.855     67.959    1484.17    1484.16     5.7591     5.8522    87.5550    88.9690  0.000e+00
      17944     69.000     8.1407     8.1402    3.63914    3.63896          1     3.3543     3.1245      94.57      0.743     0.1943     0.2373  1.000e-12  0.2110000    35.0185    35.0171    -0.0014    -0.0006    27.2671    27.2661     68.350     68.455    1484.16    1484.16     5.7847     5.8741    87.9390    89.2960  0.000e+00
      17963     69.500     8.1304     8.1298    3.63859    3.63839          1     3.3635     3.1305      97.53      0.719     0.1933     0.2136  1.000e-12  0.2554000    35.0226    35.0210    -0.0016    -0.0006    27.2719    27.2708     68.846     68.950    1484.14    1484.13     5.8028     5.8934    88.1950    89.5710  0.000e+00
      17993     70.000     8.1136     8.1159    3.63750    3.63755          1     3.3760     3.1413      97.60      0.497     0.2035     0.2212  1.000e-12  0.2372000    35.0275    35.0258    -0.0017     0.0023    27.2783    27.2766     69.341     69.446    1484.09    1484.09     5.8319     5.9315    88.6070    90.1240  0.000e+00
      18036     70.500     8.1084     8.1090    3.63731    3.63729          1     3.3957     3.1606      97.60      0.246     0.1957     0.1944  1.000e-12  0.2064000    35.0304    35.0296    -0.0008     0.0006    27.2814    27.2806     69.836     69.942    1484.08    1484.08     5.8765     5.9928    89.2770    91.0440  0.000e+00
      18062     71.000     8.1050     8.1038    3.63784    3.63760          1     3.4062     3.1713      97.57      0.375     0.2051     0.1965  1.000e-12  0.1811000    35.0392    35.0379    -0.0013    -0.0012    27.2889    27.2880     70.331     70.438    1484.09    1484.08     5.8895     5.9934    89.4720    91.0470  0.000e+00
      18081     71.500     8.0961     8.0961    3.63764    3.63748          1     3.4120     3.1766      97.10      0.528     0.2100     0.1766  1.000e-12  0.1705000    35.0458    35.0441    -0.0017    -0.0000    27.2953    27.2941     70.826     70.933    1484.07    1484.07     5.8971     5.9977    89.5740    91.1010  0.000e+00
      18099     72.000     8.0947     8.0945    3.63769    3.63752          1     3.4167     3.1813      96.86      0.638     0.2156     0.1769  1.000e-12  0.1758000    35.0474    35.0459    -0.0016    -0.0002    27.2969    27.2957     71.322     71.429    1484.07    1484.07     5.9016     6.0016    89.6400    91.1570  0.000e+00
      18118     72.500     8.0938     8.0934    3.63789    3.63782          1     3.4203     3.1846      96.90      0.674     0.2098     0.1968  1.000e-12  0.1799000    35.0503    35.0499    -0.0004    -0.0004    27.2993    27.2990     71.817     71.925    1484.08    1484.08     5.9037     5.9969    89.6710    91.0870  0.000e+00
      18141     73.000     8.0923     8.0922    3.63842    3.63829          1     3.4237     3.1875      75.05      0.589     0.2071     0.2156  1.000e-12  0.1747000    35.0573    35.0559    -0.0013    -0.0001    27.3049    27.3039     72.312     72.421    1484.09    1484.09     5.9056     5.9961    89.7010    91.0750  0.000e+00
