ctdpy/tests/etc/exprapp_feb_2020/SBE09_1387_20200213_0109_77_10_0144.cnv
* Sea-Bird SBE 9 Data File:
* FileName = L:\2020\sv20d0144.hex
* Software Version Seasave V 7.26.7.121
* Temperature SN = 6378
* Conductivity SN = 4824
* Number of Bytes Per Scan = 41
* Number of Voltage Words = 4
* Number of Scans Averaged by the Deck Unit = 1
* NMEA Latitude = 58 01.04 N
* NMEA Longitude = 017 59.14 E
* NMEA UTC (Time) = Feb 13 2020  01:09:39
* NMEA baud rate = 4800
** Station:  BY32
** Operator:  SSip
** Ship: SVEA
** Average sound velocity: 1442.51 m/s
** True-depth calculation Thu, 13 Feb 2020 02:07:55 +0000
** CTD Python Module SMHI /ver 3-12/ feb 2012 
** LIMS Job: 20207710-0144
** Cruise: SMHI-02-2020
** Latitude [GG MM.mm N] :
** Longitude [GGG MM.mm E]:
# nquan = 30
# nvalues = 397                         
# units = specified
# name 0 = scan: Scan Count
# name 1 = prDM: Pressure, Digiquartz [db]
# name 2 = t090C: Temperature [ITS-90, deg C]
# name 3 = t190C: Temperature, 2 [ITS-90, deg C]
# name 4 = c0S/m: Conductivity [S/m]
# name 5 = c1S/m: Conductivity, 2 [S/m]
# name 6 = pumps: Pump Status
# name 7 = sbeox0V: Oxygen raw, SBE 43 [V]
# name 8 = sbeox1V: Oxygen raw, SBE 43, 2 [V]
# name 9 = altM: Altimeter [m]
# name 10 = dz/dtM: Descent Rate [m/s]
# name 11 = flECO-AFL: Chl-a Fluorescence, WET Labs ECO-AFL/FL [mg/m^3]
# name 12 = flECO-AFL1: Phycocyanin Fluorescence, WET Labs ECO-AFL/FL, 2 [mg/m^3]
# name 13 = par: PAR/Irradiance, Biospherical/Lico [µE/(cm^2*s)]
# name 14 = turbWETntu0: Turbidity, WET Labs ECO [NTU]
# name 15 = sal00: Salinity, Practical [PSU]
# name 16 = sal11: Salinity, Practical, 2 [PSU]
# name 17 = secS-priS: Salinity, Practical, Difference, 2 - 1 [PSU]
# name 18 = T2-T190C: Temperature Difference, 2 - 1 [ITS-90, deg C]
# name 19 = sigma-t00: Density [sigma-t, kg/m^3 ]
# name 20 = sigma-t11: Density, 2 [sigma-t, kg/m^3 ]
# name 21 = depSM: Depth [salt water, m], lat = 58.0173
# name 22 = depFM: Depth [true depth, m], lat = 58.0173
# name 23 = svCM: Sound Velocity [Chen-Millero, m/s]
# name 24 = svCM1: Sound Velocity, 2 [Chen-Millero, m/s]
# name 25 = sbeox0ML/L: Oxygen, SBE 43 [ml/l], WS = 2
# name 26 = sbeox1ML/L: Oxygen, SBE 43, 2 [ml/l], WS = 2
# name 27 = sbeox0PS: Oxygen, SBE 43 [% saturation], WS = 2
# name 28 = sbeox1PS: Oxygen, SBE 43, 2 [% saturation], WS = 2
# name 29 = flag: flag
# span 0 =      14480,      27914       
# span 1 =      2.000,    200.000       
# span 2 =     4.7125,     5.8967       
# span 3 =     4.7124,     5.8963       
# span 4 =   0.780727,   1.160384       
# span 5 =   0.780792,   1.160492       
# span 6 =          1,          1       
# span 7 =     0.7392,     3.4820       
# span 8 =     0.7229,     3.2499       
# span 9 =       2.40,      98.68       
# span 10 =     -0.711,      1.015      
# span 11 =     0.3222,     0.4619      
# span 12 =     0.1268,     0.2831      
# span 13 = 1.0000e-12, 1.0977e+00      
# span 14 =     0.1034,     1.4770      
# span 15 =     7.2477,    10.6857      
# span 16 =     7.2484,    10.6868      
# span 17 =    -0.1385,     0.0237      
# span 18 =    -0.0692,     0.0069      
# span 19 =     5.7405,     8.3996      
# span 20 =     5.7410,     8.4005      
# span 21 =      1.981,    198.050      
# span 22 =      2.025,    202.172      
# span 23 =    1434.28,    1446.93      
# span 24 =    1434.28,    1446.93      
# span 25 =     0.0395,     7.8371      
# span 26 =     0.0677,     7.9759      
# span 27 =      0.486,     91.377      
# span 28 =      0.832,     93.002      
# span 29 = 0.0000e+00, 0.0000e+00      
# interval = decibars: 0.5              
# start_time = Feb 13 2020 01:09:40 [NMEA time, first data scan]
# bad_flag = -9.990e-29
*END*
[from data line 194]
      20299     99.000     5.8152     5.8152    1.14142    1.14158          1     0.7466     0.7354      24.41      0.723     0.4322     0.2024  1.000e-12  0.6136000    10.5399    10.5415     0.0016     0.0000     8.2897     8.2910     98.059    100.154    1444.78    1444.79     0.0575     0.1046     0.7050     1.2820  0.000e+00
      20310     99.500     5.8167     5.8163    1.14174    1.14181          1     0.7465     0.7354      37.21      0.905     0.4312     0.2351  1.000e-12  0.6089000    10.5425    10.5434     0.0009    -0.0004     8.2917     8.2924     98.554    100.659    1444.80    1444.80     0.0581     0.1029     0.7120     1.2610  0.000e+00
      20323    100.000     5.8184     5.8175    1.14215    1.14211          1     0.7465     0.7352      95.05      1.001     0.4312     0.2345  1.000e-12  0.6025000    10.5460    10.5458    -0.0002    -0.0009     8.2943     8.2942     99.049    101.164    1444.82    1444.82     0.0584     0.1031     0.7160     1.2630  0.000e+00
      20342    100.500     5.8201     5.8198    1.14258    1.14262          1     0.7466     0.7352      96.46      0.869     0.4493     0.2351  1.000e-12  0.5790000    10.5496    10.5501     0.0005    -0.0004     8.2971     8.2975     99.544    101.669    1444.84    1444.84     0.0593     0.1040     0.7260     1.2750  0.000e+00
      20410    101.000     5.8197     5.8182    1.14251    1.14231          1     0.7464     0.7347      96.56      0.140     0.4389     0.2172  1.000e-12  0.5523000    10.5490    10.5475    -0.0015    -0.0015     8.2966     8.2955    100.039    102.174    1444.85    1444.84     0.0580     0.1029     0.7110     1.2610  0.000e+00
      20441    101.500     5.8234     5.8238    1.14335    1.14358          1     0.7463     0.7346      96.47      0.339     0.4447     0.2519  1.000e-12  0.5517000    10.5561    10.5584     0.0022     0.0004     8.3020     8.3037    100.535    102.679    1444.88    1444.88     0.0579     0.1003     0.7100     1.2290  0.000e+00
      20467    102.000     5.8295     5.8295    1.14475    1.14487          1     0.7462     0.7342      96.49      0.453     0.4429     0.1887  1.000e-12  0.5656000    10.5681    10.5693     0.0012    -0.0000     8.3111     8.3120    101.030    103.184    1444.93    1444.93     0.0577     0.1003     0.7070     1.2290  0.000e+00
      20489    102.500     5.8305     5.8303    1.14493    1.14504          1     0.7462     0.7343      96.50      0.495     0.4440     0.2187  1.000e-12  0.5392000    10.5695    10.5706     0.0011    -0.0002     8.3121     8.3130    101.525    103.689    1444.94    1444.94     0.0584     0.1016     0.7160     1.2460  0.000e+00
      20509    103.000     5.8308     5.8306    1.14501    1.14510          1     0.7463     0.7343      96.51      0.552     0.4376     0.2426  1.000e-12  0.5305000    10.5701    10.5711     0.0010    -0.0002     8.3125     8.3134    102.020    104.194    1444.95    1444.95     0.0580     0.1017     0.7110     1.2480  0.000e+00
      20527    103.500     5.8312     5.8310    1.14508    1.14518          1     0.7462     0.7343      96.52      0.624     0.4314     0.2604  1.000e-12  0.5328000    10.5706    10.5717     0.0010    -0.0002     8.3130     8.3138    102.515    104.699    1444.96    1444.96     0.0572     0.1014     0.7010     1.2430  0.000e+00
      20544    104.000     5.8315     5.8313    1.14515    1.14526          1     0.7462     0.7342      96.53      0.681     0.4318     0.2354  1.000e-12  0.5339000    10.5711    10.5723     0.0012    -0.0002     8.3133     8.3143    103.010    105.204    1444.97    1444.97     0.0577     0.1007     0.7080     1.2350  0.000e+00
      20567    104.500     5.8318     5.8316    1.14525    1.14534          1     0.7462     0.7342      96.53      0.625     0.4316     0.2372  1.000e-12  0.5248000    10.5719    10.5729     0.0010    -0.0002     8.3139     8.3148    103.505    105.709    1444.98    1444.98     0.0572     0.1011     0.7010     1.2390  0.000e+00
      20615    105.000     5.8318     5.8317    1.14526    1.14537          1     0.7459     0.7340      93.24      0.260     0.4442     0.2258  1.000e-12  0.5163000    10.5720    10.5731     0.0011    -0.0001     8.3140     8.3149    104.000    106.215    1444.99    1444.99     0.0571     0.1003     0.7010     1.2300  0.000e+00
      20650    105.500     5.8322     5.8321    1.14535    1.14546          1     0.7459     0.7339      56.78      0.281     0.4440     0.2375  1.000e-12  0.5099000    10.5726    10.5738     0.0012    -0.0001     8.3144     8.3154    104.496    106.720    1445.00    1445.00     0.0563     0.0980     0.6910     1.2020  0.000e+00
      20669    106.000     5.8327     5.8324    1.14545    1.14555          1     0.7458     0.7337      96.50      0.498     0.4434     0.2136  1.000e-12  0.5283000    10.5734    10.5744     0.0010    -0.0003     8.3150     8.3159    104.991    107.225    1445.01    1445.01     0.0562     0.0971     0.6890     1.1900  0.000e+00
      20688    106.500     5.8331     5.8329    1.14555    1.14565          1     0.7457     0.7335      96.51      0.634     0.4344     0.1896  1.000e-12  0.5199000    10.5742    10.5752     0.0010    -0.0002     8.3157     8.3164    105.486    107.730    1445.02    1445.02     0.0565     0.0992     0.6930     1.2170  0.000e+00
      20727    107.000     5.8331     5.8330    1.14558    1.14567          1     0.7457     0.7336      96.53      0.373     0.4281     0.2165  1.000e-12  0.5239000    10.5744    10.5754     0.0010    -0.0002     8.3158     8.3166    105.981    108.235    1445.03    1445.03     0.0564     0.0988     0.6910     1.2120  0.000e+00
      20768    107.500     5.8333     5.8332    1.14562    1.14573          1     0.7457     0.7330      96.49      0.225     0.4223     0.2406  1.000e-12  0.5037000    10.5747    10.5758     0.0011    -0.0000     8.3160     8.3169    106.476    108.740    1445.04    1445.04     0.0564     0.0948     0.6910     1.1630  0.000e+00
      20783    108.000     5.8337     5.8335    1.14571    1.14581          1     0.7456     0.7332      96.26      0.474     0.4198     0.2395  1.000e-12  0.5135000    10.5753    10.5764     0.0011    -0.0003     8.3165     8.3173    106.971    109.245    1445.05    1445.05     0.0557     0.0978     0.6830     1.1990  0.000e+00
      20797    108.500     5.8341     5.8337    1.14579    1.14587          1     0.7455     0.7330      95.94      0.690     0.4190     0.2240  1.000e-12  0.5222000    10.5760    10.5769     0.0009    -0.0004     8.3170     8.3177    107.466    109.750    1445.06    1445.06     0.0549     0.0972     0.6730     1.1910  0.000e+00
      20811    109.000     5.8343     5.8340    1.14586    1.14596          1     0.7454     0.7330      95.51      0.831     0.4279     0.2061  1.000e-12  0.5186000    10.5764    10.5775     0.0011    -0.0003     8.3173     8.3182    107.961    110.255    1445.07    1445.07     0.0551     0.0979     0.6760     1.2000  0.000e+00
      20834    109.500     5.8344     5.8343    1.14591    1.14605          1     0.7455     0.7330      95.00      0.720     0.4313     0.2515  1.000e-12  0.5154000    10.5768    10.5782     0.0015    -0.0001     8.3176     8.3188    108.456    110.760    1445.08    1445.08     0.0563     0.0983     0.6910     1.2050  0.000e+00
      20893    110.000     5.8348     5.8351    1.14603    1.14623          1     0.7454     0.7329      94.14      0.119     0.4312     0.2659  1.000e-12  0.4834000    10.5778    10.5797     0.0020     0.0003     8.3183     8.3199    108.951    111.265    1445.09    1445.09     0.0551     0.0971     0.6750     1.1910  0.000e+00
      20913    110.500     5.8372     5.8371    1.14661    1.14675          1     0.7453     0.7330      93.80      0.392     0.4318     0.2391  1.000e-12  0.4989000    10.5827    10.5842     0.0015    -0.0001     8.3221     8.3233    109.447    111.770    1445.12    1445.12     0.0543     0.0985     0.6660     1.2080  0.000e+00
      20930    111.000     5.8386     5.8384    1.14699    1.14710          1     0.7451     0.7330      93.35      0.592     0.4374     0.2392  1.000e-12  0.4993000    10.5860    10.5872     0.0011    -0.0002     8.3247     8.3255    109.942    112.275    1445.14    1445.14     0.0549     0.0974     0.6730     1.1940  0.000e+00
      20951    111.500     5.8392     5.8389    1.14714    1.14724          1     0.7453     0.7329      95.64      0.644     0.4399     0.2376  1.000e-12  0.4891000    10.5873    10.5883     0.0011    -0.0003     8.3256     8.3264    110.437    112.780    1445.15    1445.15     0.0557     0.0975     0.6830     1.1950  0.000e+00
      20991    112.000     5.8395     5.8389    1.14720    1.14721          1     0.7452     0.7327      93.00      0.325     0.4304     0.2282  1.000e-12  0.4809000    10.5877    10.5879     0.0002    -0.0006     8.3259     8.3261    110.932    113.285    1445.16    1445.15     0.0546     0.0961     0.6700     1.1780  0.000e+00
      21023    112.500     5.8411     5.8407    1.14756    1.14763          1     0.7450     0.7327      95.82      0.316     0.4209     0.1461  1.000e-12  0.4770000    10.5906    10.5914     0.0008    -0.0004     8.3281     8.3288    111.427    113.791    1445.17    1445.17     0.0541     0.0964     0.6640     1.1820  0.000e+00
      21043    113.000     5.8418     5.8414    1.14770    1.14780          1     0.7451     0.7326      94.19      0.497     0.4444     0.1878  1.000e-12  0.4696000    10.5917    10.5928     0.0011    -0.0003     8.3289     8.3298    111.922    114.296    1445.19    1445.19     0.0550     0.0948     0.6750     1.1620  0.000e+00
      21065    113.500     5.8434     5.8432    1.14804    1.14816          1     0.7450     0.7324      92.07      0.582     0.4335     0.2096  1.000e-12  0.4755000    10.5946    10.5958     0.0012    -0.0002     8.3311     8.3320    112.417    114.801    1445.20    1445.21     0.0544     0.0951     0.6670     1.1670  0.000e+00
      21098    114.000     5.8444     5.8441    1.14826    1.14834          1     0.7450     0.7323      90.49      0.409     0.4441     0.2281  1.000e-12  0.4754000    10.5964    10.5972     0.0009    -0.0002     8.3324     8.3331    112.912    115.306    1445.22    1445.22     0.0546     0.0941     0.6700     1.1550  0.000e+00
      21135    114.500     5.8457     5.8454    1.14850    1.14859          1     0.7448     0.7320      89.52      0.298     0.4364     0.2600  1.000e-12  0.4586000    10.5982    10.5992     0.0010    -0.0003     8.3338     8.3346    113.407    115.811    1445.24    1445.24     0.0531     0.0936     0.6520     1.1490  0.000e+00
      21158    115.000     5.8467     5.8463    1.14867    1.14876          1     0.7448     0.7319      88.33      0.426     0.4403     0.2311  1.000e-12  0.4606000    10.5995    10.6006     0.0011    -0.0004     8.3348     8.3356    113.902    116.316    1445.25    1445.25     0.0533     0.0943     0.6540     1.1570  0.000e+00
      21176    115.500     5.8473     5.8470    1.14883    1.14893          1     0.7447     0.7320      87.12      0.572     0.4400     0.2061  1.000e-12  0.4648000    10.6009    10.6019     0.0011    -0.0004     8.3358     8.3366    114.397    116.821    1445.26    1445.26     0.0541     0.0948     0.6640     1.1630  0.000e+00
      21195    116.000     5.8474     5.8471    1.14886    1.14895          1     0.7449     0.7319      91.20      0.649     0.4315     0.2578  1.000e-12  0.4677000    10.6010    10.6020     0.0010    -0.0003     8.3359     8.3367    114.893    117.326    1445.27    1445.27     0.0547     0.0938     0.6700     1.1510  0.000e+00
      21224    116.500     5.8474     5.8472    1.14888    1.14896          1     0.7447     0.7318      61.03      0.498     0.4309     0.2509  1.000e-12  0.4576000    10.6011    10.6020     0.0010    -0.0003     8.3360     8.3367    115.388    117.831    1445.28    1445.28     0.0528     0.0941     0.6480     1.1550  0.000e+00
      21259    117.000     5.8476     5.8473    1.14892    1.14900          1     0.7445     0.7318      87.94      0.313     0.4396     0.2302  1.000e-12  0.4570000    10.6014    10.6022     0.0009    -0.0003     8.3362     8.3369    115.883    118.336    1445.29    1445.29     0.0536     0.0944     0.6580     1.1580  0.000e+00
      21284    117.500     5.8477     5.8474    1.14895    1.14903          1     0.7447     0.7318      79.31      0.421     0.4354     0.2064  1.000e-12  0.4573000    10.6015    10.6025     0.0010    -0.0003     8.3363     8.3371    116.378    118.841    1445.30    1445.30     0.0536     0.0944     0.6580     1.1590  0.000e+00
      21307    118.000     5.8479     5.8476    1.14898    1.14907          1     0.7445     0.7318      58.23      0.514     0.4407     0.1909  1.000e-12  0.4570000    10.6017    10.6027     0.0010    -0.0003     8.3364     8.3373    116.873    119.346    1445.31    1445.31     0.0530     0.0944     0.6500     1.1590  0.000e+00
      21339    118.500     5.8483     5.8480    1.14908    1.14916          1     0.7444     0.7318      84.27      0.428     0.4361     0.2432  1.000e-12  0.4563000    10.6025    10.6034     0.0009    -0.0003     8.3370     8.3377    117.368    119.851    1445.32    1445.32     0.0527     0.0941     0.6460     1.1550  0.000e+00
      21377    119.000     5.8488     5.8485    1.14916    1.14925          1     0.7443     0.7318      90.38      0.291     0.4386     0.2285  1.000e-12  0.4536000    10.6031    10.6041     0.0010    -0.0003     8.3374     8.3382    117.863    120.356    1445.33    1445.33     0.0521     0.0947     0.6390     1.1620  0.000e+00
      21401    119.500     5.8498     5.8495    1.14935    1.14945          1     0.7443     0.7318      93.94      0.400     0.4361     0.2371  1.000e-12  0.4597000    10.6045    10.6056     0.0012    -0.0003     8.3385     8.3394    118.358    120.861    1445.34    1445.34     0.0525     0.0934     0.6440     1.1450  0.000e+00
      21419    120.000     5.8511     5.8507    1.14952    1.14962          1     0.7441     0.7317      84.72      0.552     0.4458     0.2356  1.000e-12  0.4632000    10.6057    10.6069     0.0012    -0.0004     8.3394     8.3403    118.853    121.366    1445.36    1445.36     0.0516     0.0933     0.6330     1.1450  0.000e+00
      21437    120.500     5.8534     5.8529    1.14983    1.14993          1     0.7441     0.7317      84.07      0.665     0.4317     0.2363  1.000e-12  0.4640000    10.6080    10.6091     0.0012    -0.0005     8.3410     8.3420    119.348    121.872    1445.38    1445.38     0.0527     0.0931     0.6470     1.1430  0.000e+00
      21478    121.000     5.8539     5.8530    1.14992    1.14993          1     0.7443     0.7315      83.35      0.420     0.4349     0.2008  1.000e-12  0.4531000    10.6086    10.6091     0.0004    -0.0008     8.3415     8.3419    119.843    122.377    1445.39    1445.39     0.0529     0.0929     0.6490     1.1400  0.000e+00
      21537    121.500     5.8541     5.8517    1.15000    1.14978          1     0.7440     0.7312      82.84      0.152     0.4228     0.2113  1.000e-12  0.4267000    10.6093    10.6079    -0.0014    -0.0025     8.3420     8.3411    120.338    122.882    1445.40    1445.38     0.0513     0.0892     0.6300     1.0950  0.000e+00
      21551    122.000     5.8581     5.8574    1.15084    1.15090          1     0.7441     0.7310      82.39      0.455     0.4237     0.2068  1.000e-12  0.4417000    10.6163    10.6172     0.0009    -0.0007     8.3473     8.3480    120.834    123.387    1445.43    1445.43     0.0521     0.0918     0.6390     1.1260  0.000e+00
