ctdpy/tests/etc/exprapp_feb_2020/SBE09_1387_20200211_0511_77_10_0140.cnv
* Sea-Bird SBE 9 Data File:
* FileName = L:\2020\sv20d0140.hex
* Software Version Seasave V 7.26.7.121
* Temperature SN = 6378
* Conductivity SN = 4824
* Number of Bytes Per Scan = 41
* Number of Voltage Words = 4
* Number of Scans Averaged by the Deck Unit = 1
* NMEA Latitude = 59 02.08 N
* NMEA Longitude = 021 06.12 E
* NMEA UTC (Time) = Feb 11 2020  05:11:02
* NMEA baud rate = 4800
** Station:  BY28
** Operator:  SSip
** Ship: SVEA
** Average sound velocity: 1443.90 m/s
** True-depth calculation Tue, 11 Feb 2020 06:26:08 +0000
** CTD Python Module SMHI /ver 3-12/ feb 2012 
** LIMS Job: 20207710-0140
** Cruise: SMHI-03-2020
** Latitude [GG MM.mm N] :
** Longitude [GGG MM.mm E]:
# nquan = 30
# nvalues = 399                         
# units = specified
# name 0 = scan: Scan Count
# name 1 = prDM: Pressure, Digiquartz [db]
# name 2 = t090C: Temperature [ITS-90, deg C]
# name 3 = t190C: Temperature, 2 [ITS-90, deg C]
# name 4 = c0S/m: Conductivity [S/m]
# name 5 = c1S/m: Conductivity, 2 [S/m]
# name 6 = pumps: Pump Status
# name 7 = sbeox0V: Oxygen raw, SBE 43 [V]
# name 8 = sbeox1V: Oxygen raw, SBE 43, 2 [V]
# name 9 = altM: Altimeter [m]
# name 10 = dz/dtM: Descent Rate [m/s]
# name 11 = flECO-AFL: Chl-a Fluorescence, WET Labs ECO-AFL/FL [mg/m^3]
# name 12 = flECO-AFL1: Phycocyanin Fluorescence, WET Labs ECO-AFL/FL, 2 [mg/m^3]
# name 13 = par: PAR/Irradiance, Biospherical/Lico [µE/(cm^2*s)]
# name 14 = turbWETntu0: Turbidity, WET Labs ECO [NTU]
# name 15 = sal00: Salinity, Practical [PSU]
# name 16 = sal11: Salinity, Practical, 2 [PSU]
# name 17 = secS-priS: Salinity, Practical, Difference, 2 - 1 [PSU]
# name 18 = T2-T190C: Temperature Difference, 2 - 1 [ITS-90, deg C]
# name 19 = sigma-t00: Density [sigma-t, kg/m^3 ]
# name 20 = sigma-t11: Density, 2 [sigma-t, kg/m^3 ]
# name 21 = depSM: Depth [salt water, m], lat = 59.0347
# name 22 = depFM: Depth [true depth, m], lat = 59.0347
# name 23 = svCM: Sound Velocity [Chen-Millero, m/s]
# name 24 = svCM1: Sound Velocity, 2 [Chen-Millero, m/s]
# name 25 = sbeox0ML/L: Oxygen, SBE 43 [ml/l], WS = 2
# name 26 = sbeox1ML/L: Oxygen, SBE 43, 2 [ml/l], WS = 2
# name 27 = sbeox0PS: Oxygen, SBE 43 [% saturation], WS = 2
# name 28 = sbeox1PS: Oxygen, SBE 43, 2 [% saturation], WS = 2
# name 29 = flag: flag
# span 0 =      31827,      42462       
# span 1 =      4.000,    203.000       
# span 2 =     4.9268,     6.5305       
# span 3 =     4.9261,     6.5303       
# span 4 =   0.760146,   1.242667       
# span 5 =   0.760372,   1.242747       
# span 6 =          1,          1       
# span 7 =     0.7420,     3.5086       
# span 8 =     0.7267,     3.2744       
# span 9 =       3.78,     111.88       
# span 10 =     -0.381,      1.714      
# span 11 =     0.3207,     0.4805      
# span 12 =     0.1327,     0.3093      
# span 13 = -1.761e-05, 4.8217e-01      
# span 14 =     0.1448,     7.8849      
# span 15 =     6.9976,    11.2944      
# span 16 =     6.9999,    11.2954      
# span 17 =    -0.1158,     0.2926      
# span 18 =    -0.0194,     0.0346      
# span 19 =     5.5349,     8.8361      
# span 20 =     5.5367,     8.8369      
# span 21 =      3.962,    201.003      
# span 22 =      4.052,    205.243      
# span 23 =    1434.93,    1450.43      
# span 24 =    1434.93,    1450.43      
# span 25 =     0.0456,     7.8827      
# span 26 =     0.0753,     8.0264      
# span 27 =      0.572,     92.254      
# span 28 =      0.928,     93.938      
# span 29 = 0.0000e+00, 0.0000e+00      
# interval = decibars: 0.5              
# start_time = Feb 11 2020 05:11:02 [NMEA time, first data scan]
# bad_flag = -9.990e-29
*END*
[from data line 242]
      38119    125.000     6.4616     6.4604    1.22544    1.22538          1     0.7495     0.7386      96.98      0.942     0.4313     0.2387  1.000e-12  0.9678000    11.1618    11.1615    -0.0003    -0.0011     8.7368     8.7366    123.794    126.491    1448.72    1448.72     0.0645     0.1113     0.8060     1.3920  0.000e+00
      38132    125.500     6.4624     6.4621    1.22567    1.22579          1     0.7495     0.7383      84.87      1.029     0.4328     0.2327  1.000e-12  0.9474000    11.1636    11.1649     0.0013    -0.0003     8.7381     8.7392    124.289    126.996    1448.74    1448.74     0.0652     0.1118     0.8150     1.3970  0.000e+00
      38175    126.000     6.4616     6.4597    1.22550    1.22514          1     0.7493     0.7382      58.02      0.614     0.4372     0.2165  1.000e-12  0.8272000    11.1621    11.1592    -0.0029    -0.0019     8.7370     8.7349    124.784    127.501    1448.74    1448.73     0.0648     0.1090     0.8100     1.3620  0.000e+00
      38238    126.500     6.4601     6.4601    1.22501    1.22527          1     0.7488     0.7375      82.62      0.268     0.4296     0.2107  1.000e-12  0.8430000    11.1577    11.1603     0.0026     0.0001     8.7336     8.7357    125.279    128.006    1448.73    1448.74     0.0632     0.1087     0.7900     1.3590  0.000e+00
      38252    127.000     6.4626     6.4618    1.22570    1.22573          1     0.7489     0.7375      85.13      0.562     0.4302     0.2220  1.000e-12  0.8851000    11.1637    11.1642     0.0005    -0.0007     8.7381     8.7386    125.774    128.511    1448.76    1448.76     0.0628     0.1095     0.7860     1.3680  0.000e+00
      38265    127.500     6.4685     6.4677    1.22721    1.22723          1     0.7490     0.7375      97.09      0.763     0.4398     0.2437  1.000e-12  0.8238000    11.1765    11.1769     0.0004    -0.0008     8.7478     8.7482    126.269    129.015    1448.81    1448.81     0.0632     0.1094     0.7910     1.3680  0.000e+00
      38278    128.000     6.4691     6.4704    1.22731    1.22784          1     0.7486     0.7375      96.96      0.885     0.4422     0.2819  1.000e-12  0.8117000    11.1772    11.1820     0.0048     0.0013     8.7483     8.7520    126.764    129.520    1448.82    1448.83     0.0626     0.1093     0.7820     1.3680  0.000e+00
      38294    128.500     6.4709     6.4708    1.22782    1.22797          1     0.7485     0.7375      92.39      0.885     0.4317     0.2547  1.000e-12  0.7959000    11.1814    11.1830     0.0016    -0.0001     8.7516     8.7528    127.259    130.025    1448.84    1448.84     0.0628     0.1079     0.7850     1.3490  0.000e+00
      38326    129.000     6.4716     6.4715    1.22798    1.22813          1     0.7485     0.7373      58.92      0.585     0.4470     0.2326  1.000e-12  0.8189000    11.1828    11.1842     0.0015    -0.0001     8.7525     8.7537    127.754    130.530    1448.86    1448.86     0.0625     0.1081     0.7820     1.3520  0.000e+00
      38402    129.500     6.4664     6.4691    1.22676    1.22727          1     0.7484     0.7375      83.41      0.063     0.4294     0.1891  1.000e-12  0.7474000    11.1723    11.1765     0.0041     0.0027     8.7447     8.7477    128.249    131.035    1448.83    1448.85     0.0637     0.1065     0.7970     1.3320  0.000e+00
      38414    130.000     6.4774     6.4765    1.22925    1.22925          1     0.7486     0.7370      91.77      0.401     0.4293     0.1757  1.000e-12  0.7816000    11.1932    11.1935     0.0004    -0.0009     8.7603     8.7606    128.744    131.540    1448.91    1448.91     0.0625     0.1023     0.7820     1.2790  0.000e+00
      38425    130.500     6.4821     6.4812    1.23022    1.23020          1     0.7484     0.7367      67.70      0.653     0.4312     0.2037  1.000e-12  0.7894000    11.2011    11.2012     0.0000    -0.0009     8.7662     8.7663    129.239    132.044    1448.95    1448.94     0.0616     0.1013     0.7710     1.2680  0.000e+00
      38435    131.000     6.4825     6.4816    1.23030    1.23031          1     0.7480     0.7370      74.64      0.869     0.4298     0.2203  1.000e-12  0.8731000    11.2017    11.2021     0.0004    -0.0009     8.7666     8.7670    129.734    132.549    1448.96    1448.95     0.0598     0.1041     0.7480     1.3020  0.000e+00
      38444    131.500     6.4825     6.4822    1.23034    1.23043          1     0.7484     0.7363      77.12      1.051     0.4300     0.2170  1.000e-12  0.9421000    11.2019    11.2030     0.0010    -0.0003     8.7668     8.7677    130.229    133.054    1448.97    1448.97     0.0623     0.1032     0.7790     1.2910  0.000e+00
      38454    132.000     6.4827     6.4825    1.23036    1.23048          1     0.7479     0.7363      76.91      1.188     0.4300     0.2066  1.000e-12  0.9373000    11.2021    11.2033     0.0012    -0.0002     8.7669     8.7679    130.724    133.559    1448.98    1448.98     0.0621     0.1030     0.7760     1.2890  0.000e+00
      38466    132.500     6.4829     6.4826    1.23042    1.23054          1     0.7483     0.7363      86.07      1.218     0.4296     0.2049  1.000e-12  0.8075000    11.2025    11.2038     0.0013    -0.0003     8.7672     8.7682    131.219    134.064    1448.98    1448.98     0.0629     0.1053     0.7870     1.3170  0.000e+00
      38536    133.000     6.4803     6.4803    1.22989    1.22999          1     0.7483     0.7362      92.64      0.558     0.4350     0.1858  1.000e-12  0.7724000    11.1980    11.1990     0.0009     0.0001     8.7639     8.7646    131.714    134.569    1448.97    1448.98     0.0621     0.1056     0.7770     1.3210  0.000e+00
      38599    133.500     6.4817     6.4808    1.23016    1.23014          1     0.7480     0.7362      78.09      0.375     0.4423     0.2220  1.000e-12  0.7629000    11.2002    11.2002     0.0000    -0.0009     8.7655     8.7656    132.209    135.074    1448.99    1448.99     0.0601     0.1038     0.7520     1.2980  0.000e+00
      38612    134.000     6.4859     6.4853    1.23118    1.23124          1     0.7478     0.7358      97.86      0.588     0.4481     0.2620  1.000e-12  0.7814000    11.2087    11.2095     0.0008    -0.0006     8.7719     8.7725    132.704    135.578    1449.03    1449.03     0.0593     0.1008     0.7420     1.2620  0.000e+00
      38623    134.500     6.4864     6.4857    1.23131    1.23132          1     0.7475     0.7360      96.96      0.751     0.4544     0.2659  1.000e-12  0.7881000    11.2097    11.2100     0.0003    -0.0007     8.7726     8.7729    133.199    136.083    1449.04    1449.04     0.0590     0.0999     0.7380     1.2490  0.000e+00
      38634    135.000     6.4861     6.4858    1.23124    1.23133          1     0.7475     0.7355      75.79      0.902     0.4448     0.2378  1.000e-12  0.7946000    11.2090    11.2100     0.0010    -0.0004     8.7721     8.7729    133.694    136.588    1449.05    1449.05     0.0592     0.1007     0.7410     1.2600  0.000e+00
      38644    135.500     6.4859     6.4853    1.23121    1.23120          1     0.7476     0.7355      73.13      1.031     0.4411     0.2208  1.000e-12  0.7998000    11.2086    11.2088     0.0001    -0.0007     8.7718     8.7720    134.189    137.093    1449.05    1449.05     0.0602     0.1005     0.7530     1.2580  0.000e+00
      38655    136.000     6.4860     6.4855    1.23120    1.23126          1     0.7474     0.7352      72.87      1.120     0.4412     0.2236  1.000e-12  0.7932000    11.2085    11.2093     0.0008    -0.0005     8.7717     8.7724    134.684    137.598    1449.06    1449.06     0.0596     0.1008     0.7450     1.2610  0.000e+00
      38668    136.500     6.4856     6.4850    1.23113    1.23116          1     0.7474     0.7352      83.87      1.117     0.4426     0.2597  1.000e-12  0.7736000    11.2078    11.2083     0.0005    -0.0006     8.7712     8.7716    135.179    138.103    1449.07    1449.06     0.0591     0.1011     0.7390     1.2650  0.000e+00
      38723    137.000     6.4850     6.4846    1.23106    1.23112          1     0.7472     0.7351      98.18      0.691     0.4356     0.2548  1.000e-12  0.7520000    11.2072    11.2080     0.0007    -0.0004     8.7708     8.7714    135.674    138.607    1449.07    1449.07     0.0593     0.1024     0.7420     1.2820  0.000e+00
      38799    137.500     6.4875     6.4883    1.23162    1.23210          1     0.7471     0.7351      96.95      0.532     0.4436     0.1866  1.000e-12  0.7344000    11.2118    11.2163     0.0044     0.0008     8.7743     8.7777    136.169    139.112    1449.09    1449.10     0.0587     0.1017     0.7340     1.2730  0.000e+00
      38806    138.000     6.4891     6.4912    1.23205    1.23274          1     0.7472     0.7351      96.96      0.806     0.4407     0.1892  1.000e-12  0.7513000    11.2154    11.2216     0.0062     0.0021     8.7770     8.7816    136.664    139.617    1449.11    1449.13     0.0596     0.1000     0.7450     1.2520  0.000e+00
      38815    138.500     6.4918     6.4917    1.23269    1.23284          1     0.7472     0.7351      78.21      1.028     0.4434     0.2018  1.000e-12  0.7753000    11.2208    11.2223     0.0015    -0.0001     8.7809     8.7822    137.159    140.122    1449.14    1449.14     0.0595     0.1000     0.7440     1.2520  0.000e+00
      38823    139.000     6.4923     6.4918    1.23283    1.23286          1     0.7472     0.7349      72.96      1.204     0.4418     0.2216  1.000e-12  0.7760000    11.2219    11.2224     0.0005    -0.0005     8.7818     8.7822    137.654    140.627    1449.15    1449.15     0.0596     0.0989     0.7470     1.2380  0.000e+00
      38831    139.500     6.4934     6.4927    1.23314    1.23316          1     0.7472     0.7346      71.27      1.340     0.4394     0.2191  1.000e-12  0.7705000    11.2245    11.2249     0.0004    -0.0007     8.7838     8.7841    138.149    141.132    1449.17    1449.17     0.0586     0.0986     0.7330     1.2330  0.000e+00
      38840    140.000     6.4923     6.4918    1.23284    1.23290          1     0.7471     0.7347      70.01      1.417     0.4417     0.2133  1.000e-12  0.7644000    11.2218    11.2226     0.0008    -0.0005     8.7818     8.7824    138.644    141.636    1449.17    1449.17     0.0580     0.1005     0.7260     1.2580  0.000e+00
      38852    140.500     6.4916     6.4915    1.23274    1.23287          1     0.7468     0.7347      69.00      1.365     0.4418     0.2075  1.000e-12  0.7657000    11.2209    11.2223     0.0014    -0.0001     8.7811     8.7822    139.139    142.141    1449.17    1449.17     0.0587     0.1006     0.7350     1.2590  0.000e+00
      38928    141.000     6.4911     6.4904    1.23261    1.23260          1     0.7473     0.7344      83.94      0.709     0.4411     0.2246  1.000e-12  0.7510000    11.2198    11.2199     0.0001    -0.0007     8.7802     8.7804    139.634    142.646    1449.18    1449.17     0.0591     0.0991     0.7400     1.2400  0.000e+00
      38987    141.500     6.4922     6.4914    1.23287    1.23286          1     0.7465     0.7340      77.46      0.669     0.4543     0.2600  1.000e-12  0.7284000    11.2218    11.2220     0.0002    -0.0008     8.7818     8.7819    140.129    143.151    1449.19    1449.19     0.0564     0.0974     0.7060     1.2190  0.000e+00
      38998    142.000     6.4921     6.4911    1.23284    1.23280          1     0.7465     0.7339      66.71      0.877     0.4552     0.2587  1.000e-12  0.7271000    11.2215    11.2214    -0.0001    -0.0010     8.7815     8.7815    140.624    143.656    1449.20    1449.19     0.0571     0.0984     0.7140     1.2320  0.000e+00
      39009    142.500     6.4947     6.4953    1.23348    1.23391          1     0.7468     0.7339      66.13      1.003     0.4437     0.2544  1.000e-12  0.7243000    11.2269    11.2309     0.0039     0.0006     8.7856     8.7887    141.119    144.161    1449.22    1449.23     0.0581     0.0985     0.7270     1.2320  0.000e+00
      39022    143.000     6.4965     6.4981    1.23400    1.23448          1     0.7464     0.7339      65.58      1.042     0.4409     0.2356  1.000e-12  0.7226000    11.2313    11.2355     0.0042     0.0016     8.7889     8.7921    141.614    144.665    1449.24    1449.26     0.0561     0.0989     0.7020     1.2380  0.000e+00
      39037    143.500     6.4996     6.5031    1.23480    1.23586          1     0.7463     0.7339      65.08      0.967     0.4400     0.1588  1.000e-12  0.7161000    11.2380    11.2474     0.0093     0.0035     8.7940     8.8010    142.109    145.170    1449.27    1449.30     0.0558     0.0989     0.6990     1.2380  0.000e+00
      39078    144.000     6.4997     6.5013    1.23480    1.23539          1     0.7463     0.7339      64.26      0.569     0.4480     0.2053  1.000e-12  0.6963000    11.2379    11.2432     0.0053     0.0017     8.7939     8.7979    142.604    145.675    1449.28    1449.30     0.0576     0.0986     0.7200     1.2340  0.000e+00
      39163    144.500     6.4968     6.4981    1.23410    1.23461          1     0.7465     0.7337      63.75      0.223     0.4390     0.2253  1.000e-12  0.6579000    11.2319    11.2365     0.0046     0.0013     8.7894     8.7929    143.099    146.180    1449.27    1449.28     0.0565     0.0971     0.7070     1.2160  0.000e+00
      39174    145.000     6.5031     6.5004    1.23561    1.23513          1     0.7464     0.7337      63.41      0.529     0.4417     0.2206  1.000e-12  0.6639000    11.2447    11.2408    -0.0039    -0.0027     8.7989     8.7961    143.594    146.685    1449.32    1449.31     0.0559     0.0970     0.6990     1.2140  0.000e+00
      39184    145.500     6.5055     6.5055    1.23616    1.23640          1     0.7460     0.7338      63.00      0.755     0.4418     0.2477  1.000e-12  0.7025000    11.2491    11.2515     0.0024    -0.0000     8.8023     8.8041    144.089    147.190    1449.35    1449.35     0.0558     0.0990     0.6980     1.2390  0.000e+00
      39194    146.000     6.5054     6.5068    1.23614    1.23668          1     0.7463     0.7335      62.65      0.946     0.4398     0.2592  1.000e-12  0.7021000    11.2489    11.2537     0.0048     0.0015     8.8021     8.8058    144.584    147.694    1449.35    1449.36     0.0564     0.0973     0.7060     1.2190  0.000e+00
      39203    146.500     6.5055     6.5053    1.23620    1.23632          1     0.7461     0.7339      62.37      1.104     0.4411     0.2588  1.000e-12  0.7053000    11.2494    11.2506     0.0012    -0.0002     8.8025     8.8034    145.079    148.199    1449.36    1449.36     0.0564     0.0956     0.7070     1.1970  0.000e+00
      39213    147.000     6.5061     6.5053    1.23634    1.23640          1     0.7461     0.7337      61.77      1.212     0.4376     0.1944  1.000e-12  0.7086000    11.2505    11.2513     0.0008    -0.0007     8.8033     8.8040    145.573    148.704    1449.37    1449.37     0.0560     0.0933     0.7010     1.1690  0.000e+00
      39224    147.500     6.5108     6.5098    1.23754    1.23752          1     0.7460     0.7329      61.18      1.240     0.4412     0.1917  1.000e-12  0.7198000    11.2606    11.2607     0.0001    -0.0009     8.8109     8.8111    146.068    149.209    1449.41    1449.41     0.0556     0.0892     0.6970     1.1170  0.000e+00
      39239    148.000     6.5102     6.5106    1.23743    1.23770          1     0.7460     0.7328      60.49      1.105     0.4528     0.2496  1.000e-12  0.7831000    11.2596    11.2622     0.0026     0.0004     8.8102     8.8122    146.563    149.714    1449.42    1449.42     0.0564     0.0931     0.7060     1.1660  0.000e+00
      39315    148.500     6.5066     6.5063    1.23653    1.23660          1     0.7460     0.7328      59.66      0.413     0.4407     0.2468  1.000e-12  0.6946000    11.2519    11.2527     0.0009    -0.0003     8.8043     8.8050    147.058    150.219    1449.40    1449.40     0.0563     0.0943     0.7050     1.1810  0.000e+00
