ctdpy/tests/etc/exprapp_feb_2020/SBE09_1387_20200205_1439_77_10_0112.cnv
* Sea-Bird SBE 9 Data File:
* FileName = L:\2020\sv20d0112.hex
* Software Version Seasave V 7.26.7.121
* Temperature SN = 6378
* Conductivity SN = 4824
* Number of Bytes Per Scan = 41
* Number of Voltage Words = 4
* Number of Scans Averaged by the Deck Unit = 1
* NMEA Latitude = 58 03.12 N
* NMEA Longitude = 009 44.90 E
* NMEA UTC (Time) = Feb 05 2020  14:39:12
* NMEA baud rate = 4800
** Station:  30N Hirtshals
** Operator:  A-KTh
** Ship: SVEA
** Average sound velocity: 1482.43 m/s
** True-depth calculation Wed, 05 Feb 2020 18:13:38 +0000
** CTD Python Module SMHI /ver 3-12/ feb 2012 
** LIMS Job: 20207710-0112
** Cruise: SMHI-02-2020
** Latitude [GG MM.mm N] :
** Longitude [GGG MM.mm E]:
# nquan = 30
# nvalues = 521                         
# units = specified
# name 0 = scan: Scan Count
# name 1 = prDM: Pressure, Digiquartz [db]
# name 2 = t090C: Temperature [ITS-90, deg C]
# name 3 = t190C: Temperature, 2 [ITS-90, deg C]
# name 4 = c0S/m: Conductivity [S/m]
# name 5 = c1S/m: Conductivity, 2 [S/m]
# name 6 = pumps: Pump Status
# name 7 = sbeox0V: Oxygen raw, SBE 43 [V]
# name 8 = sbeox1V: Oxygen raw, SBE 43, 2 [V]
# name 9 = altM: Altimeter [m]
# name 10 = dz/dtM: Descent Rate [m/s]
# name 11 = flECO-AFL: Chl-a Fluorescence, WET Labs ECO-AFL/FL [mg/m^3]
# name 12 = flECO-AFL1: Phycocyanin Fluorescence, WET Labs ECO-AFL/FL, 2 [mg/m^3]
# name 13 = par: PAR/Irradiance, Biospherical/Lico [µE/(cm^2*s)]
# name 14 = turbWETntu0: Turbidity, WET Labs ECO [NTU]
# name 15 = sal00: Salinity, Practical [PSU]
# name 16 = sal11: Salinity, Practical, 2 [PSU]
# name 17 = secS-priS: Salinity, Practical, Difference, 2 - 1 [PSU]
# name 18 = T2-T190C: Temperature Difference, 2 - 1 [ITS-90, deg C]
# name 19 = sigma-t00: Density [sigma-t, kg/m^3 ]
# name 20 = sigma-t11: Density, 2 [sigma-t, kg/m^3 ]
# name 21 = depSM: Depth [salt water, m], lat = 58.052
# name 22 = depFM: Depth [true depth, m], lat = 58.052
# name 23 = svCM: Sound Velocity [Chen-Millero, m/s]
# name 24 = svCM1: Sound Velocity, 2 [Chen-Millero, m/s]
# name 25 = sbeox0ML/L: Oxygen, SBE 43 [ml/l], WS = 2
# name 26 = sbeox1ML/L: Oxygen, SBE 43, 2 [ml/l], WS = 2
# name 27 = sbeox0PS: Oxygen, SBE 43 [% saturation], WS = 2
# name 28 = sbeox1PS: Oxygen, SBE 43, 2 [% saturation], WS = 2
# name 29 = flag: flag
# span 0 =      15355,      28590       
# span 1 =      3.500,    263.500       
# span 2 =     6.3139,     7.7640       
# span 3 =     6.3138,     7.7628       
# span 4 =   3.244053,   3.614283       
# span 5 =   3.243913,   3.614014       
# span 6 =          1,          1       
# span 7 =     3.4518,     3.5795       
# span 8 =     3.2137,     3.3230       
# span 9 =       1.61,      99.63       
# span 10 =     -0.102,      1.228      
# span 11 =     0.2614,     0.8316      
# span 12 =     0.1480,     0.3566      
# span 13 = 1.0000e-12, 5.0551e+00      
# span 14 =     0.1949,     2.7989      
# span 15 =    32.5238,    35.1078      
# span 16 =    32.5244,    35.1061      
# span 17 =    -0.0486,     0.1033      
# span 18 =    -0.0323,     0.0169      
# span 19 =    25.5573,    27.4043      
# span 20 =    25.5579,    27.4034      
# span 21 =      3.468,    260.891      
# span 22 =      3.476,    261.272      
# span 23 =    1472.93,    1485.54      
# span 24 =    1472.93,    1485.54      
# span 25 =     6.1587,     6.5691      
# span 26 =     6.2262,     6.6621      
# span 27 =     92.737,     94.935      
# span 28 =     93.800,     95.752      
# span 29 = 0.0000e+00, 0.0000e+00      
# interval = decibars: 0.5              
# start_time = Feb 05 2020 14:39:13 [NMEA time, first data scan]
# bad_flag = -9.990e-29
*END*
[from data line 291]
      22824    149.000     7.5976     7.5973    3.59838    3.59824          1     3.5011     3.2557      78.98      0.591     0.3178     0.2081  1.000e-12  0.5288000    35.0850    35.0837    -0.0013    -0.0003    27.4004    27.3994    147.565    147.760    1483.50    1483.50     6.1955     6.2803    93.0790    94.3510  0.000e+00
      22834    149.500     7.5979     7.5977    3.59843    3.59831          1     3.5010     3.2564      95.06      0.839     0.3120     0.2669  1.000e-12  0.5178000    35.0850    35.0838    -0.0011    -0.0002    27.4003    27.3995    148.060    148.255    1483.51    1483.51     6.1948     6.2822    93.0700    94.3810  0.000e+00
      22845    150.000     7.5980     7.5982    3.59847    3.59839          1     3.5009     3.2565      97.94      1.021     0.3207     0.2683  1.000e-12  0.7459000    35.0850    35.0839    -0.0011     0.0002    27.4003    27.3994    148.555    148.751    1483.52    1483.52     6.1924     6.2807    93.0340    94.3600  0.000e+00
      22857    150.500     7.5979     7.5978    3.59848    3.59836          1     3.5004     3.2567      98.02      1.101     0.3338     0.2208  1.000e-12  1.0600000    35.0850    35.0838    -0.0012    -0.0001    27.4003    27.3994    149.050    149.247    1483.53    1483.53     6.1907     6.2798    93.0070    94.3460  0.000e+00
      22912    151.000     7.5984     7.5983    3.59854    3.59841          1     3.4996     3.2567      50.74      0.352     0.3346     0.2589  1.000e-12  0.6335000    35.0849    35.0835    -0.0014    -0.0001    27.4002    27.3991    149.545    149.742    1483.54    1483.54     6.1917     6.2788    93.0240    94.3310  0.000e+00
      22955    151.500     7.5984     7.5982    3.59857    3.59845          1     3.4996     3.2567      88.66      0.284     0.3135     0.2849  1.000e-12  1.1085000    35.0850    35.0838    -0.0012    -0.0001    27.4003    27.3994    150.040    150.238    1483.55    1483.55     6.1949     6.2750    93.0710    94.2740  0.000e+00
      22971    152.000     7.5985     7.5984    3.59861    3.59850          1     3.4999     3.2560      98.25      0.546     0.3184     0.2383  1.000e-12  0.8324000    35.0851    35.0839    -0.0011    -0.0001    27.4003    27.3994    150.535    150.734    1483.56    1483.55     6.1947     6.2726    93.0690    94.2390  0.000e+00
      22987    152.500     7.5986     7.5988    3.59867    3.59858          1     3.4996     3.2557      98.03      0.691     0.3259     0.1883  1.000e-12  0.5650000    35.0854    35.0842    -0.0011     0.0002    27.4006    27.3996    151.030    151.229    1483.57    1483.57     6.1923     6.2787    93.0330    94.3310  0.000e+00
      23003    153.000     7.5990     7.5989    3.59873    3.59861          1     3.4991     3.2563      98.03      0.751     0.3363     0.1632  1.000e-12  0.5780000    35.0854    35.0842    -0.0012    -0.0001    27.4005    27.3995    151.525    151.725    1483.57    1483.57     6.1913     6.2844    93.0200    94.4170  0.000e+00
      23021    153.500     7.6004     7.6005    3.59893    3.59882          1     3.4988     3.2568      98.03      0.731     0.3391     0.1915  1.000e-12  0.5503000    35.0858    35.0846    -0.0013     0.0001    27.4006    27.3996    152.020    152.221    1483.59    1483.59     6.1929     6.2805    93.0470    94.3620  0.000e+00
      23043    154.000     7.6020     7.6020    3.59914    3.59903          1     3.4989     3.2562      98.04      0.628     0.3295     0.2132  1.000e-12  0.5891000    35.0863    35.0851    -0.0013     0.0000    27.4008    27.3998    152.515    152.717    1483.61    1483.60     6.1933     6.2737    93.0560    94.2630  0.000e+00
      23093    154.500     7.6017     7.6023    3.59913    3.59909          1     3.4977     3.2550      98.04      0.252     0.3108     0.2087  1.000e-12  0.6030000    35.0863    35.0852    -0.0010     0.0007    27.4008    27.3999    153.010    153.212    1483.61    1483.61     6.1899     6.2690    93.0040    94.1940  0.000e+00
      23130    155.000     7.6039     7.6035    3.59945    3.59930          1     3.4971     3.2537      98.03      0.265     0.3356     0.2062  1.000e-12  0.7580000    35.0872    35.0860    -0.0012    -0.0004    27.4012    27.4003    153.505    153.708    1483.63    1483.63     6.1891     6.2658    92.9980    94.1480  0.000e+00
      23145    155.500     7.6067     7.6072    3.59982    3.59977          1     3.4969     3.2532      98.03      0.504     0.3228     0.2546  1.000e-12  0.7240000    35.0882    35.0872    -0.0010     0.0005    27.4016    27.4007    154.000    154.204    1483.65    1483.65     6.1885     6.2671    92.9960    94.1760  0.000e+00
      23158    156.000     7.6075     7.6078    3.59996    3.59989          1     3.4969     3.2530      98.05      0.703     0.3141     0.2671  1.000e-12  0.7010000    35.0886    35.0876    -0.0010     0.0004    27.4018    27.4010    154.495    154.699    1483.66    1483.66     6.1893     6.2691    93.0090    94.2090  0.000e+00
      23169    156.500     7.6083     7.6087    3.60010    3.60001          1     3.4969     3.2528      98.03      0.865     0.3294     0.2321  1.000e-12  1.1236000    35.0891    35.0877    -0.0014     0.0004    27.4020    27.4009    154.990    155.195    1483.67    1483.67     6.1897     6.2713    93.0180    94.2430  0.000e+00
      23182    157.000     7.6091     7.6090    3.60019    3.60009          1     3.4968     3.2530      98.02      0.965     0.3366     0.2206  1.000e-12  1.4337000    35.0891    35.0880    -0.0011    -0.0000    27.4019    27.4011    155.485    155.691    1483.69    1483.68     6.1882     6.2711    92.9950    94.2410  0.000e+00
      23202    157.500     7.6086     7.6085    3.60013    3.60001          1     3.4960     3.2528      98.04      0.851     0.3174     0.2356  1.000e-12  0.7744000    35.0887    35.0875    -0.0012    -0.0000    27.4017    27.4007    155.980    156.186    1483.69    1483.69     6.1852     6.2736    92.9500    94.2770  0.000e+00
      23277    158.000     7.6083     7.6082    3.60011    3.60000          1     3.4948     3.2520      98.04      0.035     0.3205     0.1945  1.000e-12  0.5663000    35.0886    35.0874    -0.0012    -0.0001    27.4016    27.4007    156.475    156.682    1483.70    1483.70     6.1888     6.2668    93.0020    94.1750  0.000e+00
      23294    158.500     7.6083     7.6085    3.60016    3.60007          1     3.4959     3.2520      98.04      0.364     0.3185     0.1891  1.000e-12  1.0935000    35.0887    35.0876    -0.0012     0.0002    27.4017    27.4008    156.970    157.178    1483.70    1483.70     6.1947     6.2758    93.0920    94.3100  0.000e+00
      23308    159.000     7.6089     7.6087    3.60025    3.60011          1     3.4963     3.2526      98.04      0.612     0.3143     0.2334  1.000e-12  1.4481000    35.0890    35.0876    -0.0014    -0.0002    27.4019    27.4008    157.465    157.673    1483.72    1483.71     6.1938     6.2791    93.0800    94.3610  0.000e+00
      23320    159.500     7.6093     7.6088    3.60033    3.60014          1     3.4969     3.2530      98.05      0.805     0.3276     0.2265  1.000e-12  0.8394000    35.0891    35.0876    -0.0015    -0.0005    27.4019    27.4008    157.960    158.169    1483.73    1483.72     6.1931     6.2786    93.0700    94.3540  0.000e+00
      23333    160.000     7.6101     7.6098    3.60043    3.60030          1     3.4964     3.2530      98.04      0.922     0.3365     0.1925  1.000e-12  0.6132000    35.0892    35.0880    -0.0012    -0.0002    27.4019    27.4010    158.455    158.665    1483.74    1483.74     6.1904     6.2755    93.0320    94.3080  0.000e+00
      23353    160.500     7.6103     7.6101    3.60047    3.60033          1     3.4959     3.2532      49.98      0.832     0.3354     0.2007  1.000e-12  0.6282000    35.0891    35.0879    -0.0013    -0.0002    27.4018    27.4008    158.950    159.160    1483.75    1483.74     6.1848     6.2777    92.9470    94.3430  0.000e+00
      23409    161.000     7.6104     7.6101    3.60050    3.60036          1     3.4931     3.2530      99.63      0.139     0.3237     0.2382  1.000e-12  0.7346000    35.0892    35.0879    -0.0013    -0.0003    27.4018    27.4008    159.445    159.656    1483.75    1483.75     6.1864     6.2735    92.9720    94.2800  0.000e+00
      23432    161.500     7.6134     7.6134    3.60091    3.60081          1     3.4937     3.2528      98.04      0.361     0.3119     0.2197  1.000e-12  0.6744000    35.0904    35.0892    -0.0012     0.0001    27.4023    27.4014    159.940    160.152    1483.78    1483.78     6.1876     6.2726    92.9970    94.2740  0.000e+00
      23449    162.000     7.6130     7.6132    3.60090    3.60081          1     3.4937     3.2525      98.04      0.568     0.3124     0.2319  1.000e-12  0.6358000    35.0904    35.0892    -0.0012     0.0002    27.4024    27.4014    160.435    160.648    1483.78    1483.78     6.1836     6.2685    92.9360    94.2120  0.000e+00
      23466    162.500     7.6131     7.6131    3.60092    3.60081          1     3.4928     3.2519      98.04      0.686     0.3166     0.2862  1.000e-12  0.6215000    35.0902    35.0891    -0.0011    -0.0001    27.4022    27.4013    160.930    161.143    1483.79    1483.79     6.1802     6.2667    92.8850    94.1850  0.000e+00
      23484    163.000     7.6130     7.6127    3.60092    3.60078          1     3.4922     3.2513      97.98      0.701     0.3250     0.2422  1.000e-12  0.6087000    35.0901    35.0889    -0.0012    -0.0003    27.4021    27.4012    161.425    161.639    1483.80    1483.80     6.1821     6.2665    92.9140    94.1800  0.000e+00
      23506    163.500     7.6128     7.6128    3.60090    3.60079          1     3.4922     3.2507      97.53      0.621     0.3258     0.2151  1.000e-12  0.6000000    35.0899    35.0887    -0.0012    -0.0000    27.4020    27.4011    161.920    162.135    1483.81    1483.80     6.1848     6.2711    92.9530    94.2490  0.000e+00
      23532    164.000     7.6126     7.6128    3.60091    3.60082          1     3.4924     3.2511      98.04      0.502     0.3145     0.2211  1.000e-12  0.5815000    35.0898    35.0887    -0.0011     0.0002    27.4020    27.4011    162.415    162.630    1483.81    1483.81     6.1862     6.2722    92.9740    94.2660  0.000e+00
      23563    164.500     7.6123     7.6120    3.60089    3.60073          1     3.4925     3.2507      75.61      0.408     0.3202     0.2438  1.000e-12  0.6475000    35.0897    35.0883    -0.0013    -0.0004    27.4019    27.4009    162.910    163.126    1483.82    1483.82     6.1858     6.2705    92.9680    94.2390  0.000e+00
      23594    165.000     7.6134     7.6137    3.60103    3.60095          1     3.4922     3.2506      96.42      0.371     0.3131     0.2591  1.000e-12  0.6309000    35.0899    35.0887    -0.0012     0.0003    27.4019    27.4010    163.405    163.622    1483.83    1483.83     6.1844     6.2689    92.9490    94.2180  0.000e+00
      23617    165.500     7.6145     7.6140    3.60120    3.60102          1     3.4922     3.2497      29.10      0.445     0.3132     0.2312  1.000e-12  0.6468000    35.0904    35.0889    -0.0015    -0.0005    27.4022    27.4011    163.900    164.117    1483.85    1483.84     6.1862     6.2588    92.9780    94.0670  0.000e+00
      23635    166.000     7.6158     7.6171    3.60139    3.60141          1     3.4920     3.2484      97.49      0.567     0.3149     0.2250  1.000e-12  0.6485000    35.0909    35.0899    -0.0010     0.0012    27.4023    27.4014    164.395    164.613    1483.86    1483.86     6.1859     6.2591    92.9760    94.0780  0.000e+00
      23653    166.500     7.6178     7.6177    3.60161    3.60153          1     3.4922     3.2482      98.01      0.658     0.3128     0.2350  1.000e-12  0.7111000    35.0911    35.0902    -0.0009    -0.0001    27.4022    27.4015    164.890    165.109    1483.88    1483.88     6.1867     6.2653    92.9930    94.1740  0.000e+00
      23685    167.000     7.6173     7.6179    3.60159    3.60155          1     3.4917     3.2480      98.00      0.476     0.3251     0.2134  1.000e-12  0.8405000    35.0910    35.0899    -0.0011     0.0007    27.4023    27.4013    165.385    165.604    1483.88    1483.88     6.1817     6.2634    92.9170    94.1450  0.000e+00
      23728    167.500     7.6217     7.6210    3.60216    3.60195          1     3.4900     3.2471      97.93      0.205     0.3133     0.1988  1.000e-12  0.5928000    35.0925    35.0910    -0.0015    -0.0007    27.4028    27.4017    165.880    166.100    1483.91    1483.91     6.1816     6.2684    92.9250    94.2270  0.000e+00
      23745    168.000     7.6232     7.6229    3.60236    3.60222          1     3.4906     3.2483      97.92      0.418     0.3124     0.2250  1.000e-12  0.6400000    35.0929    35.0917    -0.0012    -0.0004    27.4029    27.4020    166.375    166.596    1483.92    1483.92     6.1858     6.2794    92.9920    94.3980  0.000e+00
      23759    168.500     7.6226     7.6220    3.60230    3.60214          1     3.4911     3.2494      97.43      0.634     0.3136     0.2422  1.000e-12  0.6552000    35.0927    35.0915    -0.0011    -0.0006    27.4028    27.4020    166.870    167.091    1483.93    1483.93     6.1870     6.2785    93.0080    94.3820  0.000e+00
      23771    169.000     7.6228     7.6220    3.60236    3.60214          1     3.4914     3.2494      97.63      0.815     0.3343     0.2357  1.000e-12  0.7288000    35.0929    35.0913    -0.0016    -0.0008    27.4029    27.4018    167.365    167.587    1483.94    1483.93     6.1866     6.2746    93.0030    94.3240  0.000e+00
      23784    169.500     7.6222     7.6218    3.60230    3.60216          1     3.4911     3.2496      98.03      0.926     0.3366     0.2364  1.000e-12  0.7285000    35.0926    35.0914    -0.0012    -0.0004    27.4028    27.4019    167.860    168.083    1483.94    1483.94     6.1848     6.2728    92.9740    94.2950  0.000e+00
      23811    170.000     7.6224     7.6224    3.60233    3.60222          1     3.4906     3.2491      98.03      0.714     0.3320     0.2060  1.000e-12  0.7194000    35.0925    35.0913    -0.0012    -0.0000    27.4027    27.4017    168.355    168.578    1483.95    1483.95     6.1822     6.2667    92.9350    94.2050  0.000e+00
      23877    170.500     7.6225     7.6224    3.60237    3.60225          1     3.4887     3.2466      98.02      0.047     0.3126     0.2449  1.000e-12  0.7005000    35.0926    35.0913    -0.0013    -0.0001    27.4027    27.4017    168.850    169.074    1483.96    1483.96     6.1804     6.2602    92.9090    94.1070  0.000e+00
      23890    171.000     7.6245     7.6247    3.60265    3.60259          1     3.4892     3.2459      96.14      0.404     0.3143     0.2405  1.000e-12  0.7381000    35.0934    35.0925    -0.0009     0.0002    27.4030    27.4023    169.344    169.570    1483.98    1483.98     6.1823     6.2665    92.9430    94.2080  0.000e+00
      23903    171.500     7.6237     7.6236    3.60261    3.60250          1     3.4888     3.2470      96.06      0.656     0.3131     0.2636  1.000e-12  0.7694000    35.0935    35.0923    -0.0012    -0.0000    27.4033    27.4023    169.839    170.066    1483.98    1483.98     6.1804     6.2777    92.9130    94.3740  0.000e+00
      23915    172.000     7.6237     7.6238    3.60269    3.60257          1     3.4889     3.2478      97.96      0.850     0.3205     0.2720  1.000e-12  0.7261000    35.0941    35.0927    -0.0014     0.0001    27.4037    27.4026    170.334    170.561    1483.99    1483.99     6.1815     6.2819    92.9290    94.4370  0.000e+00
