ctdpy/tests/etc/exprapp_feb_2020/SBE09_1387_20200203_0935_77_10_0101.cnv
* Sea-Bird SBE 9 Data File:
* FileName = L:\2020\sv20d0101.hex
* Software Version Seasave V 7.26.7.121
* Temperature SN = 6378
* Conductivity SN = 4824
* Number of Bytes Per Scan = 41
* Number of Voltage Words = 4
* Number of Scans Averaged by the Deck Unit = 1
* NMEA Latitude = 57 39.46 N
* NMEA Longitude = 008 50.45 E
* NMEA UTC (Time) = Feb 03 2020  09:35:53
* NMEA baud rate = 4800
** Station:  31N Hanstholm
** Operator:  A-KTh
** Ship: SVEA
** Average sound velocity: 1479.54 m/s
** True-depth calculation Mon, 03 Feb 2020 10:25:09 +0000
** CTD Python Module SMHI /ver 3-12/ feb 2012 
** LIMS Job: 20207710-0101
** Cruise: SMHI-02-2020
** Latitude [GG MM.mm N] :
** Longitude [GGG MM.mm E]:
# nquan = 30
# nvalues = 178                         
# units = specified
# name 0 = scan: Scan Count
# name 1 = prDM: Pressure, Digiquartz [db]
# name 2 = t090C: Temperature [ITS-90, deg C]
# name 3 = t190C: Temperature, 2 [ITS-90, deg C]
# name 4 = c0S/m: Conductivity [S/m]
# name 5 = c1S/m: Conductivity, 2 [S/m]
# name 6 = pumps: Pump Status
# name 7 = sbeox0V: Oxygen raw, SBE 43 [V]
# name 8 = sbeox1V: Oxygen raw, SBE 43, 2 [V]
# name 9 = altM: Altimeter [m]
# name 10 = dz/dtM: Descent Rate [m/s]
# name 11 = flECO-AFL: Chl-a Fluorescence, WET Labs ECO-AFL/FL [mg/m^3]
# name 12 = flECO-AFL1: Phycocyanin Fluorescence, WET Labs ECO-AFL/FL, 2 [mg/m^3]
# name 13 = par: PAR/Irradiance, Biospherical/Lico [µE/(cm^2*s)]
# name 14 = turbWETntu0: Turbidity, WET Labs ECO [NTU]
# name 15 = sal00: Salinity, Practical [PSU]
# name 16 = sal11: Salinity, Practical, 2 [PSU]
# name 17 = secS-priS: Salinity, Practical, Difference, 2 - 1 [PSU]
# name 18 = T2-T190C: Temperature Difference, 2 - 1 [ITS-90, deg C]
# name 19 = sigma-t00: Density [sigma-t, kg/m^3 ]
# name 20 = sigma-t11: Density, 2 [sigma-t, kg/m^3 ]
# name 21 = depSM: Depth [salt water, m], lat = 57.6577
# name 22 = depFM: Depth [true depth, m], lat = 57.6577
# name 23 = svCM: Sound Velocity [Chen-Millero, m/s]
# name 24 = svCM1: Sound Velocity, 2 [Chen-Millero, m/s]
# name 25 = sbeox0ML/L: Oxygen, SBE 43 [ml/l], WS = 2
# name 26 = sbeox1ML/L: Oxygen, SBE 43, 2 [ml/l], WS = 2
# name 27 = sbeox0PS: Oxygen, SBE 43 [% saturation], WS = 2
# name 28 = sbeox1PS: Oxygen, SBE 43, 2 [% saturation], WS = 2
# name 29 = flag: flag
# span 0 =      23198,      30081       
# span 1 =      0.500,     90.000       
# span 2 =     6.5132,     7.2447       
# span 3 =     6.5130,     7.2447       
# span 4 =   3.340883,   3.531797       
# span 5 =   3.340753,   3.531635       
# span 6 =          1,          1       
# span 7 =     3.5175,     3.5701       
# span 8 =     3.2726,     3.3163       
# span 9 =       1.49,      89.33       
# span 10 =     -0.354,      0.595      
# span 11 =     0.4138,     0.7144      
# span 12 =     0.1630,     0.3285      
# span 13 = -3.811e-08, 4.0573e+02      
# span 14 =     0.2208,     2.0486      
# span 15 =    33.4098,    34.7515      
# span 16 =    33.4086,    34.7498      
# span 17 =    -0.0054,     0.2081      
# span 18 =    -0.0060,     0.1034      
# span 19 =    26.2307,    27.1906      
# span 20 =    26.2299,    27.1893      
# span 21 =      0.495,     89.149      
# span 22 =      0.496,     89.254      
# span 23 =    1474.79,    1483.88      
# span 24 =    1474.78,    1483.88      
# span 25 =     6.2513,     6.4888      
# span 26 =     6.3416,     6.5820      
# span 27 =     92.881,     94.227      
# span 28 =     94.218,     95.507      
# span 29 = 0.0000e+00, 0.0000e+00      
# interval = decibars: 0.5              
# start_time = Feb 03 2020 09:35:54 [NMEA time, first data scan]
# bad_flag = -9.990e-29
*END*
[from data line 97]
      26024     49.000     7.2234     7.2230    3.52169    3.52155          1     3.5341     3.2894      42.23      0.539     0.4948     0.2569  1.000e-12  0.8565000    34.6751    34.6740    -0.0011    -0.0004    27.1316    27.1307     48.542     48.597    1479.92    1479.91     6.2649     6.3501    93.0740    94.3390  0.000e+00
      26047     49.500     7.2232     7.2231    3.52170    3.52157          1     3.5340     3.2894      41.40      0.529     0.4850     0.2988  1.000e-12  0.9245000    34.6753    34.6740    -0.0013    -0.0001    27.1317    27.1307     49.037     49.093    1479.92    1479.92     6.2598     6.3527    92.9980    94.3780  0.000e+00
      26073     50.000     7.2232     7.2231    3.52173    3.52160          1     3.5323     3.2894      41.11      0.488     0.5037     0.2695  1.000e-12  1.2079000    34.6753    34.6740    -0.0014    -0.0001    27.1318    27.1307     49.532     49.588    1479.93    1479.93     6.2577     6.3537    92.9670    94.3930  0.000e+00
      26098     50.500     7.2235     7.2234    3.52176    3.52164          1     3.5325     3.2898      40.76      0.469     0.4886     0.2509  1.000e-12  1.4321000    34.6751    34.6739    -0.0012    -0.0001    27.1316    27.1306     50.027     50.084    1479.94    1479.94     6.2644     6.3607    93.0670    94.4960  0.000e+00
      26121     51.000     7.2235     7.2234    3.52180    3.52167          1     3.5334     3.2907      40.28      0.497     0.4588     0.2634  1.000e-12  1.2093000    34.6753    34.6739    -0.0013    -0.0001    27.1317    27.1307     50.523     50.580    1479.95    1479.95     6.2687     6.3593    93.1310    94.4760  0.000e+00
      26145     51.500     7.2236     7.2234    3.52182    3.52169          1     3.5341     3.2904      39.77      0.515     0.4615     0.2748  1.000e-12  0.9026000    34.6752    34.6739    -0.0013    -0.0002    27.1317    27.1307     51.018     51.076    1479.96    1479.96     6.2682     6.3505    93.1240    94.3460  0.000e+00
      26170     52.000     7.2235     7.2232    3.52186    3.52174          1     3.5343     3.2894      39.22      0.484     0.4730     0.2652  1.000e-12  0.7503000    34.6754    34.6743    -0.0011    -0.0003    27.1318    27.1310     51.513     51.572    1479.97    1479.96     6.2665     6.3470    93.0980    94.2930  0.000e+00
      26196     52.500     7.2235     7.2233    3.52188    3.52175          1     3.5339     3.2882      38.73      0.468     0.4709     0.2425  1.000e-12  0.7630000    34.6754    34.6741    -0.0012    -0.0002    27.1318    27.1308     52.008     52.067    1479.98    1479.97     6.2659     6.3446    93.0900    94.2570  0.000e+00
      26218     53.000     7.2238     7.2235    3.52191    3.52178          1     3.5339     3.2876      38.27      0.498     0.4663     0.2614  1.000e-12  0.8199000    34.6752    34.6740    -0.0013    -0.0002    27.1316    27.1307     52.504     52.563    1479.98    1479.98     6.2656     6.3484    93.0860    94.3140  0.000e+00
      26240     53.500     7.2237     7.2235    3.52036    3.52181          1     3.5336     3.2877      37.78      0.542     0.4656     0.2608  1.000e-12  0.8172000    34.6581    34.6742     0.0160    -0.0002    27.1182    27.1308     52.999     53.059    1479.97    1479.99     6.2668     6.3541    93.0930    94.3990  0.000e+00
      26262     54.000     7.2237     7.2235    3.52175    3.52184          1     3.5334     3.2881      37.33      0.555     0.4636     0.2830  1.000e-12  0.7661000    34.6730    34.6742     0.0012    -0.0002    27.1299    27.1309     53.494     53.555    1480.00    1480.00     6.2623     6.3549    93.0360    94.4110  0.000e+00
      26286     54.500     7.2237     7.2236    3.52198    3.52185          1     3.5321     3.2881      36.76      0.519     0.4586     0.2939  1.000e-12  0.8310000    34.6753    34.6740    -0.0012    -0.0001    27.1317    27.1307     53.989     54.051    1480.01    1480.01     6.2606     6.3529    93.0110    94.3820  0.000e+00
      26314     55.000     7.2240     7.2238    3.52202    3.52189          1     3.5317     3.2882      36.21      0.459     0.4699     0.2512  1.000e-12  0.9835000    34.6751    34.6739    -0.0012    -0.0002    27.1315    27.1306     54.485     54.547    1480.02    1480.02     6.2619     6.3533    93.0310    94.3880  0.000e+00
      26341     55.500     7.2244     7.2243    3.52206    3.52192          1     3.5314     3.2876      35.75      0.434     0.4538     0.2631  1.000e-12  0.8444000    34.6749    34.6736    -0.0013    -0.0001    27.1313    27.1302     54.980     55.042    1480.03    1480.03     6.2597     6.3483    92.9990    94.3150  0.000e+00
      26364     56.000     7.2243     7.2241    3.52209    3.52196          1     3.5300     3.2876      35.29      0.477     0.4609     0.2642  1.000e-12  0.8052000    34.6752    34.6740    -0.0012    -0.0002    27.1315    27.1306     55.475     55.538    1480.04    1480.03     6.2549     6.3576    92.9270    94.4530  0.000e+00
      26385     56.500     7.2245     7.2244    3.52211    3.52198          1     3.5295     3.2881      34.79      0.538     0.4763     0.2481  1.000e-12  0.8391000    34.6749    34.6736    -0.0014    -0.0001    27.1313    27.1302     55.970     56.034    1480.04    1480.04     6.2585     6.3548    92.9820    94.4110  0.000e+00
      26405     57.000     7.2245     7.2244    3.52214    3.52202          1     3.5295     3.2876      33.91      0.583     0.4662     0.2378  1.000e-12  0.7892000    34.6750    34.6738    -0.0012    -0.0001    27.1314    27.1304     56.466     56.530    1480.05    1480.05     6.2617     6.3500    93.0290    94.3400  0.000e+00
      26427     57.500     7.2243     7.2241    3.52214    3.52203          1     3.5298     3.2876      33.71      0.571     0.4654     0.2382  1.000e-12  0.7052000    34.6749    34.6739    -0.0010    -0.0002    27.1313    27.1306     56.961     57.026    1480.06    1480.06     6.2617     6.3559    93.0290    94.4270  0.000e+00
      26454     58.000     7.2246     7.2245    3.52221    3.52208          1     3.5295     3.2874      33.28      0.487     0.4641     0.2432  1.000e-12  0.7471000    34.6751    34.6739    -0.0013    -0.0001    27.1314    27.1305     57.456     57.521    1480.07    1480.07     6.2589     6.3512    92.9870    94.3580  0.000e+00
      26484     58.500     7.2246     7.2245    3.52223    3.52211          1     3.5294     3.2872      32.74      0.406     0.4544     0.2522  1.000e-12  1.0337000    34.6751    34.6739    -0.0013    -0.0001    27.1314    27.1305     57.951     58.017    1480.08    1480.08     6.2620     6.3576    93.0340    94.4530  0.000e+00
      26510     59.000     7.2249     7.2248    3.52228    3.52215          1     3.5293     3.2881      32.34      0.425     0.4540     0.2530  1.000e-12  0.8265000    34.6751    34.6739    -0.0012    -0.0002    27.1314    27.1304     58.447     58.513    1480.09    1480.08     6.2588     6.3597    92.9870    94.4850  0.000e+00
      26532     59.500     7.2252     7.2250    3.52235    3.52221          1     3.5287     3.2878      31.86      0.502     0.4552     0.2757  1.000e-12  0.8717000    34.6753    34.6741    -0.0012    -0.0003    27.1315    27.1306     58.942     59.009    1480.10    1480.09     6.2573     6.3512    92.9660    94.3590  0.000e+00
      26553     60.000     7.2253     7.2252    3.52237    3.52225          1     3.5280     3.2871      31.38      0.568     0.4659     0.2209  1.000e-12  2.0486000    34.6753    34.6740    -0.0012    -0.0001    27.1315    27.1305     59.437     59.505    1480.11    1480.10     6.2572     6.3495    92.9640    94.3340  0.000e+00
      26574     60.500     7.2252     7.2251    3.52236    3.52224          1     3.5283     3.2867      30.87      0.577     0.4850     0.2604  1.000e-12  0.9518000    34.6750    34.6737    -0.0013    -0.0001    27.1313    27.1303     59.932     60.001    1480.11    1480.11     6.2616     6.3544    93.0290    94.4070  0.000e+00
      26599     61.000     7.2252     7.2249    3.52237    3.52224          1     3.5283     3.2870      30.46      0.516     0.4796     0.2915  1.000e-12  0.7596000    34.6748    34.6737    -0.0011    -0.0003    27.1311    27.1303     60.428     60.496    1480.12    1480.12     6.2590     6.3561    92.9910    94.4310  0.000e+00
      26625     61.500     7.2252     7.2250    3.52240    3.52227          1     3.5278     3.2866      29.87      0.468     0.4676     0.2713  1.000e-12  0.8479000    34.6749    34.6737    -0.0012    -0.0002    27.1312    27.1302     60.923     60.992    1480.13    1480.13     6.2588     6.3480    92.9870    94.3110  0.000e+00
      26649     62.000     7.2252     7.2251    3.52241    3.52230          1     3.5278     3.2855      29.39      0.480     0.4550     0.2578  1.000e-12  0.7986000    34.6748    34.6737    -0.0011    -0.0001    27.1311    27.1303     61.418     61.488    1480.14    1480.14     6.2624     6.3486    93.0410    94.3210  0.000e+00
      26672     62.500     7.2253     7.2251    3.52245    3.52233          1     3.5284     3.2854      28.88      0.507     0.4832     0.2667  1.000e-12  0.7560000    34.6749    34.6737    -0.0012    -0.0002    27.1312    27.1303     61.913     61.984    1480.15    1480.14     6.2617     6.3484    93.0300    94.3170  0.000e+00
      26695     63.000     7.2253     7.2251    3.52247    3.52235          1     3.5279     3.2845      28.47      0.523     0.5056     0.2537  1.000e-12  0.9746000    34.6748    34.6737    -0.0012    -0.0002    27.1311    27.1302     62.408     62.480    1480.15    1480.15     6.2584     6.3481    92.9810    94.3140  0.000e+00
      26719     63.500     7.2254     7.2252    3.52250    3.52237          1     3.5272     3.2846      27.92      0.515     0.4810     0.2516  1.000e-12  1.1058000    34.6748    34.6735    -0.0013    -0.0002    27.1310    27.1301     62.904     62.975    1480.16    1480.16     6.2566     6.3520    92.9550    94.3710  0.000e+00
      26744     64.000     7.2255     7.2253    3.52250    3.52237          1     3.5264     3.2844      27.39      0.490     0.4499     0.2911  1.000e-12  0.9463000    34.6745    34.6733    -0.0012    -0.0002    27.1308    27.1299     63.399     63.471    1480.17    1480.17     6.2553     6.3492    92.9360    94.3300  0.000e+00
      26770     64.500     7.2256     7.2254    3.52256    3.52241          1     3.5257     3.2844      26.91      0.464     0.4589     0.2909  1.000e-12  0.7819000    34.6748    34.6733    -0.0015    -0.0002    27.1310    27.1299     63.894     63.967    1480.18    1480.18     6.2579     6.3526    92.9740    94.3810  0.000e+00
      26795     65.000     7.2256     7.2254    3.52258    3.52242          1     3.5263     3.2841      26.41      0.469     0.4756     0.2343  1.000e-12  0.8565000    34.6747    34.6732    -0.0016    -0.0001    27.1310    27.1298     64.389     64.463    1480.19    1480.19     6.2590     6.3487    92.9910    94.3220  0.000e+00
      26819     65.500     7.2256     7.2254    3.52261    3.52247          1     3.5257     3.2837      25.90      0.496     0.4617     0.2425  1.000e-12  0.9420000    34.6749    34.6735    -0.0013    -0.0002    27.1311    27.1301     64.885     64.959    1480.20    1480.19     6.2585     6.3527    92.9840    94.3820  0.000e+00
      26841     66.000     7.2255     7.2254    3.52263    3.52249          1     3.5263     3.2844      25.55      0.524     0.4747     0.2814  1.000e-12  1.2731000    34.6749    34.6734    -0.0015    -0.0001    27.1311    27.1300     65.380     65.455    1480.20    1480.20     6.2619     6.3528    93.0350    94.3830  0.000e+00
      26863     66.500     7.2256     7.2254    3.52265    3.52253          1     3.5263     3.2835      25.03      0.538     0.4701     0.2395  1.000e-12  1.2189000    34.6747    34.6736    -0.0011    -0.0002    27.1310    27.1301     65.875     65.950    1480.21    1480.21     6.2607     6.3446    93.0160    94.2620  0.000e+00
      26887     67.000     7.2256     7.2255    3.52264    3.52256          1     3.5262     3.2829      24.51      0.518     0.4545     0.2852  1.000e-12  0.8685000    34.6744    34.6736    -0.0008    -0.0001    27.1307    27.1301     66.370     66.446    1480.22    1480.22     6.2573     6.3499    92.9670    94.3400  0.000e+00
      26913     67.500     7.2257     7.2256    3.52269    3.52258          1     3.5250     3.2833      24.00      0.479     0.4599     0.2375  1.000e-12  0.7961000    34.6746    34.6736    -0.0010    -0.0002    27.1309    27.1301     66.865     66.942    1480.23    1480.23     6.2561     6.3552    92.9480    94.4190  0.000e+00
      26939     68.000     7.2258     7.2257    3.52274    3.52261          1     3.5253     3.2836      23.53      0.460     0.4589     0.2183  1.000e-12  0.8398000    34.6748    34.6735    -0.0013    -0.0002    27.1310    27.1300     67.361     67.438    1480.24    1480.24     6.2622     6.3519    93.0400    94.3710  0.000e+00
      26963     68.500     7.2260     7.2258    3.52277    3.52263          1     3.5260     3.2834      23.09      0.480     0.4540     0.2653  1.000e-12  0.8964000    34.6747    34.6734    -0.0013    -0.0002    27.1309    27.1299     67.856     67.934    1480.25    1480.24     6.2646     6.3529    93.0760    94.3860  0.000e+00
      26985     69.000     7.2260     7.2258    3.52280    3.52267          1     3.5265     3.2834      22.42      0.519     0.4678     0.2574  1.000e-12  0.9376000    34.6748    34.6735    -0.0012    -0.0002    27.1310    27.1300     68.351     68.429    1480.26    1480.25     6.2610     6.3524    93.0230    94.3780  0.000e+00
      27008     69.500     7.2260     7.2256    3.52283    3.52270          1     3.5254     3.2832      21.88      0.539     0.4820     0.2519  1.000e-12  0.8927000    34.6748    34.6738    -0.0011    -0.0003    27.1310    27.1302     68.846     68.925    1480.26    1480.26     6.2547     6.3488    92.9280    94.3250  0.000e+00
      27030     70.000     7.2255     7.2254    3.52285    3.52273          1     3.5242     3.2823      21.45      0.542     0.4665     0.2754  1.000e-12  0.7674000    34.6754    34.6741    -0.0013    -0.0001    27.1315    27.1305     69.342     69.421    1480.27    1480.27     6.2547     6.3460    92.9270    94.2820  0.000e+00
      27052     70.500     7.2254     7.2253    3.52289    3.52276          1     3.5239     3.2821      20.88      0.539     0.4669     0.2362  1.000e-12  0.9736000    34.6756    34.6743    -0.0013    -0.0001    27.1317    27.1307     69.837     69.917    1480.28    1480.28     6.2578     6.3510    92.9740    94.3570  0.000e+00
      27077     71.000     7.2255     7.2254    3.52291    3.52278          1     3.5239     3.2823      20.38      0.512     0.4660     0.2604  1.000e-12  0.9890000    34.6755    34.6741    -0.0014    -0.0001    27.1316    27.1305     70.332     70.413    1480.29    1480.28     6.2579     6.3562    92.9750    94.4350  0.000e+00
      27105     71.500     7.2256     7.2254    3.52294    3.52280          1     3.5235     3.2826      19.92      0.450     0.4628     0.2435  1.000e-12  0.6909000    34.6755    34.6741    -0.0014    -0.0001    27.1316    27.1305     70.827     70.908    1480.30    1480.29     6.2574     6.3466    92.9680    94.2920  0.000e+00
      27133     72.000     7.2256     7.2255    3.52296    3.52284          1     3.5234     3.2810      19.43      0.416     0.4482     0.2533  1.000e-12  0.6818000    34.6755    34.6742    -0.0013    -0.0000    27.1316    27.1306     71.322     71.404    1480.30    1480.30     6.2580     6.3445    92.9770    94.2620  0.000e+00
      27158     72.500     7.2258     7.2257    3.52300    3.52286          1     3.5236     3.2809      19.03      0.458     0.4607     0.2207  1.000e-12  0.7880000    34.6754    34.6741    -0.0013    -0.0001    27.1315    27.1304     71.818     71.900    1480.31    1480.31     6.2614     6.3460    93.0270    94.2830  0.000e+00
