ctdpy/tests/etc/exprapp_feb_2020/SBE09_1387_20200203_0514_77_10_0100.cnv
* Sea-Bird SBE 9 Data File:
* FileName = L:\2020\sv20d0100.hex
* Software Version Seasave V 7.26.7.121
* Temperature SN = 6378
* Conductivity SN = 4824
* Number of Bytes Per Scan = 41
* Number of Voltage Words = 4
* Number of Scans Averaged by the Deck Unit = 1
* NMEA Latitude = 57 47.51 N
* NMEA Longitude = 008 47.84 E
* NMEA UTC (Time) = Feb 03 2020  05:14:16
* NMEA baud rate = 4800
** Station:  36N Hanstholm
** Operator:  A-KTh
** Ship: SVEA
** Average sound velocity: 1483.57 m/s
** True-depth calculation Mon, 03 Feb 2020 10:24:45 +0000
** CTD Python Module SMHI /ver 3-12/ feb 2012 
** LIMS Job: 20207710-0100
** Cruise: SMHI-02-2020
** Latitude [GG MM.mm N] :
** Longitude [GGG MM.mm E]:
# nquan = 30
# nvalues = 466                         
# units = specified
# name 0 = scan: Scan Count
# name 1 = prDM: Pressure, Digiquartz [db]
# name 2 = t090C: Temperature [ITS-90, deg C]
# name 3 = t190C: Temperature, 2 [ITS-90, deg C]
# name 4 = c0S/m: Conductivity [S/m]
# name 5 = c1S/m: Conductivity, 2 [S/m]
# name 6 = pumps: Pump Status
# name 7 = sbeox0V: Oxygen raw, SBE 43 [V]
# name 8 = sbeox1V: Oxygen raw, SBE 43, 2 [V]
# name 9 = altM: Altimeter [m]
# name 10 = dz/dtM: Descent Rate [m/s]
# name 11 = flECO-AFL: Chl-a Fluorescence, WET Labs ECO-AFL/FL [mg/m^3]
# name 12 = flECO-AFL1: Phycocyanin Fluorescence, WET Labs ECO-AFL/FL, 2 [mg/m^3]
# name 13 = par: PAR/Irradiance, Biospherical/Lico [µE/(cm^2*s)]
# name 14 = turbWETntu0: Turbidity, WET Labs ECO [NTU]
# name 15 = sal00: Salinity, Practical [PSU]
# name 16 = sal11: Salinity, Practical, 2 [PSU]
# name 17 = secS-priS: Salinity, Practical, Difference, 2 - 1 [PSU]
# name 18 = T2-T190C: Temperature Difference, 2 - 1 [ITS-90, deg C]
# name 19 = sigma-t00: Density [sigma-t, kg/m^3 ]
# name 20 = sigma-t11: Density, 2 [sigma-t, kg/m^3 ]
# name 21 = depSM: Depth [salt water, m], lat = 57.7918
# name 22 = depFM: Depth [true depth, m], lat = 57.7918
# name 23 = svCM: Sound Velocity [Chen-Millero, m/s]
# name 24 = svCM1: Sound Velocity, 2 [Chen-Millero, m/s]
# name 25 = sbeox0ML/L: Oxygen, SBE 43 [ml/l], WS = 2
# name 26 = sbeox1ML/L: Oxygen, SBE 43, 2 [ml/l], WS = 2
# name 27 = sbeox0PS: Oxygen, SBE 43 [% saturation], WS = 2
# name 28 = sbeox1PS: Oxygen, SBE 43, 2 [% saturation], WS = 2
# name 29 = flag: flag
# span 0 =      14278,      29130       
# span 1 =      1.000,    233.500       
# span 2 =     6.5875,     8.5172       
# span 3 =     6.5876,     8.5172       
# span 4 =   3.267460,   3.649624       
# span 5 =   3.267363,   3.648987       
# span 6 =          1,          1       
# span 7 =     3.2676,     3.5485       
# span 8 =     3.0494,     3.3021       
# span 9 =       0.53,     100.44       
# span 10 =     -0.241,      0.842      
# span 11 =     0.1722,     0.7950      
# span 12 =     0.1115,     0.3368      
# span 13 = -1.976e-05, 2.3193e+00      
# span 14 =     0.1549,     1.1155      
# span 15 =    32.5247,    35.1454      
# span 16 =    32.5236,    35.1440      
# span 17 =    -0.0553,     0.0162      
# span 18 =    -0.0377,     0.0061      
# span 19 =    25.5231,    27.4267      
# span 20 =    25.5222,    27.4257      
# span 21 =      0.991,    231.210      
# span 22 =      0.993,    231.536      
# span 23 =    1473.97,    1485.53      
# span 24 =    1473.97,    1485.51      
# span 25 =     5.4830,     6.4681      
# span 26 =     5.5361,     6.5586      
# span 27 =     83.576,     93.535      
# span 28 =     84.385,     94.800      
# span 29 = 0.0000e+00, 0.0000e+00      
# interval = decibars: 0.5              
# start_time = Feb 03 2020 05:14:17 [NMEA time, first data scan]
# bad_flag = -9.990e-29
*END*
[from data line 436]
      25226    219.000     7.7421     7.7420    3.62052    3.62039          1     3.4606     3.2248      15.04      0.532     0.2442     0.2213  1.000e-12  0.6460000    35.1447    35.1434    -0.0012    -0.0001    27.4261    27.4251    216.859    217.162    1485.28    1485.28     6.1361     6.2345    92.5240    94.0070  0.000e+00
      25255    219.500     7.7422     7.7421    3.62055    3.62043          1     3.4607     3.2254      14.50      0.440     0.2502     0.2167  1.000e-12  0.6271000    35.1447    35.1434    -0.0013    -0.0001    27.4261    27.4251    217.354    217.657    1485.29    1485.29     6.1363     6.2341    92.5270    94.0010  0.000e+00
      25282    220.000     7.7423     7.7421    3.62059    3.62046          1     3.4608     3.2254      14.04      0.422     0.2524     0.1847  1.000e-12  0.6212000    35.1448    35.1436    -0.0012    -0.0002    27.4261    27.4252    217.849    218.153    1485.30    1485.29     6.1352     6.2281    92.5110    93.9100  0.000e+00
      25308    220.500     7.7424     7.7422    3.62063    3.62050          1     3.4599     3.2245      13.54      0.464     0.2450     0.1486  1.000e-12  0.5978000    35.1449    35.1437    -0.0012    -0.0002    27.4262    27.4253    218.344    218.649    1485.30    1485.30     6.1321     6.2239    92.4650    93.8470  0.000e+00
      25335    221.000     7.7422     7.7418    3.62060    3.62047          1     3.4593     3.2240      13.06      0.448     0.2449     0.1588  1.000e-12  0.6193000    35.1446    35.1434    -0.0011    -0.0003    27.4260    27.4251    218.839    219.144    1485.31    1485.31     6.1331     6.2283    92.4800    93.9130  0.000e+00
      25360    221.500     7.7420     7.7417    3.62060    3.62046          1     3.4594     3.2240      12.60      0.454     0.2435     0.1917  1.000e-12  0.6103000    35.1445    35.1432    -0.0013    -0.0002    27.4260    27.4250    219.334    219.640    1485.32    1485.32     6.1365     6.2291    92.5300    93.9250  0.000e+00
      25380    222.000     7.7420     7.7417    3.62063    3.62048          1     3.4598     3.2238      12.10      0.535     0.2433     0.2349  1.000e-12  0.6368000    35.1445    35.1432    -0.0013    -0.0003    27.4260    27.4250    219.828    220.136    1485.33    1485.33     6.1376     6.2257    92.5460    93.8730  0.000e+00
      25398    222.500     7.7420     7.7418    3.62066    3.62052          1     3.4598     3.2233      11.67      0.621     0.2440     0.1948  1.000e-12  0.7147000    35.1446    35.1433    -0.0013    -0.0003    27.4260    27.4251    220.323    220.631    1485.34    1485.33     6.1343     6.2236    92.4960    93.8430  0.000e+00
      25420    223.000     7.7419     7.7417    3.62066    3.62052          1     3.4590     3.2229      11.12      0.617     0.2555     0.1926  1.000e-12  0.8001000    35.1444    35.1432    -0.0013    -0.0002    27.4259    27.4249    220.818    221.127    1485.34    1485.34     6.1313     6.2262    92.4510    93.8810  0.000e+00
      25453    223.500     7.7420     7.7419    3.62069    3.62055          1     3.4581     3.2222      10.52      0.403     0.2525     0.2145  1.000e-12  0.6666000    35.1445    35.1431    -0.0014    -0.0001    27.4259    27.4249    221.313    221.623    1485.35    1485.35     6.1322     6.2224    92.4650    93.8240  0.000e+00
      25486    224.000     7.7420     7.7418    3.62071    3.62058          1     3.4584     3.2222       9.91      0.326     0.2366     0.2334  1.000e-12  0.6716000    35.1444    35.1432    -0.0012    -0.0002    27.4259    27.4249    221.808    222.118    1485.36    1485.36     6.1368     6.2325    92.5350    93.9770  0.000e+00
      25506    224.500     7.7420     7.7418    3.62073    3.62060          1     3.4586     3.2226       9.33      0.474     0.2406     0.1778  1.000e-12  0.6820000    35.1444    35.1432    -0.0012    -0.0002    27.4259    27.4250    222.303    222.614    1485.37    1485.37     6.1372     6.2327    92.5410    93.9800  0.000e+00
      25523    225.000     7.7420     7.7418    3.62076    3.62062          1     3.4589     3.2231       9.11      0.616     0.2446     0.1931  1.000e-12  0.6899000    35.1444    35.1432    -0.0013    -0.0002    27.4259    27.4249    222.797    223.110    1485.38    1485.37     6.1392     6.2342    92.5710    94.0020  0.000e+00
      25544    225.500     7.7421     7.7419    3.62079    3.62064          1     3.4594     3.2232       8.66      0.648     0.2352     0.2168  1.000e-12  0.7122000    35.1444    35.1431    -0.0013    -0.0002    27.4259    27.4249    223.292    223.605    1485.39    1485.38     6.1377     6.2275    92.5480    93.9000  0.000e+00
      25586    226.000     7.7421     7.7420    3.62081    3.62068          1     3.4585     3.2220       8.06      0.351     0.2460     0.2298  1.000e-12  0.6874000    35.1444    35.1431    -0.0013    -0.0001    27.4258    27.4248    223.787    224.101    1485.39    1485.39     6.1343     6.2255    92.4980    93.8700  0.000e+00
      25637    226.500     7.7422     7.7421    3.62083    3.62071          1     3.4577     3.2221       7.52      0.216     0.2382     0.2208  1.000e-12  0.6708000    35.1443    35.1431    -0.0013    -0.0001    27.4258    27.4248    224.282    224.597    1485.40    1485.40     6.1338     6.2303    92.4900    93.9430  0.000e+00
      25664    227.000     7.7422     7.7420    3.62085    3.62072          1     3.4577     3.2219       7.13      0.390     0.2461     0.1786  1.000e-12  1.1155000    35.1443    35.1431    -0.0012    -0.0002    27.4258    27.4248    224.777    225.093    1485.41    1485.41     6.1345     6.2288    92.5000    93.9210  0.000e+00
      25693    227.500     7.7422     7.7421    3.62088    3.62075          1     3.4574     3.2219       6.55      0.429     0.2369     0.2206  1.000e-12  0.7525000    35.1444    35.1431    -0.0013    -0.0001    27.4258    27.4248    225.272    225.588    1485.42    1485.42     6.1348     6.2282    92.5060    93.9120  0.000e+00
      25734    228.000     7.7423     7.7422    3.62092    3.62078          1     3.4573     3.2223       5.96      0.308     0.2465     0.2082  1.000e-12  0.6774000    35.1445    35.1431    -0.0014    -0.0001    27.4259    27.4248    225.766    226.084    1485.43    1485.43     6.1350     6.2337    92.5080    93.9950  0.000e+00
      25783    228.500     7.7423     7.7422    3.62094    3.62080          1     3.4571     3.2221       5.47      0.239     0.2625     0.1905  1.000e-12  0.6352000    35.1444    35.1430    -0.0014    -0.0001    27.4258    27.4247    226.261    226.580    1485.44    1485.43     6.1328     6.2244    92.4750    93.8550  0.000e+00
      25820    229.000     7.7424     7.7422    3.62096    3.62083          1     3.4560     3.2208       5.07      0.306     0.2450     0.1781  1.000e-12  0.6272000    35.1443    35.1431    -0.0013    -0.0002    27.4257    27.4248    226.756    227.075    1485.44    1485.44     6.1326     6.2228    92.4710    93.8310  0.000e+00
      25846    229.500     7.7424     7.7422    3.62099    3.62085          1     3.4565     3.2204       4.63      0.415     0.2470     0.1762  1.000e-12  0.6887000    35.1443    35.1431    -0.0013    -0.0002    27.4258    27.4248    227.251    227.571    1485.45    1485.45     6.1390     6.2259    92.5680    93.8780  0.000e+00
      25872    230.000     7.7424     7.7422    3.62101    3.62087          1     3.4575     3.2204       4.18      0.480     0.2530     0.1638  1.000e-12  0.8252000    35.1443    35.1431    -0.0012    -0.0002    27.4257    27.4248    227.746    228.067    1485.46    1485.46     6.1393     6.2279    92.5740    93.9080  0.000e+00
      25934    230.500     7.7425     7.7425    3.62104    3.62091          1     3.4568     3.2198       3.94      0.221     0.2396     0.2439  1.000e-12  0.7076000    35.1443    35.1430    -0.0014    -0.0000    27.4257    27.4247    228.241    228.562    1485.47    1485.47     6.1354     6.2238    92.5150    93.8470  0.000e+00
      25989    231.000     7.7425     7.7423    3.62107    3.62094          1     3.4564     3.2189       3.37      0.242     0.2411     0.2329  1.000e-12  0.6828000    35.1443    35.1431    -0.0012    -0.0002    27.4257    27.4248    228.735    229.058    1485.48    1485.48     6.1345     6.2205    92.5010    93.7960  0.000e+00
      26016    231.500     7.7425     7.7423    3.62109    3.62096          1     3.4560     3.2189       2.72      0.413     0.2531     0.2367  1.000e-12  0.7406000    35.1443    35.1431    -0.0013    -0.0002    27.4257    27.4248    229.230    229.554    1485.49    1485.48     6.1343     6.2309    92.4980    93.9540  0.000e+00
      26117    232.000     7.7426     7.7426    3.62112    3.62100          1     3.4558     3.2200       2.05      0.140     0.2542     0.2001  1.000e-12  0.6501000    35.1443    35.1430    -0.0014     0.0000    27.4257    27.4246    229.725    230.049    1485.49    1485.49     6.1362     6.2249    92.5260    93.8630  0.000e+00
      26158    232.500     7.7426     7.7424    3.62115    3.62101          1     3.4561     3.2196       1.67      0.335     0.2567     0.1933  1.000e-12  0.6955000    35.1443    35.1430    -0.0013    -0.0002    27.4257    27.4247    230.220    230.545    1485.50    1485.50     6.1378     6.2316    92.5520    93.9650  0.000e+00
      27076    233.000     7.7427     7.7426    3.62118    3.62104          1     3.4557     3.2200       1.16      0.335     0.2505     0.2194  1.000e-12  0.7811000    35.1444    35.1429    -0.0014    -0.0001    27.4257    27.4246    230.715    231.041    1485.51    1485.51     6.1354     6.2296    92.5150    93.9340  0.000e+00
      29130    233.500     7.7426     7.7426    3.62120    3.62107          1     3.4546     3.2183       0.53      0.125     0.2585     0.2102  1.000e-12  0.5821000    35.1444    35.1430    -0.0014    -0.0000    27.4258    27.4247    231.210    231.536    1485.53    1485.51     6.1319     6.2163    92.4610    93.7330  0.000e+00
