ctdpy/tests/etc/exprapp_feb_2020/SBE09_1387_20200210_1551_77_10_0137.cnv
* Sea-Bird SBE 9 Data File:
* FileName = L:\2020\sv20d0137.hex
* Software Version Seasave V 7.26.7.121
* Temperature SN = 6378
* Conductivity SN = 4824
* Number of Bytes Per Scan = 41
* Number of Voltage Words = 4
* Number of Scans Averaged by the Deck Unit = 1
* NMEA Latitude = 57 32.85 N
* NMEA Longitude = 020 09.82 E
* NMEA UTC (Time) = Feb 10 2020  15:51:57
* NMEA baud rate = 4800
** Station:  BY19
** Operator:  DBSj
** Ship: SVEA
** Average sound velocity: 1444.68 m/s
** True-depth calculation Mon, 10 Feb 2020 17:38:12 +0000
** CTD Python Module SMHI /ver 3-12/ feb 2012 
** LIMS Job: 20207710-0137
** Cruise: SMHI-03-2020
** Latitude [GG MM.mm N] :
** Longitude [GGG MM.mm E]:
# nquan = 30
# nvalues = 302                         
# units = specified
# name 0 = scan: Scan Count
# name 1 = prDM: Pressure, Digiquartz [db]
# name 2 = t090C: Temperature [ITS-90, deg C]
# name 3 = t190C: Temperature, 2 [ITS-90, deg C]
# name 4 = c0S/m: Conductivity [S/m]
# name 5 = c1S/m: Conductivity, 2 [S/m]
# name 6 = pumps: Pump Status
# name 7 = sbeox0V: Oxygen raw, SBE 43 [V]
# name 8 = sbeox1V: Oxygen raw, SBE 43, 2 [V]
# name 9 = altM: Altimeter [m]
# name 10 = dz/dtM: Descent Rate [m/s]
# name 11 = flECO-AFL: Chl-a Fluorescence, WET Labs ECO-AFL/FL [mg/m^3]
# name 12 = flECO-AFL1: Phycocyanin Fluorescence, WET Labs ECO-AFL/FL, 2 [mg/m^3]
# name 13 = par: PAR/Irradiance, Biospherical/Lico [µE/(cm^2*s)]
# name 14 = turbWETntu0: Turbidity, WET Labs ECO [NTU]
# name 15 = sal00: Salinity, Practical [PSU]
# name 16 = sal11: Salinity, Practical, 2 [PSU]
# name 17 = secS-priS: Salinity, Practical, Difference, 2 - 1 [PSU]
# name 18 = T2-T190C: Temperature Difference, 2 - 1 [ITS-90, deg C]
# name 19 = sigma-t00: Density [sigma-t, kg/m^3 ]
# name 20 = sigma-t11: Density, 2 [sigma-t, kg/m^3 ]
# name 21 = depSM: Depth [salt water, m], lat = 57.5475
# name 22 = depFM: Depth [true depth, m], lat = 57.5475
# name 23 = svCM: Sound Velocity [Chen-Millero, m/s]
# name 24 = svCM1: Sound Velocity, 2 [Chen-Millero, m/s]
# name 25 = sbeox0ML/L: Oxygen, SBE 43 [ml/l], WS = 2
# name 26 = sbeox1ML/L: Oxygen, SBE 43, 2 [ml/l], WS = 2
# name 27 = sbeox0PS: Oxygen, SBE 43 [% saturation], WS = 2
# name 28 = sbeox1PS: Oxygen, SBE 43, 2 [% saturation], WS = 2
# name 29 = flag: flag
# span 0 =      25095,      34311       
# span 1 =      3.500,    154.000       
# span 2 =     4.9966,     7.8558       
# span 3 =     4.9963,     7.8508       
# span 4 =   0.799574,   1.402469       
# span 5 =   0.799640,   1.402619       
# span 6 =          1,          1       
# span 7 =     0.7453,     3.5274       
# span 8 =     0.7308,     3.2913       
# span 9 =       1.14,     113.09       
# span 10 =     -0.457,      1.682      
# span 11 =     0.3427,     0.4296      
# span 12 =     0.1296,     0.3013      
# span 13 = -3.370e-04, 6.9097e-01      
# span 14 =     0.1098,     0.7186      
# span 15 =     7.3728,    12.6094      
# span 16 =     7.3735,    12.6112      
# span 17 =    -0.2618,     0.0784      
# span 18 =    -0.0720,     0.1619      
# span 19 =     5.8292,     9.8090      
# span 20 =     5.8298,     9.8105      
# span 21 =      3.468,    152.522      
# span 22 =      3.544,    155.675      
# span 23 =    1435.71,    1455.39      
# span 24 =    1435.71,    1455.36      
# span 25 =     0.0518,     7.9023      
# span 26 =     0.0753,     8.0428      
# span 27 =      0.668,     92.880      
# span 28 =      0.972,     94.535      
# span 29 = 0.0000e+00, 0.0000e+00      
# interval = decibars: 0.5              
# start_time = Feb 10 2020 15:51:57 [NMEA time, first data scan]
# bad_flag = -9.990e-29
*END*
[from data line 49]
      26594     28.000     4.9997     4.9995    0.80004    0.80011          1     3.5175     3.2806      72.16      0.625     0.4013     0.2860  1.000e-12  0.1240000     7.3736     7.3743     0.0008    -0.0002     5.8298     5.8304     27.740     28.354    1436.10    1436.11     7.8902     8.0206    92.7440    94.2770  0.000e+00
      26615     28.500     4.9997     4.9994    0.80005    0.80012          1     3.5172     3.2802      51.65      0.601     0.4068     0.3013  1.000e-12  0.1270000     7.3736     7.3744     0.0008    -0.0003     5.8298     5.8304     28.235     28.860    1436.11    1436.11     7.8918     8.0199    92.7630    94.2680  0.000e+00
      26635     29.000     4.9998     4.9994    0.80006    0.80012          1     3.5171     3.2798      96.14      0.592     0.4068     0.2568  1.000e-12  0.1328000     7.3736     7.3743     0.0007    -0.0004     5.8298     5.8304     28.730     29.366    1436.12    1436.12     7.8939     8.0232    92.7880    94.3070  0.000e+00
      26656     29.500     4.9998     4.9996    0.80007    0.80014          1     3.5175     3.2803      96.77      0.596     0.4063     0.2376  1.000e-12  0.1278000     7.3736     7.3744     0.0008    -0.0002     5.8299     5.8305     29.226     29.873    1436.13    1436.13     7.8967     8.0309    92.8200    94.3980  0.000e+00
      26684     30.000     4.9997     4.9996    0.80007    0.80015          1     3.5176     3.2808      81.36      0.487     0.4068     0.2192  1.000e-12  0.1258000     7.3736     7.3744     0.0008    -0.0001     5.8298     5.8304     29.721     30.379    1436.14    1436.14     7.8955     8.0298    92.8070    94.3850  0.000e+00
      26765     30.500     5.0006     5.0008    0.80013    0.80021          1     3.5162     3.2801      99.30      0.229     0.4194     0.1860  1.000e-12  0.1246000     7.3740     7.3747     0.0008     0.0002     5.8301     5.8307     30.216     30.885    1436.15    1436.15     7.8915     8.0232    92.7610    94.3110  0.000e+00
      26817     31.000     5.0006     5.0005    0.80012    0.80021          1     3.5153     3.2797      94.08      0.426     0.4126     0.1719  1.000e-12  0.1274000     7.3738     7.3747     0.0008    -0.0001     5.8299     5.8306     30.712     31.392    1436.16    1436.16     7.8928     8.0211    92.7760    94.2850  0.000e+00
      26827     31.500     5.0000     4.9996    0.80008    0.80015          1     3.5154     3.2795      70.05      0.724     0.4067     0.1985  1.000e-12  0.1274000     7.3735     7.3742     0.0007    -0.0004     5.8297     5.8303     31.207     31.898    1436.16    1436.16     7.8919     8.0188    92.7640    94.2550  0.000e+00
      26835     32.000     5.0001     4.9997    0.80010    0.80016          1     3.5154     3.2795      77.06      0.983     0.4068     0.2383  1.000e-12  0.1289000     7.3736     7.3743     0.0007    -0.0004     5.8298     5.8303     31.702     32.404    1436.17    1436.17     7.8896     8.0186    92.7370    94.2540  0.000e+00
      26843     32.500     5.0007     5.0002    0.80014    0.80021          1     3.5151     3.2788      97.16      1.193     0.4145     0.2382  1.000e-12  0.1229000     7.3738     7.3746     0.0008    -0.0005     5.8299     5.8306     32.197     32.911    1436.18    1436.18     7.8871     8.0159    92.7100    94.2240  0.000e+00
      26850     33.000     5.0011     5.0008    0.80018    0.80025          1     3.5150     3.2788      96.58      1.352     0.4189     0.2404  1.000e-12  0.1229000     7.3740     7.3748     0.0008    -0.0003     5.8301     5.8307     32.693     33.417    1436.19    1436.19     7.8860     8.0189    92.6980    94.2600  0.000e+00
      26857     33.500     5.0010     5.0008    0.80019    0.80027          1     3.5148     3.2788      96.61      1.470     0.4173     0.2966  1.000e-12  0.1218000     7.3741     7.3749     0.0008    -0.0002     5.8301     5.8308     33.188     33.923    1436.20    1436.20     7.8879     8.0240    92.7200    94.3200  0.000e+00
      26864     34.000     5.0029     5.0029    0.80036    0.80046          1     3.5143     3.2785      96.72      1.556     0.4129     0.2951  1.000e-12  0.1263000     7.3752     7.3763     0.0010     0.0000     5.8310     5.8318     33.683     34.430    1436.22    1436.22     7.8873     8.0282    92.7180    94.3760  0.000e+00
      26873     34.500     5.0033     5.0033    0.80039    0.80050          1     3.5145     3.2792      96.88      1.608     0.4071     0.2948  1.000e-12  0.1356000     7.3754     7.3765     0.0010    -0.0000     5.8312     5.8320     34.179     34.936    1436.23    1436.23     7.8906     8.0328    92.7580    94.4310  0.000e+00
      26959     35.000     5.0012     5.0007    0.80024    0.80027          1     3.5136     3.2784      96.97      1.100     0.4006     0.2332  1.000e-12  0.1301000     7.3743     7.3748     0.0005    -0.0006     5.8303     5.8307     34.674     35.442    1436.22    1436.22     7.8909     8.0291    92.7570    94.3800  0.000e+00
      27042     35.500     5.0014     5.0012    0.80025    0.80032          1     3.5124     3.2774      96.93      0.824     0.4106     0.2173  1.000e-12  0.1198000     7.3743     7.3750     0.0008    -0.0002     5.8303     5.8309     35.169     35.949    1436.23    1436.23     7.8854     8.0276    92.6920    94.3630  0.000e+00
      27049     36.000     5.0016     5.0012    0.80025    0.80031          1     3.5129     3.2776      96.72      0.989     0.4174     0.2163  1.000e-12  0.1152000     7.3742     7.3749     0.0008    -0.0004     5.8302     5.8308     35.665     36.455    1436.24    1436.24     7.8848     8.0311    92.6860    94.4040  0.000e+00
      27057     36.500     5.0018     5.0013    0.80026    0.80033          1     3.5117     3.2785      96.74      1.144     0.4190     0.2169  1.000e-12  0.1151000     7.3742     7.3750     0.0007    -0.0005     5.8302     5.8308     36.160     36.961    1436.25    1436.25     7.8819     8.0337    92.6510    94.4350  0.000e+00
      27065     37.000     5.0027     5.0022    0.80037    0.80042          1     3.5120     3.2782      45.53      1.290     0.4029     0.1945  1.000e-12  0.1190000     7.3750     7.3757     0.0007    -0.0005     5.8308     5.8313     36.655     37.467    1436.26    1436.26     7.8820     8.0305    92.6560    94.4000  0.000e+00
      27072     37.500     5.0029     5.0026    0.80039    0.80047          1     3.5119     3.2785       6.01      1.420     0.3916     0.1847  1.000e-12  0.1221000     7.3751     7.3760     0.0008    -0.0003     5.8309     5.8316     37.151     37.974    1436.27    1436.27     7.8833     8.0285    92.6720    94.3790  0.000e+00
      27080     38.000     5.0027     5.0023    0.80040    0.80046          1     3.5117     3.2782      36.96      1.519     0.3946     0.1871  1.000e-12  0.1212000     7.3752     7.3759     0.0008    -0.0005     5.8309     5.8315     37.646     38.480    1436.28    1436.28     7.8850     8.0273    92.6910    94.3630  0.000e+00
      27090     38.500     5.0025     5.0021    0.80039    0.80046          1     3.5118     3.2782      85.17      1.544     0.4088     0.1864  1.000e-12  0.1289000     7.3750     7.3758     0.0008    -0.0004     5.8308     5.8315     38.141     38.986    1436.29    1436.28     7.8864     8.0296    92.7060    94.3890  0.000e+00
      27171     39.000     5.0022     5.0021    0.80036    0.80044          1     3.5124     3.2772      69.67      1.102     0.4073     0.2068  1.000e-12  0.1244000     7.3748     7.3756     0.0009    -0.0002     5.8306     5.8313     38.636     39.493    1436.29    1436.29     7.8903     8.0231    92.7520    94.3130  0.000e+00
      27237     39.500     5.0022     5.0017    0.80033    0.80041          1     3.5141     3.2759      96.77      1.050     0.3934     0.2200  1.000e-12  0.1163000     7.3744     7.3753     0.0008    -0.0005     5.8304     5.8310     39.132     39.999    1436.30    1436.30     7.8957     8.0195    92.8160    94.2690  0.000e+00
      27248     40.000     5.0019     5.0014    0.80033    0.80039          1     3.5134     3.2759      97.02      1.194     0.3946     0.1974  1.000e-12  0.1151000     7.3744     7.3751     0.0008    -0.0005     5.8303     5.8310     39.627     40.505    1436.31    1436.30     7.8927     8.0222    92.7790    94.3000  0.000e+00
      27261     40.500     5.0017     5.0019    0.80032    0.80046          1     3.5138     3.2759      92.79      1.209     0.3984     0.1899  1.000e-12  0.1209000     7.3743     7.3756     0.0013     0.0002     5.8303     5.8313     40.122     41.012    1436.31    1436.32     7.8910     8.0255    92.7580    94.3410  0.000e+00
      27306     41.000     5.0023     5.0015    0.80040    0.80042          1     3.5122     3.2770      97.02      0.429     0.4063     0.2180  1.000e-12  0.1201000     7.3749     7.3753     0.0003    -0.0008     5.8308     5.8311     40.618     41.518    1436.32    1436.32     7.8875     8.0305    92.7190    94.3990  0.000e+00
      27345     41.500     5.0032     5.0025    0.80049    0.80051          1     3.5117     3.2775      97.05      0.262     0.4152     0.2343  1.000e-12  0.1098000     7.3755     7.3758     0.0004    -0.0007     5.8312     5.8315     41.113     42.024    1436.34    1436.33     7.8885     8.0247    92.7340    94.3330  0.000e+00
      27364     42.000     5.0023     5.0018    0.80041    0.80048          1     3.5116     3.2768      97.04      0.514     0.4087     0.2199  1.000e-12  0.1222000     7.3749     7.3756     0.0007    -0.0005     5.8308     5.8314     41.608     42.531    1436.34    1436.34     7.8873     8.0168    92.7160    94.2380  0.000e+00
      27386     42.500     5.0017     5.0010    0.80038    0.80041          1     3.5111     3.2761      97.04      0.600     0.4068     0.2064  1.000e-12  0.1243000     7.3746     7.3750     0.0004    -0.0008     5.8305     5.8309     42.103     43.037    1436.35    1436.34     7.8885     8.0190    92.7290    94.2620  0.000e+00
      27414     43.000     5.0023     5.0022    0.80044    0.80052          1     3.5114     3.2760      97.04      0.481     0.4056     0.2284  1.000e-12  0.1146000     7.3750     7.3758     0.0009    -0.0001     5.8308     5.8315     42.599     43.543    1436.36    1436.36     7.8918     8.0288    92.7700    94.3800  0.000e+00
      27446     43.500     5.0023     5.0018    0.80044    0.80049          1     3.5115     3.2768      97.04      0.377     0.4063     0.1870  1.000e-12  0.1386000     7.3749     7.3755     0.0006    -0.0005     5.8307     5.8312     43.094     44.050    1436.36    1436.36     7.8919     8.0355    92.7710    94.4580  0.000e+00
      27475     44.000     5.0000     4.9997    0.80024    0.80030          1     3.5117     3.2771      97.04      0.395     0.3944     0.2155  1.000e-12  0.1280000     7.3734     7.3741     0.0007    -0.0003     5.8296     5.8302     43.589     44.556    1436.36    1436.36     7.8926     8.0242    92.7730    94.3200  0.000e+00
      27502     44.500     5.0001     4.9998    0.80025    0.80031          1     3.5115     3.2761      97.05      0.444     0.4067     0.1879  1.000e-12  0.1312000     7.3734     7.3741     0.0007    -0.0003     5.8296     5.8302     44.085     45.062    1436.37    1436.37     7.8925     8.0207    92.7720    94.2780  0.000e+00
      27528     45.000     4.9993     4.9990    0.80018    0.80025          1     3.5116     3.2755      97.04      0.443     0.4029     0.2414  1.000e-12  0.1423000     7.3729     7.3736     0.0007    -0.0003     5.8292     5.8298     44.580     45.569    1436.37    1436.37     7.8961     8.0177    92.8120    94.2420  0.000e+00
      27550     45.500     4.9995     4.9991    0.80020    0.80026          1     3.5122     3.2748      97.04      0.488     0.3938     0.2048  1.000e-12  0.1284000     7.3729     7.3736     0.0007    -0.0004     5.8293     5.8299     45.075     46.075    1436.38    1436.38     7.9004     8.0207    92.8630    94.2770  0.000e+00
      27568     46.000     4.9996     4.9991    0.80021    0.80028          1     3.5125     3.2747      96.72      0.584     0.4272     0.2170  1.000e-12  0.1511000     7.3729     7.3737     0.0008    -0.0005     5.8293     5.8299     45.570     46.581    1436.39    1436.39     7.9005     8.0232    92.8640    94.3060  0.000e+00
      27584     46.500     4.9997     4.9992    0.80022    0.80028          1     3.5128     3.2747      96.51      0.676     0.4158     0.2274  1.000e-12  0.1361000     7.3730     7.3736     0.0007    -0.0005     5.8293     5.8299     46.066     47.087    1436.40    1436.40     7.8985     8.0224    92.8410    94.2970  0.000e+00
      27605     47.000     4.9996     4.9992    0.80022    0.80029          1     3.5123     3.2745      97.01      0.669     0.4112     0.2350  1.000e-12  0.1294000     7.3729     7.3737     0.0008    -0.0004     5.8293     5.8299     46.561     47.594    1436.40    1436.40     7.8936     8.0277    92.7840    94.3590  0.000e+00
      27707     47.500     4.9999     4.9998    0.80026    0.80034          1     3.5106     3.2739      97.04      0.090     0.4180     0.2026  1.000e-12  0.1407000     7.3732     7.3740     0.0008    -0.0001     5.8295     5.8301     47.056     48.100    1436.41    1436.41     7.8918     8.0206    92.7630    94.2770  0.000e+00
      27729     48.000     5.0002     4.9998    0.80028    0.80036          1     3.5102     3.2736      97.05      0.399     0.4147     0.1881  1.000e-12  0.1238000     7.3733     7.3741     0.0008    -0.0004     5.8295     5.8302     47.551     48.606    1436.42    1436.42     7.8885     8.0215    92.7250    94.2880  0.000e+00
      27744     48.500     5.0006     4.9999    0.80033    0.80036          1     3.5095     3.2736      97.05      0.605     0.4069     0.2137  1.000e-12  0.1342000     7.3736     7.3741     0.0005    -0.0007     5.8298     5.8302     48.047     49.113    1436.43    1436.43     7.8897     8.0220    92.7400    94.2950  0.000e+00
      27758     49.000     5.0003     4.9998    0.80030    0.80036          1     3.5098     3.2733      97.06      0.745     0.4118     0.2337  1.000e-12  0.1271000     7.3733     7.3740     0.0007    -0.0005     5.8296     5.8302     48.542     49.619    1436.44    1436.44     7.8948     8.0220    92.7990    94.2940  0.000e+00
      27772     49.500     5.0006     4.9998    0.80034    0.80038          1     3.5101     3.2734      97.06      0.825     0.4180     0.2374  1.000e-12  0.1222000     7.3735     7.3741     0.0006    -0.0008     5.8297     5.8302     49.037     50.125    1436.45    1436.45     7.8958     8.0199    92.8120    94.2700  0.000e+00
      27785     50.000     5.0020     5.0002    0.80048    0.80043          1     3.5102     3.2730      77.35      0.865     0.4179     0.2388  1.000e-12  0.1169000     7.3746     7.3744    -0.0002    -0.0018     5.8305     5.8305     49.533     50.632    1436.47    1436.46     7.8946     8.0141    92.8020    94.2020  0.000e+00
      27799     50.500     5.0021     5.0007    0.80049    0.80046          1     3.5099     3.2723      70.38      0.880     0.4166     0.2126  1.000e-12  0.1151000     7.3745     7.3747     0.0001    -0.0015     5.8305     5.8306     50.028     51.138    1436.47    1436.47     7.8945     8.0128    92.8010    94.1890  0.000e+00
      27815     51.000     5.0024     5.0024    0.80052    0.80063          1     3.5103     3.2720      96.68      0.850     0.4076     0.2008  1.000e-12  0.1154000     7.3748     7.3759     0.0011     0.0000     5.8306     5.8315     50.523     51.644    1436.48    1436.48     7.8951     8.0191    92.8090    94.2670  0.000e+00
