ctdpy/tests/etc/exprapp_feb_2020/SBE09_1387_20200206_1704_77_10_0116.cnv
* Sea-Bird SBE 9 Data File:
* FileName = L:\2020\sv20d0116.hex
* Software Version Seasave V 7.26.7.121
* Temperature SN = 6378
* Conductivity SN = 4824
* Number of Bytes Per Scan = 41
* Number of Voltage Words = 4
* Number of Scans Averaged by the Deck Unit = 1
* NMEA Latitude = 58 17.70 N
* NMEA Longitude = 010 50.65 E
* NMEA UTC (Time) = Feb 06 2020  17:04:21
* NMEA baud rate = 4800
** Station:  Å15
** Operator:  DBSj
** Ship: SVEA
** Average sound velocity: 1480.09 m/s
** True-depth calculation Thu, 06 Feb 2020 18:20:22 +0000
** CTD Python Module SMHI /ver 3-12/ feb 2012 
** LIMS Job: 20207710-0116
** Cruise: SMHI-03-2020
** Latitude [GG MM.mm N] :
** Longitude [GGG MM.mm E]:
# nquan = 30
# nvalues = 267                         
# units = specified
# name 0 = scan: Scan Count
# name 1 = prDM: Pressure, Digiquartz [db]
# name 2 = t090C: Temperature [ITS-90, deg C]
# name 3 = t190C: Temperature, 2 [ITS-90, deg C]
# name 4 = c0S/m: Conductivity [S/m]
# name 5 = c1S/m: Conductivity, 2 [S/m]
# name 6 = pumps: Pump Status
# name 7 = sbeox0V: Oxygen raw, SBE 43 [V]
# name 8 = sbeox1V: Oxygen raw, SBE 43, 2 [V]
# name 9 = altM: Altimeter [m]
# name 10 = dz/dtM: Descent Rate [m/s]
# name 11 = flECO-AFL: Chl-a Fluorescence, WET Labs ECO-AFL/FL [mg/m^3]
# name 12 = flECO-AFL1: Phycocyanin Fluorescence, WET Labs ECO-AFL/FL, 2 [mg/m^3]
# name 13 = par: PAR/Irradiance, Biospherical/Lico [µE/(cm^2*s)]
# name 14 = turbWETntu0: Turbidity, WET Labs ECO [NTU]
# name 15 = sal00: Salinity, Practical [PSU]
# name 16 = sal11: Salinity, Practical, 2 [PSU]
# name 17 = secS-priS: Salinity, Practical, Difference, 2 - 1 [PSU]
# name 18 = T2-T190C: Temperature Difference, 2 - 1 [ITS-90, deg C]
# name 19 = sigma-t00: Density [sigma-t, kg/m^3 ]
# name 20 = sigma-t11: Density, 2 [sigma-t, kg/m^3 ]
# name 21 = depSM: Depth [salt water, m], lat = 58.295
# name 22 = depFM: Depth [true depth, m], lat = 58.295
# name 23 = svCM: Sound Velocity [Chen-Millero, m/s]
# name 24 = svCM1: Sound Velocity, 2 [Chen-Millero, m/s]
# name 25 = sbeox0ML/L: Oxygen, SBE 43 [ml/l], WS = 2
# name 26 = sbeox1ML/L: Oxygen, SBE 43, 2 [ml/l], WS = 2
# name 27 = sbeox0PS: Oxygen, SBE 43 [% saturation], WS = 2
# name 28 = sbeox1PS: Oxygen, SBE 43, 2 [% saturation], WS = 2
# name 29 = flag: flag
# span 0 =      39037,      46078       
# span 1 =      1.500,    134.500       
# span 2 =     6.2265,     7.5706       
# span 3 =     6.2258,     7.5637       
# span 4 =   3.245719,   3.575040       
# span 5 =   3.245539,   3.574877       
# span 6 =          1,          1       
# span 7 =     3.4970,     3.5934       
# span 8 =     3.2567,     3.3438       
# span 9 =       2.18,     100.08       
# span 10 =     -0.110,      0.778      
# span 11 =     0.3013,     0.9121      
# span 12 =     0.1599,     0.3503      
# span 13 = -2.268e-06, 1.6227e+00      
# span 14 =     0.2498,     1.9434      
# span 15 =    32.6270,    34.9658      
# span 16 =    32.6259,    34.9643      
# span 17 =    -0.0300,     0.0483      
# span 18 =    -0.0185,     0.0198      
# span 19 =    25.6498,    27.3250      
# span 20 =    25.6490,    27.3239      
# span 21 =      1.486,    133.207      
# span 22 =      1.490,    133.391      
# span 23 =    1472.74,    1482.64      
# span 24 =    1472.72,    1482.63      
# span 25 =     6.1186,     6.6067      
# span 26 =     6.1931,     6.7075      
# span 27 =     91.350,     94.634      
# span 28 =     92.225,     96.092      
# span 29 = 0.0000e+00, 0.0000e+00      
# interval = decibars: 0.5              
# start_time = Feb 06 2020 17:04:22 [NMEA time, first data scan]
# bad_flag = -9.990e-29
*END*
      39037      1.500     6.2359     6.2340    3.24776    3.24714          1     3.5934     3.3437      97.96     -0.110     0.8175     0.2699  1.623e+00  0.2584000    32.6439    32.6390    -0.0049    -0.0020    25.6620    25.6584      1.486      1.490    1472.74    1472.72     6.6038     6.7065    94.6240    96.0880  0.000e+00
      39087      2.000     6.2365     6.2368    3.24794    3.24798          1     3.5909     3.3438      97.98      0.195     0.8618     0.2731  1.492e+00  0.2683000    32.6452    32.6454     0.0002     0.0003    25.6630    25.6631      1.981      1.986    1472.74    1472.74     6.5970     6.7006    94.5280    96.0140  0.000e+00
      39154      2.500     6.2386     6.2381    3.24855    3.24832          1     3.5899     3.3432      97.83      0.163     0.9121     0.2448  1.236e+00  0.2783000    32.6498    32.6476    -0.0021    -0.0005    25.6663    25.6647      2.477      2.483    1472.77    1472.76     6.6008     6.6959    94.5910    95.9510  0.000e+00
      39178      3.000     6.2383     6.2374    3.24850    3.24819          1     3.5903     3.3426      97.92      0.413     0.8203     0.2738  1.172e+00  0.2913000    32.6492    32.6467    -0.0025    -0.0009    25.6659    25.6640      2.972      2.979    1472.77    1472.77     6.6007     6.6902    94.5870    95.8660  0.000e+00
      39201      3.500     6.2384     6.2386    3.24852    3.24844          1     3.5903     3.3421      98.02      0.496     0.8372     0.3027  8.502e-01  0.2972000    32.6491    32.6480    -0.0010     0.0001    25.6658    25.6649      3.467      3.476    1472.78    1472.78     6.6012     6.6936    94.5950    95.9190  0.000e+00
      39231      4.000     6.2370     6.2342    3.24815    3.24739          1     3.5899     3.3420      56.10      0.445     0.8261     0.3050  6.763e-01  0.3066000    32.6460    32.6403    -0.0057    -0.0028    25.6636    25.6594      3.963      3.972    1472.78    1472.76     6.5988     6.6960    94.5550    95.9390  0.000e+00
      39264      4.500     6.2360     6.2348    3.24796    3.24753          1     3.5895     3.3417     100.08      0.338     0.7857     0.2672  5.704e-01  0.2922000    32.6447    32.6411    -0.0036    -0.0013    25.6626    25.6599      4.458      4.469    1472.78    1472.77     6.5984     6.6955    94.5470    95.9330  0.000e+00
      39286      5.000     6.2315     6.2315    3.24688    3.24682          1     3.5887     3.3418      98.03      0.448     0.7983     0.2927  4.671e-01  0.2816000    32.6368    32.6360    -0.0008     0.0001    25.6570    25.6563      4.953      4.965    1472.76    1472.76     6.5974     6.7006    94.5170    95.9960  0.000e+00
      39306      5.500     6.2314     6.2307    3.24683    3.24657          1     3.5887     3.3421      93.07      0.572     0.8092     0.3503  3.809e-01  0.2860000    32.6360    32.6339    -0.0021    -0.0008    25.6563    25.6548      5.449      5.462    1472.77    1472.77     6.6019     6.7020    94.5810    96.0120  0.000e+00
      39329      6.000     6.2318     6.2315    3.24696    3.24676          1     3.5890     3.3422      82.74      0.579     0.8175     0.2683  3.453e-01  0.2917000    32.6368    32.6350    -0.0018    -0.0004    25.6569    25.6555      5.944      5.958    1472.78    1472.78     6.6023     6.7020    94.5890    96.0150  0.000e+00
      39354      6.500     6.2308     6.2309    3.24672    3.24663          1     3.5887     3.3428      97.80      0.497     0.8210     0.2796  2.659e-01  0.3090000    32.6348    32.6339    -0.0010     0.0000    25.6555    25.6547      6.440      6.455    1472.78    1472.78     6.5977     6.7075    94.5190    96.0920  0.000e+00
      39382      7.000     6.2277     6.2277    3.24587    3.24576          1     3.5876     3.3432      98.02      0.446     0.8170     0.2556  2.188e-01  0.3034000    32.6281    32.6269    -0.0012     0.0000    25.6506    25.6496      6.935      6.951    1472.77    1472.77     6.6009     6.7053    94.5540    96.0480  0.000e+00
      39411      7.500     6.2268     6.2258    3.24573    3.24554          1     3.5886     3.3432      98.03      0.413     0.8072     0.2807  1.628e-01  0.2982000    32.6272    32.6260    -0.0012    -0.0010    25.6500    25.6492      7.430      7.448    1472.77    1472.77     6.6067     6.7033    94.6340    96.0140  0.000e+00
      39436      8.000     6.2265     6.2266    3.24572    3.24561          1     3.5890     3.3426      98.03      0.446     0.8080     0.2829  1.409e-01  0.2963000    32.6271    32.6259    -0.0012     0.0000    25.6499    25.6490      7.926      7.944    1472.78    1472.78     6.6053     6.6969    94.6140    95.9240  0.000e+00
      39459      8.500     6.2270     6.2270    3.24577    3.24571          1     3.5889     3.3417      89.80      0.498     0.8064     0.3239  9.238e-02  0.2939000    32.6270    32.6263    -0.0008     0.0000    25.6498    25.6492      8.421      8.441    1472.79    1472.79     6.6036     6.6937    94.5900    95.8800  0.000e+00
      39482      9.000     6.2398     6.2351    3.24852    3.24735          1     3.5886     3.3408      39.26      0.528     0.8049     0.2980  6.624e-02  0.3045000    32.6451    32.6366    -0.0085    -0.0047    25.6625    25.6563      8.916      8.938    1472.87    1472.84     6.6005     6.6940    94.5850    95.9100  0.000e+00
      39504      9.500     6.2412     6.2406    3.24872    3.24850          1     3.5880     3.3406      98.88      0.539     0.8057     0.2767  6.308e-02  0.3041000    32.6457    32.6438    -0.0019    -0.0006    25.6628    25.6613      9.412      9.434    1472.89    1472.88     6.5965     6.6909    94.5310    95.8820  0.000e+00
      39526     10.000     6.2400     6.2410    3.24843    3.24857          1     3.5877     3.3397      98.03      0.544     0.8191     0.2659  3.682e-02  0.3151000    32.6434    32.6440     0.0006     0.0010    25.6611    25.6614      9.907      9.931    1472.89    1472.89     6.6013     6.6946    94.5960    95.9370  0.000e+00
      39553     10.500     6.2432     6.2427    3.24926    3.24904          1     3.5882     3.3406      98.03      0.492     0.7892     0.2757  2.757e-02  0.3101000    32.6493    32.6474    -0.0019    -0.0005    25.6653    25.6639     10.402     10.427    1472.92    1472.91     6.6025     6.7037    94.6240    96.0730  0.000e+00
      39587     11.000     6.2428     6.2439    3.24915    3.24933          1     3.5878     3.3410      94.68      0.361     0.7989     0.3187  4.476e-03  0.2957000    32.6482    32.6492     0.0010     0.0011    25.6645    25.6652     10.897     10.924    1472.92    1472.93     6.5989     6.6955    94.5710    95.9580  0.000e+00
      39614     11.500     6.2467     6.2476    3.25028    3.25053          1     3.5875     3.3403      48.84      0.394     0.7971     0.2490  1.074e-03  0.2964000    32.6568    32.6587     0.0019     0.0009    25.6709    25.6722     11.393     11.420    1472.95    1472.96     6.5955     6.6886    94.5360    95.8740  0.000e+00
      39634     12.000     6.2537     6.2531    3.25252    3.25224          1     3.5864     3.3394      98.12      0.510     0.7859     0.3113 -2.268e-06  0.3073000    32.6748    32.6723    -0.0025    -0.0006    25.6842    25.6823     11.888     11.917    1473.01    1473.01     6.5908     6.6832    94.4960    95.8170  0.000e+00
      39653     12.500     6.2607     6.2603    3.25441    3.25422          1     3.5859     3.3384      98.03      0.600     0.8075     0.3335  1.000e-12  0.3226000    32.6889    32.6872    -0.0016    -0.0005    25.6944    25.6931     12.383     12.413    1473.07    1473.06     6.5906     6.6825    94.5170    95.8330  0.000e+00
      39673     13.000     6.2737     6.2743    3.25755    3.25774          1     3.5856     3.3383      98.03      0.622     0.8065     0.3159  1.000e-12  0.3328000    32.7111    32.7127     0.0016     0.0006    25.7103    25.7114     12.879     12.910    1473.16    1473.16     6.5862     6.6858    94.4960    95.9280  0.000e+00
      39697     13.500     6.2827     6.2823    3.26083    3.26059          1     3.5851     3.3386      98.03      0.558     0.8052     0.3236  1.000e-12  0.3349000    32.7386    32.7364    -0.0022    -0.0004    25.7309    25.7292     13.374     13.406    1473.23    1473.23     6.5851     6.6855    94.5180    95.9570  0.000e+00
      39723     14.000     6.2868     6.2877    3.26249    3.26270          1     3.5850     3.3384      98.03      0.483     0.7787     0.2630  1.000e-12  0.3203000    32.7530    32.7544     0.0014     0.0009    25.7417    25.7427     13.869     13.903    1473.28    1473.28     6.5848     6.6807    94.5310    95.9100  0.000e+00
      39752     14.500     6.2897     6.2892    3.26383    3.26372          1     3.5850     3.3381      98.03      0.430     0.7788     0.2696  1.000e-12  0.3227000    32.7649    32.7641    -0.0008    -0.0005    25.7507    25.7502     14.365     14.399    1473.31    1473.31     6.5837     6.6758    94.5300    95.8500  0.000e+00
      39781     15.000     6.2899     6.2897    3.26460    3.26446          1     3.5848     3.3370      97.65      0.400     0.7694     0.2727  1.000e-12  0.3370000    32.7730    32.7716    -0.0013    -0.0002    25.7571    25.7561     14.860     14.896    1473.33    1473.33     6.5838     6.6708    94.5370    95.7840  0.000e+00
      39804     15.500     6.2929     6.2933    3.26546    3.26548          1     3.5848     3.3362      97.72      0.457     0.7562     0.2867  1.000e-12  0.3104000    32.7794    32.7792    -0.0002     0.0004    25.7617    25.7615     15.355     15.392    1473.36    1473.36     6.5794     6.6662    94.4840    95.7320  0.000e+00
      39825     16.000     6.3039     6.3040    3.26775    3.26768          1     3.5833     3.3349      98.03      0.543     0.7829     0.3269  1.000e-12  0.3283000    32.7940    32.7931    -0.0008     0.0002    25.7719    25.7712     15.851     15.889    1473.43    1473.43     6.5672     6.6544    94.3430    95.5950  0.000e+00
      39845     16.500     6.3151     6.3152    3.26966    3.26965          1     3.5812     3.3330      98.02      0.596     0.7729     0.3179  1.000e-12  0.3420000    32.8042    32.8040    -0.0002     0.0001    25.7785    25.7784     16.346     16.385    1473.49    1473.49     6.5575     6.6463    94.2340    95.5100  0.000e+00
      39867     17.000     6.3345     6.3319    3.27257    3.27225          1     3.5786     3.3314      98.03      0.580     0.7628     0.2964  1.000e-12  0.3507000    32.8176    32.8166    -0.0010    -0.0026    25.7867    25.7862     16.841     16.882    1473.60    1473.58     6.5479     6.6434    94.1470    95.5130  0.000e+00
      39895     17.500     6.3551     6.3544    3.27619    3.27601          1     3.5766     3.3304      98.03      0.468     0.7316     0.2703  1.000e-12  0.3364000    32.8378    32.8364    -0.0014    -0.0007    25.8000    25.7990     17.337     17.378    1473.71    1473.70     6.5564     6.6568    94.3270    95.7680  0.000e+00
      39929     18.000     6.3911     6.3933    3.28404    3.28438          1     3.5798     3.3332      90.23      0.360     0.7183     0.2897  1.000e-12  0.3312000    32.8900    32.8916     0.0016     0.0022    25.8366    25.8376     17.832     17.874    1473.93    1473.94     6.5542     6.6443    94.4070    95.7100  0.000e+00
      39957     18.500     6.4356     6.4367    3.29426    3.29447          1     3.5765     3.3285      73.72      0.392     0.7021     0.2679  1.000e-12  0.3193000    32.9601    32.9614     0.0013     0.0011    25.8862    25.8871     18.327     18.371    1474.20    1474.20     6.5014     6.5634    93.7870    94.6840  0.000e+00
      39977     19.000     6.5076     6.5057    3.30696    3.30636          1     3.5684     3.3204      97.71      0.499     0.6820     0.2616  1.000e-12  0.3349000    33.0310    33.0262    -0.0048    -0.0019    25.9328    25.9293     18.823     18.867    1474.58    1474.57     6.4403     6.4948    93.1040    93.8840  0.000e+00
      39995     19.500     6.6874     6.6923    3.33612    3.33686          1     3.5572     3.3105      97.83      0.603     0.6715     0.2490  1.000e-12  0.3453000    33.1789    33.1824     0.0034     0.0049    26.0260    26.0281     19.318     19.364    1475.48    1475.50     6.3661     6.4193    92.5060    93.2910  0.000e+00
      40014     20.000     6.8392     6.8436    3.36265    3.36304          1     3.5453     3.3002      98.02      0.655     0.6340     0.2418  1.000e-12  0.3344000    33.3237    33.3237     0.0001     0.0044    26.1200    26.1194     19.813     19.860    1476.26    1476.28     6.3235     6.3848    92.2980    93.2010  0.000e+00
      40036     20.500     6.9929     6.9942    3.38823    3.38762          1     3.5377     3.2932      93.22      0.611     0.5798     0.3124  1.000e-12  0.3081000    33.4549    33.4470    -0.0079     0.0013    26.2026    26.1963     20.309     20.356    1477.03    1477.03     6.3116     6.3769    92.5300    93.4850  0.000e+00
      40065     21.000     7.0855     7.0669    3.40433    3.40021          1     3.5356     3.2879      68.27      0.466     0.5294     0.2425  1.000e-12  0.2895000    33.5409    33.5139    -0.0271    -0.0185    26.2578    26.2390     20.804     20.853    1477.51    1477.40     6.3052     6.3622    92.6860    93.4660  0.000e+00
      40099     21.500     7.1190     7.1325    3.41019    3.41160          1     3.5285     3.2782      98.94      0.351     0.4988     0.2518  1.000e-12  0.2608000    33.5721    33.5743     0.0022     0.0135    26.2778    26.2776     21.299     21.349    1477.68    1477.74     6.2393     6.2787    91.8050    92.4140  0.000e+00
      40127     22.000     7.2657     7.2856    3.44015    3.44566          1     3.5128     3.2651      98.02      0.380     0.4833     0.2648  1.000e-12  0.2498000    33.7557    33.7963     0.0406     0.0198    26.4020    26.4311     21.794     21.845    1478.49    1478.62     6.1801     6.2348    91.3500    92.2250  0.000e+00
      40148     22.500     7.4465     7.4652    3.48677    3.49291          1     3.5077     3.2608      98.01      0.498     0.4282     0.2723  1.000e-12  0.2675000    34.0854    34.1337     0.0483     0.0187    26.6359    26.6712     22.290     22.341    1479.60    1479.74     6.1522     6.2147    91.5110    92.5090  0.000e+00
      40167     23.000     7.5706     7.5637    3.53369    3.53029          1     3.5049     3.2585      89.22      0.596     0.3818     0.3152  1.000e-12  0.2811000    34.4721    34.4420    -0.0300    -0.0069    26.9222    26.8996     22.785     22.837    1480.57    1480.50     6.1186     6.1931    91.5000    92.5810  0.000e+00
      40189     23.500     7.5271     7.5212    3.54062    3.53801          1     3.5023     3.2569      97.21      0.600     0.3685     0.2734  1.000e-12  0.3112000    34.5903    34.5679    -0.0223    -0.0060    27.0215    27.0048     23.280     23.333    1480.56    1480.51     6.1192     6.2017    91.4890    92.6960  0.000e+00
      40216     24.000     7.5254     7.5263    3.54126    3.54029          1     3.5005     3.2570      98.00      0.487     0.3599     0.2283  1.000e-12  0.3203000    34.5988    34.5873    -0.0114     0.0009    27.0284    27.0193     23.776     23.829    1480.57    1480.56     6.1211     6.2133    91.5180    92.8920  0.000e+00
      40243     24.500     7.5305     7.5253    3.54154    3.54099          1     3.4998     3.2578      98.00      0.423     0.3467     0.2198  1.000e-12  0.3066000    34.5964    34.5956    -0.0008    -0.0052    27.0258    27.0259     24.271     24.325    1480.59    1480.57     6.1255     6.2231    91.5950    93.0420  0.000e+00
      40268     25.000     7.5151     7.5112    3.54087    3.54033          1     3.5010     3.2603      97.99      0.468     0.3442     0.2202  1.000e-12  0.3317000    34.6043    34.6023    -0.0020    -0.0038    27.0343    27.0332     24.766     24.821    1480.55    1480.54     6.1351     6.2402    91.7100    93.2720  0.000e+00
