ctdpy/tests/etc/exprapp_feb_2020/SBE09_1387_20200202_1316_77_10_0096.cnv
* Sea-Bird SBE 9 Data File:
* FileName = L:\2020\sv20d0096.hex
* Software Version Seasave V 7.26.7.121
* Temperature SN = 6378
* Conductivity SN = 4824
* Number of Bytes Per Scan = 41
* Number of Voltage Words = 4
* Number of Scans Averaged by the Deck Unit = 1
* NMEA Latitude = 58 30.15 N
* NMEA Longitude = 010 50.85 E
* NMEA UTC (Time) = Feb 02 2020  13:16:16
* NMEA baud rate = 4800
** Station:  5W Vaderoarna
** Operator:  A-KTh
** Ship: SVEA
** Average sound velocity: 1478.74 m/s
** True-depth calculation Sun, 02 Feb 2020 13:43:01 +0000
** CTD Python Module SMHI /ver 3-12/ feb 2012 
** LIMS Job: 20207710-0096
** Cruise: SMHI-02-2020
** Latitude [GG MM.mm N] :
** Longitude [GGG MM.mm E]:
# nquan = 30
# nvalues = 185                         
# units = specified
# name 0 = scan: Scan Count
# name 1 = prDM: Pressure, Digiquartz [db]
# name 2 = t090C: Temperature [ITS-90, deg C]
# name 3 = t190C: Temperature, 2 [ITS-90, deg C]
# name 4 = c0S/m: Conductivity [S/m]
# name 5 = c1S/m: Conductivity, 2 [S/m]
# name 6 = pumps: Pump Status
# name 7 = sbeox0V: Oxygen raw, SBE 43 [V]
# name 8 = sbeox1V: Oxygen raw, SBE 43, 2 [V]
# name 9 = altM: Altimeter [m]
# name 10 = dz/dtM: Descent Rate [m/s]
# name 11 = flECO-AFL: Chl-a Fluorescence, WET Labs ECO-AFL/FL [mg/m^3]
# name 12 = flECO-AFL1: Phycocyanin Fluorescence, WET Labs ECO-AFL/FL, 2 [mg/m^3]
# name 13 = par: PAR/Irradiance, Biospherical/Lico [µE/(cm^2*s)]
# name 14 = turbWETntu0: Turbidity, WET Labs ECO [NTU]
# name 15 = sal00: Salinity, Practical [PSU]
# name 16 = sal11: Salinity, Practical, 2 [PSU]
# name 17 = secS-priS: Salinity, Practical, Difference, 2 - 1 [PSU]
# name 18 = T2-T190C: Temperature Difference, 2 - 1 [ITS-90, deg C]
# name 19 = sigma-t00: Density [sigma-t, kg/m^3 ]
# name 20 = sigma-t11: Density, 2 [sigma-t, kg/m^3 ]
# name 21 = depSM: Depth [salt water, m], lat = 58.5025
# name 22 = depFM: Depth [true depth, m], lat = 58.5025
# name 23 = svCM: Sound Velocity [Chen-Millero, m/s]
# name 24 = svCM1: Sound Velocity, 2 [Chen-Millero, m/s]
# name 25 = sbeox0ML/L: Oxygen, SBE 43 [ml/l], WS = 2
# name 26 = sbeox1ML/L: Oxygen, SBE 43, 2 [ml/l], WS = 2
# name 27 = sbeox0PS: Oxygen, SBE 43 [% saturation], WS = 2
# name 28 = sbeox1PS: Oxygen, SBE 43, 2 [% saturation], WS = 2
# name 29 = flag: flag
# span 0 =      14550,      19977       
# span 1 =      3.000,     95.000       
# span 2 =     5.9685,     7.2830       
# span 3 =     5.9674,     7.2829       
# span 4 =   3.001229,   3.527020       
# span 5 =   3.001345,   3.526889       
# span 6 =          1,          1       
# span 7 =     3.5256,     3.5739       
# span 8 =     3.2847,     3.3301       
# span 9 =       3.14,     108.28       
# span 10 =     -0.279,      1.497      
# span 11 =     0.3684,     1.0903      
# span 12 =     0.1882,     0.3988      
# span 13 = -8.584e-05, 4.1331e+01      
# span 14 =     0.3562,     2.4603      
# span 15 =    30.1475,    34.6509      
# span 16 =    30.1486,    34.6497      
# span 17 =    -0.2864,     0.1286      
# span 18 =    -0.0553,     0.0239      
# span 19 =    23.7238,    27.1041      
# span 20 =    23.7246,    27.1032      
# span 21 =      2.972,     94.094      
# span 22 =      2.985,     94.246      
# span 23 =    1468.56,    1480.87      
# span 24 =    1468.55,    1480.87      
# span 25 =     6.2518,     6.7309      
# span 26 =     6.3416,     6.8368      
# span 27 =     92.371,     94.280      
# span 28 =     93.587,     95.755      
# span 29 = 0.0000e+00, 0.0000e+00      
# interval = decibars: 0.5              
# start_time = Feb 02 2020 13:16:16 [NMEA time, first data scan]
# bad_flag = -9.990e-29
*END*
[from data line 49]
      16175     27.500     6.9641     6.9639    3.44234    3.44220          1     3.5444     3.3020      70.73      0.535     0.5492     0.2933  5.577e-01  0.4647000    34.0739    34.0725    -0.0014    -0.0002    26.6941    26.6931     27.242     27.305    1477.81    1477.81     6.3305     6.4288    93.1240    94.5690  0.000e+00
      16184     28.000     6.9683     6.9680    3.44497    3.44481          1     3.5434     3.3019      70.51      0.781     0.5613     0.2493  5.179e-01  0.5500000    34.0984    34.0969    -0.0015    -0.0003    26.7128    26.7117     27.738     27.801    1477.86    1477.86     6.3268     6.4309    93.0940    94.6240  0.000e+00
      16193     28.500     6.9742     6.9739    3.44821    3.44795          1     3.5434     3.3019      70.06      1.004     0.5599     0.2511  4.725e-01  0.5486000    34.1279    34.1253    -0.0026    -0.0003    26.7353    26.7333     28.233     28.298    1477.93    1477.93     6.3271     6.4313    93.1290    94.6610  0.000e+00
      16201     29.000     6.9775     6.9771    3.44950    3.44928          1     3.5425     3.3019      69.06      1.188     0.5574     0.2833  4.240e-01  0.5471000    34.1385    34.1365    -0.0020    -0.0004    26.7432    26.7417     28.728     28.794    1477.97    1477.96     6.3271     6.4338    93.1430    94.7100  0.000e+00
      16210     29.500     6.9856     6.9852    3.45184    3.45159          1     3.5433     3.3024      68.74      1.313     0.5468     0.3239  3.729e-01  0.5425000    34.1560    34.1537    -0.0023    -0.0004    26.7559    26.7541     29.223     29.290    1478.03    1478.03     6.3288     6.4353    93.1950    94.7610  0.000e+00
      16222     30.000     6.9952     6.9947    3.45370    3.45352          1     3.5434     3.3030      68.26      1.328     0.5471     0.3212  3.237e-01  0.5454000    34.1667    34.1652    -0.0014    -0.0005    26.7630    26.7619     29.719     29.786    1478.09    1478.08     6.3272     6.4378    93.1990    94.8260  0.000e+00
      16305     30.500     7.0031     7.0011    3.45506    3.45449          1     3.5441     3.3043      78.41      0.572     0.5226     0.2842  3.001e-01  0.4975000    34.1736    34.1692    -0.0044    -0.0020    26.7673    26.7641     30.214     30.282    1478.14    1478.12     6.3264     6.4270    93.2070    94.6840  0.000e+00
      16363     31.000     7.0068     7.0065    3.45607    3.45590          1     3.5444     3.3032      30.76      0.429     0.5115     0.3093  2.956e-01  0.5063000    34.1807    34.1791    -0.0016    -0.0003    26.7724    26.7712     30.709     30.777    1478.17    1478.17     6.3222     6.4067    93.1590    94.4020  0.000e+00
      16375     31.500     7.0164     7.0157    3.45913    3.45886          1     3.5434     3.3016      50.65      0.638     0.5102     0.3245  2.815e-01  0.5386000    34.2045    34.2023    -0.0022    -0.0008    26.7898    26.7882     31.204     31.273    1478.24    1478.24     6.3154     6.4040    93.0930    94.3960  0.000e+00
      16387     32.000     7.0646     7.0615    3.47140    3.47054          1     3.5424     3.3006      65.98      0.804     0.5122     0.3243  2.640e-01  0.5914000    34.2910    34.2848    -0.0063    -0.0032    26.8513    26.8469     31.700     31.769    1478.55    1478.53     6.3014     6.3966    93.0430    94.4370  0.000e+00
      16398     32.500     7.1043     7.1056    3.47947    3.47966          1     3.5420     3.3004      65.69      0.932     0.5023     0.3256  2.419e-01  0.6024000    34.3399    34.3407     0.0008     0.0013    26.8843    26.8848     32.195     32.265    1478.77    1478.78     6.2940     6.3932    93.0480    94.5170  0.000e+00
      16408     33.000     7.1298     7.1308    3.48386    3.48393          1     3.5408     3.3000      65.58      1.032     0.4616     0.3011  2.130e-01  0.6522000    34.3622    34.3620    -0.0002     0.0009    26.8984    26.8981     32.690     32.761    1478.90    1478.91     6.2898     6.3943    93.0530    94.6010  0.000e+00
      16419     33.500     7.1506     7.1520    3.48735    3.48748          1     3.5410     3.3003      65.22      1.101     0.4630     0.2360  1.786e-01  0.6524000    34.3795    34.3796     0.0000     0.0014    26.9091    26.9089     33.185     33.257    1479.01    1479.02     6.2912     6.3948    93.1300    94.6650  0.000e+00
      16432     34.000     7.1590     7.1590    3.48910    3.48902          1     3.5413     3.3010      64.51      1.110     0.4428     0.2364  1.522e-01  0.6426000    34.3902    34.3892    -0.0010     0.0001    26.9163    26.9155     33.681     33.753    1479.07    1479.06     6.2956     6.3977    93.2180    94.7300  0.000e+00
      16479     34.500     7.1563     7.1548    3.48906    3.48859          1     3.5412     3.3009      61.79      0.798     0.4363     0.2299  1.356e-01  0.6204000    34.3921    34.3885    -0.0036    -0.0015    26.9182    26.9155     34.176     34.249    1479.07    1479.06     6.2944     6.3948    93.1960    94.6780  0.000e+00
      16563     35.000     7.1593     7.1587    3.49089    3.49074          1     3.5378     3.2990      39.75      0.628     0.4361     0.2181  1.282e-01  0.5978000    34.4089    34.4079    -0.0010    -0.0006    26.9310    26.9303     34.671     34.745    1479.11    1479.10     6.2857     6.3887    93.0840    94.6070  0.000e+00
      16569     35.500     7.1574     7.1567    3.49118    3.49107          1     3.5385     3.2992      31.84      0.920     0.4389     0.2582  1.113e-01  0.5977000    34.4139    34.4132    -0.0006    -0.0006    26.9352    26.9348     35.167     35.241    1479.11    1479.11     6.2880     6.3874    93.1170    94.5870  0.000e+00
      16578     36.000     7.1555     7.1550    3.49141    3.49123          1     3.5386     3.2992      26.47      1.138     0.4468     0.2797  9.901e-02  0.6741000    34.4180    34.4165    -0.0015    -0.0005    26.9387    26.9376     35.662     35.737    1479.12    1479.12     6.2880     6.3876    93.1150    94.5880  0.000e+00
      16587     36.500     7.1543     7.1539    3.49152    3.49141          1     3.5393     3.2992      78.76      1.290     0.4494     0.2803  8.635e-02  0.6947000    34.4201    34.4193    -0.0008    -0.0004    26.9405    26.9399     36.157     36.233    1479.13    1479.13     6.2891     6.3879    93.1310    94.5930  0.000e+00
      16599     37.000     7.1518     7.1519    3.49202    3.49184          1     3.5389     3.2992      74.64      1.302     0.4423     0.2562  7.727e-02  0.7099000    34.4278    34.4257    -0.0021     0.0001    26.9469    26.9453     36.652     36.729    1479.14    1479.13     6.2861     6.3881    93.0850    94.5960  0.000e+00
      16627     37.500     7.1511     7.1514    3.49208    3.49196          1     3.5380     3.2990      61.14      0.727     0.4234     0.2693  7.260e-02  0.6544000    34.4289    34.4273    -0.0015     0.0003    26.9479    26.9466     37.148     37.225    1479.14    1479.14     6.2811     6.3850    93.0110    94.5500  0.000e+00
      16668     38.000     7.1503     7.1502    3.49260    3.49266          1     3.5372     3.2979      59.53      0.211     0.3907     0.2214  5.952e-02  0.5535000    34.4351    34.4359     0.0009    -0.0002    26.9529    26.9536     37.643     37.720    1479.15    1479.15     6.2840     6.3823    93.0570    94.5110  0.000e+00
      16687     38.500     7.1506     7.1504    3.49355    3.49328          1     3.5372     3.2979      59.25      0.445     0.4275     0.2655  5.691e-02  0.6896000    34.4450    34.4423    -0.0027    -0.0002    26.9606    26.9585     38.138     38.216    1479.18    1479.17     6.2847     6.3870    93.0720    94.5850  0.000e+00
      16709     39.000     7.1509     7.1507    3.49414    3.49386          1     3.5376     3.2982      58.78      0.575     0.4155     0.2653  4.653e-02  0.6886000    34.4510    34.4480    -0.0030    -0.0001    26.9653    26.9630     38.633     38.712    1479.19    1479.19     6.2866     6.3883    93.1050    94.6090  0.000e+00
      16747     39.500     7.1507     7.1513    3.49512    3.49550          1     3.5381     3.2987      58.06      0.342     0.4082     0.2194  2.746e-02  0.6204000    34.4616    34.4653     0.0037     0.0005    26.9737    26.9765     39.129     39.208    1479.21    1479.22     6.2862     6.3890    93.1050    94.6320  0.000e+00
      16776     40.000     7.1613     7.1621    3.49851    3.49860          1     3.5381     3.2985      57.57      0.329     0.4048     0.2333  1.466e-02  0.6278000    34.4879    34.4882     0.0003     0.0008    26.9929    26.9930     39.624     39.704    1479.30    1479.30     6.2855     6.3810    93.1330    94.5500  0.000e+00
      16793     40.500     7.1851     7.1840    3.50227    3.50200          1     3.5387     3.2981      57.13      0.526     0.3995     0.2391  8.252e-03  0.6630000    34.5050    34.5033    -0.0017    -0.0012    27.0031    27.0019     40.119     40.200    1479.42    1479.41     6.2811     6.3774    93.1290    94.5530  0.000e+00
      16811     41.000     7.2058     7.2040    3.50541    3.50510          1     3.5382     3.2981      56.70      0.664     0.3901     0.2586  2.604e-03  0.7133000    34.5185    34.5169    -0.0016    -0.0018    27.0108    27.0098     40.614     40.696    1479.52    1479.51     6.2710     6.3756    93.0320    94.5790  0.000e+00
      16836     41.500     7.2138     7.2130    3.50691    3.50683          1     3.5368     3.2980      56.17      0.578     0.3900     0.2760  3.547e-03  0.7111000    34.5268    34.5266    -0.0002    -0.0007    27.0162    27.0161     41.110     41.192    1479.57    1479.57     6.2686     6.3711    93.0190    94.5380  0.000e+00
      16868     42.000     7.2110     7.2121    3.50727    3.50759          1     3.5370     3.2967      55.61      0.370     0.3838     0.2700 -8.584e-05  0.6558000    34.5332    34.5356     0.0025     0.0011    27.0216    27.0234     41.605     41.688    1479.58    1479.58     6.2746     6.3640    93.1060    94.4350  0.000e+00
      16889     42.500     7.2033     7.1988    3.50753    3.50695          1     3.5369     3.2959      55.17      0.447     0.3684     0.2630 -1.548e-06  0.6526000    34.5436    34.5417    -0.0019    -0.0045    27.0309    27.0300     42.100     42.183    1479.57    1479.55     6.2682     6.3654    93.0010    94.4320  0.000e+00
      16904     43.000     7.1916     7.1891    3.50644    3.50605          1     3.5358     3.2955      54.82      0.604     0.3778     0.2568  1.000e-12  0.7754000    34.5430    34.5412    -0.0019    -0.0024    27.0321    27.0310     42.595     42.679    1479.53    1479.52     6.2673     6.3691    92.9620    94.4650  0.000e+00
      16919     43.500     7.1886     7.1879    3.50647    3.50622          1     3.5351     3.2954      54.40      0.739     0.3856     0.2346  1.000e-12  0.8066000    34.5461    34.5441    -0.0020    -0.0007    27.0349    27.0335     43.091     43.175    1479.53    1479.53     6.2694     6.3679    92.9890    94.4460  0.000e+00
      16939     44.000     7.1893     7.1900    3.50672    3.50654          1     3.5347     3.2946      53.76      0.735     0.4071     0.2493  1.000e-12  0.8465000    34.5479    34.5452    -0.0027     0.0007    27.0362    27.0340     43.586     43.671    1479.54    1479.54     6.2691     6.3677    92.9870    94.4500  0.000e+00
      16998     44.500     7.1902     7.1901    3.50694    3.50678          1     3.5334     3.2933      52.95      0.167     0.4020     0.2553  1.000e-12  0.7081000    34.5493    34.5474    -0.0018    -0.0000    27.0372    27.0358     44.081     44.167    1479.56    1479.55     6.2702     6.3632    93.0050    94.3840  0.000e+00
      17023     45.000     7.1913     7.1910    3.50736    3.50714          1     3.5338     3.2927      52.65      0.316     0.4007     0.2319  1.000e-12  0.7453000    34.5524    34.5503    -0.0021    -0.0003    27.0395    27.0379     44.576     44.663    1479.57    1479.57     6.2743     6.3658    93.0700    94.4270  0.000e+00
      17036     45.500     7.1920     7.1917    3.50786    3.50770          1     3.5344     3.2927      52.38      0.562     0.4031     0.2216  1.000e-12  0.7940000    34.5570    34.5554    -0.0015    -0.0003    27.0430    27.0418     45.072     45.159    1479.59    1479.59     6.2737     6.3689    93.0660    94.4760  0.000e+00
      17047     46.000     7.1918     7.1913    3.50804    3.50787          1     3.5344     3.2931      51.93      0.781     0.4159     0.1887  1.000e-12  0.8715000    34.5588    34.5575    -0.0013    -0.0005    27.0445    27.0435     45.567     45.654    1479.60    1479.60     6.2712     6.3710    93.0290    94.5090  0.000e+00
      17057     46.500     7.1913     7.1910    3.50811    3.50794          1     3.5341     3.2931      51.50      0.963     0.4377     0.1912  1.000e-12  0.9605000    34.5599    34.5583    -0.0016    -0.0003    27.0454    27.0442     46.062     46.150    1479.61    1479.61     6.2686     6.3727    92.9910    94.5330  0.000e+00
      17068     47.000     7.1917     7.1915    3.50820    3.50806          1     3.5337     3.2931      51.01      1.081     0.4294     0.2453  1.000e-12  0.9467000    34.5603    34.5589    -0.0014    -0.0002    27.0457    27.0446     46.557     46.646    1479.62    1479.62     6.2686     6.3754    92.9910    94.5760  0.000e+00
      17088     47.500     7.1922     7.1919    3.50832    3.50812          1     3.5332     3.2939      50.33      0.984     0.4167     0.2567  1.000e-12  0.9049000    34.5608    34.5589    -0.0019    -0.0003    27.0460    27.0446     47.052     47.142    1479.63    1479.63     6.2695     6.3772    93.0070    94.6020  0.000e+00
      17192     48.000     7.1960     7.1955    3.50915    3.50893          1     3.5276     3.2896      49.23      0.251     0.4044     0.2316  1.000e-12  0.6956000    34.5658    34.5640    -0.0018    -0.0005    27.0494    27.0480     47.548     47.638    1479.66    1479.65     6.2518     6.3545    92.7550    94.2770  0.000e+00
      17202     48.500     7.1972     7.1970    3.50943    3.50932          1     3.5272     3.2894      49.24      0.569     0.4042     0.2364  1.000e-12  0.8753000    34.5675    34.5664    -0.0010    -0.0002    27.0505    27.0497     48.043     48.134    1479.67    1479.67     6.2523     6.3556    92.7660    94.2970  0.000e+00
      17213     49.000     7.1963     7.1962    3.50984    3.50971          1     3.5269     3.2894      48.93      0.806     0.4016     0.2379  1.000e-12  0.8742000    34.5726    34.5713    -0.0013    -0.0001    27.0547    27.0537     48.538     48.630    1479.69    1479.68     6.2541     6.3570    92.7950    94.3200  0.000e+00
      17222     49.500     7.1811     7.1807    3.50940    3.50922          1     3.5268     3.2888      48.53      0.996     0.4038     0.2389  1.000e-12  0.9055000    34.5828    34.5813    -0.0015    -0.0004    27.0648    27.0637     49.034     49.125    1479.65    1479.65     6.2569     6.3583    92.8100    94.3120  0.000e+00
      17233     50.000     7.1636     7.1632    3.50831    3.50817          1     3.5268     3.2890      48.03      1.128     0.4040     0.2368  1.000e-12  0.9197000    34.5880    34.5869    -0.0011    -0.0003    27.0714    27.0706     49.529     49.621    1479.60    1479.59     6.2611     6.3603    92.8390    94.3070  0.000e+00
      17245     50.500     7.1405     7.1404    3.50651    3.50631          1     3.5265     3.2886      47.52      1.162     0.4207     0.2427  1.000e-12  0.9672000    34.5913    34.5893    -0.0020    -0.0002    27.0772    27.0757     50.024     50.117    1479.52    1479.52     6.2654     6.3638    92.8550    94.3110  0.000e+00
