ctdpy/tests/etc/exprapp_feb_2020/SBE09_1387_20200211_0511_77_10_0140.cnv
* Sea-Bird SBE 9 Data File:
* FileName = L:\2020\sv20d0140.hex
* Software Version Seasave V 7.26.7.121
* Temperature SN = 6378
* Conductivity SN = 4824
* Number of Bytes Per Scan = 41
* Number of Voltage Words = 4
* Number of Scans Averaged by the Deck Unit = 1
* NMEA Latitude = 59 02.08 N
* NMEA Longitude = 021 06.12 E
* NMEA UTC (Time) = Feb 11 2020  05:11:02
* NMEA baud rate = 4800
** Station:  BY28
** Operator:  SSip
** Ship: SVEA
** Average sound velocity: 1443.90 m/s
** True-depth calculation Tue, 11 Feb 2020 06:26:08 +0000
** CTD Python Module SMHI /ver 3-12/ feb 2012 
** LIMS Job: 20207710-0140
** Cruise: SMHI-03-2020
** Latitude [GG MM.mm N] :
** Longitude [GGG MM.mm E]:
# nquan = 30
# nvalues = 399                         
# units = specified
# name 0 = scan: Scan Count
# name 1 = prDM: Pressure, Digiquartz [db]
# name 2 = t090C: Temperature [ITS-90, deg C]
# name 3 = t190C: Temperature, 2 [ITS-90, deg C]
# name 4 = c0S/m: Conductivity [S/m]
# name 5 = c1S/m: Conductivity, 2 [S/m]
# name 6 = pumps: Pump Status
# name 7 = sbeox0V: Oxygen raw, SBE 43 [V]
# name 8 = sbeox1V: Oxygen raw, SBE 43, 2 [V]
# name 9 = altM: Altimeter [m]
# name 10 = dz/dtM: Descent Rate [m/s]
# name 11 = flECO-AFL: Chl-a Fluorescence, WET Labs ECO-AFL/FL [mg/m^3]
# name 12 = flECO-AFL1: Phycocyanin Fluorescence, WET Labs ECO-AFL/FL, 2 [mg/m^3]
# name 13 = par: PAR/Irradiance, Biospherical/Lico [µE/(cm^2*s)]
# name 14 = turbWETntu0: Turbidity, WET Labs ECO [NTU]
# name 15 = sal00: Salinity, Practical [PSU]
# name 16 = sal11: Salinity, Practical, 2 [PSU]
# name 17 = secS-priS: Salinity, Practical, Difference, 2 - 1 [PSU]
# name 18 = T2-T190C: Temperature Difference, 2 - 1 [ITS-90, deg C]
# name 19 = sigma-t00: Density [sigma-t, kg/m^3 ]
# name 20 = sigma-t11: Density, 2 [sigma-t, kg/m^3 ]
# name 21 = depSM: Depth [salt water, m], lat = 59.0347
# name 22 = depFM: Depth [true depth, m], lat = 59.0347
# name 23 = svCM: Sound Velocity [Chen-Millero, m/s]
# name 24 = svCM1: Sound Velocity, 2 [Chen-Millero, m/s]
# name 25 = sbeox0ML/L: Oxygen, SBE 43 [ml/l], WS = 2
# name 26 = sbeox1ML/L: Oxygen, SBE 43, 2 [ml/l], WS = 2
# name 27 = sbeox0PS: Oxygen, SBE 43 [% saturation], WS = 2
# name 28 = sbeox1PS: Oxygen, SBE 43, 2 [% saturation], WS = 2
# name 29 = flag: flag
# span 0 =      31827,      42462       
# span 1 =      4.000,    203.000       
# span 2 =     4.9268,     6.5305       
# span 3 =     4.9261,     6.5303       
# span 4 =   0.760146,   1.242667       
# span 5 =   0.760372,   1.242747       
# span 6 =          1,          1       
# span 7 =     0.7420,     3.5086       
# span 8 =     0.7267,     3.2744       
# span 9 =       3.78,     111.88       
# span 10 =     -0.381,      1.714      
# span 11 =     0.3207,     0.4805      
# span 12 =     0.1327,     0.3093      
# span 13 = -1.761e-05, 4.8217e-01      
# span 14 =     0.1448,     7.8849      
# span 15 =     6.9976,    11.2944      
# span 16 =     6.9999,    11.2954      
# span 17 =    -0.1158,     0.2926      
# span 18 =    -0.0194,     0.0346      
# span 19 =     5.5349,     8.8361      
# span 20 =     5.5367,     8.8369      
# span 21 =      3.962,    201.003      
# span 22 =      4.052,    205.243      
# span 23 =    1434.93,    1450.43      
# span 24 =    1434.93,    1450.43      
# span 25 =     0.0456,     7.8827      
# span 26 =     0.0753,     8.0264      
# span 27 =      0.572,     92.254      
# span 28 =      0.928,     93.938      
# span 29 = 0.0000e+00, 0.0000e+00      
# interval = decibars: 0.5              
# start_time = Feb 11 2020 05:11:02 [NMEA time, first data scan]
# bad_flag = -9.990e-29
*END*
[from data line 49]
      33449     28.500     4.9283     4.9285    0.76077    0.76086          1     3.4990     3.2661      96.90      0.514     0.3620     0.2078  1.000e-12  0.1658000     7.0005     7.0014     0.0008     0.0002     5.5372     5.5378     28.232     28.868    1435.32    1435.32     7.8796     8.0124    92.2220    93.7770  0.000e+00
      33522     29.000     4.9284     4.9287    0.76077    0.76087          1     3.4977     3.2647      96.92      0.105     0.3567     0.2006  1.000e-12  0.1524000     7.0005     7.0014     0.0009     0.0004     5.5371     5.5378     28.727     29.375    1435.33    1435.33     7.8674     8.0013    92.0790    93.6470  0.000e+00
      33539     29.500     4.9289     4.9290    0.76080    0.76087          1     3.4971     3.2640      96.93      0.383     0.3552     0.1907  1.000e-12  0.1585000     7.0005     7.0012     0.0006     0.0001     5.5371     5.5377     29.222     29.881    1435.34    1435.34     7.8711     8.0048    92.1240    93.6890  0.000e+00
      33553     30.000     4.9385     4.9342    0.76131    0.76117          1     3.4975     3.2638      96.93      0.604     0.3567     0.1955  1.000e-12  0.1874000     7.0035     7.0031    -0.0005    -0.0043     5.5392     5.5389     29.717     30.388    1435.40    1435.38     7.8706     8.0054    92.1420    93.7090  0.000e+00
      33566     30.500     4.9390     4.9379    0.76131    0.76132          1     3.4973     3.2636      96.93      0.787     0.3560     0.2619  1.000e-12  0.1876000     7.0034     7.0037     0.0003    -0.0011     5.5390     5.5393     30.213     30.894    1435.41    1435.40     7.8697     8.0078    92.1320    93.7460  0.000e+00
      33578     31.000     4.9348     4.9334    0.76111    0.76111          1     3.4972     3.2638      96.93      0.913     0.3571     0.2524  1.000e-12  0.1709000     7.0022     7.0025     0.0003    -0.0014     5.5383     5.5385     30.708     31.401    1435.40    1435.39     7.8716     8.0109    92.1440    93.7720  0.000e+00
      33599     31.500     4.9314     4.9306    0.76093    0.76097          1     3.4970     3.2638      95.25      0.843     0.3588     0.1719  1.000e-12  0.1755000     7.0011     7.0017     0.0006    -0.0008     5.5375     5.5380     31.203     31.907    1435.38    1435.38     7.8740     8.0099    92.1640    93.7530  0.000e+00
      33690     32.000     4.9456     4.9446    0.76170    0.76174          1     3.4966     3.2625      92.13      0.107     0.3806     0.2137  1.000e-12  0.1448000     7.0056     7.0062     0.0005    -0.0010     5.5406     5.5410     31.698     32.414    1435.46    1435.46     7.8739     7.9974    92.1990    93.6430  0.000e+00
      33699     32.500     4.9476     4.9474    0.76180    0.76187          1     3.4971     3.2622      96.89      0.463     0.3595     0.2189  1.000e-12  0.1628000     7.0062     7.0068     0.0007    -0.0002     5.5409     5.5414     32.194     32.920    1435.48    1435.48     7.8727     7.9966    92.1900    93.6410  0.000e+00
      33709     33.000     4.9452     4.9460    0.76166    0.76177          1     3.4971     3.2616      96.93      0.745     0.3554     0.2206  1.000e-12  0.1635000     7.0052     7.0061     0.0009     0.0008     5.5402     5.5409     32.689     33.427    1435.48    1435.48     7.8730     8.0012    92.1870    93.6900  0.000e+00
      33717     33.500     4.9395     4.9385    0.76135    0.76139          1     3.4969     3.2615      96.95      0.989     0.3610     0.2319  1.000e-12  0.1658000     7.0033     7.0039     0.0006    -0.0010     5.5389     5.5394     33.184     33.933    1435.46    1435.45     7.8734     8.0082    92.1770    93.7530  0.000e+00
      33725     34.000     4.9415     4.9368    0.76148    0.76132          1     3.4969     3.2624      96.95      1.186     0.3792     0.2407  1.000e-12  0.1758000     7.0041     7.0034    -0.0007    -0.0047     5.5395     5.5392     33.679     34.440    1435.47    1435.45     7.8735     8.0146    92.1840    93.8240  0.000e+00
      33734     34.500     4.9398     4.9389    0.76138    0.76144          1     3.4972     3.2626      96.92      1.333     0.3823     0.2455  1.000e-12  0.1762000     7.0034     7.0041     0.0007    -0.0010     5.5390     5.5396     34.174     34.946    1435.47    1435.47     7.8747     8.0133    92.1930    93.8140  0.000e+00
      33746     35.000     4.9411     4.9393    0.76147    0.76146          1     3.4971     3.2624      96.94      1.369     0.3727     0.2156  1.000e-12  0.1723000     7.0039     7.0042     0.0003    -0.0018     5.5394     5.5397     34.670     35.452    1435.49    1435.48     7.8737     8.0052    92.1850    93.7200  0.000e+00
      33858     35.500     4.9430     4.9437    0.76158    0.76170          1     3.4935     3.2626      96.93      0.519     0.3672     0.2211  1.000e-12  0.1759000     7.0045     7.0056     0.0010     0.0007     5.5398     5.5406     35.165     35.959    1435.50    1435.51     7.8632     8.0096    92.0660    93.7830  0.000e+00
      33871     36.000     4.9483     4.9465    0.76185    0.76182          1     3.4934     3.2627      96.93      0.762     0.3690     0.2146  1.000e-12  0.1672000     7.0060     7.0061     0.0001    -0.0018     5.5408     5.5409     35.660     36.465    1435.54    1435.53     7.8647     8.0129    92.0980    93.8290  0.000e+00
      33881     36.500     4.9443     4.9438    0.76165    0.76172          1     3.4934     3.2627      56.35      0.958     0.3684     0.2070  1.000e-12  0.1639000     7.0048     7.0056     0.0008    -0.0006     5.5400     5.5406     36.156     36.972    1435.52    1435.53     7.8694     8.0181    92.1420    93.8820  0.000e+00
      33891     37.000     4.9440     4.9429    0.76162    0.76165          1     3.4941     3.2632      26.92      1.104     0.3664     0.2071  1.000e-12  0.1653000     7.0045     7.0051     0.0005    -0.0011     5.5397     5.5402     36.651     37.478    1435.53    1435.53     7.8726     8.0196    92.1790    93.8970  0.000e+00
      33901     37.500     4.9419     4.9390    0.76153    0.76147          1     3.4944     3.2638      86.60      1.194     0.3563     0.1927  1.000e-12  0.1700000     7.0041     7.0041    -0.0000    -0.0029     5.5395     5.5396     37.146     37.985    1435.53    1435.52     7.8730     8.0181    92.1790    93.8710  0.000e+00
      33913     38.000     4.9393     4.9402    0.76141    0.76155          1     3.4944     3.2634      96.61      1.201     0.3583     0.1922  1.000e-12  0.1701000     7.0034     7.0045     0.0011     0.0009     5.5390     5.5399     37.641     38.491    1435.53    1435.53     7.8699     8.0091    92.1360    93.7690  0.000e+00
      33938     38.500     4.9382     4.9389    0.76137    0.76148          1     3.4941     3.2627      88.26      0.922     0.3755     0.2580  1.000e-12  0.1682000     7.0031     7.0041     0.0010     0.0008     5.5388     5.5396     38.136     38.998    1435.53    1435.53     7.8687     8.0069    92.1190    93.7390  0.000e+00
      34047     39.000     4.9504     4.9496    0.76202    0.76205          1     3.4926     3.2609      97.61      0.219     0.3483     0.2189  1.000e-12  0.1512000     7.0069     7.0073     0.0004    -0.0009     5.5414     5.5418     38.632     39.504    1435.59    1435.59     7.8623     7.9948    92.0740    93.6250  0.000e+00
      34052     39.500     4.9469     4.9460    0.76184    0.76187          1     3.4926     3.2602      96.96      0.579     0.3666     0.2203  1.000e-12  0.1711000     7.0058     7.0063     0.0005    -0.0009     5.5406     5.5410     39.127     40.011    1435.58    1435.58     7.8629     7.9950    92.0730    93.6180  0.000e+00
      34062     40.000     4.9495     4.9497    0.76197    0.76205          1     3.4922     3.2602      96.94      0.833     0.3697     0.2217  1.000e-12  0.1699000     7.0065     7.0073     0.0008     0.0002     5.5411     5.5417     39.622     40.517    1435.60    1435.61     7.8635     7.9979    92.0860    93.6610  0.000e+00
      34070     40.500     4.9522     4.9496    0.76213    0.76207          1     3.4925     3.2601      96.94      1.042     0.3572     0.2165  1.000e-12  0.1643000     7.0074     7.0073    -0.0001    -0.0026     5.5417     5.5418     40.117     41.024    1435.63    1435.61     7.8651     8.0004    92.1120    93.6900  0.000e+00
      34079     41.000     4.9498     4.9491    0.76199    0.76204          1     3.4923     3.2599      83.36      1.207     0.3570     0.2286  1.000e-12  0.1640000     7.0065     7.0072     0.0007    -0.0007     5.5411     5.5416     40.613     41.530    1435.62    1435.62     7.8653     8.0018    92.1080    93.7060  0.000e+00
      34089     41.500     4.9533     4.9527    0.76219    0.76225          1     3.4925     3.2595      22.09      1.302     0.3555     0.2566  1.000e-12  0.1691000     7.0077     7.0084     0.0007    -0.0006     5.5419     5.5425     41.108     42.036    1435.65    1435.65     7.8665     8.0013    92.1320    93.7090  0.000e+00
      34103     42.000     4.9531     4.9504    0.76220    0.76213          1     3.4925     3.2598      73.74      1.235     0.3572     0.2460  1.000e-12  0.1873000     7.0078     7.0076    -0.0001    -0.0028     5.5420     5.5420     41.603     42.543    1435.66    1435.64     7.8693     8.0073    92.1640    93.7730  0.000e+00
      34164     42.500     4.9534     4.9521    0.76222    0.76223          1     3.4921     3.2600      63.79      0.406     0.3587     0.1894  1.000e-12  0.1621000     7.0078     7.0082     0.0004    -0.0013     5.5420     5.5423     42.098     43.049    1435.66    1435.66     7.8637     8.0017    92.0990    93.7130  0.000e+00
      34218     43.000     4.9540     4.9508    0.76225    0.76216          1     3.4909     3.2589      70.37      0.259     0.3623     0.1327  1.000e-12  0.1516000     7.0079     7.0077    -0.0002    -0.0032     5.5420     5.5420     42.593     43.556    1435.68    1435.66     7.8613     7.9944    92.0720    93.6240  0.000e+00
      34233     43.500     4.9477     4.9475    0.76190    0.76197          1     3.4908     3.2584      92.17      0.504     0.3684     0.1329  1.000e-12  0.1520000     7.0057     7.0065     0.0008    -0.0002     5.5406     5.5412     43.089     44.062    1435.65    1435.65     7.8684     8.0003    92.1390    93.6840  0.000e+00
      34247     44.000     4.9319     4.9340    0.76112    0.76131          1     3.4916     3.2587      96.99      0.693     0.3566     0.2214  1.000e-12  0.1634000     7.0013     7.0027     0.0014     0.0021     5.5377     5.5387     43.584     44.569    1435.58    1435.59     7.8772     8.0069    92.2030    93.7270  0.000e+00
      34259     44.500     4.9335     4.9328    0.76121    0.76125          1     3.4923     3.2583      96.93      0.844     0.3572     0.2205  1.000e-12  0.1639000     7.0018     7.0023     0.0005    -0.0007     5.5380     5.5384     44.079     45.075    1435.60    1435.60     7.8770     8.0073    92.2050    93.7290  0.000e+00
      34271     45.000     4.9329     4.9328    0.76119    0.76126          1     3.4922     3.2587      96.95      0.942     0.3438     0.2204  1.000e-12  0.1637000     7.0016     7.0023     0.0007    -0.0001     5.5378     5.5384     44.574     45.582    1435.61    1435.61     7.8737     8.0100    92.1650    93.7590  0.000e+00
      34285     45.500     4.9316     4.9320    0.76112    0.76123          1     3.4921     3.2585      96.92      0.955     0.3505     0.2094  1.000e-12  0.1648000     7.0012     7.0021     0.0010     0.0004     5.5376     5.5383     45.070     46.088    1435.61    1435.61     7.8734     8.0098    92.1570    93.7550  0.000e+00
      34303     46.000     4.9314     4.9314    0.76112    0.76120          1     3.4922     3.2587      96.93      0.837     0.3777     0.1614  1.000e-12  0.1700000     7.0012     7.0020     0.0008    -0.0000     5.5375     5.5382     45.565     46.595    1435.62    1435.61     7.8748     8.0087    92.1730    93.7410  0.000e+00
      34327     46.500     4.9353     4.9329    0.76131    0.76129          1     3.4924     3.2584      96.94      0.608     0.3684     0.2249  1.000e-12  0.1647000     7.0022     7.0024     0.0002    -0.0024     5.5382     5.5385     46.060     47.101    1435.64    1435.63     7.8759     8.0090    92.1960    93.7490  0.000e+00
      34359     47.000     4.9341     4.9334    0.76128    0.76133          1     3.4925     3.2588      96.90      0.408     0.3653     0.1900  1.000e-12  0.1736000     7.0020     7.0026     0.0006    -0.0007     5.5382     5.5386     46.555     47.608    1435.64    1435.64     7.8739     8.0152    92.1690    93.8220  0.000e+00
      34400     47.500     4.9355     4.9374    0.76137    0.76154          1     3.4912     3.2590      96.62      0.296     0.3636     0.2206  1.000e-12  0.1594000     7.0025     7.0038     0.0013     0.0019     5.5385     5.5394     47.050     48.114    1435.66    1435.67     7.8664     8.0113    92.0860    93.7870  0.000e+00
      34434     48.000     4.9452     4.9443    0.76187    0.76193          1     3.4905     3.2589      51.83      0.319     0.3540     0.2346  1.000e-12  0.1783000     7.0054     7.0061     0.0008    -0.0008     5.5404     5.5410     47.546     48.621    1435.71    1435.71     7.8670     8.0059    92.1170    93.7410  0.000e+00
      34457     48.500     4.9368     4.9376    0.76144    0.76157          1     3.4904     3.2584      87.45      0.442     0.3469     0.1917  1.000e-12  0.1812000     7.0029     7.0040     0.0011     0.0008     5.5387     5.5395     48.041     49.127    1435.68    1435.69     7.8706     8.0077    92.1370    93.7450  0.000e+00
      34476     49.000     4.9368     4.9368    0.76145    0.76153          1     3.4903     3.2583      97.04      0.561     0.3574     0.2017  1.000e-12  0.1761000     7.0029     7.0037     0.0008     0.0000     5.5387     5.5394     48.536     49.633    1435.69    1435.69     7.8705     8.0064    92.1370    93.7280  0.000e+00
      34491     49.500     4.9373     4.9364    0.76148    0.76153          1     3.4902     3.2579      96.92      0.659     0.3647     0.2064  1.000e-12  0.1758000     7.0030     7.0037     0.0006    -0.0008     5.5388     5.5393     49.031     50.140    1435.70    1435.69     7.8694     8.0001    92.1240    93.6540  0.000e+00
      34506     50.000     4.9450     4.9425    0.76191    0.76188          1     3.4903     3.2574      96.93      0.749     0.3693     0.2315  1.000e-12  0.1762000     7.0055     7.0058     0.0002    -0.0025     5.5405     5.5408     49.526     50.646    1435.74    1435.73     7.8647     7.9955    92.0900    93.6160  0.000e+00
      34519     50.500     4.9433     4.9428    0.76180    0.76188          1     3.4896     3.2566      96.93      0.822     0.3580     0.2342  1.000e-12  0.1762000     7.0049     7.0057     0.0008    -0.0005     5.5400     5.5407     50.022     51.153    1435.74    1435.74     7.8622     7.9978    92.0560    93.6430  0.000e+00
      34534     51.000     4.9513     4.9486    0.76226    0.76221          1     3.4888     3.2565      96.95      0.857     0.3549     0.2219  1.000e-12  0.1762000     7.0076     7.0077     0.0001    -0.0028     5.5419     5.5421     50.517     51.659    1435.79    1435.78     7.8603     8.0026    92.0530    93.7130  0.000e+00
      34550     51.500     4.9552     4.9548    0.76247    0.76254          1     3.4886     3.2565      96.94      0.821     0.3573     0.2202  1.000e-12  0.1762000     7.0088     7.0096     0.0008    -0.0004     5.5427     5.5433     51.012     52.166    1435.82    1435.81     7.8611     8.0042    92.0740    93.7490  0.000e+00
