ctdpy/tests/etc/exprapp_feb_2020/SBE09_1387_20200210_1944_77_10_0138.cnv
* Sea-Bird SBE 9 Data File:
* FileName = L:\2020\sv20d0138.hex
* Software Version Seasave V 7.26.7.121
* Temperature SN = 6378
* Conductivity SN = 4824
* Number of Bytes Per Scan = 41
* Number of Voltage Words = 4
* Number of Scans Averaged by the Deck Unit = 1
* NMEA Latitude = 58 00.08 N
* NMEA Longitude = 019 52.81 E
* NMEA UTC (Time) = Feb 10 2020  19:44:12
* NMEA baud rate = 4800
** Station:  BY20
** Operator:  DBSj
** Ship: SVEA
** Average sound velocity: 1446.06 m/s
** True-depth calculation Mon, 10 Feb 2020 21:21:29 +0000
** CTD Python Module SMHI /ver 3-12/ feb 2012 
** LIMS Job: 20207710-0138
** Cruise: SMHI-03-2020
** Latitude [GG MM.mm N] :
** Longitude [GGG MM.mm E]:
# nquan = 30
# nvalues = 381                         
# units = specified
# name 0 = scan: Scan Count
# name 1 = prDM: Pressure, Digiquartz [db]
# name 2 = t090C: Temperature [ITS-90, deg C]
# name 3 = t190C: Temperature, 2 [ITS-90, deg C]
# name 4 = c0S/m: Conductivity [S/m]
# name 5 = c1S/m: Conductivity, 2 [S/m]
# name 6 = pumps: Pump Status
# name 7 = sbeox0V: Oxygen raw, SBE 43 [V]
# name 8 = sbeox1V: Oxygen raw, SBE 43, 2 [V]
# name 9 = altM: Altimeter [m]
# name 10 = dz/dtM: Descent Rate [m/s]
# name 11 = flECO-AFL: Chl-a Fluorescence, WET Labs ECO-AFL/FL [mg/m^3]
# name 12 = flECO-AFL1: Phycocyanin Fluorescence, WET Labs ECO-AFL/FL, 2 [mg/m^3]
# name 13 = par: PAR/Irradiance, Biospherical/Lico [µE/(cm^2*s)]
# name 14 = turbWETntu0: Turbidity, WET Labs ECO [NTU]
# name 15 = sal00: Salinity, Practical [PSU]
# name 16 = sal11: Salinity, Practical, 2 [PSU]
# name 17 = secS-priS: Salinity, Practical, Difference, 2 - 1 [PSU]
# name 18 = T2-T190C: Temperature Difference, 2 - 1 [ITS-90, deg C]
# name 19 = sigma-t00: Density [sigma-t, kg/m^3 ]
# name 20 = sigma-t11: Density, 2 [sigma-t, kg/m^3 ]
# name 21 = depSM: Depth [salt water, m], lat = 58.0013
# name 22 = depFM: Depth [true depth, m], lat = 58.0013
# name 23 = svCM: Sound Velocity [Chen-Millero, m/s]
# name 24 = svCM1: Sound Velocity, 2 [Chen-Millero, m/s]
# name 25 = sbeox0ML/L: Oxygen, SBE 43 [ml/l], WS = 2
# name 26 = sbeox1ML/L: Oxygen, SBE 43, 2 [ml/l], WS = 2
# name 27 = sbeox0PS: Oxygen, SBE 43 [% saturation], WS = 2
# name 28 = sbeox1PS: Oxygen, SBE 43, 2 [% saturation], WS = 2
# name 29 = flag: flag
# span 0 =      27416,      41077       
# span 1 =      2.000,    192.000       
# span 2 =     5.1419,     7.1843       
# span 3 =     5.1414,     7.1841       
# span 4 =   0.800968,   1.389384       
# span 5 =   0.801037,   1.389498       
# span 6 =          1,          1       
# span 7 =     0.7401,     3.5291       
# span 8 =     0.7226,     3.2911       
# span 9 =       2.36,     101.88       
# span 10 =     -0.301,      1.625      
# span 11 =     0.3383,     0.4552      
# span 12 =     0.1455,     0.3022      
# span 13 = -3.014e-04, 1.0029e+00      
# span 14 =     0.0966,     1.8249      
# span 15 =     7.3542,    12.5078      
# span 16 =     7.3549,    12.5090      
# span 17 =    -0.3886,     0.1639      
# span 18 =    -0.0754,     0.0592      
# span 19 =     5.8086,     9.7372      
# span 20 =     5.8092,     9.7382      
# span 21 =      1.981,    190.132      
# span 22 =      2.025,    194.008      
# span 23 =    1436.30,    1454.49      
# span 24 =    1436.30,    1454.49      
# span 25 =     0.0397,     7.8782      
# span 26 =     0.0642,     8.0040      
# span 27 =      0.510,     92.933      
# span 28 =      0.824,     94.412      
# span 29 = 0.0000e+00, 0.0000e+00      
# interval = decibars: 0.5              
# start_time = Feb 10 2020 19:44:12 [NMEA time, first data scan]
# bad_flag = -9.990e-29
*END*
      27416      2.000     5.1435     5.1434    0.80097    0.80104          1     3.5291     3.2905      60.89     -0.301     0.3790     0.1806  9.328e-01  0.1175000     7.3543     7.3550     0.0007    -0.0001     5.8088     5.8093      1.981      2.025    1436.30    1436.30     7.8698     7.9974    92.8300    94.3360  0.000e+00
      27528      2.500     5.1440     5.1442    0.80098    0.80106          1     3.5288     3.2911      90.82      0.214     0.3741     0.2054  1.003e+00  0.1125000     7.3543     7.3550     0.0007     0.0002     5.8087     5.8093      2.477      2.532    1436.31    1436.31     7.8678     7.9969    92.8070    94.3310  0.000e+00
      27583      3.000     5.1448     5.1448    0.80100    0.80108          1     3.5287     3.2905      97.22      0.251     0.3646     0.2067  8.536e-01  0.1206000     7.3543     7.3550     0.0007    -0.0000     5.8087     5.8093      2.972      3.038    1436.32    1436.32     7.8691     7.9922    92.8250    94.2780  0.000e+00
      27599      3.500     5.1451     5.1448    0.80102    0.80109          1     3.5289     3.2901      96.73      0.425     0.3604     0.2171  7.701e-01  0.1091000     7.3543     7.3550     0.0007    -0.0003     5.8087     5.8093      3.468      3.544    1436.33    1436.33     7.8699     7.9880    92.8350    94.2270  0.000e+00
      27629      4.000     5.1440     5.1438    0.80100    0.80107          1     3.5287     3.2891      96.75      0.528     0.3819     0.2169  5.310e-01  0.1084000     7.3542     7.3550     0.0008    -0.0002     5.8087     5.8093      3.963      4.051    1436.33    1436.33     7.8689     7.9884    92.8200    94.2300  0.000e+00
      27699      4.500     5.1439     5.1436    0.80101    0.80108          1     3.5276     3.2872      96.71      0.131     0.3821     0.1883  4.412e-01  0.1028000     7.3543     7.3551     0.0008    -0.0002     5.8087     5.8094      4.458      4.557    1436.34    1436.34     7.8682     7.9796    92.8120    94.1260  0.000e+00
      27708      5.000     5.1428     5.1427    0.80099    0.80106          1     3.5280     3.2866      33.83      0.497     0.3716     0.2214  3.702e-01  0.1149000     7.3543     7.3551     0.0008    -0.0001     5.8088     5.8094      4.954      5.063    1436.35    1436.34     7.8715     7.9879    92.8480    94.2220  0.000e+00
      27718      5.500     5.1430     5.1430    0.80100    0.80108          1     3.5276     3.2870      46.46      0.809     0.3702     0.2203  3.350e-01  0.1158000     7.3543     7.3551     0.0007    -0.0000     5.8088     5.8094      5.449      5.570    1436.35    1436.36     7.8696     7.9975    92.8270    94.3360  0.000e+00
      27727      6.000     5.1437     5.1427    0.80103    0.80108          1     3.5285     3.2876      95.48      1.053     0.3702     0.2170  2.366e-01  0.1270000     7.3544     7.3551     0.0007    -0.0010     5.8088     5.8094      5.944      6.076    1436.37    1436.36     7.8719     8.0040    92.8550    94.4120  0.000e+00
      27739      6.500     5.1434     5.1426    0.80103    0.80108          1     3.5281     3.2882      96.79      1.191     0.3709     0.2094  1.432e-01  0.1501000     7.3544     7.3551     0.0007    -0.0008     5.8088     5.8094      6.440      6.582    1436.37    1436.37     7.8713     8.0031    92.8480    94.4000  0.000e+00
      27805      7.000     5.1434     5.1429    0.80103    0.80109          1     3.5282     3.2887      60.09      0.452     0.3800     0.2315  9.301e-02  0.1189000     7.3543     7.3550     0.0007    -0.0005     5.8088     5.8094      6.935      7.089    1436.38    1436.38     7.8713     7.9945    92.8480    94.3000  0.000e+00
      27853      7.500     5.1432     5.1428    0.80103    0.80110          1     3.5286     3.2884      96.19      0.422     0.3699     0.2408  9.875e-02  0.1122000     7.3543     7.3550     0.0008    -0.0004     5.8088     5.8094      7.430      7.595    1436.39    1436.38     7.8721     7.9916    92.8570    94.2650  0.000e+00
      27879      8.000     5.1432     5.1427    0.80104    0.80110          1     3.5283     3.2881      96.81      0.467     0.3656     0.2616  5.926e-02  0.1157000     7.3543     7.3551     0.0007    -0.0004     5.8088     5.8094      7.926      8.101    1436.39    1436.39     7.8699     7.9926    92.8310    94.2770  0.000e+00
      27902      8.500     5.1432     5.1427    0.80105    0.80111          1     3.5279     3.2878      96.81      0.492     0.3708     0.2417  4.472e-02  0.1185000     7.3543     7.3551     0.0008    -0.0005     5.8088     5.8094      8.421      8.608    1436.40    1436.40     7.8709     7.9904    92.8430    94.2510  0.000e+00
      27922      9.000     5.1427     5.1421    0.80104    0.80110          1     3.5280     3.2874      96.82      0.541     0.3708     0.1795  2.739e-02  0.1241000     7.3543     7.3550     0.0007    -0.0005     5.8088     5.8094      8.916      9.114    1436.41    1436.40     7.8739     7.9912    92.8760    94.2600  0.000e+00
      27940      9.500     5.1425     5.1417    0.80104    0.80110          1     3.5281     3.2871      96.82      0.603     0.3707     0.1810  3.846e-02  0.1336000     7.3543     7.3551     0.0007    -0.0008     5.8088     5.8094      9.412      9.620    1436.41    1436.41     7.8746     7.9921    92.8840    94.2690  0.000e+00
      27956     10.000     5.1419     5.1414    0.80103    0.80110          1     3.5281     3.2871      96.81      0.692     0.3774     0.1889  1.246e-02  0.1296000     7.3543     7.3550     0.0007    -0.0005     5.8088     5.8094      9.907     10.127    1436.42    1436.42     7.8735     7.9967    92.8700    94.3230  0.000e+00
      27976     10.500     5.1428     5.1426    0.80106    0.80113          1     3.5281     3.2875      96.83      0.696     0.3764     0.2104  2.532e-03  0.1219000     7.3543     7.3551     0.0007    -0.0002     5.8088     5.8094     10.402     10.633    1436.43    1436.43     7.8723     7.9985    92.8590    94.3470  0.000e+00
      28060     11.000     5.1429     5.1428    0.80107    0.80115          1     3.5267     3.2852      96.81      0.191     0.3777     0.2074 -3.014e-04  0.1136000     7.3543     7.3551     0.0008    -0.0000     5.8088     5.8094     10.898     11.139    1436.44    1436.44     7.8702     7.9826    92.8330    94.1590  0.000e+00
      28098     11.500     5.1435     5.1439    0.80109    0.80119          1     3.5264     3.2847      96.84      0.393     0.3819     0.2339 -4.747e-09  0.1160000     7.3544     7.3552     0.0008     0.0005     5.8088     5.8094     11.393     11.646    1436.45    1436.45     7.8711     7.9903    92.8460    94.2530  0.000e+00
      28108     12.000     5.1457     5.1458    0.80117    0.80126          1     3.5269     3.2848      96.85      0.670     0.3810     0.2364  1.000e-12  0.1216000     7.3545     7.3554     0.0009     0.0001     5.8088     5.8095     11.889     12.152    1436.47    1436.47     7.8727     7.9910    92.8690    94.2660  0.000e+00
      28118     12.500     5.1464     5.1459    0.80119    0.80126          1     3.5264     3.2849      96.87      0.890     0.3823     0.2463  1.000e-12  0.1212000     7.3545     7.3553     0.0007    -0.0004     5.8088     5.8095     12.384     12.658    1436.48    1436.48     7.8708     7.9928    92.8480    94.2870  0.000e+00
      28128     13.000     5.1464     5.1459    0.80120    0.80126          1     3.5268     3.2851      96.87      1.053     0.3915     0.2556  1.000e-12  0.1218000     7.3545     7.3552     0.0007    -0.0005     5.8088     5.8094     12.879     13.165    1436.49    1436.49     7.8714     7.9964    92.8570    94.3300  0.000e+00
      28139     13.500     5.1468     5.1462    0.80121    0.80127          1     3.5264     3.2853      96.86      1.143     0.3949     0.2559  1.000e-12  0.1212000     7.3545     7.3553     0.0008    -0.0006     5.8088     5.8094     13.374     13.671    1436.50    1436.50     7.8711     7.9957    92.8530    94.3230  0.000e+00
      28167     14.000     5.1460     5.1457    0.80119    0.80126          1     3.5264     3.2852      94.05      0.974     0.3841     0.2216  1.000e-12  0.1189000     7.3545     7.3552     0.0007    -0.0004     5.8088     5.8094     13.870     14.177    1436.50    1436.50     7.8720     7.9921    92.8620    94.2780  0.000e+00
      28265     14.500     5.1456     5.1453    0.80119    0.80125          1     3.5260     3.2844      82.05      0.504     0.3703     0.2311  1.000e-12  0.1287000     7.3544     7.3551     0.0007    -0.0003     5.8088     5.8094     14.365     14.683    1436.51    1436.51     7.8739     7.9944    92.8830    94.3040  0.000e+00
      28277     15.000     5.1456     5.1452    0.80120    0.80126          1     3.5261     3.2845      96.88      0.752     0.3763     0.2466  1.000e-12  0.1196000     7.3545     7.3552     0.0007    -0.0004     5.8088     5.8094     14.860     15.190    1436.52    1436.52     7.8744     7.9925    92.8890    94.2830  0.000e+00
      28287     15.500     5.1454     5.1447    0.80119    0.80124          1     3.5263     3.2845      96.87      0.942     0.3825     0.2557  1.000e-12  0.1150000     7.3543     7.3550     0.0007    -0.0006     5.8087     5.8093     15.356     15.696    1436.52    1436.52     7.8751     7.9913    92.8970    94.2670  0.000e+00
      28297     16.000     5.1445     5.1442    0.80117    0.80123          1     3.5262     3.2845      96.88      1.079     0.3811     0.2529  1.000e-12  0.1138000     7.3543     7.3550     0.0007    -0.0003     5.8087     5.8093     15.851     16.202    1436.53    1436.53     7.8749     7.9920    92.8930    94.2740  0.000e+00
      28308     16.500     5.1444     5.1439    0.80117    0.80123          1     3.5263     3.2843      96.85      1.154     0.3695     0.2055  1.000e-12  0.1094000     7.3543     7.3550     0.0007    -0.0005     5.8087     5.8093     16.346     16.709    1436.53    1436.53     7.8760     7.9923    92.9050    94.2760  0.000e+00
      28337     17.000     5.1444     5.1440    0.80118    0.80124          1     3.5262     3.2843      96.86      0.903     0.3775     0.2086  1.000e-12  0.1095000     7.3543     7.3550     0.0007    -0.0005     5.8087     5.8093     16.842     17.215    1436.54    1436.54     7.8762     7.9929    92.9080    94.2830  0.000e+00
      28428     17.500     5.1450     5.1439    0.80120    0.80125          1     3.5255     3.2836      82.07      0.193     0.3866     0.2065  1.000e-12  0.1099000     7.3543     7.3550     0.0008    -0.0011     5.8087     5.8093     17.337     17.721    1436.55    1436.55     7.8741     7.9876    92.8840    94.2210  0.000e+00
      28440     18.000     5.1449     5.1444    0.80120    0.80127          1     3.5256     3.2833      97.25      0.519     0.3814     0.2367  1.000e-12  0.1093000     7.3543     7.3550     0.0007    -0.0005     5.8087     5.8093     17.832     18.228    1436.56    1436.56     7.8748     7.9885    92.8920    94.2330  0.000e+00
      28453     18.500     5.1439     5.1435    0.80118    0.80124          1     3.5255     3.2834      96.79      0.730     0.3814     0.2350  1.000e-12  0.1141000     7.3542     7.3549     0.0007    -0.0004     5.8087     5.8093     18.328     18.734    1436.56    1436.56     7.8743     7.9912    92.8840    94.2620  0.000e+00
      28465     19.000     5.1438     5.1434    0.80118    0.80125          1     3.5255     3.2832      96.82      0.877     0.3824     0.1746  1.000e-12  0.1151000     7.3542     7.3549     0.0007    -0.0003     5.8087     5.8092     18.823     19.240    1436.57    1436.57     7.8734     7.9915    92.8730    94.2660  0.000e+00
      28480     19.500     5.1437     5.1434    0.80119    0.80125          1     3.5251     3.2833      96.82      0.915     0.3932     0.1887  1.000e-12  0.1206000     7.3542     7.3549     0.0007    -0.0003     5.8086     5.8093     19.318     19.747    1436.58    1436.58     7.8730     7.9908    92.8680    94.2580  0.000e+00
      28529     20.000     5.1441     5.1441    0.80121    0.80128          1     3.5246     3.2830      96.80      0.456     0.3865     0.2150  1.000e-12  0.1202000     7.3543     7.3550     0.0007    -0.0001     5.8087     5.8093     19.814     20.253    1436.59    1436.59     7.8720     7.9871    92.8580    94.2150  0.000e+00
      28595     20.500     5.1448     5.1439    0.80123    0.80129          1     3.5239     3.2822      96.80      0.205     0.3891     0.1846  1.000e-12  0.1130000     7.3542     7.3550     0.0008    -0.0009     5.8086     5.8093     20.309     20.759    1436.60    1436.59     7.8727     7.9829    92.8670    94.1660  0.000e+00
      28608     21.000     5.1445     5.1441    0.80123    0.80130          1     3.5240     3.2821      96.79      0.508     0.3694     0.1842  1.000e-12  0.1024000     7.3543     7.3550     0.0008    -0.0004     5.8087     5.8093     20.804     21.266    1436.60    1436.60     7.8753     7.9893    92.8970    94.2410  0.000e+00
      28621     21.500     5.1449     5.1446    0.80125    0.80132          1     3.5244     3.2821      96.81      0.717     0.3739     0.2299  1.000e-12  0.1133000     7.3543     7.3551     0.0008    -0.0003     5.8087     5.8093     21.300     21.772    1436.62    1436.61     7.8772     7.9909    92.9210    94.2610  0.000e+00
      28634     22.000     5.1451     5.1449    0.80126    0.80133          1     3.5243     3.2821      96.80      0.860     0.3814     0.2284  1.000e-12  0.1271000     7.3543     7.3550     0.0007    -0.0003     5.8087     5.8093     21.795     22.278    1436.62    1436.62     7.8779     7.9916    92.9290    94.2700  0.000e+00
      28650     22.500     5.1454     5.1450    0.80127    0.80134          1     3.5248     3.2821      96.82      0.884     0.3891     0.2079  1.000e-12  0.1234000     7.3542     7.3550     0.0008    -0.0004     5.8086     5.8092     22.290     22.785    1436.63    1436.63     7.8782     7.9925    92.9330    94.2810  0.000e+00
      28724     23.000     5.1452     5.1449    0.80127    0.80134          1     3.5241     3.2813      96.78      0.225     0.3858     0.2295  1.000e-12  0.1121000     7.3542     7.3550     0.0008    -0.0003     5.8086     5.8092     22.786     23.291    1436.64    1436.64     7.8749     7.9868    92.8940    94.2140  0.000e+00
      28755     23.500     5.1453     5.1449    0.80128    0.80134          1     3.5238     3.2811      96.76      0.395     0.3931     0.2323  1.000e-12  0.1094000     7.3542     7.3550     0.0007    -0.0005     5.8086     5.8092     23.281     23.797    1436.65    1436.65     7.8730     7.9890    92.8720    94.2400  0.000e+00
      28768     24.000     5.1453     5.1448    0.80128    0.80135          1     3.5234     3.2809      96.80      0.669     0.3902     0.2349  1.000e-12  0.1109000     7.3542     7.3550     0.0008    -0.0004     5.8086     5.8092     23.776     24.304    1436.66    1436.65     7.8719     7.9887    92.8590    94.2360  0.000e+00
      28781     24.500     5.1448     5.1445    0.80129    0.80135          1     3.5234     3.2809      53.64      0.858     0.3808     0.2372  1.000e-12  0.1156000     7.3543     7.3550     0.0007    -0.0004     5.8087     5.8093     24.271     24.810    1436.66    1436.66     7.8723     7.9894    92.8620    94.2440  0.000e+00
      28804     25.000     5.1446     5.1444    0.80129    0.80135          1     3.5228     3.2808      94.87      0.767     0.3816     0.2316  1.000e-12  0.1189000     7.3543     7.3550     0.0007    -0.0002     5.8087     5.8093     24.767     25.316    1436.67    1436.67     7.8721     7.9898    92.8600    94.2470  0.000e+00
      28864     25.500     5.1448     5.1446    0.80130    0.80137          1     3.5224     3.2803      97.06      0.104     0.3927     0.1842  1.000e-12  0.1150000     7.3543     7.3550     0.0008    -0.0002     5.8087     5.8093     25.262     25.823    1436.68    1436.68     7.8727     7.9814    92.8670    94.1500  0.000e+00
