ctdpy/tests/etc/exprapp_feb_2020/SBE09_1387_20200202_1047_77_10_0095.cnv
* Sea-Bird SBE 9 Data File:
* FileName = L:\2020\sv20d0095.hex
* Software Version Seasave V 7.26.7.121
* Temperature SN = 6378
* Conductivity SN = 4824
* Number of Bytes Per Scan = 41
* Number of Voltage Words = 4
* Number of Scans Averaged by the Deck Unit = 1
* NMEA Latitude = 58 33.38 N
* NMEA Longitude = 010 53.14 E
* NMEA UTC (Time) = Feb 02 2020  10:47:32
* NMEA baud rate = 4800
** Station:  Kilebojen
** Operator:  A-KTh
** Ship: SVEA
** Average sound velocity: 1476.59 m/s
** True-depth calculation Sun, 02 Feb 2020 12:04:41 +0000
** CTD Python Module SMHI /ver 3-12/ feb 2012 
** LIMS Job: 20207710-0095
** Cruise: SMHI-02-2020
** Latitude [GG MM.mm N] :
** Longitude [GGG MM.mm E]:
# nquan = 30
# nvalues = 149                         
# units = specified
# name 0 = scan: Scan Count
# name 1 = prDM: Pressure, Digiquartz [db]
# name 2 = t090C: Temperature [ITS-90, deg C]
# name 3 = t190C: Temperature, 2 [ITS-90, deg C]
# name 4 = c0S/m: Conductivity [S/m]
# name 5 = c1S/m: Conductivity, 2 [S/m]
# name 6 = pumps: Pump Status
# name 7 = sbeox0V: Oxygen raw, SBE 43 [V]
# name 8 = sbeox1V: Oxygen raw, SBE 43, 2 [V]
# name 9 = altM: Altimeter [m]
# name 10 = dz/dtM: Descent Rate [m/s]
# name 11 = flECO-AFL: Chl-a Fluorescence, WET Labs ECO-AFL/FL [mg/m^3]
# name 12 = flECO-AFL1: Phycocyanin Fluorescence, WET Labs ECO-AFL/FL, 2 [mg/m^3]
# name 13 = par: PAR/Irradiance, Biospherical/Lico [µE/(cm^2*s)]
# name 14 = turbWETntu0: Turbidity, WET Labs ECO [NTU]
# name 15 = sal00: Salinity, Practical [PSU]
# name 16 = sal11: Salinity, Practical, 2 [PSU]
# name 17 = secS-priS: Salinity, Practical, Difference, 2 - 1 [PSU]
# name 18 = T2-T190C: Temperature Difference, 2 - 1 [ITS-90, deg C]
# name 19 = sigma-t00: Density [sigma-t, kg/m^3 ]
# name 20 = sigma-t11: Density, 2 [sigma-t, kg/m^3 ]
# name 21 = depSM: Depth [salt water, m], lat = 58.5563
# name 22 = depFM: Depth [true depth, m], lat = 58.5563
# name 23 = svCM: Sound Velocity [Chen-Millero, m/s]
# name 24 = svCM1: Sound Velocity, 2 [Chen-Millero, m/s]
# name 25 = sbeox0ML/L: Oxygen, SBE 43 [ml/l], WS = 2
# name 26 = sbeox1ML/L: Oxygen, SBE 43, 2 [ml/l], WS = 2
# name 27 = sbeox0PS: Oxygen, SBE 43 [% saturation], WS = 2
# name 28 = sbeox1PS: Oxygen, SBE 43, 2 [% saturation], WS = 2
# name 29 = flag: flag
# span 0 =      23750,      28471       
# span 1 =      2.500,     76.500       
# span 2 =     5.6961,     7.0116       
# span 3 =     5.6960,     7.0116       
# span 4 =   2.810469,   3.454452       
# span 5 =   2.810454,   3.454361       
# span 6 =          1,          1       
# span 7 =     3.5176,     3.5644       
# span 8 =     3.2799,     3.3185       
# span 9 =       1.37,      99.81       
# span 10 =     -0.632,      1.089      
# span 11 =     0.4440,     1.2632      
# span 12 =     0.2129,     0.3467      
# span 13 = 8.8984e-13, 4.7957e+01      
# span 14 =     0.4393,     1.7506      
# span 15 =    28.2688,    34.1359      
# span 16 =    28.2685,    34.1348      
# span 17 =    -0.0202,     0.1072      
# span 18 =    -0.0060,     0.0181      
# span 19 =    22.2714,    26.7365      
# span 20 =    22.2707,    26.7356      
# span 21 =      2.477,     75.774      
# span 22 =      2.491,     75.939      
# span 23 =    1465.07,    1478.88      
# span 24 =    1465.07,    1478.87      
# span 25 =     6.3041,     6.8528      
# span 26 =     6.4023,     6.9692      
# span 27 =     92.875,     94.180      
# span 28 =     94.205,     95.783      
# span 29 = 0.0000e+00, 0.0000e+00      
# interval = decibars: 0.5              
# start_time = Feb 02 2020 10:47:32 [NMEA time, first data scan]
# bad_flag = -9.990e-29
*END*
      23750      2.500     5.6973     5.6973    2.81047    2.81045          1     3.5537     3.3182      99.81     -0.632     1.0512     0.2781  4.796e+01  0.4695000    28.2693    28.2691    -0.0002    -0.0000    22.2719    22.2718      2.477      2.491    1465.07    1465.07     6.7991     6.9230    93.4410    95.1420  0.000e+00
      23836      3.000     5.6991     5.6979    2.81058    2.81046          1     3.5539     3.3176      92.50      0.153     1.0694     0.3001  4.093e+01  0.4769000    28.2688    28.2685    -0.0003    -0.0012    22.2714    22.2713      2.972      2.989    1465.08    1465.08     6.8031     6.9258    93.4990    95.1820  0.000e+00
      24177      3.500     5.7020     5.7029    2.81087    2.81096          1     3.5578     3.3158      24.93      0.174     1.0346     0.2694  3.467e+01  0.4393000    28.2693    28.2696     0.0002     0.0009    22.2715    22.2716      3.467      3.487    1465.10    1465.11     6.8157     6.9188    93.6790    95.0990  0.000e+00
      24222      4.000     5.7068     5.7097    2.81132    2.81147          1     3.5580     3.3151       1.37      0.296     1.1229     0.2403  2.952e+01  0.4739000    28.2701    28.2694    -0.0008     0.0029    22.2716    22.2707      3.963      3.985    1465.13    1465.14     6.8151     6.9180    93.6820    95.1030  0.000e+00
      24241      4.500     5.6968     5.6969    2.81065    2.81061          1     3.5580     3.3152       1.77      0.564     1.1320     0.2795  2.439e+01  0.4993000    28.2708    28.2703    -0.0005     0.0000    22.2732    22.2728      4.458      4.484    1465.10    1465.10     6.8147     6.9230    93.6550    95.1420  0.000e+00
      24285      5.000     5.6973     5.6968    2.81069    2.81062          1     3.5575     3.3148      62.18      0.379     1.1211     0.3375  2.038e+01  0.4876000    28.2706    28.2703    -0.0003    -0.0005    22.2730    22.2728      4.953      4.982    1465.11    1465.11     6.8125     6.9174    93.6250    95.0660  0.000e+00
      24344      5.500     5.6979     5.6975    2.81076    2.81071          1     3.5570     3.3134      67.35      0.172     1.1568     0.3456  1.799e+01  0.4516000    28.2707    28.2704    -0.0003    -0.0004    22.2730    22.2728      5.449      5.480    1465.12    1465.12     6.8135     6.9144    93.6410    95.0260  0.000e+00
      24360      6.000     5.6976     5.6976    2.81080    2.81076          1     3.5571     3.3135      72.02      0.461     1.1645     0.3288  1.446e+01  0.4576000    28.2712    28.2708    -0.0004    -0.0000    22.2734    22.2731      5.944      5.978    1465.13    1465.13     6.8184     6.9264    93.7070    95.1910  0.000e+00
      24375      6.500     5.6961     5.6960    2.81067    2.81063          1     3.5578     3.3146      71.94      0.675     1.1431     0.2995  1.226e+01  0.4822000    28.2708    28.2705    -0.0003    -0.0001    22.2732    22.2731      6.439      6.476    1465.13    1465.13     6.8285     6.9438    93.8430    95.4260  0.000e+00
      24397      7.000     5.6963     5.6970    2.81119    2.81138          1     3.5617     3.3182      64.57      0.682     1.1496     0.3087  1.069e+01  0.4953000    28.2761    28.2777     0.0016     0.0007    22.2774    22.2786      6.935      6.974    1465.15    1465.15     6.8528     6.9692    94.1800    95.7830  0.000e+00
      24450      7.500     5.7297     5.7476    2.82626    2.83382          1     3.5628     3.3185      64.52      0.191     1.2239     0.3414  1.001e+01  0.4778000    28.4148    28.4835     0.0687     0.0179    22.3833    22.4356      7.430      7.473    1465.47    1465.63     6.7999     6.8883    93.6130    94.9150  0.000e+00
      24477      8.000     5.8860     5.9034    2.90489    2.91593          1     3.5597     3.3155      70.49      0.332     1.2632     0.3064  8.748e+00  0.4814000    29.1519    29.2590     0.1072     0.0174    22.9477    23.0304      7.925      7.971    1467.04    1467.24     6.7407     6.8255    93.6010    94.8840  0.000e+00
      24499      8.500     6.0316     6.0451    2.98217    2.98894          1     3.5595     3.3148      69.29      0.525     1.1140     0.3079  7.609e+00  0.5538000    29.8804    29.9434     0.0629     0.0135    23.5061    23.5542      8.421      8.468    1468.55    1468.68     6.6998     6.7876    93.8060    95.1050  0.000e+00
      24534      9.000     6.0627     6.0586    2.99863    2.99712          1     3.5644     3.3163      35.94      0.394     0.9131     0.3061  6.439e+00  0.5090000    30.0349    30.0217    -0.0132    -0.0040    23.6244    23.6144      8.916      8.966    1468.88    1468.85     6.6956     6.7752    93.9120    95.0110  0.000e+00
      24562      9.500     6.1177     6.1201    3.03171    3.03274          1     3.5597     3.3116      39.89      0.338     0.8570     0.2560  5.571e+00  0.5285000    30.3516    30.3608     0.0092     0.0024    23.8678    23.8748      9.411      9.463    1469.51    1469.53     6.6176     6.6988    93.1340    94.2870  0.000e+00
      24579     10.000     6.2114     6.2120    3.09322    3.09261          1     3.5545     3.3082      75.83      0.517     0.8433     0.2638  4.951e+00  0.5495000    30.9472    30.9400    -0.0072     0.0006    24.3264    24.3206      9.907      9.961    1470.64    1470.63     6.5731     6.6657    93.0780    94.3860  0.000e+00
      24593     10.500     6.3062     6.3100    3.15522    3.15591          1     3.5520     3.3071      88.79      0.697     0.8140     0.2815  4.479e+00  0.6033000    31.5459    31.5500     0.0040     0.0039    24.7871    24.7898     10.402     10.458    1471.78    1471.80     6.5356     6.6300    93.1210    94.4770  0.000e+00
      24609     11.000     6.4873     6.4856    3.26269    3.26071          1     3.5500     3.3059      73.42      0.794     0.7885     0.2942  4.142e+00  0.6271000    32.5642    32.5441    -0.0202    -0.0017    25.5674    25.5517     10.897     10.954    1473.78    1473.75     6.4633     6.5533    93.1040    94.3840  0.000e+00
      24638     11.500     6.4940     6.4974    3.26222    3.26687          1     3.5475     3.3027      93.89      0.585     0.7108     0.2631  4.029e+00  0.6248000    32.5524    32.6006     0.0482     0.0035    25.5572    25.5947     11.393     11.451    1473.80    1473.88     6.4612     6.5408    93.0820    94.2660  0.000e+00
      24696     12.000     6.5847     6.6028    3.31195    3.31885          1     3.5430     3.2974      80.74      0.131     0.6442     0.3037  4.006e+00  0.4984000    33.0151    33.0740     0.0589     0.0181    25.9104    25.9544     11.888     11.947    1474.75    1474.89     6.4170     6.5002    92.9240    94.2050  0.000e+00
      24715     12.500     6.6211     6.6210    3.32570    3.32551          1     3.5414     3.2968      71.79      0.397     0.6632     0.2944  3.427e+00  0.5562000    33.1316    33.1297    -0.0019    -0.0001    25.9974    25.9960     12.383     12.444    1475.04    1475.04     6.4051     6.4971    92.9020    94.2330  0.000e+00
      24731     13.000     6.6385     6.6358    3.33319    3.33190          1     3.5408     3.2965      51.67      0.595     0.6781     0.2922  2.951e+00  0.6036000    33.1973    33.1857    -0.0115    -0.0028    26.0469    26.0382     12.879     12.940    1475.20    1475.18     6.4018     6.4975    92.9310    94.3060  0.000e+00
      24746     13.500     6.6447     6.6445    3.33598    3.33583          1     3.5405     3.2967      39.20      0.726     0.6691     0.3088  2.567e+00  0.6236000    33.2219    33.2203    -0.0016    -0.0002    26.0655    26.0643     13.374     13.437    1475.27    1475.26     6.4029     6.4970    92.9750    94.3410  0.000e+00
      24763     14.000     6.6467     6.6465    3.33703    3.33682          1     3.5409     3.2967      24.19      0.765     0.6565     0.2781  2.317e+00  0.6241000    33.2313    33.2291    -0.0021    -0.0002    26.0726    26.0710     13.869     13.933    1475.30    1475.29     6.4082     6.4972    93.0630    94.3520  0.000e+00
      24793     14.500     6.6461     6.6481    3.33744    3.33803          1     3.5426     3.2978      92.20      0.528     0.6379     0.2777  2.235e+00  0.5781000    33.2361    33.2407     0.0046     0.0020    26.0766    26.0799     14.364     14.429    1475.31    1475.32     6.4135     6.5085    93.1410    94.5270  0.000e+00
      24835     15.000     6.6583     6.6681    3.34211    3.34474          1     3.5439     3.2995      61.96      0.243     0.6213     0.2320  2.292e+00  0.4994000    33.2756    33.2952     0.0195     0.0099    26.1061    26.1202     14.860     14.925    1475.41    1475.48     6.4091     6.5010    93.1270    94.4960  0.000e+00
      24856     15.500     6.6948     6.6931    3.35319    3.35268          1     3.5442     3.2998      62.68      0.395     0.6324     0.3104  2.157e+00  0.4855000    33.3622    33.3582    -0.0040    -0.0017    26.1695    26.1666     15.355     15.422    1475.67    1475.66     6.3974     6.4902    93.0890    94.4330  0.000e+00
      24873     16.000     6.7145     6.7144    3.35888    3.35872          1     3.5435     3.2992      62.55      0.578     0.6330     0.2971  1.980e+00  0.5132000    33.4056    33.4039    -0.0016    -0.0001    26.2011    26.1998     15.850     15.918    1475.81    1475.81     6.3909     6.4867    93.0640    94.4570  0.000e+00
      24888     16.500     6.7379     6.7361    3.36539    3.36477          1     3.5437     3.2998      62.01      0.715     0.6426     0.2950  1.814e+00  0.5215000    33.4542    33.4493    -0.0050    -0.0019    26.2363    26.2327     16.346     16.414    1475.97    1475.96     6.3880     6.4940    93.1010    94.6390  0.000e+00
      24903     17.000     6.7489     6.7490    3.36823    3.36815          1     3.5437     3.3012      58.06      0.795     0.6586     0.2950  1.665e+00  0.5314000    33.4747    33.4737    -0.0010     0.0001    26.2510    26.2502     16.841     16.911    1476.05    1476.05     6.3858     6.4964    93.1060    94.7180  0.000e+00
      24922     17.500     6.7588     6.7595    3.37086    3.37106          1     3.5436     3.3023      51.23      0.745     0.6135     0.3048  1.518e+00  0.5526000    33.4937    33.4953     0.0015     0.0007    26.2647    26.2658     17.336     17.407    1476.12    1476.12     6.3844     6.4911    93.1190    94.6760  0.000e+00
      24962     18.000     6.7700     6.7705    3.37431    3.37459          1     3.5433     3.3017      51.76      0.361     0.6025     0.2638  1.390e+00  0.5087000    33.5207    33.5231     0.0025     0.0006    26.2844    26.2863     17.832     17.903    1476.21    1476.21     6.3763     6.4734    93.0390    94.4600  0.000e+00
      25007     18.500     6.7938     6.7978    3.38178    3.38266          1     3.5425     3.3022      60.86      0.239     0.5715     0.2766  1.227e+00  0.4627000    33.5794    33.5852     0.0058     0.0039    26.3275    26.3316     18.327     18.399    1476.38    1476.40     6.3766     6.4899    93.1320    94.7990  0.000e+00
      25032     19.000     6.8001     6.7998    3.38445    3.38427          1     3.5436     3.3041      66.51      0.406     0.5830     0.2174  1.112e+00  0.5238000    33.6025    33.6007    -0.0018    -0.0002    26.3449    26.3435     18.822     18.895    1476.44    1476.44     6.3755     6.4794    93.1420    94.6590  0.000e+00
      25051     19.500     6.8035     6.8030    3.38634    3.38607          1     3.5436     3.3033      79.83      0.532     0.5841     0.2242  1.033e+00  0.5797000    33.6197    33.6171    -0.0026    -0.0005    26.3580    26.3561     19.318     19.392    1476.49    1476.48     6.3739     6.4631    93.1380    94.4380  0.000e+00
      25069     20.000     6.8477     6.8417    3.40122    3.39945          1     3.5440     3.3020      59.34      0.624     0.5596     0.2439  9.976e-01  0.5805000    33.7399    33.7263    -0.0136    -0.0060    26.4468    26.4369     19.813     19.888    1476.82    1476.78     6.3632     6.4478    93.1500    94.3660  0.000e+00
      25085     20.500     6.8925     6.8903    3.41449    3.41380          1     3.5441     3.3010      58.72      0.689     0.5439     0.2398  9.696e-01  0.6537000    33.8417    33.8362    -0.0055    -0.0021    26.5210    26.5170     20.308     20.384    1477.13    1477.11     6.3494     6.4365    93.1070    94.3750  0.000e+00
      25102     21.000     6.9157     6.9137    3.42136    3.42069          1     3.5437     3.3004      58.26      0.716     0.5201     0.2364  9.451e-01  0.7654000    33.8941    33.8889    -0.0053    -0.0020    26.5591    26.5552     20.803     20.880    1477.29    1477.28     6.3402     6.4397    93.0520    94.5060  0.000e+00
      25119     21.500     6.9242     6.9237    3.42361    3.42340          1     3.5430     3.3012      57.58      0.715     0.5210     0.2307  8.996e-01  0.8647000    33.9102    33.9084    -0.0018    -0.0005    26.5706    26.5693     21.299     21.376    1477.35    1477.35     6.3382     6.4483    93.0510    94.6660  0.000e+00
      25137     22.000     6.9281     6.9283    3.42467    3.42478          1     3.5428     3.3021      71.85      0.702     0.5154     0.3396  8.451e-01  0.8751000    33.9178    33.9189     0.0011     0.0002    26.5761    26.5769     21.794     21.872    1477.38    1477.39     6.3399     6.4498    93.0900    94.7040  0.000e+00
      25159     22.500     6.9328     6.9407    3.42631    3.42865          1     3.5428     3.3028      65.87      0.633     0.5019     0.3328  7.655e-01  0.8866000    33.9310    33.9489     0.0179     0.0080    26.5858    26.5989     22.289     22.368    1477.43    1477.48     6.3383     6.4377    93.0830    94.5730  0.000e+00
      25202     23.000     6.9357     6.9410    3.42767    3.42901          1     3.5418     3.3011      55.37      0.304     0.4913     0.2503  6.481e-01  0.8357000    33.9428    33.9524     0.0096     0.0053    26.5948    26.6016     22.785     22.864    1477.46    1477.50     6.3323     6.4307    93.0090    94.4730  0.000e+00
      25246     23.500     6.9559     6.9583    3.43369    3.43421          1     3.5402     3.3009      55.04      0.260     0.4777     0.2563  5.744e-01  0.8529000    33.9888    33.9922     0.0034     0.0024    26.6282    26.6305     23.280     23.360    1477.61    1477.62     6.3239     6.4298    92.9580    94.5220  0.000e+00
      25271     24.000     6.9624     6.9622    3.43560    3.43545          1     3.5394     3.3009      55.01      0.410     0.4978     0.2361  5.368e-01  0.9497000    34.0032    34.0017    -0.0015    -0.0002    26.6387    26.6375     23.775     23.856    1477.66    1477.66     6.3253     6.4336    93.0010    94.5910  0.000e+00
      25296     24.500     6.9648     6.9645    3.43636    3.43617          1     3.5400     3.3014      71.82      0.486     0.4858     0.2493  4.978e-01  1.0050000    34.0089    34.0072    -0.0017    -0.0003    26.6429    26.6416     24.270     24.353    1477.68    1477.68     6.3265     6.4332    93.0260    94.5940  0.000e+00
      25317     25.000     6.9663     6.9661    3.43685    3.43668          1     3.5396     3.3015      62.48      0.513     0.4736     0.2204  4.690e-01  1.0196000    34.0125    34.0109    -0.0016    -0.0002    26.6455    26.6442     24.766     24.849    1477.70    1477.70     6.3243     6.4266    93.0010    94.5030  0.000e+00
      25333     25.500     6.9672     6.9669    3.43709    3.43691          1     3.5397     3.3006      53.52      0.600     0.4816     0.2172  4.280e-01  1.0442000    34.0140    34.0124    -0.0016    -0.0003    26.6465    26.6453     25.261     25.345    1477.71    1477.71     6.3259     6.4197    93.0270    94.4040  0.000e+00
      25349     26.000     6.9678     6.9675    3.43730    3.43714          1     3.5398     3.2997      53.14      0.708     0.4983     0.2521  3.819e-01  1.0817000    34.0155    34.0141    -0.0015    -0.0003    26.6477    26.6465     25.756     25.841    1477.73    1477.72     6.3260     6.4214    93.0290    94.4320  0.000e+00
