ctdpy/tests/etc/exprapp_feb_2020/SBE09_1387_20200213_0109_77_10_0144.cnv
* Sea-Bird SBE 9 Data File:
* FileName = L:\2020\sv20d0144.hex
* Software Version Seasave V 7.26.7.121
* Temperature SN = 6378
* Conductivity SN = 4824
* Number of Bytes Per Scan = 41
* Number of Voltage Words = 4
* Number of Scans Averaged by the Deck Unit = 1
* NMEA Latitude = 58 01.04 N
* NMEA Longitude = 017 59.14 E
* NMEA UTC (Time) = Feb 13 2020  01:09:39
* NMEA baud rate = 4800
** Station:  BY32
** Operator:  SSip
** Ship: SVEA
** Average sound velocity: 1442.51 m/s
** True-depth calculation Thu, 13 Feb 2020 02:07:55 +0000
** CTD Python Module SMHI /ver 3-12/ feb 2012 
** LIMS Job: 20207710-0144
** Cruise: SMHI-02-2020
** Latitude [GG MM.mm N] :
** Longitude [GGG MM.mm E]:
# nquan = 30
# nvalues = 397                         
# units = specified
# name 0 = scan: Scan Count
# name 1 = prDM: Pressure, Digiquartz [db]
# name 2 = t090C: Temperature [ITS-90, deg C]
# name 3 = t190C: Temperature, 2 [ITS-90, deg C]
# name 4 = c0S/m: Conductivity [S/m]
# name 5 = c1S/m: Conductivity, 2 [S/m]
# name 6 = pumps: Pump Status
# name 7 = sbeox0V: Oxygen raw, SBE 43 [V]
# name 8 = sbeox1V: Oxygen raw, SBE 43, 2 [V]
# name 9 = altM: Altimeter [m]
# name 10 = dz/dtM: Descent Rate [m/s]
# name 11 = flECO-AFL: Chl-a Fluorescence, WET Labs ECO-AFL/FL [mg/m^3]
# name 12 = flECO-AFL1: Phycocyanin Fluorescence, WET Labs ECO-AFL/FL, 2 [mg/m^3]
# name 13 = par: PAR/Irradiance, Biospherical/Lico [µE/(cm^2*s)]
# name 14 = turbWETntu0: Turbidity, WET Labs ECO [NTU]
# name 15 = sal00: Salinity, Practical [PSU]
# name 16 = sal11: Salinity, Practical, 2 [PSU]
# name 17 = secS-priS: Salinity, Practical, Difference, 2 - 1 [PSU]
# name 18 = T2-T190C: Temperature Difference, 2 - 1 [ITS-90, deg C]
# name 19 = sigma-t00: Density [sigma-t, kg/m^3 ]
# name 20 = sigma-t11: Density, 2 [sigma-t, kg/m^3 ]
# name 21 = depSM: Depth [salt water, m], lat = 58.0173
# name 22 = depFM: Depth [true depth, m], lat = 58.0173
# name 23 = svCM: Sound Velocity [Chen-Millero, m/s]
# name 24 = svCM1: Sound Velocity, 2 [Chen-Millero, m/s]
# name 25 = sbeox0ML/L: Oxygen, SBE 43 [ml/l], WS = 2
# name 26 = sbeox1ML/L: Oxygen, SBE 43, 2 [ml/l], WS = 2
# name 27 = sbeox0PS: Oxygen, SBE 43 [% saturation], WS = 2
# name 28 = sbeox1PS: Oxygen, SBE 43, 2 [% saturation], WS = 2
# name 29 = flag: flag
# span 0 =      14480,      27914       
# span 1 =      2.000,    200.000       
# span 2 =     4.7125,     5.8967       
# span 3 =     4.7124,     5.8963       
# span 4 =   0.780727,   1.160384       
# span 5 =   0.780792,   1.160492       
# span 6 =          1,          1       
# span 7 =     0.7392,     3.4820       
# span 8 =     0.7229,     3.2499       
# span 9 =       2.40,      98.68       
# span 10 =     -0.711,      1.015      
# span 11 =     0.3222,     0.4619      
# span 12 =     0.1268,     0.2831      
# span 13 = 1.0000e-12, 1.0977e+00      
# span 14 =     0.1034,     1.4770      
# span 15 =     7.2477,    10.6857      
# span 16 =     7.2484,    10.6868      
# span 17 =    -0.1385,     0.0237      
# span 18 =    -0.0692,     0.0069      
# span 19 =     5.7405,     8.3996      
# span 20 =     5.7410,     8.4005      
# span 21 =      1.981,    198.050      
# span 22 =      2.025,    202.172      
# span 23 =    1434.28,    1446.93      
# span 24 =    1434.28,    1446.93      
# span 25 =     0.0395,     7.8371      
# span 26 =     0.0677,     7.9759      
# span 27 =      0.486,     91.377      
# span 28 =      0.832,     93.002      
# span 29 = 0.0000e+00, 0.0000e+00      
# interval = decibars: 0.5              
# start_time = Feb 13 2020 01:09:40 [NMEA time, first data scan]
# bad_flag = -9.990e-29
*END*
[from data line 339]
      24247    171.500     5.8941     5.8938    1.15965    1.15975          1     0.7416     0.7264      31.82      0.607     0.4434     0.1840  1.000e-12  0.3352000    10.6839    10.6850     0.0011    -0.0003     8.3983     8.3992    169.840    173.386    1446.46    1446.46     0.0450     0.0803     0.5530     0.9860  0.000e+00
      24266    172.000     5.8941     5.8939    1.15966    1.15976          1     0.7414     0.7267      31.33      0.664     0.4340     0.1757  1.000e-12  0.3404000    10.6840    10.6851     0.0011    -0.0002     8.3984     8.3993    170.335    173.891    1446.47    1446.47     0.0450     0.0793     0.5530     0.9750  0.000e+00
      24295    172.500     5.8944     5.8942    1.15973    1.15982          1     0.7416     0.7265      30.72      0.515     0.4386     0.2123  1.000e-12  0.3346000    10.6845    10.6854     0.0009    -0.0002     8.3988     8.3995    170.830    174.396    1446.48    1446.48     0.0457     0.0782     0.5620     0.9610  0.000e+00
      24347    173.000     5.8943     5.8943    1.15972    1.15984          1     0.7416     0.7265      30.04      0.198     0.4458     0.2020  1.000e-12  0.3304000    10.6843    10.6855     0.0012     0.0000     8.3987     8.3996    171.325    174.901    1446.49    1446.49     0.0455     0.0776     0.5590     0.9540  0.000e+00
      24376    173.500     5.8946     5.8943    1.15977    1.15986          1     0.7415     0.7261      29.64      0.324     0.4540     0.1674  1.000e-12  0.3350000    10.6846    10.6856     0.0010    -0.0003     8.3989     8.3997    171.820    175.406    1446.50    1446.50     0.0450     0.0770     0.5530     0.9470  0.000e+00
      24393    174.000     5.8946     5.8944    1.15978    1.15988          1     0.7415     0.7265      29.23      0.521     0.4431     0.2060  1.000e-12  0.3349000    10.6846    10.6857     0.0010    -0.0003     8.3989     8.3997    172.315    175.911    1446.50    1446.51     0.0462     0.0776     0.5680     0.9540  0.000e+00
      24407    174.500     5.8947     5.8944    1.15979    1.15989          1     0.7417     0.7262      28.84      0.694     0.4443     0.1925  1.000e-12  0.3318000    10.6846    10.6857     0.0011    -0.0003     8.3989     8.3998    172.810    176.416    1446.51    1446.51     0.0463     0.0764     0.5690     0.9390  0.000e+00
      24420    175.000     5.8947     5.8944    1.15980    1.15990          1     0.7416     0.7259      28.36      0.828     0.4442     0.1770  1.000e-12  0.3289000    10.6846    10.6857     0.0011    -0.0003     8.3989     8.3998    173.305    176.921    1446.52    1446.52     0.0453     0.0766     0.5560     0.9410  0.000e+00
      24447    175.500     5.8946     5.8945    1.15980    1.15991          1     0.7416     0.7263      27.69      0.699     0.4532     0.2136  1.000e-12  0.3552000    10.6846    10.6857     0.0011    -0.0002     8.3989     8.3997    173.800    177.426    1446.53    1446.53     0.0451     0.0802     0.5550     0.9850  0.000e+00
      24522    176.000     5.8947     5.8945    1.15980    1.15990          1     0.7416     0.7259      26.92      0.049     0.4420     0.1990  1.000e-12  0.3251000    10.6845    10.6855     0.0010    -0.0002     8.3988     8.3996    174.294    177.931    1446.54    1446.54     0.0457     0.0761     0.5620     0.9350  0.000e+00
      24536    176.500     5.8949     5.8945    1.15983    1.15992          1     0.7415     0.7261      26.66      0.416     0.4426     0.2220  1.000e-12  0.3295000    10.6846    10.6857     0.0011    -0.0004     8.3989     8.3997    174.789    178.436    1446.55    1446.55     0.0449     0.0777     0.5520     0.9540  0.000e+00
      24550    177.000     5.8948     5.8946    1.15985    1.15995          1     0.7415     0.7260      26.25      0.656     0.4434     0.2611  1.000e-12  0.3297000    10.6847    10.6858     0.0011    -0.0003     8.3989     8.3998    175.284    178.941    1446.55    1446.55     0.0447     0.0761     0.5500     0.9350  0.000e+00
      24564    177.500     5.8948     5.8946    1.15986    1.15997          1     0.7413     0.7259      25.79      0.815     0.4442     0.2478  1.000e-12  0.3413000    10.6848    10.6859     0.0012    -0.0003     8.3990     8.3999    175.779    179.446    1446.56    1446.56     0.0442     0.0781     0.5430     0.9590  0.000e+00
      24582    178.000     5.8948     5.8946    1.15986    1.15998          1     0.7414     0.7262      25.28      0.798     0.4502     0.2385  1.000e-12  0.3444000    10.6847    10.6859     0.0012    -0.0002     8.3990     8.3999    176.274    179.951    1446.57    1446.57     0.0452     0.0798     0.5560     0.9800  0.000e+00
      24616    178.500     5.8948     5.8947    1.15988    1.15999          1     0.7415     0.7260      24.50      0.440     0.4421     0.2293  1.000e-12  0.3466000    10.6848    10.6858     0.0010    -0.0001     8.3990     8.3998    176.769    180.456    1446.58    1446.58     0.0459     0.0759     0.5640     0.9330  0.000e+00
      24656    179.000     5.8949     5.8948    1.15990    1.16000          1     0.7415     0.7259      23.97      0.294     0.4437     0.2304  1.000e-12  0.3464000    10.6849    10.6859     0.0011    -0.0001     8.3990     8.3999    177.264    180.961    1446.59    1446.59     0.0449     0.0766     0.5520     0.9410  0.000e+00
      24690    179.500     5.8949     5.8947    1.15991    1.16000          1     0.7413     0.7258      23.43      0.342     0.4410     0.1963  1.000e-12  0.3394000    10.6849    10.6858     0.0009    -0.0003     8.3991     8.3998    177.759    181.466    1446.59    1446.59     0.0444     0.0771     0.5450     0.9480  0.000e+00
      24717    180.000     5.8950     5.8947    1.15992    1.16002          1     0.7415     0.7259      22.98      0.401     0.4440     0.1854  1.000e-12  0.4147000    10.6848    10.6859     0.0011    -0.0002     8.3990     8.3999    178.254    181.971    1446.60    1446.60     0.0462     0.0770     0.5670     0.9460  0.000e+00
      24739    180.500     5.8950     5.8949    1.15993    1.16004          1     0.7415     0.7258      22.56      0.490     0.4440     0.2180  1.000e-12  0.3317000    10.6848    10.6860     0.0011    -0.0002     8.3990     8.3999    178.749    182.476    1446.61    1446.61     0.0448     0.0762     0.5500     0.9360  0.000e+00
      24760    181.000     5.8952     5.8949    1.15995    1.16005          1     0.7413     0.7258      22.13      0.566     0.4440     0.2032  1.000e-12  0.3334000    10.6849    10.6860     0.0011    -0.0002     8.3991     8.4000    179.244    182.981    1446.62    1446.62     0.0441     0.0765     0.5420     0.9400  0.000e+00
      24785    181.500     5.8950     5.8949    1.15994    1.16005          1     0.7413     0.7258      21.49      0.539     0.4440     0.2276  1.000e-12  0.3390000    10.6848    10.6859     0.0011    -0.0001     8.3990     8.3999    179.739    183.486    1446.63    1446.63     0.0449     0.0773     0.5510     0.9510  0.000e+00
      24820    182.000     5.8950     5.8949    1.15995    1.16005          1     0.7414     0.7258      20.94      0.349     0.4370     0.2195  1.000e-12  0.3394000    10.6848    10.6859     0.0010    -0.0001     8.3990     8.3998    180.234    183.991    1446.64    1446.64     0.0456     0.0760     0.5600     0.9340  0.000e+00
      24849    182.500     5.8953     5.8949    1.15997    1.16006          1     0.7415     0.7257      20.52      0.371     0.4554     0.2513  1.000e-12  0.3566000    10.6849    10.6859     0.0010    -0.0004     8.3990     8.3999    180.729    184.496    1446.64    1446.64     0.0450     0.0763     0.5530     0.9380  0.000e+00
      24869    183.000     5.8952     5.8949    1.15999    1.16007          1     0.7413     0.7257      20.04      0.492     0.4549     0.2337  1.000e-12  0.4062000    10.6849    10.6859     0.0010    -0.0003     8.3991     8.3999    181.224    185.001    1446.65    1446.65     0.0433     0.0776     0.5330     0.9540  0.000e+00
      24887    183.500     5.8952     5.8948    1.15998    1.16008          1     0.7411     0.7259      19.61      0.608     0.4444     0.1907  1.000e-12  0.3495000    10.6848    10.6858     0.0011    -0.0003     8.3990     8.3998    181.719    185.506    1446.66    1446.66     0.0447     0.0767     0.5500     0.9420  0.000e+00
      24907    184.000     5.8951     5.8949    1.15999    1.16009          1     0.7411     0.7257      19.05      0.653     0.4430     0.2071  1.000e-12  0.3348000    10.6848    10.6858     0.0010    -0.0003     8.3990     8.3998    182.213    186.011    1446.67    1446.67     0.0442     0.0767     0.5430     0.9430  0.000e+00
      24976    184.500     5.8951     5.8950    1.16000    1.16010          1     0.7412     0.7258      18.24      0.117     0.4436     0.1879  1.000e-12  0.3458000    10.6848    10.6858     0.0011    -0.0002     8.3990     8.3998    182.708    186.516    1446.67    1446.68     0.0435     0.0765     0.5340     0.9400  0.000e+00
      25005    185.000     5.8954     5.8951    1.16002    1.16012          1     0.7410     0.7256      17.96      0.316     0.4498     0.1588  1.000e-12  0.3341000    10.6848    10.6859     0.0011    -0.0003     8.3990     8.3999    183.203    187.021    1446.68    1446.68     0.0455     0.0761     0.5590     0.9360  0.000e+00
      25017    185.500     5.8955     5.8952    1.16004    1.16014          1     0.7413     0.7257      17.56      0.594     0.4559     0.1910  1.000e-12  0.3158000    10.6849    10.6860     0.0011    -0.0004     8.3990     8.4000    183.698    187.526    1446.69    1446.69     0.0457     0.0775     0.5620     0.9530  0.000e+00
      25029    186.000     5.8956     5.8952    1.16005    1.16015          1     0.7414     0.7259      17.23      0.811     0.4464     0.1889  1.000e-12  0.3583000    10.6849    10.6860     0.0011    -0.0004     8.3991     8.3999    184.193    188.031    1446.70    1446.70     0.0447     0.0779     0.5490     0.9570  0.000e+00
      25042    186.500     5.8955     5.8952    1.16006    1.16016          1     0.7412     0.7257      16.65      0.955     0.4434     0.2039  1.000e-12  0.3833000    10.6850    10.6861     0.0011    -0.0002     8.3991     8.4000    184.688    188.536    1446.71    1446.71     0.0435     0.0769     0.5340     0.9450  0.000e+00
      25075    187.000     5.8954     5.8953    1.16007    1.16016          1     0.7412     0.7258      15.85      0.631     0.4497     0.2275  1.000e-12  0.3386000    10.6849    10.6859     0.0010    -0.0001     8.3991     8.3999    185.183    189.041    1446.72    1446.72     0.0445     0.0775     0.5470     0.9520  0.000e+00
      25133    187.500     5.8955     5.8953    1.16007    1.16018          1     0.7413     0.7257      15.21      0.148     0.4516     0.2070  1.000e-12  0.3112000    10.6848    10.6860     0.0011    -0.0002     8.3990     8.3999    185.678    189.546    1446.72    1446.73     0.0446     0.0762     0.5490     0.9360  0.000e+00
      25153    188.000     5.8956     5.8953    1.16008    1.16018          1     0.7415     0.7257      14.90      0.427     0.4486     0.2339  1.000e-12  0.3176000    10.6848    10.6859     0.0011    -0.0003     8.3990     8.3999    186.173    190.051    1446.73    1446.73     0.0449     0.0765     0.5520     0.9400  0.000e+00
      25171    188.500     5.8956     5.8953    1.16008    1.16019          1     0.7410     0.7257      14.46      0.591     0.4441     0.2356  1.000e-12  0.3272000    10.6848    10.6859     0.0011    -0.0003     8.3989     8.3998    186.668    190.556    1446.74    1446.74     0.0424     0.0766     0.5210     0.9410  0.000e+00
      25191    189.000     5.8955     5.8953    1.16010    1.16020          1     0.7411     0.7257      14.06      0.638     0.4438     0.2377  1.000e-12  0.3408000    10.6849    10.6860     0.0011    -0.0003     8.3990     8.3999    187.163    191.062    1446.75    1446.75     0.0445     0.0762     0.5470     0.9360  0.000e+00
      25216    189.500     5.8955     5.8953    1.16011    1.16022          1     0.7411     0.7257      13.38      0.548     0.4460     0.2166  1.000e-12  0.3503000    10.6849    10.6860     0.0011    -0.0002     8.3991     8.3999    187.658    191.567    1446.76    1446.76     0.0440     0.0756     0.5410     0.9290  0.000e+00
      25255    190.000     5.8955     5.8954    1.16013    1.16023          1     0.7410     0.7256      12.69      0.336     0.4555     0.2162  1.000e-12  0.4029000    10.6850    10.6860     0.0010    -0.0001     8.3991     8.3999    188.152    192.072    1446.76    1446.77     0.0438     0.0777     0.5380     0.9540  0.000e+00
      25295    190.500     5.8955     5.8954    1.16013    1.16023          1     0.7409     0.7257      12.19      0.271     0.4586     0.2500  1.000e-12  0.3538000    10.6849    10.6859     0.0010    -0.0001     8.3990     8.3999    188.647    192.577    1446.77    1446.77     0.0433     0.0746     0.5320     0.9170  0.000e+00
      25319    191.000     5.8957     5.8954    1.16013    1.16023          1     0.7410     0.7254      11.79      0.418     0.4619     0.2232  1.000e-12  0.3455000    10.6848    10.6859     0.0011    -0.0003     8.3990     8.3998    189.142    193.082    1446.78    1446.78     0.0453     0.0732     0.5570     0.9000  0.000e+00
      25341    191.500     5.8957     5.8954    1.16014    1.16025          1     0.7410     0.7254      11.32      0.527     0.4431     0.2275  1.000e-12  0.3395000    10.6848    10.6860     0.0012    -0.0003     8.3990     8.3999    189.637    193.587    1446.79    1446.79     0.0439     0.0765     0.5390     0.9400  0.000e+00
      25365    192.000     5.8956     5.8954    1.16016    1.16026          1     0.7410     0.7254      10.78      0.535     0.4448     0.2199  1.000e-12  0.3341000    10.6849    10.6860     0.0010    -0.0002     8.3990     8.3999    190.132    194.092    1446.80    1446.80     0.0437     0.0743     0.5370     0.9130  0.000e+00
      25396    192.500     5.8956     5.8955    1.16017    1.16027          1     0.7410     0.7253      10.20      0.427     0.4561     0.2429  1.000e-12  0.3818000    10.6849    10.6860     0.0011    -0.0002     8.3991     8.3999    190.627    194.597    1446.81    1446.81     0.0436     0.0754     0.5360     0.9260  0.000e+00
      25436    193.000     5.8957     5.8957    1.16022    1.16032          1     0.7408     0.7253       9.58      0.304     0.4440     0.2142  1.000e-12  0.3514000    10.6853    10.6863     0.0010    -0.0001     8.3993     8.4002    191.122    195.102    1446.81    1446.82     0.0434     0.0756     0.5330     0.9290  0.000e+00
      25483    193.500     5.8958     5.8957    1.16023    1.16034          1     0.7410     0.7252       9.04      0.252     0.4312     0.2193  1.000e-12  0.3310000    10.6853    10.6864     0.0011    -0.0001     8.3994     8.4002    191.617    195.607    1446.82    1446.82     0.0450     0.0731     0.5530     0.8980  0.000e+00
      25516    194.000     5.8958     5.8956    1.16020    1.16031          1     0.7409     0.7250       8.62      0.331     0.4413     0.2329  1.000e-12  0.3394000    10.6849    10.6861     0.0012    -0.0002     8.3990     8.4000    192.112    196.112    1446.83    1446.83     0.0433     0.0755     0.5330     0.9270  0.000e+00
      25539    194.500     5.8958     5.8955    1.16022    1.16031          1     0.7410     0.7250       8.16      0.451     0.4324     0.2534  1.000e-12  0.3591000    10.6850    10.6860     0.0011    -0.0003     8.3991     8.3999    192.607    196.617    1446.84    1446.84     0.0442     0.0715     0.5430     0.8790  0.000e+00
