ctdpy/tests/etc/exprapp_feb_2020/SBE09_1387_20200203_0514_77_10_0100.cnv
* Sea-Bird SBE 9 Data File:
* FileName = L:\2020\sv20d0100.hex
* Software Version Seasave V 7.26.7.121
* Temperature SN = 6378
* Conductivity SN = 4824
* Number of Bytes Per Scan = 41
* Number of Voltage Words = 4
* Number of Scans Averaged by the Deck Unit = 1
* NMEA Latitude = 57 47.51 N
* NMEA Longitude = 008 47.84 E
* NMEA UTC (Time) = Feb 03 2020  05:14:16
* NMEA baud rate = 4800
** Station:  36N Hanstholm
** Operator:  A-KTh
** Ship: SVEA
** Average sound velocity: 1483.57 m/s
** True-depth calculation Mon, 03 Feb 2020 10:24:45 +0000
** CTD Python Module SMHI /ver 3-12/ feb 2012 
** LIMS Job: 20207710-0100
** Cruise: SMHI-02-2020
** Latitude [GG MM.mm N] :
** Longitude [GGG MM.mm E]:
# nquan = 30
# nvalues = 466                         
# units = specified
# name 0 = scan: Scan Count
# name 1 = prDM: Pressure, Digiquartz [db]
# name 2 = t090C: Temperature [ITS-90, deg C]
# name 3 = t190C: Temperature, 2 [ITS-90, deg C]
# name 4 = c0S/m: Conductivity [S/m]
# name 5 = c1S/m: Conductivity, 2 [S/m]
# name 6 = pumps: Pump Status
# name 7 = sbeox0V: Oxygen raw, SBE 43 [V]
# name 8 = sbeox1V: Oxygen raw, SBE 43, 2 [V]
# name 9 = altM: Altimeter [m]
# name 10 = dz/dtM: Descent Rate [m/s]
# name 11 = flECO-AFL: Chl-a Fluorescence, WET Labs ECO-AFL/FL [mg/m^3]
# name 12 = flECO-AFL1: Phycocyanin Fluorescence, WET Labs ECO-AFL/FL, 2 [mg/m^3]
# name 13 = par: PAR/Irradiance, Biospherical/Lico [µE/(cm^2*s)]
# name 14 = turbWETntu0: Turbidity, WET Labs ECO [NTU]
# name 15 = sal00: Salinity, Practical [PSU]
# name 16 = sal11: Salinity, Practical, 2 [PSU]
# name 17 = secS-priS: Salinity, Practical, Difference, 2 - 1 [PSU]
# name 18 = T2-T190C: Temperature Difference, 2 - 1 [ITS-90, deg C]
# name 19 = sigma-t00: Density [sigma-t, kg/m^3 ]
# name 20 = sigma-t11: Density, 2 [sigma-t, kg/m^3 ]
# name 21 = depSM: Depth [salt water, m], lat = 57.7918
# name 22 = depFM: Depth [true depth, m], lat = 57.7918
# name 23 = svCM: Sound Velocity [Chen-Millero, m/s]
# name 24 = svCM1: Sound Velocity, 2 [Chen-Millero, m/s]
# name 25 = sbeox0ML/L: Oxygen, SBE 43 [ml/l], WS = 2
# name 26 = sbeox1ML/L: Oxygen, SBE 43, 2 [ml/l], WS = 2
# name 27 = sbeox0PS: Oxygen, SBE 43 [% saturation], WS = 2
# name 28 = sbeox1PS: Oxygen, SBE 43, 2 [% saturation], WS = 2
# name 29 = flag: flag
# span 0 =      14278,      29130       
# span 1 =      1.000,    233.500       
# span 2 =     6.5875,     8.5172       
# span 3 =     6.5876,     8.5172       
# span 4 =   3.267460,   3.649624       
# span 5 =   3.267363,   3.648987       
# span 6 =          1,          1       
# span 7 =     3.2676,     3.5485       
# span 8 =     3.0494,     3.3021       
# span 9 =       0.53,     100.44       
# span 10 =     -0.241,      0.842      
# span 11 =     0.1722,     0.7950      
# span 12 =     0.1115,     0.3368      
# span 13 = -1.976e-05, 2.3193e+00      
# span 14 =     0.1549,     1.1155      
# span 15 =    32.5247,    35.1454      
# span 16 =    32.5236,    35.1440      
# span 17 =    -0.0553,     0.0162      
# span 18 =    -0.0377,     0.0061      
# span 19 =    25.5231,    27.4267      
# span 20 =    25.5222,    27.4257      
# span 21 =      0.991,    231.210      
# span 22 =      0.993,    231.536      
# span 23 =    1473.97,    1485.53      
# span 24 =    1473.97,    1485.51      
# span 25 =     5.4830,     6.4681      
# span 26 =     5.5361,     6.5586      
# span 27 =     83.576,     93.535      
# span 28 =     84.385,     94.800      
# span 29 = 0.0000e+00, 0.0000e+00      
# interval = decibars: 0.5              
# start_time = Feb 03 2020 05:14:17 [NMEA time, first data scan]
# bad_flag = -9.990e-29
*END*
[from data line 339]
      22887    170.500     7.7403     7.7402    3.61783    3.61770          1     3.4825     3.2457      62.54      0.371     0.2341     0.2120  1.000e-12  0.2103000    35.1413    35.1399    -0.0014    -0.0000    27.4237    27.4226    168.853    169.081    1484.47    1484.47     6.1416     6.2408    92.6010    94.0960  0.000e+00
      22918    171.000     7.7398     7.7397    3.61781    3.61768          1     3.4820     3.2452      62.14      0.374     0.2370     0.1894  1.000e-12  0.2117000    35.1412    35.1400    -0.0013    -0.0001    27.4237    27.4227    169.348    169.577    1484.48    1484.47     6.1469     6.2403    92.6800    94.0870  0.000e+00
      22943    171.500     7.7393     7.7391    3.61779    3.61764          1     3.4822     3.2449      61.75      0.441     0.2456     0.2339  1.000e-12  0.2050000    35.1413    35.1399    -0.0014    -0.0002    27.4238    27.4228    169.843    170.073    1484.48    1484.48     6.1488     6.2337    92.7080    93.9860  0.000e+00
      22964    172.000     7.7384     7.7383    3.61772    3.61759          1     3.4827     3.2435      61.31      0.518     0.2433     0.2395  1.000e-12  0.2261000    35.1412    35.1399    -0.0013    -0.0001    27.4239    27.4229    170.338    170.568    1484.49    1484.49     6.1494     6.2325    92.7150    93.9670  0.000e+00
      22983    172.500     7.7384     7.7382    3.61774    3.61761          1     3.4826     3.2435      60.77      0.584     0.2406     0.2313  1.000e-12  0.2142000    35.1412    35.1400    -0.0013    -0.0002    27.4239    27.4230    170.833    171.064    1484.50    1484.49     6.1461     6.2432    92.6650    94.1270  0.000e+00
      23001    173.000     7.7382     7.7380    3.61775    3.61761          1     3.4818     3.2443      60.38      0.640     0.2397     0.2197  1.000e-12  0.2165000    35.1413    35.1400    -0.0013    -0.0002    27.4240    27.4230    171.328    171.560    1484.50    1484.50     6.1440     6.2448    92.6330    94.1510  0.000e+00
      23019    173.500     7.7380     7.7377    3.61775    3.61761          1     3.4814     3.2441      59.91      0.668     0.2335     0.1929  1.000e-12  0.2181000    35.1412    35.1399    -0.0013    -0.0002    27.4239    27.4230    171.823    172.055    1484.51    1484.51     6.1445     6.2424    92.6410    94.1150  0.000e+00
      23044    174.000     7.7380     7.7379    3.61777    3.61765          1     3.4806     3.2446      59.40      0.571     0.2420     0.2234  1.000e-12  0.2230000    35.1412    35.1399    -0.0013    -0.0001    27.4240    27.4230    172.318    172.551    1484.52    1484.52     6.1411     6.2458    92.5880    94.1670  0.000e+00
      23081    174.500     7.7381     7.7381    3.61780    3.61767          1     3.4794     3.2446      58.70      0.336     0.2347     0.2031  1.000e-12  0.2460000    35.1412    35.1398    -0.0014    -0.0001    27.4239    27.4228    172.813    173.047    1484.53    1484.53     6.1421     6.2410    92.6040    94.0940  0.000e+00
      23111    175.000     7.7380     7.7378    3.61782    3.61768          1     3.4797     3.2441      57.89      0.356     0.2436     0.2385  1.000e-12  0.2498000    35.1412    35.1399    -0.0014    -0.0002    27.4240    27.4229    173.308    173.542    1484.53    1484.53     6.1469     6.2407    92.6770    94.0890  0.000e+00
      23134    175.500     7.7380     7.7378    3.61786    3.61771          1     3.4801     3.2439      57.52      0.474     0.2428     0.2362  1.000e-12  0.2099000    35.1414    35.1400    -0.0014    -0.0002    27.4241    27.4230    173.803    174.038    1484.54    1484.54     6.1471     6.2414    92.6800    94.1000  0.000e+00
      23153    176.000     7.7381     7.7378    3.61788    3.61774          1     3.4802     3.2438      57.18      0.567     0.2385     0.2205  1.000e-12  0.2120000    35.1413    35.1400    -0.0013    -0.0003    27.4240    27.4230    174.298    174.534    1484.55    1484.55     6.1465     6.2401    92.6710    94.0800  0.000e+00
      23172    176.500     7.7380     7.7378    3.61790    3.61776          1     3.4801     3.2434      56.86      0.622     0.2383     0.2366  1.000e-12  0.2167000    35.1414    35.1401    -0.0013    -0.0002    27.4241    27.4231    174.793    175.029    1484.56    1484.56     6.1443     6.2390    92.6370    94.0640  0.000e+00
      23192    177.000     7.7379     7.7377    3.61792    3.61778          1     3.4795     3.2431      56.40      0.622     0.2405     0.2400  1.000e-12  0.2236000    35.1414    35.1401    -0.0014    -0.0001    27.4241    27.4231    175.288    175.525    1484.57    1484.57     6.1441     6.2404    92.6340    94.0850  0.000e+00
      23218    177.500     7.7380     7.7378    3.61793    3.61781          1     3.4796     3.2429      55.78      0.527     0.2411     0.2394  1.000e-12  0.2609000    35.1413    35.1400    -0.0012    -0.0001    27.4240    27.4231    175.783    176.021    1484.58    1484.57     6.1457     6.2402    92.6580    94.0830  0.000e+00
      23250    178.000     7.7379     7.7378    3.61797    3.61783          1     3.4793     3.2429      55.27      0.381     0.2439     0.2008  1.000e-12  0.2687000    35.1414    35.1400    -0.0014    -0.0001    27.4241    27.4231    176.278    176.516    1484.58    1484.58     6.1459     6.2423    92.6620    94.1140  0.000e+00
      23276    178.500     7.7380     7.7378    3.61800    3.61786          1     3.4795     3.2426      54.83      0.416     0.2389     0.1666  1.000e-12  0.2240000    35.1414    35.1401    -0.0013    -0.0002    27.4241    27.4231    176.772    177.012    1484.59    1484.59     6.1455     6.2337    92.6550    93.9840  0.000e+00
      23297    179.000     7.7380     7.7378    3.61801    3.61788          1     3.4788     3.2412      54.41      0.513     0.2392     0.1821  1.000e-12  0.2282000    35.1414    35.1401    -0.0012    -0.0002    27.4241    27.4231    177.267    177.508    1484.60    1484.60     6.1409     6.2277    92.5850    93.8940  0.000e+00
      23319    179.500     7.7380     7.7378    3.61804    3.61790          1     3.4779     3.2402      53.98      0.564     0.2386     0.2122  1.000e-12  0.2469000    35.1414    35.1402    -0.0012    -0.0002    27.4241    27.4232    177.762    178.003    1484.61    1484.61     6.1396     6.2305    92.5670    93.9350  0.000e+00
      23344    180.000     7.7380     7.7379    3.61811    3.61796          1     3.4771     3.2398      53.48      0.525     0.2445     0.2144  1.000e-12  0.2664000    35.1419    35.1405    -0.0014    -0.0001    27.4245    27.4234    178.257    178.499    1484.62    1484.62     6.1396     6.2342    92.5670    93.9910  0.000e+00
      23374    180.500     7.7383     7.7382    3.61827    3.61811          1     3.4765     3.2397      52.92      0.415     0.2404     0.1822  1.000e-12  0.2850000    35.1430    35.1415    -0.0016    -0.0002    27.4253    27.4241    178.752    178.995    1484.63    1484.63     6.1397     6.2338    92.5700    93.9870  0.000e+00
      23400    181.000     7.7385     7.7383    3.61833    3.61820          1     3.4761     3.2388      52.35      0.417     0.2320     0.2266  1.000e-12  0.3113000    35.1433    35.1421    -0.0012    -0.0002    27.4256    27.4246    179.247    179.490    1484.64    1484.64     6.1404     6.2238    92.5800    93.8370  0.000e+00
      23419    181.500     7.7386     7.7384    3.61842    3.61828          1     3.4763     3.2375      51.62      0.519     0.2352     0.2410  1.000e-12  0.3481000    35.1438    35.1426    -0.0013    -0.0002    27.4259    27.4249    179.742    179.986    1484.65    1484.65     6.1437     6.2245    92.6310    93.8480  0.000e+00
      23437    182.000     7.7388     7.7386    3.61846    3.61834          1     3.4767     3.2373      51.29      0.623     0.2359     0.2340  1.000e-12  0.3917000    35.1439    35.1427    -0.0012    -0.0002    27.4260    27.4251    180.237    180.482    1484.66    1484.65     6.1444     6.2287    92.6410    93.9120  0.000e+00
      23454    182.500     7.7389     7.7387    3.61851    3.61837          1     3.4767     3.2371      50.96      0.682     0.2446     0.2363  1.000e-12  0.4082000    35.1441    35.1427    -0.0013    -0.0002    27.4261    27.4250    180.732    180.978    1484.67    1484.66     6.1420     6.2269    92.6060    93.8850  0.000e+00
      23478    183.000     7.7390     7.7388    3.61852    3.61838          1     3.4760     3.2364      50.51      0.609     0.2373     0.2232  1.000e-12  0.4059000    35.1439    35.1426    -0.0013    -0.0002    27.4259    27.4249    181.227    181.473    1484.67    1484.67     6.1393     6.2288    92.5650    93.9140  0.000e+00
      23517    183.500     7.7390     7.7389    3.61854    3.61840          1     3.4749     3.2372      49.84      0.322     0.2267     0.2270  1.000e-12  0.3671000    35.1438    35.1424    -0.0014    -0.0001    27.4259    27.4248    181.722    181.969    1484.68    1484.68     6.1374     6.2342    92.5370    93.9950  0.000e+00
      23550    184.000     7.7390     7.7389    3.61856    3.61843          1     3.4745     3.2369      49.38      0.319     0.2333     0.2073  1.000e-12  0.3633000    35.1438    35.1425    -0.0012    -0.0002    27.4258    27.4249    182.217    182.465    1484.69    1484.69     6.1399     6.2327    92.5750    93.9730  0.000e+00
      23572    184.500     7.7391     7.7389    3.61860    3.61846          1     3.4745     3.2373      48.98      0.472     0.2277     0.2205  1.000e-12  0.3727000    35.1439    35.1426    -0.0014    -0.0002    27.4259    27.4249    182.712    182.960    1484.70    1484.70     6.1378     6.2356    92.5420    94.0160  0.000e+00
      23592    185.000     7.7392     7.7390    3.61864    3.61850          1     3.4739     3.2374      48.57      0.574     0.2298     0.2100  1.000e-12  0.3882000    35.1439    35.1427    -0.0012    -0.0003    27.4259    27.4250    183.207    183.456    1484.71    1484.71     6.1368     6.2333    92.5280    93.9820  0.000e+00
      23612    185.500     7.7393     7.7392    3.61869    3.61857          1     3.4736     3.2371      48.05      0.602     0.2450     0.2197  1.000e-12  0.4214000    35.1441    35.1430    -0.0012    -0.0001    27.4261    27.4251    183.702    183.952    1484.72    1484.72     6.1375     6.2282    92.5400    93.9050  0.000e+00
      23634    186.000     7.7395     7.7392    3.61874    3.61859          1     3.4735     3.2363      47.53      0.573     0.2456     0.2167  1.000e-12  0.4042000    35.1442    35.1429    -0.0013    -0.0003    27.4261    27.4251    184.197    184.447    1484.73    1484.72     6.1397     6.2280    92.5740    93.9020  0.000e+00
      23657    186.500     7.7395     7.7393    3.61876    3.61861          1     3.4737     3.2362      47.08      0.534     0.2466     0.1843  1.000e-12  0.4063000    35.1442    35.1429    -0.0013    -0.0002    27.4261    27.4251    184.691    184.943    1484.73    1484.73     6.1394     6.2316    92.5680    93.9580  0.000e+00
      23681    187.000     7.7395     7.7394    3.61878    3.61864          1     3.4733     3.2361      46.56      0.516     0.2342     0.2366  1.000e-12  0.4153000    35.1442    35.1428    -0.0013    -0.0001    27.4261    27.4250    185.186    185.439    1484.74    1484.74     6.1374     6.2334    92.5370    93.9840  0.000e+00
      23705    187.500     7.7396     7.7394    3.61881    3.61868          1     3.4730     3.2366      46.05      0.496     0.2354     0.2351  1.000e-12  0.4105000    35.1443    35.1429    -0.0014    -0.0001    27.4261    27.4251    185.681    185.934    1484.75    1484.75     6.1385     6.2390    92.5550    94.0690  0.000e+00
      23731    188.000     7.7397     7.7395    3.61884    3.61870          1     3.4730     3.2368      44.80      0.476     0.2342     0.2067  1.000e-12  0.4286000    35.1442    35.1429    -0.0013    -0.0002    27.4261    27.4251    186.176    186.430    1484.76    1484.76     6.1377     6.2313    92.5420    93.9540  0.000e+00
      23757    188.500     7.7397     7.7395    3.61887    3.61873          1     3.4723     3.2361      44.58      0.464     0.2433     0.2614  1.000e-12  0.3935000    35.1442    35.1428    -0.0014    -0.0002    27.4261    27.4250    186.671    186.926    1484.77    1484.77     6.1362     6.2293    92.5210    93.9230  0.000e+00
      23781    189.000     7.7398     7.7396    3.61889    3.61876          1     3.4721     3.2355      44.38      0.476     0.2350     0.2212  1.000e-12  0.3923000    35.1441    35.1429    -0.0012    -0.0002    27.4260    27.4250    187.166    187.421    1484.78    1484.77     6.1386     6.2301    92.5560    93.9350  0.000e+00
      23805    189.500     7.7398     7.7397    3.61894    3.61881          1     3.4726     3.2355      43.87      0.501     0.2432     0.2080  1.000e-12  0.4148000    35.1443    35.1431    -0.0012    -0.0002    27.4261    27.4252    187.661    187.917    1484.78    1484.78     6.1419     6.2300    92.6070    93.9330  0.000e+00
      23828    190.000     7.7400     7.7398    3.61900    3.61887          1     3.4728     3.2351      43.47      0.516     0.2565     0.2167  1.000e-12  0.4209000    35.1445    35.1433    -0.0012    -0.0002    27.4263    27.4254    188.156    188.413    1484.79    1484.79     6.1407     6.2307    92.5890    93.9440  0.000e+00
      23852    190.500     7.7402     7.7400    3.61905    3.61890          1     3.4725     3.2350      43.12      0.501     0.2464     0.2000  1.000e-12  0.4648000    35.1447    35.1433    -0.0014    -0.0002    27.4264    27.4253    188.651    188.908    1484.80    1484.80     6.1363     6.2294    92.5230    93.9270  0.000e+00
      23877    191.000     7.7403     7.7401    3.61908    3.61895          1     3.4717     3.2345      42.62      0.486     0.2364     0.2011  1.000e-12  0.5147000    35.1447    35.1435    -0.0012    -0.0002    27.4263    27.4254    189.146    189.404    1484.81    1484.81     6.1369     6.2281    92.5320    93.9070  0.000e+00
      23903    191.500     7.7406     7.7404    3.61917    3.61901          1     3.4712     3.2340      42.09      0.476     0.2521     0.2233  1.000e-12  0.5343000    35.1450    35.1436    -0.0014    -0.0002    27.4266    27.4255    189.641    189.900    1484.82    1484.82     6.1335     6.2271    92.4820    93.8920  0.000e+00
      23929    192.000     7.7406     7.7404    3.61919    3.61904          1     3.4698     3.2337      41.63      0.463     0.2359     0.1991  1.000e-12  0.5531000    35.1451    35.1436    -0.0015    -0.0002    27.4266    27.4255    190.136    190.395    1484.83    1484.83     6.1301     6.2280    92.4310    93.9060  0.000e+00
      23953    192.500     7.7407     7.7405    3.61923    3.61909          1     3.4693     3.2332      41.03      0.484     0.2354     0.2237  1.000e-12  0.5432000    35.1451    35.1439    -0.0012    -0.0002    27.4266    27.4257    190.631    190.891    1484.84    1484.84     6.1335     6.2256    92.4820    93.8700  0.000e+00
      23976    193.000     7.7408     7.7406    3.61927    3.61913          1     3.4694     3.2328      40.59      0.504     0.2258     0.2399  1.000e-12  0.5115000    35.1453    35.1439    -0.0014    -0.0002    27.4267    27.4257    191.125    191.387    1484.85    1484.84     6.1382     6.2234    92.5530    93.8380  0.000e+00
      24000    193.500     7.7408     7.7406    3.61929    3.61916          1     3.4703     3.2320      39.90      0.509     0.2410     0.2157  1.000e-12  0.5546000    35.1451    35.1439    -0.0012    -0.0002    27.4266    27.4257    191.620    191.882    1484.86    1484.85     6.1383     6.2261    92.5560    93.8770  0.000e+00
