ctdpy/tests/etc/exprapp_feb_2020/SBE09_1387_20200206_1541_77_10_0115.cnv
* Sea-Bird SBE 9 Data File:
* FileName = L:\2020\sv20d0115.hex
* Software Version Seasave V 7.26.7.121
* Temperature SN = 6378
* Conductivity SN = 4824
* Number of Bytes Per Scan = 41
* Number of Voltage Words = 4
* Number of Scans Averaged by the Deck Unit = 1
* NMEA Latitude = 58 19.11 N
* NMEA Longitude = 010 56.81 E
* NMEA UTC (Time) = Feb 06 2020  15:41:12
* NMEA baud rate = 4800
** Station:  Å14
** Operator:  SSip
** Ship: SVEA
** Average sound velocity: 1479.22 m/s
** True-depth calculation Thu, 06 Feb 2020 18:25:16 +0000
** CTD Python Module SMHI /ver 3-12/ feb 2012 
** LIMS Job: 20207710-0115
** Cruise: SMHI-03-2020
** Latitude [GG MM.mm N] :
** Longitude [GGG MM.mm E]:
# nquan = 30
# nvalues = 217                         
# units = specified
# name 0 = scan: Scan Count
# name 1 = prDM: Pressure, Digiquartz [db]
# name 2 = t090C: Temperature [ITS-90, deg C]
# name 3 = t190C: Temperature, 2 [ITS-90, deg C]
# name 4 = c0S/m: Conductivity [S/m]
# name 5 = c1S/m: Conductivity, 2 [S/m]
# name 6 = pumps: Pump Status
# name 7 = sbeox0V: Oxygen raw, SBE 43 [V]
# name 8 = sbeox1V: Oxygen raw, SBE 43, 2 [V]
# name 9 = altM: Altimeter [m]
# name 10 = dz/dtM: Descent Rate [m/s]
# name 11 = flECO-AFL: Chl-a Fluorescence, WET Labs ECO-AFL/FL [mg/m^3]
# name 12 = flECO-AFL1: Phycocyanin Fluorescence, WET Labs ECO-AFL/FL, 2 [mg/m^3]
# name 13 = par: PAR/Irradiance, Biospherical/Lico [µE/(cm^2*s)]
# name 14 = turbWETntu0: Turbidity, WET Labs ECO [NTU]
# name 15 = sal00: Salinity, Practical [PSU]
# name 16 = sal11: Salinity, Practical, 2 [PSU]
# name 17 = secS-priS: Salinity, Practical, Difference, 2 - 1 [PSU]
# name 18 = T2-T190C: Temperature Difference, 2 - 1 [ITS-90, deg C]
# name 19 = sigma-t00: Density [sigma-t, kg/m^3 ]
# name 20 = sigma-t11: Density, 2 [sigma-t, kg/m^3 ]
# name 21 = depSM: Depth [salt water, m], lat = 58.3185
# name 22 = depFM: Depth [true depth, m], lat = 58.3185
# name 23 = svCM: Sound Velocity [Chen-Millero, m/s]
# name 24 = svCM1: Sound Velocity, 2 [Chen-Millero, m/s]
# name 25 = sbeox0ML/L: Oxygen, SBE 43 [ml/l], WS = 2
# name 26 = sbeox1ML/L: Oxygen, SBE 43, 2 [ml/l], WS = 2
# name 27 = sbeox0PS: Oxygen, SBE 43 [% saturation], WS = 2
# name 28 = sbeox1PS: Oxygen, SBE 43, 2 [% saturation], WS = 2
# name 29 = flag: flag
# span 0 =      17454,      23843       
# span 1 =      2.000,    110.000       
# span 2 =     6.3540,     7.4837       
# span 3 =     6.3545,     7.4832       
# span 4 =   3.293089,   3.533574       
# span 5 =   3.293143,   3.533406       
# span 6 =          1,          1       
# span 7 =     3.4931,     3.5908       
# span 8 =     3.2505,     3.3413       
# span 9 =       0.70,     102.60       
# span 10 =     -0.085,      0.632      
# span 11 =     0.3330,     0.8042      
# span 12 =     0.1733,     0.3260      
# span 13 = -4.317e-06, 5.6877e+00      
# span 14 =     0.4163,     5.8217      
# span 15 =    33.0338,    34.5913      
# span 16 =    33.0337,    34.5899      
# span 17 =    -0.0085,     0.0216      
# span 18 =    -0.0063,     0.0111      
# span 19 =    25.9547,    27.0396      
# span 20 =    25.9546,    27.0385      
# span 21 =      1.981,    108.949      
# span 22 =      1.986,    109.116      
# span 23 =    1473.72,    1481.52      
# span 24 =    1473.71,    1481.51      
# span 25 =     6.1945,     6.5644      
# span 26 =     6.2721,     6.6601      
# span 27 =     92.351,     94.605      
# span 28 =     93.512,     95.944      
# span 29 = 0.0000e+00, 0.0000e+00      
# interval = decibars: 0.5              
# start_time = Feb 06 2020 15:41:12 [NMEA time, first data scan]
# bad_flag = -9.990e-29
*END*
[from data line 146]
      21458     75.000     7.3873     7.3873    3.52969    3.52956          1     3.5073     3.2638      35.73      0.401     0.3913     0.2366  1.000e-12  2.6331000    34.5856    34.5842    -0.0014    -0.0000    27.0378    27.0367     74.290     74.406    1480.86    1480.86     6.2033     6.2888    92.4500    93.7230  0.000e+00
      21484     75.500     7.3876     7.3876    3.52976    3.52962          1     3.5074     3.2638      35.33      0.408     0.3686     0.2672  1.000e-12  2.4333000    34.5857    34.5842    -0.0015     0.0000    27.0379    27.0368     74.785     74.902    1480.87    1480.87     6.2051     6.2885    92.4780    93.7190  0.000e+00
      21505     76.000     7.3878     7.3876    3.52980    3.52965          1     3.5077     3.2638      34.84      0.511     0.3744     0.2810  1.000e-12  2.5656000    34.5858    34.5843    -0.0015    -0.0002    27.0379    27.0368     75.280     75.397    1480.88    1480.88     6.2055     6.2892    92.4840    93.7290  0.000e+00
      21525     76.500     7.3878     7.3878    3.52981    3.52970          1     3.5075     3.2639      34.34      0.591     0.3792     0.2328  1.000e-12  2.6687000    34.5856    34.5844    -0.0012     0.0000    27.0378    27.0368     75.775     75.893    1480.89    1480.89     6.2008     6.2895    92.4130    93.7350  0.000e+00
      21553     77.000     7.3877     7.3879    3.52983    3.52971          1     3.5061     3.2637      33.75      0.499     0.3784     0.2625  1.000e-12  2.6914000    34.5856    34.5842    -0.0014     0.0002    27.0378    27.0367     76.270     76.389    1480.90    1480.89     6.1976     6.2889    92.3660    93.7250  0.000e+00
      21590     77.500     7.3883     7.3883    3.52992    3.52979          1     3.5051     3.2635      33.20      0.313     0.3686     0.2594  1.000e-12  2.5282000    34.5858    34.5843    -0.0015     0.0000    27.0379    27.0368     76.765     76.885    1480.91    1480.91     6.1985     6.2849    92.3800    93.6680  0.000e+00
      21616     78.000     7.3895     7.3892    3.53011    3.52992          1     3.5047     3.2626      32.79      0.390     0.3695     0.2338  1.000e-12  2.9235000    34.5864    34.5847    -0.0017    -0.0003    27.0381    27.0369     77.261     77.381    1480.92    1480.92     6.1991     6.2842    92.3930    93.6590  0.000e+00
      21636     78.500     7.3898     7.3896    3.53016    3.53001          1     3.5052     3.2627      32.40      0.522     0.3665     0.2565  1.000e-12  3.0456000    34.5864    34.5850    -0.0014    -0.0001    27.0382    27.0371     77.756     77.877    1480.93    1480.93     6.2024     6.2918    92.4420    93.7740  0.000e+00
      21655     79.000     7.3911     7.3909    3.53033    3.53019          1     3.5050     3.2634      31.93      0.606     0.3689     0.2572  1.000e-12  2.9939000    34.5867    34.5853    -0.0013    -0.0002    27.0382    27.0372     78.251     78.373    1480.94    1480.94     6.2004     6.2952    92.4160    93.8270  0.000e+00
      21675     79.500     7.3914     7.3916    3.53039    3.53028          1     3.5051     3.2637      31.46      0.620     0.3849     0.2574  1.000e-12  2.9912000    34.5869    34.5855    -0.0014     0.0001    27.0383    27.0372     78.746     78.869    1480.95    1480.95     6.2028     6.2908    92.4520    93.7630  0.000e+00
      21698     80.000     7.3926     7.3924    3.53054    3.53039          1     3.5055     3.2634      30.83      0.568     0.3954     0.2779  1.000e-12  3.0369000    34.5870    34.5856    -0.0014    -0.0003    27.0382    27.0372     79.241     79.364    1480.97    1480.96     6.2017     6.2857    92.4370    93.6890  0.000e+00
      21730     80.500     7.3922     7.3920    3.53052    3.53036          1     3.5047     3.2627      30.20      0.427     0.3857     0.2677  1.000e-12  2.8139000    34.5870    34.5855    -0.0015    -0.0002    27.0383    27.0371     79.736     79.860    1480.97    1480.97     6.1992     6.2867    92.4000    93.7030  0.000e+00
      21770     81.000     7.3920     7.3922    3.53052    3.53040          1     3.5046     3.2625      29.63      0.284     0.3784     0.2503  1.000e-12  2.6043000    34.5869    34.5855    -0.0014     0.0002    27.0382    27.0371     80.232     80.356    1480.98    1480.98     6.2037     6.2881    92.4660    93.7240  0.000e+00
      21796     81.500     7.3919     7.3917    3.53053    3.53039          1     3.5055     3.2621      29.27      0.385     0.3761     0.2332  1.000e-12  3.0627000    34.5869    34.5855    -0.0014    -0.0002    27.0383    27.0372     80.727     80.852    1480.99    1480.98     6.2048     6.2868    92.4830    93.7040  0.000e+00
      21815     82.000     7.3915     7.3915    3.53050    3.53039          1     3.5052     3.2622      28.83      0.532     0.3652     0.2332  1.000e-12  3.1969000    34.5867    34.5855    -0.0013     0.0000    27.0382    27.0372     81.222     81.348    1480.99    1480.99     6.2029     6.2924    92.4540    93.7860  0.000e+00
      21834     82.500     7.3915     7.3914    3.53053    3.53039          1     3.5054     3.2626      28.35      0.619     0.3996     0.2607  1.000e-12  3.0208000    34.5867    34.5854    -0.0014    -0.0001    27.0382    27.0371     81.717     81.844    1481.00    1481.00     6.2048     6.2916    92.4820    93.7750  0.000e+00
      21860     83.000     7.3915     7.3915    3.53052    3.53042          1     3.5054     3.2626      27.78      0.549     0.3847     0.2567  1.000e-12  2.9655000    34.5865    34.5853    -0.0012     0.0000    27.0380    27.0371     82.212     82.340    1481.01    1481.01     6.2030     6.2881    92.4540    93.7230  0.000e+00
      21892     83.500     7.3909     7.3909    3.53050    3.53038          1     3.5041     3.2615      27.25      0.376     0.3798     0.2498  1.000e-12  3.0889000    34.5866    34.5852    -0.0014     0.0001    27.0381    27.0370     82.707     82.835    1481.02    1481.01     6.1985     6.2841    92.3860    93.6610  0.000e+00
      21920     84.000     7.3903     7.3900    3.53046    3.53028          1     3.5036     3.2612      26.73      0.394     0.3773     0.2580  1.000e-12  3.1271000    34.5864    34.5849    -0.0015    -0.0004    27.0381    27.0369     83.202     83.331    1481.02    1481.02     6.2006     6.2831    92.4160    93.6450  0.000e+00
      21943     84.500     7.3913     7.3900    3.53057    3.53031          1     3.5037     3.2603      26.30      0.486     0.3776     0.2646  1.000e-12  3.2832000    34.5865    34.5849    -0.0016    -0.0012    27.0380    27.0369     83.698     83.827    1481.03    1481.03     6.2020     6.2820    92.4390    93.6290  0.000e+00
      21963     85.000     7.3946     7.3936    3.53099    3.53074          1     3.5033     3.2601      25.83      0.553     0.3816     0.2402  1.000e-12  3.3191000    34.5875    34.5857    -0.0018    -0.0009    27.0384    27.0371     84.193     84.323    1481.06    1481.05     6.1990     6.2831    92.4010    93.6520  0.000e+00
      21985     85.500     7.3980     7.3963    3.53137    3.53105          1     3.5030     3.2595      25.30      0.575     0.3679     0.2088  1.000e-12  3.5190000    34.5880    34.5862    -0.0017    -0.0017    27.0382    27.0371     84.688     84.819    1481.08    1481.07     6.1997     6.2820    92.4210    93.6420  0.000e+00
      22011     86.000     7.3990     7.3982    3.53151    3.53131          1     3.5027     3.2599      24.72      0.512     0.3877     0.2213  1.000e-12  3.2569000    34.5883    34.5868    -0.0015    -0.0007    27.0383    27.0372     85.183     85.315    1481.09    1481.09     6.1956     6.2917    92.3610    93.7920  0.000e+00
      22045     86.500     7.3976     7.3963    3.53139    3.53111          1     3.5012     3.2611      24.17      0.365     0.3900     0.2344  1.000e-12  3.1924000    34.5881    34.5863    -0.0017    -0.0013    27.0383    27.0372     85.678     85.811    1481.09    1481.09     6.1957     6.2912    92.3600    93.7800  0.000e+00
      22074     87.000     7.3973     7.3970    3.53137    3.53119          1     3.5021     3.2604      23.65      0.373     0.3797     0.2486  1.000e-12  3.1571000    34.5879    34.5863    -0.0016    -0.0004    27.0382    27.0371     86.173     86.306    1481.10    1481.10     6.2034     6.2815    92.4740    93.6370  0.000e+00
      22097     87.500     7.3977     7.3972    3.53144    3.53124          1     3.5025     3.2598      23.20      0.471     0.3721     0.2637  1.000e-12  3.2455000    34.5880    34.5864    -0.0016    -0.0006    27.0383    27.0371     86.669     86.802    1481.11    1481.11     6.2009     6.2831    92.4370    93.6610  0.000e+00
      22117     88.000     7.3966     7.3963    3.53134    3.53119          1     3.5022     3.2595      22.80      0.560     0.3780     0.2724  1.000e-12  3.2605000    34.5878    34.5865    -0.0013    -0.0003    27.0383    27.0373     87.164     87.298    1481.11    1481.11     6.1988     6.2826    92.4040    93.6510  0.000e+00
      22138     88.500     7.3975     7.3971    3.53145    3.53129          1     3.5018     3.2591      22.31      0.594     0.3789     0.2933  1.000e-12  2.9865000    34.5879    34.5866    -0.0013    -0.0004    27.0382    27.0372     87.659     87.794    1481.13    1481.12     6.1972     6.2857    92.3810    93.7000  0.000e+00
      22165     89.000     7.3977     7.3975    3.53150    3.53134          1     3.5012     3.2598      21.75      0.500     0.3893     0.2524  1.000e-12  2.8476000    34.5880    34.5865    -0.0015    -0.0002    27.0383    27.0371     88.154     88.290    1481.13    1481.13     6.1994     6.2949    92.4150    93.8380  0.000e+00
      22196     89.500     7.3978     7.3979    3.53153    3.53141          1     3.5018     3.2608      21.22      0.386     0.3870     0.2479  1.000e-12  3.1230000    34.5879    34.5866    -0.0014     0.0001    27.0382    27.0371     88.649     88.786    1481.14    1481.14     6.2012     6.2938    92.4420    93.8220  0.000e+00
      22222     90.000     7.3978     7.3977    3.53155    3.53140          1     3.5014     3.2606      20.70      0.425     0.3842     0.2476  1.000e-12  3.0504000    34.5879    34.5864    -0.0015    -0.0001    27.0382    27.0370     89.144     89.282    1481.15    1481.15     6.1986     6.2855    92.4020    93.6970  0.000e+00
      22246     90.500     7.3975     7.3973    3.53153    3.53138          1     3.5013     3.2598      19.94      0.482     0.3911     0.1843  1.000e-12  2.9997000    34.5878    34.5863    -0.0015    -0.0002    27.0382    27.0370     89.639     89.777    1481.16    1481.16     6.2010     6.2829    92.4380    93.6570  0.000e+00
      22270     91.000     7.3980     7.3979    3.53161    3.53147          1     3.5013     3.2595      19.74      0.500     0.3915     0.2248  1.000e-12  2.9897000    34.5879    34.5864    -0.0015    -0.0001    27.0381    27.0370     90.135     90.273    1481.17    1481.17     6.2012     6.2924    92.4420    93.8000  0.000e+00
      22297     91.500     7.3994     7.3993    3.53176    3.53165          1     3.5011     3.2600      19.30      0.482     0.3908     0.2640  1.000e-12  3.1905000    34.5879    34.5867    -0.0012    -0.0000    27.0380    27.0370     90.630     90.769    1481.18    1481.18     6.1975     6.2877    92.3910    93.7330  0.000e+00
      22326     92.000     7.4008     7.4005    3.53198    3.53183          1     3.5002     3.2592      18.81      0.411     0.3857     0.2669  1.000e-12  3.7829000    34.5885    34.5872    -0.0014    -0.0003    27.0383    27.0372     91.125     91.265    1481.20    1481.19     6.1970     6.2866    92.3870    93.7210  0.000e+00
      22352     92.500     7.4024     7.4015    3.53222    3.53199          1     3.5001     3.2591      18.35      0.430     0.3890     0.2816  1.000e-12  3.5480000    34.5894    34.5878    -0.0016    -0.0009    27.0387    27.0376     91.620     91.761    1481.21    1481.21     6.1989     6.2830    92.4180    93.6690  0.000e+00
      22372     93.000     7.4027     7.4027    3.53227    3.53216          1     3.5003     3.2582      17.88      0.523     0.3843     0.2810  1.000e-12  3.2596000    34.5894    34.5882    -0.0012    -0.0000    27.0387    27.0378     92.115     92.257    1481.22    1481.22     6.2021     6.2789    92.4670    93.6110  0.000e+00
      22394     93.500     7.4025     7.4024    3.53227    3.53214          1     3.5010     3.2575      17.41      0.579     0.3881     0.2406  1.000e-12  3.2963000    34.5893    34.5880    -0.0013    -0.0001    27.0386    27.0376     92.610     92.753    1481.23    1481.23     6.2044     6.2809    92.5000    93.6390  0.000e+00
      22420     94.000     7.4023     7.4022    3.53226    3.53212          1     3.5012     3.2570      16.86      0.509     0.3976     0.2367  1.000e-12  3.4251000    34.5891    34.5877    -0.0014    -0.0001    27.0385    27.0374     93.105     93.248    1481.24    1481.23     6.2003     6.2790    92.4380    93.6100  0.000e+00
      22450     94.500     7.4024     7.4022    3.53228    3.53214          1     3.5003     3.2562      16.39      0.402     0.3923     0.2081  1.000e-12  3.3339000    34.5891    34.5877    -0.0014    -0.0001    27.0385    27.0374     93.600     93.744    1481.24    1481.24     6.1988     6.2796    92.4170    93.6200  0.000e+00
      22475     95.000     7.4021     7.4019    3.53227    3.53213          1     3.5000     3.2561      15.90      0.437     0.3836     0.2599  1.000e-12  3.7229000    34.5890    34.5877    -0.0014    -0.0001    27.0385    27.0374     94.095     94.240    1481.25    1481.25     6.1986     6.2850    92.4130    93.6990  0.000e+00
      22499     95.500     7.4026     7.4025    3.53237    3.53223          1     3.4997     3.2564      15.41      0.502     0.3876     0.2573  1.000e-12  3.4661000    34.5893    34.5880    -0.0014    -0.0001    27.0387    27.0376     94.591     94.736    1481.26    1481.26     6.1986     6.2855    92.4130    93.7090  0.000e+00
      22526     96.000     7.4032     7.4031    3.53246    3.53232          1     3.4993     3.2565      14.89      0.469     0.4017     0.2405  1.000e-12  3.6623000    34.5895    34.5880    -0.0014    -0.0002    27.0386    27.0376     95.086     95.232    1481.27    1481.27     6.1981     6.2842    92.4070    93.6900  0.000e+00
      22557     96.500     7.4025     7.4026    3.53241    3.53228          1     3.4988     3.2559      14.34      0.400     0.4046     0.2688  1.000e-12  3.5276000    34.5893    34.5879    -0.0014     0.0000    27.0386    27.0375     95.581     95.728    1481.28    1481.28     6.1972     6.2751    92.3930    93.5540  0.000e+00
      22589     97.000     7.4029     7.4031    3.53247    3.53237          1     3.4984     3.2544      13.82      0.368     0.3880     0.2638  1.000e-12  3.3360000    34.5894    34.5881    -0.0013     0.0002    27.0386    27.0376     96.076     96.224    1481.29    1481.29     6.1981     6.2757    92.4080    93.5640  0.000e+00
      22617     97.500     7.4042     7.4043    3.53269    3.53257          1     3.4990     3.2542      13.34      0.406     0.3840     0.2368  1.000e-12  3.8326000    34.5903    34.5889    -0.0014     0.0001    27.0391    27.0380     96.571     96.720    1481.30    1481.30     6.2038     6.2792    92.4960    93.6190  0.000e+00
      22642     98.000     7.4047     7.4042    3.53278    3.53259          1     3.4996     3.2541      12.85      0.467     0.3966     0.2439  1.000e-12  4.3719000    34.5905    34.5888    -0.0017    -0.0005    27.0393    27.0380     97.066     97.215    1481.31    1481.31     6.2019     6.2804    92.4690    93.6360  0.000e+00
