ctdpy/tests/etc/exprapp_feb_2020/SBE09_1387_20200207_2201_77_10_0123.cnv
* Sea-Bird SBE 9 Data File:
* FileName = L:\2020\sv20d0123.hex
* Software Version Seasave V 7.26.7.121
* Temperature SN = 6378
* Conductivity SN = 4824
* Number of Bytes Per Scan = 41
* Number of Voltage Words = 4
* Number of Scans Averaged by the Deck Unit = 1
* NMEA Latitude = 55 52.00 N
* NMEA Longitude = 012 44.90 E
* NMEA UTC (Time) = Feb 07 2020  22:01:21
* NMEA baud rate = 4800
** Station:  W Landskrona
** Operator:  SSip
** Ship: SVEA
** Average sound velocity: 1461.49 m/s
** True-depth calculation Fri, 07 Feb 2020 23:06:47 +0000
** CTD Python Module SMHI /ver 3-12/ feb 2012 
** LIMS Job: 20207710-0123
** Cruise: SMHI-03-2020
** Latitude [GG MM.mm N] :
** Longitude [GGG MM.mm E]:
# nquan = 30
# nvalues = 94                          
# units = specified
# name 0 = scan: Scan Count
# name 1 = prDM: Pressure, Digiquartz [db]
# name 2 = t090C: Temperature [ITS-90, deg C]
# name 3 = t190C: Temperature, 2 [ITS-90, deg C]
# name 4 = c0S/m: Conductivity [S/m]
# name 5 = c1S/m: Conductivity, 2 [S/m]
# name 6 = pumps: Pump Status
# name 7 = sbeox0V: Oxygen raw, SBE 43 [V]
# name 8 = sbeox1V: Oxygen raw, SBE 43, 2 [V]
# name 9 = altM: Altimeter [m]
# name 10 = dz/dtM: Descent Rate [m/s]
# name 11 = flECO-AFL: Chl-a Fluorescence, WET Labs ECO-AFL/FL [mg/m^3]
# name 12 = flECO-AFL1: Phycocyanin Fluorescence, WET Labs ECO-AFL/FL, 2 [mg/m^3]
# name 13 = par: PAR/Irradiance, Biospherical/Lico [µE/(cm^2*s)]
# name 14 = turbWETntu0: Turbidity, WET Labs ECO [NTU]
# name 15 = sal00: Salinity, Practical [PSU]
# name 16 = sal11: Salinity, Practical, 2 [PSU]
# name 17 = secS-priS: Salinity, Practical, Difference, 2 - 1 [PSU]
# name 18 = T2-T190C: Temperature Difference, 2 - 1 [ITS-90, deg C]
# name 19 = sigma-t00: Density [sigma-t, kg/m^3 ]
# name 20 = sigma-t11: Density, 2 [sigma-t, kg/m^3 ]
# name 21 = depSM: Depth [salt water, m], lat = 55.8667
# name 22 = depFM: Depth [true depth, m], lat = 55.8667
# name 23 = svCM: Sound Velocity [Chen-Millero, m/s]
# name 24 = svCM1: Sound Velocity, 2 [Chen-Millero, m/s]
# name 25 = sbeox0ML/L: Oxygen, SBE 43 [ml/l], WS = 2
# name 26 = sbeox1ML/L: Oxygen, SBE 43, 2 [ml/l], WS = 2
# name 27 = sbeox0PS: Oxygen, SBE 43 [% saturation], WS = 2
# name 28 = sbeox1PS: Oxygen, SBE 43, 2 [% saturation], WS = 2
# name 29 = flag: flag
# span 0 =      25997,      29354       
# span 1 =      2.000,     48.500       
# span 2 =     5.0490,     7.1142       
# span 3 =     5.0498,     7.1139       
# span 4 =   1.267906,   2.977574       
# span 5 =   1.268094,   2.977533       
# span 6 =          1,          1       
# span 7 =     3.0483,     3.5854       
# span 8 =     2.8488,     3.3380       
# span 9 =       1.68,      48.34       
# span 10 =     -0.252,      0.502      
# span 11 =     0.4648,     0.8677      
# span 12 =     0.1884,     0.3259      
# span 13 = -6.339e-07, 1.6086e+00      
# span 14 =     0.2630,     4.5769      
# span 15 =    12.0981,    28.8831      
# span 16 =    12.1001,    28.8829      
# span 17 =    -0.0683,     0.1999      
# span 18 =    -0.0010,     0.0064      
# span 19 =     9.5626,    22.5902      
# span 20 =     9.5642,    22.5901      
# span 21 =      1.982,     48.054      
# span 22 =      2.018,     48.534      
# span 23 =    1441.94,    1472.26      
# span 24 =    1441.94,    1472.26      
# span 25 =     5.3992,     7.7683      
# span 26 =     5.4879,     7.8978      
# span 27 =     77.026,     95.021      
# span 28 =     78.235,     96.511      
# span 29 = 0.0000e+00, 0.0000e+00      
# interval = decibars: 0.5              
# start_time = Feb 07 2020 22:01:22 [NMEA time, first data scan]
# bad_flag = -9.990e-29
*END*
[from data line 49]
      27294     26.500     6.8159     6.8156    2.82214    2.82184          1     3.1117     2.9060      24.03      0.486     0.4928     0.2340  1.000e-12  2.6130000    27.4705    27.4675    -0.0030    -0.0003    21.5161    21.5138     26.257     26.613    1468.96    1468.95     5.6202     5.7159    78.8880    80.2290  0.000e+00
      27319     27.000     6.8209     6.8216    2.82787    2.82866          1     3.1092     2.9047      23.61      0.483     0.5175     0.2352  1.000e-12  2.8173000    27.5278    27.5357     0.0079     0.0007    21.5606    21.5667     26.753     27.112    1469.05    1469.07     5.5997     5.6936    78.6380    79.9620  0.000e+00
      27344     27.500     6.8480     6.8497    2.84473    2.84578          1     3.1063     2.9023      23.05      0.483     0.5030     0.2254  1.000e-12  2.9636000    27.6866    27.6965     0.0099     0.0017    21.6822    21.6898     27.248     27.610    1469.37    1469.39     5.5837     5.6746    78.5450    79.8340  0.000e+00
      27369     28.000     6.8728     6.8728    2.85721    2.85714          1     3.1039     2.9003      22.52      0.488     0.5081     0.2396  1.000e-12  3.0395000    27.8003    27.7995    -0.0008    -0.0000    21.7686    21.7680     27.744     28.109    1469.62    1469.62     5.5762     5.6726    78.5440    79.9030  0.000e+00
      27393     28.500     6.8776     6.8776    2.85946    2.85939          1     3.1030     2.9001      22.05      0.490     0.5163     0.2781  1.000e-12  3.1360000    27.8204    27.8196    -0.0007    -0.0000    21.7838    21.7833     28.239     28.607    1469.67    1469.67     5.5798     5.6744    78.6150    79.9470  0.000e+00
      27418     29.000     6.8781     6.8782    2.85976    2.85992          1     3.1030     2.8987      21.57      0.488     0.5080     0.2379  1.000e-12  3.1273000    27.8229    27.8245     0.0016     0.0001    21.7858    21.7870     28.734     29.106    1469.69    1469.69     5.5805     5.6654    78.6260    79.8240  0.000e+00
      27443     29.500     6.8824     6.8827    2.86286    2.86304          1     3.1023     2.8972      21.02      0.484     0.4886     0.1884  1.000e-12  3.1781000    27.8525    27.8542     0.0017     0.0003    21.8086    21.8099     29.230     29.604    1469.75    1469.75     5.5713     5.6538    78.5210    79.6840  0.000e+00
      27468     30.000     6.8902     6.8907    2.86723    2.86751          1     3.0999     2.8945      20.59      0.480     0.4961     0.2668  1.000e-12  3.1508000    27.8929    27.8954     0.0025     0.0005    21.8393    21.8413     29.725     30.102    1469.84    1469.84     5.5581     5.6409    78.3690    79.5390  0.000e+00
      27493     30.500     6.8972     6.8977    2.87071    2.87091          1     3.0973     2.8920      20.05      0.478     0.4957     0.3141  1.000e-12  3.1773000    27.9242    27.9260     0.0017     0.0005    21.8632    21.8644     30.221     30.601    1469.91    1469.91     5.5476     5.6372    78.2500    79.5150  0.000e+00
      27518     31.000     6.9108     6.9114    2.87655    2.87688          1     3.0937     2.8903      19.62      0.482     0.5005     0.2762  1.000e-12  3.2707000    27.9757    27.9786     0.0029     0.0006    21.9020    21.9042     30.716     31.099    1470.04    1470.04     5.5352     5.6324    78.1260    79.5000  0.000e+00
      27543     31.500     6.9216     6.9231    2.88200    2.88280          1     3.0911     2.8889      19.05      0.481     0.5127     0.2570  1.000e-12  3.4362000    28.0250    28.0325     0.0075     0.0014    21.9395    21.9452     31.211     31.598    1470.15    1470.16     5.5312     5.6257    78.1150    79.4560  0.000e+00
      27568     32.000     6.9496     6.9501    2.89675    2.89695          1     3.0890     2.8869      18.58      0.474     0.5074     0.2583  1.000e-12  3.2760000    28.1602    28.1619     0.0017     0.0005    22.0423    22.0436     31.707     32.096    1470.44    1470.44     5.5172     5.6050    78.0380    79.2820  0.000e+00
      27593     32.500     6.9581     6.9584    2.90116    2.90133          1     3.0861     2.8836      18.10      0.474     0.5040     0.2334  1.000e-12  3.3142000    28.2003    28.2018     0.0015     0.0004    22.0728    22.0740     32.202     32.594    1470.53    1470.53     5.5044     5.5871    77.8920    79.0640  0.000e+00
      27619     33.000     6.9748     6.9756    2.90910    2.90978          1     3.0833     2.8806      17.60      0.476     0.5127     0.3180  1.000e-12  3.3855000    28.2715    28.2781     0.0067     0.0008    22.1267    22.1319     32.697     33.092    1470.69    1470.70     5.4973     5.5832    77.8590    79.0800  0.000e+00
      27643     33.500     6.9895     6.9897    2.91637    2.91655          1     3.0814     2.8787      17.08      0.483     0.4990     0.1901  1.000e-12  3.4966000    28.3371    28.3389     0.0018     0.0002    22.1765    22.1779     33.193     33.591    1470.84    1470.84     5.4907     5.5816    77.8250    79.1140  0.000e+00
      27668     34.000     6.9938     6.9934    2.91862    2.91839          1     3.0797     2.8776      16.58      0.485     0.5011     0.2939  1.000e-12  3.6408000    28.3575    28.3554    -0.0021    -0.0005    22.1920    22.1904     33.688     34.089    1470.89    1470.88     5.4880     5.5818    77.8050    79.1330  0.000e+00
      27692     34.500     6.9948     6.9948    2.91905    2.91900          1     3.0787     2.8769      16.05      0.490     0.5045     0.1927  1.000e-12  3.6580000    28.3611    28.3606    -0.0005    -0.0000    22.1947    22.1943     34.184     34.587    1470.91    1470.91     5.4899     5.5839    77.8350    79.1680  0.000e+00
      27717     35.000     6.9951     6.9950    2.91922    2.91911          1     3.0785     2.8767      15.56      0.490     0.5045     0.2556  1.000e-12  3.8003000    28.3625    28.3613    -0.0012    -0.0001    22.1957    22.1949     34.679     35.085    1470.92    1470.91     5.4926     5.5828    77.8760    79.1530  0.000e+00
      27741     35.500     6.9953     6.9950    2.91928    2.91912          1     3.0786     2.8755      15.13      0.496     0.4880     0.3153  1.000e-12  3.8132000    28.3628    28.3613    -0.0015    -0.0003    22.1960    22.1948     35.174     35.583    1470.93    1470.92     5.4919     5.5759    77.8660    79.0550  0.000e+00
      27765     36.000     6.9954     6.9956    2.91937    2.91945          1     3.0783     2.8745      10.26      0.502     0.4949     0.2799  1.000e-12  3.8318000    28.3634    28.3642     0.0008     0.0001    22.1964    22.1970     35.670     36.082    1470.94    1470.94     5.4903     5.5763    77.8440    79.0630  0.000e+00
      27789     36.500     6.9988     7.0003    2.92113    2.92182          1     3.0775     2.8741       7.65      0.496     0.4962     0.2576  1.000e-12  3.8036000    28.3792    28.3855     0.0062     0.0015    22.2085    22.2132     36.165     36.580    1470.98    1470.99     5.4820     5.5731    77.7400    79.0380  0.000e+00
      27813     37.000     7.0052     7.0058    2.92425    2.92453          1     3.0751     2.8726      10.27      0.494     0.4848     0.2792  1.000e-12  3.7574000    28.4072    28.4097     0.0024     0.0007    22.2297    22.2315     36.660     37.078    1471.05    1471.05     5.4682     5.5575    77.5700    78.8390  0.000e+00
      27837     37.500     7.0144     7.0159    2.92916    2.92984          1     3.0719     2.8697      12.98      0.498     0.4806     0.2603  1.000e-12  3.9570000    28.4520    28.4580     0.0060     0.0016    22.2638    22.2683     37.156     37.576    1471.15    1471.16     5.4585     5.5376    77.4720    78.6000  0.000e+00
      27862     38.000     7.0480     7.0505    2.94591    2.94705          1     3.0693     2.8662      12.61      0.497     0.4786     0.2243  1.000e-12  4.1763000    28.6035    28.6137     0.0102     0.0025    22.3787    22.3864     37.651     38.074    1471.47    1471.50     5.4428     5.5194    77.3870    78.4850  0.000e+00
      27886     38.500     7.0546     7.0610    2.94890    2.95200          1     3.0664     2.8636      12.14      0.494     0.4869     0.2582  1.000e-12  4.3644000    28.6299    28.6578     0.0279     0.0064    22.3986    22.4197     38.147     38.573    1471.54    1471.60     5.4369     5.5185    77.3280    78.5150  0.000e+00
      27911     39.000     7.0676     7.0711    2.95562    2.95709          1     3.0645     2.8620      11.64      0.490     0.4984     0.2962  1.000e-12  4.4798000    28.6908    28.7037     0.0129     0.0035    22.4449    22.4546     38.642     39.071    1471.68    1471.71     5.4344     5.5235    77.3470    78.6280  0.000e+00
      27935     39.500     7.0742     7.0734    2.95868    2.95821          1     3.0638     2.8615      11.14      0.487     0.4982     0.2477  1.000e-12  4.4544000    28.7180    28.7136    -0.0044    -0.0008    22.4654    22.4620     39.137     39.569    1471.75    1471.74     5.4320     5.5209    77.3390    78.6000  0.000e+00
      27961     40.000     7.0724     7.0720    2.95770    2.95750          1     3.0625     2.8605      10.63      0.476     0.4991     0.3012  1.000e-12  4.3954000    28.7087    28.7070    -0.0017    -0.0005    22.4583    22.4570     39.633     40.067    1471.73    1471.73     5.4314     5.5201    77.3220    78.5830  0.000e+00
      27987     40.500     7.0733     7.0727    2.95813    2.95773          1     3.0619     2.8601      10.12      0.463     0.4828     0.3025  1.000e-12  4.1976000    28.7124    28.7087    -0.0038    -0.0007    22.4611    22.4583     40.128     40.565    1471.75    1471.74     5.4320     5.5252    77.3340    78.6570  0.000e+00
      28014     41.000     7.0743     7.0746    2.95871    2.95886          1     3.0615     2.8601       9.69      0.456     0.4998     0.2580  1.000e-12  4.4984000    28.7176    28.7189     0.0013     0.0003    22.4651    22.4661     40.623     41.063    1471.77    1471.77     5.4312     5.5235    77.3260    78.6420  0.000e+00
      28042     41.500     7.0764     7.0762    2.95982    2.95968          1     3.0613     2.8599       9.12      0.432     0.5156     0.2247  1.000e-12  4.5769000    28.7275    28.7262    -0.0013    -0.0002    22.4726    22.4716     41.119     41.561    1471.80    1471.80     5.4327     5.5234    77.3580    78.6470  0.000e+00
      28072     42.000     7.0788     7.0778    2.96113    2.96066          1     3.0616     2.8596       8.58      0.404     0.4939     0.2362  1.000e-12  3.8573000    28.7392    28.7351    -0.0041    -0.0010    22.4815    22.4784     41.614     42.059    1471.83    1471.82     5.4327     5.5227    77.3680    78.6450  0.000e+00
      28105     42.500     7.0789     7.0781    2.96121    2.96070          1     3.0617     2.8596       8.06      0.371     0.4973     0.2496  1.000e-12  4.0109000    28.7398    28.7351    -0.0047    -0.0009    22.4820    22.4784     42.109     42.557    1471.84    1471.83     5.4349     5.5264    77.3980    78.6980  0.000e+00
      28143     43.000     7.0792     7.0791    2.96133    2.96124          1     3.0617     2.8602       7.44      0.332     0.4992     0.2785  1.000e-12  3.8480000    28.7407    28.7398    -0.0008    -0.0002    22.4826    22.4820     42.605     43.055    1471.85    1471.85     5.4319     5.5232    77.3570    78.6570  0.000e+00
      28188     43.500     7.0803     7.0806    2.96193    2.96197          1     3.0608     2.8592       6.95      0.263     0.4648     0.2697  1.000e-12  3.4468000    28.7459    28.7462     0.0002     0.0002    22.4866    22.4868     43.100     43.553    1471.87    1471.87     5.4289     5.5215    77.3190    78.6390  0.000e+00
      28241     44.000     7.0810     7.0807    2.96228    2.96202          1     3.0600     2.8594       6.47      0.226     0.4741     0.2387  1.000e-12  3.6591000    28.7490    28.7463    -0.0027    -0.0002    22.4889    22.4868     43.595     44.051    1471.88    1471.88     5.4284     5.5239    77.3150    78.6740  0.000e+00
      28297     44.500     7.0810     7.0810    2.96225    2.96213          1     3.0596     2.8593       6.01      0.214     0.4734     0.2790  1.000e-12  3.6313000    28.7484    28.7472    -0.0013    -0.0000    22.4885    22.4875     44.091     44.549    1471.89    1471.89     5.4287     5.5207    77.3190    78.6280  0.000e+00
      28353     45.000     7.0820     7.0820    2.96276    2.96265          1     3.0596     2.8573       5.49      0.215     0.4695     0.2597  1.000e-12  3.5360000    28.7528    28.7517    -0.0012     0.0000    22.4918    22.4909     44.586     45.048    1471.91    1471.91     5.4293     5.5139    77.3320    78.5350  0.000e+00
      28410     45.500     7.0828     7.0830    2.96315    2.96313          1     3.0599     2.8573       4.98      0.210     0.4760     0.2597  1.000e-12  3.5689000    28.7561    28.7557    -0.0004     0.0002    22.4943    22.4940     45.082     45.546    1471.93    1471.92     5.4307     5.5211    77.3550    78.6420  0.000e+00
      28469     46.000     7.0843     7.0855    2.96388    2.96439          1     3.0598     2.8580       4.51      0.205     0.4799     0.2867  1.000e-12  3.5293000    28.7625    28.7670     0.0044     0.0012    22.4992    22.5025     45.577     46.044    1471.95    1471.96     5.4278     5.5188    77.3190    78.6190  0.000e+00
      28529     46.500     7.0871     7.0877    2.96526    2.96554          1     3.0582     2.8560       4.02      0.199     0.4728     0.2611  1.000e-12  3.4280000    28.7748    28.7772     0.0025     0.0007    22.5084    22.5103     46.072     46.542    1471.98    1471.99     5.4221     5.5082    77.2500    78.4780  0.000e+00
      28597     47.000     7.0913     7.0919    2.96731    2.96756          1     3.0572     2.8554       3.48      0.170     0.4674     0.2616  1.000e-12  3.4091000    28.7930    28.7951     0.0021     0.0006    22.5222    22.5238     46.568     47.040    1472.03    1472.03     5.4213     5.5103    77.2550    78.5250  0.000e+00
      28670     47.500     7.0958     7.0961    2.96929    2.96940          1     3.0559     2.8542       2.96      0.165     0.4960     0.2542  1.000e-12  3.7569000    28.8102    28.8111     0.0009     0.0003    22.5352    22.5358     47.063     47.538    1472.08    1472.08     5.4152     5.5049    77.1850    78.4640  0.000e+00
      28743     48.000     7.0986     7.0996    2.97054    2.97092          1     3.0533     2.8514       2.47      0.163     0.4693     0.2237  1.000e-12  3.4136000    28.8211    28.8243     0.0032     0.0010    22.5433    22.5458     47.558     48.036    1472.10    1472.12     5.4065     5.4879    77.0720    78.2350  0.000e+00
      29354     48.500     7.1142     7.1139    2.97757    2.97753          1     3.0483     2.8488       1.68     -0.252     0.4745     0.3064  1.000e-12  3.4134000    28.8831    28.8829    -0.0002    -0.0003    22.5902    22.5901     48.054     48.534    1472.26    1472.26     5.3992     5.5027    77.0260    78.5020  0.000e+00
