ctdpy/tests/etc/exprapp_feb_2020/SBE09_1387_20200202_0529_77_10_0094.cnv
* Sea-Bird SBE 9 Data File:
* FileName = L:\2020\sv20d0094.hex
* Software Version Seasave V 7.26.7.121
* Temperature SN = 6378
* Conductivity SN = 4824
* Number of Bytes Per Scan = 41
* Number of Voltage Words = 4
* Number of Scans Averaged by the Deck Unit = 1
* NMEA Latitude = 58 40.54 N
* NMEA Longitude = 010 48.72 E
* NMEA UTC (Time) = Feb 02 2020  05:29:18
* NMEA baud rate = 4800
** Station:  Persgrund
** Operator:  A-KTh
** Ship: SVEA
** Average sound velocity: 1476.89 m/s
** True-depth calculation Sun, 02 Feb 2020 09:15:41 +0000
** CTD Python Module SMHI /ver 3-12/ feb 2012 
** LIMS Job: 20207710-0094
** Cruise: SMHI-02-2020
** Latitude [GG MM.mm N] :
** Longitude [GGG MM.mm E]:
# nquan = 30
# nvalues = 191                         
# units = specified
# name 0 = scan: Scan Count
# name 1 = prDM: Pressure, Digiquartz [db]
# name 2 = t090C: Temperature [ITS-90, deg C]
# name 3 = t190C: Temperature, 2 [ITS-90, deg C]
# name 4 = c0S/m: Conductivity [S/m]
# name 5 = c1S/m: Conductivity, 2 [S/m]
# name 6 = pumps: Pump Status
# name 7 = sbeox0V: Oxygen raw, SBE 43 [V]
# name 8 = sbeox1V: Oxygen raw, SBE 43, 2 [V]
# name 9 = altM: Altimeter [m]
# name 10 = dz/dtM: Descent Rate [m/s]
# name 11 = flECO-AFL: Chl-a Fluorescence, WET Labs ECO-AFL/FL [mg/m^3]
# name 12 = flECO-AFL1: Phycocyanin Fluorescence, WET Labs ECO-AFL/FL, 2 [mg/m^3]
# name 13 = par: PAR/Irradiance, Biospherical/Lico [µE/(cm^2*s)]
# name 14 = turbWETntu0: Turbidity, WET Labs ECO [NTU]
# name 15 = sal00: Salinity, Practical [PSU]
# name 16 = sal11: Salinity, Practical, 2 [PSU]
# name 17 = secS-priS: Salinity, Practical, Difference, 2 - 1 [PSU]
# name 18 = T2-T190C: Temperature Difference, 2 - 1 [ITS-90, deg C]
# name 19 = sigma-t00: Density [sigma-t, kg/m^3 ]
# name 20 = sigma-t11: Density, 2 [sigma-t, kg/m^3 ]
# name 21 = depSM: Depth [salt water, m], lat = 58.6757
# name 22 = depFM: Depth [true depth, m], lat = 58.6757
# name 23 = svCM: Sound Velocity [Chen-Millero, m/s]
# name 24 = svCM1: Sound Velocity, 2 [Chen-Millero, m/s]
# name 25 = sbeox0ML/L: Oxygen, SBE 43 [ml/l], WS = 2
# name 26 = sbeox1ML/L: Oxygen, SBE 43, 2 [ml/l], WS = 2
# name 27 = sbeox0PS: Oxygen, SBE 43 [% saturation], WS = 2
# name 28 = sbeox1PS: Oxygen, SBE 43, 2 [% saturation], WS = 2
# name 29 = flag: flag
# span 0 =      30546,      36031       
# span 1 =      0.500,     95.500       
# span 2 =     5.7851,     7.2710       
# span 3 =     5.7852,     7.2708       
# span 4 =   2.875216,   3.505540       
# span 5 =   2.875196,   3.505443       
# span 6 =          1,          1       
# span 7 =     3.5203,     3.5603       
# span 8 =     3.2776,     3.3141       
# span 9 =       0.40,     103.10       
# span 10 =     -0.517,      1.654      
# span 11 =     0.3924,     1.0567      
# span 12 =     0.1895,     0.4203      
# span 13 = 1.0000e-12, 1.6795e+00      
# span 14 =     0.3838,     2.1972      
# span 15 =    28.9113,    34.4287      
# span 16 =    28.9111,    34.4279      
# span 17 =    -0.0181,     0.1295      
# span 18 =    -0.0115,     0.0419      
# span 19 =    22.7692,    26.9309      
# span 20 =    22.7690,    26.9303      
# span 21 =      0.495,     94.588      
# span 22 =      0.498,     94.800      
# span 23 =    1466.25,    1480.54      
# span 24 =    1466.26,    1480.53      
# span 25 =     6.2693,     6.7949      
# span 26 =     6.3544,     6.8952      
# span 27 =     92.788,     94.054      
# span 28 =     94.063,     95.465      
# span 29 = 0.0000e+00, 0.0000e+00      
# interval = decibars: 0.5              
# start_time = Feb 02 2020 05:29:18 [NMEA time, first data scan]
# bad_flag = -9.990e-29
*END*
[from data line 49]
      32124     25.000     6.8404     6.8476    3.37993    3.38175          1     3.5504     3.3089      97.85      0.212     0.4240     0.2474  1.000e-12  0.6077000    33.5101    33.5232     0.0131     0.0072    26.2667    26.2761     24.765     24.866    1476.58    1476.63     6.3910     6.4886    93.4000    94.8500  0.000e+00
      32165     25.500     6.8664     6.8673    3.38842    3.38880          1     3.5500     3.3081      97.91      0.265     0.4229     0.2369  1.000e-12  0.6811000    33.5780    33.5813     0.0033     0.0009    26.3167    26.3192     25.261     25.362    1476.78    1476.78     6.3785     6.4738    93.3140    94.7120  0.000e+00
      32182     26.000     6.8776     6.8778    3.39177    3.39171          1     3.5488     3.3072      97.91      0.470     0.4375     0.2412  1.000e-12  0.7530000    33.6037    33.6028    -0.0009     0.0003    26.3355    26.3347     25.756     25.858    1476.86    1476.86     6.3742     6.4687    93.2910    94.6750  0.000e+00
      32196     26.500     6.8954     6.8958    3.39587    3.39572          1     3.5488     3.3066      97.90      0.656     0.4499     0.2629  1.000e-12  0.7918000    33.6311    33.6290    -0.0021     0.0005    26.3546    26.3529     26.251     26.354    1476.97    1476.97     6.3749     6.4628    93.3570    94.6440  0.000e+00
      32208     27.000     6.9190     6.9201    3.39932    3.39923          1     3.5493     3.3060      77.86      0.810     0.4392     0.2839  1.000e-12  0.8028000    33.6456    33.6435    -0.0021     0.0011    26.3629    26.3611     26.747     26.851    1477.09    1477.09     6.3735     6.4549    93.3970    94.5900  0.000e+00
      32222     27.500     6.9351     6.9351    3.40137    3.40123          1     3.5493     3.3048      43.00      0.897     0.4385     0.2816  1.000e-12  0.8100000    33.6521    33.6506    -0.0015    -0.0001    26.3658    26.3647     27.242     27.347    1477.17    1477.17     6.3688     6.4508    93.3660    94.5670  0.000e+00
      32243     28.000     6.9380     6.9353    3.40159    3.40126          1     3.5488     3.3042      30.69      0.783     0.4278     0.2828  1.000e-12  0.8881000    33.6515    33.6505    -0.0010    -0.0027    26.3650    26.3645     27.737     27.843    1477.19    1477.18     6.3654     6.4577    93.3220    94.6690  0.000e+00
      32277     28.500     6.9313     6.9378    3.40091    3.40188          1     3.5483     3.3042     103.10      0.365     0.4222     0.3087  1.000e-12  0.7686000    33.6503    33.6546     0.0042     0.0066    26.3649    26.3674     28.232     28.339    1477.17    1477.20     6.3680     6.4637    93.3440    94.7650  0.000e+00
      32301     29.000     6.9364     6.9364    3.40253    3.40237          1     3.5482     3.3052      97.89      0.379     0.4173     0.3055  1.000e-12  0.7435000    33.6629    33.6611    -0.0018    -0.0000    26.3741    26.3727     28.728     28.835    1477.21    1477.21     6.3663     6.4704    93.3380    94.8630  0.000e+00
      32317     29.500     6.9357     6.9358    3.40267    3.40251          1     3.5481     3.3053      97.89      0.567     0.4263     0.2836  1.000e-12  0.8546000    33.6649    33.6631    -0.0018     0.0000    26.3758    26.3744     29.223     29.331    1477.22    1477.22     6.3648     6.4715    93.3160    94.8790  0.000e+00
      32332     30.000     6.9325     6.9321    3.40277    3.40261          1     3.5474     3.3063      85.34      0.726     0.4242     0.2401  1.000e-12  0.8380000    33.6689    33.6674    -0.0015    -0.0003    26.3794    26.3783     29.718     29.828    1477.22    1477.22     6.3643     6.4796    93.3040    94.9920  0.000e+00
      32378     30.500     6.9321     6.9316    3.40271    3.40247          1     3.5471     3.3071      55.03      0.513     0.4225     0.2379  1.000e-12  0.7622000    33.6683    33.6661    -0.0022    -0.0005    26.3790    26.3773     30.213     30.324    1477.23    1477.22     6.3672     6.4780    93.3450    94.9680  0.000e+00
      32452     31.000     6.9320     6.9317    3.40273    3.40255          1     3.5472     3.3062      99.81      0.233     0.4068     0.2622  1.000e-12  0.6478000    33.6684    33.6667    -0.0016    -0.0003    26.3790    26.3778     30.709     30.820    1477.24    1477.23     6.3684     6.4682    93.3630    94.8240  0.000e+00
      32461     31.500     6.9318     6.9316    3.40281    3.40264          1     3.5474     3.3066      97.87      0.545     0.4251     0.2401  1.000e-12  0.8021000    33.6693    33.6676    -0.0017    -0.0002    26.3798    26.3785     31.204     31.316    1477.24    1477.24     6.3694     6.4701    93.3780    94.8530  0.000e+00
      32471     32.000     6.9301     6.9297    3.40283    3.40268          1     3.5472     3.3066      97.87      0.794     0.4263     0.2375  1.000e-12  0.7989000    33.6709    33.6696    -0.0013    -0.0003    26.3813    26.3803     31.699     31.812    1477.25    1477.25     6.3701     6.4718    93.3860    94.8740  0.000e+00
      32480     32.500     6.9246     6.9244    3.40283    3.40263          1     3.5478     3.3063      77.25      1.003     0.4454     0.2369  1.000e-12  0.8504000    33.6760    33.6740    -0.0020    -0.0002    26.3861    26.3846     32.195     32.309    1477.24    1477.24     6.3710     6.4714    93.3890    94.8600  0.000e+00
      32490     33.000     6.9247     6.9249    3.40345    3.40348          1     3.5478     3.3066      25.97      1.162     0.4537     0.2393  1.000e-12  0.8725000    33.6825    33.6827     0.0002     0.0002    26.3912    26.3913     32.690     32.805    1477.26    1477.26     6.3703     6.4722    93.3830    94.8790  0.000e+00
      32500     33.500     6.9258     6.9259    3.40434    3.40435          1     3.5473     3.3066      64.90      1.252     0.4541     0.2378  1.000e-12  0.8988000    33.6910    33.6910     0.0000     0.0002    26.3977    26.3977     33.185     33.301    1477.28    1477.28     6.3680     6.4749    93.3570    94.9250  0.000e+00
      32516     34.000     6.9336     6.9327    3.40623    3.40576          1     3.5473     3.3071      91.25      1.138     0.4720     0.2574  1.000e-12  0.9889000    33.7038    33.6996    -0.0043    -0.0009    26.4068    26.4035     33.680     33.797    1477.33    1477.33     6.3670     6.4776    93.3670    94.9850  0.000e+00
      32609     34.500     6.9494     6.9488    3.41058    3.41040          1     3.5481     3.3066      98.26      0.105     0.4431     0.2511  1.000e-12  0.6217000    33.7358    33.7345    -0.0013    -0.0007    26.4298    26.4289     34.176     34.293    1477.45    1477.44     6.3636     6.4582    93.3710    94.7570  0.000e+00
      32625     35.000     6.9485     6.9480    3.41187    3.41173          1     3.5472     3.3057      97.86      0.449     0.4418     0.2181  1.000e-12  0.6920000    33.7507    33.7495    -0.0011    -0.0004    26.4417    26.4408     34.671     34.789    1477.47    1477.46     6.3608     6.4587    93.3370    94.7720  0.000e+00
      32637     35.500     6.9567     6.9580    3.41483    3.41491          1     3.5471     3.3057      97.78      0.686     0.4518     0.2532  1.000e-12  0.8055000    33.7749    33.7745    -0.0004     0.0013    26.4596    26.4591     35.166     35.286    1477.54    1477.54     6.3602     6.4595    93.3610    94.8210  0.000e+00
      32649     36.000     6.9772     6.9780    3.42002    3.42003          1     3.5470     3.3055      96.73      0.862     0.4538     0.3262  1.000e-12  0.8131000    33.8116    33.8108    -0.0008     0.0008    26.4857    26.4850     35.661     35.782    1477.67    1477.67     6.3564     6.4604    93.3720    94.9010  0.000e+00
      32660     36.500     6.9908     6.9909    3.42420    3.42414          1     3.5469     3.3059      97.60      0.983     0.4623     0.3195  1.000e-12  0.8426000    33.8437    33.8430    -0.0007     0.0000    26.5091    26.5086     36.157     36.278    1477.77    1477.77     6.3540     6.4607    93.3850    94.9540  0.000e+00
      32674     37.000     6.9936     6.9933    3.42601    3.42578          1     3.5469     3.3065      97.84      1.022     0.4643     0.2437  1.000e-12  0.8523000    33.8607    33.8583    -0.0024    -0.0002    26.5222    26.5203     36.652     36.774    1477.81    1477.81     6.3545     6.4615    93.4090    94.9800  0.000e+00
      32695     37.500     6.9905     6.9910    3.42539    3.42543          1     3.5472     3.3068      97.70      0.806     0.4665     0.2527  1.000e-12  0.8477000    33.8566    33.8566    -0.0001     0.0006    26.5194    26.5193     37.147     37.270    1477.81    1477.81     6.3537     6.4596    93.3890    94.9450  0.000e+00
      32760     38.000     6.9934     6.9978    3.42628    3.42751          1     3.5471     3.3066      97.80      0.119     0.4363     0.2403  1.000e-12  0.6604000    33.8633    33.8725     0.0092     0.0044    26.5242    26.5309     37.642     37.766    1477.83    1477.86     6.3599     6.4563    93.4900    94.9220  0.000e+00
      32785     38.500     7.0171     7.0181    3.43398    3.43412          1     3.5483     3.3074      82.14      0.364     0.4713     0.2595  1.000e-12  0.6449000    33.9242    33.9248     0.0006     0.0010    26.5690    26.5693     38.138     38.262    1478.01    1478.01     6.3547     6.4581    93.5020    95.0260  0.000e+00
      32806     39.000     7.0314     7.0316    3.43797    3.43803          1     3.5486     3.3078      63.94      0.523     0.4832     0.2652  1.000e-12  0.6898000    33.9537    33.9541     0.0004     0.0002    26.5902    26.5906     38.633     38.758    1478.11    1478.11     6.3497     6.4485    93.4770    94.9320  0.000e+00
      32825     39.500     7.0421     7.0413    3.44128    3.44105          1     3.5486     3.3070      65.96      0.591     0.4791     0.2667  1.000e-12  0.7394000    33.9792    33.9774    -0.0017    -0.0008    26.6088    26.6076     39.128     39.254    1478.19    1478.19     6.3458     6.4400    93.4580    94.8430  0.000e+00
      32845     40.000     7.0547     7.0537    3.44469    3.44439          1     3.5484     3.3065      79.69      0.610     0.4702     0.2685  1.000e-12  0.7861000    34.0038    34.0016    -0.0022    -0.0010    26.6265    26.6249     39.623     39.750    1478.28    1478.27     6.3420     6.4339    93.4450    94.7940  0.000e+00
      32865     40.500     7.0695     7.0711    3.44821    3.44862          1     3.5480     3.3054      76.50      0.610     0.4380     0.2682  1.000e-12  0.8411000    34.0276    34.0305     0.0029     0.0016    26.6432    26.6453     40.119     40.246    1478.37    1478.38     6.3381     6.4255    93.4330    94.7270  0.000e+00
      32886     41.000     7.0832     7.0831    3.45137    3.45133          1     3.5480     3.3043      59.56      0.589     0.4488     0.2621  1.000e-12  0.8134000    34.0484    34.0482    -0.0003    -0.0001    26.6577    26.6575     40.614     40.743    1478.46    1478.46     6.3359     6.4252    93.4430    94.7590  0.000e+00
      32912     41.500     7.0902     7.0915    3.45309    3.45320          1     3.5472     3.3042      70.75      0.511     0.4512     0.2927  1.000e-12  0.8513000    34.0602    34.0600    -0.0001     0.0013    26.6660    26.6657     41.109     41.239    1478.51    1478.52     6.3296     6.4290    93.3720    94.8410  0.000e+00
      32940     42.000     7.0944     7.0963    3.45417    3.45448          1     3.5462     3.3040      97.98      0.437     0.4470     0.2688  1.000e-12  0.8386000    34.0676    34.0691     0.0015     0.0019    26.6713    26.6722     41.604     41.735    1478.54    1478.55     6.3276     6.4236    93.3560    94.7780  0.000e+00
      32970     42.500     7.1004     7.1016    3.45578    3.45591          1     3.5452     3.3030      97.74      0.408     0.4255     0.2454  1.000e-12  0.8641000    34.0790    34.0793     0.0003     0.0011    26.6794    26.6795     42.100     42.231    1478.59    1478.60     6.3225     6.4208    93.3010    94.7530  0.000e+00
      32998     43.000     7.1057     7.1064    3.45708    3.45710          1     3.5440     3.3029      34.96      0.410     0.4282     0.2760  1.000e-12  0.8868000    34.0878    34.0873    -0.0004     0.0007    26.6856    26.6851     42.595     42.727    1478.63    1478.63     6.3213     6.4233    93.3000    94.8060  0.000e+00
      33018     43.500     7.1097     7.1091    3.45792    3.45770          1     3.5436     3.3028      53.43      0.490     0.4286     0.3256  1.000e-12  0.9063000    34.0928    34.0910    -0.0017    -0.0006    26.6889    26.6877     43.090     43.223    1478.66    1478.66     6.3213     6.4210    93.3110    94.7800  0.000e+00
      33035     44.000     7.1145     7.1138    3.45880    3.45860          1     3.5433     3.3025      57.55      0.605     0.4344     0.3081  1.000e-12  0.9890000    34.0975    34.0960    -0.0015    -0.0007    26.6920    26.6909     43.585     43.719    1478.69    1478.69     6.3197     6.4202    93.3000    94.7820  0.000e+00
      33051     44.500     7.1177     7.1182    3.45943    3.45941          1     3.5430     3.3025      54.72      0.707     0.4303     0.2945  1.000e-12  1.0550000    34.1009    34.1002    -0.0007     0.0005    26.6943    26.6937     44.080     44.215    1478.72    1478.72     6.3185     6.4216    93.2920    94.8140  0.000e+00
      33069     45.000     7.1200     7.1203    3.45985    3.45982          1     3.5427     3.3025      93.72      0.739     0.4283     0.2686  1.000e-12  1.0798000    34.1030    34.1023    -0.0007     0.0003    26.6956    26.6950     44.576     44.711    1478.74    1478.74     6.3212     6.4235    93.3390    94.8490  0.000e+00
      33094     45.500     7.1201     7.1197    3.45997    3.45982          1     3.5435     3.3027      66.01      0.576     0.4330     0.2295  1.000e-12  1.0148000    34.1040    34.1027    -0.0013    -0.0004    26.6964    26.6954     45.071     45.207    1478.75    1478.74     6.3246     6.4201    93.3890    94.7980  0.000e+00
      33134     46.000     7.1248     7.1272    3.46122    3.46175          1     3.5436     3.3014      82.44      0.293     0.4119     0.2406  1.000e-12  0.9379000    34.1128    34.1163     0.0034     0.0024    26.7027    26.7050     45.566     45.703    1478.78    1478.80     6.3208     6.4106    93.3490    94.6810  0.000e+00
      33163     46.500     7.1451     7.1467    3.46939    3.47001          1     3.5434     3.3005      68.36      0.347     0.3924     0.2525  1.000e-12  0.9339000    34.1818    34.1871     0.0053     0.0016    26.7542    26.7581     46.061     46.199    1478.96    1478.97     6.3154     6.4073    93.3550    94.7190  0.000e+00
      33182     47.000     7.1527     7.1526    3.47216    3.47201          1     3.5434     3.3005      53.07      0.511     0.4134     0.2643  1.000e-12  1.0436000    34.2045    34.2029    -0.0016    -0.0000    26.7710    26.7697     46.557     46.695    1479.02    1479.02     6.3140     6.4043    93.3640    94.6980  0.000e+00
      33198     47.500     7.1552     7.1545    3.47272    3.47252          1     3.5434     3.2998      42.26      0.654     0.4213     0.2056  1.000e-12  1.1192000    34.2078    34.2063    -0.0015    -0.0007    26.7733    26.7721     47.052     47.191    1479.04    1479.04     6.3106     6.3991    93.3210    94.6270  0.000e+00
      33215     48.000     7.1593     7.1588    3.47363    3.47344          1     3.5424     3.2991      81.45      0.719     0.4286     0.2191  1.000e-12  1.1920000    34.2135    34.2119    -0.0016    -0.0004    26.7772    26.7759     47.547     47.687    1479.08    1479.07     6.3076     6.4005    93.2880    94.6600  0.000e+00
