ctdpy/tests/etc/exprapp_feb_2020/SBE09_1387_20200201_1717_77_10_0090.cnv
* Sea-Bird SBE 9 Data File:
* FileName = L:\2020\sv20d0090.hex
* Software Version Seasave V 7.26.7.121
* Temperature SN = 6378
* Conductivity SN = 4824
* Number of Bytes Per Scan = 41
* Number of Voltage Words = 4
* Number of Scans Averaged by the Deck Unit = 1
* NMEA Latitude = 57 40.44 N
* NMEA Longitude = 011 22.68 E
* NMEA UTC (Time) = Feb 01 2020  17:17:49
* NMEA baud rate = 4800
** Station:  7W Vinga
** Operator:  A-KTh
** Ship: SVEA
** Average sound velocity: 1475.60 m/s
** True-depth calculation Sat, 01 Feb 2020 18:10:39 +0000
** CTD Python Module SMHI /ver 3-12/ feb 2012 
** LIMS Job: 20207710-0090
** Cruise: SMHI-02-2020
** Latitude [GG MM.mm N] :
** Longitude [GGG MM.mm E]:
# nquan = 30
# nvalues = 144                         
# units = specified
# name 0 = scan: Scan Count
# name 1 = prDM: Pressure, Digiquartz [db]
# name 2 = t090C: Temperature [ITS-90, deg C]
# name 3 = t190C: Temperature, 2 [ITS-90, deg C]
# name 4 = c0S/m: Conductivity [S/m]
# name 5 = c1S/m: Conductivity, 2 [S/m]
# name 6 = pumps: Pump Status
# name 7 = sbeox0V: Oxygen raw, SBE 43 [V]
# name 8 = sbeox1V: Oxygen raw, SBE 43, 2 [V]
# name 9 = altM: Altimeter [m]
# name 10 = dz/dtM: Descent Rate [m/s]
# name 11 = flECO-AFL: Chl-a Fluorescence, WET Labs ECO-AFL/FL [mg/m^3]
# name 12 = flECO-AFL1: Phycocyanin Fluorescence, WET Labs ECO-AFL/FL, 2 [mg/m^3]
# name 13 = par: PAR/Irradiance, Biospherical/Lico [µE/(cm^2*s)]
# name 14 = turbWETntu0: Turbidity, WET Labs ECO [NTU]
# name 15 = sal00: Salinity, Practical [PSU]
# name 16 = sal11: Salinity, Practical, 2 [PSU]
# name 17 = secS-priS: Salinity, Practical, Difference, 2 - 1 [PSU]
# name 18 = T2-T190C: Temperature Difference, 2 - 1 [ITS-90, deg C]
# name 19 = sigma-t00: Density [sigma-t, kg/m^3 ]
# name 20 = sigma-t11: Density, 2 [sigma-t, kg/m^3 ]
# name 21 = depSM: Depth [salt water, m], lat = 57.674
# name 22 = depFM: Depth [true depth, m], lat = 57.674
# name 23 = svCM: Sound Velocity [Chen-Millero, m/s]
# name 24 = svCM1: Sound Velocity, 2 [Chen-Millero, m/s]
# name 25 = sbeox0ML/L: Oxygen, SBE 43 [ml/l], WS = 2
# name 26 = sbeox1ML/L: Oxygen, SBE 43, 2 [ml/l], WS = 2
# name 27 = sbeox0PS: Oxygen, SBE 43 [% saturation], WS = 2
# name 28 = sbeox1PS: Oxygen, SBE 43, 2 [% saturation], WS = 2
# name 29 = flag: flag
# span 0 =      11321,      15746       
# span 1 =      1.500,     73.000       
# span 2 =     6.1335,     7.0586       
# span 3 =     6.1334,     7.0582       
# span 4 =   3.077267,   3.445760       
# span 5 =   3.077842,   3.445316       
# span 6 =          1,          1       
# span 7 =     3.5126,     3.5898       
# span 8 =     3.2721,     3.3394       
# span 9 =       1.59,      98.38       
# span 10 =     -0.262,      0.769      
# span 11 =     0.4146,     1.7583      
# span 12 =     0.1898,     0.5292      
# span 13 = -2.797e-11, 1.7633e+00      
# span 14 =     0.4079,     1.7225      
# span 15 =    30.8272,    34.0647      
# span 16 =    30.8344,    34.0633      
# span 17 =    -0.0226,     0.0360      
# span 18 =    -0.0139,     0.0106      
# span 19 =    24.2387,    26.6843      
# span 20 =    24.2445,    26.6832      
# span 21 =      1.486,     72.313      
# span 22 =      1.492,     72.477      
# span 23 =    1470.12,    1478.61      
# span 24 =    1470.13,    1478.61      
# span 25 =     6.2950,     6.6944      
# span 26 =     6.3910,     6.7856      
# span 27 =     92.595,     94.684      
# span 28 =     93.355,     95.910      
# span 29 = 0.0000e+00, 0.0000e+00      
# interval = decibars: 0.5              
# start_time = Feb 01 2020 17:17:49 [NMEA time, first data scan]
# bad_flag = -9.990e-29
*END*
      11321      1.500     6.1528     6.1516    3.07782    3.07874          1     3.5875     3.3364      42.03     -0.262     1.7583     0.4396  1.763e+00  0.4117000    30.8341    30.8453     0.0112    -0.0012    24.2442    24.2532      1.486      1.492    1470.12    1470.13     6.6873     6.7735    94.4950    95.7160  0.000e+00
      11356      2.000     6.1534     6.1525    3.07727    3.07784          1     3.5875     3.3367      91.23      0.223     1.7220     0.4362  1.460e+00  0.4312000    30.8272    30.8344     0.0071    -0.0008    24.2387    24.2445      1.982      1.989    1470.12    1470.13     6.6878     6.7784    94.4980    95.7810  0.000e+00
      11558      2.500     6.1529     6.1513    3.07769    3.07884          1     3.5874     3.3377      79.27      0.114     1.5890     0.4526  1.161e+00  0.4079000    30.8322    30.8463     0.0141    -0.0015    24.2427    24.2540      2.477      2.486    1470.14    1470.15     6.6896     6.7764    94.5260    95.7570  0.000e+00
      11589      3.000     6.1507     6.1503    3.07954    3.07978          1     3.5876     3.3372      84.25      0.278     1.6071     0.4862  9.749e-01  0.4307000    30.8544    30.8574     0.0030    -0.0004    24.2605    24.2629      2.972      2.983    1470.16    1470.17     6.6909     6.7818    94.5540    95.8380  0.000e+00
      11616      3.500     6.1483     6.1476    3.08175    3.08222          1     3.5885     3.3381      98.05      0.450     1.6677     0.4944  8.074e-01  0.4533000    30.8808    30.8866     0.0058    -0.0007    24.2816    24.2862      3.468      3.480    1470.20    1470.20     6.6936     6.7852    94.6020    95.8990  0.000e+00
      11646      4.000     6.1457     6.1467    3.08395    3.08312          1     3.5892     3.3384      85.14      0.413     1.6629     0.5192  6.745e-01  0.4614000    30.9073    30.8972    -0.0101     0.0010    24.3028    24.2947      3.963      3.978    1470.23    1470.22     6.6944     6.7856    94.6240    95.9100  0.000e+00
      11682      4.500     6.1461     6.1423    3.08384    3.08678          1     3.5898     3.3394      83.98      0.347     1.6199     0.4752  4.581e-01  0.4415000    30.9055    30.9415     0.0360    -0.0038    24.3013    24.3302      4.458      4.475    1470.23    1470.26     6.6937     6.7812    94.6140    95.8660  0.000e+00
      11743      5.000     6.1409     6.1394    3.08836    3.08947          1     3.5893     3.3370      75.67      0.157     1.5847     0.4619  3.227e-01  0.4167000    30.9601    30.9738     0.0137    -0.0015    24.3450    24.3560      4.954      4.972    1470.29    1470.30     6.6882     6.7712    94.5600    95.7380  0.000e+00
      11764      5.500     6.1381     6.1379    3.09057    3.09047          1     3.5885     3.3368      76.60      0.383     1.6425     0.4260  2.898e-01  0.4705000    30.9870    30.9860    -0.0010    -0.0002    24.3666    24.3658      5.449      5.469    1470.32    1470.32     6.6811     6.7636    94.4690    95.6350  0.000e+00
      11782      6.000     6.1375     6.1381    3.09294    3.09111          1     3.5870     3.3351      98.12      0.573     1.6879     0.4269  1.924e-01  0.5029000    31.0136    30.9926    -0.0210     0.0006    24.3876    24.3710      5.944      5.966    1470.36    1470.34     6.6765     6.7578    94.4200    95.5580  0.000e+00
      11799      6.500     6.1339     6.1347    3.10263    3.10067          1     3.5860     3.3344      89.28      0.664     1.7218     0.5121  1.897e-01  0.5193000    31.1241    31.1015    -0.0226     0.0009    24.4753    24.4574      6.440      6.463    1470.49    1470.47     6.6716     6.7616    94.4120    95.6730  0.000e+00
      11822      7.000     6.1335     6.1334    3.11223    3.11228          1     3.5850     3.3344      90.37      0.627     1.6002     0.5292  1.059e-01  0.5172000    31.2307    31.2314     0.0007    -0.0001    24.5594    24.5600      6.935      6.961    1470.64    1470.63     6.6676     6.7556    94.4210    95.6670  0.000e+00
      11853      7.500     6.1337     6.1337    3.11218    3.11319          1     3.5836     3.3328      91.18      0.425     1.5541     0.4358  8.790e-02  0.4912000    31.2297    31.2410     0.0112     0.0000    24.5587    24.5675      7.431      7.458    1470.64    1470.66     6.6601     6.7411    94.3150    95.4690  0.000e+00
      11883      8.000     6.1377     6.1376    3.11533    3.11555          1     3.5809     3.3301      68.74      0.370     1.4747     0.4384  4.985e-02  0.4925000    31.2607    31.2633     0.0026    -0.0002    24.5826    24.5846      7.926      7.955    1470.71    1470.71     6.6604     6.7408    94.3470    95.4880  0.000e+00
      11908      8.500     6.1471     6.1453    3.11745    3.11717          1     3.5836     3.3312      72.87      0.447     1.4796     0.4588  2.848e-02  0.5149000    31.2754    31.2740    -0.0015    -0.0018    24.5931    24.5921      8.421      8.452    1470.77    1470.76     6.6821     6.7642    94.6840    95.8430  0.000e+00
      11931      9.000     6.1556     6.1578    3.11884    3.11910          1     3.5850     3.3318      25.97      0.511     1.4601     0.4404  5.719e-03  0.5229000    31.2827    31.2837     0.0009     0.0021    24.5978    24.5983      8.917      8.949    1470.82    1470.83     6.6461     6.7180    94.1980    95.2230  0.000e+00
      11954      9.500     6.1644     6.1666    3.12007    3.12036          1     3.5757     3.3245      67.83      0.528     1.3962     0.5167  5.769e-04  0.5198000    31.2882    31.2893     0.0011     0.0022    24.6010    24.6017      9.412      9.446    1470.87    1470.88     6.5741     6.6326    93.2000    94.0350  0.000e+00
      11979     10.000     6.2898     6.2759    3.14460    3.14302          1     3.5584     3.3101      58.43      0.504     1.2446     0.4741  3.857e-06  0.5232000    31.4436    31.4389    -0.0046    -0.0139    24.7083    24.7064      9.907      9.943    1471.57    1471.51     6.5056     6.5614    92.5950    93.3550  0.000e+00
      12005     10.500     6.4895     6.4853    3.21171    3.21270          1     3.5487     3.3004      42.22      0.455     0.8158     0.2984 -2.797e-11  0.5258000    31.9993    32.0141     0.0148    -0.0041    25.1217    25.1339     10.403     10.440    1473.07    1473.07     6.4803     6.5438    93.0070    93.9190  0.000e+00
      12028     11.000     6.5606     6.5559    3.24042    3.23948          1     3.5489     3.2992      94.36      0.485     0.5560     0.2254  1.000e-12  0.5424000    32.2489    32.2430    -0.0059    -0.0048    25.3094    25.3054     10.898     10.936    1473.67    1473.65     6.4800     6.5567    93.3100    94.4000  0.000e+00
      12048     11.500     6.5054     6.5081    3.24965    3.24922          1     3.5499     3.2999      97.99      0.552     0.4905     0.2409  1.000e-12  0.5788000    32.4028    32.3955    -0.0073     0.0027    25.4378    25.4317     11.393     11.433    1473.66    1473.66     6.4877     6.5694    93.3960    94.5740  0.000e+00
      12070     12.000     6.4878     6.4875    3.24942    3.24928          1     3.5515     3.3009      85.62      0.580     0.5110     0.2653  1.000e-12  0.5669000    32.4167    32.4155    -0.0012    -0.0003    25.4510    25.4501     11.889     11.930    1473.62    1473.61     6.4965     6.5782    93.4940    94.6680  0.000e+00
      12101     12.500     6.4842     6.4826    3.24862    3.24800          1     3.5540     3.3025      95.67      0.449     0.4913     0.2625  1.000e-12  0.5336000    32.4110    32.4057    -0.0053    -0.0016    25.4470    25.4430     12.384     12.426    1473.60    1473.59     6.5034     6.5806    93.5820    94.6850  0.000e+00
      12135     13.000     6.4847     6.4852    3.25172    3.25193          1     3.5561     3.3037      64.03      0.315     0.4820     0.2748  1.000e-12  0.5580000    32.4446    32.4464     0.0018     0.0006    25.4734    25.4748     12.879     12.923    1473.65    1473.66     6.5018     6.5793    93.5800    94.6970  0.000e+00
      12156     13.500     6.4948     6.4945    3.26124    3.26106          1     3.5565     3.3043      57.35      0.449     0.4819     0.2681  1.000e-12  0.5742000    32.5400    32.5383    -0.0017    -0.0003    25.5473    25.5460     13.375     13.420    1473.82    1473.82     6.4951     6.5786    93.5650    94.7650  0.000e+00
      12174     14.000     6.5074     6.5067    3.26739    3.26736          1     3.5566     3.3052      45.81      0.601     0.4760     0.2389  1.000e-12  0.5715000    32.5957    32.5961     0.0004    -0.0006    25.5897    25.5900     13.870     13.916    1473.95    1473.95     6.4892     6.5736    93.5410    94.7570  0.000e+00
      12195     14.500     6.5187     6.5184    3.27039    3.27036          1     3.5565     3.3052      75.75      0.624     0.4854     0.2382  1.000e-12  0.6201000    32.6179    32.6179     0.0001    -0.0004    25.6057    25.6057     14.366     14.413    1474.03    1474.03     6.4853     6.5674    93.5240    94.7060  0.000e+00
      12223     15.000     6.5309     6.5307    3.27517    3.27550          1     3.5558     3.3057      33.79      0.472     0.4617     0.2237  1.000e-12  0.5668000    32.6588    32.6627     0.0038    -0.0002    25.6364    25.6394     14.861     14.909    1474.14    1474.14     6.4786     6.5665    93.4790    94.7490  0.000e+00
      12249     15.500     6.5354     6.5345    3.27915    3.27890          1     3.5550     3.3062      61.01      0.422     0.4619     0.2844  1.000e-12  0.5673000    32.6983    32.6964    -0.0019    -0.0009    25.6669    25.6656     15.356     15.406    1474.21    1474.21     6.4731     6.5673    93.4330    94.7890  0.000e+00
      12270     16.000     6.5303     6.5300    3.27907    3.27897          1     3.5541     3.3065      98.38      0.516     0.4642     0.2840  1.000e-12  0.5680000    32.7020    32.7012    -0.0008    -0.0004    25.6705    25.6699     15.852     15.902    1474.21    1474.20     6.4727     6.5657    93.4190    94.7600  0.000e+00
      12289     16.500     6.5252     6.5249    3.27999    3.27988          1     3.5536     3.3065      46.24      0.598     0.5191     0.2629  1.000e-12  0.6020000    32.7168    32.7159    -0.0009    -0.0002    25.6829    25.6822     16.347     16.399    1474.21    1474.21     6.4732     6.5652    93.4250    94.7510  0.000e+00
      12318     17.000     6.5149     6.5178    3.28046    3.27949          1     3.5526     3.3066      91.24      0.508     0.4882     0.2531  1.000e-12  0.6666000    32.7317    32.7182    -0.0135     0.0030    25.6959    25.6849     16.842     16.895    1474.20    1474.19     6.4730     6.5702    93.4070    94.8080  0.000e+00
      12356     17.500     6.4902     6.4955    3.28023    3.27968          1     3.5529     3.3080      63.18      0.270     0.5128     0.2692  1.000e-12  0.5671000    32.7525    32.7414    -0.0111     0.0052    25.7155    25.7061     17.338     17.392    1474.14    1474.14     6.4897     6.5855    93.6090    94.9950  0.000e+00
      12376     18.000     6.4700     6.4690    3.27993    3.27973          1     3.5554     3.3095      54.18      0.416     0.5333     0.2839  1.000e-12  0.5952000    32.7684    32.7672    -0.0012    -0.0011    25.7306    25.7298     17.833     17.888    1474.09    1474.08     6.4992     6.5886    93.7110    94.9970  0.000e+00
      12392     18.500     6.4466     6.4431    3.27848    3.27820          1     3.5564     3.3093      97.85      0.612     0.5362     0.2765  1.000e-12  0.6403000    32.7747    32.7749     0.0002    -0.0034    25.7386    25.7392     18.328     18.385    1474.01    1473.99     6.5020     6.5836    93.7040    94.8720  0.000e+00
      12409     19.000     6.4140     6.4122    3.27695    3.27676          1     3.5570     3.3090      98.03      0.727     0.5651     0.2581  1.000e-12  0.6145000    32.7887    32.7884    -0.0003    -0.0018    25.7537    25.7537     18.824     18.881    1473.91    1473.90     6.5097     6.5922    93.7530    94.9360  0.000e+00
      12439     19.500     6.4044     6.4151    3.27665    3.27698          1     3.5593     3.3100      68.25      0.523     0.6171     0.2301  1.000e-12  0.5661000    32.7943    32.7878    -0.0065     0.0106    25.7594    25.7529     19.319     19.378    1473.88    1473.92     6.5166     6.5952    93.8350    94.9850  0.000e+00
      12477     20.000     6.3967     6.3971    3.27650    3.27641          1     3.5613     3.3101      53.64      0.233     0.6138     0.2734  1.000e-12  0.4888000    32.8000    32.7986    -0.0014     0.0004    25.7648    25.7637     19.814     19.874    1473.87    1473.87     6.5185     6.5950    93.8490    94.9500  0.000e+00
      12495     20.500     6.4133     6.4154    3.27999    3.28023          1     3.5616     3.3101      54.14      0.452     0.6226     0.3058  1.000e-12  0.5020000    32.8223    32.8231     0.0008     0.0020    25.7804    25.7807     20.310     20.371    1473.97    1473.98     6.5143     6.5983    93.8380    95.0540  0.000e+00
      12511     21.000     6.4403     6.4409    3.28453    3.28459          1     3.5617     3.3112      53.75      0.645     0.6112     0.3278  1.000e-12  0.5138000    32.8465    32.8466     0.0001     0.0006    25.7960    25.7960     20.805     20.867    1474.11    1474.12     6.5114     6.5962    93.8700    95.0940  0.000e+00
      12531     21.500     6.4541     6.4517    3.28721    3.28672          1     3.5627     3.3112      53.45      0.687     0.6181     0.3196  1.000e-12  0.5061000    32.8626    32.8596    -0.0030    -0.0025    25.8069    25.8049     21.300     21.364    1474.20    1474.18     6.5096     6.5853    93.8850    94.9690  0.000e+00
      12572     22.000     6.4684     6.4565    3.28985    3.28725          1     3.5625     3.3101      75.43      0.323     0.6164     0.2574  1.000e-12  0.4541000    32.8779    32.8605    -0.0174    -0.0119    25.8172    25.8050     21.796     21.860    1474.28    1474.21     6.5018     6.5793    93.8120    94.8940  0.000e+00
      12603     22.500     6.5065     6.5029    3.29605    3.29558          1     3.5616     3.3100      77.99      0.319     0.5810     0.2745  1.000e-12  0.4312000    32.9097    32.9078    -0.0019    -0.0035    25.8373    25.8363     22.291     22.357    1474.48    1474.46     6.4908     6.5759    93.7560    94.9770  0.000e+00
      12621     23.000     6.5131     6.5131    3.29744    3.29737          1     3.5611     3.3101      30.26      0.509     0.5622     0.2608  1.000e-12  0.4376000    32.9183    32.9177    -0.0007    -0.0001    25.8433    25.8428     22.786     22.853    1474.53    1474.52     6.4907     6.5684    93.7750    94.8960  0.000e+00
      12637     23.500     6.5209     6.5209    3.29877    3.29872          1     3.5610     3.3092      46.24      0.654     0.5727     0.3092  1.000e-12  0.4327000    32.9254    32.9247    -0.0007     0.0001    25.8478    25.8473     23.282     23.349    1474.57    1474.57     6.4911     6.5632    93.8020    94.8440  0.000e+00
      12656     24.000     6.5274     6.5273    3.30000    3.29994          1     3.5611     3.3090      50.33      0.710     0.5646     0.3199  1.000e-12  0.4405000    32.9324    32.9319    -0.0004    -0.0002    25.8525    25.8522     23.777     23.846    1474.62    1474.61     6.4897     6.5682    93.8000    94.9340  0.000e+00
      12685     24.500     6.5325     6.5316    3.30117    3.30090          1     3.5605     3.3098      50.11      0.514     0.5563     0.2757  1.000e-12  0.4453000    32.9402    32.9381    -0.0021    -0.0009    25.8580    25.8565     24.272     24.342    1474.65    1474.65     6.4861     6.5760    93.7650    95.0600  0.000e+00
      12721     25.000     6.5357     6.5355    3.30238    3.30224          1     3.5608     3.3110      69.19      0.302     0.6038     0.2747  1.000e-12  0.4591000    32.9502    32.9489    -0.0013    -0.0002    25.8655    25.8645     24.767     24.839    1474.69    1474.68     6.4956     6.5806    93.9140    95.1430  0.000e+00
