ctdpy/tests/etc/exprapp_feb_2020/SBE09_1387_20200209_1239_77_10_0132.cnv
* Sea-Bird SBE 9 Data File:
* FileName = L:\2020\sv20d0132.hex
* Software Version Seasave V 7.26.7.121
* Temperature SN = 6378
* Conductivity SN = 4824
* Number of Bytes Per Scan = 41
* Number of Voltage Words = 4
* Number of Scans Averaged by the Deck Unit = 1
* NMEA Latitude = 54 49.96 N
* NMEA Longitude = 019 19.16 E
* NMEA UTC (Time) = Feb 09 2020  12:39:04
* NMEA baud rate = 4800
** Station:  PL-P1
** Operator:  DBSj
** Ship: SVEA
** Average sound velocity: 1443.41 m/s
** True-depth calculation Sun, 09 Feb 2020 13:43:10 +0000
** CTD Python Module SMHI /ver 3-12/ feb 2012 
** LIMS Job: 20207710-0132
** Cruise: SMHI-03-2020
** Latitude [GG MM.mm N] :
** Longitude [GGG MM.mm E]:
# nquan = 30
# nvalues = 207                         
# units = specified
# name 0 = scan: Scan Count
# name 1 = prDM: Pressure, Digiquartz [db]
# name 2 = t090C: Temperature [ITS-90, deg C]
# name 3 = t190C: Temperature, 2 [ITS-90, deg C]
# name 4 = c0S/m: Conductivity [S/m]
# name 5 = c1S/m: Conductivity, 2 [S/m]
# name 6 = pumps: Pump Status
# name 7 = sbeox0V: Oxygen raw, SBE 43 [V]
# name 8 = sbeox1V: Oxygen raw, SBE 43, 2 [V]
# name 9 = altM: Altimeter [m]
# name 10 = dz/dtM: Descent Rate [m/s]
# name 11 = flECO-AFL: Chl-a Fluorescence, WET Labs ECO-AFL/FL [mg/m^3]
# name 12 = flECO-AFL1: Phycocyanin Fluorescence, WET Labs ECO-AFL/FL, 2 [mg/m^3]
# name 13 = par: PAR/Irradiance, Biospherical/Lico [µE/(cm^2*s)]
# name 14 = turbWETntu0: Turbidity, WET Labs ECO [NTU]
# name 15 = sal00: Salinity, Practical [PSU]
# name 16 = sal11: Salinity, Practical, 2 [PSU]
# name 17 = secS-priS: Salinity, Practical, Difference, 2 - 1 [PSU]
# name 18 = T2-T190C: Temperature Difference, 2 - 1 [ITS-90, deg C]
# name 19 = sigma-t00: Density [sigma-t, kg/m^3 ]
# name 20 = sigma-t11: Density, 2 [sigma-t, kg/m^3 ]
# name 21 = depSM: Depth [salt water, m], lat = 54.8327
# name 22 = depFM: Depth [true depth, m], lat = 54.8327
# name 23 = svCM: Sound Velocity [Chen-Millero, m/s]
# name 24 = svCM1: Sound Velocity, 2 [Chen-Millero, m/s]
# name 25 = sbeox0ML/L: Oxygen, SBE 43 [ml/l], WS = 2
# name 26 = sbeox1ML/L: Oxygen, SBE 43, 2 [ml/l], WS = 2
# name 27 = sbeox0PS: Oxygen, SBE 43 [% saturation], WS = 2
# name 28 = sbeox1PS: Oxygen, SBE 43, 2 [% saturation], WS = 2
# name 29 = flag: flag
# span 0 =      34395,      43832       
# span 1 =      1.000,    104.000       
# span 2 =     5.3433,     8.6241       
# span 3 =     5.3432,     8.6231       
# span 4 =   0.815560,   1.448141       
# span 5 =   0.815641,   1.448005       
# span 6 =          1,          1       
# span 7 =     0.7439,     3.5789       
# span 8 =     0.7287,     3.3395       
# span 9 =      -0.20,     117.13       
# span 10 =     -0.240,      0.595      
# span 11 =     0.3441,     0.4872      
# span 12 =     0.1496,     0.3107      
# span 13 = -4.755e-09, 1.6354e+03      
# span 14 =     0.1289,     0.2972      
# span 15 =     7.4538,    12.5733      
# span 16 =     7.4546,    12.5724      
# span 17 =    -0.0614,     0.1405      
# span 18 =    -0.0444,     0.0526      
# span 19 =     5.8788,     9.6535      
# span 20 =     5.8794,     9.6529      
# span 21 =      0.991,    103.038      
# span 22 =      1.013,    105.206      
# span 23 =    1437.29,    1458.97      
# span 24 =    1437.29,    1458.97      
# span 25 =     0.0471,     7.9600      
# span 26 =     0.0778,     8.0980      
# span 27 =      0.626,     94.432      
# span 28 =      1.034,     96.075      
# span 29 = 0.0000e+00, 0.0000e+00      
# interval = decibars: 0.5              
# start_time = Feb 09 2020 12:39:05 [NMEA time, first data scan]
# bad_flag = -9.990e-29
*END*
[from data line 97]
      37358     49.500     5.3544     5.3534    0.81659    0.81663          1     3.5563     3.3187      57.77      0.474     0.4616     0.2364  1.000e-12  0.1599000     7.4551     7.4558     0.0006    -0.0009     5.8794     5.8799     49.049     50.123    1438.10    1438.10     7.9400     8.0774    94.2220    95.8500  0.000e+00
      37392     50.000     5.3547     5.3537    0.81660    0.81665          1     3.5560     3.3183      64.07      0.351     0.4666     0.2309  1.000e-12  0.1451000     7.4552     7.4558     0.0007    -0.0009     5.8794     5.8800     49.544     50.629    1438.11    1438.11     7.9397     8.0791    94.2190    95.8710  0.000e+00
      37421     50.500     5.3559     5.3555    0.81665    0.81672          1     3.5559     3.3182      56.38      0.385     0.4542     0.2408  1.000e-12  0.1404000     7.4553     7.4561     0.0008    -0.0004     5.8795     5.8801     50.039     51.136    1438.12    1438.12     7.9404     8.0745    94.2300    95.8210  0.000e+00
      37444     51.000     5.3565     5.3563    0.81668    0.81675          1     3.5557     3.3176      80.25      0.481     0.4622     0.2513  1.000e-12  0.1432000     7.4554     7.4561     0.0007    -0.0002     5.8795     5.8801     50.535     51.642    1438.14    1438.13     7.9408     8.0747    94.2370    95.8250  0.000e+00
      37467     51.500     5.3554     5.3546    0.81666    0.81670          1     3.5559     3.3175      61.30      0.527     0.4628     0.1893  1.000e-12  0.1547000     7.4553     7.4560     0.0007    -0.0008     5.8795     5.8801     51.030     52.148    1438.14    1438.13     7.9430     8.0785    94.2600    95.8660  0.000e+00
      37495     52.000     5.3527     5.3527    0.81656    0.81664          1     3.5560     3.3174      95.50      0.467     0.4632     0.2117  1.000e-12  0.1567000     7.4550     7.4557     0.0008     0.0000     5.8794     5.8800     51.525     52.654    1438.13    1438.13     7.9431     8.0737    94.2540    95.8050  0.000e+00
      37530     52.500     5.3526     5.3521    0.81655    0.81662          1     3.5559     3.3162      64.50      0.345     0.4542     0.2611  1.000e-12  0.1510000     7.4548     7.4556     0.0007    -0.0005     5.8793     5.8799     52.021     53.161    1438.14    1438.14     7.9443     8.0693    94.2680    95.7510  0.000e+00
      37558     53.000     5.3553     5.3558    0.81666    0.81676          1     3.5561     3.3158      97.01      0.381     0.4623     0.3107  1.000e-12  0.1330000     7.4552     7.4561     0.0009     0.0005     5.8794     5.8801     52.516     53.667    1438.16    1438.17     7.9438     8.0777    94.2690    95.8600  0.000e+00
      37579     53.500     5.3575     5.3574    0.81674    0.81683          1     3.5558     3.3164      56.26      0.496     0.4500     0.2840  1.000e-12  0.1444000     7.4554     7.4563     0.0009    -0.0000     5.8795     5.8802     53.012     54.173    1438.18    1438.18     7.9411     8.0802    94.2430    95.8940  0.000e+00
      37600     54.000     5.3553     5.3548    0.81668    0.81674          1     3.5554     3.3164      72.72      0.584     0.4586     0.2540  1.000e-12  0.1457000     7.4552     7.4559     0.0007    -0.0005     5.8795     5.8800     53.507     54.680    1438.18    1438.18     7.9392     8.0780    94.2150    95.8610  0.000e+00
      37628     54.500     5.3548     5.3535    0.81666    0.81670          1     3.5547     3.3167      88.79      0.500     0.4536     0.2359  1.000e-12  0.1336000     7.4552     7.4558     0.0006    -0.0013     5.8794     5.8800     54.002     55.186    1438.18    1438.18     7.9391     8.0858    94.2130    95.9510  0.000e+00
      37669     55.000     5.3519     5.3524    0.81656    0.81664          1     3.5543     3.3176      50.11      0.269     0.4636     0.2664  1.000e-12  0.1448000     7.4547     7.4554     0.0006     0.0005     5.8792     5.8797     54.498     55.692    1438.18    1438.18     7.9392     8.0804    94.2070    95.8830  0.000e+00
      37695     55.500     5.3527     5.3523    0.81659    0.81666          1     3.5534     3.3165      77.89      0.372     0.4594     0.2189  1.000e-12  0.1521000     7.4548     7.4556     0.0008    -0.0004     5.8792     5.8799     54.993     56.198    1438.19    1438.19     7.9366     8.0738    94.1780    95.8040  0.000e+00
      37715     56.000     5.3544     5.3553    0.81667    0.81678          1     3.5533     3.3166      79.21      0.531     0.4525     0.1952  1.000e-12  0.1539000     7.4551     7.4560     0.0009     0.0009     5.8794     5.8801     55.488     56.705    1438.21    1438.21     7.9400     8.0873    94.2220    95.9730  0.000e+00
      37736     56.500     5.3551     5.3563    0.81670    0.81681          1     3.5536     3.3175      50.60      0.595     0.4616     0.1988  1.000e-12  0.1635000     7.4552     7.4561     0.0008     0.0011     5.8794     5.8801     55.984     57.211    1438.22    1438.22     7.9435     8.0888    94.2660    95.9930  0.000e+00
      37770     57.000     5.3546     5.3543    0.81669    0.81674          1     3.5537     3.3173      62.90      0.408     0.4659     0.2247  1.000e-12  0.1518000     7.4552     7.4557     0.0005    -0.0003     5.8794     5.8799     56.479     57.717    1438.22    1438.22     7.9393     8.0776    94.2150    95.8550  0.000e+00
      37803     57.500     5.3536     5.3562    0.81666    0.81684          1     3.5530     3.3158      62.33      0.324     0.4523     0.2637  1.000e-12  0.1541000     7.4550     7.4562     0.0012     0.0026     5.8793     5.8802     56.975     58.224    1438.22    1438.24     7.9354     8.0622    94.1650    95.6770  0.000e+00
      37826     58.000     5.3685     5.3721    0.81720    0.81741          1     3.5518     3.3141      92.25      0.455     0.4593     0.2028  1.000e-12  0.1474000     7.4569     7.4582     0.0013     0.0036     5.8802     5.8810     57.470     58.730    1438.30    1438.32     7.9250     8.0508    94.0790    95.5820  0.000e+00
      37849     58.500     5.3669     5.3753    0.81714    0.81752          1     3.5506     3.3124      48.82      0.532     0.4631     0.2206  1.000e-12  0.1413000     7.4566     7.4585     0.0019     0.0084     5.8800     5.8812     57.965     59.236    1438.30    1438.34     7.9268     8.0495    94.0960    95.5730  0.000e+00
      37880     59.000     5.3816     5.3829    0.81767    0.81791          1     3.5500     3.3108      47.98      0.434     0.4588     0.2544  1.000e-12  0.1350000     7.4585     7.4606     0.0021     0.0013     5.8808     5.8824     58.461     59.742    1438.38    1438.38     7.9249     8.0479    94.1090    95.5750  0.000e+00
      37910     59.500     5.3833     5.3808    0.81787    0.81783          1     3.5498     3.3102      47.43      0.378     0.4409     0.2188  1.000e-12  0.1413000     7.4600     7.4601     0.0001    -0.0026     5.8820     5.8822     58.956     60.249    1438.39    1438.38     7.9254     8.0571    94.1210    95.6780  0.000e+00
      37934     60.000     5.3788     5.3762    0.81767    0.81764          1     3.5495     3.3102      46.97      0.456     0.4502     0.2319  1.000e-12  0.1514000     7.4590     7.4592     0.0003    -0.0026     5.8814     5.8817     59.451     60.755    1438.38    1438.37     7.9266     8.0647    94.1230    95.7570  0.000e+00
      37959     60.500     5.3796     5.3794    0.81771    0.81777          1     3.5494     3.3111      46.48      0.489     0.4422     0.2322  1.000e-12  0.1503000     7.4591     7.4598     0.0006    -0.0002     5.8814     5.8820     59.947     61.261    1438.39    1438.39     7.9248     8.0697    94.1040    95.8240  0.000e+00
      37990     61.000     5.3819     5.3843    0.81780    0.81794          1     3.5486     3.3109      45.88      0.420     0.4560     0.2530  1.000e-12  0.1400000     7.4594     7.4603     0.0009     0.0024     5.8816     5.8822     60.442     61.768    1438.41    1438.42     7.9219     8.0502    94.0750    95.6040  0.000e+00
      38021     61.500     5.3856     5.3852    0.81793    0.81800          1     3.5477     3.3092      45.42      0.372     0.4623     0.2439  1.000e-12  0.1366000     7.4598     7.4606     0.0008    -0.0004     5.8817     5.8824     60.937     62.274    1438.44    1438.43     7.9153     8.0472    94.0050    95.5720  0.000e+00
      38045     62.000     5.3887     5.3886    0.81812    0.81820          1     3.5465     3.3089      18.47      0.448     0.4616     0.2785  1.000e-12  0.1430000     7.4609     7.4617     0.0008    -0.0001     5.8824     5.8831     61.433     62.780    1438.46    1438.46     7.9133     8.0554    93.9900    95.6780  0.000e+00
      38067     62.500     5.3914     5.3918    0.81823    0.81834          1     3.5461     3.3090      43.62      0.522     0.4599     0.2368  1.000e-12  0.1483000     7.4614     7.4623     0.0010     0.0004     5.8827     5.8834     61.928     63.287    1438.48    1438.48     7.9164     8.0567    94.0330    95.7010  0.000e+00
      38096     63.000     5.3934     5.3926    0.81832    0.81838          1     3.5465     3.3096      43.78      0.467     0.4558     0.2702  1.000e-12  0.1476000     7.4617     7.4625     0.0008    -0.0008     5.8828     5.8835     62.423     63.793    1438.49    1438.49     7.9251     8.0646    94.1410    95.7980  0.000e+00
      38128     63.500     5.3932     5.3939    0.81833    0.81845          1     3.5476     3.3094      46.68      0.364     0.4579     0.2911  1.000e-12  0.1351000     7.4618     7.4628     0.0010     0.0007     5.8829     5.8837     62.919     64.299    1438.50    1438.51     7.9170     8.0348    94.0450    95.4470  0.000e+00
      38154     64.000     5.3982     5.4030    0.81858    0.81888          1     3.5449     3.3059      81.47      0.422     0.4378     0.2660  1.000e-12  0.1453000     7.4631     7.4650     0.0019     0.0048     5.8837     5.8850     63.414     64.805    1438.53    1438.56     7.8914     8.0060    93.7540    95.1270  0.000e+00
      38178     64.500     5.4347     5.4506    0.82023    0.82105          1     3.5408     3.3023      61.11      0.492     0.4487     0.2429  1.000e-12  0.1562000     7.4711     7.4755     0.0044     0.0159     5.8884     5.8911     63.910     65.312    1438.71    1438.78     7.8671     7.9819    93.5550    94.9620  0.000e+00
      38206     65.000     5.4893     5.4921    0.82264    0.82285          1     3.5359     3.2979      41.96      0.459     0.4234     0.2441  1.000e-12  0.1505000     7.4824     7.4839     0.0015     0.0028     5.8948     5.8958     64.405     65.818    1438.97    1438.98     7.8434     7.9618    93.4090    94.8270  0.000e+00
      38237     65.500     5.5212     5.5294    0.82406    0.82446          1     3.5313     3.2939      41.17      0.386     0.4123     0.2529  1.000e-12  0.1528000     7.4891     7.4912     0.0021     0.0082     5.8986     5.8999     64.900     66.324    1439.13    1439.16     7.8277     7.9511    93.3020    94.7930  0.000e+00
      38261     66.000     5.5465     5.5432    0.82508    0.82506          1     3.5283     3.2922      40.79      0.448     0.4151     0.3022  1.000e-12  0.1702000     7.4934     7.4939     0.0005    -0.0034     5.9008     5.9014     65.396     66.831    1439.25    1439.23     7.8223     7.9547    93.2990    94.8700  0.000e+00
      38285     66.500     5.5619     5.5580    0.82571    0.82561          1     3.5271     3.2903      40.12      0.504     0.4136     0.2842  1.000e-12  0.1756000     7.4960     7.4959    -0.0001    -0.0039     5.9021     5.9022     65.891     67.337    1439.33    1439.31     7.8212     7.9423    93.3240    94.7590  0.000e+00
      38316     67.000     5.5701     5.5757    0.82601    0.82635          1     3.5250     3.2884      39.50      0.421     0.4154     0.2101  1.000e-12  0.1560000     7.4970     7.4991     0.0020     0.0056     5.9025     5.9039     66.386     67.843    1439.37    1439.40     7.8068     7.9345    93.1710    94.7110  0.000e+00
      38348     67.500     5.6112     5.6097    0.82789    0.82790          1     3.5198     3.2840      39.00      0.362     0.4054     0.2222  1.000e-12  0.1306000     7.5062     7.5065     0.0004    -0.0014     5.9077     5.9081     66.882     68.349    1439.57    1439.56     7.7386     7.8461    92.4590    93.7390  0.000e+00
      38371     68.000     5.6855     5.6411    0.83083    0.82923          1     3.5058     3.2727      38.47      0.455     0.4031     0.2382  1.000e-12  0.1329000     7.5182     7.5124    -0.0057    -0.0444     5.9136     5.9113     67.377     68.856    1439.91    1439.71     7.6288     7.7414    91.3230    92.5650  0.000e+00
      38392     68.500     5.7308     5.7284    0.83301    0.83316          1     3.4878     3.2590      38.07      0.540     0.3947     0.2571  1.000e-12  0.1364000     7.5292     7.5311     0.0019    -0.0024     5.9200     5.9216     67.872     69.362    1440.13    1440.12     7.5595     7.6560    90.6030    91.7560  0.000e+00
      38418     69.000     5.8248     5.8047    0.83959    0.83973          1     3.4644     3.2386      37.66      0.507     0.3826     0.2374  1.000e-12  0.1432000     7.5719     7.5778     0.0059    -0.0201     5.9489     5.9546     68.368     69.868    1440.60    1440.52     7.4249     7.4939    89.2250    90.0130  0.000e+00
      38452     69.500     5.7819     5.7799    0.84710    0.84739          1     3.4166     3.1972      37.00      0.375     0.3968     0.2167  1.000e-12  0.1858000     7.6545     7.6577     0.0032    -0.0019     6.0163     6.0189     68.863     70.374    1440.53    1440.52     7.1977     7.2387    86.4500    86.9390  0.000e+00
      38482     70.000     5.9091     5.9108    0.85821    0.85858          1     3.3532     3.1454      36.37      0.372     0.3992     0.2746  1.000e-12  0.1810000     7.7332     7.7365     0.0032     0.0017     6.0717     6.0742     69.358     70.881    1441.18    1441.19     6.8870     6.9161    83.0230    83.3800  0.000e+00
      38505     70.500     5.9966     5.9997    0.86484    0.86542          1     3.2903     3.0937      35.74      0.467     0.3850     0.2315  1.000e-12  0.1775000     7.7774     7.7823     0.0049     0.0031     6.1019     6.1055     69.854     71.387    1441.62    1441.64     6.7110     6.6646    81.1020    80.5500  0.000e+00
      38529     71.000     6.0664     6.0604    0.87874    0.87841          1     3.2385     3.0314      35.08      0.513     0.3628     0.2089  1.000e-12  0.1863000     7.8956     7.8938    -0.0018    -0.0060     6.1911     6.1901     70.349     71.893    1442.08    1442.05     6.4513     6.1807    78.1600    74.8690  0.000e+00
      38559     71.500     6.0707     6.0660    0.88646    0.88996          1     3.0806     2.8841      34.59      0.443     0.3724     0.2492  1.000e-12  0.1739000     7.9692     8.0042     0.0350    -0.0047     6.2489     6.2768     70.844     72.399    1442.20    1442.22     5.3154     4.9582    64.4380    60.1110  0.000e+00
      38594     72.000     6.1018     6.1544    0.91169    0.92750          1     2.7312     2.6008      34.00      0.331     0.3836     0.2228  1.000e-12  0.1856000     8.2057     8.3462     0.1405     0.0526     6.4335     6.5411     71.340     72.905    1442.63    1443.04     3.7729     3.3404    45.8340    40.6720  0.000e+00
      38618     72.500     6.3423     6.3382    0.96549    0.96607          1     2.4321     2.3545      32.71      0.413     0.3650     0.2590  1.000e-12  0.1627000     8.6671     8.6737     0.0066    -0.0041     6.7825     6.7879     71.835     73.411    1444.25    1444.24     2.8918     2.5227    35.4550    30.9290  0.000e+00
      38637     73.000     6.4473     6.4518    1.00044    1.00295          1     2.2135     2.1757      23.70      0.547     0.3544     0.2095  1.000e-12  0.1488000     8.9778     9.0009     0.0231     0.0045     7.0203     7.0382     72.330     73.917    1445.09    1445.14     2.6973     2.4701    33.2260    30.4340  0.000e+00
