ctdpy/tests/etc/exprapp_feb_2020/SBE09_1387_20200207_0241_77_10_0119.cnv
* Sea-Bird SBE 9 Data File:
* FileName = L:\2020\sv20d0119.hex
* Software Version Seasave V 7.26.7.121
* Temperature SN = 6378
* Conductivity SN = 4824
* Number of Bytes Per Scan = 41
* Number of Voltage Words = 4
* Number of Scans Averaged by the Deck Unit = 1
* NMEA Latitude = 57 52.02 N
* NMEA Longitude = 011 17.49 E
* NMEA UTC (Time) = Feb 07 2020  02:41:36
* NMEA baud rate = 4800
** Station:  P2
** Operator:  SSip
** Ship: SVEA
** Average sound velocity: 1476.87 m/s
** True-depth calculation Fri, 07 Feb 2020 03:56:13 +0000
** CTD Python Module SMHI /ver 3-12/ feb 2012 
** LIMS Job: 20207710-0119
** Cruise: SMHI-03-2020
** Latitude [GG MM.mm N] :
** Longitude [GGG MM.mm E]:
# nquan = 30
# nvalues = 182                         
# units = specified
# name 0 = scan: Scan Count
# name 1 = prDM: Pressure, Digiquartz [db]
# name 2 = t090C: Temperature [ITS-90, deg C]
# name 3 = t190C: Temperature, 2 [ITS-90, deg C]
# name 4 = c0S/m: Conductivity [S/m]
# name 5 = c1S/m: Conductivity, 2 [S/m]
# name 6 = pumps: Pump Status
# name 7 = sbeox0V: Oxygen raw, SBE 43 [V]
# name 8 = sbeox1V: Oxygen raw, SBE 43, 2 [V]
# name 9 = altM: Altimeter [m]
# name 10 = dz/dtM: Descent Rate [m/s]
# name 11 = flECO-AFL: Chl-a Fluorescence, WET Labs ECO-AFL/FL [mg/m^3]
# name 12 = flECO-AFL1: Phycocyanin Fluorescence, WET Labs ECO-AFL/FL, 2 [mg/m^3]
# name 13 = par: PAR/Irradiance, Biospherical/Lico [µE/(cm^2*s)]
# name 14 = turbWETntu0: Turbidity, WET Labs ECO [NTU]
# name 15 = sal00: Salinity, Practical [PSU]
# name 16 = sal11: Salinity, Practical, 2 [PSU]
# name 17 = secS-priS: Salinity, Practical, Difference, 2 - 1 [PSU]
# name 18 = T2-T190C: Temperature Difference, 2 - 1 [ITS-90, deg C]
# name 19 = sigma-t00: Density [sigma-t, kg/m^3 ]
# name 20 = sigma-t11: Density, 2 [sigma-t, kg/m^3 ]
# name 21 = depSM: Depth [salt water, m], lat = 57.867
# name 22 = depFM: Depth [true depth, m], lat = 57.867
# name 23 = svCM: Sound Velocity [Chen-Millero, m/s]
# name 24 = svCM1: Sound Velocity, 2 [Chen-Millero, m/s]
# name 25 = sbeox0ML/L: Oxygen, SBE 43 [ml/l], WS = 2
# name 26 = sbeox1ML/L: Oxygen, SBE 43, 2 [ml/l], WS = 2
# name 27 = sbeox0PS: Oxygen, SBE 43 [% saturation], WS = 2
# name 28 = sbeox1PS: Oxygen, SBE 43, 2 [% saturation], WS = 2
# name 29 = flag: flag
# span 0 =      46160,      52627       
# span 1 =      2.500,     94.000       
# span 2 =     5.7027,     7.3688       
# span 3 =     5.7170,     7.3678       
# span 4 =   2.970127,   3.524372       
# span 5 =   2.976960,   3.524144       
# span 6 =          1,          1       
# span 7 =     3.4784,     3.6339       
# span 8 =     3.2377,     3.3823       
# span 9 =       0.85,      98.00       
# span 10 =      0.081,      0.564      
# span 11 =     0.4174,     1.9043      
# span 12 =     0.1661,     0.6012      
# span 13 = 9.9817e-13, 1.0062e+00      
# span 14 =     0.4356,     2.9912      
# span 15 =    30.0409,    34.5797      
# span 16 =    30.1044,    34.5782      
# span 17 =    -0.0499,     0.2444      
# span 18 =    -0.0253,     0.0547      
# span 19 =    23.6702,    27.0458      
# span 20 =    23.7188,    27.0460      
# span 21 =      2.477,     93.109      
# span 22 =      2.487,     93.285      
# span 23 =    1467.33,    1480.85      
# span 24 =    1467.47,    1480.85      
# span 25 =     6.1868,     6.9060      
# span 26 =     6.2616,     6.9967      
# span 27 =     91.356,     96.046      
# span 28 =     92.536,     97.382      
# span 29 = 0.0000e+00, 0.0000e+00      
# interval = decibars: 0.5              
# start_time = Feb 07 2020 02:41:37 [NMEA time, first data scan]
# bad_flag = -9.990e-29
*END*
[from data line 49]
      48085     27.000     6.3951     6.3955    3.31622    3.31622          1     3.5252     3.2831      97.45      0.445     0.6069     0.2989  1.000e-12  1.1462000    33.2393    33.2389    -0.0004     0.0004    26.1116    26.1113     26.748     26.818    1474.53    1474.53     6.4092     6.4947    92.5410    93.7750  0.000e+00
      48113     27.500     6.4074     6.4084    3.31859    3.31871          1     3.5232     3.2803      97.60      0.423     0.6198     0.3249  1.000e-12  1.1311000    33.2532    33.2537     0.0005     0.0009    26.1210    26.1213     27.244     27.314    1474.60    1474.61     6.4044     6.4876    92.5050    93.7100  0.000e+00
      48139     28.000     6.4199     6.4205    3.32094    3.32097          1     3.5214     3.2787      97.62      0.449     0.6105     0.3284  1.000e-12  1.1079000    33.2670    33.2667    -0.0003     0.0007    26.1303    26.1300     27.739     27.811    1474.68    1474.68     6.3989     6.4904    92.4610    93.7850  0.000e+00
      48165     28.500     6.4276     6.4292    3.32245    3.32266          1     3.5200     3.2779      81.16      0.468     0.6022     0.2715  1.000e-12  1.1141000    33.2760    33.2768     0.0008     0.0016    26.1364    26.1368     28.234     28.307    1474.73    1474.73     6.3938     6.4880    92.4100    93.7760  0.000e+00
      48192     29.000     6.4404     6.4407    3.32499    3.32492          1     3.5178     3.2773      64.85      0.452     0.6093     0.3104  1.000e-12  1.1338000    33.2915    33.2903    -0.0012     0.0004    26.1470    26.1460     28.730     28.803    1474.81    1474.81     6.3850     6.4842    92.3200    93.7530  0.000e+00
      48221     29.500     6.4475     6.4489    3.32633    3.32648          1     3.5159     3.2751      72.32      0.423     0.6029     0.2697  1.000e-12  1.0935000    33.2991    33.2995     0.0003     0.0013    26.1521    26.1522     29.225     29.300    1474.85    1474.86     6.3843     6.4666    92.3300    93.5230  0.000e+00
      48248     30.000     6.4663     6.4668    3.32999    3.33002          1     3.5157     3.2734      97.94      0.425     0.5648     0.2623  1.000e-12  1.1723000    33.3212    33.3211    -0.0001     0.0005    26.1671    26.1669     29.720     29.796    1474.96    1474.96     6.3860     6.4701    92.4070    93.6260  0.000e+00
      48275     30.500     6.4748     6.4756    3.33169    3.33177          1     3.5159     3.2727      93.33      0.442     0.5655     0.2686  1.000e-12  1.1312000    33.3316    33.3316     0.0000     0.0008    26.1742    26.1741     30.215     30.292    1475.02    1475.02     6.3837     6.4692    92.4000    93.6390  0.000e+00
      48300     31.000     6.4904     6.4917    3.33473    3.33488          1     3.5155     3.2725      62.38      0.463     0.5874     0.2444  1.000e-12  1.1075000    33.3497    33.3501     0.0005     0.0013    26.1864    26.1866     30.711     30.788    1475.11    1475.11     6.3780     6.4671    92.3610    93.6550  0.000e+00
      48325     31.500     6.5095     6.5108    3.33845    3.33865          1     3.5151     3.2717      80.14      0.480     0.5630     0.2817  1.000e-12  1.0872000    33.3721    33.3731     0.0010     0.0013    26.2016    26.2022     31.206     31.285    1475.22    1475.23     6.3738     6.4544    92.3550    93.5260  0.000e+00
      48352     32.000     6.5286     6.5296    3.34232    3.34248          1     3.5149     3.2707      61.70      0.467     0.5681     0.2421  1.000e-12  1.0858000    33.3962    33.3969     0.0008     0.0011    26.2181    26.2186     31.701     31.781    1475.33    1475.34     6.3730     6.4587    92.3990    93.6440  0.000e+00
      48379     32.500     6.5410     6.5415    3.34517    3.34520          1     3.5153     3.2712      65.54      0.444     0.5789     0.2582  1.000e-12  1.1288000    33.4153    33.4152    -0.0001     0.0006    26.2316    26.2314     32.197     32.277    1475.41    1475.42     6.3698     6.4582    92.3900    93.6740  0.000e+00
      48409     33.000     6.5511     6.5511    3.34775    3.34777          1     3.5150     3.2716      60.58      0.409     0.5579     0.2602  1.000e-12  1.0436000    33.4337    33.4341     0.0004    -0.0001    26.2448    26.2451     32.692     32.774    1475.49    1475.49     6.3673     6.4623    92.3870    93.7660  0.000e+00
      48438     33.500     6.5651     6.5668    3.35230    3.35289          1     3.5154     3.2723      44.35      0.401     0.5519     0.2901  1.000e-12  1.0424000    33.4702    33.4751     0.0049     0.0017    26.2717    26.2753     33.187     33.270    1475.59    1475.61     6.3649     6.4510    92.4040    93.6620  0.000e+00
      48463     34.000     6.5728     6.5731    3.35684    3.35696          1     3.5150     3.2711      59.99      0.451     0.5265     0.2334  1.000e-12  1.0046000    33.5128    33.5138     0.0010     0.0003    26.3043    26.3051     33.683     33.766    1475.69    1475.69     6.3524     6.4312    92.2650    93.4120  0.000e+00
      48486     34.500     6.5893     6.5891    3.36004    3.35995          1     3.5118     3.2683      59.60      0.507     0.5153     0.2365  1.000e-12  0.9876000    33.5318    33.5310    -0.0008    -0.0002    26.3171    26.3165     34.178     34.262    1475.78    1475.78     6.3300     6.4069    91.9870    93.1030  0.000e+00
      48511     35.000     6.6372     6.6380    3.36660    3.36683          1     3.5067     3.2636      59.17      0.502     0.5223     0.2374  1.000e-12  1.0182000    33.5572    33.5589     0.0018     0.0008    26.3309    26.3321     34.673     34.758    1476.01    1476.02     6.3081     6.3798    91.7860    92.8320  0.000e+00
      48538     35.500     6.6668     6.6685    3.37145    3.37170          1     3.5025     3.2592      58.56      0.455     0.5258     0.2248  1.000e-12  1.1871000    33.5816    33.5826     0.0011     0.0018    26.3461    26.3467     35.168     35.255    1476.17    1476.17     6.3017     6.3794    91.7690    92.9050  0.000e+00
      48565     36.000     6.6802     6.6804    3.37411    3.37410          1     3.5001     3.2576      76.21      0.445     0.5284     0.2442  1.000e-12  1.2148000    33.5974    33.5972    -0.0002     0.0002    26.3569    26.3567     35.664     35.751    1476.25    1476.25     6.2994     6.3859    91.7740    93.0350  0.000e+00
      48593     36.500     6.6882     6.6894    3.37581    3.37595          1     3.4985     3.2561      57.46      0.433     0.5069     0.2599  1.000e-12  1.2439000    33.6082    33.6085     0.0004     0.0012    26.3643    26.3644     36.159     36.247    1476.30    1476.31     6.3001     6.3796    91.8080    92.9700  0.000e+00
      48622     37.000     6.6996     6.6998    3.37823    3.37830          1     3.4983     3.2552      77.18      0.417     0.5149     0.2428  1.000e-12  1.2819000    33.6236    33.6241     0.0005     0.0002    26.3749    26.3753     36.654     36.743    1476.37    1476.37     6.2953     6.3788    91.7720    92.9900  0.000e+00
      48647     37.500     6.7212     6.7217    3.38286    3.38301          1     3.4960     3.2537      55.83      0.453     0.5031     0.2663  1.000e-12  1.2003000    33.6532    33.6543     0.0011     0.0005    26.3954    26.3962     37.149     37.239    1476.50    1476.50     6.2771     6.3646    91.5690    92.8480  0.000e+00
      48669     38.000     6.7342     6.7345    3.38579    3.38581          1     3.4932     3.2525      58.45      0.511     0.4922     0.2699  1.000e-12  1.2861000    33.6724    33.6724    -0.0000     0.0003    26.4088    26.4088     37.645     37.736    1476.59    1476.59     6.2723     6.3603    91.5380    92.8240  0.000e+00
      48692     38.500     6.7468     6.7469    3.38833    3.38832          1     3.4923     3.2510      75.45      0.534     0.5024     0.2630  1.000e-12  1.3590000    33.6880    33.6877    -0.0003     0.0001    26.4194    26.4192     38.140     38.232    1476.66    1476.66     6.2739     6.3566    91.5970    92.8060  0.000e+00
      48719     39.000     6.7512     6.7509    3.38931    3.38910          1     3.4911     3.2504      86.04      0.476     0.5112     0.2240  1.000e-12  1.2746000    33.6941    33.6922    -0.0020    -0.0003    26.4237    26.4222     38.635     38.728    1476.69    1476.69     6.2673     6.3622    91.5140    92.8980  0.000e+00
      48751     39.500     6.7583     6.7580    3.39085    3.39070          1     3.4890     3.2499      60.70      0.386     0.4991     0.2531  1.000e-12  1.2932000    33.7039    33.7026    -0.0013    -0.0002    26.4304    26.4294     39.131     39.224    1476.74    1476.74     6.2633     6.3557    91.4770    92.8260  0.000e+00
      48778     40.000     6.7725     6.7731    3.39394    3.39404          1     3.4883     3.2490      53.83      0.407     0.4934     0.2844  1.000e-12  1.2712000    33.7237    33.7243     0.0006     0.0006    26.4442    26.4445     39.626     39.720    1476.83    1476.84     6.2632     6.3467    91.5180    92.7400  0.000e+00
      48803     40.500     6.7918     6.7936    3.39844    3.39879          1     3.4884     3.2472      56.95      0.470     0.5086     0.2779  1.000e-12  1.2876000    33.7542    33.7563     0.0021     0.0018    26.4656    26.4670     40.121     40.216    1476.95    1476.96     6.2617     6.3361    91.5550    92.6480  0.000e+00
      48828     41.000     6.8019     6.8023    3.40129    3.40132          1     3.4885     3.2462      52.82      0.480     0.5095     0.2593  1.000e-12  1.3959000    33.7754    33.7753    -0.0001     0.0005    26.4810    26.4808     40.616     40.712    1477.03    1477.03     6.2586     6.3367    91.5430    92.6870  0.000e+00
      48854     41.500     6.8138     6.8155    3.40393    3.40417          1     3.4884     3.2456      52.41      0.472     0.4979     0.2574  1.000e-12  1.4894000    33.7926    33.7936     0.0009     0.0017    26.4929    26.4934     41.112     41.209    1477.10    1477.11     6.2563     6.3381    91.5450    92.7460  0.000e+00
      48879     42.000     6.8283     6.8288    3.40658    3.40656          1     3.4883     3.2456      52.00      0.479     0.4886     0.2481  1.000e-12  1.4127000    33.8073    33.8066    -0.0007     0.0005    26.5025    26.5019     41.607     41.705    1477.19    1477.19     6.2529     6.3385    91.5350    92.7890  0.000e+00
      48904     42.500     6.8329     6.8327    3.40733    3.40718          1     3.4882     3.2461      51.54      0.480     0.4803     0.2981  1.000e-12  1.3948000    33.8108    33.8094    -0.0015    -0.0002    26.5047    26.5036     42.102     42.201    1477.22    1477.21     6.2537     6.3469    91.5580    92.9210  0.000e+00
      48930     43.000     6.8341     6.8338    3.40754    3.40740          1     3.4886     3.2476      51.06      0.462     0.4785     0.2806  1.000e-12  1.3667000    33.8117    33.8103    -0.0014    -0.0002    26.5052    26.5042     42.598     42.697    1477.23    1477.23     6.2568     6.3508    91.6070    92.9820  0.000e+00
      48959     43.500     6.8350     6.8344    3.40774    3.40754          1     3.4892     3.2482      72.28      0.433     0.4977     0.2088  1.000e-12  1.3180000    33.8127    33.8111    -0.0017    -0.0006    26.5059    26.5047     43.093     43.193    1477.24    1477.24     6.2579     6.3481    91.6260    92.9440  0.000e+00
      48986     44.000     6.8384     6.8389    3.40845    3.40850          1     3.4894     3.2490      64.76      0.431     0.4860     0.2632  1.000e-12  1.3085000    33.8169    33.8170     0.0000     0.0005    26.5088    26.5087     43.588     43.689    1477.27    1477.27     6.2540     6.3526    91.5780    93.0230  0.000e+00
      49011     44.500     6.8504     6.8501    3.41104    3.41100          1     3.4886     3.2497      31.40      0.458     0.4786     0.2643  1.000e-12  1.3839000    33.8334    33.8332    -0.0002    -0.0002    26.5201    26.5200     44.083     44.185    1477.35    1477.34     6.2464     6.3422    91.5020    92.9050  0.000e+00
      49035     45.000     6.8454     6.8423    3.41102    3.41057          1     3.4874     3.2486      48.64      0.496     0.4864     0.2581  1.000e-12  1.4073000    33.8379    33.8360    -0.0019    -0.0031    26.5243    26.5232     44.579     44.681    1477.34    1477.33     6.2487     6.3330    91.5290    92.7550  0.000e+00
      49060     45.500     6.8364     6.8356    3.41017    3.41003          1     3.4880     3.2473      48.46      0.500     0.4821     0.2285  1.000e-12  1.3966000    33.8371    33.8363    -0.0008    -0.0008    26.5249    26.5244     45.074     45.177    1477.31    1477.31     6.2560     6.3395    91.6150    92.8370  0.000e+00
      49090     46.000     6.8050     6.8007    3.40774    3.40742          1     3.4882     3.2480      48.26      0.421     0.4681     0.2660  1.000e-12  1.3286000    33.8411    33.8418     0.0007    -0.0043    26.5323    26.5334     45.569     45.674    1477.20    1477.19     6.2566     6.3520    91.5610    92.9480  0.000e+00
      49119     46.500     6.7764     6.7780    3.40601    3.40602          1     3.4872     3.2476      47.57      0.400     0.4676     0.2455  1.000e-12  1.4123000    33.8500    33.8485    -0.0015     0.0016    26.5432    26.5417     46.064     46.170    1477.11    1477.11     6.2564     6.3498    91.5030    92.8710  0.000e+00
      49143     47.000     6.7740     6.7755    3.40650    3.40665          1     3.4861     3.2477      47.11      0.459     0.4896     0.2195  1.000e-12  1.4995000    33.8574    33.8576     0.0002     0.0014    26.5493    26.5493     46.560     46.666    1477.12    1477.12     6.2573     6.3535    91.5150    92.9250  0.000e+00
      49168     47.500     6.7892     6.7876    3.40904    3.40879          1     3.4861     3.2473      46.62      0.492     0.4781     0.2338  1.000e-12  1.4786000    33.8703    33.8691    -0.0012    -0.0016    26.5574    26.5567     47.055     47.162    1477.20    1477.20     6.2580     6.3412    91.5660    92.7790  0.000e+00
      49193     48.000     6.7552     6.7521    3.40592    3.40551          1     3.4868     3.2457      46.09      0.481     0.4658     0.2701  1.000e-12  1.5091000    33.8692    33.8677    -0.0015    -0.0031    26.5611    26.5604     47.550     47.658    1477.08    1477.06     6.2703     6.3519    91.6730    92.8580  0.000e+00
      49221     48.500     6.7322     6.7314    3.40414    3.40404          1     3.4893     3.2480      69.20      0.451     0.4687     0.2265  1.000e-12  1.5946000    33.8720    33.8717    -0.0003    -0.0009    26.5664    26.5663     48.045     48.154    1477.00    1477.00     6.2899     6.3865    91.9120    93.3210  0.000e+00
      49248     49.000     6.7278     6.7285    3.40445    3.40444          1     3.4935     3.2511      44.98      0.438     0.4759     0.2396  1.000e-12  1.7103000    33.8795    33.8788    -0.0007     0.0006    26.5729    26.5723     48.541     48.650    1477.00    1477.00     6.2946     6.3794    91.9760    93.2170  0.000e+00
      49273     49.500     6.7314     6.7340    3.40551    3.40573          1     3.4931     3.2505      44.62      0.461     0.4704     0.2232  1.000e-12  1.7799000    33.8874    33.8873    -0.0001     0.0025    26.5787    26.5783     49.036     49.146    1477.03    1477.04     6.2719     6.3528    91.6570    92.8450  0.000e+00
      49297     50.000     6.7967     6.8151    3.41320    3.41541          1     3.4897     3.2479      44.19      0.484     0.4755     0.1950  1.000e-12  1.6830000    33.9075    33.9136     0.0062     0.0184    26.5857    26.5881     49.531     49.642    1477.32    1477.40     6.2458     6.3229    91.4240    92.5970  0.000e+00
