ctdpy/tests/etc/exprapp_feb_2020/SBE09_1387_20200207_0241_77_10_0119.cnv
* Sea-Bird SBE 9 Data File:
* FileName = L:\2020\sv20d0119.hex
* Software Version Seasave V 7.26.7.121
* Temperature SN = 6378
* Conductivity SN = 4824
* Number of Bytes Per Scan = 41
* Number of Voltage Words = 4
* Number of Scans Averaged by the Deck Unit = 1
* NMEA Latitude = 57 52.02 N
* NMEA Longitude = 011 17.49 E
* NMEA UTC (Time) = Feb 07 2020  02:41:36
* NMEA baud rate = 4800
** Station:  P2
** Operator:  SSip
** Ship: SVEA
** Average sound velocity: 1476.87 m/s
** True-depth calculation Fri, 07 Feb 2020 03:56:13 +0000
** CTD Python Module SMHI /ver 3-12/ feb 2012 
** LIMS Job: 20207710-0119
** Cruise: SMHI-03-2020
** Latitude [GG MM.mm N] :
** Longitude [GGG MM.mm E]:
# nquan = 30
# nvalues = 182                         
# units = specified
# name 0 = scan: Scan Count
# name 1 = prDM: Pressure, Digiquartz [db]
# name 2 = t090C: Temperature [ITS-90, deg C]
# name 3 = t190C: Temperature, 2 [ITS-90, deg C]
# name 4 = c0S/m: Conductivity [S/m]
# name 5 = c1S/m: Conductivity, 2 [S/m]
# name 6 = pumps: Pump Status
# name 7 = sbeox0V: Oxygen raw, SBE 43 [V]
# name 8 = sbeox1V: Oxygen raw, SBE 43, 2 [V]
# name 9 = altM: Altimeter [m]
# name 10 = dz/dtM: Descent Rate [m/s]
# name 11 = flECO-AFL: Chl-a Fluorescence, WET Labs ECO-AFL/FL [mg/m^3]
# name 12 = flECO-AFL1: Phycocyanin Fluorescence, WET Labs ECO-AFL/FL, 2 [mg/m^3]
# name 13 = par: PAR/Irradiance, Biospherical/Lico [µE/(cm^2*s)]
# name 14 = turbWETntu0: Turbidity, WET Labs ECO [NTU]
# name 15 = sal00: Salinity, Practical [PSU]
# name 16 = sal11: Salinity, Practical, 2 [PSU]
# name 17 = secS-priS: Salinity, Practical, Difference, 2 - 1 [PSU]
# name 18 = T2-T190C: Temperature Difference, 2 - 1 [ITS-90, deg C]
# name 19 = sigma-t00: Density [sigma-t, kg/m^3 ]
# name 20 = sigma-t11: Density, 2 [sigma-t, kg/m^3 ]
# name 21 = depSM: Depth [salt water, m], lat = 57.867
# name 22 = depFM: Depth [true depth, m], lat = 57.867
# name 23 = svCM: Sound Velocity [Chen-Millero, m/s]
# name 24 = svCM1: Sound Velocity, 2 [Chen-Millero, m/s]
# name 25 = sbeox0ML/L: Oxygen, SBE 43 [ml/l], WS = 2
# name 26 = sbeox1ML/L: Oxygen, SBE 43, 2 [ml/l], WS = 2
# name 27 = sbeox0PS: Oxygen, SBE 43 [% saturation], WS = 2
# name 28 = sbeox1PS: Oxygen, SBE 43, 2 [% saturation], WS = 2
# name 29 = flag: flag
# span 0 =      46160,      52627       
# span 1 =      2.500,     94.000       
# span 2 =     5.7027,     7.3688       
# span 3 =     5.7170,     7.3678       
# span 4 =   2.970127,   3.524372       
# span 5 =   2.976960,   3.524144       
# span 6 =          1,          1       
# span 7 =     3.4784,     3.6339       
# span 8 =     3.2377,     3.3823       
# span 9 =       0.85,      98.00       
# span 10 =      0.081,      0.564      
# span 11 =     0.4174,     1.9043      
# span 12 =     0.1661,     0.6012      
# span 13 = 9.9817e-13, 1.0062e+00      
# span 14 =     0.4356,     2.9912      
# span 15 =    30.0409,    34.5797      
# span 16 =    30.1044,    34.5782      
# span 17 =    -0.0499,     0.2444      
# span 18 =    -0.0253,     0.0547      
# span 19 =    23.6702,    27.0458      
# span 20 =    23.7188,    27.0460      
# span 21 =      2.477,     93.109      
# span 22 =      2.487,     93.285      
# span 23 =    1467.33,    1480.85      
# span 24 =    1467.47,    1480.85      
# span 25 =     6.1868,     6.9060      
# span 26 =     6.2616,     6.9967      
# span 27 =     91.356,     96.046      
# span 28 =     92.536,     97.382      
# span 29 = 0.0000e+00, 0.0000e+00      
# interval = decibars: 0.5              
# start_time = Feb 07 2020 02:41:37 [NMEA time, first data scan]
# bad_flag = -9.990e-29
*END*
[from data line 146]
      50632     75.500     7.3034     7.3014    3.51194    3.51157          1     3.5017     3.2606      18.84      0.503     0.4187     0.2652  1.000e-12  1.6259000    34.4754    34.4733    -0.0021    -0.0020    26.9631    26.9618     74.787     74.938    1480.41    1480.40     6.2064     6.3005    92.2530    93.6450  0.000e+00
      50653     76.000     7.2897     7.2896    3.51078    3.51064          1     3.5013     3.2607      18.41      0.564     0.4299     0.2612  1.000e-12  1.7106000    34.4762    34.4747    -0.0015    -0.0000    26.9656    26.9645     75.283     75.434    1480.37    1480.37     6.2117     6.3006    92.3030    93.6230  0.000e+00
      50677     76.500     7.2964     7.2972    3.51181    3.51179          1     3.5021     3.2600      17.93      0.546     0.4192     0.2242  1.000e-12  1.6024000    34.4805    34.4794    -0.0011     0.0009    26.9681    26.9671     75.778     75.930    1480.41    1480.41     6.2144     6.2895    92.3600    93.4780  0.000e+00
      50704     77.000     7.3025     7.3027    3.51267    3.51253          1     3.5027     3.2589      17.32      0.471     0.4174     0.2344  1.000e-12  1.3786000    34.4835    34.4818    -0.0017     0.0002    26.9696    26.9682     76.273     76.426    1480.44    1480.44     6.2128     6.2920    92.3510    93.5280  0.000e+00
      50733     77.500     7.3047     7.3048    3.51299    3.51286          1     3.5024     3.2590      16.78      0.414     0.4295     0.2387  1.000e-12  1.3232000    34.4845    34.4831    -0.0015     0.0001    26.9701    26.9689     76.768     76.922    1480.46    1480.46     6.2089     6.2958    92.2990    93.5890  0.000e+00
      50763     78.000     7.3046     7.3041    3.51307    3.51287          1     3.5018     3.2587      16.33      0.401     0.4293     0.2501  1.000e-12  1.5213000    34.4853    34.4837    -0.0015    -0.0006    26.9707    26.9695     77.263     77.418    1480.47    1480.46     6.2090     6.2908    92.3000    93.5140  0.000e+00
      50790     78.500     7.3036     7.3034    3.51311    3.51296          1     3.5017     3.2583      15.81      0.428     0.4356     0.2133  1.000e-12  1.7266000    34.4865    34.4850    -0.0015    -0.0001    26.9718    26.9707     77.759     77.913    1480.47    1480.47     6.2103     6.2987    92.3170    93.6310  0.000e+00
      50815     79.000     7.3078     7.3083    3.51378    3.51369          1     3.5014     3.2591      15.37      0.465     0.4378     0.2384  1.000e-12  1.7250000    34.4893    34.4879    -0.0014     0.0004    26.9734    26.9723     78.254     78.409    1480.50    1480.50     6.2100     6.3037    92.3250    93.7170  0.000e+00
      50838     79.500     7.3094     7.3092    3.51400    3.51386          1     3.5021     3.2603      14.92      0.499     0.4348     0.2382  1.000e-12  1.6398000    34.4900    34.4886    -0.0014    -0.0001    26.9737    26.9726     78.749     78.905    1480.52    1480.51     6.2144     6.3043    92.3930    93.7290  0.000e+00
      50863     80.000     7.3115     7.3112    3.51442    3.51422          1     3.5026     3.2603      14.37      0.504     0.4428     0.2357  1.000e-12  1.5147000    34.4922    34.4903    -0.0019    -0.0003    26.9751    26.9737     79.244     79.401    1480.54    1480.53     6.2133     6.2996    92.3820    93.6630  0.000e+00
      50890     80.500     7.3139     7.3143    3.51500    3.51498          1     3.5023     3.2602      13.84      0.461     0.4321     0.2594  1.000e-12  1.6538000    34.4959    34.4952    -0.0007     0.0004    26.9778    26.9771     79.739     79.897    1480.56    1480.56     6.2090     6.2944    92.3260    93.5960  0.000e+00
      50918     81.000     7.3356     7.3353    3.51901    3.51891          1     3.5012     3.2591      13.33      0.427     0.4257     0.2399  1.000e-12  1.5723000    34.5178    34.5169    -0.0009    -0.0003    26.9918    26.9912     80.235     80.393    1480.68    1480.68     6.1968     6.2878    92.2040    93.5570  0.000e+00
      50945     81.500     7.3669     7.3651    3.52397    3.52361          1     3.4988     3.2590      12.86      0.433     0.4304     0.2445  1.000e-12  1.4655000    34.5403    34.5381    -0.0022    -0.0018    27.0052    27.0037     80.730     80.889    1480.83    1480.82     6.1885     6.2815    92.1580    93.5400  0.000e+00
      50972     82.000     7.3688     7.3678    3.52437    3.52414          1     3.4983     3.2573      12.37      0.445     0.4376     0.2628  1.000e-12  1.7941000    34.5426    34.5411    -0.0015    -0.0010    27.0066    27.0056     81.225     81.385    1480.85    1480.85     6.1922     6.2711    92.2190    93.3910  0.000e+00
      50998     82.500     7.3383     7.3372    3.52394    3.52381          1     3.4979     3.2561      11.88      0.455     0.4331     0.2533  1.000e-12  1.6546000    34.5681    34.5677    -0.0004    -0.0010    27.0311    27.0309     81.720     81.881    1480.77    1480.77     6.1911     6.2759    92.1540    93.4150  0.000e+00
      51022     83.000     7.3253     7.3249    3.52360    3.52343          1     3.4962     3.2550      11.39      0.481     0.4302     0.2146  1.000e-12  1.8871000    34.5771    34.5756    -0.0015    -0.0004    27.0400    27.0389     82.215     82.376    1480.74    1480.74     6.1897     6.2704    92.1120    93.3110  0.000e+00
      51047     83.500     7.3237     7.3234    3.52358    3.52343          1     3.4959     3.2531      10.89      0.496     0.4385     0.2797  1.000e-12  1.9753000    34.5783    34.5769    -0.0014    -0.0003    27.0411    27.0401     82.710     82.872    1480.75    1480.75     6.1935     6.2684    92.1660    93.2790  0.000e+00
      51074     84.000     7.3230     7.3228    3.52360    3.52344          1     3.4956     3.2524      10.36      0.459     0.4322     0.2378  1.000e-12  2.0337000    34.5789    34.5773    -0.0016    -0.0001    27.0418    27.0405     83.206     83.368    1480.75    1480.75     6.1939     6.2788    92.1700    93.4330  0.000e+00
      51105     84.500     7.3228     7.3228    3.52361    3.52347          1     3.4955     3.2533       9.84      0.397     0.4411     0.2676  1.000e-12  1.9616000    34.5790    34.5775    -0.0015    -0.0000    27.0419    27.0407     83.701     83.864    1480.76    1480.76     6.1932     6.2788    92.1600    93.4330  0.000e+00
      51137     85.000     7.3225     7.3224    3.52364    3.52350          1     3.4949     3.2509       9.32      0.375     0.4422     0.2130  1.000e-12  1.9591000    34.5793    34.5780    -0.0014    -0.0002    27.0422    27.0411     84.196     84.360    1480.77    1480.77     6.1926     6.2616    92.1500    93.1760  0.000e+00
      51168     85.500     7.3220     7.3218    3.52364    3.52349          1     3.4946     3.2505       8.85      0.387     0.4408     0.2107  1.000e-12  2.1077000    34.5796    34.5782    -0.0014    -0.0002    27.0425    27.0414     84.691     84.856    1480.78    1480.77     6.1925     6.2764    92.1470    93.3950  0.000e+00
      51202     86.000     7.3208     7.3207    3.52357    3.52342          1     3.4942     3.2509       8.32      0.364     0.4625     0.2186  1.000e-12  2.4004000    34.5797    34.5782    -0.0015    -0.0001    27.0427    27.0415     85.186     85.352    1480.78    1480.78     6.1911     6.2767    92.1240    93.3970  0.000e+00
      51241     86.500     7.3207     7.3204    3.52357    3.52341          1     3.4932     3.2511       7.78      0.312     0.4608     0.2405  1.000e-12  2.1585000    34.5797    34.5782    -0.0015    -0.0003    27.0427    27.0416     85.681     85.847    1480.79    1480.79     6.1896     6.2786    92.1020    93.4250  0.000e+00
      51283     87.000     7.3205     7.3202    3.52358    3.52342          1     3.4927     3.2507       7.28      0.289     0.4535     0.2642  1.000e-12  2.2905000    34.5797    34.5782    -0.0015    -0.0003    27.0427    27.0416     86.177     86.343    1480.80    1480.79     6.1892     6.2773    92.0960    93.4060  0.000e+00
      51337     87.500     7.3164     7.3183    3.52317    3.52324          1     3.4924     3.2526       6.77      0.213     0.4510     0.2633  1.000e-12  2.3608000    34.5791    34.5780    -0.0011     0.0019    27.0429    27.0417     86.672     86.839    1480.79    1480.79     6.1906     6.2855    92.1080    93.5230  0.000e+00
      51380     88.000     7.3126     7.3146    3.52280    3.52289          1     3.4916     3.2515       6.33      0.276     0.4632     0.2442  1.000e-12  2.2125000    34.5786    34.5776    -0.0011     0.0020    27.0430    27.0419     87.167     87.335    1480.78    1480.79     6.1885     6.2743    92.0690    93.3480  0.000e+00
      51426     88.500     7.3033     7.3034    3.52187    3.52175          1     3.4912     3.2506       5.85      0.265     0.4523     0.2306  1.000e-12  2.2611000    34.5774    34.5761    -0.0013     0.0001    27.0434    27.0423     87.662     87.831    1480.75    1480.75     6.1907     6.2772    92.0800    93.3670  0.000e+00
      51483     89.000     7.3009     7.3010    3.52163    3.52156          1     3.4911     3.2499       5.32      0.205     0.4588     0.2469  1.000e-12  2.2604000    34.5770    34.5761    -0.0009     0.0001    27.0434    27.0427     88.157     88.327    1480.75    1480.75     6.1918     6.2747    92.0910    93.3250  0.000e+00
      51541     89.500     7.2963     7.2962    3.52112    3.52100          1     3.4907     3.2481       4.84      0.218     0.4691     0.2314  1.000e-12  2.3386000    34.5758    34.5746    -0.0012    -0.0001    27.0431    27.0422     88.652     88.823    1480.74    1480.74     6.1891     6.2697    92.0410    93.2390  0.000e+00
      51625     90.000     7.2978     7.2969    3.52135    3.52116          1     3.4903     3.2505       4.35      0.150     0.4602     0.2324  1.000e-12  2.9912000    34.5766    34.5753    -0.0013    -0.0008    27.0436    27.0426     89.148     89.318    1480.75    1480.75     6.1946     6.2852    92.1270    93.4720  0.000e+00
      51928     91.500     7.2763     7.2718    3.51392    3.51346          1     3.4837     3.2444       2.64      0.106     0.4885     0.2463  9.982e-13  1.9018000    34.5098    34.5093    -0.0005    -0.0046    26.9924    26.9927     90.633     90.806    1478.03    1478.01     6.1868     6.2719    91.9910    93.2470  0.000e+00
      52061     92.000     7.2833     7.2834    3.51996    3.51979          1     3.4903     3.2504       2.45      0.219     0.4964     0.2408  1.000e-12  2.4600000    34.5749    34.5730    -0.0019     0.0000    27.0442    27.0428     91.128     91.302    1480.73    1480.73     6.1925     6.2821    92.0640    93.3950  0.000e+00
      52179     92.500     7.2617     7.2588    3.51768    3.51724          1     3.4874     3.2475       1.84      0.143     0.5175     0.2241  1.000e-12  2.3858000    34.5713    34.5693    -0.0019    -0.0029    27.0444    27.0433     91.623     91.798    1480.65    1480.64     6.1909     6.2808    91.9930    93.3210  0.000e+00
      52269     93.000     7.2369     7.2393    3.51494    3.51513          1     3.4870     3.2470       1.40      0.173     0.4735     0.2903  1.000e-12  2.1832000    34.5660    34.5656    -0.0003     0.0025    27.0438    27.0432     92.119     92.294    1480.55    1480.56     6.2023     6.2892    92.1080    93.4030  0.000e+00
      52373     93.500     7.1633     7.1633    3.50727    3.50708          1     3.4848     3.2441       0.85      0.142     0.5230     0.3106  1.000e-12  2.3810000    34.5554    34.5533    -0.0021     0.0000    27.0458    27.0442     92.614     92.790    1480.27    1480.26     6.2071     6.2828    92.0160    93.1370  0.000e+00
      52627     94.000     7.1847     7.1594    3.50955    3.50691          1     3.4880     3.2440      59.14      0.086     0.5285     0.4008  1.000e-12  2.4997000    34.5587    34.5550    -0.0037    -0.0253    27.0454    27.0460     93.109     93.285    1480.36    1480.26     6.2133     6.3014    92.1560    93.4070  0.000e+00
