ctdpy/tests/etc/exprapp_feb_2020/SBE09_1387_20200213_2125_77_10_0148.cnv
* Sea-Bird SBE 9 Data File:
* FileName = L:\2020\sv20d0148.hex
* Software Version Seasave V 7.26.7.121
* Temperature SN = 6378
* Conductivity SN = 4824
* Number of Bytes Per Scan = 41
* Number of Voltage Words = 4
* Number of Scans Averaged by the Deck Unit = 1
* NMEA Latitude = 55 37.04 N
* NMEA Longitude = 014 52.02 E
* NMEA UTC (Time) = Feb 13 2020  21:25:32
* NMEA baud rate = 4800
** Station:  Hanöbukten
** Operator:  SSip
** Ship: SVEA
** Average sound velocity: 1450.33 m/s
** True-depth calculation Thu, 13 Feb 2020 22:26:31 +0000
** CTD Python Module SMHI /ver 3-12/ feb 2012 
** LIMS Job: 20207710-0148
** Cruise: SMHI-02-2020
** Latitude [GG MM.mm N] :
** Longitude [GGG MM.mm E]:
# nquan = 30
# nvalues = 152                         
# units = specified
# name 0 = scan: Scan Count
# name 1 = prDM: Pressure, Digiquartz [db]
# name 2 = t090C: Temperature [ITS-90, deg C]
# name 3 = t190C: Temperature, 2 [ITS-90, deg C]
# name 4 = c0S/m: Conductivity [S/m]
# name 5 = c1S/m: Conductivity, 2 [S/m]
# name 6 = pumps: Pump Status
# name 7 = sbeox0V: Oxygen raw, SBE 43 [V]
# name 8 = sbeox1V: Oxygen raw, SBE 43, 2 [V]
# name 9 = altM: Altimeter [m]
# name 10 = dz/dtM: Descent Rate [m/s]
# name 11 = flECO-AFL: Chl-a Fluorescence, WET Labs ECO-AFL/FL [mg/m^3]
# name 12 = flECO-AFL1: Phycocyanin Fluorescence, WET Labs ECO-AFL/FL, 2 [mg/m^3]
# name 13 = par: PAR/Irradiance, Biospherical/Lico [µE/(cm^2*s)]
# name 14 = turbWETntu0: Turbidity, WET Labs ECO [NTU]
# name 15 = sal00: Salinity, Practical [PSU]
# name 16 = sal11: Salinity, Practical, 2 [PSU]
# name 17 = secS-priS: Salinity, Practical, Difference, 2 - 1 [PSU]
# name 18 = T2-T190C: Temperature Difference, 2 - 1 [ITS-90, deg C]
# name 19 = sigma-t00: Density [sigma-t, kg/m^3 ]
# name 20 = sigma-t11: Density, 2 [sigma-t, kg/m^3 ]
# name 21 = depSM: Depth [salt water, m], lat = 55.6173
# name 22 = depFM: Depth [true depth, m], lat = 55.6173
# name 23 = svCM: Sound Velocity [Chen-Millero, m/s]
# name 24 = svCM1: Sound Velocity, 2 [Chen-Millero, m/s]
# name 25 = sbeox0ML/L: Oxygen, SBE 43 [ml/l], WS = 2
# name 26 = sbeox1ML/L: Oxygen, SBE 43, 2 [ml/l], WS = 2
# name 27 = sbeox0PS: Oxygen, SBE 43 [% saturation], WS = 2
# name 28 = sbeox1PS: Oxygen, SBE 43, 2 [% saturation], WS = 2
# name 29 = flag: flag
# span 0 =      21613,      29562       
# span 1 =      1.500,     77.000       
# span 2 =     5.6015,     9.8779       
# span 3 =     5.6013,     9.8766       
# span 4 =   0.867697,   1.923912       
# span 5 =   0.867780,   1.920073       
# span 6 =          1,          1       
# span 7 =     1.6142,     3.5162       
# span 8 =     1.5262,     3.2821       
# span 9 =       1.07,      97.10       
# span 10 =     -0.235,      0.679      
# span 11 =     0.2863,     0.6416      
# span 12 =     0.1609,     0.3261      
# span 13 = -1.971e-05, 1.4277e+00      
# span 14 =     0.1262,     0.8694      
# span 15 =     7.9054,    17.3051      
# span 16 =     7.9063,    17.2618      
# span 17 =    -0.1922,     0.0916      
# span 18 =    -0.1396,     0.1311      
# span 19 =     6.2233,    13.3877      
# span 20 =     6.2240,    13.3524      
# span 21 =      1.486,     76.288      
# span 22 =      1.518,     77.774      
# span 23 =    1439.00,    1464.14      
# span 24 =    1439.00,    1464.14      
# span 25 =     2.1474,     7.7065      
# span 26 =     2.1440,     7.8469      
# span 27 =     29.162,     92.304      
# span 28 =     29.334,     93.982      
# span 29 = 0.0000e+00, 0.0000e+00      
# interval = decibars: 0.5              
# start_time = Feb 13 2020 21:25:32 [NMEA time, first data scan]
# bad_flag = -9.990e-29
*END*
[from data line 97]
      24457     50.000     9.0815     9.0699    1.58767    1.58849          1     2.5028     2.3399      27.90      0.273     0.3025     0.2038  1.000e-12  0.1262000    13.7272    13.7393     0.0121    -0.0116    10.5039    10.5146     49.541     50.584    1461.32    1461.29     4.2596     4.3410    57.6360    58.7260  0.000e+00
      24484     50.500     9.0220     9.0197    1.59279    1.59290          1     2.4593     2.3107      27.48      0.363     0.2885     0.1914  1.000e-12  0.1399000    13.7981    13.8000     0.0019    -0.0023    10.5657    10.5675     50.036     51.088    1461.18    1461.17     3.9682     3.9994    53.6430    54.0630  0.000e+00
      24502     51.000     9.0321     9.0414    1.60153    1.60246          1     2.4109     2.2745      26.47      0.525     0.3074     0.2242  1.000e-12  0.1400000    13.8763    13.8813     0.0051     0.0093    10.6255    10.6284     50.531     51.592    1461.32    1461.37     3.8809     3.9300    52.5010    53.1790  0.000e+00
      24521     51.500     9.2896     9.2903    1.62143    1.62201          1     2.3833     2.2539      26.40      0.637     0.2922     0.2582  1.000e-12  0.1453000    13.9627    13.9678     0.0052     0.0007    10.6636    10.6676     51.027     52.096    1462.44    1462.45     3.8774     3.9765    52.7970    54.1510  0.000e+00
      24546     52.000     9.4981     9.4716    1.63803    1.63454          1     2.3604     2.2383      25.96      0.569     0.3026     0.2142  1.000e-12  0.1447000    14.0363    14.0142    -0.0222    -0.0265    10.6968    10.6826     51.522     52.599    1463.35    1463.22     3.8529     3.9544    52.7420    54.0910  0.000e+00
      24592     52.500     9.4680     9.4277    1.63543    1.63205          1     2.3406     2.2110      25.35      0.235     0.3012     0.1991  1.000e-12  0.1391000    14.0237    14.0078    -0.0159    -0.0403    10.6905    10.6828     52.017     53.103    1463.22    1463.05     3.8704     3.9237    52.9400    53.6130  0.000e+00
      24620     53.000     9.4585     9.4532    1.64620    1.64617          1     2.3271     2.1965      24.96      0.332     0.2863     0.1772  1.000e-12  0.1504000    14.1278    14.1295     0.0018    -0.0053    10.7725    10.7745     52.513     53.607    1463.32    1463.30     3.7673     3.8354    51.5540    52.4790  0.000e+00
      24637     53.500     9.3931     9.3891    1.65117    1.65118          1     2.3108     2.1832      24.58      0.532     0.2982     0.2210  1.000e-12  0.1548000    14.1998    14.2015     0.0017    -0.0040    10.8363    10.8380     53.008     54.111    1463.16    1463.15     3.7389     3.8104    51.1120    52.0840  0.000e+00
      24654     54.000     9.3572     9.3570    1.65623    1.65659          1     2.2997     2.1732      24.14      0.679     0.3089     0.2330  1.000e-12  0.1568000    14.2612    14.2648     0.0035    -0.0002    10.8882    10.8910     53.503     54.615    1463.11    1463.11     3.7146     3.7803    50.7570    51.6550  0.000e+00
      24680     54.500     9.4073     9.3895    1.66438    1.66368          1     2.2724     2.1486      23.49      0.584     0.3094     0.2139  1.000e-12  0.1565000    14.3175    14.3180     0.0005    -0.0178    10.9262    10.9287     53.999     55.119    1463.38    1463.31     3.5938     3.6393    49.1800    49.7830  0.000e+00
      24723     55.000     9.3607     9.3533    1.67188    1.67497          1     2.1921     2.0824      22.85      0.242     0.3101     0.1880  1.000e-12  0.1689000    14.4063    14.4383     0.0320    -0.0074    11.0008    11.0265     54.494     55.622    1463.31    1463.32     3.1854     3.1848    43.5700    43.5620  0.000e+00
      24750     55.500     9.2020     9.2001    1.69597    1.69519          1     2.0847     1.9931      22.45      0.365     0.3220     0.1904  1.000e-12  0.1641000    14.6969    14.6903    -0.0066    -0.0019    11.2454    11.2405     54.989     56.126    1463.06    1463.04     2.8471     2.7826    38.8740    37.9900  0.000e+00
      24770     56.000     9.2323     9.2367    1.71176    1.71237          1     2.0108     1.9258      22.02      0.525     0.3219     0.1886  1.000e-12  0.1758000    14.8330    14.8369     0.0039     0.0045    11.3478    11.3504     55.485     56.630    1463.35    1463.37     2.6918     2.6181    36.8100    35.8060  0.000e+00
      24791     56.500     9.3129     9.3103    1.72663    1.72681          1     1.9375     1.8587      21.52      0.599     0.3152     0.2112  1.000e-12  0.2246000    14.9395    14.9423     0.0028    -0.0026    11.4213    11.4238     55.980     57.133    1463.80    1463.79     2.5428     2.4816    34.8610    34.0200  0.000e+00
      24815     57.000     9.3228     9.3232    1.73044    1.73075          1     1.8654     1.7909      20.95      0.546     0.3209     0.2297  1.000e-12  0.2591000    14.9711    14.9738     0.0027     0.0005    11.4448    11.4468     56.475     57.637    1463.89    1463.89     2.4647     2.4247    33.8050    33.2580  0.000e+00
      24845     57.500     9.3530     9.3526    1.73470    1.73454          1     1.8077     1.7317      20.38      0.430     0.3297     0.2114  1.000e-12  0.3358000    14.9985    14.9972    -0.0014    -0.0003    11.4625    11.4615     56.971     58.140    1464.05    1464.04     2.4314     2.4263    33.3780    33.3070  0.000e+00
      24878     58.000     9.3582     9.3577    1.73551    1.73556          1     1.7671     1.6894      19.87      0.357     0.3414     0.2303  1.000e-12  0.3736000    15.0039    15.0045     0.0007    -0.0006    11.4661    11.4667     57.466     58.644    1464.08    1464.08     2.4012     2.4289    32.9680    33.3480  0.000e+00
      24907     58.500     9.3578     9.3566    1.73609    1.73614          1     1.7454     1.6658      19.03      0.390     0.3290     0.2211  1.000e-12  0.4037000    15.0093    15.0103     0.0010    -0.0012    11.4704    11.4712     57.961     59.147    1464.09    1464.09     2.3860     2.4285    32.7610    33.3430  0.000e+00
      24931     59.000     9.3571     9.3562    1.73666    1.73668          1     1.7334     1.6525      18.79      0.462     0.3279     0.2377  1.000e-12  0.4097000    15.0149    15.0155     0.0006    -0.0008    11.4748    11.4753     58.457     59.651    1464.10    1464.10     2.3831     2.4352    32.7220    33.4360  0.000e+00
      24955     59.500     9.3570     9.3563    1.73711    1.73714          1     1.7273     1.6445      18.40      0.507     0.3319     0.1983  1.000e-12  0.4320000    15.0191    15.0197     0.0006    -0.0007    11.4780    11.4786     58.952     60.154    1464.12    1464.12     2.3922     2.4530    32.8470    33.6810  0.000e+00
      24980     60.000     9.3549     9.3538    1.73779    1.73783          1     1.7253     1.6407      17.91      0.495     0.3257     0.1891  1.000e-12  0.4458000    15.0262    15.0270     0.0008    -0.0011    11.4838    11.4846     59.447     60.658    1464.13    1464.12     2.4022     2.4720    32.9850    33.9420  0.000e+00
      25009     60.500     9.3456     9.3463    1.73820    1.73818          1     1.7260     1.6397      17.37      0.436     0.3344     0.2281  1.000e-12  0.4568000    15.0339    15.0333    -0.0005     0.0007    11.4909    11.4904     59.943     61.161    1464.11    1464.11     2.4191     2.4905    33.2110    34.1910  0.000e+00
      25040     61.000     9.3432     9.3425    1.73825    1.73828          1     1.7315     1.6425      16.88      0.388     0.3473     0.1807  1.000e-12  0.4615000    15.0353    15.0358     0.0005    -0.0007    11.4923    11.4928     60.438     61.665    1464.11    1464.11     2.4500     2.5269    33.6330    34.6880  0.000e+00
      25065     61.500     9.3386     9.3386    1.73847    1.73849          1     1.7387     1.6481      16.42      0.426     0.3399     0.2208  1.000e-12  0.4451000    15.0391    15.0393     0.0002    -0.0000    11.4958    11.4960     60.933     62.168    1464.10    1464.10     2.4678     2.5500    33.8750    35.0030  0.000e+00
      25086     62.000     9.3296     9.3305    1.73898    1.73899          1     1.7430     1.6519      15.93      0.521     0.3376     0.2325  1.000e-12  0.4572000    15.0476    15.0473    -0.0003     0.0009    11.5035    11.5031     61.429     62.672    1464.09    1464.09     2.4722     2.5523    33.9310    35.0310  0.000e+00
      25108     62.500     9.3235     9.3229    1.73946    1.73958          1     1.7473     1.6553      15.41      0.576     0.3379     0.2160  1.000e-12  0.4722000    15.0545    15.0560     0.0015    -0.0007    11.5096    11.5108     61.924     63.175    1464.08    1464.08     2.4879     2.5672    34.1420    35.2310  0.000e+00
      25141     63.000     9.3200     9.3209    1.73989    1.73947          1     1.7584     1.6651      14.79      0.406     0.3318     0.2185  1.000e-12  0.4727000    15.0600    15.0556    -0.0044     0.0009    11.5142    11.5107     62.419     63.679    1464.08    1464.08     2.5347     2.6257    34.7840    36.0310  0.000e+00
      25176     63.500     9.3110     9.3094    1.74046    1.74054          1     1.7733     1.6780      14.29      0.308     0.3493     0.2249  1.000e-12  0.4080000    15.0690    15.0704     0.0015    -0.0016    11.5223    11.5236     62.915     64.182    1464.06    1464.06     2.5528     2.6333    35.0260    36.1290  0.000e+00
      25198     64.000     9.3003     9.2998    1.74036    1.74043          1     1.7749     1.6799      13.87      0.451     0.3275     0.1723  1.000e-12  0.4512000    15.0724    15.0733     0.0009    -0.0006    11.5262    11.5270     63.410     64.685    1464.04    1464.04     2.5324     2.6089    34.7390    35.7870  0.000e+00
      25217     64.500     9.2948     9.2972    1.74040    1.74076          1     1.7747     1.6808      13.42      0.580     0.3373     0.2577  1.000e-12  0.4567000    15.0750    15.0774     0.0024     0.0024    11.5289    11.5305     63.905     65.189    1464.03    1464.04     2.5263     2.5981    34.6510    35.6380  0.000e+00
      25241     65.000     9.3029     9.3019    1.74115    1.74119          1     1.7731     1.6789      12.86      0.571     0.3389     0.2434  1.000e-12  0.4531000    15.0786    15.0793     0.0007    -0.0009    11.5308    11.5314     64.400     65.692    1464.07    1464.07     2.5114     2.5736    34.4540    35.3060  0.000e+00
      25285     65.500     9.3032     9.3045    1.74116    1.74112          1     1.7663     1.6731      12.17      0.272     0.3390     0.2261  1.000e-12  0.4517000    15.0784    15.0775    -0.0009     0.0013    11.5305    11.5297     64.896     66.196    1464.08    1464.08     2.5000     2.5656    34.2970    35.1980  0.000e+00
      25319     66.000     9.3104     9.3098    1.74199    1.74216          1     1.7675     1.6742      11.76      0.307     0.3348     0.2090  1.000e-12  0.4681000    15.0831    15.0850     0.0018    -0.0006    11.5334    11.5349     65.391     66.699    1464.12    1464.12     2.5239     2.6018    34.6320    35.7020  0.000e+00
      25341     66.500     9.3054     9.3056    1.74197    1.74205          1     1.7702     1.6768      11.33      0.480     0.3378     0.1789  1.000e-12  0.4232000    15.0849    15.0856     0.0007     0.0001    11.5354    11.5359     65.886     67.203    1464.11    1464.11     2.5312     2.6079    34.7290    35.7810  0.000e+00
      25363     67.000     9.3019     9.3010    1.74182    1.74186          1     1.7726     1.6784      10.82      0.558     0.3396     0.1784  1.000e-12  0.4521000    15.0848    15.0856     0.0007    -0.0009    11.5357    11.5364     66.382     67.706    1464.11    1464.10     2.5347     2.6052    34.7740    35.7400  0.000e+00
      25402     67.500     9.2988     9.2992    1.74167    1.74174          1     1.7755     1.6806      10.11      0.349     0.3436     0.2108  1.000e-12  0.4605000    15.0846    15.0851     0.0005     0.0004    11.5359    11.5362     66.877     68.210    1464.10    1464.10     2.5444     2.6174    34.9050    35.9060  0.000e+00
      25446     68.000     9.2984     9.2986    1.74171    1.74182          1     1.7842     1.6877       9.49      0.232     0.3479     0.2378  1.000e-12  0.4190000    15.0851    15.0860     0.0009     0.0003    11.5363    11.5370     67.372     68.713    1464.11    1464.11     2.5912     2.6691    35.5460    36.6150  0.000e+00
      25468     68.500     9.2965     9.2956    1.74169    1.74176          1     1.7923     1.6938       9.32      0.427     0.3378     0.2221  1.000e-12  0.4273000    15.0856    15.0866     0.0010    -0.0009    11.5369    11.5378     67.868     69.217    1464.11    1464.11     2.6062     2.6807    35.7500    36.7710  0.000e+00
      25488     69.000     9.2890     9.2879    1.74151    1.74156          1     1.7971     1.6979       8.84      0.568     0.3387     0.1962  1.000e-12  0.4522000    15.0869    15.0879     0.0010    -0.0011    11.5388    11.5397     68.363     69.720    1464.09    1464.09     2.6084     2.6803    35.7750    36.7610  0.000e+00
      25517     69.500     9.2841     9.2845    1.74144    1.74153          1     1.8012     1.7016       8.24      0.486     0.3349     0.1680  1.000e-12  0.4717000    15.0881    15.0889     0.0007     0.0004    11.5404    11.5409     68.858     70.224    1464.08    1464.09     2.6065     2.6771    35.7450    36.7150  0.000e+00
      25562     70.000     9.2824     9.2832    1.74152    1.74165          1     1.8039     1.7054       7.65      0.245     0.3333     0.2275  1.000e-12  0.4326000    15.0896    15.0904     0.0008     0.0008    11.5417    11.5423     69.354     70.727    1464.08    1464.09     2.6103     2.6856    35.7960    36.8290  0.000e+00
      25593     70.500     9.2820     9.2820    1.74231    1.74237          1     1.8074     1.7093       7.21      0.348     0.3261     0.2144  1.000e-12  0.4375000    15.0971    15.0976     0.0006    -0.0000    11.5476    11.5480     69.849     71.230    1464.10    1464.10     2.6298     2.7112    36.0650    37.1810  0.000e+00
      25620     71.000     9.2745     9.2731    1.74308    1.74331          1     1.8143     1.7160       6.72      0.437     0.3481     0.1987  1.000e-12  0.4316000    15.1073    15.1101     0.0028    -0.0015    11.5565    11.5588     70.344     71.734    1464.09    1464.09     2.6702     2.7557    36.6150    37.7870  0.000e+00
      25648     71.500     9.2690     9.2680    1.74397    1.74416          1     1.8272     1.7252       6.23      0.434     0.3390     0.2256  1.000e-12  0.4624000    15.1180    15.1202     0.0022    -0.0010    11.5654    11.5672     70.839     72.237    1464.09    1464.09     2.7069     2.7757    37.1160    38.0590  0.000e+00
      25683     72.000     9.2495     9.2488    1.74832    1.74818          1     1.8378     1.7334       5.74      0.369     0.3417     0.1874  1.000e-12  0.5021000    15.1672    15.1661    -0.0011    -0.0007    11.6060    11.6052     71.335     72.741    1464.08    1464.08     2.7061     2.7792    37.1010    38.1020  0.000e+00
      25726     72.500     9.2350     9.2377    1.75273    1.75195          1     1.8398     1.7374       5.20      0.263     0.3354     0.1702  1.000e-12  0.5978000    15.2148    15.2063    -0.0084     0.0027    11.6447    11.6378     71.830     73.244    1464.09    1464.09     2.6798     2.7468    36.7390    37.6580  0.000e+00
      25759     73.000     9.2300     9.2299    1.75504    1.75511          1     1.8341     1.7337       4.81      0.342     0.3356     0.2316  1.000e-12  0.6611000    15.2386    15.2393     0.0007    -0.0002    11.6639    11.6644     72.325     73.748    1464.11    1464.11     2.6564     2.7187    36.4200    37.2730  0.000e+00
      25788     73.500     9.2269     9.2262    1.75636    1.75662          1     1.8303     1.7299       7.57      0.409     0.3255     0.1985  1.000e-12  0.7070000    15.2523    15.2551     0.0028    -0.0007    11.6749    11.6771     72.821     74.251    1464.12    1464.13     2.6627     2.7161    36.5070    37.2380  0.000e+00
