ctdpy/tests/etc/exprapp_feb_2020/SBE09_1387_20200209_0419_77_10_0131.cnv
* Sea-Bird SBE 9 Data File:
* FileName = L:\2020\sv20d0131.hex
* Software Version Seasave V 7.26.7.121
* Temperature SN = 6378
* Conductivity SN = 4824
* Number of Bytes Per Scan = 41
* Number of Voltage Words = 4
* Number of Scans Averaged by the Deck Unit = 1
* NMEA Latitude = 55 13.06 N
* NMEA Longitude = 017 04.06 E
* NMEA UTC (Time) = Feb 09 2020  04:19:08
* NMEA baud rate = 4800
** Station:  BY7 Stolpe ränna
** Operator:  SSip
** Ship: SVEA
** Average sound velocity: 1447.23 m/s
** True-depth calculation Sun, 09 Feb 2020 05:23:49 +0000
** CTD Python Module SMHI /ver 3-12/ feb 2012 
** LIMS Job: 20207710-0131
** Cruise: SMHI-03-2020
** Latitude [GG MM.mm N] :
** Longitude [GGG MM.mm E]:
# nquan = 30
# nvalues = 173                         
# units = specified
# name 0 = scan: Scan Count
# name 1 = prDM: Pressure, Digiquartz [db]
# name 2 = t090C: Temperature [ITS-90, deg C]
# name 3 = t190C: Temperature, 2 [ITS-90, deg C]
# name 4 = c0S/m: Conductivity [S/m]
# name 5 = c1S/m: Conductivity, 2 [S/m]
# name 6 = pumps: Pump Status
# name 7 = sbeox0V: Oxygen raw, SBE 43 [V]
# name 8 = sbeox1V: Oxygen raw, SBE 43, 2 [V]
# name 9 = altM: Altimeter [m]
# name 10 = dz/dtM: Descent Rate [m/s]
# name 11 = flECO-AFL: Chl-a Fluorescence, WET Labs ECO-AFL/FL [mg/m^3]
# name 12 = flECO-AFL1: Phycocyanin Fluorescence, WET Labs ECO-AFL/FL, 2 [mg/m^3]
# name 13 = par: PAR/Irradiance, Biospherical/Lico [µE/(cm^2*s)]
# name 14 = turbWETntu0: Turbidity, WET Labs ECO [NTU]
# name 15 = sal00: Salinity, Practical [PSU]
# name 16 = sal11: Salinity, Practical, 2 [PSU]
# name 17 = secS-priS: Salinity, Practical, Difference, 2 - 1 [PSU]
# name 18 = T2-T190C: Temperature Difference, 2 - 1 [ITS-90, deg C]
# name 19 = sigma-t00: Density [sigma-t, kg/m^3 ]
# name 20 = sigma-t11: Density, 2 [sigma-t, kg/m^3 ]
# name 21 = depSM: Depth [salt water, m], lat = 55.2177
# name 22 = depFM: Depth [true depth, m], lat = 55.2177
# name 23 = svCM: Sound Velocity [Chen-Millero, m/s]
# name 24 = svCM1: Sound Velocity, 2 [Chen-Millero, m/s]
# name 25 = sbeox0ML/L: Oxygen, SBE 43 [ml/l], WS = 2
# name 26 = sbeox1ML/L: Oxygen, SBE 43, 2 [ml/l], WS = 2
# name 27 = sbeox0PS: Oxygen, SBE 43 [% saturation], WS = 2
# name 28 = sbeox1PS: Oxygen, SBE 43, 2 [% saturation], WS = 2
# name 29 = flag: flag
# span 0 =      21105,      27250       
# span 1 =      1.500,     88.000       
# span 2 =     5.4332,     9.6448       
# span 3 =     5.4331,     9.6453       
# span 4 =   0.821819,   1.747685       
# span 5 =   0.821919,   1.747852       
# span 6 =          1,          1       
# span 7 =     1.3503,     3.5720       
# span 8 =     1.2957,     3.3320       
# span 9 =       0.85,      88.94       
# span 10 =     -0.163,      0.584      
# span 11 =     0.3322,     0.5487      
# span 12 =     0.1483,     0.3212      
# span 13 = 1.0000e-12, 1.5499e+00      
# span 14 =     0.1152,     0.5915      
# span 15 =     7.4934,    14.9921      
# span 16 =     7.4943,    14.9935      
# span 17 =    -0.0271,     0.0721      
# span 18 =    -0.0468,     0.0330      
# span 19 =     5.9061,    11.4226      
# span 20 =     5.9068,    11.4236      
# span 21 =      1.486,     87.187      
# span 22 =      1.519,     88.949      
# span 23 =    1437.74,    1466.17      
# span 24 =    1437.74,    1465.96      
# span 25 =     1.4762,     7.9187      
# span 26 =     1.5077,     8.0599      
# span 27 =     20.044,     94.197      
# span 28 =     20.473,     95.877      
# span 29 = 0.0000e+00, 0.0000e+00      
# interval = decibars: 0.5              
# start_time = Feb 09 2020 04:19:08 [NMEA time, first data scan]
# bad_flag = -9.990e-29
*END*
[from data line 49]
      23228     26.000     5.4348     5.4346    0.82357    0.82372          1     3.5620     3.3236      64.48      0.426     0.5237     0.2590  1.000e-12  0.1658000     7.5087     7.5102     0.0015    -0.0002     5.9181     5.9193     25.764     26.326    1438.15    1438.15     7.9137     8.0526    94.1340    95.7870  0.000e+00
      23256     26.500     5.4349     5.4347    0.82358    0.82363          1     3.5619     3.3237      64.00      0.421     0.5251     0.3092  1.000e-12  0.1480000     7.5087     7.5093     0.0005    -0.0002     5.9181     5.9186     26.259     26.833    1438.16    1438.16     7.9121     8.0510    94.1150    95.7670  0.000e+00
      23280     27.000     5.4349     5.4347    0.82356    0.82375          1     3.5618     3.3235      63.52      0.475     0.5115     0.2441  1.000e-12  0.1399000     7.5085     7.5104     0.0019    -0.0002     5.9179     5.9195     26.754     27.339    1438.16    1438.16     7.9101     8.0387    94.0910    95.6220  0.000e+00
      23306     27.500     5.4347     5.4345    0.82396    0.82407          1     3.5610     3.3216      62.96      0.477     0.5116     0.2740  1.000e-12  0.1345000     7.5123     7.5135     0.0011    -0.0002     5.9210     5.9219     27.250     27.845    1438.18    1438.18     7.9089     8.0341    94.0790    95.5680  0.000e+00
      23337     28.000     5.4347     5.4346    0.82399    0.82405          1     3.5609     3.3214      62.39      0.406     0.5110     0.2957  1.000e-12  0.1411000     7.5126     7.5132     0.0006    -0.0001     5.9212     5.9217     27.745     28.351    1438.18    1438.18     7.9102     8.0452    94.0940    95.7010  0.000e+00
      23368     28.500     5.4347     5.4345    0.82408    0.82421          1     3.5607     3.3212      62.01      0.382     0.5079     0.2777  1.000e-12  0.1402000     7.5134     7.5147     0.0013    -0.0003     5.9218     5.9229     28.241     28.858    1438.19    1438.19     7.9126     8.0439    94.1230    95.6850  0.000e+00
      23394     29.000     5.4349     5.4346    0.82389    0.82396          1     3.5609     3.3212      61.54      0.433     0.5093     0.2479  1.000e-12  0.1333000     7.5114     7.5122     0.0007    -0.0003     5.9202     5.9209     28.736     29.364    1438.20    1438.20     7.9130     8.0453    94.1270    95.7010  0.000e+00
      23421     29.500     5.4347     5.4345    0.82416    0.82420          1     3.5610     3.3212      60.97      0.452     0.5178     0.2360  1.000e-12  0.1370000     7.5141     7.5145     0.0005    -0.0002     5.9224     5.9227     29.231     29.870    1438.21    1438.21     7.9137     8.0456    94.1370    95.7050  0.000e+00
      23449     30.000     5.4348     5.4345    0.82414    0.82423          1     3.5611     3.3211      60.45      0.433     0.5132     0.2515  1.000e-12  0.1436000     7.5138     7.5147     0.0009    -0.0003     5.9221     5.9229     29.727     30.377    1438.22    1438.22     7.9158     8.0470    94.1620    95.7220  0.000e+00
      23474     30.500     5.4348     5.4346    0.82417    0.82424          1     3.5615     3.3212      60.00      0.450     0.5202     0.2604  1.000e-12  0.1407000     7.5140     7.5148     0.0007    -0.0002     5.9223     5.9229     30.222     30.883    1438.23    1438.23     7.9187     8.0471    94.1960    95.7230  0.000e+00
      23498     31.000     5.4346     5.4341    0.82420    0.82428          1     3.5619     3.3211      59.46      0.493     0.5331     0.2724  1.000e-12  0.1396000     7.5143     7.5152     0.0009    -0.0004     5.9225     5.9233     30.718     31.389    1438.23    1438.23     7.9187     8.0458    94.1970    95.7070  0.000e+00
      23524     31.500     5.4339     5.4337    0.82426    0.82431          1     3.5619     3.3210      58.90      0.489     0.5389     0.2739  1.000e-12  0.1484000     7.5150     7.5155     0.0006    -0.0002     5.9231     5.9236     31.213     31.895    1438.24    1438.24     7.9178     8.0479    94.1840    95.7320  0.000e+00
      23552     32.000     5.4343     5.4339    0.82444    0.82442          1     3.5619     3.3212      58.35      0.444     0.5274     0.2493  1.000e-12  0.1569000     7.5165     7.5165     0.0000    -0.0005     5.9243     5.9243     31.708     32.402    1438.25    1438.25     7.9169     8.0500    94.1760    95.7580  0.000e+00
      23579     32.500     5.4344     5.4340    0.82443    0.82445          1     3.5612     3.3213      57.69      0.432     0.5346     0.2556  1.000e-12  0.1411000     7.5164     7.5167     0.0003    -0.0004     5.9242     5.9245     32.204     32.908    1438.26    1438.26     7.9134     8.0531    94.1340    95.7950  0.000e+00
      23604     33.000     5.4344     5.4342    0.82447    0.82453          1     3.5610     3.3220      57.31      0.463     0.5368     0.3020  1.000e-12  0.1626000     7.5167     7.5174     0.0007    -0.0002     5.9244     5.9250     32.699     33.414    1438.27    1438.27     7.9166     8.0599    94.1720    95.8770  0.000e+00
      23630     33.500     5.4350     5.4347    0.82464    0.82476          1     3.5613     3.3227      56.87      0.472     0.5347     0.2853  1.000e-12  0.1462000     7.5182     7.5194     0.0012    -0.0003     5.9256     5.9266     33.195     33.920    1438.28    1438.28     7.9181     8.0586    94.1920    95.8640  0.000e+00
      23660     34.000     5.4352     5.4351    0.82475    0.82484          1     3.5608     3.3226      56.35      0.419     0.5487     0.2843  1.000e-12  0.1471000     7.5192     7.5201     0.0009    -0.0001     5.9264     5.9271     33.690     34.427    1438.29    1438.29     7.9167     8.0524    94.1770    95.7920  0.000e+00
      23688     34.500     5.4354     5.4353    0.82478    0.82486          1     3.5611     3.3225      55.78      0.412     0.5396     0.2668  1.000e-12  0.1495000     7.5194     7.5202     0.0008    -0.0001     5.9265     5.9272     34.185     34.933    1438.30    1438.30     7.9172     8.0548    94.1840    95.8210  0.000e+00
      23713     35.000     5.4364     5.4343    0.82486    0.82478          1     3.5607     3.3225      55.16      0.459     0.5266     0.2749  1.000e-12  0.1433000     7.5199     7.5195    -0.0004    -0.0020     5.9269     5.9267     34.681     35.439    1438.31    1438.30     7.9129     8.0555    94.1350    95.8260  0.000e+00
      23738     35.500     5.4353     5.4340    0.82477    0.82476          1     3.5597     3.3224      54.74      0.479     0.5312     0.2708  1.000e-12  0.1417000     7.5191     7.5193     0.0002    -0.0013     5.9263     5.9265     35.176     35.946    1438.31    1438.31     7.9108     8.0483    94.1070    95.7400  0.000e+00
      23766     36.000     5.4440     5.4430    0.82553    0.82555          1     3.5589     3.3208      54.28      0.449     0.5250     0.2777  1.000e-12  0.1484000     7.5245     7.5249     0.0004    -0.0010     5.9302     5.9306     35.672     36.452    1438.37    1438.36     7.9071     8.0338    94.0870    95.5920  0.000e+00
      23794     36.500     5.4524     5.4536    0.82633    0.82651          1     3.5583     3.3192      53.78      0.425     0.5240     0.2447  1.000e-12  0.1481000     7.5304     7.5320     0.0016     0.0011     5.9345     5.9356     36.167     36.958    1438.42    1438.43     7.9047     8.0271    94.0820    95.5420  0.000e+00
      23817     37.000     5.4573     5.4575    0.82674    0.82687          1     3.5577     3.3179      53.26      0.469     0.5221     0.2719  1.000e-12  0.1489000     7.5333     7.5346     0.0013     0.0001     5.9365     5.9375     36.663     37.464    1438.45    1438.45     7.9018     8.0245    94.0600    95.5230  0.000e+00
      23840     37.500     5.4612     5.4601    0.82708    0.82710          1     3.5570     3.3172      52.73      0.519     0.5288     0.2999  1.000e-12  0.1485000     7.5357     7.5362     0.0005    -0.0011     5.9382     5.9386     37.158     37.971    1438.48    1438.47     7.8958     8.0315    94.0000    95.6130  0.000e+00
      23865     38.000     5.4649     5.4660    0.82742    0.82762          1     3.5555     3.3169      52.22      0.504     0.5426     0.2937  1.000e-12  0.1455000     7.5382     7.5398     0.0017     0.0012     5.9400     5.9412     37.653     38.477    1438.51    1438.51     7.8914     8.0305    93.9570    95.6180  0.000e+00
      23894     38.500     5.4696     5.4700    0.82788    0.82803          1     3.5544     3.3169      51.67      0.436     0.5414     0.2545  1.000e-12  0.1453000     7.5415     7.5429     0.0014     0.0004     5.9424     5.9435     38.149     38.983    1438.54    1438.54     7.8895     8.0316    93.9490    95.6430  0.000e+00
      23920     39.000     5.4731     5.4728    0.82823    0.82829          1     3.5535     3.3164      51.17      0.436     0.5283     0.2682  1.000e-12  0.1457000     7.5441     7.5448     0.0007    -0.0003     5.9443     5.9448     38.644     39.489    1438.57    1438.56     7.8876     8.0261    93.9350    95.5850  0.000e+00
      23945     39.500     5.4732     5.4728    0.82824    0.82830          1     3.5532     3.3158      50.68      0.474     0.5232     0.2733  1.000e-12  0.1369000     7.5441     7.5448     0.0007    -0.0004     5.9443     5.9448     39.139     39.996    1438.57    1438.57     7.8916     8.0209    93.9830    95.5230  0.000e+00
      23972     40.000     5.4737     5.4735    0.82829    0.82837          1     3.5532     3.3152      50.16      0.468     0.5254     0.2494  1.000e-12  0.1607000     7.5444     7.5452     0.0008    -0.0002     5.9445     5.9452     39.635     40.502    1438.59    1438.58     7.8910     8.0255    93.9780    95.5800  0.000e+00
      24001     40.500     5.4737     5.4737    0.82829    0.82838          1     3.5525     3.3151      49.66      0.420     0.5107     0.2241  1.000e-12  0.1575000     7.5444     7.5452     0.0008    -0.0000     5.9445     5.9452     40.130     41.008    1438.59    1438.59     7.8844     8.0224    93.8990    95.5430  0.000e+00
      24029     41.000     5.4778     5.4781    0.82871    0.82883          1     3.5511     3.3138      49.15      0.410     0.5211     0.2705  1.000e-12  0.1400000     7.5475     7.5486     0.0011     0.0003     5.9468     5.9476     40.626     41.514    1438.62    1438.62     7.8776     8.0118    93.8300    95.4300  0.000e+00
      24055     41.500     5.4908     5.4896    0.83016    0.83015          1     3.5495     3.3125      48.67      0.446     0.5109     0.3212  1.000e-12  0.1478000     7.5587     7.5588     0.0001    -0.0013     5.9550     5.9552     41.121     42.021    1438.70    1438.69     7.8720     8.0045    93.8010    95.3770  0.000e+00
      24081     42.000     5.4975     5.4952    0.83096    0.83082          1     3.5489     3.3116      48.15      0.472     0.5070     0.2902  1.000e-12  0.1550000     7.5650     7.5641    -0.0009    -0.0023     5.9596     5.9591     41.616     42.527    1438.75    1438.73     7.8684     8.0063    93.7770    95.4160  0.000e+00
      24107     42.500     5.5025     5.5020    0.83135    0.83137          1     3.5471     3.3109      47.58      0.464     0.4922     0.2458  1.000e-12  0.1485000     7.5675     7.5679     0.0004    -0.0005     5.9614     5.9617     42.112     43.033    1438.78    1438.78     7.8595     7.9959    93.6850    95.3100  0.000e+00
      24134     43.000     5.5064     5.5063    0.83166    0.83177          1     3.5450     3.3088      47.15      0.448     0.4948     0.2392  1.000e-12  0.1561000     7.5697     7.5708     0.0011    -0.0001     5.9629     5.9638     42.607     43.539    1438.81    1438.81     7.8493     7.9771    93.5740    95.0980  0.000e+00
      24156     43.500     5.5153     5.5145    0.83237    0.83241          1     3.5427     3.3062      46.79      0.488     0.4775     0.2588  1.000e-12  0.1591000     7.5745     7.5751     0.0006    -0.0008     5.9663     5.9668     43.102     44.046    1438.86    1438.86     7.8389     7.9652    93.4740    94.9790  0.000e+00
      24178     44.000     5.5220     5.5228    0.83287    0.83303          1     3.5404     3.3041      30.88      0.548     0.4738     0.2739  1.000e-12  0.1902000     7.5778     7.5792     0.0014     0.0008     5.9686     5.9697     43.598     44.552    1438.90    1438.90     7.8358     7.9647    93.4550    94.9950  0.000e+00
      24204     44.500     5.5375     5.5375    0.83394    0.83401          1     3.5389     3.3024      34.25      0.500     0.4729     0.2575  1.000e-12  0.1444000     7.5847     7.5854     0.0007     0.0001     5.9733     5.9739     44.093     45.058    1438.98    1438.98     7.8271     7.9522    93.3920    94.8850  0.000e+00
      24234     45.000     5.5390     5.5379    0.83407    0.83408          1     3.5342     3.2981      19.63      0.405     0.4597     0.2498  1.000e-12  0.1533000     7.5856     7.5859     0.0003    -0.0010     5.9740     5.9743     44.589     45.564    1439.00    1438.99     7.7909     7.9143    92.9630    94.4340  0.000e+00
      24260     45.500     5.5470     5.5476    0.83467    0.83484          1     3.5269     3.2923      32.12      0.435     0.4472     0.2438  1.000e-12  0.1639000     7.5896     7.5912     0.0015     0.0006     5.9768     5.9779     45.084     46.071    1439.05    1439.05     7.7647     7.8871    92.6720    94.1360  0.000e+00
      24283     46.000     5.5771     5.5774    0.83679    0.83692          1     3.5213     3.2877      43.83      0.496     0.4399     0.2735  1.000e-12  0.1478000     7.6035     7.6047     0.0012     0.0002     5.9862     5.9872     45.579     46.577    1439.20    1439.20     7.7519     7.8794    92.5970    94.1220  0.000e+00
      24310     46.500     5.5881     5.5872    0.83780    0.83779          1     3.5170     3.2839      43.54      0.479     0.4293     0.2774  1.000e-12  0.1513000     7.6107     7.6108     0.0001    -0.0009     5.9915     5.9916     46.075     47.083    1439.27    1439.26     7.7455     7.8750    92.5510    94.0970  0.000e+00
      24343     47.000     5.5925     5.5920    0.83848    0.83864          1     3.5109     3.2788      42.93      0.380     0.4330     0.2434  1.000e-12  0.1518000     7.6163     7.6181     0.0017    -0.0005     5.9957     5.9971     46.570     47.589    1439.30    1439.30     7.7159     7.8390    92.2110    93.6830  0.000e+00
      24372     47.500     5.6041     5.6043    0.84095    0.84117          1     3.5031     3.2713      42.23      0.381     0.4292     0.2591  1.000e-12  0.1577000     7.6378     7.6399     0.0021     0.0002     6.0120     6.0137     47.066     48.096    1439.39    1439.39     7.6837     7.7949    91.8670    93.1970  0.000e+00
      24395     48.000     5.6250     5.6241    0.84405    0.84406          1     3.4966     3.2649      41.49      0.474     0.4289     0.2353  1.000e-12  0.1521000     7.6633     7.6635     0.0002    -0.0008     6.0311     6.0313     47.561     48.602    1439.52    1439.51     7.6645     7.7812    91.7000    93.0950  0.000e+00
      24417     48.500     5.6369     5.6369    0.84586    0.84601          1     3.4918     3.2607      40.95      0.541     0.4185     0.2762  1.000e-12  0.1512000     7.6781     7.6796     0.0015     0.0000     6.0422     6.0434     48.056     49.108    1439.60    1439.60     7.6539     7.7806    91.6100    93.1280  0.000e+00
      24443     49.000     5.6438     5.6418    0.84706    0.84686          1     3.4849     3.2553      40.39      0.503     0.4251     0.2363  1.000e-12  0.1605000     7.6882     7.6867    -0.0016    -0.0020     6.0499     6.0488     48.552     49.614    1439.65    1439.64     7.6022     7.7224    91.0130    92.4460  0.000e+00
