ctdpy/tests/etc/exprapp_feb_2020/SBE09_1387_20200210_1944_77_10_0138.cnv
* Sea-Bird SBE 9 Data File:
* FileName = L:\2020\sv20d0138.hex
* Software Version Seasave V 7.26.7.121
* Temperature SN = 6378
* Conductivity SN = 4824
* Number of Bytes Per Scan = 41
* Number of Voltage Words = 4
* Number of Scans Averaged by the Deck Unit = 1
* NMEA Latitude = 58 00.08 N
* NMEA Longitude = 019 52.81 E
* NMEA UTC (Time) = Feb 10 2020  19:44:12
* NMEA baud rate = 4800
** Station:  BY20
** Operator:  DBSj
** Ship: SVEA
** Average sound velocity: 1446.06 m/s
** True-depth calculation Mon, 10 Feb 2020 21:21:29 +0000
** CTD Python Module SMHI /ver 3-12/ feb 2012 
** LIMS Job: 20207710-0138
** Cruise: SMHI-03-2020
** Latitude [GG MM.mm N] :
** Longitude [GGG MM.mm E]:
# nquan = 30
# nvalues = 381                         
# units = specified
# name 0 = scan: Scan Count
# name 1 = prDM: Pressure, Digiquartz [db]
# name 2 = t090C: Temperature [ITS-90, deg C]
# name 3 = t190C: Temperature, 2 [ITS-90, deg C]
# name 4 = c0S/m: Conductivity [S/m]
# name 5 = c1S/m: Conductivity, 2 [S/m]
# name 6 = pumps: Pump Status
# name 7 = sbeox0V: Oxygen raw, SBE 43 [V]
# name 8 = sbeox1V: Oxygen raw, SBE 43, 2 [V]
# name 9 = altM: Altimeter [m]
# name 10 = dz/dtM: Descent Rate [m/s]
# name 11 = flECO-AFL: Chl-a Fluorescence, WET Labs ECO-AFL/FL [mg/m^3]
# name 12 = flECO-AFL1: Phycocyanin Fluorescence, WET Labs ECO-AFL/FL, 2 [mg/m^3]
# name 13 = par: PAR/Irradiance, Biospherical/Lico [µE/(cm^2*s)]
# name 14 = turbWETntu0: Turbidity, WET Labs ECO [NTU]
# name 15 = sal00: Salinity, Practical [PSU]
# name 16 = sal11: Salinity, Practical, 2 [PSU]
# name 17 = secS-priS: Salinity, Practical, Difference, 2 - 1 [PSU]
# name 18 = T2-T190C: Temperature Difference, 2 - 1 [ITS-90, deg C]
# name 19 = sigma-t00: Density [sigma-t, kg/m^3 ]
# name 20 = sigma-t11: Density, 2 [sigma-t, kg/m^3 ]
# name 21 = depSM: Depth [salt water, m], lat = 58.0013
# name 22 = depFM: Depth [true depth, m], lat = 58.0013
# name 23 = svCM: Sound Velocity [Chen-Millero, m/s]
# name 24 = svCM1: Sound Velocity, 2 [Chen-Millero, m/s]
# name 25 = sbeox0ML/L: Oxygen, SBE 43 [ml/l], WS = 2
# name 26 = sbeox1ML/L: Oxygen, SBE 43, 2 [ml/l], WS = 2
# name 27 = sbeox0PS: Oxygen, SBE 43 [% saturation], WS = 2
# name 28 = sbeox1PS: Oxygen, SBE 43, 2 [% saturation], WS = 2
# name 29 = flag: flag
# span 0 =      27416,      41077       
# span 1 =      2.000,    192.000       
# span 2 =     5.1419,     7.1843       
# span 3 =     5.1414,     7.1841       
# span 4 =   0.800968,   1.389384       
# span 5 =   0.801037,   1.389498       
# span 6 =          1,          1       
# span 7 =     0.7401,     3.5291       
# span 8 =     0.7226,     3.2911       
# span 9 =       2.36,     101.88       
# span 10 =     -0.301,      1.625      
# span 11 =     0.3383,     0.4552      
# span 12 =     0.1455,     0.3022      
# span 13 = -3.014e-04, 1.0029e+00      
# span 14 =     0.0966,     1.8249      
# span 15 =     7.3542,    12.5078      
# span 16 =     7.3549,    12.5090      
# span 17 =    -0.3886,     0.1639      
# span 18 =    -0.0754,     0.0592      
# span 19 =     5.8086,     9.7372      
# span 20 =     5.8092,     9.7382      
# span 21 =      1.981,    190.132      
# span 22 =      2.025,    194.008      
# span 23 =    1436.30,    1454.49      
# span 24 =    1436.30,    1454.49      
# span 25 =     0.0397,     7.8782      
# span 26 =     0.0642,     8.0040      
# span 27 =      0.510,     92.933      
# span 28 =      0.824,     94.412      
# span 29 = 0.0000e+00, 0.0000e+00      
# interval = decibars: 0.5              
# start_time = Feb 10 2020 19:44:12 [NMEA time, first data scan]
# bad_flag = -9.990e-29
*END*
[from data line 242]
      34233    123.000     6.9673     6.9585    1.31716    1.31495          1     0.7474     0.7346      72.93      0.358     0.3953     0.2178  1.000e-12  0.4840000    11.8925    11.8738    -0.0187    -0.0088     9.2724     9.2585    121.824    124.398    1451.72    1451.66     0.0564     0.0910     0.7170     1.1570  0.000e+00
      34249    123.500     6.9699     6.9678    1.32034    1.31967          1     0.7473     0.7341      72.47      0.575     0.3922     0.2057  1.000e-12  0.6184000    11.9225    11.9166    -0.0059    -0.0021     9.2958     9.2914    122.319    124.903    1451.77    1451.76     0.0581     0.0929     0.7390     1.1810  0.000e+00
      34266    124.000     6.9872     6.9874    1.32266    1.32283          1     0.7472     0.7340      71.91      0.715     0.3827     0.2226  1.000e-12  0.9910000    11.9391    11.9407     0.0017     0.0002     9.3074     9.3087    122.814    125.407    1451.87    1451.88     0.0567     0.0960     0.7210     1.2220  0.000e+00
      34313    124.500     6.9851     6.9844    1.32227    1.32195          1     0.7466     0.7333      85.72      0.333     0.3816     0.2256  1.000e-12  0.3028000    11.9359    11.9331    -0.0028    -0.0007     9.3051     9.3030    123.309    125.912    1451.87    1451.86     0.0553     0.0924     0.7040     1.1760  0.000e+00
      34354    125.000     6.9926     6.9784    1.32399    1.32110          1     0.7464     0.7328      71.49      0.244     0.3811     0.2373  1.000e-12  0.1937000    11.9501    11.9267    -0.0233    -0.0142     9.3156     9.2984    123.804    126.416    1451.93    1451.84     0.0560     0.0928     0.7130     1.1800  0.000e+00
      34370    125.500     7.0028     7.0010    1.32668    1.32654          1     0.7464     0.7328      70.41      0.506     0.3809     0.2179  1.000e-12  0.1974000    11.9727    11.9719    -0.0008    -0.0018     9.3326     9.3321    124.299    126.921    1452.00    1452.00     0.0557     0.0932     0.7100     1.1870  0.000e+00
      34386    126.000     7.0058     7.0055    1.32757    1.32770          1     0.7463     0.7328      69.85      0.693     0.3706     0.2042  1.000e-12  0.2815000    11.9803    11.9817     0.0014    -0.0003     9.3383     9.3394    124.794    127.425    1452.03    1452.03     0.0553     0.0937     0.7040     1.1930  0.000e+00
      34407    126.500     7.0084     7.0081    1.32868    1.32882          1     0.7462     0.7328      69.33      0.696     0.3863     0.2470  1.000e-12  0.3466000    11.9901    11.9916     0.0015    -0.0004     9.3458     9.3470    125.289    127.930    1452.06    1452.06     0.0554     0.0933     0.7060     1.1880  0.000e+00
      34464    127.000     7.0040     6.9987    1.32756    1.32622          1     0.7460     0.7325      68.68      0.145     0.3974     0.1663  1.000e-12  0.6879000    11.9806    11.9693    -0.0113    -0.0053     9.3387     9.3302    125.784    128.435    1452.04    1452.00     0.0554     0.0899     0.7060     1.1440  0.000e+00
      34486    127.500     7.0112     7.0087    1.32976    1.32931          1     0.7461     0.7323      68.39      0.355     0.3963     0.2570  1.000e-12  0.7405000    11.9995    11.9960    -0.0035    -0.0025     9.3529     9.3503    126.279    128.939    1452.10    1452.09     0.0552     0.0938     0.7030     1.1940  0.000e+00
      34501    128.000     7.0142     7.0138    1.33070    1.33082          1     0.7460     0.7326      67.97      0.589     0.3976     0.2431  1.000e-12  0.7804000    12.0076    12.0089     0.0013    -0.0004     9.3590     9.3601    126.775    129.444    1452.13    1452.13     0.0539     0.0932     0.6870     1.1880  0.000e+00
      34517    128.500     7.0155     7.0150    1.33106    1.33115          1     0.7459     0.7325      67.35      0.752     0.3953     0.2332  1.000e-12  0.8341000    12.0105    12.0116     0.0011    -0.0005     9.3612     9.3621    127.270    129.948    1452.15    1452.15     0.0545     0.0898     0.6950     1.1440  0.000e+00
      34543    129.000     7.0162     7.0154    1.33138    1.33135          1     0.7459     0.7321      66.68      0.654     0.3830     0.2169  1.000e-12  0.7901000    12.0133    12.0133     0.0000    -0.0008     9.3633     9.3634    127.765    130.453    1452.17    1452.16     0.0552     0.0912     0.7030     1.1620  0.000e+00
      34616    129.500     7.0138     7.0128    1.33071    1.33059          1     0.7458     0.7318      65.89      0.104     0.3933     0.1476  1.000e-12  0.7073000    12.0075    12.0067    -0.0008    -0.0010     9.3590     9.3584    128.260    130.957    1452.15    1452.15     0.0550     0.0907     0.7010     1.1550  0.000e+00
      34636    130.000     7.0200     7.0166    1.33217    1.33159          1     0.7458     0.7316      65.53      0.400     0.4064     0.1812  1.000e-12  0.7573000    12.0195    12.0150    -0.0044    -0.0034     9.3679     9.3647    128.755    131.462    1452.20    1452.18     0.0530     0.0888     0.6760     1.1310  0.000e+00
      34654    130.500     7.0217     7.0214    1.33255    1.33268          1     0.7456     0.7317      65.14      0.570     0.4068     0.2103  1.000e-12  0.7535000    12.0226    12.0239     0.0013    -0.0003     9.3702     9.3712    129.250    131.966    1452.22    1452.22     0.0532     0.0903     0.6790     1.1510  0.000e+00
      34672    131.000     7.0245     7.0243    1.33330    1.33346          1     0.7456     0.7316      64.74      0.662     0.4068     0.2167  1.000e-12  0.7545000    12.0288    12.0304     0.0017    -0.0002     9.3748     9.3761    129.745    132.471    1452.25    1452.25     0.0542     0.0902     0.6910     1.1500  0.000e+00
      34690    131.500     7.0298     7.0299    1.33459    1.33476          1     0.7456     0.7317      64.27      0.679     0.4068     0.1893  1.000e-12  0.7636000    12.0394    12.0410     0.0016     0.0001     9.3827     9.3840    130.240    132.975    1452.29    1452.30     0.0534     0.0904     0.6810     1.1520  0.000e+00
      34710    132.000     7.0385     7.0383    1.33615    1.33631          1     0.7455     0.7316      63.68      0.639     0.4068     0.1942  1.000e-12  0.7585000    12.0516    12.0531     0.0015    -0.0002     9.3915     9.3928    130.735    133.480    1452.35    1452.35     0.0533     0.0898     0.6800     1.1450  0.000e+00
      34729    132.500     7.0429     7.0427    1.33742    1.33765          1     0.7454     0.7316      63.21      0.612     0.3898     0.2095  1.000e-12  0.7830000    12.0623    12.0647     0.0023    -0.0003     9.3996     9.4015    131.230    133.985    1452.39    1452.39     0.0544     0.0902     0.6930     1.1500  0.000e+00
      34770    133.000     7.0473     7.0475    1.34004    1.34031          1     0.7457     0.7316      62.60      0.508     0.3892     0.2380  1.000e-12  0.8756000    12.0863    12.0889     0.0026     0.0001     9.4181     9.4201    131.725    134.489    1452.45    1452.45     0.0545     0.0900     0.6950     1.1480  0.000e+00
      34861    133.500     7.0543     7.0477    1.34131    1.33993          1     0.7450     0.7316      62.10      0.407     0.3935     0.2367  1.000e-12  0.8489000    12.0961    12.0850    -0.0111    -0.0066     9.4252     9.4170    132.220    134.994    1452.50    1452.46     0.0510     0.0901     0.6520     1.1500  0.000e+00
      34871    134.000     7.0584     7.0667    1.34260    1.34475          1     0.7451     0.7316      61.77      0.695     0.3923     0.1930  1.000e-12  0.8496000    12.1072    12.1253     0.0181     0.0083     9.4335     9.4471    132.715    135.498    1452.54    1452.59     0.0524     0.0899     0.6690     1.1480  0.000e+00
      34880    134.500     7.0783     7.0786    1.34749    1.34774          1     0.7450     0.7316      61.49      0.934     0.3941     0.1864  1.000e-12  0.8697000    12.1478    12.1502     0.0024     0.0003     9.4638     9.4657    133.210    136.003    1452.68    1452.68     0.0531     0.0894     0.6780     1.1420  0.000e+00
      34889    135.000     7.0814     7.0811    1.34850    1.34863          1     0.7454     0.7315      61.20      1.131     0.3946     0.1885  1.000e-12  0.8714000    12.1566    12.1580     0.0014    -0.0003     9.4704     9.4715    133.705    136.507    1452.71    1452.71     0.0545     0.0888     0.6960     1.1340  0.000e+00
      34898    135.500     7.0822     7.0819    1.34905    1.34917          1     0.7450     0.7315      60.64      1.270     0.3961     0.2337  1.000e-12  0.8810000    12.1616    12.1628     0.0013    -0.0003     9.4743     9.4753    134.200    137.012    1452.73    1452.73     0.0528     0.0883     0.6740     1.1280  0.000e+00
      34910    136.000     7.0828     7.0824    1.34947    1.34960          1     0.7453     0.7314      60.19      1.288     0.3961     0.2373  1.000e-12  0.8958000    12.1653    12.1667     0.0014    -0.0005     9.4772     9.4783    134.695    137.516    1452.74    1452.74     0.0529     0.0879     0.6750     1.1230  0.000e+00
      34967    136.500     7.0750     7.0783    1.34737    1.34862          1     0.7452     0.7310      59.23      0.641     0.3890     0.1878  1.000e-12  0.8527000    12.1474    12.1586     0.0111     0.0033     9.4637     9.4722    135.190    138.021    1452.70    1452.72     0.0530     0.0873     0.6770     1.1150  0.000e+00
      35047    137.000     7.0684     7.0761    1.34549    1.34807          1     0.7452     0.7306      58.38      0.264     0.3902     0.2138  1.000e-12  0.7883000    12.1313    12.1538     0.0225     0.0077     9.4517     9.4687    135.685    138.525    1452.66    1452.72     0.0522     0.0859     0.6660     1.0970  0.000e+00
      35072    137.500     7.0760     7.0884    1.34823    1.35259          1     0.7451     0.7306      57.94      0.415     0.4026     0.2140  1.000e-12  0.7928000    12.1553    12.1936     0.0383     0.0123     9.4698     9.4989    136.180    139.030    1452.72    1452.83     0.0529     0.0868     0.6760     1.1100  0.000e+00
      35092    138.000     7.0991     7.0989    1.35567    1.35587          1     0.7451     0.7305      57.40      0.504     0.3922     0.1579  1.000e-12  0.8053000    12.2198    12.2218     0.0020    -0.0002     9.5185     9.5201    136.675    139.534    1452.91    1452.91     0.0521     0.0860     0.6660     1.0990  0.000e+00
      35108    138.500     7.1017     7.1014    1.35648    1.35661          1     0.7449     0.7305      56.35      0.618     0.3823     0.2616  1.000e-12  0.7997000    12.2267    12.2281     0.0014    -0.0003     9.5237     9.5248    137.170    140.038    1452.94    1452.94     0.0508     0.0864     0.6500     1.1040  0.000e+00
      35121    139.000     7.1034     7.1032    1.35708    1.35724          1     0.7447     0.7304      55.98      0.740     0.3859     0.2803  1.000e-12  0.7981000    12.2318    12.2334     0.0016    -0.0002     9.5276     9.5288    137.666    140.543    1452.96    1452.96     0.0504     0.0861     0.6450     1.1020  0.000e+00
      35135    139.500     7.1056     7.1052    1.35780    1.35793          1     0.7448     0.7304      55.88      0.835     0.3936     0.2670  1.000e-12  0.7937000    12.2380    12.2393     0.0014    -0.0004     9.5322     9.5334    138.161    141.047    1452.98    1452.98     0.0522     0.0862     0.6680     1.1030  0.000e+00
      35153    140.000     7.1069     7.1066    1.35839    1.35849          1     0.7448     0.7304      55.57      0.827     0.3946     0.2664  1.000e-12  0.7989000    12.2431    12.2442     0.0011    -0.0003     9.5362     9.5371    138.656    141.552    1453.00    1453.00     0.0525     0.0861     0.6710     1.1020  0.000e+00
      35228    140.500     7.1039     7.1080    1.35758    1.35907          1     0.7449     0.7303      54.63      0.242     0.3978     0.2548  1.000e-12  0.7575000    12.2362    12.2493     0.0131     0.0041     9.5310     9.5409    139.151    142.056    1452.99    1453.02     0.0509     0.0858     0.6510     1.0970  0.000e+00
      35276    141.000     7.1126     7.1134    1.36075    1.36134          1     0.7445     0.7302      54.23      0.293     0.4012     0.2332  1.000e-12  0.7579000    12.2640    12.2695     0.0055     0.0008     9.5520     9.5563    139.646    142.561    1453.07    1453.08     0.0501     0.0857     0.6400     1.0960  0.000e+00
      35292    141.500     7.1178     7.1180    1.36224    1.36241          1     0.7444     0.7303      53.88      0.502     0.4070     0.2203  1.000e-12  0.7637000    12.2766    12.2782     0.0015     0.0002     9.5615     9.5627    140.141    143.065    1453.11    1453.12     0.0513     0.0850     0.6560     1.0870  0.000e+00
      35305    142.000     7.1309     7.1320    1.36337    1.36355          1     0.7443     0.7300      53.47      0.673     0.4068     0.2197  1.000e-12  0.7637000    12.2828    12.2842     0.0014     0.0010     9.5653     9.5663    140.636    143.570    1453.18    1453.19     0.0517     0.0825     0.6610     1.0550  0.000e+00
      35318    142.500     7.1449     7.1446    1.36446    1.36455          1     0.7449     0.7301      53.15      0.820     0.4013     0.2349  1.000e-12  0.8036000    12.2884    12.2894     0.0010    -0.0003     9.5685     9.5693    141.131    144.074    1453.26    1453.26     0.0517     0.0844     0.6620     1.0800  0.000e+00
      35331    143.000     7.1461     7.1455    1.36466    1.36480          1     0.7446     0.7298      52.63      0.910     0.3817     0.2369  1.000e-12  0.9303000    12.2899    12.2915     0.0016    -0.0005     9.5696     9.5709    141.626    144.579    1453.27    1453.27     0.0501     0.0856     0.6420     1.0970  0.000e+00
      35361    143.500     7.1422     7.1411    1.36522    1.36521          1     0.7442     0.7300      52.00      0.740     0.3980     0.2288  1.000e-12  0.8960000    12.2966    12.2969     0.0003    -0.0011     9.5752     9.5755    142.121    145.083    1453.27    1453.27     0.0498     0.0853     0.6370     1.0920  0.000e+00
      35468    144.000     7.1388     7.1386    1.36594    1.36620          1     0.7445     0.7299      51.28      0.213     0.3938     0.1886  1.000e-12  0.8085000    12.3048    12.3073     0.0026    -0.0002     9.5819     9.5839    142.616    145.587    1453.28    1453.28     0.0511     0.0829     0.6540     1.0610  0.000e+00
      35477    144.500     7.1385     7.1380    1.36643    1.36658          1     0.7443     0.7297      51.04      0.532     0.3946     0.2051  1.000e-12  0.8370000    12.3096    12.3111     0.0015    -0.0004     9.5857     9.5869    143.111    146.092    1453.29    1453.29     0.0509     0.0814     0.6520     1.0430  0.000e+00
      35489    145.000     7.1386     7.1382    1.36660    1.36670          1     0.7445     0.7295      50.65      0.745     0.3938     0.2050  1.000e-12  0.8342000    12.3111    12.3122     0.0011    -0.0004     9.5869     9.5877    143.606    146.596    1453.30    1453.30     0.0507     0.0814     0.6490     1.0420  0.000e+00
      35500    145.500     7.1385     7.1380    1.36675    1.36686          1     0.7447     0.7293      50.21      0.910     0.3932     0.2048  1.000e-12  0.7211000    12.3124    12.3137     0.0013    -0.0004     9.5879     9.5889    144.101    147.101    1453.31    1453.31     0.0511     0.0825     0.6540     1.0560  0.000e+00
      35511    146.000     7.1382     7.1377    1.36705    1.36714          1     0.7441     0.7295      49.68      1.020     0.3935     0.2011  1.000e-12  0.7163000    12.3154    12.3164     0.0011    -0.0005     9.5902     9.5911    144.596    147.605    1453.32    1453.32     0.0489     0.0841     0.6260     1.0760  0.000e+00
      35523    146.500     7.1365     7.1360    1.36725    1.36737          1     0.7443     0.7293      49.17      1.068     0.4025     0.2246  1.000e-12  0.7094000    12.3179    12.3192     0.0014    -0.0005     9.5923     9.5934    145.091    148.110    1453.32    1453.32     0.0495     0.0834     0.6340     1.0680  0.000e+00
