ctdpy/tests/etc/exprapp_feb_2020/SBE09_1387_20200211_0829_77_10_0141.cnv
* Sea-Bird SBE 9 Data File:
* FileName = L:\2020\sv20d0141.hex
* Software Version Seasave V 7.26.7.121
* Temperature SN = 6378
* Conductivity SN = 4824
* Number of Bytes Per Scan = 41
* Number of Voltage Words = 4
* Number of Scans Averaged by the Deck Unit = 1
* NMEA Latitude = 59 17.99 N
* NMEA Longitude = 021 33.25 E
* NMEA UTC (Time) = Feb 11 2020  08:29:14
* NMEA baud rate = 4800
** Station:  BY27
** Operator:  DBSj
** Ship: SVEA
** Average sound velocity: 1442.23 m/s
** True-depth calculation Tue, 11 Feb 2020 10:43:49 +0000
** CTD Python Module SMHI /ver 3-12/ feb 2012 
** LIMS Job: 20207710-0141
** Cruise: SMHI-03-2020
** Latitude [GG MM.mm N] :
** Longitude [GGG MM.mm E]:
# nquan = 30
# nvalues = 345                         
# units = specified
# name 0 = scan: Scan Count
# name 1 = prDM: Pressure, Digiquartz [db]
# name 2 = t090C: Temperature [ITS-90, deg C]
# name 3 = t190C: Temperature, 2 [ITS-90, deg C]
# name 4 = c0S/m: Conductivity [S/m]
# name 5 = c1S/m: Conductivity, 2 [S/m]
# name 6 = pumps: Pump Status
# name 7 = sbeox0V: Oxygen raw, SBE 43 [V]
# name 8 = sbeox1V: Oxygen raw, SBE 43, 2 [V]
# name 9 = altM: Altimeter [m]
# name 10 = dz/dtM: Descent Rate [m/s]
# name 11 = flECO-AFL: Chl-a Fluorescence, WET Labs ECO-AFL/FL [mg/m^3]
# name 12 = flECO-AFL1: Phycocyanin Fluorescence, WET Labs ECO-AFL/FL, 2 [mg/m^3]
# name 13 = par: PAR/Irradiance, Biospherical/Lico [µE/(cm^2*s)]
# name 14 = turbWETntu0: Turbidity, WET Labs ECO [NTU]
# name 15 = sal00: Salinity, Practical [PSU]
# name 16 = sal11: Salinity, Practical, 2 [PSU]
# name 17 = secS-priS: Salinity, Practical, Difference, 2 - 1 [PSU]
# name 18 = T2-T190C: Temperature Difference, 2 - 1 [ITS-90, deg C]
# name 19 = sigma-t00: Density [sigma-t, kg/m^3 ]
# name 20 = sigma-t11: Density, 2 [sigma-t, kg/m^3 ]
# name 21 = depSM: Depth [salt water, m], lat = 59.2998
# name 22 = depFM: Depth [true depth, m], lat = 59.2998
# name 23 = svCM: Sound Velocity [Chen-Millero, m/s]
# name 24 = svCM1: Sound Velocity, 2 [Chen-Millero, m/s]
# name 25 = sbeox0ML/L: Oxygen, SBE 43 [ml/l], WS = 2
# name 26 = sbeox1ML/L: Oxygen, SBE 43, 2 [ml/l], WS = 2
# name 27 = sbeox0PS: Oxygen, SBE 43 [% saturation], WS = 2
# name 28 = sbeox1PS: Oxygen, SBE 43, 2 [% saturation], WS = 2
# name 29 = flag: flag
# span 0 =      24334,      34483       
# span 1 =      3.000,    175.000       
# span 2 =     4.8427,     6.4783       
# span 3 =     4.8425,     6.4779       
# span 4 =   0.758181,   1.229256       
# span 5 =   0.758252,   1.229326       
# span 6 =          1,          1       
# span 7 =     0.7424,     3.4921       
# span 8 =     0.7277,     3.2615       
# span 9 =       2.47,     101.84       
# span 10 =     -0.626,      1.205      
# span 11 =     0.3199,     0.5281      
# span 12 =     0.1200,     0.3151      
# span 13 = -1.820e-06, 6.1499e+01      
# span 14 =     0.1529,     9.1921      
# span 15 =     6.9946,    11.1851      
# span 16 =     6.9953,    11.1860      
# span 17 =    -0.0434,     0.0646      
# span 18 =    -0.0118,     0.0201      
# span 19 =     5.5354,     8.7539      
# span 20 =     5.5360,     8.7546      
# span 21 =      2.972,    173.286      
# span 22 =      3.039,    176.993      
# span 23 =    1434.57,    1449.60      
# span 24 =    1434.57,    1449.60      
# span 25 =     0.0463,     7.8543      
# span 26 =     0.0814,     8.0012      
# span 27 =      0.579,     91.723      
# span 28 =      1.018,     93.438      
# span 29 = 0.0000e+00, 0.0000e+00      
# interval = decibars: 0.5              
# start_time = Feb 11 2020 08:29:14 [NMEA time, first data scan]
# bad_flag = -9.990e-29
*END*
[from data line 97]
      27108     51.500     4.8772     4.8771    0.76063    0.76071          1     3.4715     3.2409      92.35      0.261     0.3674     0.2548  1.000e-12  0.1658000     7.0070     7.0078     0.0008    -0.0001     5.5442     5.5448     51.011     52.166    1435.47    1435.47     7.8300     7.9693    91.5270    93.1550  0.000e+00
      27156     52.000     4.8757     4.8757    0.76054    0.76063          1     3.4705     3.2405      97.18      0.306     0.3629     0.2148  1.000e-12  0.1684000     7.0064     7.0073     0.0009     0.0000     5.5438     5.5445     51.506     52.672    1435.47    1435.47     7.8218     7.9663    91.4270    93.1160  0.000e+00
      27172     52.500     4.8783     4.8805    0.76071    0.76096          1     3.4697     3.2403      96.98      0.546     0.3587     0.2032  1.000e-12  0.1729000     7.0075     7.0094     0.0019     0.0023     5.5445     5.5460     52.001     53.179    1435.49    1435.51     7.8195     7.9626    91.4060    93.0860  0.000e+00
      27187     53.000     4.8908     4.8926    0.76148    0.76167          1     3.4689     3.2396      97.00      0.700     0.3460     0.1872  1.000e-12  0.1761000     7.0124     7.0139     0.0016     0.0018     5.5479     5.5491     52.496     53.685    1435.56    1435.57     7.8153     7.9552    91.3890    93.0300  0.000e+00
      27202     53.500     4.8950     4.8950    0.76173    0.76182          1     3.4680     3.2391      87.59      0.782     0.3642     0.2130  1.000e-12  0.1814000     7.0139     7.0148     0.0009    -0.0001     5.5490     5.5497     52.992     54.192    1435.59    1435.59     7.8148     7.9522    91.3940    93.0010  0.000e+00
      27220     54.000     4.8931     4.8943    0.76162    0.76178          1     3.4677     3.2382      34.59      0.765     0.3698     0.2507  1.000e-12  0.1846000     7.0132     7.0145     0.0014     0.0012     5.5485     5.5495     53.487     54.698    1435.59    1435.59     7.8158     7.9484    91.4000    92.9550  0.000e+00
      27244     54.500     4.8951     4.8960    0.76175    0.76188          1     3.4670     3.2371      74.32      0.605     0.3686     0.1944  1.000e-12  0.1883000     7.0140     7.0151     0.0011     0.0008     5.5490     5.5499     53.982     55.205    1435.61    1435.61     7.8150     7.9521    91.3970    93.0020  0.000e+00
      27275     55.000     4.8941     4.8972    0.76168    0.76195          1     3.4661     3.2371      96.72      0.416     0.3625     0.2310  1.000e-12  0.1851000     7.0135     7.0155     0.0020     0.0031     5.5487     5.5502     54.477     55.711    1435.61    1435.62     7.8119     7.9611    91.3580    93.1110  0.000e+00
      27309     55.500     4.8954     4.8978    0.76176    0.76199          1     3.4653     3.2376      96.79      0.357     0.3643     0.2458  1.000e-12  0.1756000     7.0139     7.0157     0.0018     0.0024     5.5490     5.5503     54.972     56.217    1435.62    1435.64     7.8131     7.9644    91.3740    93.1510  0.000e+00
      27361     56.000     4.8959     4.8973    0.76179    0.76197          1     3.4650     3.2370      97.01      0.219     0.3534     0.2271  1.000e-12  0.1735000     7.0140     7.0155     0.0015     0.0014     5.5490     5.5502     55.468     56.724    1435.63    1435.64     7.8118     7.9514    91.3600    92.9980  0.000e+00
      27397     56.500     4.8961     4.8985    0.76181    0.76204          1     3.4641     3.2357      97.02      0.280     0.3563     0.2048  1.000e-12  0.1732000     7.0141     7.0159     0.0018     0.0024     5.5491     5.5504     55.963     57.230    1435.64    1435.65     7.8083     7.9508    91.3200    92.9940  0.000e+00
      27413     57.000     4.9003     4.9003    0.76206    0.76215          1     3.4638     3.2357      97.02      0.493     0.3543     0.2115  1.000e-12  0.1825000     7.0156     7.0165     0.0009    -0.0000     5.5501     5.5508     56.458     57.737    1435.67    1435.67     7.8108     7.9556    91.3610    93.0550  0.000e+00
      27426     57.500     4.8984     4.9013    0.76196    0.76222          1     3.4640     3.2358      97.01      0.684     0.3683     0.2195  1.000e-12  0.1823000     7.0150     7.0169     0.0019     0.0030     5.5497     5.5512     56.953     58.243    1435.67    1435.69     7.8151     7.9557    91.4060    93.0590  0.000e+00
      27438     58.000     4.9015     4.9009    0.76214    0.76220          1     3.4643     3.2357      97.01      0.842     0.3641     0.1992  1.000e-12  0.1823000     7.0160     7.0168     0.0008    -0.0006     5.5504     5.5510     57.448     58.750    1435.69    1435.69     7.8150     7.9522    91.4120    93.0160  0.000e+00
      27451     58.500     4.9009     4.9007    0.76211    0.76218          1     3.4644     3.2354      97.00      0.943     0.3468     0.1765  1.000e-12  0.1877000     7.0158     7.0166     0.0008    -0.0003     5.5503     5.5509     57.943     59.256    1435.70    1435.70     7.8155     7.9521    91.4170    93.0150  0.000e+00
      27468     59.000     4.8991     4.8984    0.76201    0.76206          1     3.4645     3.2352      89.83      0.897     0.3550     0.2265  1.000e-12  0.1856000     7.0152     7.0158     0.0006    -0.0007     5.5498     5.5503     58.439     59.763    1435.70    1435.69     7.8135     7.9557    91.3890    93.0510  0.000e+00
      27537     59.500     4.8982     4.8986    0.76196    0.76206          1     3.4633     3.2346      85.56      0.244     0.3660     0.2398  1.000e-12  0.1660000     7.0148     7.0157     0.0010     0.0004     5.5495     5.5503     58.934     60.269    1435.70    1435.70     7.8134     7.9554    91.3860    93.0480  0.000e+00
      27582     60.000     4.8984     4.8962    0.76197    0.76193          1     3.4636     3.2344      97.41      0.293     0.3653     0.1736  1.000e-12  0.1634000     7.0147     7.0148     0.0001    -0.0023     5.5495     5.5497     59.429     60.776    1435.71    1435.70     7.8165     7.9524    91.4220    93.0060  0.000e+00
      27602     60.500     4.8933     4.8922    0.76167    0.76169          1     3.4638     3.2338      97.01      0.481     0.3673     0.1720  1.000e-12  0.1698000     7.0128     7.0133     0.0005    -0.0011     5.5481     5.5486     59.924     61.282    1435.69    1435.69     7.8152     7.9463    91.3940    92.9250  0.000e+00
      27622     61.000     4.8933     4.8924    0.76167    0.76171          1     3.4633     3.2333      97.01      0.588     0.3652     0.2163  1.000e-12  0.1781000     7.0128     7.0134     0.0006    -0.0010     5.5481     5.5487     60.419     61.788    1435.70    1435.69     7.8094     7.9483    91.3260    92.9480  0.000e+00
      27645     61.500     4.9038     4.9017    0.76229    0.76229          1     3.4622     3.2327      97.01      0.581     0.3611     0.2424  1.000e-12  0.2181000     7.0166     7.0171     0.0004    -0.0021     5.5508     5.5512     60.915     62.295    1435.76    1435.75     7.8011     7.9435    91.2560    92.9170  0.000e+00
      27670     62.000     4.9132     4.9104    0.76282    0.76278          1     3.4608     3.2320      97.02      0.492     0.3563     0.2167  1.000e-12  0.2135000     7.0198     7.0199     0.0001    -0.0028     5.5530     5.5532     61.410     62.801    1435.81    1435.80     7.7948     7.9428    91.2060    92.9310  0.000e+00
      27692     62.500     4.9162     4.9151    0.76299    0.76304          1     3.4595     3.2320      90.00      0.504     0.3608     0.2152  1.000e-12  0.1795000     7.0207     7.0215     0.0007    -0.0011     5.5536     5.5542     61.905     63.308    1435.83    1435.83     7.7947     7.9414    91.2120    92.9270  0.000e+00
      27713     63.000     4.9180     4.9179    0.76309    0.76318          1     3.4593     3.2312      95.95      0.563     0.3583     0.1879  1.000e-12  0.1807000     7.0213     7.0222     0.0009    -0.0002     5.5540     5.5547     62.400     63.814    1435.85    1435.85     7.7984     7.9358    91.2600    92.8680  0.000e+00
      27741     63.500     4.9187     4.9185    0.76313    0.76320          1     3.4589     3.2307      84.56      0.489     0.3547     0.1840  1.000e-12  0.1881000     7.0215     7.0222     0.0007    -0.0003     5.5541     5.5547     62.895     64.321    1435.86    1435.86     7.7955     7.9354    91.2280    92.8640  0.000e+00
      27784     64.000     4.9192     4.9195    0.76316    0.76326          1     3.4578     3.2292      97.18      0.268     0.3511     0.1717  1.000e-12  0.1766000     7.0216     7.0226     0.0010     0.0004     5.5542     5.5549     63.390     64.827    1435.87    1435.87     7.7920     7.9260    91.1880    92.7580  0.000e+00
      27818     64.500     4.9203     4.9200    0.76324    0.76330          1     3.4566     3.2274      92.88      0.320     0.3562     0.2320  1.000e-12  0.1952000     7.0221     7.0228     0.0007    -0.0003     5.5545     5.5551     63.885     65.334    1435.89    1435.88     7.7812     7.9109    91.0640    92.5830  0.000e+00
      27842     65.000     4.9247     4.9253    0.76350    0.76364          1     3.4540     3.2248      27.10      0.451     0.3621     0.1266  1.000e-12  0.2068000     7.0237     7.0250     0.0012     0.0006     5.5557     5.5566     64.381     65.840    1435.91    1435.92     7.7606     7.8871    90.8350    92.3170  0.000e+00
      27863     65.500     4.9335     4.9396    0.76410    0.76467          1     3.4501     3.2218      99.35      0.537     0.3638     0.1952  1.000e-12  0.1987000     7.0277     7.0320     0.0044     0.0061     5.5585     5.5617     64.876     66.347    1435.97    1436.00     7.7423     7.8707    90.6430    92.1640  0.000e+00
      27880     66.000     4.9449     4.9452    0.76494    0.76507          1     3.4470     3.2192      97.01      0.609     0.3558     0.2181  1.000e-12  0.1944000     7.0335     7.0348     0.0013     0.0003     5.5627     5.5637     65.371     66.853    1436.03    1436.03     7.7384     7.8682    90.6280    92.1490  0.000e+00
      27897     66.500     4.9582     4.9602    0.76584    0.76610          1     3.4453     3.2174      97.03      0.681     0.3364     0.2343  1.000e-12  0.2039000     7.0395     7.0417     0.0022     0.0020     5.5669     5.5686     65.866     67.359    1436.10    1436.12     7.7406     7.8672    90.6870    92.1760  0.000e+00
      27922     67.000     4.9676     4.9675    0.76650    0.76653          1     3.4439     3.2156      97.03      0.610     0.3481     0.2104  1.000e-12  0.1985000     7.0440     7.0443     0.0003    -0.0001     5.5701     5.5704     66.361     67.866    1436.16    1436.16     7.7321     7.8632    90.6130    92.1490  0.000e+00
      27967     67.500     4.9632     4.9719    0.76622    0.76677          1     3.4332     3.2077      75.72      0.228     0.3569     0.2284  1.000e-12  0.1795000     7.0421     7.0457     0.0036     0.0087     5.5688     5.5713     66.856     68.372    1436.15    1436.19     7.6576     7.7760    89.7280    91.1370  0.000e+00
      27997     68.000     4.9981     5.0017    0.76898    0.76939          1     3.4234     3.1971      96.99      0.345     0.3543     0.1715  1.000e-12  0.1973000     7.0619     7.0652     0.0033     0.0036     5.5831     5.5856     67.352     68.879    1436.33    1436.35     7.6553     7.7312    89.7920    90.6930  0.000e+00
      28035     68.500     5.0306     5.0375    0.77172    0.77224          1     3.4154     3.1852      82.30      0.354     0.3435     0.2087  1.000e-12  0.1949000     7.0819     7.0856     0.0038     0.0068     5.5977     5.6004     67.847     69.385    1436.51    1436.54     7.6084     7.6938    89.3280    90.3490  0.000e+00
      28088     69.000     5.0517     5.0608    0.77337    0.77409          1     3.3954     3.1709      97.98      0.179     0.3344     0.2298  1.000e-12  0.1802000     7.0936     7.0988     0.0051     0.0091     5.6062     5.6099     68.342     69.892    1436.63    1436.67     7.5291     7.6663    88.4500    90.0870  0.000e+00
      28106     69.500     5.0714     5.0717    0.77479    0.77491          1     3.3892     3.1674      97.03      0.428     0.3419     0.1741  1.000e-12  0.1945000     7.1034     7.1044     0.0010     0.0003     5.6131     5.6140     68.837     70.398    1436.73    1436.74     7.4932     7.6228    88.0780    89.6030  0.000e+00
      28120     70.000     5.0763     5.0767    0.77515    0.77525          1     3.3814     3.1616      97.03      0.629     0.3326     0.1686  1.000e-12  0.2048000     7.1059     7.1067     0.0008     0.0004     5.6149     5.6155     69.332     70.905    1436.77    1436.77     7.4252     7.5334    87.2920    88.5660  0.000e+00
      28134     70.500     5.0802     5.0802    0.77539    0.77548          1     3.3686     3.1515      97.03      0.776     0.3304     0.1721  1.000e-12  0.2075000     7.1073     7.1082     0.0009     0.0000     5.6159     5.6166     69.827     71.411    1436.79    1436.79     7.3495     7.4452    86.4110    87.5380  0.000e+00
      28147     71.000     5.0996     5.1004    0.77683    0.77699          1     3.3532     3.1389      97.03      0.863     0.3414     0.1907  1.000e-12  0.2304000     7.1173     7.1186     0.0014     0.0008     5.6230     5.6240     70.322     71.917    1436.90    1436.90     7.3097     7.4049    85.9910    87.1130  0.000e+00
      28161     71.500     5.1149     5.1156    0.77888    0.77915          1     3.3413     3.1294      69.04      0.888     0.3370     0.2043  1.000e-12  0.2337000     7.1341     7.1366     0.0025     0.0007     5.6357     5.6377     70.818     72.424    1436.99    1437.00     7.3354     7.4270    86.3370    87.4180  0.000e+00
      28177     72.000     5.1439     5.1475    0.78350    0.78417          1     3.3377     3.1226      31.34      0.854     0.3328     0.1896  1.000e-12  0.2427000     7.1732     7.1791     0.0059     0.0036     5.6655     5.6700     71.313     72.930    1437.18    1437.20     7.3999     7.4698    87.1830    88.0180  0.000e+00
      28219     72.500     5.1941     5.1879    0.79017    0.78919          1     3.3257     3.1043      78.35      0.589     0.3402     0.1941  1.000e-12  0.2244000     7.2280     7.2196    -0.0084    -0.0062     5.7068     5.7004     71.808     73.437    1437.48    1437.44     7.3283     7.3770    86.4800    87.0350  0.000e+00
      28308     73.000     5.2344     5.2362    0.79519    0.79582          1     3.2422     3.0321      97.95      0.337     0.3400     0.2268  1.000e-12  0.2123000     7.2685     7.2743     0.0058     0.0018     5.7370     5.7416     72.303     73.943    1437.71    1437.73     6.6812     6.7110    78.9460    79.3050  0.000e+00
      28318     73.500     5.2584     5.2630    0.79977    0.80032          1     3.2059     3.0049      97.04      0.631     0.3200     0.2160  1.000e-12  0.2482000     7.3082     7.3126     0.0044     0.0046     5.7674     5.7707     72.798     74.449    1437.88    1437.90     6.5393     6.5541    77.3360    77.5230  0.000e+00
      28331     74.000     5.2912     5.2940    0.80347    0.80393          1     3.1661     2.9746      97.04      0.815     0.3199     0.2169  1.000e-12  0.2555000     7.3372     7.3412     0.0040     0.0028     5.7890     5.7920     73.293     74.956    1438.07    1438.08     6.4508     6.4336    76.3680    76.1710  0.000e+00
      28344     74.500     5.3183     5.3211    0.80871    0.80939          1     3.1311     2.9440      88.53      0.915     0.3495     0.2143  1.000e-12  0.2551000     7.3826     7.3886     0.0060     0.0028     5.8237     5.8283     73.788     75.462    1438.25    1438.27     6.4786     6.3703    76.7730    75.4980  0.000e+00
      28358     75.000     5.3742     5.3761    0.81927    0.81974          1     3.1150     2.9149      20.83      0.920     0.3496     0.2444  1.000e-12  0.2623000     7.4737     7.4779     0.0042     0.0019     5.8932     5.8964     74.284     75.968    1438.62    1438.63     6.5900     6.3457    78.2510    75.3550  0.000e+00
