ctdpy/tests/etc/exprapp_feb_2020/SBE09_1387_20200209_0419_77_10_0131.cnv
* Sea-Bird SBE 9 Data File:
* FileName = L:\2020\sv20d0131.hex
* Software Version Seasave V 7.26.7.121
* Temperature SN = 6378
* Conductivity SN = 4824
* Number of Bytes Per Scan = 41
* Number of Voltage Words = 4
* Number of Scans Averaged by the Deck Unit = 1
* NMEA Latitude = 55 13.06 N
* NMEA Longitude = 017 04.06 E
* NMEA UTC (Time) = Feb 09 2020  04:19:08
* NMEA baud rate = 4800
** Station:  BY7 Stolpe ränna
** Operator:  SSip
** Ship: SVEA
** Average sound velocity: 1447.23 m/s
** True-depth calculation Sun, 09 Feb 2020 05:23:49 +0000
** CTD Python Module SMHI /ver 3-12/ feb 2012 
** LIMS Job: 20207710-0131
** Cruise: SMHI-03-2020
** Latitude [GG MM.mm N] :
** Longitude [GGG MM.mm E]:
# nquan = 30
# nvalues = 173                         
# units = specified
# name 0 = scan: Scan Count
# name 1 = prDM: Pressure, Digiquartz [db]
# name 2 = t090C: Temperature [ITS-90, deg C]
# name 3 = t190C: Temperature, 2 [ITS-90, deg C]
# name 4 = c0S/m: Conductivity [S/m]
# name 5 = c1S/m: Conductivity, 2 [S/m]
# name 6 = pumps: Pump Status
# name 7 = sbeox0V: Oxygen raw, SBE 43 [V]
# name 8 = sbeox1V: Oxygen raw, SBE 43, 2 [V]
# name 9 = altM: Altimeter [m]
# name 10 = dz/dtM: Descent Rate [m/s]
# name 11 = flECO-AFL: Chl-a Fluorescence, WET Labs ECO-AFL/FL [mg/m^3]
# name 12 = flECO-AFL1: Phycocyanin Fluorescence, WET Labs ECO-AFL/FL, 2 [mg/m^3]
# name 13 = par: PAR/Irradiance, Biospherical/Lico [µE/(cm^2*s)]
# name 14 = turbWETntu0: Turbidity, WET Labs ECO [NTU]
# name 15 = sal00: Salinity, Practical [PSU]
# name 16 = sal11: Salinity, Practical, 2 [PSU]
# name 17 = secS-priS: Salinity, Practical, Difference, 2 - 1 [PSU]
# name 18 = T2-T190C: Temperature Difference, 2 - 1 [ITS-90, deg C]
# name 19 = sigma-t00: Density [sigma-t, kg/m^3 ]
# name 20 = sigma-t11: Density, 2 [sigma-t, kg/m^3 ]
# name 21 = depSM: Depth [salt water, m], lat = 55.2177
# name 22 = depFM: Depth [true depth, m], lat = 55.2177
# name 23 = svCM: Sound Velocity [Chen-Millero, m/s]
# name 24 = svCM1: Sound Velocity, 2 [Chen-Millero, m/s]
# name 25 = sbeox0ML/L: Oxygen, SBE 43 [ml/l], WS = 2
# name 26 = sbeox1ML/L: Oxygen, SBE 43, 2 [ml/l], WS = 2
# name 27 = sbeox0PS: Oxygen, SBE 43 [% saturation], WS = 2
# name 28 = sbeox1PS: Oxygen, SBE 43, 2 [% saturation], WS = 2
# name 29 = flag: flag
# span 0 =      21105,      27250       
# span 1 =      1.500,     88.000       
# span 2 =     5.4332,     9.6448       
# span 3 =     5.4331,     9.6453       
# span 4 =   0.821819,   1.747685       
# span 5 =   0.821919,   1.747852       
# span 6 =          1,          1       
# span 7 =     1.3503,     3.5720       
# span 8 =     1.2957,     3.3320       
# span 9 =       0.85,      88.94       
# span 10 =     -0.163,      0.584      
# span 11 =     0.3322,     0.5487      
# span 12 =     0.1483,     0.3212      
# span 13 = 1.0000e-12, 1.5499e+00      
# span 14 =     0.1152,     0.5915      
# span 15 =     7.4934,    14.9921      
# span 16 =     7.4943,    14.9935      
# span 17 =    -0.0271,     0.0721      
# span 18 =    -0.0468,     0.0330      
# span 19 =     5.9061,    11.4226      
# span 20 =     5.9068,    11.4236      
# span 21 =      1.486,     87.187      
# span 22 =      1.519,     88.949      
# span 23 =    1437.74,    1466.17      
# span 24 =    1437.74,    1465.96      
# span 25 =     1.4762,     7.9187      
# span 26 =     1.5077,     8.0599      
# span 27 =     20.044,     94.197      
# span 28 =     20.473,     95.877      
# span 29 = 0.0000e+00, 0.0000e+00      
# interval = decibars: 0.5              
# start_time = Feb 09 2020 04:19:08 [NMEA time, first data scan]
# bad_flag = -9.990e-29
*END*
      21105      1.500     5.4361     5.4353    0.82188    0.82192          1     3.5720     3.3316      88.94     -0.163     0.4733     0.2038  9.548e-01  0.1152000     7.4951     7.4957     0.0006    -0.0008     5.9073     5.9078      1.486      1.519    1437.74    1437.74     7.9147     8.0547    94.1390    95.8040  0.000e+00
      21411      2.000     5.4357     5.4362    0.82188    0.82196          1     3.5710     3.3320      88.56      0.064     0.4786     0.2503  1.550e+00  0.1277000     7.4951     7.4958     0.0007     0.0005     5.9073     5.9079      1.982      2.025    1437.76    1437.76     7.9128     8.0486    94.1160    95.7340  0.000e+00
      21849      2.500     5.4377     5.4383    0.82193    0.82201          1     3.5704     3.3299      88.21      0.168     0.4977     0.2647  1.188e+00  0.1360000     7.4951     7.4958     0.0007     0.0007     5.9072     5.9077      2.477      2.531    1437.77    1437.78     7.9103     8.0456    94.0920    95.7030  0.000e+00
      21930      3.000     5.4378     5.4370    0.82195    0.82201          1     3.5709     3.3304      87.58      0.120     0.5059     0.2518  9.667e-01  0.1611000     7.4952     7.4960     0.0007    -0.0008     5.9073     5.9079      2.973      3.038    1437.78    1437.78     7.9137     8.0485    94.1330    95.7340  0.000e+00
      21961      3.500     5.4436     5.4398    0.82208    0.82208          1     3.5706     3.3306      87.33      0.368     0.4816     0.2337  6.693e-01  0.1490000     7.4950     7.4959     0.0009    -0.0039     5.9069     5.9078      3.468      3.544    1437.81    1437.80     7.9093     8.0441    94.0940    95.6890  0.000e+00
      21998      4.000     5.4411     5.4432    0.82203    0.82216          1     3.5699     3.3300      86.90      0.378     0.4984     0.2669  6.727e-01  0.1493000     7.4951     7.4959     0.0008     0.0021     5.9070     5.9076      3.964      4.050    1437.81    1437.82     7.9092     8.0439    94.0860    95.6940  0.000e+00
      22043      4.500     5.4427     5.4442    0.82208    0.82221          1     3.5695     3.3302      86.29      0.250     0.5078     0.2944  5.127e-01  0.1430000     7.4952     7.4961     0.0009     0.0016     5.9071     5.9077      4.459      4.557    1437.82    1437.83     7.9108     8.0498    94.1090    95.7680  0.000e+00
      22073      5.000     5.4433     5.4428    0.82207    0.82219          1     3.5697     3.3303      85.94      0.366     0.5009     0.2795  3.977e-01  0.1381000     7.4949     7.4961     0.0012    -0.0006     5.9068     5.9078      4.955      5.063    1437.84    1437.83     7.9120     8.0473    94.1250    95.7330  0.000e+00
      22096      5.500     5.4414     5.4389    0.82213    0.82219          1     3.5696     3.3305      85.66      0.472     0.5027     0.2516  3.725e-01  0.1338000     7.4959     7.4969     0.0011    -0.0025     5.9076     5.9086      5.450      5.569    1437.84    1437.83     7.9130     8.0500    94.1340    95.7580  0.000e+00
      22119      6.000     5.4486     5.4455    0.82222    0.82226          1     3.5699     3.3301      85.19      0.532     0.5059     0.2395  2.513e-01  0.1346000     7.4950     7.4962     0.0011    -0.0031     5.9067     5.9077      5.946      6.075    1437.87    1437.86     7.9151     8.0407    94.1740    95.6620  0.000e+00
      22150      6.500     5.4487     5.4479    0.82222    0.82229          1     3.5703     3.3294      84.52      0.428     0.5243     0.2493  2.458e-01  0.1372000     7.4950     7.4958     0.0008    -0.0008     5.9066     5.9073      6.441      6.582    1437.88    1437.88     7.9111     8.0438    94.1270    95.7040  0.000e+00
      22180      7.000     5.4470     5.4491    0.82218    0.82230          1     3.5690     3.3298      83.89      0.374     0.5198     0.2511  2.052e-01  0.1369000     7.4949     7.4956     0.0008     0.0021     5.9066     5.9071      6.937      7.088    1437.88    1437.89     7.9044     8.0563    94.0430    95.8560  0.000e+00
      22208      7.500     5.4468     5.4412    0.82220    0.82220          1     3.5682     3.3309      83.33      0.432     0.5200     0.2523  1.284e-01  0.1473000     7.4950     7.4963     0.0013    -0.0057     5.9067     5.9080      7.432      7.594    1437.89    1437.87     7.9058     8.0582    94.0590    95.8600  0.000e+00
      22243      8.000     5.4401     5.4381    0.82210    0.82214          1     3.5679     3.3308      82.78      0.354     0.5242     0.2446  9.773e-02  0.1309000     7.4955     7.4963     0.0008    -0.0020     5.9075     5.9082      7.928      8.100    1437.87    1437.86     7.9101     8.0456    94.0960    95.7030  0.000e+00
      22274      8.500     5.4409     5.4414    0.82212    0.82220          1     3.5678     3.3296      82.39      0.356     0.5193     0.2361  6.650e-02  0.1352000     7.4955     7.4961     0.0006     0.0005     5.9074     5.9078      8.423      8.607    1437.88    1437.88     7.9101     8.0423    94.0970    95.6720  0.000e+00
      22298      9.000     5.4412     5.4413    0.82215    0.82221          1     3.5680     3.3291      81.95      0.464     0.5092     0.2562  4.343e-02  0.1413000     7.4956     7.4962     0.0006     0.0001     5.9075     5.9079      8.918      9.113    1437.89    1437.89     7.9131     8.0440    94.1340    95.6920  0.000e+00
      22327      9.500     5.4409     5.4379    0.82213    0.82212          1     3.5682     3.3287      81.44      0.452     0.5065     0.2758  1.572e-02  0.1364000     7.4954     7.4959     0.0006    -0.0029     5.9073     5.9079      9.414      9.619    1437.90    1437.88     7.9116     8.0462    94.1150    95.7090  0.000e+00
      22362     10.000     5.4355     5.4356    0.82199    0.82207          1     3.5677     3.3286      80.84      0.342     0.4916     0.2382  5.076e-03  0.1268000     7.4952     7.4959     0.0008     0.0001     5.9074     5.9080      9.909     10.126    1437.88    1437.88     7.9094     8.0492    94.0750    95.7400  0.000e+00
      22389     10.500     5.4350     5.4368    0.82197    0.82212          1     3.5668     3.3287      80.39      0.400     0.4887     0.2391  6.054e-03  0.1272000     7.4951     7.4961     0.0010     0.0018     5.9073     5.9080     10.405     10.632    1437.88    1437.90     7.9083     8.0497    94.0610    95.7480  0.000e+00
      22412     11.000     5.4341     5.4340    0.82188    0.82199          1     3.5669     3.3286      79.89      0.495     0.5001     0.2599  1.363e-04  0.1274000     7.4943     7.4954     0.0010    -0.0001     5.9068     5.9076     10.900     11.138    1437.89    1437.89     7.9122     8.0504    94.1050    95.7490  0.000e+00
      22436     11.500     5.4340     5.4339    0.82191    0.82198          1     3.5667     3.3286      79.45      0.508     0.5097     0.2410  3.636e-07  0.1323000     7.4945     7.4953     0.0007    -0.0001     5.9069     5.9075     11.396     11.644    1437.90    1437.90     7.9113     8.0478    94.0950    95.7180  0.000e+00
      22465     12.000     5.4339     5.4339    0.82189    0.82197          1     3.5667     3.3277      78.60      0.439     0.5120     0.2679  1.000e-12  0.1406000     7.4943     7.4951     0.0008    -0.0001     5.9068     5.9074     11.891     12.151    1437.90    1437.90     7.9135     8.0419    94.1200    95.6480  0.000e+00
      22492     12.500     5.4338     5.4338    0.82186    0.82197          1     3.5673     3.3274      78.08      0.423     0.5101     0.2825  1.000e-12  0.1499000     7.4939     7.4950     0.0011     0.0000     5.9065     5.9074     12.387     12.657    1437.91    1437.91     7.9160     8.0481    94.1490    95.7210  0.000e+00
      22516     13.000     5.4337     5.4337    0.82183    0.82194          1     3.5670     3.3273      77.83      0.479     0.5116     0.2359  1.000e-12  0.1349000     7.4937     7.4947     0.0010     0.0000     5.9063     5.9071     12.882     13.163    1437.92    1437.92     7.9119     8.0459    94.1000    95.6950  0.000e+00
      22540     13.500     5.4338     5.4338    0.82182    0.82192          1     3.5662     3.3270      77.44      0.499     0.5121     0.2388  1.000e-12  0.1563000     7.4934     7.4944     0.0010    -0.0000     5.9061     5.9069     13.378     13.670    1437.93    1437.93     7.9087     8.0463    94.0630    95.6990  0.000e+00
      22569     14.000     5.4342     5.4341    0.82185    0.82193          1     3.5658     3.3267      76.88      0.440     0.5085     0.2015  1.000e-12  0.1517000     7.4936     7.4944     0.0008    -0.0001     5.9062     5.9068     13.873     14.176    1437.94    1437.94     7.9078     8.0452    94.0530    95.6880  0.000e+00
      22600     14.500     5.4343     5.4342    0.82186    0.82193          1     3.5648     3.3265      76.37      0.384     0.4952     0.2740  1.000e-12  0.1456000     7.4936     7.4943     0.0007    -0.0000     5.9062     5.9068     14.369     14.682    1437.94    1437.94     7.9063     8.0468    94.0360    95.7060  0.000e+00
      22628     15.000     5.4340     5.4343    0.82190    0.82195          1     3.5643     3.3264      75.79      0.414     0.5018     0.2959  1.000e-12  0.1321000     7.4939     7.4944     0.0005     0.0003     5.9065     5.9068     14.864     15.188    1437.95    1437.95     7.9086     8.0424    94.0620    95.6550  0.000e+00
      22653     15.500     5.4345     5.4343    0.82188    0.82196          1     3.5647     3.3252      75.24      0.465     0.5043     0.2553  1.000e-12  0.1349000     7.4937     7.4944     0.0008    -0.0001     5.9062     5.9069     15.359     15.695    1437.96    1437.96     7.9111     8.0353    94.0920    95.5700  0.000e+00
      22682     16.000     5.4335     5.4340    0.82190    0.82196          1     3.5647     3.3248      74.73      0.441     0.5085     0.2855  1.000e-12  0.1348000     7.4939     7.4945     0.0005     0.0005     5.9065     5.9069     15.855     16.201    1437.96    1437.97     7.9111     8.0398    94.0910    95.6230  0.000e+00
      22715     16.500     5.4332     5.4331    0.82190    0.82195          1     3.5647     3.3245      74.28      0.373     0.4978     0.2610  1.000e-12  0.1441000     7.4940     7.4945     0.0006    -0.0000     5.9066     5.9070     16.350     16.707    1437.97    1437.97     7.9105     8.0481    94.0820    95.7190  0.000e+00
      22743     17.000     5.4333     5.4332    0.82192    0.82198          1     3.5643     3.3249      73.80      0.393     0.4917     0.2527  1.000e-12  0.1377000     7.4941     7.4946     0.0006    -0.0001     5.9066     5.9071     16.846     17.213    1437.98    1437.98     7.9109     8.0457    94.0880    95.6910  0.000e+00
      22768     17.500     5.4333     5.4332    0.82193    0.82201          1     3.5646     3.3248      73.27      0.459     0.5045     0.2532  1.000e-12  0.1333000     7.4941     7.4949     0.0009    -0.0001     5.9066     5.9073     17.341     17.720    1437.99    1437.99     7.9146     8.0449    94.1320    95.6820  0.000e+00
      22792     18.000     5.4335     5.4334    0.82201    0.82209          1     3.5647     3.3248      72.84      0.502     0.5094     0.2487  1.000e-12  0.1359000     7.4948     7.4956     0.0008    -0.0001     5.9072     5.9078     17.837     18.226    1438.00    1438.00     7.9123     8.0476    94.1060    95.7150  0.000e+00
      22818     18.500     5.4334     5.4333    0.82201    0.82208          1     3.5644     3.3249      71.85      0.474     0.4940     0.2523  1.000e-12  0.1474000     7.4948     7.4954     0.0007    -0.0001     5.9071     5.9077     18.332     18.732    1438.00    1438.01     7.9101     8.0486    94.0790    95.7260  0.000e+00
      22845     19.000     5.4337     5.4339    0.82209    0.82224          1     3.5641     3.3253      71.59      0.447     0.4746     0.2635  1.000e-12  0.1452000     7.4954     7.4968     0.0014     0.0002     5.9076     5.9088     18.828     19.239    1438.02    1438.02     7.9122     8.0504    94.1060    95.7500  0.000e+00
      22871     19.500     5.4342     5.4344    0.82234    0.82245          1     3.5642     3.3249      71.15      0.459     0.4855     0.2811  1.000e-12  0.1385000     7.4977     7.4987     0.0010     0.0002     5.9094     5.9102     19.323     19.745    1438.03    1438.03     7.9132     8.0440    94.1200    95.6760  0.000e+00
      22899     20.000     5.4340     5.4342    0.82224    0.82234          1     3.5640     3.3247      70.74      0.444     0.5086     0.2591  1.000e-12  0.1456000     7.4967     7.4976     0.0009     0.0001     5.9086     5.9093     19.818     20.251    1438.03    1438.04     7.9102     8.0449    94.0830    95.6860  0.000e+00
      22927     20.500     5.4339     5.4338    0.82212    0.82220          1     3.5636     3.3244      70.21      0.422     0.5054     0.2255  1.000e-12  0.1337000     7.4955     7.4963     0.0008    -0.0001     5.9077     5.9083     20.314     20.757    1438.04    1438.04     7.9121     8.0473    94.1040    95.7130  0.000e+00
      22955     21.000     5.4340     5.4339    0.82213    0.82223          1     3.5636     3.3241      69.66      0.430     0.4902     0.2308  1.000e-12  0.1367000     7.4955     7.4964     0.0010    -0.0001     5.9077     5.9084     20.809     21.264    1438.05    1438.05     7.9120     8.0428    94.1030    95.6600  0.000e+00
      22983     21.500     5.4344     5.4343    0.82271    0.82280          1     3.5633     3.3239      69.09      0.430     0.4994     0.2538  1.000e-12  0.1333000     7.5010     7.5019     0.0009    -0.0001     5.9120     5.9127     21.305     21.770    1438.06    1438.07     7.9120     8.0479    94.1080    95.7240  0.000e+00
      23012     22.000     5.4347     5.4346    0.82317    0.82329          1     3.5637     3.3242      68.57      0.413     0.5016     0.2404  1.000e-12  0.1290000     7.5054     7.5065     0.0012    -0.0001     5.9155     5.9164     21.800     22.276    1438.08    1438.08     7.9174     8.0502    94.1760    95.7550  0.000e+00
      23040     22.500     5.4346     5.4344    0.82331    0.82355          1     3.5644     3.3246      68.09      0.426     0.5036     0.2958  1.000e-12  0.1382000     7.5067     7.5091     0.0024    -0.0001     5.9165     5.9184     22.296     22.783    1438.09    1438.09     7.9184     8.0543    94.1880    95.8060  0.000e+00
      23066     23.000     5.4344     5.4344    0.82354    0.82370          1     3.5644     3.3249      67.35      0.449     0.5029     0.2960  1.000e-12  0.1355000     7.5089     7.5105     0.0016    -0.0000     5.9183     5.9195     22.791     23.289    1438.10    1438.10     7.9129     8.0514    94.1240    95.7720  0.000e+00
      23095     23.500     5.4344     5.4343    0.82369    0.82375          1     3.5633     3.3248      66.95      0.433     0.5163     0.2787  1.000e-12  0.1423000     7.5104     7.5109     0.0006    -0.0001     5.9194     5.9199     23.286     23.795    1438.11    1438.11     7.9084     8.0488    94.0710    95.7410  0.000e+00
      23124     24.000     5.4344     5.4344    0.82390    0.82384          1     3.5626     3.3243      66.60      0.414     0.5390     0.2704  1.000e-12  0.1420000     7.5123     7.5117    -0.0006    -0.0000     5.9210     5.9205     23.782     24.301    1438.12    1438.12     7.9104     8.0442    94.0960    95.6870  0.000e+00
      23149     24.500     5.4345     5.4344    0.82383    0.82389          1     3.5625     3.3237      66.10      0.441     0.5411     0.3042  1.000e-12  0.1358000     7.5115     7.5121     0.0006    -0.0001     5.9203     5.9208     24.277     24.808    1438.13    1438.13     7.9121     8.0434    94.1160    95.6770  0.000e+00
      23174     25.000     5.4347     5.4345    0.82365    0.82375          1     3.5622     3.3230      65.59      0.485     0.5275     0.2693  1.000e-12  0.1335000     7.5097     7.5107     0.0010    -0.0002     5.9189     5.9197     24.773     25.314    1438.13    1438.13     7.9091     8.0402    94.0800    95.6380  0.000e+00
