ctdpy/tests/etc/exprapp_feb_2020/SBE09_1387_20200207_0801_77_10_0120.cnv
* Sea-Bird SBE 9 Data File:
* FileName = L:\2020\sv20d0120.hex
* Software Version Seasave V 7.26.7.121
* Temperature SN = 6378
* Conductivity SN = 4824
* Number of Bytes Per Scan = 41
* Number of Voltage Words = 4
* Number of Scans Averaged by the Deck Unit = 1
* NMEA Latitude = 57 11.57 N
* NMEA Longitude = 011 39.44 E
* NMEA UTC (Time) = Feb 07 2020  08:01:28
* NMEA baud rate = 4800
** Station:  Fladen
** Operator:  DBSj
** Ship: SVEA
** Average sound velocity: 1474.83 m/s
** True-depth calculation Fri, 07 Feb 2020 09:43:39 +0000
** CTD Python Module SMHI /ver 3-12/ feb 2012 
** LIMS Job: 20207710-0120
** Cruise: SMHI-03-2020
** Latitude [GG MM.mm N] :
** Longitude [GGG MM.mm E]:
# nquan = 30
# nvalues = 165                         
# units = specified
# name 0 = scan: Scan Count
# name 1 = prDM: Pressure, Digiquartz [db]
# name 2 = t090C: Temperature [ITS-90, deg C]
# name 3 = t190C: Temperature, 2 [ITS-90, deg C]
# name 4 = c0S/m: Conductivity [S/m]
# name 5 = c1S/m: Conductivity, 2 [S/m]
# name 6 = pumps: Pump Status
# name 7 = sbeox0V: Oxygen raw, SBE 43 [V]
# name 8 = sbeox1V: Oxygen raw, SBE 43, 2 [V]
# name 9 = altM: Altimeter [m]
# name 10 = dz/dtM: Descent Rate [m/s]
# name 11 = flECO-AFL: Chl-a Fluorescence, WET Labs ECO-AFL/FL [mg/m^3]
# name 12 = flECO-AFL1: Phycocyanin Fluorescence, WET Labs ECO-AFL/FL, 2 [mg/m^3]
# name 13 = par: PAR/Irradiance, Biospherical/Lico [µE/(cm^2*s)]
# name 14 = turbWETntu0: Turbidity, WET Labs ECO [NTU]
# name 15 = sal00: Salinity, Practical [PSU]
# name 16 = sal11: Salinity, Practical, 2 [PSU]
# name 17 = secS-priS: Salinity, Practical, Difference, 2 - 1 [PSU]
# name 18 = T2-T190C: Temperature Difference, 2 - 1 [ITS-90, deg C]
# name 19 = sigma-t00: Density [sigma-t, kg/m^3 ]
# name 20 = sigma-t11: Density, 2 [sigma-t, kg/m^3 ]
# name 21 = depSM: Depth [salt water, m], lat = 57.1928
# name 22 = depFM: Depth [true depth, m], lat = 57.1928
# name 23 = svCM: Sound Velocity [Chen-Millero, m/s]
# name 24 = svCM1: Sound Velocity, 2 [Chen-Millero, m/s]
# name 25 = sbeox0ML/L: Oxygen, SBE 43 [ml/l], WS = 2
# name 26 = sbeox1ML/L: Oxygen, SBE 43, 2 [ml/l], WS = 2
# name 27 = sbeox0PS: Oxygen, SBE 43 [% saturation], WS = 2
# name 28 = sbeox1PS: Oxygen, SBE 43, 2 [% saturation], WS = 2
# name 29 = flag: flag
# span 0 =      40317,      47115       
# span 1 =      2.000,     84.500       
# span 2 =     5.0268,     7.2156       
# span 3 =     5.0268,     7.2137       
# span 4 =   2.366960,   3.425430       
# span 5 =   2.366985,   3.424972       
# span 6 =          1,          1       
# span 7 =     3.3746,     3.6404       
# span 8 =     3.1431,     3.3830       
# span 9 =       0.95,      98.03       
# span 10 =     -0.058,      0.523      
# span 11 =     0.2868,     1.5997      
# span 12 =     0.1672,     0.4520      
# span 13 = -6.515e-07, 4.4359e+01      
# span 14 =     0.3899,     1.8107      
# span 15 =    23.8793,    33.6195      
# span 16 =    23.8798,    33.6164      
# span 17 =    -0.0518,     0.2476      
# span 18 =    -0.0264,     0.0246      
# span 19 =    18.8698,    26.3032      
# span 20 =    18.8701,    26.3009      
# span 21 =      1.982,     83.705      
# span 22 =      1.999,     83.975      
# span 23 =    1456.77,    1481.50      
# span 24 =    1456.77,    1481.49      
# span 25 =     5.9757,     7.3860      
# span 26 =     6.0630,     7.4874      
# span 27 =     88.117,     97.001      
# span 28 =     89.404,     98.335      
# span 29 = 0.0000e+00, 0.0000e+00      
# interval = decibars: 0.5              
# start_time = Feb 07 2020 08:01:29 [NMEA time, first data scan]
# bad_flag = -9.990e-29
*END*
[from data line 97]
      42724     50.500     6.8398     6.8399    3.35017    3.35011          1     3.4774     3.2354      35.28      0.514     0.3439     0.2575  1.000e-12  0.8625000    33.1712    33.1703    -0.0009     0.0002    25.9998    25.9991     50.029     50.229    1476.57    1476.57     6.2677     6.3522    91.3920    92.6250  0.000e+00
      42748     51.000     6.8496     6.8509    3.35140    3.35152          1     3.4786     3.2364      34.92      0.499     0.3349     0.2517  1.000e-12  0.8838000    33.1750    33.1750     0.0000     0.0013    26.0015    26.0013     50.525     50.725    1476.62    1476.63     6.2654     6.3515    91.3820    92.6410  0.000e+00
      42773     51.500     6.8508     6.8519    3.35214    3.35214          1     3.4789     3.2369      34.16      0.487     0.3221     0.2565  1.000e-12  0.8783000    33.1817    33.1807    -0.0011     0.0010    26.0066    26.0056     51.020     51.221    1476.65    1476.65     6.2609     6.3483    91.3230    92.5990  0.000e+00
      42797     52.000     6.8500     6.8517    3.35294    3.35309          1     3.4782     3.2370      33.57      0.499     0.3552     0.2371  1.000e-12  0.9184000    33.1910    33.1911     0.0001     0.0017    26.0140    26.0138     51.515     51.718    1476.66    1476.67     6.2510     6.3386    91.1820    92.4640  0.000e+00
      42820     52.500     6.8628     6.8621    3.35505    3.35495          1     3.4749     3.2351      32.94      0.508     0.3371     0.2447  1.000e-12  0.8936000    33.2017    33.2012    -0.0005    -0.0006    26.0207    26.0204     52.010     52.214    1476.73    1476.73     6.2389     6.3221    91.0390    92.2510  0.000e+00
      42845     53.000     6.8749     6.8739    3.35731    3.35728          1     3.4735     3.2335      32.42      0.497     0.3433     0.2570  1.000e-12  0.9114000    33.2144    33.2151     0.0007    -0.0010    26.0291    26.0299     52.506     52.711    1476.80    1476.80     6.2421     6.3334    91.1180    92.4490  0.000e+00
      42869     53.500     6.9056     6.9062    3.36277    3.36289          1     3.4732     3.2345      31.93      0.489     0.3356     0.2343  1.000e-12  0.9412000    33.2445    33.2453     0.0008     0.0006    26.0487    26.0493     53.001     53.207    1476.97    1476.97     6.2384     6.3287    91.1460    92.4680  0.000e+00
      42894     54.000     6.8966     6.8966    3.36328    3.36315          1     3.4725     3.2329      31.45      0.492     0.3335     0.2605  1.000e-12  0.9245000    33.2585    33.2571    -0.0013    -0.0000    26.0609    26.0599     53.496     53.703    1476.96    1476.96     6.2283     6.3076    90.9900    92.1460  0.000e+00
      42917     54.500     6.9014     6.9007    3.36412    3.36401          1     3.4690     3.2301      31.11      0.506     0.3436     0.2974  1.000e-12  0.9305000    33.2629    33.2623    -0.0006    -0.0007    26.0638    26.0634     53.991     54.200    1476.99    1476.99     6.2132     6.2971    90.7810    92.0040  0.000e+00
      42940     55.000     6.9258     6.9312    3.36749    3.36817          1     3.4659     3.2276      30.53      0.516     0.3371     0.2703  1.000e-12  0.9462000    33.2760    33.2782     0.0022     0.0054    26.0708    26.0719     54.487     54.696    1477.11    1477.14     6.2067     6.2897    90.7450    91.9700  0.000e+00
      42964     55.500     6.9450     6.9436    3.37041    3.37012          1     3.4635     3.2258      30.01      0.504     0.3420     0.2444  1.000e-12  0.9469000    33.2892    33.2874    -0.0018    -0.0014    26.0786    26.0774     54.982     55.192    1477.21    1477.21     6.2034     6.2923    90.7450    92.0410  0.000e+00
      42988     56.000     6.9449     6.9441    3.37038    3.37021          1     3.4629     3.2250      24.52      0.497     0.3378     0.2256  1.000e-12  0.9648000    33.2886    33.2875    -0.0011    -0.0008    26.0782    26.0774     55.477     55.689    1477.22    1477.22     6.2104     6.2958    90.8470    92.0930  0.000e+00
      43012     56.500     6.9429     6.9430    3.37009    3.37004          1     3.4635     3.2248      28.70      0.508     0.3335     0.2145  1.000e-12  0.9750000    33.2872    33.2866    -0.0006     0.0000    26.0773    26.0768     55.972     56.185    1477.22    1477.22     6.2158     6.3000    90.9210    92.1520  0.000e+00
      43035     57.000     6.9442     6.9437    3.37021    3.37008          1     3.4642     3.2247      28.38      0.512     0.3325     0.2367  1.000e-12  0.9953000    33.2870    33.2860    -0.0010    -0.0005    26.0770    26.0763     56.468     56.681    1477.23    1477.23     6.2145     6.2996    90.9050    92.1480  0.000e+00
      43059     57.500     6.9467     6.9493    3.37068    3.37113          1     3.4632     3.2243      27.94      0.510     0.3457     0.2535  1.000e-12  1.0445000    33.2895    33.2920     0.0024     0.0025    26.0787    26.0802     56.963     57.177    1477.25    1477.26     6.1953     6.2804    90.6300    91.8810  0.000e+00
      43083     58.000     6.9572     6.9575    3.37257    3.37290          1     3.4575     3.2200      27.42      0.501     0.3458     0.2375  1.000e-12  1.0815000    33.2999    33.3032     0.0033     0.0003    26.0854    26.0880     57.458     57.674    1477.31    1477.32     6.1739     6.2501    90.3450    91.4630  0.000e+00
      43108     58.500     6.9907     6.9875    3.37900    3.37858          1     3.4549     3.2164      26.90      0.487     0.3277     0.2380  1.000e-12  1.0731000    33.3375    33.3360    -0.0015    -0.0033    26.1105    26.1098     57.954     58.170    1477.50    1477.48     6.1727     6.2519    90.4200    91.5710  0.000e+00
      43133     59.000     7.0343     7.0307    3.38518    3.38478          1     3.4502     3.2136      26.48      0.484     0.3223     0.2254  1.000e-12  1.0772000    33.3627    33.3618    -0.0009    -0.0037    26.1244    26.1243     58.449     58.666    1477.71    1477.69     6.1318     6.2147    89.9250    91.1330  0.000e+00
      43156     59.500     7.0136     7.0153    3.38431    3.38420          1     3.4420     3.2066      26.02      0.497     0.3268     0.1672  1.000e-12  1.0761000    33.3731    33.3701    -0.0030     0.0017    26.1354    26.1328     58.944     59.163    1477.65    1477.65     6.1223     6.1990    89.7490    90.8750  0.000e+00
      43180     60.000     7.0677     7.0566    3.39069    3.38985          1     3.4388     3.2036      25.47      0.507     0.3256     0.2684  1.000e-12  1.0659000    33.3901    33.3917     0.0016    -0.0111    26.1415    26.1443     59.439     59.659    1477.89    1477.85     6.1213     6.2080    89.8560    91.1060  0.000e+00
      43204     60.500     7.0869     7.0989    3.39336    3.39447          1     3.4349     3.2007      24.96      0.502     0.3144     0.2233  1.000e-12  1.1086000    33.4005    33.4010     0.0005     0.0121    26.1470    26.1458     59.935     60.155    1477.99    1478.03     6.0997     6.1797    89.5850    90.7850  0.000e+00
      43229     61.000     7.0564     7.0572    3.39022    3.39030          1     3.4296     3.1957      24.46      0.493     0.3167     0.2336  1.000e-12  1.1296000    33.3955    33.3955    -0.0000     0.0009    26.1473    26.1472     60.430     60.652    1477.87    1477.87     6.0955     6.1747    89.4570    90.6210  0.000e+00
      43253     61.500     7.1052     7.1073    3.39588    3.39613          1     3.4258     3.1919      23.70      0.493     0.3054     0.2119  1.000e-12  1.1620000    33.4099    33.4106     0.0007     0.0021    26.1519    26.1522     60.925     61.148    1478.08    1478.09     6.0813     6.1577    89.3570    90.4850  0.000e+00
      43276     62.000     7.1165     7.1151    3.40045    3.39991          1     3.4214     3.1878      23.12      0.507     0.3018     0.2296  1.000e-12  1.2968000    33.4485    33.4440    -0.0045    -0.0015    26.1808    26.1774     61.420     61.644    1478.18    1478.17     6.0650     6.1487    89.1630    90.3880  0.000e+00
      43300     62.500     7.1250     7.1249    3.40314    3.40311          1     3.4167     3.1846      22.87      0.509     0.3071     0.2382  1.000e-12  1.4290000    33.4695    33.4691    -0.0003    -0.0001    26.1961    26.1959     61.916     62.140    1478.25    1478.25     6.0559     6.1411    89.0590    90.3120  0.000e+00
      43324     63.000     7.1418     7.1413    3.40614    3.40604          1     3.4135     3.1810      22.43      0.502     0.3004     0.2383  1.000e-12  1.4962000    33.4857    33.4850    -0.0006    -0.0005    26.2066    26.2061     62.411     62.637    1478.35    1478.34     6.0549     6.1363    89.0890    90.2850  0.000e+00
      43348     63.500     7.1464     7.1459    3.40706    3.40696          1     3.4120     3.1794      21.94      0.495     0.3075     0.2307  1.000e-12  1.5514000    33.4910    33.4903    -0.0006    -0.0005    26.2101    26.2097     62.906     63.133    1478.38    1478.37     6.0517     6.1430    89.0540    90.3960  0.000e+00
      43373     64.000     7.1480     7.1474    3.40762    3.40745          1     3.4092     3.1783      21.44      0.490     0.2994     0.2196  1.000e-12  1.5018000    33.4953    33.4940    -0.0013    -0.0005    26.2133    26.2123     63.401     63.629    1478.40    1478.39     6.0432     6.1385    88.9340    90.3350  0.000e+00
      43396     64.500     7.1509     7.1505    3.40839    3.40831          1     3.4074     3.1765      20.97      0.501     0.3180     0.2163  1.000e-12  1.5595000    33.5007    33.5001    -0.0006    -0.0003    26.2171    26.2167     63.897     64.126    1478.42    1478.42     6.0455     6.1306    88.9770    90.2280  0.000e+00
      43420     65.000     7.1548     7.1548    3.40920    3.40911          1     3.4068     3.1749      20.49      0.510     0.2868     0.2112  1.000e-12  1.5432000    33.5054    33.5045    -0.0008    -0.0000    26.2203    26.2196     64.392     64.622    1478.45    1478.45     6.0462     6.1285    88.9980    90.2080  0.000e+00
      43443     65.500     7.1565     7.1563    3.40951    3.40942          1     3.4060     3.1733      19.99      0.509     0.3087     0.2570  1.000e-12  1.5082000    33.5069    33.5062    -0.0008    -0.0002    26.2213    26.2207     64.887     65.118    1478.47    1478.47     6.0435     6.1248    88.9630    90.1590  0.000e+00
      43467     66.000     7.1569     7.1570    3.40959    3.40953          1     3.4055     3.1723      19.50      0.505     0.2978     0.2340  1.000e-12  1.5485000    33.5072    33.5064    -0.0008     0.0001    26.2214    26.2208     65.382     65.614    1478.48    1478.48     6.0448     6.1319    88.9840    90.2660  0.000e+00
      43492     66.500     7.1579     7.1574    3.40975    3.40962          1     3.4048     3.1722      18.97      0.494     0.2970     0.2059  1.000e-12  1.5557000    33.5077    33.5067    -0.0010    -0.0005    26.2217    26.2210     65.878     66.111    1478.49    1478.49     6.0402     6.1355    88.9180    90.3190  0.000e+00
      43516     67.000     7.1580     7.1577    3.40980    3.40966          1     3.4036     3.1723      18.47      0.495     0.2974     0.2322  1.000e-12  1.5112000    33.5080    33.5067    -0.0012    -0.0003    26.2219    26.2210     66.373     66.607    1478.50    1478.50     6.0406     6.1360    88.9240    90.3260  0.000e+00
      43541     67.500     7.1581     7.1579    3.40983    3.40969          1     3.4037     3.1723      17.98      0.488     0.2979     0.2352  1.000e-12  1.5181000    33.5078    33.5066    -0.0012    -0.0003    26.2218    26.2209     66.868     67.103    1478.51    1478.51     6.0425     6.1329    88.9520    90.2810  0.000e+00
      43565     68.000     7.1582     7.1579    3.40984    3.40972          1     3.4032     3.1714      17.48      0.494     0.2974     0.2217  1.000e-12  1.7442000    33.5077    33.5067    -0.0010    -0.0003    26.2217    26.2209     67.363     67.599    1478.52    1478.52     6.0416     6.1279    88.9380    90.2070  0.000e+00
      43588     68.500     7.1572     7.1571    3.40987    3.40975          1     3.4032     3.1709      17.04      0.509     0.3081     0.2435  1.000e-12  1.5914000    33.5087    33.5076    -0.0011    -0.0002    26.2226    26.2217     67.859     68.096    1478.52    1478.52     6.0423     6.1285    88.9480    90.2160  0.000e+00
      43612     69.000     7.1573     7.1569    3.40989    3.40977          1     3.4028     3.1702      16.56      0.510     0.3000     0.2480  1.000e-12  1.6552000    33.5086    33.5077    -0.0009    -0.0004    26.2225    26.2218     68.354     68.592    1478.53    1478.53     6.0413     6.1281    88.9340    90.2090  0.000e+00
      43635     69.500     7.1568     7.1567    3.40990    3.40978          1     3.4024     3.1701      16.04      0.513     0.3053     0.2244  1.000e-12  1.5529000    33.5089    33.5077    -0.0012    -0.0001    26.2228    26.2219     68.849     69.088    1478.54    1478.54     6.0392     6.1355    88.9010    90.3190  0.000e+00
      43658     70.000     7.1569     7.1566    3.40990    3.40979          1     3.4019     3.1708      15.53      0.511     0.3086     0.2167  1.000e-12  1.5925000    33.5086    33.5077    -0.0009    -0.0003    26.2226    26.2219     69.344     69.584    1478.55    1478.54     6.0405     6.1380    88.9200    90.3550  0.000e+00
      43682     70.500     7.1568     7.1566    3.40993    3.40982          1     3.4020     3.1709      15.02      0.508     0.3021     0.2364  1.000e-12  1.7225000    33.5088    33.5077    -0.0011    -0.0002    26.2227    26.2219     69.839     70.081    1478.55    1478.55     6.0443     6.1349    88.9770    90.3090  0.000e+00
      43706     71.000     7.1569     7.1566    3.40997    3.40983          1     3.4024     3.1709      14.51      0.500     0.2969     0.2207  1.000e-12  1.6647000    33.5089    33.5076    -0.0012    -0.0003    26.2228    26.2218     70.335     70.577    1478.56    1478.56     6.0436     6.1402    88.9660    90.3860  0.000e+00
      43731     71.500     7.1570     7.1567    3.41003    3.40990          1     3.4022     3.1719      14.03      0.494     0.2979     0.2342  1.000e-12  1.7049000    33.5092    33.5081    -0.0011    -0.0003    26.2230    26.2222     70.830     71.073    1478.57    1478.57     6.0423     6.1381    88.9470    90.3560  0.000e+00
      43755     72.000     7.1570     7.1568    3.41006    3.40997          1     3.4017     3.1706      13.52      0.493     0.2979     0.1774  1.000e-12  1.6488000    33.5093    33.5084    -0.0009    -0.0002    26.2231    26.2224     71.325     71.569    1478.58    1478.58     6.0388     6.1248    88.8970    90.1620  0.000e+00
      43780     72.500     7.1573     7.1572    3.41028    3.41020          1     3.4009     3.1697      13.02      0.489     0.2979     0.2189  1.000e-12  1.5219000    33.5111    33.5104    -0.0008    -0.0001    26.2245    26.2239     71.820     72.066    1478.59    1478.59     6.0404     6.1264    88.9210    90.1870  0.000e+00
      43803     73.000     7.1580     7.1577    3.41057    3.41042          1     3.4012     3.1687      12.55      0.499     0.2959     0.2084  1.000e-12  1.5461000    33.5134    33.5120    -0.0014    -0.0003    26.2261    26.2251     72.316     72.562    1478.61    1478.60     6.0426     6.1248    88.9570    90.1650  0.000e+00
      43827     73.500     7.1582     7.1581    3.41081    3.41083          1     3.4011     3.1680      11.69      0.507     0.3017     0.2290  1.000e-12  1.5445000    33.5156    33.5158     0.0002    -0.0000    26.2279    26.2281     72.811     73.058    1478.62    1478.62     6.0407     6.1173    88.9310    90.0580  0.000e+00
      43851     74.000     7.1586     7.1583    3.41127    3.41115          1     3.4008     3.1658      11.36      0.507     0.3051     0.2387  1.000e-12  1.5671000    33.5200    33.5190    -0.0010    -0.0003    26.2313    26.2305     73.306     73.554    1478.63    1478.63     6.0402     6.1075    88.9260    89.9150  0.000e+00
