ctdpy/tests/etc/exprapp_feb_2020/SBE09_1387_20200206_1025_77_10_0113.cnv
* Sea-Bird SBE 9 Data File:
* FileName = L:\2020\sv20d0113.hex
* Software Version Seasave V 7.26.7.121
* Temperature SN = 6378
* Conductivity SN = 4824
* Number of Bytes Per Scan = 41
* Number of Voltage Words = 4
* Number of Scans Averaged by the Deck Unit = 1
* NMEA Latitude = 58 15.58 N
* NMEA Longitude = 011 26.09 E
* NMEA UTC (Time) = Feb 06 2020  10:25:11
* NMEA baud rate = 4800
** Station:  Slägg
** Operator:  SSip
** Ship: SVEA
** Average sound velocity: 1475.88 m/s
** True-depth calculation Thu, 06 Feb 2020 13:13:44 +0000
** CTD Python Module SMHI /ver 3-12/ feb 2012 
** LIMS Job: 20207710-0113
** Cruise: SMHI-03-2020
** Latitude [GG MM.mm N] :
** Longitude [GGG MM.mm E]:
# nquan = 30
# nvalues = 150                         
# units = specified
# name 0 = scan: Scan Count
# name 1 = prDM: Pressure, Digiquartz [db]
# name 2 = t090C: Temperature [ITS-90, deg C]
# name 3 = t190C: Temperature, 2 [ITS-90, deg C]
# name 4 = c0S/m: Conductivity [S/m]
# name 5 = c1S/m: Conductivity, 2 [S/m]
# name 6 = pumps: Pump Status
# name 7 = sbeox0V: Oxygen raw, SBE 43 [V]
# name 8 = sbeox1V: Oxygen raw, SBE 43, 2 [V]
# name 9 = altM: Altimeter [m]
# name 10 = dz/dtM: Descent Rate [m/s]
# name 11 = flECO-AFL: Chl-a Fluorescence, WET Labs ECO-AFL/FL [mg/m^3]
# name 12 = flECO-AFL1: Phycocyanin Fluorescence, WET Labs ECO-AFL/FL, 2 [mg/m^3]
# name 13 = par: PAR/Irradiance, Biospherical/Lico [µE/(cm^2*s)]
# name 14 = turbWETntu0: Turbidity, WET Labs ECO [NTU]
# name 15 = sal00: Salinity, Practical [PSU]
# name 16 = sal11: Salinity, Practical, 2 [PSU]
# name 17 = secS-priS: Salinity, Practical, Difference, 2 - 1 [PSU]
# name 18 = T2-T190C: Temperature Difference, 2 - 1 [ITS-90, deg C]
# name 19 = sigma-t00: Density [sigma-t, kg/m^3 ]
# name 20 = sigma-t11: Density, 2 [sigma-t, kg/m^3 ]
# name 21 = depSM: Depth [salt water, m], lat = 58.2597
# name 22 = depFM: Depth [true depth, m], lat = 58.2597
# name 23 = svCM: Sound Velocity [Chen-Millero, m/s]
# name 24 = svCM1: Sound Velocity, 2 [Chen-Millero, m/s]
# name 25 = sbeox0ML/L: Oxygen, SBE 43 [ml/l], WS = 2
# name 26 = sbeox1ML/L: Oxygen, SBE 43, 2 [ml/l], WS = 2
# name 27 = sbeox0PS: Oxygen, SBE 43 [% saturation], WS = 2
# name 28 = sbeox1PS: Oxygen, SBE 43, 2 [% saturation], WS = 2
# name 29 = flag: flag
# span 0 =      24059,      28523       
# span 1 =      2.000,     76.500       
# span 2 =     5.5397,     7.8916       
# span 3 =     5.5361,     7.8918       
# span 4 =   2.914742,   3.531287       
# span 5 =   2.914425,   3.531162       
# span 6 =          1,          1       
# span 7 =     2.5409,     3.6242       
# span 8 =     2.3826,     3.3762       
# span 9 =       1.60,      98.07       
# span 10 =     -0.164,      0.548      
# span 11 =     0.2860,     1.1287      
# span 12 =     0.1636,     0.3578      
# span 13 = 1.0000e-12, 7.4296e+01      
# span 14 =     0.5490,     2.6557      
# span 15 =    29.5662,    34.1042      
# span 16 =    29.5659,    34.1028      
# span 17 =    -0.0325,     0.0896      
# span 18 =    -0.0423,     0.0499      
# span 19 =    23.3133,    26.5863      
# span 20 =    23.3134,    26.5852      
# span 21 =      1.981,     75.775      
# span 22 =      1.991,     75.978      
# span 23 =    1466.06,    1482.20      
# span 24 =    1466.04,    1482.20      
# span 25 =     4.0076,     6.9398      
# span 26 =     4.0827,     7.0518      
# span 27 =     60.223,     95.905      
# span 28 =     61.233,     97.395      
# span 29 = 0.0000e+00, 0.0000e+00      
# interval = decibars: 0.5              
# start_time = Feb 06 2020 10:25:12 [NMEA time, first data scan]
# bad_flag = -9.990e-29
*END*
[from data line 49]
      25317     26.500     7.0714     7.0715    3.34169    3.34158          1     3.4100     3.1762      52.18      0.473     0.3306     0.2462  1.093e-01  0.8115000    32.8675    32.8662    -0.0013     0.0001    25.7296    25.7286     26.252     26.347    1476.70    1476.70     6.0462     6.1323    88.4570    89.7150  0.000e+00
      25341     27.000     7.0682     7.0695    3.34217    3.34214          1     3.4058     3.1739      51.64      0.479     0.3224     0.2784  9.348e-02  0.8450000    32.8756    32.8741    -0.0015     0.0013    25.7364    25.7350     26.747     26.843    1476.71    1476.71     6.0449     6.1376    88.4360    89.7940  0.000e+00
      25366     27.500     7.1124     7.1159    3.34854    3.34880          1     3.4056     3.1737      51.18      0.490     0.3418     0.2624  7.559e-02  0.9028000    32.9026    32.9022    -0.0005     0.0035    25.7517    25.7508     27.243     27.340    1476.92    1476.93     6.0529     6.1455    88.6590    90.0220  0.000e+00
      25390     28.000     7.1058     7.1061    3.34870    3.34859          1     3.4072     3.1752      50.71      0.497     0.3568     0.1713  5.335e-02  0.8216000    32.9105    32.9090    -0.0015     0.0003    25.7587    25.7575     27.738     27.836    1476.91    1476.91     6.0581     6.1573    88.7260    90.1780  0.000e+00
      25414     28.500     7.0710     7.0709    3.34598    3.34584          1     3.4082     3.1768      50.20      0.499     0.3675     0.2338  3.928e-02  0.8379000    32.9138    32.9123    -0.0015    -0.0001    25.7661    25.7649     28.233     28.333    1476.79    1476.79     6.0684     6.1678    88.8070    90.2620  0.000e+00
      25438     29.000     7.0647     7.0635    3.34545    3.34528          1     3.4105     3.1788      49.64      0.495     0.3570     0.2507  3.028e-02  0.8707000    32.9138    32.9130    -0.0008    -0.0012    25.7669    25.7665     28.729     28.829    1476.77    1476.77     6.0773     6.1769    88.9240    90.3800  0.000e+00
      25463     29.500     7.0571     7.0574    3.34505    3.34491          1     3.4124     3.1807      49.11      0.483     0.3670     0.2556  1.983e-02  0.8572000    32.9165    32.9146    -0.0018     0.0003    25.7700    25.7686     29.224     29.326    1476.76    1476.76     6.0772     6.1790    88.9100    90.3990  0.000e+00
      25488     30.000     7.0502     7.0546    3.34467    3.34483          1     3.4125     3.1820      48.69      0.481     0.3778     0.2297  6.065e-03  0.8958000    32.9186    32.9162    -0.0023     0.0043    25.7726    25.7702     29.719     29.822    1476.74    1476.75     6.0791     6.1804    88.9250    90.4130  0.000e+00
      25512     30.500     7.0461     7.0458    3.34482    3.34483          1     3.4146     3.1834      48.24      0.490     0.3563     0.1703  4.966e-04  0.8901000    32.9239    32.9244     0.0005    -0.0003    25.7774    25.7778     30.214     30.319    1476.74    1476.74     6.0886     6.1875    89.0580    90.5040  0.000e+00
      25535     31.000     7.0407     7.0405    3.34464    3.34450          1     3.4157     3.1846      47.80      0.506     0.3565     0.1991  6.458e-07  0.8474000    32.9269    32.9256    -0.0013    -0.0003    25.7804    25.7795     30.710     30.815    1476.73    1476.73     6.0914     6.1905    89.0900    90.5380  0.000e+00
      25559     31.500     7.0214     7.0200    3.34300    3.34274          1     3.4183     3.1864      47.37      0.516     0.3659     0.2399  3.237e-10  0.8756000    32.9272    32.9258    -0.0014    -0.0015    25.7833    25.7824     31.205     31.312    1476.66    1476.66     6.1141     6.2150    89.3820    90.8540  0.000e+00
      25583     32.000     7.0019     7.0022    3.34133    3.34124          1     3.4242     3.1910      46.70      0.506     0.3673     0.2387  1.000e-12  0.9188000    32.9274    32.9261    -0.0013     0.0003    25.7861    25.7850     31.700     31.808    1476.60    1476.60     6.1345     6.2389    89.6410    91.1650  0.000e+00
      25608     32.500     6.9683     6.9671    3.33852    3.33826          1     3.4285     3.1949      46.21      0.482     0.3777     0.2381  1.000e-12  0.8852000    32.9286    32.9269    -0.0017    -0.0012    25.7915    25.7904     32.196     32.305    1476.48    1476.47     6.1412     6.2385    89.6700    91.0870  0.000e+00
      25634     33.000     6.9331     6.9333    3.33665    3.33665          1     3.4315     3.1967      45.67      0.465     0.4031     0.2323  1.000e-12  1.0546000    32.9415    32.9415    -0.0001     0.0002    25.8064    25.8063     32.691     32.801    1476.36    1476.36     6.1461     6.2395    89.6770    91.0390  0.000e+00
      25659     33.500     6.9362     6.9389    3.33810    3.33831          1     3.4326     3.1981      45.12      0.474     0.4133     0.2425  1.000e-12  0.9514000    32.9543    32.9539    -0.0004     0.0027    25.8161    25.8154     33.186     33.298    1476.40    1476.41     6.1443     6.2437    89.6640    91.1190  0.000e+00
      25683     34.000     6.9320     6.9324    3.33824    3.33814          1     3.4341     3.2003      44.65      0.496     0.3839     0.2892  1.000e-12  0.9499000    32.9595    32.9582    -0.0014     0.0004    25.8207    25.8196     33.681     33.794    1476.40    1476.40     6.1527     6.2579    89.7820    91.3160  0.000e+00
      25706     34.500     6.9277     6.9276    3.33800    3.33789          1     3.4366     3.2029      44.28      0.513     0.4091     0.2387  1.000e-12  0.9212000    32.9609    32.9597    -0.0012    -0.0001    25.8224    25.8215     34.177     34.290    1476.39    1476.39     6.1644     6.2666    89.9440    91.4340  0.000e+00
      25730     35.000     6.9108     6.9102    3.33672    3.33657          1     3.4397     3.2055      43.52      0.505     0.3932     0.2827  1.000e-12  0.9581000    32.9628    32.9617    -0.0011    -0.0006    25.8261    25.8254     34.672     34.787    1476.33    1476.33     6.1688     6.2674    89.9730    91.4090  0.000e+00
      25755     35.500     6.8947     6.8943    3.33546    3.33530          1     3.4401     3.2060      42.95      0.491     0.4015     0.2984  1.000e-12  0.9644000    32.9642    32.9628    -0.0014    -0.0004    25.8294    25.8284     35.167     35.283    1476.28    1476.28     6.1645     6.2601    89.8780    91.2700  0.000e+00
      25779     36.000     6.8851     6.8844    3.33467    3.33453          1     3.4408     3.2068      41.76      0.496     0.4135     0.2424  1.000e-12  0.9406000    32.9644    32.9635    -0.0009    -0.0007    25.8308    25.8303     35.662     35.780    1476.25    1476.25     6.1758     6.2787    90.0240    91.5210  0.000e+00
      25802     36.500     6.8939     6.8938    3.33581    3.33569          1     3.4433     3.2097      41.60      0.509     0.4294     0.2756  1.000e-12  0.9528000    32.9682    32.9670    -0.0012    -0.0001    25.8326    25.8317     36.158     36.276    1476.30    1476.30     6.1803     6.2924    90.1100    91.7440  0.000e+00
      25826     37.000     6.8790     6.8747    3.33455    3.33400          1     3.4449     3.2126      41.38      0.514     0.4236     0.2840  1.000e-12  0.9401000    32.9685    32.9666    -0.0019    -0.0043    25.8349    25.8340     36.653     36.773    1476.25    1476.23     6.2025     6.3142    90.4030    92.0200  0.000e+00
      25850     37.500     6.8403     6.8420    3.33085    3.33089          1     3.4535     3.2182      41.11      0.505     0.4213     0.2934  1.000e-12  0.9513000    32.9647    32.9637    -0.0011     0.0017    25.8371    25.8360     37.148     37.269    1476.10    1476.11     6.2457     6.3439    90.9490    92.3820  0.000e+00
      25874     38.000     6.8224     6.8186    3.32985    3.32946          1     3.4610     3.2231      40.37      0.493     0.4192     0.2801  1.000e-12  0.9997000    32.9708    32.9702    -0.0006    -0.0039    25.8442    25.8442     37.644     37.766    1476.05    1476.03     6.2501     6.3449    90.9780    92.3510  0.000e+00
      25898     38.500     6.7612     6.7591    3.32734    3.32749          1     3.4641     3.2257      39.94      0.500     0.4263     0.2640  1.000e-12  1.0333000    33.0018    33.0055     0.0037    -0.0021    25.8767    25.8799     38.139     38.262    1475.86    1475.85     6.2494     6.3495    90.8590    92.3110  0.000e+00
      25921     39.000     6.7853     6.7858    3.33352    3.33356          1     3.4652     3.2278      39.38      0.513     0.4443     0.2529  1.000e-12  1.0204000    33.0464    33.0463    -0.0001     0.0005    25.9087    25.9086     38.634     38.758    1476.02    1476.02     6.2447     6.3495    90.8680    92.3940  0.000e+00
      25944     39.500     6.7932     6.7932    3.33497    3.33489          1     3.4671     3.2305      38.94      0.516     0.4510     0.2475  1.000e-12  0.9916000    33.0544    33.0535    -0.0009     0.0000    25.9140    25.9132     39.129     39.255    1476.07    1476.06     6.2539     6.3636    91.0230    92.6190  0.000e+00
      25968     40.000     6.7786     6.7763    3.33391    3.33362          1     3.4712     3.2346      38.49      0.506     0.4558     0.2854  1.000e-12  0.9905000    33.0566    33.0557    -0.0009    -0.0024    25.9176    25.9172     39.625     39.751    1476.02    1476.01     6.2776     6.3799    91.3380    92.8210  0.000e+00
      25992     40.500     6.7602     6.7582    3.33279    3.33248          1     3.4766     3.2380      37.96      0.498     0.4756     0.2993  1.000e-12  1.0061000    33.0618    33.0603    -0.0015    -0.0020    25.9241    25.9232     40.120     40.248    1475.96    1475.95     6.2880     6.3835    91.4530    92.8380  0.000e+00
      26016     41.000     6.7328     6.7318    3.33050    3.33032          1     3.4793     3.2401      37.40      0.502     0.4844     0.2419  1.000e-12  1.0299000    33.0628    33.0617    -0.0010    -0.0010    25.9285    25.9279     40.615     40.744    1475.86    1475.86     6.2906     6.3855    91.4350    92.8120  0.000e+00
      26039     41.500     6.7324     6.7320    3.33087    3.33074          1     3.4816     3.2417      36.91      0.509     0.4541     0.3168  1.000e-12  1.0542000    33.0669    33.0659    -0.0009    -0.0004    25.9318    25.9311     41.110     41.240    1475.87    1475.87     6.2929     6.3819    91.4700    92.7620  0.000e+00
      26063     42.000     6.7373     6.7373    3.33183    3.33173          1     3.4828     3.2421      36.45      0.514     0.4613     0.2786  1.000e-12  1.0107000    33.0725    33.0715    -0.0010    -0.0000    25.9356    25.9348     41.606     41.737    1475.91    1475.91     6.2856     6.3708    91.3770    92.6150  0.000e+00
      26087     42.500     6.7386     6.7385    3.33229    3.33220          1     3.4807     3.2404      35.88      0.504     0.4608     0.2697  1.000e-12  1.0011000    33.0761    33.0752    -0.0009    -0.0001    25.9383    25.9376     42.101     42.233    1475.93    1475.93     6.2585     6.3406    90.9880    92.1810  0.000e+00
      26113     43.000     6.7530     6.7551    3.33459    3.33476          1     3.4734     3.2349      35.16      0.480     0.5023     0.2634  1.000e-12  0.9954000    33.0873    33.0871    -0.0001     0.0021    25.9452    25.9448     42.596     42.730    1476.01    1476.01     6.2259     6.3034    90.5510    91.6830  0.000e+00
      26138     43.500     6.7957     6.7989    3.33975    3.34010          1     3.4654     3.2282      34.73      0.467     0.4649     0.2464  1.000e-12  1.0494000    33.1027    33.1033     0.0006     0.0033    25.9517    25.9517     43.091     43.226    1476.20    1476.21     6.1998     6.2776    90.2700    91.4090  0.000e+00
      26162     44.000     6.8323     6.8340    3.34427    3.34440          1     3.4582     3.2222      34.04      0.485     0.4718     0.2521  1.000e-12  1.0272000    33.1168    33.1165    -0.0003     0.0017    25.9579    25.9574     43.587     43.722    1476.37    1476.37     6.1839     6.2632    90.1230    91.2810  0.000e+00
      26184     44.500     6.8478     6.8504    3.34609    3.34636          1     3.4537     3.2180      33.43      0.521     0.4508     0.2656  1.000e-12  1.0213000    33.1216    33.1220     0.0004     0.0026    25.9597    25.9596     44.082     44.219    1476.44    1476.45     6.1811     6.2606    90.1170    91.2820  0.000e+00
      26206     45.000     6.8655     6.8681    3.34814    3.34837          1     3.4490     3.2135      33.17      0.544     0.4387     0.2701  1.000e-12  1.1140000    33.1267    33.1267     0.0000     0.0026    25.9613    25.9610     44.577     44.715    1476.53    1476.54     6.1331     6.2028    89.4570    90.4780  0.000e+00
      26229     45.500     6.8900     6.8890    3.35134    3.35109          1     3.4319     3.1998      32.70      0.536     0.4397     0.3124  1.000e-12  1.0172000    33.1379    33.1361    -0.0018    -0.0010    25.9669    25.9656     45.072     45.212    1476.64    1476.64     6.0476     6.1080    88.2660    89.1440  0.000e+00
      26254     46.000     6.9257     6.9359    3.35562    3.35645          1     3.4108     3.1826      31.41      0.498     0.4292     0.2846  1.000e-12  0.9953000    33.1502    33.1496    -0.0006     0.0101    25.9717    25.9699     45.568     45.708    1476.81    1476.85     6.0299     6.1088    88.0870    89.2600  0.000e+00
      26280     46.500     7.0275     7.0254    3.36672    3.36643          1     3.4077     3.1801      31.21      0.469     0.3939     0.2627  1.000e-12  1.0219000    33.1734    33.1723    -0.0012    -0.0021    25.9764    25.9757     46.063     46.204    1477.24    1477.23     6.0939     6.1965    89.2450    90.7420  0.000e+00
      26304     47.000     7.0113     7.0039    3.36513    3.36425          1     3.4170     3.1855      30.87      0.481     0.4058     0.2620  1.000e-12  1.0862000    33.1713    33.1689    -0.0024    -0.0074    25.9769    25.9760     46.558     46.701    1477.18    1477.15     6.1237     6.2145    89.6460    90.9570  0.000e+00
      26327     47.500     6.9034     6.8984    3.35444    3.35371          1     3.4191     3.1857      30.32      0.513     0.3928     0.2395  1.000e-12  1.0179000    33.1580    33.1549    -0.0031    -0.0050    25.9809    25.9792     47.053     47.197    1476.76    1476.73     6.1136     6.2074    89.2680    90.6260  0.000e+00
      26349     48.000     6.8926     6.8960    3.35390    3.35427          1     3.4171     3.1858      29.85      0.538     0.4249     0.2401  1.000e-12  1.0145000    33.1624    33.1632     0.0008     0.0034    25.9858    25.9860     47.549     47.693    1476.73    1476.74     6.1068     6.2194    89.1500    90.8000  0.000e+00
      26372     48.500     6.9464     6.9451    3.36054    3.36033          1     3.4165     3.1884      29.50      0.532     0.4374     0.2412  1.000e-12  1.0536000    33.1830    33.1819    -0.0011    -0.0013    25.9948    25.9941     48.044     48.190    1476.97    1476.96     6.1092     6.2368    89.3070    91.1700  0.000e+00
      26396     49.000     6.9460     6.9037    3.36075    3.35641          1     3.4202     3.1923      28.87      0.506     0.4238     0.2604  1.000e-12  1.0313000    33.1855    33.1787    -0.0067    -0.0423    25.9968    25.9972     48.539     48.686    1476.98    1476.81     6.1407     6.2561    89.7680    91.3620  0.000e+00
      26421     49.500     6.9070     6.8788    3.35690    3.35386          1     3.4283     3.1970      28.34      0.486     0.4280     0.2865  1.000e-12  0.9963000    33.1806    33.1745    -0.0061    -0.0282    25.9982    25.9972     49.034     49.182    1476.83    1476.71     6.1788     6.2863    90.2410    91.7480  0.000e+00
