ctdpy/tests/etc/exprapp_feb_2020/SBE09_1387_20200209_0419_77_10_0131.cnv
* Sea-Bird SBE 9 Data File:
* FileName = L:\2020\sv20d0131.hex
* Software Version Seasave V 7.26.7.121
* Temperature SN = 6378
* Conductivity SN = 4824
* Number of Bytes Per Scan = 41
* Number of Voltage Words = 4
* Number of Scans Averaged by the Deck Unit = 1
* NMEA Latitude = 55 13.06 N
* NMEA Longitude = 017 04.06 E
* NMEA UTC (Time) = Feb 09 2020  04:19:08
* NMEA baud rate = 4800
** Station:  BY7 Stolpe ränna
** Operator:  SSip
** Ship: SVEA
** Average sound velocity: 1447.23 m/s
** True-depth calculation Sun, 09 Feb 2020 05:23:49 +0000
** CTD Python Module SMHI /ver 3-12/ feb 2012 
** LIMS Job: 20207710-0131
** Cruise: SMHI-03-2020
** Latitude [GG MM.mm N] :
** Longitude [GGG MM.mm E]:
# nquan = 30
# nvalues = 173                         
# units = specified
# name 0 = scan: Scan Count
# name 1 = prDM: Pressure, Digiquartz [db]
# name 2 = t090C: Temperature [ITS-90, deg C]
# name 3 = t190C: Temperature, 2 [ITS-90, deg C]
# name 4 = c0S/m: Conductivity [S/m]
# name 5 = c1S/m: Conductivity, 2 [S/m]
# name 6 = pumps: Pump Status
# name 7 = sbeox0V: Oxygen raw, SBE 43 [V]
# name 8 = sbeox1V: Oxygen raw, SBE 43, 2 [V]
# name 9 = altM: Altimeter [m]
# name 10 = dz/dtM: Descent Rate [m/s]
# name 11 = flECO-AFL: Chl-a Fluorescence, WET Labs ECO-AFL/FL [mg/m^3]
# name 12 = flECO-AFL1: Phycocyanin Fluorescence, WET Labs ECO-AFL/FL, 2 [mg/m^3]
# name 13 = par: PAR/Irradiance, Biospherical/Lico [µE/(cm^2*s)]
# name 14 = turbWETntu0: Turbidity, WET Labs ECO [NTU]
# name 15 = sal00: Salinity, Practical [PSU]
# name 16 = sal11: Salinity, Practical, 2 [PSU]
# name 17 = secS-priS: Salinity, Practical, Difference, 2 - 1 [PSU]
# name 18 = T2-T190C: Temperature Difference, 2 - 1 [ITS-90, deg C]
# name 19 = sigma-t00: Density [sigma-t, kg/m^3 ]
# name 20 = sigma-t11: Density, 2 [sigma-t, kg/m^3 ]
# name 21 = depSM: Depth [salt water, m], lat = 55.2177
# name 22 = depFM: Depth [true depth, m], lat = 55.2177
# name 23 = svCM: Sound Velocity [Chen-Millero, m/s]
# name 24 = svCM1: Sound Velocity, 2 [Chen-Millero, m/s]
# name 25 = sbeox0ML/L: Oxygen, SBE 43 [ml/l], WS = 2
# name 26 = sbeox1ML/L: Oxygen, SBE 43, 2 [ml/l], WS = 2
# name 27 = sbeox0PS: Oxygen, SBE 43 [% saturation], WS = 2
# name 28 = sbeox1PS: Oxygen, SBE 43, 2 [% saturation], WS = 2
# name 29 = flag: flag
# span 0 =      21105,      27250       
# span 1 =      1.500,     88.000       
# span 2 =     5.4332,     9.6448       
# span 3 =     5.4331,     9.6453       
# span 4 =   0.821819,   1.747685       
# span 5 =   0.821919,   1.747852       
# span 6 =          1,          1       
# span 7 =     1.3503,     3.5720       
# span 8 =     1.2957,     3.3320       
# span 9 =       0.85,      88.94       
# span 10 =     -0.163,      0.584      
# span 11 =     0.3322,     0.5487      
# span 12 =     0.1483,     0.3212      
# span 13 = 1.0000e-12, 1.5499e+00      
# span 14 =     0.1152,     0.5915      
# span 15 =     7.4934,    14.9921      
# span 16 =     7.4943,    14.9935      
# span 17 =    -0.0271,     0.0721      
# span 18 =    -0.0468,     0.0330      
# span 19 =     5.9061,    11.4226      
# span 20 =     5.9068,    11.4236      
# span 21 =      1.486,     87.187      
# span 22 =      1.519,     88.949      
# span 23 =    1437.74,    1466.17      
# span 24 =    1437.74,    1465.96      
# span 25 =     1.4762,     7.9187      
# span 26 =     1.5077,     8.0599      
# span 27 =     20.044,     94.197      
# span 28 =     20.473,     95.877      
# span 29 = 0.0000e+00, 0.0000e+00      
# interval = decibars: 0.5              
# start_time = Feb 09 2020 04:19:08 [NMEA time, first data scan]
# bad_flag = -9.990e-29
*END*
[from data line 146]
      25775     74.500     8.9501     8.9493    1.66271    1.66297          1     1.3525     1.2957      14.96      0.468     0.3737     0.2066  1.000e-12  0.2581000    14.4814    14.4841     0.0027    -0.0007    11.1061    11.1083     73.814     75.353    1462.12    1462.12     1.5632     1.6184    21.1890    21.9370  0.000e+00
      25800     75.000     9.0059     9.0006    1.67172    1.67152          1     1.3619     1.3018      14.44      0.500     0.3796     0.2134  1.000e-12  0.2586000    14.5438    14.5441     0.0004    -0.0053    11.1485    11.1494     74.309     75.857    1462.42    1462.40     1.5983     1.6716    21.7020    22.6950  0.000e+00
      25828     75.500     9.0579     9.0564    1.68070    1.68067          1     1.3722     1.3104      13.92      0.452     0.3657     0.1920  1.000e-12  0.2577000    14.6074    14.6078     0.0004    -0.0015    11.1922    11.1926     74.804     76.361    1462.71    1462.71     1.6143     1.6908    21.9540    22.9950  0.000e+00
      25856     76.000     9.0676     9.0671    1.68422    1.68439          1     1.3807     1.3176      13.53      0.424     0.3725     0.2090  1.000e-12  0.2457000    14.6366    14.6384     0.0018    -0.0005    11.2138    11.2153     75.300     76.864    1462.79    1462.79     1.6259     1.6988    22.1220    23.1140  0.000e+00
      25881     76.500     9.0781     9.0780    1.68615    1.68632          1     1.3858     1.3228      13.06      0.460     0.3735     0.2330  1.000e-12  0.2523000    14.6504    14.6521     0.0016    -0.0002    11.2234    11.2247     75.795     77.368    1462.86    1462.86     1.6242     1.6952    22.1060    23.0730  0.000e+00
      25904     77.000     9.1119     9.1099    1.69346    1.69335          1     1.3881     1.3250      12.49      0.493     0.3840     0.2016  1.000e-12  0.2556000    14.7054    14.7053    -0.0001    -0.0021    11.2624    11.2625     76.290     77.872    1463.07    1463.06     1.6230     1.6889    22.1150    23.0120  0.000e+00
      25928     77.500     9.1627     9.1613    1.70422    1.70436          1     1.3910     1.3276      11.94      0.509     0.3701     0.2010  1.000e-12  0.2470000    14.7860    14.7879     0.0019    -0.0014    11.3193    11.3209     76.786     78.375    1463.37    1463.37     1.6388     1.7039    22.3670    23.2560  0.000e+00
      25955     78.000     9.2086     9.2060    1.71121    1.71144          1     1.3994     1.3337      11.40      0.480     0.3701     0.2353  1.000e-12  0.2429000    14.8328    14.8361     0.0032    -0.0026    11.3504    11.3533     77.281     78.879    1463.61    1463.61     1.6827     1.7508    22.9980    23.9280  0.000e+00
      25986     78.500     9.2856     9.2855    1.71861    1.71913          1     1.4157     1.3464      10.36      0.396     0.3715     0.2351  1.000e-12  0.2618000    14.8706    14.8754     0.0049    -0.0001    11.3709    11.3747     77.776     79.382    1463.97    1463.97     1.7310     1.8032    23.7060    24.6950  0.000e+00
      26015     79.000     9.4092     9.4030    1.72819    1.72822          1     1.4308     1.3593      10.14      0.396     0.3587     0.1775  1.000e-12  0.3493000    14.9092    14.9121     0.0029    -0.0062    11.3863    11.3893     78.271     79.886    1464.50    1464.48     1.7542     1.8287    24.0980    25.1180  0.000e+00
      26039     79.500     9.4826     9.4811    1.73390    1.73412          1     1.4408     1.3687       9.86      0.464     0.3496     0.1782  1.000e-12  0.4273000    14.9322    14.9348     0.0026    -0.0014    11.3955    11.3977     78.767     80.389    1464.82    1464.82     1.7604     1.8323    24.2280    25.2180  0.000e+00
      26063     80.000     9.5677     9.5678    1.74032    1.74061          1     1.4476     1.3754       9.44      0.505     0.3587     0.2155  1.000e-12  0.5004000    14.9568    14.9596     0.0027     0.0001    11.4045    11.4066     79.262     80.893    1465.19    1465.19     1.7594     1.8266    24.2660    25.1920  0.000e+00
      26093     80.500     9.5832     9.5808    1.74175    1.74172          1     1.4526     1.3810       8.84      0.432     0.3652     0.2028  1.000e-12  0.5831000    14.9637    14.9645     0.0007    -0.0024    11.4080    11.4088     79.757     81.396    1465.26    1465.26     1.7589     1.8249    24.2690    25.1770  0.000e+00
      26132     81.000     9.5847     9.5827    1.74198    1.74197          1     1.4556     1.3853       8.27      0.311     0.3551     0.2045  1.000e-12  0.5824000    14.9651    14.9659     0.0008    -0.0021    11.4088    11.4097     80.253     81.900    1465.28    1465.27     1.7580     1.8223    24.2570    25.1440  0.000e+00
      26164     81.500     9.5846     9.5835    1.74196    1.74202          1     1.4566     1.3867       7.79      0.352     0.3621     0.2007  1.000e-12  0.5471000    14.9648    14.9659     0.0010    -0.0011    11.4086    11.4096     80.748     82.403    1465.29    1465.28     1.7579     1.8189    24.2560    25.0960  0.000e+00
      26192     82.000     9.5825     9.5815    1.74181    1.74187          1     1.4572     1.3877       7.27      0.417     0.3666     0.1954  1.000e-12  0.5915000    14.9642    14.9652     0.0010    -0.0010    11.4084    11.4093     81.243     82.907    1465.29    1465.28     1.7584     1.8182    24.2620    25.0870  0.000e+00
      26225     82.500     9.5782     9.5763    1.74151    1.74152          1     1.4574     1.3878       6.75      0.386     0.3524     0.2012  1.000e-12  0.5522000    14.9631    14.9639     0.0008    -0.0019    11.4081    11.4090     81.738     83.410    1465.28    1465.27     1.7585     1.8169    24.2600    25.0650  0.000e+00
      26263     83.000     9.5681     9.5679    1.74089    1.74099          1     1.4578     1.3882       6.24      0.314     0.3669     0.2011  1.000e-12  0.5213000    14.9614    14.9624     0.0011    -0.0003    11.4079    11.4088     82.234     83.914    1465.24    1465.24     1.7607     1.8186    24.2840    25.0820  0.000e+00
      26299     83.500     9.5658     9.5648    1.74078    1.74085          1     1.4584     1.3885       5.75      0.327     0.3587     0.2071  1.000e-12  0.5160000    14.9612    14.9622     0.0010    -0.0010    11.4081    11.4090     82.729     84.418    1465.24    1465.24     1.7631     1.8202    24.3160    25.1030  0.000e+00
      26336     84.000     9.5685     9.5678    1.74103    1.74111          1     1.4592     1.3889       5.24      0.332     0.3661     0.2188  1.000e-12  0.5394000    14.9623    14.9634     0.0011    -0.0007    11.4086    11.4095     83.224     84.921    1465.26    1465.26     1.7652     1.8233    24.3480    25.1480  0.000e+00
      26377     84.500     9.5759     9.5741    1.74161    1.74163          1     1.4608     1.3906       4.71      0.288     0.3515     0.1948  1.000e-12  0.5317000    14.9645    14.9655     0.0009    -0.0019    11.4094    11.4104     83.720     85.425    1465.30    1465.30     1.7739     1.8356    24.4710    25.3220  0.000e+00
      26412     85.000     9.5922     9.5908    1.74297    1.74303          1     1.4640     1.3933       4.24      0.333     0.3555     0.2272  1.000e-12  0.4951000    14.9704    14.9715     0.0011    -0.0014    11.4121    11.4131     84.215     85.928    1465.38    1465.38     1.7852     1.8452    24.6380    25.4650  0.000e+00
      26450     85.500     9.5868     9.5856    1.74288    1.74292          1     1.4685     1.3968       3.70      0.326     0.3491     0.2217  1.000e-12  0.4876000    14.9717    14.9725     0.0009    -0.0011    11.4137    11.4145     84.710     86.432    1465.37    1465.36     1.7969     1.8567    24.7960    25.6210  0.000e+00
      26497     86.000     9.6054     9.6035    1.74433    1.74429          1     1.4723     1.4004       3.17      0.253     0.3589     0.2379  1.000e-12  0.4686000    14.9773    14.9778     0.0005    -0.0019    11.4159    11.4165     85.205     86.935    1465.45    1465.45     1.7975     1.8583    24.8160    25.6540  0.000e+00
      26539     86.500     9.6371     9.6354    1.74694    1.74699          1     1.4726     1.4011       2.65      0.282     0.3464     0.2141  1.000e-12  0.5260000    14.9885    14.9897     0.0011    -0.0017    11.4207    11.4218     85.701     87.439    1465.60    1465.59     1.7893     1.8459    24.7220    25.5040  0.000e+00
      26592     87.000     9.6448     9.6453    1.74768    1.74785          1     1.4706     1.3990       2.05      0.216     0.3648     0.1483  1.000e-12  0.4848000    14.9921    14.9935     0.0013     0.0005    11.4226    11.4236     86.196     87.942    1465.64    1465.64     1.7750     1.8280    24.5290    25.2620  0.000e+00
      27250     88.000     9.6228     9.5761    1.74497    1.74022          1     1.4701     1.3944       0.85     -0.114     0.3464     0.2266  1.000e-12  0.4910000    14.9769    14.9518    -0.0250    -0.0468    11.4138    11.4000     87.187     88.949    1466.17    1465.96     1.7756     1.8156    24.5200    25.0410  0.000e+00
