ctdpy/tests/etc/exprapp_feb_2020/SBE09_1387_20200206_1847_77_10_0117.cnv
* Sea-Bird SBE 9 Data File:
* FileName = L:\2020\sv20d0117.hex
* Software Version Seasave V 7.26.7.121
* Temperature SN = 6378
* Conductivity SN = 4824
* Number of Bytes Per Scan = 41
* Number of Voltage Words = 4
* Number of Scans Averaged by the Deck Unit = 1
* NMEA Latitude = 58 15.86 N
* NMEA Longitude = 010 43.33 E
* NMEA UTC (Time) = Feb 06 2020  18:47:54
* NMEA baud rate = 4800
** Station:  Å16
** Operator:  DBSj
** Ship: SVEA
** Average sound velocity: 1481.52 m/s
** True-depth calculation Thu, 06 Feb 2020 19:25:34 +0000
** CTD Python Module SMHI /ver 3-12/ feb 2012 
** LIMS Job: 20207710-0117
** Cruise: SMHI-03-2020
** Latitude [GG MM.mm N] :
** Longitude [GGG MM.mm E]:
# nquan = 30
# nvalues = 401                         
# units = specified
# name 0 = scan: Scan Count
# name 1 = prDM: Pressure, Digiquartz [db]
# name 2 = t090C: Temperature [ITS-90, deg C]
# name 3 = t190C: Temperature, 2 [ITS-90, deg C]
# name 4 = c0S/m: Conductivity [S/m]
# name 5 = c1S/m: Conductivity, 2 [S/m]
# name 6 = pumps: Pump Status
# name 7 = sbeox0V: Oxygen raw, SBE 43 [V]
# name 8 = sbeox1V: Oxygen raw, SBE 43, 2 [V]
# name 9 = altM: Altimeter [m]
# name 10 = dz/dtM: Descent Rate [m/s]
# name 11 = flECO-AFL: Chl-a Fluorescence, WET Labs ECO-AFL/FL [mg/m^3]
# name 12 = flECO-AFL1: Phycocyanin Fluorescence, WET Labs ECO-AFL/FL, 2 [mg/m^3]
# name 13 = par: PAR/Irradiance, Biospherical/Lico [µE/(cm^2*s)]
# name 14 = turbWETntu0: Turbidity, WET Labs ECO [NTU]
# name 15 = sal00: Salinity, Practical [PSU]
# name 16 = sal11: Salinity, Practical, 2 [PSU]
# name 17 = secS-priS: Salinity, Practical, Difference, 2 - 1 [PSU]
# name 18 = T2-T190C: Temperature Difference, 2 - 1 [ITS-90, deg C]
# name 19 = sigma-t00: Density [sigma-t, kg/m^3 ]
# name 20 = sigma-t11: Density, 2 [sigma-t, kg/m^3 ]
# name 21 = depSM: Depth [salt water, m], lat = 58.2643
# name 22 = depFM: Depth [true depth, m], lat = 58.2643
# name 23 = svCM: Sound Velocity [Chen-Millero, m/s]
# name 24 = svCM1: Sound Velocity, 2 [Chen-Millero, m/s]
# name 25 = sbeox0ML/L: Oxygen, SBE 43 [ml/l], WS = 2
# name 26 = sbeox1ML/L: Oxygen, SBE 43, 2 [ml/l], WS = 2
# name 27 = sbeox0PS: Oxygen, SBE 43 [% saturation], WS = 2
# name 28 = sbeox1PS: Oxygen, SBE 43, 2 [% saturation], WS = 2
# name 29 = flag: flag
# span 0 =      17302,      29897       
# span 1 =      1.500,    201.500       
# span 2 =     6.1088,     8.0050       
# span 3 =     6.1081,     8.0041       
# span 4 =   3.205180,   3.636316       
# span 5 =   3.204984,   3.636163       
# span 6 =          1,          1       
# span 7 =     3.3931,     3.5864       
# span 8 =     3.1590,     3.3358       
# span 9 =     -26.50,      98.94       
# span 10 =     -0.199,      0.716      
# span 11 =     0.1825,     0.8541      
# span 12 =     0.1334,     0.3319      
# span 13 = -4.958e-08, 1.6368e+00      
# span 14 =     0.1593,     4.7319      
# span 15 =    32.2862,    35.0983      
# span 16 =    32.2850,    35.0965      
# span 17 =    -0.0125,     0.0640      
# span 18 =    -0.0097,     0.0265      
# span 19 =    25.3942,    27.3795      
# span 20 =    25.3936,    27.3785      
# span 21 =      1.486,    199.530      
# span 22 =      1.490,    199.820      
# span 23 =    1471.83,    1484.76      
# span 24 =    1471.84,    1484.76      
# span 25 =     5.8743,     6.6315      
# span 26 =     5.9417,     6.7221      
# span 27 =     88.850,     94.756      
# span 28 =     89.865,     96.056      
# span 29 = 0.0000e+00, 0.0000e+00      
# interval = decibars: 0.5              
# start_time = Feb 06 2020 18:47:54 [NMEA time, first data scan]
# bad_flag = -9.990e-29
*END*
[from data line 291]
      25251    147.000     7.7519     7.7517    3.61182    3.61167          1     3.4831     3.2429      97.95      0.409     0.2576     0.2103  1.000e-12  0.5011000    35.0761    35.0747    -0.0014    -0.0001    27.3707    27.3696    145.583    145.789    1484.05    1484.04     6.1243     6.2189    92.3240    93.7510  0.000e+00
      25277    147.500     7.7503     7.7496    3.61168    3.61149          1     3.4820     3.2432      72.59      0.450     0.2470     0.1987  1.000e-12  0.5129000    35.0759    35.0747    -0.0013    -0.0008    27.3708    27.3699    146.078    146.284    1484.05    1484.04     6.1276     6.2181    92.3720    93.7340  0.000e+00
      25305    148.000     7.7490     7.7471    3.61162    3.61131          1     3.4823     3.2426      98.28      0.449     0.2506     0.2405  1.000e-12  0.6703000    35.0763    35.0750    -0.0013    -0.0019    27.3713    27.3705    146.573    146.780    1484.05    1484.04     6.1316     6.2158    92.4300    93.6940  0.000e+00
      25332    148.500     7.7354     7.7347    3.61036    3.61014          1     3.4830     3.2426      97.95      0.432     0.2486     0.2424  1.000e-12  0.7429000    35.0761    35.0745    -0.0015    -0.0007    27.3731    27.3720    147.068    147.276    1484.01    1484.00     6.1356     6.2244    92.4610    93.7970  0.000e+00
      25357    149.000     7.7156     7.7152    3.60844    3.60821          1     3.4826     3.2432      97.96      0.465     0.2594     0.2523  1.000e-12  0.8481000    35.0750    35.0730    -0.0020    -0.0004    27.3752    27.3737    147.563    147.771    1483.94    1483.94     6.1374     6.2302    92.4470    93.8420  0.000e+00
      25379    149.500     7.7018     7.7037    3.60712    3.60717          1     3.4835     3.2438      92.21      0.514     0.2753     0.2141  1.000e-12  1.1102000    35.0745    35.0731    -0.0014     0.0019    27.3768    27.3754    148.058    148.267    1483.89    1483.90     6.1457     6.2362    92.5420    93.9080  0.000e+00
      25402    150.000     7.6983     7.6952    3.60680    3.60633          1     3.4842     3.2444      74.54      0.529     0.2831     0.1848  1.000e-12  1.3182000    35.0743    35.0723    -0.0020    -0.0031    27.3772    27.3761    148.553    148.763    1483.89    1483.88     6.1440     6.2379    92.5090    93.9150  0.000e+00
      25428    150.500     7.6892     7.6896    3.60595    3.60582          1     3.4839     3.2453      97.37      0.496     0.2880     0.2531  1.000e-12  1.7048000    35.0740    35.0721    -0.0019     0.0004    27.3783    27.3768    149.048    149.258    1483.86    1483.86     6.1437     6.2409    92.4860    93.9480  0.000e+00
      25463    151.000     7.6931     7.6842    3.60618    3.60529          1     3.4843     3.2447      45.60      0.371     0.2900     0.2889  1.000e-12  1.8823000    35.0723    35.0717    -0.0007    -0.0089    27.3764    27.3772    149.543    149.754    1483.88    1483.85     6.1480     6.2278    92.5570    93.7390  0.000e+00
      25500    151.500     7.6780     7.6771    3.60480    3.60454          1     3.4851     3.2432      67.62      0.300     0.2874     0.2651  1.000e-12  2.0542000    35.0722    35.0703    -0.0019    -0.0009    27.3786    27.3772    150.038    150.250    1483.84    1483.83     6.1505     6.2316    92.5630    93.7800  0.000e+00
      25525    152.000     7.6783     7.6777    3.60474    3.60457          1     3.4849     3.2430      58.84      0.411     0.2858     0.2377  1.000e-12  1.9576000    35.0711    35.0699    -0.0012    -0.0005    27.3776    27.3767    150.533    150.746    1483.84    1483.84     6.1498     6.2300    92.5520    93.7580  0.000e+00
      25545    152.500     7.6813     7.6805    3.60514    3.60493          1     3.4849     3.2426      92.91      0.531     0.2873     0.2231  1.000e-12  2.1714000    35.0722    35.0707    -0.0015    -0.0008    27.3781    27.3770    151.028    151.241    1483.87    1483.86     6.1476     6.2302    92.5270    93.7670  0.000e+00
      25564    153.000     7.6821     7.6816    3.60524    3.60507          1     3.4843     3.2425      97.92      0.605     0.2871     0.2196  1.000e-12  2.1163000    35.0722    35.0708    -0.0014    -0.0004    27.3779    27.3769    151.523    151.737    1483.88    1483.87     6.1445     6.2311    92.4810    93.7840  0.000e+00
      25585    153.500     7.6816     7.6816    3.60522    3.60510          1     3.4833     3.2422      63.93      0.613     0.2963     0.2274  1.000e-12  2.3228000    35.0722    35.0709    -0.0013     0.0000    27.3780    27.3770    152.018    152.233    1483.88    1483.88     6.1412     6.2295    92.4310    93.7600  0.000e+00
      25611    154.000     7.6822     7.6823    3.60530    3.60519          1     3.4821     3.2419      66.69      0.529     0.2913     0.2456  1.000e-12  2.3491000    35.0723    35.0709    -0.0013     0.0001    27.3780    27.3769    152.513    152.728    1483.89    1483.89     6.1406     6.2323    92.4230    93.8020  0.000e+00
      25647    154.500     7.6825     7.6825    3.60535    3.60521          1     3.4814     3.2425      63.62      0.352     0.2884     0.2240  1.000e-12  2.0373000    35.0723    35.0708    -0.0015    -0.0000    27.3779    27.3768    153.008    153.224    1483.90    1483.90     6.1427     6.2374    92.4550    93.8790  0.000e+00
      25687    155.000     7.6831     7.6835    3.60548    3.60536          1     3.4817     3.2425      72.14      0.286     0.2985     0.2760  1.000e-12  1.9277000    35.0727    35.0711    -0.0016     0.0003    27.3782    27.3769    153.503    153.720    1483.91    1483.91     6.1456     6.2294    92.5000    93.7610  0.000e+00
      25714    155.500     7.6835     7.6832    3.60556    3.60540          1     3.4820     3.2422      97.98      0.387     0.2885     0.2372  1.000e-12  2.1624000    35.0730    35.0716    -0.0014    -0.0003    27.3784    27.3773    153.998    154.215    1483.92    1483.92     6.1470     6.2344    92.5230    93.8360  0.000e+00
      25733    156.000     7.6836     7.6827    3.60560    3.60539          1     3.4823     3.2422      97.94      0.519     0.2780     0.2337  1.000e-12  1.9219000    35.0731    35.0717    -0.0014    -0.0009    27.3785    27.3775    154.493    154.711    1483.93    1483.93     6.1488     6.2325    92.5500    93.8070  0.000e+00
      25751    156.500     7.6847     7.6842    3.60575    3.60557          1     3.4827     3.2420      97.94      0.618     0.2795     0.2340  1.000e-12  1.9277000    35.0734    35.0719    -0.0014    -0.0005    27.3785    27.3774    154.988    155.207    1483.95    1483.94     6.1486     6.2271    92.5500    93.7300  0.000e+00
      25770    157.000     7.6874     7.6873    3.60604    3.60590          1     3.4827     3.2408      76.36      0.662     0.2851     0.2435  1.000e-12  2.0471000    35.0736    35.0722    -0.0013    -0.0002    27.3782    27.3772    155.483    155.703    1483.96    1483.96     6.1476     6.2221    92.5400    93.6600  0.000e+00
      25791    157.500     7.6881     7.6880    3.60613    3.60598          1     3.4827     3.2400      47.63      0.621     0.2791     0.2748  1.000e-12  2.3823000    35.0736    35.0721    -0.0015    -0.0001    27.3782    27.3770    155.978    156.198    1483.97    1483.97     6.1473     6.2229    92.5380    93.6740  0.000e+00
      25822    158.000     7.6880     7.6881    3.60615    3.60602          1     3.4820     3.2397      46.27      0.448     0.2869     0.2163  1.000e-12  2.0333000    35.0737    35.0722    -0.0015     0.0001    27.3782    27.3771    156.472    156.694    1483.98    1483.98     6.1424     6.2299    92.4630    93.7790  0.000e+00
      25860    158.500     7.6880     7.6879    3.60617    3.60601          1     3.4808     3.2405      92.76      0.315     0.2801     0.2249  1.000e-12  1.8264000    35.0736    35.0720    -0.0017    -0.0001    27.3782    27.3769    156.967    157.190    1483.99    1483.99     6.1426     6.2370    92.4660    93.8860  0.000e+00
      25891    159.000     7.6875     7.6866    3.60612    3.60588          1     3.4807     3.2408      63.14      0.358     0.2873     0.3056  1.000e-12  2.7913000    35.0733    35.0716    -0.0018    -0.0009    27.3780    27.3768    157.462    157.685    1484.00    1483.99     6.1447     6.2311    92.4960    93.7950  0.000e+00
      25916    159.500     7.6865     7.6865    3.60604    3.60590          1     3.4807     3.2407      44.17      0.439     0.2991     0.2412  1.000e-12  2.7804000    35.0732    35.0718    -0.0015     0.0000    27.3781    27.3770    157.957    158.181    1484.00    1484.00     6.1440     6.2338    92.4830    93.8350  0.000e+00
      25937    160.000     7.6870     7.6871    3.60611    3.60601          1     3.4803     3.2409      43.97      0.514     0.2878     0.2350  1.000e-12  2.5287000    35.0733    35.0721    -0.0013     0.0002    27.3781    27.3771    158.452    158.677    1484.01    1484.01     6.1426     6.2327    92.4640    93.8200  0.000e+00
      25958    160.500     7.6879     7.6878    3.60626    3.60612          1     3.4800     3.2405      43.70      0.577     0.2865     0.2364  1.000e-12  2.7459000    35.0738    35.0724    -0.0014    -0.0001    27.3783    27.3772    158.947    159.172    1484.02    1484.02     6.1431     6.2264    92.4730    93.7260  0.000e+00
      25979    161.000     7.6883     7.6881    3.60632    3.60617          1     3.4800     3.2397      43.40      0.591     0.2875     0.2445  1.000e-12  2.6737000    35.0737    35.0724    -0.0013    -0.0003    27.3782    27.3772    159.442    159.668    1484.03    1484.03     6.1432     6.2243    92.4750    93.6960  0.000e+00
      26004    161.500     7.6884     7.6883    3.60634    3.60622          1     3.4795     3.2388      42.73      0.526     0.2863     0.2645  1.000e-12  2.6436000    35.0736    35.0723    -0.0013    -0.0000    27.3781    27.3771    159.937    160.164    1484.04    1484.04     6.1434     6.2251    92.4780    93.7080  0.000e+00
      26038    162.000     7.6890     7.6891    3.60646    3.60634          1     3.4792     3.2390      93.65      0.371     0.2787     0.2476  1.000e-12  2.4599000    35.0740    35.0726    -0.0014     0.0001    27.3783    27.3772    160.432    160.660    1484.05    1484.05     6.1399     6.2345    92.4280    93.8510  0.000e+00
      26070    162.500     7.6898     7.6896    3.60657    3.60643          1     3.4784     3.2398      87.04      0.348     0.2840     0.2236  1.000e-12  2.3002000    35.0741    35.0729    -0.0013    -0.0002    27.3783    27.3773    160.927    161.155    1484.06    1484.06     6.1419     6.2321    92.4590    93.8160  0.000e+00
      26095    163.000     7.6894     7.6893    3.60655    3.60641          1     3.4787     3.2390      40.08      0.444     0.2812     0.2507  1.000e-12  2.6891000    35.0741    35.0727    -0.0014    -0.0001    27.3784    27.3773    161.422    161.651    1484.07    1484.07     6.1439     6.2230    92.4890    93.6780  0.000e+00
      26116    163.500     7.6896     7.6894    3.60658    3.60643          1     3.4787     3.2383      40.54      0.525     0.3013     0.2386  1.000e-12  3.8231000    35.0741    35.0726    -0.0014    -0.0002    27.3783    27.3772    161.917    162.147    1484.08    1484.08     6.1454     6.2263    92.5130    93.7280  0.000e+00
      26137    164.000     7.6896     7.6894    3.60660    3.60643          1     3.4794     3.2381      40.17      0.568     0.2855     0.2161  1.000e-12  2.5329000    35.0740    35.0724    -0.0016    -0.0002    27.3782    27.3770    162.412    162.642    1484.09    1484.08     6.1453     6.2304    92.5100    93.7900  0.000e+00
      26160    164.500     7.6889     7.6889    3.60652    3.60638          1     3.4787     3.2387      55.39      0.553     0.3007     0.2178  1.000e-12  2.6750000    35.0735    35.0720    -0.0015    -0.0000    27.3780    27.3768    162.907    163.138    1484.09    1484.09     6.1418     6.2378    92.4570    93.9000  0.000e+00
      26189    165.000     7.6865     7.6861    3.60629    3.60613          1     3.4785     3.2396      48.85      0.450     0.2953     0.2338  1.000e-12  2.5430000    35.0732    35.0719    -0.0014    -0.0004    27.3781    27.3771    163.402    163.634    1484.09    1484.09     6.1436     6.2366    92.4780    93.8760  0.000e+00
      26222    165.500     7.6867     7.6864    3.60633    3.60617          1     3.4781     3.2390      38.29      0.366     0.2936     0.2154  1.000e-12  2.6408000    35.0732    35.0719    -0.0013    -0.0004    27.3780    27.3771    163.897    164.129    1484.10    1484.10     6.1418     6.2223    92.4510    93.6610  0.000e+00
      26251    166.000     7.6871     7.6862    3.60640    3.60618          1     3.4777     3.2367      37.98      0.393     0.2847     0.2520  1.000e-12  2.3238000    35.0733    35.0718    -0.0015    -0.0008    27.3781    27.3770    164.392    164.625    1484.11    1484.11     6.1431     6.2196    92.4710    93.6200  0.000e+00
      26275    166.500     7.6859     7.6859    3.60632    3.60619          1     3.4777     3.2367      37.54      0.461     0.2809     0.2345  1.000e-12  2.4828000    35.0734    35.0721    -0.0014    -0.0000    27.3783    27.3773    164.887    165.121    1484.11    1484.11     6.1430     6.2325    92.4690    93.8140  0.000e+00
      26298    167.000     7.6862     7.6862    3.60636    3.60624          1     3.4774     3.2372      37.01      0.517     0.2857     0.2293  1.000e-12  2.8121000    35.0734    35.0720    -0.0014     0.0000    27.3782    27.3772    165.382    165.617    1484.12    1484.12     6.1441     6.2312    92.4850    93.7950  0.000e+00
      26320    167.500     7.6867     7.6864    3.60645    3.60629          1     3.4777     3.2370      36.55      0.541     0.2865     0.2364  1.000e-12  2.9464000    35.0736    35.0721    -0.0014    -0.0003    27.3783    27.3773    165.877    166.112    1484.13    1484.13     6.1471     6.2301    92.5310    93.7780  0.000e+00
      26345    168.000     7.6869     7.6869    3.60649    3.60636          1     3.4783     3.2375      36.03      0.511     0.2876     0.2414  1.000e-12  2.8127000    35.0735    35.0721    -0.0013    -0.0001    27.3782    27.3772    166.372    166.608    1484.14    1484.14     6.1464     6.2339    92.5200    93.8380  0.000e+00
      26376    168.500     7.6867     7.6868    3.60651    3.60638          1     3.4774     3.2372      35.39      0.418     0.2947     0.2502  1.000e-12  3.2437000    35.0736    35.0722    -0.0014     0.0000    27.3784    27.3773    166.867    167.104    1484.15    1484.15     6.1406     6.2303    92.4340    93.7830  0.000e+00
      26407    169.000     7.6872     7.6873    3.60657    3.60646          1     3.4764     3.2376      34.87      0.367     0.2996     0.2370  1.000e-12  3.0338000    35.0736    35.0722    -0.0014     0.0001    27.3783    27.3772    167.362    167.599    1484.16    1484.16     6.1421     6.2383    92.4570    93.9050  0.000e+00
      26432    169.500     7.6875     7.6870    3.60662    3.60645          1     3.4767     3.2384      34.51      0.436     0.2890     0.2266  1.000e-12  2.7820000    35.0736    35.0723    -0.0013    -0.0005    27.3783    27.3773    167.857    168.095    1484.17    1484.17     6.1435     6.2326    92.4790    93.8180  0.000e+00
      26452    170.000     7.6868     7.6866    3.60658    3.60643          1     3.4762     3.2373      34.18      0.530     0.2969     0.2254  1.000e-12  2.9821000    35.0736    35.0721    -0.0014    -0.0002    27.3783    27.3772    168.352    168.591    1484.17    1484.17     6.1403     6.2242    92.4290    93.6910  0.000e+00
