ctdpy/tests/etc/exprapp_feb_2020/SBE09_1387_20200210_2351_77_10_0139.cnv
* Sea-Bird SBE 9 Data File:
* FileName = L:\2020\sv20d0139.hex
* Software Version Seasave V 7.26.7.121
* Temperature SN = 6378
* Conductivity SN = 4824
* Number of Bytes Per Scan = 41
* Number of Voltage Words = 4
* Number of Scans Averaged by the Deck Unit = 1
* NMEA Latitude = 58 26.52 N
* NMEA Longitude = 020 20.15 E
* NMEA UTC (Time) = Feb 10 2020  23:51:42
* NMEA baud rate = 4800
** Station:  BY21
** Operator:  SSip
** Ship: SVEA
** Average sound velocity: 1440.70 m/s
** True-depth calculation Tue, 11 Feb 2020 01:00:47 +0000
** CTD Python Module SMHI /ver 3-12/ feb 2012 
** LIMS Job: 20207710-0139
** Cruise: SMHI-03-2020
** Latitude [GG MM.mm N] :
** Longitude [GGG MM.mm E]:
# nquan = 30
# nvalues = 224                         
# units = specified
# name 0 = scan: Scan Count
# name 1 = prDM: Pressure, Digiquartz [db]
# name 2 = t090C: Temperature [ITS-90, deg C]
# name 3 = t190C: Temperature, 2 [ITS-90, deg C]
# name 4 = c0S/m: Conductivity [S/m]
# name 5 = c1S/m: Conductivity, 2 [S/m]
# name 6 = pumps: Pump Status
# name 7 = sbeox0V: Oxygen raw, SBE 43 [V]
# name 8 = sbeox1V: Oxygen raw, SBE 43, 2 [V]
# name 9 = altM: Altimeter [m]
# name 10 = dz/dtM: Descent Rate [m/s]
# name 11 = flECO-AFL: Chl-a Fluorescence, WET Labs ECO-AFL/FL [mg/m^3]
# name 12 = flECO-AFL1: Phycocyanin Fluorescence, WET Labs ECO-AFL/FL, 2 [mg/m^3]
# name 13 = par: PAR/Irradiance, Biospherical/Lico [µE/(cm^2*s)]
# name 14 = turbWETntu0: Turbidity, WET Labs ECO [NTU]
# name 15 = sal00: Salinity, Practical [PSU]
# name 16 = sal11: Salinity, Practical, 2 [PSU]
# name 17 = secS-priS: Salinity, Practical, Difference, 2 - 1 [PSU]
# name 18 = T2-T190C: Temperature Difference, 2 - 1 [ITS-90, deg C]
# name 19 = sigma-t00: Density [sigma-t, kg/m^3 ]
# name 20 = sigma-t11: Density, 2 [sigma-t, kg/m^3 ]
# name 21 = depSM: Depth [salt water, m], lat = 58.442
# name 22 = depFM: Depth [true depth, m], lat = 58.442
# name 23 = svCM: Sound Velocity [Chen-Millero, m/s]
# name 24 = svCM1: Sound Velocity, 2 [Chen-Millero, m/s]
# name 25 = sbeox0ML/L: Oxygen, SBE 43 [ml/l], WS = 2
# name 26 = sbeox1ML/L: Oxygen, SBE 43, 2 [ml/l], WS = 2
# name 27 = sbeox0PS: Oxygen, SBE 43 [% saturation], WS = 2
# name 28 = sbeox1PS: Oxygen, SBE 43, 2 [% saturation], WS = 2
# name 29 = flag: flag
# span 0 =      48868,      55164       
# span 1 =      5.000,    116.500       
# span 2 =     5.1591,     6.5478       
# span 3 =     5.1588,     6.5475       
# span 4 =   0.803937,   1.243099       
# span 5 =   0.804103,   1.243201       
# span 6 =          1,          1       
# span 7 =     0.7498,     3.5252       
# span 8 =     0.7383,     3.2905       
# span 9 =       0.32,      98.16       
# span 10 =      0.051,      1.532      
# span 11 =     0.3302,     0.4417      
# span 12 =     0.1417,     0.2805      
# span 13 = -2.242e-04, 3.0706e-01      
# span 14 =     0.1152,     2.4014      
# span 15 =     7.3789,    11.3089      
# span 16 =     7.3806,    11.3100      
# span 17 =    -0.2953,     0.1697      
# span 18 =    -0.0928,     0.0490      
# span 19 =     5.8274,     8.8462      
# span 20 =     5.8288,     8.8471      
# span 21 =      4.953,    115.384      
# span 22 =      5.063,    117.867      
# span 23 =    1436.46,    1449.13      
# span 24 =    1436.47,    1449.13      
# span 25 =     0.0655,     7.8598      
# span 26 =    -0.5386,     8.0032      
# span 27 =      0.822,     92.772      
# span 28 =     -6.605,     94.464      
# span 29 = 0.0000e+00, 0.0000e+00      
# interval = decibars: 0.5              
# start_time = Feb 10 2020 23:51:43 [NMEA time, first data scan]
# bad_flag = -9.990e-29
*END*
[from data line 97]
      51697     53.500     5.1632     5.1628    0.80468    0.80475          1     3.5042     3.2700      68.31      1.183     0.3894     0.2380  1.000e-12  0.1548000     7.3799     7.3807     0.0008    -0.0004     5.8282     5.8289     52.995     54.176    1437.23    1437.23     7.8454     7.9802    92.6050    94.1950  0.000e+00
      51707     54.000     5.1628     5.1624    0.80467    0.80474          1     3.5032     3.2698      68.78      1.284     0.3957     0.2364  1.000e-12  0.1579000     7.3799     7.3807     0.0008    -0.0004     5.8281     5.8288     53.491     54.682    1437.24    1437.24     7.8414     7.9826    92.5560    94.2230  0.000e+00
      51719     54.500     5.1627     5.1622    0.80466    0.80474          1     3.5034     3.2700      49.59      1.257     0.3929     0.2293  1.000e-12  0.1643000     7.3798     7.3806     0.0008    -0.0005     5.8281     5.8288     53.986     55.189    1437.25    1437.25     7.8409     7.9890    92.5490    94.2980  0.000e+00
      51746     55.000     5.1623     5.1620    0.80467    0.80474          1     3.5030     3.2708      57.33      0.894     0.3910     0.2237  1.000e-12  0.1614000     7.3798     7.3806     0.0007    -0.0003     5.8282     5.8288     54.481     55.695    1437.25    1437.25     7.8420     7.9922    92.5620    94.3350  0.000e+00
      51857     55.500     5.1632     5.1627    0.80471    0.80477          1     3.5029     3.2694      67.22      0.269     0.3667     0.2305  1.000e-12  0.1327000     7.3799     7.3807     0.0007    -0.0005     5.8282     5.8288     54.976     56.201    1437.27    1437.27     7.8467     7.9724    92.6200    94.1020  0.000e+00
      51864     56.000     5.1631     5.1626    0.80471    0.80478          1     3.5033     3.2693      66.59      0.595     0.3704     0.2382  1.000e-12  0.1345000     7.3799     7.3807     0.0008    -0.0004     5.8282     5.8289     55.472     56.708    1437.27    1437.27     7.8463     7.9760    92.6150    94.1450  0.000e+00
      51873     56.500     5.1630     5.1626    0.80470    0.80478          1     3.5032     3.2692      66.19      0.864     0.3813     0.2345  1.000e-12  0.1458000     7.3799     7.3806     0.0008    -0.0003     5.8282     5.8288     55.967     57.214    1437.28    1437.28     7.8449     7.9777    92.5990    94.1650  0.000e+00
      51882     57.000     5.1635     5.1631    0.80473    0.80481          1     3.5029     3.2691      65.76      1.091     0.3798     0.1891  1.000e-12  0.1457000     7.3799     7.3808     0.0008    -0.0003     5.8282     5.8288     56.462     57.720    1437.29    1437.29     7.8415     7.9787    92.5590    94.1780  0.000e+00
      51892     57.500     5.1640     5.1637    0.80475    0.80483          1     3.5030     3.2688      65.28      1.250     0.3736     0.1911  1.000e-12  0.1484000     7.3800     7.3808     0.0008    -0.0004     5.8282     5.8289     56.957     58.227    1437.30    1437.30     7.8407     7.9795    92.5510    94.1880  0.000e+00
      51906     58.000     5.1638     5.1634    0.80477    0.80485          1     3.5023     3.2690      64.87      1.213     0.3695     0.2397  1.000e-12  0.1511000     7.3801     7.3810     0.0009    -0.0004     5.8283     5.8290     57.452     58.733    1437.31    1437.31     7.8395     7.9829    92.5360    94.2280  0.000e+00
      51989     58.500     5.1636     5.1634    0.80475    0.80483          1     3.5019     3.2688      63.66      0.163     0.3731     0.1806  1.000e-12  0.1211000     7.3799     7.3807     0.0008    -0.0002     5.8282     5.8288     57.948     59.239    1437.32    1437.32     7.8456     7.9822    92.6070    94.2200  0.000e+00
      52006     59.000     5.1637     5.1633    0.80476    0.80484          1     3.5017     3.2688      63.39      0.496     0.3691     0.1844  1.000e-12  0.1152000     7.3799     7.3807     0.0008    -0.0004     5.8282     5.8289     58.443     59.745    1437.32    1437.32     7.8425     7.9828    92.5710    94.2270  0.000e+00
      52020     59.500     5.1635     5.1632    0.80476    0.80484          1     3.5018     3.2688      62.92      0.737     0.3841     0.2046  1.000e-12  0.1387000     7.3799     7.3807     0.0008    -0.0002     5.8282     5.8288     58.938     60.252    1437.33    1437.33     7.8431     7.9833    92.5770    94.2330  0.000e+00
      52040     60.000     5.1637     5.1633    0.80479    0.80486          1     3.5014     3.2688      62.40      0.763     0.3838     0.1938  1.000e-12  0.1481000     7.3801     7.3808     0.0007    -0.0004     5.8283     5.8289     59.433     60.758    1437.34    1437.34     7.8399     7.9837    92.5400    94.2380  0.000e+00
      52104     60.500     5.1635     5.1633    0.80478    0.80486          1     3.5001     3.2688      61.54      0.141     0.3794     0.2308  1.000e-12  0.1341000     7.3799     7.3808     0.0008    -0.0001     5.8282     5.8289     59.928     61.264    1437.35    1437.35     7.8411     7.9789    92.5540    94.1810  0.000e+00
      52128     61.000     5.1634     5.1631    0.80479    0.80485          1     3.5002     3.2682      61.22      0.321     0.3803     0.2665  1.000e-12  0.1335000     7.3800     7.3807     0.0007    -0.0003     5.8282     5.8288     60.423     61.771    1437.35    1437.35     7.8413     7.9785    92.5560    94.1760  0.000e+00
      52142     61.500     5.1630     5.1628    0.80478    0.80485          1     3.4999     3.2681      60.84      0.570     0.3733     0.2771  1.000e-12  0.1404000     7.3799     7.3806     0.0008    -0.0003     5.8282     5.8288     60.919     62.277    1437.36    1437.36     7.8402     7.9802    92.5420    94.1950  0.000e+00
      52154     62.000     5.1656     5.1648    0.80491    0.80496          1     3.5000     3.2680      60.37      0.780     0.3695     0.2804  1.000e-12  0.1457000     7.3805     7.3813     0.0007    -0.0008     5.8286     5.8292     61.414     62.783    1437.38    1437.38     7.8402     7.9785    92.5490    94.1800  0.000e+00
      52165     62.500     5.1655     5.1648    0.80491    0.80498          1     3.5000     3.2677      59.90      0.941     0.3717     0.2622  1.000e-12  0.1457000     7.3806     7.3814     0.0008    -0.0007     5.8286     5.8293     61.909     63.290    1437.39    1437.39     7.8405     7.9764    92.5520    94.1550  0.000e+00
      52177     63.000     5.1662     5.1652    0.80492    0.80501          1     3.4997     3.2675      59.37      1.028     0.3789     0.2402  1.000e-12  0.1457000     7.3804     7.3815     0.0011    -0.0010     5.8285     5.8294     62.404     63.796    1437.40    1437.40     7.8399     7.9738    92.5470    94.1260  0.000e+00
      52211     63.500     5.1662     5.1656    0.80493    0.80499          1     3.4996     3.2666      58.74      0.814     0.3660     0.2205  1.000e-12  0.1478000     7.3804     7.3812     0.0008    -0.0006     5.8285     5.8291     62.900     64.302    1437.41    1437.41     7.8391     7.9725    92.5380    94.1110  0.000e+00
      52302     64.000     5.1659     5.1654    0.80492    0.80500          1     3.4985     3.2663      58.20      0.403     0.3775     0.2014  1.000e-12  0.1394000     7.3803     7.3812     0.0009    -0.0005     5.8284     5.8291     63.395     64.809    1437.41    1437.41     7.8337     7.9740    92.4730    94.1280  0.000e+00
      52313     64.500     5.1665     5.1663    0.80498    0.80506          1     3.4983     3.2658      57.77      0.688     0.3773     0.2072  1.000e-12  0.1370000     7.3807     7.3816     0.0009    -0.0002     5.8287     5.8294     63.890     65.315    1437.42    1437.42     7.8336     7.9765    92.4730    94.1600  0.000e+00
      52325     65.000     5.1669     5.1666    0.80502    0.80509          1     3.4979     3.2661      57.35      0.865     0.3804     0.2059  1.000e-12  0.1338000     7.3810     7.3818     0.0008    -0.0002     5.8289     5.8295     64.385     65.821    1437.43    1437.44     7.8358     7.9806    92.5000    94.2100  0.000e+00
      52337     65.500     5.1662     5.1658    0.80504    0.80509          1     3.4977     3.2661      56.83      0.959     0.3750     0.2059  1.000e-12  0.1392000     7.3813     7.3819     0.0006    -0.0004     5.8291     5.8296     64.880     66.328    1437.44    1437.44     7.8373     7.9811    92.5170    94.2130  0.000e+00
      52350     66.000     5.1658     5.1653    0.80503    0.80508          1     3.4979     3.2662      56.42      0.975     0.3690     0.2411  1.000e-12  0.1517000     7.3812     7.3818     0.0006    -0.0005     5.8291     5.8296     65.376     66.834    1437.45    1437.44     7.8398     7.9761    92.5450    94.1540  0.000e+00
      52368     66.500     5.1657     5.1652    0.80502    0.80510          1     3.4980     3.2654      55.73      0.871     0.3661     0.2470  1.000e-12  0.1433000     7.3811     7.3819     0.0008    -0.0004     5.8290     5.8297     65.871     67.340    1437.45    1437.45     7.8415     7.9726    92.5650    94.1120  0.000e+00
      52421     67.000     5.1656     5.1654    0.80504    0.80513          1     3.4976     3.2651      54.87      0.341     0.3717     0.2421  1.000e-12  0.1411000     7.3812     7.3821     0.0009    -0.0002     5.8291     5.8299     66.366     67.847    1437.46    1437.46     7.8379     7.9777    92.5220    94.1720  0.000e+00
      52477     67.500     5.1657     5.1654    0.80509    0.80515          1     3.4965     3.2649      54.29      0.236     0.3651     0.2388  1.000e-12  0.1448000     7.3816     7.3823     0.0007    -0.0003     5.8294     5.8300     66.861     68.353    1437.47    1437.47     7.8326     7.9765    92.4600    94.1590  0.000e+00
      52502     68.000     5.1664     5.1654    0.80524    0.80524          1     3.4958     3.2647      53.89      0.424     0.3663     0.2213  1.000e-12  0.1395000     7.3828     7.3831     0.0003    -0.0010     5.8304     5.8306     67.356     68.859    1437.48    1437.48     7.8315     7.9810    92.4490    94.2120  0.000e+00
      52523     68.500     5.1659     5.1655    0.80519    0.80524          1     3.4954     3.2650      53.45      0.506     0.3578     0.1882  1.000e-12  0.1396000     7.3824     7.3830     0.0006    -0.0004     5.8300     5.8305     67.851     69.366    1437.49    1437.48     7.8346     7.9794    92.4850    94.1940  0.000e+00
      52541     69.000     5.1671     5.1657    0.80530    0.80528          1     3.4956     3.2647      53.00      0.590     0.3751     0.1719  1.000e-12  0.1310000     7.3832     7.3833     0.0001    -0.0013     5.8306     5.8307     68.347     69.872    1437.50    1437.49     7.8367     7.9723    92.5130    94.1100  0.000e+00
      52558     69.500     5.1665     5.1656    0.80524    0.80526          1     3.4958     3.2640      51.81      0.666     0.3790     0.1980  1.000e-12  0.1291000     7.3826     7.3831     0.0004    -0.0009     5.8302     5.8306     68.842     70.378    1437.51    1437.50     7.8354     7.9706    92.4960    94.0900  0.000e+00
      52581     70.000     5.1656     5.1653    0.80518    0.80525          1     3.4952     3.2637      51.69      0.632     0.3799     0.2174  1.000e-12  0.1369000     7.3822     7.3829     0.0007    -0.0003     5.8299     5.8305     69.337     70.884    1437.51    1437.51     7.8319     7.9721    92.4520    94.1060  0.000e+00
      52613     70.500     5.1655     5.1651    0.80517    0.80524          1     3.4947     3.2629      51.25      0.404     0.3675     0.2182  1.000e-12  0.1425000     7.3821     7.3828     0.0007    -0.0004     5.8298     5.8304     69.832     71.391    1437.52    1437.52     7.8335     7.9703    92.4710    94.0850  0.000e+00
      52640     71.000     5.1652     5.1651    0.80516    0.80524          1     3.4944     3.2626      50.94      0.376     0.3720     0.1979  1.000e-12  0.1395000     7.3819     7.3828     0.0009    -0.0002     5.8297     5.8304     70.327     71.897    1437.52    1437.52     7.8340     7.9681    92.4760    94.0590  0.000e+00
      52657     71.500     5.1657     5.1654    0.80522    0.80527          1     3.4946     3.2617      50.64      0.529     0.3748     0.1881  1.000e-12  0.1425000     7.3824     7.3830     0.0006    -0.0003     5.8300     5.8305     70.823     72.403    1437.53    1437.53     7.8354     7.9650    92.4940    94.0230  0.000e+00
      52673     72.000     5.1673     5.1670    0.80530    0.80539          1     3.4945     3.2615      50.04      0.675     0.3681     0.1899  1.000e-12  0.1517000     7.3828     7.3837     0.0009    -0.0004     5.8303     5.8310     71.318     72.910    1437.55    1437.55     7.8331     7.9701    92.4710    94.0870  0.000e+00
      52693     72.500     5.1675     5.1673    0.80538    0.80545          1     3.4941     3.2615      49.37      0.694     0.3759     0.2087  1.000e-12  0.1981000     7.3835     7.3842     0.0007    -0.0002     5.8308     5.8314     71.813     73.416    1437.56    1437.56     7.8313     7.9713    92.4500    94.1030  0.000e+00
      52794     73.000     5.1672     5.1669    0.80538    0.80546          1     3.4880     3.2570      48.64      0.123     0.3794     0.1997  1.000e-12  0.1350000     7.3834     7.3843     0.0008    -0.0003     5.8308     5.8315     72.308     73.922    1437.56    1437.56     7.6971     7.8197    90.8650    92.3120  0.000e+00
      52810     73.500     5.1677     5.1674    0.80544    0.80555          1     3.4717     3.2461      48.39      0.434     0.3790     0.2207  1.000e-12  0.1505000     7.3838     7.3850     0.0012    -0.0003     5.8311     5.8320     72.803     74.429    1437.58    1437.58     7.5286     7.6424    88.8770    90.2210  0.000e+00
      52820     74.000     5.1692     5.1695    0.80597    0.80618          1     3.4521     3.2323      48.04      0.696     0.3787     0.2340  1.000e-12  0.1697000     7.3887     7.3907     0.0020     0.0003     5.8349     5.8364     73.298     74.935    1437.60    1437.60     7.4174     7.5304    87.5710    88.9070  0.000e+00
      52829     74.500     5.1749     5.1749    0.80694    0.80705          1     3.4330     3.2193      47.62      0.923     0.3775     0.2388  1.000e-12  0.1693000     7.3969     7.3980     0.0011     0.0000     5.8411     5.8420     73.794     75.441    1437.64    1437.64     7.3598     7.4832    86.9080    88.3660  0.000e+00
      52837     75.000     5.1795     5.1795    0.80751    0.80764          1     3.4161     3.2072      47.21      1.115     0.3714     0.2364  1.000e-12  0.1520000     7.4014     7.4027     0.0013     0.0000     5.8445     5.8455     74.289     75.948    1437.67    1437.67     7.3539     7.4907    86.8500    88.4670  0.000e+00
      52845     75.500     5.1872     5.1867    0.80876    0.80887          1     3.4036     3.1989      46.80      1.273     0.3671     0.2307  1.000e-12  0.1456000     7.4119     7.4132     0.0012    -0.0005     5.8525     5.8535     74.784     76.454    1437.73    1437.73     7.3929     7.5390    87.3350    89.0610  0.000e+00
      52853     76.000     5.2391     5.2397    0.81901    0.81933          1     3.3971     3.1932      46.28      1.395     0.3673     0.2199  1.000e-12  0.1457000     7.5013     7.5042     0.0029     0.0006     5.9209     5.9233     75.279     76.960    1438.08    1438.08     7.4513     7.6050    88.1930    90.0150  0.000e+00
      52863     76.500     5.2587     5.2587    0.82259    0.82282          1     3.3961     3.1908      45.83      1.451     0.3641     0.2166  1.000e-12  0.1687000     7.5321     7.5343     0.0023     0.0000     5.9445     5.9462     75.774     77.466    1438.21    1438.21     7.5461     7.7100    89.3770    91.3200  0.000e+00
      52896     77.000     5.2758     5.2661    0.82783    0.82520          1     3.2953     3.1142      44.99      1.147     0.3656     0.2362  1.000e-12  0.1689000     7.5797     7.5560    -0.0237    -0.0097     5.9813     5.9630     76.269     77.973    1438.35    1438.28     6.8284     6.8548    80.9590    81.2370  0.000e+00
