ctdpy/tests/etc/exprapp_feb_2020/SBE09_1387_20200201_1717_77_10_0090.cnv
* Sea-Bird SBE 9 Data File:
* FileName = L:\2020\sv20d0090.hex
* Software Version Seasave V 7.26.7.121
* Temperature SN = 6378
* Conductivity SN = 4824
* Number of Bytes Per Scan = 41
* Number of Voltage Words = 4
* Number of Scans Averaged by the Deck Unit = 1
* NMEA Latitude = 57 40.44 N
* NMEA Longitude = 011 22.68 E
* NMEA UTC (Time) = Feb 01 2020  17:17:49
* NMEA baud rate = 4800
** Station:  7W Vinga
** Operator:  A-KTh
** Ship: SVEA
** Average sound velocity: 1475.60 m/s
** True-depth calculation Sat, 01 Feb 2020 18:10:39 +0000
** CTD Python Module SMHI /ver 3-12/ feb 2012 
** LIMS Job: 20207710-0090
** Cruise: SMHI-02-2020
** Latitude [GG MM.mm N] :
** Longitude [GGG MM.mm E]:
# nquan = 30
# nvalues = 144                         
# units = specified
# name 0 = scan: Scan Count
# name 1 = prDM: Pressure, Digiquartz [db]
# name 2 = t090C: Temperature [ITS-90, deg C]
# name 3 = t190C: Temperature, 2 [ITS-90, deg C]
# name 4 = c0S/m: Conductivity [S/m]
# name 5 = c1S/m: Conductivity, 2 [S/m]
# name 6 = pumps: Pump Status
# name 7 = sbeox0V: Oxygen raw, SBE 43 [V]
# name 8 = sbeox1V: Oxygen raw, SBE 43, 2 [V]
# name 9 = altM: Altimeter [m]
# name 10 = dz/dtM: Descent Rate [m/s]
# name 11 = flECO-AFL: Chl-a Fluorescence, WET Labs ECO-AFL/FL [mg/m^3]
# name 12 = flECO-AFL1: Phycocyanin Fluorescence, WET Labs ECO-AFL/FL, 2 [mg/m^3]
# name 13 = par: PAR/Irradiance, Biospherical/Lico [µE/(cm^2*s)]
# name 14 = turbWETntu0: Turbidity, WET Labs ECO [NTU]
# name 15 = sal00: Salinity, Practical [PSU]
# name 16 = sal11: Salinity, Practical, 2 [PSU]
# name 17 = secS-priS: Salinity, Practical, Difference, 2 - 1 [PSU]
# name 18 = T2-T190C: Temperature Difference, 2 - 1 [ITS-90, deg C]
# name 19 = sigma-t00: Density [sigma-t, kg/m^3 ]
# name 20 = sigma-t11: Density, 2 [sigma-t, kg/m^3 ]
# name 21 = depSM: Depth [salt water, m], lat = 57.674
# name 22 = depFM: Depth [true depth, m], lat = 57.674
# name 23 = svCM: Sound Velocity [Chen-Millero, m/s]
# name 24 = svCM1: Sound Velocity, 2 [Chen-Millero, m/s]
# name 25 = sbeox0ML/L: Oxygen, SBE 43 [ml/l], WS = 2
# name 26 = sbeox1ML/L: Oxygen, SBE 43, 2 [ml/l], WS = 2
# name 27 = sbeox0PS: Oxygen, SBE 43 [% saturation], WS = 2
# name 28 = sbeox1PS: Oxygen, SBE 43, 2 [% saturation], WS = 2
# name 29 = flag: flag
# span 0 =      11321,      15746       
# span 1 =      1.500,     73.000       
# span 2 =     6.1335,     7.0586       
# span 3 =     6.1334,     7.0582       
# span 4 =   3.077267,   3.445760       
# span 5 =   3.077842,   3.445316       
# span 6 =          1,          1       
# span 7 =     3.5126,     3.5898       
# span 8 =     3.2721,     3.3394       
# span 9 =       1.59,      98.38       
# span 10 =     -0.262,      0.769      
# span 11 =     0.4146,     1.7583      
# span 12 =     0.1898,     0.5292      
# span 13 = -2.797e-11, 1.7633e+00      
# span 14 =     0.4079,     1.7225      
# span 15 =    30.8272,    34.0647      
# span 16 =    30.8344,    34.0633      
# span 17 =    -0.0226,     0.0360      
# span 18 =    -0.0139,     0.0106      
# span 19 =    24.2387,    26.6843      
# span 20 =    24.2445,    26.6832      
# span 21 =      1.486,     72.313      
# span 22 =      1.492,     72.477      
# span 23 =    1470.12,    1478.61      
# span 24 =    1470.13,    1478.61      
# span 25 =     6.2950,     6.6944      
# span 26 =     6.3910,     6.7856      
# span 27 =     92.595,     94.684      
# span 28 =     93.355,     95.910      
# span 29 = 0.0000e+00, 0.0000e+00      
# interval = decibars: 0.5              
# start_time = Feb 01 2020 17:17:49 [NMEA time, first data scan]
# bad_flag = -9.990e-29
*END*
[from data line 49]
      12762     26.000     6.5327     6.5324    3.30376    3.30360          1     3.5632     3.3115      48.80      0.561     0.5841     0.1977  1.000e-12  0.4631000    32.9680    32.9665    -0.0014    -0.0004    25.8799    25.8788     25.758     25.832    1474.71    1474.71     6.4934     6.5695    93.8870    94.9860  0.000e+00
      12779     26.500     6.5406     6.5415    3.30568    3.30585          1     3.5625     3.3114      48.32      0.677     0.5695     0.2076  1.000e-12  0.4696000    32.9814    32.9824     0.0011     0.0009    25.8895    25.8902     26.253     26.328    1474.77    1474.77     6.4900     6.5747    93.8640    95.0910  0.000e+00
      12796     27.000     6.5635     6.5639    3.31002    3.31016          1     3.5628     3.3120      47.98      0.722     0.5597     0.2568  1.000e-12  0.4740000    33.0069    33.0081     0.0012     0.0004    25.9067    25.9075     26.749     26.824    1474.90    1474.90     6.4883     6.5717    93.9050    95.1130  0.000e+00
      12825     27.500     6.5967     6.5903    3.31524    3.31398          1     3.5628     3.3116      47.10      0.540     0.5435     0.2939  1.000e-12  0.4783000    33.0324    33.0247    -0.0077    -0.0064    25.9224    25.9172     27.244     27.321    1475.07    1475.04     6.4816     6.5607    93.8960    95.0220  0.000e+00
      12873     28.000     6.6086     6.5995    3.31819    3.31617          1     3.5630     3.3116      39.35      0.190     0.5067     0.2610  1.000e-12  0.4941000    33.0532    33.0397    -0.0135    -0.0092    25.9372    25.9278     27.739     27.817    1475.15    1475.10     6.4798     6.5603    93.9090    95.0470  0.000e+00
      12896     28.500     6.6327     6.6324    3.32263    3.32257          1     3.5631     3.3114      46.12      0.389     0.5104     0.2315  1.000e-12  0.4975000    33.0787    33.0783    -0.0003    -0.0003    25.9542    25.9540     28.235     28.314    1475.29    1475.28     6.4745     6.5504    93.9000    95.0000  0.000e+00
      12915     29.000     6.6466     6.6473    3.32573    3.32591          1     3.5629     3.3107      45.66      0.548     0.5108     0.2428  1.000e-12  0.5186000    33.0993    33.1006     0.0013     0.0007    25.9686    25.9695     28.730     28.810    1475.38    1475.38     6.4675     6.5410    93.8410    94.9110  0.000e+00
      12933     29.500     6.6498     6.6496    3.32736    3.32728          1     3.5617     3.3099      45.18      0.637     0.5144     0.2818  1.000e-12  0.5298000    33.1139    33.1132    -0.0007    -0.0003    25.9798    25.9792     29.225     29.306    1475.41    1475.41     6.4628     6.5387    93.7890    94.8890  0.000e+00
      12951     30.000     6.6513     6.6506    3.32893    3.32879          1     3.5611     3.3092      44.70      0.667     0.5148     0.2691  1.000e-12  0.5560000    33.1296    33.1287    -0.0009    -0.0007    25.9919    25.9913     29.721     29.803    1475.45    1475.44     6.4641     6.5461    93.8210    95.0090  0.000e+00
      12969     30.500     6.6655     6.6649    3.33175    3.33161          1     3.5610     3.3103      44.19      0.675     0.5088     0.2526  1.000e-12  0.5802000    33.1467    33.1458    -0.0009    -0.0006    26.0035    26.0029     30.216     30.299    1475.53    1475.53     6.4641     6.5494    93.8630    95.0990  0.000e+00
      12995     31.000     6.6695     6.6688    3.33241    3.33224          1     3.5614     3.3103      43.59      0.570     0.5034     0.2592  1.000e-12  0.5973000    33.1499    33.1487    -0.0012    -0.0007    26.0055    26.0046     30.711     30.796    1475.56    1475.56     6.4644     6.5445    93.8780    95.0380  0.000e+00
      13038     31.500     6.6708     6.6681    3.33259    3.33210          1     3.5608     3.3102      59.20      0.269     0.5241     0.2733  1.000e-12  0.5793000    33.1503    33.1475    -0.0029    -0.0027    26.0057    26.0038     31.207     31.292    1475.57    1475.56     6.4604     6.5445    93.8220    95.0350  0.000e+00
      13072     32.000     6.6722     6.6721    3.33278    3.33267          1     3.5604     3.3103      41.94      0.313     0.5079     0.2436  1.000e-12  0.5654000    33.1507    33.1497    -0.0011    -0.0001    26.0058    26.0050     31.702     31.788    1475.59    1475.59     6.4622     6.5444    93.8520    95.0450  0.000e+00
      13092     32.500     6.6732     6.6733    3.33288    3.33281          1     3.5605     3.3103      42.30      0.470     0.5033     0.2602  1.000e-12  0.5760000    33.1508    33.1499    -0.0009     0.0001    26.0057    26.0050     32.197     32.285    1475.60    1475.60     6.4642     6.5437    93.8830    95.0380  0.000e+00
      13108     33.000     6.6746     6.6758    3.33308    3.33321          1     3.5610     3.3102      42.03      0.617     0.5122     0.2611  1.000e-12  0.5927000    33.1514    33.1516     0.0002     0.0012    26.0060    26.0060     32.692     32.781    1475.61    1475.62     6.4663     6.5439    93.9170    95.0460  0.000e+00
      13123     33.500     6.6830     6.6832    3.33485    3.33488          1     3.5611     3.3101      41.57      0.734     0.5004     0.2718  1.000e-12  0.5847000    33.1624    33.1626     0.0002     0.0002    26.0136    26.0138     33.188     33.277    1475.67    1475.67     6.4653     6.5471    93.9270    95.1160  0.000e+00
      13142     34.000     6.6876     6.6874    3.33619    3.33608          1     3.5615     3.3110      40.89      0.744     0.4930     0.2941  1.000e-12  0.5708000    33.1726    33.1716    -0.0010    -0.0002    26.0210    26.0203     33.683     33.774    1475.71    1475.71     6.4649     6.5510    93.9370    95.1890  0.000e+00
      13171     34.500     6.6899     6.6897    3.33693    3.33680          1     3.5618     3.3114      40.19      0.502     0.5017     0.2801  1.000e-12  0.5569000    33.1783    33.1771    -0.0013    -0.0002    26.0252    26.0243     34.178     34.270    1475.73    1475.73     6.4634     6.5458    93.9250    95.1210  0.000e+00
      13200     35.000     6.6935     6.6932    3.33777    3.33765          1     3.5618     3.3114      39.77      0.376     0.5075     0.2578  1.000e-12  0.5639000    33.1838    33.1827    -0.0011    -0.0003    26.0291    26.0283     34.674     34.766    1475.76    1475.76     6.4626     6.5441    93.9250    95.1080  0.000e+00
      13220     35.500     6.6957     6.6956    3.33822    3.33814          1     3.5617     3.3113      39.34      0.497     0.5043     0.2207  1.000e-12  0.5796000    33.1864    33.1856    -0.0008    -0.0001    26.0308    26.0302     35.169     35.263    1475.78    1475.78     6.4621     6.5435    93.9240    95.1060  0.000e+00
      13245     36.000     6.6975     6.6982    3.33867    3.33872          1     3.5617     3.3113      38.88      0.543     0.4937     0.2702  1.000e-12  0.5940000    33.1893    33.1892    -0.0001     0.0006    26.0329    26.0327     35.664     35.759    1475.80    1475.80     6.4633     6.5451    93.9470    95.1370  0.000e+00
      13282     36.500     6.7004     6.7002    3.33933    3.33921          1     3.5625     3.3119      40.58      0.331     0.5080     0.2848  1.000e-12  0.5813000    33.1935    33.1924    -0.0012    -0.0002    26.0359    26.0349     36.160     36.255    1475.83    1475.82     6.4677     6.5537    94.0200    95.2680  0.000e+00
      13311     37.000     6.7063     6.7063    3.34058    3.34054          1     3.5630     3.3135      15.46      0.348     0.5022     0.2268  1.000e-12  0.5750000    33.2015    33.2009    -0.0005     0.0001    26.0413    26.0409     36.655     36.752    1475.87    1475.87     6.4648     6.5568    93.9950    95.3320  0.000e+00
      13328     37.500     6.7095     6.7092    3.34137    3.34129          1     3.5630     3.3138      37.30      0.518     0.4757     0.2213  1.000e-12  0.5635000    33.2068    33.2061    -0.0007    -0.0003    26.0451    26.0446     37.150     37.248    1475.90    1475.89     6.4640     6.5516    93.9940    95.2660  0.000e+00
      13343     38.000     6.7155     6.7150    3.34247    3.34235          1     3.5630     3.3139      36.87      0.678     0.4769     0.2644  1.000e-12  0.5661000    33.2129    33.2120    -0.0008    -0.0005    26.0491    26.0485     37.645     37.744    1475.93    1475.93     6.4635     6.5489    94.0030    95.2440  0.000e+00
      13359     38.500     6.7196     6.7195    3.34332    3.34326          1     3.5631     3.3139      36.35      0.769     0.4871     0.2665  1.000e-12  0.5864000    33.2180    33.2175    -0.0005    -0.0001    26.0526    26.0522     38.141     38.241    1475.96    1475.96     6.4628     6.5481    94.0060    95.2450  0.000e+00
      13380     39.000     6.7228     6.7229    3.34411    3.34403          1     3.5629     3.3139      35.74      0.697     0.4878     0.2568  1.000e-12  0.6263000    33.2233    33.2224    -0.0010     0.0001    26.0564    26.0556     38.636     38.737    1475.99    1475.99     6.4633     6.5497    94.0230    95.2780  0.000e+00
      13408     39.500     6.7277     6.7279    3.34505    3.34500          1     3.5639     3.3145      35.13      0.476     0.4866     0.2369  1.000e-12  0.6593000    33.2287    33.2279    -0.0007     0.0002    26.0599    26.0594     39.131     39.233    1476.03    1476.03     6.4685     6.5506    94.1120    95.3060  0.000e+00
      13439     40.000     6.7324     6.7329    3.34598    3.34600          1     3.5648     3.3142      34.68      0.385     0.4786     0.2551  1.000e-12  0.5495000    33.2341    33.2338    -0.0003     0.0005    26.0636    26.0633     39.627     39.730    1476.06    1476.06     6.4660     6.5452    94.0890    95.2430  0.000e+00
      13465     40.500     6.7421     6.7426    3.34805    3.34811          1     3.5645     3.3146      34.21      0.431     0.4868     0.2673  1.000e-12  0.5424000    33.2473    33.2475     0.0002     0.0005    26.0727    26.0728     40.122     40.226    1476.12    1476.12     6.4618     6.5520    94.0570    95.3720  0.000e+00
      13488     41.000     6.7520     6.7522    3.35010    3.35009          1     3.5645     3.3149      33.70      0.496     0.4726     0.2383  1.000e-12  0.5632000    33.2600    33.2598    -0.0003     0.0002    26.0814    26.0812     40.617     40.722    1476.19    1476.19     6.4628     6.5463    94.1010    95.3180  0.000e+00
      13512     41.500     6.7576     6.7580    3.35131    3.35131          1     3.5652     3.3150      33.22      0.509     0.4668     0.2341  1.000e-12  0.5712000    33.2676    33.2673    -0.0004     0.0004    26.0867    26.0863     41.112     41.219    1476.23    1476.23     6.4644     6.5458    94.1410    95.3270  0.000e+00
      13537     42.000     6.7665     6.7669    3.35326    3.35325          1     3.5653     3.3150      32.69      0.490     0.4890     0.2331  1.000e-12  0.5812000    33.2803    33.2798    -0.0005     0.0004    26.0955    26.0951     41.608     41.715    1476.28    1476.28     6.4587     6.5405    94.0860    95.2790  0.000e+00
      13564     42.500     6.7737     6.7742    3.35481    3.35486          1     3.5645     3.3143      32.26      0.455     0.4929     0.2290  1.000e-12  0.5552000    33.2901    33.2901     0.0000     0.0005    26.1023    26.1022     42.103     42.211    1476.33    1476.33     6.4543     6.5322    94.0430    95.1800  0.000e+00
      13586     43.000     6.7928     6.7935    3.35912    3.35931          1     3.5641     3.3133      31.77      0.478     0.5009     0.2838  1.000e-12  0.5570000    33.3187    33.3202     0.0015     0.0007    26.1223    26.1234     42.598     42.708    1476.45    1476.46     6.4505     6.5291    94.0470    95.1960  0.000e+00
      13604     43.500     6.8011     6.8008    3.36144    3.36135          1     3.5638     3.3133      30.78      0.571     0.4634     0.2679  1.000e-12  0.6291000    33.3361    33.3353    -0.0008    -0.0003    26.1349    26.1343     43.094     43.204    1476.51    1476.51     6.4478     6.5299    94.0370    95.2330  0.000e+00
      13622     44.000     6.8026     6.8024    3.36186    3.36178          1     3.5634     3.3129      30.49      0.665     0.4655     0.2648  1.000e-12  0.6331000    33.3390    33.3382    -0.0008    -0.0002    26.1370    26.1363     43.589     43.700    1476.53    1476.53     6.4483     6.5283    94.0490    95.2140  0.000e+00
      13646     44.500     6.8043     6.8041    3.36240    3.36228          1     3.5632     3.3132      30.08      0.611     0.4716     0.2408  1.000e-12  0.6346000    33.3430    33.3419    -0.0012    -0.0002    26.1399    26.1390     44.084     44.197    1476.55    1476.55     6.4469     6.5369    94.0350    95.3460  0.000e+00
      13684     45.000     6.8058     6.8056    3.36280    3.36261          1     3.5619     3.3136      29.56      0.313     0.4690     0.2250  1.000e-12  0.6271000    33.3457    33.3438    -0.0019    -0.0002    26.1418    26.1403     44.579     44.693    1476.57    1476.57     6.4426     6.5312    93.9770    95.2670  0.000e+00
      13714     45.500     6.8097     6.8098    3.36380    3.36372          1     3.5614     3.3135      29.17      0.342     0.4839     0.3258  1.000e-12  0.6194000    33.3526    33.3517    -0.0009     0.0000    26.1467    26.1460     45.075     45.189    1476.60    1476.60     6.4428     6.5304    93.9920    95.2710  0.000e+00
      13734     46.000     6.8134     6.8133    3.36462    3.36456          1     3.5612     3.3130      28.86      0.499     0.4646     0.2887  1.000e-12  0.6300000    33.3578    33.3572    -0.0005    -0.0001    26.1503    26.1499     45.570     45.685    1476.63    1476.63     6.4438     6.5306    94.0190    95.2840  0.000e+00
      13752     46.500     6.8159     6.8156    3.36516    3.36506          1     3.5615     3.3134      28.46      0.618     0.4531     0.2523  1.000e-12  0.6401000    33.3612    33.3603    -0.0008    -0.0003    26.1527    26.1520     46.065     46.182    1476.65    1476.65     6.4441     6.5362    94.0310    95.3730  0.000e+00
      13770     47.000     6.8173     6.8171    3.36559    3.36550          1     3.5613     3.3139      27.86      0.680     0.4656     0.1898  1.000e-12  0.6582000    33.3643    33.3634    -0.0009    -0.0002    26.1549    26.1542     46.560     46.678    1476.67    1476.67     6.4433     6.5389    94.0230    95.4180  0.000e+00
      13791     47.500     6.8183     6.8180    3.36586    3.36574          1     3.5615     3.3148      27.25      0.633     0.4668     0.2592  1.000e-12  0.6612000    33.3660    33.3649    -0.0012    -0.0003    26.1562    26.1553     47.056     47.174    1476.68    1476.68     6.4494     6.5463    94.1160    95.5290  0.000e+00
      13816     48.000     6.8188     6.8187    3.36600    3.36589          1     3.5632     3.3163      26.41      0.520     0.4661     0.2148  1.000e-12  0.6460000    33.3669    33.3657    -0.0012    -0.0001    26.1568    26.1558     47.551     47.671    1476.70    1476.69     6.4557     6.5457    94.2090    95.5220  0.000e+00
      13840     48.500     6.8190     6.8190    3.36610    3.36599          1     3.5643     3.3164      26.19      0.483     0.4795     0.2288  1.000e-12  0.6610000    33.3674    33.3662    -0.0012    -0.0000    26.1571    26.1562     48.046     48.167    1476.70    1476.70     6.4533     6.5391    94.1760    95.4260  0.000e+00
      13865     49.000     6.8277     6.8294    3.36831    3.36864          1     3.5637     3.3162      25.81      0.484     0.4640     0.2522  1.000e-12  0.6834000    33.3831    33.3851     0.0020     0.0017    26.1684    26.1697     48.541     48.663    1476.77    1476.78     6.4411     6.5303    94.0260    95.3330  0.000e+00
