ctdpy/tests/etc/exprapp_feb_2020/SBE09_1387_20200202_1624_77_10_0097.cnv
* Sea-Bird SBE 9 Data File:
* FileName = L:\2020\sv20d0097.hex
* Software Version Seasave V 7.26.7.121
* Temperature SN = 6378
* Conductivity SN = 4824
* Number of Bytes Per Scan = 41
* Number of Voltage Words = 4
* Number of Scans Averaged by the Deck Unit = 1
* NMEA Latitude = 58 28.02 N
* NMEA Longitude = 011 08.24 E
* NMEA UTC (Time) = Feb 02 2020  16:24:47
* NMEA baud rate = 4800
** Station:  NW Skagga
** Operator:  A-KTh
** Ship: SVEA
** Average sound velocity: 1473.40 m/s
** True-depth calculation Sun, 02 Feb 2020 19:07:54 +0000
** CTD Python Module SMHI /ver 3-12/ feb 2012 
** LIMS Job: 20207710-0097
** Cruise: SMHI-02-2020
** Latitude [GG MM.mm N] :
** Longitude [GGG MM.mm E]:
# nquan = 30
# nvalues = 100                         
# units = specified
# name 0 = scan: Scan Count
# name 1 = prDM: Pressure, Digiquartz [db]
# name 2 = t090C: Temperature [ITS-90, deg C]
# name 3 = t190C: Temperature, 2 [ITS-90, deg C]
# name 4 = c0S/m: Conductivity [S/m]
# name 5 = c1S/m: Conductivity, 2 [S/m]
# name 6 = pumps: Pump Status
# name 7 = sbeox0V: Oxygen raw, SBE 43 [V]
# name 8 = sbeox1V: Oxygen raw, SBE 43, 2 [V]
# name 9 = altM: Altimeter [m]
# name 10 = dz/dtM: Descent Rate [m/s]
# name 11 = flECO-AFL: Chl-a Fluorescence, WET Labs ECO-AFL/FL [mg/m^3]
# name 12 = flECO-AFL1: Phycocyanin Fluorescence, WET Labs ECO-AFL/FL, 2 [mg/m^3]
# name 13 = par: PAR/Irradiance, Biospherical/Lico [µE/(cm^2*s)]
# name 14 = turbWETntu0: Turbidity, WET Labs ECO [NTU]
# name 15 = sal00: Salinity, Practical [PSU]
# name 16 = sal11: Salinity, Practical, 2 [PSU]
# name 17 = secS-priS: Salinity, Practical, Difference, 2 - 1 [PSU]
# name 18 = T2-T190C: Temperature Difference, 2 - 1 [ITS-90, deg C]
# name 19 = sigma-t00: Density [sigma-t, kg/m^3 ]
# name 20 = sigma-t11: Density, 2 [sigma-t, kg/m^3 ]
# name 21 = depSM: Depth [salt water, m], lat = 58.467
# name 22 = depFM: Depth [true depth, m], lat = 58.467
# name 23 = svCM: Sound Velocity [Chen-Millero, m/s]
# name 24 = svCM1: Sound Velocity, 2 [Chen-Millero, m/s]
# name 25 = sbeox0ML/L: Oxygen, SBE 43 [ml/l], WS = 2
# name 26 = sbeox1ML/L: Oxygen, SBE 43, 2 [ml/l], WS = 2
# name 27 = sbeox0PS: Oxygen, SBE 43 [% saturation], WS = 2
# name 28 = sbeox1PS: Oxygen, SBE 43, 2 [% saturation], WS = 2
# name 29 = flag: flag
# span 0 =      23851,      30571       
# span 1 =      2.000,     51.500       
# span 2 =     5.7876,     6.8038       
# span 3 =     5.7865,     6.8044       
# span 4 =   2.901025,   3.363227       
# span 5 =   2.900508,   3.363256       
# span 6 =          1,          1       
# span 7 =     3.5230,     3.5846       
# span 8 =     3.2836,     3.3337       
# span 9 =       2.75,      51.66       
# span 10 =     -0.251,      0.923      
# span 11 =     0.4428,     1.3887      
# span 12 =     0.1788,     0.4224      
# span 13 = 1.0000e-12, 9.2443e-01      
# span 14 =     0.4233,     1.8073      
# span 15 =    29.1964,    33.3492      
# span 16 =    29.1916,    33.3489      
# span 17 =    -0.1033,     0.3837      
# span 18 =    -0.0384,     0.0982      
# span 19 =    22.9940,    26.1448      
# span 20 =    22.9903,    26.1445      
# span 21 =      1.981,     51.014      
# span 22 =      1.991,     51.166      
# span 23 =    1466.62,    1476.67      
# span 24 =    1466.61,    1476.67      
# span 25 =     6.3611,     6.8067      
# span 26 =     6.4512,     6.8992      
# span 27 =     92.768,     94.519      
# span 28 =     94.050,     95.767      
# span 29 = 0.0000e+00, 0.0000e+00      
# interval = decibars: 0.5              
# start_time = Feb 02 2020 16:24:47 [NMEA time, first data scan]
# bad_flag = -9.990e-29
*END*
      23851      2.000     5.8478     5.8652    2.92950    2.93830          1     3.5818     3.3300      51.66     -0.251     1.1639     0.3905  9.244e-01  0.6341000    29.4609    29.5433     0.0824     0.0174    23.1960    23.2591      1.981      1.991    1467.18    1467.35     6.7829     6.8623    94.2950    95.4910  0.000e+00
      23871      2.500     5.7942     5.8244    2.90421    2.91950          1     3.5802     3.3296      51.53      0.370     1.1661     0.3961  8.076e-01  0.4788000    29.2265    29.3700     0.1435     0.0302    23.0170    23.1269      2.477      2.489    1466.67    1466.97     6.8016     6.8839    94.2880    95.5880  0.000e+00
      24002      3.000     5.8064     5.8197    2.91179    2.91606          1     3.5809     3.3333      49.08      0.349     1.2557     0.3859  7.723e-01  0.4929000    29.2999    29.3357     0.0358     0.0133    23.0736    23.1004      2.972      2.986    1466.82    1466.92     6.8057     6.8962    94.4180    95.7270  0.000e+00
      24113      3.500     5.7876     5.7865    2.90103    2.90051          1     3.5819     3.3336      50.95      0.132     1.2053     0.3720  5.157e-01  0.4233000    29.1964    29.1916    -0.0048    -0.0011    22.9940    22.9903      3.467      3.484    1466.62    1466.61     6.8067     6.8992    94.3250    95.6010  0.000e+00
      24130      4.000     5.8414     5.8332    2.92569    2.92235          1     3.5804     3.3321      50.62      0.417     1.2148     0.4046  4.789e-01  0.4703000    29.4234    29.3934    -0.0300    -0.0081    23.1671    23.1443      3.963      3.982    1467.13    1467.06     6.7870     6.8801    94.3140    95.5710  0.000e+00
      24161      4.500     5.8571     5.8529    2.93335    2.93146          1     3.5806     3.3319      50.08      0.437     1.3283     0.3880  3.836e-01  0.5074000    29.4944    29.4771    -0.0173    -0.0043    23.2214    23.2083      4.458      4.480    1467.30    1467.26     6.7922     6.8864    94.4660    95.7560  0.000e+00
      24207      5.000     5.8551     5.8488    2.93024    2.92828          1     3.5846     3.3337      49.45      0.239     1.3660     0.4053  2.675e-01  0.4821000    29.4614    29.4452    -0.0162    -0.0063    23.1956    23.1835      4.953      4.977    1467.25    1467.21     6.7978     6.8824    94.5190    95.6710  0.000e+00
      24238      5.500     5.8630     5.8603    2.93482    2.93151          1     3.5806     3.3304      48.89      0.338     1.3673     0.4018  2.060e-01  0.4782000    29.5051    29.4708    -0.0344    -0.0027    23.2292    23.2024      5.449      5.475    1467.35    1467.29     6.7650     6.8556    94.1080    95.3400  0.000e+00
      24259      6.000     5.9166     5.9274    2.96418    2.97168          1     3.5780     3.3289      48.34      0.483     1.3887     0.4224  1.634e-01  0.5189000    29.7834    29.8572     0.0738     0.0108    23.4428    23.4997      5.944      5.973    1467.92    1468.06     6.7439     6.8301    94.1070    95.3810  0.000e+00
      24280      6.500     5.9906     5.9899    3.00773    3.00727          1     3.5762     3.3277      47.83      0.575     1.3098     0.4095  1.471e-01  0.5191000    30.2008    30.1964    -0.0044    -0.0008    23.7636    23.7603      6.439      6.470    1468.76    1468.75     6.7124     6.8079    94.0910    95.4250  0.000e+00
      24313      7.000     5.9835     5.9871    3.00323    3.00648          1     3.5749     3.3277      47.19      0.454     1.2449     0.3473  8.848e-02  0.4966000    30.1571    30.1900     0.0329     0.0036    23.7300    23.7555      6.935      6.968    1468.68    1468.74     6.7192     6.8192    94.1440    95.5740  0.000e+00
      24372      7.500     5.9786     5.9781    2.99993    2.99944          1     3.5745     3.3270      46.47      0.128     1.2914     0.3805  5.448e-02  0.4553000    30.1246    30.1196    -0.0050    -0.0005    23.7049    23.7010      7.430      7.465    1468.63    1468.62     6.7228     6.8166    94.1630    95.4730  0.000e+00
      24387      8.000     5.9899     5.9882    3.00822    3.00669          1     3.5743     3.3270      46.30      0.418     1.2550     0.3595  1.660e-02  0.4624000    30.2063    30.1908    -0.0155    -0.0017    23.7680    23.7560      7.925      7.963    1468.79    1468.76     6.7178     6.8169    94.1690    95.5450  0.000e+00
      24402      8.500     5.9963     5.9967    3.01149    3.01138          1     3.5743     3.3272      45.84      0.656     1.2451     0.3425  8.562e-04  0.5497000    30.2366    30.2350    -0.0016     0.0004    23.7912    23.7899      8.421      8.460    1468.86    1468.86     6.7173     6.8156    94.1950    95.5730  0.000e+00
      24416      9.000     6.0005     5.9995    3.01402    3.01365          1     3.5746     3.3274      45.55      0.796     1.2410     0.3417  6.104e-04  0.5653000    30.2607    30.2575    -0.0032    -0.0010    23.8098    23.8074      8.916      8.958    1468.91    1468.90     6.7179     6.8166    94.2290    95.6080  0.000e+00
      24434      9.500     6.0057     6.0050    3.01939    3.01909          1     3.5749     3.3280      45.30      0.782     1.2417     0.3561  1.949e-05  0.5560000    30.3153    30.3126    -0.0027    -0.0007    23.8522    23.8502      9.411      9.455    1469.01    1469.00     6.7192     6.8245    94.2930    95.7670  0.000e+00
      24462     10.000     6.0096     6.0085    3.02207    3.02142          1     3.5761     3.3287      44.69      0.540     1.2677     0.4141  1.000e-12  0.5206000    30.3414    30.3352    -0.0062    -0.0012    23.8724    23.8676      9.907      9.952    1469.07    1469.05     6.7114     6.7978    94.2080    95.4150  0.000e+00
      24500     10.500     6.0278     6.0345    3.03379    3.03819          1     3.5735     3.3259      43.66      0.304     1.2870     0.4046  1.000e-12  0.4825000    30.4548    30.4976     0.0428     0.0067    23.9597    23.9927     10.402     10.450    1469.29    1469.37     6.6901     6.7863    94.0200    95.4130  0.000e+00
      24529     11.000     6.1120     6.1514    3.07958    3.09545          1     3.5698     3.3242      42.94      0.383     1.0772     0.3385  1.000e-12  0.5089000    30.8861    31.0262     0.1400     0.0394    24.2901    24.3959     10.897     10.947    1470.18    1470.51     6.6495     6.7129    93.9020    94.9730  0.000e+00
      24554     11.500     6.1059     6.0885    3.07792    3.06719          1     3.5710     3.3205      42.32      0.457     1.0183     0.3284  1.000e-12  0.5143000    30.8733    30.7699    -0.1033    -0.0174    24.2807    24.2013     11.393     11.444    1470.15    1469.95     6.6832     6.7557    94.3570    95.2760  0.000e+00
      24578     12.000     6.1831     6.1985    3.11688    3.12256          1     3.5757     3.3230      42.03      0.495     1.0094     0.3748  1.000e-12  0.5223000    31.2341    31.2830     0.0489     0.0154    24.5561    24.5929     11.888     11.941    1470.92    1471.04     6.6518     6.7288    94.3090    95.4660  0.000e+00
      24601     12.500     6.1146     6.2127    3.08779    3.13053          1     3.5731     3.3213      41.90      0.510     1.0416     0.3861  1.000e-12  0.5120000    30.9742    31.3579     0.3837     0.0982    24.3593    24.6502     12.383     12.439    1470.33    1471.20     6.6367     6.6757    93.7830    94.7920  0.000e+00
      24624     13.000     6.2069     6.1984    3.13281    3.13038          1     3.5660     3.3151      41.62      0.513     1.0330     0.3809  1.000e-12  0.5352000    31.3884    31.3694    -0.0190    -0.0085    24.6750    24.6610     12.879     12.936    1471.22    1471.17     6.5685     6.6334    93.2750    94.1660  0.000e+00
      24644     13.500     6.3736     6.3687    3.19422    3.19526          1     3.5583     3.3085      41.29      0.543     0.9736     0.3748  1.000e-12  0.5766000    31.9129    31.9292     0.0163    -0.0049    25.0681    25.0815     13.374     13.433    1472.55    1472.56     6.5004     6.5784    92.9910    94.1050  0.000e+00
      24659     14.000     6.4317     6.4215    3.21695    3.21397          1     3.5530     3.3061      40.93      0.639     0.8940     0.3161  1.000e-12  0.6229000    32.1098    32.0864    -0.0234    -0.0103    25.2161    25.1989     13.869     13.929    1473.04    1472.97     6.4856     6.5839    93.0260    94.3990  0.000e+00
      24675     14.500     6.4825     6.4810    3.23721    3.23690          1     3.5506     3.3053      40.47      0.731     0.7859     0.2902  1.000e-12  0.7551000    32.2855    32.2836    -0.0019    -0.0016    25.3483    25.3470     14.365     14.426    1473.47    1473.46     6.4835     6.5782    93.2150    94.5710  0.000e+00
      24697     15.000     6.4911     6.4807    3.24096    3.23622          1     3.5509     3.3050      39.51      0.680     0.7348     0.2702  1.000e-12  0.6925000    32.3186    32.2761    -0.0425    -0.0104    25.3733    25.3411     14.860     14.923    1473.55    1473.46     6.4969     6.5855    93.4450    94.6710  0.000e+00
      24770     15.500     6.4295     6.4466    3.21772    3.22380          1     3.5500     3.3017      38.50      0.117     0.6796     0.3702  1.000e-12  0.5321000    32.1197    32.1708     0.0512     0.0170    25.2242    25.2624     15.355     15.419    1473.07    1473.20     6.5000     6.5804    93.2340    94.4570  0.000e+00
      24793     16.000     6.4824     6.4851    3.23780    3.23892          1     3.5483     3.3012      38.34      0.345     0.6951     0.3261  1.000e-12  0.6282000    32.2914    32.3013     0.0099     0.0026    25.3529    25.3604     15.851     15.916    1473.50    1473.53     6.4810     6.5691    93.1820    94.4600  0.000e+00
      24808     16.500     6.4901     6.4900    3.24088    3.24089          1     3.5472     3.3003      38.04      0.578     0.7198     0.3433  1.000e-12  0.7509000    32.3180    32.3181     0.0001    -0.0001    25.3729    25.3730     16.346     16.413    1473.57    1473.57     6.4790     6.5650    93.1850    94.4220  0.000e+00
      24821     17.000     6.4914     6.4910    3.24153    3.24133          1     3.5468     3.3002      37.62      0.762     0.7480     0.3551  1.000e-12  0.7052000    32.3237    32.3219    -0.0019    -0.0004    25.3772    25.3758     16.841     16.909    1473.59    1473.59     6.4792     6.5694    93.1950    94.4900  0.000e+00
      24833     17.500     6.4908     6.4898    3.24120    3.24077          1     3.5467     3.2999      37.29      0.886     0.7680     0.3429  1.000e-12  0.6741000    32.3204    32.3165    -0.0039    -0.0010    25.3747    25.3718     17.336     17.406    1473.60    1473.59     6.4795     6.5736    93.1960    94.5440  0.000e+00
      24848     18.000     6.5010     6.4998    3.24659    3.24618          1     3.5458     3.3004      36.70      0.923     0.7383     0.3300  1.000e-12  0.6720000    32.3700    32.3666    -0.0034    -0.0012    25.4125    25.4100     17.832     17.903    1473.71    1473.70     6.4734     6.5742    93.1610    94.6070  0.000e+00
      24870     18.500     6.5014     6.5009    3.24724    3.24691          1     3.5451     3.3007      35.98      0.752     0.7621     0.3554  1.000e-12  0.6622000    32.3765    32.3734    -0.0031    -0.0005    25.4176    25.4152     18.327     18.399    1473.73    1473.72     6.4764     6.5728    93.2090    94.5930  0.000e+00
      24929     19.000     6.4931     6.4919    3.24423    3.24339          1     3.5454     3.2993      35.21      0.130     0.7265     0.2877  1.000e-12  0.5760000    32.3510    32.3428    -0.0082    -0.0012    25.3985    25.3922     18.822     18.896    1473.67    1473.65     6.4793     6.5619    93.2170    94.3980  0.000e+00
      24954     19.500     6.5031     6.4995    3.24774    3.24631          1     3.5448     3.2986      34.97      0.380     0.7419     0.3151  1.000e-12  0.9051000    32.3800    32.3677    -0.0123    -0.0037    25.4201    25.4109     19.318     19.393    1473.75    1473.72     6.4758     6.5619    93.2060    94.4290  0.000e+00
      24974     20.000     6.5042     6.5037    3.24910    3.24892          1     3.5448     3.2980      34.48      0.536     0.7158     0.3244  1.000e-12  0.8097000    32.3938    32.3922    -0.0016    -0.0004    25.4309    25.4296     19.813     19.889    1473.78    1473.78     6.4774     6.5617    93.2390    94.4520  0.000e+00
      24992     20.500     6.5055     6.5050    3.25020    3.25003          1     3.5451     3.2980      33.97      0.610     0.7356     0.3179  1.000e-12  0.7472000    32.4045    32.4031    -0.0014    -0.0005    25.4391    25.4380     20.308     20.386    1473.81    1473.80     6.4760     6.5636    93.2300    94.4880  0.000e+00
      25008     21.000     6.5057     6.5054    3.25082    3.25069          1     3.5446     3.2980      33.47      0.664     0.7804     0.3127  1.000e-12  0.7095000    32.4108    32.4097    -0.0011    -0.0003    25.4441    25.4433     20.804     20.883    1473.82    1473.82     6.4735     6.5628    93.1980    94.4820  0.000e+00
      25024     21.500     6.5056     6.5052    3.25091    3.25076          1     3.5444     3.2977      33.05      0.722     0.7484     0.3269  1.000e-12  0.6551000    32.4117    32.4105    -0.0012    -0.0004    25.4448    25.4439     21.299     21.379    1473.83    1473.83     6.4744     6.5643    93.2110    94.5040  0.000e+00
      25040     22.000     6.5083     6.5079    3.25155    3.25147          1     3.5442     3.2980      32.46      0.765     0.7578     0.2965  1.000e-12  0.6495000    32.4161    32.4155    -0.0006    -0.0004    25.4479    25.4475     21.794     21.876    1473.86    1473.86     6.4755     6.5674    93.2350    94.5570  0.000e+00
      25064     22.500     6.5140     6.5135    3.25289    3.25267          1     3.5446     3.2985      31.90      0.647     0.7653     0.2507  1.000e-12  0.6613000    32.4252    32.4232    -0.0020    -0.0005    25.4543    25.4528     22.289     22.373    1473.90    1473.90     6.4764     6.5708    93.2660    94.6230  0.000e+00
      25121     23.000     6.5108     6.5064    3.25211    3.25076          1     3.5448     3.2995      31.28      0.183     0.6984     0.3020  1.000e-12  0.6110000    32.4193    32.4086    -0.0107    -0.0044    25.4502    25.4423     22.785     22.869    1473.89    1473.86     6.4740     6.5628    93.2210    94.4830  0.000e+00
      25150     23.500     6.5238     6.5182    3.25809    3.25643          1     3.5436     3.2985      30.93      0.346     0.7158     0.2548  1.000e-12  0.7028000    32.4728    32.4597    -0.0131    -0.0056    25.4906    25.4810     23.280     23.366    1474.01    1473.98     6.4651     6.5587    93.1540    94.4820  0.000e+00
      25170     24.000     6.5323     6.5320    3.26528    3.26528          1     3.5429     3.2983      30.50      0.509     0.6998     0.2371  1.000e-12  0.7112000    32.5439    32.5442     0.0003    -0.0003    25.5456    25.5459     23.775     23.862    1474.15    1474.15     6.4634     6.5544    93.1920    94.5030  0.000e+00
      25188     24.500     6.5373     6.5369    3.26853    3.26846          1     3.5433     3.2980      30.01      0.612     0.6913     0.2392  1.000e-12  0.6866000    32.5747    32.5744    -0.0003    -0.0005    25.5693    25.5691     24.271     24.359    1474.21    1474.21     6.4659     6.5517    93.2580    94.4940  0.000e+00
      25206     25.000     6.5385     6.5380    3.27009    3.26994          1     3.5435     3.2977      29.47      0.667     0.7184     0.2216  1.000e-12  0.6420000    32.5906    32.5894    -0.0011    -0.0005    25.5816    25.5808     24.766     24.855    1474.25    1474.24     6.4650     6.5501    93.2570    94.4820  0.000e+00
      25226     25.500     6.5377     6.5372    3.27091    3.27085          1     3.5438     3.2974      28.88      0.641     0.6969     0.2520  1.000e-12  0.8176000    32.6001    32.5999    -0.0002    -0.0005    25.5892    25.5891     25.261     25.352    1474.26    1474.26     6.4644     6.5480    93.2520    94.4570  0.000e+00
