ctdpy/tests/etc/exprapp_feb_2020/SBE09_1387_20200210_1551_77_10_0137.cnv
* Sea-Bird SBE 9 Data File:
* FileName = L:\2020\sv20d0137.hex
* Software Version Seasave V 7.26.7.121
* Temperature SN = 6378
* Conductivity SN = 4824
* Number of Bytes Per Scan = 41
* Number of Voltage Words = 4
* Number of Scans Averaged by the Deck Unit = 1
* NMEA Latitude = 57 32.85 N
* NMEA Longitude = 020 09.82 E
* NMEA UTC (Time) = Feb 10 2020  15:51:57
* NMEA baud rate = 4800
** Station:  BY19
** Operator:  DBSj
** Ship: SVEA
** Average sound velocity: 1444.68 m/s
** True-depth calculation Mon, 10 Feb 2020 17:38:12 +0000
** CTD Python Module SMHI /ver 3-12/ feb 2012 
** LIMS Job: 20207710-0137
** Cruise: SMHI-03-2020
** Latitude [GG MM.mm N] :
** Longitude [GGG MM.mm E]:
# nquan = 30
# nvalues = 302                         
# units = specified
# name 0 = scan: Scan Count
# name 1 = prDM: Pressure, Digiquartz [db]
# name 2 = t090C: Temperature [ITS-90, deg C]
# name 3 = t190C: Temperature, 2 [ITS-90, deg C]
# name 4 = c0S/m: Conductivity [S/m]
# name 5 = c1S/m: Conductivity, 2 [S/m]
# name 6 = pumps: Pump Status
# name 7 = sbeox0V: Oxygen raw, SBE 43 [V]
# name 8 = sbeox1V: Oxygen raw, SBE 43, 2 [V]
# name 9 = altM: Altimeter [m]
# name 10 = dz/dtM: Descent Rate [m/s]
# name 11 = flECO-AFL: Chl-a Fluorescence, WET Labs ECO-AFL/FL [mg/m^3]
# name 12 = flECO-AFL1: Phycocyanin Fluorescence, WET Labs ECO-AFL/FL, 2 [mg/m^3]
# name 13 = par: PAR/Irradiance, Biospherical/Lico [µE/(cm^2*s)]
# name 14 = turbWETntu0: Turbidity, WET Labs ECO [NTU]
# name 15 = sal00: Salinity, Practical [PSU]
# name 16 = sal11: Salinity, Practical, 2 [PSU]
# name 17 = secS-priS: Salinity, Practical, Difference, 2 - 1 [PSU]
# name 18 = T2-T190C: Temperature Difference, 2 - 1 [ITS-90, deg C]
# name 19 = sigma-t00: Density [sigma-t, kg/m^3 ]
# name 20 = sigma-t11: Density, 2 [sigma-t, kg/m^3 ]
# name 21 = depSM: Depth [salt water, m], lat = 57.5475
# name 22 = depFM: Depth [true depth, m], lat = 57.5475
# name 23 = svCM: Sound Velocity [Chen-Millero, m/s]
# name 24 = svCM1: Sound Velocity, 2 [Chen-Millero, m/s]
# name 25 = sbeox0ML/L: Oxygen, SBE 43 [ml/l], WS = 2
# name 26 = sbeox1ML/L: Oxygen, SBE 43, 2 [ml/l], WS = 2
# name 27 = sbeox0PS: Oxygen, SBE 43 [% saturation], WS = 2
# name 28 = sbeox1PS: Oxygen, SBE 43, 2 [% saturation], WS = 2
# name 29 = flag: flag
# span 0 =      25095,      34311       
# span 1 =      3.500,    154.000       
# span 2 =     4.9966,     7.8558       
# span 3 =     4.9963,     7.8508       
# span 4 =   0.799574,   1.402469       
# span 5 =   0.799640,   1.402619       
# span 6 =          1,          1       
# span 7 =     0.7453,     3.5274       
# span 8 =     0.7308,     3.2913       
# span 9 =       1.14,     113.09       
# span 10 =     -0.457,      1.682      
# span 11 =     0.3427,     0.4296      
# span 12 =     0.1296,     0.3013      
# span 13 = -3.370e-04, 6.9097e-01      
# span 14 =     0.1098,     0.7186      
# span 15 =     7.3728,    12.6094      
# span 16 =     7.3735,    12.6112      
# span 17 =    -0.2618,     0.0784      
# span 18 =    -0.0720,     0.1619      
# span 19 =     5.8292,     9.8090      
# span 20 =     5.8298,     9.8105      
# span 21 =      3.468,    152.522      
# span 22 =      3.544,    155.675      
# span 23 =    1435.71,    1455.39      
# span 24 =    1435.71,    1455.36      
# span 25 =     0.0518,     7.9023      
# span 26 =     0.0753,     8.0428      
# span 27 =      0.668,     92.880      
# span 28 =      0.972,     94.535      
# span 29 = 0.0000e+00, 0.0000e+00      
# interval = decibars: 0.5              
# start_time = Feb 10 2020 15:51:57 [NMEA time, first data scan]
# bad_flag = -9.990e-29
*END*
[from data line 242]
      31907    124.500     7.6014     7.6006    1.36226    1.36353          1     0.8851     0.8629      34.30      0.293     0.3571     0.2185  1.000e-12  0.1542000    12.1104    12.1229     0.0125    -0.0008     9.3898     9.3997    123.314    125.914    1454.62    1454.63     0.3734     0.4084     4.8280     5.2810  0.000e+00
      31922    125.000     7.5774     7.5725    1.36321    1.36309          1     0.8802     0.8589      33.95      0.538     0.3572     0.2293  1.000e-12  0.1542000    12.1278    12.1284     0.0006    -0.0049     9.4056     9.4065    123.809    126.419    1454.55    1454.53     0.3571     0.4014     4.6160     5.1870  0.000e+00
      31936    125.500     7.5381     7.5377    1.36248    1.36268          1     0.8751     0.8560      33.55      0.719     0.3580     0.2056  1.000e-12  0.1467000    12.1344    12.1364     0.0021    -0.0004     9.4142     9.4158    124.304    126.923    1454.40    1454.41     0.3516     0.4072     4.5410     5.2580  0.000e+00
      31950    126.000     7.5230     7.5214    1.36290    1.36293          1     0.8721     0.8545      33.05      0.837     0.3628     0.2090  1.000e-12  0.1488000    12.1435    12.1444     0.0009    -0.0016     9.4227     9.4235    124.799    127.428    1454.36    1454.36     0.3605     0.4201     4.6530     5.4230  0.000e+00
      31968    126.500     7.4821     7.4859    1.36178    1.36191          1     0.8710     0.8539      32.43      0.812     0.3668     0.2184  1.000e-12  0.1519000    12.1469    12.1468    -0.0001     0.0038     9.4289     9.4285    125.294    127.932    1454.21    1454.22     0.3727     0.4277     4.8070     5.5160  0.000e+00
      32024    127.000     7.5038     7.5226    1.36195    1.36217          1     0.8680     0.8498      31.31      0.243     0.3585     0.2139  1.000e-12  0.1436000    12.1408    12.1365    -0.0043     0.0188     9.4223     9.4172    125.789    128.437    1454.30    1454.37     0.3707     0.4128     4.7840     5.3290  0.000e+00
      32060    127.500     7.4850     7.5121    1.36305    1.36289          1     0.8683     0.8484      30.91      0.288     0.3827     0.2195  1.000e-12  0.1460000    12.1579    12.1469    -0.0110     0.0271     9.4373     9.4263    126.284    128.941    1454.25    1454.35     0.3821     0.4241     4.9290     5.4740  0.000e+00
      32078    128.000     7.5197     7.5227    1.36631    1.36660          1     0.8698     0.8490      30.74      0.531     0.3737     0.2099  1.000e-12  0.1460000    12.1772    12.1790     0.0018     0.0030     9.4494     9.4505    126.779    129.446    1454.42    1454.44     0.3827     0.4253     4.9410     5.4910  0.000e+00
      32097    128.500     7.5698     7.5721    1.36966    1.36996          1     0.8704     0.8487      30.32      0.643     0.3697     0.1585  1.000e-12  0.1457000    12.1920    12.1940     0.0020     0.0024     9.4565     9.4579    127.274    129.950    1454.65    1454.67     0.3747     0.4154     4.8440     5.3710  0.000e+00
      32120    129.000     7.6064     7.6068    1.37277    1.37296          1     0.8692     0.8476      29.80      0.590     0.3699     0.2274  1.000e-12  0.1478000    12.2090    12.2107     0.0017     0.0005     9.4666     9.4679    127.769    130.455    1454.83    1454.84     0.3651     0.4049     4.7250     5.2400  0.000e+00
      32143    129.500     7.6052     7.6046    1.37369    1.37377          1     0.8681     0.8461      29.29      0.522     0.3700     0.2720  1.000e-12  0.1540000    12.2181    12.2192     0.0011    -0.0006     9.4739     9.4747    128.265    130.959    1454.85    1454.85     0.3665     0.4036     4.7420     5.2220  0.000e+00
      32165    130.000     7.5980     7.5968    1.37481    1.37496          1     0.8680     0.8454      28.78      0.531     0.3728     0.2517  1.000e-12  0.1580000    12.2314    12.2333     0.0019    -0.0012     9.4849     9.4865    128.760    131.464    1454.84    1454.84     0.3696     0.4076     4.7830     5.2740  0.000e+00
      32216    130.500     7.5908     7.5918    1.37433    1.37520          1     0.8651     0.8432      28.10      0.304     0.3773     0.1920  1.000e-12  0.1562000    12.2293    12.2372     0.0080     0.0010     9.4838     9.4900    129.255    131.968    1454.82    1454.83     0.3460     0.3816     4.4760     4.9370  0.000e+00
      32278    131.000     7.5919     7.6049    1.37404    1.37618          1     0.8544     0.8341      27.72      0.201     0.3699     0.2308  1.000e-12  0.1570000    12.2259    12.2420     0.0160     0.0130     9.4811     9.4925    129.750    132.473    1454.83    1454.90     0.2893     0.3121     3.7430     4.0390  0.000e+00
      32292    131.500     7.6052     7.6029    1.37928    1.37937          1     0.8496     0.8299      27.37      0.506     0.3711     0.2211  1.000e-12  0.1619000    12.2717    12.2734     0.0017    -0.0023     9.5158     9.5173    130.245    132.977    1454.95    1454.94     0.2838     0.3111     3.6740     4.0270  0.000e+00
      32307    132.000     7.5849     7.5834    1.38041    1.38051          1     0.8459     0.8267      26.89      0.722     0.3710     0.2066  1.000e-12  0.1760000    12.2897    12.2912     0.0015    -0.0015     9.5317     9.5329    130.740    133.482    1454.89    1454.89     0.2753     0.3061     3.5630     3.9600  0.000e+00
      32324    132.500     7.5598     7.5594    1.38046    1.38057          1     0.8406     0.8224      26.35      0.788     0.3697     0.1945  1.000e-12  0.1840000    12.2988    12.3001     0.0013    -0.0005     9.5411     9.5421    131.235    133.986    1454.81    1454.81     0.2520     0.2859     3.2590     3.6970  0.000e+00
      32357    133.000     7.5520     7.5527    1.38048    1.38044          1     0.8262     0.8109      25.60      0.458     0.3627     0.2019  1.000e-12  0.2018000    12.3018    12.3011    -0.0007     0.0007     9.5440     9.5434    131.730    134.491    1454.79    1454.79     0.1949     0.2184     2.5210     2.8240  0.000e+00
      32388    133.500     7.5077     7.5123    1.37956    1.37958          1     0.8086     0.7954      25.12      0.310     0.3704     0.2066  1.000e-12  0.2235000    12.3084    12.3069    -0.0015     0.0046     9.5532     9.5516    132.225    134.995    1454.63    1454.64     0.1352     0.1515     1.7470     1.9570  0.000e+00
      32404    134.000     7.4380     7.4329    1.37742    1.37736          1     0.7982     0.7870      24.74      0.493     0.3702     0.2278  1.000e-12  0.2007000    12.3122    12.3134     0.0012    -0.0051     9.5622     9.5636    132.720    135.499    1454.35    1454.33     0.1209     0.1458     1.5600     1.8800  0.000e+00
      32417    134.500     7.3766     7.3708    1.37562    1.37556          1     0.7927     0.7815      24.35      0.689     0.3722     0.2289  1.000e-12  0.2021000    12.3164    12.3179     0.0016    -0.0058     9.5708     9.5725    133.215    136.004    1454.12    1454.09     0.1288     0.1568     1.6590     2.0190  0.000e+00
      32430    135.000     7.3315     7.3303    1.37474    1.37485          1     0.7897     0.7788      23.90      0.857     0.3711     0.1646  1.000e-12  0.2066000    12.3237    12.3252     0.0015    -0.0012     9.5804     9.5817    133.710    136.508    1453.95    1453.94     0.1468     0.1795     1.8880     2.3090  0.000e+00
      32450    135.500     7.3504     7.3512    1.37678    1.37691          1     0.7891     0.7767      23.28      0.877     0.3766     0.1969  1.000e-12  0.2162000    12.3368    12.3377     0.0009     0.0008     9.5890     9.5897    134.205    137.013    1454.05    1454.05     0.1763     0.2126     2.2700     2.7360  0.000e+00
      32569    136.000     7.3891     7.3824    1.37678    1.37754          1     0.7775     0.7636      22.74      0.498     0.3769     0.2197  1.000e-12  0.2050000    12.3229    12.3326     0.0098    -0.0067     9.5749     9.5831    134.700    137.517    1454.20    1454.18     0.0636     0.0846     0.8190     1.0900  0.000e+00
      32579    136.500     7.4112     7.4263    1.37853    1.37819          1     0.7717     0.7588      22.42      0.775     0.3730     0.2184  1.000e-12  0.2133000    12.3320    12.3234    -0.0086     0.0151     9.5801     9.5720    135.195    138.022    1454.31    1454.36     0.0578     0.0766     0.7450     0.9880  0.000e+00
      32591    137.000     7.4540     7.4593    1.38221    1.38155          1     0.7668     0.7545      21.91      0.961     0.3706     0.2184  1.000e-12  0.2112000    12.3524    12.3440    -0.0084     0.0053     9.5923     9.5853    135.691    138.526    1454.52    1454.53     0.0559     0.0753     0.7220     0.9720  0.000e+00
      32604    137.500     7.5047     7.5051    1.38827    1.38835          1     0.7622     0.7502      21.42      1.023     0.3702     0.2328  1.000e-12  0.2068000    12.3929    12.3936     0.0007     0.0004     9.6195     9.6201    136.186    139.030    1454.78    1454.78     0.0554     0.0778     0.7170     1.0060  0.000e+00
      32623    138.000     7.5203     7.5187    1.38942    1.38947          1     0.7575     0.7458      20.83      0.856     0.3692     0.2539  1.000e-12  0.1899000    12.3983    12.3994     0.0010    -0.0016     9.6224     9.6234    136.681    139.535    1454.86    1454.86     0.0553     0.0815     0.7160     1.0530  0.000e+00
      32652    138.500     7.5159     7.5166    1.38956    1.38963          1     0.7529     0.7410      20.10      0.505     0.3794     0.1956  1.000e-12  0.1960000    12.4011    12.4016     0.0004     0.0007     9.6251     9.6253    137.176    140.039    1454.85    1454.86     0.0564     0.0860     0.7290     1.1120  0.000e+00
      32682    139.000     7.5368     7.5404    1.39133    1.39166          1     0.7504     0.7381      19.30      0.376     0.3802     0.1978  1.000e-12  0.1954000    12.4107    12.4127     0.0020     0.0037     9.6307     9.6319    137.671    140.544    1454.96    1454.98     0.0570     0.0906     0.7370     1.1720  0.000e+00
      32709    139.500     7.5502     7.5479    1.39335    1.39342          1     0.7490     0.7363      18.94      0.433     0.3592     0.1748  1.000e-12  0.2084000    12.4254    12.4269     0.0015    -0.0022     9.6410     9.6424    138.166    141.048    1455.04    1455.03     0.0573     0.0902     0.7410     1.1670  0.000e+00
      32736    140.000     7.5475     7.5463    1.39412    1.39421          1     0.7484     0.7353      18.49      0.450     0.3742     0.2099  1.000e-12  0.2165000    12.4337    12.4350     0.0013    -0.0012     9.6478     9.6489    138.661    141.553    1455.05    1455.05     0.0587     0.0944     0.7600     1.2220  0.000e+00
      32789    140.500     7.5431     7.5393    1.39434    1.39435          1     0.7480     0.7346      17.83      0.240     0.3818     0.2026  1.000e-12  0.2432000    12.4374    12.4388     0.0014    -0.0038     9.6510     9.6524    139.156    142.057    1455.04    1455.03     0.0594     0.0965     0.7690     1.2480  0.000e+00
      32838    141.000     7.5064     7.4995    1.39314    1.39294          1     0.7484     0.7344      17.40      0.237     0.3819     0.2208  1.000e-12  0.3072000    12.4387    12.4393     0.0005    -0.0069     9.6553     9.6564    139.651    142.561    1454.90    1454.88     0.0626     0.0974     0.8100     1.2600  0.000e+00
      32857    141.500     7.4835     7.4837    1.39291    1.39309          1     0.7487     0.7344      17.05      0.458     0.3831     0.2193  1.000e-12  0.3230000    12.4445    12.4462     0.0017     0.0002     9.6619     9.6632    140.146    143.066    1454.82    1454.83     0.0628     0.0963     0.8110     1.2440  0.000e+00
      32873    142.000     7.4365     7.4307    1.39150    1.39134          1     0.7487     0.7342      16.62      0.618     0.3723     0.2175  1.000e-12  0.2565000    12.4476    12.4482     0.0006    -0.0059     9.6684     9.6694    140.641    143.570    1454.64    1454.62     0.0613     0.0947     0.7910     1.2220  0.000e+00
      32890    142.500     7.3489     7.3463    1.38799    1.38799          1     0.7487     0.7341      16.14      0.707     0.3811     0.2147  1.000e-12  0.2717000    12.4448    12.4458     0.0010    -0.0026     9.6738     9.6748    141.136    144.075    1454.29    1454.28     0.0609     0.0941     0.7840     1.2120  0.000e+00
      32908    143.000     7.3203     7.3196    1.38705    1.38711          1     0.7485     0.7339      15.64      0.713     0.3952     0.1911  1.000e-12  0.3120000    12.4459    12.4467     0.0008    -0.0007     9.6771     9.6778    141.631    144.579    1454.18    1454.18     0.0598     0.0943     0.7700     1.2140  0.000e+00
      32928    143.500     7.3081     7.3082    1.38680    1.38694          1     0.7482     0.7338      15.08      0.644     0.3825     0.2023  1.000e-12  0.4435000    12.4476    12.4490     0.0014     0.0001     9.6795     9.6806    142.126    145.083    1454.14    1454.14     0.0566     0.0918     0.7290     1.1820  0.000e+00
      32952    144.000     7.3158     7.3157    1.38780    1.38805          1     0.7475     0.7330      14.47      0.549     0.4034     0.1938  1.000e-12  0.5938000    12.4545    12.4569     0.0024    -0.0000     9.6843     9.6862    142.621    145.588    1454.19    1454.19     0.0561     0.0887     0.7220     1.1420  0.000e+00
      32985    144.500     7.3083     7.3105    1.38820    1.38833          1     0.7470     0.7328      13.84      0.403     0.3842     0.1638  1.000e-12  0.7186000    12.4610    12.4615     0.0004     0.0023     9.6900     9.6902    143.116    146.092    1454.18    1454.19     0.0551     0.0922     0.7090     1.1870  0.000e+00
      33071    145.000     7.3400     7.3376    1.38924    1.38938          1     0.7464     0.7325      13.22      0.133     0.3992     0.1648  1.000e-12  0.4986000    12.4597    12.4618     0.0021    -0.0023     9.6863     9.6881    143.611    146.596    1454.31    1454.30     0.0554     0.0890     0.7130     1.1460  0.000e+00
      33098    145.500     7.3138     7.3129    1.39036    1.39055          1     0.7463     0.7322      12.88      0.343     0.3952     0.1645  1.000e-12  0.4945000    12.4798    12.4820     0.0022    -0.0009     9.7043     9.7061    144.106    147.101    1454.24    1454.24     0.0542     0.0896     0.6980     1.1530  0.000e+00
      33115    146.000     7.3119     7.3118    1.39100    1.39117          1     0.7461     0.7321      12.49      0.537     0.4005     0.1296  1.000e-12  0.5266000    12.4866    12.4883     0.0016    -0.0002     9.7098     9.7111    144.601    147.605    1454.25    1454.25     0.0538     0.0882     0.6930     1.1360  0.000e+00
      33130    146.500     7.3145     7.3143    1.39190    1.39204          1     0.7459     0.7318      12.09      0.688     0.4070     0.1380  1.000e-12  0.5564000    12.4944    12.4958     0.0014    -0.0002     9.7156     9.7167    145.096    148.110    1454.27    1454.27     0.0547     0.0875     0.7040     1.1270  0.000e+00
      33145    147.000     7.3131     7.3128    1.39252    1.39264          1     0.7462     0.7318      11.62      0.785     0.3972     0.1447  1.000e-12  0.6684000    12.5008    12.5021     0.0013    -0.0003     9.7208     9.7218    145.591    148.614    1454.28    1454.28     0.0548     0.0887     0.7060     1.1410  0.000e+00
      33162    147.500     7.3178     7.3177    1.39389    1.39405          1     0.7459     0.7316      11.14      0.800     0.3941     0.2010  1.000e-12  0.6648000    12.5124    12.5139     0.0016    -0.0001     9.7294     9.7307    146.086    149.118    1454.33    1454.33     0.0537     0.0880     0.6910     1.1330  0.000e+00
      33235    148.000     7.3228     7.3244    1.39402    1.39369          1     0.7460     0.7316      10.29      0.412     0.3955     0.1979  1.000e-12  0.5903000    12.5117    12.5079    -0.0037     0.0017     9.7285     9.7254    146.581    149.623    1454.35    1454.36     0.0541     0.0888     0.6960     1.1440  0.000e+00
