ctdpy/tests/etc/exprapp_feb_2020/SBE09_1387_20200208_1737_77_10_0128.cnv
* Sea-Bird SBE 9 Data File:
* FileName = L:\2020\sv20d0128.hex
* Software Version Seasave V 7.26.7.121
* Temperature SN = 6378
* Conductivity SN = 4824
* Number of Bytes Per Scan = 41
* Number of Voltage Words = 4
* Number of Scans Averaged by the Deck Unit = 1
* NMEA Latitude = 55 23.00 N
* NMEA Longitude = 015 20.03 E
* NMEA UTC (Time) = Feb 08 2020  17:37:43
* NMEA baud rate = 4800
** Station:  BY4
** Operator:  DBSj
** Ship: SVEA
** Average sound velocity: 1449.66 m/s
** True-depth calculation Sat, 08 Feb 2020 18:54:52 +0000
** CTD Python Module SMHI /ver 3-12/ feb 2012 
** LIMS Job: 20207710-0128
** Cruise: SMHI-03-2020
** Latitude [GG MM.mm N] :
** Longitude [GGG MM.mm E]:
# nquan = 30
# nvalues = 176                         
# units = specified
# name 0 = scan: Scan Count
# name 1 = prDM: Pressure, Digiquartz [db]
# name 2 = t090C: Temperature [ITS-90, deg C]
# name 3 = t190C: Temperature, 2 [ITS-90, deg C]
# name 4 = c0S/m: Conductivity [S/m]
# name 5 = c1S/m: Conductivity, 2 [S/m]
# name 6 = pumps: Pump Status
# name 7 = sbeox0V: Oxygen raw, SBE 43 [V]
# name 8 = sbeox1V: Oxygen raw, SBE 43, 2 [V]
# name 9 = altM: Altimeter [m]
# name 10 = dz/dtM: Descent Rate [m/s]
# name 11 = flECO-AFL: Chl-a Fluorescence, WET Labs ECO-AFL/FL [mg/m^3]
# name 12 = flECO-AFL1: Phycocyanin Fluorescence, WET Labs ECO-AFL/FL, 2 [mg/m^3]
# name 13 = par: PAR/Irradiance, Biospherical/Lico [µE/(cm^2*s)]
# name 14 = turbWETntu0: Turbidity, WET Labs ECO [NTU]
# name 15 = sal00: Salinity, Practical [PSU]
# name 16 = sal11: Salinity, Practical, 2 [PSU]
# name 17 = secS-priS: Salinity, Practical, Difference, 2 - 1 [PSU]
# name 18 = T2-T190C: Temperature Difference, 2 - 1 [ITS-90, deg C]
# name 19 = sigma-t00: Density [sigma-t, kg/m^3 ]
# name 20 = sigma-t11: Density, 2 [sigma-t, kg/m^3 ]
# name 21 = depSM: Depth [salt water, m], lat = 55.3833
# name 22 = depFM: Depth [true depth, m], lat = 55.3833
# name 23 = svCM: Sound Velocity [Chen-Millero, m/s]
# name 24 = svCM1: Sound Velocity, 2 [Chen-Millero, m/s]
# name 25 = sbeox0ML/L: Oxygen, SBE 43 [ml/l], WS = 2
# name 26 = sbeox1ML/L: Oxygen, SBE 43, 2 [ml/l], WS = 2
# name 27 = sbeox0PS: Oxygen, SBE 43 [% saturation], WS = 2
# name 28 = sbeox1PS: Oxygen, SBE 43, 2 [% saturation], WS = 2
# name 29 = flag: flag
# span 0 =      26330,      33977       
# span 1 =      1.500,     89.000       
# span 2 =     5.5813,     9.5530       
# span 3 =     5.5811,     9.5414       
# span 4 =   0.854158,   1.907902       
# span 5 =   0.854243,   1.907941       
# span 6 =          1,          1       
# span 7 =     2.1585,     3.5864       
# span 8 =     2.0448,     3.3446       
# span 9 =      -1.38,      93.21       
# span 10 =      0.066,      0.510      
# span 11 =     0.2937,     0.6761      
# span 12 =     0.1395,     0.3314      
# span 13 = -5.712e-05, 2.1366e+00      
# span 14 =     0.1293,     0.7310      
# span 15 =     7.7698,    17.3584      
# span 16 =     7.7707,    17.3590      
# span 17 =    -0.0154,     0.0418      
# span 18 =    -0.1034,     0.0658      
# span 19 =     6.1157,    13.4738      
# span 20 =     6.1163,    13.4743      
# span 21 =      1.486,     88.176      
# span 22 =      1.519,     89.818      
# span 23 =    1438.90,    1461.69      
# span 24 =    1438.90,    1461.65      
# span 25 =     3.3128,     7.9062      
# span 26 =     3.2129,     8.0446      
# span 27 =     44.380,     94.611      
# span 28 =     43.047,     96.241      
# span 29 = 0.0000e+00, 0.0000e+00      
# interval = decibars: 0.5              
# start_time = Feb 08 2020 17:37:43 [NMEA time, first data scan]
# bad_flag = -9.990e-29
*END*
[from data line 146]
      30559     74.500     6.8061     6.8126    1.70361    1.70383          1     2.9577     2.7619      15.58      0.448     0.3109     0.2183  1.000e-12  0.5662000    15.8076    15.8067    -0.0008     0.0065    12.3579    12.3567     73.813     75.238    1455.15    1455.18     5.8348     5.9824    75.8340    77.7650  0.000e+00
      30586     75.000     6.7446     6.7468    1.70799    1.70831          1     2.9732     2.7764      15.17      0.452     0.3154     0.2180  1.000e-12  0.5805000    15.8799    15.8821     0.0023     0.0022    12.4201    12.4217     74.308     75.741    1455.00    1455.01     5.7985     5.9195    75.2880    76.8640  0.000e+00
      30614     75.500     6.7497     6.7534    1.71304    1.71366          1     2.9713     2.7765      14.66      0.440     0.3132     0.2235  1.000e-12  0.5622000    15.9285    15.9331     0.0045     0.0037    12.4578    12.4611     74.803     76.244    1455.09    1455.11     5.7021     5.7907    74.0680    75.2280  0.000e+00
      30644     76.000     6.7871     6.7898    1.71868    1.71923          1     2.9486     2.7596      14.19      0.405     0.3150     0.2743  1.000e-12  0.5276000    15.9680    15.9724     0.0044     0.0028    12.4855    12.4887     75.299     76.747    1455.30    1455.32     5.5432     5.6020    72.0880    72.8590  0.000e+00
      30672     76.500     6.8545     6.8568    1.72752    1.72825          1     2.9120     2.7299      13.73      0.414     0.3154     0.2077  1.000e-12  0.5605000    16.0259    16.0321     0.0063     0.0023    12.5249    12.5296     75.794     77.250    1455.66    1455.67     5.4109     5.4516    70.5080    71.0460  0.000e+00
      30700     77.000     6.9497     6.9506    1.74136    1.74180          1     2.8794     2.7009      13.19      0.439     0.3066     0.1491  1.000e-12  0.5604000    16.1209    16.1249     0.0040     0.0009    12.5909    12.5940     76.289     77.753    1456.17    1456.18     5.3488     5.3925    69.9020    70.4760  0.000e+00
      30728     77.500     7.0056     7.0065    1.74937    1.74970          1     2.8557     2.6782      12.66      0.428     0.3121     0.1803  1.000e-12  0.5732000    16.1752    16.1782     0.0030     0.0009    12.6284    12.6306     76.784     78.256    1456.48    1456.48     5.3226     5.3768    69.6780    70.3900  0.000e+00
      30756     78.000     7.0223     7.0221    1.75180    1.75196          1     2.8395     2.6627      12.16      0.424     0.3173     0.2462  1.000e-12  0.6135000    16.1917    16.1934     0.0017    -0.0002    12.6398    12.6411     77.280     78.759    1456.57    1456.58     5.3083     5.3936    69.5270    70.6440  0.000e+00
      30789     78.500     7.0369     7.0353    1.75361    1.75351          1     2.8238     2.6503      11.58      0.390     0.3222     0.2102  1.000e-12  0.5793000    16.2029    16.2027    -0.0003    -0.0017    12.6473    12.6472     77.775     79.262    1456.66    1456.65     5.2281     5.2998    68.5050    69.4410  0.000e+00
      30833     79.000     7.0789     7.0812    1.75886    1.75744          1     2.7637     2.5969      10.98      0.269     0.3130     0.2225  1.000e-12  0.5761000    16.2359    16.2204    -0.0154     0.0024    12.6692    12.6568     78.270     79.765    1456.88    1456.87     4.9348     4.9378    64.7390    64.7760  0.000e+00
      30881     79.500     7.2759     7.2893    1.77927    1.78059          1     2.6814     2.5233      10.49      0.254     0.3110     0.2331  1.000e-12  0.5714000    16.3475    16.3544     0.0069     0.0134    12.7381    12.7422     78.766     80.268    1457.82    1457.89     4.7540     4.7800    62.7080    63.0740  0.000e+00
      30931     80.000     7.3637     7.3612    1.78933    1.78934          1     2.6433     2.4862       9.97      0.240     0.3211     0.2125  1.000e-12  0.5752000    16.4066    16.4079     0.0013    -0.0025    12.7760    12.7772     79.261     80.770    1458.26    1458.25     4.7991     4.8812    63.4600    64.5430  0.000e+00
      30984     80.500     7.3304     7.3214    1.78985    1.78938          1     2.6508     2.4873       9.44      0.222     0.3077     0.2062  1.000e-12  0.5612000    16.4274    16.4269    -0.0005    -0.0090    12.7954    12.7959     79.756     81.273    1458.16    1458.12     4.8791     4.9860    64.4760    65.8740  0.000e+00
      31032     81.000     7.2949     7.2936    1.78958    1.78962          1     2.6633     2.4973       8.88      0.255     0.3156     0.2108  1.000e-12  0.5923000    16.4414    16.4424     0.0010    -0.0013    12.8098    12.8108     80.251     81.776    1458.04    1458.04     4.9225     5.0340    65.0000    66.4710  0.000e+00
      31084     81.500     7.2697     7.2658    1.78957    1.78954          1     2.6686     2.4999       8.26      0.225     0.3175     0.2197  1.000e-12  0.6196000    16.4531    16.4546     0.0015    -0.0039    12.8215    12.8230     80.747     82.279    1457.96    1457.95     4.8321     4.8873    63.7740    64.4970  0.000e+00
      31135     82.000     7.3249     7.3454    1.79846    1.80073          1     2.6194     2.4583       7.91      0.238     0.3104     0.2384  1.000e-12  0.6546000    16.5156    16.5285     0.0129     0.0205    12.8650    12.8732     81.242     82.782    1458.27    1458.37     4.6411     4.6840    61.3580    61.9600  0.000e+00
      31190     82.500     7.4610     7.4693    1.81942    1.82078          1     2.5603     2.4062       7.38      0.216     0.3046     0.2355  1.000e-12  0.6008000    16.6597    16.6693     0.0096     0.0082    12.9646    12.9713     81.737     83.284    1459.01    1459.05     4.4251     4.4417    58.7450    58.9810  0.000e+00
      31240     83.000     7.7102     7.7147    1.84560    1.84652          1     2.4916     2.3455       6.89      0.242     0.3037     0.2149  1.000e-12  0.5548000    16.8004    16.8074     0.0070     0.0045    13.0497    13.0547     82.233     83.787    1460.19    1460.22     4.2514     4.2845    56.8270    57.2780  0.000e+00
      31292     83.500     7.6976     7.6985    1.85343    1.85378          1     2.4476     2.3047       6.37      0.231     0.3128     0.1977  1.000e-12  0.4871000    16.8841    16.8872     0.0031     0.0009    13.1165    13.1188     82.728     84.290    1460.26    1460.26     4.1810     4.2262    55.9000    56.5070  0.000e+00
      31343     84.000     7.7410     7.7441    1.86253    1.86313          1     2.3969     2.2570       5.90      0.234     0.3104     0.2127  1.000e-12  0.4793000    16.9533    16.9577     0.0044     0.0032    13.1661    13.1693     83.223     84.793    1460.52    1460.54     4.0263     4.0507    53.9110    54.2440  0.000e+00
      31391     84.500     7.8235     7.8277    1.88182    1.88298          1     2.3676     2.2281       5.46      0.249     0.3200     0.2311  1.000e-12  0.4999000    17.1042    17.1136     0.0095     0.0043    13.2756    13.2826     83.718     85.295    1461.05    1461.08     4.0244     4.0892    54.0440    54.9230  0.000e+00
      31448     85.000     7.8108     7.8104    1.89612    1.89621          1     2.3552     2.2154      10.20      0.204     0.3203     0.2572  1.000e-12  0.4373000    17.2519    17.2531     0.0011    -0.0005    13.3925    13.3935     84.214     85.798    1461.19    1461.19     3.9989     4.0683    53.7380    54.6690  0.000e+00
      31495     85.500     7.8127     7.8148    1.89765    1.89803          1     2.3383     2.1994      92.08      0.260     0.3167     0.2344  1.000e-12  0.4348000    17.2661    17.2688     0.0027     0.0021    13.4034    13.4053     84.709     86.300    1461.22    1461.23     3.9466     4.0096    53.0420    53.8920  0.000e+00
      31553     86.000     7.8286     7.8295    1.90149    1.90174          1     2.3241     2.1863      18.84      0.198     0.3209     0.1772  1.000e-12  0.4360000    17.2962    17.2982     0.0020     0.0009    13.4252    13.4267     85.204     86.803    1461.33    1461.33     3.9276     4.0051    52.8170    53.8600  0.000e+00
      31613     86.500     7.8269     7.8274    1.90337    1.90354          1     2.3130     2.1772       3.95      0.213     0.3204     0.2253  1.000e-12  0.5956000    17.3155    17.3169     0.0014     0.0005    13.4406    13.4416     85.699     87.305    1461.35    1461.36     3.9024     3.9827    52.4820    53.5640  0.000e+00
      31680     87.000     7.8362     7.8365    1.90499    1.90513          1     2.3051     2.1697       9.36      0.173     0.3182     0.2270  1.000e-12  0.5157000    17.3268    17.3281     0.0013     0.0003    13.4484    13.4494     86.195     87.808    1461.41    1461.42     3.9013     3.9900    52.4830    53.6770  0.000e+00
      32489     87.500     7.8303     7.8321    1.90377    1.90405          1     2.3065     2.1734       4.59      0.132     0.3202     0.2334  1.000e-12  0.4770000    17.3175    17.3194     0.0019     0.0018    13.4418    13.4431     86.690     88.310    1461.39    1461.39     3.9001     3.9844    52.4560    53.5940  0.000e+00
      32946     88.000     7.8272     7.8286    1.90482    1.90505          1     2.3038     2.1687      57.02      0.104     0.3222     0.2375  1.000e-12  0.4966000    17.3293    17.3309     0.0016     0.0015    13.4513    13.4524     87.185     88.813    1461.40    1461.41     3.8962     3.9767    52.4040    53.4900  0.000e+00
      33047     88.500     7.8266     7.8264    1.90645    1.90652          1     2.2991     2.1616       2.03      0.161     0.3232     0.2357  1.000e-12  0.5460000    17.3456    17.3465     0.0009    -0.0002    13.4641    13.4648     87.680     89.315    1461.43    1461.42     3.8884     3.9670    52.3030    53.3610  0.000e+00
      33977     89.000     7.8297     7.8293    1.90790    1.90794          1     2.2890     2.1507      -1.38      0.066     0.3294     0.2282  1.000e-12  0.7310000    17.3584    17.3590     0.0006    -0.0004    13.4738    13.4743     88.176     89.818    1461.46    1461.46     3.8690     3.9467    52.0500    53.0950  0.000e+00
