ctdpy/tests/etc/exprapp_feb_2020/SBE09_1387_20200204_0534_77_10_0106.cnv
* Sea-Bird SBE 9 Data File:
* FileName = L:\2020\sv20d0106.hex
* Software Version Seasave V 7.26.7.121
* Temperature SN = 6378
* Conductivity SN = 4824
* Number of Bytes Per Scan = 41
* Number of Voltage Words = 4
* Number of Scans Averaged by the Deck Unit = 1
* NMEA Latitude = 58 17.36 N
* NMEA Longitude = 010 51.36 E
* NMEA UTC (Time) = Feb 04 2020  05:34:22
* NMEA baud rate = 4800
** Station:  12W Hallo
** Operator:  A-KTh
** Ship: SVEA
** Average sound velocity: 1480.15 m/s
** True-depth calculation Tue, 04 Feb 2020 10:02:25 +0000
** CTD Python Module SMHI /ver 3-12/ feb 2012 
** LIMS Job: 20207710-0106
** Cruise: SMHI-02-2020
** Latitude [GG MM.mm N] :
** Longitude [GGG MM.mm E]:
# nquan = 30
# nvalues = 272                         
# units = specified
# name 0 = scan: Scan Count
# name 1 = prDM: Pressure, Digiquartz [db]
# name 2 = t090C: Temperature [ITS-90, deg C]
# name 3 = t190C: Temperature, 2 [ITS-90, deg C]
# name 4 = c0S/m: Conductivity [S/m]
# name 5 = c1S/m: Conductivity, 2 [S/m]
# name 6 = pumps: Pump Status
# name 7 = sbeox0V: Oxygen raw, SBE 43 [V]
# name 8 = sbeox1V: Oxygen raw, SBE 43, 2 [V]
# name 9 = altM: Altimeter [m]
# name 10 = dz/dtM: Descent Rate [m/s]
# name 11 = flECO-AFL: Chl-a Fluorescence, WET Labs ECO-AFL/FL [mg/m^3]
# name 12 = flECO-AFL1: Phycocyanin Fluorescence, WET Labs ECO-AFL/FL, 2 [mg/m^3]
# name 13 = par: PAR/Irradiance, Biospherical/Lico [µE/(cm^2*s)]
# name 14 = turbWETntu0: Turbidity, WET Labs ECO [NTU]
# name 15 = sal00: Salinity, Practical [PSU]
# name 16 = sal11: Salinity, Practical, 2 [PSU]
# name 17 = secS-priS: Salinity, Practical, Difference, 2 - 1 [PSU]
# name 18 = T2-T190C: Temperature Difference, 2 - 1 [ITS-90, deg C]
# name 19 = sigma-t00: Density [sigma-t, kg/m^3 ]
# name 20 = sigma-t11: Density, 2 [sigma-t, kg/m^3 ]
# name 21 = depSM: Depth [salt water, m], lat = 58.2893
# name 22 = depFM: Depth [true depth, m], lat = 58.2893
# name 23 = svCM: Sound Velocity [Chen-Millero, m/s]
# name 24 = svCM1: Sound Velocity, 2 [Chen-Millero, m/s]
# name 25 = sbeox0ML/L: Oxygen, SBE 43 [ml/l], WS = 2
# name 26 = sbeox1ML/L: Oxygen, SBE 43, 2 [ml/l], WS = 2
# name 27 = sbeox0PS: Oxygen, SBE 43 [% saturation], WS = 2
# name 28 = sbeox1PS: Oxygen, SBE 43, 2 [% saturation], WS = 2
# name 29 = flag: flag
# span 0 =      36798,      44430       
# span 1 =      1.500,    137.000       
# span 2 =     6.1261,     7.8147       
# span 3 =     6.1263,     7.8142       
# span 4 =   3.183646,   3.617009       
# span 5 =   3.183595,   3.616972       
# span 6 =          1,          1       
# span 7 =     3.4873,     3.5808       
# span 8 =     3.2500,     3.3234       
# span 9 =       1.29,      99.33       
# span 10 =     -0.380,      0.767      
# span 11 =     0.2371,     0.8797      
# span 12 =     0.1097,     0.3766      
# span 13 = 1.0000e-12, 1.9482e+00      
# span 14 =     0.2592,    10.5411      
# span 15 =    32.0342,    35.1064      
# span 16 =    32.0333,    35.1051      
# span 17 =    -0.0679,     0.1132      
# span 18 =    -0.0335,     0.0381      
# span 19 =    25.1943,    27.3940      
# span 20 =    25.1936,    27.3929      
# span 21 =      1.486,    135.682      
# span 22 =      1.490,    135.877      
# span 23 =    1471.53,    1483.96      
# span 24 =    1471.53,    1483.96      
# span 25 =     6.1079,     6.6365      
# span 26 =     6.2065,     6.7367      
# span 27 =     92.209,     94.911      
# span 28 =     93.689,     96.263      
# span 29 = 0.0000e+00, 0.0000e+00      
# interval = decibars: 0.5              
# start_time = Feb 04 2020 05:34:22 [NMEA time, first data scan]
# bad_flag = -9.990e-29
*END*
[from data line 242]
      42754    122.500     7.6763     7.6769    3.59951    3.59944          1     3.5023     3.2607      15.24      0.521     0.2798     0.2488  1.000e-12  1.0899000    35.0309    35.0296    -0.0013     0.0006    27.3463    27.3452    121.326    121.502    1483.30    1483.30     6.1475     6.2336    92.4900    93.7860  0.000e+00
      42772    123.000     7.7093     7.7163    3.60376    3.60459          1     3.4995     3.2585      14.81      0.614     0.2745     0.2073  1.000e-12  1.0622000    35.0435    35.0455     0.0020     0.0070    27.3514    27.3519    121.821    121.998    1483.45    1483.48     6.1406     6.2282    92.4630    93.7970  0.000e+00
      42791    123.500     7.7703     7.7721    3.61121    3.61130          1     3.4976     3.2576      14.20      0.648     0.2665     0.2548  1.000e-12  0.9386000    35.0625    35.0617    -0.0008     0.0018    27.3573    27.3564    122.316    122.493    1483.71    1483.72     6.1342     6.2231    92.5050    93.8480  0.000e+00
      42812    124.000     7.7839     7.7825    3.61291    3.61263          1     3.4967     3.2567      13.67      0.618     0.2664     0.2505  1.000e-12  0.6421000    35.0670    35.0654    -0.0016    -0.0014    27.3588    27.3578    122.811    122.989    1483.78    1483.77     6.1329     6.2230    92.5160    93.8720  0.000e+00
      42838    124.500     7.7799     7.7811    3.61253    3.61251          1     3.4952     3.2558      13.22      0.516     0.2502     0.2388  1.000e-12  0.6457000    35.0667    35.0652    -0.0015     0.0012    27.3592    27.3578    123.306    123.485    1483.77    1483.77     6.1278     6.2145    92.4300    93.7410  0.000e+00
      42872    125.000     7.7886     7.7924    3.61362    3.61396          1     3.4925     3.2532      12.66      0.369     0.2378     0.1929  1.000e-12  0.7672000    35.0694    35.0693    -0.0001     0.0038    27.3600    27.3594    123.801    123.980    1483.82    1483.83     6.1222     6.2101    92.3650    93.7000  0.000e+00
      42906    125.500     7.8059     7.8070    3.61571    3.61572          1     3.4913     3.2519      12.20      0.333     0.2532     0.2421  1.000e-12  0.5947000    35.0744    35.0733    -0.0010     0.0011    27.3614    27.3604    124.296    124.476    1483.90    1483.90     6.1214     6.2086    92.3930    93.7120  0.000e+00
      42931    126.000     7.8111     7.8109    3.61639    3.61623          1     3.4909     3.2515      11.74      0.433     0.2524     0.2812  1.000e-12  0.5984000    35.0762    35.0747    -0.0015    -0.0002    27.3620    27.3609    124.791    124.972    1483.93    1483.92     6.1172     6.2077    92.3420    93.7060  0.000e+00
      42954    126.500     7.8147     7.8142    3.61683    3.61663          1     3.4889     3.2505      11.43      0.511     0.2371     0.2371  1.000e-12  0.7222000    35.0772    35.0755    -0.0017    -0.0005    27.3622    27.3610    125.286    125.468    1483.95    1483.95     6.1079     6.2065    92.2090    93.6960  0.000e+00
      42977    127.000     7.8135     7.8123    3.61681    3.61657          1     3.4874     3.2506      11.05      0.522     0.2499     0.2333  1.000e-12  0.7207000    35.0778    35.0765    -0.0013    -0.0012    27.3629    27.3620    125.781    125.963    1483.95    1483.95     6.1118     6.2179    92.2660    93.8650  0.000e+00
      42999    127.500     7.8121     7.8120    3.61701    3.61695          1     3.4873     3.2520      10.22      0.522     0.2602     0.1900  1.000e-12  1.4917000    35.0811    35.0806    -0.0005    -0.0001    27.3658    27.3654    126.276    126.459    1483.96    1483.96     6.1195     6.2242    92.3810    93.9620  0.000e+00
      43020    128.000     7.7958     7.7940    3.61683    3.61652          1     3.4890     3.2524       9.66      0.548     0.2748     0.2288  1.000e-12  3.0167000    35.0955    35.0939    -0.0016    -0.0018    27.3794    27.3784    126.771    126.955    1483.92    1483.92     6.1311     6.2190    92.5300    93.8530  0.000e+00
      43040    128.500     7.7658     7.7639    3.61506    3.61474          1     3.4909     3.2523       9.36      0.590     0.2929     0.2743  1.000e-12  4.5453000    35.1062    35.1046    -0.0015    -0.0019    27.3923    27.3914    127.267    127.450    1483.83    1483.82     6.1396     6.2226    92.6030    93.8500  0.000e+00
      43061    129.000     7.7628     7.7601    3.61481    3.61444          1     3.4923     3.2523       8.90      0.587     0.3023     0.2367  1.000e-12  5.2235000    35.1063    35.1050    -0.0012    -0.0027    27.3928    27.3922    127.762    127.946    1483.83    1483.82     6.1382     6.2218    92.5770    93.8300  0.000e+00
      43086    129.500     7.7609     7.7613    3.61459    3.61451          1     3.4923     3.2515       8.36      0.523     0.2980     0.2369  1.000e-12  5.0131000    35.1055    35.1043    -0.0012     0.0004    27.3925    27.3915    128.257    128.442    1483.83    1483.83     6.1295     6.2123    92.4400    93.6890  0.000e+00
      43146    130.000     7.7801     7.7903    3.61623    3.61697          1     3.4889     3.2509       7.72      0.201     0.2731     0.2527  1.000e-12  3.1587000    35.1037    35.1015    -0.0023     0.0102    27.3883    27.3849    128.752    128.937    1483.91    1483.94     6.1239     6.2275    92.3940    93.9770  0.000e+00
      43187    130.500     7.7706     7.7684    3.61559    3.61525          1     3.4891     3.2528       7.31      0.291     0.2707     0.1097  1.000e-12  3.4025000    35.1061    35.1047    -0.0014    -0.0022    27.3915    27.3908    129.247    129.433    1483.89    1483.87     6.1300     6.2350    92.4690    94.0460  0.000e+00
      43217    131.000     7.7628     7.7640    3.61490    3.61489          1     3.4898     3.2537       6.85      0.400     0.2948     0.2343  1.000e-12  4.1523000    35.1063    35.1050    -0.0013     0.0012    27.3928    27.3917    129.742    129.929    1483.86    1483.87     6.1322     6.2292    92.4860    93.9500  0.000e+00
      43265    131.500     7.7593     7.7594    3.61458    3.61448          1     3.4908     3.2530       6.24      0.251     0.2979     0.2963  1.000e-12  4.8985000    35.1062    35.1049    -0.0013     0.0002    27.3932    27.3922    130.237    130.425    1483.86    1483.86     6.1372     6.2264    92.5540    93.8990  0.000e+00
      43307    132.000     7.7577     7.7584    3.61447    3.61439          1     3.4919     3.2521       5.82      0.283     0.2988     0.2139  1.000e-12  4.7816000    35.1063    35.1048    -0.0015     0.0007    27.3936    27.3923    130.732    130.920    1483.86    1483.86     6.1348     6.2189    92.5130    93.7820  0.000e+00
      43427    132.500     7.7586     7.7580    3.61458    3.61439          1     3.4902     3.2505       5.25      0.149     0.3188     0.2353  1.000e-12  6.3127000    35.1063    35.1048    -0.0014    -0.0006    27.3934    27.3924    131.227    131.416    1483.87    1483.87     6.1327     6.2264    92.4840    93.8940  0.000e+00
      43469    133.000     7.7561     7.7560    3.61437    3.61422          1     3.4903     3.2515       4.87      0.359     0.3195     0.2314  1.000e-12  6.3134000    35.1063    35.1048    -0.0015    -0.0001    27.3938    27.3927    131.722    131.912    1483.87    1483.87     6.1354     6.2328    92.5200    93.9880  0.000e+00
      43508    133.500     7.7557     7.7566    3.61437    3.61432          1     3.4912     3.2523       4.29      0.375     0.3243     0.2064  1.000e-12  6.4267000    35.1064    35.1051    -0.0014     0.0009    27.3940    27.3928    132.217    132.407    1483.88    1483.88     6.1340     6.2300    92.4980    93.9460  0.000e+00
      43680    134.000     7.7552     7.7554    3.61433    3.61422          1     3.4900     3.2501       3.72      0.131     0.3296     0.1532  1.000e-12  7.2227000    35.1063    35.1050    -0.0013     0.0002    27.3939    27.3929    132.712    132.903    1483.88    1483.88     6.1315     6.2224    92.4590    93.8290  0.000e+00
      43746    134.500     7.7552     7.7551    3.61435    3.61422          1     3.4894     3.2502       3.35      0.249     0.3356     0.2177  1.000e-12  6.9204000    35.1062    35.1050    -0.0013    -0.0001    27.3939    27.3929    133.207    133.399    1483.89    1483.89     6.1327     6.2270    92.4770    93.8980  0.000e+00
      43776    135.000     7.7548     7.7548    3.61432    3.61420          1     3.4894     3.2510       2.88      0.392     0.3365     0.1865  1.000e-12  7.4227000    35.1061    35.1048    -0.0013     0.0000    27.3938    27.3928    133.702    133.894    1483.90    1483.90     6.1338     6.2332    92.4920    93.9910  0.000e+00
      43928    135.500     7.7549     7.7549    3.61436    3.61424          1     3.4891     3.2508       2.32      0.222     0.3590     0.2356  1.000e-12  8.6040000    35.1062    35.1049    -0.0013    -0.0000    27.3939    27.3929    134.197    134.390    1483.91    1483.91     6.1305     6.2246    92.4440    93.8620  0.000e+00
      43974    136.000     7.7549     7.7547    3.61437    3.61424          1     3.4887     3.2511       1.85      0.341     0.3807     0.2969  1.000e-12 10.5411000    35.1061    35.1048    -0.0012    -0.0001    27.3938    27.3929    134.692    134.886    1483.91    1483.91     6.1329     6.2302    92.4800    93.9450  0.000e+00
      44072    136.500     7.7545     7.7545    3.61436    3.61424          1     3.4894     3.2510       1.29      0.186     0.3881     0.2613  1.000e-12  9.7191000    35.1061    35.1048    -0.0013    -0.0000    27.3939    27.3929    135.187    135.381    1483.92    1483.92     6.1349     6.2319    92.5090    93.9710  0.000e+00
      44430    137.000     7.7546     7.7545    3.61438    3.61424          1     3.4893     3.2500      30.88      0.062     0.3696     0.1931  1.000e-12 10.5273000    35.1060    35.1045    -0.0015    -0.0001    27.3938    27.3926    135.682    135.877    1483.93    1483.93     6.1343     6.2249    92.5000    93.8650  0.000e+00
