ctdpy/tests/etc/exprapp_feb_2020/SBE09_1387_20200213_0109_77_10_0144.cnv
* Sea-Bird SBE 9 Data File:
* FileName = L:\2020\sv20d0144.hex
* Software Version Seasave V 7.26.7.121
* Temperature SN = 6378
* Conductivity SN = 4824
* Number of Bytes Per Scan = 41
* Number of Voltage Words = 4
* Number of Scans Averaged by the Deck Unit = 1
* NMEA Latitude = 58 01.04 N
* NMEA Longitude = 017 59.14 E
* NMEA UTC (Time) = Feb 13 2020  01:09:39
* NMEA baud rate = 4800
** Station:  BY32
** Operator:  SSip
** Ship: SVEA
** Average sound velocity: 1442.51 m/s
** True-depth calculation Thu, 13 Feb 2020 02:07:55 +0000
** CTD Python Module SMHI /ver 3-12/ feb 2012 
** LIMS Job: 20207710-0144
** Cruise: SMHI-02-2020
** Latitude [GG MM.mm N] :
** Longitude [GGG MM.mm E]:
# nquan = 30
# nvalues = 397                         
# units = specified
# name 0 = scan: Scan Count
# name 1 = prDM: Pressure, Digiquartz [db]
# name 2 = t090C: Temperature [ITS-90, deg C]
# name 3 = t190C: Temperature, 2 [ITS-90, deg C]
# name 4 = c0S/m: Conductivity [S/m]
# name 5 = c1S/m: Conductivity, 2 [S/m]
# name 6 = pumps: Pump Status
# name 7 = sbeox0V: Oxygen raw, SBE 43 [V]
# name 8 = sbeox1V: Oxygen raw, SBE 43, 2 [V]
# name 9 = altM: Altimeter [m]
# name 10 = dz/dtM: Descent Rate [m/s]
# name 11 = flECO-AFL: Chl-a Fluorescence, WET Labs ECO-AFL/FL [mg/m^3]
# name 12 = flECO-AFL1: Phycocyanin Fluorescence, WET Labs ECO-AFL/FL, 2 [mg/m^3]
# name 13 = par: PAR/Irradiance, Biospherical/Lico [µE/(cm^2*s)]
# name 14 = turbWETntu0: Turbidity, WET Labs ECO [NTU]
# name 15 = sal00: Salinity, Practical [PSU]
# name 16 = sal11: Salinity, Practical, 2 [PSU]
# name 17 = secS-priS: Salinity, Practical, Difference, 2 - 1 [PSU]
# name 18 = T2-T190C: Temperature Difference, 2 - 1 [ITS-90, deg C]
# name 19 = sigma-t00: Density [sigma-t, kg/m^3 ]
# name 20 = sigma-t11: Density, 2 [sigma-t, kg/m^3 ]
# name 21 = depSM: Depth [salt water, m], lat = 58.0173
# name 22 = depFM: Depth [true depth, m], lat = 58.0173
# name 23 = svCM: Sound Velocity [Chen-Millero, m/s]
# name 24 = svCM1: Sound Velocity, 2 [Chen-Millero, m/s]
# name 25 = sbeox0ML/L: Oxygen, SBE 43 [ml/l], WS = 2
# name 26 = sbeox1ML/L: Oxygen, SBE 43, 2 [ml/l], WS = 2
# name 27 = sbeox0PS: Oxygen, SBE 43 [% saturation], WS = 2
# name 28 = sbeox1PS: Oxygen, SBE 43, 2 [% saturation], WS = 2
# name 29 = flag: flag
# span 0 =      14480,      27914       
# span 1 =      2.000,    200.000       
# span 2 =     4.7125,     5.8967       
# span 3 =     4.7124,     5.8963       
# span 4 =   0.780727,   1.160384       
# span 5 =   0.780792,   1.160492       
# span 6 =          1,          1       
# span 7 =     0.7392,     3.4820       
# span 8 =     0.7229,     3.2499       
# span 9 =       2.40,      98.68       
# span 10 =     -0.711,      1.015      
# span 11 =     0.3222,     0.4619      
# span 12 =     0.1268,     0.2831      
# span 13 = 1.0000e-12, 1.0977e+00      
# span 14 =     0.1034,     1.4770      
# span 15 =     7.2477,    10.6857      
# span 16 =     7.2484,    10.6868      
# span 17 =    -0.1385,     0.0237      
# span 18 =    -0.0692,     0.0069      
# span 19 =     5.7405,     8.3996      
# span 20 =     5.7410,     8.4005      
# span 21 =      1.981,    198.050      
# span 22 =      2.025,    202.172      
# span 23 =    1434.28,    1446.93      
# span 24 =    1434.28,    1446.93      
# span 25 =     0.0395,     7.8371      
# span 26 =     0.0677,     7.9759      
# span 27 =      0.486,     91.377      
# span 28 =      0.832,     93.002      
# span 29 = 0.0000e+00, 0.0000e+00      
# interval = decibars: 0.5              
# start_time = Feb 13 2020 01:09:40 [NMEA time, first data scan]
# bad_flag = -9.990e-29
*END*
[from data line 146]
      19009     75.000     5.6560     5.6518    1.10385    1.10249          1     0.7537     0.7463      96.66      0.180     0.4424     0.2342  1.000e-12  1.3221000    10.2180    10.2057    -0.0123    -0.0041     8.0453     8.0358     74.291     75.908    1443.31    1443.28     0.0756     0.1332     0.9210     1.6220  0.000e+00
      19030     75.500     5.6635     5.6630    1.10602    1.10614          1     0.7534     0.7454      96.00      0.430     0.4432     0.1900  1.000e-12  1.3471000    10.2373    10.2387     0.0014    -0.0004     8.0601     8.0612     74.787     76.413    1443.38    1443.38     0.0762     0.1282     0.9290     1.5620  0.000e+00
      19051     76.000     5.6675     5.6673    1.10705    1.10715          1     0.7533     0.7451      96.01      0.568     0.4159     0.2001  1.000e-12  1.3430000    10.2463    10.2474     0.0011    -0.0002     8.0669     8.0678     75.282     76.918    1443.41    1443.41     0.0761     0.1302     0.9270     1.5860  0.000e+00
      19080     76.500     5.6698     5.6696    1.10751    1.10756          1     0.7526     0.7445      95.97      0.473     0.4357     0.2051  1.000e-12  1.3304000    10.2501    10.2507     0.0006    -0.0002     8.0698     8.0703     75.777     77.423    1443.44    1443.44     0.0728     0.1282     0.8880     1.5630  0.000e+00
      19109     77.000     5.6813     5.6814    1.11004    1.11023          1     0.7525     0.7441      94.20      0.383     0.4302     0.2363  1.000e-12  1.2959000    10.2719    10.2737     0.0019     0.0001     8.0863     8.0878     76.272     77.928    1443.52    1443.52     0.0750     0.1289     0.9140     1.5710  0.000e+00
      19131     77.500     5.6880     5.6879    1.11217    1.11236          1     0.7524     0.7439      68.58      0.478     0.4312     0.2586  1.000e-12  1.2683000    10.2910    10.2929     0.0019    -0.0001     8.1010     8.1025     76.767     78.434    1443.58    1443.58     0.0724     0.1288     0.8830     1.5710  0.000e+00
      19150     78.000     5.6954     5.6952    1.11390    1.11407          1     0.7518     0.7437      94.37      0.582     0.4402     0.2635  1.000e-12  1.2416000    10.3059    10.3077     0.0018    -0.0002     8.1123     8.1138     77.262     78.939    1443.64    1443.64     0.0714     0.1256     0.8710     1.5320  0.000e+00
      19175     78.500     5.7028     5.7023    1.11550    1.11552          1     0.7518     0.7430      94.61      0.561     0.4350     0.2630  1.000e-12  1.2193000    10.3196    10.3199     0.0003    -0.0005     8.1227     8.1229     77.758     79.444    1443.70    1443.70     0.0714     0.1232     0.8710     1.5030  0.000e+00
      19220     79.000     5.7075     5.6966    1.11654    1.11426          1     0.7513     0.7427      94.85      0.259     0.4304     0.2562  1.000e-12  1.2021000    10.3283    10.3090    -0.0194    -0.0109     8.1293     8.1147     78.253     79.949    1443.74    1443.67     0.0714     0.1259     0.8710     1.5360  0.000e+00
      19254     79.500     5.7153     5.7151    1.11810    1.11824          1     0.7512     0.7421      94.29      0.305     0.4323     0.2342  1.000e-12  1.1516000    10.3415    10.3429     0.0014    -0.0003     8.1393     8.1404     78.748     80.454    1443.80    1443.80     0.0716     0.1188     0.8740     1.4500  0.000e+00
      19274     80.000     5.7186     5.7186    1.11868    1.11885          1     0.7512     0.7418      93.95      0.480     0.4305     0.2324  1.000e-12  1.1534000    10.3461    10.3478     0.0017    -0.0001     8.1427     8.1440     79.243     80.959    1443.82    1443.83     0.0711     0.1221     0.8680     1.4910  0.000e+00
      19292     80.500     5.7219     5.7217    1.11934    1.11947          1     0.7511     0.7416      93.81      0.618     0.4312     0.1585  1.000e-12  1.1508000    10.3516    10.3531     0.0014    -0.0002     8.1468     8.1480     79.738     81.465    1443.85    1443.85     0.0697     0.1223     0.8510     1.4930  0.000e+00
      19313     81.000     5.7228     5.7226    1.11959    1.11970          1     0.7508     0.7415      60.53      0.644     0.4346     0.2030  1.000e-12  1.1425000    10.3538    10.3549     0.0011    -0.0002     8.1485     8.1494     80.234     81.970    1443.87    1443.87     0.0701     0.1233     0.8560     1.5050  0.000e+00
      19349     81.500     5.7239     5.7232    1.11985    1.11983          1     0.7508     0.7415      93.26      0.389     0.4338     0.2108  1.000e-12  1.1254000    10.3559    10.3561     0.0001    -0.0008     8.1501     8.1502     80.729     82.475    1443.88    1443.88     0.0689     0.1236     0.8420     1.5090  0.000e+00
      19389     82.000     5.7269     5.7266    1.12047    1.12060          1     0.7504     0.7414      80.86      0.260     0.4182     0.2280  1.000e-12  1.1096000    10.3612    10.3625     0.0013    -0.0003     8.1541     8.1551     81.224     82.980    1443.91    1443.91     0.0691     0.1211     0.8440     1.4780  0.000e+00
      19409     82.500     5.7396     5.7388    1.12328    1.12338          1     0.7502     0.7412      66.39      0.439     0.4199     0.2441  1.000e-12  1.1144000    10.3853    10.3865     0.0012    -0.0007     8.1723     8.1733     81.719     83.485    1444.00    1444.00     0.0672     0.1172     0.8220     1.4310  0.000e+00
      19425     83.000     5.7419     5.7413    1.12382    1.12390          1     0.7500     0.7406      95.69      0.607     0.4315     0.2582  1.000e-12  1.0697000    10.3898    10.3908     0.0010    -0.0006     8.1758     8.1766     82.214     83.990    1444.03    1444.03     0.0679     0.1156     0.8300     1.4130  0.000e+00
      19444     83.500     5.7455     5.7456    1.12484    1.12507          1     0.7501     0.7404      95.99      0.695     0.4302     0.2400  1.000e-12  1.0565000    10.3988    10.4011     0.0023     0.0001     8.1826     8.1844     82.709     84.495    1444.06    1444.06     0.0686     0.1184     0.8380     1.4460  0.000e+00
      19482     84.000     5.7530     5.7469    1.12679    1.12539          1     0.7500     0.7403      65.70      0.402     0.4289     0.2290  1.000e-12  0.9757000    10.4159    10.4038    -0.0121    -0.0061     8.1957     8.1865     83.204     85.001    1444.12    1444.08     0.0669     0.1181     0.8180     1.4430  0.000e+00
      19527     84.500     5.7575     5.7530    1.12786    1.12708          1     0.7494     0.7399      66.83      0.208     0.4314     0.2063  1.000e-12  0.9468000    10.4250    10.4186    -0.0064    -0.0045     8.2026     8.1978     83.700     85.506    1444.16    1444.13     0.0648     0.1154     0.7920     1.4100  0.000e+00
      19544     85.000     5.7616     5.7614    1.12868    1.12883          1     0.7492     0.7399      95.39      0.452     0.4304     0.1948  1.000e-12  0.9491000    10.4319    10.4335     0.0016    -0.0002     8.2078     8.2090     84.195     86.011    1444.20    1444.20     0.0663     0.1143     0.8110     1.3970  0.000e+00
      19558     85.500     5.7626     5.7622    1.12884    1.12895          1     0.7496     0.7392      96.18      0.657     0.4312     0.1879  1.000e-12  0.9453000    10.4331    10.4343     0.0012    -0.0004     8.2087     8.2097     84.690     86.516    1444.21    1444.21     0.0678     0.1119     0.8290     1.3690  0.000e+00
      19572     86.000     5.7636     5.7631    1.12933    1.12944          1     0.7493     0.7392      96.29      0.802     0.4319     0.2359  1.000e-12  0.9246000    10.4376    10.4389     0.0012    -0.0004     8.2122     8.2132     85.185     87.021    1444.23    1444.23     0.0653     0.1160     0.7990     1.4190  0.000e+00
      19616     86.500     5.7590     5.7631    1.12867    1.12967          1     0.7491     0.7392      91.26      0.448     0.4316     0.2446  1.000e-12  0.8652000    10.4324    10.4410     0.0087     0.0041     8.2083     8.2149     85.680     87.526    1444.21    1444.24     0.0659     0.1158     0.8050     1.4160  0.000e+00
      19672     87.000     5.7692     5.7670    1.13087    1.13041          1     0.7490     0.7389      90.43      0.187     0.4312     0.2274  1.000e-12  0.8263000    10.4510    10.4472    -0.0039    -0.0022     8.2224     8.2195     86.176     88.031    1444.28    1444.27     0.0655     0.1141     0.8010     1.3950  0.000e+00
      19688     87.500     5.7781     5.7776    1.13253    1.13262          1     0.7490     0.7390      96.41      0.466     0.4307     0.2069  1.000e-12  0.8390000    10.4647    10.4659     0.0011    -0.0005     8.2327     8.2336     86.671     88.536    1444.35    1444.35     0.0641     0.1128     0.7840     1.3800  0.000e+00
      19702     88.000     5.7814     5.7811    1.13315    1.13326          1     0.7487     0.7383      96.44      0.661     0.4318     0.2163  1.000e-12  0.8427000    10.4698    10.4711     0.0012    -0.0003     8.2365     8.2375     87.166     89.042    1444.38    1444.38     0.0636     0.1099     0.7780     1.3440  0.000e+00
      19716     88.500     5.7837     5.7834    1.13360    1.13370          1     0.7487     0.7386      93.17      0.792     0.4237     0.2200  1.000e-12  0.8503000    10.4735    10.4747     0.0011    -0.0003     8.2393     8.2402     87.661     89.547    1444.40    1444.40     0.0642     0.1096     0.7860     1.3410  0.000e+00
      19732     89.000     5.7863     5.7860    1.13409    1.13419          1     0.7487     0.7379      84.16      0.823     0.4197     0.1964  1.000e-12  0.8540000    10.4775    10.4786     0.0011    -0.0003     8.2423     8.2431     88.156     90.052    1444.42    1444.42     0.0647     0.1096     0.7920     1.3420  0.000e+00
      19754     89.500     5.7874     5.7871    1.13431    1.13440          1     0.7487     0.7380      48.12      0.686     0.4291     0.2166  1.000e-12  0.8301000    10.4793    10.4803     0.0010    -0.0003     8.2436     8.2444     88.651     90.557    1444.44    1444.44     0.0653     0.1124     0.7990     1.3750  0.000e+00
      19804     90.000     5.7863     5.7849    1.13413    1.13404          1     0.7486     0.7379      95.70      0.280     0.4262     0.2163  1.000e-12  0.8032000    10.4778    10.4773    -0.0004    -0.0014     8.2425     8.2422     89.146     91.062    1444.44    1444.43     0.0637     0.1124     0.7800     1.3760  0.000e+00
      19851     90.500     5.7871     5.7889    1.13425    1.13478          1     0.7481     0.7379      96.50      0.238     0.4206     0.2420  1.000e-12  0.8041000    10.4786    10.4833     0.0047     0.0019     8.2431     8.2467     89.642     91.567    1444.45    1444.47     0.0622     0.1125     0.7610     1.3770  0.000e+00
      19872     91.000     5.7940     5.7937    1.13557    1.13568          1     0.7482     0.7378      96.52      0.445     0.4295     0.2607  1.000e-12  0.8187000    10.4896    10.4908     0.0012    -0.0003     8.2513     8.2523     90.137     92.072    1444.50    1444.50     0.0629     0.1102     0.7700     1.3480  0.000e+00
      19890     91.500     5.7942     5.7939    1.13566    1.13575          1     0.7480     0.7375      96.53      0.584     0.4246     0.2622  1.000e-12  0.8172000    10.4903    10.4913     0.0011    -0.0003     8.2519     8.2527     90.632     92.577    1444.51    1444.51     0.0619     0.1081     0.7580     1.3230  0.000e+00
      19911     92.000     5.7963     5.7960    1.13616    1.13626          1     0.7480     0.7373      96.27      0.629     0.4242     0.2470  1.000e-12  0.8073000    10.4945    10.4956     0.0011    -0.0003     8.2551     8.2559     91.127     93.082    1444.54    1444.53     0.0624     0.1088     0.7640     1.3320  0.000e+00
      19936     92.500     5.7983     5.7981    1.13674    1.13685          1     0.7479     0.7370      84.03      0.529     0.4367     0.2267  1.000e-12  0.7887000    10.4996    10.5008     0.0012    -0.0002     8.2590     8.2599     91.622     93.587    1444.56    1444.56     0.0625     0.1051     0.7650     1.2870  0.000e+00
      19964     93.000     5.7997     5.7996    1.13751    1.13768          1     0.7478     0.7366      96.50      0.433     0.4438     0.1915  1.000e-12  0.7520000    10.5068    10.5085     0.0017    -0.0001     8.2646     8.2659     92.117     94.093    1444.58    1444.58     0.0613     0.1083     0.7510     1.3260  0.000e+00
      19993     93.500     5.8007     5.8006    1.13804    1.13813          1     0.7478     0.7366      79.60      0.421     0.4354     0.1940  1.000e-12  0.7285000    10.5116    10.5127     0.0010    -0.0001     8.2683     8.2691     92.612     94.598    1444.60    1444.60     0.0620     0.1087     0.7590     1.3320  0.000e+00
      20022     94.000     5.8006     5.8005    1.13814    1.13823          1     0.7477     0.7366      49.62      0.413     0.4409     0.2170  1.000e-12  0.6893000    10.5126    10.5136     0.0010    -0.0001     8.2691     8.2698     93.108     95.103    1444.61    1444.61     0.0612     0.1084     0.7490     1.3270  0.000e+00
      20050     94.500     5.8007     5.8005    1.13825    1.13834          1     0.7475     0.7365      88.11      0.426     0.4418     0.2331  1.000e-12  0.6692000    10.5136    10.5146     0.0010    -0.0002     8.2698     8.2706     93.603     95.608    1444.62    1444.62     0.0606     0.1081     0.7420     1.3240  0.000e+00
      20081     95.000     5.8023     5.8022    1.13857    1.13867          1     0.7474     0.7366      96.47      0.396     0.4232     0.2114  1.000e-12  0.6762000    10.5163    10.5172     0.0010    -0.0001     8.2718     8.2726     94.098     96.113    1444.64    1444.64     0.0611     0.1083     0.7490     1.3260  0.000e+00
      20111     95.500     5.8033     5.8032    1.13881    1.13891          1     0.7475     0.7362      96.47      0.384     0.4315     0.2417  1.000e-12  0.6518000    10.5182    10.5192     0.0010    -0.0001     8.2734     8.2741     94.593     96.618    1444.65    1444.65     0.0614     0.1050     0.7530     1.2860  0.000e+00
      20131     96.000     5.8042     5.8040    1.13908    1.13915          1     0.7474     0.7365      96.52      0.482     0.4297     0.2425  1.000e-12  0.6490000    10.5205    10.5213     0.0008    -0.0002     8.2751     8.2757     95.088     97.123    1444.67    1444.66     0.0593     0.1072     0.7270     1.3130  0.000e+00
      20146     96.500     5.8050     5.8048    1.13925    1.13935          1     0.7471     0.7359      96.55      0.620     0.4189     0.2562  1.000e-12  0.6508000    10.5219    10.5230     0.0011    -0.0002     8.2761     8.2770     95.583     97.628    1444.68    1444.68     0.0583     0.1040     0.7140     1.2740  0.000e+00
      20161     97.000     5.8066     5.8063    1.13960    1.13970          1     0.7468     0.7361      96.54      0.739     0.4363     0.2654  1.000e-12  0.6461000    10.5248    10.5259     0.0011    -0.0003     8.2783     8.2792     96.078     98.133    1444.70    1444.70     0.0599     0.1043     0.7340     1.2770  0.000e+00
      20193     97.500     5.8078     5.8072    1.13988    1.13990          1     0.7472     0.7356      96.54      0.617     0.4445     0.2136  1.000e-12  0.6302000    10.5271    10.5275     0.0004    -0.0006     8.2801     8.2804     96.574     98.638    1444.71    1444.71     0.0611     0.1036     0.7480     1.2690  0.000e+00
      20273     98.000     5.8054     5.8066    1.13932    1.13978          1     0.7469     0.7354      55.24      0.167     0.4309     0.2129  1.000e-12  0.6000000    10.5222    10.5264     0.0042     0.0012     8.2763     8.2796     97.069     99.143    1444.70    1444.72     0.0584     0.1050     0.7160     1.2850  0.000e+00
