ctdpy/tests/etc/exprapp_feb_2020/SBE09_1387_20200210_1312_77_10_0136.cnv
* Sea-Bird SBE 9 Data File:
* FileName = L:\2020\sv20d0136.hex
* Software Version Seasave V 7.26.7.121
* Temperature SN = 6378
* Conductivity SN = 4824
* Number of Bytes Per Scan = 41
* Number of Voltage Words = 4
* Number of Scans Averaged by the Deck Unit = 1
* NMEA Latitude = 57 18.74 N
* NMEA Longitude = 020 04.92 E
* NMEA UTC (Time) = Feb 10 2020  13:12:37
* NMEA baud rate = 4800
** Station:  BY15
** Operator:  SSip
** Ship: SVEA
** Average sound velocity: 1448.79 m/s
** True-depth calculation Mon, 10 Feb 2020 14:38:41 +0000
** CTD Python Module SMHI /ver 3-12/ feb 2012 
** LIMS Job: 20207710-0136
** Cruise: SMHI-03-2020
** Latitude [GG MM.mm N] :
** Longitude [GGG MM.mm E]:
# nquan = 30
# nvalues = 457                         
# units = specified
# name 0 = scan: Scan Count
# name 1 = prDM: Pressure, Digiquartz [db]
# name 2 = t090C: Temperature [ITS-90, deg C]
# name 3 = t190C: Temperature, 2 [ITS-90, deg C]
# name 4 = c0S/m: Conductivity [S/m]
# name 5 = c1S/m: Conductivity, 2 [S/m]
# name 6 = pumps: Pump Status
# name 7 = sbeox0V: Oxygen raw, SBE 43 [V]
# name 8 = sbeox1V: Oxygen raw, SBE 43, 2 [V]
# name 9 = altM: Altimeter [m]
# name 10 = dz/dtM: Descent Rate [m/s]
# name 11 = flECO-AFL: Chl-a Fluorescence, WET Labs ECO-AFL/FL [mg/m^3]
# name 12 = flECO-AFL1: Phycocyanin Fluorescence, WET Labs ECO-AFL/FL, 2 [mg/m^3]
# name 13 = par: PAR/Irradiance, Biospherical/Lico [µE/(cm^2*s)]
# name 14 = turbWETntu0: Turbidity, WET Labs ECO [NTU]
# name 15 = sal00: Salinity, Practical [PSU]
# name 16 = sal11: Salinity, Practical, 2 [PSU]
# name 17 = secS-priS: Salinity, Practical, Difference, 2 - 1 [PSU]
# name 18 = T2-T190C: Temperature Difference, 2 - 1 [ITS-90, deg C]
# name 19 = sigma-t00: Density [sigma-t, kg/m^3 ]
# name 20 = sigma-t11: Density, 2 [sigma-t, kg/m^3 ]
# name 21 = depSM: Depth [salt water, m], lat = 57.3123
# name 22 = depFM: Depth [true depth, m], lat = 57.3123
# name 23 = svCM: Sound Velocity [Chen-Millero, m/s]
# name 24 = svCM1: Sound Velocity, 2 [Chen-Millero, m/s]
# name 25 = sbeox0ML/L: Oxygen, SBE 43 [ml/l], WS = 2
# name 26 = sbeox1ML/L: Oxygen, SBE 43, 2 [ml/l], WS = 2
# name 27 = sbeox0PS: Oxygen, SBE 43 [% saturation], WS = 2
# name 28 = sbeox1PS: Oxygen, SBE 43, 2 [% saturation], WS = 2
# name 29 = flag: flag
# span 0 =       9638,      22182       
# span 1 =      5.000,    233.000       
# span 2 =     4.8448,     7.5371       
# span 3 =     4.8445,     7.5372       
# span 4 =   0.792367,   1.462878       
# span 5 =   0.792422,   1.462984       
# span 6 =          1,          1       
# span 7 =     0.7395,     3.5327       
# span 8 =     0.7228,     3.2923       
# span 9 =       2.76,      99.59       
# span 10 =     -0.116,      1.689      
# span 11 =     0.3364,     0.4761      
# span 12 =     0.1309,     0.3055      
# span 13 = -3.718e-04, 4.3996e+01      
# span 14 =     0.1052,     1.0501      
# span 15 =     7.3343,    13.1903      
# span 16 =     7.3350,    13.1915      
# span 17 =    -0.5315,     0.0481      
# span 18 =    -0.2704,     0.0816      
# span 19 =     5.8046,    10.2659      
# span 20 =     5.8052,    10.2669      
# span 21 =      4.954,    230.724      
# span 22 =      5.063,    235.304      
# span 23 =    1435.01,    1456.30      
# span 24 =    1435.01,    1456.30      
# span 25 =     0.0376,     7.9527      
# span 26 =     0.0188,     8.0819      
# span 27 =      0.485,     93.089      
# span 28 =      0.232,     94.600      
# span 29 = 0.0000e+00, 0.0000e+00      
# interval = decibars: 0.5              
# start_time = Feb 10 2020 13:12:38 [NMEA time, first data scan]
# bad_flag = -9.990e-29
*END*
[from data line 242]
      16164    126.000     7.4709     7.4731    1.39399    1.39426          1     0.7486     0.7356      96.79      0.713     0.3849     0.1907  1.000e-12  0.3057000    12.4626    12.4644     0.0019     0.0022     9.6771     9.6784    124.801    127.404    1454.55    1454.56     0.0539     0.0898     0.6970     1.1610  0.000e+00
      16178    126.500     7.5055     7.5057    1.39701    1.39718          1     0.7475     0.7351      96.81      0.833     0.3840     0.2131  1.000e-12  0.3587000    12.4794    12.4810     0.0016     0.0002     9.6872     9.6884    125.297    127.909    1454.72    1454.72     0.0532     0.0892     0.6880     1.1530  0.000e+00
      16195    127.000     7.5154     7.5149    1.39852    1.39863          1     0.7473     0.7343      96.80      0.825     0.3825     0.2141  1.000e-12  0.4254000    12.4903    12.4915     0.0012    -0.0004     9.6949     9.6959    125.792    128.413    1454.78    1454.78     0.0541     0.0902     0.6990     1.1670  0.000e+00
      16220    127.500     7.5160     7.5157    1.39934    1.39947          1     0.7466     0.7341      93.37      0.621     0.3836     0.2172  1.000e-12  0.4491000    12.4979    12.4993     0.0014    -0.0003     9.7008     9.7019    126.287    128.917    1454.80    1454.80     0.0530     0.0931     0.6860     1.2040  0.000e+00
      16256    128.000     7.5155     7.5153    1.39999    1.40009          1     0.7463     0.7332      95.96      0.363     0.3913     0.2170  1.000e-12  0.4916000    12.5043    12.5053     0.0010    -0.0002     9.7059     9.7067    126.782    129.422    1454.81    1454.81     0.0544     0.0883     0.7040     1.1420  0.000e+00
      16305    128.500     7.5165     7.5171    1.40064    1.40088          1     0.7460     0.7328      96.83      0.239     0.3970     0.1972  1.000e-12  0.6108000    12.5101    12.5123     0.0021     0.0006     9.7103     9.7120    127.277    129.926    1454.83    1454.84     0.0538     0.0922     0.6960     1.1920  0.000e+00
      16345    129.000     7.5217     7.5223    1.40189    1.40210          1     0.7461     0.7328      62.99      0.286     0.3892     0.2112  1.000e-12  0.5573000    12.5202    12.5221     0.0019     0.0006     9.7178     9.7192    127.772    130.430    1454.87    1454.88     0.0543     0.0915     0.7030     1.1840  0.000e+00
      16374    129.500     7.5184     7.5161    1.40235    1.40236          1     0.7457     0.7326      96.81      0.381     0.4047     0.2322  1.000e-12  0.5812000    12.5258    12.5267     0.0010    -0.0023     9.7224     9.7234    128.267    130.935    1454.87    1454.87     0.0529     0.0910     0.6840     1.1780  0.000e+00
      16397    130.000     7.5039     7.5031    1.40206    1.40217          1     0.7459     0.7327      53.14      0.475     0.3982     0.2200  1.000e-12  0.5812000    12.5281    12.5294     0.0013    -0.0009     9.7255     9.7266    128.762    131.439    1454.82    1454.82     0.0536     0.0884     0.6930     1.1430  0.000e+00
      16416    130.500     7.5025     7.5022    1.40237    1.40248          1     0.7455     0.7320      50.30      0.560     0.3973     0.2774  1.000e-12  0.5461000    12.5315    12.5327     0.0012    -0.0003     9.7283     9.7293    129.257    131.944    1454.83    1454.83     0.0520     0.0871     0.6730     1.1260  0.000e+00
      16435    131.000     7.5023     7.5018    1.40275    1.40285          1     0.7456     0.7320      95.14      0.618     0.3970     0.2338  1.000e-12  0.5826000    12.5352    12.5363     0.0011    -0.0004     9.7312     9.7321    129.752    132.448    1454.84    1454.84     0.0547     0.0890     0.7080     1.1510  0.000e+00
      16454    131.500     7.5016     7.5013    1.40304    1.40313          1     0.7459     0.7319      96.72      0.643     0.3959     0.1979  1.000e-12  0.5673000    12.5381    12.5391     0.0010    -0.0003     9.7336     9.7344    130.247    132.952    1454.85    1454.85     0.0539     0.0900     0.6980     1.1640  0.000e+00
      16494    132.000     7.5020     7.5016    1.40282    1.40261          1     0.7457     0.7319      96.76      0.386     0.4002     0.2095  1.000e-12  0.5105000    12.5358    12.5339    -0.0019    -0.0004     9.7317     9.7303    130.742    133.457    1454.86    1454.86     0.0531     0.0904     0.6870     1.1700  0.000e+00
      16544    132.500     7.5074     7.5041    1.40317    1.40241          1     0.7456     0.7321      96.79      0.180     0.4069     0.2202  1.000e-12  0.4768000    12.5371    12.5309    -0.0061    -0.0033     9.7323     9.7277    131.237    133.961    1454.89    1454.87     0.0534     0.0917     0.6900     1.1870  0.000e+00
      16558    133.000     7.5371     7.5372    1.40631    1.40644          1     0.7456     0.7319      96.76      0.457     0.3833     0.2411  1.000e-12  0.5271000    12.5567    12.5579     0.0012     0.0001     9.7450     9.7459    131.733    134.465    1455.05    1455.05     0.0541     0.0864     0.7000     1.1190  0.000e+00
      16571    133.500     7.5305     7.5278    1.40655    1.40657          1     0.7456     0.7317      96.79      0.688     0.3833     0.2799  1.000e-12  0.5336000    12.5613    12.5624     0.0011    -0.0027     9.7492     9.7503    132.228    134.970    1455.03    1455.02     0.0527     0.0866     0.6830     1.1210  0.000e+00
      16584    134.000     7.4690     7.4669    1.40409    1.40413          1     0.7460     0.7318      96.79      0.859     0.3824     0.2808  1.000e-12  0.6102000    12.5596    12.5607     0.0011    -0.0022     9.7532     9.7543    132.723    135.474    1454.79    1454.78     0.0529     0.0888     0.6840     1.1470  0.000e+00
      16598    134.500     7.4318     7.4315    1.40262    1.40270          1     0.7454     0.7316      96.78      0.928     0.3897     0.2113  1.000e-12  0.5762000    12.5586    12.5595     0.0009    -0.0003     9.7557     9.7565    133.218    135.978    1454.64    1454.64     0.0515     0.0882     0.6650     1.1390  0.000e+00
      16621    135.000     7.4292     7.4339    1.40272    1.40286          1     0.7453     0.7316      96.78      0.718     0.4114     0.1869  1.000e-12  0.4879000    12.5605    12.5601    -0.0004     0.0047     9.7575     9.7568    133.713    136.483    1454.64    1454.66     0.0515     0.0889     0.6650     1.1480  0.000e+00
      16732    135.500     7.4717     7.4903    1.40261    1.40126          1     0.7452     0.7323      96.79      0.107     0.3976     0.1911  1.000e-12  0.4597000    12.5440    12.5242    -0.0197     0.0186     9.7408     9.7237    134.208    136.987    1454.80    1454.85     0.0521     0.0864     0.6730     1.1180  0.000e+00
      16763    136.000     7.4668     7.4781    1.40366    1.40244          1     0.7451     0.7317      96.78      0.341     0.3967     0.2048  1.000e-12  0.4853000    12.5558    12.5399    -0.0159     0.0112     9.7505     9.7371    134.703    137.491    1454.81    1454.83     0.0509     0.0862     0.6580     1.1150  0.000e+00
      16784    136.500     7.4496     7.4545    1.40484    1.40478          1     0.7448     0.7314      72.31      0.468     0.4065     0.1759  1.000e-12  0.4776000    12.5733    12.5710    -0.0024     0.0049     9.7657     9.7635    135.198    137.996    1454.77    1454.78     0.0489     0.0861     0.6320     1.1120  0.000e+00
      16798    137.000     7.4659     7.4662    1.40634    1.40650          1     0.7446     0.7313      57.21      0.597     0.4068     0.1874  1.000e-12  0.4834000    12.5819    12.5833     0.0014     0.0003     9.7710     9.7721    135.693    138.500    1454.85    1454.85     0.0489     0.0834     0.6320     1.0780  0.000e+00
      16809    137.500     7.4850     7.4865    1.40791    1.40811          1     0.7443     0.7311      96.29      0.747     0.4080     0.2156  1.000e-12  0.4968000    12.5901    12.5915     0.0014     0.0015     9.7757     9.7767    136.188    139.004    1454.95    1454.95     0.0489     0.0818     0.6330     1.0580  0.000e+00
      16818    138.000     7.5042     7.5050    1.40935    1.40947          1     0.7443     0.7307      96.77      0.911     0.4068     0.2158  1.000e-12  0.4955000    12.5970    12.5979     0.0009     0.0007     9.7794     9.7801    136.683    139.509    1455.04    1455.05     0.0482     0.0811     0.6240     1.0500  0.000e+00
      16827    138.500     7.5161     7.5164    1.41015    1.41026          1     0.7444     0.7305      96.79      1.076     0.4031     0.1962  1.000e-12  0.5151000    12.6003    12.6013     0.0010     0.0002     9.7810     9.7818    137.178    140.013    1455.10    1455.10     0.0500     0.0826     0.6470     1.0690  0.000e+00
      16835    139.000     7.5243     7.5243    1.41074    1.41083          1     0.7439     0.7304      96.80      1.233     0.3981     0.1727  1.000e-12  0.5217000    12.6030    12.6039     0.0009    -0.0000     9.7824     9.7830    137.674    140.517    1455.15    1455.15     0.0496     0.0839     0.6420     1.0870  0.000e+00
      16843    139.500     7.5314     7.5315    1.41127    1.41138          1     0.7444     0.7305      96.75      1.362     0.3966     0.1776  1.000e-12  0.5226000    12.6055    12.6065     0.0009     0.0002     9.7837     9.7845    138.169    141.022    1455.19    1455.19     0.0509     0.0846     0.6600     1.0960  0.000e+00
      16856    140.000     7.5369     7.5363    1.41167    1.41173          1     0.7446     0.7305      96.77      1.363     0.4052     0.2125  1.000e-12  0.5671000    12.6073    12.6081     0.0007    -0.0006     9.7846     9.7853    138.664    141.526    1455.22    1455.22     0.0512     0.0852     0.6630     1.1040  0.000e+00
      16985    140.500     7.5129     7.5245    1.40950    1.41057          1     0.7441     0.7304      96.78      1.004     0.3962     0.2303  1.000e-12  0.5328000    12.5949    12.6010     0.0061     0.0116     9.7770     9.7807    139.159    142.030    1455.11    1455.17     0.0479     0.0839     0.6190     1.0860  0.000e+00
      16994    141.000     7.5238     7.5239    1.41053    1.41067          1     0.7438     0.7304      96.78      1.225     0.3964     0.2370  1.000e-12  0.5358000    12.6007    12.6021     0.0014     0.0000     9.7806     9.7817    139.654    142.535    1455.17    1455.18     0.0473     0.0843     0.6130     1.0920  0.000e+00
      17004    141.500     7.5246     7.5218    1.41125    1.41092          1     0.7441     0.7301      96.51      1.338     0.4054     0.2376  1.000e-12  0.5975000    12.6073    12.6052    -0.0022    -0.0029     9.7857     9.7843    140.149    143.039    1455.19    1455.18     0.0493     0.0835     0.6380     1.0820  0.000e+00
      17019    142.000     7.5206     7.5201    1.41130    1.41134          1     0.7442     0.7303      96.33      1.200     0.4033     0.2365  1.000e-12  0.5911000    12.6092    12.6098     0.0006    -0.0005     9.7875     9.7880    140.644    143.543    1455.19    1455.19     0.0490     0.0845     0.6340     1.0940  0.000e+00
      17054    142.500     7.5214     7.5188    1.41146    1.41094          1     0.7439     0.7301      96.64      0.510     0.3971     0.2475  1.000e-12  0.5593000    12.6103    12.6062    -0.0041    -0.0027     9.7883     9.7854    141.139    144.048    1455.20    1455.19     0.0486     0.0840     0.6290     1.0870  0.000e+00
      17110    143.000     7.5228     7.5149    1.41171    1.41026          1     0.7439     0.7299      96.34      0.184     0.4045     0.2134  1.000e-12  0.5478000    12.6122    12.6010    -0.0112    -0.0079     9.7897     9.7816    141.634    144.552    1455.22    1455.17     0.0490     0.0825     0.6340     1.0690  0.000e+00
      17145    143.500     7.5243     7.5223    1.41224    1.41194          1     0.7439     0.7295      95.90      0.297     0.4040     0.2144  1.000e-12  0.5369000    12.6167    12.6145    -0.0022    -0.0020     9.7931     9.7915    142.129    145.056    1455.24    1455.23     0.0485     0.0794     0.6280     1.0280  0.000e+00
      17162    144.000     7.5323     7.5319    1.41291    1.41301          1     0.7438     0.7293      95.43      0.483     0.3954     0.2137  1.000e-12  0.5453000    12.6202    12.6213     0.0011    -0.0005     9.7951     9.7960    142.624    145.561    1455.28    1455.28     0.0487     0.0824     0.6310     1.0670  0.000e+00
      17175    144.500     7.5360     7.5356    1.41324    1.41333          1     0.7440     0.7296      95.11      0.662     0.4027     0.1904  1.000e-12  0.5766000    12.6219    12.6229     0.0010    -0.0004     9.7961     9.7969    143.119    146.065    1455.31    1455.31     0.0491     0.0830     0.6350     1.0760  0.000e+00
      17188    145.000     7.5338     7.5334    1.41325    1.41334          1     0.7438     0.7293      94.64      0.820     0.4068     0.1884  1.000e-12  0.5886000    12.6227    12.6238     0.0011    -0.0005     9.7969     9.7978    143.614    146.569    1455.31    1455.31     0.0480     0.0807     0.6210     1.0450  0.000e+00
      17208    145.500     7.5336     7.5331    1.41332    1.41336          1     0.7437     0.7293      94.16      0.814     0.4004     0.1918  1.000e-12  0.5924000    12.6233    12.6239     0.0006    -0.0005     9.7974     9.7980    144.109    147.074    1455.32    1455.31     0.0482     0.0815     0.6240     1.0560  0.000e+00
      17298    146.000     7.5276     7.5310    1.41230    1.41311          1     0.7437     0.7293      95.90      0.048     0.4073     0.2742  1.000e-12  0.5644000    12.6156    12.6222     0.0066     0.0034     9.7919     9.7968    144.604    147.578    1455.29    1455.31     0.0483     0.0812     0.6260     1.0520  0.000e+00
      17318    146.500     7.5229     7.5215    1.41301    1.41308          1     0.7437     0.7293      93.70      0.399     0.3897     0.2321  1.000e-12  0.5598000    12.6240    12.6252     0.0012    -0.0013     9.7989     9.8000    145.099    148.082    1455.29    1455.28     0.0491     0.0828     0.6350     1.0730  0.000e+00
      17338    147.000     7.5137     7.5129    1.41287    1.41298          1     0.7439     0.7293      92.69      0.550     0.4063     0.2158  1.000e-12  0.5633000    12.6259    12.6272     0.0013    -0.0008     9.8012     9.8023    145.594    148.587    1455.26    1455.26     0.0498     0.0819     0.6440     1.0600  0.000e+00
      17359    147.500     7.5011     7.5000    1.41296    1.41307          1     0.7440     0.7293      91.98      0.585     0.3965     0.2300  1.000e-12  0.5568000    12.6312    12.6327     0.0015    -0.0011     9.8065     9.8078    146.089    149.091    1455.22    1455.22     0.0503     0.0818     0.6510     1.0590  0.000e+00
      17385    148.000     7.4884     7.4876    1.41321    1.41332          1     0.7441     0.7292      91.27      0.504     0.4187     0.1924  1.000e-12  0.5268000    12.6382    12.6395     0.0014    -0.0008     9.8131     9.8142    146.584    149.595    1455.19    1455.19     0.0488     0.0818     0.6320     1.0590  0.000e+00
      17408    148.500     7.4837     7.4833    1.41369    1.41381          1     0.7439     0.7292      90.76      0.477     0.4073     0.2215  1.000e-12  0.5154000    12.6444    12.6457     0.0013    -0.0004     9.8184     9.8194    147.079    150.100    1455.19    1455.19     0.0483     0.0821     0.6250     1.0630  0.000e+00
      17426    149.000     7.4779     7.4773    1.41372    1.41381          1     0.7438     0.7292      90.33      0.568     0.3995     0.2151  1.000e-12  0.5156000    12.6467    12.6478     0.0011    -0.0006     9.8207     9.8216    147.574    150.604    1455.17    1455.17     0.0485     0.0821     0.6270     1.0630  0.000e+00
      17444    149.500     7.4697     7.4690    1.41366    1.41375          1     0.7439     0.7292      89.84      0.662     0.4008     0.1911  1.000e-12  0.5104000    12.6491    12.6501     0.0011    -0.0008     9.8232     9.8242    148.069    151.108    1455.15    1455.15     0.0488     0.0819     0.6310     1.0600  0.000e+00
