ctdpy/tests/etc/exprapp_feb_2020/SBE09_1387_20200206_1847_77_10_0117.cnv
* Sea-Bird SBE 9 Data File:
* FileName = L:\2020\sv20d0117.hex
* Software Version Seasave V 7.26.7.121
* Temperature SN = 6378
* Conductivity SN = 4824
* Number of Bytes Per Scan = 41
* Number of Voltage Words = 4
* Number of Scans Averaged by the Deck Unit = 1
* NMEA Latitude = 58 15.86 N
* NMEA Longitude = 010 43.33 E
* NMEA UTC (Time) = Feb 06 2020  18:47:54
* NMEA baud rate = 4800
** Station:  Å16
** Operator:  DBSj
** Ship: SVEA
** Average sound velocity: 1481.52 m/s
** True-depth calculation Thu, 06 Feb 2020 19:25:34 +0000
** CTD Python Module SMHI /ver 3-12/ feb 2012 
** LIMS Job: 20207710-0117
** Cruise: SMHI-03-2020
** Latitude [GG MM.mm N] :
** Longitude [GGG MM.mm E]:
# nquan = 30
# nvalues = 401                         
# units = specified
# name 0 = scan: Scan Count
# name 1 = prDM: Pressure, Digiquartz [db]
# name 2 = t090C: Temperature [ITS-90, deg C]
# name 3 = t190C: Temperature, 2 [ITS-90, deg C]
# name 4 = c0S/m: Conductivity [S/m]
# name 5 = c1S/m: Conductivity, 2 [S/m]
# name 6 = pumps: Pump Status
# name 7 = sbeox0V: Oxygen raw, SBE 43 [V]
# name 8 = sbeox1V: Oxygen raw, SBE 43, 2 [V]
# name 9 = altM: Altimeter [m]
# name 10 = dz/dtM: Descent Rate [m/s]
# name 11 = flECO-AFL: Chl-a Fluorescence, WET Labs ECO-AFL/FL [mg/m^3]
# name 12 = flECO-AFL1: Phycocyanin Fluorescence, WET Labs ECO-AFL/FL, 2 [mg/m^3]
# name 13 = par: PAR/Irradiance, Biospherical/Lico [µE/(cm^2*s)]
# name 14 = turbWETntu0: Turbidity, WET Labs ECO [NTU]
# name 15 = sal00: Salinity, Practical [PSU]
# name 16 = sal11: Salinity, Practical, 2 [PSU]
# name 17 = secS-priS: Salinity, Practical, Difference, 2 - 1 [PSU]
# name 18 = T2-T190C: Temperature Difference, 2 - 1 [ITS-90, deg C]
# name 19 = sigma-t00: Density [sigma-t, kg/m^3 ]
# name 20 = sigma-t11: Density, 2 [sigma-t, kg/m^3 ]
# name 21 = depSM: Depth [salt water, m], lat = 58.2643
# name 22 = depFM: Depth [true depth, m], lat = 58.2643
# name 23 = svCM: Sound Velocity [Chen-Millero, m/s]
# name 24 = svCM1: Sound Velocity, 2 [Chen-Millero, m/s]
# name 25 = sbeox0ML/L: Oxygen, SBE 43 [ml/l], WS = 2
# name 26 = sbeox1ML/L: Oxygen, SBE 43, 2 [ml/l], WS = 2
# name 27 = sbeox0PS: Oxygen, SBE 43 [% saturation], WS = 2
# name 28 = sbeox1PS: Oxygen, SBE 43, 2 [% saturation], WS = 2
# name 29 = flag: flag
# span 0 =      17302,      29897       
# span 1 =      1.500,    201.500       
# span 2 =     6.1088,     8.0050       
# span 3 =     6.1081,     8.0041       
# span 4 =   3.205180,   3.636316       
# span 5 =   3.204984,   3.636163       
# span 6 =          1,          1       
# span 7 =     3.3931,     3.5864       
# span 8 =     3.1590,     3.3358       
# span 9 =     -26.50,      98.94       
# span 10 =     -0.199,      0.716      
# span 11 =     0.1825,     0.8541      
# span 12 =     0.1334,     0.3319      
# span 13 = -4.958e-08, 1.6368e+00      
# span 14 =     0.1593,     4.7319      
# span 15 =    32.2862,    35.0983      
# span 16 =    32.2850,    35.0965      
# span 17 =    -0.0125,     0.0640      
# span 18 =    -0.0097,     0.0265      
# span 19 =    25.3942,    27.3795      
# span 20 =    25.3936,    27.3785      
# span 21 =      1.486,    199.530      
# span 22 =      1.490,    199.820      
# span 23 =    1471.83,    1484.76      
# span 24 =    1471.84,    1484.76      
# span 25 =     5.8743,     6.6315      
# span 26 =     5.9417,     6.7221      
# span 27 =     88.850,     94.756      
# span 28 =     89.865,     96.056      
# span 29 = 0.0000e+00, 0.0000e+00      
# interval = decibars: 0.5              
# start_time = Feb 06 2020 18:47:54 [NMEA time, first data scan]
# bad_flag = -9.990e-29
*END*
[from data line 339]
      26496    171.000     7.6867     7.6865    3.60660    3.60644          1     3.4751     3.2361      33.01      0.557     0.2944     0.2705  1.000e-12  2.6664000    35.0734    35.0720    -0.0015    -0.0002    27.3782    27.3771    169.341    169.582    1484.19    1484.19     6.1392     6.2274    92.4130    93.7390  0.000e+00
      26529    171.500     7.6867     7.6867    3.60662    3.60649          1     3.4746     3.2352      32.42      0.396     0.2925     0.2171  1.000e-12  2.9922000    35.0734    35.0720    -0.0014    -0.0000    27.3782    27.3771    169.836    170.078    1484.20    1484.20     6.1390     6.2253    92.4090    93.7070  0.000e+00
      26563    172.000     7.6871     7.6872    3.60669    3.60656          1     3.4742     3.2356      31.97      0.340     0.2927     0.2795  1.000e-12  2.9353000    35.0735    35.0720    -0.0015     0.0001    27.3782    27.3771    170.331    170.573    1484.21    1484.21     6.1397     6.2317    92.4210    93.8040  0.000e+00
      26590    172.500     7.6877     7.6876    3.60679    3.60664          1     3.4737     3.2350      31.49      0.407     0.3069     0.2659  1.000e-12  2.9742000    35.0737    35.0723    -0.0014    -0.0001    27.3783    27.3772    170.826    171.069    1484.22    1484.22     6.1376     6.2243    92.3900    93.6950  0.000e+00
      26612    173.000     7.6878     7.6877    3.60683    3.60669          1     3.4739     3.2348      31.09      0.493     0.2875     0.2127  1.000e-12  2.7493000    35.0738    35.0725    -0.0013    -0.0002    27.3783    27.3773    171.321    171.565    1484.23    1484.23     6.1437     6.2288    92.4820    93.7620  0.000e+00
      26632    173.500     7.6883     7.6880    3.60688    3.60673          1     3.4748     3.2349      30.61      0.568     0.2906     0.2050  1.000e-12  2.5442000    35.0737    35.0723    -0.0014    -0.0003    27.3782    27.3772    171.816    172.061    1484.24    1484.23     6.1471     6.2335    92.5340    93.8340  0.000e+00
      26653    174.000     7.6885     7.6886    3.60692    3.60681          1     3.4753     3.2356      30.10      0.591     0.2789     0.2788  1.000e-12  2.5252000    35.0736    35.0723    -0.0013     0.0001    27.3781    27.3771    172.311    172.556    1484.25    1484.25     6.1445     6.2347    92.4970    93.8530  0.000e+00
      26680    174.500     7.6893     7.6892    3.60702    3.60688          1     3.4746     3.2359      29.54      0.502     0.2779     0.2192  1.000e-12  2.1788000    35.0736    35.0723    -0.0013    -0.0001    27.3780    27.3769    172.806    173.052    1484.26    1484.26     6.1399     6.2335    92.4280    93.8370  0.000e+00
      26717    175.000     7.6891     7.6895    3.60702    3.60692          1     3.4739     3.2352      28.94      0.341     0.2911     0.2057  1.000e-12  2.3453000    35.0736    35.0722    -0.0014     0.0003    27.3780    27.3768    173.301    173.548    1484.27    1484.26     6.1394     6.2244    92.4200    93.6990  0.000e+00
      26748    175.500     7.6887     7.6891    3.60700    3.60691          1     3.4732     3.2341      28.44      0.349     0.2831     0.2146  1.000e-12  2.6398000    35.0735    35.0722    -0.0013     0.0004    27.3780    27.3769    173.796    174.043    1484.27    1484.27     6.1380     6.2234    92.3970    93.6850  0.000e+00
      26771    176.000     7.6872     7.6870    3.60686    3.60672          1     3.4727     3.2337      28.06      0.461     0.2849     0.2548  1.000e-12  2.8080000    35.0733    35.0720    -0.0014    -0.0002    27.3781    27.3770    174.291    174.539    1484.27    1484.27     6.1382     6.2310    92.3990    93.7940  0.000e+00
      26790    176.500     7.6863     7.6858    3.60679    3.60662          1     3.4725     3.2345      27.64      0.566     0.2871     0.2746  1.000e-12  2.9598000    35.0732    35.0718    -0.0014    -0.0005    27.3781    27.3771    174.786    175.035    1484.28    1484.28     6.1391     6.2377    92.4090    93.8910  0.000e+00
      26810    177.000     7.6861     7.6858    3.60677    3.60662          1     3.4723     3.2349      27.19      0.609     0.2866     0.2395  1.000e-12  3.3040000    35.0730    35.0717    -0.0014    -0.0003    27.3780    27.3770    175.281    175.530    1484.29    1484.28     6.1414     6.2338    92.4440    93.8330  0.000e+00
      26833    177.500     7.6870     7.6862    3.60690    3.60670          1     3.4728     3.2348      26.60      0.567     0.2902     0.2587  1.000e-12  3.0686000    35.0732    35.0718    -0.0014    -0.0008    27.3780    27.3770    175.776    176.026    1484.30    1484.29     6.1420     6.2297    92.4550    93.7720  0.000e+00
      26861    178.000     7.6873     7.6871    3.60697    3.60684          1     3.4727     3.2339      26.10      0.462     0.3029     0.2233  1.000e-12  2.8024000    35.0734    35.0721    -0.0013    -0.0002    27.3781    27.3771    176.271    176.522    1484.31    1484.30     6.1420     6.2257    92.4550    93.7150  0.000e+00
      26891    178.500     7.6878     7.6871    3.60709    3.60686          1     3.4725     3.2335      25.51      0.404     0.2956     0.2400  1.000e-12  2.9171000    35.0739    35.0722    -0.0017    -0.0008    27.3784    27.3772    176.766    177.018    1484.32    1484.31     6.1392     6.2254    92.4140    93.7100  0.000e+00
      26923    179.000     7.6882     7.6883    3.60717    3.60704          1     3.4718     3.2320      25.01      0.380     0.2877     0.2600  1.000e-12  3.3278000    35.0741    35.0727    -0.0014     0.0001    27.3785    27.3774    177.260    177.513    1484.33    1484.33     6.1409     6.2212    92.4410    93.6500  0.000e+00
      26950    179.500     7.6884     7.6883    3.60720    3.60707          1     3.4726     3.2324      24.56      0.413     0.2799     0.2585  1.000e-12  2.8092000    35.0742    35.0728    -0.0014    -0.0001    27.3786    27.3775    177.755    178.009    1484.34    1484.33     6.1454     6.2325    92.5090    93.8190  0.000e+00
      26971    180.000     7.6888     7.6889    3.60730    3.60718          1     3.4730     3.2326      24.09      0.502     0.2924     0.2371  1.000e-12  2.6996000    35.0744    35.0731    -0.0014     0.0001    27.3787    27.3777    178.250    178.505    1484.35    1484.35     6.1447     6.2282    92.5000    93.7570  0.000e+00
      26993    180.500     7.6893     7.6893    3.60739    3.60727          1     3.4729     3.2324      23.60      0.560     0.3024     0.2364  1.000e-12  2.7586000    35.0746    35.0733    -0.0013    -0.0000    27.3788    27.3778    178.745    179.000    1484.36    1484.36     6.1424     6.2272    92.4670    93.7430  0.000e+00
      27019    181.000     7.6899     7.6896    3.60748    3.60732          1     3.4724     3.2322      23.04      0.504     0.3065     0.2211  1.000e-12  2.6284000    35.0749    35.0734    -0.0014    -0.0003    27.3789    27.3778    179.240    179.496    1484.37    1484.37     6.1406     6.2265    92.4410    93.7320  0.000e+00
      27056    181.500     7.6902     7.6904    3.60756    3.60743          1     3.4718     3.2318      22.43      0.337     0.2926     0.1994  1.000e-12  2.9430000    35.0751    35.0736    -0.0015     0.0002    27.3790    27.3778    179.735    179.992    1484.38    1484.38     6.1417     6.2265    92.4580    93.7330  0.000e+00
      27087    182.000     7.6895     7.6894    3.60746    3.60733          1     3.4719     3.2317      22.01      0.346     0.2874     0.2791  1.000e-12  2.4517000    35.0745    35.0732    -0.0013    -0.0000    27.3787    27.3776    180.230    180.487    1484.38    1484.38     6.1428     6.2263    92.4730    93.7290  0.000e+00
      27109    182.500     7.6896     7.6895    3.60751    3.60738          1     3.4719     3.2315      21.59      0.469     0.2884     0.2711  1.000e-12  2.4423000    35.0748    35.0733    -0.0014    -0.0001    27.3789    27.3778    180.725    180.983    1484.39    1484.39     6.1436     6.2277    92.4860    93.7510  0.000e+00
      27129    183.000     7.6896     7.6889    3.60751    3.60732          1     3.4721     3.2314      21.14      0.572     0.3108     0.2658  1.000e-12  2.9034000    35.0745    35.0732    -0.0013    -0.0007    27.3786    27.3777    181.220    181.479    1484.40    1484.40     6.1442     6.2264    92.4940    93.7290  0.000e+00
      27149    183.500     7.6921     7.6917    3.60789    3.60771          1     3.4720     3.2312      20.65      0.605     0.2848     0.2820  1.000e-12  2.8223000    35.0758    35.0742    -0.0016    -0.0004    27.3793    27.3781    181.715    181.975    1484.42    1484.41     6.1424     6.2246    92.4730    93.7090  0.000e+00
      27172    184.000     7.6920     7.6922    3.60789    3.60780          1     3.4717     3.2306      20.12      0.563     0.2851     0.2227  1.000e-12  2.5400000    35.0757    35.0745    -0.0012     0.0002    27.3792    27.3783    182.210    182.470    1484.43    1484.43     6.1403     6.2251    92.4410    93.7170  0.000e+00
      27194    184.500     7.6931     7.6931    3.60805    3.60795          1     3.4708     3.2310      19.63      0.534     0.2910     0.2335  1.000e-12  2.4975000    35.0761    35.0750    -0.0012     0.0001    27.3794    27.3785    182.705    182.966    1484.44    1484.44     6.1381     6.2306    92.4110    93.8030  0.000e+00
      27220    185.000     7.6934     7.6933    3.60812    3.60797          1     3.4700     3.2312      19.08      0.505     0.2901     0.2361  1.000e-12  2.9373000    35.0763    35.0748    -0.0015    -0.0002    27.3795    27.3784    183.200    183.462    1484.45    1484.45     6.1346     6.2284    92.3580    93.7700  0.000e+00
      27260    185.500     7.6914     7.6917    3.60787    3.60778          1     3.4682     3.2304      18.47      0.313     0.2968     0.2623  1.000e-12  3.0703000    35.0754    35.0741    -0.0013     0.0003    27.3791    27.3780    183.694    183.957    1484.45    1484.45     6.1346     6.2225    92.3530    93.6780  0.000e+00
      27295    186.000     7.6889     7.6892    3.60752    3.60744          1     3.4681     3.2300      18.05      0.305     0.2879     0.2156  1.000e-12  3.1205000    35.0738    35.0727    -0.0011     0.0003    27.3782    27.3773    184.189    184.453    1484.45    1484.45     6.1402     6.2268    92.4320    93.7360  0.000e+00
      27316    186.500     7.6870     7.6869    3.60729    3.60716          1     3.4692     3.2299      17.65      0.465     0.2924     0.1972  1.000e-12  3.2707000    35.0730    35.0717    -0.0013    -0.0001    27.3779    27.3768    184.684    184.949    1484.45    1484.45     6.1449     6.2255    92.4990    93.7110  0.000e+00
      27334    187.000     7.6866     7.6868    3.60725    3.60716          1     3.4697     3.2296      17.20      0.596     0.2984     0.2354  1.000e-12  3.4636000    35.0728    35.0715    -0.0012     0.0002    27.3777    27.3767    185.179    185.444    1484.45    1484.45     6.1424     6.2280    92.4600    93.7480  0.000e+00
      27354    187.500     7.6861     7.6861    3.60718    3.60708          1     3.4693     3.2299      16.71      0.646     0.3021     0.2104  1.000e-12  3.8314000    35.0723    35.0712    -0.0011     0.0000    27.3774    27.3765    185.674    185.940    1484.46    1484.46     6.1410     6.2251    92.4380    93.7030  0.000e+00
      27383    188.000     7.6868     7.6865    3.60731    3.60715          1     3.4691     3.2288      16.08      0.496     0.3023     0.2581  1.000e-12  3.3927000    35.0727    35.0713    -0.0014    -0.0003    27.3776    27.3766    186.169    186.436    1484.47    1484.47     6.1400     6.2232    92.4250    93.6750  0.000e+00
      27418    188.500     7.6876     7.6876    3.60746    3.60732          1     3.4684     3.2288      15.56      0.313     0.2961     0.2966  1.000e-12  3.2358000    35.0732    35.0718    -0.0015     0.0000    27.3779    27.3768    186.664    186.931    1484.48    1484.48     6.1391     6.2281    92.4130    93.7520  0.000e+00
      27443    189.000     7.6890     7.6889    3.60765    3.60753          1     3.4685     3.2294      15.14      0.415     0.2993     0.2400  1.000e-12  3.2225000    35.0737    35.0725    -0.0012    -0.0001    27.3781    27.3772    187.159    187.427    1484.50    1484.49     6.1414     6.2332    92.4510    93.8310  0.000e+00
      27462    189.500     7.6857     7.6855    3.60725    3.60711          1     3.4685     3.2295      14.71      0.544     0.3102     0.2611  1.000e-12  3.3409000    35.0724    35.0711    -0.0013    -0.0002    27.3776    27.3766    187.654    187.923    1484.49    1484.49     6.1413     6.2260    92.4410    93.7140  0.000e+00
      27483    190.000     7.6839     7.6835    3.60703    3.60686          1     3.4685     3.2289      14.20      0.597     0.3015     0.1896  1.000e-12  3.5791000    35.0716    35.0701    -0.0015    -0.0003    27.3772    27.3761    188.149    188.419    1484.49    1484.49     6.1413     6.2257    92.4370    93.7060  0.000e+00
      27510    190.500     7.6839     7.6836    3.60705    3.60690          1     3.4678     3.2291      13.62      0.502     0.3093     0.2083  1.000e-12  4.1484000    35.0715    35.0702    -0.0013    -0.0003    27.3771    27.3761    188.643    188.914    1484.50    1484.50     6.1370     6.2327    92.3720    93.8110  0.000e+00
      27543    191.000     7.6833     7.6833    3.60700    3.60687          1     3.4669     3.2291      13.06      0.371     0.3168     0.2170  1.000e-12  4.4793000    35.0713    35.0700    -0.0013    -0.0000    27.3771    27.3760    189.138    189.410    1484.50    1484.50     6.1388     6.2238    92.3980    93.6760  0.000e+00
      27574    191.500     7.6832     7.6830    3.60699    3.60685          1     3.4671     3.2278      12.56      0.374     0.3046     0.2208  1.000e-12  4.5795000    35.0711    35.0698    -0.0014    -0.0002    27.3769    27.3759    189.633    189.906    1484.51    1484.51     6.1414     6.2225    92.4360    93.6550  0.000e+00
      27599    192.000     7.6831     7.6830    3.60701    3.60687          1     3.4671     3.2276      12.14      0.441     0.3018     0.2703  1.000e-12  4.7258000    35.0712    35.0697    -0.0015    -0.0001    27.3770    27.3758    190.128    190.401    1484.52    1484.52     6.1397     6.2254    92.4100    93.6990  0.000e+00
      27620    192.500     7.6833     7.6831    3.60705    3.60691          1     3.4667     3.2273      11.68      0.520     0.3197     0.2828  1.000e-12  4.7080000    35.0712    35.0699    -0.0013    -0.0002    27.3770    27.3760    190.623    190.897    1484.53    1484.53     6.1382     6.2242    92.3880    93.6820  0.000e+00
      27641    193.000     7.6834     7.6832    3.60707    3.60694          1     3.4663     3.2272      11.18      0.571     0.3168     0.2698  1.000e-12  4.5159000    35.0711    35.0698    -0.0013    -0.0002    27.3769    27.3759    191.118    191.393    1484.54    1484.53     6.1389     6.2291    92.3990    93.7550  0.000e+00
      27666    193.500     7.6834     7.6831    3.60709    3.60695          1     3.4660     3.2277      10.63      0.533     0.3135     0.2679  1.000e-12  4.0504000    35.0710    35.0698    -0.0013    -0.0002    27.3768    27.3759    191.613    191.888    1484.54    1484.54     6.1376     6.2307    92.3790    93.7800  0.000e+00
      27698    194.000     7.6838     7.6839    3.60717    3.60705          1     3.4658     3.2274      10.07      0.398     0.3142     0.2797  1.000e-12  3.7784000    35.0712    35.0698    -0.0014     0.0001    27.3769    27.3758    192.108    192.384    1484.55    1484.55     6.1384     6.2215    92.3930    93.6440  0.000e+00
