ctdpy/tests/etc/exprapp_feb_2020/SBE09_1387_20200205_1120_77_10_0111.cnv
* Sea-Bird SBE 9 Data File:
* FileName = L:\2020\sv20d0111.hex
* Software Version Seasave V 7.26.7.121
* Temperature SN = 6378
* Conductivity SN = 4824
* Number of Bytes Per Scan = 41
* Number of Voltage Words = 4
* Number of Scans Averaged by the Deck Unit = 1
* NMEA Latitude = 57 58.14 N
* NMEA Longitude = 009 49.36 E
* NMEA UTC (Time) = Feb 05 2020  11:20:41
* NMEA baud rate = 4800
** Station:  24N Hirtshals
** Operator:  A-KTh
** Ship: SVEA
** Average sound velocity: 1479.89 m/s
** True-depth calculation Wed, 05 Feb 2020 18:13:09 +0000
** CTD Python Module SMHI /ver 3-12/ feb 2012 
** LIMS Job: 20207710-0111
** Cruise: SMHI-02-2020
** Latitude [GG MM.mm N] :
** Longitude [GGG MM.mm E]:
# nquan = 30
# nvalues = 207                         
# units = specified
# name 0 = scan: Scan Count
# name 1 = prDM: Pressure, Digiquartz [db]
# name 2 = t090C: Temperature [ITS-90, deg C]
# name 3 = t190C: Temperature, 2 [ITS-90, deg C]
# name 4 = c0S/m: Conductivity [S/m]
# name 5 = c1S/m: Conductivity, 2 [S/m]
# name 6 = pumps: Pump Status
# name 7 = sbeox0V: Oxygen raw, SBE 43 [V]
# name 8 = sbeox1V: Oxygen raw, SBE 43, 2 [V]
# name 9 = altM: Altimeter [m]
# name 10 = dz/dtM: Descent Rate [m/s]
# name 11 = flECO-AFL: Chl-a Fluorescence, WET Labs ECO-AFL/FL [mg/m^3]
# name 12 = flECO-AFL1: Phycocyanin Fluorescence, WET Labs ECO-AFL/FL, 2 [mg/m^3]
# name 13 = par: PAR/Irradiance, Biospherical/Lico [µE/(cm^2*s)]
# name 14 = turbWETntu0: Turbidity, WET Labs ECO [NTU]
# name 15 = sal00: Salinity, Practical [PSU]
# name 16 = sal11: Salinity, Practical, 2 [PSU]
# name 17 = secS-priS: Salinity, Practical, Difference, 2 - 1 [PSU]
# name 18 = T2-T190C: Temperature Difference, 2 - 1 [ITS-90, deg C]
# name 19 = sigma-t00: Density [sigma-t, kg/m^3 ]
# name 20 = sigma-t11: Density, 2 [sigma-t, kg/m^3 ]
# name 21 = depSM: Depth [salt water, m], lat = 57.969
# name 22 = depFM: Depth [true depth, m], lat = 57.969
# name 23 = svCM: Sound Velocity [Chen-Millero, m/s]
# name 24 = svCM1: Sound Velocity, 2 [Chen-Millero, m/s]
# name 25 = sbeox0ML/L: Oxygen, SBE 43 [ml/l], WS = 2
# name 26 = sbeox1ML/L: Oxygen, SBE 43, 2 [ml/l], WS = 2
# name 27 = sbeox0PS: Oxygen, SBE 43 [% saturation], WS = 2
# name 28 = sbeox1PS: Oxygen, SBE 43, 2 [% saturation], WS = 2
# name 29 = flag: flag
# span 0 =      15685,      21755       
# span 1 =      2.500,    105.500       
# span 2 =     6.8576,     7.3531       
# span 3 =     6.8600,     7.3532       
# span 4 =   3.439530,   3.524034       
# span 5 =   3.439910,   3.523905       
# span 6 =          1,          1       
# span 7 =     3.5104,     3.5676       
# span 8 =     3.2664,     3.3220       
# span 9 =       1.79,      98.24       
# span 10 =     -0.285,      0.750      
# span 11 =     0.4299,     0.5872      
# span 12 =     0.1822,     0.3408      
# span 13 = -1.976e-07, 1.2592e+02      
# span 14 =     0.7173,     8.4298      
# span 15 =    34.1609,    34.6731      
# span 16 =    34.1626,    34.6722      
# span 17 =    -0.0147,     0.0346      
# span 18 =    -0.0183,     0.0453      
# span 19 =    26.7772,    27.1298      
# span 20 =    26.7782,    27.1291      
# span 21 =      2.477,    104.496      
# span 22 =      2.480,    104.628      
# span 23 =    1477.10,    1480.86      
# span 24 =    1477.12,    1480.86      
# span 25 =     6.2324,     6.3782      
# span 26 =     6.3178,     6.4769      
# span 27 =     92.763,     93.839      
# span 28 =     94.031,     95.436      
# span 29 = 0.0000e+00, 0.0000e+00      
# interval = decibars: 0.5              
# start_time = Feb 05 2020 11:20:42 [NMEA time, first data scan]
# bad_flag = -9.990e-29
*END*
[from data line 146]
      19416     75.500     7.2274     7.2273    3.52256    3.52243          1     3.5215     3.2779      31.77      0.468     0.4866     0.2844  1.000e-12  5.8544000    34.6675    34.6662    -0.0013    -0.0001    27.1251    27.1240     74.787     74.879    1480.36    1480.36     6.2539     6.3473    92.9150    94.3020  0.000e+00
      19444     76.000     7.2277     7.2273    3.52256    3.52245          1     3.5210     3.2778      31.28      0.436     0.4849     0.3112  1.000e-12  4.9278000    34.6669    34.6661    -0.0008    -0.0004    27.1245    27.1239     75.282     75.375    1480.37    1480.36     6.2541     6.3456    92.9190    94.2770  0.000e+00
      19473     76.500     7.2277     7.2276    3.52259    3.52246          1     3.5207     3.2784      30.78      0.420     0.4696     0.2791  1.000e-12  4.2994000    34.6670    34.6658    -0.0012    -0.0001    27.1246    27.1236     75.777     75.870    1480.37    1480.37     6.2547     6.3504    92.9270    94.3470  0.000e+00
      19500     77.000     7.2275     7.2274    3.52263    3.52251          1     3.5201     3.2787      30.27      0.431     0.4934     0.2583  1.000e-12  4.8187000    34.6674    34.6662    -0.0012    -0.0001    27.1250    27.1240     76.272     76.366    1480.38    1480.38     6.2537     6.3495    92.9120    94.3350  0.000e+00
      19523     77.500     7.2275     7.2276    3.52266    3.52252          1     3.5203     3.2783      29.81      0.475     0.4780     0.2371  1.000e-12  5.0397000    34.6676    34.6659    -0.0017     0.0001    27.1251    27.1237     76.768     76.862    1480.39    1480.39     6.2591     6.3409    92.9920    94.2070  0.000e+00
      19543     78.000     7.2274     7.2274    3.52268    3.52253          1     3.5211     3.2775      29.38      0.541     0.5018     0.3181  1.000e-12  5.8852000    34.6676    34.6659    -0.0016     0.0000    27.1251    27.1238     77.263     77.358    1480.40    1480.40     6.2594     6.3455    92.9960    94.2750  0.000e+00
      19562     78.500     7.2278     7.2276    3.52270    3.52257          1     3.5207     3.2781      28.91      0.608     0.4892     0.2545  1.000e-12  6.1748000    34.6672    34.6660    -0.0013    -0.0002    27.1248    27.1238     77.758     77.854    1480.41    1480.41     6.2572     6.3542    92.9640    94.4040  0.000e+00
      19581     79.000     7.2285     7.2284    3.52270    3.52255          1     3.5210     3.2787      28.42      0.643     0.4864     0.2521  1.000e-12  5.4781000    34.6662    34.6647    -0.0015    -0.0001    27.1239    27.1227     78.253     78.350    1480.42    1480.42     6.2584     6.3522    92.9830    94.3760  0.000e+00
      19606     79.500     7.2287     7.2286    3.52269    3.52258          1     3.5206     3.2784      27.85      0.567     0.5191     0.3064  1.000e-12  5.1173000    34.6656    34.6645    -0.0011    -0.0000    27.1234    27.1225     78.748     78.845    1480.43    1480.42     6.2561     6.3440    92.9490    94.2550  0.000e+00
      19639     80.000     7.2287     7.2286    3.52274    3.52263          1     3.5196     3.2773      27.27      0.374     0.5012     0.2804  1.000e-12  5.1074000    34.6660    34.6648    -0.0013    -0.0000    27.1237    27.1227     79.244     79.341    1480.43    1480.43     6.2532     6.3448    92.9070    94.2660  0.000e+00
      19667     80.500     7.2282     7.2281    3.52281    3.52268          1     3.5196     3.2774      26.93      0.378     0.4862     0.2660  1.000e-12  6.1369000    34.6670    34.6656    -0.0013    -0.0001    27.1245    27.1235     79.739     79.837    1480.44    1480.44     6.2594     6.3433    92.9970    94.2430  0.000e+00
      19688     81.000     7.2285     7.2282    3.52281    3.52269          1     3.5200     3.2763      26.43      0.500     0.4988     0.2657  1.000e-12  5.5986000    34.6664    34.6653    -0.0011    -0.0003    27.1240    27.1232     80.234     80.333    1480.45    1480.45     6.2594     6.3354    92.9980    94.1260  0.000e+00
      19707     81.500     7.2282     7.2280    3.52285    3.52273          1     3.5202     3.2753      25.96      0.594     0.5063     0.2640  1.000e-12  6.1606000    34.6669    34.6657    -0.0012    -0.0002    27.1245    27.1236     80.729     80.829    1480.46    1480.46     6.2595     6.3351    92.9990    94.1220  0.000e+00
      19727     82.000     7.2287     7.2285    3.52286    3.52272          1     3.5202     3.2748      25.44      0.627     0.5136     0.2666  1.000e-12  6.5424000    34.6662    34.6649    -0.0013    -0.0002    27.1238    27.1229     81.224     81.324    1480.47    1480.47     6.2592     6.3395    92.9960    94.1880  0.000e+00
      19750     82.500     7.2269     7.2270    3.52295    3.52282          1     3.5202     3.2747      24.89      0.561     0.5176     0.2450  1.000e-12  6.5995000    34.6688    34.6673    -0.0015     0.0001    27.1261    27.1249     81.719     81.820    1480.47    1480.47     6.2584     6.3459    92.9810    94.2800  0.000e+00
      19776     83.000     7.2262     7.2261    3.52300    3.52289          1     3.5197     3.2755      24.36      0.474     0.5199     0.1984  1.000e-12  6.8460000    34.6698    34.6686    -0.0012    -0.0000    27.1270    27.1261     82.214     82.316    1480.48    1480.48     6.2557     6.3506    92.9400    94.3500  0.000e+00
      19803     83.500     7.2265     7.2265    3.52303    3.52290          1     3.5186     3.2760      23.88      0.452     0.4996     0.2157  1.000e-12  6.6185000    34.6695    34.6682    -0.0013    -0.0000    27.1268    27.1257     82.710     82.812    1480.49    1480.49     6.2533     6.3502    92.9050    94.3440  0.000e+00
      19834     84.000     7.2266     7.2268    3.52306    3.52291          1     3.5182     3.2765      23.35      0.411     0.4970     0.2667  1.000e-12  7.2033000    34.6695    34.6677    -0.0018     0.0002    27.1267    27.1253     83.205     83.308    1480.50    1480.50     6.2553     6.3497    92.9350    94.3370  0.000e+00
      19868     84.500     7.2266     7.2264    3.52308    3.52296          1     3.5175     3.2762      22.83      0.340     0.5012     0.2811  1.000e-12  8.0159000    34.6695    34.6685    -0.0010    -0.0002    27.1267    27.1260     83.700     83.804    1480.50    1480.50     6.2540     6.3434    92.9160    94.2430  0.000e+00
      19892     85.000     7.2265     7.2265    3.52310    3.52297          1     3.5177     3.2753      22.42      0.422     0.5025     0.2398  1.000e-12  7.8675000    34.6696    34.6681    -0.0015     0.0000    27.1268    27.1257     84.195     84.299    1480.51    1480.51     6.2578     6.3412    92.9730    94.2100  0.000e+00
      19909     85.500     7.2262     7.2261    3.52313    3.52299          1     3.5180     3.2752      22.02      0.560     0.5082     0.2692  1.000e-12  7.8386000    34.6700    34.6685    -0.0015    -0.0000    27.1272    27.1260     84.690     84.795    1480.52    1480.52     6.2578     6.3459    92.9710    94.2800  0.000e+00
      19925     86.000     7.2263     7.2261    3.52316    3.52302          1     3.5179     3.2751      21.56      0.676     0.5085     0.2640  1.000e-12  7.5131000    34.6700    34.6686    -0.0014    -0.0001    27.1271    27.1261     85.185     85.291    1480.53    1480.53     6.2579     6.3452    92.9740    94.2690  0.000e+00
      19941     86.500     7.2258     7.2253    3.52316    3.52303          1     3.5181     3.2748      20.97      0.739     0.5032     0.2606  1.000e-12  6.8069000    34.6703    34.6693    -0.0010    -0.0005    27.1275    27.1267     85.681     85.787    1480.54    1480.53     6.2595     6.3400    92.9970    94.1910  0.000e+00
      19961     87.000     7.2252     7.2248    3.52318    3.52306          1     3.5183     3.2739      20.35      0.701     0.5017     0.2624  1.000e-12  6.5361000    34.6708    34.6699    -0.0009    -0.0004    27.1280    27.1273     86.176     86.283    1480.54    1480.54     6.2610     6.3396    93.0180    94.1830  0.000e+00
      19991     87.500     7.2255     7.2255    3.52321    3.52309          1     3.5183     3.2742      19.85      0.476     0.5126     0.2764  1.000e-12  7.3251000    34.6706    34.6692    -0.0014    -0.0000    27.1278    27.1267     86.671     86.778    1480.55    1480.55     6.2580     6.3501    92.9740    94.3410  0.000e+00
      20029     88.000     7.2260     7.2259    3.52324    3.52313          1     3.5173     3.2747      19.32      0.301     0.5140     0.3119  1.000e-12  6.4942000    34.6702    34.6690    -0.0011    -0.0001    27.1273    27.1265     87.166     87.274    1480.56    1480.56     6.2542     6.3441    92.9180    94.2530  0.000e+00
      20056     88.500     7.2281     7.2280    3.52323    3.52313          1     3.5164     3.2736      18.92      0.390     0.5017     0.2983  1.000e-12  6.5832000    34.6677    34.6667    -0.0011    -0.0000    27.1251    27.1243     87.661     87.770    1480.58    1480.57     6.2509     6.3385    92.8730    94.1740  0.000e+00
      20076     89.000     7.2291     7.2288    3.52325    3.52312          1     3.5155     3.2732      18.50      0.512     0.5051     0.2965  1.000e-12  6.8201000    34.6667    34.6656    -0.0011    -0.0004    27.1241    27.1233     88.157     88.266    1480.59    1480.58     6.2525     6.3357    92.8970    94.1320  0.000e+00
      20096     89.500     7.2294     7.2291    3.52326    3.52311          1     3.5157     3.2719      18.04      0.594     0.5120     0.2838  1.000e-12  6.9245000    34.6662    34.6649    -0.0014    -0.0003    27.1238    27.1227     88.652     88.762    1480.59    1480.59     6.2559     6.3301    92.9470    94.0490  0.000e+00
      20116     90.000     7.2293     7.2292    3.52328    3.52316          1     3.5158     3.2711      17.53      0.611     0.5128     0.2644  1.000e-12  6.7801000    34.6662    34.6651    -0.0011    -0.0002    27.1237    27.1229     89.147     89.258    1480.60    1480.60     6.2565     6.3372    92.9570    94.1550  0.000e+00
      20141     90.500     7.2293     7.2291    3.52331    3.52320          1     3.5159     3.2712      16.99      0.533     0.5114     0.3143  1.000e-12  6.9732000    34.6664    34.6654    -0.0011    -0.0001    27.1239    27.1231     89.642     89.753    1480.61    1480.61     6.2551     6.3415    92.9360    94.2180  0.000e+00
      20168     91.000     7.2291     7.2288    3.52333    3.52320          1     3.5154     3.2713      16.52      0.451     0.5109     0.3408  1.000e-12  6.9571000    34.6665    34.6654    -0.0012    -0.0002    27.1240    27.1232     90.137     90.249    1480.62    1480.62     6.2544     6.3445    92.9250    94.2620  0.000e+00
      20192     91.500     7.2286     7.2284    3.52333    3.52323          1     3.5153     3.2722      16.03      0.469     0.5118     0.3013  1.000e-12  7.4985000    34.6668    34.6659    -0.0009    -0.0002    27.1243    27.1236     90.632     90.745    1480.62    1480.62     6.2539     6.3514    92.9170    94.3650  0.000e+00
      20215     92.000     7.2287     7.2287    3.52337    3.52326          1     3.5146     3.2728      15.55      0.515     0.5027     0.3179  1.000e-12  6.7472000    34.6669    34.6656    -0.0013     0.0000    27.1244    27.1234     91.127     91.241    1480.63    1480.63     6.2496     6.3482    92.8540    94.3180  0.000e+00
      20237     92.500     7.2280     7.2282    3.52344    3.52330          1     3.5135     3.2729      15.05      0.537     0.5036     0.3055  1.000e-12  6.9007000    34.6681    34.6664    -0.0017     0.0002    27.1255    27.1241     91.622     91.737    1480.64    1480.64     6.2490     6.3450    92.8430    94.2690  0.000e+00
      20258     93.000     7.2279     7.2279    3.52346    3.52333          1     3.5132     3.2724      14.58      0.555     0.5199     0.2384  1.000e-12  6.9704000    34.6682    34.6668    -0.0014    -0.0001    27.1255    27.1244     92.118     92.233    1480.65    1480.65     6.2514     6.3435    92.8800    94.2460  0.000e+00
      20278     93.500     7.2271     7.2266    3.52350    3.52339          1     3.5133     3.2725      14.09      0.582     0.5142     0.2394  1.000e-12  6.9565000    34.6692    34.6685    -0.0007    -0.0005    27.1264    27.1259     92.613     92.728    1480.65    1480.65     6.2541     6.3454    92.9180    94.2730  0.000e+00
      20300     94.000     7.2268     7.2269    3.52354    3.52341          1     3.5134     3.2722      13.56      0.580     0.5319     0.2594  1.000e-12  7.0882000    34.6697    34.6681    -0.0016     0.0001    27.1269    27.1256     93.108     93.224    1480.66    1480.66     6.2553     6.3415    92.9360    94.2160  0.000e+00
      20327     94.500     7.2268     7.2265    3.52357    3.52345          1     3.5140     3.2716      13.00      0.489     0.5328     0.2927  1.000e-12  7.6505000    34.6697    34.6687    -0.0009    -0.0004    27.1268    27.1261     93.603     93.720    1480.67    1480.67     6.2565     6.3435    92.9530    94.2450  0.000e+00
      20358     95.000     7.2268     7.2267    3.52357    3.52345          1     3.5139     3.2712      12.48      0.390     0.5137     0.3239  1.000e-12  8.0619000    34.6695    34.6682    -0.0013    -0.0001    27.1267    27.1257     94.098     94.216    1480.68    1480.68     6.2541     6.3420    92.9180    94.2230  0.000e+00
      20384     95.500     7.2275     7.2269    3.52358    3.52347          1     3.5134     3.2713      12.04      0.421     0.5117     0.2377  1.000e-12  8.4298000    34.6687    34.6681    -0.0006    -0.0006    27.1260    27.1256     94.593     94.712    1480.69    1480.69     6.2550     6.3456    92.9320    94.2770  0.000e+00
      20406     96.000     7.2285     7.2280    3.52358    3.52346          1     3.5140     3.2712      11.60      0.506     0.5139     0.2801  1.000e-12  8.0417000    34.6674    34.6666    -0.0007    -0.0006    27.1248    27.1243     95.088     95.207    1480.70    1480.70     6.2605     6.3429    93.0150    94.2370  0.000e+00
      20427     96.500     7.2285     7.2285    3.52361    3.52347          1     3.5147     3.2706      11.11      0.551     0.5406     0.2717  1.000e-12  7.5935000    34.6674    34.6660    -0.0014    -0.0001    27.1248    27.1237     95.584     95.703    1480.71    1480.71     6.2606     6.3373    93.0160    94.1550  0.000e+00
      20450     97.000     7.2277     7.2281    3.52366    3.52350          1     3.5149     3.2700      10.61      0.544     0.5372     0.2656  1.000e-12  7.2592000    34.6687    34.6664    -0.0022     0.0005    27.1259    27.1241     96.079     96.199    1480.71    1480.71     6.2606     6.3385    93.0160    94.1730  0.000e+00
      20474     97.500     7.2283     7.2287    3.52367    3.52352          1     3.5149     3.2694       9.62      0.514     0.5191     0.2726  1.000e-12  7.2589000    34.6678    34.6658    -0.0020     0.0004    27.1251    27.1235     96.574     96.695    1480.72    1480.72     6.2574     6.3403    92.9690    94.2000  0.000e+00
      20497     98.000     7.2280     7.2269    3.52372    3.52362          1     3.5143     3.2697       9.49      0.503     0.5230     0.2687  1.000e-12  7.5234000    34.6684    34.6685     0.0000    -0.0011    27.1257    27.1258     97.069     97.191    1480.73    1480.73     6.2571     6.3419    92.9650    94.2220  0.000e+00
      20518     98.500     7.2254     7.2251    3.52387    3.52373          1     3.5140     3.2690       9.11      0.547     0.5102     0.2385  1.000e-12  7.7787000    34.6724    34.6712    -0.0013    -0.0002    27.1292    27.1282     97.564     97.687    1480.73    1480.73     6.2581     6.3369    92.9760    94.1450  0.000e+00
