ctdpy/tests/etc/exprapp_feb_2020/SBE09_1387_20200206_1704_77_10_0116.cnv
* Sea-Bird SBE 9 Data File:
* FileName = L:\2020\sv20d0116.hex
* Software Version Seasave V 7.26.7.121
* Temperature SN = 6378
* Conductivity SN = 4824
* Number of Bytes Per Scan = 41
* Number of Voltage Words = 4
* Number of Scans Averaged by the Deck Unit = 1
* NMEA Latitude = 58 17.70 N
* NMEA Longitude = 010 50.65 E
* NMEA UTC (Time) = Feb 06 2020  17:04:21
* NMEA baud rate = 4800
** Station:  Å15
** Operator:  DBSj
** Ship: SVEA
** Average sound velocity: 1480.09 m/s
** True-depth calculation Thu, 06 Feb 2020 18:20:22 +0000
** CTD Python Module SMHI /ver 3-12/ feb 2012 
** LIMS Job: 20207710-0116
** Cruise: SMHI-03-2020
** Latitude [GG MM.mm N] :
** Longitude [GGG MM.mm E]:
# nquan = 30
# nvalues = 267                         
# units = specified
# name 0 = scan: Scan Count
# name 1 = prDM: Pressure, Digiquartz [db]
# name 2 = t090C: Temperature [ITS-90, deg C]
# name 3 = t190C: Temperature, 2 [ITS-90, deg C]
# name 4 = c0S/m: Conductivity [S/m]
# name 5 = c1S/m: Conductivity, 2 [S/m]
# name 6 = pumps: Pump Status
# name 7 = sbeox0V: Oxygen raw, SBE 43 [V]
# name 8 = sbeox1V: Oxygen raw, SBE 43, 2 [V]
# name 9 = altM: Altimeter [m]
# name 10 = dz/dtM: Descent Rate [m/s]
# name 11 = flECO-AFL: Chl-a Fluorescence, WET Labs ECO-AFL/FL [mg/m^3]
# name 12 = flECO-AFL1: Phycocyanin Fluorescence, WET Labs ECO-AFL/FL, 2 [mg/m^3]
# name 13 = par: PAR/Irradiance, Biospherical/Lico [µE/(cm^2*s)]
# name 14 = turbWETntu0: Turbidity, WET Labs ECO [NTU]
# name 15 = sal00: Salinity, Practical [PSU]
# name 16 = sal11: Salinity, Practical, 2 [PSU]
# name 17 = secS-priS: Salinity, Practical, Difference, 2 - 1 [PSU]
# name 18 = T2-T190C: Temperature Difference, 2 - 1 [ITS-90, deg C]
# name 19 = sigma-t00: Density [sigma-t, kg/m^3 ]
# name 20 = sigma-t11: Density, 2 [sigma-t, kg/m^3 ]
# name 21 = depSM: Depth [salt water, m], lat = 58.295
# name 22 = depFM: Depth [true depth, m], lat = 58.295
# name 23 = svCM: Sound Velocity [Chen-Millero, m/s]
# name 24 = svCM1: Sound Velocity, 2 [Chen-Millero, m/s]
# name 25 = sbeox0ML/L: Oxygen, SBE 43 [ml/l], WS = 2
# name 26 = sbeox1ML/L: Oxygen, SBE 43, 2 [ml/l], WS = 2
# name 27 = sbeox0PS: Oxygen, SBE 43 [% saturation], WS = 2
# name 28 = sbeox1PS: Oxygen, SBE 43, 2 [% saturation], WS = 2
# name 29 = flag: flag
# span 0 =      39037,      46078       
# span 1 =      1.500,    134.500       
# span 2 =     6.2265,     7.5706       
# span 3 =     6.2258,     7.5637       
# span 4 =   3.245719,   3.575040       
# span 5 =   3.245539,   3.574877       
# span 6 =          1,          1       
# span 7 =     3.4970,     3.5934       
# span 8 =     3.2567,     3.3438       
# span 9 =       2.18,     100.08       
# span 10 =     -0.110,      0.778      
# span 11 =     0.3013,     0.9121      
# span 12 =     0.1599,     0.3503      
# span 13 = -2.268e-06, 1.6227e+00      
# span 14 =     0.2498,     1.9434      
# span 15 =    32.6270,    34.9658      
# span 16 =    32.6259,    34.9643      
# span 17 =    -0.0300,     0.0483      
# span 18 =    -0.0185,     0.0198      
# span 19 =    25.6498,    27.3250      
# span 20 =    25.6490,    27.3239      
# span 21 =      1.486,    133.207      
# span 22 =      1.490,    133.391      
# span 23 =    1472.74,    1482.64      
# span 24 =    1472.72,    1482.63      
# span 25 =     6.1186,     6.6067      
# span 26 =     6.1931,     6.7075      
# span 27 =     91.350,     94.634      
# span 28 =     92.225,     96.092      
# span 29 = 0.0000e+00, 0.0000e+00      
# interval = decibars: 0.5              
# start_time = Feb 06 2020 17:04:22 [NMEA time, first data scan]
# bad_flag = -9.990e-29
*END*
[from data line 146]
      42674     74.500     7.3717     7.3715    3.55737    3.55720          1     3.5255     3.2822      61.86      0.523     0.3199     0.1965  1.000e-12  0.9745000    34.9034    34.9017    -0.0016    -0.0002    27.2902    27.2889     73.794     73.903    1481.19    1481.19     6.2319     6.3228    93.0360    94.3930  0.000e+00
      42698     75.000     7.3716     7.3713    3.55735    3.55719          1     3.5253     3.2824      61.38      0.507     0.3206     0.2294  1.000e-12  0.9334000    34.9029    34.9014    -0.0015    -0.0002    27.2899    27.2887     74.290     74.399    1481.20    1481.20     6.2323     6.3251    93.0420    94.4250  0.000e+00
      42723     75.500     7.3714     7.3713    3.55735    3.55720          1     3.5252     3.2828      60.85      0.488     0.3204     0.2359  1.000e-12  0.8413000    34.9029    34.9013    -0.0015    -0.0001    27.2898    27.2886     74.785     74.895    1481.21    1481.20     6.2313     6.3238    93.0260    94.4060  0.000e+00
      42752     76.000     7.3717     7.3715    3.55745    3.55729          1     3.5243     3.2816      60.36      0.433     0.3385     0.1847  1.000e-12  0.8416000    34.9034    34.9019    -0.0015    -0.0002    27.2902    27.2890     75.280     75.390    1481.22    1481.21     6.2279     6.3114    92.9760    94.2220  0.000e+00
      42777     76.500     7.3714     7.3713    3.55755    3.55737          1     3.5238     3.2803      59.88      0.442     0.3239     0.2026  1.000e-12  0.7911000    34.9045    34.9028    -0.0017    -0.0001    27.2911    27.2898     75.775     75.886    1481.22    1481.22     6.2310     6.3119    93.0240    94.2300  0.000e+00
      42797     77.000     7.3718     7.3716    3.55762    3.55749          1     3.5242     3.2799      59.43      0.525     0.3271     0.2241  1.000e-12  0.8285000    34.9047    34.9035    -0.0013    -0.0002    27.2912    27.2903     76.270     76.382    1481.23    1481.23     6.2330     6.3168    93.0540    94.3040  0.000e+00
      42816     77.500     7.3719     7.3718    3.55772    3.55756          1     3.5241     3.2798      58.90      0.606     0.3283     0.2362  1.000e-12  0.8508000    34.9054    34.9037    -0.0017    -0.0001    27.2918    27.2905     76.766     76.878    1481.24    1481.24     6.2316     6.3161    93.0340    94.2940  0.000e+00
      42835     78.000     7.3723     7.3722    3.55778    3.55764          1     3.5240     3.2794      58.40      0.632     0.3238     0.2350  1.000e-12  0.8588000    34.9055    34.9040    -0.0014    -0.0001    27.2918    27.2906     77.261     77.373    1481.25    1481.25     6.2311     6.3140    93.0270    94.2640  0.000e+00
      42859     78.500     7.3725     7.3723    3.55783    3.55768          1     3.5237     3.2790      57.86      0.570     0.3305     0.2218  1.000e-12  0.8770000    34.9056    34.9041    -0.0015    -0.0002    27.2919    27.2907     77.756     77.869    1481.26    1481.26     6.2311     6.3159    93.0270    94.2920  0.000e+00
      42888     79.000     7.3727     7.3727    3.55789    3.55775          1     3.5236     3.2790      57.31      0.437     0.3255     0.2743  1.000e-12  0.8485000    34.9058    34.9042    -0.0016     0.0001    27.2920    27.2907     78.251     78.365    1481.27    1481.27     6.2296     6.3168    93.0060    94.3070  0.000e+00
      42919     79.500     7.3739     7.3739    3.55809    3.55796          1     3.5223     3.2785      56.85      0.389     0.3126     0.2263  1.000e-12  0.8282000    34.9065    34.9051    -0.0014     0.0000    27.2923    27.2912     78.746     78.860    1481.28    1481.28     6.2240     6.3112    92.9250    94.2270  0.000e+00
      42944     80.000     7.3747     7.3741    3.55824    3.55804          1     3.5212     3.2777      56.32      0.436     0.3171     0.1898  1.000e-12  0.8812000    34.9071    34.9054    -0.0017    -0.0005    27.2927    27.2915     79.241     79.356    1481.30    1481.29     6.2242     6.3153    92.9300    94.2880  0.000e+00
      42967     80.500     7.3748     7.3749    3.55829    3.55818          1     3.5210     3.2783      55.85      0.499     0.3213     0.1914  1.000e-12  0.9115000    34.9073    34.9059    -0.0014     0.0001    27.2928    27.2918     79.737     79.852    1481.30    1481.31     6.2278     6.3204    92.9840    94.3660  0.000e+00
      42990     81.000     7.3755     7.3754    3.55845    3.55830          1     3.5214     3.2789      55.37      0.527     0.3092     0.2815  1.000e-12  0.8984000    34.9080    34.9065    -0.0015    -0.0002    27.2933    27.2921     80.232     80.348    1481.32    1481.32     6.2279     6.3259    92.9870    94.4490  0.000e+00
      43013     81.500     7.3747     7.3747    3.55832    3.55819          1     3.5208     3.2797      54.90      0.527     0.3128     0.2272  1.000e-12  0.9456000    34.9072    34.9058    -0.0014    -0.0000    27.2927    27.2917     80.727     80.843    1481.32    1481.32     6.2250     6.3245    92.9430    94.4260  0.000e+00
      43035     82.000     7.3744     7.3745    3.55829    3.55818          1     3.5206     3.2798      54.40      0.527     0.3208     0.1979  1.000e-12  1.0074000    34.9068    34.9056    -0.0013     0.0001    27.2925    27.2915     81.222     81.339    1481.33    1481.33     6.2280     6.3195    92.9860    94.3520  0.000e+00
      43056     82.500     7.3750     7.3746    3.55841    3.55819          1     3.5210     3.2791      53.93      0.552     0.3213     0.2133  1.000e-12  0.9924000    34.9074    34.9054    -0.0019    -0.0004    27.2929    27.2914     81.717     81.835    1481.34    1481.33     6.2306     6.3155    93.0270    94.2920  0.000e+00
      43077     83.000     7.3759     7.3755    3.55858    3.55839          1     3.5211     3.2790      53.45      0.573     0.3213     0.2380  1.000e-12  0.8467000    34.9081    34.9064    -0.0017    -0.0005    27.2933    27.2920     82.212     82.331    1481.35    1481.35     6.2290     6.3245    93.0050    94.4290  0.000e+00
      43101     83.500     7.3761     7.3761    3.55864    3.55850          1     3.5210     3.2796      52.95      0.541     0.3318     0.2392  1.000e-12  0.8320000    34.9083    34.9068    -0.0015    -0.0000    27.2934    27.2922     82.707     82.826    1481.36    1481.36     6.2277     6.3229    92.9870    94.4060  0.000e+00
      43134     84.000     7.3759     7.3759    3.55864    3.55848          1     3.5202     3.2796      52.36      0.402     0.3401     0.2305  1.000e-12  0.8615000    34.9082    34.9066    -0.0016    -0.0000    27.2934    27.2921     83.203     83.322    1481.37    1481.37     6.2254     6.3240    92.9520    94.4230  0.000e+00
      43166     84.500     7.3761     7.3760    3.55868    3.55852          1     3.5200     3.2798      51.88      0.343     0.3267     0.2004  1.000e-12  0.8571000    34.9082    34.9065    -0.0016    -0.0001    27.2933    27.2920     83.698     83.818    1481.38    1481.38     6.2261     6.3229    92.9620    94.4070  0.000e+00
      43187     85.000     7.3766     7.3763    3.55874    3.55858          1     3.5191     3.2795      51.48      0.456     0.3245     0.2055  1.000e-12  0.9232000    34.9082    34.9067    -0.0014    -0.0003    27.2932    27.2921     84.193     84.314    1481.39    1481.38     6.2247     6.3230    92.9420    94.4080  0.000e+00
      43205     85.500     7.3798     7.3791    3.55932    3.55909          1     3.5194     3.2798      51.09      0.592     0.3333     0.2202  1.000e-12  0.9375000    34.9110    34.9091    -0.0019    -0.0007    27.2950    27.2936     84.688     84.809    1481.41    1481.41     6.2269     6.3209    92.9840    94.3850  0.000e+00
      43222     86.000     7.3849     7.3833    3.56016    3.55976          1     3.5194     3.2791      50.61      0.685     0.3231     0.2386  1.000e-12  0.9170000    34.9147    34.9121    -0.0027    -0.0016    27.2972    27.2954     85.183     85.305    1481.45    1481.43     6.2242     6.3148    92.9570    94.3040  0.000e+00
      43243     86.500     7.3845     7.3841    3.56012    3.55993          1     3.5188     3.2785      50.08      0.658     0.3282     0.2559  1.000e-12  0.9479000    34.9144    34.9127    -0.0017    -0.0004    27.2970    27.2958     85.678     85.801    1481.45    1481.45     6.2228     6.3133    92.9350    94.2840  0.000e+00
      43270     87.000     7.3857     7.3849    3.56032    3.56004          1     3.5185     3.2773      49.49      0.490     0.3408     0.1891  1.000e-12  0.9143000    34.9152    34.9129    -0.0023    -0.0008    27.2975    27.2958     86.173     86.297    1481.46    1481.46     6.2236     6.3101    92.9490    94.2390  0.000e+00
      43299     87.500     7.3852     7.3853    3.56026    3.56015          1     3.5178     3.2761      48.90      0.410     0.3249     0.2005  1.000e-12  0.9159000    34.9148    34.9135    -0.0013     0.0001    27.2973    27.2962     86.669     86.792    1481.47    1481.47     6.2189     6.3110    92.8780    94.2530  0.000e+00
      43324     88.000     7.3855     7.3861    3.56031    3.56028          1     3.5172     3.2761      48.47      0.454     0.3315     0.1995  1.000e-12  0.9454000    34.9147    34.9138    -0.0009     0.0006    27.2972    27.2964     87.164     87.288    1481.48    1481.48     6.2245     6.3152    92.9630    94.3180  0.000e+00
      43348     88.500     7.3852     7.3853    3.56026    3.56015          1     3.5180     3.2761      47.97      0.487     0.3117     0.2371  1.000e-12  0.9495000    34.9143    34.9130    -0.0013     0.0001    27.2969    27.2958     87.659     87.784    1481.49    1481.49     6.2269     6.3140    92.9980    94.2980  0.000e+00
      43372     89.000     7.3862     7.3862    3.56047    3.56035          1     3.5181     3.2757      47.49      0.499     0.3179     0.2141  1.000e-12  0.8939000    34.9153    34.9140    -0.0013    -0.0000    27.2975    27.2965     88.154     88.279    1481.50    1481.50     6.2245     6.3156    92.9650    94.3240  0.000e+00
      43393     89.500     7.3865     7.3868    3.56054    3.56047          1     3.5180     3.2760      47.01      0.530     0.3203     0.1771  1.000e-12  0.9137000    34.9155    34.9145    -0.0010     0.0003    27.2976    27.2968     88.649     88.775    1481.51    1481.51     6.2230     6.3180    92.9420    94.3610  0.000e+00
      43413     90.000     7.3859     7.3853    3.56047    3.56026          1     3.5172     3.2761      46.52      0.574     0.3147     0.1905  1.000e-12  0.9512000    34.9152    34.9134    -0.0018    -0.0005    27.2975    27.2961     89.144     89.271    1481.51    1481.51     6.2236     6.3178    92.9500    94.3540  0.000e+00
      43434     90.500     7.3839     7.3836    3.56018    3.56004          1     3.5177     3.2761      46.01      0.592     0.3186     0.2180  1.000e-12  0.9565000    34.9137    34.9126    -0.0012    -0.0003    27.2966    27.2957     89.639     89.767    1481.51    1481.51     6.2278     6.3188    93.0070    94.3660  0.000e+00
      43466     91.000     7.3857     7.3855    3.56049    3.56032          1     3.5176     3.2762      45.39      0.448     0.3263     0.2248  1.000e-12  0.9655000    34.9151    34.9134    -0.0017    -0.0002    27.2974    27.2961     90.135     90.262    1481.53    1481.53     6.2232     6.3162    92.9430    94.3300  0.000e+00
      43504     91.500     7.3855     7.3862    3.56048    3.56043          1     3.5166     3.2752      44.88      0.289     0.3205     0.2215  1.000e-12  0.8745000    34.9149    34.9137    -0.0012     0.0007    27.2973    27.2962     90.630     90.758    1481.54    1481.54     6.2229     6.3103    92.9380    94.2450  0.000e+00
      43527     92.000     7.3870     7.3868    3.56072    3.56056          1     3.5165     3.2748      44.49      0.408     0.3207     0.2329  1.000e-12  0.8970000    34.9158    34.9142    -0.0016    -0.0002    27.2978    27.2966     91.125     91.254    1481.55    1481.55     6.2234     6.3148    92.9490    94.3140  0.000e+00
      43545     92.500     7.3864     7.3863    3.56063    3.56049          1     3.5164     3.2749      44.07      0.554     0.3213     0.2692  1.000e-12  0.9518000    34.9151    34.9138    -0.0013    -0.0001    27.2973    27.2963     91.620     91.750    1481.56    1481.55     6.2232     6.3163    92.9440    94.3340  0.000e+00
      43562     93.000     7.3841     7.3840    3.56030    3.56016          1     3.5162     3.2749      43.64      0.666     0.3251     0.1933  1.000e-12  0.9494000    34.9137    34.9122    -0.0015    -0.0001    27.2965    27.2954     92.115     92.245    1481.56    1481.55     6.2238     6.3136    92.9480    94.2870  0.000e+00
      43578     93.500     7.3845     7.3844    3.56041    3.56023          1     3.5161     3.2744      43.17      0.735     0.3328     0.1911  1.000e-12  0.9451000    34.9141    34.9124    -0.0018    -0.0001    27.2968    27.2954     92.610     92.741    1481.56    1481.56     6.2257     6.3098    92.9770    94.2320  0.000e+00
      43596     94.000     7.3864     7.3863    3.56069    3.56055          1     3.5166     3.2738      42.62      0.722     0.3332     0.1946  1.000e-12  1.1249000    34.9151    34.9137    -0.0015    -0.0001    27.2973    27.2962     93.105     93.237    1481.58    1481.58     6.2276     6.3114    93.0100    94.2620  0.000e+00
      43625     94.500     7.3872     7.3873    3.56085    3.56070          1     3.5165     3.2736      41.97      0.514     0.3256     0.2159  1.000e-12  0.9177000    34.9157    34.9140    -0.0017     0.0001    27.2977    27.2963     93.601     93.733    1481.59    1481.59     6.2237     6.3111    92.9550    94.2580  0.000e+00
      43667     95.000     7.3881     7.3900    3.56100    3.56116          1     3.5148     3.2729      41.39      0.262     0.3266     0.2199  1.000e-12  0.8102000    34.9163    34.9160    -0.0003     0.0020    27.2980    27.2975     94.096     94.228    1481.61    1481.61     6.2174     6.3128    92.8620    94.2920  0.000e+00
      43692     95.500     7.3974     7.3990    3.56248    3.56259          1     3.5141     3.2732      40.99      0.375     0.3211     0.2361  1.000e-12  0.8657000    34.9227    34.9223    -0.0003     0.0015    27.3017    27.3012     94.591     94.724    1481.66    1481.66     6.2181     6.3154    92.8980    94.3530  0.000e+00
      43711     96.000     7.4029     7.4021    3.56332    3.56310          1     3.5140     3.2737      40.48      0.539     0.3200     0.2019  1.000e-12  0.9602000    34.9261    34.9246    -0.0015    -0.0009    27.3036    27.3025     95.086     95.220    1481.69    1481.69     6.2191     6.3147    92.9250    94.3510  0.000e+00
      43729     96.500     7.4000     7.4002    3.56291    3.56284          1     3.5143     3.2735      39.93      0.645     0.3213     0.1805  1.000e-12  1.0923000    34.9243    34.9233    -0.0010     0.0003    27.3026    27.3018     95.581     95.716    1481.68    1481.68     6.2203     6.3079    92.9350    94.2450  0.000e+00
      43751     97.000     7.4022     7.4041    3.56330    3.56344          1     3.5140     3.2726      39.52      0.624     0.3208     0.2351  1.000e-12  1.2545000    34.9260    34.9257    -0.0003     0.0019    27.3036    27.3031     96.076     96.211    1481.70    1481.71     6.2196     6.3053    92.9320    94.2150  0.000e+00
      43778     97.500     7.4066     7.4083    3.56393    3.56403          1     3.5143     3.2719      39.08      0.480     0.3220     0.2385  1.000e-12  1.0385000    34.9283    34.9277    -0.0005     0.0017    27.3048    27.3041     96.571     96.707    1481.73    1481.74     6.2224     6.3036    92.9840    94.2010  0.000e+00
