ctdpy/tests/etc/exprapp_feb_2020/SBE09_1387_20200207_1442_77_10_0122.cnv
* Sea-Bird SBE 9 Data File:
* FileName = L:\2020\sv20d0122.hex
* Software Version Seasave V 7.26.7.121
* Temperature SN = 6378
* Conductivity SN = 4824
* Number of Bytes Per Scan = 41
* Number of Voltage Words = 4
* Number of Scans Averaged by the Deck Unit = 1
* NMEA Latitude = 56 40.11 N
* NMEA Longitude = 012 06.64 E
* NMEA UTC (Time) = Feb 07 2020  14:42:29
* NMEA baud rate = 4800
** Station:  Anholt E
** Operator:  DBSj/SSip
** Ship: SVEA
** Average sound velocity: 1471.50 m/s
** True-depth calculation Fri, 07 Feb 2020 16:43:40 +0000
** CTD Python Module SMHI /ver 3-12/ feb 2012 
** LIMS Job: 20207710-0122
** Cruise: SMHI-03-2020
** Latitude [GG MM.mm N] :
** Longitude [GGG MM.mm E]:
# nquan = 30
# nvalues = 118                         
# units = specified
# name 0 = scan: Scan Count
# name 1 = prDM: Pressure, Digiquartz [db]
# name 2 = t090C: Temperature [ITS-90, deg C]
# name 3 = t190C: Temperature, 2 [ITS-90, deg C]
# name 4 = c0S/m: Conductivity [S/m]
# name 5 = c1S/m: Conductivity, 2 [S/m]
# name 6 = pumps: Pump Status
# name 7 = sbeox0V: Oxygen raw, SBE 43 [V]
# name 8 = sbeox1V: Oxygen raw, SBE 43, 2 [V]
# name 9 = altM: Altimeter [m]
# name 10 = dz/dtM: Descent Rate [m/s]
# name 11 = flECO-AFL: Chl-a Fluorescence, WET Labs ECO-AFL/FL [mg/m^3]
# name 12 = flECO-AFL1: Phycocyanin Fluorescence, WET Labs ECO-AFL/FL, 2 [mg/m^3]
# name 13 = par: PAR/Irradiance, Biospherical/Lico [µE/(cm^2*s)]
# name 14 = turbWETntu0: Turbidity, WET Labs ECO [NTU]
# name 15 = sal00: Salinity, Practical [PSU]
# name 16 = sal11: Salinity, Practical, 2 [PSU]
# name 17 = secS-priS: Salinity, Practical, Difference, 2 - 1 [PSU]
# name 18 = T2-T190C: Temperature Difference, 2 - 1 [ITS-90, deg C]
# name 19 = sigma-t00: Density [sigma-t, kg/m^3 ]
# name 20 = sigma-t11: Density, 2 [sigma-t, kg/m^3 ]
# name 21 = depSM: Depth [salt water, m], lat = 56.6685
# name 22 = depFM: Depth [true depth, m], lat = 56.6685
# name 23 = svCM: Sound Velocity [Chen-Millero, m/s]
# name 24 = svCM1: Sound Velocity, 2 [Chen-Millero, m/s]
# name 25 = sbeox0ML/L: Oxygen, SBE 43 [ml/l], WS = 2
# name 26 = sbeox1ML/L: Oxygen, SBE 43, 2 [ml/l], WS = 2
# name 27 = sbeox0PS: Oxygen, SBE 43 [% saturation], WS = 2
# name 28 = sbeox1PS: Oxygen, SBE 43, 2 [% saturation], WS = 2
# name 29 = flag: flag
# span 0 =      62032,      66313       
# span 1 =      2.000,     60.500       
# span 2 =     5.2062,     7.6819       
# span 3 =     5.2061,     7.6819       
# span 4 =   2.516728,   3.352257       
# span 5 =   2.516765,   3.352186       
# span 6 =          1,          1       
# span 7 =     3.1839,     3.6550       
# span 8 =     2.9724,     3.4031       
# span 9 =       1.75,      97.88       
# span 10 =     -0.070,      0.441      
# span 11 =     0.2932,     1.8175      
# span 12 =     0.1665,     0.5079      
# span 13 = -6.969e-05, 6.8399e+00      
# span 14 =     0.3255,     2.1685      
# span 15 =    25.4062,    32.5993      
# span 16 =    25.4067,    32.5986      
# span 17 =    -0.0067,     0.1045      
# span 18 =    -0.0107,     0.0469      
# span 19 =    20.0602,    25.4656      
# span 20 =    20.0607,    25.4650      
# span 21 =      1.982,     59.937      
# span 22 =      1.997,     60.212      
# span 23 =    1459.43,    1478.42      
# span 24 =    1459.43,    1478.42      
# span 25 =     5.4515,     7.2736      
# span 26 =     5.4799,     7.3855      
# span 27 =     80.511,     97.129      
# span 28 =     80.625,     98.493      
# span 29 = 0.0000e+00, 0.0000e+00      
# interval = decibars: 0.5              
# start_time = Feb 07 2020 14:42:29 [NMEA time, first data scan]
# bad_flag = -9.990e-29
*END*
[from data line 97]
      65367     50.500     7.4489     7.4491    3.34747    3.34745          1     3.2541     3.0339      11.76      0.431     0.3293     0.1665  1.000e-12  1.7536000    32.5617    32.5613    -0.0004     0.0002    25.4373    25.4370     50.031     50.280    1478.17    1478.17     5.6860     5.7672    83.7410    84.9370  0.000e+00
      65396     51.000     7.4491     7.4492    3.34763    3.34756          1     3.2534     3.0329      11.25      0.424     0.3335     0.2061  1.000e-12  1.8030000    32.5629    32.5621    -0.0008     0.0001    25.4383    25.4377     50.527     50.776    1478.18    1478.18     5.6825     5.7661    83.6910    84.9220  0.000e+00
      65425     51.500     7.4496     7.4502    3.34796    3.34820          1     3.2527     3.0321      10.73      0.416     0.3311     0.2184  1.000e-12  1.7757000    32.5658    32.5678     0.0020     0.0006    25.4405    25.4420     51.022     51.273    1478.20    1478.20     5.6810     5.7644    83.6710    84.9020  0.000e+00
      65453     52.000     7.4515     7.4515    3.34895    3.34885          1     3.2512     3.0318      10.27      0.413     0.3016     0.2468  1.000e-12  1.8513000    32.5745    32.5734    -0.0011     0.0000    25.4471    25.4462     51.517     51.770    1478.22    1478.22     5.6756     5.7684    83.6000    84.9670  0.000e+00
      65481     52.500     7.4517     7.4514    3.34901    3.34878          1     3.2502     3.0319       9.76      0.425     0.3204     0.2474  1.000e-12  1.8686000    32.5747    32.5726    -0.0022    -0.0003    25.4472    25.4456     52.013     52.266    1478.23    1478.23     5.6747     5.7667    83.5870    84.9400  0.000e+00
      65509     53.000     7.4532     7.4528    3.34987    3.34960          1     3.2493     3.0307       9.25      0.434     0.3168     0.2362  1.000e-12  1.8912000    32.5824    32.5798    -0.0026    -0.0003    25.4531    25.4510     52.508     52.763    1478.26    1478.25     5.6761     5.7548    83.6150    84.7730  0.000e+00
      65543     53.500     7.4533     7.4532    3.34999    3.34985          1     3.2496     3.0287       8.63      0.374     0.3333     0.2028  1.000e-12  1.8669000    32.5833    32.5820    -0.0013    -0.0002    25.4537    25.4527     53.003     53.259    1478.27    1478.27     5.6778     5.7567    83.6400    84.8020  0.000e+00
      65589     54.000     7.4533     7.4532    3.34998    3.34984          1     3.2492     3.0293       8.10      0.265     0.3172     0.2393  1.000e-12  1.9317000    32.5829    32.5815    -0.0014    -0.0002    25.4534    25.4524     53.499     53.756    1478.27    1478.27     5.6767     5.7659    83.6240    84.9370  0.000e+00
      65640     54.500     7.4535     7.4534    3.35005    3.34995          1     3.2486     3.0299       7.65      0.235     0.3121     0.2555  1.000e-12  1.8378000    32.5833    32.5824    -0.0009    -0.0001    25.4537    25.4530     53.994     54.253    1478.28    1478.28     5.6740     5.7693    83.5840    84.9870  0.000e+00
      65692     55.000     7.4543     7.4540    3.35042    3.35029          1     3.2473     3.0300       7.15      0.230     0.3199     0.2230  1.000e-12  1.9263000    32.5864    32.5852    -0.0012    -0.0002    25.4560    25.4551     54.489     54.749    1478.30    1478.30     5.6705     5.7584    83.5370    84.8310  0.000e+00
      65744     55.500     7.4554     7.4546    3.35097    3.35057          1     3.2463     3.0280       6.64      0.232     0.3325     0.2256  1.000e-12  1.8971000    32.5910    32.5874    -0.0035    -0.0008    25.4595    25.4568     54.984     55.246    1478.32    1478.31     5.6705     5.7589    83.5410    84.8400  0.000e+00
      65796     56.000     7.4562     7.4559    3.35134    3.35115          1     3.2463     3.0278       6.19      0.229     0.3337     0.2034  1.000e-12  1.9703000    32.5939    32.5923    -0.0017    -0.0003    25.4617    25.4604     55.480     55.743    1478.33    1478.33     5.6716     5.7566    83.5600    84.8110  0.000e+00
      65849     56.500     7.4569     7.4565    3.35158    3.35137          1     3.2458     3.0274       5.74      0.228     0.3321     0.2476  1.000e-12  2.0447000    32.5956    32.5939    -0.0018    -0.0004    25.4629    25.4616     55.975     56.239    1478.34    1478.34     5.6697     5.7586    83.5350    84.8430  0.000e+00
      65901     57.000     7.4569     7.4571    3.35161    3.35158          1     3.2456     3.0267       5.23      0.227     0.3303     0.2381  1.000e-12  2.0504000    32.5957    32.5953    -0.0005     0.0002    25.4630    25.4626     56.470     56.736    1478.35    1478.35     5.6696     5.7576    83.5340    84.8300  0.000e+00
      65954     57.500     7.4573     7.4572    3.35173    3.35164          1     3.2447     3.0262      59.81      0.230     0.3429     0.2142  1.000e-12  2.0597000    32.5965    32.5955    -0.0010    -0.0000    25.4636    25.4628     56.966     57.232    1478.36    1478.36     5.6668     5.7567    83.4930    84.8170  0.000e+00
      66006     58.000     7.4576     7.4574    3.35184    3.35169          1     3.2446     3.0267      71.97      0.229     0.3415     0.2655  1.000e-12  2.0119000    32.5972    32.5957    -0.0015    -0.0002    25.4641    25.4629     57.461     57.729    1478.37    1478.37     5.6708     5.7571    83.5530    84.8240  0.000e+00
      66061     58.500     7.4573     7.4571    3.35177    3.35161          1     3.2454     3.0250       5.49      0.216     0.3283     0.2250  1.000e-12  2.0784000    32.5964    32.5949    -0.0015    -0.0002    25.4635    25.4623     57.956     58.226    1478.38    1478.38     5.6719     5.7482    83.5680    84.6910  0.000e+00
      66125     59.000     7.4580     7.4577    3.35197    3.35182          1     3.2438     3.0243       3.29      0.186     0.3325     0.2169  1.000e-12  2.0154000    32.5977    32.5963    -0.0014    -0.0003    25.4644    25.4633     58.451     58.722    1478.39    1478.39     5.6623     5.7540    83.4280    84.7790  0.000e+00
      66186     59.500     7.4584     7.4584    3.35209    3.35201          1     3.2417     3.0232       2.77      0.198     0.3180     0.1955  1.000e-12  2.1685000    32.5984    32.5976    -0.0008    -0.0000    25.4649    25.4643     58.947     59.219    1478.40    1478.40     5.6627     5.7488    83.4360    84.7050  0.000e+00
      66250     60.000     7.4586     7.4584    3.35219    3.35202          1     3.2431     3.0249       2.24      0.183     0.3275     0.2485  1.000e-12  2.0906000    32.5990    32.5974    -0.0016    -0.0002    25.4653    25.4642     59.442     59.716    1478.41    1478.41     5.6685     5.7614    83.5220    84.8900  0.000e+00
      66313     60.500     7.4588     7.4588    3.35226    3.35219          1     3.2432     3.0259       1.75      0.195     0.3305     0.2683  1.000e-12  2.0714000    32.5993    32.5986    -0.0008     0.0000    25.4656    25.4650     59.937     60.212    1478.42    1478.42     5.6682     5.7528    83.5180    84.7630  0.000e+00
