ctdpy/tests/etc/exprapp_feb_2020/SBE09_1387_20200208_0304_77_10_0124.cnv
* Sea-Bird SBE 9 Data File:
* FileName = L:\2020\sv20d0124.hex
* Software Version Seasave V 7.26.7.121
* Temperature SN = 6378
* Conductivity SN = 4824
* Number of Bytes Per Scan = 41
* Number of Voltage Words = 4
* Number of Scans Averaged by the Deck Unit = 1
* NMEA Latitude = 55 16.34 N
* NMEA Longitude = 012 34.28 E
* NMEA UTC (Time) = Feb 08 2020  03:03:59
* NMEA baud rate = 4800
** Station:  441 STEVNS KLINT
** Operator:  DBSj
** Ship: SVEA
** Average sound velocity: 1440.21 m/s
** True-depth calculation Sat, 08 Feb 2020 03:42:34 +0000
** CTD Python Module SMHI /ver 3-12/ feb 2012 
** LIMS Job: 20207710-0124
** Cruise: SMHI-03-2020
** Latitude [GG MM.mm N] :
** Longitude [GGG MM.mm E]:
# nquan = 30
# nvalues = 41                          
# units = specified
# name 0 = scan: Scan Count
# name 1 = prDM: Pressure, Digiquartz [db]
# name 2 = t090C: Temperature [ITS-90, deg C]
# name 3 = t190C: Temperature, 2 [ITS-90, deg C]
# name 4 = c0S/m: Conductivity [S/m]
# name 5 = c1S/m: Conductivity, 2 [S/m]
# name 6 = pumps: Pump Status
# name 7 = sbeox0V: Oxygen raw, SBE 43 [V]
# name 8 = sbeox1V: Oxygen raw, SBE 43, 2 [V]
# name 9 = altM: Altimeter [m]
# name 10 = dz/dtM: Descent Rate [m/s]
# name 11 = flECO-AFL: Chl-a Fluorescence, WET Labs ECO-AFL/FL [mg/m^3]
# name 12 = flECO-AFL1: Phycocyanin Fluorescence, WET Labs ECO-AFL/FL, 2 [mg/m^3]
# name 13 = par: PAR/Irradiance, Biospherical/Lico [µE/(cm^2*s)]
# name 14 = turbWETntu0: Turbidity, WET Labs ECO [NTU]
# name 15 = sal00: Salinity, Practical [PSU]
# name 16 = sal11: Salinity, Practical, 2 [PSU]
# name 17 = secS-priS: Salinity, Practical, Difference, 2 - 1 [PSU]
# name 18 = T2-T190C: Temperature Difference, 2 - 1 [ITS-90, deg C]
# name 19 = sigma-t00: Density [sigma-t, kg/m^3 ]
# name 20 = sigma-t11: Density, 2 [sigma-t, kg/m^3 ]
# name 21 = depSM: Depth [salt water, m], lat = 55.2723
# name 22 = depFM: Depth [true depth, m], lat = 55.2723
# name 23 = svCM: Sound Velocity [Chen-Millero, m/s]
# name 24 = svCM1: Sound Velocity, 2 [Chen-Millero, m/s]
# name 25 = sbeox0ML/L: Oxygen, SBE 43 [ml/l], WS = 2
# name 26 = sbeox1ML/L: Oxygen, SBE 43, 2 [ml/l], WS = 2
# name 27 = sbeox0PS: Oxygen, SBE 43 [% saturation], WS = 2
# name 28 = sbeox1PS: Oxygen, SBE 43, 2 [% saturation], WS = 2
# name 29 = flag: flag
# span 0 =      21514,      24143       
# span 1 =      1.500,     21.500       
# span 2 =     5.0736,     5.5827       
# span 3 =     5.0665,     5.5929       
# span 4 =   1.030774,   1.267518       
# span 5 =   1.030847,   1.273967       
# span 6 =          1,          1       
# span 7 =     3.5032,     3.5998       
# span 8 =     3.2656,     3.3558       
# span 9 =       1.85,      21.95       
# span 10 =     -0.143,      0.505      
# span 11 =     0.5430,     0.9038      
# span 12 =     0.2040,     0.3606      
# span 13 = -4.692e-05, 1.5537e+00      
# span 14 =     0.1776,     0.3691      
# span 15 =     9.6330,    11.9012      
# span 16 =     9.6339,    11.9631      
# span 17 =    -0.0003,     0.1584      
# span 18 =    -0.0131,     0.1117      
# span 19 =     7.6078,     9.3769      
# span 20 =     7.6086,     9.4251      
# span 21 =      1.486,     21.305      
# span 22 =      1.516,     21.728      
# span 23 =    1439.42,    1444.27      
# span 24 =    1439.42,    1444.39      
# span 25 =     7.5013,     7.9402      
# span 26 =     7.6275,     8.0671      
# span 27 =     92.210,     95.221      
# span 28 =     93.729,     96.743      
# span 29 = 0.0000e+00, 0.0000e+00      
# interval = decibars: 0.5              
# start_time = Feb 08 2020 03:04:00 [NMEA time, first data scan]
# bad_flag = -9.990e-29
*END*
      21514      1.500     5.1971     5.1964    1.03077    1.03085          1     3.5996     3.3558      21.95     -0.143     0.9038     0.3071  1.552e+00  0.2185000     9.6330     9.6339     0.0009    -0.0006     7.6078     7.6086      1.486      1.516    1439.42    1439.42     7.9345     8.0666    95.1540    96.7370  0.000e+00
      22203      2.000     5.1962     5.1961    1.03078    1.03087          1     3.5995     3.3546      21.50      0.085     0.8805     0.3075  1.554e+00  0.2402000     9.6332     9.6341     0.0009    -0.0002     7.6081     7.6088      1.982      2.022    1439.42    1439.43     7.9325     8.0663    95.1280    96.7330  0.000e+00
      22232      2.500     5.1966     5.1964    1.03081    1.03089          1     3.5995     3.3554      21.52      0.358     0.8555     0.3018  1.324e+00  0.2506000     9.6333     9.6342     0.0009    -0.0002     7.6081     7.6088      2.477      2.527    1439.43    1439.43     7.9340     8.0639    95.1460    96.7040  0.000e+00
      22261      3.000     5.1982     5.1975    1.03086    1.03093          1     3.5997     3.3551      21.10      0.413     0.8813     0.2999  1.011e+00  0.2503000     9.6333     9.6342     0.0009    -0.0007     7.6080     7.6088      2.973      3.033    1439.45    1439.45     7.9345     8.0613    95.1560    96.6750  0.000e+00
      22290      3.500     5.2006     5.1990    1.03094    1.03099          1     3.5996     3.3554      20.57      0.408     0.8816     0.3269  8.285e-01  0.2568000     9.6333     9.6342     0.0009    -0.0016     7.6079     7.6087      3.468      3.538    1439.47    1439.46     7.9336     8.0625    95.1510    96.6940  0.000e+00
      22314      4.000     5.1992     5.1998    1.03091    1.03102          1     3.5998     3.3549      19.37      0.456     0.8759     0.3270  7.034e-01  0.2641000     9.6333     9.6342     0.0009     0.0006     7.6080     7.6087      3.964      4.043    1439.47    1439.47     7.9348     8.0510    95.1620    96.5580  0.000e+00
      22340      4.500     5.1963     5.1962    1.03084    1.03093          1     3.5996     3.3538      18.80      0.501     0.8767     0.3274  5.046e-01  0.2613000     9.6334     9.6343     0.0009    -0.0001     7.6082     7.6089      4.459      4.549    1439.47    1439.47     7.9344     8.0558    95.1500    96.6070  0.000e+00
      22369      5.000     5.1961     5.1960    1.03085    1.03094          1     3.5993     3.3539      18.84      0.415     0.8916     0.3371  3.772e-01  0.2523000     9.6334     9.6343     0.0009    -0.0001     7.6082     7.6090      4.955      5.054    1439.47    1439.47     7.9339     8.0575    95.1440    96.6270  0.000e+00
      22394      5.500     5.1961     5.1960    1.03086    1.03095          1     3.5989     3.3534      18.52      0.440     0.8668     0.3484  3.340e-01  0.2439000     9.6334     9.6343     0.0009    -0.0001     7.6082     7.6090      5.450      5.560    1439.48    1439.48     7.9315     8.0604    95.1150    96.6620  0.000e+00
      22418      6.000     5.1962     5.1961    1.03087    1.03096          1     3.5985     3.3540      17.86      0.505     0.8744     0.3247  2.298e-01  0.2604000     9.6334     9.6343     0.0009    -0.0001     7.6082     7.6090      5.946      6.065    1439.49    1439.49     7.9326     8.0671    95.1280    96.7410  0.000e+00
      22445      6.500     5.1963     5.1962    1.03090    1.03098          1     3.5983     3.3542      17.43      0.456     0.8616     0.3243  1.994e-01  0.2529000     9.6337     9.6345     0.0008    -0.0001     7.6084     7.6091      6.441      6.571    1439.50    1439.50     7.9332     8.0626    95.1360    96.6880  0.000e+00
      22470      7.000     5.1964     5.1964    1.03092    1.03100          1     3.5982     3.3540      16.97      0.462     0.8675     0.3249  1.596e-01  0.2491000     9.6337     9.6346     0.0009    -0.0001     7.6084     7.6091      6.937      7.076    1439.51    1439.51     7.9337     8.0572    95.1430    96.6230  0.000e+00
      22497      7.500     5.1963     5.1962    1.03100    1.03114          1     3.5980     3.3532      16.45      0.465     0.8778     0.3362  1.222e-01  0.2542000     9.6345     9.6359     0.0015    -0.0001     7.6090     7.6102      7.432      7.581    1439.51    1439.52     7.9328     8.0550    95.1320    96.5980  0.000e+00
      22524      8.000     5.1956     5.1959    1.03119    1.03116          1     3.5980     3.3528      15.94      0.436     0.8708     0.3606  7.899e-02  0.2553000     9.6365     9.6361    -0.0003     0.0003     7.6107     7.6104      7.928      8.087    1439.52    1439.52     7.9371     8.0534    95.1830    96.5780  0.000e+00
      22550      8.500     5.1941     5.1943    1.03179    1.03181          1     3.5985     3.3518      15.46      0.459     0.8822     0.3493  5.993e-02  0.2565000     9.6429     9.6431     0.0002     0.0002     7.6158     7.6160      8.423      8.592    1439.53    1439.53     7.9393     8.0524    95.2100    96.5670  0.000e+00
      22577      9.000     5.1940     5.1939    1.03189    1.03197          1     3.5989     3.3517      14.93      0.456     0.8830     0.3246  2.366e-02  0.2703000     9.6438     9.6447     0.0008    -0.0001     7.6166     7.6172      8.918      9.098    1439.54    1439.54     7.9402     8.0575    95.2210    96.6280  0.000e+00
      22606      9.500     5.1946     5.1947    1.03175    1.03181          1     3.5987     3.3520      14.41      0.428     0.8774     0.3252  8.361e-03  0.2554000     9.6422     9.6428     0.0006     0.0001     7.6152     7.6157      9.414      9.603    1439.55    1439.55     7.9326     8.0660    95.1300    96.7310  0.000e+00
      22640     10.000     5.1950     5.1945    1.03159    1.03184          1     3.5972     3.3530      13.84      0.359     0.8781     0.3168 -4.692e-05  0.2513000     9.6404     9.6430     0.0026    -0.0005     7.6138     7.6159      9.909     10.108    1439.56    1439.56     7.9293     8.0670    95.0910    96.7430  0.000e+00
      22674     10.500     5.1929     5.1931    1.03224    1.03225          1     3.5963     3.3529      13.31      0.347     0.8804     0.3204  3.482e-13  0.2584000     9.6474     9.6475     0.0001     0.0002     7.6195     7.6195     10.405     10.614    1439.56    1439.56     7.9320     8.0549    95.1220    96.5960  0.000e+00
      22707     11.000     5.1921     5.1914    1.03267    1.03292          1     3.5964     3.3513      12.72      0.371     0.8749     0.3352  1.000e-12  0.2494000     9.6519     9.6547     0.0028    -0.0007     7.6230     7.6253     10.900     11.119    1439.57    1439.57     7.9326     8.0510    95.1310    96.5510  0.000e+00
      22741     11.500     5.1915     5.1909    1.03283    1.03303          1     3.5965     3.3513      12.27      0.354     0.8812     0.3252  1.000e-12  0.2449000     9.6537     9.6558     0.0021    -0.0005     7.6245     7.6262     11.396     11.625    1439.58    1439.58     7.9338     8.0599    95.1450    96.6570  0.000e+00
      22775     12.000     5.1907     5.1891    1.03304    1.03343          1     3.5959     3.3507      11.82      0.351     0.8946     0.2908  1.000e-12  0.2755000     9.6559     9.6603     0.0044    -0.0015     7.6262     7.6298     11.891     12.130    1439.59    1439.59     7.9287     8.0444    95.0820    96.4700  0.000e+00
      22808     12.500     5.1893     5.1887    1.03347    1.03367          1     3.5947     3.3484      11.29      0.366     0.8890     0.3277  1.000e-12  0.2618000     9.6605     9.6628     0.0022    -0.0006     7.6300     7.6318     12.387     12.636    1439.60    1439.60     7.9273     8.0432    95.0660    96.4550  0.000e+00
      22843     13.000     5.1837     5.1793    1.03475    1.03548          1     3.5944     3.3486      10.81      0.343     0.8899     0.3368  1.000e-12  0.2557000     9.6750     9.6837     0.0087    -0.0045     7.6417     7.6488     12.882     13.141    1439.60    1439.59     7.9284     8.0558    95.0740    96.5980  0.000e+00
      22878     13.500     5.1677     5.1617    1.03807    1.03934          1     3.5935     3.3486      10.27      0.343     0.8543     0.3277  1.000e-12  0.2793000     9.7130     9.7276     0.0146    -0.0060     7.6725     7.6843     13.378     13.646    1439.58    1439.58     7.9206     8.0481    94.9670    96.4900  0.000e+00
      22913     14.000     5.1511     5.1506    1.04141    1.04159          1     3.5904     3.3458       9.69      0.337     0.8449     0.3028  1.000e-12  0.2996000     9.7516     9.7535     0.0019    -0.0005     7.7038     7.7053     13.873     14.152    1439.57    1439.57     7.9139     8.0284    94.8710    96.2440  0.000e+00
      22948     14.500     5.1338     5.1333    1.04469    1.04486          1     3.5899     3.3446       8.92      0.349     0.7956     0.3024  1.000e-12  0.3050000     9.7896     9.7915     0.0019    -0.0005     7.7347     7.7362     14.368     14.657    1439.55    1439.55     7.9260     8.0452    94.9990    96.4280  0.000e+00
      22988     15.000     5.0863     5.0731    1.05115    1.05316          1     3.5903     3.3443       8.64      0.303     0.7609     0.3261  1.000e-12  0.3395000     9.8689     9.8932     0.0242    -0.0131     7.7997     7.8195     14.864     15.162    1439.45    1439.43     7.9336     8.0516    95.0260    96.4240  0.000e+00
      23031     15.500     5.0736     5.0665    1.05630    1.05859          1     3.5896     3.3434       8.19      0.283     0.7295     0.3262  1.000e-12  0.3456000     9.9247     9.9500     0.0253    -0.0071     7.8444     7.8647     15.359     15.668    1439.48    1439.48     7.9249     8.0448    94.9280    96.3630  0.000e+00
      23083     16.000     5.0773     5.0856    1.05897    1.06092          1     3.5880     3.3408       7.62      0.229     0.7256     0.2919  1.000e-12  0.3691000     9.9507     9.9679     0.0173     0.0083     7.8647     7.8780     15.855     16.173    1439.53    1439.59     7.9184     8.0238    94.8750    96.1690  0.000e+00
      23144     16.500     5.0949     5.1368    1.06458    1.07152          1     3.5847     3.3335       7.10      0.195     0.6906     0.2765  1.000e-12  0.3417000    10.0021    10.0598     0.0577     0.0419     7.9045     7.9481     16.350     16.678    1439.68    1439.94     7.8970     7.9215    94.6930    95.1230  0.000e+00
      23211     17.000     5.1745     5.2862    1.07770    1.09672          1     3.5659     3.3117       6.61      0.175     0.6415     0.2754  1.000e-12  0.2562000    10.1108    10.2692     0.1584     0.1117     7.9865     8.1059     16.846     17.184    1440.17    1440.86     7.7798     7.8513    93.5410    94.7670  0.000e+00
      23277     17.500     5.3063     5.3278    1.10402    1.11331          1     3.5489     3.3041       6.07      0.181     0.6235     0.2955  1.000e-12  0.2298000    10.3368    10.4240     0.0872     0.0215     8.1582     8.2259     17.341     17.689    1441.04    1441.24     7.7179     7.8170    93.2460    94.5490  0.000e+00
      23344     18.000     5.3873     5.4008    1.13271    1.13727          1     3.5359     3.2945       5.56      0.186     0.5784     0.2733  1.000e-12  0.2025000    10.6012    10.6431     0.0419     0.0135     8.3626     8.3949     17.837     18.194    1441.73    1441.84     7.6624     7.7687    92.9260    94.2740  0.000e+00
      23407     18.500     5.4362     5.4422    1.15563    1.15923          1     3.5307     3.2898       5.06      0.187     0.5566     0.2889  1.000e-12  0.2026000    10.8173    10.8518     0.0344     0.0060     8.5305     8.5573     18.332     18.699    1442.23    1442.29     7.6387     7.7548    92.8860    94.3330  0.000e+00
      23467     19.000     5.4560     5.4538    1.17108    1.17199          1     3.5287     3.2890       4.56      0.197     0.5561     0.2881  1.000e-12  0.1939000    10.9670    10.9769     0.0099    -0.0022     8.6475     8.6554     18.827     19.204    1442.51    1442.51     7.6286     7.7470    92.9010    94.3450  0.000e+00
      23532     19.500     5.4534     5.4513    1.18135    1.18389          1     3.5277     3.2875       4.03      0.190     0.5529     0.2434  1.000e-12  0.1776000    11.0718    11.0981     0.0263    -0.0020     8.7303     8.7512     19.323     19.709    1442.64    1442.66     7.6212     7.7384    92.8700    94.3100  0.000e+00
      23599     20.000     5.4574     5.4601    1.19259    1.19482          1     3.5250     3.2858       3.50      0.173     0.5507     0.2415  1.000e-12  0.1782000    11.1842    11.2059     0.0217     0.0026     8.8188     8.8357     19.818     20.214    1442.81    1442.84     7.6022     7.7175    92.7170    94.1420  0.000e+00
      23666     20.500     5.4761     5.4788    1.20214    1.20300          1     3.5228     3.2825       2.98      0.182     0.5430     0.2684  1.000e-12  0.1839000    11.2746    11.2824     0.0078     0.0026     8.8890     8.8950     20.314     20.718    1443.01    1443.03     7.5940     7.7046    92.7160    94.0770  0.000e+00
      23731     21.000     5.4943     5.5032    1.20989    1.21349          1     3.5186     3.2785       2.50      0.186     0.5443     0.2656  1.000e-12  0.2012000    11.3470    11.3805     0.0335     0.0089     8.9451     8.9710     20.809     21.223    1443.18    1443.27     7.5619     7.6664    92.4100    93.7290  0.000e+00
      24143     21.500     5.5827     5.5929    1.26752    1.27397          1     3.5032     3.2656       1.85     -0.006     0.5721     0.2040  1.000e-12  0.2320000    11.9012    11.9631     0.0619     0.0102     9.3769     9.4251     21.305     21.728    1444.27    1444.39     7.5013     7.6275    92.2100    93.8240  0.000e+00
