ctdpy/tests/etc/exprapp_feb_2020/SBE09_1387_20200213_0709_77_10_0145.cnv
* Sea-Bird SBE 9 Data File:
* FileName = L:\2020\sv20d0145.hex
* Software Version Seasave V 7.26.7.121
* Temperature SN = 6378
* Conductivity SN = 4824
* Number of Bytes Per Scan = 41
* Number of Voltage Words = 4
* Number of Scans Averaged by the Deck Unit = 1
* NMEA Latitude = 57 06.97 N
* NMEA Longitude = 017 40.03 E
* NMEA UTC (Time) = Feb 13 2020  07:09:48
* NMEA baud rate = 4800
** Station:  BY38
** Operator:  DBSj
** Ship: SVEA
** Average sound velocity: 1439.04 m/s
** True-depth calculation Thu, 13 Feb 2020 08:50:10 +0000
** CTD Python Module SMHI /ver 3-12/ feb 2012 
** LIMS Job: 20207710-0145
** Cruise: SMHI-02-2020
** Latitude [GG MM.mm N] :
** Longitude [GGG MM.mm E]:
# nquan = 30
# nvalues = 210                         
# units = specified
# name 0 = scan: Scan Count
# name 1 = prDM: Pressure, Digiquartz [db]
# name 2 = t090C: Temperature [ITS-90, deg C]
# name 3 = t190C: Temperature, 2 [ITS-90, deg C]
# name 4 = c0S/m: Conductivity [S/m]
# name 5 = c1S/m: Conductivity, 2 [S/m]
# name 6 = pumps: Pump Status
# name 7 = sbeox0V: Oxygen raw, SBE 43 [V]
# name 8 = sbeox1V: Oxygen raw, SBE 43, 2 [V]
# name 9 = altM: Altimeter [m]
# name 10 = dz/dtM: Descent Rate [m/s]
# name 11 = flECO-AFL: Chl-a Fluorescence, WET Labs ECO-AFL/FL [mg/m^3]
# name 12 = flECO-AFL1: Phycocyanin Fluorescence, WET Labs ECO-AFL/FL, 2 [mg/m^3]
# name 13 = par: PAR/Irradiance, Biospherical/Lico [µE/(cm^2*s)]
# name 14 = turbWETntu0: Turbidity, WET Labs ECO [NTU]
# name 15 = sal00: Salinity, Practical [PSU]
# name 16 = sal11: Salinity, Practical, 2 [PSU]
# name 17 = secS-priS: Salinity, Practical, Difference, 2 - 1 [PSU]
# name 18 = T2-T190C: Temperature Difference, 2 - 1 [ITS-90, deg C]
# name 19 = sigma-t00: Density [sigma-t, kg/m^3 ]
# name 20 = sigma-t11: Density, 2 [sigma-t, kg/m^3 ]
# name 21 = depSM: Depth [salt water, m], lat = 57.1162
# name 22 = depFM: Depth [true depth, m], lat = 57.1162
# name 23 = svCM: Sound Velocity [Chen-Millero, m/s]
# name 24 = svCM1: Sound Velocity, 2 [Chen-Millero, m/s]
# name 25 = sbeox0ML/L: Oxygen, SBE 43 [ml/l], WS = 2
# name 26 = sbeox1ML/L: Oxygen, SBE 43, 2 [ml/l], WS = 2
# name 27 = sbeox0PS: Oxygen, SBE 43 [% saturation], WS = 2
# name 28 = sbeox1PS: Oxygen, SBE 43, 2 [% saturation], WS = 2
# name 29 = flag: flag
# span 0 =      50354,      58179       
# span 1 =      2.000,    106.500       
# span 2 =     4.5720,     5.8123       
# span 3 =     4.5720,     5.8119       
# span 4 =   0.772546,   1.144791       
# span 5 =   0.772617,   1.144900       
# span 6 =          1,          1       
# span 7 =     0.7445,     3.4792       
# span 8 =     0.7304,     3.2492       
# span 9 =       1.13,      98.28       
# span 10 =     -0.202,      1.233      
# span 11 =     0.3349,     0.4688      
# span 12 =     0.1287,     0.3256      
# span 13 = 1.0000e-12, 5.1623e+01      
# span 14 =     0.1082,     1.9405      
# span 15 =     7.1972,    10.5735      
# span 16 =     7.1980,    10.5747      
# span 17 =    -0.0475,     0.2631      
# span 18 =    -0.0191,     0.0958      
# span 19 =     5.7054,     8.3163      
# span 20 =     5.7060,     8.3173      
# span 21 =      1.982,    105.494      
# span 22 =      2.026,    107.728      
# span 23 =    1433.58,    1444.93      
# span 24 =    1433.58,    1444.93      
# span 25 =     0.0528,     7.8644      
# span 26 =     0.0892,     8.0152      
# span 27 =      0.647,     91.345      
# span 28 =      1.093,     93.102      
# span 29 = 0.0000e+00, 0.0000e+00      
# interval = decibars: 0.5              
# start_time = Feb 13 2020 07:09:49 [NMEA time, first data scan]
# bad_flag = -9.990e-29
*END*
[from data line 49]
      52035     26.500     4.5742     4.5741    0.77299    0.77306          1     3.4698     3.2409      84.28      0.240     0.3717     0.1614  5.328e-01  0.1249000     7.1981     7.1988     0.0007    -0.0001     5.7060     5.7066     26.255     26.838    1433.98    1433.98     7.8611     8.0119    91.2980    93.0490  0.000e+00
      52059     27.000     4.5792     4.5805    0.77321    0.77335          1     3.4700     3.2416      83.43      0.393     0.3837     0.2371  4.843e-01  0.1230000     7.1991     7.2003     0.0011     0.0013     5.7067     5.7076     26.750     27.344    1434.01    1434.02     7.8582     8.0081    91.2770    93.0220  0.000e+00
      52077     27.500     4.5828     4.5825    0.77338    0.77346          1     3.4696     3.2413      83.02      0.552     0.3817     0.2364  4.223e-01  0.1212000     7.2000     7.2008     0.0008    -0.0003     5.7073     5.7079     27.245     27.851    1434.03    1434.03     7.8573     7.9987    91.2740    92.9170  0.000e+00
      52096     28.000     4.5824     4.5816    0.77337    0.77341          1     3.4697     3.2408      82.57      0.647     0.3701     0.1840  3.629e-01  0.1221000     7.1999     7.2005     0.0006    -0.0007     5.7072     5.7077     27.741     28.357    1434.04    1434.04     7.8615     8.0018    91.3220    92.9510  0.000e+00
      52124     28.500     4.5829     4.5821    0.77340    0.77343          1     3.4702     3.2409      81.84      0.535     0.3808     0.2033  3.237e-01  0.1279000     7.2000     7.2005     0.0005    -0.0008     5.7073     5.7077     28.236     28.864    1434.05    1434.05     7.8617     8.0045    91.3260    92.9830  0.000e+00
      52187     29.000     4.5817     4.5802    0.77333    0.77336          1     3.4692     3.2404      83.75      0.126     0.3869     0.1831  3.559e-01  0.1318000     7.1996     7.2001     0.0006    -0.0015     5.7070     5.7075     28.731     29.370    1434.05    1434.05     7.8547     8.0014    91.2420    92.9440  0.000e+00
      52207     29.500     4.5820     4.5817    0.77334    0.77341          1     3.4688     3.2401      80.85      0.382     0.3830     0.2242  3.076e-01  0.1291000     7.1995     7.2003     0.0008    -0.0002     5.7069     5.7076     29.227     29.876    1434.06    1434.06     7.8573     8.0039    91.2730    92.9760  0.000e+00
      52222     30.000     4.5816     4.5813    0.77333    0.77340          1     3.4687     3.2404      80.36      0.595     0.3791     0.2113  2.692e-01  0.1269000     7.1994     7.2002     0.0007    -0.0003     5.7069     5.7075     29.722     30.383    1434.07    1434.07     7.8551     8.0077    91.2470    93.0190  0.000e+00
      52239     30.500     4.5815     4.5814    0.77334    0.77341          1     3.4682     3.2403      79.82      0.731     0.3794     0.1995  2.386e-01  0.1217000     7.1994     7.2002     0.0008    -0.0000     5.7069     5.7075     30.217     30.889    1434.08    1434.08     7.8516     8.0078    91.2050    93.0200  0.000e+00
      52278     31.000     4.5815     4.5815    0.77334    0.77342          1     3.4678     3.2405      83.92      0.419     0.3793     0.2362  2.227e-01  0.1228000     7.1994     7.2002     0.0008     0.0001     5.7069     5.7075     30.713     31.396    1434.08    1434.08     7.8567     8.0036    91.2640    92.9710  0.000e+00
      52323     31.500     4.5814     4.5817    0.77334    0.77344          1     3.4685     3.2393      78.53      0.227     0.3809     0.2264  2.044e-01  0.1212000     7.1994     7.2003     0.0009     0.0003     5.7068     5.7076     31.208     31.902    1434.09    1434.09     7.8587     7.9919    91.2870    92.8360  0.000e+00
      52343     32.000     4.5838     4.5848    0.77347    0.77361          1     3.4680     3.2386      78.28      0.467     0.3790     0.2274  1.868e-01  0.1215000     7.2001     7.2012     0.0012     0.0010     5.7073     5.7082     31.703     32.408    1434.11    1434.12     7.8576     7.9957    91.2810    92.8890  0.000e+00
      52368     32.500     4.5853     4.5852    0.77355    0.77362          1     3.4684     3.2389      82.72      0.533     0.3746     0.2146  1.507e-01  0.1229000     7.2005     7.2012     0.0007    -0.0001     5.7076     5.7081     32.199     32.915    1434.13    1434.13     7.8609     8.0045    91.3240    92.9910  0.000e+00
      52410     33.000     4.5850     4.5856    0.77354    0.77365          1     3.4682     3.2387      79.29      0.289     0.3861     0.1992  1.249e-01  0.1230000     7.2004     7.2014     0.0010     0.0006     5.7075     5.7083     32.694     33.421    1434.13    1434.13     7.8568     7.9989    91.2750    92.9280  0.000e+00
      52445     33.500     4.5862     4.5863    0.77363    0.77371          1     3.4678     3.2383      83.20      0.315     0.3826     0.1881  1.216e-01  0.1165000     7.2009     7.2017     0.0008     0.0001     5.7079     5.7086     33.189     33.927    1434.15    1434.15     7.8579     7.9996    91.2900    92.9380  0.000e+00
      52469     34.000     4.5872     4.5865    0.77370    0.77374          1     3.4679     3.2383      95.30      0.445     0.3661     0.2276  1.056e-01  0.1223000     7.2014     7.2019     0.0005    -0.0007     5.7082     5.7087     33.685     34.434    1434.16    1434.16     7.8578     8.0020    91.2920    92.9660  0.000e+00
      52490     34.500     4.5880     4.5878    0.77376    0.77383          1     3.4675     3.2385      75.88      0.536     0.3669     0.2160  8.933e-02  0.1276000     7.2017     7.2024     0.0008    -0.0003     5.7085     5.7091     34.180     34.940    1434.17    1434.17     7.8537     8.0039    91.2460    92.9910  0.000e+00
      52515     35.000     4.5879     4.5875    0.77376    0.77382          1     3.4665     3.2383      75.09      0.529     0.3784     0.2059  7.319e-02  0.1269000     7.2017     7.2024     0.0007    -0.0004     5.7085     5.7090     34.675     35.447    1434.18    1434.18     7.8510     8.0001    91.2150    92.9460  0.000e+00
      52552     35.500     4.5875     4.5867    0.77374    0.77378          1     3.4659     3.2382      80.72      0.356     0.3798     0.1996  6.545e-02  0.1243000     7.2016     7.2021     0.0006    -0.0008     5.7084     5.7088     35.171     35.953    1434.18    1434.18     7.8523     8.0026    91.2280    92.9740  0.000e+00
      52595     36.000     4.5864     4.5868    0.77370    0.77380          1     3.4658     3.2382      73.29      0.238     0.3761     0.2301  5.411e-02  0.1169000     7.2013     7.2022     0.0009     0.0004     5.7082     5.7089     35.666     36.459    1434.19    1434.19     7.8581     7.9998    91.2930    92.9410  0.000e+00
      52615     36.500     4.5867     4.5864    0.77375    0.77380          1     3.4662     3.2376      73.62      0.420     0.3685     0.2473  3.936e-02  0.1276000     7.2016     7.2023     0.0007    -0.0003     5.7084     5.7090     36.161     36.966    1434.20    1434.19     7.8551     7.9938    91.2600    92.8710  0.000e+00
      52631     37.000     4.5874     4.5874    0.77376    0.77385          1     3.4657     3.2370      73.32      0.605     0.3807     0.2313  3.124e-02  0.1222000     7.2016     7.2024     0.0008    -0.0000     5.7084     5.7090     36.657     37.472    1434.21    1434.21     7.8521     7.9969    91.2260    92.9100  0.000e+00
      52652     37.500     4.5861     4.5858    0.77375    0.77381          1     3.4654     3.2372      72.62      0.667     0.3861     0.1821  1.837e-02  0.1251000     7.2016     7.2023     0.0006    -0.0002     5.7085     5.7090     37.152     37.978    1434.21    1434.21     7.8537     7.9998    91.2420    92.9390  0.000e+00
      52709     38.000     4.5867     4.5864    0.77375    0.77381          1     3.4651     3.2359      71.77      0.170     0.3894     0.1921  6.771e-03  0.1118000     7.2015     7.2022     0.0007    -0.0003     5.7084     5.7089     37.647     38.485    1434.22    1434.22     7.8532     7.9946    91.2370    92.8800  0.000e+00
      52737     38.500     4.5883     4.5877    0.77383    0.77389          1     3.4644     3.2357      71.43      0.327     0.3777     0.2324  2.799e-03  0.1222000     7.2019     7.2025     0.0007    -0.0007     5.7086     5.7092     38.143     38.991    1434.23    1434.23     7.8482     7.9974    91.1830    92.9160  0.000e+00
      52755     39.000     4.5883     4.5871    0.77384    0.77387          1     3.4640     3.2357      71.08      0.542     0.3688     0.1772  3.771e-05  0.1263000     7.2019     7.2024     0.0005    -0.0012     5.7086     5.7091     38.638     39.498    1434.24    1434.24     7.8515     7.9971    91.2210    92.9110  0.000e+00
      52774     39.500     4.5862     4.5857    0.77376    0.77382          1     3.4641     3.2355      70.73      0.654     0.3735     0.2163  9.630e-08  0.1274000     7.2015     7.2022     0.0008    -0.0004     5.7083     5.7090     39.133     40.004    1434.24    1434.24     7.8532     7.9959    91.2370    92.8930  0.000e+00
      52801     40.000     4.5860     4.5858    0.77377    0.77384          1     3.4636     3.2355      70.05      0.532     0.3799     0.2080  1.000e-12  0.1203000     7.2015     7.2023     0.0008    -0.0002     5.7084     5.7090     39.628     40.510    1434.25    1434.25     7.8502     8.0010    91.2010    92.9530  0.000e+00
      52844     40.500     4.5858     4.5857    0.77378    0.77385          1     3.4634     3.2356      69.52      0.272     0.3798     0.2343  1.000e-12  0.1188000     7.2017     7.2024     0.0007    -0.0001     5.7085     5.7091     40.124     41.017    1434.25    1434.25     7.8524     7.9972    91.2250    92.9090  0.000e+00
      52877     41.000     4.5873     4.5880    0.77386    0.77395          1     3.4628     3.2349      68.85      0.338     0.3790     0.2238  1.000e-12  0.1231000     7.2021     7.2028     0.0007     0.0007     5.7088     5.7093     40.619     41.523    1434.27    1434.27     7.8450     7.9905    91.1440    92.8370  0.000e+00
      52908     41.500     4.5883     4.5870    0.77390    0.77393          1     3.4614     3.2341      68.36      0.391     0.3884     0.2322  1.000e-12  0.1222000     7.2022     7.2028     0.0006    -0.0013     5.7088     5.7093     41.114     42.029    1434.28    1434.28     7.8402     7.9877    91.0910    92.8020  0.000e+00
      52938     42.000     4.5860     4.5855    0.77390    0.77395          1     3.4599     3.2333      67.12      0.391     0.3797     0.2354  1.000e-12  0.1214000     7.2026     7.2032     0.0006    -0.0005     5.7093     5.7098     41.610     42.536    1434.28    1434.28     7.8364     7.9856    91.0410    92.7740  0.000e+00
      52963     42.500     4.5868     4.5883    0.77400    0.77411          1     3.4589     3.2322      67.26      0.436     0.3806     0.2400  1.000e-12  0.1212000     7.2034     7.2041     0.0007     0.0015     5.7099     5.7104     42.105     43.042    1434.29    1434.30     7.8362     7.9805    91.0410    92.7220  0.000e+00
      52982     43.000     4.5876     4.5874    0.77419    0.77425          1     3.4583     3.2316      67.05      0.534     0.3910     0.2386  1.000e-12  0.1219000     7.2051     7.2057     0.0006    -0.0002     5.7112     5.7116     42.600     43.549    1434.31    1434.31     7.8369     7.9845    91.0520    92.7670  0.000e+00
      53000     43.500     4.5879     4.5881    0.77425    0.77438          1     3.4581     3.2316      66.52      0.632     0.3930     0.2372  1.000e-12  0.1223000     7.2055     7.2068     0.0013     0.0003     5.7115     5.7125     43.096     44.055    1434.31    1434.32     7.8388     7.9874    91.0750    92.8030  0.000e+00
      53020     44.000     4.5889     4.5878    0.77440    0.77436          1     3.4581     3.2313      65.99      0.653     0.3796     0.2206  1.000e-12  0.1244000     7.2067     7.2066    -0.0001    -0.0011     5.7124     5.7123     43.591     44.561    1434.33    1434.32     7.8405     7.9838    91.0990    92.7600  0.000e+00
      53096     44.500     4.5878     4.5877    0.77421    0.77430          1     3.4569     3.2302      65.05      0.144     0.3782     0.2438  1.000e-12  0.1217000     7.2050     7.2059     0.0009    -0.0000     5.7111     5.7118     44.086     45.068    1434.33    1434.33     7.8256     7.9678    90.9210    92.5730  0.000e+00
      53128     45.000     4.5885     4.5887    0.77431    0.77446          1     3.4535     3.2274      64.72      0.323     0.3686     0.2623  1.000e-12  0.1156000     7.2058     7.2072     0.0014     0.0002     5.7117     5.7128     44.581     45.574    1434.34    1434.35     7.7911     7.9275    90.5230    92.1080  0.000e+00
      53144     45.500     4.5895     4.5899    0.77445    0.77458          1     3.4489     3.2238      64.39      0.554     0.3719     0.2599  1.000e-12  0.1169000     7.2069     7.2081     0.0012     0.0004     5.7125     5.7135     45.077     46.080    1434.36    1434.36     7.7697     7.9069    90.2770    91.8730  0.000e+00
      53157     46.000     4.5959     4.5966    0.77523    0.77541          1     3.4448     3.2209      63.94      0.730     0.3797     0.2581  1.000e-12  0.1216000     7.2133     7.2148     0.0016     0.0007     5.7174     5.7186     45.572     46.587    1434.40    1434.41     7.7658     7.9049    90.2510    91.8700  0.000e+00
      53171     46.500     4.6047     4.6041    0.77593    0.77604          1     3.4426     3.2189      63.40      0.837     0.3706     0.2228  1.000e-12  0.1213000     7.2183     7.2195     0.0012    -0.0005     5.7211     5.7220     46.067     47.093    1434.45    1434.45     7.7739     7.9072    90.3680    91.9160  0.000e+00
      53194     47.000     4.6155     4.6146    0.77708    0.77718          1     3.4410     3.2154      62.85      0.736     0.3682     0.2096  1.000e-12  0.1235000     7.2274     7.2285     0.0011    -0.0008     5.7279     5.7288     46.563     47.600    1434.52    1434.52     7.7642     7.8759    90.2850    91.5830  0.000e+00
      53273     47.500     4.6086     4.6221    0.77654    0.77800          1     3.3869     3.1725      62.00      0.020     0.3623     0.2674  1.000e-12  0.1212000     7.2233     7.2350     0.0117     0.0135     5.7249     5.7338     47.058     48.106    1434.49    1434.57     7.0951     7.1299    82.4870    82.9280  0.000e+00
      53289     48.000     4.6315     4.6355    0.77901    0.77977          1     3.3084     3.1130      61.66      0.407     0.3561     0.2607  1.000e-12  0.1201000     7.2429     7.2497     0.0068     0.0040     5.7397     5.7450     47.553     48.612    1434.63    1434.65     6.6800     6.6088    77.7170    76.9000  0.000e+00
      53307     48.500     4.7051     4.7139    0.79336    0.79595          1     3.2210     3.0381      61.19      0.620     0.3662     0.2212  1.000e-12  0.1158000     7.3698     7.3937     0.0239     0.0088     5.8377     5.8563     48.048     49.119    1435.12    1435.19     6.0963     5.8769    71.1140    68.5790  0.000e+00
      53335     49.000     4.8050     4.8065    0.81457    0.81541          1     2.9691     2.8312      60.60      0.535     0.3454     0.2004  1.000e-12  0.1194000     7.5589     7.5669     0.0080     0.0014     5.9839     5.9903     48.544     49.625    1435.82    1435.83     4.5676     4.1296    53.4840    48.3560  0.000e+00
      53367     49.500     4.9371     4.9608    0.84897    0.85571          1     2.5612     2.4873      60.01      0.332     0.3468     0.1686  1.000e-12  0.1149000     7.8711     7.9327     0.0616     0.0237     6.2260     6.2739     49.039     50.131    1436.80    1436.99     3.4032     2.7379    40.0740    32.2750  0.000e+00
