ctdpy/tests/etc/exprapp_feb_2020/SBE09_1387_20200206_1025_77_10_0113.cnv
* Sea-Bird SBE 9 Data File:
* FileName = L:\2020\sv20d0113.hex
* Software Version Seasave V 7.26.7.121
* Temperature SN = 6378
* Conductivity SN = 4824
* Number of Bytes Per Scan = 41
* Number of Voltage Words = 4
* Number of Scans Averaged by the Deck Unit = 1
* NMEA Latitude = 58 15.58 N
* NMEA Longitude = 011 26.09 E
* NMEA UTC (Time) = Feb 06 2020  10:25:11
* NMEA baud rate = 4800
** Station:  Slägg
** Operator:  SSip
** Ship: SVEA
** Average sound velocity: 1475.88 m/s
** True-depth calculation Thu, 06 Feb 2020 13:13:44 +0000
** CTD Python Module SMHI /ver 3-12/ feb 2012 
** LIMS Job: 20207710-0113
** Cruise: SMHI-03-2020
** Latitude [GG MM.mm N] :
** Longitude [GGG MM.mm E]:
# nquan = 30
# nvalues = 150                         
# units = specified
# name 0 = scan: Scan Count
# name 1 = prDM: Pressure, Digiquartz [db]
# name 2 = t090C: Temperature [ITS-90, deg C]
# name 3 = t190C: Temperature, 2 [ITS-90, deg C]
# name 4 = c0S/m: Conductivity [S/m]
# name 5 = c1S/m: Conductivity, 2 [S/m]
# name 6 = pumps: Pump Status
# name 7 = sbeox0V: Oxygen raw, SBE 43 [V]
# name 8 = sbeox1V: Oxygen raw, SBE 43, 2 [V]
# name 9 = altM: Altimeter [m]
# name 10 = dz/dtM: Descent Rate [m/s]
# name 11 = flECO-AFL: Chl-a Fluorescence, WET Labs ECO-AFL/FL [mg/m^3]
# name 12 = flECO-AFL1: Phycocyanin Fluorescence, WET Labs ECO-AFL/FL, 2 [mg/m^3]
# name 13 = par: PAR/Irradiance, Biospherical/Lico [µE/(cm^2*s)]
# name 14 = turbWETntu0: Turbidity, WET Labs ECO [NTU]
# name 15 = sal00: Salinity, Practical [PSU]
# name 16 = sal11: Salinity, Practical, 2 [PSU]
# name 17 = secS-priS: Salinity, Practical, Difference, 2 - 1 [PSU]
# name 18 = T2-T190C: Temperature Difference, 2 - 1 [ITS-90, deg C]
# name 19 = sigma-t00: Density [sigma-t, kg/m^3 ]
# name 20 = sigma-t11: Density, 2 [sigma-t, kg/m^3 ]
# name 21 = depSM: Depth [salt water, m], lat = 58.2597
# name 22 = depFM: Depth [true depth, m], lat = 58.2597
# name 23 = svCM: Sound Velocity [Chen-Millero, m/s]
# name 24 = svCM1: Sound Velocity, 2 [Chen-Millero, m/s]
# name 25 = sbeox0ML/L: Oxygen, SBE 43 [ml/l], WS = 2
# name 26 = sbeox1ML/L: Oxygen, SBE 43, 2 [ml/l], WS = 2
# name 27 = sbeox0PS: Oxygen, SBE 43 [% saturation], WS = 2
# name 28 = sbeox1PS: Oxygen, SBE 43, 2 [% saturation], WS = 2
# name 29 = flag: flag
# span 0 =      24059,      28523       
# span 1 =      2.000,     76.500       
# span 2 =     5.5397,     7.8916       
# span 3 =     5.5361,     7.8918       
# span 4 =   2.914742,   3.531287       
# span 5 =   2.914425,   3.531162       
# span 6 =          1,          1       
# span 7 =     2.5409,     3.6242       
# span 8 =     2.3826,     3.3762       
# span 9 =       1.60,      98.07       
# span 10 =     -0.164,      0.548      
# span 11 =     0.2860,     1.1287      
# span 12 =     0.1636,     0.3578      
# span 13 = 1.0000e-12, 7.4296e+01      
# span 14 =     0.5490,     2.6557      
# span 15 =    29.5662,    34.1042      
# span 16 =    29.5659,    34.1028      
# span 17 =    -0.0325,     0.0896      
# span 18 =    -0.0423,     0.0499      
# span 19 =    23.3133,    26.5863      
# span 20 =    23.3134,    26.5852      
# span 21 =      1.981,     75.775      
# span 22 =      1.991,     75.978      
# span 23 =    1466.06,    1482.20      
# span 24 =    1466.04,    1482.20      
# span 25 =     4.0076,     6.9398      
# span 26 =     4.0827,     7.0518      
# span 27 =     60.223,     95.905      
# span 28 =     61.233,     97.395      
# span 29 = 0.0000e+00, 0.0000e+00      
# interval = decibars: 0.5              
# start_time = Feb 06 2020 10:25:12 [NMEA time, first data scan]
# bad_flag = -9.990e-29
*END*
[from data line 97]
      26471     50.500     6.8249     6.8390    3.34840    3.34971          1     3.4440     3.2092      27.54      0.487     0.4485     0.2268  1.000e-12  1.0215000    33.1661    33.1669     0.0008     0.0141    25.9977    25.9965     50.025     50.175    1476.51    1476.57     6.2279     6.3300    90.7780    92.2970  0.000e+00
      26495     51.000     6.8051     6.8066    3.34654    3.34652          1     3.4530     3.2153      26.86      0.486     0.4545     0.2725  1.000e-12  1.0043000    33.1645    33.1629    -0.0016     0.0014    25.9991    25.9977     50.520     50.672    1476.44    1476.44     6.2427     6.3396    90.9510    92.3650  0.000e+00
      26519     51.500     6.7882     6.7807    3.34484    3.34405          1     3.4561     3.2183      26.42      0.497     0.4509     0.2782  1.000e-12  1.0422000    33.1620    33.1606    -0.0014    -0.0075    25.9994    25.9993     51.015     51.168    1476.38    1476.34     6.2172     6.3126    90.5420    91.9160  0.000e+00
      26541     52.000     6.7736     6.7749    3.34386    3.34402          1     3.4526     3.2161      25.86      0.519     0.4563     0.2354  1.000e-12  1.0864000    33.1652    33.1656     0.0004     0.0013    26.0038    26.0040     51.511     51.664    1476.33    1476.34     6.1904     6.2742    90.1240    91.3470  0.000e+00
      26564     52.500     6.8089     6.8121    3.34782    3.34832          1     3.4464     3.2111      25.37      0.532     0.4539     0.2400  1.000e-12  1.0943000    33.1743    33.1767     0.0024     0.0032    26.0063    26.0078     52.006     52.161    1476.49    1476.50     6.1546     6.2332    89.6810    90.8340  0.000e+00
      26588     53.000     6.8516     6.8509    3.35299    3.35289          1     3.4361     3.2031      24.88      0.522     0.4382     0.2408  1.000e-12  1.0755000    33.1895    33.1892    -0.0003    -0.0008    26.0126    26.0125     52.501     52.657    1476.68    1476.68     6.1076     6.1841    89.0930    90.2070  0.000e+00
      26613     53.500     6.8654     6.8692    3.35574    3.35632          1     3.4230     3.1922      24.31      0.493     0.4487     0.2408  1.000e-12  1.0951000    33.2061    33.2089     0.0027     0.0038    26.0239    26.0255     52.996     53.153    1476.77    1476.78     6.0723     6.1403    88.6160    89.6170  0.000e+00
      26637     54.000     6.9143     6.9116    3.36248    3.36213          1     3.4110     3.1810      23.74      0.483     0.4549     0.2276  1.000e-12  1.1248000    33.2326    33.2315    -0.0012    -0.0027    26.0382    26.0377     53.491     53.650    1477.00    1476.99     6.0482     6.1157    88.3780    89.3590  0.000e+00
      26661     54.500     6.9372     6.9396    3.36521    3.36541          1     3.4025     3.1727      23.30      0.498     0.4389     0.2500  1.000e-12  1.1953000    33.2402    33.2401    -0.0001     0.0024    26.0411    26.0407     53.987     54.146    1477.11    1477.11     6.0371     6.1082    88.2680    89.3120  0.000e+00
      26684     55.000     6.9559     6.9656    3.36727    3.36824          1     3.3955     3.1661      22.86      0.517     0.4368     0.2966  1.000e-12  1.2614000    33.2445    33.2458     0.0012     0.0097    26.0420    26.0416     54.482     54.642    1477.19    1477.23     6.0147     6.0876    87.9800    89.0670  0.000e+00
      26707     55.500     6.9645     6.9690    3.36824    3.36865          1     3.3856     3.1574      22.37      0.515     0.4360     0.3304  1.000e-12  1.2046000    33.2466    33.2466     0.0001     0.0046    26.0424    26.0419     54.977     55.139    1477.23    1477.25     5.9793     6.0479    87.4810    88.4950  0.000e+00
      26732     56.000     6.9856     6.9882    3.37055    3.37077          1     3.3740     3.1467      21.86      0.500     0.4271     0.3059  1.000e-12  1.2060000    33.2511    33.2511    -0.0000     0.0026    26.0431    26.0428     55.472     55.635    1477.33    1477.34     5.9432     6.0045    86.9980    87.9000  0.000e+00
      26755     56.500     7.0205     7.0245    3.37466    3.37511          1     3.3605     3.1345      21.44      0.499     0.4256     0.2393  1.000e-12  1.2150000    33.2622    33.2632     0.0010     0.0040    26.0472    26.0475     55.968     56.131    1477.49    1477.51     5.9031     5.9698    86.4860    87.4730  0.000e+00
      26779     57.000     7.0435     7.0436    3.37818    3.37815          1     3.3495     3.1255      20.89      0.512     0.4126     0.2416  1.000e-12  1.3466000    33.2782    33.2779    -0.0003     0.0000    26.0567    26.0564     56.463     56.628    1477.61    1477.60     5.9135     6.0011    86.6940    87.9780  0.000e+00
      26802     57.500     7.0603     7.0614    3.38176    3.38195          1     3.3504     3.1259      20.33      0.517     0.4149     0.2828  1.000e-12  1.4130000    33.3010    33.3019     0.0009     0.0012    26.0723    26.0729     56.958     57.124    1477.71    1477.71     5.9604     6.0640    87.4280    88.9500  0.000e+00
      26827     58.000     7.0291     7.0216    3.38002    3.37914          1     3.3585     3.1324      19.85      0.491     0.4061     0.2642  1.000e-12  1.4635000    33.3117    33.3094    -0.0023    -0.0075    26.0850    26.0842     57.453     57.620    1477.61    1477.58     6.0089     6.1250    88.0830    89.7670  0.000e+00
      26854     58.500     6.9578     6.9565    3.37363    3.37335          1     3.3708     3.1425      19.33      0.461     0.4357     0.2812  1.000e-12  1.5624000    33.3106    33.3088    -0.0019    -0.0013    26.0938    26.0925     57.948     58.117    1477.34    1477.33     6.0521     6.1668    88.5690    90.2450  0.000e+00
      26878     59.000     6.9285     6.9229    3.37207    3.37154          1     3.3801     3.1508      18.87      0.469     0.4230     0.2857  1.000e-12  1.6948000    33.3216    33.3212    -0.0004    -0.0056    26.1064    26.1068     58.444     58.613    1477.25    1477.22     6.0635     6.1788    88.6840    90.3580  0.000e+00
      26901     59.500     6.8949     6.8936    3.36988    3.36967          1     3.3856     3.1563      18.42      0.511     0.4740     0.2983  1.000e-12  1.9092000    33.3299    33.3288    -0.0011    -0.0013    26.1174    26.1168     58.939     59.109    1477.13    1477.13     6.0475     6.1528    88.3860    89.9220  0.000e+00
      26922     60.000     6.8908     6.8902    3.36971    3.36948          1     3.3811     3.1536      17.90      0.548     0.4532     0.2648  1.000e-12  2.0347000    33.3318    33.3299    -0.0019    -0.0007    26.1195    26.1181     59.434     59.606    1477.13    1477.12     5.9764     6.0577    87.3400    88.5250  0.000e+00
      26945     60.500     6.8893     6.8903    3.36987    3.36988          1     3.3638     3.1395      17.39      0.547     0.4505     0.2374  1.000e-12  2.0826000    33.3347    33.3340    -0.0008     0.0009    26.1220    26.1213     59.929     60.102    1477.13    1477.14     5.8881     5.9473    86.0480    86.9140  0.000e+00
      26969     61.000     6.9295     6.9321    3.37869    3.37908          1     3.3389     3.1186      16.88      0.508     0.4586     0.2454  1.000e-12  2.1704000    33.3923    33.3941     0.0018     0.0026    26.1619    26.1629     60.424     60.598    1477.37    1477.38     5.8082     5.8549    84.9900    85.6800  0.000e+00
      26995     61.500     6.9926     6.9970    3.38835    3.38910          1     3.3112     3.0939      16.33      0.471     0.4622     0.2791  1.000e-12  2.2196000    33.4367    33.4406     0.0040     0.0045    26.1884    26.1909     60.920     61.095    1477.68    1477.70     5.7318     5.7729    84.0180    84.6320  0.000e+00
      27020     62.000     7.0195     7.0214    3.39297    3.39338          1     3.2854     3.0706      15.86      0.473     0.4615     0.2933  1.000e-12  2.1570000    33.4609    33.4635     0.0026     0.0019    26.2038    26.2056     61.415     61.591    1477.82    1477.83     5.6645     5.7038    83.0970    83.6780  0.000e+00
      27044     62.500     7.0584     7.0602    3.39971    3.39996          1     3.2560     3.0447      15.42      0.496     0.4441     0.2533  1.000e-12  2.1105000    33.4966    33.4976     0.0009     0.0019    26.2266    26.2271     61.910     62.087    1478.03    1478.04     5.5558     5.5899    81.5940    82.0990  0.000e+00
      27067     63.000     7.0791     7.0784    3.40324    3.40312          1     3.2205     3.0147      14.90      0.512     0.4456     0.3143  1.000e-12  2.1655000    33.5149    33.5142    -0.0007    -0.0007    26.2382    26.2377     62.405     62.583    1478.14    1478.14     5.4634     5.4927    80.2860    80.7140  0.000e+00
      27090     63.500     7.1340     7.1361    3.41255    3.41299          1     3.1855     2.9827      14.43      0.519     0.4460     0.2873  1.000e-12  2.2388000    33.5629    33.5657     0.0028     0.0021    26.2684    26.2704     62.901     63.080    1478.42    1478.43     5.2889     5.2787    77.8420    77.6970  0.000e+00
      27113     64.000     7.1996     7.2004    3.42257    3.42269          1     3.1108     2.9200      13.95      0.517     0.4294     0.2423  1.000e-12  2.1805000    33.6083    33.6087     0.0004     0.0009    26.2951    26.2953     63.396     63.576    1478.74    1478.74     4.8879     4.8111    72.0700    70.9390  0.000e+00
      27137     64.500     7.2569     7.2613    3.43167    3.43240          1     2.9914     2.8188      13.47      0.507     0.4184     0.2358  1.000e-12  2.0374000    33.6513    33.6549     0.0036     0.0044    26.3210    26.3233     63.891     64.072    1479.02    1479.04     4.5128     4.3883    66.6450    64.8150  0.000e+00
      27163     65.000     7.5100     7.5285    3.47261    3.47576          1     2.8689     2.7108      12.93      0.487     0.4008     0.2556  1.000e-12  2.0515000    33.8489    33.8651     0.0162     0.0185    26.4408    26.4509     64.386     64.568    1480.25    1480.34     4.2860     4.1741    63.7430    62.1130  0.000e+00
      27188     65.500     7.7010     7.7091    3.50232    3.50354          1     2.7724     2.6214      12.44      0.475     0.3647     0.2314  1.000e-12  2.0701000    33.9837    33.9890     0.0053     0.0080    26.5194    26.5224     64.881     65.064    1481.16    1481.19     4.1733     4.0996    62.3940    61.3060  0.000e+00
      27212     66.000     7.7905     7.7928    3.51557    3.51584          1     2.7046     2.5561      12.01      0.485     0.3333     0.2952  1.000e-12  1.9199000    34.0388    34.0396     0.0007     0.0023    26.5497    26.5500     65.377     65.560    1481.57    1481.58     4.1206     4.0856    61.7530    61.2330  0.000e+00
      27236     66.500     7.8299     7.8336    3.52168    3.52215          1     2.6584     2.5097      11.51      0.498     0.3162     0.2905  1.000e-12  1.8726000    34.0658    34.0673     0.0015     0.0037    26.5652    26.5658     65.872     66.057    1481.76    1481.78     4.0997     4.0980    61.5060    61.4860  0.000e+00
      27260     67.000     7.8536     7.8540    3.52531    3.52529          1     2.6287     2.4783      11.00      0.504     0.3219     0.2745  1.000e-12  1.9596000    34.0815    34.0810    -0.0005     0.0004    26.5740    26.5736     66.367     66.553    1481.88    1481.88     4.0921     4.1131    61.4310    61.7470  0.000e+00
      27284     67.500     7.8638     7.8638    3.52696    3.52687          1     2.6095     2.4567      10.51      0.506     0.3244     0.2769  1.000e-12  2.1305000    34.0890    34.0881    -0.0009    -0.0001    26.5784    26.5777     66.862     67.049    1481.94    1481.94     4.0885     4.1306    61.3950    62.0260  0.000e+00
      27308     68.000     7.8677     7.8672    3.52756    3.52737          1     2.5969     2.4429       9.71      0.501     0.3260     0.2705  1.000e-12  2.2653000    34.0914    34.0898    -0.0016    -0.0005    26.5797    26.5786     67.357     67.545    1481.96    1481.96     4.0878     4.1447    61.3890    62.2420  0.000e+00
      27333     68.500     7.8694     7.8696    3.52782    3.52770          1     2.5887     2.4332       9.33      0.488     0.3421     0.2459  1.000e-12  2.2751000    34.0923    34.0909    -0.0014     0.0002    26.5802    26.5791     67.853     68.041    1481.98    1481.98     4.0832     4.1482    61.3230    62.2990  0.000e+00
      27359     69.000     7.8703     7.8704    3.52791    3.52779          1     2.5817     2.4259       8.98      0.465     0.3278     0.1703  1.000e-12  2.4391000    34.0922    34.0908    -0.0013     0.0001    26.5800    26.5789     68.348     68.537    1481.99    1481.99     4.0740     4.1485    61.1870    62.3040  0.000e+00
      27386     69.500     7.8717     7.8720    3.52810    3.52801          1     2.5758     2.4203       8.53      0.447     0.3199     0.2491  1.000e-12  2.2500000    34.0926    34.0913    -0.0013     0.0003    26.5801    26.5790     68.843     69.033    1482.01    1482.00     4.0632     4.1404    61.0260    62.1850  0.000e+00
      27414     70.000     7.8753     7.8755    3.52865    3.52855          1     2.5699     2.4144       7.94      0.437     0.3242     0.2071  1.000e-12  2.2447000    34.0947    34.0935    -0.0012     0.0002    26.5812    26.5802     69.338     69.529    1482.03    1482.03     4.0512     4.1259    60.8520    61.9740  0.000e+00
      27442     70.500     7.8796     7.8803    3.52935    3.52932          1     2.5643     2.4087       7.49      0.424     0.3199     0.2223  1.000e-12  2.1804000    34.0978    34.0969    -0.0009     0.0006    26.5830    26.5822     69.833     70.025    1482.06    1482.06     4.0415     4.1166    60.7140    61.8410  0.000e+00
      27472     71.000     7.8831     7.8833    3.52990    3.52976          1     2.5597     2.4042       7.05      0.412     0.3203     0.2652  1.000e-12  2.3396000    34.1001    34.0985    -0.0016     0.0002    26.5843    26.5830     70.328     70.521    1482.08    1482.08     4.0382     4.1154    60.6700    61.8280  0.000e+00
      27503     71.500     7.8850     7.8846    3.53015    3.52997          1     2.5572     2.4009       6.64      0.390     0.3391     0.2723  1.000e-12  2.6557000    34.1007    34.0991    -0.0016    -0.0004    26.5845    26.5833     70.824     71.017    1482.10    1482.09     4.0379     4.1141    60.6670    61.8110  0.000e+00
      27537     72.000     7.8852     7.8852    3.53019    3.53004          1     2.5547     2.3978       6.18      0.359     0.3386     0.2717  1.000e-12  2.5672000    34.1007    34.0991    -0.0016     0.0000    26.5845    26.5832     71.319     71.513    1482.11    1482.10     4.0333     4.1070    60.5980    61.7050  0.000e+00
      27571     72.500     7.8872     7.8873    3.53054    3.53040          1     2.5528     2.3948       5.78      0.353     0.3253     0.2358  1.000e-12  2.2752000    34.1022    34.1007    -0.0015     0.0001    26.5853    26.5841     71.814     72.010    1482.13    1482.12     4.0297     4.1033    60.5480    61.6530  0.000e+00
      27604     73.000     7.8882     7.8883    3.53069    3.53057          1     2.5508     2.3930       5.35      0.363     0.3293     0.2537  1.000e-12  2.1956000    34.1026    34.1012    -0.0013     0.0001    26.5855    26.5845     72.309     72.506    1482.14    1482.14     4.0254     4.1034    60.4850    61.6570  0.000e+00
      27637     73.500     7.8885     7.8888    3.53073    3.53065          1     2.5487     2.3915       4.87      0.369     0.3339     0.2419  1.000e-12  2.3098000    34.1026    34.1014    -0.0012     0.0003    26.5855    26.5845     72.804     73.002    1482.15    1482.15     4.0204     4.1000    60.4100    61.6060  0.000e+00
      27669     74.000     7.8895     7.8900    3.53090    3.53086          1     2.5470     2.3897       4.45      0.368     0.3540     0.2352  1.000e-12  2.4561000    34.1032    34.1022    -0.0009     0.0005    26.5858    26.5850     73.300     73.498    1482.16    1482.16     4.0195     4.0948    60.3990    61.5300  0.000e+00
