ctdpy/tests/etc/exprapp_feb_2020/SBE09_1387_20200204_0534_77_10_0106.cnv
* Sea-Bird SBE 9 Data File:
* FileName = L:\2020\sv20d0106.hex
* Software Version Seasave V 7.26.7.121
* Temperature SN = 6378
* Conductivity SN = 4824
* Number of Bytes Per Scan = 41
* Number of Voltage Words = 4
* Number of Scans Averaged by the Deck Unit = 1
* NMEA Latitude = 58 17.36 N
* NMEA Longitude = 010 51.36 E
* NMEA UTC (Time) = Feb 04 2020  05:34:22
* NMEA baud rate = 4800
** Station:  12W Hallo
** Operator:  A-KTh
** Ship: SVEA
** Average sound velocity: 1480.15 m/s
** True-depth calculation Tue, 04 Feb 2020 10:02:25 +0000
** CTD Python Module SMHI /ver 3-12/ feb 2012 
** LIMS Job: 20207710-0106
** Cruise: SMHI-02-2020
** Latitude [GG MM.mm N] :
** Longitude [GGG MM.mm E]:
# nquan = 30
# nvalues = 272                         
# units = specified
# name 0 = scan: Scan Count
# name 1 = prDM: Pressure, Digiquartz [db]
# name 2 = t090C: Temperature [ITS-90, deg C]
# name 3 = t190C: Temperature, 2 [ITS-90, deg C]
# name 4 = c0S/m: Conductivity [S/m]
# name 5 = c1S/m: Conductivity, 2 [S/m]
# name 6 = pumps: Pump Status
# name 7 = sbeox0V: Oxygen raw, SBE 43 [V]
# name 8 = sbeox1V: Oxygen raw, SBE 43, 2 [V]
# name 9 = altM: Altimeter [m]
# name 10 = dz/dtM: Descent Rate [m/s]
# name 11 = flECO-AFL: Chl-a Fluorescence, WET Labs ECO-AFL/FL [mg/m^3]
# name 12 = flECO-AFL1: Phycocyanin Fluorescence, WET Labs ECO-AFL/FL, 2 [mg/m^3]
# name 13 = par: PAR/Irradiance, Biospherical/Lico [µE/(cm^2*s)]
# name 14 = turbWETntu0: Turbidity, WET Labs ECO [NTU]
# name 15 = sal00: Salinity, Practical [PSU]
# name 16 = sal11: Salinity, Practical, 2 [PSU]
# name 17 = secS-priS: Salinity, Practical, Difference, 2 - 1 [PSU]
# name 18 = T2-T190C: Temperature Difference, 2 - 1 [ITS-90, deg C]
# name 19 = sigma-t00: Density [sigma-t, kg/m^3 ]
# name 20 = sigma-t11: Density, 2 [sigma-t, kg/m^3 ]
# name 21 = depSM: Depth [salt water, m], lat = 58.2893
# name 22 = depFM: Depth [true depth, m], lat = 58.2893
# name 23 = svCM: Sound Velocity [Chen-Millero, m/s]
# name 24 = svCM1: Sound Velocity, 2 [Chen-Millero, m/s]
# name 25 = sbeox0ML/L: Oxygen, SBE 43 [ml/l], WS = 2
# name 26 = sbeox1ML/L: Oxygen, SBE 43, 2 [ml/l], WS = 2
# name 27 = sbeox0PS: Oxygen, SBE 43 [% saturation], WS = 2
# name 28 = sbeox1PS: Oxygen, SBE 43, 2 [% saturation], WS = 2
# name 29 = flag: flag
# span 0 =      36798,      44430       
# span 1 =      1.500,    137.000       
# span 2 =     6.1261,     7.8147       
# span 3 =     6.1263,     7.8142       
# span 4 =   3.183646,   3.617009       
# span 5 =   3.183595,   3.616972       
# span 6 =          1,          1       
# span 7 =     3.4873,     3.5808       
# span 8 =     3.2500,     3.3234       
# span 9 =       1.29,      99.33       
# span 10 =     -0.380,      0.767      
# span 11 =     0.2371,     0.8797      
# span 12 =     0.1097,     0.3766      
# span 13 = 1.0000e-12, 1.9482e+00      
# span 14 =     0.2592,    10.5411      
# span 15 =    32.0342,    35.1064      
# span 16 =    32.0333,    35.1051      
# span 17 =    -0.0679,     0.1132      
# span 18 =    -0.0335,     0.0381      
# span 19 =    25.1943,    27.3940      
# span 20 =    25.1936,    27.3929      
# span 21 =      1.486,    135.682      
# span 22 =      1.490,    135.877      
# span 23 =    1471.53,    1483.96      
# span 24 =    1471.53,    1483.96      
# span 25 =     6.1079,     6.6365      
# span 26 =     6.2065,     6.7367      
# span 27 =     92.209,     94.911      
# span 28 =     93.689,     96.263      
# span 29 = 0.0000e+00, 0.0000e+00      
# interval = decibars: 0.5              
# start_time = Feb 04 2020 05:34:22 [NMEA time, first data scan]
# bad_flag = -9.990e-29
*END*
[from data line 97]
      39262     50.000     7.2952     7.2950    3.52953    3.52939          1     3.5328     3.2901      86.27      0.571     0.4049     0.2572  1.000e-12  2.0635000    34.6884    34.6870    -0.0014    -0.0002    27.1319    27.1309     49.529     49.614    1480.23    1480.22     6.2524     6.3387    93.0500    94.3320  0.000e+00
      39286     50.500     7.2950     7.2949    3.52958    3.52942          1     3.5332     3.2895      78.21      0.528     0.4158     0.2167  1.000e-12  1.8299000    34.6888    34.6872    -0.0016    -0.0001    27.1322    27.1310     50.025     50.110    1480.23    1480.23     6.2536     6.3352    93.0660    94.2790  0.000e+00
      39311     51.000     7.2948     7.2946    3.52962    3.52947          1     3.5336     3.2888      56.32      0.486     0.4149     0.2070  1.000e-12  2.0769000    34.6893    34.6878    -0.0015    -0.0001    27.1326    27.1315     50.520     50.606    1480.24    1480.24     6.2521     6.3433    93.0440    94.4000  0.000e+00
      39333     51.500     7.2934     7.2933    3.52976    3.52961          1     3.5331     3.2897      56.07      0.512     0.4148     0.2233  1.000e-12  1.8515000    34.6919    34.6904    -0.0014    -0.0001    27.1349    27.1338     51.015     51.102    1480.25    1480.25     6.2509     6.3479    93.0250    94.4670  0.000e+00
      39355     52.000     7.2924     7.2917    3.52987    3.52976          1     3.5329     3.2901      57.02      0.549     0.4269     0.2380  1.000e-12  2.1634000    34.6940    34.6934    -0.0006    -0.0006    27.1367    27.1363     51.510     51.598    1480.26    1480.25     6.2509     6.3479    93.0240    94.4660  0.000e+00
      39379     52.500     7.2929     7.2945    3.52988    3.52957          1     3.5324     3.2900      76.35      0.521     0.4263     0.2450  1.000e-12  1.9903000    34.6932    34.6883    -0.0049     0.0016    27.1360    27.1319     52.006     52.093    1480.26    1480.27     6.2476     6.3354    92.9760    94.2830  0.000e+00
      39407     53.000     7.2942     7.2945    3.52978    3.52958          1     3.5313     3.2884      84.14      0.454     0.4156     0.2626  1.000e-12  2.0066000    34.6906    34.6881    -0.0025     0.0003    27.1338    27.1318     52.501     52.589    1480.28    1480.27     6.2453     6.3359    92.9420    94.2900  0.000e+00
      39432     53.500     7.2960     7.2972    3.52964    3.52939          1     3.5306     3.2884      83.71      0.446     0.4270     0.2655  1.000e-12  1.8009000    34.6870    34.6831    -0.0040     0.0012    27.1307    27.1274     52.996     53.085    1480.29    1480.29     6.2454     6.3412    92.9460    94.3720  0.000e+00
      39454     54.000     7.2966     7.2960    3.52965    3.52955          1     3.5301     3.2883      83.32      0.509     0.4173     0.2538  1.000e-12  1.7725000    34.6863    34.6858    -0.0005    -0.0007    27.1300    27.1298     53.491     53.581    1480.29    1480.29     6.2443     6.3402    92.9300    94.3560  0.000e+00
      39476     54.500     7.2967     7.2966    3.52967    3.52953          1     3.5292     3.2881      82.66      0.557     0.4236     0.2204  1.000e-12  1.8948000    34.6862    34.6847    -0.0014    -0.0001    27.1299    27.1288     53.987     54.077    1480.30    1480.30     6.2412     6.3402    92.8850    94.3570  0.000e+00
      39499     55.000     7.2978     7.2984    3.52960    3.52937          1     3.5286     3.2881      81.98      0.533     0.4190     0.3238  1.000e-12  1.8466000    34.6840    34.6809    -0.0031     0.0006    27.1281    27.1255     54.482     54.572    1480.31    1480.31     6.2436     6.3407    92.9220    94.3650  0.000e+00
      39523     55.500     7.2976     7.2973    3.52966    3.52950          1     3.5286     3.2878      71.80      0.493     0.4299     0.2763  1.000e-12  1.8719000    34.6846    34.6832    -0.0014    -0.0003    27.1286    27.1275     54.977     55.068    1480.32    1480.32     6.2457     6.3401    92.9520    94.3550  0.000e+00
      39544     56.000     7.2976     7.2970    3.52967    3.52956          1     3.5287     3.2878      24.30      0.528     0.4291     0.2352  1.000e-12  1.9435000    34.6845    34.6840    -0.0005    -0.0006    27.1284    27.1282     55.472     55.564    1480.33    1480.33     6.2462     6.3440    92.9590    94.4130  0.000e+00
      39564     56.500     7.2956     7.2956    3.52985    3.52968          1     3.5288     3.2883      47.36      0.591     0.4141     0.2427  1.000e-12  1.9481000    34.6882    34.6864    -0.0018    -0.0000    27.1317    27.1303     55.967     56.060    1480.33    1480.33     6.2474     6.3474    92.9760    94.4630  0.000e+00
      39589     57.000     7.2954     7.2952    3.52988    3.52975          1     3.5293     3.2886      78.61      0.550     0.4217     0.2730  1.000e-12  1.8922000    34.6885    34.6874    -0.0011    -0.0003    27.1319    27.1311     56.463     56.556    1480.34    1480.34     6.2508     6.3456    93.0260    94.4350  0.000e+00
      39625     57.500     7.2956     7.2958    3.52988    3.52974          1     3.5298     3.2882      79.37      0.343     0.4247     0.2588  1.000e-12  1.7069000    34.6880    34.6863    -0.0017     0.0002    27.1315    27.1302     56.958     57.052    1480.35    1480.35     6.2497     6.3388    93.0090    94.3350  0.000e+00
      39653     58.000     7.2960     7.2960    3.52990    3.52975          1     3.5298     3.2876      78.97      0.375     0.4065     0.2423  1.000e-12  1.6852000    34.6876    34.6860    -0.0016    -0.0000    27.1312    27.1299     57.453     57.547    1480.36    1480.36     6.2493     6.3440    93.0040    94.4130  0.000e+00
      39674     58.500     7.2964     7.2965    3.52991    3.52975          1     3.5297     3.2880      78.64      0.503     0.4103     0.2578  1.000e-12  1.8236000    34.6870    34.6853    -0.0018     0.0000    27.1306    27.1292     57.948     58.043    1480.37    1480.37     6.2480     6.3424    92.9850    94.3890  0.000e+00
      39695     59.000     7.2969     7.2967    3.52992    3.52978          1     3.5288     3.2873      62.26      0.563     0.4154     0.2735  1.000e-12  1.9880000    34.6865    34.6851    -0.0014    -0.0001    27.1302    27.1291     58.444     58.539    1480.38    1480.38     6.2477     6.3394    92.9820    94.3450  0.000e+00
      39716     59.500     7.2965     7.2958    3.52998    3.52987          1     3.5295     3.2872      65.28      0.566     0.4176     0.2778  1.000e-12  2.1376000    34.6872    34.6868    -0.0003    -0.0008    27.1307    27.1306     58.939     59.035    1480.39    1480.38     6.2547     6.3462    93.0850    94.4450  0.000e+00
      39736     60.000     7.2941     7.2939    3.53021    3.53006          1     3.5304     3.2879      55.86      0.582     0.4256     0.2397  1.000e-12  2.2338000    34.6919    34.6904    -0.0015    -0.0002    27.1348    27.1337     59.434     59.531    1480.39    1480.39     6.2557     6.3514    93.0990    94.5210  0.000e+00
      39755     60.500     7.2914     7.2921    3.53051    3.53026          1     3.5304     3.2883      76.04      0.615     0.4133     0.2594  1.000e-12  2.3508000    34.6977    34.6942    -0.0035     0.0008    27.1398    27.1369     59.929     60.026    1480.40    1480.39     6.2523     6.3508    93.0460    94.5110  0.000e+00
      39776     61.000     7.2878     7.2878    3.53083    3.53067          1     3.5298     3.2889      69.05      0.608     0.4071     0.2618  1.000e-12  1.9620000    34.7046    34.7028    -0.0018     0.0000    27.1457    27.1442     60.424     60.522    1480.40    1480.40     6.2489     6.3496    92.9910    94.4890  0.000e+00
      39803     61.500     7.2882     7.2873    3.53082    3.53076          1     3.5289     3.2881      74.79      0.506     0.4109     0.2388  1.000e-12  2.0147000    34.7038    34.7040     0.0002    -0.0008    27.1450    27.1453     60.920     61.018    1480.41    1480.40     6.2485     6.3389    92.9850    94.3290  0.000e+00
      39833     62.000     7.2876     7.2869    3.53091    3.53082          1     3.5283     3.2866      74.65      0.402     0.4128     0.2865  1.000e-12  1.9800000    34.7051    34.7047    -0.0004    -0.0007    27.1461    27.1459     61.415     61.514    1480.41    1480.41     6.2492     6.3410    92.9960    94.3600  0.000e+00
      39858     62.500     7.2865     7.2862    3.53106    3.53094          1     3.5284     3.2870      74.47      0.435     0.4070     0.2822  1.000e-12  1.8652000    34.7076    34.7066    -0.0010    -0.0003    27.1482    27.1475     61.910     62.010    1480.42    1480.42     6.2511     6.3504    93.0230    94.4990  0.000e+00
      39882     63.000     7.2857     7.2856    3.53118    3.53104          1     3.5284     3.2874      74.13      0.494     0.4159     0.2824  1.000e-12  2.0790000    34.7094    34.7081    -0.0014    -0.0001    27.1498    27.1488     62.405     62.506    1480.43    1480.43     6.2523     6.3484    93.0410    94.4700  0.000e+00
      39913     63.500     7.2860     7.2855    3.53117    3.53109          1     3.5284     3.2873      63.88      0.428     0.4133     0.2270  1.000e-12  1.9156000    34.7088    34.7084    -0.0003    -0.0005    27.1492    27.1490     62.900     63.001    1480.44    1480.44     6.2510     6.3459    93.0210    94.4310  0.000e+00
      39941     64.000     7.2852     7.2850    3.53136    3.53122          1     3.5282     3.2871      47.08      0.387     0.4093     0.2485  1.000e-12  1.9200000    34.7115    34.7101    -0.0014    -0.0002    27.1515    27.1504     63.396     63.497    1480.45    1480.44     6.2526     6.3501    93.0440    94.4940  0.000e+00
      39961     64.500     7.2849     7.2848    3.53153    3.53140          1     3.5285     3.2878      73.27      0.491     0.4039     0.2603  1.000e-12  2.0086000    34.7133    34.7121    -0.0012    -0.0001    27.1529    27.1520     63.891     63.993    1480.46    1480.45     6.2578     6.3565    93.1230    94.5910  0.000e+00
      39978     65.000     7.2850     7.2849    3.53163    3.53149          1     3.5296     3.2884      63.54      0.618     0.3902     0.2612  1.000e-12  2.1893000    34.7140    34.7127    -0.0013    -0.0002    27.1535    27.1525     64.386     64.489    1480.47    1480.46     6.2618     6.3602    93.1830    94.6450  0.000e+00
      39996     65.500     7.2858     7.2858    3.53197    3.53187          1     3.5304     3.2894      57.83      0.687     0.4072     0.2621  1.000e-12  2.2000000    34.7167    34.7156    -0.0011    -0.0000    27.1555    27.1547     64.881     64.985    1480.48    1480.48     6.2621     6.3597    93.1910    94.6420  0.000e+00
      40017     66.000     7.2875     7.2873    3.53261    3.53253          1     3.5311     3.2895      70.89      0.643     0.4145     0.2214  1.000e-12  1.9265000    34.7218    34.7211    -0.0008    -0.0002    27.1593    27.1587     65.376     65.480    1480.50    1480.50     6.2615     6.3559    93.1880    94.5920  0.000e+00
      40042     66.500     7.2879     7.2877    3.53298    3.53280          1     3.5312     3.2900      70.55      0.525     0.4105     0.2411  1.000e-12  1.6601000    34.7252    34.7233    -0.0018    -0.0002    27.1619    27.1605     65.872     65.976    1480.51    1480.51     6.2585     6.3597    93.1470    94.6520  0.000e+00
      40066     67.000     7.2878     7.2878    3.53308    3.53290          1     3.5309     3.2904      70.11      0.478     0.4033     0.2281  1.000e-12  1.5838000    34.7262    34.7242    -0.0020     0.0000    27.1627    27.1611     66.367     66.472    1480.52    1480.52     6.2588     6.3596    93.1510    94.6510  0.000e+00
      40088     67.500     7.2879     7.2878    3.53310    3.53297          1     3.5309     3.2906      69.76      0.519     0.4043     0.2132  1.000e-12  1.4475000    34.7260    34.7247    -0.0013    -0.0002    27.1625    27.1615     66.862     66.968    1480.53    1480.53     6.2597     6.3586    93.1650    94.6360  0.000e+00
      40116     68.000     7.2878     7.2876    3.53311    3.53299          1     3.5306     3.2907      45.63      0.485     0.3991     0.2414  1.000e-12  1.3798000    34.7260    34.7249    -0.0011    -0.0001    27.1625    27.1617     67.357     67.464    1480.54    1480.54     6.2577     6.3590    93.1340    94.6420  0.000e+00
      40153     68.500     7.2874     7.2872    3.53328    3.53328          1     3.5305     3.2906      59.05      0.323     0.3882     0.2099  1.000e-12  1.1904000    34.7279    34.7282     0.0003    -0.0002    27.1641    27.1644     67.852     67.959    1480.55    1480.55     6.2618     6.3579    93.1960    94.6260  0.000e+00
      40183     69.000     7.2872     7.2870    3.53374    3.53362          1     3.5314     3.2906      68.51      0.351     0.3721     0.2392  1.000e-12  1.3375000    34.7330    34.7318    -0.0011    -0.0002    27.1681    27.1672     68.348     68.455    1480.56    1480.56     6.2656     6.3544    93.2550    94.5760  0.000e+00
      40202     69.500     7.2871     7.2869    3.53389    3.53376          1     3.5319     3.2896      67.91      0.496     0.4071     0.2390  1.000e-12  1.5948000    34.7345    34.7332    -0.0014    -0.0001    27.1694    27.1683     68.843     68.951    1480.57    1480.57     6.2665     6.3511    93.2700    94.5280  0.000e+00
      40219     70.000     7.2875     7.2874    3.53412    3.53403          1     3.5324     3.2895      67.59      0.635     0.3866     0.2465  1.000e-12  1.4711000    34.7363    34.7354    -0.0009    -0.0001    27.1707    27.1700     69.338     69.447    1480.59    1480.58     6.2654     6.3549    93.2560    94.5870  0.000e+00
      40235     70.500     7.2883     7.2881    3.53460    3.53438          1     3.5322     3.2894      67.18      0.719     0.3878     0.2638  1.000e-12  1.5024000    34.7406    34.7384    -0.0022    -0.0002    27.1740    27.1722     69.833     69.943    1480.60    1480.60     6.2621     6.3538    93.2100    94.5740  0.000e+00
      40257     71.000     7.2885     7.2882    3.53471    3.53450          1     3.5316     3.2887      66.37      0.668     0.4113     0.2253  1.000e-12  1.7523000    34.7413    34.7392    -0.0021    -0.0003    27.1745    27.1729     70.328     70.438    1480.61    1480.61     6.2609     6.3468    93.1940    94.4700  0.000e+00
      40288     71.500     7.2885     7.2886    3.53479    3.53475          1     3.5313     3.2871      65.66      0.421     0.3931     0.3022  1.000e-12  1.4668000    34.7419    34.7414    -0.0005     0.0001    27.1750    27.1746     70.823     70.934    1480.62    1480.62     6.2637     6.3455    93.2350    94.4540  0.000e+00
      40315     72.000     7.2896     7.2896    3.53537    3.53534          1     3.5316     3.2871      65.40      0.389     0.3809     0.2378  1.000e-12  1.4445000    34.7469    34.7465    -0.0004     0.0000    27.1788    27.1785     71.319     71.430    1480.64    1480.64     6.2631     6.3520    93.2320    94.5560  0.000e+00
      40333     72.500     7.2930     7.2929    3.53657    3.53643          1     3.5312     3.2869      65.09      0.529     0.3796     0.1963  1.000e-12  1.5656000    34.7563    34.7549    -0.0014    -0.0001    27.1857    27.1846     71.814     71.926    1480.67    1480.67     6.2613     6.3534    93.2190    94.5880  0.000e+00
      40349     73.000     7.2951     7.2949    3.53707    3.53692          1     3.5312     3.2876      64.68      0.663     0.3910     0.2062  1.000e-12  1.6387000    34.7595    34.7580    -0.0015    -0.0002    27.1879    27.1867     72.309     72.422    1480.69    1480.69     6.2611     6.3589    93.2220    94.6760  0.000e+00
      40370     73.500     7.2965     7.2963    3.53737    3.53716          1     3.5308     3.2882      64.14      0.673     0.3834     0.2330  1.000e-12  1.4624000    34.7611    34.7590    -0.0021    -0.0002    27.1889    27.1873     72.804     72.917    1480.71    1480.70     6.2602     6.3579    93.2120    94.6650  0.000e+00
