ctdpy/tests/etc/exprapp_feb_2020/SBE09_1387_20200203_0514_77_10_0100.cnv
* Sea-Bird SBE 9 Data File:
* FileName = L:\2020\sv20d0100.hex
* Software Version Seasave V 7.26.7.121
* Temperature SN = 6378
* Conductivity SN = 4824
* Number of Bytes Per Scan = 41
* Number of Voltage Words = 4
* Number of Scans Averaged by the Deck Unit = 1
* NMEA Latitude = 57 47.51 N
* NMEA Longitude = 008 47.84 E
* NMEA UTC (Time) = Feb 03 2020  05:14:16
* NMEA baud rate = 4800
** Station:  36N Hanstholm
** Operator:  A-KTh
** Ship: SVEA
** Average sound velocity: 1483.57 m/s
** True-depth calculation Mon, 03 Feb 2020 10:24:45 +0000
** CTD Python Module SMHI /ver 3-12/ feb 2012 
** LIMS Job: 20207710-0100
** Cruise: SMHI-02-2020
** Latitude [GG MM.mm N] :
** Longitude [GGG MM.mm E]:
# nquan = 30
# nvalues = 466                         
# units = specified
# name 0 = scan: Scan Count
# name 1 = prDM: Pressure, Digiquartz [db]
# name 2 = t090C: Temperature [ITS-90, deg C]
# name 3 = t190C: Temperature, 2 [ITS-90, deg C]
# name 4 = c0S/m: Conductivity [S/m]
# name 5 = c1S/m: Conductivity, 2 [S/m]
# name 6 = pumps: Pump Status
# name 7 = sbeox0V: Oxygen raw, SBE 43 [V]
# name 8 = sbeox1V: Oxygen raw, SBE 43, 2 [V]
# name 9 = altM: Altimeter [m]
# name 10 = dz/dtM: Descent Rate [m/s]
# name 11 = flECO-AFL: Chl-a Fluorescence, WET Labs ECO-AFL/FL [mg/m^3]
# name 12 = flECO-AFL1: Phycocyanin Fluorescence, WET Labs ECO-AFL/FL, 2 [mg/m^3]
# name 13 = par: PAR/Irradiance, Biospherical/Lico [µE/(cm^2*s)]
# name 14 = turbWETntu0: Turbidity, WET Labs ECO [NTU]
# name 15 = sal00: Salinity, Practical [PSU]
# name 16 = sal11: Salinity, Practical, 2 [PSU]
# name 17 = secS-priS: Salinity, Practical, Difference, 2 - 1 [PSU]
# name 18 = T2-T190C: Temperature Difference, 2 - 1 [ITS-90, deg C]
# name 19 = sigma-t00: Density [sigma-t, kg/m^3 ]
# name 20 = sigma-t11: Density, 2 [sigma-t, kg/m^3 ]
# name 21 = depSM: Depth [salt water, m], lat = 57.7918
# name 22 = depFM: Depth [true depth, m], lat = 57.7918
# name 23 = svCM: Sound Velocity [Chen-Millero, m/s]
# name 24 = svCM1: Sound Velocity, 2 [Chen-Millero, m/s]
# name 25 = sbeox0ML/L: Oxygen, SBE 43 [ml/l], WS = 2
# name 26 = sbeox1ML/L: Oxygen, SBE 43, 2 [ml/l], WS = 2
# name 27 = sbeox0PS: Oxygen, SBE 43 [% saturation], WS = 2
# name 28 = sbeox1PS: Oxygen, SBE 43, 2 [% saturation], WS = 2
# name 29 = flag: flag
# span 0 =      14278,      29130       
# span 1 =      1.000,    233.500       
# span 2 =     6.5875,     8.5172       
# span 3 =     6.5876,     8.5172       
# span 4 =   3.267460,   3.649624       
# span 5 =   3.267363,   3.648987       
# span 6 =          1,          1       
# span 7 =     3.2676,     3.5485       
# span 8 =     3.0494,     3.3021       
# span 9 =       0.53,     100.44       
# span 10 =     -0.241,      0.842      
# span 11 =     0.1722,     0.7950      
# span 12 =     0.1115,     0.3368      
# span 13 = -1.976e-05, 2.3193e+00      
# span 14 =     0.1549,     1.1155      
# span 15 =    32.5247,    35.1454      
# span 16 =    32.5236,    35.1440      
# span 17 =    -0.0553,     0.0162      
# span 18 =    -0.0377,     0.0061      
# span 19 =    25.5231,    27.4267      
# span 20 =    25.5222,    27.4257      
# span 21 =      0.991,    231.210      
# span 22 =      0.993,    231.536      
# span 23 =    1473.97,    1485.53      
# span 24 =    1473.97,    1485.51      
# span 25 =     5.4830,     6.4681      
# span 26 =     5.5361,     6.5586      
# span 27 =     83.576,     93.535      
# span 28 =     84.385,     94.800      
# span 29 = 0.0000e+00, 0.0000e+00      
# interval = decibars: 0.5              
# start_time = Feb 03 2020 05:14:17 [NMEA time, first data scan]
# bad_flag = -9.990e-29
*END*
[from data line 194]
      19342     98.000     7.9829     7.9826    3.63470    3.63456          1     3.4812     3.2427      97.72      0.573     0.1964     0.2315  1.000e-12  0.1884000    35.1147    35.1134    -0.0013    -0.0003    27.3665    27.3656     97.070     97.206    1484.16    1484.16     6.0603     6.1479    91.8610    93.1870  0.000e+00
      19361     98.500     7.9806     7.9804    3.63460    3.63444          1     3.4823     3.2433      97.71      0.645     0.1962     0.2219  1.000e-12  0.1779000    35.1157    35.1142    -0.0015    -0.0002    27.3677    27.3666     97.566     97.702    1484.16    1484.16     6.0613     6.1479    91.8720    93.1830  0.000e+00
      19383     99.000     7.9790     7.9788    3.63450    3.63435          1     3.4836     3.2435      97.72      0.604     0.1957     0.1941  1.000e-12  0.2008000    35.1160    35.1145    -0.0015    -0.0002    27.3682    27.3671     98.061     98.198    1484.17    1484.16     6.0652     6.1473    91.9280    93.1710  0.000e+00
      19408     99.500     7.9781     7.9779    3.63444    3.63429          1     3.4850     3.2438      66.74      0.511     0.1951     0.2280  1.000e-12  0.1887000    35.1160    35.1145    -0.0014    -0.0002    27.3683    27.3672     98.556     98.693    1484.17    1484.17     6.0672     6.1539    91.9560    93.2680  0.000e+00
      19433    100.000     7.9767     7.9763    3.63434    3.63416          1     3.4862     3.2455      96.86      0.484     0.2047     0.2039  1.000e-12  0.1964000    35.1160    35.1145    -0.0015    -0.0004    27.3686    27.3675     99.051     99.189    1484.17    1484.17     6.0677     6.1628    91.9600    93.4000  0.000e+00
      19464    100.500     7.9748     7.9747    3.63420    3.63405          1     3.4858     3.2467      64.28      0.426     0.2090     0.2121  1.000e-12  0.1839000    35.1162    35.1147    -0.0015    -0.0001    27.3690    27.3678     99.546     99.685    1484.18    1484.17     6.0642     6.1606    91.9040    93.3630  0.000e+00
      19497    101.000     7.9742     7.9741    3.63417    3.63402          1     3.4864     3.2481      88.37      0.332     0.1953     0.1945  1.000e-12  0.1886000    35.1162    35.1147    -0.0015    -0.0001    27.3691    27.3679    100.041    100.180    1484.18    1484.18     6.0721     6.1654    92.0230    93.4350  0.000e+00
      19519    101.500     7.9739     7.9734    3.63418    3.63400          1     3.4877     3.2484      97.65      0.442     0.1979     0.2197  1.000e-12  0.1887000    35.1164    35.1150    -0.0015    -0.0006    27.3693    27.3682    100.536    100.676    1484.19    1484.19     6.0739     6.1589    92.0490    93.3350  0.000e+00
      19535    102.000     7.9720     7.9715    3.63404    3.63388          1     3.4879     3.2481      97.71      0.595     0.2106     0.2206  1.000e-12  0.2228000    35.1166    35.1153    -0.0013    -0.0004    27.3697    27.3687    101.032    101.172    1484.19    1484.19     6.0723     6.1604    92.0200    93.3530  0.000e+00
      19551    102.500     7.9708     7.9706    3.63396    3.63380          1     3.4880     3.2484      97.70      0.712     0.2056     0.2192  1.000e-12  0.2107000    35.1167    35.1152    -0.0015    -0.0003    27.3699    27.3688    101.527    101.667    1484.19    1484.19     6.0721     6.1672    92.0150    93.4540  0.000e+00
      19569    103.000     7.9690     7.9688    3.63381    3.63365          1     3.4879     3.2493      97.58      0.736     0.1984     0.2076  1.000e-12  0.1893000    35.1166    35.1151    -0.0015    -0.0003    27.3702    27.3691    102.022    102.163    1484.20    1484.19     6.0728     6.1687    92.0220    93.4740  0.000e+00
      19595    103.500     7.9683     7.9683    3.63376    3.63363          1     3.4883     3.2496      97.51      0.571     0.2106     0.2289  1.000e-12  0.1977000    35.1165    35.1151    -0.0014     0.0001    27.3702    27.3691    102.517    102.659    1484.20    1484.20     6.0758     6.1693    92.0670    93.4830  0.000e+00
      19635    104.000     7.9676     7.9678    3.63371    3.63360          1     3.4892     3.2503      97.72      0.289     0.2022     0.2077  1.000e-12  0.2078000    35.1165    35.1151    -0.0014     0.0002    27.3703    27.3691    103.012    103.155    1484.21    1484.21     6.0791     6.1659    92.1140    93.4300  0.000e+00
      19663    104.500     7.9657     7.9656    3.63356    3.63341          1     3.4898     3.2495      97.70      0.353     0.2111     0.2119  1.000e-12  0.2064000    35.1164    35.1151    -0.0014    -0.0001    27.3705    27.3695    103.507    103.650    1484.21    1484.21     6.0797     6.1655    92.1200    93.4180  0.000e+00
      19682    105.000     7.9641     7.9637    3.63342    3.63324          1     3.4900     3.2502      56.77      0.508     0.2005     0.2306  1.000e-12  0.1969000    35.1164    35.1149    -0.0015    -0.0004    27.3707    27.3696    104.002    104.146    1484.21    1484.21     6.0811     6.1731    92.1380    93.5290  0.000e+00
      19699    105.500     7.9588     7.9585    3.63292    3.63276          1     3.4904     3.2504      97.55      0.643     0.2023     0.1918  1.000e-12  0.2003000    35.1161    35.1146    -0.0015    -0.0002    27.3713    27.3702    104.497    104.642    1484.20    1484.19     6.0811     6.1707    92.1260    93.4820  0.000e+00
      19716    106.000     7.9580     7.9577    3.63286    3.63270          1     3.4902     3.2502      97.60      0.714     0.2112     0.1996  1.000e-12  0.2126000    35.1160    35.1145    -0.0014    -0.0003    27.3713    27.3702    104.993    105.137    1484.20    1484.20     6.0766     6.1658    92.0570    93.4060  0.000e+00
      19738    106.500     7.9572     7.9570    3.63281    3.63267          1     3.4886     3.2497      70.62      0.647     0.2111     0.2107  1.000e-12  0.1904000    35.1160    35.1147    -0.0013    -0.0002    27.3715    27.3705    105.488    105.633    1484.21    1484.21     6.0720     6.1705    91.9850    93.4760  0.000e+00
      19772    107.000     7.9565     7.9570    3.63278    3.63272          1     3.4866     3.2504      95.35      0.402     0.2114     0.2123  1.000e-12  0.1945000    35.1161    35.1150    -0.0011     0.0005    27.3717    27.3707    105.983    106.129    1484.21    1484.21     6.0668     6.1705    91.9050    93.4760  0.000e+00
      19807    107.500     7.9562     7.9561    3.63279    3.63265          1     3.4842     3.2492      68.02      0.308     0.2019     0.2382  1.000e-12  0.2117000    35.1163    35.1148    -0.0015    -0.0001    27.3719    27.3707    106.478    106.624    1484.22    1484.22     6.0647     6.1593    91.8730    93.3050  0.000e+00
      19828    108.000     7.9553     7.9550    3.63274    3.63258          1     3.4838     3.2477      98.37      0.442     0.2061     0.2072  1.000e-12  0.2111000    35.1164    35.1149    -0.0015    -0.0002    27.3721    27.3709    106.973    107.120    1484.23    1484.22     6.0653     6.1498    91.8800    93.1580  0.000e+00
      19845    108.500     7.9533     7.9530    3.63258    3.63241          1     3.4826     3.2461      97.57      0.593     0.2099     0.2071  1.000e-12  0.2074000    35.1164    35.1149    -0.0015    -0.0003    27.3724    27.3713    107.468    107.616    1484.23    1484.22     6.0638     6.1486    91.8520    93.1360  0.000e+00
      19861    109.000     7.9523     7.9521    3.63251    3.63236          1     3.4825     3.2453      97.54      0.704     0.2019     0.2070  1.000e-12  0.2127000    35.1164    35.1151    -0.0013    -0.0003    27.3725    27.3715    107.963    108.112    1484.23    1484.23     6.0659     6.1503    91.8830    93.1600  0.000e+00
      19882    109.500     7.9521     7.9520    3.63251    3.63238          1     3.4821     3.2438      97.54      0.677     0.2088     0.1805  1.000e-12  0.1989000    35.1164    35.1151    -0.0013    -0.0000    27.3726    27.3715    108.458    108.607    1484.24    1484.24     6.0645     6.1491    91.8610    93.1420  0.000e+00
      19915    110.000     7.9511     7.9510    3.63245    3.63230          1     3.4820     3.2438      97.54      0.412     0.2014     0.1937  1.000e-12  0.2022000    35.1165    35.1150    -0.0015    -0.0001    27.3728    27.3716    108.953    109.103    1484.24    1484.24     6.0684     6.1641    91.9190    93.3660  0.000e+00
      19946    110.500     7.9458     7.9456    3.63192    3.63177          1     3.4819     3.2445      97.54      0.353     0.1960     0.2062  1.000e-12  0.1961000    35.1159    35.1145    -0.0015    -0.0002    27.3731    27.3720    109.449    109.599    1484.23    1484.23     6.0693     6.1676    91.9210    93.4080  0.000e+00
      19967    111.000     7.9424     7.9420    3.63159    3.63141          1     3.4827     3.2458      97.44      0.477     0.1911     0.2085  1.000e-12  0.2143000    35.1155    35.1140    -0.0015    -0.0004    27.3732    27.3721    109.944    110.094    1484.23    1484.22     6.0770     6.1741    92.0300    93.4980  0.000e+00
      19985    111.500     7.9411     7.9406    3.63148    3.63128          1     3.4837     3.2462      45.31      0.589     0.2196     0.2615  1.000e-12  0.2316000    35.1153    35.1137    -0.0016    -0.0006    27.3734    27.3722    110.439    110.590    1484.23    1484.22     6.0808     6.1709    92.0840    93.4480  0.000e+00
      20003    112.000     7.9378     7.9377    3.63116    3.63101          1     3.4849     3.2465      96.32      0.656     0.2064     0.2146  1.000e-12  0.2183000    35.1150    35.1135    -0.0014    -0.0001    27.3736    27.3724    110.934    111.086    1484.22    1484.22     6.0812     6.1747    92.0840    93.4980  0.000e+00
      20022    112.500     7.9351     7.9349    3.63091    3.63074          1     3.4850     3.2472      97.47      0.656     0.2056     0.1803  1.000e-12  0.2129000    35.1147    35.1132    -0.0015    -0.0003    27.3738    27.3726    111.429    111.581    1484.22    1484.22     6.0802     6.1757    92.0630    93.5070  0.000e+00
      20050    113.000     7.9340     7.9344    3.63082    3.63073          1     3.4857     3.2473      63.23      0.527     0.2113     0.1964  1.000e-12  0.2130000    35.1146    35.1133    -0.0013     0.0004    27.3738    27.3728    111.924    112.077    1484.23    1484.22     6.0816     6.1705    92.0820    93.4270  0.000e+00
      20102    113.500     7.9363     7.9375    3.63106    3.63103          1     3.4855     3.2477     100.44      0.179     0.2211     0.2585  1.000e-12  0.2199000    35.1147    35.1133    -0.0015     0.0012    27.3736    27.3723    112.419    112.573    1484.24    1484.24     6.0859     6.1836    92.1510    93.6320  0.000e+00
      20126    114.000     7.9319     7.9314    3.63063    3.63047          1     3.4880     3.2493      97.66      0.361     0.2198     0.2344  1.000e-12  0.2117000    35.1143    35.1129    -0.0014    -0.0004    27.3740    27.3729    112.914    113.069    1484.23    1484.23     6.0934     6.1778    92.2550    93.5320  0.000e+00
      20142    114.500     7.9218     7.9208    3.62961    3.62938          1     3.4881     3.2484      97.64      0.560     0.2193     0.2394  1.000e-12  0.2130000    35.1131    35.1117    -0.0015    -0.0010    27.3745    27.3735    113.409    113.564    1484.20    1484.20     6.0899     6.1681    92.1810    93.3620  0.000e+00
      20156    115.000     7.9148     7.9145    3.62892    3.62876          1     3.4884     3.2474      97.06      0.713     0.2115     0.2344  1.000e-12  0.2672000    35.1125    35.1111    -0.0015    -0.0004    27.3751    27.3740    113.905    114.060    1484.18    1484.18     6.0891     6.1689    92.1540    93.3610  0.000e+00
      20170    115.500     7.9126     7.9124    3.62873    3.62858          1     3.4876     3.2471      29.77      0.818     0.2114     0.2210  1.000e-12  0.2426000    35.1124    35.1111    -0.0014    -0.0002    27.3754    27.3743    114.400    114.556    1484.18    1484.18     6.0890     6.1753    92.1480    93.4530  0.000e+00
      20186    116.000     7.9209     7.9202    3.62977    3.62959          1     3.4878     3.2473      85.06      0.842     0.2114     0.2296  1.000e-12  0.1912000    35.1151    35.1138    -0.0013    -0.0006    27.3762    27.3752    114.895    115.051    1484.23    1484.22     6.0914     6.1802    92.2020    93.5440  0.000e+00
      20210    116.500     7.9236     7.9233    3.63014    3.62994          1     3.4883     3.2479      83.33      0.666     0.2185     0.2356  1.000e-12  0.2231000    35.1161    35.1142    -0.0019    -0.0003    27.3766    27.3751    115.390    115.547    1484.25    1484.24     6.0905     6.1826    92.1950    93.5880  0.000e+00
      20268    117.000     7.9231     7.9223    3.63005    3.62977          1     3.4865     3.2490      75.66      0.159     0.2017     0.2113  1.000e-12  0.2056000    35.1154    35.1132    -0.0023    -0.0008    27.3761    27.3745    115.885    116.043    1484.25    1484.24     6.0839     6.1841    92.0940    93.6080  0.000e+00
      20292    117.500     7.9230     7.9223    3.63013    3.62989          1     3.4863     3.2493      36.86      0.342     0.2066     0.2296  1.000e-12  0.2170000    35.1161    35.1142    -0.0019    -0.0006    27.3767    27.3753    116.380    116.538    1484.26    1484.26     6.0862     6.1825    92.1290    93.5840  0.000e+00
      20308    118.000     7.9213     7.9211    3.62999    3.62984          1     3.4860     3.2492      85.31      0.561     0.2114     0.2345  1.000e-12  0.2324000    35.1160    35.1147    -0.0014    -0.0002    27.3769    27.3759    116.875    117.034    1484.26    1484.26     6.0860     6.1776    92.1230    93.5080  0.000e+00
      20322    118.500     7.9206     7.9204    3.62994    3.62979          1     3.4857     3.2484      79.90      0.728     0.2114     0.2354  1.000e-12  0.2311000    35.1159    35.1145    -0.0014    -0.0002    27.3769    27.3758    117.370    117.530    1484.27    1484.26     6.0866     6.1748    92.1310    93.4640  0.000e+00
      20338    119.000     7.9196     7.9194    3.62987    3.62971          1     3.4861     3.2481      97.18      0.806     0.2114     0.2284  1.000e-12  0.2319000    35.1160    35.1145    -0.0015    -0.0003    27.3771    27.3759    117.865    118.026    1484.27    1484.27     6.0881     6.1750    92.1520    93.4650  0.000e+00
      20360    119.500     7.9177     7.9177    3.62969    3.62955          1     3.4858     3.2474      97.66      0.696     0.2105     0.2134  1.000e-12  0.2379000    35.1157    35.1143    -0.0015    -0.0000    27.3772    27.3760    118.360    118.521    1484.27    1484.27     6.0885     6.1801    92.1530    93.5380  0.000e+00
      20394    120.000     7.9169     7.9172    3.62963    3.62953          1     3.4862     3.2484      90.26      0.396     0.2050     0.2281  1.000e-12  0.2385000    35.1156    35.1142    -0.0013     0.0003    27.3772    27.3761    118.855    119.017    1484.28    1484.28     6.0907     6.1882    92.1840    93.6600  0.000e+00
      20428    120.500     7.9161     7.9160    3.62957    3.62943          1     3.4863     3.2491      67.42      0.333     0.2257     0.1886  1.000e-12  0.2490000    35.1155    35.1141    -0.0014    -0.0001    27.3773    27.3762    119.351    119.513    1484.28    1484.28     6.0902     6.1870    92.1740    93.6390  0.000e+00
      20454    121.000     7.9144     7.9142    3.62943    3.62928          1     3.4861     3.2488      98.28      0.422     0.2149     0.1767  1.000e-12  0.2456000    35.1155    35.1141    -0.0014    -0.0002    27.3775    27.3764    119.846    120.008    1484.28    1484.28     6.0905     6.1801    92.1760    93.5310  0.000e+00
