ctdpy/tests/etc/exprapp_feb_2020/SBE09_1387_20200206_1343_77_10_0114.cnv
* Sea-Bird SBE 9 Data File:
* FileName = L:\2020\sv20d0114.hex
* Software Version Seasave V 7.26.7.121
* Temperature SN = 6378
* Conductivity SN = 4824
* Number of Bytes Per Scan = 41
* Number of Voltage Words = 4
* Number of Scans Averaged by the Deck Unit = 1
* NMEA Latitude = 58 20.37 N
* NMEA Longitude = 011 01.32 E
* NMEA UTC (Time) = Feb 06 2020  13:43:04
* NMEA baud rate = 4800
** Station:  Å13
** Operator:  SSip
** Ship: SVEA
** Average sound velocity: 1477.40 m/s
** True-depth calculation Thu, 06 Feb 2020 15:07:18 +0000
** CTD Python Module SMHI /ver 3-12/ feb 2012 
** LIMS Job: 20207710-0114
** Cruise: SMHI-03-2020
** Latitude [GG MM.mm N] :
** Longitude [GGG MM.mm E]:
# nquan = 30
# nvalues = 188                         
# units = specified
# name 0 = scan: Scan Count
# name 1 = prDM: Pressure, Digiquartz [db]
# name 2 = t090C: Temperature [ITS-90, deg C]
# name 3 = t190C: Temperature, 2 [ITS-90, deg C]
# name 4 = c0S/m: Conductivity [S/m]
# name 5 = c1S/m: Conductivity, 2 [S/m]
# name 6 = pumps: Pump Status
# name 7 = sbeox0V: Oxygen raw, SBE 43 [V]
# name 8 = sbeox1V: Oxygen raw, SBE 43, 2 [V]
# name 9 = altM: Altimeter [m]
# name 10 = dz/dtM: Descent Rate [m/s]
# name 11 = flECO-AFL: Chl-a Fluorescence, WET Labs ECO-AFL/FL [mg/m^3]
# name 12 = flECO-AFL1: Phycocyanin Fluorescence, WET Labs ECO-AFL/FL, 2 [mg/m^3]
# name 13 = par: PAR/Irradiance, Biospherical/Lico [µE/(cm^2*s)]
# name 14 = turbWETntu0: Turbidity, WET Labs ECO [NTU]
# name 15 = sal00: Salinity, Practical [PSU]
# name 16 = sal11: Salinity, Practical, 2 [PSU]
# name 17 = secS-priS: Salinity, Practical, Difference, 2 - 1 [PSU]
# name 18 = T2-T190C: Temperature Difference, 2 - 1 [ITS-90, deg C]
# name 19 = sigma-t00: Density [sigma-t, kg/m^3 ]
# name 20 = sigma-t11: Density, 2 [sigma-t, kg/m^3 ]
# name 21 = depSM: Depth [salt water, m], lat = 58.3395
# name 22 = depFM: Depth [true depth, m], lat = 58.3395
# name 23 = svCM: Sound Velocity [Chen-Millero, m/s]
# name 24 = svCM1: Sound Velocity, 2 [Chen-Millero, m/s]
# name 25 = sbeox0ML/L: Oxygen, SBE 43 [ml/l], WS = 2
# name 26 = sbeox1ML/L: Oxygen, SBE 43, 2 [ml/l], WS = 2
# name 27 = sbeox0PS: Oxygen, SBE 43 [% saturation], WS = 2
# name 28 = sbeox1PS: Oxygen, SBE 43, 2 [% saturation], WS = 2
# name 29 = flag: flag
# span 0 =      71494,      76955       
# span 1 =      1.500,     95.000       
# span 2 =     6.0517,     7.1534       
# span 3 =     6.0496,     7.1532       
# span 4 =   3.154523,   3.482341       
# span 5 =   3.153441,   3.482196       
# span 6 =          1,          1       
# span 7 =     3.4870,     3.6152       
# span 8 =     3.2451,     3.3616       
# span 9 =       1.38,     103.84       
# span 10 =     -0.184,      0.766      
# span 11 =     0.4264,     1.0592      
# span 12 =     0.1743,     0.3415      
# span 13 = -6.934e-06, 6.9774e+01      
# span 14 =     0.7333,     4.5166      
# span 15 =    31.7797,    34.2921      
# span 16 =    31.7695,    34.2907      
# span 17 =    -0.0718,     0.4068      
# span 18 =    -0.0151,     0.0858      
# span 19 =    25.0025,    26.8399      
# span 20 =    24.9948,    26.8388      
# span 21 =      1.486,     94.095      
# span 22 =      1.491,     94.262      
# span 23 =    1470.92,    1479.92      
# span 24 =    1470.90,    1479.92      
# span 25 =     6.2196,     6.7231      
# span 26 =     6.2996,     6.8298      
# span 27 =     91.965,     95.402      
# span 28 =     93.196,     96.994      
# span 29 = 0.0000e+00, 0.0000e+00      
# interval = decibars: 0.5              
# start_time = Feb 06 2020 13:43:04 [NMEA time, first data scan]
# bad_flag = -9.990e-29
*END*
[from data line 146]
      75140     74.500     7.0574     7.0572    3.46101    3.46084          1     3.4933     3.2519      22.24      0.600     0.4710     0.2615  1.000e-12  3.1259000    34.1633    34.1615    -0.0017    -0.0002    26.7517    26.7504     73.794     73.927    1479.05    1479.05     6.2398     6.3263    92.0400    93.3150  0.000e+00
      75158     75.000     7.0587     7.0581    3.46127    3.46107          1     3.4933     3.2518      21.71      0.664     0.4682     0.2823  1.000e-12  3.1558000    34.1646    34.1628    -0.0018    -0.0005    26.7526    26.7513     74.289     74.423    1479.07    1479.07     6.2411     6.3314    92.0630    93.3930  0.000e+00
      75178     75.500     7.0611     7.0616    3.46162    3.46159          1     3.4935     3.2525      21.15      0.664     0.4619     0.2392  1.000e-12  3.3902000    34.1657    34.1650    -0.0007     0.0004    26.7531    26.7525     74.785     74.919    1479.09    1479.09     6.2413     6.3337    92.0710    93.4360  0.000e+00
      75205     76.000     7.0615     7.0625    3.46170    3.46172          1     3.4934     3.2525      20.60      0.518     0.4652     0.2560  1.000e-12  3.4172000    34.1659    34.1652    -0.0007     0.0010    26.7533    26.7525     75.280     75.415    1479.10    1479.10     6.2409     6.3273    92.0670    93.3430  0.000e+00
      75240     76.500     7.0637     7.0642    3.46206    3.46204          1     3.4934     3.2518      20.01      0.346     0.4684     0.2324  1.000e-12  3.4030000    34.1675    34.1668    -0.0008     0.0006    26.7542    26.7535     75.775     75.911    1479.12    1479.12     6.2409     6.3258    92.0720    93.3250  0.000e+00
      75270     77.000     7.0658     7.0659    3.46244    3.46235          1     3.4933     3.2517      19.53      0.372     0.4508     0.2536  1.000e-12  3.5320000    34.1694    34.1683    -0.0011     0.0001    26.7554    26.7545     76.270     76.407    1479.14    1479.14     6.2404     6.3267    92.0710    93.3430  0.000e+00
      75295     77.500     7.0668     7.0660    3.46264    3.46239          1     3.4933     3.2514      19.10      0.442     0.4595     0.2451  1.000e-12  3.1635000    34.1703    34.1684    -0.0018    -0.0008    26.7559    26.7546     76.765     76.903    1479.15    1479.14     6.2408     6.3229    92.0800    93.2870  0.000e+00
      75315     78.000     7.0669     7.0662    3.46267    3.46247          1     3.4933     3.2507      18.66      0.523     0.4613     0.2627  1.000e-12  3.1376000    34.1704    34.1688    -0.0016    -0.0007    26.7560    26.7549     77.260     77.399    1479.16    1479.15     6.2421     6.3209    92.0980    93.2590  0.000e+00
      75332     78.500     7.0679     7.0675    3.46290    3.46272          1     3.4934     3.2503      18.20      0.622     0.4630     0.2637  1.000e-12  3.1604000    34.1715    34.1700    -0.0015    -0.0004    26.7567    26.7556     77.756     77.895    1479.17    1479.17     6.2426     6.3187    92.1100    93.2300  0.000e+00
      75348     79.000     7.0691     7.0691    3.46311    3.46300          1     3.4936     3.2496      17.65      0.701     0.4759     0.2609  1.000e-12  3.1334000    34.1724    34.1712    -0.0012    -0.0000    26.7573    26.7564     78.251     78.391    1479.18    1479.18     6.2420     6.3183    92.1040    93.2280  0.000e+00
      75369     79.500     7.0695     7.0693    3.46317    3.46304          1     3.4933     3.2495      16.74      0.682     0.4841     0.2751  1.000e-12  4.5166000    34.1725    34.1712    -0.0013    -0.0001    26.7573    26.7563     78.746     78.887    1479.20    1479.19     6.2412     6.3257    92.0930    93.3380  0.000e+00
      75403     80.000     7.0686     7.0693    3.46308    3.46304          1     3.4928     3.2498      16.44      0.405     0.4674     0.2903  1.000e-12  3.4881000    34.1722    34.1710    -0.0011     0.0007    26.7572    26.7562     79.241     79.383    1479.20    1479.20     6.2385     6.3242    92.0500    93.3160  0.000e+00
      75441     80.500     7.0723     7.0723    3.46370    3.46361          1     3.4918     3.2492      15.99      0.295     0.4726     0.1991  1.000e-12  3.1644000    34.1751    34.1740    -0.0010     0.0000    26.7589    26.7581     79.736     79.879    1479.23    1479.23     6.2374     6.3162    92.0440    93.2050  0.000e+00
      75464     81.000     7.0759     7.0757    3.46441    3.46428          1     3.4917     3.2481      15.60      0.427     0.4803     0.2051  1.000e-12  3.2938000    34.1789    34.1777    -0.0012    -0.0002    26.7615    26.7606     80.231     80.375    1479.25    1479.25     6.2363     6.3172    92.0380    93.2310  0.000e+00
      75481     81.500     7.0799     7.0806    3.46537    3.46540          1     3.4912     3.2484      15.19      0.564     0.4808     0.2614  1.000e-12  3.5006000    34.1853    34.1849    -0.0004     0.0007    26.7659    26.7655     80.727     80.871    1479.29    1479.29     6.2349     6.3261    92.0290    93.3770  0.000e+00
      75497     82.000     7.0845     7.0846    3.46638    3.46629          1     3.4911     3.2491      14.76      0.674     0.4613     0.3177  1.000e-12  3.5148000    34.1915    34.1905    -0.0010     0.0001    26.7702    26.7694     81.222     81.367    1479.32    1479.32     6.2356     6.3291    92.0530    93.4320  0.000e+00
      75514     82.500     7.0873     7.0872    3.46700    3.46686          1     3.4911     3.2496      14.25      0.730     0.4815     0.2681  1.000e-12  3.5786000    34.1954    34.1939    -0.0014    -0.0001    26.7729    26.7718     81.717     81.863    1479.34    1479.34     6.2368     6.3306    92.0790    93.4620  0.000e+00
      75536     83.000     7.0903     7.0887    3.46769    3.46723          1     3.4915     3.2504      13.68      0.651     0.4795     0.2463  1.000e-12  3.8256000    34.1996    34.1961    -0.0035    -0.0016    26.7758    26.7732     82.212     82.359    1479.37    1479.36     6.2365     6.3252    92.0840    93.3870  0.000e+00
      75574     83.500     7.0915     7.0947    3.46791    3.46839          1     3.4908     3.2494      13.04      0.356     0.4630     0.2477  1.000e-12  3.5173000    34.2006    34.2027     0.0020     0.0032    26.7764    26.7776     82.707     82.855    1479.38    1479.40     6.2320     6.3174    92.0200    93.2880  0.000e+00
      75609     84.000     7.1117     7.1147    3.47250    3.47310          1     3.4900     3.2488      12.58      0.302     0.4563     0.2543  1.000e-12  2.8673000    34.2307    34.2343     0.0036     0.0030    26.7973    26.7997     83.202     83.351    1479.50    1479.52     6.2275     6.3151    92.0140    93.3170  0.000e+00
      75629     84.500     7.1183     7.1177    3.47404    3.47388          1     3.4896     3.2492      12.19      0.463     0.4502     0.1781  1.000e-12  2.8188000    34.2408    34.2396    -0.0012    -0.0006    26.8043    26.8035     83.697     83.847    1479.55    1479.55     6.2242     6.3200    91.9850    93.3990  0.000e+00
      75645     85.000     7.1212     7.1213    3.47477    3.47466          1     3.4891     3.2493      11.79      0.613     0.4530     0.3079  1.000e-12  3.1685000    34.2455    34.2443    -0.0012     0.0001    26.8076    26.8067     84.193     84.343    1479.58    1479.58     6.2253     6.3215    92.0100    93.4320  0.000e+00
      75662     85.500     7.1240     7.1232    3.47540    3.47512          1     3.4895     3.2500      11.29      0.701     0.4654     0.3180  1.000e-12  3.3635000    34.2494    34.2472    -0.0023    -0.0008    26.8103    26.8087     84.688     84.839    1479.60    1479.59     6.2285     6.3196    92.0670    93.4090  0.000e+00
      75683     86.000     7.1236     7.1272    3.47530    3.47595          1     3.4898     3.2495      10.75      0.672     0.4747     0.3024  1.000e-12  3.2687000    34.2484    34.2521     0.0036     0.0036    26.8096    26.8120     85.183     85.335    1479.61    1479.62     6.2286     6.3156    92.0650    93.3630  0.000e+00
      75712     86.500     7.1264     7.1267    3.47600    3.47585          1     3.4898     3.2502      10.15      0.470     0.4669     0.2411  1.000e-12  3.1257000    34.2532    34.2512    -0.0019     0.0003    26.8129    26.8114     85.678     85.831    1479.63    1479.63     6.2275     6.3228    92.0580    93.4660  0.000e+00
      75747     87.000     7.1296     7.1313    3.47668    3.47695          1     3.4895     3.2499       9.61      0.346     0.4622     0.2882  1.000e-12  3.4132000    34.2571    34.2584     0.0013     0.0017    26.8156    26.8164     86.173     86.327    1479.66    1479.66     6.2241     6.3093    92.0180    93.2810  0.000e+00
      75777     87.500     7.1410     7.1417    3.47921    3.47943          1     3.4887     3.2483       9.15      0.381     0.4614     0.2930  1.000e-12  2.9649000    34.2733    34.2750     0.0016     0.0008    26.8268    26.8280     86.668     86.823    1479.73    1479.73     6.2214     6.3014    92.0100    93.1960  0.000e+00
      75802     88.000     7.1521     7.1515    3.48184    3.48163          1     3.4890     3.2471       8.72      0.447     0.4648     0.2755  1.000e-12  3.1914000    34.2908    34.2891    -0.0017    -0.0007    26.8390    26.8378     87.163     87.319    1479.80    1479.80     6.2239     6.3020    92.0820    93.2360  0.000e+00
      75831     88.500     7.1490     7.1496    3.48125    3.48125          1     3.4890     3.2473       8.18      0.450     0.4799     0.2714  1.000e-12  3.3310000    34.2872    34.2866    -0.0005     0.0006    26.8366    26.8361     87.659     87.815    1479.79    1479.80     6.2208     6.3115    92.0280    93.3700  0.000e+00
      75876     89.000     7.1485     7.1475    3.48114    3.48077          1     3.4885     3.2480       7.60      0.253     0.4709     0.2900  1.000e-12  3.4227000    34.2862    34.2831    -0.0031    -0.0010    26.8359    26.8336     88.154     88.311    1479.80    1479.79     6.2213     6.3101    92.0330    93.3430  0.000e+00
      75909     89.500     7.1526     7.1521    3.48199    3.48182          1     3.4883     3.2472       7.19      0.327     0.4575     0.3288  1.000e-12  3.8672000    34.2912    34.2899    -0.0014    -0.0005    26.8393    26.8383     88.649     88.807    1479.83    1479.83     6.2200     6.3035    92.0260    93.2590  0.000e+00
      75938     90.000     7.1527     7.1524    3.48204    3.48189          1     3.4884     3.2468       6.71      0.416     0.4607     0.3235  1.000e-12  3.7433000    34.2914    34.2901    -0.0013    -0.0003    26.8394    26.8384     89.144     89.303    1479.84    1479.83     6.2228     6.3064    92.0670    93.3030  0.000e+00
      75984     90.500     7.1519     7.1520    3.48194    3.48182          1     3.4889     3.2468       6.13      0.272     0.4617     0.2394  1.000e-12  3.3139000    34.2908    34.2894    -0.0014     0.0001    26.8391    26.8379     89.639     89.799    1479.84    1479.84     6.2235     6.3085    92.0760    93.3320  0.000e+00
      76043     91.000     7.1518     7.1513    3.48189    3.48166          1     3.4884     3.2473       5.62      0.187     0.4518     0.2555  1.000e-12  3.5280000    34.2902    34.2882    -0.0020    -0.0004    26.8386    26.8371     90.134     90.295    1479.85    1479.85     6.2196     6.3145    92.0180    93.4190  0.000e+00
      76118     91.500     7.1513     7.1510    3.48179    3.48161          1     3.4870     3.2469       5.11      0.178     0.4657     0.2715  1.000e-12  3.2861000    34.2893    34.2876    -0.0017    -0.0003    26.8380    26.8367     90.629     90.791    1479.85    1479.85     6.2200     6.3095    92.0230    93.3440  0.000e+00
      76242     92.000     7.1519     7.1518    3.48194    3.48179          1     3.4882     3.2458       4.57      0.128     0.4728     0.2516  1.000e-12  3.1569000    34.2901    34.2887    -0.0014    -0.0001    26.8385    26.8374     91.124     91.287    1479.87    1479.86     6.2216     6.3111    92.0470    93.3700  0.000e+00
      76326     92.500     7.1524     7.1523    3.48207    3.48195          1     3.4874     3.2451       4.12      0.193     0.4638     0.2573  1.000e-12  3.5457000    34.2908    34.2896    -0.0012    -0.0001    26.8390    26.8380     91.620     91.783    1479.88    1479.88     6.2196     6.3060    92.0190    93.2960  0.000e+00
      76409     93.000     7.1523     7.1527    3.48211    3.48204          1     3.4885     3.2464       3.59      0.139     0.4680     0.2980  1.000e-12  3.4067000    34.2911    34.2899    -0.0012     0.0003    26.8392    26.8382     92.115     92.279    1479.89    1479.89     6.2232     6.3115    92.0730    93.3800  0.000e+00
      76466     93.500     7.1529     7.1527    3.48223    3.48208          1     3.4882     3.2463       3.15      0.234     0.4777     0.2841  1.000e-12  3.2238000    34.2915    34.2901    -0.0014    -0.0002    26.8394    26.8384     92.610     92.775    1479.90    1479.89     6.2232     6.3059    92.0740    93.2970  0.000e+00
      76557     94.000     7.1533     7.1532    3.48233    3.48220          1     3.4879     3.2468       2.61      0.136     0.4714     0.2366  1.000e-12  3.2185000    34.2921    34.2907    -0.0015    -0.0001    26.8399    26.8388     93.105     93.271    1479.91    1479.91     6.2239     6.3098    92.0860    93.3560  0.000e+00
      76612     94.500     7.1534     7.1531    3.48234    3.48218          1     3.4884     3.2460       2.19      0.248     0.4721     0.2795  1.000e-12  3.3511000    34.2918    34.2903    -0.0015    -0.0003    26.8396    26.8385     93.600     93.766    1479.92    1479.91     6.2264     6.3008    92.1230    93.2210  0.000e+00
      76955     95.000     7.1529     7.1528    3.48229    3.48210          1     3.4876     3.2453       1.38     -0.143     0.4755     0.2494  1.000e-12  3.8717000    34.2915    34.2895    -0.0020    -0.0001    26.8394    26.8379     94.095     94.262    1479.92    1479.92     6.2206     6.2996    92.0360    93.2030  0.000e+00
