ctdpy/tests/etc/exprapp_feb_2020/SBE09_1387_20200205_0531_77_10_0110.cnv
* Sea-Bird SBE 9 Data File:
* FileName = L:\2020\sv20d0110.hex
* Software Version Seasave V 7.26.7.121
* Temperature SN = 6378
* Conductivity SN = 4824
* Number of Bytes Per Scan = 41
* Number of Voltage Words = 4
* Number of Scans Averaged by the Deck Unit = 1
* NMEA Latitude = 57 54.17 N
* NMEA Longitude = 009 56.01 E
* NMEA UTC (Time) = Feb 05 2020  05:31:37
* NMEA baud rate = 4800
** Station:  17N Hirtshals
** Operator:  A-KTh
** Ship: SVEA
** Average sound velocity: 1479.51 m/s
** True-depth calculation Wed, 05 Feb 2020 10:27:55 +0000
** CTD Python Module SMHI /ver 3-12/ feb 2012 
** LIMS Job: 20207710-0110
** Cruise: SMHI-02-2020
** Latitude [GG MM.mm N] :
** Longitude [GGG MM.mm E]:
# nquan = 30
# nvalues = 120                         
# units = specified
# name 0 = scan: Scan Count
# name 1 = prDM: Pressure, Digiquartz [db]
# name 2 = t090C: Temperature [ITS-90, deg C]
# name 3 = t190C: Temperature, 2 [ITS-90, deg C]
# name 4 = c0S/m: Conductivity [S/m]
# name 5 = c1S/m: Conductivity, 2 [S/m]
# name 6 = pumps: Pump Status
# name 7 = sbeox0V: Oxygen raw, SBE 43 [V]
# name 8 = sbeox1V: Oxygen raw, SBE 43, 2 [V]
# name 9 = altM: Altimeter [m]
# name 10 = dz/dtM: Descent Rate [m/s]
# name 11 = flECO-AFL: Chl-a Fluorescence, WET Labs ECO-AFL/FL [mg/m^3]
# name 12 = flECO-AFL1: Phycocyanin Fluorescence, WET Labs ECO-AFL/FL, 2 [mg/m^3]
# name 13 = par: PAR/Irradiance, Biospherical/Lico [µE/(cm^2*s)]
# name 14 = turbWETntu0: Turbidity, WET Labs ECO [NTU]
# name 15 = sal00: Salinity, Practical [PSU]
# name 16 = sal11: Salinity, Practical, 2 [PSU]
# name 17 = secS-priS: Salinity, Practical, Difference, 2 - 1 [PSU]
# name 18 = T2-T190C: Temperature Difference, 2 - 1 [ITS-90, deg C]
# name 19 = sigma-t00: Density [sigma-t, kg/m^3 ]
# name 20 = sigma-t11: Density, 2 [sigma-t, kg/m^3 ]
# name 21 = depSM: Depth [salt water, m], lat = 57.9028
# name 22 = depFM: Depth [true depth, m], lat = 57.9028
# name 23 = svCM: Sound Velocity [Chen-Millero, m/s]
# name 24 = svCM1: Sound Velocity, 2 [Chen-Millero, m/s]
# name 25 = sbeox0ML/L: Oxygen, SBE 43 [ml/l], WS = 2
# name 26 = sbeox1ML/L: Oxygen, SBE 43, 2 [ml/l], WS = 2
# name 27 = sbeox0PS: Oxygen, SBE 43 [% saturation], WS = 2
# name 28 = sbeox1PS: Oxygen, SBE 43, 2 [% saturation], WS = 2
# name 29 = flag: flag
# span 0 =      25488,      30067       
# span 1 =      2.500,     62.000       
# span 2 =     6.6161,     7.4905       
# span 3 =     6.6159,     7.4903       
# span 4 =   3.394629,   3.534744       
# span 5 =   3.394469,   3.534598       
# span 6 =          1,          1       
# span 7 =     3.5111,     3.5560       
# span 8 =     3.2679,     3.3112       
# span 9 =       0.49,      59.34       
# span 10 =     -0.194,      0.789      
# span 11 =     0.3946,     0.7092      
# span 12 =     0.2028,     0.3807      
# span 13 = 1.0000e-12, 1.4415e+00      
# span 14 =     0.3524,     1.9858      
# span 15 =    33.9025,    34.5513      
# span 16 =    33.9016,    34.5500      
# span 17 =    -0.0153,     0.0053      
# span 18 =    -0.0286,     0.0220      
# span 19 =    26.6058,    26.9972      
# span 20 =    26.6050,    26.9961      
# span 21 =      2.477,     61.417      
# span 22 =      2.480,     61.497      
# span 23 =    1475.86,    1480.98      
# span 24 =    1475.85,    1480.98      
# span 25 =     6.1857,     6.4106      
# span 26 =     6.2676,     6.5075      
# span 27 =     92.366,     93.479      
# span 28 =     93.589,     94.914      
# span 29 = 0.0000e+00, 0.0000e+00      
# interval = decibars: 0.5              
# start_time = Feb 05 2020 05:31:38 [NMEA time, first data scan]
# bad_flag = -9.990e-29
*END*
[from data line 49]
      27186     27.000     7.4758     7.4752    3.52753    3.52734          1     3.5370     3.2936      35.28      0.360     0.4376     0.2426  1.000e-12  0.7773000    34.4974    34.4959    -0.0015    -0.0006    26.9558    26.9547     26.748     26.784    1480.30    1480.30     6.2177     6.3129    92.7970    94.2160  0.000e+00
      27219     27.500     7.4750     7.4752    3.52748    3.52737          1     3.5362     3.2933      34.82      0.347     0.4089     0.2397  1.000e-12  0.6783000    34.4975    34.4961    -0.0014     0.0002    26.9560    26.9549     27.244     27.280    1480.31    1480.31     6.2187     6.3105    92.8110    94.1800  0.000e+00
      27247     28.000     7.4742     7.4742    3.52743    3.52730          1     3.5361     3.2931      34.46      0.399     0.4287     0.2061  1.000e-12  0.7745000    34.4974    34.4960    -0.0014    -0.0000    26.9560    26.9549     27.739     27.776    1480.31    1480.31     6.2201     6.3102    92.8300    94.1730  0.000e+00
      27269     28.500     7.4741     7.4748    3.52743    3.52737          1     3.5362     3.2930      34.11      0.482     0.4284     0.2071  1.000e-12  0.7830000    34.4973    34.4960    -0.0013     0.0007    26.9560    26.9548     28.234     28.272    1480.32    1480.32     6.2214     6.3111    92.8480    94.1890  0.000e+00
      27287     29.000     7.4735     7.4739    3.52739    3.52727          1     3.5365     3.2929      33.81      0.580     0.4254     0.2071  1.000e-12  0.7213000    34.4972    34.4954    -0.0017     0.0004    26.9560    26.9545     28.729     28.768    1480.33    1480.33     6.2246     6.3124    92.8950    94.2060  0.000e+00
      27302     29.500     7.4734     7.4733    3.52739    3.52726          1     3.5371     3.2929      33.35      0.686     0.4329     0.2220  1.000e-12  0.7150000    34.4971    34.4958    -0.0013    -0.0001    26.9559    26.9549     29.225     29.264    1480.33    1480.33     6.2264     6.3136    92.9210    94.2220  0.000e+00
      27318     30.000     7.4740     7.4740    3.52749    3.52740          1     3.5372     3.2931      32.78      0.760     0.4518     0.2353  1.000e-12  0.7748000    34.4973    34.4963    -0.0010     0.0001    26.9560    26.9552     29.720     29.760    1480.35    1480.34     6.2248     6.3129    92.8990    94.2130  0.000e+00
      27336     30.500     7.4748     7.4746    3.52764    3.52752          1     3.5372     3.2928      32.07      0.744     0.4592     0.2350  1.000e-12  0.8141000    34.4979    34.4968    -0.0011    -0.0002    26.9563    26.9555     30.215     30.255    1480.36    1480.36     6.2216     6.3074    92.8540    94.1330  0.000e+00
      27364     31.000     7.4750     7.4750    3.52770    3.52758          1     3.5363     3.2923      31.45      0.535     0.4546     0.2528  1.000e-12  0.7539000    34.4981    34.4967    -0.0014     0.0001    26.9565    26.9554     30.711     30.751    1480.37    1480.36     6.2201     6.3120    92.8320    94.2030  0.000e+00
      27408     31.500     7.4742     7.4747    3.52763    3.52757          1     3.5354     3.2921      30.79      0.270     0.4279     0.2345  1.000e-12  0.6989000    34.4979    34.4967    -0.0012     0.0005    26.9564    26.9554     31.206     31.247    1480.37    1480.37     6.2192     6.3105    92.8160    94.1790  0.000e+00
      27446     32.000     7.4749     7.4743    3.52774    3.52755          1     3.5352     3.2918      30.45      0.288     0.4253     0.2683  1.000e-12  0.6767000    34.4982    34.4967    -0.0015    -0.0006    26.9566    26.9555     31.701     31.743    1480.38    1480.38     6.2206     6.3082    92.8390    94.1440  0.000e+00
      27469     32.500     7.4760     7.4752    3.52790    3.52768          1     3.5349     3.2915      30.10      0.431     0.4066     0.3005  1.000e-12  0.7597000    34.4986    34.4970    -0.0016    -0.0009    26.9567    26.9556     32.197     32.239    1480.40    1480.39     6.2194     6.3110    92.8240    94.1880  0.000e+00
      27487     33.000     7.4767     7.4763    3.52801    3.52785          1     3.5349     3.2916      29.69      0.568     0.4345     0.2574  1.000e-12  0.7477000    34.4988    34.4975    -0.0013    -0.0003    26.9568    26.9558     32.692     32.735    1480.41    1480.40     6.2206     6.3083    92.8430    94.1500  0.000e+00
      27502     33.500     7.4773     7.4771    3.52812    3.52798          1     3.5348     3.2908      29.27      0.685     0.4337     0.2425  1.000e-12  0.7500000    34.4992    34.4979    -0.0013    -0.0002    26.9570    26.9560     33.187     33.231    1480.42    1480.42     6.2211     6.3055    92.8530    94.1110  0.000e+00
      27518     34.000     7.4775     7.4772    3.52818    3.52803          1     3.5349     3.2907      28.79      0.753     0.4272     0.2732  1.000e-12  0.7577000    34.4993    34.4980    -0.0013    -0.0003    26.9571    26.9561     33.682     33.727    1480.43    1480.42     6.2226     6.3090    92.8740    94.1630  0.000e+00
      27537     34.500     7.4775     7.4773    3.52823    3.52807          1     3.5352     3.2907      28.24      0.732     0.4294     0.2506  1.000e-12  0.7493000    34.4996    34.4982    -0.0014    -0.0003    26.9573    26.9562     34.178     34.223    1480.44    1480.43     6.2232     6.3134    92.8840    94.2290  0.000e+00
      27562     35.000     7.4774     7.4771    3.52825    3.52809          1     3.5351     3.2916      27.61      0.571     0.4360     0.2493  1.000e-12  0.7500000    34.4997    34.4982    -0.0014    -0.0003    26.9574    26.9563     34.673     34.719    1480.44    1480.44     6.2208     6.3183    92.8480    94.3020  0.000e+00
      27596     35.500     7.4771     7.4770    3.52826    3.52812          1     3.5339     3.2914      27.02      0.372     0.4516     0.2446  1.000e-12  0.7405000    34.4999    34.4984    -0.0015    -0.0001    26.9576    26.9564     35.168     35.214    1480.45    1480.45     6.2162     6.3100    92.7790    94.1780  0.000e+00
      27634     36.000     7.4768     7.4766    3.52825    3.52811          1     3.5326     3.2918      26.44      0.308     0.4200     0.2554  1.000e-12  0.7379000    34.4999    34.4985    -0.0014    -0.0001    26.9576    26.9566     35.664     35.710    1480.46    1480.45     6.2166     6.3207    92.7840    94.3370  0.000e+00
      27661     36.500     7.4769     7.4767    3.52829    3.52813          1     3.5331     3.2922      26.06      0.388     0.4243     0.2438  1.000e-12  0.7332000    34.5000    34.4984    -0.0016    -0.0002    26.9577    26.9565     36.159     36.206    1480.47    1480.46     6.2206     6.3139    92.8450    94.2350  0.000e+00
      27680     37.000     7.4773     7.4770    3.52835    3.52819          1     3.5328     3.2916      25.74      0.517     0.4293     0.2672  1.000e-12  0.9612000    34.4999    34.4985    -0.0014    -0.0003    26.9575    26.9565     36.654     36.702    1480.48    1480.47     6.2195     6.3066    92.8280    94.1280  0.000e+00
      27697     37.500     7.4771     7.4768    3.52835    3.52819          1     3.5331     3.2908      25.31      0.630     0.4272     0.2115  1.000e-12  1.1785000    34.4999    34.4984    -0.0014    -0.0003    26.9576    26.9565     37.149     37.198    1480.48    1480.48     6.2212     6.3060    92.8530    94.1180  0.000e+00
      27713     38.000     7.4768     7.4765    3.52833    3.52819          1     3.5331     3.2903      24.86      0.704     0.4295     0.2028  1.000e-12  0.7930000    34.4997    34.4985    -0.0012    -0.0003    26.9575    26.9566     37.645     37.694    1480.49    1480.49     6.2225     6.3078    92.8720    94.1440  0.000e+00
      27730     38.500     7.4764     7.4760    3.52831    3.52815          1     3.5336     3.2899      24.34      0.730     0.4286     0.2826  1.000e-12  0.7796000    34.4997    34.4983    -0.0013    -0.0004    26.9575    26.9565     38.140     38.190    1480.50    1480.49     6.2222     6.3141    92.8670    94.2370  0.000e+00
      27749     39.000     7.4761     7.4759    3.52832    3.52818          1     3.5330     3.2907      23.79      0.696     0.4283     0.2542  1.000e-12  0.7832000    34.4998    34.4985    -0.0013    -0.0002    26.9576    26.9566     38.635     38.686    1480.50    1480.50     6.2162     6.3207    92.7760    94.3350  0.000e+00
      27777     39.500     7.4762     7.4761    3.52836    3.52822          1     3.5317     3.2910      23.10      0.520     0.4327     0.2562  1.000e-12  0.8231000    34.4999    34.4985    -0.0014    -0.0001    26.9578    26.9567     39.131     39.182    1480.51    1480.51     6.2170     6.3151    92.7880    94.2530  0.000e+00
      27831     40.000     7.4760     7.4763    3.52838    3.52829          1     3.5318     3.2899      22.45      0.172     0.4274     0.2666  1.000e-12  0.7553000    34.5000    34.4987    -0.0013     0.0003    26.9578    26.9568     39.626     39.678    1480.52    1480.52     6.2172     6.3060    92.7920    94.1170  0.000e+00
      27855     40.500     7.4770     7.4767    3.52856    3.52840          1     3.5310     3.2893      22.14      0.363     0.4132     0.3097  1.000e-12  0.7210000    34.5007    34.4994    -0.0013    -0.0003    26.9583    26.9573     40.121     40.173    1480.53    1480.53     6.2167     6.3114    92.7880    94.1990  0.000e+00
      27871     41.000     7.4773     7.4769    3.52869    3.52853          1     3.5309     3.2893      21.77      0.562     0.4171     0.2991  1.000e-12  0.7317000    34.5017    34.5004    -0.0013    -0.0004    26.9590    26.9580     40.616     40.669    1480.54    1480.54     6.2187     6.3135    92.8180    94.2310  0.000e+00
      27886     41.500     7.4765     7.4763    3.52872    3.52856          1     3.5312     3.2895      21.34      0.709     0.4188     0.2197  1.000e-12  0.8012000    34.5025    34.5010    -0.0015    -0.0002    26.9597    26.9586     41.112     41.165    1480.55    1480.55     6.2212     6.3147    92.8540    94.2480  0.000e+00
      27902     42.000     7.4762     7.4759    3.52872    3.52858          1     3.5315     3.2896      20.88      0.784     0.4169     0.2184  1.000e-12  0.8343000    34.5026    34.5014    -0.0012    -0.0004    26.9598    26.9589     41.607     41.661    1480.56    1480.55     6.2212     6.3139    92.8540    94.2350  0.000e+00
      27921     42.500     7.4761     7.4759    3.52877    3.52862          1     3.5314     3.2895      20.33      0.739     0.4205     0.2285  1.000e-12  0.8785000    34.5030    34.5016    -0.0014    -0.0003    26.9602    26.9591     42.102     42.157    1480.57    1480.56     6.2193     6.3145    92.8260    94.2450  0.000e+00
      27947     43.000     7.4764     7.4761    3.52886    3.52871          1     3.5309     3.2895      19.70      0.535     0.4361     0.2513  1.000e-12  0.8530000    34.5035    34.5021    -0.0015    -0.0002    26.9605    26.9594     42.597     42.653    1480.58    1480.57     6.2180     6.3132    92.8070    94.2270  0.000e+00
      27979     43.500     7.4768     7.4764    3.52905    3.52889          1     3.5305     3.2888      19.15      0.384     0.4269     0.2367  1.000e-12  0.7893000    34.5049    34.5036    -0.0013    -0.0004    26.9615    26.9606     43.093     43.149    1480.59    1480.58     6.2164     6.3076    92.7850    94.1430  0.000e+00
      28006     44.000     7.4779     7.4775    3.52947    3.52931          1     3.5294     3.2882      18.69      0.418     0.4205     0.2300  1.000e-12  0.8061000    34.5081    34.5067    -0.0014    -0.0003    26.9639    26.9629     43.588     43.645    1480.60    1480.60     6.2106     6.3098    92.7030    94.1810  0.000e+00
      28031     44.500     7.4783     7.4779    3.52962    3.52944          1     3.5280     3.2879      18.31      0.469     0.4383     0.2271  1.000e-12  0.8276000    34.5090    34.5075    -0.0015    -0.0004    26.9646    26.9635     44.083     44.141    1480.61    1480.61     6.2108     6.3040    92.7070    94.0950  0.000e+00
      28057     45.000     7.4791     7.4787    3.52987    3.52968          1     3.5277     3.2864      17.75      0.474     0.4353     0.2357  1.000e-12  0.8687000    34.5107    34.5091    -0.0016    -0.0004    26.9658    26.9646     44.578     44.637    1480.63    1480.62     6.2119     6.2965    92.7250    93.9870  0.000e+00
      28084     45.500     7.4804     7.4798    3.53024    3.53004          1     3.5273     3.2848      17.25      0.448     0.4454     0.2347  1.000e-12  0.8793000    34.5132    34.5116    -0.0016    -0.0006    26.9676    26.9664     45.074     45.132    1480.64    1480.64     6.2104     6.2956    92.7070    93.9770  0.000e+00
      28108     46.000     7.4831     7.4828    3.53096    3.53083          1     3.5265     3.2840      16.78      0.462     0.4168     0.2362  1.000e-12  0.9059000    34.5180    34.5169    -0.0011    -0.0003    26.9710    26.9702     45.569     45.628    1480.67    1480.67     6.2063     6.2973    92.6560    94.0120  0.000e+00
      28126     46.500     7.4863     7.4857    3.53179    3.53162          1     3.5256     3.2838      16.35      0.546     0.4123     0.2375  1.000e-12  0.9511000    34.5238    34.5224    -0.0014    -0.0005    26.9751    26.9741     46.064     46.124    1480.69    1480.69     6.2043     6.2927    92.6350    93.9530  0.000e+00
      28144     47.000     7.4873     7.4868    3.53211    3.53193          1     3.5253     3.2824      15.89      0.641     0.4160     0.2761  1.000e-12  1.0017000    34.5260    34.5245    -0.0014    -0.0005    26.9766    26.9756     46.560     46.620    1480.71    1480.71     6.2031     6.2890    92.6210    93.9020  0.000e+00
      28162     47.500     7.4895     7.4891    3.53284    3.53270          1     3.5242     3.2821      15.38      0.688     0.4070     0.2667  1.000e-12  1.1653000    34.5314    34.5303    -0.0011    -0.0004    26.9806    26.9798     47.055     47.116    1480.73    1480.73     6.2007     6.2952    92.5930    94.0020  0.000e+00
      28185     48.000     7.4901     7.4899    3.53316    3.53305          1     3.5237     3.2821      14.77      0.606     0.4136     0.2514  1.000e-12  1.1486000    34.5341    34.5331    -0.0009    -0.0003    26.9826    26.9819     47.550     47.612    1480.75    1480.75     6.2015     6.2964    92.6080    94.0230  0.000e+00
      28219     48.500     7.4900     7.4900    3.53314    3.53304          1     3.5225     3.2811      14.15      0.390     0.4197     0.2065  1.000e-12  1.1818000    34.5337    34.5326    -0.0011     0.0000    26.9824    26.9815     48.045     48.108    1480.76    1480.75     6.1985     6.2850    92.5630    93.8530  0.000e+00
      28253     49.000     7.4899     7.4897    3.53309    3.53293          1     3.5216     3.2793      13.67      0.326     0.4061     0.2466  1.000e-12  1.1627000    34.5330    34.5315    -0.0015    -0.0002    26.9818    26.9806     48.541     48.604    1480.76    1480.76     6.1977     6.2839    92.5490    93.8360  0.000e+00
      28277     49.500     7.4904     7.4900    3.53346    3.53327          1     3.5209     3.2783      13.28      0.425     0.3981     0.2243  1.000e-12  1.2056000    34.5362    34.5346    -0.0016    -0.0004    26.9843    26.9830     49.036     49.100    1480.78    1480.77     6.1968     6.2790    92.5390    93.7660  0.000e+00
      28296     50.000     7.4905     7.4903    3.53382    3.53366          1     3.5207     3.2773      12.87      0.553     0.4083     0.2275  1.000e-12  1.2790000    34.5399    34.5383    -0.0015    -0.0002    26.9871    26.9859     49.531     49.595    1480.79    1480.79     6.1978     6.2805    92.5570    93.7900  0.000e+00
