ctdpy/tests/etc/exprapp_feb_2020/SBE09_1387_20200210_1944_77_10_0138.cnv
* Sea-Bird SBE 9 Data File:
* FileName = L:\2020\sv20d0138.hex
* Software Version Seasave V 7.26.7.121
* Temperature SN = 6378
* Conductivity SN = 4824
* Number of Bytes Per Scan = 41
* Number of Voltage Words = 4
* Number of Scans Averaged by the Deck Unit = 1
* NMEA Latitude = 58 00.08 N
* NMEA Longitude = 019 52.81 E
* NMEA UTC (Time) = Feb 10 2020  19:44:12
* NMEA baud rate = 4800
** Station:  BY20
** Operator:  DBSj
** Ship: SVEA
** Average sound velocity: 1446.06 m/s
** True-depth calculation Mon, 10 Feb 2020 21:21:29 +0000
** CTD Python Module SMHI /ver 3-12/ feb 2012 
** LIMS Job: 20207710-0138
** Cruise: SMHI-03-2020
** Latitude [GG MM.mm N] :
** Longitude [GGG MM.mm E]:
# nquan = 30
# nvalues = 381                         
# units = specified
# name 0 = scan: Scan Count
# name 1 = prDM: Pressure, Digiquartz [db]
# name 2 = t090C: Temperature [ITS-90, deg C]
# name 3 = t190C: Temperature, 2 [ITS-90, deg C]
# name 4 = c0S/m: Conductivity [S/m]
# name 5 = c1S/m: Conductivity, 2 [S/m]
# name 6 = pumps: Pump Status
# name 7 = sbeox0V: Oxygen raw, SBE 43 [V]
# name 8 = sbeox1V: Oxygen raw, SBE 43, 2 [V]
# name 9 = altM: Altimeter [m]
# name 10 = dz/dtM: Descent Rate [m/s]
# name 11 = flECO-AFL: Chl-a Fluorescence, WET Labs ECO-AFL/FL [mg/m^3]
# name 12 = flECO-AFL1: Phycocyanin Fluorescence, WET Labs ECO-AFL/FL, 2 [mg/m^3]
# name 13 = par: PAR/Irradiance, Biospherical/Lico [µE/(cm^2*s)]
# name 14 = turbWETntu0: Turbidity, WET Labs ECO [NTU]
# name 15 = sal00: Salinity, Practical [PSU]
# name 16 = sal11: Salinity, Practical, 2 [PSU]
# name 17 = secS-priS: Salinity, Practical, Difference, 2 - 1 [PSU]
# name 18 = T2-T190C: Temperature Difference, 2 - 1 [ITS-90, deg C]
# name 19 = sigma-t00: Density [sigma-t, kg/m^3 ]
# name 20 = sigma-t11: Density, 2 [sigma-t, kg/m^3 ]
# name 21 = depSM: Depth [salt water, m], lat = 58.0013
# name 22 = depFM: Depth [true depth, m], lat = 58.0013
# name 23 = svCM: Sound Velocity [Chen-Millero, m/s]
# name 24 = svCM1: Sound Velocity, 2 [Chen-Millero, m/s]
# name 25 = sbeox0ML/L: Oxygen, SBE 43 [ml/l], WS = 2
# name 26 = sbeox1ML/L: Oxygen, SBE 43, 2 [ml/l], WS = 2
# name 27 = sbeox0PS: Oxygen, SBE 43 [% saturation], WS = 2
# name 28 = sbeox1PS: Oxygen, SBE 43, 2 [% saturation], WS = 2
# name 29 = flag: flag
# span 0 =      27416,      41077       
# span 1 =      2.000,    192.000       
# span 2 =     5.1419,     7.1843       
# span 3 =     5.1414,     7.1841       
# span 4 =   0.800968,   1.389384       
# span 5 =   0.801037,   1.389498       
# span 6 =          1,          1       
# span 7 =     0.7401,     3.5291       
# span 8 =     0.7226,     3.2911       
# span 9 =       2.36,     101.88       
# span 10 =     -0.301,      1.625      
# span 11 =     0.3383,     0.4552      
# span 12 =     0.1455,     0.3022      
# span 13 = -3.014e-04, 1.0029e+00      
# span 14 =     0.0966,     1.8249      
# span 15 =     7.3542,    12.5078      
# span 16 =     7.3549,    12.5090      
# span 17 =    -0.3886,     0.1639      
# span 18 =    -0.0754,     0.0592      
# span 19 =     5.8086,     9.7372      
# span 20 =     5.8092,     9.7382      
# span 21 =      1.981,    190.132      
# span 22 =      2.025,    194.008      
# span 23 =    1436.30,    1454.49      
# span 24 =    1436.30,    1454.49      
# span 25 =     0.0397,     7.8782      
# span 26 =     0.0642,     8.0040      
# span 27 =      0.510,     92.933      
# span 28 =      0.824,     94.412      
# span 29 = 0.0000e+00, 0.0000e+00      
# interval = decibars: 0.5              
# start_time = Feb 10 2020 19:44:12 [NMEA time, first data scan]
# bad_flag = -9.990e-29
*END*
[from data line 49]
      28904     26.500     5.1467     5.1464    0.80143    0.80151          1     3.5226     3.2796      80.86      0.571     0.3822     0.1847  1.000e-12  0.1329000     7.3550     7.3559     0.0008    -0.0003     5.8092     5.8099     26.253     26.835    1436.70    1436.70     7.8741     7.9951    92.8890    94.3170  0.000e+00
      28933     27.000     5.1465     5.1467    0.80143    0.80153          1     3.5221     3.2809      91.82      0.499     0.3742     0.1958  1.000e-12  0.1182000     7.3550     7.3560     0.0010     0.0002     5.8092     5.8099     26.748     27.342    1436.71    1436.71     7.8705     7.9977    92.8460    94.3470  0.000e+00
      28973     27.500     5.1463     5.1460    0.80142    0.80148          1     3.5219     3.2807      97.08      0.270     0.3750     0.1872  1.000e-12  0.1114000     7.3548     7.3556     0.0007    -0.0004     5.8091     5.8097     27.243     27.848    1436.72    1436.72     7.8762     7.9886    92.9130    94.2380  0.000e+00
      28998     28.000     5.1455     5.1460    0.80137    0.80150          1     3.5223     3.2805      96.81      0.383     0.3858     0.1893  1.000e-12  0.1129000     7.3545     7.3556     0.0012     0.0005     5.8088     5.8097     27.739     28.354    1436.72    1436.72     7.8766     7.9914    92.9150    94.2710  0.000e+00
      29015     28.500     5.1467     5.1465    0.80144    0.80153          1     3.5223     3.2807      96.83      0.551     0.3899     0.2162  1.000e-12  0.1155000     7.3548     7.3558     0.0010    -0.0002     5.8091     5.8098     28.234     28.861    1436.73    1436.73     7.8759     7.9945    92.9100    94.3090  0.000e+00
      29031     29.000     5.1471     5.1467    0.80147    0.80154          1     3.5223     3.2806      96.81      0.689     0.3701     0.2144  1.000e-12  0.1159000     7.3550     7.3557     0.0008    -0.0004     5.8091     5.8098     28.729     29.367    1436.74    1436.74     7.8748     7.9947    92.8980    94.3120  0.000e+00
      29048     29.500     5.1471     5.1467    0.80148    0.80154          1     3.5220     3.2807      96.83      0.747     0.3778     0.2179  1.000e-12  0.1115000     7.3550     7.3558     0.0008    -0.0004     5.8091     5.8098     29.225     29.873    1436.75    1436.75     7.8734     7.9959    92.8810    94.3270  0.000e+00
      29086     30.000     5.1470     5.1468    0.80149    0.80155          1     3.5214     3.2804      96.83      0.478     0.3906     0.2339  1.000e-12  0.1141000     7.3551     7.3558     0.0007    -0.0002     5.8092     5.8098     29.720     30.380    1436.76    1436.76     7.8723     7.9905    92.8690    94.2620  0.000e+00
      29159     30.500     5.1471     5.1468    0.80148    0.80156          1     3.5199     3.2783      18.12      0.111     0.3948     0.2563  1.000e-12  0.1155000     7.3549     7.3558     0.0008    -0.0004     5.8091     5.8098     30.215     30.886    1436.77    1436.77     7.8712     7.9793    92.8550    94.1310  0.000e+00
      29173     31.000     5.1473     5.1467    0.80151    0.80158          1     3.5201     3.2783      79.77      0.436     0.3832     0.2344  1.000e-12  0.1098000     7.3551     7.3559     0.0008    -0.0006     5.8093     5.8099     30.710     31.392    1436.78    1436.78     7.8727     7.9881    92.8730    94.2340  0.000e+00
      29186     31.500     5.1472     5.1467    0.80151    0.80159          1     3.5203     3.2784       8.31      0.679     0.3818     0.2263  1.000e-12  0.1095000     7.3551     7.3560     0.0009    -0.0005     5.8092     5.8099     31.206     31.899    1436.78    1436.78     7.8720     7.9891    92.8660    94.2470  0.000e+00
      29199     32.000     5.1472     5.1467    0.80153    0.80160          1     3.5200     3.2783      83.32      0.849     0.3821     0.1738  1.000e-12  0.1144000     7.3552     7.3559     0.0008    -0.0004     5.8093     5.8099     31.701     32.405    1436.79    1436.79     7.8717     7.9898    92.8610    94.2540  0.000e+00
      29226     32.500     5.1471     5.1469    0.80153    0.80160          1     3.5199     3.2786      80.97      0.705     0.3786     0.1956  1.000e-12  0.1169000     7.3551     7.3558     0.0007    -0.0002     5.8093     5.8098     32.196     32.911    1436.80    1436.80     7.8726     7.9944    92.8730    94.3090  0.000e+00
      29297     33.000     5.1473     5.1469    0.80153    0.80160          1     3.5190     3.2797      79.99      0.030     0.3951     0.2204  1.000e-12  0.1114000     7.3550     7.3558     0.0008    -0.0003     5.8092     5.8098     32.692     33.418    1436.81    1436.81     7.8689     7.9946    92.8280    94.3110  0.000e+00
      29310     33.500     5.1475     5.1471    0.80154    0.80161          1     3.5187     3.2797      38.59      0.411     0.3921     0.2169  1.000e-12  0.1152000     7.3550     7.3558     0.0007    -0.0004     5.8092     5.8098     33.187     33.924    1436.82    1436.82     7.8671     7.9937    92.8090    94.3010  0.000e+00
      29324     34.000     5.1476     5.1472    0.80155    0.80162          1     3.5184     3.2795      96.43      0.657     0.3704     0.2296  1.000e-12  0.1156000     7.3551     7.3558     0.0008    -0.0004     5.8092     5.8098     33.682     34.430    1436.83    1436.82     7.8671     7.9872    92.8080    94.2240  0.000e+00
      29338     34.500     5.1476     5.1472    0.80156    0.80163          1     3.5182     3.2789      96.84      0.824     0.3737     0.2361  1.000e-12  0.1192000     7.3551     7.3559     0.0008    -0.0004     5.8092     5.8099     34.177     34.937    1436.83    1436.83     7.8696     7.9806    92.8370    94.1470  0.000e+00
      29360     35.000     5.1473     5.1469    0.80157    0.80164          1     3.5185     3.2779      83.26      0.730     0.3769     0.2232  1.000e-12  0.1204000     7.3552     7.3560     0.0008    -0.0004     5.8093     5.8099     34.673     35.443    1436.84    1436.84     7.8730     7.9854    92.8770    94.2030  0.000e+00
      29404     35.500     5.1473     5.1470    0.80160    0.80167          1     3.5186     3.2778      88.30      0.268     0.3756     0.2592  1.000e-12  0.1090000     7.3554     7.3561     0.0008    -0.0003     5.8094     5.8100     35.168     35.949    1436.85    1436.85     7.8708     7.9911    92.8520    94.2710  0.000e+00
      29447     36.000     5.1482     5.1479    0.80163    0.80169          1     3.5180     3.2775      97.16      0.277     0.3700     0.2467  1.000e-12  0.1097000     7.3554     7.3561     0.0007    -0.0004     5.8094     5.8100     35.663     36.456    1436.86    1436.86     7.8687     7.9851    92.8290    94.2020  0.000e+00
      29476     36.500     5.1484     5.1479    0.80164    0.80170          1     3.5177     3.2766      96.86      0.362     0.3903     0.2481  1.000e-12  0.1095000     7.3554     7.3562     0.0007    -0.0005     5.8094     5.8100     36.159     36.962    1436.87    1436.87     7.8701     7.9808    92.8460    94.1510  0.000e+00
      29497     37.000     5.1480     5.1478    0.80164    0.80172          1     3.5178     3.2761      96.86      0.484     0.3835     0.2166  1.000e-12  0.1194000     7.3555     7.3563     0.0008    -0.0002     5.8095     5.8102     36.654     37.468    1436.88    1436.88     7.8724     7.9849    92.8720    94.1990  0.000e+00
      29514     37.500     5.1475     5.1467    0.80164    0.80172          1     3.5180     3.2760      96.88      0.608     0.3824     0.2376  1.000e-12  0.1212000     7.3555     7.3564     0.0009    -0.0008     5.8096     5.8103     37.149     37.975    1436.88    1436.88     7.8737     7.9940    92.8870    94.3040  0.000e+00
      29531     38.000     5.1470     5.1469    0.80164    0.80171          1     3.5181     3.2770      96.87      0.693     0.3812     0.2099  1.000e-12  0.1215000     7.3555     7.3563     0.0007    -0.0001     5.8096     5.8102     37.644     38.481    1436.89    1436.89     7.8729     8.0005    92.8750    94.3810  0.000e+00
      29563     38.500     5.1470     5.1466    0.80165    0.80171          1     3.5176     3.2774      80.56      0.510     0.3848     0.1852  1.000e-12  0.1187000     7.3555     7.3562     0.0007    -0.0003     5.8096     5.8101     38.140     38.987    1436.89    1436.89     7.8708     7.9963    92.8510    94.3310  0.000e+00
      29621     39.000     5.1470     5.1468    0.80166    0.80173          1     3.5171     3.2767      98.46      0.129     0.3802     0.1712  1.000e-12  0.1044000     7.3556     7.3563     0.0008    -0.0003     5.8096     5.8102     38.635     39.494    1436.90    1436.90     7.8692     7.9762    92.8320    94.0940  0.000e+00
      29638     39.500     5.1469     5.1466    0.80166    0.80173          1     3.5170     3.2757      96.88      0.414     0.3848     0.2100  1.000e-12  0.1079000     7.3555     7.3563     0.0008    -0.0003     5.8096     5.8102     39.130     40.000    1436.91    1436.91     7.8709     7.9802    92.8530    94.1420  0.000e+00
      29652     40.000     5.1469     5.1465    0.80166    0.80173          1     3.5170     3.2754      96.88      0.625     0.4067     0.2373  1.000e-12  0.1155000     7.3555     7.3563     0.0008    -0.0004     5.8095     5.8102     39.626     40.506    1436.92    1436.92     7.8701     7.9854    92.8420    94.2020  0.000e+00
      29667     40.500     5.1475     5.1472    0.80168    0.80175          1     3.5166     3.2754      96.90      0.780     0.4003     0.1967  1.000e-12  0.1108000     7.3555     7.3563     0.0008    -0.0003     5.8095     5.8102     40.121     41.013    1436.93    1436.93     7.8690     7.9861    92.8300    94.2130  0.000e+00
      29684     41.000     5.1473     5.1470    0.80169    0.80176          1     3.5163     3.2752      96.88      0.804     0.3961     0.2028  1.000e-12  0.1112000     7.3556     7.3564     0.0008    -0.0002     5.8096     5.8102     40.616     41.519    1436.94    1436.94     7.8684     7.9877    92.8230    94.2310  0.000e+00
      29753     41.500     5.1472     5.1470    0.80169    0.80176          1     3.5151     3.2750      95.27      0.159     0.3831     0.2349  1.000e-12  0.1151000     7.3556     7.3563     0.0007    -0.0002     5.8096     5.8102     41.111     42.025    1436.94    1436.94     7.8658     7.9888    92.7930    94.2440  0.000e+00
      29785     42.000     5.1474     5.1471    0.80169    0.80178          1     3.5146     3.2755      70.44      0.334     0.3783     0.1684  1.000e-12  0.1194000     7.3555     7.3564     0.0009    -0.0002     5.8095     5.8102     41.607     42.532    1436.95    1436.95     7.8663     7.9967    92.7980    94.3370  0.000e+00
      29801     42.500     5.1477     5.1473    0.80173    0.80180          1     3.5145     3.2759      96.63      0.564     0.3703     0.1861  1.000e-12  0.1157000     7.3557     7.3565     0.0009    -0.0004     5.8097     5.8103     42.102     43.038    1436.96    1436.96     7.8669     7.9963    92.8070    94.3330  0.000e+00
      29816     43.000     5.1478     5.1474    0.80174    0.80181          1     3.5146     3.2759      60.62      0.717     0.3785     0.2125  1.000e-12  0.1110000     7.3557     7.3565     0.0008    -0.0004     5.8097     5.8103     42.597     43.544    1436.97    1436.97     7.8669     7.9955    92.8070    94.3240  0.000e+00
      29834     43.500     5.1480     5.1477    0.80175    0.80182          1     3.5144     3.2761      68.39      0.753     0.3805     0.2633  1.000e-12  0.1114000     7.3557     7.3565     0.0008    -0.0003     5.8097     5.8103     43.092     44.050    1436.98    1436.98     7.8669     7.9942    92.8080    94.3090  0.000e+00
      29858     44.000     5.1477     5.1476    0.80176    0.80183          1     3.5143     3.2758      95.78      0.612     0.3819     0.2352  1.000e-12  0.1129000     7.3559     7.3566     0.0007    -0.0002     5.8098     5.8104     43.588     44.557    1436.99    1436.99     7.8672     7.9870    92.8110    94.2230  0.000e+00
      29891     44.500     5.1480     5.1477    0.80176    0.80184          1     3.5140     3.2747      96.89      0.388     0.3751     0.2368  1.000e-12  0.1095000     7.3557     7.3565     0.0008    -0.0002     5.8097     5.8104     44.083     45.063    1436.99    1437.00     7.8679     7.9848    92.8190    94.1990  0.000e+00
      29928     45.000     5.1480     5.1477    0.80177    0.80184          1     3.5138     3.2739      96.90      0.327     0.3878     0.2333  1.000e-12  0.1150000     7.3557     7.3565     0.0008    -0.0003     5.8097     5.8103     44.578     45.569    1437.00    1437.00     7.8649     7.9839    92.7840    94.1880  0.000e+00
      29970     45.500     5.1479     5.1477    0.80176    0.80184          1     3.5128     3.2738      96.90      0.284     0.3880     0.1849  1.000e-12  0.1120000     7.3556     7.3564     0.0008    -0.0002     5.8096     5.8102     45.073     46.076    1437.01    1437.01     7.8639     7.9897    92.7720    94.2560  0.000e+00
      29999     46.000     5.1478     5.1475    0.80177    0.80185          1     3.5129     3.2737      96.89      0.352     0.3817     0.1824  1.000e-12  0.1157000     7.3556     7.3564     0.0008    -0.0003     5.8096     5.8103     45.569     46.582    1437.02    1437.02     7.8664     7.9932    92.8010    94.2960  0.000e+00
      30018     46.500     5.1479     5.1475    0.80177    0.80186          1     3.5126     3.2745      96.91      0.500     0.3810     0.2664  1.000e-12  0.1209000     7.3555     7.3565     0.0010    -0.0004     5.8095     5.8103     46.064     47.088    1437.03    1437.02     7.8624     7.9986    92.7530    94.3600  0.000e+00
      30034     47.000     5.1477     5.1474    0.80179    0.80187          1     3.5120     3.2746      96.89      0.638     0.3907     0.2338  1.000e-12  0.1170000     7.3557     7.3565     0.0009    -0.0003     5.8097     5.8104     46.559     47.595    1437.03    1437.03     7.8594     7.9905    92.7190    94.2650  0.000e+00
      30051     47.500     5.1476     5.1473    0.80180    0.80186          1     3.5115     3.2740      23.99      0.719     0.4056     0.2304  1.000e-12  0.1111000     7.3557     7.3565     0.0007    -0.0004     5.8097     5.8103     47.054     48.101    1437.04    1437.04     7.8609     7.9914    92.7360    94.2750  0.000e+00
      30077     48.000     5.1475     5.1473    0.80180    0.80187          1     3.5113     3.2744      87.74      0.600     0.3921     0.2149  1.000e-12  0.1166000     7.3557     7.3564     0.0007    -0.0002     5.8097     5.8103     47.550     48.607    1437.05    1437.05     7.8620     7.9958    92.7490    94.3270  0.000e+00
      30153     48.500     5.1478     5.1475    0.80181    0.80188          1     3.5116     3.2725      96.40      0.096     0.3714     0.2275  1.000e-12  0.1132000     7.3557     7.3565     0.0007    -0.0004     5.8097     5.8103     48.045     49.114    1437.06    1437.06     7.8676     7.9818    92.8160    94.1620  0.000e+00
      30175     49.000     5.1480     5.1477    0.80184    0.80189          1     3.5116     3.2723      96.78      0.347     0.3825     0.2547  1.000e-12  0.1217000     7.3559     7.3565     0.0006    -0.0004     5.8098     5.8103     48.540     49.620    1437.07    1437.07     7.8668     7.9868    92.8060    94.2210  0.000e+00
      30188     49.500     5.1482     5.1476    0.80186    0.80193          1     3.5118     3.2723      96.91      0.589     0.3935     0.2356  1.000e-12  0.1121000     7.3559     7.3567     0.0008    -0.0006     5.8098     5.8105     49.035     50.126    1437.07    1437.07     7.8654     7.9857    92.7900    94.2090  0.000e+00
