ctdpy/tests/etc/exprapp_feb_2020/SBE09_1387_20200205_0531_77_10_0110.cnv
* Sea-Bird SBE 9 Data File:
* FileName = L:\2020\sv20d0110.hex
* Software Version Seasave V 7.26.7.121
* Temperature SN = 6378
* Conductivity SN = 4824
* Number of Bytes Per Scan = 41
* Number of Voltage Words = 4
* Number of Scans Averaged by the Deck Unit = 1
* NMEA Latitude = 57 54.17 N
* NMEA Longitude = 009 56.01 E
* NMEA UTC (Time) = Feb 05 2020  05:31:37
* NMEA baud rate = 4800
** Station:  17N Hirtshals
** Operator:  A-KTh
** Ship: SVEA
** Average sound velocity: 1479.51 m/s
** True-depth calculation Wed, 05 Feb 2020 10:27:55 +0000
** CTD Python Module SMHI /ver 3-12/ feb 2012 
** LIMS Job: 20207710-0110
** Cruise: SMHI-02-2020
** Latitude [GG MM.mm N] :
** Longitude [GGG MM.mm E]:
# nquan = 30
# nvalues = 120                         
# units = specified
# name 0 = scan: Scan Count
# name 1 = prDM: Pressure, Digiquartz [db]
# name 2 = t090C: Temperature [ITS-90, deg C]
# name 3 = t190C: Temperature, 2 [ITS-90, deg C]
# name 4 = c0S/m: Conductivity [S/m]
# name 5 = c1S/m: Conductivity, 2 [S/m]
# name 6 = pumps: Pump Status
# name 7 = sbeox0V: Oxygen raw, SBE 43 [V]
# name 8 = sbeox1V: Oxygen raw, SBE 43, 2 [V]
# name 9 = altM: Altimeter [m]
# name 10 = dz/dtM: Descent Rate [m/s]
# name 11 = flECO-AFL: Chl-a Fluorescence, WET Labs ECO-AFL/FL [mg/m^3]
# name 12 = flECO-AFL1: Phycocyanin Fluorescence, WET Labs ECO-AFL/FL, 2 [mg/m^3]
# name 13 = par: PAR/Irradiance, Biospherical/Lico [µE/(cm^2*s)]
# name 14 = turbWETntu0: Turbidity, WET Labs ECO [NTU]
# name 15 = sal00: Salinity, Practical [PSU]
# name 16 = sal11: Salinity, Practical, 2 [PSU]
# name 17 = secS-priS: Salinity, Practical, Difference, 2 - 1 [PSU]
# name 18 = T2-T190C: Temperature Difference, 2 - 1 [ITS-90, deg C]
# name 19 = sigma-t00: Density [sigma-t, kg/m^3 ]
# name 20 = sigma-t11: Density, 2 [sigma-t, kg/m^3 ]
# name 21 = depSM: Depth [salt water, m], lat = 57.9028
# name 22 = depFM: Depth [true depth, m], lat = 57.9028
# name 23 = svCM: Sound Velocity [Chen-Millero, m/s]
# name 24 = svCM1: Sound Velocity, 2 [Chen-Millero, m/s]
# name 25 = sbeox0ML/L: Oxygen, SBE 43 [ml/l], WS = 2
# name 26 = sbeox1ML/L: Oxygen, SBE 43, 2 [ml/l], WS = 2
# name 27 = sbeox0PS: Oxygen, SBE 43 [% saturation], WS = 2
# name 28 = sbeox1PS: Oxygen, SBE 43, 2 [% saturation], WS = 2
# name 29 = flag: flag
# span 0 =      25488,      30067       
# span 1 =      2.500,     62.000       
# span 2 =     6.6161,     7.4905       
# span 3 =     6.6159,     7.4903       
# span 4 =   3.394629,   3.534744       
# span 5 =   3.394469,   3.534598       
# span 6 =          1,          1       
# span 7 =     3.5111,     3.5560       
# span 8 =     3.2679,     3.3112       
# span 9 =       0.49,      59.34       
# span 10 =     -0.194,      0.789      
# span 11 =     0.3946,     0.7092      
# span 12 =     0.2028,     0.3807      
# span 13 = 1.0000e-12, 1.4415e+00      
# span 14 =     0.3524,     1.9858      
# span 15 =    33.9025,    34.5513      
# span 16 =    33.9016,    34.5500      
# span 17 =    -0.0153,     0.0053      
# span 18 =    -0.0286,     0.0220      
# span 19 =    26.6058,    26.9972      
# span 20 =    26.6050,    26.9961      
# span 21 =      2.477,     61.417      
# span 22 =      2.480,     61.497      
# span 23 =    1475.86,    1480.98      
# span 24 =    1475.85,    1480.98      
# span 25 =     6.1857,     6.4106      
# span 26 =     6.2676,     6.5075      
# span 27 =     92.366,     93.479      
# span 28 =     93.589,     94.914      
# span 29 = 0.0000e+00, 0.0000e+00      
# interval = decibars: 0.5              
# start_time = Feb 05 2020 05:31:38 [NMEA time, first data scan]
# bad_flag = -9.990e-29
*END*
[from data line 97]
      28334     51.000     7.4887     7.4883    3.53396    3.53381          1     3.5202     3.2772      11.89      0.638     0.4138     0.2389  1.000e-12  1.3763000    34.5427    34.5415    -0.0012    -0.0004    26.9896    26.9887     50.522     50.587    1480.80    1480.80     6.1955     6.2885    92.5200    93.9070  0.000e+00
      28358     51.500     7.4868     7.4863    3.53401    3.53388          1     3.5191     3.2773      11.35      0.547     0.4257     0.2612  1.000e-12  1.4587000    34.5449    34.5439    -0.0010    -0.0005    26.9916    26.9909     51.017     51.083    1480.81    1480.80     6.1933     6.2883    92.4850    93.9020  0.000e+00
      28385     52.000     7.4847     7.4845    3.53409    3.53395          1     3.5186     3.2769      10.82      0.474     0.4374     0.2420  1.000e-12  1.4979000    34.5475    34.5462    -0.0013    -0.0002    26.9940    26.9929     51.512     51.579    1480.81    1480.81     6.1937     6.2813    92.4880    93.7950  0.000e+00
      28411     52.500     7.4846     7.4843    3.53412    3.53397          1     3.5177     3.2759      10.29      0.449     0.4264     0.2831  1.000e-12  1.6173000    34.5478    34.5464    -0.0013    -0.0002    26.9942    26.9932     52.007     52.075    1480.82    1480.82     6.1913     6.2799    92.4520    93.7740  0.000e+00
      28436     53.000     7.4838     7.4836    3.53417    3.53403          1     3.5169     3.2752       9.77      0.468     0.4256     0.2432  1.000e-12  1.5391000    34.5489    34.5475    -0.0014    -0.0001    26.9952    26.9941     52.503     52.571    1480.82    1480.82     6.1922     6.2827    92.4640    93.8140  0.000e+00
      28460     53.500     7.4834     7.4831    3.53421    3.53408          1     3.5169     3.2750       9.29      0.500     0.4072     0.2589  1.000e-12  1.6007000    34.5495    34.5483    -0.0012    -0.0003    26.9957    26.9949     52.998     53.067    1480.83    1480.83     6.1942     6.2837    92.4940    93.8290  0.000e+00
      28485     54.000     7.4833     7.4831    3.53424    3.53410          1     3.5168     3.2751       8.76      0.487     0.4137     0.2611  1.000e-12  1.4801000    34.5496    34.5483    -0.0013    -0.0002    26.9958    26.9948     53.493     53.562    1480.84    1480.84     6.1921     6.2870    92.4620    93.8780  0.000e+00
      28514     54.500     7.4832     7.4829    3.53426    3.53413          1     3.5159     3.2754       8.27      0.433     0.4202     0.2638  1.000e-12  1.5999000    34.5498    34.5485    -0.0012    -0.0002    26.9960    26.9950     53.988     54.058    1480.85    1480.84     6.1894     6.2845    92.4220    93.8410  0.000e+00
      28544     55.000     7.4833     7.4829    3.53429    3.53416          1     3.5155     3.2748       7.78      0.402     0.4065     0.2822  1.000e-12  1.6460000    34.5497    34.5487    -0.0010    -0.0004    26.9959    26.9952     54.483     54.554    1480.86    1480.85     6.1931     6.2835    92.4780    93.8250  0.000e+00
      28573     55.500     7.4830     7.4827    3.53434    3.53420          1     3.5159     3.2744       7.32      0.415     0.4174     0.2384  1.000e-12  1.5489000    34.5503    34.5491    -0.0012    -0.0003    26.9964    26.9955     54.979     55.050    1480.86    1480.86     6.1927     6.2799    92.4720    93.7720  0.000e+00
      28610     56.000     7.4829     7.4828    3.53436    3.53422          1     3.5154     3.2735       6.75      0.342     0.4138     0.2491  1.000e-12  1.5029000    34.5504    34.5489    -0.0015    -0.0001    26.9965    26.9954     55.474     55.546    1480.87    1480.87     6.1939     6.2794    92.4880    93.7650  0.000e+00
      28676     56.500     7.4828     7.4827    3.53439    3.53425          1     3.5161     3.2718       6.19      0.168     0.4066     0.2305  1.000e-12  1.3552000    34.5506    34.5492    -0.0015    -0.0001    26.9967    26.9955     55.969     56.042    1480.88    1480.88     6.1930     6.2727    92.4760    93.6640  0.000e+00
      28706     57.000     7.4826     7.4825    3.53445    3.53430          1     3.5160     3.2710       5.80      0.344     0.4059     0.2562  1.000e-12  1.5140000    34.5511    34.5496    -0.0015    -0.0001    26.9970    26.9959     56.464     56.538    1480.89    1480.89     6.1948     6.2761    92.5030    93.7150  0.000e+00
      28735     57.500     7.4827     7.4826    3.53448    3.53434          1     3.5153     3.2713       5.31      0.430     0.4262     0.2862  1.000e-12  1.6363000    34.5511    34.5497    -0.0014    -0.0002    26.9971    26.9960     56.960     57.034    1480.90    1480.89     6.1902     6.2842    92.4350    93.8370  0.000e+00
      28814     58.000     7.4826     7.4826    3.53449    3.53436          1     3.5151     3.2734       4.72      0.159     0.4076     0.2578  1.000e-12  1.3376000    34.5510    34.5496    -0.0014    -0.0000    26.9970    26.9959     57.455     57.530    1480.90    1480.90     6.1915     6.2858    92.4530    93.8610  0.000e+00
      28855     58.500     7.4828     7.4827    3.53453    3.53439          1     3.5142     3.2734       4.30      0.302     0.4153     0.2337  1.000e-12  1.4034000    34.5511    34.5497    -0.0014    -0.0001    26.9970    26.9959     57.950     58.025    1480.91    1480.91     6.1892     6.2807    92.4190    93.7850  0.000e+00
      28896     59.000     7.4828     7.4828    3.53456    3.53442          1     3.5127     3.2716       3.73      0.367     0.4594     0.3807  1.000e-12  1.9858000    34.5511    34.5496    -0.0015    -0.0000    26.9970    26.9959     58.445     58.521    1480.93    1480.93     6.1857     6.2736    92.3660    93.6780  0.000e+00
      29066     59.500     7.4829     7.4827    3.53459    3.53444          1     3.5133     3.2714       3.20      0.145     0.3946     0.2728  1.000e-12  1.3951000    34.5512    34.5497    -0.0015    -0.0002    26.9971    26.9960     58.941     59.017    1480.93    1480.93     6.1889     6.2799    92.4150    93.7730  0.000e+00
      29197     60.000     7.4829     7.4827    3.53461    3.53448          1     3.5135     3.2690       2.73      0.136     0.4192     0.2544  1.000e-12  1.3439000    34.5511    34.5498    -0.0013    -0.0002    26.9971    26.9961     59.436     59.513    1480.94    1480.94     6.1902     6.2808    92.4340    93.7860  0.000e+00
      29274     60.500     7.4830     7.4828    3.53465    3.53451          1     3.5126     3.2698       2.26      0.199     0.4084     0.2296  1.000e-12  1.4741000    34.5512    34.5498    -0.0014    -0.0001    26.9971    26.9961     59.931     60.009    1480.95    1480.95     6.1884     6.2769    92.4080    93.7280  0.000e+00
      29387     61.000     7.4830     7.4828    3.53468    3.53454          1     3.5118     3.2679       1.77      0.206     0.4117     0.2790  1.000e-12  1.4353000    34.5513    34.5499    -0.0014    -0.0002    26.9972    26.9961     60.426     60.505    1480.96    1480.95     6.1891     6.2691    92.4180    93.6120  0.000e+00
      29506     61.500     7.4830     7.4828    3.53470    3.53457          1     3.5128     3.2702       1.23      0.153     0.4029     0.2790  1.000e-12  1.3473000    34.5513    34.5500    -0.0014    -0.0002    26.9972    26.9961     60.921     61.001    1480.96    1480.96     6.1905     6.2809    92.4390    93.7870  0.000e+00
      30067     62.000     7.4833     7.4830    3.53474    3.53460          1     3.5111     3.2702       0.49      0.037     0.4181     0.2829  1.000e-12  1.3212000    34.5512    34.5500    -0.0012    -0.0003    26.9971    26.9961     61.417     61.497    1480.98    1480.98     6.1895     6.2676    92.4250    93.5890  0.000e+00
