ctdpy/tests/etc/exprapp_feb_2020/SBE09_1387_20200207_1442_77_10_0122.cnv
* Sea-Bird SBE 9 Data File:
* FileName = L:\2020\sv20d0122.hex
* Software Version Seasave V 7.26.7.121
* Temperature SN = 6378
* Conductivity SN = 4824
* Number of Bytes Per Scan = 41
* Number of Voltage Words = 4
* Number of Scans Averaged by the Deck Unit = 1
* NMEA Latitude = 56 40.11 N
* NMEA Longitude = 012 06.64 E
* NMEA UTC (Time) = Feb 07 2020  14:42:29
* NMEA baud rate = 4800
** Station:  Anholt E
** Operator:  DBSj/SSip
** Ship: SVEA
** Average sound velocity: 1471.50 m/s
** True-depth calculation Fri, 07 Feb 2020 16:43:40 +0000
** CTD Python Module SMHI /ver 3-12/ feb 2012 
** LIMS Job: 20207710-0122
** Cruise: SMHI-03-2020
** Latitude [GG MM.mm N] :
** Longitude [GGG MM.mm E]:
# nquan = 30
# nvalues = 118                         
# units = specified
# name 0 = scan: Scan Count
# name 1 = prDM: Pressure, Digiquartz [db]
# name 2 = t090C: Temperature [ITS-90, deg C]
# name 3 = t190C: Temperature, 2 [ITS-90, deg C]
# name 4 = c0S/m: Conductivity [S/m]
# name 5 = c1S/m: Conductivity, 2 [S/m]
# name 6 = pumps: Pump Status
# name 7 = sbeox0V: Oxygen raw, SBE 43 [V]
# name 8 = sbeox1V: Oxygen raw, SBE 43, 2 [V]
# name 9 = altM: Altimeter [m]
# name 10 = dz/dtM: Descent Rate [m/s]
# name 11 = flECO-AFL: Chl-a Fluorescence, WET Labs ECO-AFL/FL [mg/m^3]
# name 12 = flECO-AFL1: Phycocyanin Fluorescence, WET Labs ECO-AFL/FL, 2 [mg/m^3]
# name 13 = par: PAR/Irradiance, Biospherical/Lico [µE/(cm^2*s)]
# name 14 = turbWETntu0: Turbidity, WET Labs ECO [NTU]
# name 15 = sal00: Salinity, Practical [PSU]
# name 16 = sal11: Salinity, Practical, 2 [PSU]
# name 17 = secS-priS: Salinity, Practical, Difference, 2 - 1 [PSU]
# name 18 = T2-T190C: Temperature Difference, 2 - 1 [ITS-90, deg C]
# name 19 = sigma-t00: Density [sigma-t, kg/m^3 ]
# name 20 = sigma-t11: Density, 2 [sigma-t, kg/m^3 ]
# name 21 = depSM: Depth [salt water, m], lat = 56.6685
# name 22 = depFM: Depth [true depth, m], lat = 56.6685
# name 23 = svCM: Sound Velocity [Chen-Millero, m/s]
# name 24 = svCM1: Sound Velocity, 2 [Chen-Millero, m/s]
# name 25 = sbeox0ML/L: Oxygen, SBE 43 [ml/l], WS = 2
# name 26 = sbeox1ML/L: Oxygen, SBE 43, 2 [ml/l], WS = 2
# name 27 = sbeox0PS: Oxygen, SBE 43 [% saturation], WS = 2
# name 28 = sbeox1PS: Oxygen, SBE 43, 2 [% saturation], WS = 2
# name 29 = flag: flag
# span 0 =      62032,      66313       
# span 1 =      2.000,     60.500       
# span 2 =     5.2062,     7.6819       
# span 3 =     5.2061,     7.6819       
# span 4 =   2.516728,   3.352257       
# span 5 =   2.516765,   3.352186       
# span 6 =          1,          1       
# span 7 =     3.1839,     3.6550       
# span 8 =     2.9724,     3.4031       
# span 9 =       1.75,      97.88       
# span 10 =     -0.070,      0.441      
# span 11 =     0.2932,     1.8175      
# span 12 =     0.1665,     0.5079      
# span 13 = -6.969e-05, 6.8399e+00      
# span 14 =     0.3255,     2.1685      
# span 15 =    25.4062,    32.5993      
# span 16 =    25.4067,    32.5986      
# span 17 =    -0.0067,     0.1045      
# span 18 =    -0.0107,     0.0469      
# span 19 =    20.0602,    25.4656      
# span 20 =    20.0607,    25.4650      
# span 21 =      1.982,     59.937      
# span 22 =      1.997,     60.212      
# span 23 =    1459.43,    1478.42      
# span 24 =    1459.43,    1478.42      
# span 25 =     5.4515,     7.2736      
# span 26 =     5.4799,     7.3855      
# span 27 =     80.511,     97.129      
# span 28 =     80.625,     98.493      
# span 29 = 0.0000e+00, 0.0000e+00      
# interval = decibars: 0.5              
# start_time = Feb 07 2020 14:42:29 [NMEA time, first data scan]
# bad_flag = -9.990e-29
*END*
      62032      2.000     5.2131     5.2163    2.51922    2.52048          1     3.6532     3.4028      67.35     -0.070     1.5179     0.4108  6.840e+00  0.3278000    25.4287    25.4403     0.0116     0.0032    20.0774    20.0862      1.982      1.997    1459.48    1459.51     7.2707     7.3817    96.9150    98.4100  0.000e+00
      62543      2.500     5.2062     5.2061    2.51673    2.51676          1     3.6526     3.4031      82.94      0.160     1.5739     0.4388  5.802e+00  0.3297000    25.4062    25.4067     0.0005    -0.0001    20.0602    20.0607      2.477      2.496    1459.43    1459.43     7.2736     7.3855    96.9220    98.4130  0.000e+00
      62600      3.000     5.2070     5.2071    2.51706    2.51714          1     3.6531     3.4030      78.93      0.256     1.6386     0.4078  4.850e+00  0.3529000    25.4090    25.4098     0.0008     0.0001    20.0624    20.0630      2.973      2.995    1459.45    1459.45     7.2722     7.3832    96.9080    98.3870  0.000e+00
      62637      3.500     5.2134     5.2155    2.51988    2.52090          1     3.6523     3.4017      97.81      0.327     1.6207     0.4030  4.158e+00  0.3441000    25.4352    25.4450     0.0097     0.0021    20.0825    20.0900      3.468      3.495    1459.51    1459.53     7.2649     7.3675    96.8420    98.2210  0.000e+00
      62671      4.000     5.2250     5.2253    2.52530    2.52554          1     3.6520     3.4003      97.56      0.329     1.6367     0.3661  3.635e+00  0.3553000    25.4862    25.4887     0.0025     0.0003    20.1217    20.1236      3.963      3.994    1459.63    1459.64     7.2651     7.3692    96.9060    98.2960  0.000e+00
      62699      4.500     5.2351     5.2349    2.53020    2.53009          1     3.6521     3.4006      97.56      0.413     1.6977     0.4807  3.032e+00  0.3772000    25.5327    25.5316    -0.0012    -0.0002    20.1575    20.1566      4.459      4.493    1459.74    1459.74     7.2594     7.3700    96.8820    98.3580  0.000e+00
      62731      5.000     5.2448     5.2438    2.53399    2.53357          1     3.6518     3.4004      97.57      0.388     1.6357     0.5079  2.632e+00  0.3731000    25.5671    25.5632    -0.0039    -0.0010    20.1837    20.1807      4.954      4.992    1459.83    1459.82     7.2548     7.3651    96.8660    98.3340  0.000e+00
      62761      5.500     5.2587     5.2579    2.53929    2.53903          1     3.6512     3.4002      97.58      0.385     1.6299     0.4410  2.252e+00  0.3734000    25.6150    25.6126    -0.0023    -0.0008    20.2202    20.2184      5.450      5.492    1459.96    1459.95     7.2466     7.3554    96.8200    98.2700  0.000e+00
      62790      6.000     5.2666     5.2661    2.54217    2.54208          1     3.6507     3.3996      70.47      0.416     1.6632     0.4593  1.955e+00  0.3810000    25.6406    25.6399    -0.0007    -0.0005    20.2398    20.2392      5.945      5.991    1460.03    1460.03     7.2469     7.3554    96.8600    98.3080  0.000e+00
      62819      6.500     5.2729     5.2723    2.54478    2.54473          1     3.6509     3.3994      75.02      0.404     1.6871     0.4778  1.676e+00  0.3960000    25.6645    25.6643    -0.0002    -0.0006    20.2580    20.2579      6.440      6.490    1460.10    1460.10     7.2435     7.3504    96.8440    98.2720  0.000e+00
      62848      7.000     5.2746     5.2742    2.54600    2.54597          1     3.6501     3.3987      64.14      0.420     1.6662     0.3930  1.459e+00  0.3767000    25.6764    25.6764     0.0000    -0.0004    20.2673    20.2673      6.936      6.989    1460.13    1460.13     7.2411     7.3425    96.8230    98.1790  0.000e+00
      62879      7.500     5.2802     5.2807    2.54849    2.54885          1     3.6503     3.3974      97.88      0.397     1.6074     0.4340  1.266e+00  0.3777000    25.6995    25.7032     0.0037     0.0005    20.2850    20.2878      7.431      7.488    1460.19    1460.20     7.2421     7.3399    96.8660    98.1770  0.000e+00
      62908      8.000     5.2916     5.2913    2.55291    2.55305          1     3.6501     3.3972      97.58      0.403     1.6369     0.4505  1.096e+00  0.3657000    25.7395    25.7413     0.0018    -0.0003    20.3155    20.3169      7.927      7.987    1460.30    1460.30     7.2397     7.3435    96.8860    98.2740  0.000e+00
      62937      8.500     5.2988     5.2989    2.55565    2.55578          1     3.6518     3.3985      53.15      0.416     1.6473     0.4191  9.514e-01  0.3462000    25.7641    25.7656     0.0015     0.0000    20.3342    20.3354      8.422      8.486    1460.36    1460.37     7.2510     7.3572    97.0700    98.4930  0.000e+00
      62966      9.000     5.3058     5.3059    2.55798    2.55810          1     3.6544     3.3998      97.42      0.405     1.6685     0.3773  8.189e-01  0.3769000    25.7843    25.7856     0.0013     0.0001    20.3495    20.3505      8.917      8.986    1460.43    1460.43     7.2532     7.3520    97.1290    98.4530  0.000e+00
      62995      9.500     5.3163     5.3137    2.56090    2.56050          1     3.6550     3.4004      97.58      0.423     1.6311     0.4558  7.157e-01  0.3816000    25.8084    25.8060    -0.0024    -0.0026    20.3675    20.3659      9.413      9.485    1460.51    1460.49     7.2358     7.3430    96.9360    98.3640  0.000e+00
      63024     10.000     5.3976     5.4040    2.58556    2.58755          1     3.6514     3.3987      82.07      0.417     1.7226     0.4498  6.288e-01  0.3871000    26.0182    26.0352     0.0171     0.0064    20.5253    20.5382      9.908      9.984    1461.12    1461.17     7.1870     7.2845    96.6060    97.9420  0.000e+00
      63052     10.500     5.4977     5.4869    2.61792    2.61655          1     3.6465     3.3944      51.73      0.414     1.8175     0.4009  5.439e-01  0.3599000    26.2976    26.2909    -0.0067    -0.0107    20.7361    20.7318     10.404     10.483    1461.89    1461.84     7.1421     7.2364    96.4130    97.6570  0.000e+00
      63081     11.000     5.5509     5.5490    2.63816    2.63818          1     3.6416     3.3899      71.93      0.420     1.6491     0.4016  4.735e-01  0.3764000    26.4790    26.4807     0.0017    -0.0019    20.8740    20.8755     10.899     10.982    1462.35    1462.34     7.1055     7.1971    96.1580    97.3940  0.000e+00
      63110     11.500     5.5777     5.5789    2.65479    2.65855          1     3.6339     3.3836      64.95      0.412     1.7578     0.4453  4.107e-01  0.4702000    26.6412    26.6818     0.0406     0.0012    20.9993    21.0312     11.394     11.480    1462.67    1462.73     7.0646     7.1551    95.7680    97.0240  0.000e+00
      63140     12.000     5.5990     5.5992    2.68490    2.68655          1     3.6252     3.3768      79.45      0.409     1.7080     0.4041  3.508e-01  0.3636000    26.9564    26.9745     0.0181     0.0002    21.2459    21.2601     11.890     11.979    1463.16    1463.19     7.0226     7.1143    95.4490    96.7070  0.000e+00
      63169     12.500     5.6206     5.6195    2.69805    2.69802          1     3.6157     3.3688      81.97      0.405     1.5942     0.4781  3.052e-01  0.3343000    27.0841    27.0847     0.0006    -0.0011    21.3445    21.3451     12.385     12.478    1463.42    1463.42     6.9885     7.0793    95.1150    96.3490  0.000e+00
      63199     13.000     5.6290     5.6289    2.70250    2.70268          1     3.6068     3.3609      60.93      0.409     1.5800     0.4945  2.656e-01  0.4715000    27.1264    27.1284     0.0020    -0.0001    21.3770    21.3786     12.881     12.976    1463.52    1463.52     6.9672     7.0571    94.8710    96.0960  0.000e+00
      63228     13.500     5.6393     5.6388    2.70631    2.70683          1     3.5988     3.3537      69.42      0.406     1.4988     0.4358  2.296e-01  0.3360000    27.1599    27.1661     0.0062    -0.0006    21.4024    21.4073     13.376     13.475    1463.61    1463.62     6.9555     7.0492    94.7560    96.0350  0.000e+00
      63258     14.000     5.6383     5.6378    2.71174    2.71195          1     3.5947     3.3494      48.17      0.405     1.4726     0.4350  1.957e-01  0.3255000    27.2204    27.2232     0.0029    -0.0005    21.4502    21.4525     13.871     13.974    1463.69    1463.69     6.9581     7.0554    94.8280    96.1540  0.000e+00
      63286     14.500     5.6376     5.6377    2.71351    2.71363          1     3.5921     3.3467      84.74      0.419     1.5603     0.4249  1.609e-01  0.3432000    27.2404    27.2416     0.0013     0.0001    21.4660    21.4670     14.367     14.472    1463.72    1463.73     6.9496     7.0476    94.7230    96.0590  0.000e+00
      63315     15.000     5.6522     5.6525    2.72046    2.72062          1     3.5881     3.3427      97.40      0.425     1.5690     0.4319  1.351e-01  0.4305000    27.3051    27.3067     0.0016     0.0003    21.5156    21.5168     14.862     14.971    1463.87    1463.88     6.9295     7.0248    94.5220    95.8240  0.000e+00
      63344     15.500     5.6938     5.6943    2.73248    2.73251          1     3.5834     3.3392      82.41      0.414     1.4403     0.4642  1.144e-01  0.3896000    27.4039    27.4037    -0.0001     0.0005    21.5892    21.5891     15.358     15.469    1464.17    1464.18     6.9075     7.0123    94.3780    95.8110  0.000e+00
      63373     16.000     5.7133     5.7132    2.73586    2.73585          1     3.5804     3.3361      46.17      0.411     1.4473     0.4451  9.424e-02  0.3434000    27.4251    27.4251    -0.0000    -0.0001    21.6040    21.6039     15.853     15.968    1464.29    1464.29     6.9051     7.0022    94.4020    95.7290  0.000e+00
      63403     16.500     5.7147     5.7145    2.73633    2.73634          1     3.5781     3.3344      60.87      0.408     1.4348     0.3347  7.714e-02  0.3619000    27.4290    27.4292     0.0003    -0.0002    21.6068    21.6071     16.348     16.466    1464.31    1464.31     6.9008     7.0103    94.3490    95.8460  0.000e+00
      63432     17.000     5.7143     5.7141    2.73662    2.73660          1     3.5765     3.3336      44.93      0.403     1.4467     0.3982  6.027e-02  0.3761000    27.4322    27.4322    -0.0000    -0.0002    21.6095    21.6095     16.844     16.965    1464.32    1464.32     6.9025     7.0119    94.3730    95.8690  0.000e+00
      63461     17.500     5.7144     5.7142    2.73673    2.73671          1     3.5766     3.3329      67.58      0.415     1.4108     0.3804  4.007e-02  0.3587000    27.4332    27.4332    -0.0000    -0.0003    21.6102    21.6102     17.339     17.463    1464.33    1464.33     6.9080     7.0109    94.4500    95.8560  0.000e+00
      63491     18.000     5.7140     5.7137    2.73731    2.73734          1     3.5768     3.3326      43.96      0.410     1.4781     0.3647  3.020e-02  0.3509000    27.4397    27.4404     0.0006    -0.0003    21.6154    21.6159     17.834     17.962    1464.34    1464.34     6.9102     7.0144    94.4830    95.9060  0.000e+00
      63520     18.500     5.7093     5.7088    2.73887    2.73891          1     3.5777     3.3328      43.60      0.405     1.5722     0.4249  1.571e-02  0.3758000    27.4606    27.4614     0.0008    -0.0005    21.6324    21.6331     18.330     18.460    1464.36    1464.36     6.9126     7.0164    94.5180    95.9360  0.000e+00
      63550     19.000     5.7056     5.7054    2.73915    2.73913          1     3.5778     3.3326      43.26      0.407     1.4937     0.4684  5.262e-03  0.5318000    27.4665    27.4664    -0.0001    -0.0002    21.6374    21.6374     18.825     18.959    1464.36    1464.36     6.9099     7.0155    94.4760    95.9200  0.000e+00
      63579     19.500     5.7045     5.7043    2.73941    2.73933          1     3.5770     3.3326      42.65      0.402     1.4416     0.4562 -6.969e-05  0.3910000    27.4700    27.4693    -0.0007    -0.0002    21.6403    21.6397     19.321     19.457    1464.37    1464.36     6.9033     7.0164    94.3860    95.9310  0.000e+00
      63608     20.000     5.7032     5.7029    2.74001    2.73997          1     3.5755     3.3324      42.03      0.414     1.4679     0.4380  1.209e-10  0.4090000    27.4774    27.4773    -0.0001    -0.0004    21.6463    21.6462     19.816     19.956    1464.38    1464.38     6.9041     7.0106    94.3980    95.8530  0.000e+00
      63637     20.500     5.6975     5.6986    2.73966    2.73975          1     3.5757     3.3313      41.53      0.420     1.5954     0.4506  1.000e-12  0.4020000    27.4780    27.4782     0.0002     0.0011    21.6474    21.6474     20.311     20.454    1464.36    1464.37     6.9089     7.0078    94.4510    95.8050  0.000e+00
      63666     21.000     5.6904     5.6932    2.73912    2.73936          1     3.5755     3.3307      40.81      0.409     1.5212     0.4790  1.000e-12  0.3843000    27.4776    27.4780     0.0004     0.0028    21.6478    21.6478     20.807     20.953    1464.34    1464.36     6.9088     7.0108    94.4340    95.8350  0.000e+00
      63695     21.500     5.6689     5.6721    2.73750    2.73775          1     3.5763     3.3307      40.51      0.410     1.5271     0.4624  1.000e-12  0.3791000    27.4770    27.4773     0.0003     0.0031    21.6496    21.6495     21.302     21.451    1464.26    1464.28     6.9356     7.0376    94.7520    96.1520  0.000e+00
      63723     22.000     5.6533     5.6516    2.73643    2.73631          1     3.5834     3.3355      45.49      0.425     1.5232     0.4693  1.000e-12  0.4418000    27.4777    27.4779     0.0002    -0.0018    21.6518    21.6521     21.797     21.950    1464.21    1464.20     6.9548     7.0583    94.9780    96.3880  0.000e+00
      63752     22.500     5.6267     5.6269    2.73466    2.73464          1     3.5803     3.3331      43.15      0.421     1.5090     0.4661  1.000e-12  0.4094000    27.4796    27.4792    -0.0004     0.0001    21.6561    21.6557     22.293     22.448    1464.11    1464.11     6.8894     6.9728    94.0280    95.1650  0.000e+00
      63782     23.000     5.6854     5.6946    2.74368    2.74510          1     3.5662     3.3212      39.13      0.402     1.4711     0.4097  1.000e-12  0.4483000    27.5311    27.5394     0.0083     0.0091    21.6905    21.6960     22.788     22.947    1464.42    1464.47     6.8332     6.9116    93.4230    94.5210  0.000e+00
      63812     23.500     5.8427     5.8527    2.77040    2.77325          1     3.5598     3.3166      38.73      0.405     1.4170     0.3464  1.000e-12  0.4165000    27.6970    27.7202     0.0232     0.0100    21.8047    21.8219     23.284     23.445    1465.28    1465.35     6.8420     6.9470    93.9980    95.4780  0.000e+00
      63841     24.000     5.8661     5.8635    2.77896    2.77908          1     3.5626     3.3171      38.16      0.413     1.4017     0.4774  1.000e-12  0.4022000    27.7719    27.7754     0.0034    -0.0026    21.8613    21.8643     23.779     23.943    1465.48    1465.47     6.7981     6.8637    93.4930    94.3920  0.000e+00
      63871     24.500     5.8587     5.8628    2.78155    2.78260          1     3.5423     3.2980      37.62      0.402     1.4434     0.3808  1.000e-12  0.4508000    27.8063    27.8144     0.0081     0.0042    21.8892    21.8951     24.274     24.442    1465.50    1465.53     6.6736     6.7092    91.7850    92.2890  0.000e+00
      63900     25.000     6.1474     6.1944    2.85463    2.86773          1     3.5098     3.2691      37.07      0.403     1.3239     0.4609  1.000e-12  0.4419000    28.3685    28.4730     0.1045     0.0469    22.3004    22.3775     24.770     24.940    1467.38    1467.70     6.4486     6.4458    89.6290    89.7510  0.000e+00
      63931     25.500     6.3971     6.4100    2.92307    2.92632          1     3.4591     3.2241      36.59      0.399     1.0620     0.3527  1.000e-12  0.6363000    28.9074    28.9318     0.0244     0.0129    22.6964    22.7141     25.265     25.438    1469.07    1469.15     6.2522     6.2425    87.7290    87.6330  0.000e+00
