ctdpy/tests/etc/exprapp_feb_2020/SBE09_1387_20200206_2050_77_10_0118.cnv
* Sea-Bird SBE 9 Data File:
* FileName = L:\2020\sv20d0118.hex
* Software Version Seasave V 7.26.7.121
* Temperature SN = 6378
* Conductivity SN = 4824
* Number of Bytes Per Scan = 41
* Number of Voltage Words = 4
* Number of Scans Averaged by the Deck Unit = 1
* NMEA Latitude = 58 17.11 N
* NMEA Longitude = 010 30.39 E
* NMEA UTC (Time) = Feb 06 2020  20:50:26
* NMEA baud rate = 4800
** Station:  Å17
** Operator:  DBSj
** Ship: SVEA
** Average sound velocity: 1483.40 m/s
** True-depth calculation Fri, 07 Feb 2020 00:57:18 +0000
** CTD Python Module SMHI /ver 3-12/ feb 2012 
** LIMS Job: 20207710-0118
** Cruise: SMHI-03-2020
** Latitude [GG MM.mm N] :
** Longitude [GGG MM.mm E]:
# nquan = 30
# nvalues = 690                         
# units = specified
# name 0 = scan: Scan Count
# name 1 = prDM: Pressure, Digiquartz [db]
# name 2 = t090C: Temperature [ITS-90, deg C]
# name 3 = t190C: Temperature, 2 [ITS-90, deg C]
# name 4 = c0S/m: Conductivity [S/m]
# name 5 = c1S/m: Conductivity, 2 [S/m]
# name 6 = pumps: Pump Status
# name 7 = sbeox0V: Oxygen raw, SBE 43 [V]
# name 8 = sbeox1V: Oxygen raw, SBE 43, 2 [V]
# name 9 = altM: Altimeter [m]
# name 10 = dz/dtM: Descent Rate [m/s]
# name 11 = flECO-AFL: Chl-a Fluorescence, WET Labs ECO-AFL/FL [mg/m^3]
# name 12 = flECO-AFL1: Phycocyanin Fluorescence, WET Labs ECO-AFL/FL, 2 [mg/m^3]
# name 13 = par: PAR/Irradiance, Biospherical/Lico [µE/(cm^2*s)]
# name 14 = turbWETntu0: Turbidity, WET Labs ECO [NTU]
# name 15 = sal00: Salinity, Practical [PSU]
# name 16 = sal11: Salinity, Practical, 2 [PSU]
# name 17 = secS-priS: Salinity, Practical, Difference, 2 - 1 [PSU]
# name 18 = T2-T190C: Temperature Difference, 2 - 1 [ITS-90, deg C]
# name 19 = sigma-t00: Density [sigma-t, kg/m^3 ]
# name 20 = sigma-t11: Density, 2 [sigma-t, kg/m^3 ]
# name 21 = depSM: Depth [salt water, m], lat = 58.2852
# name 22 = depFM: Depth [true depth, m], lat = 58.2852
# name 23 = svCM: Sound Velocity [Chen-Millero, m/s]
# name 24 = svCM1: Sound Velocity, 2 [Chen-Millero, m/s]
# name 25 = sbeox0ML/L: Oxygen, SBE 43 [ml/l], WS = 2
# name 26 = sbeox1ML/L: Oxygen, SBE 43, 2 [ml/l], WS = 2
# name 27 = sbeox0PS: Oxygen, SBE 43 [% saturation], WS = 2
# name 28 = sbeox1PS: Oxygen, SBE 43, 2 [% saturation], WS = 2
# name 29 = flag: flag
# span 0 =      27062,      50545       
# span 1 =      0.500,    345.000       
# span 2 =     6.1664,     8.0103       
# span 3 =     6.1639,     8.0098       
# span 4 =   3.220287,   3.636296       
# span 5 =   3.220021,   3.636129       
# span 6 =          1,          1       
# span 7 =     3.0386,     3.5620       
# span 8 =     2.8346,     3.3167       
# span 9 =       5.66,     100.70       
# span 10 =     -0.429,      1.249      
# span 11 =     0.1633,     0.8935      
# span 12 =     0.1279,     0.3266      
# span 13 = 1.0000e-12, 3.6528e+00      
# span 14 =     0.1510,     1.0981      
# span 15 =    32.4041,    35.1378      
# span 16 =    32.4030,    35.1365      
# span 17 =    -0.0479,     0.0415      
# span 18 =    -0.0237,     0.0395      
# span 19 =    25.4800,    27.4907      
# span 20 =    25.4791,    27.4899      
# span 21 =      0.495,    341.510      
# span 22 =      0.497,    342.086      
# span 23 =    1472.14,    1485.58      
# span 24 =    1472.13,    1485.58      
# span 25 =     5.3291,     6.5605      
# span 26 =     5.4054,     6.6642      
# span 27 =     79.254,     93.738      
# span 28 =     80.384,     95.217      
# span 29 = 0.0000e+00, 0.0000e+00      
# interval = decibars: 0.5              
# start_time = Feb 06 2020 20:50:26 [NMEA time, first data scan]
# bad_flag = -9.990e-29
*END*
[from data line 532]
      41086    266.500     7.5122     7.5113    3.59967    3.59949          1     3.2402     3.0270      97.65      0.365     0.1935     0.2070  1.000e-12  0.6792000    35.1274    35.1263    -0.0011    -0.0009    27.4462    27.4454    263.854    264.269    1485.16    1485.16     5.6752     5.7449    85.1220    86.1640  0.000e+00
      41102    267.000     7.4919     7.4897    3.59775    3.59741          1     3.2362     3.0225      97.65      0.555     0.1910     0.1987  1.000e-12  0.6728000    35.1267    35.1254    -0.0014    -0.0022    27.4486    27.4479    264.349    264.765    1485.10    1485.08     5.6742     5.7476    85.0660    86.1620  0.000e+00
      41115    267.500     7.4707     7.4730    3.59575    3.59587          1     3.2332     3.0192      97.65      0.728     0.1952     0.1912  1.000e-12  0.6707000    35.1262    35.1252    -0.0010     0.0023    27.4513    27.4502    264.843    265.261    1485.02    1485.03     5.6762     5.7499    85.0550    86.1640  0.000e+00
      41127    268.000     7.4688     7.4718    3.59563    3.59578          1     3.2310     3.0166      97.64      0.866     0.2061     0.1862  1.000e-12  0.7178000    35.1265    35.1251    -0.0014     0.0030    27.4518    27.4503    265.338    265.756    1485.02    1485.03     5.6794     5.7546    85.1000    86.2320  0.000e+00
      41144    268.500     7.4605     7.4592    3.59483    3.59459          1     3.2297     3.0142      60.45      0.879     0.2035     0.1793  1.000e-12  0.7115000    35.1260    35.1247    -0.0013    -0.0013    27.4526    27.4518    265.833    266.252    1485.00    1484.99     5.6858     5.7717    85.1800    86.4630  0.000e+00
      41221    269.000     7.4755     7.4859    3.59633    3.59716          1     3.2209     3.0092      83.50      0.134     0.1925     0.2362  1.000e-12  0.5862000    35.1269    35.1254    -0.0015     0.0104    27.4512    27.4485    266.328    266.748    1485.06    1485.10     5.6491     5.7348    84.6580    85.9620  0.000e+00
      41246    269.500     7.4740     7.4711    3.59618    3.59577          1     3.2163     3.0041      98.08      0.381     0.1999     0.2334  1.000e-12  0.5991000    35.1266    35.1251    -0.0015    -0.0029    27.4511    27.4503    266.822    267.243    1485.06    1485.05     5.6376     5.7122    84.4840    85.5960  0.000e+00
      41259    270.000     7.4470     7.4442    3.59355    3.59326          1     3.2135     3.0012      97.66      0.647     0.2099     0.2164  1.000e-12  0.6226000    35.1250    35.1246    -0.0004    -0.0028    27.4538    27.4539    267.317    267.739    1484.97    1484.96     5.6376     5.7136    84.4320    85.5630  0.000e+00
      41271    270.500     7.4293     7.4288    3.59192    3.59179          1     3.2114     2.9984      97.66      0.838     0.2093     0.1889  1.000e-12  0.6342000    35.1249    35.1240    -0.0009    -0.0005    27.4563    27.4556    267.812    268.235    1484.91    1484.91     5.6391     5.7164    84.4190    85.5750  0.000e+00
      41285    271.000     7.4204     7.4199    3.59113    3.59096          1     3.2094     2.9964      97.66      0.937     0.2146     0.1780  1.000e-12  0.6633000    35.1251    35.1237    -0.0014    -0.0005    27.4577    27.4567    268.306    268.730    1484.88    1484.88     5.6403     5.7254    84.4210    85.6920  0.000e+00
      41307    271.500     7.4130     7.4148    3.59045    3.59049          1     3.2073     2.9946      97.66      0.757     0.2130     0.1681  1.000e-12  0.6987000    35.1249    35.1235    -0.0014     0.0018    27.4586    27.4572    268.801    269.226    1484.86    1484.87     5.6419     5.7307    84.4300    85.7620  0.000e+00
      41368    272.000     7.4207     7.4335    3.59120    3.59230          1     3.2024     2.9888      79.11      0.233     0.1883     0.1861  1.000e-12  0.6249000    35.1250    35.1240    -0.0010     0.0128    27.4576    27.4550    269.296    269.721    1484.90    1484.95     5.6279     5.7069    84.2350    85.4430  0.000e+00
      41405    272.500     7.4098     7.4108    3.59019    3.59016          1     3.1985     2.9845      87.64      0.282     0.2085     0.2226  1.000e-12  0.6921000    35.1249    35.1235    -0.0014     0.0010    27.4591    27.4579    269.790    270.217    1484.87    1484.87     5.6204     5.6956    84.1030    85.2290  0.000e+00
      41424    273.000     7.4101     7.4082    3.59022    3.58994          1     3.1967     2.9818      97.95      0.474     0.2119     0.2587  1.000e-12  0.7235000    35.1246    35.1235    -0.0011    -0.0019    27.4588    27.4582    270.285    270.713    1484.88    1484.87     5.6203     5.6925    84.1020    85.1780  0.000e+00
      41438    273.500     7.4010     7.4022    3.58936    3.58939          1     3.1960     2.9804      97.56      0.646     0.2053     0.2584  1.000e-12  0.7315000    35.1242    35.1232    -0.0010     0.0013    27.4598    27.4588    270.780    271.208    1484.85    1484.85     5.6246     5.6994    84.1480    85.2690  0.000e+00
      41450    274.000     7.3954     7.3940    3.58886    3.58861          1     3.1957     2.9797      97.40      0.792     0.2055     0.2380  1.000e-12  0.7026000    35.1241    35.1229    -0.0012    -0.0014    27.4605    27.4598    271.275    271.704    1484.84    1484.83     5.6285     5.7079    84.1950    85.3790  0.000e+00
      41463    274.500     7.3901     7.3913    3.58837    3.58842          1     3.1956     2.9797      97.67      0.899     0.2045     0.2348  1.000e-12  0.6937000    35.1239    35.1233    -0.0006     0.0013    27.4611    27.4605    271.769    272.200    1484.82    1484.83     5.6306     5.7142    84.2170    85.4690  0.000e+00
      41478    275.000     7.3965     7.3952    3.58902    3.58879          1     3.1958     2.9797      97.67      0.926     0.1953     0.2080  1.000e-12  0.7246000    35.1243    35.1232    -0.0011    -0.0013    27.4605    27.4598    272.264    272.695    1484.86    1484.85     5.6312     5.7150    84.2380    85.4880  0.000e+00
      41532    275.500     7.4087     7.4091    3.59015    3.59005          1     3.1957     2.9802      97.67      0.439     0.1973     0.2017  1.000e-12  0.6599000    35.1240    35.1225    -0.0014     0.0004    27.4585    27.4573    272.759    273.191    1484.91    1484.91     5.6288     5.7150    84.2250    85.5160  0.000e+00
      41591    276.000     7.4101     7.4150    3.59038    3.59074          1     3.1948     2.9800      97.64      0.281     0.2063     0.2214  1.000e-12  0.5965000    35.1249    35.1238    -0.0010     0.0049    27.4590    27.4575    273.253    273.687    1484.93    1484.95     5.6231     5.7085    84.1430    85.4290  0.000e+00
      41604    276.500     7.4226     7.4222    3.59160    3.59147          1     3.1947     2.9798      97.65      0.573     0.2040     0.1969  1.000e-12  0.6904000    35.1254    35.1242    -0.0011    -0.0004    27.4576    27.4567    273.748    274.182    1484.98    1484.98     5.6204     5.7080    84.1270    85.4370  0.000e+00
      41615    277.000     7.4129     7.4075    3.59062    3.59005          1     3.1938     2.9798      97.63      0.782     0.2081     0.1887  1.000e-12  0.6901000    35.1241    35.1234    -0.0007    -0.0054    27.4580    27.4583    274.243    274.678    1484.95    1484.93     5.6197     5.7087    84.0970    85.4180  0.000e+00
      41627    277.500     7.3941     7.3945    3.58897    3.58889          1     3.1934     2.9790      97.63      0.936     0.2063     0.1986  1.000e-12  0.7685000    35.1250    35.1238    -0.0013     0.0004    27.4614    27.4604    274.737    275.174    1484.89    1484.89     5.6212     5.7078    84.0840    85.3800  0.000e+00
      41638    278.000     7.3939     7.3924    3.58895    3.58869          1     3.1928     2.9785      97.63      1.029     0.2082     0.2069  1.000e-12  0.7742000    35.1247    35.1234    -0.0013    -0.0015    27.4612    27.4604    275.232    275.669    1484.90    1484.89     5.6226     5.7094    84.1050    85.3990  0.000e+00
      41652    278.500     7.3951     7.3962    3.58904    3.58904          1     3.1924     2.9785      97.65      1.020     0.1974     0.1875  1.000e-12  0.7743000    35.1243    35.1232    -0.0011     0.0011    27.4607    27.4597    275.727    276.165    1484.91    1484.91     5.6255     5.7136    84.1500    85.4700  0.000e+00
      41713    279.000     7.3975     7.3923    3.58934    3.58870          1     3.1906     2.9756      97.66      0.480     0.1946     0.1960  1.000e-12  0.7209000    35.1248    35.1231    -0.0017    -0.0052    27.4608    27.4601    276.221    276.661    1484.93    1484.90     5.6179     5.7005    84.0410    85.2650  0.000e+00
      41772    279.500     7.4015     7.3916    3.58970    3.58866          1     3.1870     2.9712      97.67      0.405     0.2055     0.2339  1.000e-12  0.6659000    35.1245    35.1232    -0.0013    -0.0100    27.4599    27.4603    276.716    277.156    1484.95    1484.91     5.6014     5.6862    83.8030    85.0500  0.000e+00
      41781    280.000     7.3800     7.3812    3.58770    3.58768          1     3.1862     2.9712      97.65      0.695     0.2129     0.2183  1.000e-12  0.6696000    35.1242    35.1227    -0.0015     0.0012    27.4628    27.4615    277.211    277.652    1484.88    1484.88     5.6042     5.6914    83.8020    85.1080  0.000e+00
      41790    280.500     7.3763     7.3768    3.58737    3.58730          1     3.1850     2.9705      97.67      0.927     0.2150     0.1745  1.000e-12  0.6736000    35.1240    35.1228    -0.0012     0.0005    27.4632    27.4622    277.705    278.148    1484.87    1484.87     5.6047     5.6937    83.8030    85.1330  0.000e+00
      41799    281.000     7.3769     7.3768    3.58746    3.58733          1     3.1846     2.9707      97.65      1.114     0.2051     0.1761  1.000e-12  0.7692000    35.1242    35.1229    -0.0013    -0.0001    27.4633    27.4622    278.200    278.643    1484.88    1484.88     5.6078     5.6946    83.8500    85.1480  0.000e+00
      41809    281.500     7.3783     7.3771    3.58757    3.58735          1     3.1846     2.9703      97.66      1.249     0.2066     0.2013  1.000e-12  0.7743000    35.1237    35.1226    -0.0011    -0.0012    27.4626    27.4620    278.695    279.139    1484.89    1484.89     5.6109     5.6962    83.9000    85.1720  0.000e+00
      41833    282.000     7.3731     7.3743    3.58710    3.58712          1     3.1838     2.9696      97.64      1.073     0.1989     0.2298  1.000e-12  0.8092000    35.1236    35.1226    -0.0011     0.0012    27.4634    27.4624    279.190    279.635    1484.88    1484.88     5.6094     5.6926    83.8670    85.1130  0.000e+00
      41913    282.500     7.3829     7.3853    3.58807    3.58819          1     3.1773     2.9645      97.67      0.257     0.2133     0.2039  1.000e-12  0.6902000    35.1240    35.1229    -0.0011     0.0024    27.4622    27.4610    279.684    280.130    1484.93    1484.94     5.5811     5.6526    83.4630    84.5350  0.000e+00
      41923    283.000     7.3706     7.3774    3.58686    3.58739          1     3.1763     2.9624      97.67      0.616     0.2083     0.1596  1.000e-12  0.7272000    35.1230    35.1219    -0.0010     0.0067    27.4632    27.4614    280.179    280.626    1484.89    1484.91     5.5849     5.6557    83.4960    84.5670  0.000e+00
      41935    283.500     7.3605     7.3590    3.58594    3.58575          1     3.1750     2.9617      97.68      0.857     0.2033     0.1651  1.000e-12  0.7313000    35.1230    35.1224    -0.0006    -0.0014    27.4647    27.4644    280.674    281.122    1484.86    1484.85     5.5876     5.6638    83.5160    84.6530  0.000e+00
      41947    284.000     7.3522     7.3555    3.58519    3.58540          1     3.1749     2.9608      97.67      0.997     0.1864     0.2141  1.000e-12  0.7762000    35.1230    35.1218    -0.0011     0.0033    27.4658    27.4645    281.168    281.617    1484.84    1484.85     5.5930     5.6690    83.5820    84.7230  0.000e+00
      41988    284.500     7.3622     7.3578    3.58616    3.58555          1     3.1718     2.9585      94.72      0.570     0.1872     0.2175  1.000e-12  0.7457000    35.1232    35.1209    -0.0022    -0.0044    27.4645    27.4634    281.663    282.113    1484.88    1484.86     5.5781     5.6593    83.3780    84.5810  0.000e+00
      42047    285.000     7.3613     7.3562    3.58605    3.58548          1     3.1642     2.9530      97.74      0.186     0.2008     0.1736  1.000e-12  0.7245000    35.1226    35.1216    -0.0010    -0.0051    27.4642    27.4642    282.158    282.609    1484.89    1484.86     5.5503     5.6287    82.9600    84.1220  0.000e+00
      42061    285.500     7.3470     7.3416    3.58472    3.58408          1     3.1619     2.9508      97.66      0.492     0.2050     0.1624  1.000e-12  0.7250000    35.1224    35.1208    -0.0015    -0.0054    27.4661    27.4657    282.652    283.104    1484.84    1484.81     5.5511     5.6284    82.9450    84.0890  0.000e+00
      42073    286.000     7.3326     7.3303    3.58342    3.58309          1     3.1605     2.9490      97.68      0.726     0.1767     0.2010  1.000e-12  0.7194000    35.1225    35.1213    -0.0012    -0.0023    27.4683    27.4677    283.147    283.600    1484.79    1484.78     5.5542     5.6317    82.9650    84.1180  0.000e+00
      42085    286.500     7.3323     7.3332    3.58341    3.58336          1     3.1594     2.9480      97.67      0.894     0.1762     0.2205  1.000e-12  0.7219000    35.1224    35.1210    -0.0014     0.0008    27.4683    27.4670    283.642    284.096    1484.80    1484.80     5.5566     5.6356    83.0000    84.1810  0.000e+00
      42101    287.000     7.3280     7.3288    3.58298    3.58296          1     3.1585     2.9469      97.68      0.924     0.2035     0.2000  1.000e-12  0.8580000    35.1219    35.1208    -0.0011     0.0009    27.4685    27.4675    284.136    284.591    1484.79    1484.79     5.5583     5.6391    83.0160    84.2240  0.000e+00
      42160    287.500     7.3361     7.3412    3.58377    3.58413          1     3.1504     2.9413      97.68      0.250     0.1921     0.2079  1.000e-12  0.6892000    35.1220    35.1209    -0.0012     0.0050    27.4674    27.4658    284.631    285.087    1484.83    1484.85     5.5151     5.5908    82.3870    83.5270  0.000e+00
      42197    288.000     7.3308     7.3344    3.58327    3.58346          1     3.1408     2.9326      97.68      0.284     0.1997     0.2071  1.000e-12  0.6905000    35.1218    35.1202    -0.0016     0.0036    27.4680    27.4662    285.126    285.583    1484.82    1484.83     5.4895     5.5520    81.9940    82.9330  0.000e+00
      42213    288.500     7.2865     7.2868    3.57909    3.57901          1     3.1370     2.9280      97.69      0.533     0.2009     0.2071  1.000e-12  0.7280000    35.1207    35.1195    -0.0012     0.0003    27.4734    27.4725    285.620    286.078    1484.65    1484.65     5.4937     5.5587    81.9740    82.9450  0.000e+00
      42226    289.000     7.2793     7.2783    3.57842    3.57822          1     3.1341     2.9253      97.69      0.717     0.1916     0.2171  1.000e-12  0.7736000    35.1205    35.1193    -0.0012    -0.0010    27.4744    27.4735    286.115    286.574    1484.63    1484.63     5.4938     5.5650    81.9620    83.0220  0.000e+00
      42238    289.500     7.2813     7.2810    3.57862    3.57850          1     3.1321     2.9231      97.68      0.854     0.1967     0.2374  1.000e-12  0.7972000    35.1203    35.1193    -0.0010    -0.0003    27.4739    27.4731    286.610    287.069    1484.65    1484.65     5.4961     5.5686    82.0000    83.0800  0.000e+00
      42252    290.000     7.2749     7.2753    3.57802    3.57793          1     3.1308     2.9215      97.68      0.925     0.2050     0.2072  1.000e-12  0.8719000    35.1201    35.1186    -0.0015     0.0004    27.4746    27.4734    287.104    287.565    1484.63    1484.63     5.5005     5.5757    82.0530    83.1750  0.000e+00
