ctdpy/tests/etc/exprapp_feb_2020/SBE09_1387_20200209_0101_77_10_0130.cnv
* Sea-Bird SBE 9 Data File:
* FileName = L:\2020\sv20d0130.hex
* Software Version Seasave V 7.26.7.121
* Temperature SN = 6378
* Conductivity SN = 4824
* Number of Bytes Per Scan = 41
* Number of Voltage Words = 4
* Number of Scans Averaged by the Deck Unit = 1
* NMEA Latitude = 55 16.58 N
* NMEA Longitude = 016 30.91 E
* NMEA UTC (Time) = Feb 09 2020  01:01:07
* NMEA baud rate = 4800
** Station:  Stolpe tröskel
** Operator:  SSip
** Ship: SVEA
** Average sound velocity: 1442.28 m/s
** True-depth calculation Sun, 09 Feb 2020 02:05:15 +0000
** CTD Python Module SMHI /ver 3-12/ feb 2012 
** LIMS Job: 20207710-0130
** Cruise: SMHI-03-2020
** Latitude [GG MM.mm N] :
** Longitude [GGG MM.mm E]:
# nquan = 30
# nvalues = 115                         
# units = specified
# name 0 = scan: Scan Count
# name 1 = prDM: Pressure, Digiquartz [db]
# name 2 = t090C: Temperature [ITS-90, deg C]
# name 3 = t190C: Temperature, 2 [ITS-90, deg C]
# name 4 = c0S/m: Conductivity [S/m]
# name 5 = c1S/m: Conductivity, 2 [S/m]
# name 6 = pumps: Pump Status
# name 7 = sbeox0V: Oxygen raw, SBE 43 [V]
# name 8 = sbeox1V: Oxygen raw, SBE 43, 2 [V]
# name 9 = altM: Altimeter [m]
# name 10 = dz/dtM: Descent Rate [m/s]
# name 11 = flECO-AFL: Chl-a Fluorescence, WET Labs ECO-AFL/FL [mg/m^3]
# name 12 = flECO-AFL1: Phycocyanin Fluorescence, WET Labs ECO-AFL/FL, 2 [mg/m^3]
# name 13 = par: PAR/Irradiance, Biospherical/Lico [µE/(cm^2*s)]
# name 14 = turbWETntu0: Turbidity, WET Labs ECO [NTU]
# name 15 = sal00: Salinity, Practical [PSU]
# name 16 = sal11: Salinity, Practical, 2 [PSU]
# name 17 = secS-priS: Salinity, Practical, Difference, 2 - 1 [PSU]
# name 18 = T2-T190C: Temperature Difference, 2 - 1 [ITS-90, deg C]
# name 19 = sigma-t00: Density [sigma-t, kg/m^3 ]
# name 20 = sigma-t11: Density, 2 [sigma-t, kg/m^3 ]
# name 21 = depSM: Depth [salt water, m], lat = 55.2763
# name 22 = depFM: Depth [true depth, m], lat = 55.2763
# name 23 = svCM: Sound Velocity [Chen-Millero, m/s]
# name 24 = svCM1: Sound Velocity, 2 [Chen-Millero, m/s]
# name 25 = sbeox0ML/L: Oxygen, SBE 43 [ml/l], WS = 2
# name 26 = sbeox1ML/L: Oxygen, SBE 43, 2 [ml/l], WS = 2
# name 27 = sbeox0PS: Oxygen, SBE 43 [% saturation], WS = 2
# name 28 = sbeox1PS: Oxygen, SBE 43, 2 [% saturation], WS = 2
# name 29 = flag: flag
# span 0 =      32878,      38901       
# span 1 =      2.500,     59.500       
# span 2 =     5.5209,     9.1688       
# span 3 =     5.5207,     9.1646       
# span 4 =   0.850393,   1.617273       
# span 5 =   0.850469,   1.617160       
# span 6 =          1,          1       
# span 7 =     1.3228,     3.5857       
# span 8 =     1.2629,     3.3438       
# span 9 =       1.32,      59.22       
# span 10 =     -0.457,      0.590      
# span 11 =     0.3486,     0.6541      
# span 12 =     0.1922,     0.3440      
# span 13 = -1.838e-06, 9.1845e-01      
# span 14 =     0.1417,     0.2989      
# span 15 =     7.7552,    13.9700      
# span 16 =     7.7560,    13.9717      
# span 17 =    -0.0403,     0.3115      
# span 18 =    -0.0384,     0.1680      
# span 19 =     6.1087,    10.6846      
# span 20 =     6.1094,    10.6854      
# span 21 =      2.477,     58.954      
# span 22 =      2.531,     60.201      
# span 23 =    1438.47,    1462.08      
# span 24 =    1438.47,    1462.07      
# span 25 =     1.4525,     7.9205      
# span 26 =     1.5068,     8.0605      
# span 27 =     19.720,     94.574      
# span 28 =     20.457,     96.251      
# span 29 = 0.0000e+00, 0.0000e+00      
# interval = decibars: 0.5              
# start_time = Feb 09 2020 01:01:07 [NMEA time, first data scan]
# bad_flag = -9.990e-29
*END*
[from data line 49]
      34642     27.000     5.6914     5.6909    0.86670    0.86675          1     3.5395     3.3025      34.97      0.386     0.4867     0.2190  1.000e-12  0.1518000     7.8719     7.8725     0.0006    -0.0005     6.1925     6.1930     26.754     27.333    1439.74    1439.73     7.7661     7.8938    93.2000    94.7310  0.000e+00
      34663     27.500     5.6948     5.6949    0.86739    0.86755          1     3.5383     3.3011      34.44      0.507     0.4754     0.2807  1.000e-12  0.1845000     7.8778     7.8793     0.0015     0.0001     6.1970     6.1982     27.250     27.839    1439.76    1439.77     7.7662     7.8920    93.2120    94.7230  0.000e+00
      34683     28.000     5.6991     5.6992    0.86817    0.86835          1     3.5378     3.3005      33.34      0.586     0.4934     0.2823  1.000e-12  0.1596000     7.8843     7.8861     0.0017     0.0001     6.2019     6.2033     27.745     28.345    1439.80    1439.80     7.7666     7.8997    93.2310    94.8300  0.000e+00
      34708     28.500     5.7013     5.7004    0.86869    0.86864          1     3.5371     3.3004      33.25      0.539     0.4926     0.2667  1.000e-12  0.1575000     7.8888     7.8885    -0.0003    -0.0009     6.2054     6.2052     28.240     28.852    1439.82    1439.82     7.7614     7.8964    93.1770    94.7950  0.000e+00
      34738     29.000     5.7039     5.7044    0.86923    0.86945          1     3.5350     3.2988      32.91      0.415     0.5046     0.2646  1.000e-12  0.1592000     7.8934     7.8955     0.0021     0.0005     6.2088     6.2105     28.736     29.358    1439.85    1439.85     7.7538     7.8800    93.0950    94.6120  0.000e+00
      34763     29.500     5.7107     5.7105    0.87080    0.87087          1     3.5341     3.2971      32.44      0.430     0.4906     0.2803  1.000e-12  0.1467000     7.9072     7.9078     0.0007    -0.0002     6.2193     6.2199     29.231     29.864    1439.90    1439.90     7.7526     7.8768    93.1040    94.5950  0.000e+00
      34786     30.000     5.7159     5.7148    0.87184    0.87197          1     3.5333     3.2961      31.94      0.498     0.4989     0.2685  1.000e-12  0.1559000     7.9160     7.9175     0.0015    -0.0011     6.2261     6.2273     29.727     30.370    1439.94    1439.94     7.7495     7.8771    93.0840    94.6150  0.000e+00
      34810     30.500     5.7138     5.7140    0.87263    0.87267          1     3.5324     3.2956      31.39      0.518     0.4906     0.2802  1.000e-12  0.1485000     7.9241     7.9244     0.0003     0.0002     6.2326     6.2328     30.222     30.876    1439.95    1439.96     7.7503     7.8795    93.0940    94.6470  0.000e+00
      34837     31.000     5.7162     5.7153    0.87291    0.87295          1     3.5325     3.2947      30.89      0.464     0.4872     0.3131  1.000e-12  0.1610000     7.9262     7.9268     0.0006    -0.0009     6.2341     6.2347     30.718     31.382    1439.97    1439.97     7.7534     7.8749    93.1380    94.5950  0.000e+00
      34864     31.500     5.7135     5.7132    0.87299    0.87306          1     3.5321     3.2938      30.29      0.442     0.4878     0.2878  1.000e-12  0.1583000     7.9276     7.9284     0.0008    -0.0003     6.2353     6.2360     31.213     31.888    1439.97    1439.97     7.7490     7.8718    93.0790    94.5550  0.000e+00
      34891     32.000     5.7134     5.7132    0.87313    0.87321          1     3.5314     3.2932      29.79      0.451     0.4879     0.2922  1.000e-12  0.1513000     7.9289     7.9298     0.0008    -0.0002     6.2364     6.2371     31.708     32.394    1439.98    1439.98     7.7497     7.8771    93.0890    94.6190  0.000e+00
      34919     32.500     5.7140     5.7138    0.87327    0.87335          1     3.5311     3.2932      29.32      0.433     0.4929     0.2761  1.000e-12  0.1468000     7.9301     7.9309     0.0009    -0.0002     6.2373     6.2380     32.204     32.900    1439.99    1439.99     7.7470     7.8803    93.0580    94.6600  0.000e+00
      34944     33.000     5.7143     5.7140    0.87335    0.87345          1     3.5301     3.2932      28.81      0.453     0.4677     0.2817  1.000e-12  0.1521000     7.9307     7.9317     0.0010    -0.0003     6.2378     6.2386     32.699     33.407    1440.00    1440.00     7.7425     7.8804    93.0060    94.6630  0.000e+00
      34966     33.500     5.7159     5.7158    0.87366    0.87378          1     3.5292     3.2932      28.43      0.518     0.5106     0.2822  1.000e-12  0.1578000     7.9333     7.9345     0.0012    -0.0000     6.2397     6.2407     33.194     33.913    1440.02    1440.02     7.7407     7.8777    92.9890    94.6360  0.000e+00
      34991     34.000     5.7173     5.7170    0.87392    0.87397          1     3.5284     3.2926      25.32      0.516     0.4892     0.2926  1.000e-12  0.1579000     7.9354     7.9360     0.0006    -0.0003     6.2413     6.2418     33.690     34.419    1440.04    1440.04     7.7383     7.8704    92.9650    94.5520  0.000e+00
      35021     34.500     5.7180     5.7179    0.87415    0.87423          1     3.5270     3.2915      19.00      0.410     0.4927     0.2681  1.000e-12  0.1579000     7.9374     7.9383     0.0009    -0.0001     6.2429     6.2435     34.185     34.925    1440.05    1440.05     7.7362     7.8683    92.9420    94.5300  0.000e+00
      35048     35.000     5.7200     5.7198    0.87450    0.87458          1     3.5268     3.2910      26.90      0.411     0.4700     0.2746  1.000e-12  0.1538000     7.9403     7.9411     0.0008    -0.0002     6.2451     6.2457     34.681     35.431    1440.07    1440.07     7.7386     7.8669    92.9780    94.5190  0.000e+00
      35069     35.500     5.7211     5.7207    0.87465    0.87475          1     3.5265     3.2903      26.28      0.510     0.4612     0.2946  1.000e-12  0.1475000     7.9415     7.9425     0.0010    -0.0003     6.2459     6.2467     35.176     35.937    1440.09    1440.09     7.7379     7.8653    92.9720    94.5030  0.000e+00
      35089     36.000     5.7209     5.7206    0.87469    0.87478          1     3.5264     3.2899      25.93      0.579     0.4745     0.2542  1.000e-12  0.1638000     7.9419     7.9428     0.0009    -0.0002     6.2462     6.2470     35.672     36.443    1440.09    1440.09     7.7392     7.8675    92.9880    94.5290  0.000e+00
      35113     36.500     5.7209     5.7206    0.87471    0.87478          1     3.5264     3.2896      25.38      0.555     0.4855     0.2243  1.000e-12  0.1640000     7.9420     7.9427     0.0008    -0.0003     6.2463     6.2469     36.167     36.949    1440.10    1440.10     7.7406     7.8685    93.0060    94.5420  0.000e+00
      35140     37.000     5.7209     5.7208    0.87474    0.87481          1     3.5265     3.2895      24.73      0.463     0.4877     0.2784  1.000e-12  0.1648000     7.9421     7.9429     0.0007    -0.0002     6.2464     6.2471     36.662     37.455    1440.11    1440.11     7.7380     7.8679    92.9740    94.5350  0.000e+00
      35168     37.500     5.7213     5.7213    0.87477    0.87487          1     3.5255     3.2887      24.05      0.425     0.4816     0.2565  1.000e-12  0.1656000     7.9424     7.9432     0.0009     0.0000     6.2466     6.2473     37.158     37.962    1440.12    1440.12     7.7349     7.8587    92.9380    94.4260  0.000e+00
      35193     38.000     5.7236     5.7245    0.87489    0.87501          1     3.5253     3.2876      23.49      0.455     0.4739     0.2373  1.000e-12  0.1531000     7.9429     7.9438     0.0009     0.0008     6.2469     6.2476     37.653     38.468    1440.14    1440.14     7.7354     7.8597    92.9500    94.4460  0.000e+00
      35218     38.500     5.7264     5.7259    0.87503    0.87509          1     3.5248     3.2878      23.13      0.483     0.4735     0.2396  1.000e-12  0.1578000     7.9435     7.9442     0.0008    -0.0005     6.2472     6.2478     38.148     38.974    1440.16    1440.16     7.7347     7.8726    92.9480    94.6040  0.000e+00
      35244     39.000     5.7258     5.7262    0.87500    0.87509          1     3.5247     3.2886      22.61      0.471     0.4724     0.2553  1.000e-12  0.1561000     7.9433     7.9441     0.0008     0.0004     6.2471     6.2477     38.644     39.480    1440.17    1440.17     7.7325     7.8686    92.9200    94.5570  0.000e+00
      35270     39.500     5.7266     5.7264    0.87503    0.87511          1     3.5229     3.2870      22.13      0.454     0.4604     0.2652  1.000e-12  0.1498000     7.9433     7.9441     0.0008    -0.0002     6.2471     6.2477     39.139     39.986    1440.17    1440.18     7.7111     7.8304    92.6650    94.0980  0.000e+00
      35294     40.000     5.7382     5.7378    0.87556    0.87562          1     3.5182     3.2826      21.64      0.484     0.4626     0.3440  1.000e-12  0.1502000     7.9457     7.9464     0.0007    -0.0004     6.2484     6.2489     39.635     40.492    1440.24    1440.24     7.6825     7.7996    92.3490    93.7570  0.000e+00
      35318     40.500     5.7644     5.7670    0.87739    0.87769          1     3.5126     3.2782      21.18      0.511     0.4727     0.2869  1.000e-12  0.1625000     7.9573     7.9596     0.0023     0.0025     6.2561     6.2578     40.130     40.998    1440.37    1440.39     7.6650     7.7861    92.2070    93.6710  0.000e+00
      35345     41.000     5.7933     5.7940    0.87983    0.87997          1     3.5071     3.2733      20.65      0.466     0.4589     0.2798  1.000e-12  0.1648000     7.9742     7.9754     0.0012     0.0007     6.2680     6.2689     40.625     41.504    1440.53    1440.53     7.6341     7.7515    91.9110    93.3280  0.000e+00
      35374     41.500     5.8045     5.8046    0.88083    0.88097          1     3.4977     3.2657      20.09      0.416     0.4447     0.2583  1.000e-12  0.1704000     7.9812     7.9826     0.0014     0.0000     6.2729     6.2740     41.121     42.010    1440.59    1440.59     7.5878     7.6965    91.3840    92.6940  0.000e+00
      35398     42.000     5.8271     5.8270    0.88314    0.88328          1     3.4874     3.2560      19.58      0.458     0.4469     0.2197  1.000e-12  0.1612000     7.9984     7.9998     0.0014    -0.0000     6.2853     6.2864     41.616     42.516    1440.72    1440.72     7.5453     7.6431    90.9340    92.1130  0.000e+00
      35419     42.500     5.8421     5.8425    0.88528    0.88552          1     3.4779     3.2474      19.13      0.533     0.4571     0.1953  1.000e-12  0.1597000     8.0156     8.0178     0.0023     0.0004     6.2980     6.2998     42.112     43.023    1440.81    1440.82     7.5109     7.6114    90.5630    91.7770  0.000e+00
      35440     43.000     5.8616     5.8618    0.88787    0.88806          1     3.4669     3.2379      18.58      0.565     0.4518     0.2481  1.000e-12  0.1640000     8.0362     8.0379     0.0018     0.0002     6.3132     6.3146     42.607     43.529    1440.93    1440.93     7.4683     7.5676    90.1050    91.3050  0.000e+00
      35464     43.500     5.8753     5.8759    0.88955    0.88967          1     3.4541     3.2264      18.08      0.534     0.4621     0.2909  1.000e-12  0.1624000     8.0492     8.0502     0.0011     0.0006     6.3227     6.3236     43.102     44.035    1441.01    1441.02     7.4291     7.5252    89.6710    90.8330  0.000e+00
      35492     44.000     5.8979     5.8978    0.89163    0.89176          1     3.4384     3.2125      17.52      0.457     0.4592     0.2528  1.000e-12  0.1575000     8.0640     8.0653     0.0013    -0.0000     6.3332     6.3342     43.598     44.541    1441.14    1441.14     7.3664     7.4584    88.9720    90.0850  0.000e+00
      35520     44.500     5.9130     5.9138    0.89363    0.89395          1     3.4185     3.1952      17.00      0.416     0.4514     0.2280  1.000e-12  0.1578000     8.0797     8.0827     0.0030     0.0008     6.3448     6.3471     44.093     45.047    1441.23    1441.24     7.2889     7.3701    88.0790    89.0640  0.000e+00
      35543     45.000     5.9308     5.9320    0.89640    0.89681          1     3.3994     3.1774      16.59      0.471     0.4406     0.2351  1.000e-12  0.1578000     8.1024     8.1061     0.0037     0.0012     6.3617     6.3645     44.588     45.553    1441.34    1441.35     7.1963     7.2558    87.0120    87.7370  0.000e+00
      35566     45.500     5.9546     5.9545    0.89962    0.89976          1     3.3717     3.1531      16.19      0.528     0.4477     0.2370  1.000e-12  0.1561000     8.1279     8.1293     0.0014    -0.0001     6.3805     6.3816     45.084     46.059    1441.48    1441.49     7.0665     7.1151    85.5080    86.0970  0.000e+00
      35592     46.000     5.9783     5.9842    0.90369    0.90487          1     3.3361     3.1222      15.65      0.495     0.4437     0.2565  1.000e-12  0.1538000     8.1617     8.1717     0.0100     0.0058     6.4058     6.4134     45.579     46.565    1441.64    1441.68     6.9745     7.0263    84.4630    85.1090  0.000e+00
      35620     46.500     6.0285     6.0325    0.91323    0.91402          1     3.3057     3.0946      15.01      0.436     0.4314     0.2811  1.000e-12  0.1579000     8.2422     8.2489     0.0066     0.0041     6.4665     6.4715     46.075     47.071    1441.96    1441.99     6.9270     6.9908    84.0370    84.8230  0.000e+00
      35646     47.000     6.0439     6.0426    0.91604    0.91611          1     3.2846     3.0742      14.52      0.450     0.4261     0.2712  1.000e-12  0.1604000     8.2657     8.2667     0.0010    -0.0013     6.4841     6.4850     46.570     47.577    1442.07    1442.06     6.8781     6.9436    83.4890    84.2820  0.000e+00
      35671     47.500     6.0530     6.0529    0.91775    0.91789          1     3.2611     3.0523      14.06      0.478     0.4221     0.2546  1.000e-12  0.1584000     8.2800     8.2814     0.0014    -0.0000     6.4948     6.4959     47.065     48.083    1442.13    1442.13     6.7462     6.7940    81.9150    82.4950  0.000e+00
      35697     48.000     6.0723     6.0750    0.92073    0.92131          1     3.2107     3.0106      13.56      0.466     0.4214     0.2505  1.000e-12  0.1516000     8.3042     8.3092     0.0050     0.0027     6.5128     6.5166     47.561     48.589    1442.25    1442.27     6.3731     6.3745    77.4330    77.4580  0.000e+00
      35723     48.500     6.1202     6.1254    0.92868    0.92977          1     3.1155     2.9343      12.89      0.452     0.4147     0.2473  1.000e-12  0.1582000     8.3694     8.3788     0.0094     0.0052     6.5614     6.5685     48.056     49.095    1442.55    1442.58     5.9524     5.9030    72.4390    71.8510  0.000e+00
      35746     49.000     6.2211     6.2277    0.94606    0.94725          1     3.0289     2.8594      11.75      0.493     0.4039     0.2604  1.000e-12  0.1610000     8.5128     8.5227     0.0099     0.0066     6.6684     6.6757     48.551     49.601    1443.17    1443.21     5.7240     5.6335    69.8980    68.8090  0.000e+00
      35768     49.500     6.3492     6.3445    0.97099    0.97107          1     2.9471     2.7839      11.63      0.540     0.3932     0.2380  1.000e-12  0.1621000     8.7218     8.7238     0.0020    -0.0046     6.8251     6.8269     49.047     50.107    1443.98    1443.96     5.4528     5.3390    66.8900    65.4880  0.000e+00
      35792     50.000     6.3920     6.4046    0.98124    0.98217          1     2.8486     2.6957      10.32      0.518     0.3904     0.2367  1.000e-12  0.1721000     8.8099     8.8157     0.0058     0.0126     6.8917     6.8955     49.542     50.612    1444.28    1444.34     5.1801     5.0700    63.6500    62.3180  0.000e+00
