ctdpy/tests/etc/exprapp_feb_2020/SBE09_1387_20200209_1239_77_10_0132.cnv
* Sea-Bird SBE 9 Data File:
* FileName = L:\2020\sv20d0132.hex
* Software Version Seasave V 7.26.7.121
* Temperature SN = 6378
* Conductivity SN = 4824
* Number of Bytes Per Scan = 41
* Number of Voltage Words = 4
* Number of Scans Averaged by the Deck Unit = 1
* NMEA Latitude = 54 49.96 N
* NMEA Longitude = 019 19.16 E
* NMEA UTC (Time) = Feb 09 2020  12:39:04
* NMEA baud rate = 4800
** Station:  PL-P1
** Operator:  DBSj
** Ship: SVEA
** Average sound velocity: 1443.41 m/s
** True-depth calculation Sun, 09 Feb 2020 13:43:10 +0000
** CTD Python Module SMHI /ver 3-12/ feb 2012 
** LIMS Job: 20207710-0132
** Cruise: SMHI-03-2020
** Latitude [GG MM.mm N] :
** Longitude [GGG MM.mm E]:
# nquan = 30
# nvalues = 207                         
# units = specified
# name 0 = scan: Scan Count
# name 1 = prDM: Pressure, Digiquartz [db]
# name 2 = t090C: Temperature [ITS-90, deg C]
# name 3 = t190C: Temperature, 2 [ITS-90, deg C]
# name 4 = c0S/m: Conductivity [S/m]
# name 5 = c1S/m: Conductivity, 2 [S/m]
# name 6 = pumps: Pump Status
# name 7 = sbeox0V: Oxygen raw, SBE 43 [V]
# name 8 = sbeox1V: Oxygen raw, SBE 43, 2 [V]
# name 9 = altM: Altimeter [m]
# name 10 = dz/dtM: Descent Rate [m/s]
# name 11 = flECO-AFL: Chl-a Fluorescence, WET Labs ECO-AFL/FL [mg/m^3]
# name 12 = flECO-AFL1: Phycocyanin Fluorescence, WET Labs ECO-AFL/FL, 2 [mg/m^3]
# name 13 = par: PAR/Irradiance, Biospherical/Lico [µE/(cm^2*s)]
# name 14 = turbWETntu0: Turbidity, WET Labs ECO [NTU]
# name 15 = sal00: Salinity, Practical [PSU]
# name 16 = sal11: Salinity, Practical, 2 [PSU]
# name 17 = secS-priS: Salinity, Practical, Difference, 2 - 1 [PSU]
# name 18 = T2-T190C: Temperature Difference, 2 - 1 [ITS-90, deg C]
# name 19 = sigma-t00: Density [sigma-t, kg/m^3 ]
# name 20 = sigma-t11: Density, 2 [sigma-t, kg/m^3 ]
# name 21 = depSM: Depth [salt water, m], lat = 54.8327
# name 22 = depFM: Depth [true depth, m], lat = 54.8327
# name 23 = svCM: Sound Velocity [Chen-Millero, m/s]
# name 24 = svCM1: Sound Velocity, 2 [Chen-Millero, m/s]
# name 25 = sbeox0ML/L: Oxygen, SBE 43 [ml/l], WS = 2
# name 26 = sbeox1ML/L: Oxygen, SBE 43, 2 [ml/l], WS = 2
# name 27 = sbeox0PS: Oxygen, SBE 43 [% saturation], WS = 2
# name 28 = sbeox1PS: Oxygen, SBE 43, 2 [% saturation], WS = 2
# name 29 = flag: flag
# span 0 =      34395,      43832       
# span 1 =      1.000,    104.000       
# span 2 =     5.3433,     8.6241       
# span 3 =     5.3432,     8.6231       
# span 4 =   0.815560,   1.448141       
# span 5 =   0.815641,   1.448005       
# span 6 =          1,          1       
# span 7 =     0.7439,     3.5789       
# span 8 =     0.7287,     3.3395       
# span 9 =      -0.20,     117.13       
# span 10 =     -0.240,      0.595      
# span 11 =     0.3441,     0.4872      
# span 12 =     0.1496,     0.3107      
# span 13 = -4.755e-09, 1.6354e+03      
# span 14 =     0.1289,     0.2972      
# span 15 =     7.4538,    12.5733      
# span 16 =     7.4546,    12.5724      
# span 17 =    -0.0614,     0.1405      
# span 18 =    -0.0444,     0.0526      
# span 19 =     5.8788,     9.6535      
# span 20 =     5.8794,     9.6529      
# span 21 =      0.991,    103.038      
# span 22 =      1.013,    105.206      
# span 23 =    1437.29,    1458.97      
# span 24 =    1437.29,    1458.97      
# span 25 =     0.0471,     7.9600      
# span 26 =     0.0778,     8.0980      
# span 27 =      0.626,     94.432      
# span 28 =      1.034,     96.075      
# span 29 = 0.0000e+00, 0.0000e+00      
# interval = decibars: 0.5              
# start_time = Feb 09 2020 12:39:05 [NMEA time, first data scan]
# bad_flag = -9.990e-29
*END*
      34395      1.000     5.3433     5.3434    0.81556    0.81564          1     3.5789     3.3366     117.13     -0.240     0.4324     0.2715  1.635e+03  0.1890000     7.4538     7.4546     0.0008     0.0001     5.8789     5.8795      0.991      1.013    1437.29    1437.29     7.9600     8.0833    94.4320    95.8960  0.000e+00
      34514      1.500     5.3445     5.3443    0.81560    0.81567          1     3.5783     3.3382      44.81      0.192     0.4517     0.2431  3.736e+02  0.1487000     7.4539     7.4546     0.0007    -0.0002     5.8789     5.8795      1.486      1.519    1437.30    1437.30     7.9555     8.0970    94.3820    96.0600  0.000e+00
      34588      2.000     5.3457     5.3456    0.81564    0.81571          1     3.5781     3.3395      -0.20      0.384     0.4490     0.2274  3.802e+02  0.1453000     7.4540     7.4547     0.0008    -0.0002     5.8789     5.8795      1.982      2.025    1437.31    1437.31     7.9564     8.0980    94.3950    96.0750  0.000e+00
      34610      2.500     5.3455     5.3456    0.81564    0.81572          1     3.5782     3.3393      62.34      0.540     0.4284     0.2546  2.773e+02  0.1431000     7.4539     7.4547     0.0008     0.0001     5.8788     5.8795      2.478      2.531    1437.32    1437.32     7.9548     8.0959    94.3750    96.0510  0.000e+00
      34673      3.000     5.3455     5.3455    0.81564    0.81572          1     3.5771     3.3386      94.15      0.108     0.4282     0.1970  2.616e+02  0.1335000     7.4539     7.4547     0.0008     0.0001     5.8789     5.8795      2.973      3.038    1437.32    1437.33     7.9532     8.0889    94.3560    95.9680  0.000e+00
      34697      3.500     5.3455     5.3455    0.81565    0.81573          1     3.5770     3.3381      77.17      0.370     0.4348     0.2364  2.566e+02  0.1452000     7.4539     7.4547     0.0008     0.0000     5.8788     5.8794      3.468      3.544    1437.33    1437.33     7.9525     8.0855    94.3480    95.9270  0.000e+00
      34719      4.000     5.3453     5.3453    0.81566    0.81573          1     3.5768     3.3372      92.05      0.537     0.4385     0.2513  1.762e+02  0.1452000     7.4539     7.4547     0.0008    -0.0001     5.8789     5.8795      3.964      4.050    1437.34    1437.34     7.9525     8.0851    94.3480    95.9210  0.000e+00
      34753      4.500     5.3452     5.3453    0.81566    0.81574          1     3.5765     3.3366      63.90      0.419     0.4617     0.2176  1.763e+02  0.1346000     7.4540     7.4547     0.0007     0.0001     5.8789     5.8795      4.459      4.557    1437.35    1437.35     7.9524     8.0860    94.3470    95.9320  0.000e+00
      34798      5.000     5.3453     5.3452    0.81567    0.81574          1     3.5763     3.3361      98.06      0.204     0.4632     0.2232  1.262e+02  0.1335000     7.4540     7.4547     0.0007    -0.0001     5.8789     5.8795      4.955      5.063    1437.36    1437.36     7.9529     8.0897    94.3520    95.9760  0.000e+00
      34817      5.500     5.3450     5.3449    0.81568    0.81575          1     3.5758     3.3362      94.24      0.415     0.4703     0.2094  1.111e+02  0.1422000     7.4540     7.4548     0.0007    -0.0001     5.8790     5.8796      5.450      5.569    1437.36    1437.36     7.9487     8.0890    94.3020    95.9670  0.000e+00
      34842      6.000     5.3449     5.3448    0.81569    0.81576          1     3.5754     3.3359      93.98      0.546     0.4825     0.1929  1.121e+02  0.1455000     7.4541     7.4548     0.0007    -0.0001     5.8790     5.8796      5.946      6.076    1437.37    1437.37     7.9519     8.0860    94.3390    95.9310  0.000e+00
      34898      6.500     5.3449     5.3449    0.81569    0.81577          1     3.5754     3.3353      94.21      0.163     0.4811     0.2035  8.690e+01  0.1319000     7.4541     7.4548     0.0008     0.0000     5.8790     5.8796      6.441      6.582    1437.38    1437.38     7.9500     8.0881    94.3170    95.9560  0.000e+00
      34922      7.000     5.3448     5.3448    0.81570    0.81577          1     3.5751     3.3352      94.24      0.357     0.4855     0.2064  8.265e+01  0.1319000     7.4541     7.4548     0.0008     0.0000     5.8790     5.8796      6.937      7.088    1437.39    1437.39     7.9526     8.0912    94.3480    95.9920  0.000e+00
      34941      7.500     5.3446     5.3447    0.81570    0.81578          1     3.5753     3.3356      94.26      0.565     0.4872     0.1933  7.737e+01  0.1414000     7.4541     7.4548     0.0007     0.0001     5.8790     5.8796      7.432      7.594    1437.39    1437.39     7.9538     8.0922    94.3620    96.0040  0.000e+00
      34967      8.000     5.3445     5.3445    0.81570    0.81578          1     3.5749     3.3352      94.26      0.556     0.4816     0.1717  6.283e+01  0.1479000     7.4541     7.4548     0.0007    -0.0000     5.8790     5.8796      7.928      8.101    1437.40    1437.40     7.9494     8.0861    94.3090    95.9310  0.000e+00
      35010      8.500     5.3447     5.3448    0.81571    0.81579          1     3.5740     3.3348      94.26      0.258     0.4803     0.1895  5.359e+01  0.1513000     7.4540     7.4548     0.0008     0.0000     5.8790     5.8796      8.423      8.607    1437.41    1437.41     7.9515     8.0894    94.3340    95.9710  0.000e+00
      35040      9.000     5.3443     5.3442    0.81571    0.81579          1     3.5745     3.3350      94.24      0.340     0.4681     0.2025  4.750e+01  0.1371000     7.4541     7.4548     0.0007    -0.0001     5.8790     5.8796      8.919      9.113    1437.42    1437.42     7.9534     8.0909    94.3560    95.9880  0.000e+00
      35062      9.500     5.3442     5.3441    0.81572    0.81579          1     3.5741     3.3349      57.97      0.505     0.4713     0.1984  4.415e+01  0.1456000     7.4541     7.4548     0.0008    -0.0001     5.8790     5.8797      9.414      9.620    1437.42    1437.42     7.9524     8.0877    94.3440    95.9490  0.000e+00
      35090     10.000     5.3444     5.3443    0.81573    0.81581          1     3.5746     3.3343      73.56      0.481     0.4810     0.1828  3.874e+01  0.1367000     7.4541     7.4549     0.0008    -0.0001     5.8790     5.8796      9.910     10.126    1437.43    1437.43     7.9552     8.0863    94.3780    95.9330  0.000e+00
      35127     10.500     5.3447     5.3446    0.81574    0.81582          1     3.5743     3.3341      75.69      0.313     0.4744     0.1829  3.254e+01  0.1397000     7.4541     7.4548     0.0008    -0.0001     5.8790     5.8796     10.405     10.632    1437.44    1437.44     7.9507     8.0885    94.3250    95.9600  0.000e+00
      35158     11.000     5.3452     5.3450    0.81576    0.81583          1     3.5739     3.3340      94.22      0.368     0.4658     0.2113  2.943e+01  0.1426000     7.4541     7.4549     0.0008    -0.0002     5.8790     5.8796     10.901     11.138    1437.45    1437.45     7.9530     8.0877    94.3530    95.9520  0.000e+00
      35192     11.500     5.3453     5.3452    0.81577    0.81584          1     3.5738     3.3338      94.21      0.370     0.4727     0.2050  2.638e+01  0.1413000     7.4541     7.4548     0.0008    -0.0001     5.8790     5.8796     11.396     11.645    1437.46    1437.46     7.9529     8.0846    94.3530    95.9150  0.000e+00
      35231     12.000     5.3452     5.3451    0.81578    0.81585          1     3.5736     3.3326      94.54      0.300     0.4653     0.2202  2.303e+01  0.1289000     7.4541     7.4549     0.0008    -0.0001     5.8790     5.8796     11.892     12.151    1437.47    1437.47     7.9530     8.0815    94.3530    95.8780  0.000e+00
      35258     12.500     5.3454     5.3452    0.81578    0.81586          1     3.5738     3.3326      94.59      0.391     0.4763     0.1982  2.017e+01  0.1394000     7.4541     7.4548     0.0008    -0.0002     5.8790     5.8796     12.387     12.657    1437.47    1437.48     7.9568     8.0858    94.3990    95.9290  0.000e+00
      35284     13.000     5.3455     5.3453    0.81579    0.81587          1     3.5741     3.3323      94.53      0.465     0.4832     0.2129  1.987e+01  0.1378000     7.4540     7.4548     0.0008    -0.0002     5.8789     5.8796     12.883     13.164    1437.48    1437.48     7.9534     8.0810    94.3590    95.8730  0.000e+00
      35313     13.500     5.3455     5.3454    0.81580    0.81588          1     3.5733     3.3318      94.29      0.437     0.4751     0.1921  1.712e+01  0.1500000     7.4540     7.4548     0.0008    -0.0002     5.8789     5.8796     13.378     13.670    1437.49    1437.49     7.9529     8.0805    94.3540    95.8680  0.000e+00
      35348     14.000     5.3453     5.3452    0.81580    0.81588          1     3.5734     3.3311      60.47      0.351     0.4759     0.1843  1.425e+01  0.1645000     7.4540     7.4548     0.0008    -0.0001     5.8790     5.8796     13.874     14.176    1437.50    1437.50     7.9536     8.0822    94.3610    95.8870  0.000e+00
      35379     14.500     5.3453     5.3452    0.81581    0.81588          1     3.5728     3.3314      85.67      0.357     0.4625     0.2239  1.351e+01  0.1384000     7.4540     7.4548     0.0008    -0.0002     5.8789     5.8796     14.369     14.682    1437.51    1437.51     7.9519     8.0871    94.3410    95.9450  0.000e+00
      35403     15.000     5.3450     5.3449    0.81581    0.81588          1     3.5728     3.3312      96.69      0.450     0.4637     0.2190  1.302e+01  0.1341000     7.4541     7.4548     0.0008    -0.0002     5.8790     5.8796     14.865     15.189    1437.51    1437.51     7.9519     8.0843    94.3410    95.9110  0.000e+00
      35427     15.500     5.3451     5.3448    0.81582    0.81589          1     3.5720     3.3316      96.48      0.513     0.4625     0.2636  1.218e+01  0.1504000     7.4541     7.4548     0.0007    -0.0002     5.8790     5.8796     15.360     15.695    1437.52    1437.52     7.9496     8.0894    94.3130    95.9710  0.000e+00
      35460     16.000     5.3450     5.3449    0.81582    0.81590          1     3.5721     3.3313      73.97      0.413     0.4680     0.2061  1.017e+01  0.1449000     7.4541     7.4548     0.0007    -0.0001     5.8790     5.8796     15.855     16.201    1437.53    1437.53     7.9528     8.0833    94.3510    95.8990  0.000e+00
      35502     16.500     5.3453     5.3451    0.81584    0.81591          1     3.5716     3.3306      97.75      0.252     0.4647     0.2089  9.810e+00  0.1411000     7.4542     7.4549     0.0007    -0.0002     5.8791     5.8796     16.351     16.708    1437.54    1437.54     7.9520     8.0801    94.3420    95.8620  0.000e+00
      35529     17.000     5.3453     5.3451    0.81585    0.81593          1     3.5721     3.3302      96.44      0.390     0.4633     0.1924  9.339e+00  0.1371000     7.4542     7.4550     0.0008    -0.0002     5.8791     5.8797     16.846     17.214    1437.55    1437.55     7.9554     8.0840    94.3820    95.9080  0.000e+00
      35556     17.500     5.3455     5.3452    0.81588    0.81595          1     3.5717     3.3305      96.44      0.463     0.4616     0.1787  7.969e+00  0.1481000     7.4543     7.4551     0.0008    -0.0003     5.8791     5.8798     17.342     17.720    1437.55    1437.56     7.9499     8.0850    94.3180    95.9210  0.000e+00
      35593     18.000     5.3456     5.3455    0.81589    0.81596          1     3.5706     3.3302      81.60      0.340     0.4518     0.1772  6.814e+00  0.1564000     7.4543     7.4551     0.0008    -0.0001     5.8792     5.8798     17.837     18.227    1437.56    1437.56     7.9481     8.0824    94.2960    95.8900  0.000e+00
      35629     18.500     5.3448     5.3449    0.81588    0.81597          1     3.5702     3.3298      67.18      0.307     0.4503     0.2042  6.557e+00  0.1442000     7.4544     7.4552     0.0009     0.0001     5.8792     5.8799     18.333     18.733    1437.57    1437.57     7.9486     8.0830    94.3010    95.8960  0.000e+00
      35653     19.000     5.3434     5.3432    0.81584    0.81591          1     3.5697     3.3297      84.63      0.436     0.4519     0.2284  6.234e+00  0.1395000     7.4542     7.4550     0.0007    -0.0002     5.8792     5.8798     18.828     19.239    1437.57    1437.57     7.9458     8.0849    94.2640    95.9140  0.000e+00
      35677     19.500     5.3434     5.3435    0.81585    0.81592          1     3.5693     3.3298      95.94      0.514     0.4509     0.2362  5.520e+00  0.1396000     7.4542     7.4550     0.0007     0.0002     5.8792     5.8798     19.324     19.745    1437.58    1437.58     7.9496     8.0866    94.3090    95.9360  0.000e+00
      35709     20.000     5.3442     5.3442    0.81586    0.81595          1     3.5696     3.3296      96.23      0.419     0.4627     0.1988  4.958e+00  0.1396000     7.4542     7.4549     0.0008     0.0001     5.8791     5.8797     19.819     20.252    1437.59    1437.59     7.9518     8.0836    94.3370    95.9010  0.000e+00
      35745     20.500     5.3451     5.3450    0.81590    0.81597          1     3.5697     3.3299      95.51      0.317     0.4646     0.2474  4.401e+00  0.1396000     7.4542     7.4549     0.0008    -0.0002     5.8791     5.8797     20.315     20.758    1437.60    1437.60     7.9508     8.0911    94.3280    95.9920  0.000e+00
      35772     21.000     5.3452     5.3448    0.81590    0.81598          1     3.5695     3.3301      89.67      0.404     0.4518     0.2582  4.158e+00  0.1393000     7.4542     7.4550     0.0008    -0.0003     5.8791     5.8797     20.810     21.264    1437.61    1437.61     7.9512     8.0876    94.3320    95.9510  0.000e+00
      35796     21.500     5.3452     5.3448    0.81591    0.81599          1     3.5696     3.3299      94.40      0.483     0.4525     0.1764  4.082e+00  0.1452000     7.4542     7.4551     0.0009    -0.0004     5.8791     5.8798     21.305     21.771    1437.62    1437.62     7.9529     8.0855    94.3520    95.9250  0.000e+00
      35825     22.000     5.3449     5.3449    0.81592    0.81600          1     3.5700     3.3298      95.85      0.441     0.4511     0.1873  3.655e+00  0.1444000     7.4542     7.4550     0.0008    -0.0000     5.8791     5.8797     21.801     22.277    1437.62    1437.62     7.9534     8.0850    94.3580    95.9200  0.000e+00
      35859     22.500     5.3450     5.3448    0.81593    0.81600          1     3.5694     3.3293      65.89      0.367     0.4511     0.1995  3.099e+00  0.1367000     7.4542     7.4551     0.0008    -0.0002     5.8791     5.8798     22.296     22.783    1437.63    1437.63     7.9516     8.0879    94.3370    95.9540  0.000e+00
      35896     23.000     5.3447     5.3446    0.81593    0.81601          1     3.5695     3.3291      96.14      0.324     0.4607     0.2387  2.946e+00  0.1457000     7.4543     7.4551     0.0008    -0.0001     5.8792     5.8798     22.792     23.289    1437.64    1437.64     7.9526     8.0808    94.3470    95.8690  0.000e+00
      35933     23.500     5.3444     5.3443    0.81592    0.81600          1     3.5689     3.3285      96.30      0.314     0.4691     0.2321  2.837e+00  0.1419000     7.4542     7.4551     0.0009    -0.0001     5.8791     5.8798     23.287     23.796    1437.65    1437.65     7.9494     8.0848    94.3090    95.9160  0.000e+00
      35958     24.000     5.3441     5.3443    0.81591    0.81600          1     3.5687     3.3284      96.37      0.419     0.4686     0.2016  2.529e+00  0.1483000     7.4541     7.4549     0.0008     0.0001     5.8791     5.8797     23.783     24.302    1437.65    1437.65     7.9524     8.0842    94.3440    95.9080  0.000e+00
      35982     24.500     5.3444     5.3444    0.81593    0.81601          1     3.5687     3.3283      96.38      0.502     0.4703     0.2478  2.252e+00  0.1463000     7.4541     7.4550     0.0008    -0.0001     5.8791     5.8797     24.278     24.808    1437.66    1437.66     7.9494     8.0866    94.3090    95.9380  0.000e+00
