ctdpy/tests/etc/exprapp_feb_2020/SBE09_1387_20200205_1439_77_10_0112.cnv
* Sea-Bird SBE 9 Data File:
* FileName = L:\2020\sv20d0112.hex
* Software Version Seasave V 7.26.7.121
* Temperature SN = 6378
* Conductivity SN = 4824
* Number of Bytes Per Scan = 41
* Number of Voltage Words = 4
* Number of Scans Averaged by the Deck Unit = 1
* NMEA Latitude = 58 03.12 N
* NMEA Longitude = 009 44.90 E
* NMEA UTC (Time) = Feb 05 2020  14:39:12
* NMEA baud rate = 4800
** Station:  30N Hirtshals
** Operator:  A-KTh
** Ship: SVEA
** Average sound velocity: 1482.43 m/s
** True-depth calculation Wed, 05 Feb 2020 18:13:38 +0000
** CTD Python Module SMHI /ver 3-12/ feb 2012 
** LIMS Job: 20207710-0112
** Cruise: SMHI-02-2020
** Latitude [GG MM.mm N] :
** Longitude [GGG MM.mm E]:
# nquan = 30
# nvalues = 521                         
# units = specified
# name 0 = scan: Scan Count
# name 1 = prDM: Pressure, Digiquartz [db]
# name 2 = t090C: Temperature [ITS-90, deg C]
# name 3 = t190C: Temperature, 2 [ITS-90, deg C]
# name 4 = c0S/m: Conductivity [S/m]
# name 5 = c1S/m: Conductivity, 2 [S/m]
# name 6 = pumps: Pump Status
# name 7 = sbeox0V: Oxygen raw, SBE 43 [V]
# name 8 = sbeox1V: Oxygen raw, SBE 43, 2 [V]
# name 9 = altM: Altimeter [m]
# name 10 = dz/dtM: Descent Rate [m/s]
# name 11 = flECO-AFL: Chl-a Fluorescence, WET Labs ECO-AFL/FL [mg/m^3]
# name 12 = flECO-AFL1: Phycocyanin Fluorescence, WET Labs ECO-AFL/FL, 2 [mg/m^3]
# name 13 = par: PAR/Irradiance, Biospherical/Lico [µE/(cm^2*s)]
# name 14 = turbWETntu0: Turbidity, WET Labs ECO [NTU]
# name 15 = sal00: Salinity, Practical [PSU]
# name 16 = sal11: Salinity, Practical, 2 [PSU]
# name 17 = secS-priS: Salinity, Practical, Difference, 2 - 1 [PSU]
# name 18 = T2-T190C: Temperature Difference, 2 - 1 [ITS-90, deg C]
# name 19 = sigma-t00: Density [sigma-t, kg/m^3 ]
# name 20 = sigma-t11: Density, 2 [sigma-t, kg/m^3 ]
# name 21 = depSM: Depth [salt water, m], lat = 58.052
# name 22 = depFM: Depth [true depth, m], lat = 58.052
# name 23 = svCM: Sound Velocity [Chen-Millero, m/s]
# name 24 = svCM1: Sound Velocity, 2 [Chen-Millero, m/s]
# name 25 = sbeox0ML/L: Oxygen, SBE 43 [ml/l], WS = 2
# name 26 = sbeox1ML/L: Oxygen, SBE 43, 2 [ml/l], WS = 2
# name 27 = sbeox0PS: Oxygen, SBE 43 [% saturation], WS = 2
# name 28 = sbeox1PS: Oxygen, SBE 43, 2 [% saturation], WS = 2
# name 29 = flag: flag
# span 0 =      15355,      28590       
# span 1 =      3.500,    263.500       
# span 2 =     6.3139,     7.7640       
# span 3 =     6.3138,     7.7628       
# span 4 =   3.244053,   3.614283       
# span 5 =   3.243913,   3.614014       
# span 6 =          1,          1       
# span 7 =     3.4518,     3.5795       
# span 8 =     3.2137,     3.3230       
# span 9 =       1.61,      99.63       
# span 10 =     -0.102,      1.228      
# span 11 =     0.2614,     0.8316      
# span 12 =     0.1480,     0.3566      
# span 13 = 1.0000e-12, 5.0551e+00      
# span 14 =     0.1949,     2.7989      
# span 15 =    32.5238,    35.1078      
# span 16 =    32.5244,    35.1061      
# span 17 =    -0.0486,     0.1033      
# span 18 =    -0.0323,     0.0169      
# span 19 =    25.5573,    27.4043      
# span 20 =    25.5579,    27.4034      
# span 21 =      3.468,    260.891      
# span 22 =      3.476,    261.272      
# span 23 =    1472.93,    1485.54      
# span 24 =    1472.93,    1485.54      
# span 25 =     6.1587,     6.5691      
# span 26 =     6.2262,     6.6621      
# span 27 =     92.737,     94.935      
# span 28 =     93.800,     95.752      
# span 29 = 0.0000e+00, 0.0000e+00      
# interval = decibars: 0.5              
# start_time = Feb 05 2020 14:39:13 [NMEA time, first data scan]
# bad_flag = -9.990e-29
*END*
[from data line 146]
      19264     76.500     7.3804     7.3801    3.56000    3.55981          1     3.5395     3.2834      98.05      0.637     0.3815     0.2683  1.000e-12  0.5588000    34.9222    34.9205    -0.0017    -0.0004    27.3038    27.3025     75.777     75.884    1481.28    1481.28     6.2629     6.3233    93.5290    94.4290  0.000e+00
      19282     77.000     7.3816     7.3805    3.56019    3.55990          1     3.5396     3.2834      98.06      0.670     0.3824     0.2626  1.000e-12  0.6105000    34.9229    34.9209    -0.0020    -0.0011    27.3041    27.3027     76.272     76.379    1481.29    1481.29     6.2633     6.3230    93.5390    94.4260  0.000e+00
      19302     77.500     7.3845     7.3849    3.56061    3.56058          1     3.5393     3.2829      98.05      0.644     0.3803     0.2415  1.000e-12  0.8256000    34.9243    34.9235    -0.0008     0.0004    27.3048    27.3041     76.767     76.875    1481.31    1481.32     6.2600     6.3170    93.4960    94.3480  0.000e+00
      19332     78.000     7.3873     7.3889    3.56118    3.56135          1     3.5379     3.2821      98.05      0.486     0.3943     0.2388  1.000e-12  0.6252000    34.9274    34.9277     0.0003     0.0016    27.3069    27.3069     77.262     77.371    1481.34    1481.34     6.2543     6.3193    93.4190    94.3940  0.000e+00
      19375     78.500     7.4003     7.4070    3.56370    3.56467          1     3.5359     3.2822      98.06      0.249     0.3663     0.2647  1.000e-12  0.5325000    34.9416    34.9454     0.0038     0.0067    27.3162    27.3182     77.757     77.866    1481.41    1481.44     6.2498     6.3181    93.3880    94.4250  0.000e+00
      19401     79.000     7.4164     7.4163    3.56662    3.56650          1     3.5355     3.2822      98.06      0.356     0.3667     0.2401  1.000e-12  0.8125000    34.9569    34.9557    -0.0012    -0.0001    27.3259    27.3250     78.253     78.362    1481.50    1481.50     6.2478     6.3168    93.4020    94.4310  0.000e+00
      19418     79.500     7.4188     7.4186    3.56705    3.56693          1     3.5351     3.2821      98.06      0.541     0.3699     0.2212  1.000e-12  0.8380000    34.9590    34.9578    -0.0012    -0.0002    27.3272    27.3263     78.748     78.858    1481.52    1481.52     6.2462     6.3202    93.3830    94.4890  0.000e+00
      19433     80.000     7.4196     7.4195    3.56726    3.56715          1     3.5347     3.2829      98.06      0.697     0.3686     0.3070  1.000e-12  0.7298000    34.9601    34.9591    -0.0010    -0.0001    27.3280    27.3272     79.243     79.354    1481.54    1481.53     6.2466     6.3209    93.3930    94.5030  0.000e+00
      19448     80.500     7.4201     7.4199    3.56744    3.56731          1     3.5348     3.2826      98.06      0.781     0.3762     0.3057  1.000e-12  0.6695000    34.9614    34.9602    -0.0012    -0.0002    27.3289    27.3279     79.738     79.849    1481.55    1481.55     6.2490     6.3161    93.4300    94.4320  0.000e+00
      19469     81.000     7.4210     7.4203    3.56769    3.56747          1     3.5350     3.2824      98.06      0.716     0.3849     0.2757  1.000e-12  0.6154000    34.9630    34.9612    -0.0018    -0.0007    27.3300    27.3287     80.233     80.345    1481.56    1481.56     6.2491     6.3157    93.4350    94.4280  0.000e+00
      19503     81.500     7.4208     7.4247    3.56776    3.56822          1     3.5348     3.2817      98.06      0.411     0.3833     0.2435  1.000e-12  0.5652000    34.9637    34.9647     0.0011     0.0039    27.3306    27.3309     80.728     80.841    1481.57    1481.59     6.2491     6.3082    93.4350    94.3260  0.000e+00
      19540     82.000     7.4341     7.4368    3.57016    3.57045          1     3.5351     3.2798      98.06      0.289     0.3633     0.2496  1.000e-12  0.5897000    34.9761    34.9766     0.0005     0.0026    27.3385    27.3385     81.224     81.337    1481.64    1481.65     6.2475     6.3019    93.4460    94.2660  0.000e+00
      19561     82.500     7.4376     7.4372    3.57076    3.57058          1     3.5348     3.2792      98.06      0.443     0.3449     0.2382  1.000e-12  0.5959000    34.9789    34.9774    -0.0015    -0.0004    27.3401    27.3390     81.719     81.832    1481.67    1481.66     6.2444     6.3029    93.4090    94.2830  0.000e+00
      19580     83.000     7.4384     7.4387    3.57089    3.57081          1     3.5342     3.2789      98.05      0.581     0.3682     0.2401  1.000e-12  0.6492000    34.9793    34.9781    -0.0012     0.0003    27.3403    27.3393     82.214     82.328    1481.68    1481.68     6.2431     6.3030    93.3910    94.2870  0.000e+00
      19600     83.500     7.4404     7.4398    3.57118    3.57098          1     3.5341     3.2785      87.19      0.627     0.3686     0.2390  1.000e-12  0.8401000    34.9802    34.9786    -0.0016    -0.0006    27.3408    27.3396     82.709     82.824    1481.70    1481.69     6.2452     6.3017    93.4280    94.2710  0.000e+00
      19627     84.000     7.4397     7.4400    3.57111    3.57099          1     3.5344     3.2777      96.78      0.516     0.3781     0.2239  1.000e-12  1.0904000    34.9798    34.9784    -0.0014     0.0002    27.3406    27.3394     83.204     83.319    1481.70    1481.70     6.2491     6.3017    93.4850    94.2710  0.000e+00
      19654     84.500     7.4422     7.4423    3.57151    3.57137          1     3.5349     3.2778      74.77      0.417     0.3705     0.2395  1.000e-12  0.6849000    34.9814    34.9799    -0.0015     0.0001    27.3414    27.3402     83.699     83.815    1481.72    1481.72     6.2491     6.3102    93.4900    94.4030  0.000e+00
      19674     85.000     7.4435     7.4434    3.57172    3.57158          1     3.5351     3.2785      72.55      0.499     0.3606     0.2656  1.000e-12  0.5845000    34.9822    34.9808    -0.0014    -0.0001    27.3419    27.3409     84.195     84.311    1481.74    1481.73     6.2495     6.3112    93.5000    94.4220  0.000e+00
      19690     85.500     7.4450     7.4439    3.57195    3.57168          1     3.5354     3.2787      98.72      0.627     0.3603     0.2846  1.000e-12  0.5471000    34.9829    34.9811    -0.0019    -0.0011    27.3423    27.3410     84.690     84.807    1481.75    1481.74     6.2475     6.3080    93.4740    94.3760  0.000e+00
      19706     86.000     7.4457     7.4453    3.57209    3.57191          1     3.5347     3.2784      98.05      0.719     0.3695     0.3003  1.000e-12  0.4837000    34.9835    34.9819    -0.0016    -0.0004    27.3426    27.3414     85.185     85.302    1481.76    1481.76     6.2441     6.3058    93.4250    94.3450  0.000e+00
      19731     86.500     7.4458     7.4456    3.57215    3.57200          1     3.5338     3.2781      98.04      0.620     0.3669     0.2507  1.000e-12  0.6319000    34.9838    34.9823    -0.0015    -0.0001    27.3428    27.3417     85.680     85.798    1481.77    1481.77     6.2409     6.3025    93.3770    94.2980  0.000e+00
      19770     87.000     7.4471     7.4476    3.57240    3.57235          1     3.5325     3.2779      98.05      0.296     0.3633     0.2526  1.000e-12  0.5960000    34.9850    34.9839    -0.0011     0.0005    27.3436    27.3426     86.175     86.294    1481.79    1481.79     6.2434     6.3121    93.4180    94.4460  0.000e+00
      19799     87.500     7.4499     7.4497    3.57287    3.57274          1     3.5328     3.2791      98.05      0.352     0.3601     0.2404  1.000e-12  0.5194000    34.9870    34.9859    -0.0011    -0.0002    27.3448    27.3439     86.670     86.789    1481.81    1481.81     6.2435     6.3140    93.4270    94.4810  0.000e+00
      19818     88.000     7.4506     7.4506    3.57305    3.57292          1     3.5325     3.2792      98.05      0.511     0.3573     0.2396  1.000e-12  0.5802000    34.9880    34.9866    -0.0014     0.0000    27.3454    27.3443     87.166     87.285    1481.82    1481.82     6.2426     6.3082    93.4140    94.3960  0.000e+00
      19836     88.500     7.4532     7.4528    3.57340    3.57322          1     3.5325     3.2788      98.04      0.628     0.3580     0.2389  1.000e-12  0.6324000    34.9889    34.9874    -0.0016    -0.0004    27.3458    27.3446     87.661     87.781    1481.84    1481.84     6.2444     6.3064    93.4480    94.3750  0.000e+00
      19854     89.000     7.4555     7.4557    3.57369    3.57361          1     3.5329     3.2788      98.04      0.676     0.3580     0.2611  1.000e-12  0.6545000    34.9896    34.9885    -0.0012     0.0002    27.3460    27.3451     88.156     88.277    1481.86    1481.86     6.2444     6.3098    93.4550    94.4310  0.000e+00
      19878     89.500     7.4576     7.4581    3.57396    3.57387          1     3.5324     3.2791      98.05      0.587     0.3679     0.2792  1.000e-12  0.9315000    34.9901    34.9887    -0.0014     0.0004    27.3461    27.3449     88.651     88.772    1481.87    1481.87     6.2405     6.3121    93.4000    94.4720  0.000e+00
      19913     90.000     7.4597     7.4612    3.57424    3.57429          1     3.5313     3.2789      98.05      0.350     0.3650     0.2432  1.000e-12  0.4155000    34.9909    34.9898    -0.0010     0.0015    27.3464    27.3454     89.146     89.268    1481.89    1481.89     6.2388     6.3015    93.3800    94.3200  0.000e+00
      19940     90.500     7.4637     7.4634    3.57480    3.57465          1     3.5314     3.2775      98.04      0.379     0.3578     0.2676  1.000e-12  0.8023000    34.9926    34.9914    -0.0012    -0.0003    27.3472    27.3463     89.641     89.764    1481.92    1481.91     6.2420     6.2991    93.4380    94.2910  0.000e+00
      19960     91.000     7.4631     7.4627    3.57481    3.57466          1     3.5315     3.2773      98.04      0.514     0.3589     0.2197  1.000e-12  1.1893000    34.9931    34.9918    -0.0013    -0.0004    27.3476    27.3467     90.136     90.259    1481.92    1481.92     6.2411     6.3050    93.4230    94.3770  0.000e+00
      19977     91.500     7.4626     7.4624    3.57481    3.57466          1     3.5314     3.2773      98.05      0.629     0.3700     0.2132  1.000e-12  0.4960000    34.9934    34.9919    -0.0014    -0.0002    27.3479    27.3468     90.632     90.755    1481.93    1481.93     6.2405     6.3052    93.4120    94.3790  0.000e+00
      19995     92.000     7.4622     7.4621    3.57481    3.57468          1     3.5311     3.2771      98.05      0.689     0.3778     0.2133  1.000e-12  0.7516000    34.9936    34.9922    -0.0013    -0.0001    27.3481    27.3471     91.127     91.251    1481.94    1481.94     6.2419     6.3056    93.4330    94.3850  0.000e+00
      20019     92.500     7.4625     7.4624    3.57491    3.57479          1     3.5316     3.2774      98.05      0.602     0.3885     0.2522  1.000e-12  1.0332000    34.9941    34.9928    -0.0013    -0.0001    27.3485    27.3476     91.622     91.747    1481.95    1481.95     6.2450     6.3100    93.4800    94.4530  0.000e+00
      20052     93.000     7.4630     7.4631    3.57506    3.57497          1     3.5319     3.2777      98.04      0.379     0.3644     0.2141  1.000e-12  0.8824000    34.9949    34.9939    -0.0010     0.0001    27.3491    27.3483     92.117     92.242    1481.96    1481.96     6.2432     6.3066    93.4550    94.4040  0.000e+00
      20080     93.500     7.4638     7.4640    3.57524    3.57517          1     3.5311     3.2774      98.05      0.385     0.3683     0.2064  1.000e-12  0.7924000    34.9959    34.9949    -0.0010     0.0003    27.3497    27.3489     92.612     92.738    1481.97    1481.97     6.2390     6.3066    93.3940    94.4060  0.000e+00
      20105     94.000     7.4733     7.4755    3.57656    3.57676          1     3.5304     3.2774      98.05      0.472     0.3687     0.2391  1.000e-12  0.6736000    35.0005    35.0004    -0.0001     0.0022    27.3520    27.3516     93.107     93.234    1482.02    1482.03     6.2348     6.3004    93.3550    94.3420  0.000e+00
      20129     94.500     7.4837     7.4836    3.57810    3.57798          1     3.5293     3.2757      98.05      0.496     0.3576     0.2721  1.000e-12  0.6242000    35.0064    35.0051    -0.0013    -0.0000    27.3551    27.3541     93.602     93.729    1482.08    1482.07     6.2307     6.2859    93.3190    94.1440  0.000e+00
      20148     95.000     7.4958     7.4956    3.57989    3.57972          1     3.5285     3.2744      98.04      0.530     0.3684     0.2412  1.000e-12  0.6003000    35.0134    35.0118    -0.0017    -0.0002    27.3589    27.3577     94.098     94.225    1482.14    1482.14     6.2278     6.2872    93.3050    94.1940  0.000e+00
      20164     95.500     7.5076     7.5078    3.58147    3.58136          1     3.5278     3.2740      98.05      0.627     0.3644     0.2106  1.000e-12  0.5431000    35.0184    35.0171    -0.0013     0.0001    27.3611    27.3601     94.593     94.721    1482.20    1482.20     6.2258     6.2892    93.3040    94.2530  0.000e+00
      20179     96.000     7.5168     7.5162    3.58270    3.58248          1     3.5276     3.2738      98.04      0.735     0.3580     0.2102  1.000e-12  0.4629000    35.0223    35.0205    -0.0018    -0.0006    27.3628    27.3615     95.088     95.216    1482.25    1482.24     6.2268     6.2971    93.3400    94.3910  0.000e+00
      20195     96.500     7.5238     7.5245    3.58355    3.58352          1     3.5278     3.2750      98.04      0.791     0.3573     0.2597  1.000e-12  0.5543000    35.0243    35.0233    -0.0010     0.0007    27.3634    27.3625     95.583     95.712    1482.28    1482.29     6.2285     6.3077    93.3800    94.5690  0.000e+00
      20226     97.000     7.5233     7.5184    3.58348    3.58271          1     3.5283     3.2764      98.04      0.566     0.3576     0.2415  1.000e-12  0.7199000    35.0238    35.0203    -0.0035    -0.0049    27.3631    27.3610     96.078     96.208    1482.29    1482.27     6.2298     6.3043    93.4000    94.5030  0.000e+00
      20289     97.500     7.5228     7.5193    3.58344    3.58289          1     3.5272     3.2748      89.19      0.092     0.3544     0.2110  1.000e-12  0.6631000    35.0236    35.0211    -0.0024    -0.0036    27.3630    27.3616     96.573     96.704    1482.30    1482.28     6.2199     6.2847    93.2500    94.2120  0.000e+00
      20305     98.000     7.5381     7.5377    3.58540    3.58525          1     3.5264     3.2737      98.11      0.414     0.3463     0.1905  1.000e-12  0.4800000    35.0292    35.0280    -0.0012    -0.0004    27.3652    27.3643     97.068     97.199    1482.37    1482.37     6.2178     6.2819    93.2540    94.2150  0.000e+00
      20319     98.500     7.5630     7.5627    3.58852    3.58829          1     3.5257     3.2736      98.05      0.643     0.3467     0.2130  1.000e-12  0.5048000    35.0378    35.0356    -0.0022    -0.0003    27.3683    27.3666     97.563     97.695    1482.48    1482.48     6.2133     6.2785    93.2450    94.2210  0.000e+00
      20333     99.000     7.5768     7.5747    3.59023    3.58988          1     3.5253     3.2730      72.17      0.796     0.3434     0.2205  1.000e-12  0.5263000    35.0421    35.0404    -0.0017    -0.0021    27.3697    27.3687     98.059     98.191    1482.55    1482.54     6.2122     6.2751    93.2590    94.1990  0.000e+00
      20349     99.500     7.5821     7.5844    3.59088    3.59107          1     3.5252     3.2724      74.59      0.835     0.3352     0.2381  1.000e-12  0.6851000    35.0435    35.0434    -0.0002     0.0023    27.3700    27.3696     98.554     98.686    1482.58    1482.59     6.2118     6.2760    93.2660    94.2340  0.000e+00
