ctdpy/tests/etc/exprapp_feb_2020/SBE09_1387_20200210_0631_77_10_0134.cnv
* Sea-Bird SBE 9 Data File:
* FileName = L:\2020\sv20d0134.hex
* Software Version Seasave V 7.26.7.121
* Temperature SN = 6378
* Conductivity SN = 4824
* Number of Bytes Per Scan = 41
* Number of Voltage Words = 4
* Number of Scans Averaged by the Deck Unit = 1
* NMEA Latitude = 56 38.59 N
* NMEA Longitude = 019 35.59 E
* NMEA UTC (Time) = Feb 10 2020  06:31:11
* NMEA baud rate = 4800
** Station:  BY10
** Operator:  DBSj
** Ship: SVEA
** Average sound velocity: 1445.29 m/s
** True-depth calculation Mon, 10 Feb 2020 07:26:40 +0000
** CTD Python Module SMHI /ver 3-12/ feb 2012 
** LIMS Job: 20207710-0134
** Cruise: SMHI-03-2020
** Latitude [GG MM.mm N] :
** Longitude [GGG MM.mm E]:
# nquan = 30
# nvalues = 272                         
# units = specified
# name 0 = scan: Scan Count
# name 1 = prDM: Pressure, Digiquartz [db]
# name 2 = t090C: Temperature [ITS-90, deg C]
# name 3 = t190C: Temperature, 2 [ITS-90, deg C]
# name 4 = c0S/m: Conductivity [S/m]
# name 5 = c1S/m: Conductivity, 2 [S/m]
# name 6 = pumps: Pump Status
# name 7 = sbeox0V: Oxygen raw, SBE 43 [V]
# name 8 = sbeox1V: Oxygen raw, SBE 43, 2 [V]
# name 9 = altM: Altimeter [m]
# name 10 = dz/dtM: Descent Rate [m/s]
# name 11 = flECO-AFL: Chl-a Fluorescence, WET Labs ECO-AFL/FL [mg/m^3]
# name 12 = flECO-AFL1: Phycocyanin Fluorescence, WET Labs ECO-AFL/FL, 2 [mg/m^3]
# name 13 = par: PAR/Irradiance, Biospherical/Lico [µE/(cm^2*s)]
# name 14 = turbWETntu0: Turbidity, WET Labs ECO [NTU]
# name 15 = sal00: Salinity, Practical [PSU]
# name 16 = sal11: Salinity, Practical, 2 [PSU]
# name 17 = secS-priS: Salinity, Practical, Difference, 2 - 1 [PSU]
# name 18 = T2-T190C: Temperature Difference, 2 - 1 [ITS-90, deg C]
# name 19 = sigma-t00: Density [sigma-t, kg/m^3 ]
# name 20 = sigma-t11: Density, 2 [sigma-t, kg/m^3 ]
# name 21 = depSM: Depth [salt water, m], lat = 56.6432
# name 22 = depFM: Depth [true depth, m], lat = 56.6432
# name 23 = svCM: Sound Velocity [Chen-Millero, m/s]
# name 24 = svCM1: Sound Velocity, 2 [Chen-Millero, m/s]
# name 25 = sbeox0ML/L: Oxygen, SBE 43 [ml/l], WS = 2
# name 26 = sbeox1ML/L: Oxygen, SBE 43, 2 [ml/l], WS = 2
# name 27 = sbeox0PS: Oxygen, SBE 43 [% saturation], WS = 2
# name 28 = sbeox1PS: Oxygen, SBE 43, 2 [% saturation], WS = 2
# name 29 = flag: flag
# span 0 =      16057,      28540       
# span 1 =      2.000,    137.500       
# span 2 =     4.8344,     8.3591       
# span 3 =     4.8340,     8.3686       
# span 4 =   0.791889,   1.432755       
# span 5 =   0.791968,   1.432702       
# span 6 =          1,          1       
# span 7 =     0.7407,     3.5376       
# span 8 =     0.7224,     3.2927       
# span 9 =       3.21,      96.88       
# span 10 =     -0.510,      1.669      
# span 11 =     0.3374,     0.4344      
# span 12 =     0.1470,     0.2833      
# span 13 = 1.0000e-12, 3.1449e+00      
# span 14 =     0.1019,     1.2438      
# span 15 =     7.3314,    12.7933      
# span 16 =     7.3322,    12.7909      
# span 17 =    -0.0532,     0.1625      
# span 18 =    -0.1144,     0.2252      
# span 19 =     5.8027,     9.9590      
# span 20 =     5.8033,     9.9569      
# span 21 =      1.982,    136.196      
# span 22 =      2.025,    138.980      
# span 23 =    1434.92,    1458.05      
# span 24 =    1434.92,    1458.07      
# span 25 =     0.0404,     7.9772      
# span 26 =     0.0635,     8.0831      
# span 27 =      0.520,     93.348      
# span 28 =      0.816,     94.588      
# span 29 = 0.0000e+00, 0.0000e+00      
# interval = decibars: 0.5              
# start_time = Feb 10 2020 06:31:11 [NMEA time, first data scan]
# bad_flag = -9.990e-29
*END*
[from data line 242]
      24297    123.000     7.6286     7.6209    1.41186    1.41182          1     0.7535     0.7356      17.41      1.231     0.4019     0.2345  1.000e-12  0.8408000    12.5794    12.5818     0.0024    -0.0077     9.7545     9.7571    121.838    124.355    1455.28    1455.26     0.0548     0.0831     0.7120     1.0780  0.000e+00
      24311    123.500     7.5409     7.5400    1.40867    1.40882          1     0.7517     0.7346      16.80      1.141     0.4084     0.2262  1.000e-12  0.9760000    12.5800    12.5818     0.0018    -0.0009     9.7629     9.7643    122.333    124.860    1454.94    1454.94     0.0568     0.0873     0.7360     1.1310  0.000e+00
      24389    124.000     7.5526     7.5898    1.40955    1.41090          1     0.7493     0.7337      15.88      0.588     0.4094     0.2127  1.000e-12  0.9291000    12.5843    12.5839    -0.0004     0.0372     9.7652     9.7615    122.828    125.364    1455.00    1455.15     0.0589     0.0907     0.7630     1.1760  0.000e+00
      24496    124.500     7.6165     7.6256    1.41472    1.41534          1     0.7470     0.7318      15.53      0.601     0.4003     0.2229  1.000e-12  0.8916000    12.6111    12.6138     0.0028     0.0090     9.7804     9.7817    123.323    125.868    1455.30    1455.34     0.0528     0.0810     0.6850     1.0510  0.000e+00
      24507    125.000     7.6530     7.6538    1.41695    1.41718          1     0.7468     0.7316      15.17      0.832     0.4074     0.2347  1.000e-12  1.2270000    12.6193    12.6212     0.0019     0.0008     9.7836     9.7850    123.818    126.373    1455.47    1455.47     0.0525     0.0831     0.6820     1.0790  0.000e+00
      24517    125.500     7.6429     7.6409    1.41698    1.41709          1     0.7464     0.7316      14.15      1.013     0.4092     0.2431  1.000e-12  1.2438000    12.6232    12.6249     0.0017    -0.0020     9.7875     9.7891    124.313    126.877    1455.44    1455.43     0.0522     0.0851     0.6770     1.1050  0.000e+00
      24528    126.000     7.6064     7.6016    1.41610    1.41610          1     0.7461     0.7316      13.97      1.129     0.4144     0.2653  1.000e-12  1.2333000    12.6278    12.6295     0.0017    -0.0048     9.7944     9.7962    124.809    127.381    1455.30    1455.29     0.0509     0.0838     0.6600     1.0870  0.000e+00
      24540    126.500     7.5635     7.5615    1.41480    1.41490          1     0.7461     0.7311      13.64      1.156     0.4198     0.2659  1.000e-12  1.2265000    12.6306    12.6323     0.0017    -0.0020     9.8005     9.8020    125.304    127.886    1455.14    1455.13     0.0521     0.0809     0.6750     1.0480  0.000e+00
      24564    127.000     7.5564     7.5553    1.41456    1.41475          1     0.7456     0.7307      13.06      0.912     0.4132     0.2244  1.000e-12  1.0135000    12.6308    12.6330     0.0022    -0.0010     9.8013     9.8031    125.799    128.390    1455.12    1455.12     0.0512     0.0832     0.6640     1.0780  0.000e+00
      24675    127.500     7.5466     7.4988    1.41293    1.41219          1     0.7464     0.7313      12.33      0.209     0.4108     0.2163  1.000e-12  0.9650000    12.6184    12.6286     0.0102    -0.0478     9.7924     9.8047    126.294    128.894    1455.07    1454.89     0.0528     0.0822     0.6850     1.0640  0.000e+00
      24686    128.000     7.4320     7.4227    1.40924    1.40889          1     0.7460     0.7305      11.98      0.526     0.4224     0.1564  1.000e-12  0.8645000    12.6241    12.6241    -0.0000    -0.0093     9.8071     9.8078    126.789    129.399    1454.62    1454.58     0.0519     0.0806     0.6700     1.0410  0.000e+00
      24701    128.500     7.3441     7.3400    1.40552    1.40551          1     0.7457     0.7304      11.59      0.704     0.4215     0.1869  1.000e-12  0.8371000    12.6197    12.6211     0.0014    -0.0041     9.8113     9.8128    127.284    129.903    1454.26    1454.25     0.0503     0.0839     0.6490     1.0810  0.000e+00
      24752    129.000     7.3262     7.3292    1.40524    1.40556          1     0.7451     0.7301      10.98      0.615     0.4176     0.2533  1.000e-12  0.8077000    12.6234    12.6254     0.0021     0.0030     9.8157     9.8171    127.779    130.407    1454.20    1454.22     0.0504     0.0827     0.6500     1.0660  0.000e+00
      24833    129.500     7.3779     7.3846    1.40914    1.40979          1     0.7451     0.7294      10.58      0.566     0.4226     0.2683  1.000e-12  0.7552000    12.6425    12.6464     0.0039     0.0068     9.8262     9.8286    128.274    130.912    1454.44    1454.48     0.0500     0.0819     0.6450     1.0570  0.000e+00
      24840    130.000     7.3915     7.3909    1.41056    1.41071          1     0.7444     0.7294      10.25      0.840     0.4213     0.1728  1.000e-12  0.7541000    12.6512    12.6529     0.0017    -0.0006     9.8318     9.8332    128.769    131.416    1454.52    1454.52     0.0470     0.0818     0.6070     1.0560  0.000e+00
      24849    130.500     7.3812     7.3782    1.41042    1.41050          1     0.7446     0.7293       9.82      1.056     0.4163     0.1762  1.000e-12  0.7069000    12.6535    12.6554     0.0018    -0.0030     9.8345     9.8362    129.264    131.920    1454.49    1454.48     0.0472     0.0814     0.6100     1.0510  0.000e+00
      24858    131.000     7.3463     7.3413    1.40972    1.40980          1     0.7443     0.7292       9.36      1.218     0.4106     0.1987  1.000e-12  0.6412000    12.6593    12.6620     0.0026    -0.0050     9.8421     9.8447    129.760    132.425    1454.36    1454.34     0.0475     0.0814     0.6130     1.0500  0.000e+00
      24870    131.500     7.3178     7.3165    1.40991    1.41009          1     0.7440     0.7293       8.75      1.280     0.4100     0.2385  1.000e-12  0.6246000    12.6715    12.6737     0.0022    -0.0013     9.8541     9.8560    130.255    132.929    1454.27    1454.26     0.0483     0.0815     0.6230     1.0500  0.000e+00
      24943    132.000     7.3315     7.3190    1.41058    1.41135          1     0.7444     0.7291       7.87      0.701     0.4209     0.2478  1.000e-12  0.5788000    12.6729    12.6849     0.0120    -0.0125     9.8540     9.8645    130.750    133.433    1454.33    1454.30     0.0507     0.0809     0.6530     1.0420  0.000e+00
      25062    132.500     7.2921     7.2863    1.41167    1.41193          1     0.7450     0.7291       7.22      0.171     0.4305     0.2189  1.000e-12  0.4805000    12.6978    12.7025     0.0047    -0.0058     9.8769     9.8812    131.245    133.937    1454.21    1454.19     0.0511     0.0790     0.6580     1.0180  0.000e+00
      25072    133.000     7.2247     7.2066    1.41170    1.41255          1     0.7443     0.7287       6.93      0.442     0.4306     0.2334  1.000e-12  0.4708000    12.7227    12.7377     0.0150    -0.0182     9.9023     9.9155    131.740    134.442    1453.97    1453.92     0.0480     0.0767     0.6180     0.9860  0.000e+00
      25084    133.500     7.2121     7.2133    1.41507    1.41594          1     0.7446     0.7287       6.51      0.653     0.4209     0.2408  1.000e-12  0.5355000    12.7602    12.7682     0.0080     0.0012     9.9327     9.9389    132.235    134.946    1453.98    1453.99     0.0485     0.0767     0.6240     0.9870  0.000e+00
      25094    134.000     7.2158     7.2155    1.41684    1.41704          1     0.7441     0.7282       6.17      0.851     0.4224     0.2235  1.000e-12  0.5213000    12.7760    12.7780     0.0020    -0.0003     9.9448     9.9464    132.730    135.450    1454.02    1454.02     0.0478     0.0759     0.6150     0.9770  0.000e+00
      25103    134.500     7.2159     7.2154    1.41723    1.41740          1     0.7439     0.7281       5.72      1.026     0.4342     0.1927  1.000e-12  0.3432000    12.7796    12.7815     0.0019    -0.0005     9.9476     9.9491    133.226    135.954    1454.03    1454.03     0.0470     0.0776     0.6040     0.9980  0.000e+00
      25114    135.000     7.2154     7.2149    1.41749    1.41766          1     0.7439     0.7281       5.29      1.151     0.4319     0.1886  1.000e-12  0.3356000    12.7823    12.7841     0.0018    -0.0006     9.9498     9.9512    133.721    136.459    1454.04    1454.04     0.0480     0.0788     0.6180     1.0140  0.000e+00
      25128    135.500     7.2148     7.2147    1.41767    1.41781          1     0.7438     0.7282       4.66      1.129     0.4344     0.1650  1.000e-12  0.3821000    12.7842    12.7856     0.0014    -0.0001     9.9513     9.9524    134.216    136.963    1454.05    1454.05     0.0483     0.0785     0.6210     1.0100  0.000e+00
      25358    136.000     7.2146     7.2145    1.41790    1.41804          1     0.7430     0.7271       3.93      0.615     0.4224     0.2179  1.000e-12  0.2752000    12.7864    12.7878     0.0014    -0.0000     9.9531     9.9541    134.711    137.467    1454.06    1454.06     0.0456     0.0748     0.5870     0.9620  0.000e+00
      25465    136.500     7.2198     7.2168    1.41765    1.41800          1     0.7427     0.7269       3.65      0.735     0.4296     0.2291  1.000e-12  0.2643000    12.7819    12.7864     0.0045    -0.0030     9.9491     9.9529    135.206    137.971    1454.08    1454.08     0.0455     0.0748     0.5860     0.9630  0.000e+00
      27214    137.000     7.2222     7.2173    1.41772    1.41809          1     0.7409     0.7243       3.70      1.145     0.4285     0.2007  1.000e-12  0.2539000    12.7816    12.7870     0.0054    -0.0050     9.9486     9.9533    135.701    138.476    1454.10    1454.09     0.0414     0.0685     0.5330     0.8820  0.000e+00
      28540    137.500     7.2081     7.2115    1.41840    1.41828          1     0.7407     0.7224       3.21      1.069     0.4332     0.2108  1.000e-12  0.2538000    12.7933    12.7909    -0.0024     0.0034     9.9590     9.9569    136.196    138.980    1454.07    1454.07     0.0404     0.0635     0.5200     0.8160  0.000e+00
