ctdpy/tests/etc/exprapp_feb_2020/SBE09_1387_20200211_0829_77_10_0141.cnv
* Sea-Bird SBE 9 Data File:
* FileName = L:\2020\sv20d0141.hex
* Software Version Seasave V 7.26.7.121
* Temperature SN = 6378
* Conductivity SN = 4824
* Number of Bytes Per Scan = 41
* Number of Voltage Words = 4
* Number of Scans Averaged by the Deck Unit = 1
* NMEA Latitude = 59 17.99 N
* NMEA Longitude = 021 33.25 E
* NMEA UTC (Time) = Feb 11 2020  08:29:14
* NMEA baud rate = 4800
** Station:  BY27
** Operator:  DBSj
** Ship: SVEA
** Average sound velocity: 1442.23 m/s
** True-depth calculation Tue, 11 Feb 2020 10:43:49 +0000
** CTD Python Module SMHI /ver 3-12/ feb 2012 
** LIMS Job: 20207710-0141
** Cruise: SMHI-03-2020
** Latitude [GG MM.mm N] :
** Longitude [GGG MM.mm E]:
# nquan = 30
# nvalues = 345                         
# units = specified
# name 0 = scan: Scan Count
# name 1 = prDM: Pressure, Digiquartz [db]
# name 2 = t090C: Temperature [ITS-90, deg C]
# name 3 = t190C: Temperature, 2 [ITS-90, deg C]
# name 4 = c0S/m: Conductivity [S/m]
# name 5 = c1S/m: Conductivity, 2 [S/m]
# name 6 = pumps: Pump Status
# name 7 = sbeox0V: Oxygen raw, SBE 43 [V]
# name 8 = sbeox1V: Oxygen raw, SBE 43, 2 [V]
# name 9 = altM: Altimeter [m]
# name 10 = dz/dtM: Descent Rate [m/s]
# name 11 = flECO-AFL: Chl-a Fluorescence, WET Labs ECO-AFL/FL [mg/m^3]
# name 12 = flECO-AFL1: Phycocyanin Fluorescence, WET Labs ECO-AFL/FL, 2 [mg/m^3]
# name 13 = par: PAR/Irradiance, Biospherical/Lico [µE/(cm^2*s)]
# name 14 = turbWETntu0: Turbidity, WET Labs ECO [NTU]
# name 15 = sal00: Salinity, Practical [PSU]
# name 16 = sal11: Salinity, Practical, 2 [PSU]
# name 17 = secS-priS: Salinity, Practical, Difference, 2 - 1 [PSU]
# name 18 = T2-T190C: Temperature Difference, 2 - 1 [ITS-90, deg C]
# name 19 = sigma-t00: Density [sigma-t, kg/m^3 ]
# name 20 = sigma-t11: Density, 2 [sigma-t, kg/m^3 ]
# name 21 = depSM: Depth [salt water, m], lat = 59.2998
# name 22 = depFM: Depth [true depth, m], lat = 59.2998
# name 23 = svCM: Sound Velocity [Chen-Millero, m/s]
# name 24 = svCM1: Sound Velocity, 2 [Chen-Millero, m/s]
# name 25 = sbeox0ML/L: Oxygen, SBE 43 [ml/l], WS = 2
# name 26 = sbeox1ML/L: Oxygen, SBE 43, 2 [ml/l], WS = 2
# name 27 = sbeox0PS: Oxygen, SBE 43 [% saturation], WS = 2
# name 28 = sbeox1PS: Oxygen, SBE 43, 2 [% saturation], WS = 2
# name 29 = flag: flag
# span 0 =      24334,      34483       
# span 1 =      3.000,    175.000       
# span 2 =     4.8427,     6.4783       
# span 3 =     4.8425,     6.4779       
# span 4 =   0.758181,   1.229256       
# span 5 =   0.758252,   1.229326       
# span 6 =          1,          1       
# span 7 =     0.7424,     3.4921       
# span 8 =     0.7277,     3.2615       
# span 9 =       2.47,     101.84       
# span 10 =     -0.626,      1.205      
# span 11 =     0.3199,     0.5281      
# span 12 =     0.1200,     0.3151      
# span 13 = -1.820e-06, 6.1499e+01      
# span 14 =     0.1529,     9.1921      
# span 15 =     6.9946,    11.1851      
# span 16 =     6.9953,    11.1860      
# span 17 =    -0.0434,     0.0646      
# span 18 =    -0.0118,     0.0201      
# span 19 =     5.5354,     8.7539      
# span 20 =     5.5360,     8.7546      
# span 21 =      2.972,    173.286      
# span 22 =      3.039,    176.993      
# span 23 =    1434.57,    1449.60      
# span 24 =    1434.57,    1449.60      
# span 25 =     0.0463,     7.8543      
# span 26 =     0.0814,     8.0012      
# span 27 =      0.579,     91.723      
# span 28 =      1.018,     93.438      
# span 29 = 0.0000e+00, 0.0000e+00      
# interval = decibars: 0.5              
# start_time = Feb 11 2020 08:29:14 [NMEA time, first data scan]
# bad_flag = -9.990e-29
*END*
[from data line 49]
      25772     27.500     4.8443     4.8441    0.75839    0.75847          1     3.4843     3.2540      96.67      0.489     0.3692     0.2408  4.765e-01  0.1640000     6.9948     6.9956     0.0009    -0.0002     5.5357     5.5364     27.240     27.856    1434.93    1434.93     7.8502     7.9954    91.6780    93.3740  0.000e+00
      25792     28.000     4.8450     4.8448    0.75844    0.75852          1     3.4840     3.2540      97.00      0.593     0.3586     0.2424  4.199e-01  0.1792000     6.9951     6.9960     0.0009    -0.0002     5.5359     5.5366     27.736     28.362    1434.94    1434.94     7.8500     7.9956    91.6770    93.3770  0.000e+00
      25854     28.500     4.8455     4.8455    0.75848    0.75856          1     3.4827     3.2532      72.73      0.219     0.3673     0.2405  3.742e-01  0.1712000     6.9953     6.9961     0.0008    -0.0000     5.5361     5.5367     28.231     28.869    1434.95    1434.95     7.8482     7.9904    91.6580    93.3190  0.000e+00
      25897     29.000     4.8462     4.8454    0.75852    0.75857          1     3.4825     3.2525      97.90      0.261     0.3577     0.2239  3.326e-01  0.1637000     6.9955     6.9962     0.0007    -0.0008     5.5362     5.5367     28.726     29.375    1434.96    1434.96     7.8517     7.9852    91.7000    93.2580  0.000e+00
      25909     29.500     4.8448     4.8448    0.75845    0.75854          1     3.4829     3.2519      96.98      0.554     0.3644     0.1949  2.966e-01  0.1757000     6.9950     6.9959     0.0009     0.0001     5.5358     5.5365     29.221     29.881    1434.96    1434.96     7.8534     7.9834    91.7170    93.2350  0.000e+00
      25921     30.000     4.8438     4.8435    0.75841    0.75849          1     3.4826     3.2516      96.98      0.785     0.3677     0.2004  2.681e-01  0.1827000     6.9948     6.9956     0.0009    -0.0004     5.5357     5.5364     29.717     30.388    1434.97    1434.97     7.8517     7.9876    91.6940    93.2810  0.000e+00
      25932     30.500     4.8435     4.8434    0.75842    0.75850          1     3.4833     3.2516      97.00      0.953     0.3590     0.2096  2.459e-01  0.1880000     6.9949     6.9956     0.0008    -0.0001     5.5358     5.5364     30.212     30.894    1434.97    1434.97     7.8513     7.9919    91.6890    93.3310  0.000e+00
      25946     31.000     4.8437     4.8440    0.75843    0.75855          1     3.4825     3.2516      96.98      1.005     0.3449     0.2305  2.250e-01  0.1942000     6.9949     6.9960     0.0011     0.0003     5.5358     5.5367     30.707     31.401    1434.98    1434.99     7.8489     7.9938    91.6610    93.3550  0.000e+00
      26009     31.500     4.8446     4.8455    0.75849    0.75862          1     3.4818     3.2518      96.94      0.459     0.3637     0.2319  2.093e-01  0.1671000     6.9952     6.9963     0.0011     0.0009     5.5360     5.5368     31.202     31.907    1435.00    1435.00     7.8465     7.9932    91.6350    93.3510  0.000e+00
      26083     32.000     4.8451     4.8449    0.75853    0.75862          1     3.4800     3.2514      97.00      0.222     0.3695     0.1714  1.745e-01  0.1561000     6.9955     6.9963     0.0008    -0.0002     5.5362     5.5369     31.698     32.414    1435.00    1435.00     7.8376     7.9837    91.5330    93.2390  0.000e+00
      26100     32.500     4.8459     4.8458    0.75858    0.75867          1     3.4792     3.2504      96.99      0.444     0.3705     0.1550  1.386e-01  0.1648000     6.9957     6.9966     0.0009    -0.0001     5.5364     5.5371     32.193     32.920    1435.02    1435.02     7.8392     7.9826    91.5530    93.2290  0.000e+00
      26113     33.000     4.8494     4.8503    0.75883    0.75899          1     3.4792     3.2504      96.97      0.627     0.3801     0.1934  1.260e-01  0.1760000     6.9973     6.9987     0.0014     0.0009     5.5375     5.5386     32.688     33.427    1435.04    1435.05     7.8435     7.9881    91.6130    93.3050  0.000e+00
      26124     33.500     4.8524     4.8591    0.75899    0.75949          1     3.4794     3.2504      96.98      0.806     0.3767     0.2004  1.117e-01  0.1756000     6.9983     7.0018     0.0036     0.0066     5.5382     5.5408     33.183     33.933    1435.07    1435.10     7.8436     7.9878    91.6220    93.3240  0.000e+00
      26134     34.000     4.8607     4.8621    0.75952    0.75968          1     3.4794     3.2504      97.00      0.964     0.3709     0.2191  9.614e-02  0.1807000     7.0017     7.0030     0.0013     0.0014     5.5406     5.5415     33.679     34.440    1435.11    1435.12     7.8412     7.9876    91.6140    93.3290  0.000e+00
      26145     34.500     4.8625     4.8621    0.75961    0.75968          1     3.4795     3.2504      96.97      1.077     0.3679     0.2255  8.642e-02  0.1823000     7.0022     7.0029     0.0007    -0.0004     5.5409     5.5415     34.174     34.946    1435.13    1435.13     7.8393     7.9885    91.5970    93.3410  0.000e+00
      26159     35.000     4.8623     4.8622    0.75960    0.75969          1     3.4789     3.2505      96.99      1.080     0.3611     0.2330  7.555e-02  0.1828000     7.0021     7.0029     0.0009    -0.0001     5.5408     5.5415     34.669     35.453    1435.14    1435.14     7.8394     7.9895    91.5970    93.3530  0.000e+00
      26237     35.500     4.8576     4.8588    0.75932    0.75948          1     3.4794     3.2496      96.98      0.374     0.3664     0.2421  7.138e-02  0.1651000     7.0002     7.0015     0.0013     0.0012     5.5395     5.5405     35.164     35.959    1435.12    1435.13     7.8448     7.9810    91.6490    93.2430  0.000e+00
      26282     36.000     4.8573     4.8591    0.75930    0.75949          1     3.4795     3.2486      96.99      0.443     0.3605     0.2426  5.237e-02  0.1646000     7.0000     7.0015     0.0015     0.0018     5.5393     5.5405     35.660     36.465    1435.13    1435.14     7.8432     7.9800    91.6290    93.2330  0.000e+00
      26301     36.500     4.8582     4.8595    0.75935    0.75953          1     3.4791     3.2486      96.99      0.596     0.3614     0.1700  3.429e-02  0.1700000     7.0002     7.0018     0.0016     0.0013     5.5395     5.5407     36.155     36.972    1435.14    1435.15     7.8396     7.9798    91.5890    93.2310  0.000e+00
      26326     37.000     4.8643     4.8638    0.75974    0.75979          1     3.4783     3.2478      96.98      0.541     0.3744     0.1991  2.212e-02  0.1747000     7.0027     7.0034     0.0007    -0.0004     5.5413     5.5418     36.650     37.478    1435.18    1435.18     7.8361     7.9717    91.5650    93.1480  0.000e+00
      26351     37.500     4.8666     4.8669    0.75989    0.75999          1     3.4777     3.2467      96.98      0.460     0.3732     0.1864  9.011e-03  0.1826000     7.0037     7.0046     0.0010     0.0003     5.5419     5.5427     37.145     37.985    1435.20    1435.20     7.8346     7.9715    91.5530    93.1540  0.000e+00
      26368     38.000     4.8698     4.8702    0.76009    0.76019          1     3.4773     3.2467      80.43      0.545     0.3576     0.2120  6.213e-03  0.1827000     7.0049     7.0058     0.0009     0.0004     5.5428     5.5435     37.640     38.491    1435.22    1435.22     7.8334     7.9776    91.5470    93.2330  0.000e+00
      26383     38.500     4.8703     4.8707    0.76012    0.76023          1     3.4770     3.2466      40.87      0.680     0.3580     0.2346  1.244e-03  0.1823000     7.0050     7.0061     0.0011     0.0004     5.5429     5.5437     38.136     38.998    1435.23    1435.24     7.8322     7.9781    91.5340    93.2420  0.000e+00
      26399     39.000     4.8711     4.8705    0.76017    0.76022          1     3.4764     3.2467      70.62      0.769     0.3646     0.2104  2.176e-03  0.1833000     7.0053     7.0059     0.0006    -0.0006     5.5431     5.5435     38.631     39.504    1435.24    1435.24     7.8312     7.9792    91.5250    93.2530  0.000e+00
      26423     39.500     4.8706     4.8701    0.76014    0.76019          1     3.4761     3.2465      80.64      0.649     0.3765     0.2784  1.980e-04  0.1857000     7.0051     7.0057     0.0006    -0.0005     5.5429     5.5434     39.126     40.011    1435.25    1435.25     7.8347     7.9742    91.5640    93.1940  0.000e+00
      26462     40.000     4.8704     4.8693    0.76013    0.76016          1     3.4761     3.2455      97.78      0.303     0.3678     0.2675 -1.820e-06  0.1734000     7.0049     7.0054     0.0005    -0.0011     5.5428     5.5432     39.621     40.517    1435.25    1435.25     7.8348     7.9709    91.5650    93.1540  0.000e+00
      26495     40.500     4.8704     4.8709    0.76013    0.76025          1     3.4755     3.2452      96.98      0.352     0.3580     0.2244  1.000e-12  0.1702000     7.0049     7.0060     0.0011     0.0005     5.5428     5.5436     40.117     41.024    1435.26    1435.27     7.8313     7.9771    91.5240    93.2300  0.000e+00
      26562     41.000     4.8715     4.8711    0.76019    0.76026          1     3.4741     3.2451      87.89      0.108     0.3777     0.2036  1.000e-12  0.1529000     7.0052     7.0060     0.0007    -0.0003     5.5430     5.5436     40.612     41.530    1435.28    1435.27     7.8287     7.9672    91.4960    93.1140  0.000e+00
      26582     41.500     4.8724     4.8721    0.76025    0.76032          1     3.4741     3.2443      96.32      0.329     0.3696     0.2130  1.000e-12  0.1708000     7.0055     7.0063     0.0007    -0.0003     5.5432     5.5438     41.107     42.037    1435.29    1435.29     7.8307     7.9685    91.5220    93.1320  0.000e+00
      26594     42.000     4.8728     4.8720    0.76028    0.76032          1     3.4738     3.2443      97.02      0.587     0.3682     0.2184  1.000e-12  0.1764000     7.0057     7.0063     0.0005    -0.0008     5.5433     5.5438     41.602     42.543    1435.30    1435.30     7.8307     7.9727    91.5230    93.1810  0.000e+00
      26605     42.500     4.8743     4.8738    0.76036    0.76042          1     3.4740     3.2443      96.99      0.815     0.3680     0.2302  1.000e-12  0.1856000     7.0061     7.0068     0.0007    -0.0006     5.5435     5.5442     42.097     43.049    1435.31    1435.31     7.8317     7.9746    91.5390    93.2080  0.000e+00
      26616     43.000     4.8743     4.8738    0.76037    0.76043          1     3.4738     3.2443      53.13      0.997     0.3690     0.2362  1.000e-12  0.1883000     7.0061     7.0068     0.0007    -0.0005     5.5436     5.5442     42.593     43.556    1435.32    1435.32     7.8322     7.9779    91.5450    93.2460  0.000e+00
      26628     43.500     4.8737     4.8734    0.76035    0.76042          1     3.4742     3.2445      26.20      1.089     0.3759     0.2264  1.000e-12  0.1884000     7.0060     7.0067     0.0007    -0.0003     5.5435     5.5441     43.088     44.062    1435.33    1435.33     7.8342     7.9800    91.5670    93.2700  0.000e+00
      26664     44.000     4.8730     4.8721    0.76031    0.76034          1     3.4741     3.2444      93.70      0.794     0.3780     0.2062  1.000e-12  0.1804000     7.0057     7.0062     0.0005    -0.0008     5.5433     5.5437     43.583     44.569    1435.33    1435.33     7.8347     7.9752    91.5700    93.2100  0.000e+00
      26764     44.500     4.8725     4.8729    0.76028    0.76040          1     3.4736     3.2426      96.98      0.281     0.3800     0.1959  1.000e-12  0.1633000     7.0054     7.0065     0.0011     0.0004     5.5431     5.5439     44.078     45.075    1435.34    1435.34     7.8297     7.9619    91.5110    93.0570  0.000e+00
      26775     45.000     4.8742     4.8737    0.76038    0.76045          1     3.4732     3.2420      96.97      0.566     0.3699     0.2032  1.000e-12  0.1727000     7.0060     7.0068     0.0007    -0.0005     5.5435     5.5441     44.573     45.582    1435.35    1435.35     7.8305     7.9654    91.5240    93.1010  0.000e+00
      26787     45.500     4.8741     4.8737    0.76039    0.76046          1     3.4729     3.2421      97.00      0.753     0.3580     0.2354  1.000e-12  0.1823000     7.0061     7.0068     0.0007    -0.0004     5.5435     5.5442     45.069     46.088    1435.36    1435.36     7.8327     7.9695    91.5500    93.1480  0.000e+00
      26799     46.000     4.8746     4.8740    0.76043    0.76048          1     3.4738     3.2421      96.99      0.902     0.3556     0.2619  1.000e-12  0.1817000     7.0063     7.0069     0.0006    -0.0006     5.5437     5.5442     45.564     46.595    1435.37    1435.37     7.8375     7.9691    91.6070    93.1440  0.000e+00
      26809     46.500     4.8750     4.8743    0.76046    0.76050          1     3.4734     3.2419      96.98      1.013     0.3581     0.2497  1.000e-12  0.1827000     7.0064     7.0070     0.0005    -0.0008     5.5438     5.5443     46.059     47.101    1435.38    1435.38     7.8364     7.9694    91.5950    93.1490  0.000e+00
      26821     47.000     4.8754     4.8742    0.76048    0.76050          1     3.4740     3.2418      97.01      1.076     0.3591     0.2328  1.000e-12  0.1820000     7.0065     7.0069     0.0004    -0.0012     5.5438     5.5442     46.554     47.608    1435.39    1435.39     7.8363     7.9701    91.5950    93.1570  0.000e+00
      26834     47.500     4.8751     4.8736    0.76048    0.76047          1     3.4736     3.2421      96.99      1.065     0.3672     0.2360  1.000e-12  0.1823000     7.0065     7.0067     0.0002    -0.0015     5.5438     5.5441     47.049     48.114    1435.40    1435.39     7.8322     7.9707    91.5460    93.1620  0.000e+00
      26873     48.000     4.8742     4.8734    0.76043    0.76046          1     3.4729     3.2417      97.00      0.819     0.3712     0.2353  1.000e-12  0.1933000     7.0062     7.0066     0.0005    -0.0008     5.5436     5.5440     47.545     48.621    1435.40    1435.40     7.8316     7.9694    91.5380    93.1460  0.000e+00
      26977     48.500     4.8739     4.8734    0.76040    0.76047          1     3.4722     3.2418      96.97      0.606     0.3496     0.2184  1.000e-12  0.1658000     7.0058     7.0066     0.0008    -0.0004     5.5433     5.5440     48.040     49.127    1435.41    1435.41     7.8350     7.9601    91.5760    93.0370  0.000e+00
      26987     49.000     4.8741     4.8737    0.76042    0.76050          1     3.4725     3.2412      96.76      0.845     0.3458     0.2183  1.000e-12  0.1640000     7.0059     7.0068     0.0009    -0.0004     5.5434     5.5441     48.535     49.633    1435.41    1435.41     7.8325     7.9592    91.5470    93.0280  0.000e+00
      26998     49.500     4.8753     4.8746    0.76052    0.76056          1     3.4724     3.2411      80.31      1.018     0.3531     0.1938  1.000e-12  0.1745000     7.0066     7.0071     0.0005    -0.0007     5.5439     5.5444     49.030     50.140    1435.43    1435.43     7.8315     7.9632    91.5390    93.0770  0.000e+00
      27008     50.000     4.8781     4.8777    0.76068    0.76074          1     3.4716     3.2406      89.49      1.125     0.3659     0.1859  1.000e-12  0.1946000     7.0075     7.0082     0.0007    -0.0004     5.5445     5.5451     49.525     50.646    1435.45    1435.45     7.8272     7.9649    91.4950    93.1050  0.000e+00
      27020     50.500     4.8791     4.8791    0.76074    0.76083          1     3.4718     3.2406      96.91      1.146     0.3655     0.1938  1.000e-12  0.1945000     7.0079     7.0088     0.0009     0.0000     5.5448     5.5455     50.020     51.153    1435.46    1435.47     7.8279     7.9679    91.5070    93.1430  0.000e+00
