ctdpy/tests/etc/exprapp_feb_2020/SBE09_1387_20200210_2351_77_10_0139.cnv
* Sea-Bird SBE 9 Data File:
* FileName = L:\2020\sv20d0139.hex
* Software Version Seasave V 7.26.7.121
* Temperature SN = 6378
* Conductivity SN = 4824
* Number of Bytes Per Scan = 41
* Number of Voltage Words = 4
* Number of Scans Averaged by the Deck Unit = 1
* NMEA Latitude = 58 26.52 N
* NMEA Longitude = 020 20.15 E
* NMEA UTC (Time) = Feb 10 2020  23:51:42
* NMEA baud rate = 4800
** Station:  BY21
** Operator:  SSip
** Ship: SVEA
** Average sound velocity: 1440.70 m/s
** True-depth calculation Tue, 11 Feb 2020 01:00:47 +0000
** CTD Python Module SMHI /ver 3-12/ feb 2012 
** LIMS Job: 20207710-0139
** Cruise: SMHI-03-2020
** Latitude [GG MM.mm N] :
** Longitude [GGG MM.mm E]:
# nquan = 30
# nvalues = 224                         
# units = specified
# name 0 = scan: Scan Count
# name 1 = prDM: Pressure, Digiquartz [db]
# name 2 = t090C: Temperature [ITS-90, deg C]
# name 3 = t190C: Temperature, 2 [ITS-90, deg C]
# name 4 = c0S/m: Conductivity [S/m]
# name 5 = c1S/m: Conductivity, 2 [S/m]
# name 6 = pumps: Pump Status
# name 7 = sbeox0V: Oxygen raw, SBE 43 [V]
# name 8 = sbeox1V: Oxygen raw, SBE 43, 2 [V]
# name 9 = altM: Altimeter [m]
# name 10 = dz/dtM: Descent Rate [m/s]
# name 11 = flECO-AFL: Chl-a Fluorescence, WET Labs ECO-AFL/FL [mg/m^3]
# name 12 = flECO-AFL1: Phycocyanin Fluorescence, WET Labs ECO-AFL/FL, 2 [mg/m^3]
# name 13 = par: PAR/Irradiance, Biospherical/Lico [µE/(cm^2*s)]
# name 14 = turbWETntu0: Turbidity, WET Labs ECO [NTU]
# name 15 = sal00: Salinity, Practical [PSU]
# name 16 = sal11: Salinity, Practical, 2 [PSU]
# name 17 = secS-priS: Salinity, Practical, Difference, 2 - 1 [PSU]
# name 18 = T2-T190C: Temperature Difference, 2 - 1 [ITS-90, deg C]
# name 19 = sigma-t00: Density [sigma-t, kg/m^3 ]
# name 20 = sigma-t11: Density, 2 [sigma-t, kg/m^3 ]
# name 21 = depSM: Depth [salt water, m], lat = 58.442
# name 22 = depFM: Depth [true depth, m], lat = 58.442
# name 23 = svCM: Sound Velocity [Chen-Millero, m/s]
# name 24 = svCM1: Sound Velocity, 2 [Chen-Millero, m/s]
# name 25 = sbeox0ML/L: Oxygen, SBE 43 [ml/l], WS = 2
# name 26 = sbeox1ML/L: Oxygen, SBE 43, 2 [ml/l], WS = 2
# name 27 = sbeox0PS: Oxygen, SBE 43 [% saturation], WS = 2
# name 28 = sbeox1PS: Oxygen, SBE 43, 2 [% saturation], WS = 2
# name 29 = flag: flag
# span 0 =      48868,      55164       
# span 1 =      5.000,    116.500       
# span 2 =     5.1591,     6.5478       
# span 3 =     5.1588,     6.5475       
# span 4 =   0.803937,   1.243099       
# span 5 =   0.804103,   1.243201       
# span 6 =          1,          1       
# span 7 =     0.7498,     3.5252       
# span 8 =     0.7383,     3.2905       
# span 9 =       0.32,      98.16       
# span 10 =      0.051,      1.532      
# span 11 =     0.3302,     0.4417      
# span 12 =     0.1417,     0.2805      
# span 13 = -2.242e-04, 3.0706e-01      
# span 14 =     0.1152,     2.4014      
# span 15 =     7.3789,    11.3089      
# span 16 =     7.3806,    11.3100      
# span 17 =    -0.2953,     0.1697      
# span 18 =    -0.0928,     0.0490      
# span 19 =     5.8274,     8.8462      
# span 20 =     5.8288,     8.8471      
# span 21 =      4.953,    115.384      
# span 22 =      5.063,    117.867      
# span 23 =    1436.46,    1449.13      
# span 24 =    1436.47,    1449.13      
# span 25 =     0.0655,     7.8598      
# span 26 =    -0.5386,     8.0032      
# span 27 =      0.822,     92.772      
# span 28 =     -6.605,     94.464      
# span 29 = 0.0000e+00, 0.0000e+00      
# interval = decibars: 0.5              
# start_time = Feb 10 2020 23:51:43 [NMEA time, first data scan]
# bad_flag = -9.990e-29
*END*
[from data line 146]
      53012     78.000     5.4136     5.4626    0.88127    0.89790          1     2.3776     2.3921      44.09      0.999     0.3463     0.2212  1.000e-12  0.1751000     8.0735     8.2257     0.1522     0.0490     6.3652     6.4831     77.260     78.985    1439.60    1440.00     2.0963     1.2188    25.0190    14.5810  0.000e+00
      53020     78.500     5.6119     5.6193    0.95455    0.95745          1     2.2660     2.2819      43.65      1.207     0.3458     0.2185  1.000e-12  0.1762000     8.7469     8.7735     0.0267     0.0075     6.8871     6.9078     77.755     79.491    1441.32    1441.38     2.4869     1.7757    29.9620    21.4040  0.000e+00
      53027     79.000     5.8419     5.8418    1.02728    1.02835          1     2.1980     2.2055      43.26      1.367     0.3452     0.2108  1.000e-12  0.1762000     9.4029     9.4134     0.0105    -0.0001     7.3919     7.4002     78.250     79.997    1443.14    1443.16     3.0212     2.5600    36.7680    31.1590  0.000e+00
      53035     79.500     5.9102     5.9106    1.05605    1.05642          1     2.1674     2.1634      42.75      1.490     0.3428     0.2052  1.000e-12  0.1522000     9.6676     9.6711     0.0036     0.0003     7.5966     7.5994     78.745     80.502    1443.78    1443.79     3.6662     3.5192    44.7690    42.9760  0.000e+00
      53045     80.000     5.9484     5.9454    1.07395    1.07279          1     2.1948     2.1683      42.13      1.532     0.3443     0.2040  1.000e-12  0.1406000     9.8333     9.8228    -0.0105    -0.0031     7.7249     7.7168     79.240     81.008    1444.16    1444.13     4.5406     4.8173    55.5620    58.9400  0.000e+00
      53124     80.500     5.7354     5.6426    0.99842    0.96610          1     2.0853     2.1071      41.11      0.695     0.3420     0.1822  1.000e-12  0.1434000     9.1454     8.8501    -0.2953    -0.0928     7.1943     6.9659     79.736     81.513    1442.38    1441.61     2.5661     2.3293    31.3370    28.5350  0.000e+00
      53173     81.000     5.5665     5.6068    0.93800    0.95627          1     1.7428     1.8252      40.72      0.606     0.3302     0.1909  1.000e-12  0.1458000     8.5948     8.7645     0.1697     0.0403     6.7694     6.9011     80.231     82.019    1440.97    1441.36     0.4127    -0.4330     4.9660    -5.2140  0.000e+00
      53188     81.500     5.9522     5.9890    1.07774    1.09187          1     1.5273     1.6161      40.26      0.778     0.3407     0.1879  1.000e-12  0.1933000     9.8690     9.9980     0.1290     0.0368     7.7526     7.8520     80.726     82.524    1444.24    1444.56     0.2158    -0.5386     2.6400    -6.6050  0.000e+00
      53206     82.000     6.1585     6.1667    1.14709    1.14935          1     1.3220     1.4080      39.71      0.780     0.3493     0.1842  1.000e-12  0.2347000    10.4926    10.5124     0.0198     0.0082     8.2309     8.2460     81.221     83.030    1445.91    1445.97     0.1612    -0.4254     1.9920    -5.2560  0.000e+00
      53231     82.500     6.2082     6.2066    1.16511    1.16428          1     1.1278     1.2016      39.14      0.577     0.3574     0.1856  1.000e-12  0.2669000    10.6552    10.6476    -0.0076    -0.0016     8.3557     8.3498     81.716     83.535    1446.34    1446.32     0.1731    -0.1983     2.1440    -2.4550  0.000e+00
      53258     83.000     6.2332     6.2331    1.17035    1.17036          1     1.0002     1.0573      38.53      0.439     0.3701     0.1987  1.000e-12  0.2453000    10.6990    10.6992     0.0001    -0.0001     8.3885     8.3886     82.211     84.040    1446.51    1446.51     0.2068    -0.0021     2.5630    -0.0260  0.000e+00
      53280     83.500     6.2368     6.2375    1.17177    1.17190          1     0.9366     0.9805      38.05      0.497     0.3869     0.1769  1.000e-12  0.2636000    10.7119    10.7130     0.0011     0.0007     8.3984     8.3992     82.706     84.545    1446.55    1446.55     0.2200     0.1013     2.7270     1.2550  0.000e+00
      53301     84.000     6.2383     6.2383    1.17224    1.17233          1     0.8945     0.9274      37.53      0.553     0.4000     0.2545  1.000e-12  0.3132000    10.7160    10.7169     0.0009     0.0001     8.4015     8.4022     83.202     85.050    1446.57    1446.57     0.2190     0.1634     2.7140     2.0260  0.000e+00
      53325     84.500     6.2427     6.2426    1.17317    1.17320          1     0.8630     0.8869      36.98      0.527     0.3921     0.2210  1.000e-12  0.3354000    10.7237    10.7240     0.0003    -0.0001     8.4072     8.4075     83.697     85.555    1446.60    1446.60     0.2087     0.2003     2.5880     2.4840  0.000e+00
      53350     85.000     6.2563     6.2560    1.17618    1.17613          1     0.8402     0.8581      36.44      0.492     0.3927     0.1936  1.000e-12  0.3628000    10.7490    10.7487    -0.0003    -0.0003     8.4263     8.4260     84.192     86.060    1446.70    1446.70     0.1944     0.2165     2.4110     2.6850  0.000e+00
      53373     85.500     6.2743     6.2742    1.17886    1.17886          1     0.8244     0.8378      35.92      0.505     0.3974     0.1786  1.000e-12  0.3462000    10.7697    10.7698     0.0000    -0.0001     8.4414     8.4414     84.687     86.565    1446.81    1446.81     0.1817     0.2181     2.2550     2.7070  0.000e+00
      53398     86.000     6.2805     6.2804    1.18043    1.18044          1     0.8120     0.8214      35.39      0.501     0.4127     0.2116  1.000e-12  0.4040000    10.7832    10.7833     0.0001    -0.0001     8.4515     8.4516     85.182     87.070    1446.86    1446.86     0.1712     0.2196     2.1250     2.7260  0.000e+00
      53425     86.500     6.2828     6.2830    1.18132    1.18145          1     0.8021     0.8084      34.86      0.453     0.3993     0.2377  1.000e-12  0.4628000    10.7912    10.7924     0.0012     0.0002     8.4577     8.4586     85.677     87.575    1446.89    1446.89     0.1635     0.2208     2.0300     2.7410  0.000e+00
      53454     87.000     6.2847     6.2846    1.18209    1.18208          1     0.7949     0.7989      34.33      0.421     0.4068     0.2369  1.000e-12  0.4780000    10.7980    10.7980    -0.0001    -0.0001     8.4629     8.4629     86.172     88.080    1446.91    1446.91     0.1558     0.2225     1.9350     2.7630  0.000e+00
      53484     87.500     6.2847     6.2848    1.18223    1.18235          1     0.7888     0.7915      33.84      0.402     0.4068     0.1815  1.000e-12  0.4773000    10.7994    10.8005     0.0011     0.0001     8.4640     8.4649     86.668     88.585    1446.92    1446.93     0.1443     0.2132     1.7920     2.6470  0.000e+00
      53516     88.000     6.2871     6.2868    1.18286    1.18284          1     0.7833     0.7847      33.31      0.384     0.4148     0.2158  1.000e-12  0.5163000    10.8047    10.8047    -0.0001    -0.0003     8.4681     8.4680     87.163     89.090    1446.95    1446.95     0.1348     0.2012     1.6740     2.4990  0.000e+00
      53549     88.500     6.2943     6.2929    1.18564    1.18538          1     0.7790     0.7791      32.82      0.361     0.4096     0.1989  1.000e-12  0.7500000    10.8298    10.8276    -0.0022    -0.0014     8.4873     8.4857     87.658     89.595    1447.02    1447.01     0.1255     0.1948     1.5590     2.4190  0.000e+00
      53571     89.000     6.2994     6.2993    1.18735    1.18746          1     0.7759     0.7758      32.40      0.437     0.4174     0.1921  1.000e-12  0.8586000    10.8450    10.8460     0.0010    -0.0001     8.4989     8.4997     88.153     90.100    1447.07    1447.07     0.1217     0.1852     1.5120     2.3010  0.000e+00
      53588     89.500     6.2990     6.2989    1.18739    1.18753          1     0.7747     0.7731      31.98      0.576     0.4180     0.2367  1.000e-12  0.8724000    10.8454    10.8468     0.0014    -0.0001     8.4992     8.5004     88.648     90.605    1447.07    1447.07     0.1209     0.1815     1.5030     2.2550  0.000e+00
      53604     90.000     6.3003     6.2999    1.18765    1.18776          1     0.7732     0.7711      31.51      0.698     0.4105     0.2463  1.000e-12  0.9000000    10.8474    10.8486     0.0012    -0.0004     8.5008     8.5017     89.143     91.110    1447.09    1447.09     0.1156     0.1834     1.4360     2.2790  0.000e+00
      53620     90.500     6.3167     6.3156    1.19189    1.19181          1     0.7715     0.7698      30.98      0.748     0.4068     0.2607  1.000e-12  0.9632000    10.8840    10.8835    -0.0005    -0.0012     8.5284     8.5281     89.638     91.615    1447.21    1447.21     0.1130     0.1809     1.4050     2.2500  0.000e+00
      53642     91.000     6.3278     6.3265    1.19438    1.19436          1     0.7701     0.7677      30.44      0.666     0.4072     0.2393  1.000e-12  1.6369000    10.9050    10.9051     0.0002    -0.0013     8.5441     8.5444     90.134     92.120    1447.29    1447.29     0.1119     0.1772     1.3920     2.2040  0.000e+00
      53680     91.500     6.3350     6.3270    1.19589    1.19424          1     0.7679     0.7645      29.69      0.356     0.4238     0.2380  1.000e-12  2.2454000    10.9174    10.9037    -0.0137    -0.0080     8.5534     8.5432     90.629     92.625    1447.35    1447.30     0.1076     0.1703     1.3380     2.1180  0.000e+00
      53723     92.000     6.3587     6.3499    1.20113    1.19942          1     0.7658     0.7613      29.18      0.254     0.4303     0.2202  1.000e-12  2.4014000    10.9614    10.9474    -0.0140    -0.0088     8.5864     8.5759     91.124     93.130    1447.51    1447.46     0.1022     0.1629     1.2730     2.0280  0.000e+00
      53745     92.500     6.3745     6.3742    1.20519    1.20540          1     0.7647     0.7602      28.86      0.420     0.4287     0.2373  1.000e-12  2.3481000    10.9963    10.9985     0.0022    -0.0003     8.6127     8.6145     91.619     93.635    1447.63    1447.63     0.1007     0.1633     1.2550     2.0350  0.000e+00
      53764     93.000     6.3857     6.3855    1.20802    1.20826          1     0.7640     0.7590      28.39      0.562     0.4065     0.2150  1.000e-12  2.1778000    11.0205    11.0230     0.0025    -0.0002     8.6310     8.6330     92.114     94.139    1447.71    1447.72     0.0980     0.1582     1.2220     1.9720  0.000e+00
      53784     93.500     6.4096     6.4090    1.21397    1.21419          1     0.7632     0.7579      27.88      0.623     0.4160     0.1947  1.000e-12  1.8842000    11.0713    11.0737     0.0024    -0.0006     8.6693     8.6712     92.609     94.644    1447.89    1447.89     0.0982     0.1578     1.2250     1.9690  0.000e+00
      53804     94.000     6.4221     6.4219    1.21653    1.21673          1     0.7627     0.7572      27.43      0.612     0.4184     0.1744  1.000e-12  1.6189000    11.0924    11.0945     0.0020    -0.0001     8.6850     8.6866     93.104     95.149    1447.97    1447.98     0.0966     0.1596     1.2060     1.9930  0.000e+00
      53828     94.500     6.4268     6.4264    1.21758    1.21768          1     0.7621     0.7565      26.83      0.556     0.4245     0.1869  1.000e-12  1.3778000    11.1012    11.1023     0.0011    -0.0004     8.6915     8.6924     93.599     95.654    1448.01    1448.01     0.0958     0.1579     1.1960     1.9720  0.000e+00
      53909     95.000     6.4203     6.4121    1.21611    1.21439          1     0.7604     0.7543      26.09      0.170     0.4264     0.2025  1.000e-12  1.2244000    11.0887    11.0744    -0.0143    -0.0082     8.6822     8.6715     94.095     96.159    1447.98    1447.93     0.0908     0.1516     1.1330     1.8920  0.000e+00
      53944     95.500     6.4235     6.4106    1.21681    1.21417          1     0.7595     0.7534      25.79      0.371     0.4303     0.2036  1.000e-12  1.2409000    11.0945    11.0726    -0.0219    -0.0129     8.6865     8.6702     94.590     96.664    1448.00    1447.93     0.0878     0.1455     1.0960     1.8160  0.000e+00
      53954     96.000     6.4363     6.4324    1.21941    1.21899          1     0.7591     0.7531      25.50      0.647     0.4216     0.2054  1.000e-12  1.2529000    11.1159    11.1130    -0.0029    -0.0039     8.7024     8.7004     95.085     97.169    1448.09    1448.08     0.0890     0.1463     1.1110     1.8270  0.000e+00
      53963     96.500     6.4389     6.4385    1.21999    1.22009          1     0.7593     0.7523      25.11      0.885     0.4154     0.2072  1.000e-12  1.2568000    11.1206    11.1217     0.0011    -0.0004     8.7060     8.7069     95.580     97.674    1448.12    1448.12     0.0897     0.1445     1.1210     1.8040  0.000e+00
      53971     97.000     6.4403     6.4400    1.22030    1.22042          1     0.7590     0.7522      24.71      1.091     0.4164     0.2437  1.000e-12  1.2541000    11.1231    11.1244     0.0013    -0.0002     8.7078     8.7089     96.075     98.179    1448.14    1448.14     0.0886     0.1454     1.1060     1.8160  0.000e+00
      53979     97.500     6.4429     6.4425    1.22064    1.22073          1     0.7592     0.7522      24.23      1.262     0.4075     0.2574  1.000e-12  1.1118000    11.1256    11.1266     0.0010    -0.0004     8.7096     8.7104     96.570     98.683    1448.16    1448.16     0.0890     0.1472     1.1110     1.8390  0.000e+00
      53988     98.000     6.4464     6.4465    1.22136    1.22153          1     0.7585     0.7521      23.74      1.381     0.4068     0.2561  1.000e-12  1.0891000    11.1315    11.1331     0.0016     0.0001     8.7140     8.7152     97.065     99.188    1448.19    1448.19     0.0871     0.1457     1.0880     1.8210  0.000e+00
      54000     98.500     6.4565     6.4566    1.22312    1.22329          1     0.7585     0.7516      23.12      1.383     0.4107     0.1417  1.000e-12  1.0228000    11.1454    11.1470     0.0016     0.0001     8.7242     8.7255     97.560     99.693    1448.26    1448.26     0.0875     0.1437     1.0940     1.7960  0.000e+00
      54083     99.000     6.4498     6.4520    1.22178    1.22245          1     0.7573     0.7494      22.35      0.832     0.4174     0.1478  1.000e-12  1.0717000    11.1342    11.1402     0.0060     0.0022     8.7159     8.7204     98.055    100.198    1448.22    1448.24     0.0846     0.1389     1.0570     1.7360  0.000e+00
      54140     99.500     6.4672     6.4688    1.22503    1.22544          1     0.7570     0.7485      21.95      0.835     0.4179     0.1921  1.000e-12  1.2006000    11.1605    11.1640     0.0036     0.0016     8.7353     8.7380     98.550    100.703    1448.34    1448.35     0.0836     0.1405     1.0460     1.7570  0.000e+00
      54148    100.000     6.4758     6.4757    1.22701    1.22724          1     0.7564     0.7485      21.51      1.024     0.4226     0.1923  1.000e-12  1.1362000    11.1772    11.1794     0.0023    -0.0001     8.7478     8.7496     99.046    101.208    1448.40    1448.40     0.0811     0.1389     1.0140     1.7380  0.000e+00
      54158    100.500     6.4834     6.4834    1.22882    1.22898          1     0.7566     0.7485      21.04      1.146     0.4298     0.2345  1.000e-12  1.0173000    11.1924    11.1940     0.0016     0.0001     8.7593     8.7605     99.541    101.713    1448.46    1448.46     0.0814     0.1357     1.0180     1.6980  0.000e+00
      54169    101.000     6.4862     6.4859    1.22945    1.22959          1     0.7558     0.7478      20.52      1.198     0.4271     0.2325  1.000e-12  1.0142000    11.1976    11.1991     0.0015    -0.0003     8.7632     8.7643    100.036    102.217    1448.49    1448.49     0.0796     0.1315     0.9960     1.6450  0.000e+00
