ctdpy/tests/etc/exprapp_feb_2020/SBE09_1387_20200203_0935_77_10_0101.cnv
* Sea-Bird SBE 9 Data File:
* FileName = L:\2020\sv20d0101.hex
* Software Version Seasave V 7.26.7.121
* Temperature SN = 6378
* Conductivity SN = 4824
* Number of Bytes Per Scan = 41
* Number of Voltage Words = 4
* Number of Scans Averaged by the Deck Unit = 1
* NMEA Latitude = 57 39.46 N
* NMEA Longitude = 008 50.45 E
* NMEA UTC (Time) = Feb 03 2020  09:35:53
* NMEA baud rate = 4800
** Station:  31N Hanstholm
** Operator:  A-KTh
** Ship: SVEA
** Average sound velocity: 1479.54 m/s
** True-depth calculation Mon, 03 Feb 2020 10:25:09 +0000
** CTD Python Module SMHI /ver 3-12/ feb 2012 
** LIMS Job: 20207710-0101
** Cruise: SMHI-02-2020
** Latitude [GG MM.mm N] :
** Longitude [GGG MM.mm E]:
# nquan = 30
# nvalues = 178                         
# units = specified
# name 0 = scan: Scan Count
# name 1 = prDM: Pressure, Digiquartz [db]
# name 2 = t090C: Temperature [ITS-90, deg C]
# name 3 = t190C: Temperature, 2 [ITS-90, deg C]
# name 4 = c0S/m: Conductivity [S/m]
# name 5 = c1S/m: Conductivity, 2 [S/m]
# name 6 = pumps: Pump Status
# name 7 = sbeox0V: Oxygen raw, SBE 43 [V]
# name 8 = sbeox1V: Oxygen raw, SBE 43, 2 [V]
# name 9 = altM: Altimeter [m]
# name 10 = dz/dtM: Descent Rate [m/s]
# name 11 = flECO-AFL: Chl-a Fluorescence, WET Labs ECO-AFL/FL [mg/m^3]
# name 12 = flECO-AFL1: Phycocyanin Fluorescence, WET Labs ECO-AFL/FL, 2 [mg/m^3]
# name 13 = par: PAR/Irradiance, Biospherical/Lico [µE/(cm^2*s)]
# name 14 = turbWETntu0: Turbidity, WET Labs ECO [NTU]
# name 15 = sal00: Salinity, Practical [PSU]
# name 16 = sal11: Salinity, Practical, 2 [PSU]
# name 17 = secS-priS: Salinity, Practical, Difference, 2 - 1 [PSU]
# name 18 = T2-T190C: Temperature Difference, 2 - 1 [ITS-90, deg C]
# name 19 = sigma-t00: Density [sigma-t, kg/m^3 ]
# name 20 = sigma-t11: Density, 2 [sigma-t, kg/m^3 ]
# name 21 = depSM: Depth [salt water, m], lat = 57.6577
# name 22 = depFM: Depth [true depth, m], lat = 57.6577
# name 23 = svCM: Sound Velocity [Chen-Millero, m/s]
# name 24 = svCM1: Sound Velocity, 2 [Chen-Millero, m/s]
# name 25 = sbeox0ML/L: Oxygen, SBE 43 [ml/l], WS = 2
# name 26 = sbeox1ML/L: Oxygen, SBE 43, 2 [ml/l], WS = 2
# name 27 = sbeox0PS: Oxygen, SBE 43 [% saturation], WS = 2
# name 28 = sbeox1PS: Oxygen, SBE 43, 2 [% saturation], WS = 2
# name 29 = flag: flag
# span 0 =      23198,      30081       
# span 1 =      0.500,     90.000       
# span 2 =     6.5132,     7.2447       
# span 3 =     6.5130,     7.2447       
# span 4 =   3.340883,   3.531797       
# span 5 =   3.340753,   3.531635       
# span 6 =          1,          1       
# span 7 =     3.5175,     3.5701       
# span 8 =     3.2726,     3.3163       
# span 9 =       1.49,      89.33       
# span 10 =     -0.354,      0.595      
# span 11 =     0.4138,     0.7144      
# span 12 =     0.1630,     0.3285      
# span 13 = -3.811e-08, 4.0573e+02      
# span 14 =     0.2208,     2.0486      
# span 15 =    33.4098,    34.7515      
# span 16 =    33.4086,    34.7498      
# span 17 =    -0.0054,     0.2081      
# span 18 =    -0.0060,     0.1034      
# span 19 =    26.2307,    27.1906      
# span 20 =    26.2299,    27.1893      
# span 21 =      0.495,     89.149      
# span 22 =      0.496,     89.254      
# span 23 =    1474.79,    1483.88      
# span 24 =    1474.78,    1483.88      
# span 25 =     6.2513,     6.4888      
# span 26 =     6.3416,     6.5820      
# span 27 =     92.881,     94.227      
# span 28 =     94.218,     95.507      
# span 29 = 0.0000e+00, 0.0000e+00      
# interval = decibars: 0.5              
# start_time = Feb 03 2020 09:35:54 [NMEA time, first data scan]
# bad_flag = -9.990e-29
*END*
[from data line 146]
      27198     73.500     7.2261     7.2259    3.52306    3.52293          1     3.5235     3.2797      17.98      0.594     0.4899     0.2263  1.000e-12  0.9447000    34.6753    34.6740    -0.0012    -0.0003    27.1314    27.1304     72.808     72.892    1480.33    1480.33     6.2559     6.3467    92.9470    94.2950  0.000e+00
      27219     74.000     7.2264     7.2262    3.52310    3.52297          1     3.5227     3.2798      17.49      0.595     0.4797     0.2424  1.000e-12  0.8424000    34.6751    34.6739    -0.0012    -0.0002    27.1312    27.1303     73.303     73.388    1480.34    1480.34     6.2559     6.3530    92.9460    94.3880  0.000e+00
      27246     74.500     7.2265     7.2264    3.52313    3.52300          1     3.5227     3.2809      17.00      0.498     0.4779     0.2626  1.000e-12  0.8658000    34.6751    34.6738    -0.0013    -0.0001    27.1311    27.1302     73.798     73.883    1480.35    1480.35     6.2586     6.3559    92.9870    94.4330  0.000e+00
      27276     75.000     7.2266     7.2265    3.52315    3.52304          1     3.5225     3.2809      16.46      0.405     0.4638     0.2642  1.000e-12  1.2603000    34.6750    34.6739    -0.0011    -0.0001    27.1311    27.1302     74.294     74.379    1480.36    1480.35     6.2593     6.3495    92.9980    94.3380  0.000e+00
      27302     75.500     7.2269     7.2267    3.52321    3.52309          1     3.5233     3.2804      15.99      0.427     0.4534     0.2676  1.000e-12  0.7661000    34.6751    34.6740    -0.0011    -0.0002    27.1311    27.1303     74.789     74.875    1480.37    1480.36     6.2648     6.3495    93.0810    94.3370  0.000e+00
      27324     76.000     7.2270     7.2267    3.52326    3.52312          1     3.5238     3.2807      15.54      0.503     0.4540     0.2959  1.000e-12  0.7357000    34.6753    34.6741    -0.0012    -0.0003    27.1312    27.1303     75.284     75.371    1480.37    1480.37     6.2631     6.3559    93.0560    94.4330  0.000e+00
      27344     76.500     7.2270     7.2268    3.52329    3.52316          1     3.5236     3.2811      15.07      0.564     0.5208     0.3285  1.000e-12  0.8791000    34.6754    34.6742    -0.0012    -0.0002    27.1313    27.1304     75.779     75.867    1480.38    1480.38     6.2606     6.3560    93.0180    94.4350  0.000e+00
      27366     77.000     7.2271     7.2269    3.52331    3.52315          1     3.5232     3.2812      14.56      0.574     0.4805     0.3263  1.000e-12  0.8124000    34.6753    34.6738    -0.0016    -0.0002    27.1312    27.1300     76.274     76.362    1480.39    1480.39     6.2589     6.3524    92.9940    94.3810  0.000e+00
      27390     77.500     7.2271     7.2270    3.52334    3.52322          1     3.5226     3.2805      14.07      0.535     0.4805     0.2693  1.000e-12  1.2415000    34.6754    34.6742    -0.0011    -0.0002    27.1313    27.1304     76.770     76.858    1480.40    1480.40     6.2584     6.3465    92.9860    94.2940  0.000e+00
      27416     78.000     7.2271     7.2270    3.52336    3.52324          1     3.5224     3.2798      13.55      0.474     0.4629     0.2598  1.000e-12  0.9579000    34.6753    34.6741    -0.0012    -0.0001    27.1312    27.1303     77.265     77.354    1480.41    1480.41     6.2604     6.3490    93.0160    94.3310  0.000e+00
      27442     78.500     7.2271     7.2270    3.52338    3.52324          1     3.5221     3.2795      13.04      0.454     0.4724     0.2596  1.000e-12  0.8076000    34.6752    34.6739    -0.0013    -0.0001    27.1311    27.1301     77.760     77.850    1480.42    1480.41     6.2577     6.3491    92.9760    94.3330  0.000e+00
      27466     79.000     7.2272     7.2271    3.52339    3.52326          1     3.5214     3.2795      12.55      0.479     0.5042     0.2381  1.000e-12  0.7408000    34.6750    34.6738    -0.0012    -0.0002    27.1309    27.1300     78.255     78.346    1480.42    1480.42     6.2569     6.3487    92.9640    94.3260  0.000e+00
      27491     79.500     7.2273     7.2271    3.52342    3.52329          1     3.5211     3.2787      12.06      0.497     0.4581     0.2394  1.000e-12  0.7256000    34.6750    34.6738    -0.0013    -0.0002    27.1310    27.1300     78.750     78.842    1480.43    1480.43     6.2570     6.3505    92.9650    94.3530  0.000e+00
      27515     80.000     7.2273     7.2271    3.52346    3.52334          1     3.5205     3.2796      11.57      0.490     0.4671     0.2628  1.000e-12  0.6628000    34.6752    34.6741    -0.0011    -0.0002    27.1311    27.1303     79.246     79.337    1480.44    1480.44     6.2560     6.3567    92.9510    94.4460  0.000e+00
      27538     80.500     7.2274     7.2272    3.52350    3.52337          1     3.5202     3.2797      11.07      0.500     0.4611     0.2795  1.000e-12  0.7755000    34.6753    34.6741    -0.0012    -0.0002    27.1312    27.1303     79.741     79.833    1480.45    1480.45     6.2555     6.3534    92.9430    94.3960  0.000e+00
      27560     81.000     7.2274     7.2272    3.52353    3.52341          1     3.5196     3.2796      10.62      0.532     0.4606     0.2633  1.000e-12  0.7827000    34.6755    34.6742    -0.0012    -0.0001    27.1313    27.1304     80.236     80.329    1480.46    1480.46     6.2529     6.3507    92.9050    94.3570  0.000e+00
      27583     81.500     7.2275     7.2273    3.52355    3.52339          1     3.5187     3.2792      10.12      0.541     0.4607     0.2376  1.000e-12  0.7918000    34.6753    34.6737    -0.0016    -0.0001    27.1312    27.1300     80.731     80.825    1480.47    1480.46     6.2513     6.3535    92.8810    94.3990  0.000e+00
      27609     82.000     7.2275     7.2274    3.52357    3.52345          1     3.5183     3.2796       9.58      0.495     0.4490     0.2278  1.000e-12  0.8039000    34.6752    34.6741    -0.0012    -0.0002    27.1311    27.1302     81.226     81.321    1480.48    1480.47     6.2546     6.3561    92.9300    94.4370  0.000e+00
      27635     82.500     7.2276     7.2274    3.52359    3.52349          1     3.5181     3.2795       9.07      0.454     0.4493     0.2399  1.000e-12  0.8928000    34.6752    34.6741    -0.0010    -0.0001    27.1311    27.1303     81.721     81.816    1480.48    1480.48     6.2544     6.3494    92.9280    94.3380  0.000e+00
      27660     83.000     7.2276     7.2274    3.52365    3.52352          1     3.5187     3.2787       8.58      0.465     0.4602     0.2883  1.000e-12  0.8785000    34.6756    34.6742    -0.0014    -0.0001    27.1314    27.1303     82.217     82.312    1480.49    1480.49     6.2594     6.3495    93.0020    94.3390  0.000e+00
      27686     83.500     7.2277     7.2275    3.52367    3.52356          1     3.5190     3.2782       8.08      0.472     0.4715     0.2484  1.000e-12  0.8234000    34.6754    34.6744    -0.0011    -0.0002    27.1312    27.1304     82.712     82.808    1480.50    1480.50     6.2592     6.3448    93.0000    94.2700  0.000e+00
      27720     84.000     7.2277     7.2277    3.52369    3.52356          1     3.5199     3.2769       7.51      0.384     0.4653     0.2759  1.000e-12  0.7806000    34.6754    34.6739    -0.0014    -0.0000    27.1312    27.1301     83.207     83.304    1480.51    1480.51     6.2629     6.3432    93.0550    94.2470  0.000e+00
      27767     84.500     7.2277     7.2277    3.52372    3.52358          1     3.5202     3.2771       6.96      0.256     0.4537     0.2320  1.000e-12  0.7260000    34.6754    34.6739    -0.0015     0.0000    27.1312    27.1300     83.702     83.800    1480.52    1480.51     6.2585     6.3579    92.9890    94.4640  0.000e+00
      27808     85.000     7.2278     7.2277    3.52373    3.52362          1     3.5192     3.2785       6.49      0.284     0.4544     0.2560  1.000e-12  0.7856000    34.6752    34.6740    -0.0012    -0.0001    27.1310    27.1301     84.197     84.296    1480.53    1480.52     6.2569     6.3553    92.9650    94.4260  0.000e+00
      27850     85.500     7.2279     7.2278    3.52378    3.52364          1     3.5180     3.2780       5.99      0.296     0.4569     0.2753  1.000e-12  0.6810000    34.6753    34.6739    -0.0014    -0.0001    27.1311    27.1300     84.693     84.791    1480.53    1480.53     6.2538     6.3479    92.9190    94.3170  0.000e+00
      27919     86.000     7.2279     7.2278    3.52381    3.52368          1     3.5180     3.2773       5.42      0.174     0.4496     0.2260  1.000e-12  0.6702000    34.6755    34.6741    -0.0014    -0.0001    27.1313    27.1302     85.188     85.287    1480.54    1480.54     6.2585     6.3489    92.9890    94.3310  0.000e+00
      27973     86.500     7.2280     7.2279    3.52384    3.52371          1     3.5189     3.2765       4.97      0.240     0.4360     0.2532  1.000e-12  0.6505000    34.6755    34.6741    -0.0013    -0.0000    27.1312    27.1302     85.683     85.783    1480.55    1480.55     6.2610     6.3442    93.0260    94.2620  0.000e+00
      28049     87.000     7.2280     7.2279    3.52387    3.52373          1     3.5188     3.2726       4.43      0.155     0.4548     0.2741  1.000e-12  0.6423000    34.6755    34.6741    -0.0014    -0.0001    27.1313    27.1301     86.178     86.279    1480.56    1480.56     6.2604     6.3436    93.0180    94.2530  0.000e+00
      28144     87.500     7.2281     7.2280    3.52389    3.52374          1     3.5183     3.2747       3.94      0.140     0.4679     0.2336  1.000e-12  0.7143000    34.6755    34.6739    -0.0015    -0.0001    27.1312    27.1300     86.673     86.775    1480.57    1480.57     6.2588     6.3477    92.9950    94.3140  0.000e+00
      28218     88.000     7.2279     7.2280    3.52386    3.52377          1     3.5208     3.2752       3.29      0.237     0.5230     0.2549  1.000e-12  1.2025000    34.6751    34.6739    -0.0011     0.0001    27.1309    27.1301     87.169     87.270    1480.57    1480.57     6.2695     6.3536    93.1530    94.4010  0.000e+00
      28361     88.500     7.2283     7.2282    3.52387    3.52372          1     3.5175     3.2749       2.95      0.143     0.4496     0.2636  1.000e-12  0.6866000    34.6746    34.6730    -0.0016    -0.0001    27.1305    27.1292     87.664     87.766    1480.58    1480.58     6.2589     6.3486    92.9950    94.3280  0.000e+00
      30081     90.000     7.2447     7.2447    3.53180    3.53164          1     3.5247     3.2833       1.49     -0.006     0.4552     0.2393  1.002e-12  0.5720000    34.7515    34.7498    -0.0017    -0.0001    27.1906    27.1893     89.149     89.254    1483.88    1483.88     6.2720     6.3683    93.1910    94.6200  0.000e+00
