ctdpy/tests/etc/exprapp_feb_2020/SBE09_1387_20200207_1442_77_10_0122.cnv
* Sea-Bird SBE 9 Data File:
* FileName = L:\2020\sv20d0122.hex
* Software Version Seasave V 7.26.7.121
* Temperature SN = 6378
* Conductivity SN = 4824
* Number of Bytes Per Scan = 41
* Number of Voltage Words = 4
* Number of Scans Averaged by the Deck Unit = 1
* NMEA Latitude = 56 40.11 N
* NMEA Longitude = 012 06.64 E
* NMEA UTC (Time) = Feb 07 2020  14:42:29
* NMEA baud rate = 4800
** Station:  Anholt E
** Operator:  DBSj/SSip
** Ship: SVEA
** Average sound velocity: 1471.50 m/s
** True-depth calculation Fri, 07 Feb 2020 16:43:40 +0000
** CTD Python Module SMHI /ver 3-12/ feb 2012 
** LIMS Job: 20207710-0122
** Cruise: SMHI-03-2020
** Latitude [GG MM.mm N] :
** Longitude [GGG MM.mm E]:
# nquan = 30
# nvalues = 118                         
# units = specified
# name 0 = scan: Scan Count
# name 1 = prDM: Pressure, Digiquartz [db]
# name 2 = t090C: Temperature [ITS-90, deg C]
# name 3 = t190C: Temperature, 2 [ITS-90, deg C]
# name 4 = c0S/m: Conductivity [S/m]
# name 5 = c1S/m: Conductivity, 2 [S/m]
# name 6 = pumps: Pump Status
# name 7 = sbeox0V: Oxygen raw, SBE 43 [V]
# name 8 = sbeox1V: Oxygen raw, SBE 43, 2 [V]
# name 9 = altM: Altimeter [m]
# name 10 = dz/dtM: Descent Rate [m/s]
# name 11 = flECO-AFL: Chl-a Fluorescence, WET Labs ECO-AFL/FL [mg/m^3]
# name 12 = flECO-AFL1: Phycocyanin Fluorescence, WET Labs ECO-AFL/FL, 2 [mg/m^3]
# name 13 = par: PAR/Irradiance, Biospherical/Lico [µE/(cm^2*s)]
# name 14 = turbWETntu0: Turbidity, WET Labs ECO [NTU]
# name 15 = sal00: Salinity, Practical [PSU]
# name 16 = sal11: Salinity, Practical, 2 [PSU]
# name 17 = secS-priS: Salinity, Practical, Difference, 2 - 1 [PSU]
# name 18 = T2-T190C: Temperature Difference, 2 - 1 [ITS-90, deg C]
# name 19 = sigma-t00: Density [sigma-t, kg/m^3 ]
# name 20 = sigma-t11: Density, 2 [sigma-t, kg/m^3 ]
# name 21 = depSM: Depth [salt water, m], lat = 56.6685
# name 22 = depFM: Depth [true depth, m], lat = 56.6685
# name 23 = svCM: Sound Velocity [Chen-Millero, m/s]
# name 24 = svCM1: Sound Velocity, 2 [Chen-Millero, m/s]
# name 25 = sbeox0ML/L: Oxygen, SBE 43 [ml/l], WS = 2
# name 26 = sbeox1ML/L: Oxygen, SBE 43, 2 [ml/l], WS = 2
# name 27 = sbeox0PS: Oxygen, SBE 43 [% saturation], WS = 2
# name 28 = sbeox1PS: Oxygen, SBE 43, 2 [% saturation], WS = 2
# name 29 = flag: flag
# span 0 =      62032,      66313       
# span 1 =      2.000,     60.500       
# span 2 =     5.2062,     7.6819       
# span 3 =     5.2061,     7.6819       
# span 4 =   2.516728,   3.352257       
# span 5 =   2.516765,   3.352186       
# span 6 =          1,          1       
# span 7 =     3.1839,     3.6550       
# span 8 =     2.9724,     3.4031       
# span 9 =       1.75,      97.88       
# span 10 =     -0.070,      0.441      
# span 11 =     0.2932,     1.8175      
# span 12 =     0.1665,     0.5079      
# span 13 = -6.969e-05, 6.8399e+00      
# span 14 =     0.3255,     2.1685      
# span 15 =    25.4062,    32.5993      
# span 16 =    25.4067,    32.5986      
# span 17 =    -0.0067,     0.1045      
# span 18 =    -0.0107,     0.0469      
# span 19 =    20.0602,    25.4656      
# span 20 =    20.0607,    25.4650      
# span 21 =      1.982,     59.937      
# span 22 =      1.997,     60.212      
# span 23 =    1459.43,    1478.42      
# span 24 =    1459.43,    1478.42      
# span 25 =     5.4515,     7.2736      
# span 26 =     5.4799,     7.3855      
# span 27 =     80.511,     97.129      
# span 28 =     80.625,     98.493      
# span 29 = 0.0000e+00, 0.0000e+00      
# interval = decibars: 0.5              
# start_time = Feb 07 2020 14:42:29 [NMEA time, first data scan]
# bad_flag = -9.990e-29
*END*
[from data line 49]
      63987     26.500     7.0100     7.0172    3.12836    3.13119          1     3.3884     3.1596      35.64      0.427     0.5469     0.2482  1.000e-12  0.5454000    30.6058    30.6301     0.0242     0.0072    23.9580    23.9761     26.256     26.433    1473.64    1473.70     6.0054     6.0366    86.4410    86.9170  0.000e+00
      64016     27.000     7.1252     7.1321    3.17299    3.17575          1     3.3669     3.1388      35.10      0.423     0.4239     0.2267  1.000e-12  0.4902000    30.9854    31.0091     0.0237     0.0069    24.2416    24.2593     26.751     26.931    1474.57    1474.63     5.9655     6.0120    86.3100    87.0100  0.000e+00
      64045     27.500     7.1512     7.1513    3.19530    3.19574          1     3.3556     3.1278      34.99      0.415     0.3590     0.2188  1.000e-12  0.4966000    31.2031    31.2076     0.0045     0.0001    24.4093    24.4129     27.246     27.428    1474.95    1474.96     5.9682     6.0415    86.5250    87.5900  0.000e+00
      64075     28.000     7.1639     7.1648    3.20951    3.21059          1     3.3508     3.1230      59.15      0.406     0.3605     0.2166  1.000e-12  0.6128000    31.3449    31.3558     0.0109     0.0009    24.5192    24.5276     27.742     27.925    1475.19    1475.20     5.9560     6.0298    86.4530    87.5330  0.000e+00
      64105     28.500     7.1671     7.1690    3.22374    3.22437          1     3.3438     3.1161      33.53      0.396     0.3773     0.1901  1.000e-12  0.5371000    31.4957    31.5008     0.0051     0.0019    24.6374    24.6411     28.237     28.422    1475.39    1475.41     5.9263     5.9978    86.1130    87.1590  0.000e+00
      64134     29.000     7.2162     7.2175    3.23562    3.23583          1     3.3368     3.1097      33.11      0.413     0.3636     0.2782  1.000e-12  0.5719000    31.5791    31.5802     0.0011     0.0012    24.6965    24.6972     28.732     28.919    1475.70    1475.70     5.9050     5.9776    85.9490    87.0080  0.000e+00
      64162     29.500     7.2322     7.2345    3.23870    3.23908          1     3.3321     3.1046      32.59      0.428     0.3693     0.2543  1.000e-12  0.5996000    31.5977    31.5996     0.0020     0.0023    24.7089    24.7101     29.228     29.416    1475.79    1475.80     5.9003     5.9744    85.9210    87.0060  0.000e+00
      64191     30.000     7.2411     7.2407    3.24112    3.24052          1     3.3286     3.1018      32.10      0.414     0.3364     0.2140  1.000e-12  0.6086000    31.6154    31.6093    -0.0061    -0.0004    24.7216    24.7169     29.723     29.913    1475.85    1475.85     5.8965     5.9816    85.8940    87.1300  0.000e+00
      64222     30.500     7.2427     7.2433    3.24142    3.24159          1     3.3271     3.1001      31.61      0.392     0.3284     0.2466  1.000e-12  0.5951000    31.6169    31.6182     0.0013     0.0006    24.7227    24.7236     30.219     30.410    1475.87    1475.87     5.9010     5.9811    85.9650    87.1330  0.000e+00
      64251     31.000     7.2414     7.2421    3.24263    3.24241          1     3.3277     3.1003      31.10      0.400     0.3276     0.2428  1.000e-12  0.6201000    31.6310    31.6280    -0.0030     0.0007    24.7339    24.7314     30.714     30.907    1475.89    1475.89     5.9133     6.0064    86.1480    87.5040  0.000e+00
      64281     31.500     7.2377     7.2379    3.24416    3.24402          1     3.3311     3.1043      30.57      0.412     0.3350     0.2440  1.000e-12  0.5990000    31.6506    31.6489    -0.0017     0.0002    24.7498    24.7484     31.209     31.404    1475.91    1475.91     5.9296     6.0300    86.3900    87.8520  0.000e+00
      64310     32.000     7.2258     7.2255    3.24701    3.24699          1     3.3365     3.1090      30.17      0.413     0.3174     0.2600  1.000e-12  0.5887000    31.6922    31.6922     0.0000    -0.0003    24.7841    24.7841     31.705     31.901    1475.92    1475.92     5.9526     6.0484    86.7250    88.1200  0.000e+00
      64338     32.500     7.2154     7.2156    3.24870    3.24858          1     3.3436     3.1140      29.74      0.419     0.3227     0.2049  1.000e-12  0.6057000    31.7197    31.7182    -0.0015     0.0001    24.8071    24.8059     32.200     32.398    1475.93    1475.92     5.9635     6.0545    86.8790    88.2040  0.000e+00
      64367     33.000     7.2084     7.2089    3.25537    3.25606          1     3.3472     3.1175      29.27      0.420     0.3392     0.2138  1.000e-12  0.6019000    31.7981    31.8051     0.0070     0.0005    24.8697    24.8752     32.695     32.895    1476.00    1476.01     5.9599     6.0479    86.8560    88.1440  0.000e+00
      64396     33.500     7.2396     7.2426    3.26878    3.27024          1     3.3435     3.1136      28.62      0.417     0.3461     0.2544  1.000e-12  0.6186000    31.9141    31.9272     0.0130     0.0030    24.9568    24.9666     33.191     33.392    1476.28    1476.31     5.8278     5.8638    85.0560    85.5940  0.000e+00
      64425     34.000     7.2937     7.2969    3.28229    3.28303          1     3.2923     3.0709      28.07      0.406     0.3172     0.2063  1.000e-12  0.5922000    32.0100    32.0151     0.0050     0.0032    25.0249    25.0284     33.686     33.888    1476.62    1476.64     5.5722     5.5613    81.4780    81.3270  0.000e+00
      64454     34.500     7.4983     7.5204    3.31230    3.31568          1     3.2383     3.0236      27.60      0.413     0.3164     0.2231  1.000e-12  0.6541000    32.1438    32.1597     0.0159     0.0221    25.1019    25.1114     34.181     34.385    1477.58    1477.69     5.4755     5.4799    80.5110    80.6250  0.000e+00
      64482     35.000     7.6805     7.6808    3.33542    3.33543          1     3.2055     2.9936      27.19      0.425     0.3158     0.2207  1.000e-12  0.9504000    32.2235    32.2233    -0.0002     0.0003    25.1393    25.1391     34.677     34.882    1478.39    1478.39     5.4515     5.4908    80.5340    81.1150  0.000e+00
      64511     35.500     7.6819     7.6819    3.33627    3.33618          1     3.1884     2.9772      26.61      0.417     0.2998     0.2295  1.000e-12  1.1093000    32.2310    32.2300    -0.0010    -0.0000    25.1450    25.1442     35.172     35.379    1478.41    1478.41     5.4683     5.5335    80.7890    81.7510  0.000e+00
      64540     36.000     7.6747     7.6741    3.33672    3.33662          1     3.1839     2.9724      26.09      0.417     0.3037     0.2832  1.000e-12  1.1189000    32.2422    32.2417    -0.0005    -0.0006    25.1548    25.1545     35.667     35.876    1478.41    1478.40     5.4973     5.5895    81.2100    82.5700  0.000e+00
      64569     36.500     7.6542     7.6534    3.33638    3.33608          1     3.1866     2.9755      25.65      0.421     0.3253     0.2572  1.000e-12  1.1341000    32.2574    32.2549    -0.0024    -0.0008    25.1696    25.1678     36.163     36.372    1478.35    1478.35     5.5281     5.6318    81.6350    83.1630  0.000e+00
      64598     37.000     7.6260     7.6232    3.33459    3.33413          1     3.1938     2.9814      25.17      0.405     0.3111     0.2939  1.000e-12  1.0813000    32.2641    32.2617    -0.0023    -0.0028    25.1788    25.1774     36.658     36.869    1478.26    1478.25     5.5596     5.6633    82.0510    83.5750  0.000e+00
      64626     37.500     7.6022     7.6017    3.33228    3.33219          1     3.2017     2.9880      24.65      0.420     0.3015     0.2532  1.000e-12  1.0783000    32.2612    32.2606    -0.0006    -0.0005    25.1799    25.1795     37.153     37.366    1478.17    1478.17     5.5778     5.6799    82.2730    83.7780  0.000e+00
      64653     38.000     7.5823     7.5798    3.33065    3.33026          1     3.2071     2.9926      24.10      0.441     0.3104     0.1713  1.000e-12  1.0895000    32.2618    32.2600    -0.0018    -0.0025    25.1832    25.1821     37.649     37.863    1478.11    1478.10     5.5842     5.6777    82.3310    83.7040  0.000e+00
      64682     38.500     7.5745     7.5696    3.32999    3.32941          1     3.2112     2.9947      23.62      0.429     0.3058     0.2276  1.000e-12  1.0771000    32.2618    32.2601    -0.0017    -0.0048    25.1842    25.1835     38.144     38.359    1478.09    1478.07     5.5891     5.6767    82.3880    83.6690  0.000e+00
      64711     39.000     7.5664     7.5648    3.32925    3.32894          1     3.2143     2.9974      23.11      0.416     0.2932     0.2014  1.000e-12  1.0084000    32.2611    32.2593    -0.0018    -0.0016    25.1848    25.1836     38.639     38.856    1478.06    1478.05     5.5993     5.6948    82.5230    83.9260  0.000e+00
      64740     39.500     7.5617     7.5589    3.32880    3.32839          1     3.2201     3.0032      22.66      0.410     0.3019     0.2718  1.000e-12  1.0353000    32.2604    32.2586    -0.0018    -0.0028    25.1849    25.1838     39.135     39.353    1478.05    1478.04     5.6324     5.7344    83.0020    84.4990  0.000e+00
      64769     40.000     7.5410     7.5391    3.32708    3.32673          1     3.2308     3.0115      22.21      0.411     0.3070     0.2210  1.000e-12  1.0160000    32.2609    32.2590    -0.0019    -0.0020    25.1881    25.1869     39.630     39.850    1477.98    1477.97     5.6645     5.7639    83.4350    84.8950  0.000e+00
      64797     40.500     7.5063     7.5060    3.32488    3.32469          1     3.2390     3.0193      21.70      0.428     0.3134     0.2140  1.000e-12  0.9653000    32.2692    32.2675    -0.0017    -0.0003    25.1995    25.1982     40.125     40.346    1477.87    1477.86     5.6763     5.7790    83.5480    85.0580  0.000e+00
      64824     41.000     7.4866     7.4868    3.32548    3.32536          1     3.2448     3.0241      21.18      0.436     0.3047     0.2196  1.000e-12  0.9608000    32.2939    32.2923    -0.0016     0.0003    25.2216    25.2204     40.621     40.843    1477.83    1477.83     5.6913     5.7740    83.7440    84.9600  0.000e+00
      64853     41.500     7.4785     7.4772    3.32586    3.32567          1     3.2524     3.0284      20.64      0.424     0.3067     0.2384  1.000e-12  0.9883000    32.3052    32.3045    -0.0007    -0.0014    25.2316    25.2312     41.116     41.340    1477.82    1477.81     5.7124     5.7952    84.0450    85.2610  0.000e+00
      64882     42.000     7.4568     7.4562    3.32656    3.32662          1     3.2591     3.0345      20.13      0.411     0.3071     0.2356  1.000e-12  1.0203000    32.3327    32.3340     0.0013    -0.0006    25.2563    25.2574     41.611     41.837    1477.78    1477.78     5.7159     5.8096    84.0710    85.4490  0.000e+00
      64912     42.500     7.4412     7.4418    3.33343    3.33453          1     3.2608     3.0376      19.66      0.408     0.3147     0.1725  1.000e-12  1.1258000    32.4211    32.4324     0.0113     0.0006    25.3279    25.3367     42.107     42.333    1477.84    1477.85     5.7043     5.7863    83.9190    85.1330  0.000e+00
      64940     43.000     7.4438     7.4443    3.34155    3.34196          1     3.2607     3.0367      19.15      0.414     0.3049     0.2231  1.000e-12  1.3520000    32.5061    32.5101     0.0040     0.0005    25.3944    25.3974     42.602     42.830    1477.96    1477.97     5.6989     5.7751    83.8910    85.0150  0.000e+00
      64969     43.500     7.4452     7.4451    3.34295    3.34273          1     3.2603     3.0372      18.69      0.421     0.3153     0.2222  1.000e-12  1.4527000    32.5197    32.5174    -0.0022    -0.0002    25.4048    25.4031     43.097     43.327    1477.99    1477.99     5.6965     5.7845    83.8650    85.1600  0.000e+00
      64997     44.000     7.4454     7.4453    3.34324    3.34318          1     3.2600     3.0381      18.15      0.424     0.3109     0.2339  1.000e-12  1.4428000    32.5224    32.5218    -0.0006    -0.0001    25.4070    25.4065     43.592     43.823    1478.00    1478.00     5.6955     5.7884    83.8530    85.2200  0.000e+00
      65025     44.500     7.4458     7.4457    3.34400    3.34383          1     3.2591     3.0392      17.65      0.425     0.3107     0.2282  1.000e-12  1.4704000    32.5299    32.5283    -0.0017    -0.0001    25.4128    25.4115     44.088     44.320    1478.02    1478.02     5.6929     5.7856    83.8200    85.1830  0.000e+00
      65054     45.000     7.4459     7.4459    3.34428    3.34415          1     3.2587     3.0385      17.16      0.423     0.3173     0.2001  1.000e-12  1.5023000    32.5326    32.5312    -0.0014    -0.0000    25.4149    25.4138     44.583     44.817    1478.04    1478.03     5.6943     5.7800    83.8420    85.1030  0.000e+00
      65082     45.500     7.4460     7.4458    3.34457    3.34456          1     3.2586     3.0391      16.67      0.422     0.3151     0.2377  1.000e-12  1.4993000    32.5354    32.5355     0.0001    -0.0002    25.4171    25.4172     45.078     45.313    1478.05    1478.05     5.6951     5.7877    83.8550    85.2180  0.000e+00
      65111     46.000     7.4450     7.4447    3.34486    3.34471          1     3.2582     3.0392      16.16      0.423     0.3170     0.2381  1.000e-12  1.5403000    32.5393    32.5380    -0.0013    -0.0003    25.4203    25.4193     45.574     45.810    1478.06    1478.05     5.6926     5.7859    83.8180    85.1900  0.000e+00
      65139     46.500     7.4443     7.4440    3.34485    3.34469          1     3.2578     3.0393      15.67      0.420     0.3164     0.2291  1.000e-12  1.6109000    32.5396    32.5381    -0.0015    -0.0004    25.4206    25.4195     46.069     46.307    1478.06    1478.06     5.6930     5.7828    83.8230    85.1450  0.000e+00
      65167     47.000     7.4442     7.4441    3.34504    3.34502          1     3.2578     3.0384      15.19      0.422     0.3020     0.2118  1.000e-12  1.5844000    32.5416    32.5413    -0.0002    -0.0001    25.4222    25.4220     46.564     46.803    1478.07    1478.07     5.6948     5.7765    83.8500    85.0530  0.000e+00
      65196     47.500     7.4446     7.4446    3.34546    3.34533          1     3.2578     3.0374      14.69      0.426     0.3016     0.2057  1.000e-12  1.6153000    32.5455    32.5441    -0.0014    -0.0000    25.4252    25.4241     47.060     47.300    1478.09    1478.09     5.6950     5.7729    83.8560    85.0030  0.000e+00
      65225     48.000     7.4446     7.4447    3.34569    3.34565          1     3.2580     3.0361      14.19      0.419     0.3097     0.2425  1.000e-12  1.6538000    32.5477    32.5472    -0.0005     0.0001    25.4270    25.4265     47.555     47.796    1478.10    1478.10     5.6959     5.7737    83.8710    85.0160  0.000e+00
      65254     48.500     7.4453     7.4451    3.34625    3.34607          1     3.2578     3.0359      13.69      0.414     0.3133     0.2378  1.000e-12  1.6705000    32.5528    32.5510    -0.0018    -0.0002    25.4308    25.4295     48.050     48.293    1478.12    1478.11     5.6906     5.7761    83.7970    85.0550  0.000e+00
      65283     49.000     7.4483     7.4476    3.34718    3.34685          1     3.2559     3.0355      13.21      0.413     0.3152     0.2210  1.000e-12  1.7439000    32.5598    32.5569    -0.0029    -0.0008    25.4360    25.4338     48.546     48.790    1478.14    1478.14     5.6844     5.7737    83.7150    85.0270  0.000e+00
      65311     49.500     7.4488     7.4487    3.34737    3.34723          1     3.2548     3.0348      12.72      0.416     0.3177     0.2766  1.000e-12  1.7422000    32.5612    32.5598    -0.0014    -0.0001    25.4370    25.4359     49.041     49.286    1478.16    1478.15     5.6852     5.7701    83.7290    84.9780  0.000e+00
