ctdpy/tests/etc/exprapp_feb_2020/SBE09_1387_20200211_0829_77_10_0141.cnv
* Sea-Bird SBE 9 Data File:
* FileName = L:\2020\sv20d0141.hex
* Software Version Seasave V 7.26.7.121
* Temperature SN = 6378
* Conductivity SN = 4824
* Number of Bytes Per Scan = 41
* Number of Voltage Words = 4
* Number of Scans Averaged by the Deck Unit = 1
* NMEA Latitude = 59 17.99 N
* NMEA Longitude = 021 33.25 E
* NMEA UTC (Time) = Feb 11 2020  08:29:14
* NMEA baud rate = 4800
** Station:  BY27
** Operator:  DBSj
** Ship: SVEA
** Average sound velocity: 1442.23 m/s
** True-depth calculation Tue, 11 Feb 2020 10:43:49 +0000
** CTD Python Module SMHI /ver 3-12/ feb 2012 
** LIMS Job: 20207710-0141
** Cruise: SMHI-03-2020
** Latitude [GG MM.mm N] :
** Longitude [GGG MM.mm E]:
# nquan = 30
# nvalues = 345                         
# units = specified
# name 0 = scan: Scan Count
# name 1 = prDM: Pressure, Digiquartz [db]
# name 2 = t090C: Temperature [ITS-90, deg C]
# name 3 = t190C: Temperature, 2 [ITS-90, deg C]
# name 4 = c0S/m: Conductivity [S/m]
# name 5 = c1S/m: Conductivity, 2 [S/m]
# name 6 = pumps: Pump Status
# name 7 = sbeox0V: Oxygen raw, SBE 43 [V]
# name 8 = sbeox1V: Oxygen raw, SBE 43, 2 [V]
# name 9 = altM: Altimeter [m]
# name 10 = dz/dtM: Descent Rate [m/s]
# name 11 = flECO-AFL: Chl-a Fluorescence, WET Labs ECO-AFL/FL [mg/m^3]
# name 12 = flECO-AFL1: Phycocyanin Fluorescence, WET Labs ECO-AFL/FL, 2 [mg/m^3]
# name 13 = par: PAR/Irradiance, Biospherical/Lico [µE/(cm^2*s)]
# name 14 = turbWETntu0: Turbidity, WET Labs ECO [NTU]
# name 15 = sal00: Salinity, Practical [PSU]
# name 16 = sal11: Salinity, Practical, 2 [PSU]
# name 17 = secS-priS: Salinity, Practical, Difference, 2 - 1 [PSU]
# name 18 = T2-T190C: Temperature Difference, 2 - 1 [ITS-90, deg C]
# name 19 = sigma-t00: Density [sigma-t, kg/m^3 ]
# name 20 = sigma-t11: Density, 2 [sigma-t, kg/m^3 ]
# name 21 = depSM: Depth [salt water, m], lat = 59.2998
# name 22 = depFM: Depth [true depth, m], lat = 59.2998
# name 23 = svCM: Sound Velocity [Chen-Millero, m/s]
# name 24 = svCM1: Sound Velocity, 2 [Chen-Millero, m/s]
# name 25 = sbeox0ML/L: Oxygen, SBE 43 [ml/l], WS = 2
# name 26 = sbeox1ML/L: Oxygen, SBE 43, 2 [ml/l], WS = 2
# name 27 = sbeox0PS: Oxygen, SBE 43 [% saturation], WS = 2
# name 28 = sbeox1PS: Oxygen, SBE 43, 2 [% saturation], WS = 2
# name 29 = flag: flag
# span 0 =      24334,      34483       
# span 1 =      3.000,    175.000       
# span 2 =     4.8427,     6.4783       
# span 3 =     4.8425,     6.4779       
# span 4 =   0.758181,   1.229256       
# span 5 =   0.758252,   1.229326       
# span 6 =          1,          1       
# span 7 =     0.7424,     3.4921       
# span 8 =     0.7277,     3.2615       
# span 9 =       2.47,     101.84       
# span 10 =     -0.626,      1.205      
# span 11 =     0.3199,     0.5281      
# span 12 =     0.1200,     0.3151      
# span 13 = -1.820e-06, 6.1499e+01      
# span 14 =     0.1529,     9.1921      
# span 15 =     6.9946,    11.1851      
# span 16 =     6.9953,    11.1860      
# span 17 =    -0.0434,     0.0646      
# span 18 =    -0.0118,     0.0201      
# span 19 =     5.5354,     8.7539      
# span 20 =     5.5360,     8.7546      
# span 21 =      2.972,    173.286      
# span 22 =      3.039,    176.993      
# span 23 =    1434.57,    1449.60      
# span 24 =    1434.57,    1449.60      
# span 25 =     0.0463,     7.8543      
# span 26 =     0.0814,     8.0012      
# span 27 =      0.579,     91.723      
# span 28 =      1.018,     93.438      
# span 29 = 0.0000e+00, 0.0000e+00      
# interval = decibars: 0.5              
# start_time = Feb 11 2020 08:29:14 [NMEA time, first data scan]
# bad_flag = -9.990e-29
*END*
      24334      3.000     4.8496     4.8491    0.75821    0.75827          1     3.4919     3.2615       6.80     -0.626     0.3720     0.2051  6.150e+01  0.1779000     6.9949     6.9956     0.0007    -0.0005     5.5356     5.5362      2.972      3.039    1434.57    1434.57     7.8470     7.9933    91.6520    93.3610  0.000e+00
      24354      3.500     4.8513     4.8510    0.75825    0.75832          1     3.4919     3.2611       6.91      0.106     0.3567     0.1512  4.989e+01  0.1699000     6.9949     6.9957     0.0008    -0.0002     5.5355     5.5361      3.467      3.545    1434.58    1434.58     7.8475     7.9891    91.6620    93.3160  0.000e+00
      24369      4.000     4.8525     4.8513    0.75830    0.75834          1     3.4916     3.2611       6.94      0.519     0.3651     0.1200  4.508e+01  0.1697000     6.9951     6.9957     0.0007    -0.0012     5.5356     5.5362      3.962      4.052    1434.60    1434.59     7.8488     7.9913    91.6810    93.3430  0.000e+00
      24383      4.500     4.8529     4.8528    0.75831    0.75839          1     3.4921     3.2609       6.65      0.762     0.3813     0.1524  3.694e+01  0.1701000     6.9950     6.9958     0.0008    -0.0000     5.5356     5.5362      4.458      4.558    1434.60    1434.60     7.8520     7.9938    91.7190    93.3760  0.000e+00
      24427      5.000     4.8526     4.8512    0.75830    0.75833          1     3.4921     3.2613       6.63      0.738     0.3683     0.1813  3.030e+01  0.1697000     6.9949     6.9956     0.0007    -0.0015     5.5355     5.5361      4.953      5.065    1434.61    1434.60     7.8498     7.9953    91.6930    93.3890  0.000e+00
      24567      5.500     4.8532     4.8533    0.75831    0.75839          1     3.4909     3.2612      71.37      0.660     0.3679     0.1927  2.941e+01  0.1754000     6.9949     6.9956     0.0008     0.0000     5.5354     5.5360      5.448      5.571    1434.62    1434.62     7.8468     7.9828    91.6590    93.2480  0.000e+00
      24583      6.000     4.8526     4.8509    0.75831    0.75834          1     3.4908     3.2604      32.26      0.744     0.3792     0.1863  2.616e+01  0.1825000     6.9949     6.9956     0.0007    -0.0017     5.5355     5.5361      5.944      6.078    1434.63    1434.62     7.8479     7.9873    91.6710    93.2950  0.000e+00
      24602      6.500     4.8493     4.8499    0.75823    0.75832          1     3.4910     3.2607      76.99      0.728     0.3598     0.1646  2.319e+01  0.1714000     6.9948     6.9955     0.0007     0.0007     5.5355     5.5360      6.439      6.584    1434.62    1434.62     7.8507     7.9940    91.6950    93.3710  0.000e+00
      24635      7.000     4.8497     4.8512    0.75826    0.75837          1     3.4912     3.2604      60.59      0.449     0.3660     0.1775  2.172e+01  0.1686000     6.9949     6.9956     0.0008     0.0015     5.5356     5.5361      6.934      7.091    1434.63    1434.64     7.8506     7.9921    91.6950    93.3510  0.000e+00
      24675      7.500     4.8500     4.8508    0.75827    0.75837          1     3.4913     3.2600      49.15      0.272     0.3604     0.2018  1.924e+01  0.1676000     6.9949     6.9957     0.0008     0.0008     5.5355     5.5362      7.430      7.597    1434.64    1434.64     7.8501     7.9917    91.6900    93.3460  0.000e+00
      24703      8.000     4.8474     4.8486    0.75821    0.75831          1     3.4908     3.2600      98.02      0.394     0.3759     0.1695  1.770e+01  0.1582000     6.9948     6.9955     0.0007     0.0012     5.5356     5.5361      7.925      8.103    1434.63    1434.64     7.8484     7.9875    91.6640    93.2920  0.000e+00
      24727      8.500     4.8461     4.8472    0.75818    0.75829          1     3.4904     3.2591      77.96      0.476     0.3823     0.1510  1.556e+01  0.1686000     6.9947     6.9955     0.0008     0.0011     5.5356     5.5362      8.420      8.610    1434.64    1434.64     7.8481     7.9868    91.6570    93.2810  0.000e+00
      24752      9.000     4.8459     4.8458    0.75818    0.75825          1     3.4902     3.2590      21.56      0.491     0.3601     0.1377  1.396e+01  0.1751000     6.9947     6.9954     0.0007    -0.0001     5.5356     5.5361      8.915      9.116    1434.64    1434.64     7.8493     7.9963    91.6710    93.3880  0.000e+00
      24782      9.500     4.8460     4.8458    0.75819    0.75826          1     3.4902     3.2594      56.00      0.430     0.3604     0.1445  1.301e+01  0.1733000     6.9947     6.9954     0.0007    -0.0002     5.5355     5.5361      9.411      9.623    1434.65    1434.65     7.8517     7.9927    91.6990    93.3450  0.000e+00
      24822     10.000     4.8460     4.8457    0.75820    0.75826          1     3.4904     3.2591      67.44      0.300     0.3686     0.1630  1.172e+01  0.1678000     6.9947     6.9953     0.0007    -0.0003     5.5355     5.5361      9.906     10.129    1434.66    1434.66     7.8522     7.9962    91.7050    93.3860  0.000e+00
      24855     10.500     4.8461     4.8458    0.75820    0.75827          1     3.4904     3.2593      85.92      0.328     0.3573     0.1754  1.063e+01  0.1755000     6.9946     6.9954     0.0007    -0.0003     5.5355     5.5361     10.401     10.636    1434.67    1434.67     7.8505     7.9922    91.6850    93.3400  0.000e+00
      24878     11.000     4.8457     4.8453    0.75821    0.75827          1     3.4899     3.2590      78.07      0.454     0.3696     0.1632  9.516e+00  0.1701000     6.9947     6.9955     0.0007    -0.0004     5.5356     5.5362     10.897     11.142    1434.67    1434.67     7.8491     7.9919    91.6680    93.3360  0.000e+00
      24898     11.500     4.8456     4.8453    0.75823    0.75831          1     3.4898     3.2588      24.41      0.559     0.3584     0.1674  8.413e+00  0.1858000     6.9949     6.9958     0.0008    -0.0002     5.5358     5.5364     11.392     11.649    1434.68    1434.68     7.8507     7.9919    91.6870    93.3360  0.000e+00
      24921     12.000     4.8456     4.8455    0.75824    0.75831          1     3.4897     3.2583      22.33      0.571     0.3745     0.1688  7.749e+00  0.1755000     6.9950     6.9957     0.0007    -0.0001     5.5358     5.5364     11.887     12.155    1434.69    1434.69     7.8511     7.9876    91.6910    93.2850  0.000e+00
      24971     12.500     4.8459     4.8456    0.75825    0.75832          1     3.4889     3.2578      21.69      0.260     0.3749     0.1486  7.150e+00  0.1740000     6.9949     6.9957     0.0008    -0.0003     5.5357     5.5363     12.382     12.662    1434.70    1434.70     7.8477     7.9920    91.6530    93.3380  0.000e+00
      25011     13.000     4.8455     4.8452    0.75825    0.75833          1     3.4885     3.2578      57.13      0.254     0.3649     0.1781  6.449e+00  0.1728000     6.9950     6.9958     0.0009    -0.0003     5.5358     5.5365     12.878     13.168    1434.71    1434.71     7.8490     7.9928    91.6670    93.3460  0.000e+00
      25027     13.500     4.8455     4.8452    0.75828    0.75833          1     3.4882     3.2576      98.05      0.491     0.3569     0.1910  5.822e+00  0.1637000     6.9952     6.9958     0.0006    -0.0003     5.5359     5.5364     13.373     13.675    1434.71    1434.71     7.8485     7.9923    91.6610    93.3400  0.000e+00
      25040     14.000     4.8457     4.8453    0.75831    0.75836          1     3.4882     3.2576      96.91      0.688     0.3640     0.1539  5.247e+00  0.1932000     6.9953     6.9960     0.0006    -0.0004     5.5361     5.5366     13.868     14.181    1434.72    1434.72     7.8505     7.9936    91.6850    93.3550  0.000e+00
      25053     14.500     4.8438     4.8433    0.75822    0.75828          1     3.4884     3.2577      96.93      0.838     0.3690     0.1536  4.775e+00  0.2181000     6.9948     6.9955     0.0007    -0.0005     5.5357     5.5363     14.364     14.687    1434.72    1434.72     7.8523     7.9958    91.7010    93.3760  0.000e+00
      25067     15.000     4.8433     4.8430    0.75820    0.75827          1     3.4886     3.2577      96.93      0.908     0.3613     0.1664  4.373e+00  0.1899000     6.9947     6.9954     0.0007    -0.0003     5.5357     5.5362     14.859     15.194    1434.73    1434.73     7.8543     7.9957    91.7230    93.3740  0.000e+00
      25106     15.500     4.8438     4.8434    0.75823    0.75829          1     3.4884     3.2572      42.39      0.592     0.3637     0.1603  4.049e+00  0.1793000     6.9948     6.9955     0.0007    -0.0004     5.5357     5.5363     15.354     15.700    1434.74    1434.74     7.8536     7.9912    91.7160    93.3230  0.000e+00
      25188     16.000     4.8453     4.8451    0.75829    0.75836          1     3.4871     3.2553     101.84      0.114     0.3713     0.1605  3.462e+00  0.1666000     6.9950     6.9957     0.0007    -0.0002     5.5358     5.5364     15.849     16.207    1434.75    1434.75     7.8475     7.9896    91.6480    93.3080  0.000e+00
      25200     16.500     4.8440     4.8436    0.75824    0.75831          1     3.4869     3.2558      96.95      0.456     0.3818     0.1772  3.043e+00  0.1577000     6.9948     6.9955     0.0008    -0.0003     5.5357     5.5363     16.345     16.713    1434.75    1434.75     7.8490     7.9993    91.6630    93.4180  0.000e+00
      25214     17.000     4.8432     4.8430    0.75823    0.75830          1     3.4871     3.2565      96.94      0.677     0.3752     0.1692  2.737e+00  0.1703000     6.9947     6.9955     0.0008    -0.0002     5.5356     5.5363     16.840     17.220    1434.76    1434.76     7.8503     8.0012    91.6760    93.4380  0.000e+00
      25226     17.500     4.8431     4.8426    0.75822    0.75829          1     3.4871     3.2565      96.96      0.838     0.3701     0.1477  2.593e+00  0.1831000     6.9946     6.9954     0.0007    -0.0005     5.5356     5.5362     17.335     17.726    1434.77    1434.76     7.8502     7.9976    91.6750    93.3960  0.000e+00
      25240     18.000     4.8427     4.8425    0.75821    0.75830          1     3.4870     3.2567      96.94      0.915     0.3604     0.1533  2.518e+00  0.1903000     6.9946     6.9954     0.0008    -0.0002     5.5356     5.5362     17.831     18.233    1434.77    1434.77     7.8510     7.9967    91.6830    93.3850  0.000e+00
      25281     18.500     4.8429     4.8427    0.75824    0.75831          1     3.4868     3.2566      97.00      0.547     0.3692     0.1718  2.386e+00  0.1823000     6.9947     6.9954     0.0008    -0.0002     5.5357     5.5363     18.326     18.739    1434.78    1434.78     7.8502     7.9965    91.6740    93.3830  0.000e+00
      25345     19.000     4.8433     4.8428    0.75825    0.75832          1     3.4859     3.2564      96.95      0.224     0.3612     0.1981  1.903e+00  0.1635000     6.9947     6.9955     0.0007    -0.0005     5.5357     5.5363     18.821     19.246    1434.79    1434.79     7.8471     7.9963    91.6390    93.3810  0.000e+00
      25361     19.500     4.8435     4.8431    0.75828    0.75835          1     3.4858     3.2566      96.97      0.535     0.3672     0.2072  1.694e+00  0.1686000     6.9949     6.9956     0.0007    -0.0004     5.5358     5.5364     19.316     19.752    1434.80    1434.80     7.8486     7.9943    91.6570    93.3580  0.000e+00
      25377     20.000     4.8437     4.8432    0.75829    0.75836          1     3.4857     3.2562      90.44      0.700     0.3808     0.1756  1.581e+00  0.1761000     6.9949     6.9956     0.0007    -0.0005     5.5358     5.5364     19.812     20.259    1434.81    1434.81     7.8493     7.9867    91.6650    93.2700  0.000e+00
      25397     20.500     4.8436     4.8433    0.75830    0.75837          1     3.4858     3.2553      89.74      0.704     0.3601     0.1828  1.531e+00  0.1757000     6.9949     6.9957     0.0007    -0.0003     5.5358     5.5364     20.307     20.765    1434.82    1434.82     7.8504     7.9796    91.6790    93.1870  0.000e+00
      25422     21.000     4.8438     4.8437    0.75832    0.75839          1     3.4859     3.2540      97.13      0.529     0.3685     0.2076  1.526e+00  0.1762000     6.9950     6.9957     0.0007    -0.0001     5.5359     5.5364     20.802     21.272    1434.83    1434.83     7.8504     7.9867    91.6800    93.2710  0.000e+00
      25446     21.500     4.8438     4.8440    0.75832    0.75840          1     3.4857     3.2545      96.97      0.474     0.3702     0.2154  1.438e+00  0.1706000     6.9950     6.9957     0.0007     0.0001     5.5358     5.5364     21.297     21.778    1434.83    1434.83     7.8504     7.9930    91.6800    93.3450  0.000e+00
      25469     22.000     4.8441     4.8437    0.75833    0.75840          1     3.4857     3.2542      96.97      0.517     0.3488     0.2247  1.283e+00  0.1751000     6.9950     6.9957     0.0007    -0.0004     5.5358     5.5364     21.793     22.284    1434.84    1434.84     7.8507     7.9892    91.6830    93.3000  0.000e+00
      25496     22.500     4.8446     4.8442    0.75837    0.75843          1     3.4855     3.2543      84.07      0.484     0.3558     0.1698  1.113e+00  0.1706000     6.9951     6.9958     0.0007    -0.0004     5.5359     5.5365     22.288     22.791    1434.85    1434.85     7.8479     7.9944    91.6520    93.3620  0.000e+00
      25529     23.000     4.8444     4.8441    0.75836    0.75842          1     3.4848     3.2545      39.18      0.376     0.3654     0.2045  1.012e+00  0.1640000     6.9950     6.9957     0.0007    -0.0003     5.5358     5.5364     22.783     23.297    1434.86    1434.86     7.8482     7.9942    91.6540    93.3590  0.000e+00
      25566     23.500     4.8444     4.8443    0.75836    0.75843          1     3.4847     3.2547      40.43      0.329     0.3655     0.2309  9.509e-01  0.1679000     6.9950     6.9957     0.0008    -0.0001     5.5358     5.5364     23.278     23.804    1434.87    1434.87     7.8497     7.9961    91.6720    93.3820  0.000e+00
      25602     24.000     4.8447     4.8445    0.75838    0.75846          1     3.4848     3.2547      98.51      0.329     0.3538     0.2832  8.722e-01  0.1653000     6.9951     6.9958     0.0008    -0.0002     5.5359     5.5365     23.774     24.310    1434.88    1434.88     7.8512     7.9954    91.6910    93.3740  0.000e+00
      25631     24.500     4.8446     4.8444    0.75838    0.75846          1     3.4849     3.2544      96.99      0.379     0.3737     0.2325  7.960e-01  0.1740000     6.9950     6.9958     0.0008    -0.0002     5.5358     5.5365     24.269     24.817    1434.88    1434.88     7.8516     7.9884    91.6950    93.2930  0.000e+00
      25652     25.000     4.8447     4.8441    0.75838    0.75844          1     3.4849     3.2541      97.00      0.483     0.3575     0.2269  7.068e-01  0.1816000     6.9950     6.9957     0.0007    -0.0006     5.5358     5.5364     24.764     25.323    1434.89    1434.89     7.8511     7.9942    91.6890    93.3600  0.000e+00
      25670     25.500     4.8445     4.8441    0.75838    0.75845          1     3.4848     3.2541      97.00      0.595     0.3686     0.1935  6.371e-01  0.1763000     6.9949     6.9957     0.0007    -0.0004     5.5358     5.5364     25.259     25.830    1434.90    1434.90     7.8519     7.9951    91.6980    93.3700  0.000e+00
      25692     26.000     4.8446     4.8444    0.75840    0.75847          1     3.4847     3.2541      97.00      0.620     0.3679     0.2294  5.956e-01  0.1857000     6.9950     6.9958     0.0007    -0.0002     5.5359     5.5365     25.755     26.336    1434.91    1434.91     7.8512     7.9957    91.6900    93.3780  0.000e+00
      25722     26.500     4.8446     4.8444    0.75841    0.75848          1     3.4846     3.2544      55.44      0.439     0.3657     0.2279  5.726e-01  0.1718000     6.9951     6.9957     0.0007    -0.0002     5.5359     5.5364     26.250     26.843    1434.92    1434.92     7.8526     7.9987    91.7070    93.4130  0.000e+00
