ctdpy/tests/etc/exprapp_feb_2020/SBE09_1387_20200202_0529_77_10_0094.cnv
* Sea-Bird SBE 9 Data File:
* FileName = L:\2020\sv20d0094.hex
* Software Version Seasave V 7.26.7.121
* Temperature SN = 6378
* Conductivity SN = 4824
* Number of Bytes Per Scan = 41
* Number of Voltage Words = 4
* Number of Scans Averaged by the Deck Unit = 1
* NMEA Latitude = 58 40.54 N
* NMEA Longitude = 010 48.72 E
* NMEA UTC (Time) = Feb 02 2020  05:29:18
* NMEA baud rate = 4800
** Station:  Persgrund
** Operator:  A-KTh
** Ship: SVEA
** Average sound velocity: 1476.89 m/s
** True-depth calculation Sun, 02 Feb 2020 09:15:41 +0000
** CTD Python Module SMHI /ver 3-12/ feb 2012 
** LIMS Job: 20207710-0094
** Cruise: SMHI-02-2020
** Latitude [GG MM.mm N] :
** Longitude [GGG MM.mm E]:
# nquan = 30
# nvalues = 191                         
# units = specified
# name 0 = scan: Scan Count
# name 1 = prDM: Pressure, Digiquartz [db]
# name 2 = t090C: Temperature [ITS-90, deg C]
# name 3 = t190C: Temperature, 2 [ITS-90, deg C]
# name 4 = c0S/m: Conductivity [S/m]
# name 5 = c1S/m: Conductivity, 2 [S/m]
# name 6 = pumps: Pump Status
# name 7 = sbeox0V: Oxygen raw, SBE 43 [V]
# name 8 = sbeox1V: Oxygen raw, SBE 43, 2 [V]
# name 9 = altM: Altimeter [m]
# name 10 = dz/dtM: Descent Rate [m/s]
# name 11 = flECO-AFL: Chl-a Fluorescence, WET Labs ECO-AFL/FL [mg/m^3]
# name 12 = flECO-AFL1: Phycocyanin Fluorescence, WET Labs ECO-AFL/FL, 2 [mg/m^3]
# name 13 = par: PAR/Irradiance, Biospherical/Lico [µE/(cm^2*s)]
# name 14 = turbWETntu0: Turbidity, WET Labs ECO [NTU]
# name 15 = sal00: Salinity, Practical [PSU]
# name 16 = sal11: Salinity, Practical, 2 [PSU]
# name 17 = secS-priS: Salinity, Practical, Difference, 2 - 1 [PSU]
# name 18 = T2-T190C: Temperature Difference, 2 - 1 [ITS-90, deg C]
# name 19 = sigma-t00: Density [sigma-t, kg/m^3 ]
# name 20 = sigma-t11: Density, 2 [sigma-t, kg/m^3 ]
# name 21 = depSM: Depth [salt water, m], lat = 58.6757
# name 22 = depFM: Depth [true depth, m], lat = 58.6757
# name 23 = svCM: Sound Velocity [Chen-Millero, m/s]
# name 24 = svCM1: Sound Velocity, 2 [Chen-Millero, m/s]
# name 25 = sbeox0ML/L: Oxygen, SBE 43 [ml/l], WS = 2
# name 26 = sbeox1ML/L: Oxygen, SBE 43, 2 [ml/l], WS = 2
# name 27 = sbeox0PS: Oxygen, SBE 43 [% saturation], WS = 2
# name 28 = sbeox1PS: Oxygen, SBE 43, 2 [% saturation], WS = 2
# name 29 = flag: flag
# span 0 =      30546,      36031       
# span 1 =      0.500,     95.500       
# span 2 =     5.7851,     7.2710       
# span 3 =     5.7852,     7.2708       
# span 4 =   2.875216,   3.505540       
# span 5 =   2.875196,   3.505443       
# span 6 =          1,          1       
# span 7 =     3.5203,     3.5603       
# span 8 =     3.2776,     3.3141       
# span 9 =       0.40,     103.10       
# span 10 =     -0.517,      1.654      
# span 11 =     0.3924,     1.0567      
# span 12 =     0.1895,     0.4203      
# span 13 = 1.0000e-12, 1.6795e+00      
# span 14 =     0.3838,     2.1972      
# span 15 =    28.9113,    34.4287      
# span 16 =    28.9111,    34.4279      
# span 17 =    -0.0181,     0.1295      
# span 18 =    -0.0115,     0.0419      
# span 19 =    22.7692,    26.9309      
# span 20 =    22.7690,    26.9303      
# span 21 =      0.495,     94.588      
# span 22 =      0.498,     94.800      
# span 23 =    1466.25,    1480.54      
# span 24 =    1466.26,    1480.53      
# span 25 =     6.2693,     6.7949      
# span 26 =     6.3544,     6.8952      
# span 27 =     92.788,     94.054      
# span 28 =     94.063,     95.465      
# span 29 = 0.0000e+00, 0.0000e+00      
# interval = decibars: 0.5              
# start_time = Feb 02 2020 05:29:18 [NMEA time, first data scan]
# bad_flag = -9.990e-29
*END*
      30546      0.500     5.7954     5.7957    2.87634    2.87637          1     3.5510     3.3081       7.14     -0.517     1.0466     0.3472  1.679e+00  0.3838000    28.9172    28.9173     0.0001     0.0003    22.7727    22.7727      0.495      0.498    1466.25    1466.26     6.7480     6.8634    93.3560    94.9530  0.000e+00
      30559      1.000     5.7952     5.7956    2.87631    2.87633          1     3.5508     3.3090       7.26      0.113     1.0437     0.3140  9.892e-01  0.3839000    28.9168    28.9168    -0.0000     0.0004    22.7724    22.7723      0.991      0.996    1466.26    1466.26     6.7473     6.8558    93.3450    94.8470  0.000e+00
      30569      1.500     5.7958     5.7958    2.87645    2.87640          1     3.5507     3.3089       8.29      0.562     1.0133     0.3137  9.306e-01  0.4075000    28.9176    28.9171    -0.0005    -0.0000    22.7730    22.7726      1.486      1.494    1466.27    1466.27     6.7479     6.8491    93.3550    94.7550  0.000e+00
      30579      2.000     5.7965     5.7959    2.87660    2.87647          1     3.5507     3.3079      95.34      0.924     1.0073     0.3507  8.940e-01  0.4144000    28.9185    28.9175    -0.0010    -0.0006    22.7736    22.7729      1.981      1.992    1466.28    1466.28     6.7484     6.8425    93.3640    94.6650  0.000e+00
      30642      2.500     5.7947     5.7943    2.87635    2.87624          1     3.5507     3.3079      84.46      1.003     1.0130     0.3502  8.030e-01  0.4082000    28.9170    28.9162    -0.0008    -0.0004    22.7726    22.7720      2.477      2.490    1466.28    1466.28     6.7490     6.8450    93.3690    94.6950  0.000e+00
      30975      3.000     5.7928     5.7923    2.87610    2.87601          1     3.5505     3.3089       0.40      0.500     0.9869     0.3240  5.547e-01  0.3957000    28.9157    28.9151    -0.0006    -0.0004    22.7718    22.7714      2.972      2.988    1466.28    1466.28     6.7475     6.8574    93.3420    94.8610  0.000e+00
      30996      3.500     5.7913     5.7914    2.87594    2.87590          1     3.5499     3.3092       0.84      0.580     1.0136     0.3533  4.538e-01  0.4054000    28.9150    28.9144    -0.0005     0.0001    22.7714    22.7709      3.467      3.486    1466.28    1466.28     6.7457     6.8645    93.3130    94.9570  0.000e+00
      31043      4.000     5.7918     5.7917    2.87603    2.87597          1     3.5492     3.3095       9.31      0.322     0.9859     0.3592  3.733e-01  0.3901000    28.9153    28.9147    -0.0006    -0.0001    22.7716    22.7711      3.963      3.983    1466.29    1466.29     6.7464     6.8585    93.3240    94.8750  0.000e+00
      31106      4.500     5.7899     5.7897    2.87579    2.87573          1     3.5497     3.3075       6.92      0.169     1.0081     0.3711  2.961e-01  0.3845000    28.9140    28.9136    -0.0004    -0.0002    22.7707    22.7705      4.458      4.481    1466.29    1466.29     6.7529     6.8522    93.4090    94.7830  0.000e+00
      31121      5.000     5.7867     5.7874    2.87536    2.87542          1     3.5499     3.3078      83.70      0.473     1.0350     0.3780  1.954e-01  0.4082000    28.9118    28.9119     0.0001     0.0007    22.7694    22.7694      4.953      4.979    1466.28    1466.29     6.7555     6.8640    93.4360    94.9400  0.000e+00
      31135      5.500     5.7851     5.7852    2.87522    2.87520          1     3.5506     3.3086      98.02      0.699     1.0402     0.3978  1.335e-01  0.4175000    28.9113    28.9111    -0.0003     0.0001    22.7692    22.7690      5.449      5.477    1466.29    1466.29     6.7561     6.8666    93.4420    94.9700  0.000e+00
      31149      6.000     5.7870     5.7864    2.87553    2.87541          1     3.5505     3.3090      77.28      0.830     1.0567     0.3976  1.092e-01  0.4435000    28.9130    28.9122    -0.0008    -0.0006    22.7703    22.7697      5.944      5.975    1466.30    1466.30     6.7514     6.8645    93.3820    94.9440  0.000e+00
      31182      6.500     5.7886     5.7888    2.87575    2.87573          1     3.5496     3.3086      72.24      0.640     1.0210     0.3816  8.716e-02  0.4200000    28.9138    28.9134    -0.0003     0.0002    22.7708    22.7705      6.439      6.473    1466.32    1466.32     6.7482     6.8562    93.3420    94.8360  0.000e+00
      31267      7.000     5.7928     5.7921    2.87643    2.87629          1     3.5480     3.3059       7.36      0.171     0.9905     0.3249  1.115e-02  0.3879000    28.9176    28.9166    -0.0010    -0.0007    22.7733    22.7725      6.935      6.971    1466.35    1466.35     6.7503     6.8514    93.3820    94.7790  0.000e+00
      31278      7.500     5.7911     5.7914    2.87617    2.87618          1     3.5484     3.3063      39.78      0.528     0.9983     0.3265  1.334e-02  0.3890000    28.9158    28.9157    -0.0001     0.0002    22.7721    22.7720      7.430      7.469    1466.35    1466.35     6.7512     6.8551    93.3900    94.8280  0.000e+00
      31291      8.000     5.7910     5.7917    2.87617    2.87627          1     3.5486     3.3065      97.23      0.769     1.0350     0.3243  1.492e-04  0.4298000    28.9157    28.9163     0.0006     0.0006    22.7720    22.7724      7.925      7.967    1466.36    1466.36     6.7508     6.8552    93.3840    94.8300  0.000e+00
      31304      8.500     5.7918     5.7920    2.87627    2.87630          1     3.5486     3.3063      97.91      0.901     1.0422     0.3507  7.252e-10  0.4391000    28.9159    28.9160     0.0001     0.0002    22.7721    22.7721      8.421      8.465    1466.37    1466.37     6.7509     6.8553    93.3870    94.8320  0.000e+00
      31318      9.000     5.7919     5.7920    2.87630    2.87627          1     3.5486     3.3065      66.16      0.924     1.0432     0.3897  1.000e-12  0.4663000    28.9160    28.9156    -0.0004     0.0000    22.7721    22.7718      8.916      8.963    1466.37    1466.38     6.7512     6.8535    93.3920    94.8070  0.000e+00
      31338      9.500     5.7922     5.7922    2.87641    2.87636          1     3.5487     3.3061      51.25      0.771     1.0227     0.3658  1.000e-12  0.4332000    28.9167    28.9162    -0.0006    -0.0000    22.7727    22.7722      9.411      9.461    1466.39    1466.38     6.7504     6.8527    93.3820    94.7960  0.000e+00
      31375     10.000     5.7972     5.8013    2.87737    2.87811          1     3.5485     3.3068      98.64      0.375     0.9917     0.3750  1.000e-12  0.4034000    28.9229    28.9276     0.0047     0.0040    22.7770    22.7803      9.907      9.959    1466.42    1466.44     6.7496     6.8629    93.3860    94.9650  0.000e+00
      31412     10.500     5.8033     5.8028    2.87857    2.87842          1     3.5483     3.3078      97.91      0.295     0.9831     0.3905  1.000e-12  0.3889000    28.9308    28.9295    -0.0013    -0.0005    22.7826    22.7815     10.402     10.457    1466.47    1466.46     6.7502     6.8581    93.4130    94.9040  0.000e+00
      31436     11.000     5.8060     5.8056    2.87914    2.87903          1     3.5488     3.3076      97.91      0.433     0.9969     0.3760  1.000e-12  0.3960000    28.9346    28.9336    -0.0009    -0.0004    22.7852    22.7845     10.897     10.954    1466.49    1466.48     6.7552     6.8547    93.4900    94.8660  0.000e+00
      31458     11.500     5.8085     5.8080    2.87983    2.87970          1     3.5503     3.3074      97.91      0.524     1.0142     0.3434  1.000e-12  0.4057000    28.9398    28.9388    -0.0010    -0.0004    22.7891    22.7883     11.392     11.452    1466.51    1466.51     6.7648     6.8610    93.6310    94.9610  0.000e+00
      31480     12.000     5.8083     5.8098    2.87981    2.88032          1     3.5531     3.3091      97.91      0.557     1.0137     0.3532  1.000e-12  0.4183000    28.9395    28.9439     0.0043     0.0016    22.7889    22.7922     11.888     11.950    1466.52    1466.53     6.7864     6.8938    93.9300    95.4230  0.000e+00
      31504     12.500     5.8104     5.8158    2.88033    2.88213          1     3.5591     3.3141      60.34      0.525     1.0248     0.4203  1.000e-12  0.4298000    28.9433    28.9586     0.0154     0.0054    22.7916    22.8031     12.383     12.448    1466.54    1466.58     6.7949     6.8952    94.0540    95.4650  0.000e+00
      31527     13.000     5.8384     5.8500    2.89013    2.89415          1     3.5603     3.3130      93.22      0.494     0.9871     0.4039  1.000e-12  0.4227000    29.0276    29.0621     0.0345     0.0116    22.8551    22.8810     12.878     12.946    1466.77    1466.86     6.7613     6.8323    93.7040    94.7360  0.000e+00
      31548     13.500     5.8852     5.8899    2.91163    2.91444          1     3.5570     3.3101      97.92      0.530     0.9445     0.4194  1.000e-12  0.4384000    29.2251    29.2522     0.0271     0.0047    23.0057    23.0266     13.374     13.444    1467.22    1467.27     6.7240     6.8121    93.4130    94.6640  0.000e+00
      31567     14.000     6.0435     6.0489    2.99263    2.99719          1     3.5543     3.3084      97.91      0.599     0.7198     0.3764  1.000e-12  0.4387000    29.9829    30.0285     0.0456     0.0054    23.5855    23.6209     13.869     13.942    1468.82    1468.90     6.6576     6.7436    93.3040    94.5490  0.000e+00
      31586     14.500     6.1710     6.2128    3.06135    3.07648          1     3.5513     3.3057      97.92      0.633     0.5832     0.3108  1.000e-12  0.4766000    30.6293    30.7588     0.1295     0.0419    24.0804    24.1776     14.364     14.439    1470.15    1470.48     6.5985     6.6709    93.1530    94.3480  0.000e+00
      31614     15.000     6.2917     6.2802    3.10947    3.10725          1     3.5451     3.3011      83.56      0.511     0.5287     0.2777  1.000e-12  0.4988000    31.0513    31.0372    -0.0141    -0.0115    24.3987    24.3890     14.860     14.936    1471.17    1471.11     6.5360     6.6280    92.7910    94.0630  0.000e+00
      31655     15.500     6.4271     6.4386    3.17076    3.17571          1     3.5368     3.2948      46.68      0.281     0.4713     0.2623  1.000e-12  0.4879000    31.6034    31.6472     0.0438     0.0116    24.8174    24.8506     15.355     15.433    1472.41    1472.51     6.4914     6.5791    92.7880    94.0940  0.000e+00
      31682     16.000     6.4773     6.4814    3.19281    3.19480          1     3.5366     3.2942      91.76      0.367     0.4703     0.3093  1.000e-12  0.5080000    31.7997    31.8178     0.0181     0.0041    24.9659    24.9796     15.850     15.930    1472.86    1472.90     6.4839     6.5804    92.9100    94.3140  0.000e+00
      31702     16.500     6.4672     6.4655    3.21856    3.21990          1     3.5367     3.2944      97.94      0.521     0.4670     0.2923  1.000e-12  0.5264000    32.0931    32.1095     0.0164    -0.0017    25.1984    25.2116     16.345     16.427    1473.20    1473.21     6.4753     6.5713    92.9450    94.3280  0.000e+00
      31723     17.000     6.4824     6.4926    3.23086    3.23363          1     3.5369     3.2945      97.92      0.589     0.4968     0.2704  1.000e-12  0.5647000    32.2143    32.2353     0.0210     0.0101    25.2921    25.3074     16.841     16.924    1473.42    1473.49     6.4720     6.5687    93.0050    94.4300  0.000e+00
      31759     17.500     6.5038     6.5048    3.23453    3.23593          1     3.5419     3.2980      62.85      0.378     0.4790     0.2660  1.000e-12  0.4926000    32.2344    32.2489     0.0145     0.0010    25.3052    25.3165     17.336     17.420    1473.54    1473.56     6.5023     6.5961    93.5000    94.8590  0.000e+00
      31788     18.000     6.5367     6.5421    3.25292    3.25650          1     3.5487     3.3013      86.08      0.331     0.5015     0.2813  1.000e-12  0.4933000    32.4061    32.4405     0.0344     0.0053    25.4364    25.4628     17.831     17.917    1473.89    1473.96     6.4820     6.5611    93.3840    94.5570  0.000e+00
      31804     18.500     6.5620     6.5610    3.27336    3.27286          1     3.5466     3.2999      97.16      0.511     0.5215     0.2738  1.000e-12  0.5099000    32.6075    32.6029    -0.0046    -0.0010    25.5919    25.5885     18.327     18.414    1474.25    1474.24     6.4532     6.5462    93.1470    94.4850  0.000e+00
      31817     19.000     6.5889     6.5863    3.28810    3.28658          1     3.5460     3.3001      97.83      0.698     0.5585     0.2657  1.000e-12  0.5507000    32.7442    32.7299    -0.0143    -0.0026    25.6962    25.6853     18.822     18.910    1474.54    1474.51     6.4498     6.5561    93.2410    94.7630  0.000e+00
      31829     19.500     6.6257     6.6242    3.31298    3.31231          1     3.5470     3.3020      97.92      0.858     0.5655     0.3065  1.000e-12  0.5921000    32.9833    32.9773    -0.0060    -0.0015    25.8799    25.8754     19.317     19.407    1474.99    1474.98     6.4435     6.5577    93.3760    95.0240  0.000e+00
      31841     20.000     6.7233     6.7210    3.34546    3.34503          1     3.5479     3.3041      97.92      0.962     0.6173     0.3421  1.000e-12  0.8707000    33.2470    33.2444    -0.0026    -0.0023    26.0749    26.0732     19.813     19.903    1475.71    1475.70     6.4197     6.5350    93.4040    95.0750  0.000e+00
      31859     20.500     6.7577     6.7570    3.35183    3.35089          1     3.5490     3.3060      67.41      0.900     0.5249     0.2590  1.000e-12  0.8171000    33.2835    33.2738    -0.0097    -0.0007    26.0992    26.0916     20.308     20.399    1475.90    1475.89     6.4132     6.5193    93.4060    94.9440  0.000e+00
      31953     21.000     6.8028     6.8083    3.36637    3.36782          1     3.5482     3.3053     101.24      0.007     0.4178     0.2663  1.000e-12  0.5114000    33.3996    33.4102     0.0107     0.0055    26.1847    26.1923     20.803     20.896    1476.23    1476.27     6.3945     6.4848    93.3030    94.6380  0.000e+00
      31965     21.500     6.8200     6.8200    3.37053    3.37039          1     3.5490     3.3052      97.93      0.423     0.4230     0.2667  1.000e-12  0.6816000    33.4284    33.4269    -0.0015     0.0001    26.2051    26.2039     21.298     21.392    1476.34    1476.34     6.3983     6.4937    93.4130    94.8040  0.000e+00
      31978     22.000     6.8319     6.8318    3.37359    3.37347          1     3.5501     3.3065      89.48      0.649     0.4276     0.2657  1.000e-12  0.6976000    33.4502    33.4491    -0.0011    -0.0001    26.2207    26.2198     21.794     21.888    1476.43    1476.42     6.3967     6.4979    93.4270    94.9050  0.000e+00
      31991     22.500     6.8245     6.8255    3.37388    3.37382          1     3.5504     3.3069      29.40      0.809     0.4251     0.2623  1.000e-12  0.7518000    33.4604    33.4588    -0.0017     0.0010    26.2297    26.2283     22.289     22.384    1476.42    1476.42     6.3955     6.4981    93.4010    94.9000  0.000e+00
      32004     23.000     6.8188     6.8192    3.37338    3.37332          1     3.5504     3.3075      65.39      0.902     0.4418     0.2608  1.000e-12  0.7699000    33.4603    33.4591    -0.0012     0.0004    26.2304    26.2294     22.784     22.881    1476.40    1476.40     6.3953     6.4986    93.3860    94.8930  0.000e+00
      32019     23.500     6.8173     6.8129    3.37331    3.37269          1     3.5505     3.3078      34.83      0.914     0.4748     0.2640  1.000e-12  0.8045000    33.4607    33.4581    -0.0026    -0.0044    26.2309    26.2294     23.280     23.377    1476.41    1476.39     6.3954     6.4968    93.3840    94.8530  0.000e+00
      32036     24.000     6.8141     6.8116    3.37392    3.37343          1     3.5502     3.3078      50.27      0.825     0.4576     0.2604  1.000e-12  0.7804000    33.4703    33.4674    -0.0029    -0.0025    26.2389    26.2369     23.775     23.873    1476.41    1476.40     6.3957     6.4977    93.3870    94.8700  0.000e+00
