ctdpy/tests/etc/exprapp_feb_2020/SBE09_1387_20200210_1012_77_10_0135.cnv
* Sea-Bird SBE 9 Data File:
* FileName = L:\2020\sv20d0135.hex
* Software Version Seasave V 7.26.7.121
* Temperature SN = 6378
* Conductivity SN = 4824
* Number of Bytes Per Scan = 41
* Number of Voltage Words = 4
* Number of Scans Averaged by the Deck Unit = 1
* NMEA Latitude = 57 04.50 N
* NMEA Longitude = 019 50.70 E
* NMEA UTC (Time) = Feb 10 2020  10:12:32
* NMEA baud rate = 4800
** Station:  BY11
** Operator:  SSip
** Ship: SVEA
** Average sound velocity: 1447.92 m/s
** True-depth calculation Mon, 10 Feb 2020 12:25:02 +0000
** CTD Python Module SMHI /ver 3-12/ feb 2012 
** LIMS Job: 20207710-0135
** Cruise: SMHI-03-2020
** Latitude [GG MM.mm N] :
** Longitude [GGG MM.mm E]:
# nquan = 30
# nvalues = 392                         
# units = specified
# name 0 = scan: Scan Count
# name 1 = prDM: Pressure, Digiquartz [db]
# name 2 = t090C: Temperature [ITS-90, deg C]
# name 3 = t190C: Temperature, 2 [ITS-90, deg C]
# name 4 = c0S/m: Conductivity [S/m]
# name 5 = c1S/m: Conductivity, 2 [S/m]
# name 6 = pumps: Pump Status
# name 7 = sbeox0V: Oxygen raw, SBE 43 [V]
# name 8 = sbeox1V: Oxygen raw, SBE 43, 2 [V]
# name 9 = altM: Altimeter [m]
# name 10 = dz/dtM: Descent Rate [m/s]
# name 11 = flECO-AFL: Chl-a Fluorescence, WET Labs ECO-AFL/FL [mg/m^3]
# name 12 = flECO-AFL1: Phycocyanin Fluorescence, WET Labs ECO-AFL/FL, 2 [mg/m^3]
# name 13 = par: PAR/Irradiance, Biospherical/Lico [µE/(cm^2*s)]
# name 14 = turbWETntu0: Turbidity, WET Labs ECO [NTU]
# name 15 = sal00: Salinity, Practical [PSU]
# name 16 = sal11: Salinity, Practical, 2 [PSU]
# name 17 = secS-priS: Salinity, Practical, Difference, 2 - 1 [PSU]
# name 18 = T2-T190C: Temperature Difference, 2 - 1 [ITS-90, deg C]
# name 19 = sigma-t00: Density [sigma-t, kg/m^3 ]
# name 20 = sigma-t11: Density, 2 [sigma-t, kg/m^3 ]
# name 21 = depSM: Depth [salt water, m], lat = 57.075
# name 22 = depFM: Depth [true depth, m], lat = 57.075
# name 23 = svCM: Sound Velocity [Chen-Millero, m/s]
# name 24 = svCM1: Sound Velocity, 2 [Chen-Millero, m/s]
# name 25 = sbeox0ML/L: Oxygen, SBE 43 [ml/l], WS = 2
# name 26 = sbeox1ML/L: Oxygen, SBE 43, 2 [ml/l], WS = 2
# name 27 = sbeox0PS: Oxygen, SBE 43 [% saturation], WS = 2
# name 28 = sbeox1PS: Oxygen, SBE 43, 2 [% saturation], WS = 2
# name 29 = flag: flag
# span 0 =      21823,      33235       
# span 1 =      3.500,    199.000       
# span 2 =     4.9804,     7.4822       
# span 3 =     4.9801,     7.4820       
# span 4 =   0.799978,   1.453728       
# span 5 =   0.800013,   1.453918       
# span 6 =          1,          1       
# span 7 =     0.7401,     3.5318       
# span 8 =     0.7244,     3.2934       
# span 9 =      -0.17,     100.07       
# span 10 =     -0.144,      1.872      
# span 11 =     0.3305,     0.4648      
# span 12 =     0.1428,     0.3284      
# span 13 = -2.349e-05, 7.8673e+01      
# span 14 =     0.1037,     0.9821      
# span 15 =     7.3798,    13.1236      
# span 16 =     7.3805,    13.1255      
# span 17 =    -0.1413,     0.0927      
# span 18 =    -0.0516,     0.0498      
# span 19 =     5.8355,    10.2172      
# span 20 =     5.8360,    10.2187      
# span 21 =      3.468,    197.076      
# span 22 =      3.544,    200.992      
# span 23 =    1435.65,    1455.49      
# span 24 =    1435.65,    1455.50      
# span 25 =     0.0386,     7.9146      
# span 26 =     0.0680,     8.0518      
# span 27 =      0.498,     92.991      
# span 28 =      0.877,     94.604      
# span 29 = 0.0000e+00, 0.0000e+00      
# interval = decibars: 0.5              
# start_time = Feb 10 2020 10:12:32 [NMEA time, first data scan]
# bad_flag = -9.990e-29
*END*
      21823      3.500     4.9826     4.9813    0.79998    0.80001          1     3.5312     3.2932      -0.17     -0.144     0.4152     0.2119  7.867e+01  0.1090000     7.3799     7.3806     0.0006    -0.0013     5.8355     5.8360      3.468      3.544    1435.65    1435.65     7.9119     8.0372    92.9620    94.4320  0.000e+00
      21847      4.000     4.9823     4.9820    0.79998    0.80005          1     3.5315     3.2933      59.07      0.276     0.4059     0.1796  6.228e+01  0.1091000     7.3800     7.3807     0.0007    -0.0003     5.8355     5.8361      3.963      4.051    1435.66    1435.66     7.9134     8.0446    92.9800    94.5200  0.000e+00
      21867      4.500     4.9834     4.9832    0.80001    0.80008          1     3.5318     3.2934      54.57      0.533     0.4067     0.1786  5.538e+01  0.1147000     7.3800     7.3807     0.0007    -0.0002     5.8355     5.8361      4.459      4.557    1435.67    1435.67     7.9133     8.0402    92.9810    94.4720  0.000e+00
      21973      5.000     4.9834     4.9835    0.80002    0.80009          1     3.5312     3.2931      99.15      0.522     0.4092     0.1777  5.268e+01  0.1166000     7.3800     7.3807     0.0007     0.0001     5.8355     5.8360      4.954      5.063    1435.68    1435.68     7.9115     8.0316    92.9600    94.3720  0.000e+00
      22024      5.500     4.9833     4.9830    0.80003    0.80009          1     3.5306     3.2923      95.96      0.615     0.4054     0.1957  4.455e+01  0.1155000     7.3800     7.3807     0.0007    -0.0003     5.8355     5.8361      5.449      5.569    1435.69    1435.68     7.9094     8.0328    92.9360    94.3840  0.000e+00
      22039      6.000     4.9832     4.9827    0.80003    0.80009          1     3.5305     3.2924      95.96      0.705     0.4066     0.2102  3.954e+01  0.1215000     7.3800     7.3807     0.0007    -0.0005     5.8355     5.8361      5.945      6.076    1435.69    1435.69     7.9090     8.0381    92.9300    94.4470  0.000e+00
      22055      6.500     4.9829     4.9827    0.80003    0.80009          1     3.5304     3.2921      95.98      0.764     0.4054     0.1428  3.678e+01  0.1146000     7.3800     7.3807     0.0007    -0.0002     5.8355     5.8361      6.440      6.582    1435.70    1435.70     7.9094     8.0419    92.9340    94.4900  0.000e+00
      22093      7.000     4.9828     4.9827    0.80003    0.80010          1     3.5301     3.2926      87.34      0.502     0.4091     0.1705  3.551e+01  0.1125000     7.3800     7.3806     0.0007    -0.0001     5.8355     5.8360      6.936      7.088    1435.71    1435.71     7.9111     8.0449    92.9540    94.5260  0.000e+00
      22158      7.500     4.9830     4.9827    0.80004    0.80011          1     3.5299     3.2929      96.48      0.138     0.4111     0.2043  3.374e+01  0.1088000     7.3799     7.3807     0.0007    -0.0002     5.8355     5.8361      7.431      7.595    1435.72    1435.72     7.9118     8.0392    92.9630    94.4590  0.000e+00
      22174      8.000     4.9830     4.9828    0.80005    0.80012          1     3.5301     3.2921      95.98      0.451     0.4060     0.2014  2.946e+01  0.1037000     7.3800     7.3807     0.0007    -0.0002     5.8356     5.8361      7.926      8.101    1435.72    1435.72     7.9124     8.0350    92.9700    94.4100  0.000e+00
      22189      8.500     4.9832     4.9830    0.80007    0.80013          1     3.5303     3.2919      96.00      0.663     0.4050     0.2222  2.481e+01  0.1091000     7.3800     7.3807     0.0007    -0.0002     5.8356     5.8361      8.422      8.607    1435.73    1435.73     7.9127     8.0360    92.9730    94.4230  0.000e+00
      22204      9.000     4.9831     4.9829    0.80007    0.80013          1     3.5301     3.2913      95.98      0.786     0.4083     0.2099  2.129e+01  0.1209000     7.3800     7.3807     0.0007    -0.0002     5.8355     5.8361      8.917      9.114    1435.74    1435.74     7.9120     8.0338    92.9650    94.3960  0.000e+00
      22221      9.500     4.9830     4.9825    0.80007    0.80013          1     3.5301     3.2909      96.01      0.787     0.4151     0.1927  1.925e+01  0.1310000     7.3800     7.3807     0.0007    -0.0005     5.8355     5.8361      9.412      9.620    1435.75    1435.75     7.9132     8.0389    92.9790    94.4550  0.000e+00
      22247     10.000     4.9827     4.9824    0.80006    0.80013          1     3.5301     3.2910      82.44      0.573     0.4127     0.1786  1.789e+01  0.1180000     7.3799     7.3806     0.0007    -0.0003     5.8355     5.8361      9.908     10.126    1435.75    1435.75     7.9121     8.0395    92.9650    94.4610  0.000e+00
      22288     10.500     4.9830     4.9829    0.80008    0.80015          1     3.5297     3.2904      95.44      0.317     0.4129     0.1863  1.812e+01  0.1216000     7.3800     7.3806     0.0006    -0.0001     5.8355     5.8360     10.403     10.633    1435.76    1435.76     7.9126     8.0396    92.9720    94.4640  0.000e+00
      22345     11.000     4.9831     4.9830    0.80009    0.80016          1     3.5293     3.2908      84.54      0.192     0.4032     0.1712  1.735e+01  0.1154000     7.3800     7.3807     0.0007    -0.0001     5.8355     5.8361     10.899     11.139    1435.77    1435.77     7.9091     8.0431    92.9310    94.5060  0.000e+00
      22382     11.500     4.9832     4.9829    0.80010    0.80016          1     3.5282     3.2909      96.51      0.288     0.4007     0.1852  1.406e+01  0.1217000     7.3800     7.3807     0.0007    -0.0003     5.8355     5.8361     11.394     11.645    1435.78    1435.78     7.9070     8.0439    92.9070    94.5140  0.000e+00
      22400     12.000     4.9826     4.9825    0.80010    0.80016          1     3.5284     3.2908      96.01      0.475     0.4040     0.2433  1.187e+01  0.1212000     7.3800     7.3806     0.0006    -0.0002     5.8355     5.8361     11.889     12.152    1435.79    1435.78     7.9120     8.0474    92.9640    94.5550  0.000e+00
      22414     12.500     4.9821     4.9815    0.80008    0.80014          1     3.5284     3.2914      96.05      0.644     0.4066     0.2203  1.039e+01  0.1207000     7.3798     7.3806     0.0007    -0.0006     5.8355     5.8361     12.385     12.658    1435.79    1435.79     7.9133     8.0508    92.9780    94.5920  0.000e+00
      22427     13.000     4.9811     4.9813    0.80006    0.80014          1     3.5285     3.2915      96.08      0.788     0.3992     0.1921  9.443e+00  0.1179000     7.3799     7.3806     0.0007     0.0002     5.8355     5.8361     12.880     13.164    1435.79    1435.80     7.9142     8.0518    92.9860    94.6040  0.000e+00
      22440     13.500     4.9811     4.9807    0.80008    0.80014          1     3.5287     3.2917      96.07      0.885     0.3937     0.1852  8.798e+00  0.1155000     7.3800     7.3807     0.0007    -0.0004     5.8356     5.8362     13.376     13.670    1435.80    1435.80     7.9131     8.0513    92.9730    94.5970  0.000e+00
      22456     14.000     4.9805     4.9801    0.80007    0.80013          1     3.5285     3.2919      96.10      0.891     0.4023     0.1779  8.462e+00  0.1155000     7.3800     7.3807     0.0007    -0.0004     5.8356     5.8362     13.871     14.177    1435.81    1435.81     7.9130     8.0471    92.9700    94.5460  0.000e+00
      22478     14.500     4.9805     4.9802    0.80007    0.80014          1     3.5284     3.2913      96.10      0.711     0.3970     0.1776  8.548e+00  0.1155000     7.3799     7.3807     0.0007    -0.0003     5.8356     5.8362     14.366     14.683    1435.82    1435.82     7.9137     8.0423    92.9780    94.4900  0.000e+00
      22556     15.000     4.9814     4.9808    0.80010    0.80016          1     3.5269     3.2904      96.10      0.201     0.4022     0.1854  8.060e+00  0.1145000     7.3799     7.3806     0.0007    -0.0007     5.8355     5.8361     14.862     15.189    1435.83    1435.83     7.9103     8.0410    92.9410    94.4760  0.000e+00
      22616     15.500     4.9811     4.9809    0.80010    0.80017          1     3.5262     3.2896      44.79      0.243     0.4178     0.2529  7.053e+00  0.1215000     7.3799     7.3807     0.0008    -0.0002     5.8355     5.8362     15.357     15.696    1435.83    1435.83     7.9117     8.0391    92.9570    94.4530  0.000e+00
      22629     16.000     4.9807     4.9804    0.80010    0.80016          1     3.5266     3.2895      40.04      0.504     0.4170     0.1611  6.560e+00  0.1169000     7.3800     7.3806     0.0007    -0.0004     5.8356     5.8362     15.852     16.202    1435.84    1435.84     7.9123     8.0370    92.9630    94.4270  0.000e+00
      22640     16.500     4.9805     4.9802    0.80011    0.80018          1     3.5266     3.2889      96.33      0.717     0.4176     0.1483  6.061e+00  0.1162000     7.3800     7.3808     0.0008    -0.0004     5.8356     5.8363     16.348     16.708    1435.85    1435.85     7.9124     8.0349    92.9640    94.4030  0.000e+00
      22650     17.000     4.9807     4.9804    0.80012    0.80018          1     3.5265     3.2885      96.05      0.905     0.4056     0.1571  5.572e+00  0.1156000     7.3800     7.3806     0.0006    -0.0002     5.8357     5.8361     16.843     17.215    1435.86    1435.86     7.9119     8.0368    92.9580    94.4250  0.000e+00
      22659     17.500     4.9805     4.9803    0.80011    0.80018          1     3.5268     3.2887      96.14      1.070     0.3944     0.1677  5.152e+00  0.1153000     7.3799     7.3806     0.0007    -0.0003     5.8356     5.8361     17.338     17.721    1435.86    1435.86     7.9123     8.0424    92.9630    94.4910  0.000e+00
      22669     18.000     4.9804     4.9801    0.80012    0.80018          1     3.5268     3.2889      96.09      1.195     0.3943     0.1691  4.791e+00  0.1158000     7.3800     7.3807     0.0007    -0.0002     5.8356     5.8362     17.834     18.227    1435.87    1435.87     7.9111     8.0467    92.9480    94.5410  0.000e+00
      22679     18.500     4.9807     4.9803    0.80013    0.80019          1     3.5265     3.2887      95.12      1.251     0.4038     0.1990  4.465e+00  0.1256000     7.3799     7.3805     0.0006    -0.0004     5.8356     5.8361     18.329     18.734    1435.88    1435.88     7.9099     8.0456    92.9350    94.5290  0.000e+00
      22710     19.000     4.9809     4.9806    0.80013    0.80021          1     3.5261     3.2887      96.12      1.031     0.4056     0.2042  4.212e+00  0.1236000     7.3799     7.3807     0.0008    -0.0003     5.8355     5.8362     18.824     19.240    1435.89    1435.89     7.9106     8.0408    92.9440    94.4730  0.000e+00
      22826     19.500     4.9809     4.9806    0.80014    0.80022          1     3.5258     3.2871      96.29      0.553     0.3979     0.2220  4.116e+00  0.1167000     7.3799     7.3807     0.0008    -0.0003     5.8355     5.8362     19.320     19.746    1435.90    1435.90     7.9095     8.0370    92.9310    94.4280  0.000e+00
      22840     20.000     4.9809     4.9806    0.80015    0.80022          1     3.5251     3.2871      96.27      0.728     0.3935     0.1915  3.865e+00  0.1212000     7.3799     7.3806     0.0007    -0.0003     5.8356     5.8361     19.815     20.253    1435.90    1435.90     7.9047     8.0409    92.8740    94.4740  0.000e+00
      22852     20.500     4.9810     4.9806    0.80017    0.80023          1     3.5245     3.2871      96.30      0.844     0.3937     0.1897  3.639e+00  0.1307000     7.3800     7.3807     0.0007    -0.0004     5.8356     5.8362     20.311     20.759    1435.91    1435.91     7.9031     8.0413    92.8550    94.4790  0.000e+00
      22865     21.000     4.9809     4.9807    0.80017    0.80024          1     3.5245     3.2872      96.31      0.921     0.3937     0.2198  3.371e+00  0.1334000     7.3800     7.3807     0.0007    -0.0002     5.8356     5.8362     20.806     21.265    1435.92    1435.92     7.9060     8.0416    92.8900    94.4830  0.000e+00
      22879     21.500     4.9810     4.9807    0.80017    0.80024          1     3.5241     3.2871      96.31      0.932     0.4042     0.2134  3.122e+00  0.1180000     7.3799     7.3806     0.0007    -0.0003     5.8356     5.8361     21.301     21.772    1435.93    1435.93     7.9082     8.0416    92.9150    94.4820  0.000e+00
      22902     22.000     4.9809     4.9808    0.80019    0.80025          1     3.5243     3.2871      96.30      0.720     0.3971     0.1707  3.007e+00  0.1115000     7.3799     7.3806     0.0007    -0.0002     5.8356     5.8361     21.797     22.278    1435.94    1435.94     7.9124     8.0452    92.9650    94.5250  0.000e+00
      22945     22.500     4.9809     4.9808    0.80020    0.80027          1     3.5248     3.2877      96.30      0.279     0.4055     0.2513  2.845e+00  0.1156000     7.3800     7.3808     0.0007    -0.0001     5.8356     5.8362     22.292     22.784    1435.94    1435.94     7.9099     8.0452    92.9350    94.5250  0.000e+00
      22984     23.000     4.9810     4.9808    0.80022    0.80027          1     3.5236     3.2876      96.29      0.286     0.4067     0.2438  2.462e+00  0.1145000     7.3801     7.3807     0.0006    -0.0002     5.8357     5.8362     22.787     23.290    1435.95    1435.95     7.9052     8.0455    92.8800    94.5280  0.000e+00
      23009     23.500     4.9810     4.9807    0.80023    0.80029          1     3.5234     3.2874      96.17      0.430     0.4068     0.1876  2.255e+00  0.1212000     7.3802     7.3808     0.0006    -0.0002     5.8358     5.8363     23.283     23.797    1435.96    1435.96     7.9088     8.0454    92.9230    94.5270  0.000e+00
      23040     24.000     4.9811     4.9810    0.80024    0.80031          1     3.5234     3.2875      57.19      0.426     0.4054     0.2000  2.211e+00  0.1271000     7.3802     7.3809     0.0007    -0.0001     5.8358     5.8363     23.778     24.303    1435.97    1435.97     7.9092     8.0430    92.9270    94.4990  0.000e+00
      23079     24.500     4.9812     4.9810    0.80025    0.80031          1     3.5234     3.2874      87.70      0.282     0.4049     0.2473  2.072e+00  0.1229000     7.3802     7.3808     0.0006    -0.0002     5.8358     5.8362     24.273     24.809    1435.98    1435.98     7.9101     8.0477    92.9380    94.5550  0.000e+00
      23104     25.000     4.9812     4.9808    0.80023    0.80029          1     3.5235     3.2872      96.58      0.399     0.3956     0.1839  1.952e+00  0.1159000     7.3799     7.3806     0.0007    -0.0005     5.8356     5.8361     24.769     25.316    1435.98    1435.98     7.9113     8.0424    92.9530    94.4920  0.000e+00
      23121     25.500     4.9810     4.9807    0.80023    0.80030          1     3.5234     3.2870      96.27      0.549     0.3899     0.1917  1.816e+00  0.1206000     7.3799     7.3807     0.0008    -0.0003     5.8355     5.8362     25.264     25.822    1435.99    1435.99     7.9125     8.0401    92.9660    94.4650  0.000e+00
      23136     26.000     4.9813     4.9807    0.80025    0.80031          1     3.5237     3.2865      96.29      0.687     0.3927     0.2088  1.667e+00  0.1273000     7.3800     7.3807     0.0007    -0.0006     5.8356     5.8362     25.759     26.328    1436.00    1436.00     7.9146     8.0366    92.9910    94.4240  0.000e+00
      23151     26.500     4.9814     4.9810    0.80026    0.80032          1     3.5240     3.2860      96.30      0.777     0.4038     0.2180  1.546e+00  0.1278000     7.3800     7.3807     0.0008    -0.0005     5.8356     5.8362     26.255     26.835    1436.01    1436.01     7.9144     8.0385    92.9890    94.4470  0.000e+00
      23171     27.000     4.9813     4.9811    0.80027    0.80034          1     3.5239     3.2860      96.30      0.738     0.3989     0.1953  1.426e+00  0.1242000     7.3800     7.3808     0.0008    -0.0002     5.8357     5.8363     26.750     27.341    1436.02    1436.02     7.9131     8.0428    92.9740    94.4970  0.000e+00
