ctdpy/tests/etc/exprapp_feb_2020/SBE09_1387_20200206_1343_77_10_0114.cnv
* Sea-Bird SBE 9 Data File:
* FileName = L:\2020\sv20d0114.hex
* Software Version Seasave V 7.26.7.121
* Temperature SN = 6378
* Conductivity SN = 4824
* Number of Bytes Per Scan = 41
* Number of Voltage Words = 4
* Number of Scans Averaged by the Deck Unit = 1
* NMEA Latitude = 58 20.37 N
* NMEA Longitude = 011 01.32 E
* NMEA UTC (Time) = Feb 06 2020  13:43:04
* NMEA baud rate = 4800
** Station:  Å13
** Operator:  SSip
** Ship: SVEA
** Average sound velocity: 1477.40 m/s
** True-depth calculation Thu, 06 Feb 2020 15:07:18 +0000
** CTD Python Module SMHI /ver 3-12/ feb 2012 
** LIMS Job: 20207710-0114
** Cruise: SMHI-03-2020
** Latitude [GG MM.mm N] :
** Longitude [GGG MM.mm E]:
# nquan = 30
# nvalues = 188                         
# units = specified
# name 0 = scan: Scan Count
# name 1 = prDM: Pressure, Digiquartz [db]
# name 2 = t090C: Temperature [ITS-90, deg C]
# name 3 = t190C: Temperature, 2 [ITS-90, deg C]
# name 4 = c0S/m: Conductivity [S/m]
# name 5 = c1S/m: Conductivity, 2 [S/m]
# name 6 = pumps: Pump Status
# name 7 = sbeox0V: Oxygen raw, SBE 43 [V]
# name 8 = sbeox1V: Oxygen raw, SBE 43, 2 [V]
# name 9 = altM: Altimeter [m]
# name 10 = dz/dtM: Descent Rate [m/s]
# name 11 = flECO-AFL: Chl-a Fluorescence, WET Labs ECO-AFL/FL [mg/m^3]
# name 12 = flECO-AFL1: Phycocyanin Fluorescence, WET Labs ECO-AFL/FL, 2 [mg/m^3]
# name 13 = par: PAR/Irradiance, Biospherical/Lico [µE/(cm^2*s)]
# name 14 = turbWETntu0: Turbidity, WET Labs ECO [NTU]
# name 15 = sal00: Salinity, Practical [PSU]
# name 16 = sal11: Salinity, Practical, 2 [PSU]
# name 17 = secS-priS: Salinity, Practical, Difference, 2 - 1 [PSU]
# name 18 = T2-T190C: Temperature Difference, 2 - 1 [ITS-90, deg C]
# name 19 = sigma-t00: Density [sigma-t, kg/m^3 ]
# name 20 = sigma-t11: Density, 2 [sigma-t, kg/m^3 ]
# name 21 = depSM: Depth [salt water, m], lat = 58.3395
# name 22 = depFM: Depth [true depth, m], lat = 58.3395
# name 23 = svCM: Sound Velocity [Chen-Millero, m/s]
# name 24 = svCM1: Sound Velocity, 2 [Chen-Millero, m/s]
# name 25 = sbeox0ML/L: Oxygen, SBE 43 [ml/l], WS = 2
# name 26 = sbeox1ML/L: Oxygen, SBE 43, 2 [ml/l], WS = 2
# name 27 = sbeox0PS: Oxygen, SBE 43 [% saturation], WS = 2
# name 28 = sbeox1PS: Oxygen, SBE 43, 2 [% saturation], WS = 2
# name 29 = flag: flag
# span 0 =      71494,      76955       
# span 1 =      1.500,     95.000       
# span 2 =     6.0517,     7.1534       
# span 3 =     6.0496,     7.1532       
# span 4 =   3.154523,   3.482341       
# span 5 =   3.153441,   3.482196       
# span 6 =          1,          1       
# span 7 =     3.4870,     3.6152       
# span 8 =     3.2451,     3.3616       
# span 9 =       1.38,     103.84       
# span 10 =     -0.184,      0.766      
# span 11 =     0.4264,     1.0592      
# span 12 =     0.1743,     0.3415      
# span 13 = -6.934e-06, 6.9774e+01      
# span 14 =     0.7333,     4.5166      
# span 15 =    31.7797,    34.2921      
# span 16 =    31.7695,    34.2907      
# span 17 =    -0.0718,     0.4068      
# span 18 =    -0.0151,     0.0858      
# span 19 =    25.0025,    26.8399      
# span 20 =    24.9948,    26.8388      
# span 21 =      1.486,     94.095      
# span 22 =      1.491,     94.262      
# span 23 =    1470.92,    1479.92      
# span 24 =    1470.90,    1479.92      
# span 25 =     6.2196,     6.7231      
# span 26 =     6.2996,     6.8298      
# span 27 =     91.965,     95.402      
# span 28 =     93.196,     96.994      
# span 29 = 0.0000e+00, 0.0000e+00      
# interval = decibars: 0.5              
# start_time = Feb 06 2020 13:43:04 [NMEA time, first data scan]
# bad_flag = -9.990e-29
*END*
[from data line 97]
      73966     50.000     6.9181     6.9180    3.43179    3.43168          1     3.5041     3.2620      46.45      0.630     0.4893     0.2100  1.000e-12  2.4655000    33.9922    33.9912    -0.0011    -0.0000    26.6361    26.6353     49.529     49.622    1477.90    1477.90     6.2733     6.3676    92.1360    93.5200  0.000e+00
      73982     50.500     6.9186     6.9186    3.43190    3.43178          1     3.5045     3.2619      45.93      0.715     0.4850     0.2357  1.000e-12  2.6579000    33.9927    33.9914    -0.0013     0.0000    26.6364    26.6354     50.024     50.118    1477.91    1477.91     6.2756     6.3593    92.1710    93.3990  0.000e+00
      74000     51.000     6.9188     6.9185    3.43193    3.43177          1     3.5043     3.2614      45.44      0.719     0.4655     0.2686  1.000e-12  2.6395000    33.9927    33.9912    -0.0015    -0.0003    26.6363    26.6352     50.520     50.614    1477.92    1477.91     6.2757     6.3599    92.1720    93.4080  0.000e+00
      74030     51.500     6.9187     6.9191    3.43197    3.43189          1     3.5044     3.2615      44.78      0.503     0.4702     0.2779  1.000e-12  2.6433000    33.9928    33.9916    -0.0012     0.0004    26.6365    26.6355     51.015     51.110    1477.93    1477.93     6.2764     6.3630    92.1820    93.4550  0.000e+00
      74070     52.000     6.9199     6.9202    3.43217    3.43209          1     3.5047     3.2616      44.23      0.271     0.4609     0.2541  1.000e-12  2.3673000    33.9937    33.9925    -0.0012     0.0003    26.6370    26.6360     51.510     51.606    1477.94    1477.94     6.2752     6.3638    92.1690    93.4700  0.000e+00
      74094     52.500     6.9200     6.9210    3.43220    3.43231          1     3.5039     3.2619      43.85      0.400     0.4687     0.2386  1.000e-12  2.3594000    33.9936    33.9938     0.0003     0.0010    26.6369    26.6369     52.005     52.102    1477.95    1477.95     6.2712     6.3693    92.1110    93.5530  0.000e+00
      74113     53.000     6.9250     6.9254    3.43314    3.43311          1     3.5031     3.2626      43.41      0.543     0.4751     0.2437  1.000e-12  2.4201000    33.9988    33.9980    -0.0008     0.0004    26.6403    26.6397     52.501     52.598    1477.98    1477.98     6.2703     6.3674    92.1110    93.5370  0.000e+00
      74133     53.500     6.9262     6.9261    3.43339    3.43327          1     3.5031     3.2623      42.92      0.616     0.4756     0.2669  1.000e-12  2.5947000    34.0001    33.9989    -0.0012    -0.0002    26.6412    26.6403     52.996     53.094    1478.00    1478.00     6.2735     6.3569    92.1600    93.3840  0.000e+00
      74153     54.000     6.9276     6.9274    3.43370    3.43357          1     3.5033     3.2611      42.39      0.612     0.4737     0.2924  1.000e-12  2.4084000    34.0019    34.0007    -0.0012    -0.0002    26.6424    26.6415     53.491     53.590    1478.01    1478.01     6.2733     6.3499    92.1610    93.2850  0.000e+00
      74176     54.500     6.9281     6.9280    3.43382    3.43369          1     3.5028     3.2599      41.92      0.565     0.4746     0.2645  1.000e-12  2.7111000    34.0025    34.0012    -0.0012    -0.0002    26.6428    26.6418     53.986     54.086    1478.02    1478.02     6.2696     6.3542    92.1100    93.3510  0.000e+00
      74201     55.000     6.9284     6.9282    3.43392    3.43376          1     3.5023     3.2597      41.34      0.499     0.4812     0.2922  1.000e-12  2.6327000    34.0030    34.0015    -0.0015    -0.0002    26.6431    26.6420     54.482     54.582    1478.03    1478.03     6.2699     6.3546    92.1150    93.3570  0.000e+00
      74228     55.500     6.9290     6.9290    3.43403    3.43392          1     3.5018     3.2590      40.82      0.448     0.4745     0.3046  1.000e-12  2.5428000    34.0034    34.0023    -0.0011    -0.0000    26.6434    26.6425     54.977     55.078    1478.04    1478.04     6.2683     6.3545    92.0920    93.3580  0.000e+00
      74253     56.000     6.9299     6.9300    3.43425    3.43414          1     3.5011     3.2589      40.34      0.460     0.4743     0.2613  1.000e-12  2.5825000    34.0046    34.0033    -0.0013     0.0001    26.6443    26.6432     55.472     55.574    1478.06    1478.06     6.2670     6.3581    92.0760    93.4140  0.000e+00
      74278     56.500     6.9303     6.9299    3.43431    3.43416          1     3.5008     3.2591      39.84      0.479     0.4614     0.2389  1.000e-12  2.4761000    34.0047    34.0034    -0.0013    -0.0003    26.6443    26.6433     55.967     56.070    1478.07    1478.06     6.2695     6.3590    92.1130    93.4270  0.000e+00
      74302     57.000     6.9302     6.9303    3.43433    3.43425          1     3.5012     3.2591      39.34      0.486     0.4727     0.2251  1.000e-12  2.4859000    34.0048    34.0038    -0.0010     0.0001    26.6443    26.6435     56.462     56.566    1478.08    1478.08     6.2730     6.3586    92.1640    93.4210  0.000e+00
      74324     57.500     6.9309     6.9310    3.43450    3.43443          1     3.5014     3.2591      38.97      0.524     0.4816     0.2121  1.000e-12  2.6733000    34.0058    34.0048    -0.0010     0.0001    26.6450    26.6442     56.958     57.062    1478.09    1478.09     6.2722     6.3523    92.1550    93.3320  0.000e+00
      74343     58.000     6.9323     6.9321    3.43481    3.43468          1     3.5016     3.2578      38.47      0.587     0.4755     0.2386  1.000e-12  2.6684000    34.0075    34.0063    -0.0012    -0.0001    26.6462    26.6453     57.453     57.558    1478.10    1478.10     6.2707     6.3497    92.1360    93.2960  0.000e+00
      74363     58.500     6.9331     6.9328    3.43498    3.43481          1     3.5010     3.2577      37.94      0.620     0.4628     0.2254  1.000e-12  2.5867000    34.0084    34.0068    -0.0015    -0.0003    26.6467    26.6456     57.948     58.054    1478.12    1478.11     6.2675     6.3520    92.0930    93.3320  0.000e+00
      74388     59.000     6.9336     6.9334    3.43509    3.43496          1     3.5003     3.2569      37.35      0.535     0.4621     0.2204  1.000e-12  2.5637000    34.0088    34.0075    -0.0013    -0.0002    26.6470    26.6461     58.443     58.551    1478.13    1478.12     6.2675     6.3515    92.0940    93.3270  0.000e+00
      74419     59.500     6.9346     6.9350    3.43533    3.43531          1     3.4997     3.2573      36.82      0.404     0.4670     0.2551  1.000e-12  2.5484000    34.0102    34.0095    -0.0007     0.0004    26.6480    26.6474     58.938     59.047    1478.14    1478.14     6.2635     6.3557    92.0380    93.3930  0.000e+00
      74447     60.000     6.9370     6.9369    3.43582    3.43571          1     3.4985     3.2568      36.32      0.404     0.4676     0.2982  1.000e-12  2.6301000    34.0130    34.0118    -0.0012    -0.0000    26.6499    26.6489     59.434     59.543    1478.16    1478.16     6.2651     6.3552    92.0680    93.3910  0.000e+00
      74470     60.500     6.9382     6.9383    3.43610    3.43601          1     3.4990     3.2576      35.90      0.481     0.4682     0.2745  1.000e-12  3.0566000    34.0146    34.0135    -0.0011     0.0001    26.6510    26.6501     59.929     60.039    1478.18    1478.18     6.2698     6.3600    92.1400    93.4650  0.000e+00
      74492     61.000     6.9398     6.9396    3.43642    3.43633          1     3.4996     3.2576      35.50      0.537     0.4797     0.2497  1.000e-12  2.9862000    34.0164    34.0155    -0.0008    -0.0002    26.6521    26.6515     60.424     60.535    1478.19    1478.19     6.2702     6.3510    92.1510    93.3380  0.000e+00
      74514     61.500     6.9405     6.9405    3.43659    3.43651          1     3.4997     3.2566      34.97      0.551     0.4829     0.2630  1.000e-12  2.6950000    34.0173    34.0163    -0.0009     0.0001    26.6528    26.6520     60.919     61.031    1478.20    1478.20     6.2689     6.3498    92.1330    93.3220  0.000e+00
      74538     62.000     6.9425     6.9430    3.43702    3.43702          1     3.4997     3.2566      34.43      0.518     0.4739     0.2917  1.000e-12  3.0852000    34.0197    34.0193    -0.0004     0.0004    26.6544    26.6540     61.414     61.527    1478.23    1478.23     6.2683     6.3543    92.1300    93.3950  0.000e+00
      74565     62.500     6.9479     6.9483    3.43813    3.43812          1     3.4992     3.2570      33.91      0.465     0.4745     0.3138  1.000e-12  3.2126000    34.0263    34.0259    -0.0004     0.0003    26.6589    26.6585     61.910     62.023    1478.26    1478.26     6.2634     6.3588    92.0740    93.4770  0.000e+00
      74590     63.000     6.9523     6.9527    3.43912    3.43906          1     3.4985     3.2573      33.42      0.458     0.4675     0.3047  1.000e-12  2.7763000    34.0326    34.0317    -0.0009     0.0004    26.6632    26.6624     62.405     62.519    1478.30    1478.30     6.2634     6.3514    92.0870    93.3820  0.000e+00
      74612     63.500     6.9590     6.9604    3.44056    3.44076          1     3.4984     3.2567      33.00      0.506     0.4640     0.2598  1.000e-12  2.7414000    34.0416    34.0424     0.0008     0.0014    26.6694    26.6699     62.900     63.015    1478.34    1478.35     6.2629     6.3484    92.0990    93.3610  0.000e+00
      74632     64.000     6.9682     6.9668    3.44245    3.44207          1     3.4982     3.2566      32.56      0.563     0.4748     0.2416  1.000e-12  2.9671000    34.0530    34.0503    -0.0028    -0.0014    26.6771    26.6751     63.395     63.511    1478.40    1478.39     6.2571     6.3498    92.0400    93.4000  0.000e+00
      74655     64.500     6.9708     6.9730    3.44302    3.44334          1     3.4969     3.2566      32.01      0.567     0.4861     0.2962  1.000e-12  2.6504000    34.0564    34.0578     0.0014     0.0021    26.6795    26.6802     63.890     64.007    1478.42    1478.43     6.2537     6.3497    91.9980    93.4150  0.000e+00
      74681     65.000     6.9740     6.9749    3.44368    3.44372          1     3.4962     3.2566      31.46      0.491     0.4746     0.2655  1.000e-12  3.1038000    34.0603    34.0598    -0.0004     0.0009    26.6820    26.6816     64.386     64.503    1478.45    1478.45     6.2540     6.3477    92.0120    93.3920  0.000e+00
      74710     65.500     6.9787     6.9793    3.44468    3.44467          1     3.4954     3.2558      30.93      0.416     0.4730     0.2684  1.000e-12  3.0427000    34.0663    34.0657    -0.0007     0.0006    26.6862    26.6856     64.881     64.999    1478.48    1478.48     6.2499     6.3393    91.9650    93.2810  0.000e+00
      74736     66.000     6.9882     6.9878    3.44671    3.44656          1     3.4946     3.2547      30.46      0.433     0.4726     0.3307  1.000e-12  3.0068000    34.0790    34.0778    -0.0012    -0.0004    26.6948    26.6939     65.376     65.495    1478.54    1478.54     6.2501     6.3354    91.9950    93.2490  0.000e+00
      74757     66.500     6.9925     6.9919    3.44766    3.44747          1     3.4948     3.2542      30.04      0.506     0.4586     0.3184  1.000e-12  2.8956000    34.0848    34.0834    -0.0015    -0.0006    26.6989    26.6978     65.871     65.991    1478.57    1478.57     6.2529     6.3384    92.0500    93.3060  0.000e+00
      74776     67.000     6.9931     6.9928    3.44782    3.44767          1     3.4954     3.2541      29.59      0.592     0.4593     0.2450  1.000e-12  2.7596000    34.0858    34.0845    -0.0013    -0.0003    26.6995    26.6985     66.367     66.487    1478.59    1478.58     6.2554     6.3361    92.0880    93.2740  0.000e+00
      74794     67.500     6.9940     6.9936    3.44800    3.44786          1     3.4958     3.2532      29.17      0.648     0.4789     0.1888  1.000e-12  3.0609000    34.0868    34.0855    -0.0013    -0.0003    26.7002    26.6992     66.862     66.983    1478.60    1478.60     6.2526     6.3344    92.0490    93.2520  0.000e+00
      74817     68.000     6.9947     6.9962    3.44815    3.44827          1     3.4951     3.2533      28.55      0.604     0.4718     0.2429  1.000e-12  3.1310000    34.0874    34.0873    -0.0001     0.0014    26.7006    26.7003     67.357     67.479    1478.61    1478.62     6.2529     6.3426    92.0550    93.3800  0.000e+00
      74850     68.500     6.9955     7.0004    3.44838    3.44913          1     3.4960     3.2542      27.90      0.406     0.4785     0.2639  1.000e-12  3.0861000    34.0889    34.0923     0.0034     0.0049    26.7017    26.7037     67.852     67.975    1478.62    1478.65     6.2551     6.3433    92.0910    93.4020  0.000e+00
      74884     69.000     7.0071     7.0066    3.45071    3.45054          1     3.4954     3.2542      27.39      0.329     0.4723     0.2072  1.000e-12  2.9081000    34.1028    34.1014    -0.0013    -0.0006    26.7110    26.7100     68.347     68.471    1478.69    1478.69     6.2468     6.3414    92.0020    93.3920  0.000e+00
      74908     69.500     7.0148     7.0216    3.45228    3.45350          1     3.4945     3.2546      27.00      0.439     0.4744     0.2446  1.000e-12  3.3327000    34.1122    34.1188     0.0066     0.0068    26.7173    26.7216     68.842     68.967    1478.74    1478.78     6.2465     6.3374    92.0180    93.3760  0.000e+00
      74927     70.000     7.0286     7.0280    3.45505    3.45485          1     3.4948     3.2542      26.57      0.545     0.4762     0.2864  1.000e-12  3.1574000    34.1285    34.1270    -0.0016    -0.0006    26.7283    26.7272     69.338     69.463    1478.83    1478.82     6.2490     6.3294    92.0950    93.2780  0.000e+00
      74946     70.500     7.0303     7.0299    3.45546    3.45528          1     3.4954     3.2530      26.07      0.609     0.4627     0.2999  1.000e-12  3.2374000    34.1311    34.1296    -0.0016    -0.0004    26.7302    26.7290     69.833     69.959    1478.84    1478.84     6.2514     6.3266    92.1360    93.2420  0.000e+00
      74966     71.000     7.0360     7.0358    3.45667    3.45653          1     3.4960     3.2529      25.58      0.629     0.4694     0.3011  1.000e-12  3.2060000    34.1386    34.1372    -0.0014    -0.0002    26.7352    26.7342     70.328     70.455    1478.88    1478.88     6.2498     6.3315    92.1280    93.3310  0.000e+00
      74986     71.500     7.0451     7.0457    3.45850    3.45854          1     3.4962     3.2530      25.07      0.612     0.4689     0.2645  1.000e-12  3.0488000    34.1493    34.1491    -0.0002     0.0006    26.7424    26.7422     70.823     70.951    1478.94    1478.94     6.2463     6.3332    92.1020    93.3840  0.000e+00
      75012     72.000     7.0525     7.0516    3.46000    3.45962          1     3.4952     3.2532      24.50      0.526     0.4636     0.2671  1.000e-12  2.7762000    34.1582    34.1550    -0.0032    -0.0009    26.7484    26.7460     71.318     71.447    1478.99    1478.98     6.2379     6.3283    91.9990    93.3290  0.000e+00
      75044     72.500     7.0527     7.0528    3.46008    3.45995          1     3.4939     3.2527      23.96      0.398     0.4705     0.2412  1.000e-12  2.7271000    34.1587    34.1572    -0.0015     0.0001    26.7488    26.7475     71.813     71.943    1479.00    1479.00     6.2383     6.3289    92.0050    93.3410  0.000e+00
      75075     73.000     7.0583     7.0574    3.46104    3.46081          1     3.4934     3.2529      23.46      0.369     0.4618     0.2660  1.000e-12  3.3181000    34.1634    34.1618    -0.0015    -0.0009    26.7517    26.7506     72.309     72.439    1479.03    1479.03     6.2375     6.3300    92.0080    93.3690  0.000e+00
      75102     73.500     7.0583     7.0571    3.46112    3.46083          1     3.4932     3.2527      23.02      0.418     0.4531     0.2599  1.000e-12  2.8890000    34.1640    34.1620    -0.0020    -0.0011    26.7522    26.7508     72.804     72.935    1479.04    1479.04     6.2404     6.3250    92.0520    93.2960  0.000e+00
