ctdpy/tests/etc/exprapp_feb_2020/SBE09_1387_20200210_0631_77_10_0134.cnv
* Sea-Bird SBE 9 Data File:
* FileName = L:\2020\sv20d0134.hex
* Software Version Seasave V 7.26.7.121
* Temperature SN = 6378
* Conductivity SN = 4824
* Number of Bytes Per Scan = 41
* Number of Voltage Words = 4
* Number of Scans Averaged by the Deck Unit = 1
* NMEA Latitude = 56 38.59 N
* NMEA Longitude = 019 35.59 E
* NMEA UTC (Time) = Feb 10 2020  06:31:11
* NMEA baud rate = 4800
** Station:  BY10
** Operator:  DBSj
** Ship: SVEA
** Average sound velocity: 1445.29 m/s
** True-depth calculation Mon, 10 Feb 2020 07:26:40 +0000
** CTD Python Module SMHI /ver 3-12/ feb 2012 
** LIMS Job: 20207710-0134
** Cruise: SMHI-03-2020
** Latitude [GG MM.mm N] :
** Longitude [GGG MM.mm E]:
# nquan = 30
# nvalues = 272                         
# units = specified
# name 0 = scan: Scan Count
# name 1 = prDM: Pressure, Digiquartz [db]
# name 2 = t090C: Temperature [ITS-90, deg C]
# name 3 = t190C: Temperature, 2 [ITS-90, deg C]
# name 4 = c0S/m: Conductivity [S/m]
# name 5 = c1S/m: Conductivity, 2 [S/m]
# name 6 = pumps: Pump Status
# name 7 = sbeox0V: Oxygen raw, SBE 43 [V]
# name 8 = sbeox1V: Oxygen raw, SBE 43, 2 [V]
# name 9 = altM: Altimeter [m]
# name 10 = dz/dtM: Descent Rate [m/s]
# name 11 = flECO-AFL: Chl-a Fluorescence, WET Labs ECO-AFL/FL [mg/m^3]
# name 12 = flECO-AFL1: Phycocyanin Fluorescence, WET Labs ECO-AFL/FL, 2 [mg/m^3]
# name 13 = par: PAR/Irradiance, Biospherical/Lico [µE/(cm^2*s)]
# name 14 = turbWETntu0: Turbidity, WET Labs ECO [NTU]
# name 15 = sal00: Salinity, Practical [PSU]
# name 16 = sal11: Salinity, Practical, 2 [PSU]
# name 17 = secS-priS: Salinity, Practical, Difference, 2 - 1 [PSU]
# name 18 = T2-T190C: Temperature Difference, 2 - 1 [ITS-90, deg C]
# name 19 = sigma-t00: Density [sigma-t, kg/m^3 ]
# name 20 = sigma-t11: Density, 2 [sigma-t, kg/m^3 ]
# name 21 = depSM: Depth [salt water, m], lat = 56.6432
# name 22 = depFM: Depth [true depth, m], lat = 56.6432
# name 23 = svCM: Sound Velocity [Chen-Millero, m/s]
# name 24 = svCM1: Sound Velocity, 2 [Chen-Millero, m/s]
# name 25 = sbeox0ML/L: Oxygen, SBE 43 [ml/l], WS = 2
# name 26 = sbeox1ML/L: Oxygen, SBE 43, 2 [ml/l], WS = 2
# name 27 = sbeox0PS: Oxygen, SBE 43 [% saturation], WS = 2
# name 28 = sbeox1PS: Oxygen, SBE 43, 2 [% saturation], WS = 2
# name 29 = flag: flag
# span 0 =      16057,      28540       
# span 1 =      2.000,    137.500       
# span 2 =     4.8344,     8.3591       
# span 3 =     4.8340,     8.3686       
# span 4 =   0.791889,   1.432755       
# span 5 =   0.791968,   1.432702       
# span 6 =          1,          1       
# span 7 =     0.7407,     3.5376       
# span 8 =     0.7224,     3.2927       
# span 9 =       3.21,      96.88       
# span 10 =     -0.510,      1.669      
# span 11 =     0.3374,     0.4344      
# span 12 =     0.1470,     0.2833      
# span 13 = 1.0000e-12, 3.1449e+00      
# span 14 =     0.1019,     1.2438      
# span 15 =     7.3314,    12.7933      
# span 16 =     7.3322,    12.7909      
# span 17 =    -0.0532,     0.1625      
# span 18 =    -0.1144,     0.2252      
# span 19 =     5.8027,     9.9590      
# span 20 =     5.8033,     9.9569      
# span 21 =      1.982,    136.196      
# span 22 =      2.025,    138.980      
# span 23 =    1434.92,    1458.05      
# span 24 =    1434.92,    1458.07      
# span 25 =     0.0404,     7.9772      
# span 26 =     0.0635,     8.0831      
# span 27 =      0.520,     93.348      
# span 28 =      0.816,     94.588      
# span 29 = 0.0000e+00, 0.0000e+00      
# interval = decibars: 0.5              
# start_time = Feb 10 2020 06:31:11 [NMEA time, first data scan]
# bad_flag = -9.990e-29
*END*
[from data line 97]
      19059     50.500     4.8348     4.8344    0.79241    0.79249          1     3.5239     3.2754      87.54      0.889     0.4061     0.2561  1.000e-12  0.1151000     7.3315     7.3323     0.0008    -0.0003     5.8027     5.8034     50.032     51.139    1435.68    1435.68     7.9736     8.0787    93.3050    94.5360  0.000e+00
      19084     51.000     4.8348     4.8345    0.79244    0.79250          1     3.5230     3.2750      90.32      0.703     0.4057     0.2592  1.000e-12  0.1200000     7.3316     7.3323     0.0007    -0.0003     5.8029     5.8034     50.527     51.646    1435.69    1435.69     7.9621     8.0564    93.1720    94.2740  0.000e+00
      19205     51.500     4.8352     4.8349    0.79244    0.79252          1     3.4792     3.2443      76.33      0.325     0.4037     0.1891  1.000e-12  0.1085000     7.3315     7.3324     0.0009    -0.0003     5.8028     5.8035     51.022     52.152    1435.70    1435.70     7.5428     7.5671    88.2660    88.5500  0.000e+00
      19213     52.000     4.8367     4.8351    0.79268    0.79261          1     3.4566     3.2253      32.27      0.614     0.4052     0.2149  1.000e-12  0.1091000     7.3335     7.3332    -0.0003    -0.0016     5.8042     5.8041     51.518     52.658    1435.72    1435.71     7.4821     7.4859    87.5590    87.6010  0.000e+00
      19223     52.500     4.9151     4.9153    0.80337    0.80340          1     3.4384     3.2093       7.66      0.845     0.4145     0.2217  1.000e-12  0.1249000     7.4222     7.4225     0.0003     0.0002     5.8716     5.8718     52.013     53.165    1436.18    1436.18     7.4358     7.4340    87.2440    87.2230  0.000e+00
      19234     53.000     4.9594     4.9569    0.80882    0.80859          1     3.4208     3.1937      90.86      1.027     0.4153     0.2248  1.000e-12  0.1274000     7.4663     7.4646    -0.0017    -0.0025     5.9048     5.9036     52.508     53.671    1436.44    1436.43     7.4211     7.4344    87.1950    87.3450  0.000e+00
      19244     53.500     5.0098     5.0123    0.81485    0.81531          1     3.4070     3.1804      96.29      1.120     0.3940     0.2326  1.000e-12  0.1199000     7.5147     7.5187     0.0040     0.0025     5.9411     5.9442     53.003     54.177    1436.73    1436.75     7.4392     7.4776    87.5470    88.0070  0.000e+00
      19256     54.000     5.0402     5.0426    0.81851    0.81888          1     3.3985     3.1726      96.10      1.122     0.3816     0.2356  1.000e-12  0.1153000     7.5440     7.5472     0.0031     0.0024     5.9631     5.9655     53.499     54.683    1436.91    1436.93     7.5109     7.5981    88.4780    89.5120  0.000e+00
      19295     54.500     5.0150     5.0147    0.81547    0.81547          1     3.3142     3.1118      96.13      0.851     0.3783     0.2609  1.000e-12  0.1208000     7.5195     7.5196     0.0001    -0.0003     5.9447     5.9448     53.994     55.190    1436.78    1436.78     6.9326     6.8973    81.6170    81.2130  0.000e+00
      19401     55.000     4.9657     4.9599    0.80900    0.80858          1     2.7234     2.6651      96.21      0.676     0.3815     0.2633  1.000e-12  0.1274000     7.4664     7.4635    -0.0029    -0.0058     5.9046     5.9026     54.489     55.696    1436.50    1436.47     2.9677     1.9742    34.8750    23.1960  0.000e+00
      19411     55.500     5.2404     5.2110    0.85431    0.85101          1     2.5702     2.5159      96.21      0.868     0.3754     0.2637  1.000e-12  0.1274000     7.8501     7.8242    -0.0260    -0.0294     6.1960     6.1767     54.984     56.202    1438.20    1438.04     3.0168     2.0837    35.7960    24.7110  0.000e+00
      19422     56.000     5.8648     5.8592    0.97040    0.97164          1     2.4377     2.3780      85.72      1.033     0.3680     0.2460  1.000e-12  0.1217000     8.8403     8.8539     0.0136    -0.0056     6.9471     6.9582     55.480     56.708    1442.17    1442.16     3.3527     2.8422    40.6710    34.4780  0.000e+00
      19437     56.500     5.8000     5.7962    0.98918    0.99011          1     2.3507     2.2999      95.05      1.049     0.3581     0.2386  1.000e-12  0.1246000     9.0422     9.0524     0.0102    -0.0038     7.1099     7.1182     55.975     57.214    1442.15    1442.15     4.1247     4.3067    50.0200    52.2250  0.000e+00
      19622     57.000     5.6941     5.7447    0.97282    0.98598          1     2.4189     2.3474      96.32      0.870     0.3374     0.2270  1.000e-12  0.1299000     8.9084     9.0252     0.1167     0.0505     7.0101     7.0996     56.470     57.720    1441.53    1441.90     4.9262     5.3046    59.5640    64.2610  0.000e+00
      19909     57.500     5.6761     5.6478    0.97052    0.96503          1     2.4450     2.3353      96.25      1.017     0.3392     0.2647  1.000e-12  0.1164000     8.8909     8.8442    -0.0467    -0.0283     6.9974     6.9620     56.966     58.225    1441.44    1441.26     4.1395     4.0176    49.9960    48.4750  0.000e+00
      19932     58.000     5.5648     5.5375    0.94016    0.93406          1     2.3960     2.2890      93.32      0.958     0.3392     0.2398  1.000e-12  0.1167000     8.6199     8.5667    -0.0532    -0.0273     6.7894     6.7487     57.461     58.731    1440.63    1440.44     4.2705     4.2822    51.3390    51.4260  0.000e+00
      20011     58.500     5.4730     5.4989    0.91829    0.92515          1     2.2404     2.1443      89.25      0.553     0.3609     0.2318  1.000e-12  0.1189000     8.4271     8.4885     0.0614     0.0259     6.6417     6.6889     57.956     59.237    1439.99    1440.18     3.4700     3.3457    41.6010    40.1460  0.000e+00
      20090     59.000     5.4459     5.4929    0.91392    0.93155          1     1.9736     1.9058      83.11      0.591     0.3600     0.2206  1.000e-12  0.1193000     8.3907     8.5532     0.1625     0.0470     6.6143     6.7403     58.452     59.743    1439.84    1440.25     2.1943     1.7684    26.2630    21.2130  0.000e+00
      20102     59.500     5.6115     5.6334    0.98619    0.99195          1     1.8908     1.8249      82.07      0.780     0.3539     0.2332  1.000e-12  0.1212000     9.0627     9.1137     0.0510     0.0219     7.1363     7.1754     58.947     60.249    1441.41    1441.57     2.5424     2.2080    30.6950    26.6840  0.000e+00
      20118     60.000     5.8631     5.8694    1.03029    1.03181          1     1.8638     1.7828      81.75      0.860     0.3418     0.2378  1.000e-12  0.1156000     9.4295     9.4429     0.0133     0.0063     7.4117     7.4218     59.442     60.754    1442.97    1443.01     2.9532     2.7874    35.9660    33.9570  0.000e+00
      20160     60.500     5.8024     5.7732    1.01142    1.00528          1     1.8058     1.7254      87.30      0.466     0.3533     0.2249  1.000e-12  0.1168000     9.2595     9.2066    -0.0529    -0.0291     7.2809     7.2407     59.937     61.260    1442.50    1442.31     2.6255     2.5036    31.9250    30.4310  0.000e+00
      20222     61.000     5.7634     5.7402    1.00950    1.01181          1     1.5397     1.4947      95.67      0.228     0.3704     0.2592  1.000e-12  0.1293000     9.2515     9.2810     0.0294    -0.0231     7.2770     7.3015     60.433     61.765    1442.33    1442.27     1.3199     1.0120    16.0110    12.2720  0.000e+00
      20276     61.500     5.7070     5.7012    1.04271    1.04356          1     1.2427     1.2322      84.93      0.221     0.3560     0.2168  1.000e-12  0.1288000     9.5963     9.6064     0.0100    -0.0058     7.5521     7.5604     60.928     62.271    1442.53    1442.52     0.7381     0.5570     8.9650     6.7650  0.000e+00
      20308     62.000     5.6034     5.6011    1.04659    1.04692          1     1.1247     1.1211      96.55      0.323     0.3729     0.1876  1.000e-12  0.1248000     9.6645     9.6685     0.0040    -0.0023     7.6116     7.6149     61.423     62.776    1442.18    1442.17     0.6421     0.5274     7.7810     6.3910  0.000e+00
      20330     62.500     5.6124     5.6118    1.05539    1.05564          1     1.0678     1.0655      85.74      0.476     0.3797     0.1974  1.000e-12  0.1244000     9.7494     9.7521     0.0027    -0.0006     7.6782     7.6803     61.918     63.282    1442.34    1442.34     0.5730     0.4962     6.9490     6.0170  0.000e+00
      20353     63.000     5.6195     5.6192    1.06092    1.06102          1     1.0171     1.0163      87.62      0.543     0.3772     0.1834  1.000e-12  0.1330000     9.8024     9.8035     0.0011    -0.0003     7.7196     7.7204     62.414     63.787    1442.44    1442.44     0.4907     0.4370     5.9530     5.3020  0.000e+00
      20384     63.500     5.6254     5.6244    1.06443    1.06436          1     0.9637     0.9624      77.75      0.429     0.3796     0.1895  1.000e-12  0.1397000     9.8356     9.8352    -0.0004    -0.0009     7.7455     7.7452     62.909     64.292    1442.51    1442.51     0.4517     0.4319     5.4830     5.2420  0.000e+00
      20418     64.000     5.6504     5.6493    1.07088    1.07093          1     0.9318     0.9276      94.45      0.342     0.3689     0.2083  1.000e-12  0.1505000     9.8925     9.8933     0.0008    -0.0011     7.7889     7.7896     63.404     64.798    1442.70    1442.70     0.4865     0.5316     5.9110     6.4590  0.000e+00
      20461     64.500     5.6736     5.6713    1.07382    1.07336          1     0.9207     0.9155      94.66      0.308     0.3802     0.2173  1.000e-12  0.1615000     9.9149     9.9110    -0.0039    -0.0022     7.8052     7.8023     63.900     65.303    1442.84    1442.82     0.5147     0.6056     6.2590     7.3630  0.000e+00
      20533     65.000     5.6663     5.6881    1.06987    1.07280          1     0.8996     0.8874      96.43      0.119     0.3837     0.2381  1.000e-12  0.1761000     9.8776     9.9004     0.0228     0.0218     7.7762     7.7930     64.395     65.809    1442.77    1442.89     0.5434     0.5615     6.6060     6.8310  0.000e+00
      20548     65.500     5.7700     5.7689    1.08459    1.08484          1     0.9244     0.9015      96.27      0.402     0.3912     0.2241  1.000e-12  0.1699000     9.9935     9.9963     0.0028    -0.0011     7.8617     7.8640     64.890     66.314    1443.37    1443.37     0.7177     0.7846     8.7510     9.5670  0.000e+00
      20563     66.000     5.7934     5.7943    1.08981    1.09016          1     0.9416     0.9132      96.26      0.623     0.3821     0.2199  1.000e-12  0.1750000    10.0384    10.0416     0.0032     0.0009     7.8957     7.8982     65.385     66.819    1443.53    1443.54     0.7010     0.7444     8.5560     9.0850  0.000e+00
      20579     66.500     5.9507     5.9527    1.10000    1.10040          1     0.9465     0.9144      96.27      0.768     0.3845     0.2350  1.000e-12  0.1758000    10.0926    10.0959     0.0034     0.0020     7.9290     7.9315     65.881     67.324    1444.28    1444.29     0.6269     0.6241     7.6830     7.6500  0.000e+00
      20622     67.000     5.9352     5.9597    1.09452    1.09963          1     0.9370     0.9015      86.34      0.465     0.3865     0.2111  1.000e-12  0.1691000    10.0426    10.0861     0.0435     0.0245     7.8905     7.9233     66.376     67.830    1444.16    1444.32     0.5259     0.5051     6.4450     6.1940  0.000e+00
      20685     67.500     5.9351     5.9785    1.09586    1.10171          1     0.9063     0.8766      96.88      0.171     0.3750     0.1807  1.000e-12  0.1540000    10.0559    10.1008     0.0449     0.0434     7.9010     7.9337     66.871     68.335    1444.18    1444.42     0.3542     0.3719     4.3380     4.5620  0.000e+00
      20699     68.000     6.0446     6.0425    1.11595    1.11636          1     0.8936     0.8684      96.24      0.459     0.3663     0.1892  1.000e-12  0.1524000    10.2221    10.2268     0.0047    -0.0021     8.0252     8.0291     67.366     68.840    1444.87    1444.87     0.3375     0.3598     4.1500     4.4240  0.000e+00
      20711     68.500     6.0334     6.0361    1.12226    1.12270          1     0.8836     0.8611      96.24      0.681     0.3782     0.2200  1.000e-12  0.2486000    10.2877    10.2913     0.0036     0.0027     8.0776     8.0803     67.862     69.345    1444.91    1444.93     0.3232     0.3504     3.9750     4.3100  0.000e+00
      20722     69.000     6.1032     6.1066    1.13168    1.13214          1     0.8766     0.8559      96.27      0.866     0.3813     0.2186  1.000e-12  0.2618000    10.3596    10.3631     0.0035     0.0034     8.1297     8.1323     68.357     69.851    1445.31    1445.33     0.3224     0.3581     3.9730     4.4140  0.000e+00
      20732     69.500     6.2686     6.2702    1.14588    1.14619          1     0.8716     0.8523      79.17      1.012     0.3811     0.1915  1.000e-12  0.2795000    10.4491    10.4516     0.0025     0.0016     8.1895     8.1914     68.852     70.356    1446.13    1446.14     0.3256     0.3785     4.0320     4.6870  0.000e+00
      20741     70.000     6.3187     6.3226    1.15278    1.15321          1     0.8671     0.8500      22.12      1.120     0.3812     0.1911  1.000e-12  0.2982000    10.5015    10.5046     0.0030     0.0039     8.2274     8.2295     69.348     70.861    1446.41    1446.43     0.3328     0.4045     4.1280     5.0180  0.000e+00
      20752     70.500     6.3973     6.4005    1.15959    1.15996          1     0.8641     0.8493      67.66      1.178     0.3776     0.2274  1.000e-12  0.2958000    10.5441    10.5468     0.0027     0.0032     8.2556     8.2575     69.843     71.366    1446.81    1446.82     0.3511     0.4341     4.3640     5.3960  0.000e+00
      20795     71.000     6.3820     6.3710    1.15643    1.15537          1     0.8660     0.8520      90.40      0.949     0.3693     0.2535  1.000e-12  0.2785000    10.5175    10.5103    -0.0072    -0.0110     8.2356     8.2306     70.338     71.871    1446.72    1446.66     0.3656     0.4441     4.5440     5.5170  0.000e+00
      20892     71.500     6.3205     6.3061    1.14972    1.14870          1     0.8627     0.8526      69.58      0.649     0.3818     0.2331  1.000e-12  0.2615000    10.4706    10.4649    -0.0057    -0.0144     8.2029     8.1994     70.833     72.376    1446.41    1446.34     0.2329     0.3140     2.8880     3.8930  0.000e+00
      20907     72.000     6.3169     6.3062    1.15284    1.14840          1     0.8451     0.8401      86.77      0.785     0.3797     0.2451  1.000e-12  0.3942000    10.5024    10.4619    -0.0405    -0.0106     8.2282     8.1971     71.328     72.881    1446.44    1446.34     0.1638     0.2051     2.0310     2.5430  0.000e+00
      20930     72.500     6.2175     6.2072    1.14953    1.14413          1     0.8201     0.8179      84.31      0.668     0.3876     0.2387  1.000e-12  0.3918000    10.5002    10.4502    -0.0501    -0.0103     8.2331     8.1944     71.824     73.386    1446.02    1445.92     0.1175     0.1224     1.4540     1.5140  0.000e+00
      20957     73.000     6.2942     6.2930    1.17011    1.16984          1     0.7985     0.7951      92.48      0.429     0.3860     0.1721  1.000e-12  0.3701000    10.6793    10.6771    -0.0022    -0.0012     8.3689     8.3673     72.319     73.891    1446.58    1446.57     0.1169     0.1195     1.4510     1.4830  0.000e+00
      20974     73.500     6.2924     6.2925    1.17414    1.17444          1     0.7920     0.7862      96.39      0.494     0.3805     0.1767  1.000e-12  0.4388000    10.7195    10.7224     0.0029     0.0002     8.4007     8.4029     72.814     74.396    1446.63    1446.64     0.1302     0.1450     1.6170     1.8000  0.000e+00
      20985     74.000     6.3438     6.3464    1.18034    1.18074          1     0.7885     0.7823      96.27      0.664     0.3924     0.1755  1.000e-12  0.9365000    10.7644    10.7675     0.0032     0.0026     8.4325     8.4347     73.309     74.902    1446.91    1446.93     0.1371     0.1606     1.7050     1.9960  0.000e+00
