ctdpy/tests/etc/exprapp_feb_2020/SBE09_1387_20200209_1726_77_10_0133.cnv
* Sea-Bird SBE 9 Data File:
* FileName = L:\2020\sv20d0133.hex
* Software Version Seasave V 7.26.7.121
* Temperature SN = 6378
* Conductivity SN = 4824
* Number of Bytes Per Scan = 41
* Number of Voltage Words = 4
* Number of Scans Averaged by the Deck Unit = 1
* NMEA Latitude = 55 21.29 N
* NMEA Longitude = 019 02.48 E
* NMEA UTC (Time) = Feb 09 2020  17:26:52
* NMEA baud rate = 4800
** Station:  PL-P63
** Operator:  SSip
** Ship: SVEA
** Average sound velocity: 1440.59 m/s
** True-depth calculation Sun, 09 Feb 2020 18:51:15 +0000
** CTD Python Module SMHI /ver 3-12/ feb 2012 
** LIMS Job: 20207710-0133
** Cruise: SMHI-03-2020
** Latitude [GG MM.mm N] :
** Longitude [GGG MM.mm E]:
# nquan = 30
# nvalues = 152                         
# units = specified
# name 0 = scan: Scan Count
# name 1 = prDM: Pressure, Digiquartz [db]
# name 2 = t090C: Temperature [ITS-90, deg C]
# name 3 = t190C: Temperature, 2 [ITS-90, deg C]
# name 4 = c0S/m: Conductivity [S/m]
# name 5 = c1S/m: Conductivity, 2 [S/m]
# name 6 = pumps: Pump Status
# name 7 = sbeox0V: Oxygen raw, SBE 43 [V]
# name 8 = sbeox1V: Oxygen raw, SBE 43, 2 [V]
# name 9 = altM: Altimeter [m]
# name 10 = dz/dtM: Descent Rate [m/s]
# name 11 = flECO-AFL: Chl-a Fluorescence, WET Labs ECO-AFL/FL [mg/m^3]
# name 12 = flECO-AFL1: Phycocyanin Fluorescence, WET Labs ECO-AFL/FL, 2 [mg/m^3]
# name 13 = par: PAR/Irradiance, Biospherical/Lico [µE/(cm^2*s)]
# name 14 = turbWETntu0: Turbidity, WET Labs ECO [NTU]
# name 15 = sal00: Salinity, Practical [PSU]
# name 16 = sal11: Salinity, Practical, 2 [PSU]
# name 17 = secS-priS: Salinity, Practical, Difference, 2 - 1 [PSU]
# name 18 = T2-T190C: Temperature Difference, 2 - 1 [ITS-90, deg C]
# name 19 = sigma-t00: Density [sigma-t, kg/m^3 ]
# name 20 = sigma-t11: Density, 2 [sigma-t, kg/m^3 ]
# name 21 = depSM: Depth [salt water, m], lat = 55.3548
# name 22 = depFM: Depth [true depth, m], lat = 55.3548
# name 23 = svCM: Sound Velocity [Chen-Millero, m/s]
# name 24 = svCM1: Sound Velocity, 2 [Chen-Millero, m/s]
# name 25 = sbeox0ML/L: Oxygen, SBE 43 [ml/l], WS = 2
# name 26 = sbeox1ML/L: Oxygen, SBE 43, 2 [ml/l], WS = 2
# name 27 = sbeox0PS: Oxygen, SBE 43 [% saturation], WS = 2
# name 28 = sbeox1PS: Oxygen, SBE 43, 2 [% saturation], WS = 2
# name 29 = flag: flag
# span 0 =        426,      40645       
# span 1 =      4.000,     79.500       
# span 2 =     5.5430,     7.8758       
# span 3 =     5.5276,     7.8579       
# span 4 =   0.823408,   1.335485       
# span 5 =   0.786958,   1.332505       
# span 6 =          0,          1       
# span 7 =     0.9448,     3.5783       
# span 8 =     0.9163,     3.3360       
# span 9 =      -0.40,      81.24       
# span 10 =      0.098,      1.054      
# span 11 =     0.3372,     0.4590      
# span 12 =     0.1630,     0.3024      
# span 13 = -1.921e-10, 6.0083e-01      
# span 14 =     0.1098,     0.3854      
# span 15 =     7.4842,    11.7685      
# span 16 =     7.0072,    11.7461      
# span 17 =    -0.5382,     0.0960      
# span 18 =    -0.2276,     0.5837      
# span 19 =     5.8933,     9.0976      
# span 20 =     5.4874,     9.0817      
# span 21 =      3.964,     78.766      
# span 22 =      4.050,     80.473      
# span 23 =    1438.33,    1454.59      
# span 24 =    1438.20,    1454.48      
# span 25 =     0.5810,     7.9165      
# span 26 =     0.6142,     8.0477      
# span 27 =      7.542,     94.430      
# span 28 =      7.963,     96.001      
# span 29 = 0.0000e+00, 0.0000e+00      
# interval = decibars: 0.5              
# start_time = Feb 09 2020 17:26:52 [NMEA time, first data scan]
# bad_flag = -9.990e-29
*END*
[from data line 49]
      33085     28.500     5.5485     5.5481    0.82382    0.82389          1     3.5586     3.3188      53.57      0.467     0.4292     0.2098  1.000e-12  0.1277000     7.4855     7.4863     0.0008    -0.0004     5.8944     5.8951     28.240     28.858    1438.65    1438.65     7.8840     8.0112    94.0340    95.5520  0.000e+00
      33113     29.000     5.5479     5.5479    0.82380    0.82389          1     3.5586     3.3182      53.11      0.453     0.4405     0.2040  1.000e-12  0.1472000     7.4854     7.4862     0.0008    -0.0000     5.8944     5.8950     28.736     29.364    1438.66    1438.66     7.8835     8.0063    94.0270    95.4930  0.000e+00
      33141     29.500     5.5481     5.5479    0.82382    0.82389          1     3.5589     3.3177      52.61      0.419     0.4495     0.2371  1.000e-12  0.1196000     7.4854     7.4862     0.0008    -0.0003     5.8944     5.8950     29.231     29.870    1438.67    1438.66     7.8841     8.0098    94.0350    95.5340  0.000e+00
      33167     30.000     5.5478     5.5484    0.82381    0.82392          1     3.5584     3.3178      52.03      0.452     0.4313     0.2146  1.000e-12  0.1216000     7.4853     7.4862     0.0009     0.0006     5.8944     5.8951     29.726     30.377    1438.67    1438.68     7.8805     8.0118    93.9900    95.5590  0.000e+00
      33201     30.500     5.5478     5.5480    0.82381    0.82391          1     3.5576     3.3170      51.42      0.384     0.4389     0.1762  1.000e-12  0.1320000     7.4853     7.4862     0.0009     0.0002     5.8943     5.8950     30.222     30.883    1438.68    1438.68     7.8761     8.0035    93.9390    95.4600  0.000e+00
      33241     31.000     5.5480     5.5485    0.82383    0.82393          1     3.5564     3.3167      50.95      0.289     0.4133     0.2444  1.000e-12  0.1230000     7.4853     7.4863     0.0009     0.0006     5.8943     5.8950     30.717     31.389    1438.69    1438.69     7.8772     8.0120    93.9520    95.5610  0.000e+00
      33278     31.500     5.5479     5.5472    0.82383    0.82389          1     3.5563     3.3172      50.47      0.326     0.4282     0.2299  1.000e-12  0.1196000     7.4853     7.4860     0.0007    -0.0007     5.8943     5.8949     31.213     31.896    1438.70    1438.69     7.8777     8.0170    93.9570    95.6190  0.000e+00
      33315     32.000     5.5472     5.5475    0.82382    0.82391          1     3.5557     3.3176      49.98      0.318     0.4200     0.1937  1.000e-12  0.1252000     7.4853     7.4861     0.0008     0.0003     5.8943     5.8949     31.708     32.402    1438.70    1438.70     7.8749     8.0131    93.9230    95.5720  0.000e+00
      33346     32.500     5.5480     5.5482    0.82385    0.82394          1     3.5554     3.3169      49.44      0.381     0.4271     0.2368  1.000e-12  0.1337000     7.4854     7.4862     0.0009     0.0002     5.8944     5.8950     32.204     32.908    1438.71    1438.71     7.8763     8.0043    93.9420    95.4690  0.000e+00
      33383     33.000     5.5487     5.5483    0.82388    0.82395          1     3.5553     3.3162      48.92      0.328     0.4200     0.2483  1.000e-12  0.1263000     7.4855     7.4862     0.0008    -0.0004     5.8944     5.8950     32.699     33.414    1438.72    1438.72     7.8784     8.0075    93.9680    95.5070  0.000e+00
      33410     33.500     5.5481     5.5477    0.82387    0.82394          1     3.5553     3.3157      48.52      0.373     0.4301     0.1953  1.000e-12  0.1148000     7.4854     7.4861     0.0008    -0.0004     5.8944     5.8950     33.194     33.921    1438.73    1438.73     7.8757     8.0071    93.9340    95.5020  0.000e+00
      33430     34.000     5.5479     5.5478    0.82386    0.82395          1     3.5549     3.3159      48.09      0.518     0.4400     0.1986  1.000e-12  0.1204000     7.4853     7.4862     0.0008    -0.0001     5.8943     5.8950     33.690     34.427    1438.74    1438.74     7.8766     8.0116    93.9450    95.5550  0.000e+00
      33450     34.500     5.5481     5.5478    0.82388    0.82396          1     3.5552     3.3157      47.52      0.610     0.4392     0.2399  1.000e-12  0.1287000     7.4853     7.4862     0.0008    -0.0003     5.8943     5.8950     34.185     34.933    1438.75    1438.74     7.8804     8.0062    93.9910    95.4910  0.000e+00
      33476     35.000     5.5480     5.5478    0.82388    0.82396          1     3.5553     3.3153      46.94      0.521     0.4250     0.2563  1.000e-12  0.1293000     7.4853     7.4861     0.0008    -0.0002     5.8943     5.8950     34.680     35.440    1438.75    1438.75     7.8792     8.0083    93.9760    95.5150  0.000e+00
      33516     35.500     5.5479     5.5475    0.82388    0.82395          1     3.5547     3.3148      46.27      0.312     0.4211     0.2214  1.000e-12  0.1240000     7.4853     7.4861     0.0008    -0.0004     5.8943     5.8950     35.176     35.946    1438.76    1438.76     7.8781     8.0027    93.9630    95.4480  0.000e+00
      33555     36.000     5.5474     5.5473    0.82387    0.82395          1     3.5552     3.3140      45.80      0.286     0.4288     0.2513  1.000e-12  0.1177000     7.4852     7.4860     0.0008    -0.0001     5.8943     5.8949     35.671     36.452    1438.77    1438.77     7.8804     8.0057    93.9890    95.4840  0.000e+00
      33579     36.500     5.5473     5.5472    0.82387    0.82395          1     3.5548     3.3140      45.52      0.426     0.4148     0.1942  1.000e-12  0.1202000     7.4852     7.4860     0.0009    -0.0001     5.8942     5.8949     36.167     36.958    1438.77    1438.77     7.8808     8.0070    93.9930    95.4980  0.000e+00
      33602     37.000     5.5475     5.5473    0.82388    0.82397          1     3.5552     3.3140      45.01      0.520     0.4256     0.2568  1.000e-12  0.1257000     7.4852     7.4860     0.0008    -0.0002     5.8943     5.8950     36.662     37.465    1438.78    1438.78     7.8830     8.0081    94.0200    95.5120  0.000e+00
      33637     37.500     5.5475     5.5475    0.82389    0.82397          1     3.5554     3.3141      44.40      0.426     0.4292     0.2337  1.000e-12  0.1220000     7.4852     7.4860     0.0008    -0.0000     5.8943     5.8949     37.157     37.971    1438.79    1438.79     7.8838     8.0098    94.0290    95.5320  0.000e+00
      33718     38.000     5.5476     5.5475    0.82390    0.82399          1     3.5550     3.3151      43.68      0.098     0.4391     0.3024  1.000e-12  0.1169000     7.4852     7.4861     0.0008    -0.0001     5.8943     5.8950     37.653     38.477    1438.80    1438.80     7.8812     8.0128    93.9990    95.5690  0.000e+00
      33734     38.500     5.5488     5.5481    0.82396    0.82402          1     3.5547     3.3150      43.37      0.408     0.4288     0.2304  1.000e-12  0.1277000     7.4855     7.4862     0.0007    -0.0007     5.8944     5.8950     38.148     38.984    1438.81    1438.81     7.8800     8.0126    93.9880    95.5680  0.000e+00
      33749     39.000     5.5497     5.5489    0.82400    0.82406          1     3.5546     3.3151      43.04      0.618     0.4372     0.2223  1.000e-12  0.1224000     7.4856     7.4864     0.0008    -0.0008     5.8945     5.8951     38.644     39.490    1438.82    1438.82     7.8798     8.0135    93.9870    95.5810  0.000e+00
      33766     39.500     5.5498     5.5491    0.82402    0.82408          1     3.5546     3.3151      42.65      0.733     0.4388     0.2228  1.000e-12  0.1188000     7.4857     7.4865     0.0008    -0.0007     5.8945     5.8952     39.139     39.996    1438.83    1438.83     7.8786     8.0138    93.9730    95.5850  0.000e+00
      33800     40.000     5.5488     5.5490    0.82398    0.82407          1     3.5535     3.3151      41.88      0.519     0.4437     0.2379  1.000e-12  0.1162000     7.4855     7.4863     0.0008     0.0002     5.8944     5.8951     39.634     40.502    1438.84    1438.84     7.8774     8.0137    93.9560    95.5830  0.000e+00
      33865     40.500     5.5486     5.5486    0.82397    0.82406          1     3.5530     3.3145      41.11      0.154     0.4314     0.2402  1.000e-12  0.1181000     7.4854     7.4862     0.0008     0.0000     5.8944     5.8950     40.130     41.009    1438.84    1438.84     7.8761     8.0055    93.9410    95.4850  0.000e+00
      33891     41.000     5.5484     5.5480    0.82398    0.82405          1     3.5522     3.3141      40.76      0.376     0.4367     0.2589  1.000e-12  0.1274000     7.4854     7.4862     0.0008    -0.0004     5.8944     5.8950     40.625     41.515    1438.85    1438.85     7.8739     8.0117    93.9140    95.5560  0.000e+00
      33912     41.500     5.5480     5.5478    0.82396    0.82405          1     3.5519     3.3139      40.44      0.504     0.4317     0.2201  1.000e-12  0.1286000     7.4853     7.4861     0.0008    -0.0002     5.8943     5.8950     41.121     42.021    1438.86    1438.85     7.8748     8.0108    93.9230    95.5460  0.000e+00
      33933     42.000     5.5484     5.5479    0.82399    0.82406          1     3.5517     3.3138      39.85      0.571     0.4405     0.2186  1.000e-12  0.1331000     7.4854     7.4862     0.0008    -0.0005     5.8944     5.8950     41.616     42.528    1438.86    1438.86     7.8750     8.0123    93.9270    95.5640  0.000e+00
      33959     42.500     5.5487     5.5483    0.82401    0.82408          1     3.5515     3.3139      39.21      0.532     0.4380     0.2320  1.000e-12  0.1203000     7.4854     7.4862     0.0008    -0.0003     5.8944     5.8950     42.111     43.034    1438.87    1438.87     7.8750     8.0117    93.9280    95.5580  0.000e+00
      34031     43.000     5.5483     5.5482    0.82400    0.82408          1     3.5514     3.3135      38.55      0.116     0.4498     0.2424  1.000e-12  0.1450000     7.4853     7.4862     0.0008    -0.0002     5.8943     5.8950     42.607     43.540    1438.88    1438.88     7.8809     8.0144    93.9970    95.5890  0.000e+00
      34054     43.500     5.5490     5.5489    0.82403    0.82412          1     3.5520     3.3137      38.22      0.386     0.4291     0.2153  1.000e-12  0.1098000     7.4854     7.4863     0.0009    -0.0001     5.8944     5.8951     43.102     44.046    1438.89    1438.89     7.8818     8.0123    94.0100    95.5670  0.000e+00
      34079     44.000     5.5490     5.5493    0.82404    0.82413          1     3.5523     3.3133      37.66      0.509     0.4373     0.2611  1.000e-12  0.1187000     7.4855     7.4863     0.0008     0.0003     5.8944     5.8950     43.597     44.553    1438.90    1438.90     7.8789     8.0100    93.9750    95.5390  0.000e+00
      34137     44.500     5.5489     5.5490    0.82404    0.82413          1     3.5511     3.3127      37.00      0.159     0.4495     0.2368  1.000e-12  0.1285000     7.4854     7.4863     0.0009     0.0000     5.8944     5.8951     44.093     45.059    1438.91    1438.91     7.8789     8.0098    93.9750    95.5360  0.000e+00
      34161     45.000     5.5502     5.5499    0.82409    0.82417          1     3.5512     3.3125      36.63      0.338     0.4590     0.2222  1.000e-12  0.1224000     7.4856     7.4865     0.0009    -0.0003     5.8944     5.8951     44.588     45.565    1438.92    1438.92     7.8771     8.0118    93.9570    95.5620  0.000e+00
      34176     45.500     5.5502     5.5498    0.82409    0.82417          1     3.5512     3.3127      35.90      0.572     0.4270     0.2337  1.000e-12  0.1337000     7.4856     7.4864     0.0008    -0.0003     5.8944     5.8951     45.083     46.072    1438.93    1438.93     7.8757     8.0136    93.9400    95.5840  0.000e+00
      34193     46.000     5.5504     5.5501    0.82411    0.82419          1     3.5507     3.3127      35.60      0.726     0.4435     0.2363  1.000e-12  0.1303000     7.4856     7.4865     0.0009    -0.0004     5.8945     5.8951     45.579     46.578    1438.94    1438.94     7.8740     8.0133    93.9200    95.5810  0.000e+00
      34252     46.500     5.5504     5.5502    0.82412    0.82419          1     3.5500     3.3121      34.96      0.270     0.4454     0.2326  1.000e-12  0.1292000     7.4856     7.4864     0.0008    -0.0002     5.8945     5.8951     46.074     47.084    1438.95    1438.94     7.8730     8.0080    93.9080    95.5180  0.000e+00
      34296     47.000     5.5506     5.5501    0.82412    0.82420          1     3.5492     3.3115      34.60      0.277     0.4407     0.2506  1.000e-12  0.1225000     7.4855     7.4864     0.0009    -0.0005     5.8944     5.8951     46.570     47.590    1438.95    1438.95     7.8687     8.0082    93.8580    95.5200  0.000e+00
      34311     47.500     5.5507     5.5503    0.82414    0.82422          1     3.5487     3.3115      33.51      0.566     0.4405     0.2657  1.000e-12  0.1212000     7.4856     7.4865     0.0009    -0.0004     5.8945     5.8951     47.065     48.097    1438.96    1438.96     7.8693     8.0118    93.8640    95.5640  0.000e+00
      34329     48.000     5.5508     5.5505    0.82416    0.82423          1     3.5483     3.3117      33.41      0.715     0.4397     0.2378  1.000e-12  0.1212000     7.4857     7.4865     0.0008    -0.0004     5.8945     5.8952     47.560     48.603    1438.97    1438.97     7.8706     8.0126    93.8810    95.5740  0.000e+00
      34397     48.500     5.5507     5.5505    0.82416    0.82423          1     3.5486     3.3108      32.86      0.149     0.4519     0.2322  1.000e-12  0.1267000     7.4857     7.4864     0.0008    -0.0002     5.8945     5.8951     48.056     49.109    1438.98    1438.98     7.8750     8.0078    93.9330    95.5160  0.000e+00
      34428     49.000     5.5510     5.5506    0.82417    0.82424          1     3.5488     3.3105      32.43      0.347     0.4519     0.2480  1.000e-12  0.1277000     7.4857     7.4864     0.0008    -0.0003     5.8945     5.8951     48.551     49.616    1438.99    1438.99     7.8767     8.0056    93.9530    95.4900  0.000e+00
      34452     49.500     5.5524     5.5516    0.82423    0.82429          1     3.5491     3.3103      31.92      0.500     0.4349     0.2431  1.000e-12  0.1306000     7.4859     7.4866     0.0007    -0.0007     5.8946     5.8952     49.046     50.122    1439.00    1439.00     7.8781     8.0057    93.9740    95.4940  0.000e+00
      34486     50.000     5.5523     5.5520    0.82423    0.82430          1     3.5494     3.3095      31.36      0.384     0.4525     0.2122  1.000e-12  0.1201000     7.4859     7.4866     0.0008    -0.0003     5.8946     5.8952     49.542     50.628    1439.01    1439.01     7.8786     7.9992    93.9790    95.4170  0.000e+00
      34521     50.500     5.5518     5.5513    0.82422    0.82429          1     3.5490     3.3089      30.87      0.336     0.4308     0.2037  1.000e-12  0.1184000     7.4858     7.4866     0.0008    -0.0004     5.8945     5.8952     50.037     51.134    1439.01    1439.01     7.8723     8.0038    93.9030    95.4710  0.000e+00
      34551     51.000     5.5527     5.5519    0.82427    0.82432          1     3.5484     3.3089      30.36      0.378     0.4407     0.2366  1.000e-12  0.1373000     7.4860     7.4867     0.0007    -0.0009     5.8946     5.8952     50.533     51.641    1439.03    1439.03     7.8753     8.0072    93.9410    95.5130  0.000e+00
      34580     51.500     5.5529     5.5525    0.82428    0.82435          1     3.5487     3.3090      29.93      0.419     0.4455     0.2244  1.000e-12  0.1211000     7.4860     7.4868     0.0008    -0.0004     5.8946     5.8953     51.028     52.147    1439.04    1439.04     7.8759     8.0039    93.9490    95.4750  0.000e+00
