ctdpy/tests/etc/exprapp_feb_2020/SBE09_1387_20200210_1312_77_10_0136.cnv
* Sea-Bird SBE 9 Data File:
* FileName = L:\2020\sv20d0136.hex
* Software Version Seasave V 7.26.7.121
* Temperature SN = 6378
* Conductivity SN = 4824
* Number of Bytes Per Scan = 41
* Number of Voltage Words = 4
* Number of Scans Averaged by the Deck Unit = 1
* NMEA Latitude = 57 18.74 N
* NMEA Longitude = 020 04.92 E
* NMEA UTC (Time) = Feb 10 2020  13:12:37
* NMEA baud rate = 4800
** Station:  BY15
** Operator:  SSip
** Ship: SVEA
** Average sound velocity: 1448.79 m/s
** True-depth calculation Mon, 10 Feb 2020 14:38:41 +0000
** CTD Python Module SMHI /ver 3-12/ feb 2012 
** LIMS Job: 20207710-0136
** Cruise: SMHI-03-2020
** Latitude [GG MM.mm N] :
** Longitude [GGG MM.mm E]:
# nquan = 30
# nvalues = 457                         
# units = specified
# name 0 = scan: Scan Count
# name 1 = prDM: Pressure, Digiquartz [db]
# name 2 = t090C: Temperature [ITS-90, deg C]
# name 3 = t190C: Temperature, 2 [ITS-90, deg C]
# name 4 = c0S/m: Conductivity [S/m]
# name 5 = c1S/m: Conductivity, 2 [S/m]
# name 6 = pumps: Pump Status
# name 7 = sbeox0V: Oxygen raw, SBE 43 [V]
# name 8 = sbeox1V: Oxygen raw, SBE 43, 2 [V]
# name 9 = altM: Altimeter [m]
# name 10 = dz/dtM: Descent Rate [m/s]
# name 11 = flECO-AFL: Chl-a Fluorescence, WET Labs ECO-AFL/FL [mg/m^3]
# name 12 = flECO-AFL1: Phycocyanin Fluorescence, WET Labs ECO-AFL/FL, 2 [mg/m^3]
# name 13 = par: PAR/Irradiance, Biospherical/Lico [µE/(cm^2*s)]
# name 14 = turbWETntu0: Turbidity, WET Labs ECO [NTU]
# name 15 = sal00: Salinity, Practical [PSU]
# name 16 = sal11: Salinity, Practical, 2 [PSU]
# name 17 = secS-priS: Salinity, Practical, Difference, 2 - 1 [PSU]
# name 18 = T2-T190C: Temperature Difference, 2 - 1 [ITS-90, deg C]
# name 19 = sigma-t00: Density [sigma-t, kg/m^3 ]
# name 20 = sigma-t11: Density, 2 [sigma-t, kg/m^3 ]
# name 21 = depSM: Depth [salt water, m], lat = 57.3123
# name 22 = depFM: Depth [true depth, m], lat = 57.3123
# name 23 = svCM: Sound Velocity [Chen-Millero, m/s]
# name 24 = svCM1: Sound Velocity, 2 [Chen-Millero, m/s]
# name 25 = sbeox0ML/L: Oxygen, SBE 43 [ml/l], WS = 2
# name 26 = sbeox1ML/L: Oxygen, SBE 43, 2 [ml/l], WS = 2
# name 27 = sbeox0PS: Oxygen, SBE 43 [% saturation], WS = 2
# name 28 = sbeox1PS: Oxygen, SBE 43, 2 [% saturation], WS = 2
# name 29 = flag: flag
# span 0 =       9638,      22182       
# span 1 =      5.000,    233.000       
# span 2 =     4.8448,     7.5371       
# span 3 =     4.8445,     7.5372       
# span 4 =   0.792367,   1.462878       
# span 5 =   0.792422,   1.462984       
# span 6 =          1,          1       
# span 7 =     0.7395,     3.5327       
# span 8 =     0.7228,     3.2923       
# span 9 =       2.76,      99.59       
# span 10 =     -0.116,      1.689      
# span 11 =     0.3364,     0.4761      
# span 12 =     0.1309,     0.3055      
# span 13 = -3.718e-04, 4.3996e+01      
# span 14 =     0.1052,     1.0501      
# span 15 =     7.3343,    13.1903      
# span 16 =     7.3350,    13.1915      
# span 17 =    -0.5315,     0.0481      
# span 18 =    -0.2704,     0.0816      
# span 19 =     5.8046,    10.2659      
# span 20 =     5.8052,    10.2669      
# span 21 =      4.954,    230.724      
# span 22 =      5.063,    235.304      
# span 23 =    1435.01,    1456.30      
# span 24 =    1435.01,    1456.30      
# span 25 =     0.0376,     7.9527      
# span 26 =     0.0188,     8.0819      
# span 27 =      0.485,     93.089      
# span 28 =      0.232,     94.600      
# span 29 = 0.0000e+00, 0.0000e+00      
# interval = decibars: 0.5              
# start_time = Feb 10 2020 13:12:38 [NMEA time, first data scan]
# bad_flag = -9.990e-29
*END*
[from data line 387]
      20123    198.500     7.2017     7.2014    1.44885    1.44894          1     0.7413     0.7253      40.01      0.313     0.4396     0.2442  1.000e-12  0.1605000    13.0812    13.0822     0.0010    -0.0004    10.1852    10.1860    196.577    200.521    1455.38    1455.38     0.0429     0.0719     0.5530     0.9270  0.000e+00
      20140    199.000     7.2014     7.2010    1.44978    1.44990          1     0.7414     0.7250      39.64      0.540     0.4556     0.2666  1.000e-12  0.1644000    13.0903    13.0917     0.0014    -0.0004    10.1924    10.1935    197.072    201.025    1455.40    1455.40     0.0429     0.0705     0.5530     0.9090  0.000e+00
      20156    199.500     7.2011     7.2008    1.44990    1.45003          1     0.7412     0.7252      39.18      0.686     0.4456     0.2418  1.000e-12  0.1805000    13.0916    13.0929     0.0014    -0.0003    10.1934    10.1945    197.567    201.529    1455.41    1455.41     0.0419     0.0708     0.5400     0.9120  0.000e+00
      20172    200.000     7.2006     7.2001    1.45006    1.45016          1     0.7412     0.7250      38.77      0.741     0.4486     0.2456  1.000e-12  0.1784000    13.0931    13.0943     0.0012    -0.0004    10.1947    10.1956    198.062    202.033    1455.41    1455.41     0.0421     0.0676     0.5430     0.8710  0.000e+00
      20188    200.500     7.2009     7.2006    1.45031    1.45043          1     0.7413     0.7246      38.23      0.745     0.4558     0.2664  1.000e-12  0.1702000    13.0954    13.0967     0.0013    -0.0003    10.1964    10.1975    198.557    202.537    1455.42    1455.43     0.0417     0.0672     0.5370     0.8660  0.000e+00
      20205    201.000     7.2035     7.2031    1.45059    1.45070          1     0.7411     0.7246      37.69      0.739     0.4451     0.2347  1.000e-12  0.2215000    13.0971    13.0983     0.0012    -0.0003    10.1975    10.1985    199.052    203.041    1455.45    1455.45     0.0412     0.0700     0.5310     0.9020  0.000e+00
      20224    201.500     7.2080     7.2079    1.45120    1.45133          1     0.7409     0.7247      37.11      0.698     0.4430     0.2273  1.000e-12  0.2020000    13.1012    13.1025     0.0013    -0.0001    10.2004    10.2014    199.547    203.546    1455.48    1455.48     0.0417     0.0706     0.5370     0.9100  0.000e+00
      20303    202.000     7.2074     7.2078    1.45113    1.45145          1     0.7415     0.7246      36.53      0.471     0.4494     0.2625  1.000e-12  0.1639000    13.1006    13.1036     0.0030     0.0004    10.2000    10.2022    200.042    204.050    1455.48    1455.49     0.0442     0.0690     0.5710     0.8890  0.000e+00
      20361    202.500     7.2089     7.2092    1.45156    1.45194          1     0.7414     0.7247      36.32      0.685     0.4571     0.2516  1.000e-12  0.1639000    13.1042    13.1078     0.0036     0.0003    10.2026    10.2054    200.537    204.554    1455.50    1455.51     0.0429     0.0705     0.5530     0.9090  0.000e+00
      20368    203.000     7.2095     7.2093    1.45211    1.45229          1     0.7414     0.7247      35.97      0.954     0.4555     0.2398  1.000e-12  0.1641000    13.1093    13.1111     0.0019    -0.0002    10.2065    10.2080    201.032    205.058    1455.52    1455.52     0.0428     0.0696     0.5520     0.8970  0.000e+00
      20375    203.500     7.2094     7.2090    1.45243    1.45255          1     0.7414     0.7247      35.49      1.180     0.4451     0.2419  1.000e-12  0.1745000    13.1124    13.1136     0.0012    -0.0004    10.2090    10.2100    201.526    205.562    1455.53    1455.53     0.0417     0.0686     0.5380     0.8850  0.000e+00
      20383    204.000     7.2090     7.2086    1.45268    1.45279          1     0.7409     0.7244      35.06      1.364     0.4435     0.2287  1.000e-12  0.1761000    13.1148    13.1160     0.0012    -0.0004    10.2109    10.2119    202.021    206.066    1455.54    1455.54     0.0407     0.0669     0.5250     0.8620  0.000e+00
      20390    204.500     7.2085     7.2081    1.45295    1.45306          1     0.7414     0.7244      34.61      1.499     0.4429     0.2079  1.000e-12  0.1762000    13.1176    13.1188     0.0012    -0.0004    10.2131    10.2141    202.516    206.570    1455.55    1455.55     0.0426     0.0677     0.5490     0.8730  0.000e+00
      20397    205.000     7.2111     7.2109    1.45333    1.45346          1     0.7408     0.7244      34.18      1.595     0.4461     0.2070  1.000e-12  0.1762000    13.1201    13.1215     0.0013    -0.0002    10.2149    10.2160    203.011    207.074    1455.57    1455.57     0.0404     0.0687     0.5210     0.8860  0.000e+00
      20404    205.500     7.2127     7.2123    1.45367    1.45377          1     0.7413     0.7244      33.77      1.660     0.4556     0.2036  1.000e-12  0.1762000    13.1228    13.1240     0.0012    -0.0004    10.2169    10.2178    203.506    207.579    1455.59    1455.59     0.0425     0.0695     0.5480     0.8970  0.000e+00
      20412    206.000     7.2133     7.2130    1.45385    1.45395          1     0.7411     0.7245      33.36      1.689     0.4556     0.2154  1.000e-12  0.1762000    13.1242    13.1253     0.0011    -0.0003    10.2179    10.2188    204.001    208.083    1455.60    1455.60     0.0422     0.0696     0.5450     0.8970  0.000e+00
      20504    206.500     7.2110     7.2110    1.45297    1.45318          1     0.7413     0.7244      32.23      1.199     0.4433     0.2216  1.000e-12  0.1741000    13.1164    13.1185     0.0021    -0.0000    10.2120    10.2136    204.496    208.587    1455.59    1455.59     0.0428     0.0690     0.5510     0.8900  0.000e+00
      20568    207.000     7.2096     7.2087    1.45245    1.45236          1     0.7406     0.7244      31.81      1.113     0.4438     0.2252  1.000e-12  0.1700000    13.1117    13.1112    -0.0005    -0.0009    10.2085    10.2081    204.991    209.091    1455.58    1455.58     0.0409     0.0692     0.5270     0.8930  0.000e+00
      20576    207.500     7.2109     7.2100    1.45297    1.45285          1     0.7412     0.7244      31.35      1.231     0.4556     0.2398  1.000e-12  0.1701000    13.1162    13.1154    -0.0008    -0.0009    10.2118    10.2113    205.486    209.595    1455.60    1455.60     0.0422     0.0692     0.5440     0.8930  0.000e+00
      20586    208.000     7.2140     7.2138    1.45398    1.45414          1     0.7405     0.7244      30.84      1.264     0.4556     0.2365  1.000e-12  0.1707000    13.1248    13.1265     0.0017    -0.0001    10.2184    10.2197    205.981    210.099    1455.64    1455.64     0.0403     0.0692     0.5200     0.8930  0.000e+00
      20598    208.500     7.2191     7.2196    1.45521    1.45548          1     0.7409     0.7244      30.23      1.210     0.4462     0.2905  1.000e-12  0.1700000    13.1349    13.1373     0.0025     0.0005    10.2258    10.2277    206.475    210.603    1455.68    1455.68     0.0416     0.0692     0.5360     0.8930  0.000e+00
      20613    209.000     7.2220     7.2218    1.45576    1.45587          1     0.7408     0.7244      29.66      1.056     0.4425     0.2892  1.000e-12  0.1709000    13.1390    13.1402     0.0011    -0.0002    10.2288    10.2297    206.970    211.107    1455.70    1455.70     0.0416     0.0694     0.5370     0.8950  0.000e+00
      20648    209.500     7.2227     7.2224    1.45585    1.45594          1     0.7408     0.7245      28.98      0.680     0.4356     0.2314  1.000e-12  0.1731000    13.1395    13.1405     0.0010    -0.0003    10.2291    10.2299    207.465    211.611    1455.72    1455.72     0.0413     0.0696     0.5320     0.8980  0.000e+00
      20763    210.000     7.2164     7.2175    1.45433    1.45482          1     0.7407     0.7245      28.27      0.273     0.4554     0.1635  1.000e-12  0.1574000    13.1269    13.1313     0.0044     0.0011    10.2198    10.2231    207.960    212.116    1455.68    1455.69     0.0417     0.0687     0.5370     0.8870  0.000e+00
      20775    210.500     7.2221     7.2229    1.45564    1.45604          1     0.7409     0.7244      27.92      0.533     0.4549     0.1820  1.000e-12  0.1632000    13.1375    13.1411     0.0036     0.0009    10.2276    10.2304    208.455    212.620    1455.73    1455.73     0.0418     0.0687     0.5390     0.8860  0.000e+00
      20788    211.000     7.2267     7.2271    1.45666    1.45694          1     0.7407     0.7244      27.59      0.717     0.4546     0.2196  1.000e-12  0.1640000    13.1456    13.1483     0.0026     0.0004    10.2336    10.2356    208.950    213.124    1455.76    1455.77     0.0402     0.0697     0.5180     0.8990  0.000e+00
      20799    211.500     7.2288     7.2285    1.45713    1.45724          1     0.7407     0.7244      27.13      0.872     0.4545     0.2274  1.000e-12  0.1694000    13.1493    13.1505     0.0012    -0.0003    10.2363    10.2372    209.445    213.628    1455.78    1455.78     0.0404     0.0692     0.5210     0.8930  0.000e+00
      20810    212.000     7.2303     7.2299    1.45745    1.45756          1     0.7405     0.7244      26.66      0.995     0.4556     0.2611  1.000e-12  0.1701000    13.1518    13.1531     0.0013    -0.0004    10.2381    10.2391    209.940    214.132    1455.80    1455.80     0.0416     0.0692     0.5370     0.8930  0.000e+00
      20822    212.500     7.2315     7.2310    1.45771    1.45781          1     0.7408     0.7244      26.17      1.060     0.4463     0.2623  1.000e-12  0.1877000    13.1538    13.1550     0.0012    -0.0004    10.2396    10.2405    210.435    214.636    1455.82    1455.82     0.0418     0.0690     0.5390     0.8910  0.000e+00
      20839    213.000     7.2323     7.2321    1.45792    1.45802          1     0.7407     0.7244      25.51      0.961     0.4426     0.2598  1.000e-12  0.1886000    13.1554    13.1565     0.0010    -0.0002    10.2408    10.2416    210.929    215.140    1455.83    1455.83     0.0408     0.0686     0.5270     0.8860  0.000e+00
      20926    213.500     7.2296     7.2307    1.45730    1.45769          1     0.7408     0.7244      24.60      0.164     0.4442     0.2269  1.000e-12  0.1556000    13.1503    13.1537     0.0034     0.0011    10.2370    10.2395    211.424    215.644    1455.82    1455.83     0.0415     0.0689     0.5360     0.8890  0.000e+00
      20953    214.000     7.2320     7.2328    1.45775    1.45817          1     0.7404     0.7243      24.31      0.413     0.4443     0.2209  1.000e-12  0.1708000    13.1537    13.1575     0.0039     0.0008    10.2394    10.2424    211.919    216.148    1455.84    1455.85     0.0399     0.0681     0.5150     0.8790  0.000e+00
      20966    214.500     7.2355     7.2359    1.45852    1.45877          1     0.7407     0.7243      24.03      0.643     0.4519     0.2338  1.000e-12  0.1767000    13.1598    13.1621     0.0023     0.0004    10.2439    10.2457    212.414    216.653    1455.87    1455.88     0.0413     0.0688     0.5330     0.8880  0.000e+00
      20978    215.000     7.2382     7.2379    1.45909    1.45920          1     0.7403     0.7243      23.57      0.819     0.4665     0.2329  1.000e-12  0.1882000    13.1642    13.1654     0.0012    -0.0003    10.2471    10.2481    212.909    217.157    1455.90    1455.90     0.0409     0.0680     0.5280     0.8770  0.000e+00
      20989    215.500     7.2390     7.2386    1.45925    1.45935          1     0.7407     0.7244      23.13      0.953     0.4668     0.2360  1.000e-12  0.1918000    13.1654    13.1666     0.0012    -0.0004    10.2480    10.2489    213.404    217.661    1455.91    1455.91     0.0412     0.0687     0.5320     0.8870  0.000e+00
      21001    216.000     7.2415     7.2412    1.45972    1.45986          1     0.7407     0.7241      22.59      1.025     0.4670     0.2364  1.000e-12  0.2064000    13.1689    13.1705     0.0015    -0.0003    10.2505    10.2518    213.899    218.165    1455.93    1455.93     0.0412     0.0680     0.5310     0.8770  0.000e+00
      21029    216.500     7.2454     7.2449    1.46049    1.46055          1     0.7405     0.7242      21.94      0.901     0.4650     0.3055  1.000e-12  0.1967000    13.1748    13.1757     0.0009    -0.0006    10.2548    10.2556    214.394    218.669    1455.96    1455.96     0.0400     0.0678     0.5160     0.8750  0.000e+00
      21136    217.000     7.2445     7.2438    1.46028    1.46038          1     0.7400     0.7242      21.42      0.648     0.4444     0.2363  1.000e-12  0.1641000    13.1731    13.1743     0.0012    -0.0007    10.2535    10.2546    214.889    219.173    1455.97    1455.97     0.0386     0.0676     0.4990     0.8730  0.000e+00
      21145    217.500     7.2484     7.2469    1.46098    1.46088          1     0.7404     0.7240      21.09      0.904     0.4538     0.2020  1.000e-12  0.1898000    13.1783    13.1779    -0.0004    -0.0015    10.2573    10.2571    215.383    219.677    1456.00    1455.99     0.0412     0.0664     0.5330     0.8580  0.000e+00
      21154    218.000     7.2496     7.2492    1.46130    1.46139          1     0.7402     0.7243      20.64      1.092     0.4556     0.1904  1.000e-12  0.1951000    13.1809    13.1820     0.0011    -0.0005    10.2592    10.2601    215.878    220.181    1456.01    1456.01     0.0406     0.0674     0.5250     0.8710  0.000e+00
      21163    218.500     7.2507     7.2504    1.46153    1.46164          1     0.7404     0.7238      20.17      1.211     0.4569     0.1874  1.000e-12  0.1976000    13.1827    13.1839     0.0012    -0.0003    10.2605    10.2615    216.373    220.685    1456.03    1456.03     0.0408     0.0658     0.5270     0.8500  0.000e+00
      21174    219.000     7.2510     7.2507    1.46164    1.46174          1     0.7403     0.7240      19.67      1.256     0.4697     0.2599  1.000e-12  0.2069000    13.1835    13.1846     0.0011    -0.0003    10.2611    10.2620    216.868    221.189    1456.04    1456.04     0.0401     0.0668     0.5170     0.8620  0.000e+00
      21186    219.500     7.2513     7.2510    1.46169    1.46181          1     0.7404     0.7238      19.13      1.216     0.4680     0.2667  1.000e-12  0.2058000    13.1838    13.1850     0.0013    -0.0003    10.2613    10.2623    217.363    221.694    1456.05    1456.05     0.0403     0.0681     0.5210     0.8790  0.000e+00
      21214    220.000     7.2510     7.2509    1.46163    1.46179          1     0.7403     0.7240      18.37      0.888     0.4671     0.2979  1.000e-12  0.1982000    13.1832    13.1848     0.0016    -0.0001    10.2609    10.2622    217.858    222.198    1456.05    1456.06     0.0403     0.0680     0.5210     0.8780  0.000e+00
      21325    220.500     7.2487     7.2486    1.46113    1.46130          1     0.7403     0.7237      17.58      0.254     0.4587     0.2267  1.000e-12  0.1748000    13.1790    13.1808     0.0018    -0.0001    10.2578    10.2592    218.353    222.702    1456.05    1456.05     0.0405     0.0644     0.5220     0.8320  0.000e+00
      21341    221.000     7.2518     7.2515    1.46183    1.46200          1     0.7403     0.7237      17.26      0.506     0.4541     0.2169  1.000e-12  0.1807000    13.1846    13.1864     0.0018    -0.0004    10.2619    10.2634    218.847    223.206    1456.08    1456.08     0.0401     0.0686     0.5180     0.8850  0.000e+00
      21357    221.500     7.2523     7.2519    1.46197    1.46209          1     0.7402     0.7239      16.65      0.659     0.4556     0.2195  1.000e-12  0.1849000    13.1857    13.1870     0.0013    -0.0004    10.2628    10.2638    219.342    223.710    1456.09    1456.09     0.0401     0.0672     0.5180     0.8670  0.000e+00
      21372    222.000     7.2527     7.2523    1.46207    1.46218          1     0.7405     0.7236      16.26      0.756     0.4586     0.2317  1.000e-12  0.2175000    13.1864    13.1876     0.0012    -0.0004    10.2633    10.2642    219.837    224.214    1456.10    1456.10     0.0406     0.0633     0.5250     0.8170  0.000e+00
