ctdpy/tests/etc/exprapp_feb_2020/SBE09_1387_20200203_1439_77_10_0102.cnv
* Sea-Bird SBE 9 Data File:
* FileName = L:\2020\sv20d0102.hex
* Software Version Seasave V 7.26.7.121
* Temperature SN = 6378
* Conductivity SN = 4824
* Number of Bytes Per Scan = 41
* Number of Voltage Words = 4
* Number of Scans Averaged by the Deck Unit = 1
* NMEA Latitude = 57 27.20 N
* NMEA Longitude = 008 31.79 E
* NMEA UTC (Time) = Feb 03 2020  14:39:56
* NMEA baud rate = 4800
** Station:  20N Hanstholm
** Operator:  A-KTh
** Ship: SVEA
** Average sound velocity: 1480.52 m/s
** True-depth calculation Tue, 04 Feb 2020 10:01:55 +0000
** CTD Python Module SMHI /ver 3-12/ feb 2012 
** LIMS Job: 20207710-0102
** Cruise: SMHI-02-2020
** Latitude [GG MM.mm N] :
** Longitude [GGG MM.mm E]:
# nquan = 30
# nvalues = 110                         
# units = specified
# name 0 = scan: Scan Count
# name 1 = prDM: Pressure, Digiquartz [db]
# name 2 = t090C: Temperature [ITS-90, deg C]
# name 3 = t190C: Temperature, 2 [ITS-90, deg C]
# name 4 = c0S/m: Conductivity [S/m]
# name 5 = c1S/m: Conductivity, 2 [S/m]
# name 6 = pumps: Pump Status
# name 7 = sbeox0V: Oxygen raw, SBE 43 [V]
# name 8 = sbeox1V: Oxygen raw, SBE 43, 2 [V]
# name 9 = altM: Altimeter [m]
# name 10 = dz/dtM: Descent Rate [m/s]
# name 11 = flECO-AFL: Chl-a Fluorescence, WET Labs ECO-AFL/FL [mg/m^3]
# name 12 = flECO-AFL1: Phycocyanin Fluorescence, WET Labs ECO-AFL/FL, 2 [mg/m^3]
# name 13 = par: PAR/Irradiance, Biospherical/Lico [µE/(cm^2*s)]
# name 14 = turbWETntu0: Turbidity, WET Labs ECO [NTU]
# name 15 = sal00: Salinity, Practical [PSU]
# name 16 = sal11: Salinity, Practical, 2 [PSU]
# name 17 = secS-priS: Salinity, Practical, Difference, 2 - 1 [PSU]
# name 18 = T2-T190C: Temperature Difference, 2 - 1 [ITS-90, deg C]
# name 19 = sigma-t00: Density [sigma-t, kg/m^3 ]
# name 20 = sigma-t11: Density, 2 [sigma-t, kg/m^3 ]
# name 21 = depSM: Depth [salt water, m], lat = 57.4533
# name 22 = depFM: Depth [true depth, m], lat = 57.4533
# name 23 = svCM: Sound Velocity [Chen-Millero, m/s]
# name 24 = svCM1: Sound Velocity, 2 [Chen-Millero, m/s]
# name 25 = sbeox0ML/L: Oxygen, SBE 43 [ml/l], WS = 2
# name 26 = sbeox1ML/L: Oxygen, SBE 43, 2 [ml/l], WS = 2
# name 27 = sbeox0PS: Oxygen, SBE 43 [% saturation], WS = 2
# name 28 = sbeox1PS: Oxygen, SBE 43, 2 [% saturation], WS = 2
# name 29 = flag: flag
# span 0 =      25967,      30490       
# span 1 =      1.000,     55.500       
# span 2 =     7.5192,     7.5362       
# span 3 =     7.5191,     7.5361       
# span 4 =   3.521409,   3.533496       
# span 5 =   3.529190,   3.533349       
# span 6 =          1,          1       
# span 7 =     3.5293,     3.5526       
# span 8 =     3.2870,     3.3104       
# span 9 =       1.43,      55.31       
# span 10 =     -0.545,      0.671      
# span 11 =     0.4253,     0.4843      
# span 12 =     0.1805,     0.3195      
# span 13 = 1.0000e-12, 3.9035e+01      
# span 14 =     0.9075,     2.0590      
# span 15 =    34.3910,    34.5213      
# span 16 =    34.4764,    34.4939      
# span 17 =    -0.0435,     0.0861      
# span 18 =    -0.0023,     0.0018      
# span 19 =    26.8646,    26.9669      
# span 20 =    26.9315,    26.9466      
# span 21 =      0.991,     54.981      
# span 22 =      0.992,     55.046      
# span 23 =    1479.95,    1480.95      
# span 24 =    1480.06,    1480.95      
# span 25 =     6.2122,     6.2328      
# span 26 =     6.3010,     6.3313      
# span 27 =     92.810,     93.124      
# span 28 =     94.165,     94.593      
# span 29 = 0.0000e+00, 0.0000e+00      
# interval = decibars: 0.5              
# start_time = Feb 03 2020 14:39:57 [NMEA time, first data scan]
# bad_flag = -9.990e-29
*END*
      25967      1.000     7.5298     7.5290    3.53350    3.52942          1     3.5505     3.3070      55.31     -0.545     0.4253     0.2245  3.903e+01  0.9241000    34.5213    34.4779    -0.0435    -0.0008    26.9669    26.9328      0.991      0.992    1480.11    1480.06     6.2169     6.3222    92.9140    94.4590  0.000e+00
      26034      1.500     7.5287     7.5284    3.52141    3.52932          1     3.5500     3.3098      55.06      0.008     0.4358     0.1805  3.439e+01  1.0384000    34.3910    34.4772     0.0861    -0.0003    26.8646    26.9323      1.486      1.488    1479.95    1480.06     6.2253     6.3261    92.9570    94.5150  0.000e+00
      26101      2.000     7.5277     7.5276    3.52887    3.52921          1     3.5506     3.3104      54.62      0.238     0.4395     0.2004  2.740e+01  1.1689000    34.4726    34.4765     0.0038    -0.0001    26.9289    26.9319      1.982      1.984    1480.06    1480.06     6.2251     6.3221    93.0030    94.4530  0.000e+00
      26182      2.500     7.5273     7.5272    3.52934    3.52919          1     3.5526     3.3096      54.18      0.169     0.4417     0.2482  2.447e+01  1.0620000    34.4779    34.4765    -0.0014    -0.0001    26.9331    26.9320      2.477      2.480    1480.07    1480.07     6.2278     6.3224    93.0450    94.4580  0.000e+00
      26231      3.000     7.5276     7.5270    3.52937    3.52919          1     3.5520     3.3096      53.60      0.246     0.4470     0.2149  2.148e+01  1.0128000    34.4778    34.4764    -0.0014    -0.0006    26.9329    26.9319      2.972      2.975    1480.08    1480.08     6.2257     6.3207    93.0140    94.4320  0.000e+00
      26256      3.500     7.5278     7.5276    3.52941    3.52927          1     3.5512     3.3091      52.60      0.362     0.4506     0.2005  1.906e+01  1.0275000    34.4778    34.4764    -0.0013    -0.0002    26.9329    26.9319      3.468      3.471    1480.09    1480.09     6.2250     6.3276    93.0040    94.5360  0.000e+00
      26276      4.000     7.5279     7.5277    3.52944    3.52931          1     3.5516     3.3101      52.10      0.542     0.4524     0.2005  1.647e+01  1.1205000    34.4778    34.4764    -0.0013    -0.0002    26.9329    26.9319      3.963      3.967    1480.10    1480.10     6.2280     6.3309    93.0480    94.5850  0.000e+00
      26316      4.500     7.5283     7.5283    3.52952    3.52940          1     3.5515     3.3093      51.47      0.447     0.4561     0.1954  1.459e+01  1.0867000    34.4779    34.4766    -0.0014     0.0000    26.9329    26.9319      4.458      4.463    1480.11    1480.11     6.2272     6.3225    93.0380    94.4610  0.000e+00
      26388      5.000     7.5289     7.5289    3.52964    3.52953          1     3.5520     3.3063      51.75      0.140     0.4500     0.2169  1.403e+01  0.9075000    34.4784    34.4771    -0.0013     0.0000    26.9332    26.9322      4.954      4.959    1480.12    1480.12     6.2288     6.3215    93.0630    94.4480  0.000e+00
      26403      5.500     7.5285     7.5283    3.52962    3.52949          1     3.5519     3.3076      51.50      0.428     0.4429     0.2333  1.185e+01  1.0853000    34.4783    34.4771    -0.0012    -0.0002    26.9332    26.9323      5.449      5.455    1480.13    1480.13     6.2267     6.3313    93.0310    94.5930  0.000e+00
      26420      6.000     7.5296     7.5295    3.52972    3.52959          1     3.5512     3.3084      51.17      0.653     0.4433     0.2363  1.021e+01  1.1240000    34.4781    34.4767    -0.0013    -0.0001    26.9329    26.9318      5.945      5.951    1480.14    1480.14     6.2250     6.3269    93.0080    94.5290  0.000e+00
      26454      6.500     7.5296     7.5296    3.52974    3.52961          1     3.5509     3.3079      50.47      0.458     0.4499     0.2266  9.198e+00  1.0735000    34.4781    34.4767    -0.0014    -0.0000    26.9329    26.9318      6.440      6.447    1480.15    1480.15     6.2272     6.3204    93.0410    94.4330  0.000e+00
      26492      7.000     7.5299     7.5297    3.52980    3.52964          1     3.5510     3.3078      49.81      0.242     0.4489     0.2077  8.694e+00  0.9756000    34.4781    34.4767    -0.0015    -0.0002    26.9329    26.9317      6.935      6.943    1480.16    1480.15     6.2294     6.3231    93.0740    94.4720  0.000e+00
      26510      7.500     7.5298     7.5297    3.52981    3.52966          1     3.5513     3.3078      49.52      0.472     0.4381     0.2218  7.560e+00  1.0836000    34.4781    34.4766    -0.0016    -0.0001    26.9329    26.9317      7.431      7.439    1480.17    1480.16     6.2323     6.3257    93.1180    94.5110  0.000e+00
      26526      8.000     7.5296     7.5295    3.52983    3.52969          1     3.5519     3.3083      49.14      0.658     0.4654     0.2210  6.559e+00  1.2766000    34.4782    34.4768    -0.0014    -0.0001    26.9330    26.9319      7.926      7.935    1480.17    1480.17     6.2323     6.3292    93.1180    94.5640  0.000e+00
      26547      8.500     7.5299     7.5297    3.52986    3.52971          1     3.5517     3.3086      48.19      0.671     0.4643     0.2318  5.822e+00  1.2570000    34.4780    34.4766    -0.0013    -0.0002    26.9328    26.9317      8.421      8.431    1480.18    1480.18     6.2295     6.3261    93.0770    94.5170  0.000e+00
      26575      9.000     7.5305     7.5306    3.52992    3.52981          1     3.5512     3.3081      47.76      0.486     0.4470     0.2155  5.296e+00  1.1335000    34.4779    34.4766    -0.0013     0.0001    26.9326    26.9315      8.917      8.926    1480.19    1480.19     6.2269     6.3210    93.0380    94.4440  0.000e+00
      26606      9.500     7.5308     7.5310    3.52997    3.52986          1     3.5502     3.3079      47.36      0.380     0.4601     0.2203  4.829e+00  1.0593000    34.4779    34.4765    -0.0014     0.0002    26.9326    26.9315      9.412      9.422    1480.20    1480.20     6.2242     6.3247    92.9990    94.5000  0.000e+00
      26632     10.000     7.5308     7.5307    3.53000    3.52986          1     3.5490     3.3078      46.93      0.433     0.4537     0.2375  4.275e+00  1.0417000    34.4779    34.4765    -0.0014    -0.0001    26.9325    26.9315      9.908      9.918    1480.21    1480.21     6.2230     6.3252    92.9810    94.5070  0.000e+00
      26655     10.500     7.5307     7.5306    3.53016    3.53002          1     3.5488     3.3082      46.51      0.495     0.4624     0.2259  3.803e+00  1.1735000    34.4795    34.4782    -0.0013    -0.0002    26.9338    26.9328     10.403     10.414    1480.22    1480.22     6.2254     6.3310    93.0170    94.5930  0.000e+00
      26678     11.000     7.5308     7.5305    3.53023    3.53009          1     3.5488     3.3087      46.11      0.523     0.4627     0.2165  3.423e+00  1.1486000    34.4799    34.4788    -0.0012    -0.0003    26.9342    26.9333     10.898     10.910    1480.23    1480.23     6.2247     6.3270    93.0070    94.5340  0.000e+00
      26702     11.500     7.5310     7.5310    3.53025    3.53009          1     3.5483     3.3080      45.55      0.514     0.4478     0.2509  3.111e+00  1.1292000    34.4797    34.4779    -0.0017    -0.0000    26.9339    26.9326     11.394     11.406    1480.24    1480.24     6.2230     6.3214    92.9810    94.4510  0.000e+00
      26727     12.000     7.5308     7.5307    3.53028    3.53015          1     3.5477     3.3074      44.96      0.488     0.4403     0.2872  2.805e+00  1.1693000    34.4800    34.4787    -0.0014    -0.0001    26.9342    26.9332     11.889     11.902    1480.24    1480.24     6.2247     6.3188    93.0080    94.4130  0.000e+00
      26752     12.500     7.5309     7.5308    3.53034    3.53019          1     3.5484     3.3065      44.54      0.475     0.4377     0.2574  2.498e+00  1.1014000    34.4803    34.4788    -0.0015    -0.0000    26.9345    26.9332     12.384     12.398    1480.26    1480.25     6.2306     6.3211    93.0950    94.4470  0.000e+00
      26776     13.000     7.5298     7.5296    3.53041    3.53026          1     3.5491     3.3065      43.78      0.493     0.4485     0.2400  2.220e+00  1.1317000    34.4818    34.4805    -0.0014    -0.0002    26.9358    26.9348     12.880     12.894    1480.26    1480.26     6.2308     6.3261    93.0970    94.5200  0.000e+00
      26799     13.500     7.5282     7.5276    3.53037    3.53022          1     3.5493     3.3072      43.49      0.513     0.4285     0.2529  2.003e+00  1.1035000    34.4829    34.4818    -0.0011    -0.0006    26.9369    26.9361     13.375     13.390    1480.26    1480.26     6.2307     6.3292    93.0930    94.5630  0.000e+00
      26823     14.000     7.5278     7.5273    3.53038    3.53023          1     3.5497     3.3068      42.91      0.504     0.4284     0.2292  1.836e+00  1.1244000    34.4831    34.4819    -0.0013    -0.0005    26.9371    26.9362     13.870     13.886    1480.27    1480.27     6.2328     6.3221    93.1240    94.4570  0.000e+00
      26849     14.500     7.5285     7.5280    3.53044    3.53029          1     3.5499     3.3066      42.10      0.475     0.4386     0.2662  1.651e+00  1.3589000    34.4828    34.4817    -0.0012    -0.0005    26.9368    26.9359     14.366     14.381    1480.28    1480.28     6.2307     6.3280    93.0940    94.5450  0.000e+00
      26873     15.000     7.5295     7.5291    3.53053    3.53038          1     3.5495     3.3072      41.83      0.484     0.4540     0.3051  1.433e+00  1.2478000    34.4825    34.4813    -0.0012    -0.0003    26.9364    26.9355     14.861     14.877    1480.29    1480.29     6.2294     6.3298    93.0770    94.5750  0.000e+00
      26896     15.500     7.5296     7.5292    3.53056    3.53043          1     3.5489     3.3071      41.48      0.517     0.4466     0.2599  1.247e+00  1.1297000    34.4825    34.4814    -0.0011    -0.0004    26.9363    26.9356     15.356     15.373    1480.30    1480.30     6.2270     6.3267    93.0400    94.5280  0.000e+00
      26922     16.000     7.5287     7.5283    3.53053    3.53036          1     3.5484     3.3069      40.99      0.496     0.4339     0.2928  1.117e+00  1.2136000    34.4828    34.4814    -0.0014    -0.0004    26.9368    26.9357     15.852     15.869    1480.31    1480.30     6.2283     6.3219    93.0570    94.4540  0.000e+00
      26951     16.500     7.5283     7.5284    3.53052    3.53038          1     3.5480     3.3055      40.51      0.414     0.4504     0.2257  1.035e+00  1.2277000    34.4828    34.4813    -0.0015     0.0000    26.9368    26.9356     16.347     16.365    1480.31    1480.31     6.2269     6.3196    93.0360    94.4210  0.000e+00
      26976     17.000     7.5285     7.5283    3.53054    3.53040          1     3.5472     3.3054      40.07      0.436     0.4592     0.2729  9.483e-01  1.1176000    34.4826    34.4813    -0.0013    -0.0002    26.9366    26.9356     16.843     16.861    1480.32    1480.32     6.2246     6.3226    93.0020    94.4650  0.000e+00
      26996     17.500     7.5284     7.5284    3.53055    3.53043          1     3.5469     3.3049      39.30      0.528     0.4430     0.2333  8.450e-01  1.1349000    34.4827    34.4813    -0.0014     0.0000    26.9367    26.9356     17.338     17.357    1480.33    1480.33     6.2248     6.3173    93.0060    94.3860  0.000e+00
      27015     18.000     7.5284     7.5283    3.53058    3.53044          1     3.5461     3.3040      38.79      0.603     0.4294     0.2798  7.488e-01  1.1891000    34.4827    34.4813    -0.0014    -0.0001    26.9367    26.9356     17.833     17.853    1480.34    1480.34     6.2246     6.3184    93.0020    94.4020  0.000e+00
      27037     18.500     7.5285     7.5283    3.53061    3.53046          1     3.5462     3.3040      38.42      0.602     0.4380     0.2673  6.588e-01  1.2132000    34.4827    34.4813    -0.0014    -0.0002    26.9367    26.9356     18.329     18.349    1480.35    1480.34     6.2279     6.3238    93.0520    94.4840  0.000e+00
      27064     19.000     7.5283     7.5284    3.53062    3.53047          1     3.5467     3.3042      37.83      0.494     0.4425     0.2429  5.811e-01  1.1711000    34.4827    34.4810    -0.0017     0.0000    26.9367    26.9354     18.824     18.845    1480.35    1480.35     6.2285     6.3215    93.0600    94.4490  0.000e+00
      27098     19.500     7.5284     7.5285    3.53066    3.53054          1     3.5459     3.3032      37.28      0.364     0.4517     0.2418  5.116e-01  1.0944000    34.4828    34.4814    -0.0014     0.0001    26.9368    26.9356     19.319     19.341    1480.36    1480.36     6.2231     6.3125    92.9800    94.3150  0.000e+00
      27126     20.000     7.5290     7.5289    3.53091    3.53082          1     3.5448     3.3017      36.91      0.384     0.4255     0.2227  4.522e-01  1.1671000    34.4848    34.4838    -0.0009    -0.0001    26.9382    26.9375     19.815     19.836    1480.38    1480.37     6.2179     6.3138    92.9050    94.3360  0.000e+00
      27149     20.500     7.5299     7.5296    3.53127    3.53109          1     3.5431     3.3017      36.43      0.478     0.4336     0.2755  4.043e-01  1.0881000    34.4875    34.4858    -0.0017    -0.0003    26.9402    26.9389     20.310     20.332    1480.39    1480.39     6.2164     6.3151    92.8860    94.3590  0.000e+00
      27170     21.000     7.5303     7.5301    3.53140    3.53127          1     3.5428     3.3009      35.95      0.554     0.4402     0.2546  3.629e-01  1.1003000    34.4882    34.4870    -0.0012    -0.0002    26.9407    26.9398     20.805     20.828    1480.40    1480.40     6.2215     6.3145    92.9630    94.3510  0.000e+00
      27190     21.500     7.5306     7.5302    3.53145    3.53129          1     3.5433     3.3014      35.47      0.586     0.4441     0.2171  3.202e-01  1.2333000    34.4883    34.4868    -0.0014    -0.0003    26.9408    26.9397     21.301     21.324    1480.41    1480.41     6.2224     6.3226    92.9770    94.4740  0.000e+00
      27211     22.000     7.5304     7.5301    3.53144    3.53129          1     3.5430     3.3017      35.00      0.590     0.4502     0.2510  2.807e-01  1.3677000    34.4881    34.4867    -0.0014    -0.0003    26.9407    26.9396     21.796     21.820    1480.42    1480.42     6.2215     6.3222    92.9630    94.4660  0.000e+00
      27235     22.500     7.5302     7.5302    3.53142    3.53131          1     3.5427     3.3022      34.57      0.544     0.4546     0.2792  2.360e-01  1.2151000    34.4878    34.4866    -0.0012    -0.0000    26.9404    26.9395     22.291     22.316    1480.43    1480.42     6.2198     6.3227    92.9380    94.4740  0.000e+00
      27271     23.000     7.5301     7.5300    3.53142    3.53128          1     3.5429     3.3017      34.02      0.357     0.4571     0.2740  1.958e-01  1.1858000    34.4877    34.4862    -0.0014    -0.0001    26.9404    26.9393     22.787     22.812    1480.43    1480.43     6.2254     6.3157    93.0210    94.3690  0.000e+00
      27301     23.500     7.5279     7.5275    3.53096    3.53077          1     3.5434     3.3008      33.45      0.351     0.4325     0.2629  1.796e-01  1.1964000    34.4846    34.4829    -0.0017    -0.0004    26.9383    26.9370     23.282     23.308    1480.43    1480.42     6.2243     6.3189    92.9980    94.4090  0.000e+00
      27321     24.000     7.5278     7.5275    3.53091    3.53078          1     3.5433     3.3016      32.99      0.491     0.4447     0.2881  1.571e-01  1.2667000    34.4839    34.4828    -0.0011    -0.0003    26.9377    26.9369     23.777     23.804    1480.44    1480.43     6.2219     6.3287    92.9610    94.5560  0.000e+00
      27339     24.500     7.5293     7.5286    3.53125    3.53105          1     3.5424     3.3022      32.53      0.611     0.4549     0.2368  1.296e-01  1.3388000    34.4860    34.4845    -0.0015    -0.0007    26.9392    26.9380     24.273     24.300    1480.45    1480.45     6.2200     6.3233    92.9370    94.4780  0.000e+00
