ctdpy/tests/etc/exprapp_feb_2020/SBE09_1387_20200201_1921_77_10_0091.cnv
* Sea-Bird SBE 9 Data File:
* FileName = L:\2020\sv20d0091.hex
* Software Version Seasave V 7.26.7.121
* Temperature SN = 6378
* Conductivity SN = 4824
* Number of Bytes Per Scan = 41
* Number of Voltage Words = 4
* Number of Scans Averaged by the Deck Unit = 1
* NMEA Latitude = 57 40.28 N
* NMEA Longitude = 010 55.81 E
* NMEA UTC (Time) = Feb 01 2020  19:21:30
* NMEA baud rate = 4800
** Station:  Hertas flak
** Operator:  A-KTh
** Ship: SVEA
** Average sound velocity: 1473.31 m/s
** True-depth calculation Sun, 02 Feb 2020 09:15:12 +0000
** CTD Python Module SMHI /ver 3-12/ feb 2012 
** LIMS Job: 20207710-0091
** Cruise: SMHI-02-2020
** Latitude [GG MM.mm N] :
** Longitude [GGG MM.mm E]:
# nquan = 30
# nvalues = 55                          
# units = specified
# name 0 = scan: Scan Count
# name 1 = prDM: Pressure, Digiquartz [db]
# name 2 = t090C: Temperature [ITS-90, deg C]
# name 3 = t190C: Temperature, 2 [ITS-90, deg C]
# name 4 = c0S/m: Conductivity [S/m]
# name 5 = c1S/m: Conductivity, 2 [S/m]
# name 6 = pumps: Pump Status
# name 7 = sbeox0V: Oxygen raw, SBE 43 [V]
# name 8 = sbeox1V: Oxygen raw, SBE 43, 2 [V]
# name 9 = altM: Altimeter [m]
# name 10 = dz/dtM: Descent Rate [m/s]
# name 11 = flECO-AFL: Chl-a Fluorescence, WET Labs ECO-AFL/FL [mg/m^3]
# name 12 = flECO-AFL1: Phycocyanin Fluorescence, WET Labs ECO-AFL/FL, 2 [mg/m^3]
# name 13 = par: PAR/Irradiance, Biospherical/Lico [µE/(cm^2*s)]
# name 14 = turbWETntu0: Turbidity, WET Labs ECO [NTU]
# name 15 = sal00: Salinity, Practical [PSU]
# name 16 = sal11: Salinity, Practical, 2 [PSU]
# name 17 = secS-priS: Salinity, Practical, Difference, 2 - 1 [PSU]
# name 18 = T2-T190C: Temperature Difference, 2 - 1 [ITS-90, deg C]
# name 19 = sigma-t00: Density [sigma-t, kg/m^3 ]
# name 20 = sigma-t11: Density, 2 [sigma-t, kg/m^3 ]
# name 21 = depSM: Depth [salt water, m], lat = 57.6713
# name 22 = depFM: Depth [true depth, m], lat = 57.6713
# name 23 = svCM: Sound Velocity [Chen-Millero, m/s]
# name 24 = svCM1: Sound Velocity, 2 [Chen-Millero, m/s]
# name 25 = sbeox0ML/L: Oxygen, SBE 43 [ml/l], WS = 2
# name 26 = sbeox1ML/L: Oxygen, SBE 43, 2 [ml/l], WS = 2
# name 27 = sbeox0PS: Oxygen, SBE 43 [% saturation], WS = 2
# name 28 = sbeox1PS: Oxygen, SBE 43, 2 [% saturation], WS = 2
# name 29 = flag: flag
# span 0 =      12339,      15116       
# span 1 =      2.000,     29.000       
# span 2 =     6.1533,     7.0204       
# span 3 =     6.1534,     7.0207       
# span 4 =   3.141882,   3.445993       
# span 5 =   3.141901,   3.445894       
# span 6 =          1,          1       
# span 7 =     3.4751,     3.5738       
# span 8 =     3.2407,     3.3305       
# span 9 =       1.02,      27.61       
# span 10 =     -0.195,      0.809      
# span 11 =     0.4920,     1.0992      
# span 12 =     0.2066,     0.4090      
# span 13 = -1.395e-04, 1.2895e+00      
# span 14 =     0.3951,     3.5102      
# span 15 =    31.5420,    34.0575      
# span 16 =    31.5425,    34.0561      
# span 17 =    -0.0439,     0.0569      
# span 18 =    -0.0151,     0.0130      
# span 19 =    24.8026,    26.6735      
# span 20 =    24.8031,    26.6724      
# span 21 =      1.981,     28.730      
# span 22 =      1.988,     28.806      
# span 23 =    1471.05,    1478.03      
# span 24 =    1471.04,    1478.03      
# span 25 =     6.1877,     6.6273      
# span 26 =     6.2924,     6.7352      
# span 27 =     90.772,     94.089      
# span 28 =     92.268,     95.634      
# span 29 = 0.0000e+00, 0.0000e+00      
# interval = decibars: 0.5              
# start_time = Feb 01 2020 19:21:30 [NMEA time, first data scan]
# bad_flag = -9.990e-29
*END*
      12339      2.000     6.1575     6.1565    3.14326    3.14292          1     3.5738     3.3291      27.61     -0.195     1.0505     0.4074  1.095e+00  0.4078000    31.5555    31.5526    -0.0029    -0.0010    24.8128    24.8106      1.981      1.988    1471.06    1471.05     6.6257     6.7352    94.0830    95.6340  0.000e+00
      12538      2.500     6.1554     6.1548    3.14258    3.14230          1     3.5736     3.3305      26.99      0.203     1.0688     0.3682  1.290e+00  0.4250000    31.5496    31.5471    -0.0025    -0.0006    24.8084    24.8065      2.477      2.485    1471.05    1471.04     6.6246     6.7324    94.0580    95.5870  0.000e+00
      12759      3.000     6.1547     6.1543    3.14228    3.14212          1     3.5736     3.3305      26.73      0.254     1.0479     0.3801  8.437e-01  0.4387000    31.5467    31.5454    -0.0013    -0.0004    24.8062    24.8052      2.972      2.982    1471.05    1471.05     6.6253     6.7312    94.0660    95.5670  0.000e+00
      12802      3.500     6.1548     6.1545    3.14236    3.14223          1     3.5738     3.3305      26.38      0.446     1.0369     0.3821  8.032e-01  0.4515000    31.5473    31.5461    -0.0011    -0.0003    24.8066    24.8058      3.468      3.479    1471.06    1471.06     6.6219     6.7305    94.0180    95.5580  0.000e+00
      12844      4.000     6.1547     6.1546    3.14238    3.14229          1     3.5728     3.3297      25.87      0.371     1.0365     0.3657  6.081e-01  0.4406000    31.5473    31.5465    -0.0008    -0.0002    24.8066    24.8061      3.963      3.976    1471.07    1471.07     6.6220     6.7257    94.0190    95.4900  0.000e+00
      12898      4.500     6.1548     6.1547    3.14236    3.14231          1     3.5726     3.3285      25.26      0.150     1.0115     0.3534  5.161e-01  0.4021000    31.5468    31.5463    -0.0005    -0.0002    24.8063    24.8059      4.458      4.472    1471.08    1471.08     6.6245     6.7238    94.0540    95.4630  0.000e+00
      12911      5.000     6.1545     6.1536    3.14237    3.14194          1     3.5724     3.3287      25.02      0.495     1.0451     0.3891  3.935e-01  0.4495000    31.5469    31.5430    -0.0039    -0.0010    24.8064    24.8034      4.954      4.969    1471.08    1471.08     6.6198     6.7289    93.9880    95.5310  0.000e+00
      12928      5.500     6.1533     6.1534    3.14188    3.14190          1     3.5715     3.3288      24.60      0.755     1.0475     0.4090  3.159e-01  0.4765000    31.5424    31.5425     0.0001     0.0001    24.8030    24.8031      5.449      5.466    1471.08    1471.08     6.6159     6.7331    93.9260    95.5900  0.000e+00
      12977      6.000     6.1537     6.1540    3.14201    3.14206          1     3.5705     3.3288      23.86      0.301     1.0473     0.4035  2.385e-01  0.4263000    31.5432    31.5435     0.0003     0.0003    24.8035    24.8037      5.945      5.963    1471.10    1471.10     6.6210     6.7270    94.0010    95.5050  0.000e+00
      13012      6.500     6.1535     6.1538    3.14190    3.14199          1     3.5715     3.3280      23.39      0.243     1.0225     0.3936  1.901e-01  0.3951000    31.5420    31.5426     0.0007     0.0003    24.8026    24.8031      6.440      6.460    1471.10    1471.10     6.6273     6.7219    94.0890    95.4320  0.000e+00
      13026      7.000     6.1541     6.1541    3.14225    3.14220          1     3.5718     3.3277      23.10      0.542     1.0279     0.3544  1.502e-01  0.4471000    31.5451    31.5445    -0.0006    -0.0000    24.8050    24.8045      6.935      6.957    1471.11    1471.11     6.6266     6.7249    94.0820    95.4760  0.000e+00
      13040      7.500     6.1553     6.1552    3.14268    3.14267          1     3.5721     3.3279      22.66      0.785     1.0320     0.3735  9.461e-02  0.4744000    31.5485    31.5484    -0.0001    -0.0001    24.8076    24.8074      7.431      7.454    1471.13    1471.13     6.6260     6.7309    94.0780    95.5670  0.000e+00
      13058      8.000     6.1554     6.1553    3.14270    3.14263          1     3.5719     3.3285      22.13      0.809     1.0992     0.3969  7.788e-02  0.5041000    31.5484    31.5477    -0.0007    -0.0001    24.8074    24.8069      7.926      7.951    1471.14    1471.14     6.6236     6.7307    94.0430    95.5630  0.000e+00
      13098      8.500     6.1551     6.1549    3.14262    3.14244          1     3.5714     3.3278      21.39      0.359     1.0176     0.4011  5.603e-02  0.4372000    31.5475    31.5456    -0.0018    -0.0002    24.8068    24.8053      8.421      8.448    1471.14    1471.14     6.6223     6.7236    94.0240    95.4610  0.000e+00
      13132      9.000     6.1569     6.1571    3.14344    3.14356          1     3.5707     3.3275      20.96      0.278     1.0649     0.3244  2.295e-02  0.4576000    31.5547    31.5558     0.0011     0.0003    24.8122    24.8131      8.917      8.945    1471.17    1471.17     6.6178     6.7260    93.9690    95.5060  0.000e+00
      13150      9.500     6.1575     6.1567    3.14372    3.14338          1     3.5702     3.3274      20.55      0.505     1.0378     0.3521  1.116e-02  0.4899000    31.5571    31.5540    -0.0031    -0.0008    24.8140    24.8117      9.412      9.442    1471.18    1471.18     6.6194     6.7243    93.9950    95.4800  0.000e+00
      13166     10.000     6.1577     6.1585    3.14387    3.14419          1     3.5701     3.3271      20.10      0.670     1.0143     0.3556 -1.395e-04  0.5059000    31.5582    31.5611     0.0029     0.0008    24.8149    24.8171      9.907      9.939    1471.19    1471.20     6.6213     6.7238    94.0230    95.4810  0.000e+00
      13186     10.500     6.1612     6.1614    3.14551    3.14553          1     3.5702     3.3272      19.55      0.686     1.0552     0.3367  8.750e-09  0.4855000    31.5729    31.5731     0.0001     0.0001    24.8261    24.8262     10.403     10.436    1471.23    1471.23     6.6214     6.7296    94.0410    95.5780  0.000e+00
      13221     11.000     6.1640     6.1626    3.14673    3.14607          1     3.5701     3.3284      18.97      0.405     1.0352     0.3364  1.000e-12  0.4967000    31.5837    31.5777    -0.0060    -0.0014    24.8342    24.8297     10.898     10.933    1471.27    1471.25     6.6182     6.7307    94.0090    95.5980  0.000e+00
      13254     11.500     6.1666     6.1647    3.14803    3.14714          1     3.5687     3.3273      18.46      0.315     0.9765     0.3788  1.000e-12  0.4673000    31.5954    31.5873    -0.0081    -0.0019    24.8432    24.8370     11.393     11.430    1471.30    1471.28     6.5976     6.6995    93.7290    95.1670  0.000e+00
      13276     12.000     6.1875     6.1851    3.16165    3.16038          1     3.5636     3.3234      17.55      0.467     0.9513     0.4029  1.000e-12  0.4548000    31.7271    31.7151    -0.0119    -0.0023    24.9445    24.9354     11.889     11.926    1471.56    1471.53     6.5606     6.6561    93.3290    94.6760  0.000e+00
      13296     12.500     6.2048     6.2044    3.18048    3.18051          1     3.5574     3.3176      17.33      0.577     0.8881     0.3746  1.000e-12  0.4530000    31.9197    31.9205     0.0007    -0.0004    25.0944    25.0950     12.384     12.423    1471.88    1471.88     6.5328     6.6236    93.0910    94.3850  0.000e+00
      13318     13.000     6.2566     6.2543    3.20338    3.20299          1     3.5510     3.3122      16.98      0.578     0.7699     0.3459  1.000e-12  0.4608000    32.1251    32.1229    -0.0022    -0.0024    25.2501    25.2486     12.879     12.920    1472.35    1472.34     6.5082     6.6015    92.9790    94.3040  0.000e+00
      13344     13.500     6.2979     6.2978    3.21747    3.21745          1     3.5460     3.3072      16.51      0.494     0.6763     0.3224  1.000e-12  0.4742000    32.2423    32.2422    -0.0001    -0.0002    25.3374    25.3373     13.375     13.417    1472.67    1472.67     6.4949     6.5910    92.9500    94.3250  0.000e+00
      13371     14.000     6.3004     6.3004    3.21935    3.21928          1     3.5422     3.3035      15.97      0.439     0.6370     0.3321  1.000e-12  0.4883000    32.2605    32.2597    -0.0008    -0.0000    25.3515    25.3508     13.870     13.913    1472.71    1472.71     6.4922     6.5898    92.9280    94.3260  0.000e+00
      13394     14.500     6.2997     6.2997    3.22006    3.22001          1     3.5404     3.3016      15.51      0.471     0.6431     0.3303  1.000e-12  0.5022000    32.2688    32.2683    -0.0006    -0.0000    25.3581    25.3576     14.366     14.410    1472.73    1472.73     6.4914     6.5950    92.9210    94.4030  0.000e+00
      13414     15.000     6.3075     6.3079    3.22157    3.22159          1     3.5386     3.3003      15.13      0.549     0.6532     0.2727  1.000e-12  0.5158000    32.2779    32.2778    -0.0001     0.0004    25.3643    25.3642     14.861     14.907    1472.78    1472.78     6.4840     6.5900    92.8370    94.3550  0.000e+00
      13436     15.500     6.3223     6.3217    3.22411    3.22402          1     3.5363     3.2986      14.57      0.588     0.6211     0.2681  1.000e-12  0.5257000    32.2918    32.2914    -0.0004    -0.0006    25.3734    25.3732     15.356     15.404    1472.86    1472.86     6.4758     6.5740    92.7600    94.1650  0.000e+00
      13463     16.000     6.3386     6.3390    3.22641    3.22639          1     3.5342     3.2951      13.56      0.494     0.5884     0.3094  1.000e-12  0.5177000    32.3017    32.3010    -0.0007     0.0004    25.3791    25.3786     15.852     15.900    1472.95    1472.95     6.4732     6.5632    92.7640    94.0550  0.000e+00
      13494     16.500     6.3489     6.3484    3.22781    3.22768          1     3.5327     3.2926      13.37      0.391     0.5638     0.3301  1.000e-12  0.5320000    32.3071    32.3062    -0.0010    -0.0005    25.3822    25.3815     16.347     16.397    1473.00    1473.00     6.4675     6.5644    92.7090    94.0950  0.000e+00
      13521     17.000     6.3532     6.3539    3.22865    3.22871          1     3.5303     3.2912      12.95      0.416     0.5787     0.3035  1.000e-12  0.5535000    32.3121    32.3121    -0.0000     0.0007    25.3856    25.3855     16.842     16.893    1473.03    1473.04     6.4589     6.5666    92.5970    94.1430  0.000e+00
      13543     17.500     6.3620     6.3618    3.23038    3.23034          1     3.5288     3.2909      12.34      0.488     0.5763     0.3122  1.000e-12  0.5566000    32.3228    32.3224    -0.0004    -0.0001    25.3929    25.3926     17.338     17.390    1473.09    1473.09     6.4621     6.5689    92.6680    94.2000  0.000e+00
      13561     18.000     6.3617     6.3614    3.23089    3.23088          1     3.5294     3.2906      11.66      0.576     0.5834     0.2952  1.000e-12  0.5681000    32.3285    32.3286     0.0001    -0.0003    25.3974    25.3975     17.833     17.887    1473.10    1473.10     6.4673     6.5689    92.7460    94.2030  0.000e+00
      13580     18.500     6.3557     6.3552    3.23177    3.23167          1     3.5293     3.2906      11.43      0.648     0.5982     0.2643  1.000e-12  0.5798000    32.3436    32.3431    -0.0006    -0.0005    25.4101    25.4097     18.328     18.383    1473.11    1473.11     6.4639     6.5737    92.6930    94.2680  0.000e+00
      13601     19.000     6.3512     6.3515    3.23191    3.23195          1     3.5282     3.2910      11.01      0.631     0.6057     0.2701  1.000e-12  0.5796000    32.3492    32.3494     0.0002     0.0002    25.4150    25.4152     18.824     18.880    1473.10    1473.11     6.4535     6.5645    92.5390    94.1300  0.000e+00
      13635     19.500     6.3873     6.3723    3.24186    3.23661          1     3.5236     3.2872      10.43      0.411     0.5786     0.2655  1.000e-12  0.6048000    32.4249    32.3811    -0.0439    -0.0151    25.4702    25.4375     19.319     19.377    1473.35    1473.24     6.4309     6.5372    92.3380    93.8040  0.000e+00
      13675     20.000     6.4443     6.4382    3.25992    3.25795          1     3.5195     3.2831       9.92      0.257     0.5376     0.2066  1.000e-12  0.7365000    32.5705    32.5545    -0.0160    -0.0061    25.5778    25.5660     19.814     19.873    1473.77    1473.72     6.4035     6.4994    92.1560    93.5130  0.000e+00
      13695     20.500     6.4449     6.4440    3.25963    3.25931          1     3.5158     3.2790       9.49      0.434     0.5303     0.2461  1.000e-12  0.7865000    32.5664    32.5638    -0.0026    -0.0009    25.5745    25.5726     20.310     20.370    1473.77    1473.77     6.3848     6.4755    91.8850    93.1880  0.000e+00
      13711     21.000     6.4584     6.4631    3.26394    3.26551          1     3.5114     3.2755       9.03      0.612     0.5226     0.2996  1.000e-12  0.7948000    32.6009    32.6139     0.0130     0.0046    25.6000    25.6097     20.805     20.866    1473.88    1473.91     6.3648     6.4549    91.6470    92.9620  0.000e+00
      13731     21.500     6.5133     6.5132    3.28165    3.28183          1     3.5054     3.2700       8.44      0.686     0.5466     0.3139  1.000e-12  0.8578000    32.7441    32.7462     0.0021    -0.0001    25.7059    25.7076     21.300     21.363    1474.28    1474.28     6.3372     6.4245    91.4520    92.7140  0.000e+00
      13766     22.000     6.5875     6.5820    3.30762    3.30528          1     3.4964     3.2614       7.78      0.409     0.4970     0.2612  1.000e-12  1.1083000    32.9596    32.9391    -0.0205    -0.0055    25.8662    25.8508     21.796     21.859    1474.85    1474.80     6.3005     6.3898    91.2080    92.4770  0.000e+00
      13804     22.500     6.6303     6.6290    3.32125    3.32081          1     3.4880     3.2535       7.30      0.274     0.5162     0.2230  1.000e-12  1.3468000    33.0687    33.0651    -0.0036    -0.0013    25.9466    25.9440     22.291     22.356    1475.17    1475.16     6.2824     6.3757    91.1030    92.4510  0.000e+00
      13828     23.000     6.6397     6.6396    3.32388    3.32380          1     3.4859     3.2512       6.87      0.440     0.5129     0.2371  1.000e-12  1.5511000    33.0884    33.0876    -0.0008    -0.0001    25.9609    25.9604     22.786     22.852    1475.24    1475.23     6.2873     6.3830    91.2060    92.5930  0.000e+00
      13895     23.500     6.6315     6.6377    3.32129    3.32312          1     3.4845     3.2486       6.19      0.202     0.4990     0.3002  1.000e-12  1.4533000    33.0676    33.0818     0.0142     0.0062    25.9456    25.9560     23.282     23.349    1475.19    1475.23     6.2799     6.3727    91.0680    92.4360  0.000e+00
      13943     24.000     6.6467     6.6465    3.32593    3.32591          1     3.4785     3.2444       5.69      0.295     0.5006     0.3117  1.000e-12  1.3582000    33.1038    33.1037    -0.0000    -0.0002    25.9721    25.9721     23.777     23.845    1475.30    1475.30     6.2557     6.3589    90.7720    92.2680  0.000e+00
      13977     24.500     6.6822     6.6817    3.33620    3.33637          1     3.4761     3.2433       5.23      0.366     0.4920     0.2602  1.000e-12  1.7717000    33.1825    33.1849     0.0024    -0.0005    26.0296    26.0315     24.272     24.341    1475.54    1475.55     6.2573     6.3640    90.9160    92.4660  0.000e+00
      14022     25.000     6.7124     6.7081    3.34419    3.34443          1     3.4751     3.2416       4.89      0.256     0.4964     0.2682  1.000e-12  1.8143000    33.2412    33.2479     0.0067    -0.0043    26.0718    26.0777     24.767     24.838    1475.74    1475.74     6.2507     6.3470    90.9180    92.3140  0.000e+00
      14065     25.500     6.8441     6.8521    3.38299    3.38887          1     3.4755     3.2407       4.23      0.298     0.4982     0.2645  1.000e-12  2.2175000    33.5401    33.5971     0.0569     0.0080    26.2899    26.3337     25.263     25.334    1476.64    1476.74     6.2276     6.3254    91.0370    92.5190  0.000e+00
