ctdpy/tests/etc/exprapp_feb_2020/SBE09_1387_20200211_1836_77_10_0142.cnv
* Sea-Bird SBE 9 Data File:
* FileName = L:\2020\sv20d0142.hex
* Software Version Seasave V 7.26.7.121
* Temperature SN = 6378
* Conductivity SN = 4824
* Number of Bytes Per Scan = 41
* Number of Voltage Words = 4
* Number of Scans Averaged by the Deck Unit = 1
* NMEA Latitude = 58 52.95 N
* NMEA Longitude = 020 19.74 E
* NMEA UTC (Time) = Feb 11 2020  18:36:45
* NMEA baud rate = 4800
** Station:  BY29
** Operator:  SSip
** Ship: SVEA
** Average sound velocity: 1442.75 m/s
** True-depth calculation Tue, 11 Feb 2020 19:49:48 +0000
** CTD Python Module SMHI /ver 3-12/ feb 2012 
** LIMS Job: 20207710-0142
** Cruise: SMHI-02-2020
** Latitude [GG MM.mm N] :
** Longitude [GGG MM.mm E]:
# nquan = 30
# nvalues = 328                         
# units = specified
# name 0 = scan: Scan Count
# name 1 = prDM: Pressure, Digiquartz [db]
# name 2 = t090C: Temperature [ITS-90, deg C]
# name 3 = t190C: Temperature, 2 [ITS-90, deg C]
# name 4 = c0S/m: Conductivity [S/m]
# name 5 = c1S/m: Conductivity, 2 [S/m]
# name 6 = pumps: Pump Status
# name 7 = sbeox0V: Oxygen raw, SBE 43 [V]
# name 8 = sbeox1V: Oxygen raw, SBE 43, 2 [V]
# name 9 = altM: Altimeter [m]
# name 10 = dz/dtM: Descent Rate [m/s]
# name 11 = flECO-AFL: Chl-a Fluorescence, WET Labs ECO-AFL/FL [mg/m^3]
# name 12 = flECO-AFL1: Phycocyanin Fluorescence, WET Labs ECO-AFL/FL, 2 [mg/m^3]
# name 13 = par: PAR/Irradiance, Biospherical/Lico [µE/(cm^2*s)]
# name 14 = turbWETntu0: Turbidity, WET Labs ECO [NTU]
# name 15 = sal00: Salinity, Practical [PSU]
# name 16 = sal11: Salinity, Practical, 2 [PSU]
# name 17 = secS-priS: Salinity, Practical, Difference, 2 - 1 [PSU]
# name 18 = T2-T190C: Temperature Difference, 2 - 1 [ITS-90, deg C]
# name 19 = sigma-t00: Density [sigma-t, kg/m^3 ]
# name 20 = sigma-t11: Density, 2 [sigma-t, kg/m^3 ]
# name 21 = depSM: Depth [salt water, m], lat = 58.8825
# name 22 = depFM: Depth [true depth, m], lat = 58.8825
# name 23 = svCM: Sound Velocity [Chen-Millero, m/s]
# name 24 = svCM1: Sound Velocity, 2 [Chen-Millero, m/s]
# name 25 = sbeox0ML/L: Oxygen, SBE 43 [ml/l], WS = 2
# name 26 = sbeox1ML/L: Oxygen, SBE 43, 2 [ml/l], WS = 2
# name 27 = sbeox0PS: Oxygen, SBE 43 [% saturation], WS = 2
# name 28 = sbeox1PS: Oxygen, SBE 43, 2 [% saturation], WS = 2
# name 29 = flag: flag
# span 0 =      21059,      31482       
# span 1 =      1.500,    165.000       
# span 2 =     5.0887,     6.6467       
# span 3 =     5.0886,     6.6463       
# span 4 =   0.785098,   1.268044       
# span 5 =   0.785150,   1.268095       
# span 6 =          1,          1       
# span 7 =     0.7425,     3.5311       
# span 8 =     0.7276,     3.2956       
# span 9 =       2.23,      98.56       
# span 10 =     -0.349,      1.009      
# span 11 =     0.3268,     0.4612      
# span 12 =     0.1385,     0.3006      
# span 13 = 1.0000e-12, 1.6983e+00      
# span 14 =     0.1507,     3.2702      
# span 15 =     7.2080,    11.5122      
# span 16 =     7.2087,    11.5129      
# span 17 =    -0.2568,     0.0153      
# span 18 =    -0.0891,     0.0051      
# span 19 =     5.6952,     8.9986      
# span 20 =     5.6958,     8.9993      
# span 21 =      1.486,    163.394      
# span 22 =      1.519,    166.861      
# span 23 =    1435.88,    1450.58      
# span 24 =    1435.88,    1450.58      
# span 25 =     0.0461,     7.8944      
# span 26 =     0.0082,     8.0396      
# span 27 =      0.581,     92.942      
# span 28 =      0.101,     94.628      
# span 29 = 0.0000e+00, 0.0000e+00      
# interval = decibars: 0.5              
# start_time = Feb 11 2020 18:36:45 [NMEA time, first data scan]
# bad_flag = -9.990e-29
*END*
[from data line 291]
      28885    147.000     6.6349     6.6348    1.26555    1.26567          1     0.7457     0.7326      20.78      0.374     0.4180     0.2295  1.000e-12  0.3722000    11.4950    11.4962     0.0012    -0.0001     8.9860     8.9870    145.575    148.690    1450.22    1450.22     0.0557     0.0937     0.7010     1.1790  0.000e+00
      28908    147.500     6.6362     6.6360    1.26578    1.26588          1     0.7459     0.7325      20.36      0.448     0.4172     0.2261  1.000e-12  0.3838000    11.4967    11.4978     0.0011    -0.0002     8.9873     8.9882    146.070    149.195    1450.24    1450.24     0.0564     0.0946     0.7100     1.1900  0.000e+00
      28926    148.000     6.6375     6.6373    1.26605    1.26619          1     0.7458     0.7326      19.93      0.564     0.4271     0.1451  1.000e-12  0.4202000    11.4988    11.5003     0.0015    -0.0002     8.9888     8.9900    146.565    149.700    1450.25    1450.25     0.0557     0.0952     0.7000     1.1970  0.000e+00
      28946    148.500     6.6392     6.6389    1.26642    1.26652          1     0.7459     0.7325      19.43      0.638     0.4247     0.2366  1.000e-12  0.4090000    11.5018    11.5029     0.0010    -0.0003     8.9911     8.9919    147.060    150.205    1450.27    1450.27     0.0559     0.0944     0.7040     1.1880  0.000e+00
      28977    149.000     6.6395     6.6393    1.26649    1.26660          1     0.7458     0.7325      18.76      0.470     0.4172     0.2264  1.000e-12  0.3912000    11.5024    11.5034     0.0011    -0.0001     8.9915     8.9923    147.555    150.709    1450.28    1450.28     0.0551     0.0934     0.6930     1.1760  0.000e+00
      29018    149.500     6.6398     6.6396    1.26655    1.26665          1     0.7458     0.7323      18.22      0.250     0.4103     0.2403  1.000e-12  0.3765000    11.5027    11.5038     0.0011    -0.0002     8.9917     8.9926    148.050    151.214    1450.29    1450.29     0.0551     0.0920     0.6930     1.1580  0.000e+00
      29044    150.000     6.6404     6.6402    1.26664    1.26675          1     0.7456     0.7323      17.81      0.401     0.4181     0.2171  1.000e-12  0.3799000    11.5033    11.5045     0.0012    -0.0002     8.9921     8.9931    148.545    151.719    1450.30    1450.30     0.0551     0.0949     0.6940     1.1950  0.000e+00
      29066    150.500     6.6406     6.6405    1.26667    1.26681          1     0.7457     0.7323      17.34      0.515     0.4157     0.1608  1.000e-12  0.3837000    11.5034    11.5049     0.0014    -0.0001     8.9922     8.9933    149.040    152.223    1450.31    1450.31     0.0556     0.0938     0.6990     1.1810  0.000e+00
      29091    151.000     6.6409     6.6408    1.26675    1.26688          1     0.7456     0.7323      16.78      0.514     0.4173     0.2257  1.000e-12  0.3818000    11.5040    11.5053     0.0013    -0.0001     8.9927     8.9937    149.535    152.728    1450.32    1450.32     0.0533     0.0904     0.6700     1.1370  0.000e+00
      29117    151.500     6.6415     6.6413    1.26692    1.26703          1     0.7454     0.7316      16.33      0.451     0.4219     0.2375  1.000e-12  0.3817000    11.5054    11.5066     0.0011    -0.0002     8.9937     8.9946    150.030    153.233    1450.33    1450.33     0.0543     0.0886     0.6830     1.1150  0.000e+00
      29143    152.000     6.6417     6.6415    1.26697    1.26707          1     0.7453     0.7318      15.77      0.466     0.4290     0.2315  1.000e-12  0.3897000    11.5058    11.5068     0.0011    -0.0002     8.9940     8.9948    150.525    153.738    1450.34    1450.34     0.0537     0.0944     0.6750     1.1880  0.000e+00
      29173    152.500     6.6417     6.6416    1.26698    1.26708          1     0.7454     0.7316      15.21      0.429     0.4165     0.2121  1.000e-12  0.3897000    11.5057    11.5068     0.0011    -0.0001     8.9939     8.9948    151.020    154.242    1450.35    1450.35     0.0548     0.0896     0.6900     1.1280  0.000e+00
      29204    153.000     6.6419     6.6416    1.26699    1.26710          1     0.7454     0.7316      14.69      0.365     0.4247     0.2440  1.000e-12  0.4098000    11.5057    11.5068     0.0011    -0.0002     8.9939     8.9948    151.515    154.747    1450.36    1450.36     0.0537     0.0913     0.6760     1.1490  0.000e+00
      29227    153.500     6.6420     6.6417    1.26701    1.26712          1     0.7452     0.7314      14.26      0.453     0.4294     0.2519  1.000e-12  0.3989000    11.5058    11.5069     0.0012    -0.0003     8.9939     8.9949    152.010    155.252    1450.37    1450.37     0.0546     0.0903     0.6860     1.1360  0.000e+00
      29248    154.000     6.6420     6.6417    1.26706    1.26714          1     0.7453     0.7315      13.76      0.555     0.4384     0.2184  1.000e-12  0.3921000    11.5061    11.5070     0.0009    -0.0003     8.9942     8.9949    152.505    155.757    1450.38    1450.38     0.0539     0.0912     0.6790     1.1480  0.000e+00
      29272    154.500     6.6418     6.6416    1.26703    1.26712          1     0.7454     0.7314      13.21      0.537     0.4278     0.1942  1.000e-12  0.3895000    11.5058    11.5067     0.0009    -0.0002     8.9940     8.9947    153.000    156.261    1450.38    1450.38     0.0546     0.0910     0.6880     1.1460  0.000e+00
      29301    155.000     6.6420     6.6418    1.26706    1.26716          1     0.7451     0.7314      12.65      0.427     0.4257     0.2377  1.000e-12  0.3943000    11.5060    11.5070     0.0010    -0.0002     8.9941     8.9949    153.495    156.766    1450.39    1450.39     0.0529     0.0915     0.6660     1.1510  0.000e+00
      29328    155.500     6.6428     6.6427    1.26726    1.26739          1     0.7450     0.7314      12.19      0.433     0.4200     0.2199  1.000e-12  0.3805000    11.5075    11.5088     0.0013    -0.0001     8.9953     8.9963    153.990    157.271    1450.41    1450.41     0.0529     0.0908     0.6650     1.1430  0.000e+00
      29352    156.000     6.6436     6.6434    1.26742    1.26752          1     0.7450     0.7314      11.70      0.484     0.4078     0.1967  1.000e-12  0.3828000    11.5088    11.5099     0.0011    -0.0002     8.9962     8.9971    154.485    157.775    1450.42    1450.42     0.0538     0.0912     0.6770     1.1470  0.000e+00
      29379    156.500     6.6435     6.6433    1.26742    1.26751          1     0.7450     0.7314      11.15      0.473     0.4068     0.2076  1.000e-12  0.3884000    11.5087    11.5097     0.0010    -0.0002     8.9962     8.9969    154.980    158.280    1450.43    1450.43     0.0531     0.0912     0.6690     1.1470  0.000e+00
      29415    157.000     6.6437     6.6435    1.26747    1.26756          1     0.7450     0.7314      10.58      0.339     0.4106     0.1772  1.000e-12  0.3874000    11.5091    11.5100     0.0010    -0.0002     8.9964     8.9972    155.475    158.785    1450.43    1450.43     0.0531     0.0910     0.6680     1.1440  0.000e+00
      29443    157.500     6.6443     6.6440    1.26757    1.26767          1     0.7448     0.7313      10.14      0.373     0.4175     0.1846  1.000e-12  0.3838000    11.5097    11.5108     0.0010    -0.0002     8.9969     8.9977    155.970    159.290    1450.45    1450.45     0.0534     0.0909     0.6710     1.1440  0.000e+00
      29462    158.000     6.6443     6.6442    1.26757    1.26770          1     0.7450     0.7314       9.72      0.511     0.4176     0.2162  1.000e-12  0.3845000    11.5097    11.5110     0.0013    -0.0002     8.9969     8.9979    156.465    159.794    1450.45    1450.46     0.0532     0.0907     0.6700     1.1420  0.000e+00
      29480    158.500     6.6444     6.6441    1.26760    1.26769          1     0.7449     0.7313       9.29      0.629     0.4177     0.2398  1.000e-12  0.3896000    11.5098    11.5108     0.0010    -0.0003     8.9969     8.9977    156.959    160.299    1450.46    1450.46     0.0521     0.0902     0.6560     1.1350  0.000e+00
      29505    159.000     6.6444     6.6441    1.26761    1.26770          1     0.7447     0.7312       8.70      0.587     0.4260     0.2493  1.000e-12  0.3940000    11.5098    11.5108     0.0010    -0.0003     8.9969     8.9978    157.454    160.804    1450.47    1450.47     0.0527     0.0897     0.6630     1.1290  0.000e+00
      29583    159.500     6.6442     6.6441    1.26760    1.26772          1     0.7446     0.7310       7.88      0.121     0.4264     0.1619  1.000e-12  0.4094000    11.5097    11.5109     0.0012    -0.0001     8.9968     8.9978    157.949    161.309    1450.48    1450.48     0.0529     0.0875     0.6660     1.1020  0.000e+00
      29610    160.000     6.6446     6.6445    1.26763    1.26777          1     0.7447     0.7306       7.59      0.350     0.4212     0.2170  1.000e-12  0.3816000    11.5098    11.5112     0.0013    -0.0001     8.9969     8.9980    158.444    161.813    1450.49    1450.49     0.0527     0.0887     0.6630     1.1160  0.000e+00
      29630    160.500     6.6449     6.6446    1.26770    1.26781          1     0.7447     0.7310       7.15      0.526     0.4419     0.1877  1.000e-12  0.4015000    11.5103    11.5114     0.0011    -0.0003     8.9973     8.9982    158.939    162.318    1450.50    1450.50     0.0523     0.0889     0.6580     1.1190  0.000e+00
      29650    161.000     6.6453     6.6453    1.26780    1.26793          1     0.7447     0.7306       6.67      0.613     0.4317     0.2098  1.000e-12  0.4283000    11.5110    11.5123     0.0014    -0.0000     8.9978     8.9989    159.434    162.823    1450.51    1450.51     0.0529     0.0869     0.6660     1.0940  0.000e+00
      29716    161.500     6.6455     6.6453    1.26784    1.26793          1     0.7444     0.7304       5.93      0.207     0.4326     0.2022  1.000e-12  0.3784000    11.5113    11.5122     0.0009    -0.0002     8.9980     8.9988    159.929    163.327    1450.52    1450.52     0.0515     0.0877     0.6490     1.1040  0.000e+00
      29762    162.000     6.6460     6.6458    1.26792    1.26803          1     0.7444     0.7302       5.53      0.316     0.4166     0.2037  1.000e-12  0.3815000    11.5118    11.5129     0.0011    -0.0001     8.9984     8.9993    160.424    163.832    1450.53    1450.53     0.0513     0.0875     0.6450     1.1010  0.000e+00
      29797    162.500     6.6459     6.6460    1.26792    1.26805          1     0.7442     0.7302       4.97      0.381     0.4245     0.2154  1.000e-12  0.5423000    11.5117    11.5129     0.0012     0.0000     8.9983     8.9993    160.919    164.337    1450.54    1450.54     0.0512     0.0877     0.6440     1.1030  0.000e+00
      29860    163.000     6.6460     6.6457    1.26794    1.26802          1     0.7441     0.7302       4.46      0.173     0.4241     0.2100  1.000e-12  0.3838000    11.5118    11.5127     0.0009    -0.0002     8.9984     8.9991    161.414    164.842    1450.54    1450.54     0.0507     0.0878     0.6390     1.1050  0.000e+00
      29893    163.500     6.6459     6.6458    1.26794    1.26804          1     0.7439     0.7302       4.03      0.328     0.4250     0.2782  1.000e-12  0.3910000    11.5117    11.5128     0.0011    -0.0002     8.9983     8.9992    161.909    165.346    1450.55    1450.55     0.0505     0.0866     0.6360     1.0900  0.000e+00
      29948    164.000     6.6458     6.6458    1.26792    1.26805          1     0.7439     0.7300       3.47      0.312     0.4197     0.2267  1.000e-12  0.3853000    11.5115    11.5127     0.0013     0.0000     8.9981     8.9991    162.404    165.851    1450.56    1450.56     0.0502     0.0868     0.6320     1.0920  0.000e+00
      30099    164.500     6.6456     6.6456    1.26789    1.26801          1     0.7437     0.7295       2.96      0.194     0.4226     0.2321  1.000e-12  0.3838000    11.5112    11.5124     0.0012     0.0000     8.9979     8.9988    162.899    166.356    1450.57    1450.57     0.0503     0.0856     0.6330     1.0770  0.000e+00
      31482    165.000     6.6467     6.6463    1.26804    1.26809          1     0.7425     0.7276       2.23      0.270     0.4115     0.1915  1.000e-12  0.3870000    11.5122    11.5128     0.0006    -0.0004     8.9986     8.9992    163.394    166.861    1450.58    1450.58     0.0461     0.0805     0.5810     1.0130  0.000e+00
