ctdpy/tests/etc/exprapp_feb_2020/SBE09_1387_20200201_1533_77_10_0089.cnv
* Sea-Bird SBE 9 Data File:
* FileName = L:\2020\sv20d0089.hex
* Software Version Seasave V 7.26.7.121
* Temperature SN = 6378
* Conductivity SN = 4824
* Number of Bytes Per Scan = 41
* Number of Voltage Words = 4
* Number of Scans Averaged by the Deck Unit = 1
* NMEA Latitude = 57 32.64 N
* NMEA Longitude = 011 34.29 E
* NMEA UTC (Time) = Feb 01 2020  15:33:23
* NMEA baud rate = 4800
** Station:  SW Vinga
** Operator:  A-KTh
** Ship: SVEA
** Average sound velocity: 1470.61 m/s
** True-depth calculation Sat, 01 Feb 2020 18:10:18 +0000
** CTD Python Module SMHI /ver 3-12/ feb 2012 
** LIMS Job: 20207710-0089
** Cruise: SMHI-02-2020
** Latitude [GG MM.mm N] :
** Longitude [GGG MM.mm E]:
# nquan = 30
# nvalues = 99                          
# units = specified
# name 0 = scan: Scan Count
# name 1 = prDM: Pressure, Digiquartz [db]
# name 2 = t090C: Temperature [ITS-90, deg C]
# name 3 = t190C: Temperature, 2 [ITS-90, deg C]
# name 4 = c0S/m: Conductivity [S/m]
# name 5 = c1S/m: Conductivity, 2 [S/m]
# name 6 = pumps: Pump Status
# name 7 = sbeox0V: Oxygen raw, SBE 43 [V]
# name 8 = sbeox1V: Oxygen raw, SBE 43, 2 [V]
# name 9 = altM: Altimeter [m]
# name 10 = dz/dtM: Descent Rate [m/s]
# name 11 = flECO-AFL: Chl-a Fluorescence, WET Labs ECO-AFL/FL [mg/m^3]
# name 12 = flECO-AFL1: Phycocyanin Fluorescence, WET Labs ECO-AFL/FL, 2 [mg/m^3]
# name 13 = par: PAR/Irradiance, Biospherical/Lico [µE/(cm^2*s)]
# name 14 = turbWETntu0: Turbidity, WET Labs ECO [NTU]
# name 15 = sal00: Salinity, Practical [PSU]
# name 16 = sal11: Salinity, Practical, 2 [PSU]
# name 17 = secS-priS: Salinity, Practical, Difference, 2 - 1 [PSU]
# name 18 = T2-T190C: Temperature Difference, 2 - 1 [ITS-90, deg C]
# name 19 = sigma-t00: Density [sigma-t, kg/m^3 ]
# name 20 = sigma-t11: Density, 2 [sigma-t, kg/m^3 ]
# name 21 = depSM: Depth [salt water, m], lat = 57.544
# name 22 = depFM: Depth [true depth, m], lat = 57.544
# name 23 = svCM: Sound Velocity [Chen-Millero, m/s]
# name 24 = svCM1: Sound Velocity, 2 [Chen-Millero, m/s]
# name 25 = sbeox0ML/L: Oxygen, SBE 43 [ml/l], WS = 2
# name 26 = sbeox1ML/L: Oxygen, SBE 43, 2 [ml/l], WS = 2
# name 27 = sbeox0PS: Oxygen, SBE 43 [% saturation], WS = 2
# name 28 = sbeox1PS: Oxygen, SBE 43, 2 [% saturation], WS = 2
# name 29 = flag: flag
# span 0 =      23040,      27030       
# span 1 =      1.500,     50.500       
# span 2 =     5.9493,     6.9294       
# span 3 =     5.9479,     6.9245       
# span 4 =   2.909465,   3.398816       
# span 5 =   2.909455,   3.397697       
# span 6 =          1,          1       
# span 7 =     3.5041,     3.6032       
# span 8 =     3.2685,     3.3590       
# span 9 =      -8.19,      99.65       
# span 10 =     -0.087,      0.805      
# span 11 =     0.4294,     2.0991      
# span 12 =     0.1789,     0.6333      
# span 13 = -2.988e-05, 2.8968e+00      
# span 14 =     0.3306,     3.0451      
# span 15 =    29.1356,    33.6187      
# span 16 =    29.1357,    33.6111      
# span 17 =    -0.0902,     0.0783      
# span 18 =    -0.0529,     0.0241      
# span 19 =    22.9260,    26.3403      
# span 20 =    22.9261,    26.3350      
# span 21 =      1.486,     50.028      
# span 22 =      1.494,     50.226      
# span 23 =    1467.25,    1477.47      
# span 24 =    1467.25,    1477.45      
# span 25 =     6.2902,     6.8350      
# span 26 =     6.3865,     6.9449      
# span 27 =     91.904,     95.081      
# span 28 =     93.279,     96.619      
# span 29 = 0.0000e+00, 0.0000e+00      
# interval = decibars: 0.5              
# start_time = Feb 01 2020 15:33:23 [NMEA time, first data scan]
# bad_flag = -9.990e-29
*END*
      23040      1.500     5.9591     5.9602    2.91231    2.91172          1     3.6032     3.3590      87.01     -0.009     1.9336     0.5014  2.897e+00  0.3828000    29.1742    29.1668    -0.0074     0.0011    22.9572    22.9512      1.486      1.494    1467.25    1467.25     6.8330     6.9446    95.0610    96.6120  0.000e+00
      23269      2.000     5.9633     5.9630    2.91055    2.91050          1     3.6027     3.3578      54.38      0.236     1.8588     0.5600  2.064e+00  0.3916000    29.1510    29.1507    -0.0003    -0.0003    22.9385    22.9383      1.981      1.991    1467.25    1467.25     6.8297     6.9389    95.0100    96.5280  0.000e+00
      23324      2.500     5.9632     5.9631    2.91064    2.91055          1     3.6022     3.3579      68.32      0.380     1.9055     0.5744  1.901e+00  0.3938000    29.1519    29.1510    -0.0009    -0.0001    22.9391    22.9385      2.477      2.489    1467.26    1467.26     6.8332     6.9407    95.0600    96.5540  0.000e+00
      23416      3.000     5.9636     5.9636    2.91049    2.91032          1     3.6016     3.3575      47.39      0.112     1.8309     0.5386  1.382e+00  0.3306000    29.1497    29.1477    -0.0020    -0.0000    22.9374    22.9358      2.972      2.987    1467.27    1467.26     6.8325     6.9284    95.0500    96.3820  0.000e+00
      23432      3.500     5.9641     5.9641    2.91021    2.91009          1     3.6018     3.3566      48.37      0.436     1.8709     0.5751  1.282e+00  0.4074000    29.1459    29.1446    -0.0013    -0.0001    22.9343    22.9333      3.468      3.485    1467.27    1467.27     6.8322     6.9365    95.0440    96.4930  0.000e+00
      23469      4.000     5.9648     5.9650    2.90987    2.90970          1     3.6018     3.3566      84.44      0.442     1.9634     0.6026  9.884e-01  0.4055000    29.1413    29.1393    -0.0020     0.0002    22.9306    22.9290      3.963      3.983    1467.28    1467.27     6.8317     6.9404    95.0350    96.5470  0.000e+00
      23536      4.500     5.9654     5.9654    2.90960    2.90950          1     3.6016     3.3563      87.57      0.138     1.8367     0.5213  7.124e-01  0.3315000    29.1375    29.1365    -0.0010    -0.0000    22.9276    22.9267      4.458      4.481    1467.28    1467.28     6.8313     6.9406    95.0290    96.5480  0.000e+00
      23555      5.000     5.9657     5.9655    2.90946    2.90945          1     3.6016     3.3566      60.60      0.417     1.9168     0.5295  6.589e-01  0.3890000    29.1356    29.1357     0.0001    -0.0002    22.9260    22.9261      4.954      4.978    1467.29    1467.29     6.8341     6.9433    95.0680    96.5850  0.000e+00
      23576      5.500     5.9649     5.9641    2.90995    2.91013          1     3.6020     3.3566      72.77      0.579     1.9446     0.5606  4.847e-01  0.4214000    29.1414    29.1440     0.0026    -0.0007    22.9307    22.9329      5.449      5.476    1467.30    1467.30     6.8350     6.9428    95.0810    96.5810  0.000e+00
      23622      6.000     5.9635     5.9637    2.91061    2.91043          1     3.6018     3.3563      78.28      0.287     1.9283     0.5669  4.028e-01  0.3841000    29.1497    29.1476    -0.0021     0.0002    22.9374    22.9357      5.945      5.974    1467.32    1467.31     6.8324     6.9426    95.0470    96.5800  0.000e+00
      23661      6.500     5.9596     5.9584    2.91228    2.91278          1     3.6011     3.3566      59.20      0.270     1.9572     0.5592  3.273e-01  0.3650000    29.1713    29.1779     0.0067    -0.0013    22.9549    22.9603      6.440      6.472    1467.34    1467.34     6.8287     6.9449    95.0000    96.6190  0.000e+00
      23682      7.000     5.9547     5.9541    2.91441    2.91473          1     3.6004     3.3566      57.65      0.488     1.9774     0.5705  2.654e-01  0.4247000    29.1988    29.2030     0.0041    -0.0007    22.9772    22.9805      6.935      6.970    1467.36    1467.36     6.8249     6.9425    94.9550    96.5920  0.000e+00
      23711      7.500     5.9512     5.9540    2.91582    2.91491          1     3.5992     3.3566      79.84      0.481     1.9770     0.5847  2.052e-01  0.4267000    29.2172    29.2047    -0.0125     0.0028    22.9920    22.9819      7.431      7.468    1467.38    1467.37     6.8251     6.9394    94.9610    96.5490  0.000e+00
      23747      8.000     5.9528     5.9517    2.91568    2.91595          1     3.5989     3.3554      61.06      0.313     1.9766     0.5749  1.724e-01  0.4061000    29.2141    29.2179     0.0039    -0.0010    22.9894    22.9926      7.926      7.966    1467.39    1467.39     6.8259     6.9320    94.9730    96.4500  0.000e+00
      23769      8.500     5.9531     5.9525    2.91566    2.91580          1     3.5983     3.3545      53.32      0.419     1.9633     0.5879  1.394e-01  0.4027000    29.2134    29.2155     0.0021    -0.0006    22.9888    22.9905      8.421      8.463    1467.39    1467.39     6.8249     6.9305    94.9590    96.4300  0.000e+00
      23791      9.000     5.9528     5.9529    2.91597    2.91602          1     3.5982     3.3540      42.70      0.556     1.9547     0.5239  9.722e-02  0.4286000    29.2168    29.2173     0.0005     0.0001    22.9916    22.9920      8.917      8.961    1467.40    1467.41     6.8268     6.9315    94.9880    96.4450  0.000e+00
      23822      9.500     5.9529     5.9527    2.91606    2.91620          1     3.5983     3.3534      42.07      0.446     1.9680     0.5657  6.285e-02  0.4330000    29.2175    29.2193     0.0017    -0.0001    22.9921    22.9935      9.412      9.459    1467.41    1467.42     6.8275     6.9315    94.9980    96.4470  0.000e+00
      23852     10.000     5.9493     5.9491    2.91742    2.91749          1     3.5983     3.3528      41.69      0.353     1.9496     0.5514  4.974e-02  0.4677000    29.2354    29.2364     0.0009    -0.0002    23.0067    23.0074      9.907      9.957    1467.43    1467.43     6.8273     6.9328    94.9980    96.4670  0.000e+00
      23871     10.500     5.9514     5.9479    2.91944    2.91890          1     3.5981     3.3529      41.39      0.492     1.8949     0.6283  2.555e-02  0.4467000    29.2557    29.2528    -0.0029    -0.0035    23.0224    23.0205     10.403     10.455    1467.47    1467.45     6.8251     6.9338    94.9860    96.4890  0.000e+00
      23892     11.000     5.9544     5.9538    2.91811    2.91872          1     3.5979     3.3525      41.06      0.600     1.9904     0.5623  1.366e-02  0.4444000    29.2382    29.2455     0.0073    -0.0006    23.0082    23.0141     10.898     10.952    1467.47    1467.48     6.8240     6.9264    94.9660    96.3940  0.000e+00
      23925     11.500     5.9555     5.9549    2.91738    2.91832          1     3.5972     3.3516      40.20      0.429     2.0991     0.5747  6.567e-04  0.4439000    29.2290    29.2399     0.0109    -0.0006    23.0009    23.0095     11.394     11.450    1467.47    1467.48     6.8245     6.9294    94.9700    96.4350  0.000e+00
      23960     12.000     5.9571     5.9568    2.91710    2.91749          1     3.5972     3.3518      99.65      0.299     1.9100     0.5222 -2.988e-05  0.3784000    29.2242    29.2289     0.0047    -0.0003    22.9969    23.0007     11.889     11.948    1467.48    1467.49     6.8258     6.9360    94.9880    96.5240  0.000e+00
      23980     12.500     5.9576     5.9575    2.91671    2.91731          1     3.5969     3.3521      45.86      0.461     2.0019     0.5564  1.000e-12  0.4022000    29.2193    29.2260     0.0067    -0.0001    22.9929    22.9983     12.384     12.446    1467.48    1467.49     6.8236     6.9345    94.9550    96.5030  0.000e+00
      23999     13.000     5.9573     5.9566    2.91600    2.91560          1     3.5966     3.3520      38.76      0.597     1.9007     0.5035  1.000e-12  0.4021000    29.2115    29.2077    -0.0038    -0.0007    22.9869    22.9840     12.880     12.944    1467.48    1467.47     6.8266     6.9329    94.9920    96.4660  0.000e+00
      24021     13.500     5.9571     5.9573    2.91590    2.91600          1     3.5976     3.3517      64.55      0.605     1.9543     0.5389  1.000e-12  0.4420000    29.2103    29.2112     0.0010     0.0002    22.9859    22.9866     13.375     13.442    1467.49    1467.49     6.8330     6.9330    95.0800    96.4720  0.000e+00
      24053     14.000     5.9576     5.9584    2.91653    2.91799          1     3.5967     3.3508      37.06      0.410     2.0214     0.5824  1.000e-12  0.4134000    29.2166    29.2322     0.0156     0.0007    22.9908    23.0031     13.870     13.939    1467.51    1467.53     6.8123     6.9108    94.7960    96.1790  0.000e+00
      24083     14.500     5.9577     5.9566    2.91671    2.91656          1     3.5919     3.3462      37.01      0.363     1.9489     0.6333  1.000e-12  0.4105000    29.2184    29.2176    -0.0008    -0.0010    22.9923    22.9918     14.366     14.437    1467.52    1467.51     6.7986     6.8877    94.6070    95.8440  0.000e+00
      24103     15.000     5.9757     5.9759    2.93127    2.93160          1     3.5902     3.3439      36.61      0.493     1.9291     0.5358  1.000e-12  0.4388000    29.3635    29.3670     0.0035     0.0002    23.1047    23.1074     14.861     14.935    1467.78    1467.79     6.7874     6.8871    94.5830    95.9750  0.000e+00
      24121     15.500     5.9876     5.9893    2.94006    2.94202          1     3.5875     3.3430      36.22      0.618     1.7799     0.5142  1.000e-12  0.4253000    29.4501    29.4703     0.0202     0.0017    23.1716    23.1874     15.356     15.433    1467.95    1467.98     6.7677     6.8813    94.3890    95.9900  0.000e+00
      24144     16.000     5.9754     5.9827    2.93562    2.93837          1     3.5824     3.3406      35.79      0.599     1.5689     0.4813  1.000e-12  0.4131000    29.4114    29.4355     0.0241     0.0073    23.1425    23.1607     15.852     15.930    1467.86    1467.92     6.7546     6.8606    94.1550    95.6650  0.000e+00
      24178     16.500     5.9956     5.9914    2.94586    2.94314          1     3.5754     3.3341      38.56      0.381     1.4591     0.4085  1.000e-12  0.4119000    29.5068    29.4804    -0.0265    -0.0041    23.2155    23.1951     16.347     16.428    1468.07    1468.02     6.7329     6.8317    93.9570    95.3090  0.000e+00
      24203     17.000     6.0142     6.0129    2.95429    2.95331          1     3.5705     3.3300      69.73      0.384     1.4734     0.3972  1.000e-12  0.3959000    29.5836    29.5739    -0.0097    -0.0013    23.2739    23.2665     16.842     16.926    1468.24    1468.23     6.7190     6.8228    93.8510    95.2920  0.000e+00
      24219     17.500     6.0215     6.0215    2.95568    2.95567          1     3.5680     3.3278      33.44      0.549     1.3666     0.4113  1.000e-12  0.4047000    29.5923    29.5922    -0.0001     0.0000    23.2800    23.2799     17.338     17.424    1468.29    1468.29     6.7192     6.8216    93.8760    95.3070  0.000e+00
      24236     18.000     6.0275     6.0272    2.95698    2.95708          1     3.5668     3.3261      33.15      0.696     1.2719     0.4220  1.000e-12  0.4029000    29.6012    29.6026     0.0014    -0.0002    23.2863    23.2874     17.833     17.921    1468.34    1468.34     6.7206     6.8252    93.9140    95.3760  0.000e+00
      24258     18.500     6.0251     6.0213    2.95924    2.95800          1     3.5656     3.3254      32.81      0.658     1.1148     0.3802  1.000e-12  0.3870000    29.6280    29.6177    -0.0104    -0.0038    23.3077    23.3000     18.328     18.419    1468.37    1468.34     6.7230     6.8412    93.9590    95.5960  0.000e+00
      24310     19.000     6.0137     6.0139    2.95620    2.95480          1     3.5710     3.3311      32.08      0.172     1.1375     0.3515  1.000e-12  0.3446000    29.6041    29.5885    -0.0156     0.0002    23.2902    23.2779     18.824     18.917    1468.30    1468.28     6.7670     6.8903    94.5350    96.2470  0.000e+00
      24332     19.500     5.9785     5.9801    2.95876    2.95811          1     3.5742     3.3336      31.71      0.351     1.0953     0.3969  1.000e-12  0.3732000    29.6631    29.6546    -0.0085     0.0015    23.3408    23.3338     19.319     19.414    1468.24    1468.24     6.7669     6.8843    94.4900    96.1280  0.000e+00
      24347     20.000     5.9683     5.9678    2.95812    2.95802          1     3.5752     3.3342      31.06      0.587     1.3246     0.4388  1.000e-12  0.4179000    29.6648    29.6640    -0.0007    -0.0005    23.3432    23.3427     19.814     19.912    1468.21    1468.21     6.7733     6.8865    94.5580    96.1370  0.000e+00
      24362     20.500     5.9543     5.9521    2.96097    2.96143          1     3.5776     3.3355      30.56      0.750     1.3713     0.5119  1.000e-12  0.4337000    29.7083    29.7154     0.0070    -0.0022    23.3792    23.3850     20.310     20.410    1468.22    1468.22     6.7754     6.8859    94.5840    96.1260  0.000e+00
      24388     21.000     5.9696     5.9730    2.96866    2.96609          1     3.5751     3.3337      30.18      0.626     1.4014     0.4570  1.000e-12  0.4401000    29.7798    29.7484    -0.0314     0.0035    23.4339    23.4087     20.805     20.907    1468.38    1468.35     6.7327     6.8377    94.0660    95.5210  0.000e+00
      24431     21.500     5.9895     6.0004    2.97400    2.97161          1     3.5670     3.3270      29.50      0.211     1.0775     0.3602  1.000e-12  0.3516000    29.8213    29.7852    -0.0360     0.0109    23.4643    23.4346     21.300     21.405    1468.52    1468.52     6.7139     6.8180    93.8740    95.3310  0.000e+00
      24452     22.000     6.0799     6.0717    2.99938    2.99840          1     3.5645     3.3246      29.25      0.382     0.9570     0.4096  1.000e-12  0.3843000    30.0220    30.0185    -0.0035    -0.0082    23.6122    23.6104     21.796     21.902    1469.14    1469.11     6.6819     6.7890    93.7500    95.2330  0.000e+00
      24467     22.500     6.0037     5.9979    3.00516    3.00597          1     3.5623     3.3231      28.89      0.594     1.1687     0.3835  1.000e-12  0.4382000    30.1534    30.1675     0.0142    -0.0058    23.7247    23.7365     22.291     22.400    1469.01    1469.01     6.6935     6.8018    93.8260    95.3400  0.000e+00
      24482     23.000     6.0222     6.0211    3.01737    3.01705          1     3.5623     3.3224      28.57      0.749     1.2803     0.3962  1.000e-12  0.4650000    30.2720    30.2695    -0.0025    -0.0011    23.8161    23.8143     22.786     22.897    1469.24    1469.24     6.6955     6.8024    93.9690    95.4660  0.000e+00
      24502     23.500     6.0354     6.0346    3.01964    3.02042          1     3.5629     3.3225      27.92      0.725     1.5564     0.4823  1.000e-12  0.5142000    30.2851    30.2945     0.0094    -0.0008    23.8249    23.8325     23.282     23.395    1469.32    1469.33     6.6932     6.7975    93.9740    95.4430  0.000e+00
      24548     24.000     6.0317     6.0426    3.01305    3.01450          1     3.5587     3.3179      27.17      0.233     1.4236     0.4412  1.000e-12  0.4165000    30.2152    30.2216     0.0064     0.0108    23.7702    23.7740     23.777     23.892    1469.23    1469.28     6.6624     6.7579    93.4900    94.8580  0.000e+00
      24573     24.500     6.0867     6.0872    3.03565    3.03626          1     3.5528     3.3128      26.87      0.331     1.3862     0.4259  1.000e-12  0.4515000    30.4161    30.4224     0.0063     0.0005    23.9223    23.9272     24.272     24.390    1469.71    1469.72     6.6224     6.7196    93.1730    94.5460  0.000e+00
      24588     25.000     6.1147     6.1214    3.04533    3.04696          1     3.5482     3.3098      26.57      0.566     1.3622     0.4412  1.000e-12  0.4673000    30.4979    30.5099     0.0119     0.0067    23.9836    23.9922     24.768     24.887    1469.93    1469.97     6.6124     6.7107    93.1450    94.5510  0.000e+00
