ctdpy/tests/etc/exprapp_feb_2020/SBE09_1387_20200205_1120_77_10_0111.cnv
* Sea-Bird SBE 9 Data File:
* FileName = L:\2020\sv20d0111.hex
* Software Version Seasave V 7.26.7.121
* Temperature SN = 6378
* Conductivity SN = 4824
* Number of Bytes Per Scan = 41
* Number of Voltage Words = 4
* Number of Scans Averaged by the Deck Unit = 1
* NMEA Latitude = 57 58.14 N
* NMEA Longitude = 009 49.36 E
* NMEA UTC (Time) = Feb 05 2020  11:20:41
* NMEA baud rate = 4800
** Station:  24N Hirtshals
** Operator:  A-KTh
** Ship: SVEA
** Average sound velocity: 1479.89 m/s
** True-depth calculation Wed, 05 Feb 2020 18:13:09 +0000
** CTD Python Module SMHI /ver 3-12/ feb 2012 
** LIMS Job: 20207710-0111
** Cruise: SMHI-02-2020
** Latitude [GG MM.mm N] :
** Longitude [GGG MM.mm E]:
# nquan = 30
# nvalues = 207                         
# units = specified
# name 0 = scan: Scan Count
# name 1 = prDM: Pressure, Digiquartz [db]
# name 2 = t090C: Temperature [ITS-90, deg C]
# name 3 = t190C: Temperature, 2 [ITS-90, deg C]
# name 4 = c0S/m: Conductivity [S/m]
# name 5 = c1S/m: Conductivity, 2 [S/m]
# name 6 = pumps: Pump Status
# name 7 = sbeox0V: Oxygen raw, SBE 43 [V]
# name 8 = sbeox1V: Oxygen raw, SBE 43, 2 [V]
# name 9 = altM: Altimeter [m]
# name 10 = dz/dtM: Descent Rate [m/s]
# name 11 = flECO-AFL: Chl-a Fluorescence, WET Labs ECO-AFL/FL [mg/m^3]
# name 12 = flECO-AFL1: Phycocyanin Fluorescence, WET Labs ECO-AFL/FL, 2 [mg/m^3]
# name 13 = par: PAR/Irradiance, Biospherical/Lico [µE/(cm^2*s)]
# name 14 = turbWETntu0: Turbidity, WET Labs ECO [NTU]
# name 15 = sal00: Salinity, Practical [PSU]
# name 16 = sal11: Salinity, Practical, 2 [PSU]
# name 17 = secS-priS: Salinity, Practical, Difference, 2 - 1 [PSU]
# name 18 = T2-T190C: Temperature Difference, 2 - 1 [ITS-90, deg C]
# name 19 = sigma-t00: Density [sigma-t, kg/m^3 ]
# name 20 = sigma-t11: Density, 2 [sigma-t, kg/m^3 ]
# name 21 = depSM: Depth [salt water, m], lat = 57.969
# name 22 = depFM: Depth [true depth, m], lat = 57.969
# name 23 = svCM: Sound Velocity [Chen-Millero, m/s]
# name 24 = svCM1: Sound Velocity, 2 [Chen-Millero, m/s]
# name 25 = sbeox0ML/L: Oxygen, SBE 43 [ml/l], WS = 2
# name 26 = sbeox1ML/L: Oxygen, SBE 43, 2 [ml/l], WS = 2
# name 27 = sbeox0PS: Oxygen, SBE 43 [% saturation], WS = 2
# name 28 = sbeox1PS: Oxygen, SBE 43, 2 [% saturation], WS = 2
# name 29 = flag: flag
# span 0 =      15685,      21755       
# span 1 =      2.500,    105.500       
# span 2 =     6.8576,     7.3531       
# span 3 =     6.8600,     7.3532       
# span 4 =   3.439530,   3.524034       
# span 5 =   3.439910,   3.523905       
# span 6 =          1,          1       
# span 7 =     3.5104,     3.5676       
# span 8 =     3.2664,     3.3220       
# span 9 =       1.79,      98.24       
# span 10 =     -0.285,      0.750      
# span 11 =     0.4299,     0.5872      
# span 12 =     0.1822,     0.3408      
# span 13 = -1.976e-07, 1.2592e+02      
# span 14 =     0.7173,     8.4298      
# span 15 =    34.1609,    34.6731      
# span 16 =    34.1626,    34.6722      
# span 17 =    -0.0147,     0.0346      
# span 18 =    -0.0183,     0.0453      
# span 19 =    26.7772,    27.1298      
# span 20 =    26.7782,    27.1291      
# span 21 =      2.477,    104.496      
# span 22 =      2.480,    104.628      
# span 23 =    1477.10,    1480.86      
# span 24 =    1477.12,    1480.86      
# span 25 =     6.2324,     6.3782      
# span 26 =     6.3178,     6.4769      
# span 27 =     92.763,     93.839      
# span 28 =     94.031,     95.436      
# span 29 = 0.0000e+00, 0.0000e+00      
# interval = decibars: 0.5              
# start_time = Feb 05 2020 11:20:42 [NMEA time, first data scan]
# bad_flag = -9.990e-29
*END*
[from data line 49]
      17097     27.000     7.3498     7.3509    3.51834    3.51830          1     3.5357     3.2931      79.50      0.326     0.4396     0.2855  6.378e-01  2.7324000    34.5230    34.5214    -0.0016     0.0011    26.9939    26.9926     26.748     26.780    1479.85    1479.85     6.2362     6.3291    92.8230    94.2060  0.000e+00
      17121     27.500     7.3510     7.3511    3.51845    3.51834          1     3.5359     3.2929      78.52      0.418     0.4409     0.2910  5.345e-01  2.5380000    34.5227    34.5214    -0.0014     0.0001    26.9936    26.9925     27.243     27.276    1479.86    1479.86     6.2370     6.3286    92.8370    94.2000  0.000e+00
      17140     28.000     7.3507     7.3507    3.51850    3.51835          1     3.5357     3.2929      78.62      0.547     0.4522     0.2805  4.453e-01  2.8649000    34.5232    34.5216    -0.0016    -0.0000    26.9940    26.9927     27.739     27.772    1479.87    1479.87     6.2376     6.3288    92.8450    94.2030  0.000e+00
      17158     28.500     7.3508     7.3507    3.51849    3.51837          1     3.5359     3.2928      78.25      0.638     0.4646     0.2922  3.547e-01  2.9055000    34.5228    34.5215    -0.0013    -0.0001    26.9937    26.9927     28.234     28.268    1479.88    1479.88     6.2393     6.3318    92.8710    94.2460  0.000e+00
      17178     29.000     7.3508     7.3508    3.51850    3.51837          1     3.5361     3.2933      77.70      0.649     0.4455     0.2749  2.894e-01  2.6734000    34.5226    34.5213    -0.0013    -0.0000    26.9935    26.9925     28.729     28.764    1479.89    1479.89     6.2409     6.3341    92.8940    94.2820  0.000e+00
      17203     29.500     7.3504     7.3505    3.51849    3.51837          1     3.5366     3.2935      77.17      0.549     0.4483     0.2297  2.385e-01  2.7477000    34.5227    34.5212    -0.0015     0.0001    26.9936    26.9925     29.225     29.260    1479.89    1479.89     6.2402     6.3328    92.8830    94.2610  0.000e+00
      17233     30.000     7.3502     7.3508    3.51850    3.51839          1     3.5358     3.2931      76.56      0.417     0.4312     0.2460  1.910e-01  2.3148000    34.5228    34.5210    -0.0018     0.0006    26.9937    26.9922     29.720     29.756    1479.90    1479.90     6.2357     6.3294    92.8160    94.2110  0.000e+00
      17262     30.500     7.3510     7.3516    3.51855    3.51845          1     3.5352     3.2926      76.12      0.401     0.4400     0.2810  1.492e-01  2.5791000    34.5222    34.5206    -0.0017     0.0006    26.9932    26.9918     30.215     30.252    1479.91    1479.91     6.2359     6.3244    92.8210    94.1380  0.000e+00
      17289     31.000     7.3505     7.3507    3.51857    3.51846          1     3.5346     3.2914      75.68      0.436     0.4429     0.2490  1.152e-01  2.5683000    34.5228    34.5214    -0.0014     0.0002    26.9937    26.9925     30.710     30.748    1479.92    1479.92     6.2384     6.3208    92.8570    94.0820  0.000e+00
      17313     31.500     7.3501     7.3499    3.51866    3.51859          1     3.5357     3.2909      75.24      0.466     0.4526     0.2346  9.036e-02  2.6535000    34.5239    34.5233    -0.0006    -0.0001    26.9947    26.9942     31.206     31.243    1479.93    1479.93     6.2423     6.3317    92.9150    94.2440  0.000e+00
      17336     32.000     7.3499     7.3498    3.51877    3.51867          1     3.5354     3.2919      74.76      0.511     0.4529     0.2488  6.219e-02  2.5566000    34.5250    34.5242    -0.0009    -0.0001    26.9955    26.9949     31.701     31.739    1479.94    1479.94     6.2389     6.3336    92.8650    94.2730  0.000e+00
      17358     32.500     7.3498     7.3499    3.51874    3.51861          1     3.5354     3.2917      74.25      0.539     0.4533     0.2764  4.256e-02  3.0667000    34.5245    34.5231    -0.0014     0.0000    26.9951    26.9940     32.196     32.235    1479.94    1479.94     6.2395     6.3301    92.8730    94.2210  0.000e+00
      17382     33.000     7.3500     7.3502    3.51869    3.51853          1     3.5353     3.2916      73.75      0.519     0.4299     0.2922  1.952e-02  2.9622000    34.5235    34.5217    -0.0018     0.0002    26.9943    26.9929     32.692     32.731    1479.95    1479.95     6.2401     6.3262    92.8820    94.1620  0.000e+00
      17407     33.500     7.3500     7.3503    3.51870    3.51857          1     3.5354     3.2909      73.24      0.497     0.4370     0.2788  5.820e-03  2.8882000    34.5233    34.5216    -0.0017     0.0003    26.9942    26.9928     33.187     33.227    1479.96    1479.96     6.2420     6.3316    92.9090    94.2440  0.000e+00
      17433     34.000     7.3499     7.3499    3.51872    3.51865          1     3.5353     3.2919      72.82      0.464     0.4395     0.2569  2.740e-05  3.2797000    34.5235    34.5227    -0.0008    -0.0000    26.9943    26.9937     33.682     33.723    1479.97    1479.97     6.2390     6.3343    92.8640    94.2830  0.000e+00
      17460     34.500     7.3497     7.3496    3.51883    3.51879          1     3.5348     3.2916      72.34      0.443     0.4613     0.2232 -1.976e-07  2.9002000    34.5247    34.5243    -0.0004    -0.0001    26.9953    26.9950     34.178     34.219    1479.98    1479.98     6.2377     6.3266    92.8460    94.1680  0.000e+00
      17482     35.000     7.3497     7.3497    3.51892    3.51880          1     3.5340     3.2908      71.82      0.490     0.4389     0.2373  1.000e-12  3.1401000    34.5254    34.5242    -0.0012    -0.0001    26.9958    26.9949     34.673     34.715    1479.99    1479.98     6.2367     6.3216    92.8310    94.0950  0.000e+00
      17501     35.500     7.3498     7.3497    3.51896    3.51884          1     3.5338     3.2896      71.36      0.567     0.4501     0.3131  1.000e-12  3.1502000    34.5255    34.5242    -0.0012    -0.0001    26.9959    26.9949     35.168     35.210    1479.99    1479.99     6.2387     6.3211    92.8610    94.0880  0.000e+00
      17520     36.000     7.3499     7.3500    3.51894    3.51882          1     3.5339     3.2895      70.89      0.623     0.4453     0.2968  1.000e-12  3.0461000    34.5250    34.5235    -0.0015     0.0000    26.9955    26.9943     35.663     35.706    1480.00    1480.00     6.2386     6.3274    92.8600    94.1810  0.000e+00
      17543     36.500     7.3500     7.3499    3.51898    3.51885          1     3.5337     3.2895      70.31      0.596     0.4451     0.2785  1.000e-12  2.9560000    34.5251    34.5237    -0.0014    -0.0001    26.9956    26.9945     36.159     36.202    1480.01    1480.01     6.2393     6.3276    92.8700    94.1830  0.000e+00
      17576     37.000     7.3498     7.3500    3.51902    3.51887          1     3.5337     3.2894      69.72      0.405     0.4421     0.2676  1.000e-12  2.8265000    34.5253    34.5236    -0.0018     0.0002    26.9958    26.9944     36.654     36.698    1480.02    1480.02     6.2400     6.3286    92.8800    94.1980  0.000e+00
      17607     37.500     7.3498     7.3500    3.51908    3.51893          1     3.5333     3.2894      69.28      0.344     0.4494     0.2618  1.000e-12  3.0936000    34.5258    34.5239    -0.0018     0.0002    26.9961    26.9947     37.149     37.194    1480.03    1480.03     6.2360     6.3275    92.8220    94.1820  0.000e+00
      17629     38.000     7.3501     7.3498    3.51915    3.51901          1     3.5324     3.2892      68.87      0.467     0.4407     0.3026  1.000e-12  2.9534000    34.5260    34.5247    -0.0013    -0.0002    26.9963    26.9953     37.645     37.690    1480.04    1480.03     6.2347     6.3286    92.8030    94.1990  0.000e+00
      17646     38.500     7.3506     7.3503    3.51915    3.51902          1     3.5322     3.2893      68.47      0.594     0.4605     0.2973  1.000e-12  2.9605000    34.5253    34.5242    -0.0012    -0.0002    26.9957    26.9948     38.140     38.186    1480.05    1480.04     6.2343     6.3297    92.7980    94.2150  0.000e+00
      17664     39.000     7.3512     7.3507    3.51946    3.51901          1     3.5314     3.2893      68.07      0.669     0.4776     0.2611  1.000e-12  3.1393000    34.5278    34.5234    -0.0044    -0.0005    26.9975    26.9941     38.635     38.682    1480.06    1480.05     6.2324     6.3298    92.7720    94.2180  0.000e+00
      17685     39.500     7.3513     7.3507    3.51949    3.51904          1     3.5310     3.2893      67.45      0.644     0.4876     0.2674  1.000e-12  3.6544000    34.5277    34.5235    -0.0043    -0.0007    26.9975    26.9942     39.130     39.178    1480.07    1480.06     6.2363     6.3311    92.8300    94.2370  0.000e+00
      17711     40.000     7.3513     7.3511    3.51954    3.51926          1     3.5317     3.2894      66.84      0.514     0.4761     0.2446  1.000e-12  3.6259000    34.5281    34.5253    -0.0028    -0.0002    26.9978    26.9956     39.626     39.673    1480.08    1480.07     6.2391     6.3301    92.8730    94.2250  0.000e+00
      17742     40.500     7.3524     7.3523    3.52027    3.52003          1     3.5316     3.2889      66.26      0.402     0.4742     0.2623  1.000e-12  3.9879000    34.5347    34.5322    -0.0025    -0.0001    27.0028    27.0008     40.121     40.169    1480.10    1480.09     6.2376     6.3240    92.8550    94.1400  0.000e+00
      17771     41.000     7.3530     7.3532    3.52060    3.52051          1     3.5321     3.2882      65.78      0.398     0.4751     0.2787  1.000e-12  3.6656000    34.5374    34.5363    -0.0011     0.0001    27.0048    27.0040     40.616     40.665    1480.11    1480.11     6.2411     6.3251    92.9110    94.1610  0.000e+00
      17796     41.500     7.3531     7.3531    3.52071    3.52059          1     3.5325     3.2877      65.36      0.447     0.4802     0.2600  1.000e-12  3.5925000    34.5383    34.5370    -0.0013    -0.0000    27.0055    27.0045     41.111     41.161    1480.12    1480.12     6.2395     6.3249    92.8870    94.1590  0.000e+00
      17819     42.000     7.3526     7.3527    3.52084    3.52066          1     3.5320     3.2880      64.96      0.502     0.4869     0.2642  1.000e-12  3.5380000    34.5399    34.5379    -0.0020     0.0001    27.0069    27.0053     41.607     41.657    1480.13    1480.13     6.2368     6.3293    92.8480    94.2240  0.000e+00
      17840     42.500     7.3522     7.3520    3.52105    3.52090          1     3.5318     3.2877      64.44      0.547     0.4766     0.2664  1.000e-12  3.3938000    34.5424    34.5410    -0.0014    -0.0002    27.0089    27.0078     42.102     42.153    1480.14    1480.14     6.2393     6.3269    92.8850    94.1880  0.000e+00
      17861     43.000     7.3515     7.3509    3.52113    3.52102          1     3.5319     3.2879      64.03      0.569     0.4607     0.3085  1.000e-12  3.3541000    34.5437    34.5431    -0.0006    -0.0005    27.0100    27.0096     42.597     42.649    1480.15    1480.14     6.2376     6.3262    92.8590    94.1780  0.000e+00
      17885     43.500     7.3517     7.3514    3.52110    3.52100          1     3.5310     3.2871      63.49      0.536     0.4592     0.3144  1.000e-12  3.9530000    34.5429    34.5422    -0.0007    -0.0003    27.0093    27.0088     43.092     43.145    1480.15    1480.15     6.2365     6.3203    92.8440    94.0900  0.000e+00
      17909     44.000     7.3527     7.3525    3.52095    3.52081          1     3.5311     3.2861      62.93      0.490     0.4829     0.2845  1.000e-12  4.7488000    34.5401    34.5388    -0.0013    -0.0002    27.0070    27.0060     43.588     43.640    1480.16    1480.16     6.2368     6.3189    92.8480    94.0700  0.000e+00
      17930     44.500     7.3527     7.3523    3.52100    3.52089          1     3.5303     3.2858      62.46      0.523     0.4652     0.2667  1.000e-12  3.2635000    34.5404    34.5396    -0.0008    -0.0004    27.0072    27.0066     44.083     44.136    1480.17    1480.17     6.2335     6.3251    92.7990    94.1610  0.000e+00
      17950     45.000     7.3529     7.3522    3.52105    3.52099          1     3.5298     3.2861      61.98      0.591     0.4845     0.2608  1.000e-12  3.1578000    34.5406    34.5406     0.0001    -0.0007    27.0073    27.0075     44.578     44.632    1480.18    1480.18     6.2349     6.3291    92.8200    94.2210  0.000e+00
      17972     45.500     7.3526     7.3522    3.52117    3.52104          1     3.5295     3.2864      61.21      0.594     0.4709     0.2639  1.000e-12  3.6732000    34.5419    34.5409    -0.0010    -0.0004    27.0084    27.0077     45.074     45.128    1480.19    1480.19     6.2340     6.3298    92.8070    94.2320  0.000e+00
      18001     46.000     7.3528     7.3529    3.52118    3.52104          1     3.5290     3.2869      60.83      0.455     0.4733     0.2802  1.000e-12  3.3691000    34.5415    34.5399    -0.0016     0.0001    27.0081    27.0068     45.569     45.624    1480.20    1480.20     6.2348     6.3282    92.8190    94.2090  0.000e+00
      18030     46.500     7.3531     7.3530    3.52123    3.52111          1     3.5293     3.2861      60.45      0.387     0.4859     0.2678  1.000e-12  3.5434000    34.5415    34.5403    -0.0012    -0.0001    27.0080    27.0071     46.064     46.120    1480.21    1480.21     6.2403     6.3215    92.9010    94.1100  0.000e+00
      18052     47.000     7.3518     7.3509    3.52133    3.52121          1     3.5303     3.2857      60.02      0.471     0.4759     0.2628  1.000e-12  4.2640000    34.5436    34.5433    -0.0004    -0.0009    27.0099    27.0098     46.559     46.616    1480.21    1480.21     6.2416     6.3257    92.9190    94.1700  0.000e+00
      18072     47.500     7.3460     7.3467    3.52143    3.52129          1     3.5301     3.2858      59.54      0.571     0.4860     0.2347  1.000e-12  3.9624000    34.5502    34.5480    -0.0022     0.0007    27.0159    27.0141     47.054     47.112    1480.21    1480.21     6.2373     6.3280    92.8470    94.1970  0.000e+00
      18091     48.000     7.3414     7.3411    3.52142    3.52128          1     3.5294     3.2858      59.10      0.628     0.4853     0.2254  1.000e-12  4.4765000    34.5545    34.5533    -0.0013    -0.0003    27.0200    27.0190     47.550     47.607    1480.20    1480.20     6.2379     6.3304    92.8490    94.2250  0.000e+00
      18114     48.500     7.3395     7.3381    3.52139    3.52124          1     3.5299     3.2862      58.51      0.578     0.4924     0.2492  1.000e-12  4.7767000    34.5559    34.5556    -0.0003    -0.0014    27.0213    27.0213     48.045     48.103    1480.21    1480.20     6.2431     6.3336    92.9240    94.2680  0.000e+00
      18148     49.000     7.3364     7.3357    3.52133    3.52119          1     3.5298     3.2868      57.89      0.396     0.4898     0.2727  1.000e-12  4.8183000    34.5581    34.5572    -0.0009    -0.0007    27.0235    27.0229     48.540     48.599    1480.21    1480.20     6.2381     6.3346    92.8440    94.2770  0.000e+00
      18183     49.500     7.3333     7.3329    3.52129    3.52114          1     3.5279     3.2864      57.42      0.314     0.4589     0.2011  1.000e-12  3.5819000    34.5604    34.5592    -0.0012    -0.0004    27.0258    27.0249     49.035     49.095    1480.20    1480.20     6.2330     6.3265    92.7630    94.1540  0.000e+00
      18207     50.000     7.3313     7.3314    3.52124    3.52113          1     3.5272     3.2858      56.99      0.422     0.4507     0.2297  1.000e-12  3.8703000    34.5617    34.5603    -0.0014     0.0001    27.0270    27.0259     49.531     49.591    1480.21    1480.21     6.2378     6.3288    92.8320    94.1850  0.000e+00
