ctdpy/tests/etc/exprapp_feb_2020/SBE09_1387_20200206_1541_77_10_0115.cnv
* Sea-Bird SBE 9 Data File:
* FileName = L:\2020\sv20d0115.hex
* Software Version Seasave V 7.26.7.121
* Temperature SN = 6378
* Conductivity SN = 4824
* Number of Bytes Per Scan = 41
* Number of Voltage Words = 4
* Number of Scans Averaged by the Deck Unit = 1
* NMEA Latitude = 58 19.11 N
* NMEA Longitude = 010 56.81 E
* NMEA UTC (Time) = Feb 06 2020  15:41:12
* NMEA baud rate = 4800
** Station:  Å14
** Operator:  SSip
** Ship: SVEA
** Average sound velocity: 1479.22 m/s
** True-depth calculation Thu, 06 Feb 2020 18:25:16 +0000
** CTD Python Module SMHI /ver 3-12/ feb 2012 
** LIMS Job: 20207710-0115
** Cruise: SMHI-03-2020
** Latitude [GG MM.mm N] :
** Longitude [GGG MM.mm E]:
# nquan = 30
# nvalues = 217                         
# units = specified
# name 0 = scan: Scan Count
# name 1 = prDM: Pressure, Digiquartz [db]
# name 2 = t090C: Temperature [ITS-90, deg C]
# name 3 = t190C: Temperature, 2 [ITS-90, deg C]
# name 4 = c0S/m: Conductivity [S/m]
# name 5 = c1S/m: Conductivity, 2 [S/m]
# name 6 = pumps: Pump Status
# name 7 = sbeox0V: Oxygen raw, SBE 43 [V]
# name 8 = sbeox1V: Oxygen raw, SBE 43, 2 [V]
# name 9 = altM: Altimeter [m]
# name 10 = dz/dtM: Descent Rate [m/s]
# name 11 = flECO-AFL: Chl-a Fluorescence, WET Labs ECO-AFL/FL [mg/m^3]
# name 12 = flECO-AFL1: Phycocyanin Fluorescence, WET Labs ECO-AFL/FL, 2 [mg/m^3]
# name 13 = par: PAR/Irradiance, Biospherical/Lico [µE/(cm^2*s)]
# name 14 = turbWETntu0: Turbidity, WET Labs ECO [NTU]
# name 15 = sal00: Salinity, Practical [PSU]
# name 16 = sal11: Salinity, Practical, 2 [PSU]
# name 17 = secS-priS: Salinity, Practical, Difference, 2 - 1 [PSU]
# name 18 = T2-T190C: Temperature Difference, 2 - 1 [ITS-90, deg C]
# name 19 = sigma-t00: Density [sigma-t, kg/m^3 ]
# name 20 = sigma-t11: Density, 2 [sigma-t, kg/m^3 ]
# name 21 = depSM: Depth [salt water, m], lat = 58.3185
# name 22 = depFM: Depth [true depth, m], lat = 58.3185
# name 23 = svCM: Sound Velocity [Chen-Millero, m/s]
# name 24 = svCM1: Sound Velocity, 2 [Chen-Millero, m/s]
# name 25 = sbeox0ML/L: Oxygen, SBE 43 [ml/l], WS = 2
# name 26 = sbeox1ML/L: Oxygen, SBE 43, 2 [ml/l], WS = 2
# name 27 = sbeox0PS: Oxygen, SBE 43 [% saturation], WS = 2
# name 28 = sbeox1PS: Oxygen, SBE 43, 2 [% saturation], WS = 2
# name 29 = flag: flag
# span 0 =      17454,      23843       
# span 1 =      2.000,    110.000       
# span 2 =     6.3540,     7.4837       
# span 3 =     6.3545,     7.4832       
# span 4 =   3.293089,   3.533574       
# span 5 =   3.293143,   3.533406       
# span 6 =          1,          1       
# span 7 =     3.4931,     3.5908       
# span 8 =     3.2505,     3.3413       
# span 9 =       0.70,     102.60       
# span 10 =     -0.085,      0.632      
# span 11 =     0.3330,     0.8042      
# span 12 =     0.1733,     0.3260      
# span 13 = -4.317e-06, 5.6877e+00      
# span 14 =     0.4163,     5.8217      
# span 15 =    33.0338,    34.5913      
# span 16 =    33.0337,    34.5899      
# span 17 =    -0.0085,     0.0216      
# span 18 =    -0.0063,     0.0111      
# span 19 =    25.9547,    27.0396      
# span 20 =    25.9546,    27.0385      
# span 21 =      1.981,    108.949      
# span 22 =      1.986,    109.116      
# span 23 =    1473.72,    1481.52      
# span 24 =    1473.71,    1481.51      
# span 25 =     6.1945,     6.5644      
# span 26 =     6.2721,     6.6601      
# span 27 =     92.351,     94.605      
# span 28 =     93.512,     95.944      
# span 29 = 0.0000e+00, 0.0000e+00      
# interval = decibars: 0.5              
# start_time = Feb 06 2020 15:41:12 [NMEA time, first data scan]
# bad_flag = -9.990e-29
*END*
[from data line 97]
      20196     50.500     7.4462     7.4479    3.52982    3.52974          1     3.5260     3.2833      60.05      0.520     0.3553     0.2799  1.000e-12  0.8616000    34.5402    34.5377    -0.0025     0.0017    26.9937    26.9915     50.025     50.108    1480.63    1480.63     6.2183     6.3079    92.7700    94.1080  0.000e+00
      20225     51.000     7.4447     7.4437    3.52989    3.52969          1     3.5264     3.2833      59.52      0.442     0.3449     0.1733  1.000e-12  0.7851000    34.5423    34.5410    -0.0013    -0.0010    26.9956    26.9948     50.520     50.604    1480.63    1480.63     6.2202     6.3096    92.7970    94.1280  0.000e+00
      20254     51.500     7.4432     7.4422    3.53005    3.52988          1     3.5263     3.2833      58.99      0.399     0.3359     0.2032  1.000e-12  0.7563000    34.5452    34.5444    -0.0008    -0.0010    26.9981    26.9976     51.015     51.100    1480.64    1480.63     6.2191     6.3086    92.7780    94.1110  0.000e+00
      20280     52.000     7.4385     7.4381    3.53048    3.53042          1     3.5260     3.2827      58.58      0.434     0.3447     0.1901  1.000e-12  0.7863000    34.5544    34.5542    -0.0002    -0.0004    27.0060    27.0059     51.510     51.596    1480.64    1480.64     6.2162     6.3009    92.7310    93.9930  0.000e+00
      20302     52.500     7.4492     7.4487    3.53240    3.53222          1     3.5249     3.2815      58.20      0.512     0.3454     0.2356  1.000e-12  0.8514000    34.5643    34.5629    -0.0014    -0.0005    27.0123    27.0112     52.006     52.092    1480.70    1480.70     6.2100     6.2947    92.6670    93.9290  0.000e+00
      20325     53.000     7.4521     7.4516    3.53316    3.53300          1     3.5238     3.2805      57.63      0.544     0.3451     0.2216  1.000e-12  0.9549000    34.5694    34.5682    -0.0012    -0.0005    27.0159    27.0150     52.501     52.588    1480.73    1480.73     6.2107     6.2973    92.6860    93.9780  0.000e+00
      20349     53.500     7.4464     7.4460    3.53323    3.53306          1     3.5239     3.2805      57.12      0.507     0.3334     0.2631  1.000e-12  1.0256000    34.5757    34.5742    -0.0015    -0.0004    27.0216    27.0205     52.996     53.084    1480.72    1480.72     6.2119     6.3042    92.6970    94.0720  0.000e+00
      20375     54.000     7.4302     7.4314    3.53240    3.53235          1     3.5225     3.2807      56.57      0.475     0.3456     0.2489  1.000e-12  1.1777000    34.5826    34.5809    -0.0017     0.0012    27.0294    27.0279     53.491     53.580    1480.68    1480.68     6.2071     6.3031    92.5950    94.0270  0.000e+00
      20401     54.500     7.4279     7.4276    3.53225    3.53210          1     3.5213     3.2797      56.04      0.464     0.3576     0.2533  1.000e-12  1.2765000    34.5830    34.5817    -0.0013    -0.0003    27.0300    27.0290     53.986     54.075    1480.68    1480.68     6.2095     6.2969    92.6250    93.9290  0.000e+00
      20432     55.000     7.4285     7.4276    3.53229    3.53213          1     3.5211     3.2791      55.06      0.404     0.3611     0.2275  1.000e-12  1.2162000    34.5826    34.5817    -0.0009    -0.0009    27.0297    27.0291     54.482     54.571    1480.69    1480.68     6.2123     6.3057    92.6680    94.0600  0.000e+00
      20461     55.500     7.4270     7.4270    3.53225    3.53211          1     3.5214     3.2797      54.91      0.391     0.3576     0.2372  1.000e-12  1.2051000    34.5834    34.5819    -0.0015    -0.0000    27.0305    27.0293     54.977     55.067    1480.69    1480.69     6.2109     6.3063    92.6450    94.0670  0.000e+00
      20485     56.000     7.4274     7.4273    3.53229    3.53215          1     3.5202     3.2797      54.60      0.467     0.3513     0.1764  1.000e-12  1.2224000    34.5832    34.5817    -0.0015    -0.0001    27.0303    27.0291     55.472     55.563    1480.70    1480.70     6.2046     6.3001    92.5520    93.9750  0.000e+00
      20506     56.500     7.4262     7.4264    3.53224    3.53210          1     3.5190     3.2784      54.15      0.539     0.3504     0.2589  1.000e-12  1.2528000    34.5835    34.5818    -0.0017     0.0002    27.0307    27.0293     55.967     56.059    1480.70    1480.70     6.2053     6.2912    92.5590    93.8410  0.000e+00
      20527     57.000     7.4238     7.4230    3.53211    3.53191          1     3.5188     3.2771      53.64      0.567     0.3339     0.2472  1.000e-12  1.3227000    34.5844    34.5830    -0.0014    -0.0008    27.0317    27.0308     56.462     56.555    1480.70    1480.70     6.2059     6.2874    92.5650    93.7770  0.000e+00
      20551     57.500     7.4134     7.4136    3.53138    3.53125          1     3.5179     3.2754      53.10      0.538     0.3330     0.2279  1.000e-12  1.4879000    34.5865    34.5849    -0.0016     0.0002    27.0349    27.0336     56.958     57.051    1480.68    1480.68     6.2064     6.2884    92.5510    93.7730  0.000e+00
      20581     58.000     7.4130     7.4124    3.53134    3.53116          1     3.5177     3.2742      52.55      0.432     0.3469     0.2019  1.000e-12  1.5361000    34.5862    34.5848    -0.0014    -0.0006    27.0347    27.0337     57.453     57.546    1480.68    1480.68     6.2075     6.2898    92.5660    93.7920  0.000e+00
      20612     58.500     7.4054     7.4044    3.53066    3.53042          1     3.5171     3.2741      52.03      0.377     0.3699     0.2360  1.000e-12  1.5067000    34.5861    34.5846    -0.0016    -0.0010    27.0357    27.0346     57.948     58.042    1480.66    1480.65     6.2068     6.2994    92.5400    93.9180  0.000e+00
      20638     59.000     7.3980     7.3974    3.52995    3.52974          1     3.5164     3.2737      51.07      0.428     0.3625     0.2276  1.000e-12  1.6173000    34.5856    34.5839    -0.0016    -0.0006    27.0363    27.0351     58.443     58.538    1480.64    1480.63     6.2077     6.2896    92.5380    93.7570  0.000e+00
      20661     59.500     7.4021     7.4030    3.53034    3.53024          1     3.5166     3.2726      50.88      0.495     0.3647     0.2501  1.000e-12  1.8916000    34.5854    34.5835    -0.0019     0.0009    27.0356    27.0340     58.939     59.034    1480.66    1480.66     6.2100     6.2937    92.5800    93.8290  0.000e+00
      20683     60.000     7.3998     7.4046    3.53017    3.53046          1     3.5166     3.2734      50.61      0.537     0.3629     0.2671  1.000e-12  1.8842000    34.5856    34.5841    -0.0015     0.0047    27.0361    27.0342     59.434     59.530    1480.66    1480.68     6.2093     6.3045    92.5660    93.9940  0.000e+00
      20705     60.500     7.4092     7.4090    3.53109    3.53092          1     3.5163     3.2741      50.19      0.551     0.3617     0.2645  1.000e-12  1.6553000    34.5860    34.5844    -0.0016    -0.0002    27.0351    27.0338     59.929     60.026    1480.71    1480.71     6.2076     6.2966    92.5600    93.8870  0.000e+00
      20731     61.000     7.4089     7.4090    3.53108    3.53095          1     3.5162     3.2732      49.62      0.502     0.3639     0.2459  1.000e-12  1.6809000    34.5860    34.5845    -0.0015     0.0001    27.0351    27.0339     60.424     60.522    1480.72    1480.71     6.2066     6.2932    92.5440    93.8350  0.000e+00
      20763     61.500     7.4071     7.4072    3.53092    3.53084          1     3.5148     3.2731      49.10      0.399     0.3574     0.2281  1.000e-12  1.5626000    34.5859    34.5848    -0.0010     0.0001    27.0353    27.0344     60.919     61.017    1480.72    1480.72     6.2006     6.2944    92.4510    93.8490  0.000e+00
      20796     62.000     7.4083     7.4089    3.53111    3.53096          1     3.5136     3.2725      48.55      0.348     0.3568     0.2521  1.000e-12  1.7020000    34.5864    34.5842    -0.0023     0.0005    27.0355    27.0337     61.415     61.513    1480.73    1480.73     6.2010     6.2956    92.4600    93.8700  0.000e+00
      20823     62.500     7.3997     7.3990    3.53030    3.53006          1     3.5130     3.2728      48.13      0.408     0.3683     0.2226  1.000e-12  2.0522000    34.5860    34.5841    -0.0019    -0.0007    27.0364    27.0350     61.910     62.009    1480.71    1480.70     6.2026     6.2954    92.4660    93.8470  0.000e+00
      20845     63.000     7.3860     7.3862    3.52894    3.52883          1     3.5129     3.2720      47.79      0.501     0.3580     0.2738  1.000e-12  2.8451000    34.5846    34.5831    -0.0015     0.0002    27.0373    27.0361     62.405     62.505    1480.66    1480.66     6.2056     6.2887    92.4810    93.7180  0.000e+00
      20865     63.500     7.3826     7.3825    3.52859    3.52844          1     3.5127     3.2707      47.30      0.572     0.3654     0.2583  1.000e-12  2.6062000    34.5838    34.5824    -0.0015    -0.0001    27.0372    27.0360     62.900     63.001    1480.65    1480.65     6.2066     6.2900    92.4880    93.7290  0.000e+00
      20885     64.000     7.3836     7.3836    3.52871    3.52860          1     3.5128     3.2707      46.83      0.593     0.3680     0.1997  1.000e-12  2.4218000    34.5840    34.5827    -0.0013     0.0000    27.0372    27.0361     63.395     63.497    1480.66    1480.66     6.2073     6.3004    92.5000    93.8860  0.000e+00
      20909     64.500     7.3859     7.3861    3.52896    3.52889          1     3.5126     3.2711      46.31      0.547     0.3759     0.1824  1.000e-12  2.4848000    34.5842    34.5832    -0.0010     0.0002    27.0370    27.0362     63.891     63.993    1480.68    1480.68     6.2055     6.2968    92.4790    93.8390  0.000e+00
      20939     65.000     7.3850     7.3855    3.52890    3.52883          1     3.5124     3.2701      45.66      0.426     0.3794     0.2168  1.000e-12  2.3649000    34.5842    34.5829    -0.0013     0.0006    27.0371    27.0360     64.386     64.489    1480.69    1480.69     6.2056     6.2849    92.4790    93.6600  0.000e+00
      20969     65.500     7.3830     7.3829    3.52873    3.52860          1     3.5115     3.2685      45.15      0.390     0.3679     0.2173  1.000e-12  2.4171000    34.5841    34.5827    -0.0013    -0.0001    27.0373    27.0362     64.881     64.984    1480.69    1480.69     6.2032     6.2891    92.4380    93.7170  0.000e+00
      20994     66.000     7.3823     7.3823    3.52868    3.52855          1     3.5111     3.2687      44.70      0.448     0.3676     0.2409  1.000e-12  2.7159000    34.5839    34.5825    -0.0014    -0.0000    27.0373    27.0362     65.376     65.480    1480.69    1480.69     6.2022     6.2945    92.4230    93.7960  0.000e+00
      21020     66.500     7.3825     7.3828    3.52872    3.52861          1     3.5105     3.2687      44.25      0.474     0.3798     0.2756  1.000e-12  2.7456000    34.5839    34.5825    -0.0014     0.0002    27.0372    27.0361     65.871     65.976    1480.70    1480.70     6.2013     6.2901    92.4090    93.7320  0.000e+00
      21045     67.000     7.3834     7.3844    3.52885    3.52884          1     3.5095     3.2677      43.76      0.476     0.3802     0.2700  1.000e-12  2.4769000    34.5842    34.5832    -0.0010     0.0010    27.0373    27.0364     66.367     66.472    1480.71    1480.72     6.1973     6.2882    92.3510    93.7080  0.000e+00
      21068     67.500     7.3847     7.3851    3.52904    3.52894          1     3.5085     3.2679      43.26      0.502     0.3687     0.2761  1.000e-12  2.3496000    34.5847    34.5833    -0.0014     0.0003    27.0375    27.0364     66.862     66.968    1480.73    1480.73     6.2001     6.2961    92.3960    93.8260  0.000e+00
      21092     68.000     7.3837     7.3840    3.52893    3.52882          1     3.5091     3.2682      42.72      0.508     0.3697     0.2550  1.000e-12  2.4892000    34.5843    34.5828    -0.0015     0.0003    27.0374    27.0362     67.357     67.464    1480.73    1480.73     6.2064     6.2943    92.4880    93.7970  0.000e+00
      21121     68.500     7.3838     7.3839    3.52897    3.52884          1     3.5105     3.2684      42.18      0.447     0.3750     0.2454  1.000e-12  2.5963000    34.5844    34.5829    -0.0015     0.0001    27.0374    27.0362     67.852     67.960    1480.74    1480.74     6.2098     6.2952    92.5380    93.8110  0.000e+00
      21153     69.000     7.3845     7.3856    3.52907    3.52906          1     3.5110     3.2677      41.67      0.378     0.3605     0.2551  1.000e-12  2.5749000    34.5846    34.5833    -0.0012     0.0011    27.0375    27.0364     68.347     68.455    1480.75    1480.75     6.2060     6.2886    92.4830    93.7150  0.000e+00
      21180     69.500     7.3874     7.3884    3.52945    3.52946          1     3.5101     3.2675      41.20      0.405     0.3669     0.2348  1.000e-12  2.5080000    34.5855    34.5846    -0.0009     0.0010    27.0378    27.0370     68.843     68.951    1480.77    1480.78     6.2017     6.2918    92.4260    93.7700  0.000e+00
      21201     70.000     7.3886     7.3885    3.52964    3.52950          1     3.5096     3.2673      40.74      0.500     0.3708     0.2332  1.000e-12  2.6081000    34.5861    34.5847    -0.0014    -0.0000    27.0381    27.0370     69.338     69.447    1480.78    1480.78     6.2036     6.2854    92.4570    93.6750  0.000e+00
      21222     70.500     7.3887     7.3882    3.52967    3.52949          1     3.5097     3.2661      40.26      0.565     0.3794     0.2322  1.000e-12  2.7552000    34.5861    34.5846    -0.0015    -0.0005    27.0381    27.0370     69.833     69.943    1480.79    1480.79     6.2044     6.2810    92.4690    93.6080  0.000e+00
      21244     71.000     7.3882     7.3881    3.52963    3.52948          1     3.5097     3.2652      39.79      0.567     0.3698     0.2370  1.000e-12  2.5306000    34.5860    34.5845    -0.0015    -0.0001    27.0380    27.0369     70.328     70.439    1480.80    1480.80     6.2047     6.2836    92.4730    93.6470  0.000e+00
      21268     71.500     7.3877     7.3876    3.52958    3.52943          1     3.5093     3.2649      39.31      0.529     0.3888     0.2209  1.000e-12  2.5345000    34.5856    34.5841    -0.0015    -0.0001    27.0378    27.0367     70.823     70.935    1480.81    1480.80     6.2010     6.2824    92.4160    93.6280  0.000e+00
      21297     72.000     7.3876     7.3874    3.52957    3.52942          1     3.5079     3.2641      38.69      0.445     0.3840     0.2386  1.000e-12  2.5590000    34.5854    34.5840    -0.0014    -0.0002    27.0377    27.0366     71.318     71.431    1480.81    1480.81     6.1993     6.2869    92.3900    93.6940  0.000e+00
      21329     72.500     7.3879     7.3879    3.52965    3.52951          1     3.5077     3.2646      38.16      0.376     0.3689     0.2798  1.000e-12  2.3478000    34.5857    34.5842    -0.0016    -0.0000    27.0379    27.0367     71.814     71.926    1480.82    1480.82     6.2010     6.2869    92.4160    93.6960  0.000e+00
      21356     73.000     7.3882     7.3879    3.52971    3.52954          1     3.5073     3.2638      37.70      0.413     0.3762     0.2575  1.000e-12  2.6659000    34.5858    34.5843    -0.0015    -0.0003    27.0379    27.0368     72.309     72.422    1480.83    1480.83     6.2020     6.2792    92.4320    93.5820  0.000e+00
      21379     73.500     7.3878     7.3877    3.52968    3.52955          1     3.5079     3.2628      37.23      0.490     0.3732     0.2192  1.000e-12  2.7186000    34.5857    34.5843    -0.0014    -0.0001    27.0379    27.0368     72.804     72.918    1480.84    1480.84     6.2046     6.2786    92.4700    93.5720  0.000e+00
      21401     74.000     7.3870     7.3873    3.52960    3.52952          1     3.5076     3.2625      36.77      0.539     0.3716     0.2308  1.000e-12  2.6044000    34.5854    34.5842    -0.0012     0.0003    27.0378    27.0368     73.299     73.414    1480.84    1480.84     6.2016     6.2853    92.4230    93.6710  0.000e+00
