ctdpy/tests/etc/exprapp_feb_2020/SBE09_1387_20200201_1533_77_10_0089.cnv
* Sea-Bird SBE 9 Data File:
* FileName = L:\2020\sv20d0089.hex
* Software Version Seasave V 7.26.7.121
* Temperature SN = 6378
* Conductivity SN = 4824
* Number of Bytes Per Scan = 41
* Number of Voltage Words = 4
* Number of Scans Averaged by the Deck Unit = 1
* NMEA Latitude = 57 32.64 N
* NMEA Longitude = 011 34.29 E
* NMEA UTC (Time) = Feb 01 2020  15:33:23
* NMEA baud rate = 4800
** Station:  SW Vinga
** Operator:  A-KTh
** Ship: SVEA
** Average sound velocity: 1470.61 m/s
** True-depth calculation Sat, 01 Feb 2020 18:10:18 +0000
** CTD Python Module SMHI /ver 3-12/ feb 2012 
** LIMS Job: 20207710-0089
** Cruise: SMHI-02-2020
** Latitude [GG MM.mm N] :
** Longitude [GGG MM.mm E]:
# nquan = 30
# nvalues = 99                          
# units = specified
# name 0 = scan: Scan Count
# name 1 = prDM: Pressure, Digiquartz [db]
# name 2 = t090C: Temperature [ITS-90, deg C]
# name 3 = t190C: Temperature, 2 [ITS-90, deg C]
# name 4 = c0S/m: Conductivity [S/m]
# name 5 = c1S/m: Conductivity, 2 [S/m]
# name 6 = pumps: Pump Status
# name 7 = sbeox0V: Oxygen raw, SBE 43 [V]
# name 8 = sbeox1V: Oxygen raw, SBE 43, 2 [V]
# name 9 = altM: Altimeter [m]
# name 10 = dz/dtM: Descent Rate [m/s]
# name 11 = flECO-AFL: Chl-a Fluorescence, WET Labs ECO-AFL/FL [mg/m^3]
# name 12 = flECO-AFL1: Phycocyanin Fluorescence, WET Labs ECO-AFL/FL, 2 [mg/m^3]
# name 13 = par: PAR/Irradiance, Biospherical/Lico [µE/(cm^2*s)]
# name 14 = turbWETntu0: Turbidity, WET Labs ECO [NTU]
# name 15 = sal00: Salinity, Practical [PSU]
# name 16 = sal11: Salinity, Practical, 2 [PSU]
# name 17 = secS-priS: Salinity, Practical, Difference, 2 - 1 [PSU]
# name 18 = T2-T190C: Temperature Difference, 2 - 1 [ITS-90, deg C]
# name 19 = sigma-t00: Density [sigma-t, kg/m^3 ]
# name 20 = sigma-t11: Density, 2 [sigma-t, kg/m^3 ]
# name 21 = depSM: Depth [salt water, m], lat = 57.544
# name 22 = depFM: Depth [true depth, m], lat = 57.544
# name 23 = svCM: Sound Velocity [Chen-Millero, m/s]
# name 24 = svCM1: Sound Velocity, 2 [Chen-Millero, m/s]
# name 25 = sbeox0ML/L: Oxygen, SBE 43 [ml/l], WS = 2
# name 26 = sbeox1ML/L: Oxygen, SBE 43, 2 [ml/l], WS = 2
# name 27 = sbeox0PS: Oxygen, SBE 43 [% saturation], WS = 2
# name 28 = sbeox1PS: Oxygen, SBE 43, 2 [% saturation], WS = 2
# name 29 = flag: flag
# span 0 =      23040,      27030       
# span 1 =      1.500,     50.500       
# span 2 =     5.9493,     6.9294       
# span 3 =     5.9479,     6.9245       
# span 4 =   2.909465,   3.398816       
# span 5 =   2.909455,   3.397697       
# span 6 =          1,          1       
# span 7 =     3.5041,     3.6032       
# span 8 =     3.2685,     3.3590       
# span 9 =      -8.19,      99.65       
# span 10 =     -0.087,      0.805      
# span 11 =     0.4294,     2.0991      
# span 12 =     0.1789,     0.6333      
# span 13 = -2.988e-05, 2.8968e+00      
# span 14 =     0.3306,     3.0451      
# span 15 =    29.1356,    33.6187      
# span 16 =    29.1357,    33.6111      
# span 17 =    -0.0902,     0.0783      
# span 18 =    -0.0529,     0.0241      
# span 19 =    22.9260,    26.3403      
# span 20 =    22.9261,    26.3350      
# span 21 =      1.486,     50.028      
# span 22 =      1.494,     50.226      
# span 23 =    1467.25,    1477.47      
# span 24 =    1467.25,    1477.45      
# span 25 =     6.2902,     6.8350      
# span 26 =     6.3865,     6.9449      
# span 27 =     91.904,     95.081      
# span 28 =     93.279,     96.619      
# span 29 = 0.0000e+00, 0.0000e+00      
# interval = decibars: 0.5              
# start_time = Feb 01 2020 15:33:23 [NMEA time, first data scan]
# bad_flag = -9.990e-29
*END*
[from data line 49]
      24624     26.000     6.1799     6.1843    3.05799    3.05845          1     3.5452     3.3058      25.61      0.714     1.2444     0.4119  1.000e-12  0.4811000    30.5788    30.5800     0.0011     0.0043    24.0396    24.0400     25.758     25.882    1470.31    1470.33     6.6056     6.7053    93.2420    94.6590  0.000e+00
      24662     26.500     6.1699     6.1828    3.05405    3.05689          1     3.5417     3.3025      24.88      0.346     1.0387     0.3699  1.000e-12  0.4233000    30.5440    30.5638     0.0198     0.0128    24.0134    24.0274     26.254     26.379    1470.23    1470.31     6.5991     6.6983    93.1060    94.5470  0.000e+00
      24693     27.000     6.2203     6.2220    3.06358    3.06379          1     3.5389     3.3003      24.51      0.328     1.0043     0.3610  1.000e-12  0.4150000    30.6037    30.6045     0.0008     0.0017    24.0544    24.0548     26.749     26.876    1470.52    1470.53     6.5853     6.6927    93.0580    94.5800  0.000e+00
      24712     27.500     6.2342     6.2348    3.06650    3.06686          1     3.5378     3.2994      24.20      0.503     0.9624     0.3922  1.000e-12  0.4610000    30.6232    30.6267     0.0035     0.0006    24.0682    24.0708     27.244     27.373    1470.61    1470.61     6.5857     6.6904    93.1060    94.5900  0.000e+00
      24731     28.000     6.2429     6.2436    3.06914    3.06951          1     3.5380     3.2990      23.68      0.618     0.9049     0.3811  1.000e-12  0.4898000    30.6443    30.6478     0.0035     0.0008    24.0838    24.0864     27.740     27.871    1470.68    1470.68     6.5872     6.6922    93.1600    94.6480  0.000e+00
      24755     28.500     6.2496     6.2525    3.07200    3.07330          1     3.5378     3.2990      23.12      0.585     0.9078     0.3569  1.000e-12  0.4415000    30.6696    30.6814     0.0118     0.0028    24.1028    24.1118     28.235     28.368    1470.74    1470.77     6.5833     6.6928    93.1350    94.6980  0.000e+00
      24787     29.000     6.2540     6.2597    3.07409    3.07624          1     3.5374     3.2990      22.51      0.394     0.8785     0.3205  1.000e-12  0.3838000    30.6885    30.7071     0.0186     0.0057    24.1172    24.1312     28.730     28.865    1470.79    1470.84     6.5820     6.6843    93.1380    94.6090  0.000e+00
      24814     29.500     6.2617     6.2614    3.07717    3.07709          1     3.5372     3.2976      22.04      0.394     0.9004     0.3016  1.000e-12  0.3790000    30.7154    30.7147    -0.0006    -0.0003    24.1375    24.1371     29.226     29.363    1470.87    1470.86     6.5770     6.6763    93.1000    94.5050  0.000e+00
      24835     30.000     6.2623     6.2623    3.07769    3.07766          1     3.5363     3.2969      21.55      0.506     0.9176     0.3161  1.000e-12  0.3985000    30.7203    30.7199    -0.0004     0.0000    24.1414    24.1411     29.721     29.860    1470.88    1470.88     6.5753     6.6806    93.0800    94.5710  0.000e+00
      24856     30.500     6.2646     6.2643    3.07846    3.07836          1     3.5363     3.2968      14.47      0.579     0.8931     0.3377  1.000e-12  0.4002000    30.7265    30.7257    -0.0008    -0.0003    24.1459    24.1453     30.216     30.357    1470.91    1470.91     6.5774     6.6818    93.1200    94.5960  0.000e+00
      24878     31.000     6.2680     6.2682    3.07958    3.07960          1     3.5362     3.2963      14.32      0.555     0.8611     0.3391  1.000e-12  0.3937000    30.7356    30.7355    -0.0001     0.0003    24.1527    24.1526     30.712     30.854    1470.94    1470.94     6.5769     6.6768    93.1240    94.5410  0.000e+00
      24902     31.500     6.2704     6.2704    3.08041    3.08039          1     3.5361     3.2959      17.64      0.518     0.8410     0.3312  1.000e-12  0.3859000    30.7423    30.7421    -0.0002    -0.0000    24.1577    24.1576     31.207     31.352    1470.97    1470.97     6.5763     6.6823    93.1260    94.6270  0.000e+00
      24925     32.000     6.2722     6.2723    3.08120    3.08121          1     3.5361     3.2966      14.65      0.519     0.8459     0.3342  1.000e-12  0.4172000    30.7491    30.7492     0.0001     0.0001    24.1629    24.1629     31.702     31.849    1470.99    1470.99     6.5763     6.6890    93.1340    94.7300  0.000e+00
      24954     32.500     6.2765     6.2770    3.08288    3.08301          1     3.5366     3.2977      13.22      0.456     0.8966     0.3335  1.000e-12  0.3885000    30.7636    30.7646     0.0010     0.0005    24.1737    24.1745     32.198     32.346    1471.03    1471.04     6.5823     6.6950    93.2370    94.8360  0.000e+00
      24984     33.000     6.2817     6.2821    3.08483    3.08495          1     3.5373     3.2986      16.87      0.381     0.8413     0.3316  1.000e-12  0.4126000    30.7802    30.7811     0.0009     0.0004    24.1862    24.1869     32.693     32.843    1471.08    1471.09     6.5598     6.6647    92.9400    94.4280  0.000e+00
      25007     33.500     6.2895     6.2900    3.08772    3.08791          1     3.5307     3.2936      17.85      0.447     0.8257     0.3280  1.000e-12  0.4322000    30.8048    30.8065     0.0017     0.0004    24.2046    24.2060     33.188     33.341    1471.15    1471.16     6.5187     6.6145    92.3900    93.7500  0.000e+00
      25026     34.000     6.3079     6.3102    3.09503    3.09642          1     3.5243     3.2883      17.41      0.563     0.8284     0.3183  1.000e-12  0.3960000    30.8686    30.8817     0.0132     0.0023    24.2527    24.2628     33.683     33.838    1471.32    1471.34     6.5011     6.5940    92.2180    93.5510  0.000e+00
      25045     34.500     6.3927     6.3974    3.12864    3.13061          1     3.5192     3.2836      17.10      0.644     0.8157     0.3021  1.000e-12  0.4238000    31.1616    31.1790     0.0174     0.0048    24.4733    24.4865     34.179     34.335    1472.03    1472.07     6.4728     6.5627    92.1770    93.4790  0.000e+00
      25073     35.000     6.4288     6.4280    3.14228    3.14178          1     3.5131     3.2774      16.55      0.513     0.7739     0.3239  1.000e-12  0.4496000    31.2785    31.2738    -0.0047    -0.0009    24.5611    24.5575     34.674     34.832    1472.33    1472.32     6.4431     6.5399    91.9040    93.2790  0.000e+00
      25106     35.500     6.4327     6.4324    3.14497    3.14511          1     3.5041     3.2718      16.06      0.336     0.7848     0.3177  1.000e-12  0.4594000    31.3044    31.3063     0.0018    -0.0004    24.5811    24.5825     35.169     35.329    1472.38    1472.38     6.4463     6.5789    91.9730    93.8660  0.000e+00
      25128     36.000     6.4216     6.4220    3.14921    3.14930          1     3.5073     3.2764      15.64      0.442     0.8247     0.3206  1.000e-12  0.4515000    31.3611    31.3617     0.0006     0.0003    24.6271    24.6275     35.665     35.826    1472.42    1472.42     6.5014     6.6394    92.7710    94.7410  0.000e+00
      25146     36.500     6.4229     6.4210    3.15160    3.15148          1     3.5155     3.2822      15.22      0.589     0.8076     0.3372  1.000e-12  0.4631000    31.3860    31.3865     0.0004    -0.0020    24.6466    24.6472     36.160     36.323    1472.47    1472.46     6.5360     6.6579    93.2820    95.0190  0.000e+00
      25166     37.000     6.2865     6.2815    3.14760    3.14728          1     3.5249     3.2876      14.67      0.643     0.9068     0.3169  1.000e-12  0.4876000    31.4675    31.4685     0.0011    -0.0050    24.7276    24.7291     36.655     36.820    1472.03    1472.02     6.5664     6.6738    93.4680    94.9870  0.000e+00
      25199     37.500     6.2171     6.2235    3.15406    3.15418          1     3.5314     3.2905      14.05      0.428     1.0400     0.3237  1.000e-12  0.5172000    31.6031    31.5984    -0.0047     0.0065    24.8431    24.8386     37.151     37.317    1471.93    1471.96     6.5508     6.6413    93.1790    94.4770  0.000e+00
      25229     38.000     6.2798     6.2800    3.17329    3.17353          1     3.5311     3.2888      13.55      0.343     1.0510     0.3593  1.000e-12  0.5427000    31.7577    31.7601     0.0024     0.0002    24.9573    24.9592     37.646     37.814    1472.39    1472.39     6.5206     6.6109    92.9800    94.2700  0.000e+00
      25247     38.500     6.3288     6.3297    3.18667    3.18716          1     3.5303     3.2882      13.05      0.495     0.8752     0.3450  1.000e-12  0.5560000    31.8597    31.8644     0.0046     0.0009    25.0318    25.0353     38.141     38.311    1472.72    1472.73     6.5069     6.6094    92.9540    94.4220  0.000e+00
      25262     39.000     6.3554     6.3558    3.20649    3.20792          1     3.5301     3.2890      12.58      0.659     0.7943     0.3329  1.000e-12  0.5198000    32.0540    32.0695     0.0155     0.0004    25.1817    25.1939     38.636     38.808    1473.08    1473.10     6.4960     6.6077    92.9750    94.5850  0.000e+00
      25281     39.500     6.3710     6.3711    3.22908    3.22928          1     3.5300     3.2903      12.09      0.727     0.7275     0.3052  1.000e-12  0.5386000    32.2893    32.2914     0.0020     0.0001    25.3653    25.3669     39.132     39.304    1473.44    1473.45     6.4827     6.5991    92.9630    94.6340  0.000e+00
      25316     40.000     6.3781     6.3758    3.23399    3.23153          1     3.5269     3.2891      11.43      0.413     0.6576     0.2896  1.000e-12  0.5994000    32.3366    32.3117    -0.0249    -0.0024    25.4017    25.3824     39.627     39.801    1473.54    1473.50     6.4627     6.5667    92.7200    94.1920  0.000e+00
      25349     40.500     6.3884     6.3901    3.23765    3.23821          1     3.5248     3.2869      10.87      0.293     0.6698     0.2687  1.000e-12  0.6197000    32.3672    32.3718     0.0046     0.0017    25.4245    25.4279     40.122     40.298    1473.63    1473.64     6.4713     6.5761    92.8840    94.3960  0.000e+00
      25365     41.000     6.4438     6.4453    3.24724    3.24749          1     3.5258     3.2879      10.62      0.487     0.6333     0.2054  1.000e-12  0.6933000    32.4204    32.4218     0.0013     0.0015    25.4595    25.4604     40.618     40.794    1473.92    1473.93     6.4686     6.5738    92.9990    94.5150  0.000e+00
      25380     41.500     6.4282     6.4269    3.24975    3.24968          1     3.5272     3.2882      10.25      0.679     0.6228     0.2625  1.000e-12  0.7560000    32.4629    32.4634     0.0006    -0.0014    25.4950    25.4956     41.113     41.291    1473.92    1473.91     6.4758     6.5777    93.0940    94.5570  0.000e+00
      25397     42.000     6.4064     6.4065    3.25422    3.25435          1     3.5291     3.2894       9.73      0.771     0.6012     0.2933  1.000e-12  0.8910000    32.5329    32.5342     0.0014     0.0001    25.5530    25.5540     41.608     41.788    1473.93    1473.93     6.4780     6.5784    93.1220    94.5660  0.000e+00
      25437     42.500     6.4139     6.4117    3.25397    3.25321          1     3.5285     3.2884       8.97      0.367     0.5962     0.2757  1.000e-12  0.7557000    32.5228    32.5164    -0.0063    -0.0022    25.5440    25.5393     42.103     42.284    1473.95    1473.94     6.4568     6.5552    92.8270    94.2340  0.000e+00
      25472     43.000     6.4645     6.4645    3.26981    3.27007          1     3.5239     3.2853       8.56      0.269     0.5707     0.3008  1.000e-12  0.8084000    32.6496    32.6524     0.0029    -0.0000    25.6376    25.6399     42.599     42.781    1474.32    1474.33     6.4283     6.5280    92.6040    94.0410  0.000e+00
      25487     43.500     6.5089     6.5094    3.28096    3.28106          1     3.5226     3.2840       8.21      0.501     0.5603     0.3310  1.000e-12  1.0479000    32.7301    32.7308     0.0007     0.0005    25.6954    25.6959     43.094     43.277    1474.61    1474.61     6.4230     6.5202    92.6730    94.0760  0.000e+00
      25501     44.000     6.5120     6.5116    3.28461    3.28472          1     3.5221     3.2834       7.79      0.708     0.5569     0.3304  1.000e-12  1.1176000    32.7673    32.7689     0.0015    -0.0004    25.7244    25.7257     43.589     43.774    1474.68    1474.67     6.4267     6.5246    92.7550    94.1680  0.000e+00
      25518     44.500     6.5193     6.5193    3.29136    3.29159          1     3.5226     3.2833       7.25      0.805     0.5494     0.3158  1.000e-12  1.2635000    32.8347    32.8373     0.0026    -0.0000    25.7766    25.7786     44.085     44.270    1474.80    1474.80     6.4289     6.5320    92.8450    94.3350  0.000e+00
      25576     45.000     6.5185     6.5082    3.29160    3.28608          1     3.5245     3.2853       6.50      0.215     0.5467     0.2980  1.000e-12  1.0756000    32.8379    32.7867    -0.0512    -0.0103    25.7792    25.7401     44.580     44.767    1474.80    1474.70     6.4168     6.5210    92.6700    94.1200  0.000e+00
      25611     45.500     6.5273     6.5452    3.29352    3.30216          1     3.5224     3.2834       6.12      0.304     0.5210     0.2763  1.000e-12  1.1910000    32.8504    32.9287     0.0783     0.0179    25.7879    25.8473     45.075     45.263    1474.86    1475.03     6.4207     6.5161    92.7530    94.2180  0.000e+00
      25632     46.000     6.6571     6.6653    3.33320    3.33610          1     3.5234     3.2849       5.66      0.525     0.5040     0.2503  1.000e-12  1.4854000    33.1632    33.1873     0.0241     0.0081    26.0176    26.0355     45.570     45.760    1475.77    1475.84     6.3975     6.4998    92.8870    94.4060  0.000e+00
      25710     46.500     6.6621     6.6507    3.33317    3.32870          1     3.5246     3.2859      24.48      0.169     0.4903     0.2685  1.000e-12  1.3433000    33.1579    33.1195    -0.0384    -0.0114    26.0128    25.9840     46.066     46.256    1475.80    1475.70     6.3761     6.4785    92.5850    94.0230  0.000e+00
      25751     47.000     6.8160     6.7915    3.37184    3.36608          1     3.5203     3.2826       6.59      0.328     0.4475     0.2480  1.000e-12  1.5659000    33.4343    33.3946    -0.0396    -0.0245    26.2102    26.1822     46.561     46.752    1476.75    1476.61     6.3468     6.4532    92.6550    94.1300  0.000e+00
      25812     47.500     6.8399     6.7871    3.37808    3.36522          1     3.5231     3.2850      56.03      0.223     0.4294     0.2703  1.000e-12  1.6740000    33.4794    33.3892    -0.0902    -0.0529    26.2426    26.1785     47.056     47.249    1476.91    1476.59     6.3537     6.4751    92.8350    94.4370  0.000e+00
      25868     48.000     6.8568     6.8597    3.38183    3.38293          1     3.5234     3.2855       5.03      0.274     0.4355     0.2478  1.000e-12  1.7659000    33.5039    33.5131     0.0092     0.0029    26.2596    26.2665     47.552     47.745    1477.02    1477.04     6.3502     6.4482    92.8350    94.2800  0.000e+00
      25971     48.500     6.8666     6.8598    3.38474    3.38323          1     3.5212     3.2825       3.03      0.154     0.4318     0.2567  1.000e-12  1.9113000    33.5261    33.5162    -0.0099    -0.0068    26.2758    26.2689     48.047     48.241    1477.09    1477.05     6.3351     6.4349    92.6480    94.0880  0.000e+00
      26084     49.000     6.8785     6.8871    3.38755    3.38950          1     3.5167     3.2776       2.59      0.156     0.4464     0.2273  1.000e-12  2.0780000    33.5452    33.5581     0.0129     0.0086    26.2892    26.2983     48.542     48.737    1477.17    1477.22     6.3193     6.4147    92.4540    93.8760  0.000e+00
