ctdpy/tests/etc/exprapp_feb_2020/SBE09_1387_20200213_1511_77_10_0146.cnv
* Sea-Bird SBE 9 Data File:
* FileName = L:\2020\sv20d0146.hex
* Software Version Seasave V 7.26.7.121
* Temperature SN = 6378
* Conductivity SN = 4824
* Number of Bytes Per Scan = 41
* Number of Voltage Words = 4
* Number of Scans Averaged by the Deck Unit = 1
* NMEA Latitude = 56 06.99 N
* NMEA Longitude = 016 32.18 E
* NMEA UTC (Time) = Feb 13 2020  15:11:03
* NMEA baud rate = 4800
** Station:  BY39
** Operator:  DBSj
** Ship: SVEA
** Average sound velocity: 1437.12 m/s
** True-depth calculation Thu, 13 Feb 2020 15:54:25 +0000
** CTD Python Module SMHI /ver 3-12/ feb 2012 
** LIMS Job: 20207710-0146
** Cruise: SMHI-02-2020
** Latitude [GG MM.mm N] :
** Longitude [GGG MM.mm E]:
# nquan = 30
# nvalues = 94                          
# units = specified
# name 0 = scan: Scan Count
# name 1 = prDM: Pressure, Digiquartz [db]
# name 2 = t090C: Temperature [ITS-90, deg C]
# name 3 = t190C: Temperature, 2 [ITS-90, deg C]
# name 4 = c0S/m: Conductivity [S/m]
# name 5 = c1S/m: Conductivity, 2 [S/m]
# name 6 = pumps: Pump Status
# name 7 = sbeox0V: Oxygen raw, SBE 43 [V]
# name 8 = sbeox1V: Oxygen raw, SBE 43, 2 [V]
# name 9 = altM: Altimeter [m]
# name 10 = dz/dtM: Descent Rate [m/s]
# name 11 = flECO-AFL: Chl-a Fluorescence, WET Labs ECO-AFL/FL [mg/m^3]
# name 12 = flECO-AFL1: Phycocyanin Fluorescence, WET Labs ECO-AFL/FL, 2 [mg/m^3]
# name 13 = par: PAR/Irradiance, Biospherical/Lico [µE/(cm^2*s)]
# name 14 = turbWETntu0: Turbidity, WET Labs ECO [NTU]
# name 15 = sal00: Salinity, Practical [PSU]
# name 16 = sal11: Salinity, Practical, 2 [PSU]
# name 17 = secS-priS: Salinity, Practical, Difference, 2 - 1 [PSU]
# name 18 = T2-T190C: Temperature Difference, 2 - 1 [ITS-90, deg C]
# name 19 = sigma-t00: Density [sigma-t, kg/m^3 ]
# name 20 = sigma-t11: Density, 2 [sigma-t, kg/m^3 ]
# name 21 = depSM: Depth [salt water, m], lat = 56.1165
# name 22 = depFM: Depth [true depth, m], lat = 56.1165
# name 23 = svCM: Sound Velocity [Chen-Millero, m/s]
# name 24 = svCM1: Sound Velocity, 2 [Chen-Millero, m/s]
# name 25 = sbeox0ML/L: Oxygen, SBE 43 [ml/l], WS = 2
# name 26 = sbeox1ML/L: Oxygen, SBE 43, 2 [ml/l], WS = 2
# name 27 = sbeox0PS: Oxygen, SBE 43 [% saturation], WS = 2
# name 28 = sbeox1PS: Oxygen, SBE 43, 2 [% saturation], WS = 2
# name 29 = flag: flag
# span 0 =      19135,      24220       
# span 1 =      2.500,     49.000       
# span 2 =     4.5806,     5.2826       
# span 3 =     4.5802,     5.2828       
# span 4 =   0.786509,   0.998829       
# span 5 =   0.786575,   0.999048       
# span 6 =          1,          1       
# span 7 =     1.0620,     3.4372       
# span 8 =     1.0233,     3.2105       
# span 9 =      94.23,      97.39       
# span 10 =     -0.516,      0.769      
# span 11 =     0.3302,     0.4511      
# span 12 =     0.1432,     0.2978      
# span 13 = 1.0000e-12, 8.8591e+00      
# span 14 =     0.1338,     0.5819      
# span 15 =     7.3346,     9.2801      
# span 16 =     7.3353,     9.2822      
# span 17 =    -0.0077,     0.2434      
# span 18 =    -0.0051,     0.0660      
# span 19 =     5.8140,     7.3249      
# span 20 =     5.8146,     7.3265      
# span 21 =      2.477,     48.548      
# span 22 =      2.532,     49.584      
# span 23 =    1433.81,    1440.10      
# span 24 =    1433.81,    1440.10      
# span 25 =     0.9371,     7.7379      
# span 26 =     0.9884,     7.8843      
# span 27 =     11.236,     89.966      
# span 28 =     11.851,     91.666      
# span 29 = 0.0000e+00, 0.0000e+00      
# interval = decibars: 0.5              
# start_time = Feb 13 2020 15:11:03 [NMEA time, first data scan]
# bad_flag = -9.990e-29
*END*
[from data line 49]
      20798     27.000     5.2015     5.2009    0.96861    0.96858          1     1.5240     1.4712      94.38      0.535     0.3537     0.2562  1.000e-12  0.2346000     9.0031     9.0030    -0.0001    -0.0006     7.1099     7.1098     26.752     27.336    1439.04    1439.04     1.7991     1.7349    21.4870    20.7200  0.000e+00
      20829     27.500     5.2042     5.2053    0.96914    0.96935          1     1.4626     1.4158      94.37      0.435     0.3596     0.2375  1.000e-12  0.2420000     9.0077     9.0094     0.0018     0.0011     7.1134     7.1147     27.248     27.842    1439.07    1439.08     1.7990     1.7927    21.4890    21.4140  0.000e+00
      20865     28.000     5.2072     5.2077    0.96979    0.96988          1     1.4188     1.3735      94.37      0.328     0.3740     0.2207  1.000e-12  0.2580000     9.0133     9.0141     0.0008     0.0005     7.1177     7.1183     27.743     28.348    1439.10    1439.10     1.7894     1.8240    21.3760    21.7900  0.000e+00
      20898     28.500     5.2102     5.2110    0.97034    0.97055          1     1.3964     1.3506      94.38      0.360     0.3763     0.2108  1.000e-12  0.2699000     9.0179     9.0198     0.0019     0.0008     7.1212     7.1227     28.238     28.853    1439.13    1439.13     1.7795     1.8342    21.2600    21.9150  0.000e+00
      20930     29.000     5.2119     5.2119    0.97065    0.97074          1     1.3813     1.3346      94.39      0.373     0.3745     0.2302  1.000e-12  0.2915000     9.0204     9.0214     0.0009    -0.0000     7.1231     7.1238     28.734     29.359    1439.14    1439.15     1.7623     1.8282    21.0560    21.8430  0.000e+00
      20963     29.500     5.2149     5.2151    0.97124    0.97132          1     1.3703     1.3225      94.40      0.356     0.3768     0.1923  1.000e-12  0.2860000     9.0254     9.0263     0.0008     0.0002     7.1269     7.1276     29.229     29.865    1439.17    1439.17     1.7485     1.8193    20.8930    21.7400  0.000e+00
      20989     30.000     5.2172     5.2171    0.97160    0.97169          1     1.3636     1.3154      94.34      0.418     0.3640     0.2052  1.000e-12  0.2925000     9.0284     9.0293     0.0009    -0.0001     7.1291     7.1299     29.725     30.370    1439.19    1439.20     1.7382     1.8109    20.7720    21.6400  0.000e+00
      21009     30.500     5.2183     5.2178    0.97177    0.97183          1     1.3590     1.3100      94.30      0.520     0.3831     0.1899  1.000e-12  0.3112000     9.0297     9.0305     0.0008    -0.0005     7.1301     7.1308     30.220     30.876    1439.21    1439.21     1.7277     1.7860    20.6470    21.3430  0.000e+00
      21029     31.000     5.2188     5.2187    0.97184    0.97196          1     1.3548     1.3035      94.33      0.595     0.3734     0.1899  1.000e-12  0.3397000     9.0302     9.0314     0.0012    -0.0001     7.1305     7.1315     30.715     31.382    1439.22    1439.22     1.7146     1.7571    20.4910    20.9990  0.000e+00
      21056     31.500     5.2211     5.2232    0.97231    0.97308          1     1.3476     1.2940      94.33      0.525     0.3808     0.2229  1.000e-12  0.3508000     9.0342     9.0414     0.0072     0.0020     7.1335     7.1391     31.211     31.887    1439.24    1439.26     1.6801     1.7185    20.0800    20.5410  0.000e+00
      21121     32.000     5.2264     5.2290    0.97474    0.97562          1     1.3166     1.2670      94.34      0.142     0.3892     0.2256  1.000e-12  0.3121000     9.0570     9.0652     0.0082     0.0026     7.1513     7.1576     31.706     32.393    1439.30    1439.32     1.5596     1.6154    18.6450    19.3150  0.000e+00
      21146     32.500     5.2329     5.2331    0.97706    0.97732          1     1.3038     1.2564      94.35      0.346     0.3902     0.2978  1.000e-12  0.3296000     9.0784     9.0809     0.0025     0.0001     7.1679     7.1699     32.201     32.899    1439.36    1439.37     1.5378     1.5940    18.3910    19.0630  0.000e+00
      21162     33.000     5.2341     5.2344    0.97746    0.97775          1     1.2973     1.2502      94.41      0.554     0.3887     0.1844  1.000e-12  0.3495000     9.0820     9.0849     0.0029     0.0002     7.1707     7.1729     32.697     33.404    1439.38    1439.39     1.5396     1.5918    18.4130    19.0380  0.000e+00
      21177     33.500     5.2373     5.2371    0.97853    0.97864          1     1.2935     1.2458      94.39      0.714     0.3995     0.1789  1.000e-12  0.4073000     9.0918     9.0930     0.0012    -0.0002     7.1783     7.1792     33.192     33.910    1439.42    1439.42     1.5476     1.6014    18.5110    19.1550  0.000e+00
      21194     34.000     5.2380     5.2374    0.97873    0.97878          1     1.2912     1.2425      94.40      0.769     0.3921     0.1900  1.000e-12  0.4295000     9.0935     9.0941     0.0006    -0.0005     7.1796     7.1801     33.687     34.415    1439.43    1439.43     1.5501     1.6083    18.5420    19.2380  0.000e+00
      21255     34.500     5.2370     5.2377    0.97857    0.97883          1     1.2819     1.2333      94.38      0.275     0.4029     0.2221  1.000e-12  0.3606000     9.0921     9.0945     0.0023     0.0008     7.1786     7.1804     34.183     34.921    1439.43    1439.44     1.5249     1.5931    18.2400    19.0560  0.000e+00
      21301     35.000     5.2384     5.2381    0.97884    0.97894          1     1.2752     1.2271      94.35      0.273     0.4050     0.2203  1.000e-12  0.3799000     9.0943     9.0954     0.0011    -0.0003     7.1802     7.1811     34.678     35.427    1439.45    1439.45     1.5120     1.5783    18.0860    18.8800  0.000e+00
      21318     35.500     5.2386     5.2383    0.97887    0.97898          1     1.2739     1.2252      94.39      0.518     0.3861     0.1926  1.000e-12  0.4250000     9.0945     9.0957     0.0012    -0.0003     7.1804     7.1814     35.174     35.932    1439.46    1439.46     1.5102     1.5738    18.0650    18.8260  0.000e+00
      21334     36.000     5.2394     5.2386    0.97913    0.97908          1     1.2723     1.2233      94.38      0.680     0.3765     0.2033  1.000e-12  0.4465000     9.0969     9.0965    -0.0004    -0.0008     7.1822     7.1819     35.669     36.438    1439.47    1439.47     1.5060     1.5667    18.0160    18.7410  0.000e+00
      21379     36.500     5.2399     5.2401    0.97939    0.97962          1     1.2674     1.2177      94.39      0.500     0.3803     0.2243  1.000e-12  0.4076000     9.0992     9.1014     0.0023     0.0002     7.1840     7.1858     36.164     36.944    1439.49    1439.49     1.4900     1.5500    17.8250    18.5420  0.000e+00
      21468     37.000     5.2425     5.2436    0.98031    0.98085          1     1.2552     1.2059      94.37      0.231     0.3879     0.2062  1.000e-12  0.3736000     9.1076     9.1127     0.0051     0.0011     7.1905     7.1945     36.660     37.449    1439.52    1439.53     1.4447     1.5082    17.2840    18.0450  0.000e+00
      21494     37.500     5.2445     5.2447    0.98108    0.98128          1     1.2510     1.2025      94.35      0.408     0.3878     0.2099  1.000e-12  0.3738000     9.1147     9.1167     0.0020     0.0001     7.1960     7.1976     37.155     37.955    1439.54    1439.54     1.4437     1.5044    17.2750    18.0010  0.000e+00
      21523     38.000     5.2451     5.2450    0.98132    0.98141          1     1.2489     1.1996      94.36      0.433     0.3804     0.2596  1.000e-12  0.3824000     9.1168     9.1178     0.0009    -0.0002     7.1977     7.1984     37.650     38.461    1439.55    1439.55     1.4453     1.5016    17.2940    17.9670  0.000e+00
      21613     38.500     5.2459     5.2465    0.98174    0.98196          1     1.2399     1.1917      94.36      0.140     0.3887     0.2163  1.000e-12  0.4087000     9.1208     9.1228     0.0020     0.0005     7.2008     7.2023     38.146     38.966    1439.57    1439.57     1.4117     1.4728    16.8920    17.6240  0.000e+00
      21656     39.000     5.2476     5.2476    0.98232    0.98247          1     1.2345     1.1869      94.40      0.321     0.3981     0.2296  1.000e-12  0.3864000     9.1261     9.1275     0.0015    -0.0001     7.2049     7.2060     38.641     39.472    1439.59    1439.59     1.3954     1.4572    16.6990    17.4390  0.000e+00
      21692     39.500     5.2485     5.2490    0.98272    0.98304          1     1.2301     1.1829      94.39      0.351     0.3824     0.2422  1.000e-12  0.3861000     9.1297     9.1328     0.0031     0.0005     7.2077     7.2101     39.136     39.977    1439.61    1439.62     1.3860     1.4480    16.5870    17.3300  0.000e+00
      21751     40.000     5.2495     5.2494    0.98321    0.98331          1     1.2241     1.1771      94.40      0.205     0.3922     0.2537  1.000e-12  0.3946000     9.1343     9.1353     0.0010    -0.0000     7.2113     7.2121     39.632     40.483    1439.63    1439.63     1.3646     1.4246    16.3320    17.0500  0.000e+00
      21813     40.500     5.2504     5.2509    0.98364    0.98402          1     1.2132     1.1677      94.48      0.198     0.3899     0.2019  1.000e-12  0.3581000     9.1382     9.1419     0.0037     0.0005     7.2143     7.2172     40.127     40.989    1439.64    1439.65     1.3086     1.3623    15.6620    16.3050  0.000e+00
      21840     41.000     5.2524     5.2530    0.98457    0.98516          1     1.2064     1.1615      94.50      0.382     0.3908     0.1831  1.000e-12  0.3850000     9.1469     9.1527     0.0058     0.0006     7.2211     7.2257     40.623     41.494    1439.67    1439.68     1.3250     1.3647    15.8610    16.3370  0.000e+00
      21908     41.500     5.2551     5.2587    0.98615    0.98799          1     1.1925     1.1422      94.51      0.224     0.3903     0.1621  1.000e-12  0.3791000     9.1619     9.1794     0.0175     0.0035     7.2328     7.2465     41.118     42.000    1439.71    1439.75     1.2463     1.2636    14.9210    15.1310  0.000e+00
      21967     42.000     5.2607     5.2644    0.98872    0.99084          1     1.1674     1.1198      94.88      0.290     0.4015     0.1432  1.000e-12  0.3739000     9.1860     9.2063     0.0203     0.0037     7.2516     7.2674     41.613     42.506    1439.77    1439.82     1.1545     1.1937    13.8260    14.2980  0.000e+00
      21986     42.500     5.2675     5.2672    0.99193    0.99206          1     1.1612     1.1157      94.83      0.537     0.3983     0.1852  1.000e-12  0.4002000     9.2163     9.2176     0.0013    -0.0003     7.2752     7.2762     42.108     43.011    1439.85    1439.85     1.1752     1.2300    14.0800    14.7360  0.000e+00
      22046     43.000     5.2654     5.2645    0.99104    0.99085          1     1.1566     1.1120      94.60      0.436     0.3963     0.2457  1.000e-12  0.3991000     9.2078     9.2061    -0.0017    -0.0009     7.2686     7.2673     42.604     43.517    1439.84    1439.83     1.1805     1.2275    14.1410    14.7040  0.000e+00
      22122     43.500     5.2635     5.2660    0.99014    0.99156          1     1.1484     1.1039      94.28      0.403     0.4055     0.2475  1.000e-12  0.3646000     9.1993     9.2128     0.0135     0.0025     7.2619     7.2725     43.099     44.022    1439.83    1439.85     1.1269     1.1611    13.4970    13.9090  0.000e+00
      22137     44.000     5.2688     5.2696    0.99257    0.99313          1     1.1447     1.1005      94.23      0.638     0.3910     0.2329  1.000e-12  0.3861000     9.2221     9.2274     0.0053     0.0008     7.2797     7.2839     43.595     44.528    1439.89    1439.90     1.1414     1.1794    13.6750    14.1320  0.000e+00
      22181     44.500     5.2694     5.2696    0.99283    0.99317          1     1.1413     1.0965      94.25      0.565     0.3862     0.2206  1.000e-12  0.3996000     9.2245     9.2277     0.0033     0.0003     7.2815     7.2841     44.090     45.033    1439.90    1439.90     1.1498     1.1904    13.7770    14.2640  0.000e+00
      22272     45.000     5.2704     5.2714    0.99326    0.99397          1     1.1301     1.0865      94.29      0.372     0.3928     0.2189  1.000e-12  0.5264000     9.2284     9.2352     0.0068     0.0010     7.2846     7.2899     44.585     45.539    1439.92    1439.93     1.0887     1.1283    13.0450    13.5200  0.000e+00
      22294     45.500     5.2706     5.2717    0.99342    0.99408          1     1.1275     1.0832      94.31      0.543     0.4038     0.2172  1.000e-12  0.4165000     9.2298     9.2361     0.0064     0.0011     7.2857     7.2907     45.081     46.045    1439.93    1439.94     1.0983     1.1327    13.1610    13.5730  0.000e+00
      22378     46.000     5.2734     5.2759    0.99482    0.99603          1     1.1051     1.0638      94.34      0.170     0.4017     0.2262  1.000e-12  0.3781000     9.2429     9.2544     0.0114     0.0025     7.2960     7.3049     45.576     46.550    1439.96    1439.99     1.0017     1.0411    12.0050    12.4790  0.000e+00
      22422     46.500     5.2790     5.2794    0.99728    0.99759          1     1.0902     1.0525      94.45      0.310     0.3902     0.2196  1.000e-12  0.3642000     9.2660     9.2690     0.0030     0.0003     7.3139     7.3162     46.071     47.056    1440.03    1440.03     0.9674     1.0163    11.5970    12.1840  0.000e+00
      22454     47.000     5.2811     5.2808    0.99816    0.99821          1     1.0832     1.0468      94.53      0.388     0.3901     0.2234  1.000e-12  0.3798000     9.2741     9.2748     0.0006    -0.0003     7.3202     7.3207     46.567     47.561    1440.05    1440.05     0.9675     1.0205    11.6000    12.2340  0.000e+00
      22526     47.500     5.2811     5.2812    0.99821    0.99838          1     1.0764     1.0401      94.50      0.195     0.3910     0.2029  1.000e-12  0.3934000     9.2746     9.2763     0.0017     0.0001     7.3206     7.3219     47.062     48.067    1440.06    1440.06     0.9635     1.0179    11.5520    12.2040  0.000e+00
      22582     48.000     5.2818     5.2817    0.99847    0.99860          1     1.0730     1.0368      94.32      0.227     0.3904     0.2060  1.000e-12  0.3848000     9.2769     9.2782     0.0014    -0.0001     7.3223     7.3234     47.557     48.573    1440.07    1440.08     0.9589     1.0178    11.4970    12.2030  0.000e+00
      22656     48.500     5.2820     5.2817    0.99854    0.99861          1     1.0710     1.0350      94.61      0.237     0.3976     0.2038  1.000e-12  0.3797000     9.2775     9.2782     0.0008    -0.0003     7.3228     7.3234     48.053     49.078    1440.08    1440.08     0.9567     1.0134    11.4700    12.1510  0.000e+00
      24220     49.000     5.2826     5.2828    0.99883    0.99905          1     1.0620     1.0233      97.39      0.145     0.3972     0.2287  1.000e-12  0.4319000     9.2801     9.2822     0.0021     0.0002     7.3249     7.3265     48.548     49.584    1440.10    1440.10     0.9371     0.9884    11.2360    11.8510  0.000e+00
