ctdpy/tests/etc/exprapp_feb_2020/SBE09_1387_20200210_1312_77_10_0136.cnv
* Sea-Bird SBE 9 Data File:
* FileName = L:\2020\sv20d0136.hex
* Software Version Seasave V 7.26.7.121
* Temperature SN = 6378
* Conductivity SN = 4824
* Number of Bytes Per Scan = 41
* Number of Voltage Words = 4
* Number of Scans Averaged by the Deck Unit = 1
* NMEA Latitude = 57 18.74 N
* NMEA Longitude = 020 04.92 E
* NMEA UTC (Time) = Feb 10 2020  13:12:37
* NMEA baud rate = 4800
** Station:  BY15
** Operator:  SSip
** Ship: SVEA
** Average sound velocity: 1448.79 m/s
** True-depth calculation Mon, 10 Feb 2020 14:38:41 +0000
** CTD Python Module SMHI /ver 3-12/ feb 2012 
** LIMS Job: 20207710-0136
** Cruise: SMHI-03-2020
** Latitude [GG MM.mm N] :
** Longitude [GGG MM.mm E]:
# nquan = 30
# nvalues = 457                         
# units = specified
# name 0 = scan: Scan Count
# name 1 = prDM: Pressure, Digiquartz [db]
# name 2 = t090C: Temperature [ITS-90, deg C]
# name 3 = t190C: Temperature, 2 [ITS-90, deg C]
# name 4 = c0S/m: Conductivity [S/m]
# name 5 = c1S/m: Conductivity, 2 [S/m]
# name 6 = pumps: Pump Status
# name 7 = sbeox0V: Oxygen raw, SBE 43 [V]
# name 8 = sbeox1V: Oxygen raw, SBE 43, 2 [V]
# name 9 = altM: Altimeter [m]
# name 10 = dz/dtM: Descent Rate [m/s]
# name 11 = flECO-AFL: Chl-a Fluorescence, WET Labs ECO-AFL/FL [mg/m^3]
# name 12 = flECO-AFL1: Phycocyanin Fluorescence, WET Labs ECO-AFL/FL, 2 [mg/m^3]
# name 13 = par: PAR/Irradiance, Biospherical/Lico [µE/(cm^2*s)]
# name 14 = turbWETntu0: Turbidity, WET Labs ECO [NTU]
# name 15 = sal00: Salinity, Practical [PSU]
# name 16 = sal11: Salinity, Practical, 2 [PSU]
# name 17 = secS-priS: Salinity, Practical, Difference, 2 - 1 [PSU]
# name 18 = T2-T190C: Temperature Difference, 2 - 1 [ITS-90, deg C]
# name 19 = sigma-t00: Density [sigma-t, kg/m^3 ]
# name 20 = sigma-t11: Density, 2 [sigma-t, kg/m^3 ]
# name 21 = depSM: Depth [salt water, m], lat = 57.3123
# name 22 = depFM: Depth [true depth, m], lat = 57.3123
# name 23 = svCM: Sound Velocity [Chen-Millero, m/s]
# name 24 = svCM1: Sound Velocity, 2 [Chen-Millero, m/s]
# name 25 = sbeox0ML/L: Oxygen, SBE 43 [ml/l], WS = 2
# name 26 = sbeox1ML/L: Oxygen, SBE 43, 2 [ml/l], WS = 2
# name 27 = sbeox0PS: Oxygen, SBE 43 [% saturation], WS = 2
# name 28 = sbeox1PS: Oxygen, SBE 43, 2 [% saturation], WS = 2
# name 29 = flag: flag
# span 0 =       9638,      22182       
# span 1 =      5.000,    233.000       
# span 2 =     4.8448,     7.5371       
# span 3 =     4.8445,     7.5372       
# span 4 =   0.792367,   1.462878       
# span 5 =   0.792422,   1.462984       
# span 6 =          1,          1       
# span 7 =     0.7395,     3.5327       
# span 8 =     0.7228,     3.2923       
# span 9 =       2.76,      99.59       
# span 10 =     -0.116,      1.689      
# span 11 =     0.3364,     0.4761      
# span 12 =     0.1309,     0.3055      
# span 13 = -3.718e-04, 4.3996e+01      
# span 14 =     0.1052,     1.0501      
# span 15 =     7.3343,    13.1903      
# span 16 =     7.3350,    13.1915      
# span 17 =    -0.5315,     0.0481      
# span 18 =    -0.2704,     0.0816      
# span 19 =     5.8046,    10.2659      
# span 20 =     5.8052,    10.2669      
# span 21 =      4.954,    230.724      
# span 22 =      5.063,    235.304      
# span 23 =    1435.01,    1456.30      
# span 24 =    1435.01,    1456.30      
# span 25 =     0.0376,     7.9527      
# span 26 =     0.0188,     8.0819      
# span 27 =      0.485,     93.089      
# span 28 =      0.232,     94.600      
# span 29 = 0.0000e+00, 0.0000e+00      
# interval = decibars: 0.5              
# start_time = Feb 10 2020 13:12:38 [NMEA time, first data scan]
# bad_flag = -9.990e-29
*END*
[from data line 194]
      14826    102.000     7.2514     7.2510    1.31869    1.31902          1     0.8583     0.8373      94.60      0.659     0.3614     0.2315  1.000e-12  0.1290000    11.8140    11.8173     0.0033    -0.0004     9.1877     9.1904    101.036    103.187    1452.45    1452.46     0.3469     0.3917     4.4390     5.0130  0.000e+00
      14897    102.500     7.2082     7.2139    1.31085    1.31250          1     0.8595     0.8379      84.95      0.323     0.3669     0.2108  1.000e-12  0.1275000    11.7523    11.7665     0.0141     0.0057     9.1430     9.1536    101.531    103.692    1452.21    1452.25     0.3641     0.4112     4.6520     5.2560  0.000e+00
      14960    103.000     7.1884     7.1716    1.30884    1.30423          1     0.8645     0.8417      97.07      0.357     0.3588     0.2338  1.000e-12  0.1258000    11.7396    11.7005    -0.0391    -0.0168     9.1346     9.1054    102.026    104.196    1452.12    1452.00     0.3943     0.4474     5.0370     5.7110  0.000e+00
      14972    103.500     7.2174     7.2111    1.32017    1.31981          1     0.8672     0.8438      96.84      0.604     0.3703     0.2154  1.000e-12  0.1709000    11.8396    11.8383    -0.0013    -0.0063     9.2106     9.2101    102.521    104.701    1452.37    1452.34     0.3975     0.4489     5.0830     5.7400  0.000e+00
      14983    104.000     7.1731     7.1649    1.32021    1.32008          1     0.8688     0.8457      96.82      0.808     0.3715     0.2036  1.000e-12  0.1700000    11.8551    11.8566     0.0015    -0.0082     9.2265     9.2283    103.016    105.206    1452.21    1452.18     0.3968     0.4499     5.0700     5.7470  0.000e+00
      14993    104.500     7.0639     7.0568    1.31658    1.31656          1     0.8707     0.8468      96.83      0.975     0.3929     0.2062  1.000e-12  0.1349000    11.8571    11.8594     0.0022    -0.0071     9.2370     9.2393    103.511    105.710    1451.77    1451.75     0.3978     0.4496     5.0690     5.7280  0.000e+00
      15003    105.000     7.0521     7.0527    1.31756    1.31776          1     0.8714     0.8480      96.82      1.096     0.4007     0.2179  1.000e-12  0.1277000    11.8706    11.8723     0.0017     0.0005     9.2485     9.2498    104.006    106.215    1451.75    1451.75     0.3938     0.4449     5.0180     5.6680  0.000e+00
      15015    105.500     7.0768     7.0769    1.31971    1.31985          1     0.8721     0.8488      96.83      1.138     0.3891     0.2197  1.000e-12  0.1460000    11.8829    11.8843     0.0014     0.0000     9.2561     9.2572    104.502    106.720    1451.88    1451.88     0.3886     0.4323     4.9550     5.5120  0.000e+00
      15037    106.000     7.0975     7.0945    1.32115    1.32110          1     0.8717     0.8480      96.82      0.922     0.3786     0.2310  1.000e-12  0.1448000    11.8898    11.8903     0.0005    -0.0030     9.2599     9.2605    104.997    107.224    1451.98    1451.97     0.3789     0.4112     4.8330     5.2450  0.000e+00
      15155    106.500     7.1258     7.1244    1.31557    1.31591          1     0.8699     0.8464      96.83      0.237     0.3836     0.2395  1.000e-12  0.1339000    11.8256    11.8295     0.0038    -0.0015     9.2073     9.2104    105.492    107.729    1452.02    1452.02     0.3790     0.4272     4.8360     5.4500  0.000e+00
      15161    107.000     7.1171     7.1195    1.32023    1.31775          1     0.8703     0.8465      96.61      0.578     0.3766     0.1857  1.000e-12  0.1316000    11.8739    11.8490    -0.0249     0.0024     9.2458     9.2261    105.987    108.233    1452.06    1452.04     0.3775     0.4214     4.8180     5.3770  0.000e+00
      15170    107.500     7.1388     7.1409    1.32652    1.32110          1     0.8696     0.8465      18.11      0.832     0.3618     0.1919  1.000e-12  0.1211000    11.9276    11.8741    -0.0535     0.0021     9.2861     9.2440    106.482    108.738    1452.22    1452.16     0.3759     0.4214     4.8010     5.3800  0.000e+00
      15178    108.000     7.1682     7.1681    1.32953    1.32962          1     0.8696     0.8465      16.09      1.057     0.3580     0.1749  1.000e-12  0.1221000    11.9466    11.9475     0.0010    -0.0001     9.2986     9.2993    106.977    109.243    1452.37    1452.37     0.3757     0.4241     4.8020     5.4220  0.000e+00
      15187    108.500     7.1859     7.1858    1.33205    1.33221          1     0.8695     0.8466      91.59      1.234     0.3672     0.1544  1.000e-12  0.1290000    11.9650    11.9665     0.0015    -0.0001     9.3116     9.3128    107.472    109.747    1452.47    1452.48     0.3765     0.4253     4.8160     5.4390  0.000e+00
      15197    109.000     7.2049     7.2038    1.33520    1.33528          1     0.8697     0.8474      96.72      1.338     0.3820     0.1613  1.000e-12  0.1399000    11.9889    11.9901     0.0012    -0.0011     9.3287     9.3297    107.968    110.252    1452.59    1452.59     0.3778     0.4284     4.8350     5.4830  0.000e+00
      15230    109.500     7.2190     7.2168    1.33540    1.33535          1     0.8692     0.8472      96.80      1.042     0.3775     0.1796  1.000e-12  0.1325000    11.9859    11.9861     0.0003    -0.0022     9.3252     9.3256    108.463    110.756    1452.66    1452.65     0.3748     0.4225     4.7980     5.4090  0.000e+00
      15323    110.000     7.1832     7.1783    1.32852    1.32774          1     0.8667     0.8451      96.80      0.391     0.3826     0.2155  1.000e-12  0.1221000    11.9312    11.9254    -0.0059    -0.0049     9.2853     9.2811    108.958    111.261    1452.45    1452.42     0.3586     0.3969     4.5840     5.0740  0.000e+00
      15332    110.500     7.2293     7.2207    1.33646    1.33526          1     0.8659     0.8443      96.84      0.695     0.3812     0.2106  1.000e-12  0.1221000    11.9924    11.9838    -0.0086    -0.0086     9.3294     9.3234    109.453    111.765    1452.72    1452.68     0.3555     0.3964     4.5530     5.0750  0.000e+00
      15343    111.000     7.2634     7.2486    1.34296    1.33963          1     0.8647     0.8435      96.81      0.909     0.3714     0.1882  1.000e-12  0.1227000    12.0437    12.0164    -0.0272    -0.0148     9.3668     9.3467    109.948    112.270    1452.93    1452.84     0.3556     0.3972     4.5590     5.0900  0.000e+00
      15354    111.500     7.2658     7.2632    1.34518    1.34500          1     0.8641     0.8432      96.83      1.046     0.3712     0.1877  1.000e-12  0.1218000    12.0643    12.0635    -0.0009    -0.0026     9.3828     9.3823    110.443    112.774    1452.98    1452.96     0.3586     0.4023     4.5980     5.1580  0.000e+00
      15368    112.000     7.2383     7.2379    1.34499    1.34512          1     0.8643     0.8428      96.82      1.055     0.3709     0.2159  1.000e-12  0.1379000    12.0719    12.0734     0.0015    -0.0004     9.3910     9.3922    110.938    113.279    1452.88    1452.88     0.3646     0.4110     4.6730     5.2670  0.000e+00
      15426    112.500     7.2294     7.2202    1.34236    1.33990          1     0.8618     0.8420      96.81      0.434     0.3637     0.2169  1.000e-12  0.1409000    12.0494    12.0286    -0.0208    -0.0092     9.3741     9.3585    111.433    113.784    1452.82    1452.76     0.3386     0.3845     4.3380     4.9240  0.000e+00
      15489    113.000     7.2284     7.2265    1.33969    1.33929          1     0.8525     0.8349      96.82      0.226     0.3705     0.2180  1.000e-12  0.1207000    12.0236    12.0205    -0.0032    -0.0020     9.3540     9.3517    111.929    114.288    1452.80    1452.79     0.2928     0.3249     3.7500     4.1620  0.000e+00
      15501    113.500     7.2386     7.2280    1.34383    1.34088          1     0.8492     0.8314      96.53      0.510     0.3833     0.2360  1.000e-12  0.1212000    12.0603    12.0353    -0.0250    -0.0106     9.3819     9.3632    112.424    114.793    1452.89    1452.82     0.2940     0.3268     3.7680     4.1860  0.000e+00
      15513    114.000     7.2389     7.2368    1.35049    1.35032          1     0.8467     0.8293      95.72      0.738     0.3725     0.2359  1.000e-12  0.1400000    12.1248    12.1239    -0.0009    -0.0020     9.4324     9.4319    112.919    115.297    1452.98    1452.97     0.2941     0.3321     3.7710     4.2580  0.000e+00
      15524    114.500     7.2405     7.2413    1.35164    1.35181          1     0.8454     0.8277      94.81      0.921     0.3713     0.2227  1.000e-12  0.1466000    12.1353    12.1367     0.0014     0.0008     9.4405     9.4415    113.414    115.802    1453.01    1453.01     0.2957     0.3338     3.7910     4.2800  0.000e+00
      15535    115.000     7.2944     7.2968    1.35543    1.35562          1     0.8439     0.8265      96.08      1.047     0.3637     0.2205  1.000e-12  0.1457000    12.1531    12.1542     0.0011     0.0024     9.4500     9.4506    113.909    116.306    1453.26    1453.27     0.2964     0.3358     3.8060     4.3120  0.000e+00
      15548    115.500     7.3234     7.3253    1.35694    1.35715          1     0.8431     0.8251      96.80      1.073     0.3589     0.2283  1.000e-12  0.1461000    12.1575    12.1589     0.0014     0.0019     9.4509     9.4519    114.404    116.811    1453.39    1453.40     0.2993     0.3436     3.8460     4.4150  0.000e+00
      15567    116.000     7.3296     7.3273    1.35732    1.35711          1     0.8426     0.8252      61.23      0.881     0.3690     0.2275  1.000e-12  0.1413000    12.1590    12.1578    -0.0012    -0.0023     9.4516     9.4508    114.899    117.315    1453.43    1453.42     0.3044     0.3636     3.9110     4.6720  0.000e+00
      15656    116.500     7.2757     7.2441    1.35002    1.34431          1     0.8443     0.8283      96.08      0.146     0.3713     0.2043  1.000e-12  0.1485000    12.1069    12.0624    -0.0445    -0.0316     9.4153     9.3831    115.394    117.820    1453.15    1452.97     0.3024     0.3444     3.8800     4.4140  0.000e+00
      15688    117.000     7.2679     7.2547    1.34838    1.34597          1     0.8412     0.8245      96.82      0.336     0.3708     0.1554  1.000e-12  0.1362000    12.0936    12.0747    -0.0189    -0.0132     9.4055     9.3918    115.889    118.324    1453.11    1453.03     0.2857     0.3182     3.6650     4.0790  0.000e+00
      15708    117.500     7.2753     7.2892    1.34970    1.35240          1     0.8391     0.8213      96.82      0.521     0.3702     0.2187  1.000e-12  0.1308000    12.1037    12.1251     0.0214     0.0139     9.4128     9.4284    116.385    118.829    1453.16    1453.25     0.2772     0.3078     3.5560     3.9500  0.000e+00
      15727    118.000     7.3083     7.3085    1.35965    1.35995          1     0.8356     0.8180      96.82      0.626     0.3679     0.2136  1.000e-12  0.1391000    12.1887    12.1916     0.0028     0.0002     9.4767     9.4789    116.880    119.333    1453.41    1453.42     0.2570     0.2844     3.3020     3.6530  0.000e+00
      15749    118.500     7.3231     7.3278    1.36219    1.36304          1     0.8290     0.8116      96.82      0.588     0.3611     0.2031  1.000e-12  0.1581000    12.2081    12.2147     0.0066     0.0047     9.4906     9.4954    117.375    119.838    1453.50    1453.53     0.2320     0.2572     2.9820     3.3060  0.000e+00
      15776    119.000     7.3282     7.3201    1.36481    1.36485          1     0.8225     0.8056      96.83      0.476     0.3706     0.2430  1.000e-12  0.1534000    12.2316    12.2348     0.0033    -0.0081     9.5085     9.5118    117.870    120.342    1453.56    1453.53     0.2326     0.2693     2.9910     3.4620  0.000e+00
      15804    119.500     7.3268     7.3349    1.36670    1.36746          1     0.8207     0.8037      96.81      0.437     0.3671     0.2478  1.000e-12  0.1476000    12.2503    12.2549     0.0046     0.0080     9.5234     9.5262    118.365    120.847    1453.59    1453.63     0.2415     0.2792     3.1060     3.5910  0.000e+00
      15839    120.000     7.3630     7.3661    1.37003    1.37031          1     0.8158     0.7989      79.86      0.366     0.3756     0.2362  1.000e-12  0.1539000    12.2698    12.2715     0.0017     0.0031     9.5355     9.5365    118.860    121.351    1453.77    1453.78     0.1945     0.2237     2.5030     2.8800  0.000e+00
      15872    120.500     7.3699     7.3660    1.37152    1.37168          1     0.8008     0.7868      97.46      0.334     0.3603     0.1739  1.000e-12  0.1662000    12.2818    12.2847     0.0029    -0.0039     9.5443     9.5469    119.355    121.856    1453.82    1453.81     0.1286     0.1477     1.6550     1.9020  0.000e+00
      15895    121.000     7.3449     7.3423    1.37244    1.37253          1     0.7897     0.7767      45.15      0.440     0.3721     0.2309  1.000e-12  0.1835000    12.2994    12.3012     0.0018    -0.0026     9.5602     9.5619    119.850    122.360    1453.75    1453.74     0.1114     0.1293     1.4330     1.6640  0.000e+00
      15915    121.500     7.3053     7.3042    1.37200    1.37214          1     0.7825     0.7700      84.81      0.564     0.3704     0.2123  1.000e-12  0.2049000    12.3091    12.3108     0.0017    -0.0011     9.5712     9.5726    120.346    122.864    1453.60    1453.60     0.1078     0.1280     1.3860     1.6460  0.000e+00
      15937    122.000     7.3276     7.3307    1.37471    1.37502          1     0.7766     0.7637      93.87      0.578     0.3720     0.2120  1.000e-12  0.1982000    12.3274    12.3293     0.0019     0.0031     9.5837     9.5849    120.841    123.369    1453.73    1453.74     0.0961     0.1189     1.2360     1.5300  0.000e+00
      15967    122.500     7.3678     7.3730    1.37780    1.37828          1     0.7681     0.7559      41.54      0.442     0.3710     0.1825  1.000e-12  0.2007000    12.3431    12.3459     0.0028     0.0053     9.5925     9.5942    121.336    123.873    1453.92    1453.94     0.0774     0.1029     0.9970     1.3250  0.000e+00
      15994    123.000     7.4245     7.4255    1.38230    1.38258          1     0.7621     0.7499      98.62      0.408     0.3707     0.1665  1.000e-12  0.2568000    12.3664    12.3688     0.0024     0.0009     9.6059     9.6076    121.831    124.378    1454.19    1454.19     0.0731     0.0975     0.9420     1.2580  0.000e+00
      16015    123.500     7.4485     7.4513    1.38529    1.38574          1     0.7594     0.7464      96.78      0.502     0.3712     0.1801  1.000e-12  0.2674000    12.3868    12.3901     0.0034     0.0028     9.6197     9.6221    122.326    124.882    1454.32    1454.34     0.0799     0.1039     1.0310     1.3420  0.000e+00
      16038    124.000     7.4735     7.4724    1.38835    1.38856          1     0.7591     0.7447      81.30      0.553     0.3714     0.1989  1.000e-12  0.2630000    12.4074    12.4098     0.0024    -0.0011     9.6337     9.6357    122.821    125.387    1454.46    1454.45     0.0852     0.1093     1.1000     1.4120  0.000e+00
      16095    124.500     7.4579     7.4576    1.38739    1.38791          1     0.7544     0.7401      97.23      0.223     0.3659     0.2032  1.000e-12  0.2560000    12.4036    12.4087     0.0051    -0.0003     9.6321     9.6361    123.316    125.891    1454.39    1454.40     0.0644     0.0938     0.8310     1.2110  0.000e+00
      16135    125.000     7.4847     7.4833    1.39226    1.39252          1     0.7503     0.7368      96.80      0.262     0.3863     0.2620  1.000e-12  0.3496000    12.4411    12.4441     0.0030    -0.0014     9.6591     9.6616    123.811    126.395    1454.56    1454.56     0.0546     0.0905     0.7060     1.1690  0.000e+00
