ctdpy/tests/etc/exprapp_feb_2020/SBE09_1387_20200203_0935_77_10_0101.cnv
* Sea-Bird SBE 9 Data File:
* FileName = L:\2020\sv20d0101.hex
* Software Version Seasave V 7.26.7.121
* Temperature SN = 6378
* Conductivity SN = 4824
* Number of Bytes Per Scan = 41
* Number of Voltage Words = 4
* Number of Scans Averaged by the Deck Unit = 1
* NMEA Latitude = 57 39.46 N
* NMEA Longitude = 008 50.45 E
* NMEA UTC (Time) = Feb 03 2020  09:35:53
* NMEA baud rate = 4800
** Station:  31N Hanstholm
** Operator:  A-KTh
** Ship: SVEA
** Average sound velocity: 1479.54 m/s
** True-depth calculation Mon, 03 Feb 2020 10:25:09 +0000
** CTD Python Module SMHI /ver 3-12/ feb 2012 
** LIMS Job: 20207710-0101
** Cruise: SMHI-02-2020
** Latitude [GG MM.mm N] :
** Longitude [GGG MM.mm E]:
# nquan = 30
# nvalues = 178                         
# units = specified
# name 0 = scan: Scan Count
# name 1 = prDM: Pressure, Digiquartz [db]
# name 2 = t090C: Temperature [ITS-90, deg C]
# name 3 = t190C: Temperature, 2 [ITS-90, deg C]
# name 4 = c0S/m: Conductivity [S/m]
# name 5 = c1S/m: Conductivity, 2 [S/m]
# name 6 = pumps: Pump Status
# name 7 = sbeox0V: Oxygen raw, SBE 43 [V]
# name 8 = sbeox1V: Oxygen raw, SBE 43, 2 [V]
# name 9 = altM: Altimeter [m]
# name 10 = dz/dtM: Descent Rate [m/s]
# name 11 = flECO-AFL: Chl-a Fluorescence, WET Labs ECO-AFL/FL [mg/m^3]
# name 12 = flECO-AFL1: Phycocyanin Fluorescence, WET Labs ECO-AFL/FL, 2 [mg/m^3]
# name 13 = par: PAR/Irradiance, Biospherical/Lico [µE/(cm^2*s)]
# name 14 = turbWETntu0: Turbidity, WET Labs ECO [NTU]
# name 15 = sal00: Salinity, Practical [PSU]
# name 16 = sal11: Salinity, Practical, 2 [PSU]
# name 17 = secS-priS: Salinity, Practical, Difference, 2 - 1 [PSU]
# name 18 = T2-T190C: Temperature Difference, 2 - 1 [ITS-90, deg C]
# name 19 = sigma-t00: Density [sigma-t, kg/m^3 ]
# name 20 = sigma-t11: Density, 2 [sigma-t, kg/m^3 ]
# name 21 = depSM: Depth [salt water, m], lat = 57.6577
# name 22 = depFM: Depth [true depth, m], lat = 57.6577
# name 23 = svCM: Sound Velocity [Chen-Millero, m/s]
# name 24 = svCM1: Sound Velocity, 2 [Chen-Millero, m/s]
# name 25 = sbeox0ML/L: Oxygen, SBE 43 [ml/l], WS = 2
# name 26 = sbeox1ML/L: Oxygen, SBE 43, 2 [ml/l], WS = 2
# name 27 = sbeox0PS: Oxygen, SBE 43 [% saturation], WS = 2
# name 28 = sbeox1PS: Oxygen, SBE 43, 2 [% saturation], WS = 2
# name 29 = flag: flag
# span 0 =      23198,      30081       
# span 1 =      0.500,     90.000       
# span 2 =     6.5132,     7.2447       
# span 3 =     6.5130,     7.2447       
# span 4 =   3.340883,   3.531797       
# span 5 =   3.340753,   3.531635       
# span 6 =          1,          1       
# span 7 =     3.5175,     3.5701       
# span 8 =     3.2726,     3.3163       
# span 9 =       1.49,      89.33       
# span 10 =     -0.354,      0.595      
# span 11 =     0.4138,     0.7144      
# span 12 =     0.1630,     0.3285      
# span 13 = -3.811e-08, 4.0573e+02      
# span 14 =     0.2208,     2.0486      
# span 15 =    33.4098,    34.7515      
# span 16 =    33.4086,    34.7498      
# span 17 =    -0.0054,     0.2081      
# span 18 =    -0.0060,     0.1034      
# span 19 =    26.2307,    27.1906      
# span 20 =    26.2299,    27.1893      
# span 21 =      0.495,     89.149      
# span 22 =      0.496,     89.254      
# span 23 =    1474.79,    1483.88      
# span 24 =    1474.78,    1483.88      
# span 25 =     6.2513,     6.4888      
# span 26 =     6.3416,     6.5820      
# span 27 =     92.881,     94.227      
# span 28 =     94.218,     95.507      
# span 29 = 0.0000e+00, 0.0000e+00      
# interval = decibars: 0.5              
# start_time = Feb 03 2020 09:35:54 [NMEA time, first data scan]
# bad_flag = -9.990e-29
*END*
[from data line 49]
      24868     25.000     7.2291     7.2292    3.51956    3.51941          1     3.5437     3.2992      65.86      0.446     0.4179     0.2446  1.881e+00  0.8827000    34.6580    34.6564    -0.0016     0.0001    27.1173    27.1160     24.768     24.798    1479.52    1479.52     6.2664     6.3571    93.0990    94.4440  0.000e+00
      24894     25.500     7.2296     7.2290    3.51958    3.51947          1     3.5441     3.2992      65.49      0.446     0.4200     0.2517  1.715e+00  0.6667000    34.6576    34.6570    -0.0006    -0.0006    27.1169    27.1165     25.263     25.293    1479.53    1479.53     6.2697     6.3592    93.1480    94.4770  0.000e+00
      24918     26.000     7.2285     7.2281    3.51966    3.51953          1     3.5447     3.3000      64.99      0.484     0.4427     0.2586  1.590e+00  0.7871000    34.6593    34.6583    -0.0011    -0.0004    27.1185    27.1177     25.758     25.789    1479.54    1479.54     6.2673     6.3652    93.1120    94.5640  0.000e+00
      24940     26.500     7.2277     7.2272    3.51974    3.51961          1     3.5436     3.3004      64.55      0.523     0.4646     0.2795  1.482e+00  0.6859000    34.6607    34.6598    -0.0010    -0.0004    27.1197    27.1190     26.254     26.285    1479.55    1479.54     6.2633     6.3602    93.0510    94.4900  0.000e+00
      24963     27.000     7.2264     7.2262    3.51989    3.51975          1     3.5429     3.2998      63.96      0.533     0.4310     0.2963  1.385e+00  0.7088000    34.6634    34.6621    -0.0012    -0.0003    27.1219    27.1210     26.749     26.781    1479.55    1479.55     6.2629     6.3521    93.0440    94.3680  0.000e+00
      24987     27.500     7.2256     7.2251    3.52001    3.51990          1     3.5424     3.2988      63.44      0.519     0.4391     0.2253  1.273e+00  0.7111000    34.6652    34.6646    -0.0006    -0.0005    27.1235    27.1231     27.244     27.277    1479.56    1479.56     6.2631     6.3509    93.0470    94.3490  0.000e+00
      25013     28.000     7.2261     7.2258    3.51999    3.51986          1     3.5421     3.2980      62.85      0.480     0.4206     0.2376  1.170e+00  0.6606000    34.6643    34.6631    -0.0012    -0.0003    27.1227    27.1218     27.739     27.772    1479.57    1479.57     6.2649     6.3528    93.0740    94.3790  0.000e+00
      25039     28.500     7.2248     7.2246    3.52016    3.52003          1     3.5423     3.2980      62.40      0.448     0.4504     0.2343  1.069e+00  0.7241000    34.6672    34.6660    -0.0011    -0.0002    27.1251    27.1243     28.235     28.268    1479.58    1479.57     6.2683     6.3564    93.1230    94.4310  0.000e+00
      25064     29.000     7.2243     7.2240    3.52024    3.52013          1     3.5429     3.2978      61.94      0.469     0.4179     0.3022  9.844e-01  0.6680000    34.6684    34.6673    -0.0010    -0.0002    27.1262    27.1254     28.730     28.764    1479.58    1479.58     6.2704     6.3554    93.1540    94.4150  0.000e+00
      25088     29.500     7.2239     7.2233    3.52031    3.52021          1     3.5433     3.2979      61.59      0.503     0.4522     0.2638  8.997e-01  0.8168000    34.6693    34.6688    -0.0005    -0.0006    27.1270    27.1267     29.225     29.260    1479.59    1479.59     6.2680     6.3618    93.1180    94.5100  0.000e+00
      25112     30.000     7.2231     7.2229    3.52042    3.52030          1     3.5426     3.2989      61.01      0.503     0.4429     0.3170  8.329e-01  0.7858000    34.6710    34.6699    -0.0011    -0.0003    27.1284    27.1276     29.721     29.756    1479.60    1479.60     6.2644     6.3645    93.0640    94.5500  0.000e+00
      25138     30.500     7.2229     7.2227    3.52044    3.52034          1     3.5416     3.2988      60.50      0.474     0.4637     0.1943  7.705e-01  0.7314000    34.6712    34.6702    -0.0010    -0.0002    27.1286    27.1278     30.216     30.252    1479.61    1479.60     6.2620     6.3572    93.0270    94.4420  0.000e+00
      25162     31.000     7.2223     7.2223    3.52053    3.52039          1     3.5409     3.2982      60.04      0.476     0.4438     0.2261  7.056e-01  0.6999000    34.6725    34.6710    -0.0016     0.0000    27.1297    27.1285     30.711     30.747    1479.61    1479.61     6.2641     6.3517    93.0580    94.3590  0.000e+00
      25185     31.500     7.2225     7.2224    3.52055    3.52040          1     3.5410     3.2970      59.50      0.505     0.4412     0.2338  6.424e-01  0.8078000    34.6723    34.6708    -0.0016    -0.0000    27.1295    27.1283     31.207     31.243    1479.62    1479.62     6.2661     6.3500    93.0890    94.3340  0.000e+00
      25208     32.000     7.2220     7.2218    3.52062    3.52048          1     3.5411     3.2968      59.02      0.530     0.4422     0.2527  5.836e-01  0.8053000    34.6732    34.6721    -0.0012    -0.0003    27.1303    27.1294     31.702     31.739    1479.63    1479.63     6.2667     6.3565    93.0970    94.4310  0.000e+00
      25232     32.500     7.2215     7.2212    3.52070    3.52056          1     3.5411     3.2968      58.52      0.522     0.4397     0.2868  5.294e-01  0.8155000    34.6744    34.6732    -0.0013    -0.0002    27.1313    27.1304     32.197     32.235    1479.64    1479.64     6.2676     6.3549    93.1100    94.4060  0.000e+00
      25258     33.000     7.2213     7.2212    3.52073    3.52061          1     3.5413     3.2961      58.01      0.472     0.4429     0.2744  4.818e-01  0.7640000    34.6748    34.6736    -0.0012    -0.0001    27.1316    27.1307     32.693     32.731    1479.65    1479.64     6.2673     6.3466    93.1050    94.2830  0.000e+00
      25285     33.500     7.2213     7.2211    3.52076    3.52062          1     3.5409     3.2949      57.49      0.444     0.4630     0.2507  4.400e-01  0.8538000    34.6748    34.6735    -0.0013    -0.0002    27.1316    27.1306     33.188     33.226    1479.65    1479.65     6.2635     6.3487    93.0490    94.3140  0.000e+00
      25310     34.000     7.2213     7.2212    3.52081    3.52067          1     3.5394     3.2942      57.00      0.463     0.4649     0.2604  3.939e-01  1.1946000    34.6750    34.6737    -0.0014    -0.0001    27.1318    27.1308     33.683     33.722    1479.66    1479.66     6.2582     6.3464    92.9700    94.2800  0.000e+00
      25333     34.500     7.2215     7.2212    3.52086    3.52074          1     3.5389     3.2939      56.56      0.496     0.4663     0.2652  3.511e-01  1.0831000    34.6752    34.6742    -0.0010    -0.0003    27.1319    27.1312     34.178     34.218    1479.67    1479.67     6.2629     6.3548    93.0400    94.4040  0.000e+00
      25356     35.000     7.2214     7.2212    3.52087    3.52075          1     3.5388     3.2947      56.02      0.522     0.4668     0.2789  3.187e-01  0.8563000    34.6752    34.6740    -0.0012    -0.0002    27.1319    27.1310     34.674     34.714    1479.68    1479.68     6.2620     6.3568    93.0270    94.4340  0.000e+00
      25378     35.500     7.2215     7.2213    3.52089    3.52077          1     3.5385     3.2944      55.58      0.535     0.4662     0.2140  2.930e-01  1.2094000    34.6750    34.6739    -0.0011    -0.0002    27.1318    27.1309     35.169     35.210    1479.69    1479.69     6.2624     6.3514    93.0340    94.3540  0.000e+00
      25400     36.000     7.2215     7.2212    3.52090    3.52075          1     3.5382     3.2945      54.97      0.542     0.4643     0.3056  2.633e-01  1.1478000    34.6750    34.6735    -0.0015    -0.0002    27.1318    27.1306     35.664     35.706    1479.70    1479.69     6.2603     6.3595    93.0020    94.4750  0.000e+00
      25424     36.500     7.2216     7.2213    3.52094    3.52080          1     3.5374     3.2955      54.05      0.524     0.4586     0.2463  2.328e-01  0.8931000    34.6750    34.6738    -0.0013    -0.0003    27.1318    27.1308     36.160     36.201    1479.70    1479.70     6.2596     6.3620    92.9910    94.5120  0.000e+00
      25450     37.000     7.2217     7.2215    3.52097    3.52084          1     3.5374     3.2956      53.87      0.482     0.4602     0.2364  2.016e-01  0.8143000    34.6750    34.6738    -0.0012    -0.0002    27.1317    27.1308     36.655     36.697    1479.71    1479.71     6.2624     6.3559    93.0330    94.4220  0.000e+00
      25476     37.500     7.2218     7.2216    3.52100    3.52086          1     3.5373     3.2950      53.51      0.459     0.4658     0.2358  1.749e-01  0.8797000    34.6750    34.6736    -0.0014    -0.0002    27.1317    27.1307     37.150     37.193    1479.72    1479.72     6.2623     6.3506    93.0330    94.3420  0.000e+00
      25502     38.000     7.2218     7.2216    3.52103    3.52090          1     3.5378     3.2943      52.84      0.466     0.4713     0.2494  1.461e-01  0.9286000    34.6750    34.6738    -0.0012    -0.0001    27.1318    27.1308     37.645     37.689    1479.73    1479.73     6.2662     6.3535    93.0900    94.3860  0.000e+00
      25526     38.500     7.2217     7.2215    3.52105    3.52093          1     3.5378     3.2943      52.43      0.476     0.4784     0.2244  1.317e-01  1.0372000    34.6751    34.6739    -0.0013    -0.0001    27.1319    27.1309     38.141     38.185    1479.74    1479.74     6.2621     6.3558    93.0290    94.4200  0.000e+00
      25549     39.000     7.2218     7.2216    3.52109    3.52095          1     3.5371     3.2943      52.06      0.502     0.4578     0.2653  1.139e-01  1.0154000    34.6751    34.6738    -0.0013    -0.0003    27.1319    27.1309     38.636     38.680    1479.75    1479.74     6.2618     6.3561    93.0250    94.4240  0.000e+00
      25571     39.500     7.2218     7.2216    3.52112    3.52098          1     3.5373     3.2942      51.66      0.539     0.4424     0.2822  1.016e-01  0.9948000    34.6753    34.6739    -0.0014    -0.0002    27.1320    27.1309     39.131     39.176    1479.76    1479.75     6.2643     6.3561    93.0620    94.4240  0.000e+00
      25592     40.000     7.2220     7.2219    3.52114    3.52101          1     3.5372     3.2942      51.12      0.562     0.4472     0.2797  8.545e-02  1.0364000    34.6751    34.6738    -0.0013    -0.0001    27.1318    27.1307     39.627     39.672    1479.76    1479.76     6.2626     6.3581    93.0380    94.4540  0.000e+00
      25615     40.500     7.2220     7.2219    3.52118    3.52103          1     3.5367     3.2947      50.62      0.543     0.4711     0.3189  7.016e-02  1.1068000    34.6752    34.6737    -0.0014    -0.0001    27.1318    27.1307     40.122     40.168    1479.77    1479.77     6.2631     6.3621    93.0450    94.5140  0.000e+00
      25640     41.000     7.2219     7.2218    3.52119    3.52106          1     3.5371     3.2947      50.04      0.499     0.4850     0.2809  5.535e-02  1.8727000    34.6752    34.6738    -0.0013    -0.0001    27.1318    27.1308     40.617     40.664    1479.78    1479.78     6.2654     6.3553    93.0780    94.4140  0.000e+00
      25666     41.500     7.2219     7.2219    3.52122    3.52109          1     3.5371     3.2939      49.55      0.465     0.4624     0.2759  4.148e-02  1.0086000    34.6752    34.6738    -0.0014    -0.0000    27.1319    27.1308     41.112     41.160    1479.79    1479.79     6.2656     6.3492    93.0820    94.3230  0.000e+00
      25693     42.000     7.2220     7.2219    3.52125    3.52110          1     3.5373     3.2926      48.79      0.452     0.4543     0.2329  3.096e-02  0.8897000    34.6752    34.6737    -0.0014    -0.0002    27.1318    27.1307     41.608     41.655    1479.80    1479.79     6.2652     6.3460    93.0760    94.2760  0.000e+00
      25717     42.500     7.2220     7.2218    3.52128    3.52114          1     3.5369     3.2919      48.17      0.476     0.4638     0.2043  2.132e-02  0.8728000    34.6753    34.6740    -0.0013    -0.0002    27.1320    27.1309     42.103     42.151    1479.81    1479.80     6.2621     6.3510    93.0300    94.3500  0.000e+00
      25739     43.000     7.2220     7.2218    3.52130    3.52118          1     3.5358     3.2919      47.99      0.522     0.4646     0.2533  1.138e-02  1.0454000    34.6753    34.6742    -0.0011    -0.0002    27.1320    27.1311     42.598     42.647    1479.81    1479.81     6.2565     6.3527    92.9470    94.3750  0.000e+00
      25761     43.500     7.2218     7.2218    3.52130    3.52118          1     3.5345     3.2916      47.68      0.547     0.4545     0.2422  4.068e-03  0.9302000    34.6753    34.6740    -0.0013    -0.0000    27.1319    27.1309     43.094     43.143    1479.82    1479.82     6.2587     6.3465    92.9790    94.2830  0.000e+00
      25784     44.000     7.2219     7.2218    3.52133    3.52121          1     3.5350     3.2906      47.17      0.533     0.4547     0.2656  4.664e-04  1.1667000    34.6753    34.6740    -0.0012    -0.0001    27.1319    27.1309     43.589     43.639    1479.83    1479.83     6.2638     6.3471    93.0550    94.2910  0.000e+00
      25809     44.500     7.2221     7.2220    3.52137    3.52125          1     3.5349     3.2905      46.66      0.490     0.4531     0.2757  1.028e-05  0.8751000    34.6752    34.6740    -0.0013    -0.0001    27.1319    27.1309     44.084     44.134    1479.84    1479.84     6.2616     6.3517    93.0230    94.3610  0.000e+00
      25835     45.000     7.2221     7.2219    3.52140    3.52127          1     3.5347     3.2906      46.14      0.473     0.4542     0.2510 -3.811e-08  0.7934000    34.6753    34.6740    -0.0013    -0.0001    27.1319    27.1309     44.579     44.630    1479.85    1479.84     6.2622     6.3520    93.0320    94.3650  0.000e+00
      25859     45.500     7.2221     7.2219    3.52143    3.52130          1     3.5349     3.2904      45.68      0.486     0.4540     0.2150  1.000e-12  1.2749000    34.6754    34.6742    -0.0012    -0.0002    27.1320    27.1311     45.075     45.126    1479.86    1479.85     6.2663     6.3497    93.0920    94.3310  0.000e+00
      25883     46.000     7.2224     7.2223    3.52148    3.52136          1     3.5358     3.2901      45.16      0.501     0.4542     0.2279  1.000e-12  1.1071000    34.6753    34.6742    -0.0012    -0.0002    27.1319    27.1310     45.570     45.622    1479.87    1479.86     6.2665     6.3498    93.0960    94.3320  0.000e+00
      25906     46.500     7.2226     7.2224    3.52152    3.52139          1     3.5352     3.2901      44.68      0.508     0.4425     0.2885  1.000e-12  0.8945000    34.6754    34.6741    -0.0013    -0.0002    27.1319    27.1309     46.065     46.118    1479.87    1479.87     6.2606     6.3504    93.0090    94.3420  0.000e+00
      25931     47.000     7.2228     7.2227    3.52156    3.52143          1     3.5342     3.2898      44.16      0.500     0.4531     0.2629  1.000e-12  0.9332000    34.6754    34.6740    -0.0013    -0.0001    27.1319    27.1309     46.560     46.613    1479.88    1479.88     6.2586     6.3493    92.9800    94.3260  0.000e+00
      25955     47.500     7.2229     7.2228    3.52159    3.52144          1     3.5332     3.2894      43.75      0.492     0.4745     0.2706  1.000e-12  0.7664000    34.6753    34.6738    -0.0015    -0.0001    27.1318    27.1306     47.056     47.109    1479.89    1479.89     6.2583     6.3500    92.9760    94.3370  0.000e+00
      25979     48.000     7.2233     7.2231    3.52163    3.52150          1     3.5334     3.2897      43.20      0.494     0.4564     0.2959  1.000e-12  0.8866000    34.6751    34.6739    -0.0012    -0.0002    27.1316    27.1307     47.551     47.605    1479.90    1479.90     6.2638     6.3558    93.0580    94.4230  0.000e+00
