ctdpy/tests/etc/exprapp_feb_2020/SBE09_1387_20200203_1439_77_10_0102.cnv
* Sea-Bird SBE 9 Data File:
* FileName = L:\2020\sv20d0102.hex
* Software Version Seasave V 7.26.7.121
* Temperature SN = 6378
* Conductivity SN = 4824
* Number of Bytes Per Scan = 41
* Number of Voltage Words = 4
* Number of Scans Averaged by the Deck Unit = 1
* NMEA Latitude = 57 27.20 N
* NMEA Longitude = 008 31.79 E
* NMEA UTC (Time) = Feb 03 2020  14:39:56
* NMEA baud rate = 4800
** Station:  20N Hanstholm
** Operator:  A-KTh
** Ship: SVEA
** Average sound velocity: 1480.52 m/s
** True-depth calculation Tue, 04 Feb 2020 10:01:55 +0000
** CTD Python Module SMHI /ver 3-12/ feb 2012 
** LIMS Job: 20207710-0102
** Cruise: SMHI-02-2020
** Latitude [GG MM.mm N] :
** Longitude [GGG MM.mm E]:
# nquan = 30
# nvalues = 110                         
# units = specified
# name 0 = scan: Scan Count
# name 1 = prDM: Pressure, Digiquartz [db]
# name 2 = t090C: Temperature [ITS-90, deg C]
# name 3 = t190C: Temperature, 2 [ITS-90, deg C]
# name 4 = c0S/m: Conductivity [S/m]
# name 5 = c1S/m: Conductivity, 2 [S/m]
# name 6 = pumps: Pump Status
# name 7 = sbeox0V: Oxygen raw, SBE 43 [V]
# name 8 = sbeox1V: Oxygen raw, SBE 43, 2 [V]
# name 9 = altM: Altimeter [m]
# name 10 = dz/dtM: Descent Rate [m/s]
# name 11 = flECO-AFL: Chl-a Fluorescence, WET Labs ECO-AFL/FL [mg/m^3]
# name 12 = flECO-AFL1: Phycocyanin Fluorescence, WET Labs ECO-AFL/FL, 2 [mg/m^3]
# name 13 = par: PAR/Irradiance, Biospherical/Lico [µE/(cm^2*s)]
# name 14 = turbWETntu0: Turbidity, WET Labs ECO [NTU]
# name 15 = sal00: Salinity, Practical [PSU]
# name 16 = sal11: Salinity, Practical, 2 [PSU]
# name 17 = secS-priS: Salinity, Practical, Difference, 2 - 1 [PSU]
# name 18 = T2-T190C: Temperature Difference, 2 - 1 [ITS-90, deg C]
# name 19 = sigma-t00: Density [sigma-t, kg/m^3 ]
# name 20 = sigma-t11: Density, 2 [sigma-t, kg/m^3 ]
# name 21 = depSM: Depth [salt water, m], lat = 57.4533
# name 22 = depFM: Depth [true depth, m], lat = 57.4533
# name 23 = svCM: Sound Velocity [Chen-Millero, m/s]
# name 24 = svCM1: Sound Velocity, 2 [Chen-Millero, m/s]
# name 25 = sbeox0ML/L: Oxygen, SBE 43 [ml/l], WS = 2
# name 26 = sbeox1ML/L: Oxygen, SBE 43, 2 [ml/l], WS = 2
# name 27 = sbeox0PS: Oxygen, SBE 43 [% saturation], WS = 2
# name 28 = sbeox1PS: Oxygen, SBE 43, 2 [% saturation], WS = 2
# name 29 = flag: flag
# span 0 =      25967,      30490       
# span 1 =      1.000,     55.500       
# span 2 =     7.5192,     7.5362       
# span 3 =     7.5191,     7.5361       
# span 4 =   3.521409,   3.533496       
# span 5 =   3.529190,   3.533349       
# span 6 =          1,          1       
# span 7 =     3.5293,     3.5526       
# span 8 =     3.2870,     3.3104       
# span 9 =       1.43,      55.31       
# span 10 =     -0.545,      0.671      
# span 11 =     0.4253,     0.4843      
# span 12 =     0.1805,     0.3195      
# span 13 = 1.0000e-12, 3.9035e+01      
# span 14 =     0.9075,     2.0590      
# span 15 =    34.3910,    34.5213      
# span 16 =    34.4764,    34.4939      
# span 17 =    -0.0435,     0.0861      
# span 18 =    -0.0023,     0.0018      
# span 19 =    26.8646,    26.9669      
# span 20 =    26.9315,    26.9466      
# span 21 =      0.991,     54.981      
# span 22 =      0.992,     55.046      
# span 23 =    1479.95,    1480.95      
# span 24 =    1480.06,    1480.95      
# span 25 =     6.2122,     6.2328      
# span 26 =     6.3010,     6.3313      
# span 27 =     92.810,     93.124      
# span 28 =     94.165,     94.593      
# span 29 = 0.0000e+00, 0.0000e+00      
# interval = decibars: 0.5              
# start_time = Feb 03 2020 14:39:57 [NMEA time, first data scan]
# bad_flag = -9.990e-29
*END*
[from data line 49]
      27384     25.500     7.5315     7.5311    3.53174    3.53158          1     3.5413     3.3017      31.27      0.534     0.4519     0.2604  8.076e-02  1.2774000    34.4885    34.4872    -0.0014    -0.0004    26.9408    26.9398     25.263     25.291    1480.48    1480.48     6.2169     6.3236    92.8980    94.4900  0.000e+00
      27416     26.000     7.5315     7.5311    3.53177    3.53160          1     3.5411     3.3021      30.71      0.375     0.4477     0.2754  6.523e-02  1.2718000    34.4886    34.4871    -0.0015    -0.0004    26.9409    26.9398     25.759     25.787    1480.49    1480.48     6.2243     6.3236    93.0090    94.4910  0.000e+00
      27439     26.500     7.5315     7.5312    3.53179    3.53165          1     3.5419     3.3017      30.54      0.434     0.4451     0.2614  5.408e-02  1.1975000    34.4886    34.4874    -0.0012    -0.0003    26.9409    26.9400     26.254     26.283    1480.50    1480.49     6.2231     6.3146    92.9890    94.3560  0.000e+00
      27458     27.000     7.5314     7.5312    3.53180    3.53167          1     3.5415     3.3006      30.26      0.557     0.4541     0.2446  4.132e-02  1.2942000    34.4885    34.4873    -0.0013    -0.0002    26.9409    26.9399     26.749     26.779    1480.50    1480.50     6.2199     6.3100    92.9410    94.2880  0.000e+00
      27480     27.500     7.5314     7.5312    3.53179    3.53166          1     3.5412     3.2994      29.70      0.608     0.4615     0.2502  2.475e-02  1.4581000    34.4882    34.4870    -0.0012    -0.0002    26.9406    26.9397     27.245     27.275    1480.51    1480.51     6.2220     6.3122    92.9720    94.3200  0.000e+00
      27512     28.000     7.5319     7.5320    3.53190    3.53180          1     3.5411     3.2994      29.05      0.430     0.4588     0.2660  1.294e-02  1.2695000    34.4887    34.4875    -0.0012     0.0001    26.9409    26.9400     27.740     27.771    1480.52    1480.52     6.2226     6.3194    92.9830    94.4300  0.000e+00
      27545     28.500     7.5323     7.5320    3.53197    3.53186          1     3.5413     3.2992      28.03      0.325     0.4446     0.3054  2.550e-03  1.1586000    34.4888    34.4878    -0.0010    -0.0002    26.9409    26.9402     28.235     28.267    1480.53    1480.53     6.2229     6.3103    92.9890    94.2940  0.000e+00
      27565     29.000     7.5323     7.5321    3.53200    3.53189          1     3.5412     3.2978      27.93      0.468     0.4446     0.3133  8.043e-04  1.2668000    34.4889    34.4878    -0.0011    -0.0002    26.9410    26.9402     28.731     28.763    1480.54    1480.54     6.2233     6.3053    92.9950    94.2190  0.000e+00
      27583     29.500     7.5326     7.5324    3.53206    3.53193          1     3.5412     3.2971      27.66      0.607     0.4518     0.3005  2.351e-06  1.4718000    34.4890    34.4877    -0.0012    -0.0002    26.9410    26.9401     29.226     29.259    1480.55    1480.55     6.2233     6.3082    92.9950    94.2630  0.000e+00
      27603     30.000     7.5327     7.5324    3.53209    3.53194          1     3.5410     3.2969      27.23      0.638     0.4636     0.2381  8.319e-11  1.2428000    34.4889    34.4876    -0.0012    -0.0004    26.9409    26.9400     29.721     29.755    1480.56    1480.56     6.2212     6.3175    92.9650    94.4010  0.000e+00
      27630     30.500     7.5326     7.5326    3.53209    3.53198          1     3.5403     3.2979      26.63      0.514     0.4493     0.2364  1.000e-12  1.2895000    34.4887    34.4876    -0.0011    -0.0001    26.9408    26.9399     30.216     30.251    1480.57    1480.57     6.2194     6.3212    92.9370    94.4570  0.000e+00
      27658     31.000     7.5331     7.5330    3.53216    3.53205          1     3.5395     3.2984      26.22      0.424     0.4415     0.2415  1.000e-12  1.4486000    34.4888    34.4878    -0.0011    -0.0001    26.9409    26.9400     30.712     30.746    1480.58    1480.58     6.2193     6.3227    92.9370    94.4800  0.000e+00
      27683     31.500     7.5333     7.5331    3.53221    3.53205          1     3.5398     3.2990      25.69      0.457     0.4535     0.2392  1.000e-12  1.3204000    34.4888    34.4874    -0.0014    -0.0003    26.9408    26.9397     31.207     31.242    1480.59    1480.58     6.2253     6.3227    93.0270    94.4810  0.000e+00
      27707     32.000     7.5336     7.5331    3.53227    3.53208          1     3.5404     3.2991      25.17      0.496     0.4638     0.3038  1.000e-12  1.2953000    34.4889    34.4875    -0.0015    -0.0006    26.9409    26.9398     31.702     31.738    1480.60    1480.59     6.2242     6.3200    93.0120    94.4410  0.000e+00
      27731     32.500     7.5327     7.5325    3.53214    3.53201          1     3.5399     3.2987      24.68      0.502     0.4653     0.2989  1.000e-12  1.5326000    34.4882    34.4870    -0.0012    -0.0002    26.9404    26.9395     32.198     32.234    1480.60    1480.60     6.2174     6.3154    92.9070    94.3700  0.000e+00
      27755     33.000     7.5326     7.5324    3.53213    3.53202          1     3.5382     3.2981      24.18      0.499     0.4590     0.2320  1.000e-12  1.1958000    34.4880    34.4869    -0.0011    -0.0001    26.9403    26.9394     32.693     32.730    1480.61    1480.60     6.2165     6.3166    92.8930    94.3880  0.000e+00
      27781     33.500     7.5329     7.5328    3.53221    3.53210          1     3.5385     3.2979      23.79      0.482     0.4336     0.2406  1.000e-12  1.1403000    34.4883    34.4872    -0.0011    -0.0001    26.9404    26.9396     33.188     33.226    1480.62    1480.61     6.2224     6.3181    92.9820    94.4120  0.000e+00
      27809     34.000     7.5329     7.5328    3.53225    3.53213          1     3.5389     3.2979      23.20      0.429     0.4526     0.3195  1.000e-12  1.1758000    34.4885    34.4872    -0.0012    -0.0001    26.9406    26.9396     33.684     33.722    1480.63    1480.62     6.2241     6.3178    93.0080    94.4060  0.000e+00
      27835     34.500     7.5332     7.5330    3.53228    3.53220          1     3.5393     3.2972      22.74      0.426     0.4511     0.2627  1.000e-12  1.4926000    34.4884    34.4876    -0.0008    -0.0001    26.9405    26.9398     34.179     34.218    1480.63    1480.63     6.2219     6.3093    92.9750    94.2810  0.000e+00
      27855     35.000     7.5334     7.5330    3.53237    3.53224          1     3.5386     3.2962      22.30      0.519     0.4534     0.2919  1.000e-12  1.9248000    34.4888    34.4878    -0.0011    -0.0004    26.9408    26.9400     34.674     34.714    1480.64    1480.64     6.2180     6.3086    92.9180    94.2700  0.000e+00
      27873     35.500     7.5333     7.5330    3.53234    3.53222          1     3.5378     3.2957      21.81      0.622     0.4744     0.3062  1.000e-12  1.2263000    34.4884    34.4874    -0.0010    -0.0003    26.9405    26.9397     35.170     35.210    1480.65    1480.65     6.2163     6.3140    92.8920    94.3500  0.000e+00
      27894     36.000     7.5336     7.5333    3.53239    3.53226          1     3.5373     3.2959      21.28      0.640     0.4658     0.3067  1.000e-12  1.3349000    34.4883    34.4872    -0.0011    -0.0003    26.9403    26.9395     35.665     35.706    1480.66    1480.66     6.2179     6.3168    92.9170    94.3940  0.000e+00
      27923     36.500     7.5335     7.5333    3.53236    3.53227          1     3.5370     3.2957      20.66      0.468     0.4436     0.2746  1.000e-12  1.2677000    34.4879    34.4870    -0.0009    -0.0002    26.9400    26.9394     36.160     36.201    1480.67    1480.67     6.2198     6.3133    92.9450    94.3400  0.000e+00
      27954     37.000     7.5335     7.5333    3.53251    3.53237          1     3.5370     3.2953      20.20      0.366     0.4299     0.2960  1.000e-12  1.2647000    34.4892    34.4879    -0.0013    -0.0002    26.9411    26.9401     36.656     36.697    1480.68    1480.68     6.2216     6.3128    92.9730    94.3330  0.000e+00
      27977     37.500     7.5338     7.5337    3.53261    3.53253          1     3.5376     3.2946      19.72      0.458     0.4484     0.2678  1.000e-12  1.1192000    34.4897    34.4890    -0.0007    -0.0002    26.9414    26.9409     37.151     37.193    1480.69    1480.69     6.2210     6.3078    92.9630    94.2610  0.000e+00
      27997     38.000     7.5340     7.5337    3.53269    3.53257          1     3.5367     3.2942      19.25      0.556     0.4508     0.2191  1.000e-12  1.2833000    34.4902    34.4892    -0.0011    -0.0003    26.9418    26.9410     37.646     37.689    1480.70    1480.69     6.2140     6.3125    92.8600    94.3310  0.000e+00
      28019     38.500     7.5343     7.5339    3.53277    3.53259          1     3.5356     3.2942      18.48      0.577     0.4612     0.1921  1.000e-12  1.3874000    34.4906    34.4890    -0.0016    -0.0004    26.9420    26.9408     38.141     38.185    1480.71    1480.70     6.2157     6.3097    92.8860    94.2890  0.000e+00
      28042     39.000     7.5343     7.5341    3.53281    3.53269          1     3.5356     3.2935      18.16      0.543     0.4636     0.1919  1.000e-12  1.3563000    34.4906    34.4897    -0.0010    -0.0002    26.9421    26.9413     38.637     38.681    1480.72    1480.71     6.2190     6.3141    92.9370    94.3560  0.000e+00
      28068     39.500     7.5342     7.5341    3.53284    3.53274          1     3.5359     3.2943      17.73      0.478     0.4548     0.2572  1.000e-12  1.3120000    34.4909    34.4899    -0.0010    -0.0001    26.9423    26.9415     39.132     39.177    1480.72    1480.72     6.2198     6.3171    92.9480    94.4010  0.000e+00
      28096     40.000     7.5347     7.5346    3.53286    3.53275          1     3.5355     3.2943      17.20      0.429     0.4404     0.2641  1.000e-12  1.7525000    34.4904    34.4893    -0.0011    -0.0001    26.9418    26.9410     39.627     39.673    1480.73    1480.73     6.2169     6.3145    92.9050    94.3630  0.000e+00
      28120     40.500     7.5351     7.5349    3.53290    3.53280          1     3.5352     3.2941      16.73      0.459     0.4505     0.2375  1.000e-12  1.5844000    34.4903    34.4893    -0.0010    -0.0002    26.9417    26.9409     40.123     40.169    1480.74    1480.74     6.2173     6.3130    92.9120    94.3410  0.000e+00
      28141     41.000     7.5338     7.5338    3.53291    3.53280          1     3.5348     3.2938      16.30      0.533     0.4517     0.2351  1.000e-12  1.4813000    34.4913    34.4901    -0.0012    -0.0001    26.9427    26.9417     40.618     40.665    1480.75    1480.74     6.2149     6.3097    92.8740    94.2900  0.000e+00
      28164     41.500     7.5346     7.5342    3.53302    3.53287          1     3.5341     3.2930      15.77      0.555     0.4566     0.2545  1.000e-12  1.4833000    34.4915    34.4903    -0.0012    -0.0004    26.9427    26.9418     41.113     41.161    1480.76    1480.75     6.2168     6.3102    92.9030    94.2980  0.000e+00
      28191     42.000     7.5359     7.5357    3.53317    3.53307          1     3.5343     3.2927      15.29      0.474     0.4544     0.2521  1.000e-12  1.4255000    34.4916    34.4906    -0.0010    -0.0002    26.9426    26.9419     41.608     41.656    1480.77    1480.77     6.2186     6.3067    92.9330    94.2490  0.000e+00
      28218     42.500     7.5362     7.5361    3.53323    3.53312          1     3.5348     3.2915      14.80      0.436     0.4397     0.2271  1.000e-12  1.4903000    34.4917    34.4906    -0.0011    -0.0002    26.9426    26.9418     42.104     42.152    1480.78    1480.78     6.2201     6.3010    92.9570    94.1650  0.000e+00
      28243     43.000     7.5359     7.5358    3.53324    3.53313          1     3.5345     3.2903      14.24      0.463     0.4388     0.2297  1.000e-12  1.3654000    34.4919    34.4907    -0.0012    -0.0001    26.9428    26.9419     42.599     42.648    1480.79    1480.79     6.2157     6.3053    92.8900    94.2280  0.000e+00
      28267     43.500     7.5356     7.5355    3.53323    3.53313          1     3.5336     3.2910      13.76      0.493     0.4661     0.2298  1.000e-12  1.7385000    34.4918    34.4908    -0.0010    -0.0001    26.9428    26.9420     43.094     43.144    1480.80    1480.79     6.2151     6.3185    92.8820    94.4260  0.000e+00
      28288     44.000     7.5352     7.5346    3.53323    3.53309          1     3.5334     3.2919      12.99      0.534     0.4674     0.2239  1.000e-12  1.8304000    34.4920    34.4910    -0.0009    -0.0006    26.9430    26.9423     43.590     43.640    1480.80    1480.80     6.2152     6.3143    92.8820    94.3610  0.000e+00
      28307     44.500     7.5355     7.5350    3.53328    3.53315          1     3.5329     3.2915      12.61      0.588     0.4706     0.2412  1.000e-12  1.7735000    34.4920    34.4910    -0.0010    -0.0005    26.9430    26.9422     44.085     44.136    1480.81    1480.81     6.2149     6.3064    92.8780    94.2430  0.000e+00
      28327     45.000     7.5334     7.5331    3.53316    3.53303          1     3.5327     3.2908      12.26      0.620     0.4823     0.2765  1.000e-12  1.6753000    34.4924    34.4914    -0.0010    -0.0003    26.9436    26.9429     44.580     44.632    1480.81    1480.81     6.2141     6.3097    92.8620    94.2890  0.000e+00
      28350     45.500     7.5331     7.5327    3.53316    3.53303          1     3.5320     3.2912      11.85      0.574     0.4430     0.2742  1.000e-12  1.4393000    34.4926    34.4915    -0.0010    -0.0003    26.9438    26.9430     45.075     45.128    1480.82    1480.82     6.2149     6.3130    92.8730    94.3380  0.000e+00
      28381     46.000     7.5341     7.5338    3.53324    3.53311          1     3.5325     3.2911      11.07      0.428     0.4577     0.2804  1.000e-12  1.6467000    34.4921    34.4911    -0.0011    -0.0004    26.9433    26.9425     45.571     45.624    1480.83    1480.83     6.2199     6.3088    92.9490    94.2770  0.000e+00
      28417     46.500     7.5347     7.5349    3.53331    3.53323          1     3.5336     3.2897      10.76      0.325     0.4325     0.2399  1.000e-12  1.5556000    34.4920    34.4910    -0.0010     0.0002    26.9431    26.9423     46.066     46.120    1480.84    1480.84     6.2226     6.3024    92.9920    94.1840  0.000e+00
      28444     47.000     7.5343     7.5339    3.53329    3.53315          1     3.5338     3.2892      10.41      0.402     0.4382     0.2670  1.000e-12  1.4492000    34.4920    34.4909    -0.0011    -0.0004    26.9431    26.9423     46.561     46.616    1480.85    1480.85     6.2181     6.3045    92.9240    94.2130  0.000e+00
      28467     47.500     7.5348     7.5346    3.53326    3.53316          1     3.5327     3.2885       9.98      0.491     0.4493     0.2822  1.000e-12  1.3115000    34.4909    34.4901    -0.0009    -0.0002    26.9423    26.9416     47.057     47.111    1480.86    1480.86     6.2146     6.3065    92.8720    94.2440  0.000e+00
      28490     48.000     7.5347     7.5344    3.53333    3.53321          1     3.5320     3.2891       9.39      0.520     0.4323     0.2702  1.000e-12  1.3590000    34.4916    34.4905    -0.0010    -0.0003    26.9427    26.9420     47.552     47.607    1480.86    1480.86     6.2149     6.3115    92.8760    94.3180  0.000e+00
      28514     48.500     7.5329     7.5324    3.53328    3.53313          1     3.5316     3.2892       8.84      0.501     0.4443     0.2644  1.000e-12  1.7967000    34.4925    34.4915    -0.0010    -0.0006    26.9437    26.9430     48.047     48.103    1480.87    1480.86     6.2168     6.3137    92.9010    94.3470  0.000e+00
