ctdpy/tests/etc/exprapp_feb_2020/SBE09_1387_20200205_1120_77_10_0111.cnv
* Sea-Bird SBE 9 Data File:
* FileName = L:\2020\sv20d0111.hex
* Software Version Seasave V 7.26.7.121
* Temperature SN = 6378
* Conductivity SN = 4824
* Number of Bytes Per Scan = 41
* Number of Voltage Words = 4
* Number of Scans Averaged by the Deck Unit = 1
* NMEA Latitude = 57 58.14 N
* NMEA Longitude = 009 49.36 E
* NMEA UTC (Time) = Feb 05 2020  11:20:41
* NMEA baud rate = 4800
** Station:  24N Hirtshals
** Operator:  A-KTh
** Ship: SVEA
** Average sound velocity: 1479.89 m/s
** True-depth calculation Wed, 05 Feb 2020 18:13:09 +0000
** CTD Python Module SMHI /ver 3-12/ feb 2012 
** LIMS Job: 20207710-0111
** Cruise: SMHI-02-2020
** Latitude [GG MM.mm N] :
** Longitude [GGG MM.mm E]:
# nquan = 30
# nvalues = 207                         
# units = specified
# name 0 = scan: Scan Count
# name 1 = prDM: Pressure, Digiquartz [db]
# name 2 = t090C: Temperature [ITS-90, deg C]
# name 3 = t190C: Temperature, 2 [ITS-90, deg C]
# name 4 = c0S/m: Conductivity [S/m]
# name 5 = c1S/m: Conductivity, 2 [S/m]
# name 6 = pumps: Pump Status
# name 7 = sbeox0V: Oxygen raw, SBE 43 [V]
# name 8 = sbeox1V: Oxygen raw, SBE 43, 2 [V]
# name 9 = altM: Altimeter [m]
# name 10 = dz/dtM: Descent Rate [m/s]
# name 11 = flECO-AFL: Chl-a Fluorescence, WET Labs ECO-AFL/FL [mg/m^3]
# name 12 = flECO-AFL1: Phycocyanin Fluorescence, WET Labs ECO-AFL/FL, 2 [mg/m^3]
# name 13 = par: PAR/Irradiance, Biospherical/Lico [µE/(cm^2*s)]
# name 14 = turbWETntu0: Turbidity, WET Labs ECO [NTU]
# name 15 = sal00: Salinity, Practical [PSU]
# name 16 = sal11: Salinity, Practical, 2 [PSU]
# name 17 = secS-priS: Salinity, Practical, Difference, 2 - 1 [PSU]
# name 18 = T2-T190C: Temperature Difference, 2 - 1 [ITS-90, deg C]
# name 19 = sigma-t00: Density [sigma-t, kg/m^3 ]
# name 20 = sigma-t11: Density, 2 [sigma-t, kg/m^3 ]
# name 21 = depSM: Depth [salt water, m], lat = 57.969
# name 22 = depFM: Depth [true depth, m], lat = 57.969
# name 23 = svCM: Sound Velocity [Chen-Millero, m/s]
# name 24 = svCM1: Sound Velocity, 2 [Chen-Millero, m/s]
# name 25 = sbeox0ML/L: Oxygen, SBE 43 [ml/l], WS = 2
# name 26 = sbeox1ML/L: Oxygen, SBE 43, 2 [ml/l], WS = 2
# name 27 = sbeox0PS: Oxygen, SBE 43 [% saturation], WS = 2
# name 28 = sbeox1PS: Oxygen, SBE 43, 2 [% saturation], WS = 2
# name 29 = flag: flag
# span 0 =      15685,      21755       
# span 1 =      2.500,    105.500       
# span 2 =     6.8576,     7.3531       
# span 3 =     6.8600,     7.3532       
# span 4 =   3.439530,   3.524034       
# span 5 =   3.439910,   3.523905       
# span 6 =          1,          1       
# span 7 =     3.5104,     3.5676       
# span 8 =     3.2664,     3.3220       
# span 9 =       1.79,      98.24       
# span 10 =     -0.285,      0.750      
# span 11 =     0.4299,     0.5872      
# span 12 =     0.1822,     0.3408      
# span 13 = -1.976e-07, 1.2592e+02      
# span 14 =     0.7173,     8.4298      
# span 15 =    34.1609,    34.6731      
# span 16 =    34.1626,    34.6722      
# span 17 =    -0.0147,     0.0346      
# span 18 =    -0.0183,     0.0453      
# span 19 =    26.7772,    27.1298      
# span 20 =    26.7782,    27.1291      
# span 21 =      2.477,    104.496      
# span 22 =      2.480,    104.628      
# span 23 =    1477.10,    1480.86      
# span 24 =    1477.12,    1480.86      
# span 25 =     6.2324,     6.3782      
# span 26 =     6.3178,     6.4769      
# span 27 =     92.763,     93.839      
# span 28 =     94.031,     95.436      
# span 29 = 0.0000e+00, 0.0000e+00      
# interval = decibars: 0.5              
# start_time = Feb 05 2020 11:20:42 [NMEA time, first data scan]
# bad_flag = -9.990e-29
*END*
      15685      2.500     7.0011     7.0068    3.46258    3.46360          1     3.5524     3.3203      97.96     -0.285     0.4908     0.2202  1.259e+02  0.8858000    34.2722    34.2777     0.0055     0.0057    26.8453    26.8488      2.477      2.480    1477.79    1477.82     6.3543     6.4721    93.6760    95.4270  0.000e+00
      15829      3.000     6.8576     6.8600    3.43953    3.43991          1     3.5640     3.3216      97.99      0.053     0.5658     0.2232  1.145e+02  0.7173000    34.1609    34.1626     0.0017     0.0025    26.7772    26.7782      2.972      2.976    1477.10    1477.12     6.3782     6.4712    93.6500    95.0220  0.000e+00
      15882      3.500     6.9664     6.9802    3.45663    3.45950          1     3.5676     3.3220      97.99      0.331     0.5800     0.2456  1.050e+02  0.7483000    34.2407    34.2585     0.0178     0.0137    26.8253    26.8374      3.468      3.472    1477.64    1477.71     6.3599     6.4477    93.6640    94.9980  0.000e+00
      15938      4.000     6.9466     6.9406    3.45400    3.45305          1     3.5616     3.3166      98.00      0.173     0.5518     0.2471  9.009e+01  0.8004000    34.2312    34.2267    -0.0044    -0.0061    26.8204    26.8178      3.963      3.968    1477.55    1477.53     6.3466     6.4323    93.4200    94.6660  0.000e+00
      15967      4.500     7.0074     7.0089    3.46363    3.46373          1     3.5611     3.3162      84.51      0.385     0.5485     0.2415  8.422e+01  0.8545000    34.2764    34.2759    -0.0005     0.0015    26.8477    26.8471      4.458      4.464    1477.85    1477.86     6.3379     6.4296    93.4500    94.8050  0.000e+00
      15995      5.000     6.9922     7.0058    3.46141    3.46329          1     3.5614     3.3157      98.24      0.385     0.5497     0.2210  7.054e+01  0.9518000    34.2668    34.2739     0.0071     0.0136    26.8422    26.8460      4.954      4.960    1477.79    1477.85     6.3406     6.4307    93.4510    94.8130  0.000e+00
      16018      5.500     7.0082     7.0123    3.46399    3.46467          1     3.5596     3.3154      98.00      0.493     0.5370     0.2387  6.629e+01  1.0885000    34.2790    34.2823     0.0033     0.0041    26.8497    26.8517      5.449      5.456    1477.88    1477.90     6.3295     6.4219    93.3300    94.7030  0.000e+00
      16047      6.000     7.0153     7.0394    3.46515    3.46888          1     3.5594     3.3139      98.00      0.460     0.5496     0.2207  5.824e+01  1.1163000    34.2845    34.3014     0.0169     0.0241    26.8530    26.8630      5.944      5.952    1477.92    1478.03     6.3359     6.4174    93.4430    94.7080  0.000e+00
      16074      6.500     7.0503     7.0561    3.47076    3.47160          1     3.5589     3.3136      98.02      0.395     0.5519     0.2241  5.168e+01  0.9190000    34.3109    34.3144     0.0035     0.0058    26.8690    26.8709      6.440      6.447    1478.10    1478.12     6.3171     6.4066    93.2550    94.5910  0.000e+00
      16097      7.000     7.0013     7.0466    3.46292    3.47018          1     3.5553     3.3110      98.02      0.496     0.5596     0.1822  4.751e+01  0.9060000    34.2734    34.3080     0.0346     0.0453    26.8462    26.8672      6.935      6.943    1477.87    1478.09     6.3143     6.4009    93.0870    94.4830  0.000e+00
      16122      7.500     7.0508     7.0380    3.47077    3.46879          1     3.5541     3.3113      98.02      0.506     0.5438     0.2017  4.138e+01  1.0470000    34.3101    34.3010    -0.0090    -0.0128    26.8682    26.8629      7.430      7.439    1478.11    1478.05     6.3189     6.4288    93.2830    94.8720  0.000e+00
      16148      8.000     7.0574     7.0570    3.47193    3.47180          1     3.5548     3.3133      98.02      0.466     0.5342     0.2137  3.756e+01  1.0125000    34.3160    34.3150    -0.0010    -0.0004    26.8720    26.8712      7.926      7.935    1478.16    1478.15     6.3307     6.4444    93.4760    95.1520  0.000e+00
      16175      8.500     6.9830     6.9830    3.46016    3.46012          1     3.5603     3.3185      97.79      0.454     0.5623     0.2331  3.456e+01  0.9028000    34.2605    34.2601    -0.0005     0.0000    26.8386    26.8382      8.421      8.431    1477.81    1477.80     6.3685     6.4769    93.8390    95.4360  0.000e+00
      16202      9.000     6.9651     6.9468    3.45711    3.45412          1     3.5644     3.3207      97.37      0.436     0.5706     0.2133  3.132e+01  0.8319000    34.2445    34.2298    -0.0147    -0.0183    26.8284    26.8193      8.916      8.927    1477.72    1477.64     6.3656     6.4594    93.7470    95.0800  0.000e+00
      16229      9.500     6.9171     6.9124    3.44954    3.44893          1     3.5641     3.3194      96.95      0.446     0.5721     0.2428  2.837e+01  0.8622000    34.2087    34.2067    -0.0020    -0.0047    26.8067    26.8058      9.412      9.423    1477.50    1477.48     6.3613     6.4515    93.5590    94.8740  0.000e+00
      16253     10.000     6.9989     7.0084    3.46237    3.46382          1     3.5622     3.3177      96.49      0.472     0.5555     0.2644  2.511e+01  0.9509000    34.2683    34.2747     0.0064     0.0095    26.8425    26.8462      9.907      9.919    1477.90    1477.95     6.3389     6.4255    93.4420    94.7420  0.000e+00
      16276     10.500     7.0237     7.0180    3.46649    3.46553          1     3.5604     3.3158      96.04      0.513     0.5436     0.2247  2.298e+01  1.0113000    34.2886    34.2837    -0.0050    -0.0056    26.8551    26.8520     10.402     10.415    1478.03    1478.00     6.3329     6.4196    93.4180    94.6820  0.000e+00
      16299     11.000     7.0434     7.0448    3.46977    3.46985          1     3.5597     3.3142      95.58      0.525     0.5447     0.2394  2.121e+01  1.0432000    34.3047    34.3042    -0.0004     0.0013    26.8650    26.8645     10.898     10.911    1478.14    1478.14     6.3290     6.4150    93.4140    94.6840  0.000e+00
      16321     11.500     7.0483     7.0537    3.47062    3.47128          1     3.5584     3.3132      95.19      0.530     0.5567     0.2120  1.893e+01  1.0749000    34.3089    34.3108     0.0019     0.0054    26.8676    26.8684     11.393     11.407    1478.17    1478.19     6.3267     6.4135    93.3920    94.6870  0.000e+00
      16343     12.000     7.0466     7.0484    3.47041    3.47044          1     3.5581     3.3121      94.64      0.547     0.5473     0.2171  1.704e+01  0.9538000    34.3080    34.3066    -0.0014     0.0017    26.8672    26.8659     11.888     11.903    1478.17    1478.17     6.3301     6.4114    93.4380    94.6420  0.000e+00
      16365     12.500     7.0523     7.0582    3.47127    3.47207          1     3.5581     3.3112      94.14      0.549     0.5508     0.2285  1.543e+01  0.9395000    34.3116    34.3145     0.0029     0.0059    26.8693    26.8707     12.384     12.399    1478.20    1478.23     6.3319     6.4131    93.4800    94.6920  0.000e+00
      16392     13.000     7.0406     7.0460    3.46952    3.47023          1     3.5584     3.3113      93.60      0.493     0.5640     0.2275  1.403e+01  1.0544000    34.3037    34.3062     0.0024     0.0054    26.8647    26.8658     12.879     12.895    1478.16    1478.18     6.3321     6.4246    93.4530    94.8310  0.000e+00
      16424     13.500     7.0322     7.0322    3.46825    3.46812          1     3.5579     3.3124      92.82      0.377     0.5439     0.2710  1.296e+01  0.8900000    34.2979    34.2965    -0.0014    -0.0000    26.8612    26.8602     13.375     13.391    1478.12    1478.12     6.3365     6.4271    93.4960    94.8320  0.000e+00
      16452     14.000     7.0336     7.0372    3.46849    3.46890          1     3.5588     3.3116      92.42      0.399     0.5791     0.2513  1.180e+01  0.8776000    34.2989    34.2998     0.0010     0.0036    26.8618    26.8621     13.870     13.887    1478.14    1478.16     6.3350     6.4194    93.4770    94.7310  0.000e+00
      16474     14.500     7.0329     7.0320    3.46836    3.46812          1     3.5574     3.3117      91.98      0.490     0.5872     0.2601  1.066e+01  0.9495000    34.2980    34.2962    -0.0018    -0.0010    26.8612    26.8599     14.365     14.383    1478.15    1478.14     6.3266     6.4306    93.3510    94.8830  0.000e+00
      16495     15.000     7.0349     7.0526    3.46872    3.47130          1     3.5563     3.3126      91.59      0.558     0.5595     0.2781  9.587e+00  1.0633000    34.2996    34.3104     0.0108     0.0177    26.8622    26.8683     14.860     14.879    1478.16    1478.24     6.3286     6.4293    93.3860    94.9170  0.000e+00
      16517     15.500     7.0451     7.0416    3.47024    3.46963          1     3.5562     3.3128      91.25      0.566     0.5500     0.2767  8.758e+00  0.9989000    34.3059    34.3027    -0.0032    -0.0035    26.8658    26.8637     15.356     15.375    1478.22    1478.20     6.3271     6.4228    93.3890    94.7930  0.000e+00
      16543     16.000     7.0446     7.0509    3.47025    3.47109          1     3.5546     3.3116      90.65      0.498     0.5483     0.2726  8.181e+00  0.9948000    34.3062    34.3093     0.0031     0.0062    26.8661    26.8676     15.851     15.870    1478.22    1478.25     6.3187     6.4163    93.2650    94.7210  0.000e+00
      16571     16.500     7.0639     7.0958    3.47314    3.47771          1     3.5533     3.3112      89.95      0.427     0.5518     0.2678  7.548e+00  0.9854000    34.3186    34.3369     0.0182     0.0320    26.8732    26.8831     16.347     16.366    1478.32    1478.47     6.3222     6.4128    93.3650    94.7850  0.000e+00
      16599     17.000     7.0901     7.0926    3.47726    3.47750          1     3.5551     3.3114      89.48      0.426     0.5608     0.2171  6.855e+00  0.9320000    34.3375    34.3376     0.0001     0.0025    26.8844    26.8841     16.842     16.862    1478.46    1478.47     6.3255     6.4126    93.4820    94.7750  0.000e+00
      16624     17.500     7.0666     7.0642    3.47366    3.47329          1     3.5549     3.3101      89.08      0.456     0.5670     0.2317  6.215e+00  0.9705000    34.3210    34.3194    -0.0016    -0.0024    26.8747    26.8738     17.337     17.358    1478.35    1478.34     6.3162     6.4040    93.2840    94.5740  0.000e+00
      16648     18.000     7.0742     7.0805    3.47489    3.47561          1     3.5524     3.3087      88.60      0.494     0.5688     0.2218  5.653e+00  1.0965000    34.3268    34.3283     0.0015     0.0063    26.8782    26.8785     17.832     17.854    1478.40    1478.42     6.3102     6.4002    93.2160    94.5590  0.000e+00
      16669     18.500     7.1086     7.1154    3.48004    3.48124          1     3.5518     3.3072      88.16      0.535     0.5545     0.2218  5.195e+00  1.1792000    34.3487    34.3552     0.0064     0.0068    26.8907    26.8948     18.328     18.350    1478.57    1478.60     6.3061     6.3856    93.2420    94.4360  0.000e+00
      16693     19.000     7.1338     7.1363    3.48409    3.48441          1     3.5506     3.3053      87.58      0.539     0.5358     0.2218  4.848e+00  1.1241000    34.3677    34.3689     0.0012     0.0024    26.9021    26.9027     18.823     18.846    1478.70    1478.71     6.2999     6.3872    93.2150    94.5130  0.000e+00
      16720     19.500     7.1328     7.1425    3.48406    3.48535          1     3.5503     3.3059      86.86      0.468     0.5327     0.2060  4.545e+00  1.2059000    34.3681    34.3727     0.0046     0.0097    26.9026    26.9048     19.318     19.342    1478.70    1478.74     6.3020     6.3988    93.2440    94.7000  0.000e+00
      16749     20.000     7.1506     7.1517    3.48676    3.48681          1     3.5493     3.3058      86.30      0.408     0.5173     0.2552  4.152e+00  1.1920000    34.3798    34.3792    -0.0005     0.0011    26.9093    26.9087     19.814     19.838    1478.79    1478.79     6.2903     6.3813    93.1150    94.4660  0.000e+00
      16774     20.500     7.1654     7.1761    3.48911    3.49064          1     3.5472     3.3034      84.25      0.452     0.5107     0.2253  3.748e+00  1.2895000    34.3905    34.3966     0.0061     0.0107    26.9156    26.9190     20.309     20.334    1478.87    1478.92     6.2812     6.3597    93.0190    94.2080  0.000e+00
      16796     21.000     7.2178     7.2326    3.49678    3.49917          1     3.5452     3.3006      83.76      0.517     0.5089     0.2702  3.377e+00  1.5012000    34.4220    34.4334     0.0114     0.0147    26.9331    26.9400     20.804     20.830    1479.12    1479.19     6.2686     6.3444    92.9630    94.1260  0.000e+00
      16818     21.500     7.2634     7.2794    3.50382    3.50621          1     3.5436     3.2987      84.57      0.546     0.4997     0.2861  3.043e+00  1.5583000    34.4533    34.4635     0.0102     0.0160    26.9513    26.9571     21.300     21.326    1479.34    1479.42     6.2578     6.3378    92.9180    94.1460  0.000e+00
      16840     22.000     7.2910     7.3100    3.50836    3.51114          1     3.5420     3.2973      84.20      0.548     0.4857     0.2850  2.739e+00  1.6132000    34.4751    34.4865     0.0114     0.0190    26.9646    26.9709     21.795     21.822    1479.48    1479.57     6.2512     6.3311    92.8920    94.1280  0.000e+00
      16863     22.500     7.3107     7.3155    3.51159    3.51233          1     3.5411     3.2959      83.93      0.535     0.4652     0.2523  2.502e+00  1.9838000    34.4904    34.4938     0.0033     0.0048    26.9739    26.9758     22.290     22.318    1479.59    1479.61     6.2477     6.3301    92.8920    94.1280  0.000e+00
      16895     23.000     7.3251     7.3329    3.51419    3.51536          1     3.5398     3.2944      83.37      0.421     0.4637     0.2039  2.282e+00  2.1555000    34.5042    34.5093     0.0050     0.0077    26.9827    26.9856     22.786     22.813    1479.67    1479.70     6.2429     6.3235    92.8590    94.0780  0.000e+00
      16927     23.500     7.3365     7.3435    3.51605    3.51696          1     3.5388     3.2936      82.83      0.350     0.4482     0.2434  2.020e+00  2.2489000    34.5129    34.5159     0.0030     0.0070    26.9879    26.9893     23.281     23.309    1479.73    1479.76     6.2408     6.3287    92.8570    94.1810  0.000e+00
      16951     24.000     7.3441     7.3475    3.51721    3.51771          1     3.5385     3.2931      82.57      0.433     0.4461     0.2384  1.745e+00  2.5029000    34.5177    34.5199     0.0021     0.0034    26.9906    26.9918     23.776     23.805    1479.77    1479.79     6.2403     6.3178    92.8690    94.0310  0.000e+00
      16971     24.500     7.3492     7.3494    3.51819    3.51808          1     3.5383     3.2919      82.12      0.545     0.4470     0.2620  1.484e+00  2.7254000    34.5232    34.5217    -0.0015     0.0002    26.9942    26.9930     24.272     24.301    1479.81    1479.81     6.2384     6.3190    92.8540    94.0530  0.000e+00
      16989     25.000     7.3498     7.3497    3.51832    3.51819          1     3.5379     3.2919      81.65      0.630     0.4399     0.2740  1.255e+00  2.8798000    34.5237    34.5224    -0.0013    -0.0000    26.9945    26.9935     24.767     24.797    1479.82    1479.82     6.2370     6.3265    92.8340    94.1660  0.000e+00
      17008     25.500     7.3502     7.3501    3.51837    3.51822          1     3.5375     3.2923      81.16      0.652     0.4624     0.2393  1.063e+00  2.9402000    34.5236    34.5221    -0.0015    -0.0001    26.9943    26.9932     25.262     25.293    1479.83    1479.83     6.2376     6.3320    92.8450    94.2480  0.000e+00
      17031     26.000     7.3496     7.3501    3.51829    3.51819          1     3.5373     3.2931      80.64      0.584     0.4551     0.2238  8.954e-01  2.6768000    34.5231    34.5215    -0.0016     0.0005    26.9940    26.9927     25.758     25.789    1479.84    1479.84     6.2363     6.3315    92.8240    94.2400  0.000e+00
