ctdpy/tests/etc/exprapp_feb_2020/SBE09_1387_20200210_2351_77_10_0139.cnv
* Sea-Bird SBE 9 Data File:
* FileName = L:\2020\sv20d0139.hex
* Software Version Seasave V 7.26.7.121
* Temperature SN = 6378
* Conductivity SN = 4824
* Number of Bytes Per Scan = 41
* Number of Voltage Words = 4
* Number of Scans Averaged by the Deck Unit = 1
* NMEA Latitude = 58 26.52 N
* NMEA Longitude = 020 20.15 E
* NMEA UTC (Time) = Feb 10 2020  23:51:42
* NMEA baud rate = 4800
** Station:  BY21
** Operator:  SSip
** Ship: SVEA
** Average sound velocity: 1440.70 m/s
** True-depth calculation Tue, 11 Feb 2020 01:00:47 +0000
** CTD Python Module SMHI /ver 3-12/ feb 2012 
** LIMS Job: 20207710-0139
** Cruise: SMHI-03-2020
** Latitude [GG MM.mm N] :
** Longitude [GGG MM.mm E]:
# nquan = 30
# nvalues = 224                         
# units = specified
# name 0 = scan: Scan Count
# name 1 = prDM: Pressure, Digiquartz [db]
# name 2 = t090C: Temperature [ITS-90, deg C]
# name 3 = t190C: Temperature, 2 [ITS-90, deg C]
# name 4 = c0S/m: Conductivity [S/m]
# name 5 = c1S/m: Conductivity, 2 [S/m]
# name 6 = pumps: Pump Status
# name 7 = sbeox0V: Oxygen raw, SBE 43 [V]
# name 8 = sbeox1V: Oxygen raw, SBE 43, 2 [V]
# name 9 = altM: Altimeter [m]
# name 10 = dz/dtM: Descent Rate [m/s]
# name 11 = flECO-AFL: Chl-a Fluorescence, WET Labs ECO-AFL/FL [mg/m^3]
# name 12 = flECO-AFL1: Phycocyanin Fluorescence, WET Labs ECO-AFL/FL, 2 [mg/m^3]
# name 13 = par: PAR/Irradiance, Biospherical/Lico [µE/(cm^2*s)]
# name 14 = turbWETntu0: Turbidity, WET Labs ECO [NTU]
# name 15 = sal00: Salinity, Practical [PSU]
# name 16 = sal11: Salinity, Practical, 2 [PSU]
# name 17 = secS-priS: Salinity, Practical, Difference, 2 - 1 [PSU]
# name 18 = T2-T190C: Temperature Difference, 2 - 1 [ITS-90, deg C]
# name 19 = sigma-t00: Density [sigma-t, kg/m^3 ]
# name 20 = sigma-t11: Density, 2 [sigma-t, kg/m^3 ]
# name 21 = depSM: Depth [salt water, m], lat = 58.442
# name 22 = depFM: Depth [true depth, m], lat = 58.442
# name 23 = svCM: Sound Velocity [Chen-Millero, m/s]
# name 24 = svCM1: Sound Velocity, 2 [Chen-Millero, m/s]
# name 25 = sbeox0ML/L: Oxygen, SBE 43 [ml/l], WS = 2
# name 26 = sbeox1ML/L: Oxygen, SBE 43, 2 [ml/l], WS = 2
# name 27 = sbeox0PS: Oxygen, SBE 43 [% saturation], WS = 2
# name 28 = sbeox1PS: Oxygen, SBE 43, 2 [% saturation], WS = 2
# name 29 = flag: flag
# span 0 =      48868,      55164       
# span 1 =      5.000,    116.500       
# span 2 =     5.1591,     6.5478       
# span 3 =     5.1588,     6.5475       
# span 4 =   0.803937,   1.243099       
# span 5 =   0.804103,   1.243201       
# span 6 =          1,          1       
# span 7 =     0.7498,     3.5252       
# span 8 =     0.7383,     3.2905       
# span 9 =       0.32,      98.16       
# span 10 =      0.051,      1.532      
# span 11 =     0.3302,     0.4417      
# span 12 =     0.1417,     0.2805      
# span 13 = -2.242e-04, 3.0706e-01      
# span 14 =     0.1152,     2.4014      
# span 15 =     7.3789,    11.3089      
# span 16 =     7.3806,    11.3100      
# span 17 =    -0.2953,     0.1697      
# span 18 =    -0.0928,     0.0490      
# span 19 =     5.8274,     8.8462      
# span 20 =     5.8288,     8.8471      
# span 21 =      4.953,    115.384      
# span 22 =      5.063,    117.867      
# span 23 =    1436.46,    1449.13      
# span 24 =    1436.47,    1449.13      
# span 25 =     0.0655,     7.8598      
# span 26 =    -0.5386,     8.0032      
# span 27 =      0.822,     92.772      
# span 28 =     -6.605,     94.464      
# span 29 = 0.0000e+00, 0.0000e+00      
# interval = decibars: 0.5              
# start_time = Feb 10 2020 23:51:43 [NMEA time, first data scan]
# bad_flag = -9.990e-29
*END*
[from data line 194]
      54231    102.000     6.4942     6.4941    1.23290    1.23307          1     0.7556     0.7470      19.22      0.776     0.4161     0.2147  1.000e-12  0.9294000    11.2288    11.2305     0.0017    -0.0000     8.7871     8.7884    101.026    103.227    1448.58    1448.58     0.0805     0.1354     1.0070     1.6950  0.000e+00
      54311    102.500     6.4986     6.5000    1.23389    1.23445          1     0.7547     0.7461      18.81      0.633     0.4164     0.2631  1.000e-12  1.0662000    11.2370    11.2420     0.0051     0.0014     8.7932     8.7971    101.521    103.732    1448.61    1448.63     0.0781     0.1323     0.9780     1.6560  0.000e+00
      54321    103.000     6.5021     6.5017    1.23466    1.23475          1     0.7551     0.7461      18.41      0.891     0.4193     0.2805  1.000e-12  1.0469000    11.2433    11.2443     0.0010    -0.0004     8.7979     8.7987    102.016    104.237    1448.64    1448.64     0.0788     0.1326     0.9870     1.6600  0.000e+00
      54329    103.500     6.5039     6.5033    1.23489    1.23495          1     0.7544     0.7461      17.95      1.108     0.4291     0.2786  1.000e-12  0.9539000    11.2449    11.2457     0.0009    -0.0006     8.7990     8.7998    102.511    104.742    1448.66    1448.66     0.0770     0.1303     0.9650     1.6320  0.000e+00
      54339    104.000     6.5042     6.5039    1.23507    1.23517          1     0.7545     0.7459      17.54      1.263     0.4301     0.2127  1.000e-12  0.9557000    11.2464    11.2476     0.0012    -0.0002     8.8002     8.8012    103.006    105.246    1448.67    1448.67     0.0768     0.1295     0.9610     1.6220  0.000e+00
      54351    104.500     6.5054     6.5054    1.23535    1.23551          1     0.7544     0.7455      16.88      1.278     0.4143     0.1904  1.000e-12  0.8792000    11.2488    11.2503     0.0015     0.0001     8.8020     8.8032    103.502    105.751    1448.69    1448.69     0.0773     0.1286     0.9680     1.6100  0.000e+00
      54397    105.000     6.5085     6.5082    1.23586    1.23592          1     0.7539     0.7450      15.76      0.438     0.4150     0.2049  1.000e-12  0.8021000    11.2527    11.2534     0.0007    -0.0003     8.8048     8.8054    103.997    106.256    1448.71    1448.71     0.0756     0.1288     0.9470     1.6130  0.000e+00
      54441    105.500     6.5146     6.5225    1.23713    1.23889          1     0.7534     0.7444      15.36      0.282     0.4255     0.1860  1.000e-12  0.8039000    11.2630    11.2778     0.0148     0.0078     8.8125     8.8236    104.492    106.761    1448.76    1448.81     0.0749     0.1251     0.9390     1.5670  0.000e+00
      54478    106.000     6.5258     6.5256    1.23947    1.23958          1     0.7533     0.7439      14.84      0.338     0.4242     0.2237  1.000e-12  0.7845000    11.2823    11.2835     0.0012    -0.0002     8.8269     8.8278    104.987    107.266    1448.84    1448.84     0.0753     0.1256     0.9430     1.5740  0.000e+00
      54514    106.500     6.5266     6.5262    1.23964    1.23972          1     0.7532     0.7437      14.37      0.293     0.4417     0.2364  1.000e-12  0.7612000    11.2837    11.2846     0.0009    -0.0004     8.8279     8.8286    105.482    107.770    1448.85    1448.85     0.0744     0.1259     0.9330     1.5780  0.000e+00
      54532    107.000     6.5276     6.5269    1.23985    1.23990          1     0.7531     0.7435      14.00      0.454     0.4158     0.2340  1.000e-12  0.7645000    11.2853    11.2859     0.0007    -0.0006     8.8291     8.8297    105.977    108.275    1448.87    1448.87     0.0735     0.1234     0.9210     1.5470  0.000e+00
      54545    107.500     6.5292     6.5287    1.24026    1.24033          1     0.7528     0.7435      13.66      0.636     0.4171     0.2293  1.000e-12  0.7754000    11.2887    11.2895     0.0008    -0.0005     8.8317     8.8324    106.472    108.780    1448.89    1448.88     0.0726     0.1246     0.9100     1.5620  0.000e+00
      54557    108.000     6.5314     6.5310    1.24082    1.24091          1     0.7527     0.7431      13.18      0.808     0.4189     0.2323  1.000e-12  0.7987000    11.2934    11.2944     0.0010    -0.0004     8.8352     8.8360    106.967    109.285    1448.91    1448.91     0.0726     0.1229     0.9100     1.5400  0.000e+00
      54570    108.500     6.5329     6.5325    1.24114    1.24125          1     0.7527     0.7435      12.75      0.935     0.4199     0.2428  1.000e-12  0.8062000    11.2960    11.2972     0.0012    -0.0004     8.8371     8.8381    107.462    109.790    1448.93    1448.93     0.0732     0.1235     0.9170     1.5480  0.000e+00
      54587    109.000     6.5327     6.5323    1.24116    1.24123          1     0.7527     0.7428      12.09      0.909     0.4287     0.2567  1.000e-12  0.8129000    11.2961    11.2970     0.0009    -0.0004     8.8372     8.8379    107.957    110.295    1448.93    1448.93     0.0736     0.1204     0.9230     1.5090  0.000e+00
      54675    109.500     6.5317     6.5322    1.24094    1.24119          1     0.7522     0.7424      11.18      0.051     0.4343     0.2079  1.000e-12  0.7465000    11.2942    11.2965     0.0022     0.0005     8.8358     8.8375    108.453    110.799    1448.94    1448.94     0.0712     0.1224     0.8930     1.5340  0.000e+00
      54691    110.000     6.5338     6.5331    1.24141    1.24144          1     0.7520     0.7421      10.92      0.435     0.4370     0.2178  1.000e-12  0.7636000    11.2980    11.2986     0.0006    -0.0007     8.8387     8.8391    108.948    111.304    1448.96    1448.95     0.0715     0.1186     0.8960     1.4870  0.000e+00
      54708    110.500     6.5339     6.5336    1.24152    1.24162          1     0.7520     0.7419      10.45      0.640     0.4173     0.2513  1.000e-12  0.7821000    11.2990    11.3001     0.0011    -0.0003     8.8394     8.8403    109.443    111.809    1448.97    1448.97     0.0724     0.1159     0.9080     1.4530  0.000e+00
      54727    111.000     6.5344     6.5342    1.24168    1.24179          1     0.7520     0.7414       9.95      0.691     0.4256     0.2325  1.000e-12  0.8006000    11.3003    11.3014     0.0011    -0.0002     8.8404     8.8413    109.938    112.314    1448.98    1448.98     0.0717     0.1182     0.8980     1.4810  0.000e+00
      54756    111.500     6.5352     6.5349    1.24181    1.24190          1     0.7517     0.7414       9.29      0.511     0.4264     0.1897  1.000e-12  0.7922000    11.3012    11.3022     0.0010    -0.0002     8.8411     8.8418    110.433    112.819    1448.99    1448.99     0.0700     0.1193     0.8780     1.4950  0.000e+00
      54799    112.000     6.5358     6.5354    1.24191    1.24197          1     0.7515     0.7412       8.67      0.260     0.4252     0.1743  1.000e-12  0.7687000    11.3019    11.3027     0.0007    -0.0004     8.8416     8.8422    110.928    113.323    1449.00    1449.00     0.0698     0.1195     0.8750     1.4990  0.000e+00
      54835    112.500     6.5389     6.5385    1.24223    1.24232          1     0.7512     0.7412       8.19      0.326     0.4177     0.1928  1.000e-12  0.7735000    11.3039    11.3050     0.0011    -0.0004     8.8429     8.8438    111.423    113.828    1449.03    1449.02     0.0689     0.1193     0.8640     1.4960  0.000e+00
      54881    113.000     6.5405     6.5403    1.24236    1.24242          1     0.7510     0.7410       7.58      0.265     0.4158     0.2029  1.000e-12  0.7954000    11.3046    11.3053     0.0007    -0.0003     8.8433     8.8439    111.918    114.333    1449.04    1449.04     0.0687     0.1171     0.8610     1.4680  0.000e+00
      54917    113.500     6.5414     6.5411    1.24243    1.24254          1     0.7508     0.7404       7.19      0.273     0.4155     0.2386  1.000e-12  0.7610000    11.3050    11.3061     0.0011    -0.0002     8.8435     8.8445    112.413    114.838    1449.05    1449.06     0.0685     0.1117     0.8590     1.4010  0.000e+00
      54934    114.000     6.5423     6.5422    1.24251    1.24263          1     0.7507     0.7400       6.80      0.481     0.4166     0.2313  1.000e-12  0.7954000    11.3053    11.3065     0.0012    -0.0002     8.8438     8.8447    112.908    115.343    1449.07    1449.07     0.0682     0.1131     0.8550     1.4190  0.000e+00
      54948    114.500     6.5436     6.5430    1.24265    1.24271          1     0.7506     0.7400       6.43      0.679     0.4245     0.2354  1.000e-12  0.7932000    11.3062    11.3070     0.0008    -0.0006     8.8444     8.8450    113.403    115.847    1449.08    1449.08     0.0672     0.1155     0.8430     1.4480  0.000e+00
      54971    115.000     6.5446     6.5443    1.24276    1.24286          1     0.7506     0.7399       5.89      0.773     0.4239     0.2632  1.000e-12  0.7906000    11.3069    11.3079     0.0010    -0.0002     8.8448     8.8456    113.898    116.352    1449.09    1449.09     0.0683     0.1154     0.8570     1.4470  0.000e+00
      55112    115.500     6.5469     6.5468    1.24301    1.24312          1     0.7499     0.7388       5.34      0.708     0.4065     0.1708  1.000e-12  0.7497000    11.3085    11.3096     0.0011    -0.0001     8.8459     8.8468    114.393    116.857    1449.11    1449.11     0.0656     0.1117     0.8230     1.4010  0.000e+00
      55125    116.000     6.5478     6.5475    1.24310    1.24320          1     0.7499     0.7387       5.01      0.866     0.4370     0.2089  1.000e-12  0.7781000    11.3089    11.3100     0.0011    -0.0002     8.8462     8.8471    114.889    117.362    1449.13    1449.13     0.0663     0.1105     0.8310     1.3850  0.000e+00
      55164    116.500     6.5472     6.5467    1.24306    1.24310          1     0.7498     0.7383       3.94      0.443     0.4296     0.2196  1.000e-12  0.7605000    11.3086    11.3092     0.0006    -0.0005     8.8460     8.8465    115.384    117.867    1449.13    1449.13     0.0655     0.1119     0.8220     1.4030  0.000e+00
