ctdpy/tests/etc/exprapp_feb_2020/SBE09_1387_20200209_1239_77_10_0132.cnv
* Sea-Bird SBE 9 Data File:
* FileName = L:\2020\sv20d0132.hex
* Software Version Seasave V 7.26.7.121
* Temperature SN = 6378
* Conductivity SN = 4824
* Number of Bytes Per Scan = 41
* Number of Voltage Words = 4
* Number of Scans Averaged by the Deck Unit = 1
* NMEA Latitude = 54 49.96 N
* NMEA Longitude = 019 19.16 E
* NMEA UTC (Time) = Feb 09 2020  12:39:04
* NMEA baud rate = 4800
** Station:  PL-P1
** Operator:  DBSj
** Ship: SVEA
** Average sound velocity: 1443.41 m/s
** True-depth calculation Sun, 09 Feb 2020 13:43:10 +0000
** CTD Python Module SMHI /ver 3-12/ feb 2012 
** LIMS Job: 20207710-0132
** Cruise: SMHI-03-2020
** Latitude [GG MM.mm N] :
** Longitude [GGG MM.mm E]:
# nquan = 30
# nvalues = 207                         
# units = specified
# name 0 = scan: Scan Count
# name 1 = prDM: Pressure, Digiquartz [db]
# name 2 = t090C: Temperature [ITS-90, deg C]
# name 3 = t190C: Temperature, 2 [ITS-90, deg C]
# name 4 = c0S/m: Conductivity [S/m]
# name 5 = c1S/m: Conductivity, 2 [S/m]
# name 6 = pumps: Pump Status
# name 7 = sbeox0V: Oxygen raw, SBE 43 [V]
# name 8 = sbeox1V: Oxygen raw, SBE 43, 2 [V]
# name 9 = altM: Altimeter [m]
# name 10 = dz/dtM: Descent Rate [m/s]
# name 11 = flECO-AFL: Chl-a Fluorescence, WET Labs ECO-AFL/FL [mg/m^3]
# name 12 = flECO-AFL1: Phycocyanin Fluorescence, WET Labs ECO-AFL/FL, 2 [mg/m^3]
# name 13 = par: PAR/Irradiance, Biospherical/Lico [µE/(cm^2*s)]
# name 14 = turbWETntu0: Turbidity, WET Labs ECO [NTU]
# name 15 = sal00: Salinity, Practical [PSU]
# name 16 = sal11: Salinity, Practical, 2 [PSU]
# name 17 = secS-priS: Salinity, Practical, Difference, 2 - 1 [PSU]
# name 18 = T2-T190C: Temperature Difference, 2 - 1 [ITS-90, deg C]
# name 19 = sigma-t00: Density [sigma-t, kg/m^3 ]
# name 20 = sigma-t11: Density, 2 [sigma-t, kg/m^3 ]
# name 21 = depSM: Depth [salt water, m], lat = 54.8327
# name 22 = depFM: Depth [true depth, m], lat = 54.8327
# name 23 = svCM: Sound Velocity [Chen-Millero, m/s]
# name 24 = svCM1: Sound Velocity, 2 [Chen-Millero, m/s]
# name 25 = sbeox0ML/L: Oxygen, SBE 43 [ml/l], WS = 2
# name 26 = sbeox1ML/L: Oxygen, SBE 43, 2 [ml/l], WS = 2
# name 27 = sbeox0PS: Oxygen, SBE 43 [% saturation], WS = 2
# name 28 = sbeox1PS: Oxygen, SBE 43, 2 [% saturation], WS = 2
# name 29 = flag: flag
# span 0 =      34395,      43832       
# span 1 =      1.000,    104.000       
# span 2 =     5.3433,     8.6241       
# span 3 =     5.3432,     8.6231       
# span 4 =   0.815560,   1.448141       
# span 5 =   0.815641,   1.448005       
# span 6 =          1,          1       
# span 7 =     0.7439,     3.5789       
# span 8 =     0.7287,     3.3395       
# span 9 =      -0.20,     117.13       
# span 10 =     -0.240,      0.595      
# span 11 =     0.3441,     0.4872      
# span 12 =     0.1496,     0.3107      
# span 13 = -4.755e-09, 1.6354e+03      
# span 14 =     0.1289,     0.2972      
# span 15 =     7.4538,    12.5733      
# span 16 =     7.4546,    12.5724      
# span 17 =    -0.0614,     0.1405      
# span 18 =    -0.0444,     0.0526      
# span 19 =     5.8788,     9.6535      
# span 20 =     5.8794,     9.6529      
# span 21 =      0.991,    103.038      
# span 22 =      1.013,    105.206      
# span 23 =    1437.29,    1458.97      
# span 24 =    1437.29,    1458.97      
# span 25 =     0.0471,     7.9600      
# span 26 =     0.0778,     8.0980      
# span 27 =      0.626,     94.432      
# span 28 =      1.034,     96.075      
# span 29 = 0.0000e+00, 0.0000e+00      
# interval = decibars: 0.5              
# start_time = Feb 09 2020 12:39:05 [NMEA time, first data scan]
# bad_flag = -9.990e-29
*END*
[from data line 194]
      39998     98.000     8.5675     8.5647    1.43890    1.43851          1     0.7652     0.7560       7.59      0.425     0.3811     0.2247  1.000e-12  0.2084000    12.5075    12.5047    -0.0028    -0.0028     9.6080     9.6061     97.095     99.153    1458.57    1458.56     0.0870     0.1287     1.1540     1.7070  0.000e+00
      40044     98.500     8.5707     8.5733    1.43944    1.43957          1     0.7598     0.7502       6.97      0.258     0.3762     0.2231  1.000e-12  0.2684000    12.5113    12.5116     0.0003     0.0026     9.6106     9.6106     97.590     99.658    1458.60    1458.61     0.0731     0.1126     0.9700     1.4940  0.000e+00
      40096     99.000     8.5909     8.5936    1.44140    1.44180          1     0.7548     0.7450       6.47      0.229     0.3753     0.2047  1.000e-12  0.2732000    12.5225    12.5253     0.0028     0.0027     9.6173     9.6192     98.085    100.162    1458.70    1458.71     0.0678     0.1090     0.9000     1.4460  0.000e+00
      40142     99.500     8.6047     8.6055    1.44366    1.44392          1     0.7542     0.7432       6.01      0.265     0.3740     0.2509  1.000e-12  0.2972000    12.5388    12.5410     0.0022     0.0008     9.6286     9.6302     98.581    100.666    1458.78    1458.79     0.0752     0.1132     0.9990     1.5040  0.000e+00
      40217    100.000     8.6127     8.6156    1.44538    1.44600          1     0.7524     0.7416       5.45      0.164     0.3845     0.1951  1.000e-12  0.2195000    12.5522    12.5569     0.0048     0.0029     9.6382     9.6416     99.076    101.171    1458.84    1458.86     0.0652     0.1119     0.8670     1.4860  0.000e+00
      40272    100.500     8.6195     8.6178    1.44669    1.44658          1     0.7511     0.7413       5.02      0.250     0.3666     0.1799  1.000e-12  0.1860000    12.5620    12.5616    -0.0004    -0.0017     9.6451     9.6450     99.571    101.675    1458.89    1458.88     0.0636     0.1104     0.8450     1.4670  0.000e+00
      40351    101.000     8.6199     8.6201    1.44676    1.44689          1     0.7504     0.7394       4.54      0.170     0.3694     0.1846  1.000e-12  0.1875000    12.5624    12.5635     0.0012     0.0002     9.6454     9.6463    100.067    102.180    1458.89    1458.90     0.0633     0.1047     0.8410     1.3910  0.000e+00
      40409    101.500     8.6221     8.6207    1.44716    1.44714          1     0.7502     0.7390     114.16      0.253     0.3692     0.2989  1.000e-12  0.1995000    12.5653    12.5656     0.0004    -0.0014     9.6475     9.6479    100.562    102.684    1458.92    1458.91     0.0617     0.1067     0.8200     1.4180  0.000e+00
      40546    102.000     8.6222     8.6221    1.44725    1.44737          1     0.7492     0.7377      21.16      0.153     0.3775     0.2176  1.000e-12  0.2116000    12.5660    12.5671     0.0011    -0.0001     9.6480     9.6489    101.057    103.188    1458.93    1458.93     0.0593     0.1020     0.7880     1.3560  0.000e+00
      40891    102.500     8.6191     8.6217    1.44696    1.44749          1     0.7489     0.7366       1.13      0.132     0.3725     0.2020  1.000e-12  0.2089000    12.5643    12.5684     0.0041     0.0026     9.6470     9.6499    101.552    103.693    1458.92    1458.93     0.0595     0.0986     0.7910     1.3110  0.000e+00
      41862    103.000     8.6196     8.6166    1.44722    1.44697          1     0.7469     0.7337      31.86      0.132     0.3709     0.2063  1.000e-12  0.2761000    12.5664    12.5652    -0.0012    -0.0030     9.6486     9.6480    102.048    104.197    1458.93    1458.92     0.0549     0.0885     0.7290     1.1760  0.000e+00
      42259    103.500     8.6217     8.6211    1.44780    1.44779          1     0.7453     0.7316      17.60      0.116     0.3804     0.2278  1.000e-12  0.2585000    12.5710    12.5712     0.0002    -0.0006     9.6520     9.6522    102.543    104.702    1458.95    1458.95     0.0494     0.0833     0.6560     1.1070  0.000e+00
      43832    104.000     8.6241     8.6231    1.44814    1.44800          1     0.7439     0.7287      13.08      0.047     0.3718     0.2217  1.000e-12  0.2538000    12.5733    12.5724    -0.0009    -0.0010     9.6535     9.6529    103.038    105.206    1458.97    1458.97     0.0471     0.0778     0.6260     1.0340  0.000e+00
