ctdpy/tests/etc/exprapp_feb_2020/SBE09_1387_20200206_2050_77_10_0118.cnv
* Sea-Bird SBE 9 Data File:
* FileName = L:\2020\sv20d0118.hex
* Software Version Seasave V 7.26.7.121
* Temperature SN = 6378
* Conductivity SN = 4824
* Number of Bytes Per Scan = 41
* Number of Voltage Words = 4
* Number of Scans Averaged by the Deck Unit = 1
* NMEA Latitude = 58 17.11 N
* NMEA Longitude = 010 30.39 E
* NMEA UTC (Time) = Feb 06 2020  20:50:26
* NMEA baud rate = 4800
** Station:  Å17
** Operator:  DBSj
** Ship: SVEA
** Average sound velocity: 1483.40 m/s
** True-depth calculation Fri, 07 Feb 2020 00:57:18 +0000
** CTD Python Module SMHI /ver 3-12/ feb 2012 
** LIMS Job: 20207710-0118
** Cruise: SMHI-03-2020
** Latitude [GG MM.mm N] :
** Longitude [GGG MM.mm E]:
# nquan = 30
# nvalues = 690                         
# units = specified
# name 0 = scan: Scan Count
# name 1 = prDM: Pressure, Digiquartz [db]
# name 2 = t090C: Temperature [ITS-90, deg C]
# name 3 = t190C: Temperature, 2 [ITS-90, deg C]
# name 4 = c0S/m: Conductivity [S/m]
# name 5 = c1S/m: Conductivity, 2 [S/m]
# name 6 = pumps: Pump Status
# name 7 = sbeox0V: Oxygen raw, SBE 43 [V]
# name 8 = sbeox1V: Oxygen raw, SBE 43, 2 [V]
# name 9 = altM: Altimeter [m]
# name 10 = dz/dtM: Descent Rate [m/s]
# name 11 = flECO-AFL: Chl-a Fluorescence, WET Labs ECO-AFL/FL [mg/m^3]
# name 12 = flECO-AFL1: Phycocyanin Fluorescence, WET Labs ECO-AFL/FL, 2 [mg/m^3]
# name 13 = par: PAR/Irradiance, Biospherical/Lico [µE/(cm^2*s)]
# name 14 = turbWETntu0: Turbidity, WET Labs ECO [NTU]
# name 15 = sal00: Salinity, Practical [PSU]
# name 16 = sal11: Salinity, Practical, 2 [PSU]
# name 17 = secS-priS: Salinity, Practical, Difference, 2 - 1 [PSU]
# name 18 = T2-T190C: Temperature Difference, 2 - 1 [ITS-90, deg C]
# name 19 = sigma-t00: Density [sigma-t, kg/m^3 ]
# name 20 = sigma-t11: Density, 2 [sigma-t, kg/m^3 ]
# name 21 = depSM: Depth [salt water, m], lat = 58.2852
# name 22 = depFM: Depth [true depth, m], lat = 58.2852
# name 23 = svCM: Sound Velocity [Chen-Millero, m/s]
# name 24 = svCM1: Sound Velocity, 2 [Chen-Millero, m/s]
# name 25 = sbeox0ML/L: Oxygen, SBE 43 [ml/l], WS = 2
# name 26 = sbeox1ML/L: Oxygen, SBE 43, 2 [ml/l], WS = 2
# name 27 = sbeox0PS: Oxygen, SBE 43 [% saturation], WS = 2
# name 28 = sbeox1PS: Oxygen, SBE 43, 2 [% saturation], WS = 2
# name 29 = flag: flag
# span 0 =      27062,      50545       
# span 1 =      0.500,    345.000       
# span 2 =     6.1664,     8.0103       
# span 3 =     6.1639,     8.0098       
# span 4 =   3.220287,   3.636296       
# span 5 =   3.220021,   3.636129       
# span 6 =          1,          1       
# span 7 =     3.0386,     3.5620       
# span 8 =     2.8346,     3.3167       
# span 9 =       5.66,     100.70       
# span 10 =     -0.429,      1.249      
# span 11 =     0.1633,     0.8935      
# span 12 =     0.1279,     0.3266      
# span 13 = 1.0000e-12, 3.6528e+00      
# span 14 =     0.1510,     1.0981      
# span 15 =    32.4041,    35.1378      
# span 16 =    32.4030,    35.1365      
# span 17 =    -0.0479,     0.0415      
# span 18 =    -0.0237,     0.0395      
# span 19 =    25.4800,    27.4907      
# span 20 =    25.4791,    27.4899      
# span 21 =      0.495,    341.510      
# span 22 =      0.497,    342.086      
# span 23 =    1472.14,    1485.58      
# span 24 =    1472.13,    1485.58      
# span 25 =     5.3291,     6.5605      
# span 26 =     5.4054,     6.6642      
# span 27 =     79.254,     93.738      
# span 28 =     80.384,     95.217      
# span 29 = 0.0000e+00, 0.0000e+00      
# interval = decibars: 0.5              
# start_time = Feb 06 2020 20:50:26 [NMEA time, first data scan]
# bad_flag = -9.990e-29
*END*
[from data line 581]
      42345    291.000     7.2827     7.2944    3.57882    3.57983          1     3.1196     2.9119      97.68      0.139     0.2005     0.2332  1.000e-12  0.7358000    35.1204    35.1196    -0.0008     0.0117    27.4738    27.4714    288.094    288.556    1484.68    1484.72     5.4555     5.5293    81.3960    82.5190  0.000e+00
      42376    291.500     7.2690     7.2598    3.57748    3.57653          1     3.1126     2.9053      97.68      0.326     0.1881     0.2363  1.000e-12  0.6438000    35.1194    35.1183    -0.0010    -0.0093    27.4749    27.4754    288.588    289.052    1484.63    1484.60     5.4481     5.5185    81.2600    82.2930  0.000e+00
      42392    292.000     7.2394     7.2403    3.57473    3.57472          1     3.1105     2.9029      97.67      0.548     0.1896     0.2199  1.000e-12  0.7536000    35.1191    35.1180    -0.0011     0.0009    27.4789    27.4779    289.083    289.548    1484.53    1484.53     5.4559     5.5278    81.3210    82.3950  0.000e+00
      42406    292.500     7.2367     7.2356    3.57448    3.57426          1     3.1092     2.9014      97.67      0.718     0.1932     0.2229  1.000e-12  0.8334000    35.1189    35.1175    -0.0013    -0.0010    27.4791    27.4782    289.578    290.043    1484.53    1484.52     5.4564     5.5287    81.3240    82.3990  0.000e+00
      42419    293.000     7.2399     7.2363    3.57480    3.57436          1     3.1080     2.8996      97.67      0.833     0.1899     0.2383  1.000e-12  0.7462000    35.1189    35.1176    -0.0013    -0.0035    27.4787    27.4782    290.072    290.539    1484.54    1484.53     5.4547     5.5264    81.3050    82.3670  0.000e+00
      42436    293.500     7.2402     7.2438    3.57484    3.57509          1     3.1066     2.8981      97.67      0.835     0.1905     0.2157  1.000e-12  0.7768000    35.1188    35.1178    -0.0010     0.0037    27.4786    27.4772    290.567    291.035    1484.56    1484.57     5.4541     5.5247    81.2960    82.3560  0.000e+00
      42463    294.000     7.2428     7.2443    3.57511    3.57516          1     3.1054     2.8957      97.67      0.584     0.1909     0.1839  1.000e-12  0.9508000    35.1188    35.1179    -0.0009     0.0014    27.4782    27.4773    291.062    291.530    1484.57    1484.58     5.4534     5.5282    81.2910    82.4070  0.000e+00
      42521    294.500     7.2416     7.2434    3.57504    3.57511          1     3.1034     2.8951      97.67      0.206     0.1802     0.1981  1.000e-12  0.8077000    35.1190    35.1180    -0.0010     0.0019    27.4785    27.4775    291.556    292.026    1484.58    1484.58     5.4471     5.5278    81.1940    82.4000  0.000e+00
      42559    295.000     7.2410     7.2422    3.57502    3.57501          1     3.0996     2.8922      84.78      0.269     0.1800     0.2076  1.000e-12  0.7096000    35.1192    35.1179    -0.0013     0.0012    27.4787    27.4776    292.051    292.522    1484.58    1484.59     5.4214     5.5010    80.8110    81.9990  0.000e+00
      42576    295.500     7.2447     7.2449    3.57540    3.57529          1     3.0955     2.8895      64.52      0.484     0.1775     0.2071  1.000e-12  0.7617000    35.1193    35.1180    -0.0013     0.0002    27.4783    27.4772    292.545    293.017    1484.60    1484.60     5.4012     5.4803    80.5160    81.6950  0.000e+00
      42589    296.000     7.2453     7.2450    3.57547    3.57534          1     3.0907     2.8860      97.45      0.674     0.1832     0.2083  1.000e-12  0.7808000    35.1193    35.1181    -0.0012    -0.0002    27.4782    27.4773    293.040    293.513    1484.62    1484.61     5.3872     5.4606    80.3090    81.4010  0.000e+00
      42602    296.500     7.2416     7.2401    3.57510    3.57488          1     3.0866     2.8824      97.67      0.827     0.1890     0.2214  1.000e-12  0.8016000    35.1187    35.1177    -0.0010    -0.0014    27.4783    27.4778    293.535    294.009    1484.61    1484.60     5.3845     5.4550    80.2610    81.3090  0.000e+00
      42616    297.000     7.2260     7.2257    3.57366    3.57349          1     3.0834     2.8790      97.67      0.907     0.1898     0.2152  1.000e-12  0.7457000    35.1184    35.1169    -0.0015    -0.0003    27.4803    27.4792    294.029    294.504    1484.56    1484.55     5.3908     5.4661    80.3270    81.4480  0.000e+00
      42635    297.500     7.1834     7.1794    3.56969    3.56914          1     3.0816     2.8774      97.67      0.807     0.1903     0.1953  1.000e-12  0.7492000    35.1180    35.1160    -0.0020    -0.0039    27.4860    27.4850    294.524    295.000    1484.40    1484.38     5.4045     5.4980    80.4530    81.8360  0.000e+00
      42688    298.000     7.1966     7.2146    3.57073    3.57233          1     3.0731     2.8734      97.68      0.273     0.1810     0.2267  1.000e-12  0.7916000    35.1158    35.1150    -0.0009     0.0181    27.4824    27.4792    295.019    295.495    1484.46    1484.53     5.3721     5.4542    79.9930    81.2480  0.000e+00
      42730    298.500     7.1664     7.1738    3.56801    3.56853          1     3.0646     2.8648      97.69      0.272     0.1807     0.2162  1.000e-12  0.7159000    35.1164    35.1146    -0.0018     0.0074    27.4872    27.4847    295.513    295.991    1484.35    1484.38     5.3578     5.4275    79.7260    80.7750  0.000e+00
      42753    299.000     7.1679     7.1684    3.56815    3.56811          1     3.0610     2.8601      97.66      0.452     0.1890     0.1988  1.000e-12  0.7596000    35.1162    35.1151    -0.0011     0.0005    27.4868    27.4859    296.008    296.487    1484.36    1484.37     5.3537     5.4258    79.6670    80.7400  0.000e+00
      42774    299.500     7.1654     7.1651    3.56794    3.56779          1     3.0585     2.8572      97.65      0.542     0.1771     0.1917  1.000e-12  0.7184000    35.1161    35.1148    -0.0013    -0.0003    27.4871    27.4861    296.503    296.982    1484.36    1484.36     5.3525     5.4299    79.6450    80.7950  0.000e+00
      42793    300.000     7.1605     7.1610    3.56750    3.56742          1     3.0564     2.8548      97.67      0.588     0.1791     0.1900  1.000e-12  0.6937000    35.1160    35.1146    -0.0014     0.0006    27.4877    27.4865    296.997    297.478    1484.35    1484.35     5.3487     5.4290    79.5790    80.7740  0.000e+00
      42810    300.500     7.1612     7.1607    3.56759    3.56743          1     3.0548     2.8533      97.67      0.641     0.1778     0.2295  1.000e-12  0.7127000    35.1161    35.1149    -0.0012    -0.0005    27.4876    27.4868    297.492    297.974    1484.36    1484.36     5.3483     5.4292    79.5750    80.7760  0.000e+00
      42827    301.000     7.1562     7.1583    3.56713    3.56721          1     3.0536     2.8518      97.67      0.699     0.1815     0.2349  1.000e-12  0.7555000    35.1159    35.1146    -0.0013     0.0021    27.4882    27.4869    297.987    298.469    1484.35    1484.36     5.3497     5.4275    79.5860    80.7470  0.000e+00
      42849    301.500     7.1516     7.1520    3.56672    3.56664          1     3.0525     2.8502      97.67      0.647     0.1800     0.2214  1.000e-12  0.7400000    35.1158    35.1146    -0.0012     0.0003    27.4888    27.4878    298.481    298.965    1484.34    1484.34     5.3498     5.4318    79.5800    80.7990  0.000e+00
      42912    302.000     7.1559     7.1601    3.56715    3.56743          1     3.0490     2.8469      97.68      0.141     0.1785     0.1884  1.000e-12  0.6347000    35.1158    35.1147    -0.0011     0.0041    27.4882    27.4867    298.976    299.461    1484.37    1484.38     5.3434     5.4187    79.4920    80.6190  0.000e+00
      42938    302.500     7.1479     7.1481    3.56643    3.56635          1     3.0486     2.8454      97.68      0.335     0.1861     0.2365  1.000e-12  0.6540000    35.1159    35.1148    -0.0011     0.0002    27.4894    27.4885    299.470    299.956    1484.34    1484.34     5.3464     5.4247    79.5220    80.6860  0.000e+00
      42954    303.000     7.1486     7.1492    3.56652    3.56647          1     3.0485     2.8452      97.69      0.555     0.1893     0.2567  1.000e-12  0.6694000    35.1159    35.1148    -0.0011     0.0006    27.4893    27.4883    299.965    300.452    1484.35    1484.36     5.3462     5.4285    79.5210    80.7450  0.000e+00
      42968    303.500     7.1501     7.1497    3.56669    3.56655          1     3.0483     2.8451      97.70      0.720     0.1905     0.1780  1.000e-12  0.6761000    35.1160    35.1148    -0.0011    -0.0004    27.4892    27.4883    300.460    300.948    1484.37    1484.37     5.3462     5.4256    79.5240    80.7030  0.000e+00
      42983    304.000     7.1525     7.1532    3.56694    3.56690          1     3.0482     2.8444      97.68      0.823     0.1901     0.1673  1.000e-12  0.7069000    35.1161    35.1149    -0.0012     0.0007    27.4889    27.4878    300.954    301.443    1484.39    1484.39     5.3463     5.4230    79.5290    80.6700  0.000e+00
      43001    304.500     7.1540     7.1536    3.56711    3.56696          1     3.0480     2.8441      97.69      0.786     0.1881     0.1543  1.000e-12  0.7800000    35.1161    35.1148    -0.0012    -0.0004    27.4887    27.4878    301.449    301.939    1484.40    1484.40     5.3444     5.4270    79.5030    80.7310  0.000e+00
      43040    305.000     7.1542     7.1537    3.56715    3.56697          1     3.0467     2.8441      97.69      0.365     0.1832     0.1915  1.000e-12  0.7783000    35.1161    35.1148    -0.0014    -0.0005    27.4887    27.4877    301.944    302.435    1484.41    1484.41     5.3378     5.4269    79.4060    80.7290  0.000e+00
      43077    305.500     7.1521     7.1496    3.56697    3.56662          1     3.0442     2.8431      97.69      0.287     0.1869     0.2313  1.000e-12  0.6814000    35.1161    35.1147    -0.0014    -0.0025    27.4889    27.4882    302.438    302.930    1484.41    1484.40     5.3312     5.4187    79.3030    80.6000  0.000e+00
      43101    306.000     7.1446     7.1434    3.56628    3.56605          1     3.0432     2.8422      36.73      0.455     0.1735     0.2101  1.000e-12  0.7234000    35.1158    35.1145    -0.0013    -0.0012    27.4898    27.4889    302.933    303.426    1484.39    1484.38     5.3338     5.4189    79.3290    80.5910  0.000e+00
      43129    306.500     7.1399     7.1387    3.56586    3.56563          1     3.0423     2.8410      96.43      0.457     0.1824     0.1973  1.000e-12  0.7069000    35.1158    35.1145    -0.0013    -0.0012    27.4905    27.4896    303.427    303.921    1484.38    1484.37     5.3330     5.4143    79.3080    80.5150  0.000e+00
      43160    307.000     7.1423     7.1422    3.56610    3.56598          1     3.0413     2.8394      68.76      0.372     0.1883     0.2340  1.000e-12  0.8005000    35.1157    35.1145    -0.0012    -0.0001    27.4900    27.4891    303.922    304.417    1484.40    1484.39     5.3315     5.4114    79.2910    80.4770  0.000e+00
      43181    307.500     7.1412     7.1411    3.56602    3.56590          1     3.0410     2.8389      98.00      0.462     0.1870     0.1906  1.000e-12  0.7280000    35.1157    35.1145    -0.0012    -0.0001    27.4902    27.4892    304.417    304.913    1484.40    1484.40     5.3335     5.4113    79.3180    80.4740  0.000e+00
      43198    308.000     7.1401     7.1397    3.56595    3.56578          1     3.0409     2.8379      97.68      0.593     0.1885     0.1915  1.000e-12  0.7015000    35.1158    35.1144    -0.0014    -0.0005    27.4904    27.4894    304.911    305.408    1484.40    1484.40     5.3316     5.4054    79.2880    80.3840  0.000e+00
      43215    308.500     7.1375     7.1365    3.56570    3.56552          1     3.0402     2.8368      97.69      0.695     0.1991     0.1934  1.000e-12  0.8549000    35.1155    35.1145    -0.0010    -0.0010    27.4906    27.4899    305.406    305.904    1484.40    1484.40     5.3297     5.4083    79.2540    80.4200  0.000e+00
      43236    309.000     7.1397     7.1397    3.56595    3.56584          1     3.0397     2.8368      97.69      0.674     0.1924     0.2039  1.000e-12  0.8426000    35.1157    35.1145    -0.0012    -0.0000    27.4904    27.4894    305.900    306.400    1484.42    1484.42     5.3309     5.4140    79.2770    80.5110  0.000e+00
      43278    309.500     7.1377     7.1407    3.56579    3.56595          1     3.0399     2.8368      97.69      0.315     0.1963     0.2052  1.000e-12  0.8051000    35.1157    35.1144    -0.0013     0.0030    27.4907    27.4892    306.395    306.895    1484.42    1484.43     5.3380     5.4169    79.3790    80.5570  0.000e+00
      43318    310.000     7.1411     7.1392    3.56609    3.56585          1     3.0430     2.8376      97.69      0.264     0.1797     0.1823  1.000e-12  0.9603000    35.1153    35.1146    -0.0007    -0.0019    27.4899    27.4896    306.890    307.391    1484.44    1484.43     5.3538     5.4294    79.6200    80.7390  0.000e+00
      43338    310.500     7.1400     7.1440    3.56604    3.56634          1     3.0448     2.8391      97.70      0.453     0.1776     0.1317  1.000e-12  0.9075000    35.1158    35.1149    -0.0008     0.0040    27.4904    27.4892    307.384    307.887    1484.44    1484.46     5.3532     5.4310    79.6080    80.7730  0.000e+00
      43354    311.000     7.1521     7.1522    3.56725    3.56714          1     3.0452     2.8393      97.70      0.612     0.1814     0.1943  1.000e-12  0.8660000    35.1163    35.1151    -0.0012     0.0001    27.4891    27.4881    307.879    308.382    1484.50    1484.50     5.3475     5.4249    79.5460    80.6970  0.000e+00
      43369    311.500     7.1572     7.1543    3.56774    3.56736          1     3.0454     2.8396      97.69      0.732     0.1897     0.2411  1.000e-12  0.8463000    35.1163    35.1152    -0.0012    -0.0029    27.4884    27.4879    308.374    308.878    1484.53    1484.52     5.3446     5.4247    79.5130    80.6980  0.000e+00
      43387    312.000     7.1605     7.1567    3.56808    3.56759          1     3.0452     2.8397      97.70      0.760     0.1902     0.2355  1.000e-12  0.8498000    35.1165    35.1150    -0.0014    -0.0038    27.4881    27.4875    308.868    309.374    1484.55    1484.53     5.3420     5.4236    79.4790    80.6870  0.000e+00
      43420    312.500     7.1530     7.1494    3.56737    3.56696          1     3.0444     2.8397      97.71      0.465     0.1886     0.2238  1.000e-12  0.8346000    35.1161    35.1153    -0.0008    -0.0036    27.4888    27.4887    309.363    309.869    1484.53    1484.51     5.3431     5.4242    79.4830    80.6820  0.000e+00
      43464    313.000     7.1467     7.1474    3.56682    3.56675          1     3.0440     2.8401      97.70      0.251     0.1783     0.2182  1.000e-12  0.8296000    35.1161    35.1147    -0.0014     0.0007    27.4897    27.4885    309.857    310.365    1484.51    1484.51     5.3415     5.4291    79.4470    80.7510  0.000e+00
      43492    313.500     7.1490     7.1498    3.56704    3.56701          1     3.0433     2.8405      97.71      0.376     0.1771     0.2390  1.000e-12  0.8694000    35.1159    35.1149    -0.0011     0.0008    27.4893    27.4883    310.352    310.860    1484.53    1484.53     5.3402     5.4234    79.4310    80.6710  0.000e+00
      43516    314.000     7.1505     7.1534    3.56722    3.56737          1     3.0427     2.8395      97.71      0.471     0.1798     0.2040  1.000e-12  0.8381000    35.1162    35.1149    -0.0013     0.0029    27.4893    27.4879    310.847    311.356    1484.54    1484.55     5.3371     5.4119    79.3880    80.5070  0.000e+00
