ctdpy/tests/etc/exprapp_feb_2020/SBE09_1387_20200210_1012_77_10_0135.cnv
* Sea-Bird SBE 9 Data File:
* FileName = L:\2020\sv20d0135.hex
* Software Version Seasave V 7.26.7.121
* Temperature SN = 6378
* Conductivity SN = 4824
* Number of Bytes Per Scan = 41
* Number of Voltage Words = 4
* Number of Scans Averaged by the Deck Unit = 1
* NMEA Latitude = 57 04.50 N
* NMEA Longitude = 019 50.70 E
* NMEA UTC (Time) = Feb 10 2020  10:12:32
* NMEA baud rate = 4800
** Station:  BY11
** Operator:  SSip
** Ship: SVEA
** Average sound velocity: 1447.92 m/s
** True-depth calculation Mon, 10 Feb 2020 12:25:02 +0000
** CTD Python Module SMHI /ver 3-12/ feb 2012 
** LIMS Job: 20207710-0135
** Cruise: SMHI-03-2020
** Latitude [GG MM.mm N] :
** Longitude [GGG MM.mm E]:
# nquan = 30
# nvalues = 392                         
# units = specified
# name 0 = scan: Scan Count
# name 1 = prDM: Pressure, Digiquartz [db]
# name 2 = t090C: Temperature [ITS-90, deg C]
# name 3 = t190C: Temperature, 2 [ITS-90, deg C]
# name 4 = c0S/m: Conductivity [S/m]
# name 5 = c1S/m: Conductivity, 2 [S/m]
# name 6 = pumps: Pump Status
# name 7 = sbeox0V: Oxygen raw, SBE 43 [V]
# name 8 = sbeox1V: Oxygen raw, SBE 43, 2 [V]
# name 9 = altM: Altimeter [m]
# name 10 = dz/dtM: Descent Rate [m/s]
# name 11 = flECO-AFL: Chl-a Fluorescence, WET Labs ECO-AFL/FL [mg/m^3]
# name 12 = flECO-AFL1: Phycocyanin Fluorescence, WET Labs ECO-AFL/FL, 2 [mg/m^3]
# name 13 = par: PAR/Irradiance, Biospherical/Lico [µE/(cm^2*s)]
# name 14 = turbWETntu0: Turbidity, WET Labs ECO [NTU]
# name 15 = sal00: Salinity, Practical [PSU]
# name 16 = sal11: Salinity, Practical, 2 [PSU]
# name 17 = secS-priS: Salinity, Practical, Difference, 2 - 1 [PSU]
# name 18 = T2-T190C: Temperature Difference, 2 - 1 [ITS-90, deg C]
# name 19 = sigma-t00: Density [sigma-t, kg/m^3 ]
# name 20 = sigma-t11: Density, 2 [sigma-t, kg/m^3 ]
# name 21 = depSM: Depth [salt water, m], lat = 57.075
# name 22 = depFM: Depth [true depth, m], lat = 57.075
# name 23 = svCM: Sound Velocity [Chen-Millero, m/s]
# name 24 = svCM1: Sound Velocity, 2 [Chen-Millero, m/s]
# name 25 = sbeox0ML/L: Oxygen, SBE 43 [ml/l], WS = 2
# name 26 = sbeox1ML/L: Oxygen, SBE 43, 2 [ml/l], WS = 2
# name 27 = sbeox0PS: Oxygen, SBE 43 [% saturation], WS = 2
# name 28 = sbeox1PS: Oxygen, SBE 43, 2 [% saturation], WS = 2
# name 29 = flag: flag
# span 0 =      21823,      33235       
# span 1 =      3.500,    199.000       
# span 2 =     4.9804,     7.4822       
# span 3 =     4.9801,     7.4820       
# span 4 =   0.799978,   1.453728       
# span 5 =   0.800013,   1.453918       
# span 6 =          1,          1       
# span 7 =     0.7401,     3.5318       
# span 8 =     0.7244,     3.2934       
# span 9 =      -0.17,     100.07       
# span 10 =     -0.144,      1.872      
# span 11 =     0.3305,     0.4648      
# span 12 =     0.1428,     0.3284      
# span 13 = -2.349e-05, 7.8673e+01      
# span 14 =     0.1037,     0.9821      
# span 15 =     7.3798,    13.1236      
# span 16 =     7.3805,    13.1255      
# span 17 =    -0.1413,     0.0927      
# span 18 =    -0.0516,     0.0498      
# span 19 =     5.8355,    10.2172      
# span 20 =     5.8360,    10.2187      
# span 21 =      3.468,    197.076      
# span 22 =      3.544,    200.992      
# span 23 =    1435.65,    1455.49      
# span 24 =    1435.65,    1455.50      
# span 25 =     0.0386,     7.9146      
# span 26 =     0.0680,     8.0518      
# span 27 =      0.498,     92.991      
# span 28 =      0.877,     94.604      
# span 29 = 0.0000e+00, 0.0000e+00      
# interval = decibars: 0.5              
# start_time = Feb 10 2020 10:12:32 [NMEA time, first data scan]
# bad_flag = -9.990e-29
*END*
[from data line 146]
      25822     76.500     6.6284     6.6397    1.24247    1.24435          1     0.7628     0.7534      96.53      0.905     0.4068     0.2309  1.000e-12  0.8567000    11.2834    11.2981     0.0148     0.0113     8.8202     8.8310     75.783     77.429    1448.80    1448.86     0.1201     0.1705     1.5090     2.1430  0.000e+00
      25941     77.000     6.5449     6.5477    1.22984    1.22949          1     0.7649     0.7528      96.55      0.248     0.4076     0.2386  1.000e-12  0.7333000    11.1865    11.1823    -0.0043     0.0028     8.7502     8.7467     76.278     77.933    1448.34    1448.34     0.1114     0.1595     1.3960     1.9980  0.000e+00
      25949     77.500     6.6051     6.6180    1.23885    1.24054          1     0.7661     0.7540      96.50      0.525     0.3990     0.2324  1.000e-12  0.5470000    11.2554    11.2677     0.0123     0.0129     8.8000     8.8086     76.773     78.438    1448.68    1448.75     0.1354     0.1882     1.7000     2.3640  0.000e+00
      25959     78.000     6.7492     6.7541    1.25965    1.26025          1     0.7682     0.7555      96.53      0.751     0.3934     0.2316  1.000e-12  0.4535000    11.4118    11.4161     0.0043     0.0049     8.9121     8.9151     77.268     78.943    1449.49    1449.51     0.1539     0.2092     1.9400     2.6390  0.000e+00
      25967     78.500     6.7922     6.7937    1.26695    1.26721          1     0.7719     0.7576      96.55      0.963     0.3941     0.2309  1.000e-12  0.4423000    11.4689    11.4710     0.0021     0.0016     8.9537     8.9552     77.764     79.448    1449.75    1449.75     0.1688     0.2257     2.1310     2.8510  0.000e+00
      25976     79.000     6.8203     6.8214    1.27090    1.27115          1     0.7750     0.7604      96.53      1.151     0.3935     0.2204  1.000e-12  0.1471000    11.4982    11.5002     0.0021     0.0011     8.9745     8.9760     78.259     79.952    1449.91    1449.92     0.1763     0.2364     2.2290     2.9880  0.000e+00
      25984     79.500     6.8335     6.8336    1.27375    1.27389          1     0.7778     0.7627      96.53      1.301     0.3946     0.2197  1.000e-12  0.1218000    11.5215    11.5228     0.0013     0.0001     8.9918     8.9928     78.754     80.457    1450.00    1450.00     0.1754     0.2360     2.2180     2.9840  0.000e+00
      25993     80.000     6.8538     6.8551    1.27639    1.27658          1     0.7792     0.7649      95.44      1.398     0.3945     0.2151  1.000e-12  0.1226000    11.5404    11.5418     0.0015     0.0013     9.0051     9.0062     79.249     80.962    1450.12    1450.12     0.1684     0.2252     2.1300     2.8500  0.000e+00
      26003     80.500     6.9260     6.9282    1.28267    1.28293          1     0.7807     0.7659      70.69      1.397     0.3827     0.1722  1.000e-12  0.1333000    11.5775    11.5793     0.0018     0.0023     9.0286     9.0299     79.745     81.467    1450.47    1450.48     0.1600     0.2032     2.0280     2.5770  0.000e+00
      26029     81.000     6.9773     6.9769    1.28558    1.28557          1     0.7828     0.7666      92.44      1.082     0.3782     0.1900  1.000e-12  0.1550000    11.5885    11.5885     0.0000    -0.0004     9.0331     9.0332     80.240     81.971    1450.70    1450.70     0.1546     0.1872     1.9620     2.3750  0.000e+00
      26144     81.500     6.8562     6.8774    1.27165    1.27435          1     0.8023     0.7832      96.52      0.582     0.3872     0.1779  1.000e-12  0.3471000    11.4929    11.5122     0.0193     0.0212     8.9676     8.9812     80.735     82.476    1450.09    1450.20     0.2568     0.3275     3.2480     4.1450  0.000e+00
      26155     82.000     7.0408     6.9899    1.29045    1.28579          1     0.8056     0.7866      96.49      0.842     0.3825     0.2068  1.000e-12  0.2621000    11.6145    11.5862    -0.0283    -0.0508     9.0485     9.0303     81.230     82.981    1451.02    1450.77     0.2511     0.3181     3.1930     4.0390  0.000e+00
      26166     82.500     7.1120     7.1088    1.29696    1.29683          1     0.8085     0.7895      96.54      1.044     0.3792     0.2212  1.000e-12  0.2502000    11.6538    11.6536    -0.0002    -0.0031     9.0736     9.0737     81.726     83.486    1451.37    1451.35     0.2432     0.3050     3.0990     3.8860  0.000e+00
      26179     83.000     7.0893     7.0881    1.29730    1.29738          1     0.8096     0.7913      96.54      1.127     0.3701     0.2024  1.000e-12  0.1534000    11.6647    11.6658     0.0012    -0.0013     9.0840     9.0850     82.221     83.990    1451.30    1451.29     0.2318     0.2823     2.9520     3.5960  0.000e+00
      26243     83.500     7.0249     6.9855    1.29085    1.28582          1     0.8137     0.7950      96.51      0.280     0.3780     0.1593  1.000e-12  0.1501000    11.6234    11.5877    -0.0358    -0.0394     9.0568     9.0319     82.716     84.495    1450.99    1450.78     0.2497     0.2995     3.1740     3.8020  0.000e+00
      26273     84.000     7.0413     7.0462    1.29412    1.29311          1     0.8178     0.7986      69.25      0.353     0.3827     0.1737  1.000e-12  0.1809000    11.6497    11.6383    -0.0115     0.0048     9.0761     9.0667     83.211     85.000    1451.09    1451.10     0.2689     0.3253     3.4200     4.1380  0.000e+00
      26283     84.500     7.0869     7.0844    1.30254    1.30250          1     0.8198     0.8008      59.46      0.656     0.3824     0.1872  1.000e-12  0.1952000    11.7162    11.7167     0.0005    -0.0025     9.1246     9.1252     83.706     85.504    1451.37    1451.36     0.2703     0.3291     3.4440     4.1920  0.000e+00
      26293     85.000     7.0919     7.0930    1.30454    1.30478          1     0.8215     0.8022      96.91      0.896     0.3787     0.2206  1.000e-12  0.1761000    11.7339    11.7358     0.0019     0.0011     9.1381     9.1395     84.201     86.009    1451.42    1451.43     0.2708     0.3291     3.4510     4.1930  0.000e+00
      26302     85.500     7.1096     7.1107    1.30584    1.30608          1     0.8222     0.8037      96.50      1.084     0.3706     0.2217  1.000e-12  0.1359000    11.7405    11.7424     0.0019     0.0011     9.1418     9.1432     84.697     86.514    1451.51    1451.52     0.2673     0.3259     3.4070     4.1540  0.000e+00
      26313     86.000     7.1438     7.1445    1.30900    1.30917          1     0.8235     0.8049      96.48      1.199     0.3703     0.1837  1.000e-12  0.1335000    11.7594    11.7609     0.0014     0.0007     9.1539     9.1549     85.192     87.018    1451.69    1451.69     0.2659     0.3197     3.3920     4.0800  0.000e+00
      26326     86.500     7.1580     7.1574    1.31027    1.31035          1     0.8239     0.8058      96.51      1.159     0.3804     0.1761  1.000e-12  0.1338000    11.7669    11.7679     0.0010    -0.0006     9.1586     9.1594     85.687     87.523    1451.76    1451.76     0.2592     0.3071     3.3090     3.9200  0.000e+00
      26399     87.000     7.1389     7.1518    1.30786    1.30991          1     0.8241     0.8066      96.50      0.576     0.3818     0.2208  1.000e-12  0.1627000    11.7498    11.7655     0.0156     0.0130     9.1467     9.1579     86.182     88.028    1451.67    1451.74     0.2668     0.3129     3.4040     3.9940  0.000e+00
      26474     87.500     7.1563     7.1474    1.31093    1.30952          1     0.8285     0.8104      96.49      0.519     0.3705     0.1714  1.000e-12  0.2002000    11.7738    11.7630    -0.0108    -0.0089     9.1641     9.1564     86.677     88.532    1451.78    1451.73     0.3221     0.3760     4.1110     4.7990  0.000e+00
      26485     88.000     7.1333     7.1277    1.30981    1.30894          1     0.8340     0.8143      96.48      0.759     0.3701     0.1742  1.000e-12  0.2005000    11.7705    11.7640    -0.0065    -0.0056     9.1634     9.1587     87.173     89.037    1451.69    1451.66     0.3557     0.4147     4.5370     5.2890  0.000e+00
      26496     88.500     7.1379     7.1370    1.31265    1.31242          1     0.8411     0.8192      96.50      0.934     0.3690     0.2169  1.000e-12  0.1580000    11.7965    11.7946    -0.0019    -0.0010     9.1834     9.1820     87.668     89.541    1451.75    1451.74     0.3791     0.4441     4.8380     5.6670  0.000e+00
      26506     89.000     7.1520     7.1518    1.31410    1.31421          1     0.8470     0.8244      96.48      1.054     0.3702     0.2329  1.000e-12  0.1448000    11.8058    11.8068     0.0011    -0.0002     9.1895     9.1903     88.163     90.046    1451.83    1451.83     0.3866     0.4596     4.9360     5.8670  0.000e+00
      26518     89.500     7.1994     7.2026    1.31720    1.31754          1     0.8521     0.8295      96.49      1.108     0.3764     0.2189  1.000e-12  0.1457000    11.8196    11.8218     0.0022     0.0032     9.1964     9.1979     88.658     90.551    1452.05    1452.06     0.3837     0.4609     4.9050     5.8910  0.000e+00
      26531     90.000     7.2792     7.2833    1.32293    1.32355          1     0.8562     0.8342      96.47      1.072     0.3824     0.1905  1.000e-12  0.1457000    11.8478    11.8525     0.0046     0.0041     9.2119     9.2152     89.153     91.055    1452.42    1452.44     0.3739     0.4498     4.7900     5.7620  0.000e+00
      26557     90.500     7.3412     7.3438    1.32723    1.32776          1     0.8582     0.8378      92.44      0.798     0.3717     0.2330  1.000e-12  0.1459000    11.8682    11.8724     0.0042     0.0026     9.2227     9.2258     89.649     91.560    1452.71    1452.72     0.3474     0.4096     4.4580     5.2560  0.000e+00
      26665     91.000     7.2516     7.3014    1.32051    1.32560          1     0.8505     0.8332      44.57      0.183     0.3568     0.1716  1.000e-12  0.1461000    11.8335    11.8660     0.0325     0.0498     9.2030     9.2243     90.144     92.065    1452.30    1452.55     0.3192     0.3618     4.0850     4.6370  0.000e+00
      26673     91.500     7.3129     7.2898    1.32844    1.32581          1     0.8497     0.8321      98.50      0.519     0.3702     0.1765  1.000e-12  0.1520000    11.8894    11.8718    -0.0176    -0.0231     9.2417     9.2299     90.639     92.569    1452.63    1452.52     0.3151     0.3584     4.0400     4.5930  0.000e+00
      26682     92.000     7.3094     7.3105    1.32882    1.32910          1     0.8491     0.8316      96.42      0.769     0.3702     0.1896  1.000e-12  0.1518000    11.8942    11.8966     0.0024     0.0011     9.2457     9.2475     91.134     93.074    1452.63    1452.64     0.3143     0.3611     4.0300     4.6300  0.000e+00
      26691     92.500     7.2959     7.2934    1.32916    1.32929          1     0.8489     0.8309      96.44      0.993     0.3827     0.1894  1.000e-12  0.1546000    11.9020    11.9041     0.0021    -0.0025     9.2530     9.2549     91.629     93.578    1452.59    1452.59     0.3151     0.3639     4.0390     4.6650  0.000e+00
      26700     93.000     7.2606     7.2561    1.32959    1.32955          1     0.8483     0.8308      96.43      1.181     0.3945     0.1983  1.000e-12  0.1579000    11.9182    11.9194     0.0012    -0.0046     9.2687     9.2700     92.125     94.083    1452.48    1452.46     0.3160     0.3654     4.0470     4.6810  0.000e+00
      26713     93.500     7.2463     7.2440    1.32938    1.32936          1     0.8479     0.8305      66.86      1.253     0.3900     0.2176  1.000e-12  0.1746000    11.9211    11.9216     0.0006    -0.0023     9.2721     9.2728     92.620     94.588    1452.43    1452.42     0.3206     0.3677     4.1050     4.7090  0.000e+00
      26810     94.000     7.2557     7.2500    1.32699    1.32794          1     0.8477     0.8279      99.25      0.474     0.3816     0.1930  1.000e-12  0.1643000    11.8945    11.9056     0.0112    -0.0057     9.2505     9.2597     93.115     95.092    1452.44    1452.43     0.3144     0.3586     4.0260     4.5920  0.000e+00
      26837     94.500     7.2477     7.2481    1.32727    1.32757          1     0.8466     0.8271      72.19      0.637     0.3824     0.1630  1.000e-12  0.1530000    11.8999    11.9027     0.0028     0.0004     9.2554     9.2576     93.610     95.597    1452.43    1452.43     0.3082     0.3529     3.9460     4.5190  0.000e+00
      26847     95.000     7.1966     7.1931    1.32760    1.32764          1     0.8460     0.8270      47.96      0.867     0.3824     0.1632  1.000e-12  0.1640000    11.9206    11.9221     0.0016    -0.0036     9.2759     9.2774     94.105     96.101    1452.25    1452.24     0.3073     0.3537     3.9310     4.5230  0.000e+00
      26856     95.500     7.1559     7.1551    1.32817    1.32841          1     0.8453     0.8261      89.62      1.046     0.3824     0.1678  1.000e-12  0.1640000    11.9400    11.9426     0.0026    -0.0008     9.2945     9.2966     94.600     96.606    1452.11    1452.11     0.3082     0.3527     3.9390     4.5060  0.000e+00
      26865     96.000     7.1733     7.1741    1.33103    1.33121          1     0.8450     0.8259      96.25      1.184     0.3824     0.2333  1.000e-12  0.1543000    11.9618    11.9633     0.0015     0.0008     9.3101     9.3112     95.096     97.111    1452.22    1452.22     0.3078     0.3530     3.9350     4.5140  0.000e+00
      26877     96.500     7.2146     7.2148    1.33393    1.33408          1     0.8450     0.8259      96.42      1.235     0.3824     0.2384  1.000e-12  0.1462000    11.9756    11.9770     0.0014     0.0002     9.3175     9.3186     95.591     97.615    1452.41    1452.42     0.3080     0.3539     3.9430     4.5300  0.000e+00
      26898     97.000     7.2496     7.2499    1.33603    1.33615          1     0.8443     0.8253      96.42      1.002     0.3744     0.2129  1.000e-12  0.1458000    11.9838    11.9849     0.0011     0.0003     9.3210     9.3218     96.086     98.120    1452.58    1452.58     0.3080     0.3558     3.9460     4.5580  0.000e+00
      27023     97.500     7.2275     7.2270    1.32896    1.33104          1     0.8481     0.8271      96.41      0.152     0.3915     0.2096  1.000e-12  0.1497000    11.9227    11.9431     0.0204    -0.0005     9.2749     9.2909     96.581     98.624    1452.42    1452.44     0.3229     0.3683     4.1330     4.7150  0.000e+00
      27034     98.000     7.2520     7.2428    1.33786    1.33620          1     0.8474     0.8271      96.42      0.463     0.3906     0.1742  1.000e-12  0.1506000    12.0006    11.9876    -0.0129    -0.0093     9.3339     9.3246     97.076     99.129    1452.62    1452.57     0.3110     0.3582     3.9850     4.5890  0.000e+00
      27048     98.500     7.2960     7.2850    1.34176    1.34011          1     0.8464     0.8266      96.45      0.654     0.3710     0.2309  1.000e-12  0.1466000    12.0231    12.0109    -0.0122    -0.0111     9.3479     9.3393     97.572     99.633    1452.84    1452.78     0.3033     0.3480     3.8910     4.4630  0.000e+00
      27060     99.000     7.2400     7.2384    1.34115    1.34126          1     0.8448     0.8257      96.43      0.809     0.3732     0.2391  1.000e-12  0.1469000    12.0364    12.0381     0.0017    -0.0016     9.3631     9.3645     98.067    100.138    1452.64    1452.63     0.2957     0.3406     3.7880     4.3630  0.000e+00
      27071     99.500     7.2165     7.2156    1.34192    1.34207          1     0.8438     0.8247      96.42      0.934     0.3826     0.2021  1.000e-12  0.1523000    12.0520    12.0538     0.0018    -0.0009     9.3772     9.3787     98.562    100.642    1452.57    1452.57     0.2928     0.3371     3.7500     4.3170  0.000e+00
