ctdpy/tests/etc/exprapp_feb_2020/SBE09_1387_20200204_0534_77_10_0106.cnv
* Sea-Bird SBE 9 Data File:
* FileName = L:\2020\sv20d0106.hex
* Software Version Seasave V 7.26.7.121
* Temperature SN = 6378
* Conductivity SN = 4824
* Number of Bytes Per Scan = 41
* Number of Voltage Words = 4
* Number of Scans Averaged by the Deck Unit = 1
* NMEA Latitude = 58 17.36 N
* NMEA Longitude = 010 51.36 E
* NMEA UTC (Time) = Feb 04 2020  05:34:22
* NMEA baud rate = 4800
** Station:  12W Hallo
** Operator:  A-KTh
** Ship: SVEA
** Average sound velocity: 1480.15 m/s
** True-depth calculation Tue, 04 Feb 2020 10:02:25 +0000
** CTD Python Module SMHI /ver 3-12/ feb 2012 
** LIMS Job: 20207710-0106
** Cruise: SMHI-02-2020
** Latitude [GG MM.mm N] :
** Longitude [GGG MM.mm E]:
# nquan = 30
# nvalues = 272                         
# units = specified
# name 0 = scan: Scan Count
# name 1 = prDM: Pressure, Digiquartz [db]
# name 2 = t090C: Temperature [ITS-90, deg C]
# name 3 = t190C: Temperature, 2 [ITS-90, deg C]
# name 4 = c0S/m: Conductivity [S/m]
# name 5 = c1S/m: Conductivity, 2 [S/m]
# name 6 = pumps: Pump Status
# name 7 = sbeox0V: Oxygen raw, SBE 43 [V]
# name 8 = sbeox1V: Oxygen raw, SBE 43, 2 [V]
# name 9 = altM: Altimeter [m]
# name 10 = dz/dtM: Descent Rate [m/s]
# name 11 = flECO-AFL: Chl-a Fluorescence, WET Labs ECO-AFL/FL [mg/m^3]
# name 12 = flECO-AFL1: Phycocyanin Fluorescence, WET Labs ECO-AFL/FL, 2 [mg/m^3]
# name 13 = par: PAR/Irradiance, Biospherical/Lico [µE/(cm^2*s)]
# name 14 = turbWETntu0: Turbidity, WET Labs ECO [NTU]
# name 15 = sal00: Salinity, Practical [PSU]
# name 16 = sal11: Salinity, Practical, 2 [PSU]
# name 17 = secS-priS: Salinity, Practical, Difference, 2 - 1 [PSU]
# name 18 = T2-T190C: Temperature Difference, 2 - 1 [ITS-90, deg C]
# name 19 = sigma-t00: Density [sigma-t, kg/m^3 ]
# name 20 = sigma-t11: Density, 2 [sigma-t, kg/m^3 ]
# name 21 = depSM: Depth [salt water, m], lat = 58.2893
# name 22 = depFM: Depth [true depth, m], lat = 58.2893
# name 23 = svCM: Sound Velocity [Chen-Millero, m/s]
# name 24 = svCM1: Sound Velocity, 2 [Chen-Millero, m/s]
# name 25 = sbeox0ML/L: Oxygen, SBE 43 [ml/l], WS = 2
# name 26 = sbeox1ML/L: Oxygen, SBE 43, 2 [ml/l], WS = 2
# name 27 = sbeox0PS: Oxygen, SBE 43 [% saturation], WS = 2
# name 28 = sbeox1PS: Oxygen, SBE 43, 2 [% saturation], WS = 2
# name 29 = flag: flag
# span 0 =      36798,      44430       
# span 1 =      1.500,    137.000       
# span 2 =     6.1261,     7.8147       
# span 3 =     6.1263,     7.8142       
# span 4 =   3.183646,   3.617009       
# span 5 =   3.183595,   3.616972       
# span 6 =          1,          1       
# span 7 =     3.4873,     3.5808       
# span 8 =     3.2500,     3.3234       
# span 9 =       1.29,      99.33       
# span 10 =     -0.380,      0.767      
# span 11 =     0.2371,     0.8797      
# span 12 =     0.1097,     0.3766      
# span 13 = 1.0000e-12, 1.9482e+00      
# span 14 =     0.2592,    10.5411      
# span 15 =    32.0342,    35.1064      
# span 16 =    32.0333,    35.1051      
# span 17 =    -0.0679,     0.1132      
# span 18 =    -0.0335,     0.0381      
# span 19 =    25.1943,    27.3940      
# span 20 =    25.1936,    27.3929      
# span 21 =      1.486,    135.682      
# span 22 =      1.490,    135.877      
# span 23 =    1471.53,    1483.96      
# span 24 =    1471.53,    1483.96      
# span 25 =     6.1079,     6.6365      
# span 26 =     6.2065,     6.7367      
# span 27 =     92.209,     94.911      
# span 28 =     93.689,     96.263      
# span 29 = 0.0000e+00, 0.0000e+00      
# interval = decibars: 0.5              
# start_time = Feb 04 2020 05:34:22 [NMEA time, first data scan]
# bad_flag = -9.990e-29
*END*
      36798      1.500     6.1261     6.1263    3.18365    3.18359          1     3.5496     3.3067      97.96     -0.380     0.8797     0.2441  1.948e+00  0.2595000    32.0344    32.0336    -0.0007     0.0002    25.1945    25.1939      1.486      1.490    1471.53    1471.53     6.5480     6.6518    93.2060    94.6840  0.000e+00
      36822      2.000     6.1277     6.1279    3.18382    3.18377          1     3.5488     3.3065      97.97      0.121     0.8372     0.3148  1.641e+00  0.2668000    32.0346    32.0339    -0.0007     0.0002    25.1945    25.1939      1.981      1.987    1471.54    1471.54     6.5479     6.6507    93.2080    94.6720  0.000e+00
      36846      2.500     6.1273     6.1272    3.18377    3.18368          1     3.5491     3.3066      82.28      0.474     0.8288     0.3387  1.493e+00  0.2765000    32.0342    32.0333    -0.0009    -0.0001    25.1943    25.1936      2.477      2.484    1471.55    1471.55     6.5519     6.6539    93.2650    94.7160  0.000e+00
      36883      3.000     6.1280     6.1276    3.18389    3.18376          1     3.5492     3.3075      41.76      0.360     0.8377     0.3134  1.270e+00  0.2732000    32.0346    32.0336    -0.0010    -0.0004    25.1945    25.1937      2.972      2.981    1471.56    1471.56     6.5496     6.6578    93.2340    94.7720  0.000e+00
      36956      3.500     6.1286     6.1282    3.18402    3.18386          1     3.5481     3.3080      78.62      0.129     0.8170     0.2826  8.399e-01  0.2675000    32.0352    32.0339    -0.0013    -0.0005    25.1949    25.1939      3.467      3.477    1471.57    1471.57     6.5487     6.6538    93.2230    94.7170  0.000e+00
      36998      4.000     6.1291     6.1283    3.18409    3.18391          1     3.5479     3.3072      97.76      0.286     0.8062     0.3064  7.636e-01  0.2737000    32.0354    32.0341    -0.0013    -0.0008    25.1950    25.1940      3.963      3.974    1471.58    1471.58     6.5458     6.6451    93.1830    94.5930  0.000e+00
      37029      4.500     6.1301     6.1301    3.18426    3.18416          1     3.5471     3.3060      97.98      0.398     0.8131     0.2989  5.770e-01  0.2801000    32.0361    32.0350    -0.0011    -0.0000    25.1954    25.1945      4.458      4.471    1471.60    1471.59     6.5456     6.6448    93.1820    94.5930  0.000e+00
      37058      5.000     6.1308     6.1305    3.18437    3.18425          1     3.5472     3.3056      97.98      0.381     0.8043     0.3245  4.762e-01  0.2839000    32.0364    32.0353    -0.0011    -0.0003    25.1956    25.1948      4.954      4.968    1471.61    1471.60     6.5491     6.6465    93.2330    94.6190  0.000e+00
      37087      5.500     6.1294     6.1295    3.18420    3.18415          1     3.5473     3.3052      97.98      0.439     0.8045     0.3335  3.856e-01  0.2886000    32.0356    32.0348    -0.0007     0.0001    25.1951    25.1945      5.449      5.464    1471.61    1471.61     6.5459     6.6498    93.1840    94.6630  0.000e+00
      37132      6.000     6.1293     6.1302    3.18420    3.18427          1     3.5457     3.3055      49.44      0.235     0.8291     0.3182  3.048e-01  0.2641000    32.0354    32.0353    -0.0001     0.0009    25.1950    25.1948      5.944      5.961    1471.62    1471.62     6.5433     6.6514    93.1480    94.6870  0.000e+00
      37156      6.500     6.1329     6.1326    3.18472    3.18462          1     3.5460     3.3054       7.29      0.349     0.8267     0.3161  2.221e-01  0.2592000    32.0376    32.0368    -0.0008    -0.0004    25.1962    25.1957      6.440      6.458    1471.64    1471.64     6.5497     6.6507    93.2480    94.6840  0.000e+00
      37173      7.000     6.1327     6.1315    3.18473    3.18452          1     3.5468     3.3055      41.65      0.573     0.8178     0.3389  1.745e-01  0.2921000    32.0376    32.0363    -0.0013    -0.0012    25.1963    25.1954      6.935      6.955    1471.65    1471.64     6.5512     6.6492    93.2680    94.6610  0.000e+00
      37192      7.500     6.1332     6.1317    3.18482    3.18452          1     3.5470     3.3051      39.66      0.673     0.8267     0.3277  1.381e-01  0.3010000    32.0379    32.0361    -0.0018    -0.0016    25.1964    25.1952      7.430      7.451    1471.66    1471.65     6.5492     6.6482    93.2410    94.6460  0.000e+00
      37216      8.000     6.1320     6.1333    3.18473    3.18481          1     3.5470     3.3050      60.64      0.586     0.8205     0.3422  1.191e-01  0.2925000    32.0378    32.0374    -0.0004     0.0014    25.1965    25.1961      7.926      7.948    1471.66    1471.67     6.5487     6.6497    93.2310    94.6720  0.000e+00
      37247      8.500     6.1396     6.1433    3.18582    3.18620          1     3.5465     3.3048      60.28      0.413     0.8240     0.3319  8.145e-02  0.2896000    32.0425    32.0433     0.0008     0.0037    25.1993    25.1995      8.421      8.445    1471.71    1471.72     6.5455     6.6466    93.2050    94.6530  0.000e+00
      37279      9.000     6.1384     6.1379    3.18560    3.18556          1     3.5463     3.3050      82.39      0.370     0.8076     0.3243  4.968e-02  0.2769000    32.0410    32.0409    -0.0001    -0.0004    25.1983    25.1983      8.916      8.942    1471.71    1471.71     6.5461     6.6537    93.2100    94.7410  0.000e+00
      37308      9.500     6.1459     6.1499    3.18665    3.18714          1     3.5459     3.3049      89.67      0.394     0.8043     0.3281  2.221e-02  0.2862000    32.0453    32.0470     0.0017     0.0040    25.2007    25.2016      9.412      9.438    1471.75    1471.77     6.5451     6.6427    93.2140    94.6150  0.000e+00
      37335     10.000     6.1539     6.1520    3.18786    3.18753          1     3.5459     3.3042      93.18      0.442     0.7868     0.3448  1.337e-02  0.2833000    32.0510    32.0491    -0.0019    -0.0019    25.2042    25.2030      9.907      9.935    1471.80    1471.79     6.5437     6.6430    93.2160    94.6250  0.000e+00
      37360     10.500     6.1509     6.1472    3.18747    3.18701          1     3.5454     3.3039      97.98      0.466     0.7863     0.3522  6.176e-03  0.2800000    32.0493    32.0476    -0.0017    -0.0037    25.2033    25.2024     10.402     10.432    1471.79    1471.78     6.5406     6.6409    93.1640    94.5840  0.000e+00
      37383     11.000     6.1491     6.1501    3.18730    3.18727          1     3.5450     3.3029      98.01      0.489     0.7847     0.2959  1.182e-05  0.2803000    32.0488    32.0476    -0.0012     0.0009    25.2031    25.2021     10.897     10.929    1471.79    1471.80     6.5454     6.6403    93.2290    94.5810  0.000e+00
      37405     11.500     6.1541     6.1504    3.18796    3.18736          1     3.5457     3.3030      67.86      0.531     0.7984     0.3241  3.109e-10  0.2832000    32.0511    32.0480    -0.0031    -0.0038    25.2043    25.2023     11.393     11.425    1471.83    1471.81     6.5477     6.6471    93.2740    94.6790  0.000e+00
      37426     12.000     6.1526     6.1522    3.18777    3.18766          1     3.5459     3.3033      20.84      0.563     0.8042     0.3292  1.000e-12  0.2922000    32.0502    32.0494    -0.0008    -0.0004    25.2038    25.2032     11.888     11.922    1471.83    1471.82     6.5493     6.6463    93.2930    94.6730  0.000e+00
      37450     12.500     6.1522     6.1520    3.18772    3.18763          1     3.5466     3.3030      54.19      0.532     0.8075     0.3201  1.000e-12  0.2927000    32.0499    32.0491    -0.0008    -0.0002    25.2036    25.2029     12.383     12.419    1471.83    1471.83     6.5485     6.6440    93.2800    94.6390  0.000e+00
      37476     13.000     6.1519     6.1518    3.18775    3.18763          1     3.5465     3.3029      27.15      0.473     0.8249     0.3194  1.000e-12  0.2971000    32.0502    32.0490    -0.0013    -0.0001    25.2039    25.2029     12.879     12.916    1471.84    1471.84     6.5535     6.6405    93.3500    94.5900  0.000e+00
      37502     13.500     6.1620     6.1648    3.18923    3.18962          1     3.5481     3.3018      24.90      0.462     0.8073     0.3274  1.000e-12  0.2940000    32.0569    32.0587     0.0018     0.0028    25.2079    25.2090     13.374     13.412    1471.90    1471.91     6.5546     6.6338    93.3930    94.5280  0.000e+00
      37525     14.000     6.1827     6.1760    3.19254    3.19148          1     3.5480     3.3014      56.71      0.497     0.8154     0.3290  1.000e-12  0.3043000    32.0740    32.0685    -0.0055    -0.0067    25.2189    25.2153     13.869     13.909    1472.01    1471.97     6.5439     6.6376    93.2960    94.6130  0.000e+00
      37547     14.500     6.1923     6.1968    3.19394    3.19460          1     3.5475     3.3017      70.88      0.533     0.8037     0.3382  1.000e-12  0.3041000    32.0803    32.0834     0.0031     0.0045    25.2227    25.2245     14.365     14.406    1472.06    1472.08     6.5491     6.6484    93.3950    94.8240  0.000e+00
      37570     15.000     6.2367     6.2342    3.20112    3.20084          1     3.5502     3.3048      70.33      0.541     0.8491     0.3766  1.000e-12  0.3153000    32.1178    32.1171    -0.0008    -0.0025    25.2468    25.2465     14.860     14.903    1472.29    1472.28     6.5767     6.6927    93.9090    95.5600  0.000e+00
      37594     15.500     6.2599     6.2582    3.20620    3.20592          1     3.5622     3.3151      90.49      0.507     0.8101     0.3520  1.000e-12  0.3112000    32.1521    32.1506    -0.0015    -0.0017    25.2710    25.2700     15.355     15.399    1472.44    1472.43     6.6301     6.7367    94.7440    96.2630  0.000e+00
      37620     16.000     6.2812     6.2884    3.21215    3.21362          1     3.5753     3.3229      91.45      0.467     0.8038     0.2699  1.000e-12  0.2930000    32.1977    32.2073     0.0096     0.0072    25.3043    25.3109     15.851     15.896    1472.59    1472.63     6.6365     6.7038    94.9110    95.8960  0.000e+00
      37647     16.500     6.4095     6.4332    3.24093    3.24623          1     3.5808     3.3234      98.13      0.450     0.7519     0.3012  1.000e-12  0.3215000    32.3949    32.4310     0.0360     0.0237    25.4438    25.4692     16.346     16.393    1473.35    1473.49     6.5615     6.6057    94.2420    94.9520  0.000e+00
      37671     17.000     6.8093     6.8474    3.34518    3.35877          1     3.5731     3.3174      98.01      0.475     0.6954     0.3149  1.000e-12  0.3044000    33.1610    33.2743     0.1132     0.0381    25.9956    26.0799     16.841     16.889    1475.89    1476.18     6.4123     6.4642    93.4260    94.3370  0.000e+00
      37692     17.500     7.0848     7.1077    3.41878    3.42360          1     3.5650     3.3119      98.01      0.530     0.5943     0.3124  1.000e-12  0.3094000    33.7011    33.7314     0.0303     0.0229    26.3839    26.4046     17.337     17.385    1477.65    1477.77     6.3304     6.3929    93.1510    94.1400  0.000e+00
      37716     18.000     7.3644     7.3309    3.49700    3.48772          1     3.5575     3.3069      38.04      0.542     0.4850     0.2906  1.000e-12  0.2870000    34.2801    34.2122    -0.0679    -0.0335    26.8007    26.7520     17.832     17.881    1479.46    1479.24     6.2510     6.3399    92.9250    94.1340  0.000e+00
      37743     18.500     7.3773     7.3555    3.50996    3.50514          1     3.5502     3.3039      49.42      0.466     0.4230     0.2366  1.000e-12  0.4305000    34.4084    34.3774    -0.0310    -0.0218    26.8999    26.8786     18.327     18.377    1479.68    1479.55     6.2391     6.3380    92.8530    94.2600  0.000e+00
      37769     19.000     7.3638     7.3583    3.52052    3.52058          1     3.5460     3.3015      73.69      0.440     0.4386     0.2524  1.000e-12  0.6650000    34.5367    34.5428     0.0061    -0.0054    27.0028    27.0084     18.823     18.873    1479.79    1479.78     6.2366     6.3213    92.8660    94.1200  0.000e+00
      37793     19.500     7.3444     7.3399    3.52500    3.52469          1     3.5438     3.2992      81.72      0.478     0.4149     0.2651  1.000e-12  0.8927000    34.6047    34.6059     0.0012    -0.0046    27.0590    27.0606     19.318     19.369    1479.81    1479.79     6.2388     6.3279    92.8990    94.2170  0.000e+00
      37816     20.000     7.3348     7.3314    3.52604    3.52572          1     3.5428     3.2990      87.69      0.514     0.4060     0.2653  1.000e-12  1.0578000    34.6254    34.6253    -0.0002    -0.0034    27.0767    27.0770     19.813     19.865    1479.81    1479.79     6.2399     6.3309    92.9090    94.2560  0.000e+00
      37840     20.500     7.3237     7.3193    3.52669    3.52643          1     3.5417     3.2980      97.72      0.525     0.3835     0.2361  1.000e-12  1.1406000    34.6434    34.6450     0.0017    -0.0045    27.0924    27.0943     20.309     20.361    1479.80    1479.78     6.2393     6.3318    92.8860    94.2550  0.000e+00
      37865     21.000     7.3127     7.3107    3.52721    3.52682          1     3.5411     3.2978      98.02      0.493     0.3995     0.2203  1.000e-12  1.3864000    34.6598    34.6576    -0.0022    -0.0020    27.1069    27.1055     20.804     20.857    1479.78    1479.77     6.2425     6.3355    92.9210    94.3000  0.000e+00
      37890     21.500     7.3111     7.3079    3.52728    3.52664          1     3.5408     3.2979      98.02      0.471     0.4108     0.2559  1.000e-12  1.4203000    34.6620    34.6581    -0.0039    -0.0032    27.1088    27.1062     21.299     21.353    1479.79    1479.77     6.2410     6.3383    92.8980    94.3360  0.000e+00
      37916     22.000     7.3106     7.3087    3.52711    3.52685          1     3.5400     3.2979      43.86      0.465     0.4125     0.2763  1.000e-12  1.3775000    34.6603    34.6594    -0.0009    -0.0019    27.1076    27.1072     21.794     21.848    1479.79    1479.78     6.2390     6.3340    92.8650    94.2750  0.000e+00
      37940     22.500     7.3084     7.3067    3.52722    3.52691          1     3.5393     3.2970      66.28      0.486     0.3950     0.2548  1.000e-12  1.5216000    34.6636    34.6619    -0.0017    -0.0017    27.1105    27.1094     22.290     22.344    1479.79    1479.79     6.2382     6.3323    92.8510    94.2460  0.000e+00
      37965     23.000     7.3066     7.3050    3.52721    3.52681          1     3.5387     3.2969      62.88      0.491     0.4017     0.2361  1.000e-12  1.7154000    34.6650    34.6622    -0.0028    -0.0016    27.1119    27.1099     22.785     22.840    1479.80    1479.79     6.2409     6.3362    92.8870    94.3020  0.000e+00
      37993     23.500     7.3064     7.3058    3.52714    3.52701          1     3.5394     3.2966      53.30      0.442     0.3929     0.2435  1.000e-12  1.5708000    34.6642    34.6634    -0.0009    -0.0006    27.1113    27.1107     23.280     23.336    1479.80    1479.80     6.2472     6.3328    92.9810    94.2530  0.000e+00
      38018     24.000     7.3092     7.3087    3.52757    3.52737          1     3.5404     3.2964      83.39      0.455     0.4057     0.2681  1.000e-12  1.6155000    34.6657    34.6641    -0.0017    -0.0005    27.1120    27.1108     23.776     23.832    1479.83    1479.82     6.2476     6.3387    92.9930    94.3470  0.000e+00
      38039     24.500     7.3099     7.3098    3.52769    3.52751          1     3.5406     3.2968      85.98      0.521     0.4056     0.2663  1.000e-12  1.6647000    34.6661    34.6643    -0.0018    -0.0001    27.1123    27.1108     24.271     24.327    1479.84    1479.84     6.2477     6.3381    92.9970    94.3410  0.000e+00
      38057     25.000     7.3093     7.3092    3.52779    3.52758          1     3.5411     3.2968      75.88      0.594     0.4048     0.2808  1.000e-12  1.6857000    34.6676    34.6654    -0.0022    -0.0001    27.1135    27.1118     24.766     24.823    1479.84    1479.84     6.2481     6.3389    93.0020    94.3520  0.000e+00
