ctdpy/tests/etc/exprapp_feb_2020/SBE09_1387_20200213_2125_77_10_0148.cnv
* Sea-Bird SBE 9 Data File:
* FileName = L:\2020\sv20d0148.hex
* Software Version Seasave V 7.26.7.121
* Temperature SN = 6378
* Conductivity SN = 4824
* Number of Bytes Per Scan = 41
* Number of Voltage Words = 4
* Number of Scans Averaged by the Deck Unit = 1
* NMEA Latitude = 55 37.04 N
* NMEA Longitude = 014 52.02 E
* NMEA UTC (Time) = Feb 13 2020  21:25:32
* NMEA baud rate = 4800
** Station:  Hanöbukten
** Operator:  SSip
** Ship: SVEA
** Average sound velocity: 1450.33 m/s
** True-depth calculation Thu, 13 Feb 2020 22:26:31 +0000
** CTD Python Module SMHI /ver 3-12/ feb 2012 
** LIMS Job: 20207710-0148
** Cruise: SMHI-02-2020
** Latitude [GG MM.mm N] :
** Longitude [GGG MM.mm E]:
# nquan = 30
# nvalues = 152                         
# units = specified
# name 0 = scan: Scan Count
# name 1 = prDM: Pressure, Digiquartz [db]
# name 2 = t090C: Temperature [ITS-90, deg C]
# name 3 = t190C: Temperature, 2 [ITS-90, deg C]
# name 4 = c0S/m: Conductivity [S/m]
# name 5 = c1S/m: Conductivity, 2 [S/m]
# name 6 = pumps: Pump Status
# name 7 = sbeox0V: Oxygen raw, SBE 43 [V]
# name 8 = sbeox1V: Oxygen raw, SBE 43, 2 [V]
# name 9 = altM: Altimeter [m]
# name 10 = dz/dtM: Descent Rate [m/s]
# name 11 = flECO-AFL: Chl-a Fluorescence, WET Labs ECO-AFL/FL [mg/m^3]
# name 12 = flECO-AFL1: Phycocyanin Fluorescence, WET Labs ECO-AFL/FL, 2 [mg/m^3]
# name 13 = par: PAR/Irradiance, Biospherical/Lico [µE/(cm^2*s)]
# name 14 = turbWETntu0: Turbidity, WET Labs ECO [NTU]
# name 15 = sal00: Salinity, Practical [PSU]
# name 16 = sal11: Salinity, Practical, 2 [PSU]
# name 17 = secS-priS: Salinity, Practical, Difference, 2 - 1 [PSU]
# name 18 = T2-T190C: Temperature Difference, 2 - 1 [ITS-90, deg C]
# name 19 = sigma-t00: Density [sigma-t, kg/m^3 ]
# name 20 = sigma-t11: Density, 2 [sigma-t, kg/m^3 ]
# name 21 = depSM: Depth [salt water, m], lat = 55.6173
# name 22 = depFM: Depth [true depth, m], lat = 55.6173
# name 23 = svCM: Sound Velocity [Chen-Millero, m/s]
# name 24 = svCM1: Sound Velocity, 2 [Chen-Millero, m/s]
# name 25 = sbeox0ML/L: Oxygen, SBE 43 [ml/l], WS = 2
# name 26 = sbeox1ML/L: Oxygen, SBE 43, 2 [ml/l], WS = 2
# name 27 = sbeox0PS: Oxygen, SBE 43 [% saturation], WS = 2
# name 28 = sbeox1PS: Oxygen, SBE 43, 2 [% saturation], WS = 2
# name 29 = flag: flag
# span 0 =      21613,      29562       
# span 1 =      1.500,     77.000       
# span 2 =     5.6015,     9.8779       
# span 3 =     5.6013,     9.8766       
# span 4 =   0.867697,   1.923912       
# span 5 =   0.867780,   1.920073       
# span 6 =          1,          1       
# span 7 =     1.6142,     3.5162       
# span 8 =     1.5262,     3.2821       
# span 9 =       1.07,      97.10       
# span 10 =     -0.235,      0.679      
# span 11 =     0.2863,     0.6416      
# span 12 =     0.1609,     0.3261      
# span 13 = -1.971e-05, 1.4277e+00      
# span 14 =     0.1262,     0.8694      
# span 15 =     7.9054,    17.3051      
# span 16 =     7.9063,    17.2618      
# span 17 =    -0.1922,     0.0916      
# span 18 =    -0.1396,     0.1311      
# span 19 =     6.2233,    13.3877      
# span 20 =     6.2240,    13.3524      
# span 21 =      1.486,     76.288      
# span 22 =      1.518,     77.774      
# span 23 =    1439.00,    1464.14      
# span 24 =    1439.00,    1464.14      
# span 25 =     2.1474,     7.7065      
# span 26 =     2.1440,     7.8469      
# span 27 =     29.162,     92.304      
# span 28 =     29.334,     93.982      
# span 29 = 0.0000e+00, 0.0000e+00      
# interval = decibars: 0.5              
# start_time = Feb 13 2020 21:25:32 [NMEA time, first data scan]
# bad_flag = -9.990e-29
*END*
      21613      1.500     5.6045     5.6040    0.86770    0.86779          1     3.5156     3.2820      92.79     -0.235     0.6312     0.2636  1.428e+00  0.1457000     7.9055     7.9065     0.0010    -0.0004     6.2234     6.2242      1.486      1.518    1439.00    1439.00     7.7019     7.8396    92.2490    93.8970  0.000e+00
      21632      2.000     5.6042     5.6039    0.86770    0.86778          1     3.5158     3.2821      96.87      0.346     0.6213     0.2332  1.146e+00  0.1457000     7.9056     7.9064     0.0009    -0.0002     6.2235     6.2241      1.982      2.024    1439.01    1439.00     7.7050     7.8391    92.2850    93.8920  0.000e+00
      21819      2.500     5.6047     5.6044    0.86772    0.86780          1     3.5160     3.2812      97.06      0.378     0.6169     0.2681  1.110e+00  0.1410000     7.9056     7.9064     0.0008    -0.0003     6.2235     6.2242      2.477      2.531    1439.02    1439.02     7.7035     7.8322    92.2680    93.8090  0.000e+00
      21882      3.000     5.6052     5.6055    0.86772    0.86784          1     3.5162     3.2804      97.05      0.607     0.6127     0.2780  9.592e-01  0.1428000     7.9054     7.9065     0.0011     0.0002     6.2233     6.2241      2.973      3.037    1439.02    1439.03     7.7057     7.8291    92.2960    93.7750  0.000e+00
      21908      3.500     5.6067     5.6060    0.86778    0.86786          1     3.5161     3.2799      96.90      0.617     0.6216     0.2510  8.787e-01  0.1452000     7.9056     7.9064     0.0009    -0.0006     6.2233     6.2241      3.468      3.543    1439.04    1439.04     7.7036     7.8310    92.2740    93.7990  0.000e+00
      21945      4.000     5.6058     5.6052    0.86776    0.86784          1     3.5153     3.2795      96.97      0.343     0.6171     0.2615  6.490e-01  0.1457000     7.9055     7.9064     0.0009    -0.0006     6.2233     6.2240      3.964      4.049    1439.04    1439.04     7.7000     7.8333    92.2280    93.8240  0.000e+00
      21982      4.500     5.6032     5.6033    0.86770    0.86779          1     3.5149     3.2802      97.08      0.309     0.6292     0.2741  6.056e-01  0.1513000     7.9055     7.9063     0.0008     0.0002     6.2235     6.2241      4.459      4.555    1439.04    1439.04     7.7005     7.8469    92.2290    93.9820  0.000e+00
      22008      5.000     5.6027     5.6024    0.86771    0.86779          1     3.5141     3.2809      97.08      0.395     0.6267     0.2520  3.827e-01  0.1482000     7.9056     7.9064     0.0008    -0.0003     6.2236     6.2242      4.955      5.061    1439.05    1439.05     7.7003     7.8405    92.2260    93.9040  0.000e+00
      22029      5.500     5.6027     5.6023    0.86772    0.86780          1     3.5142     3.2805      97.08      0.527     0.6210     0.2933  3.350e-01  0.1423000     7.9056     7.9064     0.0008    -0.0004     6.2236     6.2242      5.450      5.567    1439.05    1439.05     7.7018     7.8325    92.2430    93.8090  0.000e+00
      22056      6.000     5.6049     5.6047    0.86779    0.86787          1     3.5141     3.2798      97.09      0.502     0.6152     0.2667  2.782e-01  0.1457000     7.9057     7.9065     0.0008    -0.0002     6.2236     6.2242      5.946      6.073    1439.07    1439.07     7.7032     7.8317    92.2660    93.8050  0.000e+00
      22092      6.500     5.6033     5.6034    0.86775    0.86784          1     3.5145     3.2788      97.09      0.325     0.6416     0.2537  2.164e-01  0.1407000     7.9056     7.9065     0.0009     0.0001     6.2236     6.2242      6.441      6.580    1439.07    1439.07     7.7063     7.8276    92.2990    93.7520  0.000e+00
      22118      7.000     5.6031     5.6028    0.86776    0.86783          1     3.5149     3.2784      97.08      0.392     0.6006     0.2953  1.737e-01  0.1455000     7.9057     7.9065     0.0008    -0.0003     6.2236     6.2243      6.936      7.086    1439.08    1439.08     7.7065     7.8280    92.3000    93.7550  0.000e+00
      22139      7.500     5.6015     5.6013    0.86774    0.86782          1     3.5149     3.2774      97.09      0.522     0.6288     0.2937  1.262e-01  0.1460000     7.9057     7.9066     0.0009    -0.0002     6.2237     6.2244      7.432      7.592    1439.08    1439.08     7.7061     7.8218    92.2920    93.6780  0.000e+00
      22165      8.000     5.6025     5.6020    0.86777    0.86784          1     3.5146     3.2764      97.10      0.523     0.6219     0.2847  9.025e-02  0.1414000     7.9058     7.9066     0.0008    -0.0005     6.2237     6.2244      7.927      8.098    1439.09    1439.09     7.7057     7.8248    92.2900    93.7160  0.000e+00
      22204      8.500     5.6029     5.6027    0.86778    0.86786          1     3.5143     3.2772      97.10      0.303     0.5920     0.2957  5.274e-02  0.1470000     7.9057     7.9066     0.0009    -0.0003     6.2236     6.2244      8.423      8.604    1439.10    1439.10     7.7031     7.8385    92.2590    93.8810  0.000e+00
      22232      9.000     5.6038     5.6025    0.86781    0.86787          1     3.5139     3.2773      97.09      0.352     0.5937     0.2846  3.631e-02  0.1395000     7.9058     7.9066     0.0009    -0.0013     6.2237     6.2244      8.918      9.110    1439.12    1439.11     7.7034     7.8349    92.2650    93.8380  0.000e+00
      22251      9.500     5.6035     5.6031    0.86782    0.86789          1     3.5138     3.2775      97.10      0.529     0.6012     0.2616  1.964e-02  0.1428000     7.9059     7.9066     0.0008    -0.0004     6.2237     6.2243      9.414      9.616    1439.12    1439.12     7.7030     7.8390    92.2600    93.8880  0.000e+00
      22272     10.000     5.6040     5.6042    0.86784    0.86793          1     3.5134     3.2779      97.10      0.613     0.6096     0.2450  8.414e-03  0.1525000     7.9059     7.9067     0.0009     0.0002     6.2237     6.2244      9.909     10.122    1439.13    1439.13     7.7030     7.8390    92.2610    93.8900  0.000e+00
      22307     10.500     5.6041     5.6038    0.86785    0.86792          1     3.5130     3.2785      97.10      0.385     0.6201     0.2716  2.041e-03  0.1511000     7.9059     7.9067     0.0008    -0.0003     6.2237     6.2244     10.405     10.628    1439.14    1439.14     7.7021     7.8400    92.2500    93.9010  0.000e+00
      22342     11.000     5.6049     5.6051    0.86788    0.86798          1     3.5126     3.2784      97.10      0.301     0.6083     0.2942  2.681e-03  0.1458000     7.9059     7.9068     0.0009     0.0003     6.2237     6.2244     10.900     11.135    1439.15    1439.15     7.7003     7.8362    92.2300    93.8590  0.000e+00
      22364     11.500     5.6072     5.6058    0.86797    0.86801          1     3.5121     3.2781      97.10      0.468     0.6090     0.2496 -1.971e-05  0.1457000     7.9062     7.9069     0.0008    -0.0014     6.2238     6.2245     11.395     11.641    1439.17    1439.16     7.6997     7.8283    92.2290    93.7670  0.000e+00
      22385     12.000     5.6044     5.6041    0.86789    0.86797          1     3.5120     3.2772      90.27      0.561     0.6199     0.2765  1.000e-12  0.1502000     7.9060     7.9068     0.0008    -0.0003     6.2238     6.2245     11.891     12.147    1439.17    1439.16     7.7004     7.8304    92.2310    93.7880  0.000e+00
      22414     12.500     5.6045     5.6048    0.86791    0.86800          1     3.5116     3.2769      72.29      0.473     0.6103     0.2966  1.000e-12  0.1506000     7.9060     7.9069     0.0008     0.0002     6.2238     6.2245     12.386     12.653    1439.17    1439.18     7.7006     7.8330    92.2330    93.8200  0.000e+00
      22450     13.000     5.6044     5.6046    0.86791    0.86801          1     3.5112     3.2770      81.92      0.323     0.6073     0.3227  1.000e-12  0.1455000     7.9061     7.9070     0.0009     0.0002     6.2238     6.2246     12.882     13.159    1439.18    1439.18     7.6996     7.8384    92.2210    93.8850  0.000e+00
      22476     13.500     5.6040     5.6043    0.86792    0.86802          1     3.5111     3.2772      89.84      0.402     0.5994     0.3261  1.000e-12  0.1649000     7.9062     7.9070     0.0009     0.0003     6.2239     6.2246     13.377     13.665    1439.19    1439.19     7.7023     7.8358    92.2530    93.8530  0.000e+00
      22498     14.000     5.6051     5.6052    0.86795    0.86804          1     3.5112     3.2767      97.00      0.510     0.6036     0.2716  1.000e-12  0.1659000     7.9062     7.9070     0.0009     0.0001     6.2239     6.2246     13.873     14.171    1439.20    1439.20     7.7023     7.8271    92.2550    93.7510  0.000e+00
      22524     14.500     5.6070     5.6065    0.86801    0.86808          1     3.5113     3.2761      67.48      0.514     0.6208     0.2611  1.000e-12  0.1442000     7.9062     7.9070     0.0008    -0.0005     6.2238     6.2245     14.368     14.677    1439.22    1439.21     7.7024     7.8339    92.2610    93.8360  0.000e+00
      22554     15.000     5.6085     5.6081    0.86806    0.86814          1     3.5109     3.2765      77.78      0.404     0.6100     0.2362  1.000e-12  0.1487000     7.9063     7.9071     0.0008    -0.0004     6.2239     6.2245     14.863     15.184    1439.23    1439.23     7.6986     7.8403    92.2190    93.9160  0.000e+00
      22581     15.500     5.6090     5.6087    0.86808    0.86816          1     3.5105     3.2771      96.98      0.419     0.6052     0.2379  1.000e-12  0.1494000     7.9064     7.9072     0.0008    -0.0002     6.2239     6.2245     15.359     15.690    1439.24    1439.24     7.6990     7.8426    92.2250    93.9450  0.000e+00
      22606     16.000     5.6089     5.6086    0.86808    0.86816          1     3.5103     3.2773      97.08      0.478     0.6022     0.2673  1.000e-12  0.1518000     7.9062     7.9071     0.0008    -0.0003     6.2238     6.2244     15.854     16.196    1439.25    1439.25     7.7006     7.8348    92.2440    93.8510  0.000e+00
      22633     16.500     5.6096     5.6095    0.86810    0.86818          1     3.5104     3.2760      97.08      0.463     0.6058     0.2791  1.000e-12  0.1433000     7.9062     7.9070     0.0009    -0.0001     6.2237     6.2244     16.350     16.702    1439.26    1439.26     7.7019     7.8157    92.2610    93.6240  0.000e+00
      22662     17.000     5.6110     5.6108    0.86815    0.86823          1     3.5102     3.2737      97.08      0.420     0.6077     0.2450  1.000e-12  0.1446000     7.9063     7.9071     0.0008    -0.0002     6.2237     6.2243     16.845     17.208    1439.27    1439.27     7.6982     7.8151    92.2200    93.6210  0.000e+00
      22690     17.500     5.6116     5.6112    0.86817    0.86825          1     3.5096     3.2726      97.07      0.421     0.6077     0.2735  1.000e-12  0.1515000     7.9063     7.9072     0.0008    -0.0004     6.2237     6.2244     17.341     17.714    1439.28    1439.28     7.6988     7.8215    92.2280    93.6980  0.000e+00
      22717     18.000     5.6112     5.6109    0.86817    0.86825          1     3.5095     3.2732      97.09      0.437     0.6034     0.2760  1.000e-12  0.1518000     7.9063     7.9072     0.0009    -0.0003     6.2237     6.2244     17.836     18.220    1439.29    1439.29     7.6962     7.8367    92.1960    93.8790  0.000e+00
      22745     18.500     5.6118     5.6117    0.86819    0.86828          1     3.5084     3.2742      92.40      0.433     0.6142     0.2325  1.000e-12  0.1534000     7.9063     7.9072     0.0009    -0.0002     6.2237     6.2244     18.331     18.726    1439.30    1439.30     7.6931     7.8399    92.1600    93.9190  0.000e+00
      22774     19.000     5.6122     5.6117    0.86821    0.86829          1     3.5081     3.2748      60.52      0.411     0.6025     0.2844  1.000e-12  0.1527000     7.9064     7.9073     0.0009    -0.0005     6.2237     6.2244     18.827     19.233    1439.31    1439.31     7.6995     7.8342    92.2380    93.8510  0.000e+00
      22799     19.500     5.6112     5.6107    0.86820    0.86826          1     3.5091     3.2746      78.65      0.444     0.6110     0.2827  1.000e-12  0.1482000     7.9064     7.9071     0.0007    -0.0005     6.2238     6.2244     19.322     19.739    1439.31    1439.31     7.7052     7.8316    92.3040    93.8180  0.000e+00
      22824     20.000     5.6091     5.6089    0.86812    0.86821          1     3.5094     3.2745      59.26      0.496     0.6158     0.2919  1.000e-12  0.1567000     7.9061     7.9070     0.0009    -0.0001     6.2236     6.2243     19.818     20.245    1439.31    1439.31     7.7017     7.8355    92.2570    93.8600  0.000e+00
      22854     20.500     5.6111     5.6104    0.86820    0.86826          1     3.5085     3.2748      67.25      0.433     0.6067     0.3055  1.000e-12  0.1565000     7.9063     7.9071     0.0008    -0.0007     6.2237     6.2244     20.313     20.751    1439.33    1439.33     7.6948     7.8367    92.1790    93.8780  0.000e+00
      22888     21.000     5.6124     5.6125    0.86823    0.86833          1     3.5080     3.2748      72.49      0.345     0.6082     0.2753  1.000e-12  0.1409000     7.9063     7.9071     0.0009     0.0001     6.2236     6.2243     20.809     21.257    1439.34    1439.34     7.6986     7.8355    92.2270    93.8680  0.000e+00
      22912     21.500     5.6138     5.6121    0.86830    0.86833          1     3.5080     3.2748      78.24      0.420     0.5990     0.2480  1.000e-12  0.1518000     7.9065     7.9072     0.0007    -0.0017     6.2237     6.2244     21.304     21.763    1439.36    1439.35     7.6985     7.8359    92.2300    93.8730  0.000e+00
      22933     22.000     5.6105     5.6101    0.86817    0.86824          1     3.5078     3.2747      60.59      0.535     0.6076     0.2517  1.000e-12  0.1570000     7.9059     7.9067     0.0008    -0.0004     6.2234     6.2241     21.799     22.269    1439.35    1439.35     7.6981     7.8299    92.2170    93.7950  0.000e+00
      22957     22.500     5.6114     5.6110    0.86820    0.86828          1     3.5076     3.2737      56.42      0.551     0.6074     0.2536  1.000e-12  0.1579000     7.9060     7.9069     0.0009    -0.0004     6.2234     6.2242     22.295     22.775    1439.36    1439.36     7.7000     7.8272    92.2420    93.7650  0.000e+00
      22991     23.000     5.6113     5.6114    0.86821    0.86830          1     3.5080     3.2735      55.64      0.385     0.6054     0.2547  1.000e-12  0.1562000     7.9060     7.9069     0.0009     0.0001     6.2234     6.2241     22.790     23.281    1439.37    1439.37     7.7011     7.8364    92.2550    93.8770  0.000e+00
      23022     23.500     5.6125     5.6135    0.86827    0.86840          1     3.5078     3.2742      66.83      0.348     0.6033     0.2692  1.000e-12  0.1535000     7.9062     7.9073     0.0011     0.0010     6.2236     6.2244     23.286     23.788    1439.38    1439.39     7.6990     7.8437    92.2330    93.9690  0.000e+00
      23045     24.000     5.6141     5.6145    0.86834    0.86845          1     3.5075     3.2746      94.48      0.471     0.6045     0.2305  1.000e-12  0.1560000     7.9065     7.9075     0.0010     0.0004     6.2237     6.2245     23.781     24.294    1439.40    1439.40     7.6985     7.8371    92.2300    93.8930  0.000e+00
      23070     24.500     5.6136     5.6134    0.86833    0.86841          1     3.5072     3.2742      60.75      0.510     0.6018     0.2524  1.000e-12  0.1519000     7.9064     7.9073     0.0009    -0.0002     6.2237     6.2244     24.276     24.800    1439.40    1439.40     7.6960     7.8306    92.1990    93.8120  0.000e+00
      23102     25.000     5.6143     5.6141    0.86836    0.86845          1     3.5061     3.2731      61.79      0.391     0.6077     0.2658  1.000e-12  0.1553000     7.9065     7.9074     0.0009    -0.0001     6.2237     6.2244     24.772     25.306    1439.41    1439.42     7.6905     7.8252    92.1350    93.7490  0.000e+00
