ctdpy/tests/etc/exprapp_feb_2020/SBE09_1387_20200210_1012_77_10_0135.cnv
* Sea-Bird SBE 9 Data File:
* FileName = L:\2020\sv20d0135.hex
* Software Version Seasave V 7.26.7.121
* Temperature SN = 6378
* Conductivity SN = 4824
* Number of Bytes Per Scan = 41
* Number of Voltage Words = 4
* Number of Scans Averaged by the Deck Unit = 1
* NMEA Latitude = 57 04.50 N
* NMEA Longitude = 019 50.70 E
* NMEA UTC (Time) = Feb 10 2020  10:12:32
* NMEA baud rate = 4800
** Station:  BY11
** Operator:  SSip
** Ship: SVEA
** Average sound velocity: 1447.92 m/s
** True-depth calculation Mon, 10 Feb 2020 12:25:02 +0000
** CTD Python Module SMHI /ver 3-12/ feb 2012 
** LIMS Job: 20207710-0135
** Cruise: SMHI-03-2020
** Latitude [GG MM.mm N] :
** Longitude [GGG MM.mm E]:
# nquan = 30
# nvalues = 392                         
# units = specified
# name 0 = scan: Scan Count
# name 1 = prDM: Pressure, Digiquartz [db]
# name 2 = t090C: Temperature [ITS-90, deg C]
# name 3 = t190C: Temperature, 2 [ITS-90, deg C]
# name 4 = c0S/m: Conductivity [S/m]
# name 5 = c1S/m: Conductivity, 2 [S/m]
# name 6 = pumps: Pump Status
# name 7 = sbeox0V: Oxygen raw, SBE 43 [V]
# name 8 = sbeox1V: Oxygen raw, SBE 43, 2 [V]
# name 9 = altM: Altimeter [m]
# name 10 = dz/dtM: Descent Rate [m/s]
# name 11 = flECO-AFL: Chl-a Fluorescence, WET Labs ECO-AFL/FL [mg/m^3]
# name 12 = flECO-AFL1: Phycocyanin Fluorescence, WET Labs ECO-AFL/FL, 2 [mg/m^3]
# name 13 = par: PAR/Irradiance, Biospherical/Lico [µE/(cm^2*s)]
# name 14 = turbWETntu0: Turbidity, WET Labs ECO [NTU]
# name 15 = sal00: Salinity, Practical [PSU]
# name 16 = sal11: Salinity, Practical, 2 [PSU]
# name 17 = secS-priS: Salinity, Practical, Difference, 2 - 1 [PSU]
# name 18 = T2-T190C: Temperature Difference, 2 - 1 [ITS-90, deg C]
# name 19 = sigma-t00: Density [sigma-t, kg/m^3 ]
# name 20 = sigma-t11: Density, 2 [sigma-t, kg/m^3 ]
# name 21 = depSM: Depth [salt water, m], lat = 57.075
# name 22 = depFM: Depth [true depth, m], lat = 57.075
# name 23 = svCM: Sound Velocity [Chen-Millero, m/s]
# name 24 = svCM1: Sound Velocity, 2 [Chen-Millero, m/s]
# name 25 = sbeox0ML/L: Oxygen, SBE 43 [ml/l], WS = 2
# name 26 = sbeox1ML/L: Oxygen, SBE 43, 2 [ml/l], WS = 2
# name 27 = sbeox0PS: Oxygen, SBE 43 [% saturation], WS = 2
# name 28 = sbeox1PS: Oxygen, SBE 43, 2 [% saturation], WS = 2
# name 29 = flag: flag
# span 0 =      21823,      33235       
# span 1 =      3.500,    199.000       
# span 2 =     4.9804,     7.4822       
# span 3 =     4.9801,     7.4820       
# span 4 =   0.799978,   1.453728       
# span 5 =   0.800013,   1.453918       
# span 6 =          1,          1       
# span 7 =     0.7401,     3.5318       
# span 8 =     0.7244,     3.2934       
# span 9 =      -0.17,     100.07       
# span 10 =     -0.144,      1.872      
# span 11 =     0.3305,     0.4648      
# span 12 =     0.1428,     0.3284      
# span 13 = -2.349e-05, 7.8673e+01      
# span 14 =     0.1037,     0.9821      
# span 15 =     7.3798,    13.1236      
# span 16 =     7.3805,    13.1255      
# span 17 =    -0.1413,     0.0927      
# span 18 =    -0.0516,     0.0498      
# span 19 =     5.8355,    10.2172      
# span 20 =     5.8360,    10.2187      
# span 21 =      3.468,    197.076      
# span 22 =      3.544,    200.992      
# span 23 =    1435.65,    1455.49      
# span 24 =    1435.65,    1455.50      
# span 25 =     0.0386,     7.9146      
# span 26 =     0.0680,     8.0518      
# span 27 =      0.498,     92.991      
# span 28 =      0.877,     94.604      
# span 29 = 0.0000e+00, 0.0000e+00      
# interval = decibars: 0.5              
# start_time = Feb 10 2020 10:12:32 [NMEA time, first data scan]
# bad_flag = -9.990e-29
*END*
[from data line 97]
      24594     52.000     4.9832     4.9830    0.80128    0.80134          1     3.4983     3.2636      96.96      0.664     0.3788     0.2653  1.000e-12  0.1212000     7.3864     7.3871     0.0007    -0.0003     5.8406     5.8411     51.516     52.657    1436.43    1436.43     7.8202     7.9429    91.8910    93.3320  0.000e+00
      24599     52.500     4.9833     4.9830    0.80133    0.80139          1     3.4953     3.2616      96.43      0.920     0.3793     0.2676  1.000e-12  0.1212000     7.3868     7.3875     0.0007    -0.0004     5.8409     5.8415     52.011     53.163    1436.44    1436.44     7.8094     7.9240    91.7640    93.1100  0.000e+00
      24606     53.000     4.9834     4.9830    0.80139    0.80147          1     3.4930     3.2595      96.51      1.125     0.3820     0.2684  1.000e-12  0.1215000     7.3873     7.3882     0.0010    -0.0003     5.8413     5.8421     52.506     53.669    1436.45    1436.45     7.8031     7.9129    91.6900    92.9800  0.000e+00
      24614     53.500     4.9845     4.9842    0.80192    0.80198          1     3.4904     3.2567      96.48      1.301     0.4043     0.2467  1.000e-12  0.1272000     7.3922     7.3929     0.0007    -0.0003     5.8452     5.8457     53.001     54.176    1436.47    1436.47     7.8009     7.9084    91.6700    92.9330  0.000e+00
      24621     54.000     4.9854     4.9849    0.80232    0.80233          1     3.4889     3.2547      96.49      1.445     0.4067     0.2369  1.000e-12  0.1274000     7.3960     7.3961     0.0002    -0.0005     5.8481     5.8483     53.497     54.682    1436.48    1436.48     7.8066     7.9163    91.7420    93.0300  0.000e+00
      24628     54.500     4.9856     4.9853    0.80248    0.80255          1     3.4874     3.2535      76.11      1.558     0.4051     0.2343  1.000e-12  0.1274000     7.3974     7.3982     0.0008    -0.0003     5.8492     5.8498     53.992     55.188    1436.49    1436.49     7.8120     7.9318    91.8060    93.2140  0.000e+00
      24635     55.000     4.9855     4.9853    0.80254    0.80263          1     3.4861     3.2530      23.97      1.629     0.3961     0.2310  1.000e-12  0.1236000     7.3980     7.3989     0.0009    -0.0002     5.8497     5.8504     54.487     55.694    1436.50    1436.50     7.8204     7.9530    91.9050    93.4640  0.000e+00
      24645     55.500     4.9896     4.9888    0.80405    0.80395          1     3.4865     3.2530      51.27      1.628     0.3926     0.2209  1.000e-12  0.1213000     7.4120     7.4111    -0.0009    -0.0008     5.8606     5.8600     54.983     56.201    1436.55    1436.54     7.8321     7.9705    92.0610    93.6860  0.000e+00
      24688     56.000     4.9925     4.9925    0.80479    0.80497          1     3.4054     3.2035     100.07      1.312     0.3966     0.2189  1.000e-12  0.1172000     7.4186     7.4204     0.0018     0.0001     5.8657     5.8671     55.478     56.707    1436.58    1436.57     7.0623     7.1034    83.0250    83.5090  0.000e+00
      24816     56.500     4.9868     4.9862    0.80264    0.80260          1     2.9690     2.9116      96.52      0.992     0.3811     0.2213  1.000e-12  0.1147000     7.3985     7.3982    -0.0003    -0.0006     5.8500     5.8498     55.973     57.213    1436.53    1436.53     3.6161     3.1161    42.4980    36.6200  0.000e+00
      24819     57.000     4.9923     4.9887    0.80493    0.80366          1     2.8539     2.8067      96.47      1.200     0.3798     0.2164  1.000e-12  0.1151000     7.4199     7.4081    -0.0117    -0.0035     5.8667     5.8576     56.468     57.720    1436.59    1436.56     3.5960     3.0834    42.2730    36.2410  0.000e+00
      24827     57.500     5.0099     4.9991    0.81046    0.80684          1     2.7474     2.7105      96.53      1.360     0.3822     0.2030  1.000e-12  0.1151000     7.4707     7.4372    -0.0335    -0.0108     5.9063     5.8802     56.964     58.226    1436.74    1436.65     3.6617     3.2859    43.0800    38.6380  0.000e+00
      24834     58.000     5.1510     5.0994    0.85702    0.84156          1     2.6565     2.6323      96.51      1.484     0.3806     0.2056  1.000e-12  0.1151000     7.8993     7.7580    -0.1413    -0.0516     6.2394     6.1298     57.459     58.732    1437.91    1437.50     3.8830     3.7861    45.9820    44.7390  0.000e+00
      24842     58.500     5.3797     5.3756    0.94019    0.93718          1     2.5844     2.5773      96.49      1.564     0.3798     0.2036  1.000e-12  0.1151000     8.6678     8.6390    -0.0288    -0.0041     6.8364     6.8138     57.954     59.238    1439.89    1439.84     4.2665     4.4998    51.0760    53.8570  0.000e+00
      24853     59.000     5.4520     5.4529    0.96361    0.96416          1     2.5539     2.5583      96.37      1.537     0.3740     0.2169  1.000e-12  0.1165000     8.8815     8.8867     0.0052     0.0009     7.0016     7.0056     58.449     59.744    1440.49    1440.50     5.0047     5.5003    60.1040    66.0590  0.000e+00
      24935     59.500     5.3192     5.3339    0.91757    0.92366          1     2.4733     2.4309      96.41      0.919     0.3511     0.2191  1.000e-12  0.1217000     8.4580     8.5150     0.0569     0.0147     6.6733     6.7177     58.945     60.250    1439.38    1439.52     3.9726     3.9261    47.5540    47.0410  0.000e+00
      25005     60.000     5.2662     5.2493    0.90082    0.89504          1     2.1799     2.1431      96.50      0.735     0.3631     0.2050  1.000e-12  0.1167000     8.3056     8.2525    -0.0531    -0.0169     6.5557     6.5144     59.440     60.756    1438.96    1438.82     1.7797     1.1608    21.1870    13.8040  0.000e+00
      25018     60.500     5.3283     5.3252    0.93094    0.92924          1     1.9917     1.9789      96.51      0.818     0.3591     0.1890  1.000e-12  0.1214000     8.5887     8.5728    -0.0159    -0.0031     6.7763     6.7639     59.935     61.262    1439.60    1439.57     1.5731     0.9575    18.7950    11.4390  0.000e+00
      25030     61.000     5.4700     5.4730    0.99219    0.99388          1     1.8498     1.8487      96.50      0.868     0.3592     0.2197  1.000e-12  0.1246000     9.1604     9.1764     0.0160     0.0030     7.2209     7.2334     60.430     61.767    1440.95    1440.98     1.4769     0.9262    17.7770    11.1500  0.000e+00
      25043     61.500     5.4829     5.4834    0.99991    1.00111          1     1.7242     1.7291      96.51      0.914     0.3601     0.2362  1.000e-12  0.1274000     9.2337     9.2454     0.0118     0.0006     7.2781     7.2873     60.926     62.273    1441.11    1441.12     1.4385     0.9701    17.3290    11.6870  0.000e+00
      25058     62.000     5.4893     5.4891    1.00921    1.00963          1     1.6157     1.6224      96.50      0.916     0.3360     0.2149  1.000e-12  0.1322000     9.3244     9.3286     0.0043    -0.0002     7.3493     7.3527     61.421     62.778    1441.26    1441.26     1.4306     1.0604    17.2470    12.7850  0.000e+00
      25078     62.500     5.4956     5.4958    1.01361    1.01385          1     1.5087     1.5122      54.35      0.776     0.3305     0.1991  1.000e-12  0.1366000     9.3663     9.3687     0.0024     0.0001     7.3821     7.3840     61.916     63.284    1441.35    1441.35     1.4377     1.1890    17.3400    14.3410  0.000e+00
      25121     63.000     5.5006     5.4995    1.01591    1.01572          1     1.3698     1.3627      96.31      0.313     0.3495     0.2068  1.000e-12  0.1428000     9.3878     9.3862    -0.0016    -0.0011     7.3988     7.3976     62.411     63.789    1441.40    1441.40     1.4017     1.3096    16.9100    15.7990  0.000e+00
      25174     63.500     5.5103     5.5111    1.01938    1.01964          1     1.2553     1.2409      96.51      0.219     0.3751     0.2068  1.000e-12  0.1290000     9.4196     9.4219     0.0023     0.0008     7.4234     7.4252     62.907     64.295    1441.49    1441.50     1.1217     1.0731    13.5390    12.9530  0.000e+00
      25205     64.000     5.5506     5.5529    1.03047    1.03164          1     1.1826     1.1718      96.50      0.333     0.3688     0.2111  1.000e-12  0.1409000     9.5186     9.5296     0.0110     0.0023     7.4994     7.5080     63.402     64.801    1441.80    1441.82     0.9108     0.8642    11.0110    10.4490  0.000e+00
      25225     64.500     5.5836     5.5839    1.04061    1.04109          1     1.1393     1.1302      96.53      0.487     0.3737     0.2372  1.000e-12  0.1438000     9.6102     9.6148     0.0047     0.0003     7.5699     7.5735     63.897     65.306    1442.07    1442.07     0.8287     0.7935    10.0340     9.6070  0.000e+00
      25242     65.000     5.6006     5.6009    1.04738    1.04778          1     1.1063     1.0985      96.50      0.617     0.3770     0.2380  1.000e-12  0.1396000     9.6727     9.6765     0.0039     0.0002     7.6182     7.6213     64.393     65.811    1442.23    1442.23     0.7707     0.7507     9.3380     9.0970  0.000e+00
      25261     65.500     5.6204     5.6213    1.05356    1.05406          1     1.0749     1.0681      96.51      0.677     0.3773     0.2322  1.000e-12  0.1452000     9.7284     9.7331     0.0047     0.0009     7.6611     7.6648     64.888     66.317    1442.39    1442.40     0.6983     0.6907     8.4680     8.3770  0.000e+00
      25284     66.000     5.6391     5.6401    1.05838    1.05871          1     1.0338     1.0304      96.53      0.598     0.3782     0.2211  1.000e-12  0.1455000     9.7710     9.7739     0.0030     0.0009     7.6937     7.6960     65.383     66.822    1442.53    1442.54     0.5642     0.5585     6.8480     6.7780  0.000e+00
      25314     66.500     5.6627     5.6636    1.06599    1.06637          1     0.9735     0.9751      96.52      0.421     0.3796     0.2068  1.000e-12  0.1512000     9.8398     9.8433     0.0036     0.0009     7.7466     7.7494     65.878     67.328    1442.73    1442.74     0.3640     0.3355     4.4220     4.0760  0.000e+00
      25340     67.000     5.6760     5.6767    1.07407    1.07452          1     0.9198     0.9261      61.81      0.420     0.3813     0.2011  1.000e-12  0.1579000     9.9162     9.9206     0.0043     0.0006     7.8062     7.8096     66.374     67.833    1442.89    1442.90     0.2258     0.2020     2.7460     2.4560  0.000e+00
      25359     67.500     5.7091     5.7123    1.08441    1.08519          1     0.8813     0.8904      53.88      0.529     0.3936     0.2213  1.000e-12  0.1581000    10.0093    10.0162     0.0069     0.0032     7.8777     7.8829     66.869     68.338    1443.16    1443.18     0.1624     0.1474     1.9780     1.7950  0.000e+00
      25380     68.000     5.7684     5.7698    1.09841    1.09872          1     0.8496     0.8596      94.98      0.600     0.3931     0.2393  1.000e-12  0.2071000    10.1310    10.1337     0.0027     0.0014     7.9702     7.9723     67.364     68.843    1443.57    1443.58     0.1667     0.1820     2.0350     2.2220  0.000e+00
      25418     68.500     5.7742     5.7743    1.10216    1.10282          1     0.8339     0.8358      96.53      0.415     0.3838     0.1740  1.000e-12  0.3141000    10.1665    10.1730     0.0065     0.0001     7.9978     8.0030     67.859     69.349    1443.65    1443.66     0.3007     0.3100     3.6730     3.7860  0.000e+00
      25493     69.000     5.7456     5.7818    1.09400    1.10440          1     0.8151     0.8013      96.53      0.114     0.3939     0.2631  1.000e-12  0.3227000    10.0937    10.1864     0.0927     0.0362     7.9421     8.0130     68.354     69.854    1443.44    1443.72     0.1105     0.1308     1.3480     1.5970  0.000e+00
      25507     69.500     5.8740     5.8876    1.12311    1.12611          1     0.8015     0.7918      96.54      0.414     0.3935     0.1583  1.000e-12  0.4226000    10.3445    10.3702     0.0257     0.0136     8.1322     8.1516     68.850     70.359    1444.32    1444.41     0.1117     0.1423     1.3690     1.7450  0.000e+00
      25520     70.000     5.9930     5.9930    1.14521    1.14550          1     0.7940     0.7857      96.52      0.647     0.3922     0.1651  1.000e-12  0.4561000    10.5275    10.5303     0.0029     0.0000     8.2690     8.2712     69.345     70.864    1445.07    1445.07     0.1113     0.1508     1.3700     1.8550  0.000e+00
      25532     70.500     6.0489     6.0479    1.15697    1.15707          1     0.7886     0.7815      96.57      0.833     0.4066     0.2338  1.000e-12  0.7124000    10.6267    10.6279     0.0012    -0.0011     8.3435     8.3446     69.840     71.369    1445.44    1445.43     0.1124     0.1584     1.3860     1.9530  0.000e+00
      25546     71.000     6.0935     6.0924    1.16631    1.16640          1     0.7839     0.7775      96.54      0.932     0.4061     0.2301  1.000e-12  0.7874000    10.7052    10.7064     0.0012    -0.0010     8.4025     8.4035     70.335     71.874    1445.73    1445.73     0.1139     0.1632     1.4070     2.0150  0.000e+00
      25567     71.500     6.1352     6.1308    1.17356    1.17292          1     0.7790     0.7729      84.07      0.811     0.4068     0.2045  1.000e-12  0.9821000    10.7638    10.7589    -0.0050    -0.0044     8.4460     8.4423     70.831     72.379    1445.99    1445.97     0.1169     0.1697     1.4450     2.0980  0.000e+00
      25629     72.000     6.0771     6.0969    1.16248    1.16628          1     0.7699     0.7649      97.48      0.109     0.4053     0.2254  1.000e-12  0.9605000    10.6722    10.7036     0.0315     0.0198     8.3776     8.4011     71.326     72.884    1445.64    1445.76     0.1048     0.1663     1.2930     2.0550  0.000e+00
      25654     72.500     6.1982     6.1677    1.18504    1.17933          1     0.7677     0.7628      96.54      0.385     0.4181     0.1793  1.000e-12  0.9290000    10.8572    10.8103    -0.0469    -0.0304     8.5153     8.4804     71.821     73.389    1446.39    1446.20     0.1040     0.1643     1.2890     2.0350  0.000e+00
      25698     73.000     6.2183     6.2373    1.18904    1.19176          1     0.7644     0.7585      96.53      0.290     0.4148     0.1986  1.000e-12  0.9094000    10.8903    10.9111     0.0208     0.0190     8.5400     8.5551     72.316     73.894    1446.53    1446.63     0.0936     0.1467     1.1620     1.8210  0.000e+00
      25733     73.500     6.3359     6.3437    1.20482    1.20586          1     0.7614     0.7550      45.16      0.270     0.3946     0.2710  1.000e-12  0.8783000    11.0086    11.0163     0.0077     0.0077     8.6250     8.6306     72.812     74.399    1447.18    1447.22     0.0882     0.1380     1.0980     1.7180  0.000e+00
      25748     74.000     6.4157     6.4162    1.21238    1.21261          1     0.7605     0.7537      49.19      0.493     0.4040     0.2390  1.000e-12  0.8807000    11.0572    11.0593     0.0021     0.0005     8.6578     8.6594     73.307     74.904    1447.58    1447.59     0.0892     0.1374     1.1130     1.7140  0.000e+00
      25760     74.500     6.4339     6.4344    1.21642    1.21672          1     0.7605     0.7525      95.27      0.703     0.4186     0.2045  1.000e-12  0.8843000    11.0910    11.0939     0.0029     0.0005     8.6831     8.6853     73.802     75.409    1447.71    1447.72     0.0909     0.1406     1.1350     1.7560  0.000e+00
      25770     75.000     6.4800     6.4820    1.22389    1.22427          1     0.7601     0.7523      96.49      0.888     0.4154     0.1619  1.000e-12  0.8810000    11.1496    11.1527     0.0031     0.0019     8.7259     8.7281     74.297     75.914    1447.99    1448.00     0.0920     0.1456     1.1500     1.8210  0.000e+00
      25781     75.500     6.5324     6.5336    1.23132    1.23166          1     0.7600     0.7525      96.48      1.034     0.4071     0.1592  1.000e-12  0.8705000    11.2055    11.2086     0.0030     0.0011     8.7661     8.7684     74.793     76.419    1448.28    1448.29     0.0957     0.1510     1.1980     1.8920  0.000e+00
