ctdpy/tests/etc/exprapp_feb_2020/SBE09_1387_20200202_1624_77_10_0097.cnv
* Sea-Bird SBE 9 Data File:
* FileName = L:\2020\sv20d0097.hex
* Software Version Seasave V 7.26.7.121
* Temperature SN = 6378
* Conductivity SN = 4824
* Number of Bytes Per Scan = 41
* Number of Voltage Words = 4
* Number of Scans Averaged by the Deck Unit = 1
* NMEA Latitude = 58 28.02 N
* NMEA Longitude = 011 08.24 E
* NMEA UTC (Time) = Feb 02 2020  16:24:47
* NMEA baud rate = 4800
** Station:  NW Skagga
** Operator:  A-KTh
** Ship: SVEA
** Average sound velocity: 1473.40 m/s
** True-depth calculation Sun, 02 Feb 2020 19:07:54 +0000
** CTD Python Module SMHI /ver 3-12/ feb 2012 
** LIMS Job: 20207710-0097
** Cruise: SMHI-02-2020
** Latitude [GG MM.mm N] :
** Longitude [GGG MM.mm E]:
# nquan = 30
# nvalues = 100                         
# units = specified
# name 0 = scan: Scan Count
# name 1 = prDM: Pressure, Digiquartz [db]
# name 2 = t090C: Temperature [ITS-90, deg C]
# name 3 = t190C: Temperature, 2 [ITS-90, deg C]
# name 4 = c0S/m: Conductivity [S/m]
# name 5 = c1S/m: Conductivity, 2 [S/m]
# name 6 = pumps: Pump Status
# name 7 = sbeox0V: Oxygen raw, SBE 43 [V]
# name 8 = sbeox1V: Oxygen raw, SBE 43, 2 [V]
# name 9 = altM: Altimeter [m]
# name 10 = dz/dtM: Descent Rate [m/s]
# name 11 = flECO-AFL: Chl-a Fluorescence, WET Labs ECO-AFL/FL [mg/m^3]
# name 12 = flECO-AFL1: Phycocyanin Fluorescence, WET Labs ECO-AFL/FL, 2 [mg/m^3]
# name 13 = par: PAR/Irradiance, Biospherical/Lico [µE/(cm^2*s)]
# name 14 = turbWETntu0: Turbidity, WET Labs ECO [NTU]
# name 15 = sal00: Salinity, Practical [PSU]
# name 16 = sal11: Salinity, Practical, 2 [PSU]
# name 17 = secS-priS: Salinity, Practical, Difference, 2 - 1 [PSU]
# name 18 = T2-T190C: Temperature Difference, 2 - 1 [ITS-90, deg C]
# name 19 = sigma-t00: Density [sigma-t, kg/m^3 ]
# name 20 = sigma-t11: Density, 2 [sigma-t, kg/m^3 ]
# name 21 = depSM: Depth [salt water, m], lat = 58.467
# name 22 = depFM: Depth [true depth, m], lat = 58.467
# name 23 = svCM: Sound Velocity [Chen-Millero, m/s]
# name 24 = svCM1: Sound Velocity, 2 [Chen-Millero, m/s]
# name 25 = sbeox0ML/L: Oxygen, SBE 43 [ml/l], WS = 2
# name 26 = sbeox1ML/L: Oxygen, SBE 43, 2 [ml/l], WS = 2
# name 27 = sbeox0PS: Oxygen, SBE 43 [% saturation], WS = 2
# name 28 = sbeox1PS: Oxygen, SBE 43, 2 [% saturation], WS = 2
# name 29 = flag: flag
# span 0 =      23851,      30571       
# span 1 =      2.000,     51.500       
# span 2 =     5.7876,     6.8038       
# span 3 =     5.7865,     6.8044       
# span 4 =   2.901025,   3.363227       
# span 5 =   2.900508,   3.363256       
# span 6 =          1,          1       
# span 7 =     3.5230,     3.5846       
# span 8 =     3.2836,     3.3337       
# span 9 =       2.75,      51.66       
# span 10 =     -0.251,      0.923      
# span 11 =     0.4428,     1.3887      
# span 12 =     0.1788,     0.4224      
# span 13 = 1.0000e-12, 9.2443e-01      
# span 14 =     0.4233,     1.8073      
# span 15 =    29.1964,    33.3492      
# span 16 =    29.1916,    33.3489      
# span 17 =    -0.1033,     0.3837      
# span 18 =    -0.0384,     0.0982      
# span 19 =    22.9940,    26.1448      
# span 20 =    22.9903,    26.1445      
# span 21 =      1.981,     51.014      
# span 22 =      1.991,     51.166      
# span 23 =    1466.62,    1476.67      
# span 24 =    1466.61,    1476.67      
# span 25 =     6.3611,     6.8067      
# span 26 =     6.4512,     6.8992      
# span 27 =     92.768,     94.519      
# span 28 =     94.050,     95.767      
# span 29 = 0.0000e+00, 0.0000e+00      
# interval = decibars: 0.5              
# start_time = Feb 02 2020 16:24:47 [NMEA time, first data scan]
# bad_flag = -9.990e-29
*END*
[from data line 49]
      25277     26.500     6.5640     6.5675    3.28216    3.28314          1     3.5431     3.2967      27.85      0.450     0.7165     0.3270  1.000e-12  0.7147000    32.6988    32.7063     0.0076     0.0035    25.6636    25.6691     26.252     26.345    1474.51    1474.53     6.4526     6.5423    93.1990    94.5070  0.000e+00
      25297     27.000     6.5666     6.5695    3.28290    3.28375          1     3.5424     3.2967      27.45      0.536     0.6882     0.3257  1.000e-12  0.6524000    32.7042    32.7108     0.0066     0.0029    25.6676    25.6724     26.747     26.842    1474.53    1474.55     6.4506     6.5422    93.1790    94.5140  0.000e+00
      25316     27.500     6.5643     6.5633    3.28237    3.28196          1     3.5421     3.2968      26.99      0.618     0.6824     0.3289  1.000e-12  0.6620000    32.7005    32.6969    -0.0036    -0.0010    25.6649    25.6622     27.242     27.338    1474.53    1474.52     6.4530     6.5486    93.2060    94.5830  0.000e+00
      25342     28.000     6.5726     6.5704    3.28464    3.28395          1     3.5426     3.2978      26.39      0.547     0.6765     0.3207  1.000e-12  0.6689000    32.7172    32.7117    -0.0055    -0.0022    25.6771    25.6730     27.738     27.835    1474.59    1474.57     6.4561     6.5512    93.2800    94.6460  0.000e+00
      25384     28.500     6.5745     6.5705    3.28522    3.28390          1     3.5434     3.2977      25.80      0.268     0.7130     0.2829  1.000e-12  0.6358000    32.7216    32.7109    -0.0107    -0.0040    25.6803    25.6724     28.233     28.331    1474.61    1474.58     6.4549     6.5376    93.2700    94.4500  0.000e+00
      25412     29.000     6.5799     6.5808    3.28698    3.28728          1     3.5433     3.2963      25.45      0.337     0.6750     0.2680  1.000e-12  0.6483000    32.7356    32.7381     0.0024     0.0009    25.6906    25.6924     28.728     28.828    1474.66    1474.66     6.4523     6.5308    93.2530    94.3900  0.000e+00
      25429     29.500     6.5926     6.5932    3.29134    3.29165          1     3.5428     3.2956      25.17      0.526     0.6560     0.2411  1.000e-12  0.7165000    32.7714    32.7742     0.0028     0.0006    25.7172    25.7193     29.223     29.324    1474.76    1474.77     6.4469     6.5299    93.2230    94.4270  0.000e+00
      25442     30.000     6.5957     6.5955    3.29242    3.29231          1     3.5427     3.2955      24.70      0.697     0.6415     0.2962  1.000e-12  0.6989000    32.7800    32.7791    -0.0009    -0.0002    25.7236    25.7229     29.719     29.821    1474.79    1474.79     6.4457     6.5338    93.2190    94.4910  0.000e+00
      25456     30.500     6.5982     6.5979    3.29320    3.29308          1     3.5423     3.2956      24.22      0.821     0.6331     0.2971  1.000e-12  0.6909000    32.7861    32.7850    -0.0011    -0.0003    25.7280    25.7272     30.214     30.317    1474.82    1474.81     6.4456     6.5360    93.2260    94.5320  0.000e+00
      25473     31.000     6.6006     6.6005    3.29411    3.29406          1     3.5423     3.2958      23.78      0.834     0.6314     0.2995  1.000e-12  0.7056000    32.7935    32.7931    -0.0005    -0.0001    25.7336    25.7333     30.709     30.814    1474.84    1474.84     6.4464     6.5414    93.2470    94.6220  0.000e+00
      25524     31.500     6.5984     6.5978    3.29368    3.29343          1     3.5415     3.2971      22.86      0.329     0.6687     0.2764  1.000e-12  0.6520000    32.7907    32.7884    -0.0023    -0.0006    25.7316    25.7299     31.205     31.310    1474.84    1474.83     6.4443     6.5394    93.2110    94.5830  0.000e+00
      25568     32.000     6.6022     6.6069    3.29500    3.29649          1     3.5408     3.2964      22.42      0.243     0.6823     0.2691  1.000e-12  0.6239000    32.8014    32.8133     0.0119     0.0048    25.7396    25.7484     31.700     31.807    1474.88    1474.91     6.4413     6.5216    93.1810    94.3610  0.000e+00
      25584     32.500     6.6146     6.6139    3.29932    3.29909          1     3.5404     3.2950      22.17      0.501     0.6799     0.2827  1.000e-12  0.6385000    32.8369    32.8351    -0.0018    -0.0007    25.7659    25.7646     32.195     32.303    1474.98    1474.97     6.4367     6.5181    93.1640    94.3390  0.000e+00
      25599     33.000     6.6174     6.6172    3.30014    3.30002          1     3.5400     3.2945      21.71      0.686     0.6540     0.2982  1.000e-12  0.7036000    32.8430    32.8419    -0.0011    -0.0002    25.7704    25.7696     32.690     32.800    1475.00    1475.00     6.4369     6.5255    93.1770    94.4580  0.000e+00
      25614     33.500     6.6180     6.6178    3.30040    3.30021          1     3.5400     3.2945      21.20      0.776     0.6307     0.2770  1.000e-12  0.6889000    32.8450    32.8432    -0.0018    -0.0003    25.7719    25.7705     33.186     33.296    1475.02    1475.01     6.4385     6.5320    93.2030    94.5540  0.000e+00
      25630     34.000     6.6190     6.6188    3.30073    3.30062          1     3.5401     3.2952      20.74      0.793     0.5983     0.2057  1.000e-12  0.6747000    32.8475    32.8465    -0.0010    -0.0002    25.7738    25.7730     33.681     33.793    1475.03    1475.03     6.4381     6.5306    93.2000    94.5390  0.000e+00
      25649     34.500     6.6199     6.6197    3.30116    3.30105          1     3.5396     3.2946      20.12      0.738     0.6524     0.2459  1.000e-12  0.7352000    32.8512    32.8501    -0.0011    -0.0002    25.7765    25.7757     34.176     34.289    1475.05    1475.05     6.4357     6.5248    93.1690    94.4580  0.000e+00
      25673     35.000     6.6206     6.6204    3.30153    3.30138          1     3.5391     3.2946      19.49      0.582     0.6283     0.2916  1.000e-12  0.7289000    32.8543    32.8530    -0.0014    -0.0003    25.7789    25.7779     34.671     34.786    1475.06    1475.06     6.4363     6.5334    93.1820    94.5860  0.000e+00
      25713     35.500     6.6215     6.6208    3.30189    3.30158          1     3.5394     3.2962      18.81      0.320     0.6398     0.3060  1.000e-12  0.7037000    32.8572    32.8544    -0.0028    -0.0007    25.7811    25.7789     35.167     35.282    1475.08    1475.07     6.4382     6.5396    93.2130    94.6780  0.000e+00
      25752     36.000     6.6221     6.6220    3.30216    3.30201          1     3.5395     3.2964      18.40      0.279     0.6693     0.2787  1.000e-12  0.6567000    32.8594    32.8578    -0.0016    -0.0001    25.7827    25.7815     35.662     35.779    1475.09    1475.09     6.4398     6.5319    93.2390    94.5700  0.000e+00
      25773     36.500     6.6231     6.6229    3.30259    3.30243          1     3.5396     3.2968      18.04      0.432     0.6681     0.2828  1.000e-12  0.7216000    32.8629    32.8613    -0.0015    -0.0002    25.7854    25.7842     36.157     36.275    1475.11    1475.10     6.4402     6.5366    93.2480    94.6430  0.000e+00
      25790     37.000     6.6237     6.6233    3.30301    3.30284          1     3.5401     3.2967      17.64      0.589     0.6385     0.2620  1.000e-12  0.7590000    32.8666    32.8652    -0.0014    -0.0005    25.7882    25.7871     36.652     36.771    1475.12    1475.12     6.4418     6.5300    93.2750    94.5510  0.000e+00
      25805     37.500     6.6246     6.6241    3.30414    3.30394          1     3.5402     3.2959      17.14      0.720     0.6225     0.2648  1.000e-12  0.7819000    32.8781    32.8763    -0.0018    -0.0004    25.7972    25.7958     37.148     37.268    1475.15    1475.15     6.4399     6.5264    93.2570    94.5080  0.000e+00
      25820     38.000     6.6272     6.6267    3.30718    3.30694          1     3.5399     3.2957      16.60      0.794     0.6024     0.2665  1.000e-12  0.7165000    32.9089    32.9067    -0.0022    -0.0005    25.8211    25.8194     37.643     37.764    1475.21    1475.20     6.4364     6.5280    93.2310    94.5560  0.000e+00
      25840     38.500     6.6311     6.6301    3.31003    3.30931          1     3.5397     3.2956      16.01      0.724     0.5813     0.2628  1.000e-12  0.6797000    32.9363    32.9293    -0.0070    -0.0011    25.8422    25.8368     38.138     38.261    1475.27    1475.25     6.4335     6.5312    93.2140    94.6230  0.000e+00
      25876     39.000     6.6335     6.6329    3.31155    3.31123          1     3.5387     3.2966      15.31      0.384     0.6218     0.2826  1.000e-12  0.6755000    32.9505    32.9477    -0.0029    -0.0006    25.8531    25.8509     38.633     38.757    1475.30    1475.29     6.4322     6.5337    93.2090    94.6770  0.000e+00
      25911     39.500     6.6371     6.6367    3.31348    3.31326          1     3.5392     3.2960      14.85      0.307     0.6094     0.2603  1.000e-12  0.6322000    32.9681    32.9661    -0.0020    -0.0004    25.8665    25.8649     39.129     39.254    1475.34    1475.34     6.4357     6.5229    93.2780    94.5400  0.000e+00
      25934     40.000     6.6389     6.6388    3.31423    3.31412          1     3.5394     3.2958      14.34      0.453     0.6151     0.2599  1.000e-12  0.6671000    32.9744    32.9733    -0.0010    -0.0002    25.8712    25.8704     39.624     39.750    1475.37    1475.37     6.4354     6.5330    93.2820    94.6960  0.000e+00
      25953     40.500     6.6398     6.6394    3.31505    3.31486          1     3.5396     3.2968      13.88      0.562     0.6340     0.2750  1.000e-12  0.7103000    32.9823    32.9806    -0.0017    -0.0004    25.8773    25.8760     40.119     40.247    1475.39    1475.39     6.4355     6.5381    93.2900    94.7750  0.000e+00
      25972     41.000     6.6403     6.6399    3.31562    3.31545          1     3.5399     3.2973      13.55      0.617     0.5714     0.3142  1.000e-12  0.7079000    32.9879    32.9864    -0.0015    -0.0004    25.8817    25.8805     40.615     40.743    1475.41    1475.40     6.4355     6.5364    93.2950    94.7570  0.000e+00
      25993     41.500     6.6411     6.6407    3.31630    3.31618          1     3.5398     3.2975      13.09      0.612     0.6187     0.2669  1.000e-12  0.6560000    32.9945    32.9935    -0.0010    -0.0003    25.8867    25.8860     41.110     41.239    1475.43    1475.42     6.4351     6.5316    93.2940    94.6920  0.000e+00
      26018     42.000     6.6410     6.6408    3.31633    3.31625          1     3.5402     3.2973      12.52      0.529     0.6078     0.2411  1.000e-12  0.6593000    32.9946    32.9940    -0.0006    -0.0002    25.8869    25.8864     41.605     41.736    1475.43    1475.43     6.4386     6.5305    93.3450    94.6760  0.000e+00
      26042     42.500     6.6416     6.6412    3.31684    3.31663          1     3.5406     3.2970      12.08      0.483     0.6235     0.2695  1.000e-12  0.6353000    32.9993    32.9975    -0.0019    -0.0004    25.8905    25.8891     42.100     42.232    1475.45    1475.45     6.4386     6.5282    93.3500    94.6460  0.000e+00
      26062     43.000     6.6425     6.6419    3.31765    3.31724          1     3.5408     3.2967      11.54      0.536     0.6150     0.2739  1.000e-12  0.6302000    33.0072    33.0033    -0.0039    -0.0007    25.8966    25.8936     42.595     42.729    1475.47    1475.47     6.4363     6.5299    93.3230    94.6760  0.000e+00
      26080     43.500     6.6442     6.6437    3.31878    3.31855          1     3.5402     3.2967      11.03      0.615     0.5868     0.2674  1.000e-12  0.6356000    33.0179    33.0158    -0.0020    -0.0005    25.9047    25.9032     43.091     43.225    1475.50    1475.50     6.4356     6.5341    93.3230    94.7480  0.000e+00
      26105     44.000     6.6488     6.6478    3.32138    3.32097          1     3.5406     3.2977      10.45      0.580     0.5599     0.3017  1.000e-12  0.6431000    33.0418    33.0383    -0.0036    -0.0011    25.9231    25.9204     43.586     43.721    1475.56    1475.55     6.4357     6.5374    93.3490    94.8200  0.000e+00
      26156     44.500     6.6494     6.6441    3.32148    3.31862          1     3.5403     3.2982       9.86      0.199     0.5556     0.2834  1.000e-12  0.5794000    33.0421    33.0157    -0.0265    -0.0052    25.9232    25.9031     44.081     44.218    1475.57    1475.51     6.4343     6.5381    93.3300    94.8080  0.000e+00
      26181     45.000     6.6625     6.6613    3.32725    3.32684          1     3.5404     3.2986       9.54      0.333     0.5298     0.2812  1.000e-12  0.5857000    33.0929    33.0895    -0.0034    -0.0012    25.9615    25.9590     44.576     44.714    1475.69    1475.68     6.4298     6.5350    93.3250    94.8470  0.000e+00
      26197     45.500     6.6682     6.6679    3.32986    3.32977          1     3.5400     3.2992       9.18      0.560     0.5085     0.2487  1.000e-12  0.6596000    33.1159    33.1152    -0.0008    -0.0003    25.9789    25.9784     45.072     45.211    1475.75    1475.75     6.4278     6.5330    93.3220    94.8490  0.000e+00
      26212     46.000     6.6791     6.6800    3.33260    3.33279          1     3.5399     3.2991       8.71      0.731     0.5103     0.2363  1.000e-12  0.7161000    33.1354    33.1366     0.0012     0.0009    25.9928    25.9936     45.567     45.707    1475.83    1475.83     6.4285     6.5267    93.3680    94.7970  0.000e+00
      26228     46.500     6.6936     6.6928    3.33629    3.33605          1     3.5406     3.2990       8.19      0.799     0.5071     0.3054  1.000e-12  0.7553000    33.1618    33.1599    -0.0019    -0.0008    26.0117    26.0103     46.062     46.203    1475.92    1475.92     6.4302     6.5239    93.4410    94.7990  0.000e+00
      26259     47.000     6.7045     6.7008    3.33868    3.33772          1     3.5405     3.2982       7.49      0.541     0.4941     0.2623  1.000e-12  0.9296000    33.1773    33.1703    -0.0070    -0.0037    26.0225    26.0175     46.557     46.700    1475.99    1475.97     6.4154     6.5102    93.2590    94.6240  0.000e+00
      26312     47.500     6.7376     6.7152    3.34649    3.34106          1     3.5312     3.2906       6.82      0.184     0.4544     0.1788  1.000e-12  1.4490000    33.2310    33.1929    -0.0381    -0.0225    26.0605    26.0334     47.053     47.196    1476.20    1476.06     6.3790     6.4715    92.8320    94.1070  0.000e+00
      26344     48.000     6.7893     6.7867    3.35854    3.35801          1     3.5324     3.2906       6.43      0.358     0.4489     0.2071  1.000e-12  1.6422000    33.3134    33.3100    -0.0034    -0.0025    26.1186    26.1162     47.548     47.692    1476.51    1476.50     6.3934     6.4980    93.2030    94.7210  0.000e+00
      26436     48.500     6.7768     6.7384    3.35579    3.34582          1     3.5305     3.2919       5.88      0.145     0.4488     0.2288  1.000e-12  1.4430000    33.2950    33.2223    -0.0726    -0.0384    26.1057    26.0535     48.043     48.189    1476.45    1476.21     6.3754     6.4823    92.9030    94.3320  0.000e+00
      26478     49.000     6.8001     6.7859    3.36144    3.35774          1     3.5276     3.2900       5.49      0.298     0.4428     0.2427  1.000e-12  1.5884000    33.3343    33.3074    -0.0270    -0.0142    26.1336    26.1142     48.538     48.685    1476.60    1476.51     6.3611     6.4703    92.7680    94.3140  0.000e+00
      26532     49.500     6.7926     6.7881    3.35987    3.35858          1     3.5263     3.2890       5.00      0.357     0.4488     0.2667  1.000e-12  1.6303000    33.3240    33.3142    -0.0098    -0.0045    26.1265    26.1193     49.033     49.181    1476.56    1476.53     6.3707     6.4712    92.8860    94.3370  0.000e+00
