ctdpy/tests/etc/exprapp_feb_2020/SBE09_1387_20200201_0529_77_10_0086.cnv
* Sea-Bird SBE 9 Data File:
* FileName = L:\2020\sv20d0086.hex
* Software Version Seasave V 7.26.7.121
* Temperature SN = 6378
* Conductivity SN = 4824
* Number of Bytes Per Scan = 41
* Number of Voltage Words = 4
* Number of Scans Averaged by the Deck Unit = 1
* NMEA Latitude = 57 26.43 N
* NMEA Longitude = 010 49.68 E
* NMEA UTC (Time) = Feb 01 2020  05:29:24
* NMEA baud rate = 4800
** Station:  Laso ranna
** Operator:  A-KTh
** Ship: SVEA
** Average sound velocity: 1474.01 m/s
** True-depth calculation Sat, 01 Feb 2020 09:52:35 +0000
** CTD Python Module SMHI /ver 3-12/ feb 2012 
** LIMS Job: 20207710-0086
** Cruise: SMHI-02-2020
** Latitude [GG MM.mm N] :
** Longitude [GGG MM.mm E]:
# nquan = 30
# nvalues = 80                          
# units = specified
# name 0 = scan: Scan Count
# name 1 = prDM: Pressure, Digiquartz [db]
# name 2 = t090C: Temperature [ITS-90, deg C]
# name 3 = t190C: Temperature, 2 [ITS-90, deg C]
# name 4 = c0S/m: Conductivity [S/m]
# name 5 = c1S/m: Conductivity, 2 [S/m]
# name 6 = pumps: Pump Status
# name 7 = sbeox0V: Oxygen raw, SBE 43 [V]
# name 8 = sbeox1V: Oxygen raw, SBE 43, 2 [V]
# name 9 = altM: Altimeter [m]
# name 10 = dz/dtM: Descent Rate [m/s]
# name 11 = flECO-AFL: Chl-a Fluorescence, WET Labs ECO-AFL/FL [mg/m^3]
# name 12 = flECO-AFL1: Phycocyanin Fluorescence, WET Labs ECO-AFL/FL, 2 [mg/m^3]
# name 13 = par: PAR/Irradiance, Biospherical/Lico [µE/(cm^2*s)]
# name 14 = turbWETntu0: Turbidity, WET Labs ECO [NTU]
# name 15 = sal00: Salinity, Practical [PSU]
# name 16 = sal11: Salinity, Practical, 2 [PSU]
# name 17 = secS-priS: Salinity, Practical, Difference, 2 - 1 [PSU]
# name 18 = T2-T190C: Temperature Difference, 2 - 1 [ITS-90, deg C]
# name 19 = sigma-t00: Density [sigma-t, kg/m^3 ]
# name 20 = sigma-t11: Density, 2 [sigma-t, kg/m^3 ]
# name 21 = depSM: Depth [salt water, m], lat = 57.4405
# name 22 = depFM: Depth [true depth, m], lat = 57.4405
# name 23 = svCM: Sound Velocity [Chen-Millero, m/s]
# name 24 = svCM1: Sound Velocity, 2 [Chen-Millero, m/s]
# name 25 = sbeox0ML/L: Oxygen, SBE 43 [ml/l], WS = 2
# name 26 = sbeox1ML/L: Oxygen, SBE 43, 2 [ml/l], WS = 2
# name 27 = sbeox0PS: Oxygen, SBE 43 [% saturation], WS = 2
# name 28 = sbeox1PS: Oxygen, SBE 43, 2 [% saturation], WS = 2
# name 29 = flag: flag
# span 0 =      23195,      31881       
# span 1 =      1.000,     40.500       
# span 2 =     5.8368,     6.9810       
# span 3 =     5.8367,     6.9803       
# span 4 =   2.959402,   3.400338       
# span 5 =   2.959383,   3.400161       
# span 6 =          1,          1       
# span 7 =     3.5043,     3.5990       
# span 8 =     3.2669,     3.3518       
# span 9 =       0.95,      61.36       
# span 10 =     -0.191,      0.563      
# span 11 =     0.3789,     2.4821      
# span 12 =     0.1953,     0.7159      
# span 13 = 1.0000e-12, 2.0844e+00      
# span 14 =     0.4255,     2.3896      
# span 15 =    29.8019,    33.5901      
# span 16 =    29.8021,    33.5890      
# span 17 =    -0.0249,     0.0288      
# span 18 =    -0.0060,     0.0106      
# span 19 =    23.4664,    26.3109      
# span 20 =    23.4666,    26.3100      
# span 21 =      0.991,     40.123      
# span 22 =      0.995,     40.228      
# span 23 =    1467.56,    1477.48      
# span 24 =    1467.56,    1477.48      
# span 25 =     6.2738,     6.8185      
# span 26 =     6.3660,     6.9226      
# span 27 =     92.026,     94.985      
# span 28 =     93.368,     96.432      
# span 29 = 0.0000e+00, 0.0000e+00      
# interval = decibars: 0.5              
# start_time = Feb 01 2020 05:29:24 [NMEA time, first data scan]
# bad_flag = -9.990e-29
*END*
      23195      1.000     5.8377     5.8372    2.96160    2.96022          1     3.5978     3.3517      57.04      0.022     2.2636     0.6286  2.084e+00  0.4255000    29.8268    29.8119    -0.0149    -0.0005    23.4860    23.4742      0.991      0.995    1467.58    1467.56     6.8125     6.9187    94.9150    96.3830  0.000e+00
      23326      1.500     5.8377     5.8380    2.95979    2.95950          1     3.5989     3.3512      39.36      0.115     2.4821     0.6912  1.404e+00  0.4395000    29.8065    29.8030    -0.0035     0.0003    23.4699    23.4671      1.486      1.493    1467.56    1467.56     6.8185     6.9100    94.9850    96.2580  0.000e+00
      23360      2.000     5.8377     5.8372    2.95940    2.95938          1     3.5990     3.3504      39.53      0.334     2.4011     0.6707  1.211e+00  0.5293000    29.8019    29.8021     0.0002    -0.0005    23.4664    23.4666      1.982      1.990    1467.56    1467.56     6.8149     6.9148    94.9320    96.3230  0.000e+00
      23395      2.500     5.8368     5.8367    2.95950    2.95948          1     3.5988     3.3508      46.61      0.329     2.4257     0.7108  1.119e+00  0.5259000    29.8036    29.8035    -0.0001    -0.0001    23.4677    23.4677      2.477      2.488    1467.57    1467.57     6.8168     6.9226    94.9580    96.4320  0.000e+00
      23436      3.000     5.8371     5.8370    2.95952    2.96010          1     3.5987     3.3516      41.13      0.304     2.3298     0.6986  8.844e-01  0.4840000    29.8033    29.8098     0.0064    -0.0000    23.4675    23.4726      2.972      2.986    1467.58    1467.59     6.8166     6.9199    94.9560    96.3980  0.000e+00
      23478      3.500     5.8371     5.8380    2.96055    2.96318          1     3.5983     3.3518      26.30      0.286     2.3206     0.6321  6.815e-01  0.4941000    29.8145    29.8430     0.0286     0.0009    23.4763    23.4987      3.468      3.483    1467.60    1467.64     6.8139     6.9198    94.9260    96.4200  0.000e+00
      23522      4.000     5.8385     5.8388    2.96480    2.96508          1     3.5977     3.3517      45.54      0.267     2.3554     0.6883  5.276e-01  0.5293000    29.8603    29.8632     0.0030     0.0002    23.5123    23.5146      3.963      3.981    1467.67    1467.68     6.8108     6.9165    94.9140    96.3890  0.000e+00
      23562      4.500     5.8393     5.8393    2.96625    2.96600          1     3.5973     3.3517      46.30      0.303     2.4281     0.6713  3.903e-01  0.5125000    29.8755    29.8727    -0.0028    -0.0000    23.5242    23.5221      4.458      4.478    1467.70    1467.70     6.8093     6.9180    94.9040    96.4170  0.000e+00
      23598      5.000     5.8403     5.8402    2.96795    2.96798          1     3.5964     3.3517      56.40      0.307     2.3504     0.7159  3.089e-01  0.5201000    29.8934    29.8937     0.0003    -0.0001    23.5383    23.5385      4.954      4.976    1467.74    1467.74     6.8060     6.9155    94.8710    96.3980  0.000e+00
      23629      5.500     5.8418     5.8416    2.97072    2.97047          1     3.5964     3.3514      43.28      0.392     2.2796     0.6242  2.357e-01  0.5208000    29.9226    29.9199    -0.0027    -0.0002    23.5611    23.5590      5.449      5.473    1467.79    1467.79     6.8082     6.9140    94.9240    96.3970  0.000e+00
      23667      6.000     5.8435     5.8438    2.97387    2.97418          1     3.5961     3.3515      35.19      0.319     2.3002     0.5673  1.812e-01  0.5225000    29.9559    29.9591     0.0032     0.0002    23.5872    23.5897      5.945      5.971    1467.85    1467.85     6.8021     6.9115    94.8640    96.3920  0.000e+00
      23697      6.500     5.8473     5.8474    2.98023    2.98047          1     3.5953     3.3508      56.18      0.359     2.3061     0.5451  1.362e-01  0.5390000    30.0230    30.0256     0.0026     0.0000    23.6398    23.6419      6.440      6.468    1467.96    1467.96     6.7978     6.9064    94.8550    96.3710  0.000e+00
      23723      7.000     5.8518     5.8524    2.98709    2.98805          1     3.5953     3.3506      43.30      0.452     2.2728     0.6059  8.920e-02  0.5732000    30.0950    30.1053     0.0102     0.0006    23.6961    23.7041      6.935      6.966    1468.07    1468.09     6.7958     6.8955    94.8820    96.2820  0.000e+00
      23751      7.500     5.8572     5.8576    2.99397    2.99460          1     3.5947     3.3491      34.06      0.441     2.2121     0.6981  4.863e-02  0.5479000    30.1665    30.1732     0.0067     0.0004    23.7519    23.7572      7.431      7.463    1468.19    1468.20     6.7888     6.8876    94.8420    96.2270  0.000e+00
      23782      8.000     5.8608     5.8610    2.99839    2.99871          1     3.5942     3.3484      61.36      0.396     2.2830     0.6263  2.589e-02  0.5660000    30.2124    30.2157     0.0033     0.0002    23.7877    23.7903      7.926      7.961    1468.27    1468.28     6.7859     6.8945    94.8370    96.3590  0.000e+00
      23808      8.500     5.8677     5.8679    3.00654    3.00709          1     3.5941     3.3494      32.47      0.424     2.2391     0.6062  8.289e-03  0.5556000    30.2966    30.3026     0.0060     0.0002    23.8534    23.8581      8.421      8.458    1468.42    1468.43     6.7818     6.8910    94.8490    96.3810  0.000e+00
      23831      9.000     5.8723     5.8720    3.01274    3.01247          1     3.5932     3.3484      32.50      0.494     2.1938     0.6884  4.838e-05  0.5334000    30.3613    30.3586    -0.0027    -0.0003    23.9039    23.9018      8.917      8.956    1468.53    1468.52     6.7624     6.8643    94.6290    96.0530  0.000e+00
      23855      9.500     5.8827     5.8815    3.02231    3.02122          1     3.5889     3.3450      32.08      0.518     2.1297     0.6720  5.811e-07  0.5745000    30.4583    30.4472    -0.0111    -0.0012    23.9794    23.9707      9.412      9.453    1468.70    1468.68     6.7415     6.8385    94.4200    95.7690  0.000e+00
      23880     10.000     5.9390     5.9388    3.07199    3.07207          1     3.5857     3.3412      32.09      0.487     1.5868     0.5978  1.000e-12  0.5196000    30.9602    30.9613     0.0011    -0.0002    24.3690    24.3699      9.908      9.950    1469.56    1469.56     6.7055     6.7928    94.3550    95.5830  0.000e+00
      23907     10.500     5.9939     5.9962    3.11498    3.11599          1     3.5817     3.3366      31.84      0.456     1.4338     0.4803  1.000e-12  0.4807000    31.3886    31.3977     0.0091     0.0022    24.7008    24.7077     10.403     10.447    1470.33    1470.35     6.6643     6.7531    94.1630    95.4300  0.000e+00
      23934     11.000     6.0058     6.0104    3.12223    3.12520          1     3.5771     3.3331      30.76      0.436     1.4991     0.4884  1.000e-12  0.4640000    31.4581    31.4869     0.0288     0.0046    24.7542    24.7764     10.898     10.944    1470.48    1470.53     6.6502     6.7476    94.0340    95.4410  0.000e+00
      23961     11.500     6.0492     6.0432    3.14593    3.14320          1     3.5740     3.3304      30.18      0.448     1.4379     0.3915  1.000e-12  0.4622000    31.6816    31.6567    -0.0249    -0.0060    24.9254    24.9065     11.394     11.441    1470.94    1470.88     6.6353     6.7313    94.0580    95.3900  0.000e+00
      23987     12.000     6.0654     6.0665    3.15283    3.15299          1     3.5728     3.3283      29.70      0.458     1.3064     0.3966  1.000e-12  0.4488000    31.7431    31.7439     0.0008     0.0010    24.9720    24.9725     11.889     11.938    1471.09    1471.10     6.6318     6.7203    94.0830    95.3410  0.000e+00
      24011     12.500     6.0819     6.0827    3.15566    3.15594          1     3.5717     3.3264      29.22      0.476     1.2663     0.4646  1.000e-12  0.4581000    31.7590    31.7613     0.0023     0.0008    24.9826    24.9843     12.384     12.435    1471.18    1471.19     6.6307     6.7234    94.1140    95.4320  0.000e+00
      24033     13.000     6.1130     6.1153    3.16239    3.16312          1     3.5729     3.3267      28.63      0.517     1.1791     0.3633  1.000e-12  0.4642000    31.8045    31.8105     0.0060     0.0023    25.0147    25.0192     12.880     12.932    1471.37    1471.39     6.6272     6.7140    94.1610    95.4040  0.000e+00
      24056     13.500     6.1748     6.1771    3.17875    3.17979          1     3.5704     3.3234      26.62      0.536     1.0832     0.3593  1.000e-12  0.4742000    31.9283    31.9376     0.0093     0.0024    25.1049    25.1119     13.375     13.429    1471.79    1471.81     6.5794     6.6513    93.6940    94.7290  0.000e+00
      24080     14.000     6.2550     6.2586    3.20628    3.20782          1     3.5642     3.3171      22.02      0.519     0.8992     0.3099  1.000e-12  0.4504000    32.1584    32.1720     0.0136     0.0036    25.2765    25.2868     13.870     13.925    1472.40    1472.43     6.5440     6.6111    93.5070    94.4830  0.000e+00
      24103     14.500     6.4117     6.4215    3.24268    3.24566          1     3.5609     3.3127      17.33      0.507     0.7458     0.3072  1.000e-12  0.4575000    32.4131    32.4368     0.0237     0.0098    25.4577    25.4752     14.366     14.422    1473.35    1473.42     6.5059     6.5743    93.4600    94.4780  0.000e+00
      24128     15.000     6.5644     6.5668    3.28264    3.28418          1     3.5569     3.3087      16.05      0.503     0.5778     0.2833  1.000e-12  0.5285000    32.7093    32.7241     0.0148     0.0024    25.6719    25.6832     14.861     14.919    1474.33    1474.36     6.4539     6.5304    93.2250    94.3450  0.000e+00
      24153     15.500     6.5959     6.6064    3.30007    3.30174          1     3.5521     3.3055      15.76      0.477     0.5002     0.2598  1.000e-12  0.6046000    32.8714    32.8796     0.0083     0.0106    25.7956    25.8007     15.357     15.415    1474.67    1474.72     6.4409     6.5358    93.2050    94.6070  0.000e+00
      24179     16.000     6.6483     6.6566    3.31335    3.31506          1     3.5516     3.3074      13.75      0.459     0.4614     0.2710  1.000e-12  0.6813000    32.9673    32.9781     0.0107     0.0084    25.8644    25.8718     15.852     15.912    1475.00    1475.05     6.4477     6.5561    93.4750    95.0720  0.000e+00
      24205     16.500     6.6701     6.6661    3.32474    3.32548          1     3.5546     3.3105      12.95      0.465     0.4572     0.2931  1.000e-12  0.7799000    33.0717    33.0837     0.0121    -0.0040    25.9438    25.9538     16.347     16.408    1475.23    1475.23     6.4555     6.5567    93.7010    95.1680  0.000e+00
      24231     17.000     6.6468     6.6461    3.32762    3.32851          1     3.5582     3.3128      11.35      0.462     0.4126     0.3022  1.000e-12  0.8306000    33.1257    33.1364     0.0106    -0.0008    25.9895    25.9979     16.843     16.904    1475.21    1475.22     6.4639     6.5587    93.8050    95.1860  0.000e+00
      24255     17.500     6.6489     6.6483    3.33002    3.32969          1     3.5604     3.3146      11.34      0.474     0.4037     0.2767  1.000e-12  0.7506000    33.1500    33.1469    -0.0030    -0.0006    26.0083    26.0060     17.338     17.401    1475.26    1475.25     6.4649     6.5592    93.8400    95.2050  0.000e+00
      24277     18.000     6.6495     6.6495    3.33019    3.33007          1     3.5625     3.3157      13.56      0.525     0.4054     0.2902  1.000e-12  0.7516000    33.1510    33.1498    -0.0013    -0.0000    26.0090    26.0081     17.833     17.897    1475.27    1475.27     6.4695     6.5588    93.9080    95.2050  0.000e+00
      24299     18.500     6.6505     6.6506    3.33048    3.33038          1     3.5639     3.3163      14.01      0.559     0.4057     0.2364  1.000e-12  0.7721000    33.1530    33.1518    -0.0012     0.0001    26.0105    26.0095     18.329     18.393    1475.29    1475.29     6.4651     6.5519    93.8480    95.1070  0.000e+00
      24324     19.000     6.6512     6.6514    3.33066    3.33060          1     3.5634     3.3156      13.86      0.514     0.4138     0.2378  1.000e-12  0.7610000    33.1541    33.1532    -0.0009     0.0002    26.0112    26.0105     18.824     18.890    1475.30    1475.30     6.4543     6.5410    93.6930    94.9520  0.000e+00
      24350     19.500     6.6698     6.6756    3.33490    3.33622          1     3.5608     3.3142      13.73      0.456     0.3935     0.2207  1.000e-12  0.7477000    33.1826    33.1915     0.0089     0.0058    26.0312    26.0375     19.319     19.386    1475.41    1475.45     6.4353     6.5232    93.4760    94.7700  0.000e+00
      24373     20.000     6.7064     6.7097    3.34330    3.34393          1     3.5569     3.3112      13.57      0.489     0.4035     0.2911  1.000e-12  0.8481000    33.2396    33.2433     0.0037     0.0033    26.0714    26.0739     19.815     19.882    1475.64    1475.65     6.4153     6.5012    93.3000    94.5580  0.000e+00
      24396     20.500     6.7343     6.7370    3.34918    3.34950          1     3.5533     3.3084      14.14      0.520     0.4059     0.2482  1.000e-12  1.0144000    33.2771    33.2781     0.0009     0.0027    26.0973    26.0976     20.310     20.379    1475.80    1475.81     6.4061     6.4924    93.2480    94.5100  0.000e+00
      24421     21.000     6.7617     6.7617    3.35411    3.35400          1     3.5509     3.3063      13.63      0.500     0.3854     0.2557  1.000e-12  1.1817000    33.3045    33.3034    -0.0011    -0.0000    26.1152    26.1143     20.805     20.875    1475.95    1475.95     6.3981     6.4844    93.2070    94.4650  0.000e+00
      24448     21.500     6.7747     6.7750    3.35638    3.35632          1     3.5476     3.3034      13.34      0.458     0.3887     0.2596  1.000e-12  1.2366000    33.3167    33.3157    -0.0010     0.0003    26.1231    26.1223     21.301     21.371    1476.03    1476.03     6.3852     6.4743    93.0560    94.3530  0.000e+00
      24475     22.000     6.7843     6.7851    3.35815    3.35810          1     3.5445     3.3009      12.82      0.444     0.3891     0.2293  1.000e-12  1.2717000    33.3265    33.3252    -0.0013     0.0008    26.1296    26.1284     21.796     21.868    1476.09    1476.09     6.3794     6.4722    92.9970    94.3510  0.000e+00
      24500     22.500     6.8073     6.8028    3.36263    3.36162          1     3.5421     3.2998      13.34      0.465     0.3789     0.2180  1.000e-12  1.2866000    33.3533    33.3466    -0.0067    -0.0045    26.1476    26.1429     22.291     22.364    1476.22    1476.19     6.3759     6.4743    93.0130    94.4340  0.000e+00
      24523     23.000     6.8105     6.8089    3.36322    3.36276          1     3.5423     3.2997      15.38      0.497     0.3884     0.2596  1.000e-12  1.3319000    33.3564    33.3529    -0.0035    -0.0016    26.1497    26.1471     22.787     22.860    1476.24    1476.23     6.3898     6.4815    93.2230    94.5560  0.000e+00
      24545     23.500     6.8090     6.8078    3.36291    3.36255          1     3.5440     3.2999      15.68      0.531     0.4020     0.2622  1.000e-12  1.3963000    33.3542    33.3515    -0.0027    -0.0012    26.1480    26.1461     23.282     23.357    1476.24    1476.23     6.3835     6.4689    93.1280    94.3680  0.000e+00
      24566     24.000     6.8131     6.8100    3.36376    3.36303          1     3.5414     3.2973      15.62      0.563     0.4104     0.2414  1.000e-12  1.4517000    33.3594    33.3543    -0.0051    -0.0030    26.1517    26.1480     23.777     23.853    1476.27    1476.25     6.3610     6.4404    92.8110    93.9590  0.000e+00
      24588     24.500     6.8276     6.8288    3.36657    3.36662          1     3.5369     3.2931      14.65      0.558     0.4272     0.2613  1.000e-12  1.4433000    33.3759    33.3753    -0.0006     0.0012    26.1627    26.1621     24.273     24.349    1476.36    1476.36     6.3440     6.4279    92.6030    93.8300  0.000e+00
