ctdpy/tests/etc/exprapp_feb_2020/SBE09_1387_20200206_1704_77_10_0116.cnv
* Sea-Bird SBE 9 Data File:
* FileName = L:\2020\sv20d0116.hex
* Software Version Seasave V 7.26.7.121
* Temperature SN = 6378
* Conductivity SN = 4824
* Number of Bytes Per Scan = 41
* Number of Voltage Words = 4
* Number of Scans Averaged by the Deck Unit = 1
* NMEA Latitude = 58 17.70 N
* NMEA Longitude = 010 50.65 E
* NMEA UTC (Time) = Feb 06 2020  17:04:21
* NMEA baud rate = 4800
** Station:  Å15
** Operator:  DBSj
** Ship: SVEA
** Average sound velocity: 1480.09 m/s
** True-depth calculation Thu, 06 Feb 2020 18:20:22 +0000
** CTD Python Module SMHI /ver 3-12/ feb 2012 
** LIMS Job: 20207710-0116
** Cruise: SMHI-03-2020
** Latitude [GG MM.mm N] :
** Longitude [GGG MM.mm E]:
# nquan = 30
# nvalues = 267                         
# units = specified
# name 0 = scan: Scan Count
# name 1 = prDM: Pressure, Digiquartz [db]
# name 2 = t090C: Temperature [ITS-90, deg C]
# name 3 = t190C: Temperature, 2 [ITS-90, deg C]
# name 4 = c0S/m: Conductivity [S/m]
# name 5 = c1S/m: Conductivity, 2 [S/m]
# name 6 = pumps: Pump Status
# name 7 = sbeox0V: Oxygen raw, SBE 43 [V]
# name 8 = sbeox1V: Oxygen raw, SBE 43, 2 [V]
# name 9 = altM: Altimeter [m]
# name 10 = dz/dtM: Descent Rate [m/s]
# name 11 = flECO-AFL: Chl-a Fluorescence, WET Labs ECO-AFL/FL [mg/m^3]
# name 12 = flECO-AFL1: Phycocyanin Fluorescence, WET Labs ECO-AFL/FL, 2 [mg/m^3]
# name 13 = par: PAR/Irradiance, Biospherical/Lico [µE/(cm^2*s)]
# name 14 = turbWETntu0: Turbidity, WET Labs ECO [NTU]
# name 15 = sal00: Salinity, Practical [PSU]
# name 16 = sal11: Salinity, Practical, 2 [PSU]
# name 17 = secS-priS: Salinity, Practical, Difference, 2 - 1 [PSU]
# name 18 = T2-T190C: Temperature Difference, 2 - 1 [ITS-90, deg C]
# name 19 = sigma-t00: Density [sigma-t, kg/m^3 ]
# name 20 = sigma-t11: Density, 2 [sigma-t, kg/m^3 ]
# name 21 = depSM: Depth [salt water, m], lat = 58.295
# name 22 = depFM: Depth [true depth, m], lat = 58.295
# name 23 = svCM: Sound Velocity [Chen-Millero, m/s]
# name 24 = svCM1: Sound Velocity, 2 [Chen-Millero, m/s]
# name 25 = sbeox0ML/L: Oxygen, SBE 43 [ml/l], WS = 2
# name 26 = sbeox1ML/L: Oxygen, SBE 43, 2 [ml/l], WS = 2
# name 27 = sbeox0PS: Oxygen, SBE 43 [% saturation], WS = 2
# name 28 = sbeox1PS: Oxygen, SBE 43, 2 [% saturation], WS = 2
# name 29 = flag: flag
# span 0 =      39037,      46078       
# span 1 =      1.500,    134.500       
# span 2 =     6.2265,     7.5706       
# span 3 =     6.2258,     7.5637       
# span 4 =   3.245719,   3.575040       
# span 5 =   3.245539,   3.574877       
# span 6 =          1,          1       
# span 7 =     3.4970,     3.5934       
# span 8 =     3.2567,     3.3438       
# span 9 =       2.18,     100.08       
# span 10 =     -0.110,      0.778      
# span 11 =     0.3013,     0.9121      
# span 12 =     0.1599,     0.3503      
# span 13 = -2.268e-06, 1.6227e+00      
# span 14 =     0.2498,     1.9434      
# span 15 =    32.6270,    34.9658      
# span 16 =    32.6259,    34.9643      
# span 17 =    -0.0300,     0.0483      
# span 18 =    -0.0185,     0.0198      
# span 19 =    25.6498,    27.3250      
# span 20 =    25.6490,    27.3239      
# span 21 =      1.486,    133.207      
# span 22 =      1.490,    133.391      
# span 23 =    1472.74,    1482.64      
# span 24 =    1472.72,    1482.63      
# span 25 =     6.1186,     6.6067      
# span 26 =     6.1931,     6.7075      
# span 27 =     91.350,     94.634      
# span 28 =     92.225,     96.092      
# span 29 = 0.0000e+00, 0.0000e+00      
# interval = decibars: 0.5              
# start_time = Feb 06 2020 17:04:22 [NMEA time, first data scan]
# bad_flag = -9.990e-29
*END*
[from data line 49]
      40321     26.000     7.4804     7.4756    3.53709    3.53694          1     3.5033     3.2638      97.97      0.445     0.3636     0.2181  1.000e-12  0.3302000    34.5973    34.6005     0.0031    -0.0048    27.0337    27.0369     25.757     25.812    1480.43    1480.41     6.1433     6.2369    91.7570    93.1450  0.000e+00
      40350     26.500     7.4774     7.4758    3.53736    3.53709          1     3.5038     3.2638      97.98      0.390     0.3559     0.2351  1.000e-12  0.3165000    34.6030    34.6017    -0.0013    -0.0016    27.0386    27.0379     26.252     26.308    1480.43    1480.42     6.1454     6.2345    91.7840    93.1110  0.000e+00
      40373     27.000     7.4853     7.4848    3.53818    3.53800          1     3.5046     3.2638      97.99      0.461     0.3543     0.1878  1.000e-12  0.3228000    34.6038    34.6024    -0.0014    -0.0005    27.0382    27.0371     26.747     26.804    1480.47    1480.47     6.1475     6.2337    91.8330    93.1180  0.000e+00
      40392     27.500     7.4863     7.4842    3.53832    3.53802          1     3.5052     3.2638      98.00      0.566     0.3736     0.1903  1.000e-12  0.3326000    34.6042    34.6029    -0.0013    -0.0020    27.0383    27.0376     27.243     27.300    1480.48    1480.48     6.1495     6.2350    91.8660    93.1380  0.000e+00
      40410     28.000     7.4816     7.4823    3.53793    3.53785          1     3.5061     3.2640      98.00      0.639     0.3779     0.1994  1.000e-12  0.3410000    34.6042    34.6027    -0.0016     0.0007    27.0390    27.0377     27.738     27.796    1480.47    1480.48     6.1509     6.2395    91.8770    93.2010  0.000e+00
      40434     28.500     7.4782     7.4762    3.53754    3.53721          1     3.5059     3.2648      98.01      0.583     0.3779     0.1953  1.000e-12  0.3440000    34.6031    34.6015    -0.0016    -0.0020    27.0386    27.0377     28.233     28.292    1480.47    1480.46     6.1485     6.2472    91.8340    93.3020  0.000e+00
      40466     29.000     7.4751     7.4676    3.53718    3.53646          1     3.5074     3.2671      88.62      0.409     0.3704     0.1956  1.000e-12  0.3325000    34.6021    34.6017    -0.0004    -0.0075    27.0383    27.0391     28.729     28.787    1480.46    1480.44     6.1638     6.2631    92.0550    93.5210  0.000e+00
      40495     29.500     7.4603     7.4503    3.53614    3.53523          1     3.5108     3.2696      79.54      0.384     0.3667     0.2594  1.000e-12  0.3126000    34.6053    34.6054     0.0001    -0.0100    27.0429    27.0444     29.224     29.283    1480.42    1480.38     6.1724     6.2642    92.1530    93.5030  0.000e+00
      40520     30.000     7.4347     7.4309    3.53438    3.53397          1     3.5119     3.2697      94.71      0.458     0.3568     0.2388  1.000e-12  0.3161000    34.6115    34.6108    -0.0007    -0.0037    27.0515    27.0514     29.719     29.779    1480.34    1480.32     6.1727     6.2518    92.1090    93.2810  0.000e+00
      40546     30.500     7.4345     7.4290    3.53438    3.53382          1     3.5122     3.2682      97.96      0.478     0.3651     0.2205  1.000e-12  0.3383000    34.6114    34.6108    -0.0006    -0.0055    27.0515    27.0517     30.214     30.275    1480.34    1480.32     6.1686     6.2504    92.0460    93.2560  0.000e+00
      40574     31.000     7.4405     7.4346    3.53474    3.53415          1     3.5121     3.2693      98.02      0.437     0.3552     0.2139  1.000e-12  0.3378000    34.6090    34.6086    -0.0005    -0.0060    27.0487    27.0492     30.710     30.771    1480.37    1480.35     6.1798     6.2804    92.2240    93.7140  0.000e+00
      40599     31.500     7.4362     7.4329    3.53454    3.53412          1     3.5165     3.2736      98.03      0.434     0.3565     0.2532  1.000e-12  0.3605000    34.6110    34.6098    -0.0012    -0.0033    27.0508    27.0504     31.205     31.267    1480.37    1480.35     6.2020     6.2986    92.5490    93.9810  0.000e+00
      40619     32.000     7.4118     7.4135    3.53260    3.53256          1     3.5201     3.2763      84.19      0.518     0.3569     0.2675  1.000e-12  0.3716000    34.6140    34.6118    -0.0022     0.0018    27.0568    27.0548     31.700     31.763    1480.29    1480.29     6.2073     6.3011    92.5780    93.9800  0.000e+00
      40637     32.500     7.3689     7.3656    3.52925    3.52880          1     3.5217     3.2781      68.56      0.618     0.3625     0.2216  1.000e-12  0.3716000    34.6202    34.6185    -0.0016    -0.0033    27.0677    27.0669     32.195     32.258    1480.14    1480.12     6.2134     6.3200    92.5820    94.1630  0.000e+00
      40657     33.000     7.3527     7.3556    3.52790    3.52786          1     3.5238     3.2821      96.99      0.647     0.3725     0.2317  1.000e-12  0.3913000    34.6214    34.6181    -0.0033     0.0029    27.0710    27.0680     32.691     32.754    1480.08    1480.09     6.2291     6.3435    92.7830    94.4910  0.000e+00
      40688     33.500     7.3433     7.3377    3.52721    3.52661          1     3.5303     3.2890      98.03      0.468     0.3861     0.2188  1.000e-12  0.3916000    34.6231    34.6221    -0.0010    -0.0056    27.0736    27.0737     33.186     33.250    1480.06    1480.03     6.2493     6.3617    93.0650    94.7260  0.000e+00
      40722     34.000     7.2799     7.2683    3.52340    3.52272          1     3.5363     3.2946      98.03      0.328     0.3788     0.1989  1.000e-12  0.3367000    34.6447    34.6488     0.0041    -0.0116    27.0997    27.1046     33.681     33.746    1479.85    1479.81     6.2667     6.3686    93.2030    94.6950  0.000e+00
      40747     34.500     7.2659     7.2656    3.52332    3.52325          1     3.5399     3.2968      98.03      0.426     0.3631     0.2777  1.000e-12  0.3474000    34.6576    34.6571    -0.0005    -0.0003    27.1118    27.1115     34.177     34.242    1479.82    1479.82     6.2720     6.3623    93.2590    94.6010  0.000e+00
      40769     35.000     7.2658     7.2659    3.52426    3.52424          1     3.5416     3.2972      98.03      0.518     0.3790     0.2346  1.000e-12  0.3831000    34.6676    34.6674    -0.0002     0.0001    27.1197    27.1195     34.672     34.738    1479.84    1479.84     6.2698     6.3528    93.2340    94.4680  0.000e+00
      40790     35.500     7.2699     7.2711    3.52747    3.52779          1     3.5424     3.2969      98.02      0.561     0.3691     0.2213  1.000e-12  0.3939000    34.6984    34.7007     0.0023     0.0012    27.1433    27.1450     35.167     35.233    1479.90    1479.91     6.2657     6.3488    93.1990    94.4400  0.000e+00
      40811     36.000     7.2768     7.2773    3.53041    3.53049          1     3.5425     3.2968      98.03      0.572     0.3684     0.2320  1.000e-12  0.3955000    34.7234    34.7238     0.0004     0.0006    27.1621    27.1623     35.662     35.729    1479.97    1479.97     6.2631     6.3488    93.1900    94.4670  0.000e+00
      40834     36.500     7.2803     7.2806    3.53161    3.53159          1     3.5426     3.2968      49.56      0.543     0.3607     0.2405  1.000e-12  0.4062000    34.7328    34.7323    -0.0005     0.0003    27.1689    27.1685     36.158     36.225    1480.00    1480.00     6.2606     6.3485    93.1660    94.4740  0.000e+00
      40860     37.000     7.2823     7.2834    3.53218    3.53238          1     3.5418     3.2968      97.75      0.489     0.3572     0.2401  1.000e-12  0.4176000    34.7368    34.7378     0.0010     0.0012    27.1718    27.1725     36.653     36.721    1480.02    1480.03     6.2554     6.3482    93.0960    94.4800  0.000e+00
      40889     37.500     7.2848     7.2856    3.53296    3.53305          1     3.5406     3.2968      98.03      0.434     0.3575     0.2097  1.000e-12  0.4116000    34.7425    34.7427     0.0002     0.0007    27.1759    27.1760     37.148     37.217    1480.05    1480.05     6.2530     6.3478    93.0690    94.4810  0.000e+00
      40919     38.000     7.2862     7.2865    3.53374    3.53368          1     3.5399     3.2966      97.79      0.395     0.3572     0.2215  1.000e-12  0.4174000    34.7494    34.7484    -0.0009     0.0003    27.1812    27.1804     37.644     37.712    1480.07    1480.07     6.2548     6.3460    93.1020    94.4600  0.000e+00
      40946     38.500     7.2860     7.2857    3.53420    3.53413          1     3.5404     3.2965      97.47      0.418     0.3441     0.2216  1.000e-12  0.3997000    34.7544    34.7539    -0.0005    -0.0003    27.1851    27.1848     38.139     38.208    1480.08    1480.08     6.2591     6.3486    93.1690    94.5010  0.000e+00
      40967     39.000     7.2855     7.2854    3.53451    3.53435          1     3.5406     3.2966      97.89      0.498     0.3458     0.2266  1.000e-12  0.4810000    34.7580    34.7564    -0.0016    -0.0001    27.1881    27.1868     38.634     38.704    1480.10    1480.09     6.2571     6.3487    93.1410    94.5030  0.000e+00
      40985     39.500     7.2855     7.2853    3.53457    3.53440          1     3.5403     3.2967      97.74      0.593     0.3544     0.2346  1.000e-12  0.4827000    34.7583    34.7567    -0.0016    -0.0002    27.1883    27.1871     39.129     39.200    1480.10    1480.10     6.2552     6.3489    93.1130    94.5070  0.000e+00
      41004     40.000     7.2858     7.2855    3.53461    3.53443          1     3.5399     3.2967      97.33      0.651     0.3595     0.2371  1.000e-12  0.4879000    34.7584    34.7566    -0.0018    -0.0002    27.1883    27.1870     39.624     39.696    1480.11    1480.11     6.2535     6.3491    93.0880    94.5090  0.000e+00
      41027     40.500     7.2857     7.2855    3.53466    3.53447          1     3.5391     3.2963      96.20      0.588     0.3632     0.2768  1.000e-12  0.5095000    34.7587    34.7568    -0.0019    -0.0002    27.1886    27.1872     40.120     40.191    1480.12    1480.12     6.2505     6.3398    93.0430    94.3710  0.000e+00
      41060     41.000     7.2856     7.2856    3.53470    3.53456          1     3.5380     3.2948      97.24      0.388     0.3493     0.2184  1.000e-12  0.4778000    34.7590    34.7574    -0.0016    -0.0000    27.1888    27.1876     40.615     40.687    1480.13    1480.13     6.2518     6.3443    93.0630    94.4380  0.000e+00
      41088     41.500     7.2859     7.2858    3.53479    3.53463          1     3.5379     3.2952      97.69      0.380     0.3446     0.2134  1.000e-12  0.4388000    34.7594    34.7577    -0.0017    -0.0001    27.1891    27.1878     41.110     41.183    1480.14    1480.14     6.2552     6.3464    93.1150    94.4710  0.000e+00
      41109     42.000     7.2859     7.2858    3.53485    3.53468          1     3.5386     3.2948      98.00      0.499     0.3537     0.1926  1.000e-12  0.4870000    34.7598    34.7581    -0.0018    -0.0001    27.1894    27.1881     41.606     41.679    1480.15    1480.15     6.2573     6.3420    93.1470    94.4050  0.000e+00
      41129     42.500     7.2860     7.2858    3.53487    3.53471          1     3.5387     3.2945      95.84      0.590     0.3472     0.2046  1.000e-12  0.5054000    34.7597    34.7581    -0.0016    -0.0002    27.1893    27.1881     42.101     42.175    1480.16    1480.15     6.2565     6.3430    93.1340    94.4200  0.000e+00
      41150     43.000     7.2861     7.2859    3.53490    3.53475          1     3.5389     3.2942      94.50      0.605     0.3358     0.2247  1.000e-12  0.4983000    34.7597    34.7582    -0.0015    -0.0001    27.1893    27.1882     42.596     42.670    1480.17    1480.16     6.2572     6.3448    93.1450    94.4470  0.000e+00
      41176     43.500     7.2860     7.2859    3.53494    3.53478          1     3.5391     3.2941      93.24      0.509     0.3444     0.2364  1.000e-12  0.4955000    34.7599    34.7584    -0.0015    -0.0001    27.1895    27.1883     43.091     43.166    1480.17    1480.17     6.2579     6.3428    93.1550    94.4170  0.000e+00
      41205     44.000     7.2862     7.2861    3.53499    3.53482          1     3.5387     3.2935      92.15      0.419     0.3451     0.2348  1.000e-12  0.4947000    34.7601    34.7583    -0.0017    -0.0001    27.1896    27.1883     43.587     43.662    1480.18    1480.18     6.2546     6.3413    93.1070    94.3960  0.000e+00
      41230     44.500     7.2863     7.2861    3.53502    3.53484          1     3.5381     3.2931      91.65      0.440     0.3458     0.2384  1.000e-12  0.5056000    34.7601    34.7584    -0.0017    -0.0002    27.1896    27.1883     44.082     44.158    1480.19    1480.19     6.2512     6.3421    93.0570    94.4080  0.000e+00
      41253     45.000     7.2863     7.2862    3.53511    3.53495          1     3.5368     3.2930      92.97      0.503     0.3437     0.2295  1.000e-12  0.5098000    34.7608    34.7592    -0.0016    -0.0002    27.1901    27.1889     44.577     44.653    1480.20    1480.20     6.2499     6.3410    93.0370    94.3920  0.000e+00
      41276     45.500     7.2863     7.2862    3.53514    3.53499          1     3.5366     3.2925      92.95      0.534     0.3452     0.2487  1.000e-12  0.4962000    34.7608    34.7593    -0.0015    -0.0002    27.1901    27.1890     45.072     45.149    1480.21    1480.21     6.2545     6.3387    93.1050    94.3570  0.000e+00
      41300     46.000     7.2862     7.2862    3.53520    3.53504          1     3.5371     3.2918      89.55      0.510     0.3453     0.2496  1.000e-12  0.5006000    34.7613    34.7596    -0.0017    -0.0000    27.1906    27.1892     45.568     45.645    1480.22    1480.21     6.2564     6.3391    93.1340    94.3630  0.000e+00
      41327     46.500     7.2862     7.2861    3.53525    3.53510          1     3.5373     3.2919      89.01      0.465     0.3521     0.2027  1.000e-12  0.4862000    34.7617    34.7602    -0.0015    -0.0001    27.1908    27.1897     46.063     46.141    1480.23    1480.22     6.2562     6.3456    93.1310    94.4610  0.000e+00
      41355     47.000     7.2857     7.2855    3.53542    3.53524          1     3.5372     3.2923      88.94      0.429     0.3577     0.2253  1.000e-12  0.4679000    34.7639    34.7620    -0.0019    -0.0001    27.1927    27.1912     46.558     46.637    1480.23    1480.23     6.2554     6.3459    93.1200    94.4650  0.000e+00
      41380     47.500     7.2855     7.2854    3.53556    3.53540          1     3.5369     3.2928      88.49      0.443     0.3435     0.2282  1.000e-12  0.4719000    34.7653    34.7636    -0.0017    -0.0001    27.1938    27.1925     47.053     47.132    1480.24    1480.24     6.2547     6.3472    93.1090    94.4860  0.000e+00
      41401     48.000     7.2858     7.2857    3.53566    3.53550          1     3.5369     3.2925      88.12      0.521     0.3425     0.2212  1.000e-12  0.5086000    34.7657    34.7641    -0.0016    -0.0001    27.1941    27.1928     47.548     47.628    1480.25    1480.25     6.2590     6.3459    93.1750    94.4680  0.000e+00
      41420     48.500     7.2855     7.2854    3.53597    3.53577          1     3.5378     3.2930      87.78      0.601     0.3551     0.2352  1.000e-12  0.5473000    34.7693    34.7672    -0.0020    -0.0001    27.1969    27.1954     48.044     48.124    1480.27    1480.26     6.2605     6.3491    93.1980    94.5150  0.000e+00
      41440     49.000     7.2843     7.2838    3.53633    3.53619          1     3.5377     3.2931      87.34      0.627     0.3343     0.2549  1.000e-12  0.5332000    34.7741    34.7731    -0.0010    -0.0005    27.2009    27.2002     48.539     48.620    1480.28    1480.27     6.2572     6.3478    93.1500    94.4970  0.000e+00
