ctdpy/tests/etc/exprapp_feb_2020/SBE09_1387_20200208_1737_77_10_0128.cnv
* Sea-Bird SBE 9 Data File:
* FileName = L:\2020\sv20d0128.hex
* Software Version Seasave V 7.26.7.121
* Temperature SN = 6378
* Conductivity SN = 4824
* Number of Bytes Per Scan = 41
* Number of Voltage Words = 4
* Number of Scans Averaged by the Deck Unit = 1
* NMEA Latitude = 55 23.00 N
* NMEA Longitude = 015 20.03 E
* NMEA UTC (Time) = Feb 08 2020  17:37:43
* NMEA baud rate = 4800
** Station:  BY4
** Operator:  DBSj
** Ship: SVEA
** Average sound velocity: 1449.66 m/s
** True-depth calculation Sat, 08 Feb 2020 18:54:52 +0000
** CTD Python Module SMHI /ver 3-12/ feb 2012 
** LIMS Job: 20207710-0128
** Cruise: SMHI-03-2020
** Latitude [GG MM.mm N] :
** Longitude [GGG MM.mm E]:
# nquan = 30
# nvalues = 176                         
# units = specified
# name 0 = scan: Scan Count
# name 1 = prDM: Pressure, Digiquartz [db]
# name 2 = t090C: Temperature [ITS-90, deg C]
# name 3 = t190C: Temperature, 2 [ITS-90, deg C]
# name 4 = c0S/m: Conductivity [S/m]
# name 5 = c1S/m: Conductivity, 2 [S/m]
# name 6 = pumps: Pump Status
# name 7 = sbeox0V: Oxygen raw, SBE 43 [V]
# name 8 = sbeox1V: Oxygen raw, SBE 43, 2 [V]
# name 9 = altM: Altimeter [m]
# name 10 = dz/dtM: Descent Rate [m/s]
# name 11 = flECO-AFL: Chl-a Fluorescence, WET Labs ECO-AFL/FL [mg/m^3]
# name 12 = flECO-AFL1: Phycocyanin Fluorescence, WET Labs ECO-AFL/FL, 2 [mg/m^3]
# name 13 = par: PAR/Irradiance, Biospherical/Lico [µE/(cm^2*s)]
# name 14 = turbWETntu0: Turbidity, WET Labs ECO [NTU]
# name 15 = sal00: Salinity, Practical [PSU]
# name 16 = sal11: Salinity, Practical, 2 [PSU]
# name 17 = secS-priS: Salinity, Practical, Difference, 2 - 1 [PSU]
# name 18 = T2-T190C: Temperature Difference, 2 - 1 [ITS-90, deg C]
# name 19 = sigma-t00: Density [sigma-t, kg/m^3 ]
# name 20 = sigma-t11: Density, 2 [sigma-t, kg/m^3 ]
# name 21 = depSM: Depth [salt water, m], lat = 55.3833
# name 22 = depFM: Depth [true depth, m], lat = 55.3833
# name 23 = svCM: Sound Velocity [Chen-Millero, m/s]
# name 24 = svCM1: Sound Velocity, 2 [Chen-Millero, m/s]
# name 25 = sbeox0ML/L: Oxygen, SBE 43 [ml/l], WS = 2
# name 26 = sbeox1ML/L: Oxygen, SBE 43, 2 [ml/l], WS = 2
# name 27 = sbeox0PS: Oxygen, SBE 43 [% saturation], WS = 2
# name 28 = sbeox1PS: Oxygen, SBE 43, 2 [% saturation], WS = 2
# name 29 = flag: flag
# span 0 =      26330,      33977       
# span 1 =      1.500,     89.000       
# span 2 =     5.5813,     9.5530       
# span 3 =     5.5811,     9.5414       
# span 4 =   0.854158,   1.907902       
# span 5 =   0.854243,   1.907941       
# span 6 =          1,          1       
# span 7 =     2.1585,     3.5864       
# span 8 =     2.0448,     3.3446       
# span 9 =      -1.38,      93.21       
# span 10 =      0.066,      0.510      
# span 11 =     0.2937,     0.6761      
# span 12 =     0.1395,     0.3314      
# span 13 = -5.712e-05, 2.1366e+00      
# span 14 =     0.1293,     0.7310      
# span 15 =     7.7698,    17.3584      
# span 16 =     7.7707,    17.3590      
# span 17 =    -0.0154,     0.0418      
# span 18 =    -0.1034,     0.0658      
# span 19 =     6.1157,    13.4738      
# span 20 =     6.1163,    13.4743      
# span 21 =      1.486,     88.176      
# span 22 =      1.519,     89.818      
# span 23 =    1438.90,    1461.69      
# span 24 =    1438.90,    1461.65      
# span 25 =     3.3128,     7.9062      
# span 26 =     3.2129,     8.0446      
# span 27 =     44.380,     94.611      
# span 28 =     43.047,     96.241      
# span 29 = 0.0000e+00, 0.0000e+00      
# interval = decibars: 0.5              
# start_time = Feb 08 2020 17:37:43 [NMEA time, first data scan]
# bad_flag = -9.990e-29
*END*
      26330      1.500     5.6216     5.6211    0.85431    0.85438          1     3.5861     3.3444      92.59      0.100     0.6577     0.2516  2.137e+00  0.1479000     7.7705     7.7713     0.0008    -0.0005     6.1160     6.1166      1.486      1.519    1438.90    1438.90     7.8994     8.0317    94.5700    96.1530  0.000e+00
      26364      2.000     5.6191     5.6214    0.85422    0.85437          1     3.5864     3.3438      92.59      0.338     0.6514     0.2656  1.812e+00  0.1531000     7.7701     7.7711     0.0009     0.0023     6.1158     6.1164      1.982      2.025    1438.90    1438.91     7.9034     8.0248    94.6110    96.0710  0.000e+00
      26394      2.500     5.6175     5.6173    0.85418    0.85425          1     3.5860     3.3435      83.39      0.405     0.6476     0.2607  1.370e+00  0.1559000     7.7700     7.7707     0.0007    -0.0002     6.1157     6.1163      2.477      2.531    1438.90    1438.90     7.8979     8.0339    94.5420    96.1700  0.000e+00
      26425      3.000     5.6170     5.6170    0.85416    0.85424          1     3.5856     3.3441      90.03      0.392     0.6603     0.2640  1.055e+00  0.1497000     7.7699     7.7707     0.0008    -0.0000     6.1157     6.1163      2.973      3.037    1438.90    1438.90     7.9002     8.0389    94.5680    96.2290  0.000e+00
      26456      3.500     5.6170     5.6168    0.85417    0.85425          1     3.5857     3.3444      88.36      0.368     0.6512     0.3238  9.296e-01  0.1539000     7.7698     7.7707     0.0009    -0.0002     6.1157     6.1164      3.468      3.543    1438.91    1438.91     7.9028     8.0363    94.5990    96.1970  0.000e+00
      26478      4.000     5.6161     5.6163    0.85416    0.85424          1     3.5857     3.3446      92.47      0.474     0.6526     0.2331  8.371e-01  0.1586000     7.7699     7.7707     0.0008     0.0001     6.1158     6.1164      3.964      4.049    1438.92    1438.92     7.9020     8.0383    94.5870    96.2200  0.000e+00
      26507      4.500     5.6162     5.6164    0.85417    0.85425          1     3.5855     3.3445      92.60      0.473     0.6564     0.2594  5.940e-01  0.1559000     7.7699     7.7707     0.0008     0.0002     6.1158     6.1164      4.459      4.556    1438.93    1438.93     7.9016     8.0345    94.5830    96.1750  0.000e+00
      26544      5.000     5.6167     5.6168    0.85418    0.85427          1     3.5850     3.3438      92.61      0.307     0.6579     0.2782  4.531e-01  0.1561000     7.7699     7.7707     0.0008     0.0001     6.1157     6.1163      4.955      5.062    1438.93    1438.94     7.8974     8.0279    94.5340    96.0960  0.000e+00
      26571      5.500     5.6161     5.6160    0.85418    0.85426          1     3.5839     3.3432      92.62      0.401     0.6523     0.2624  3.674e-01  0.1431000     7.7699     7.7707     0.0008    -0.0001     6.1158     6.1164      5.450      5.568    1438.94    1438.94     7.8964     8.0327    94.5200    96.1520  0.000e+00
      26600      6.000     5.6161     5.6156    0.85418    0.85426          1     3.5841     3.3432      92.62      0.435     0.6515     0.3119  3.076e-01  0.1574000     7.7698     7.7707     0.0009    -0.0005     6.1157     6.1164      5.946      6.074    1438.95    1438.95     7.9008     8.0347    94.5730    96.1760  0.000e+00
      26632      6.500     5.6159     5.6157    0.85418    0.85426          1     3.5838     3.3432      92.62      0.384     0.6514     0.2949  2.275e-01  0.1573000     7.7699     7.7707     0.0008    -0.0001     6.1158     6.1164      6.441      6.580    1438.95    1438.96     7.8958     8.0352    94.5130    96.1820  0.000e+00
      26662      7.000     5.6157     5.6158    0.85419    0.85428          1     3.5826     3.3432      81.51      0.390     0.6532     0.2840  2.043e-01  0.1562000     7.7699     7.7708     0.0008     0.0001     6.1158     6.1165      6.937      7.086    1438.96    1438.96     7.8938     8.0350    94.4890    96.1790  0.000e+00
      26690      7.500     5.6161     5.6160    0.85420    0.85429          1     3.5826     3.3431      92.68      0.423     0.6506     0.2456  1.694e-01  0.1510000     7.7699     7.7707     0.0008    -0.0001     6.1158     6.1164      7.432      7.593    1438.97    1438.97     7.8984     8.0359    94.5440    96.1900  0.000e+00
      26718      8.000     5.6162     5.6161    0.85422    0.85430          1     3.5830     3.3432      77.34      0.423     0.6518     0.2999  1.119e-01  0.1538000     7.7699     7.7708     0.0008    -0.0001     6.1158     6.1165      7.927      8.099    1438.98    1438.98     7.9005     8.0361    94.5700    96.1930  0.000e+00
      26746      8.500     5.6166     5.6157    0.85424    0.85430          1     3.5827     3.3429      12.77      0.423     0.6403     0.3076  7.272e-02  0.1535000     7.7700     7.7707     0.0008    -0.0009     6.1158     6.1165      8.423      8.605    1438.99    1438.99     7.8961     8.0348    94.5180    96.1770  0.000e+00
      26775      9.000     5.6162     5.6162    0.85423    0.85432          1     3.5823     3.3431      74.61      0.419     0.6387     0.2361  6.321e-02  0.1524000     7.7700     7.7708     0.0008     0.0000     6.1158     6.1165      8.918      9.111    1439.00    1439.00     7.8959     8.0401    94.5150    96.2410  0.000e+00
      26804      9.500     5.6159     5.6158    0.85423    0.85431          1     3.5816     3.3432      92.69      0.418     0.6419     0.2511  3.993e-02  0.1457000     7.7699     7.7708     0.0008    -0.0002     6.1158     6.1165      9.414      9.617    1439.00    1439.00     7.8939     8.0383    94.4900    96.2190  0.000e+00
      26832     10.000     5.6160     5.6160    0.85424    0.85432          1     3.5815     3.3432      92.46      0.429     0.6514     0.3014  7.730e-03  0.1463000     7.7699     7.7707     0.0008    -0.0000     6.1158     6.1164      9.909     10.123    1439.01    1439.01     7.8978     8.0376    94.5370    96.2110  0.000e+00
      26863     10.500     5.6167     5.6162    0.85426    0.85433          1     3.5816     3.3428      92.65      0.401     0.6583     0.2806  3.910e-03  0.1538000     7.7699     7.7707     0.0008    -0.0005     6.1157     6.1164     10.405     10.630    1439.02    1439.02     7.8972     8.0299    94.5320    96.1200  0.000e+00
      26895     11.000     5.6173     5.6169    0.85428    0.85435          1     3.5816     3.3412      72.58      0.364     0.6539     0.3091 -5.712e-05  0.1539000     7.7699     7.7707     0.0007    -0.0004     6.1157     6.1163     10.900     11.136    1439.03    1439.03     7.8997     8.0234    94.5620    96.0430  0.000e+00
      26925     11.500     5.6174     5.6170    0.85430    0.85437          1     3.5818     3.3408      92.75      0.395     0.6376     0.2908  1.000e-12  0.1540000     7.7700     7.7707     0.0007    -0.0003     6.1158     6.1164     11.396     11.642    1439.04    1439.04     7.9004     8.0324    94.5720    96.1510  0.000e+00
      26952     12.000     5.6159     5.6158    0.85426    0.85434          1     3.5822     3.3408      86.27      0.437     0.6294     0.3067  1.000e-12  0.1589000     7.7699     7.7707     0.0008    -0.0002     6.1158     6.1164     11.891     12.148    1439.04    1439.04     7.9009     8.0338    94.5740    96.1650  0.000e+00
      26982     12.500     5.6160     5.6160    0.85427    0.85435          1     3.5819     3.3408      66.02      0.418     0.6387     0.2943  1.000e-12  0.1483000     7.7699     7.7707     0.0008     0.0000     6.1158     6.1164     12.387     12.654    1439.05    1439.05     7.9004     8.0331    94.5680    96.1570  0.000e+00
      27015     13.000     5.6165     5.6165    0.85429    0.85437          1     3.5819     3.3406      92.78      0.365     0.6472     0.2693  1.000e-12  0.1463000     7.7699     7.7707     0.0008    -0.0001     6.1158     6.1164     12.882     13.160    1439.06    1439.06     7.9016     8.0326    94.5840    96.1520  0.000e+00
      27044     13.500     5.6160     5.6158    0.85429    0.85436          1     3.5820     3.3402      92.69      0.393     0.6405     0.3091  1.000e-12  0.1420000     7.7699     7.7707     0.0008    -0.0002     6.1158     6.1164     13.377     13.667    1439.07    1439.07     7.9012     8.0244    94.5780    96.0530  0.000e+00
      27070     14.000     5.6172     5.6169    0.85433    0.85441          1     3.5816     3.3392      92.68      0.445     0.6272     0.3264  1.000e-12  0.1816000     7.7700     7.7708     0.0008    -0.0003     6.1158     6.1164     13.873     14.173    1439.08    1439.08     7.8987     8.0259    94.5500    96.0730  0.000e+00
      27098     14.500     5.6173     5.6173    0.85442    0.85444          1     3.5810     3.3388      92.70      0.442     0.6517     0.3046  1.000e-12  0.1540000     7.7708     7.7710     0.0002    -0.0000     6.1164     6.1166     14.368     14.679    1439.09    1439.09     7.8947     8.0255    94.5030    96.0690  0.000e+00
      27127     15.000     5.6173     5.6173    0.85452    0.85454          1     3.5801     3.3389      92.71      0.409     0.6532     0.2569  1.000e-12  0.1528000     7.7717     7.7719     0.0002     0.0000     6.1171     6.1173     14.864     15.185    1439.10    1439.10     7.8965     8.0390    94.5250    96.2310  0.000e+00
      27156     15.500     5.6170     5.6164    0.85454    0.85467          1     3.5801     3.3399      43.92      0.421     0.6327     0.2656  1.000e-12  0.1530000     7.7719     7.7733     0.0014    -0.0006     6.1173     6.1184     15.359     15.691    1439.11    1439.10     7.8983     8.0387    94.5460    96.2270  0.000e+00
      27186     16.000     5.6152     5.6152    0.85479    0.85485          1     3.5800     3.3400      92.46      0.408     0.6396     0.3043  1.000e-12  0.1556000     7.7747     7.7752     0.0005     0.0000     6.1196     6.1200     15.855     16.198    1439.11    1439.11     7.8989     8.0389    94.5520    96.2270  0.000e+00
      27216     16.500     5.6150     5.6148    0.85480    0.85487          1     3.5800     3.3406      75.63      0.394     0.6413     0.3119  1.000e-12  0.1591000     7.7747     7.7755     0.0007    -0.0002     6.1196     6.1202     16.350     16.704    1439.12    1439.12     7.8984     8.0308    94.5450    96.1300  0.000e+00
      27245     17.000     5.6035     5.6081    0.85543    0.85528          1     3.5796     3.3387      65.46      0.415     0.6509     0.3314  1.000e-12  0.1954000     7.7835     7.7810    -0.0025     0.0046     6.1271     6.1249     16.846     17.210    1439.08    1439.10     7.9002     8.0221    94.5450    96.0140  0.000e+00
      27274     17.500     5.5983     5.6025    0.85577    0.85562          1     3.5797     3.3383      65.59      0.409     0.6598     0.2561  1.000e-12  0.1593000     7.7880     7.7856    -0.0024     0.0042     6.1309     6.1288     17.341     17.716    1439.08    1439.09     7.9034     8.0333    94.5730    96.1370  0.000e+00
      27304     18.000     5.5953     5.5975    0.85595    0.85592          1     3.5797     3.3382      84.63      0.403     0.6512     0.3113  1.000e-12  0.1487000     7.7904     7.7895    -0.0009     0.0022     6.1330     6.1322     17.836     18.222    1439.07    1439.08     7.9024     8.0318    94.5560    96.1090  0.000e+00
      27335     18.500     5.5923     5.5929    0.85614    0.85618          1     3.5794     3.3378      92.76      0.393     0.6577     0.2903  1.000e-12  0.1632000     7.7928     7.7931     0.0003     0.0005     6.1350     6.1352     18.332     18.728    1439.07    1439.07     7.9015     8.0340    94.5390    96.1260  0.000e+00
      27366     19.000     5.5909     5.5907    0.85623    0.85632          1     3.5787     3.3379      92.79      0.379     0.6638     0.2614  1.000e-12  0.1597000     7.7940     7.7949     0.0009    -0.0002     6.1360     6.1368     18.827     19.235    1439.08    1439.08     7.9005     8.0389    94.5260    96.1810  0.000e+00
      27394     19.500     5.5888     5.5894    0.85637    0.85640          1     3.5784     3.3378      92.55      0.410     0.6761     0.2867  1.000e-12  0.1705000     7.7957     7.7959     0.0002     0.0006     6.1375     6.1376     19.323     19.741    1439.08    1439.08     7.9022     8.0350    94.5420    96.1320  0.000e+00
      27420     20.000     5.5875     5.5879    0.85646    0.85650          1     3.5787     3.3382      92.79      0.458     0.6740     0.3191  1.000e-12  0.1593000     7.7969     7.7972     0.0003     0.0005     6.1385     6.1387     19.818     20.247    1439.08    1439.08     7.9062     8.0435    94.5870    96.2300  0.000e+00
      27448     20.500     5.5823     5.5833    0.85690    0.85688          1     3.5787     3.3386      85.83      0.444     0.6520     0.2920  1.000e-12  0.1491000     7.8023     7.8019    -0.0004     0.0009     6.1430     6.1427     20.314     20.753    1439.07    1439.08     7.9043     8.0446    94.5560    96.2360  0.000e+00
      27482     21.000     5.5814     5.5812    0.85705    0.85712          1     3.5783     3.3385      85.22      0.364     0.6590     0.3042  1.000e-12  0.1538000     7.8040     7.8047     0.0007    -0.0001     6.1444     6.1449     20.809     21.259    1439.08    1439.08     7.9034     8.0369    94.5430    96.1400  0.000e+00
      27511     21.500     5.5815     5.5813    0.85713    0.85719          1     3.5780     3.3378      93.04      0.379     0.6469     0.2745  1.000e-12  0.1582000     7.8046     7.8053     0.0007    -0.0003     6.1449     6.1454     21.304     21.765    1439.09    1439.09     7.9043     8.0324    94.5550    96.0880  0.000e+00
      27536     22.000     5.5820     5.5817    0.85718    0.85725          1     3.5779     3.3371      92.83      0.460     0.6481     0.3083  1.000e-12  0.1548000     7.8050     7.8058     0.0008    -0.0003     6.1451     6.1458     21.800     22.271    1439.10    1439.10     7.9056     8.0323    94.5720    96.0880  0.000e+00
      27563     22.500     5.5823     5.5821    0.85724    0.85732          1     3.5781     3.3364      47.34      0.474     0.6603     0.2894  1.000e-12  0.1632000     7.8054     7.8062     0.0008    -0.0002     6.1455     6.1461     22.295     22.778    1439.11    1439.11     7.9037     8.0344    94.5500    96.1130  0.000e+00
      27597     23.000     5.5827     5.5825    0.85733    0.85740          1     3.5772     3.3363      92.36      0.371     0.6479     0.2738  1.000e-12  0.1552000     7.8061     7.8069     0.0008    -0.0001     6.1460     6.1466     22.791     23.284    1439.12    1439.12     7.9002     8.0308    94.5090    96.0720  0.000e+00
      27632     23.500     5.5826     5.5824    0.85737    0.85745          1     3.5764     3.3352      92.77      0.331     0.6455     0.2705  1.000e-12  0.1693000     7.8065     7.8073     0.0008    -0.0002     6.1463     6.1469     23.286     23.790    1439.13    1439.13     7.9001     8.0284    94.5080    96.0430  0.000e+00
      27659     24.000     5.5837     5.5834    0.85748    0.85755          1     3.5760     3.3350      63.34      0.408     0.6274     0.2430  1.000e-12  0.1576000     7.8072     7.8080     0.0008    -0.0003     6.1468     6.1475     23.782     24.296    1439.14    1439.14     7.8994     8.0337    94.5030    96.1090  0.000e+00
      27684     24.500     5.5832     5.5829    0.85752    0.85760          1     3.5759     3.3349      61.60      0.465     0.6262     0.2752  1.000e-12  0.1473000     7.8077     7.8086     0.0009    -0.0002     6.1472     6.1479     24.277     24.802    1439.15    1439.15     7.8996     8.0336    94.5040    96.1070  0.000e+00
      27714     25.000     5.5821     5.5820    0.85755    0.85763          1     3.5754     3.3351      88.01      0.426     0.6375     0.2641  1.000e-12  0.1596000     7.8081     7.8089     0.0008    -0.0001     6.1476     6.1483     24.772     25.308    1439.15    1439.15     7.8990     8.0412    94.4950    96.1970  0.000e+00
