ctdpy/tests/etc/exprapp_feb_2020/SBE09_1387_20200206_1343_77_10_0114.cnv
* Sea-Bird SBE 9 Data File:
* FileName = L:\2020\sv20d0114.hex
* Software Version Seasave V 7.26.7.121
* Temperature SN = 6378
* Conductivity SN = 4824
* Number of Bytes Per Scan = 41
* Number of Voltage Words = 4
* Number of Scans Averaged by the Deck Unit = 1
* NMEA Latitude = 58 20.37 N
* NMEA Longitude = 011 01.32 E
* NMEA UTC (Time) = Feb 06 2020  13:43:04
* NMEA baud rate = 4800
** Station:  Å13
** Operator:  SSip
** Ship: SVEA
** Average sound velocity: 1477.40 m/s
** True-depth calculation Thu, 06 Feb 2020 15:07:18 +0000
** CTD Python Module SMHI /ver 3-12/ feb 2012 
** LIMS Job: 20207710-0114
** Cruise: SMHI-03-2020
** Latitude [GG MM.mm N] :
** Longitude [GGG MM.mm E]:
# nquan = 30
# nvalues = 188                         
# units = specified
# name 0 = scan: Scan Count
# name 1 = prDM: Pressure, Digiquartz [db]
# name 2 = t090C: Temperature [ITS-90, deg C]
# name 3 = t190C: Temperature, 2 [ITS-90, deg C]
# name 4 = c0S/m: Conductivity [S/m]
# name 5 = c1S/m: Conductivity, 2 [S/m]
# name 6 = pumps: Pump Status
# name 7 = sbeox0V: Oxygen raw, SBE 43 [V]
# name 8 = sbeox1V: Oxygen raw, SBE 43, 2 [V]
# name 9 = altM: Altimeter [m]
# name 10 = dz/dtM: Descent Rate [m/s]
# name 11 = flECO-AFL: Chl-a Fluorescence, WET Labs ECO-AFL/FL [mg/m^3]
# name 12 = flECO-AFL1: Phycocyanin Fluorescence, WET Labs ECO-AFL/FL, 2 [mg/m^3]
# name 13 = par: PAR/Irradiance, Biospherical/Lico [µE/(cm^2*s)]
# name 14 = turbWETntu0: Turbidity, WET Labs ECO [NTU]
# name 15 = sal00: Salinity, Practical [PSU]
# name 16 = sal11: Salinity, Practical, 2 [PSU]
# name 17 = secS-priS: Salinity, Practical, Difference, 2 - 1 [PSU]
# name 18 = T2-T190C: Temperature Difference, 2 - 1 [ITS-90, deg C]
# name 19 = sigma-t00: Density [sigma-t, kg/m^3 ]
# name 20 = sigma-t11: Density, 2 [sigma-t, kg/m^3 ]
# name 21 = depSM: Depth [salt water, m], lat = 58.3395
# name 22 = depFM: Depth [true depth, m], lat = 58.3395
# name 23 = svCM: Sound Velocity [Chen-Millero, m/s]
# name 24 = svCM1: Sound Velocity, 2 [Chen-Millero, m/s]
# name 25 = sbeox0ML/L: Oxygen, SBE 43 [ml/l], WS = 2
# name 26 = sbeox1ML/L: Oxygen, SBE 43, 2 [ml/l], WS = 2
# name 27 = sbeox0PS: Oxygen, SBE 43 [% saturation], WS = 2
# name 28 = sbeox1PS: Oxygen, SBE 43, 2 [% saturation], WS = 2
# name 29 = flag: flag
# span 0 =      71494,      76955       
# span 1 =      1.500,     95.000       
# span 2 =     6.0517,     7.1534       
# span 3 =     6.0496,     7.1532       
# span 4 =   3.154523,   3.482341       
# span 5 =   3.153441,   3.482196       
# span 6 =          1,          1       
# span 7 =     3.4870,     3.6152       
# span 8 =     3.2451,     3.3616       
# span 9 =       1.38,     103.84       
# span 10 =     -0.184,      0.766      
# span 11 =     0.4264,     1.0592      
# span 12 =     0.1743,     0.3415      
# span 13 = -6.934e-06, 6.9774e+01      
# span 14 =     0.7333,     4.5166      
# span 15 =    31.7797,    34.2921      
# span 16 =    31.7695,    34.2907      
# span 17 =    -0.0718,     0.4068      
# span 18 =    -0.0151,     0.0858      
# span 19 =    25.0025,    26.8399      
# span 20 =    24.9948,    26.8388      
# span 21 =      1.486,     94.095      
# span 22 =      1.491,     94.262      
# span 23 =    1470.92,    1479.92      
# span 24 =    1470.90,    1479.92      
# span 25 =     6.2196,     6.7231      
# span 26 =     6.2996,     6.8298      
# span 27 =     91.965,     95.402      
# span 28 =     93.196,     96.994      
# span 29 = 0.0000e+00, 0.0000e+00      
# interval = decibars: 0.5              
# start_time = Feb 06 2020 13:43:04 [NMEA time, first data scan]
# bad_flag = -9.990e-29
*END*
[from data line 49]
      72812     26.000     6.8580     6.8567    3.42138    3.42109          1     3.5126     3.2692      70.14      0.467     0.4359     0.3291  1.798e-01  1.7868000    33.9489    33.9471    -0.0019    -0.0013    26.6101    26.6088     25.757     25.811    1477.22    1477.21     6.2870     6.3660    92.1830    93.3380  0.000e+00
      72834     26.500     6.8576     6.8585    3.42135    3.42139          1     3.5131     3.2688      69.69      0.523     0.4388     0.3415  1.409e-01  1.8060000    33.9488    33.9483    -0.0005     0.0009    26.6100    26.6095     26.252     26.307    1477.22    1477.23     6.2868     6.3718    92.1790    93.4270  0.000e+00
      72858     27.000     6.8605     6.8581    3.42188    3.42133          1     3.5125     3.2690      69.12      0.521     0.4468     0.3030  1.182e-01  1.7938000    33.9514    33.9478    -0.0036    -0.0025    26.6117    26.6092     26.747     26.803    1477.25    1477.23     6.2810     6.3730    92.1020    93.4440  0.000e+00
      72887     27.500     6.8626     6.8628    3.42222    3.42215          1     3.5113     3.2688      68.54      0.443     0.4415     0.2485  9.809e-02  1.7929000    33.9529    33.9520    -0.0010     0.0002    26.6126    26.6119     27.243     27.299    1477.26    1477.26     6.2789     6.3674    92.0770    93.3730  0.000e+00
      72916     28.000     6.8673     6.8663    3.42292    3.42274          1     3.5107     3.2678      68.07      0.405     0.4403     0.2405  7.659e-02  1.9001000    33.9557    33.9547    -0.0010    -0.0010    26.6142    26.6136     27.738     27.795    1477.29    1477.29     6.2801     6.3611    92.1050    93.2910  0.000e+00
      72938     28.500     6.8704     6.8732    3.42352    3.42385          1     3.5108     3.2669      67.63      0.473     0.4528     0.3090  5.716e-02  1.8397000    33.9590    33.9598     0.0009     0.0028    26.6164    26.6167     28.233     28.291    1477.32    1477.33     6.2802     6.3593    92.1160    93.2830  0.000e+00
      72957     29.000     6.8740     6.8748    3.42410    3.42414          1     3.5107     3.2665      67.25      0.570     0.4417     0.2336  3.839e-02  1.9086000    33.9616    33.9612    -0.0004     0.0008    26.6179    26.6175     28.728     28.787    1477.35    1477.35     6.2811     6.3627    92.1380    93.3370  0.000e+00
      72975     29.500     6.8759     6.8759    3.42442    3.42434          1     3.5110     3.2665      66.83      0.635     0.4464     0.2590  1.881e-02  2.0202000    33.9630    33.9622    -0.0008    -0.0000    26.6188    26.6181     29.224     29.283    1477.36    1477.36     6.2819     6.3669    92.1560    93.4000  0.000e+00
      72997     30.000     6.8800     6.8816    3.42509    3.42525          1     3.5110     3.2668      66.23      0.614     0.4583     0.2657  2.977e-03  2.1027000    33.9660    33.9663     0.0002     0.0016    26.6206    26.6206     29.719     29.779    1477.39    1477.40     6.2801     6.3642    92.1400    93.3750  0.000e+00
      73031     30.500     6.8817     6.8811    3.42545    3.42527          1     3.5107     3.2662      65.54      0.410     0.4537     0.3000 -6.934e-06  2.0206000    33.9681    33.9666    -0.0015    -0.0006    26.6220    26.6209     30.214     30.275    1477.41    1477.40     6.2783     6.3609    92.1180    93.3270  0.000e+00
      73064     31.000     6.8864     6.8867    3.42618    3.42609          1     3.5099     3.2656      65.05      0.321     0.4361     0.2659  9.740e-13  1.7795000    33.9713    33.9699    -0.0013     0.0003    26.6239    26.6228     30.710     30.771    1477.44    1477.44     6.2746     6.3576    92.0750    93.2920  0.000e+00
      73084     31.500     6.8868     6.8865    3.42627    3.42611          1     3.5096     3.2650      64.68      0.465     0.4482     0.2984  1.000e-12  1.8755000    33.9716    33.9701    -0.0015    -0.0003    26.6241    26.6229     31.205     31.267    1477.45    1477.45     6.2780     6.3624    92.1260    93.3630  0.000e+00
      73100     32.000     6.8865     6.8864    3.42620    3.42608          1     3.5099     3.2657      64.30      0.618     0.4547     0.2957  1.000e-12  1.9819000    33.9709    33.9697    -0.0012    -0.0001    26.6236    26.6227     31.700     31.764    1477.45    1477.45     6.2813     6.3744    92.1730    93.5390  0.000e+00
      73116     32.500     6.8872     6.8875    3.42636    3.42628          1     3.5105     3.2670      63.81      0.724     0.4616     0.2855  1.000e-12  2.1391000    33.9716    33.9705    -0.0011     0.0002    26.6241    26.6231     32.195     32.260    1477.46    1477.47     6.2829     6.3774    92.1990    93.5850  0.000e+00
      73139     33.000     6.8887     6.8892    3.42663    3.42657          1     3.5108     3.2673      63.23      0.647     0.4698     0.2828  1.000e-12  2.1347000    33.9729    33.9717    -0.0012     0.0005    26.6249    26.6238     32.691     32.756    1477.48    1477.48     6.2817     6.3643    92.1850    93.3980  0.000e+00
      73189     33.500     6.8914     6.8918    3.42708    3.42697          1     3.5106     3.2662      62.59      0.209     0.4565     0.2683  1.000e-12  1.9965000    33.9749    33.9734    -0.0016     0.0005    26.6261    26.6248     33.186     33.252    1477.50    1477.50     6.2785     6.3653    92.1460    93.4180  0.000e+00
      73217     34.000     6.8916     6.8912    3.42710    3.42693          1     3.5099     3.2664      62.25      0.329     0.4751     0.3013  1.000e-12  2.2163000    33.9747    33.9732    -0.0015    -0.0004    26.6259    26.6247     33.681     33.748    1477.51    1477.51     6.2745     6.3668    92.0870    93.4400  0.000e+00
      73235     34.500     6.8921     6.8918    3.42719    3.42705          1     3.5090     3.2665      61.80      0.534     0.4758     0.2593  1.000e-12  2.1401000    33.9751    33.9737    -0.0013    -0.0002    26.6261    26.6251     34.176     34.244    1477.52    1477.52     6.2737     6.3652    92.0750    93.4180  0.000e+00
      73251     35.000     6.8925     6.8926    3.42728    3.42719          1     3.5088     3.2663      61.37      0.674     0.4684     0.2417  1.000e-12  2.2889000    33.9754    33.9743    -0.0011     0.0001    26.6263    26.6254     34.672     34.740    1477.53    1477.53     6.2777     6.3644    92.1370    93.4080  0.000e+00
      73269     35.500     6.8950     6.8952    3.42765    3.42758          1     3.5092     3.2662      60.95      0.721     0.4671     0.2610  1.000e-12  2.4603000    33.9767    33.9757    -0.0010     0.0002    26.6270    26.6262     35.167     35.236    1477.55    1477.55     6.2804     6.3642    92.1810    93.4110  0.000e+00
      73291     36.000     6.8999     6.9013    3.42836    3.42846          1     3.5094     3.2658      60.24      0.634     0.5071     0.2619  1.000e-12  2.5570000    33.9795    33.9792    -0.0002     0.0014    26.6285    26.6281     35.662     35.732    1477.58    1477.59     6.2788     6.3576    92.1700    93.3300  0.000e+00
      73318     36.500     6.9022     6.9043    3.42880    3.42903          1     3.5095     3.2650      59.60      0.470     0.4678     0.2794  1.000e-12  2.2859000    33.9817    33.9822     0.0005     0.0021    26.6299    26.6301     36.158     36.228    1477.60    1477.61     6.2780     6.3595    92.1640    93.3660  0.000e+00
      73347     37.000     6.9057     6.9070    3.42936    3.42943          1     3.5093     3.2649      59.11      0.418     0.4589     0.2307  1.000e-12  2.1972000    33.9842    33.9837    -0.0005     0.0014    26.6314    26.6308     36.653     36.724    1477.63    1477.63     6.2773     6.3596    92.1630    93.3740  0.000e+00
      73374     37.500     6.9055     6.9028    3.42933    3.42881          1     3.5093     3.2645      58.67      0.438     0.4698     0.3097  1.000e-12  2.1878000    33.9838    33.9808    -0.0030    -0.0027    26.6312    26.6292     37.148     37.220    1477.63    1477.62     6.2776     6.3585    92.1670    93.3470  0.000e+00
      73397     38.000     6.9063     6.9059    3.42947    3.42931          1     3.5091     3.2644      58.17      0.469     0.4625     0.2687  1.000e-12  2.2874000    33.9843    33.9829    -0.0013    -0.0005    26.6314    26.6304     37.643     37.716    1477.65    1477.64     6.2792     6.3632    92.1930    93.4240  0.000e+00
      73417     38.500     6.9071     6.9076    3.42964    3.42962          1     3.5097     3.2648      57.76      0.537     0.4598     0.2952  1.000e-12  2.2238000    33.9852    33.9844    -0.0008     0.0006    26.6320    26.6314     38.139     38.212    1477.66    1477.66     6.2829     6.3611    92.2490    93.3970  0.000e+00
      73435     39.000     6.9098     6.9104    3.43007    3.43006          1     3.5103     3.2642      57.31      0.627     0.4721     0.3077  1.000e-12  2.4116000    33.9870    33.9862    -0.0008     0.0006    26.6331    26.6324     38.634     38.708    1477.68    1477.68     6.2822     6.3553    92.2450    93.3190  0.000e+00
      73453     39.500     6.9099     6.9100    3.43011    3.43000          1     3.5100     3.2638      56.79      0.679     0.4749     0.2419  1.000e-12  2.5890000    33.9871    33.9858    -0.0013     0.0001    26.6332    26.6321     39.129     39.204    1477.69    1477.69     6.2779     6.3550    92.1830    93.3140  0.000e+00
      73478     40.000     6.9088     6.9088    3.42995    3.42984          1     3.5091     3.2631      56.24      0.571     0.4831     0.2383  1.000e-12  2.4451000    33.9862    33.9849    -0.0013    -0.0000    26.6326    26.6316     39.624     39.700    1477.69    1477.69     6.2746     6.3567    92.1310    93.3360  0.000e+00
      73516     40.500     6.9089     6.9085    3.43001    3.42984          1     3.5080     3.2636      55.65      0.318     0.4578     0.2653  1.000e-12  2.2190000    33.9865    33.9849    -0.0016    -0.0004    26.6328    26.6316     40.120     40.197    1477.70    1477.70     6.2753     6.3662    92.1420    93.4750  0.000e+00
      73547     41.000     6.9084     6.9100    3.42995    3.43002          1     3.5079     3.2646      55.18      0.343     0.4545     0.3175  1.000e-12  2.3184000    33.9860    33.9853    -0.0007     0.0015    26.6325    26.6317     40.615     40.693    1477.71    1477.71     6.2773     6.3700    92.1700    93.5340  0.000e+00
      73568     41.500     6.9076     6.9087    3.42984    3.42990          1     3.5080     3.2652      54.76      0.484     0.4613     0.3170  1.000e-12  2.3871000    33.9854    33.9850    -0.0005     0.0011    26.6321    26.6316     41.110     41.189    1477.71    1477.71     6.2746     6.3675    92.1280    93.4940  0.000e+00
      73586     42.000     6.9092     6.9103    3.43014    3.43016          1     3.5070     3.2650      54.32      0.604     0.4746     0.2666  1.000e-12  2.3356000    33.9868    33.9860    -0.0008     0.0011    26.6330    26.6322     41.605     41.685    1477.73    1477.73     6.2706     6.3635    92.0740    93.4410  0.000e+00
      73605     42.500     6.9111     6.9113    3.43038    3.43032          1     3.5063     3.2649      53.83      0.657     0.4739     0.2296  1.000e-12  2.4462000    33.9874    33.9865    -0.0009     0.0003    26.6332    26.6325     42.101     42.181    1477.74    1477.74     6.2739     6.3635    92.1270    93.4430  0.000e+00
      73627     43.000     6.9133     6.9127    3.43071    3.43051          1     3.5068     3.2647      53.28      0.601     0.4761     0.2468  1.000e-12  2.4428000    33.9886    33.9869    -0.0017    -0.0006    26.6339    26.6326     42.596     42.677    1477.76    1477.76     6.2768     6.3619    92.1750    93.4220  0.000e+00
      73650     43.500     6.9136     6.9135    3.43080    3.43068          1     3.5069     3.2642      52.81      0.527     0.4677     0.2498  1.000e-12  2.2448000    33.9890    33.9878    -0.0012    -0.0001    26.6342    26.6332     43.091     43.173    1477.77    1477.77     6.2773     6.3594    92.1830    93.3870  0.000e+00
      73672     44.000     6.9137     6.9135    3.43084    3.43070          1     3.5074     3.2639      52.28      0.521     0.4622     0.2524  1.000e-12  2.3016000    33.9891    33.9878    -0.0013    -0.0002    26.6342    26.6332     43.586     43.669    1477.78    1477.78     6.2797     6.3600    92.2190    93.3960  0.000e+00
      73695     44.500     6.9134     6.9133    3.43081    3.43068          1     3.5077     3.2633      51.80      0.536     0.4680     0.2721  1.000e-12  2.5349000    33.9889    33.9875    -0.0014    -0.0001    26.6341    26.6330     44.082     44.165    1477.79    1477.78     6.2785     6.3570    92.2000    93.3510  0.000e+00
      73725     45.000     6.9132     6.9131    3.43083    3.43068          1     3.5070     3.2628      51.22      0.448     0.4740     0.2513  1.000e-12  2.4291000    33.9890    33.9875    -0.0015    -0.0001    26.6342    26.6330     44.577     44.661    1477.79    1477.79     6.2740     6.3601    92.1330    93.3960  0.000e+00
      73759     45.500     6.9136     6.9137    3.43091    3.43079          1     3.5064     3.2629      50.67      0.337     0.4538     0.2647  1.000e-12  2.3118000    33.9892    33.9878    -0.0014     0.0001    26.6343    26.6332     45.072     45.157    1477.80    1477.80     6.2772     6.3635    92.1820    93.4490  0.000e+00
      73783     46.000     6.9135     6.9134    3.43089    3.43076          1     3.5066     3.2630      50.30      0.418     0.4615     0.2644  1.000e-12  2.1907000    33.9889    33.9876    -0.0012    -0.0001    26.6341    26.6331     45.567     45.653    1477.81    1477.81     6.2761     6.3634    92.1660    93.4450  0.000e+00
      73800     46.500     6.9136     6.9136    3.43096    3.43082          1     3.5062     3.2632      49.95      0.559     0.4697     0.2683  1.000e-12  2.3084000    33.9892    33.9878    -0.0015    -0.0000    26.6343    26.6332     46.063     46.149    1477.82    1477.82     6.2748     6.3625    92.1460    93.4330  0.000e+00
      73815     47.000     6.9149     6.9147    3.43116    3.43102          1     3.5059     3.2627      49.50      0.691     0.4745     0.2637  1.000e-12  2.3817000    33.9899    33.9886    -0.0013    -0.0002    26.6347    26.6337     46.558     46.645    1477.83    1477.83     6.2760     6.3611    92.1680    93.4150  0.000e+00
      73832     47.500     6.9158     6.9153    3.43130    3.43113          1     3.5062     3.2629      48.96      0.766     0.4848     0.2522  1.000e-12  2.6503000    33.9904    33.9889    -0.0015    -0.0005    26.6350    26.6339     47.053     47.141    1477.85    1477.84     6.2759     6.3627    92.1680    93.4410  0.000e+00
      73858     48.000     6.9160     6.9159    3.43136    3.43121          1     3.5053     3.2626      48.31      0.593     0.4673     0.2681  1.000e-12  2.4756000    33.9906    33.9891    -0.0015    -0.0001    26.6351    26.6339     47.548     47.637    1477.86    1477.85     6.2712     6.3578    92.1000    93.3700  0.000e+00
      73901     48.500     6.9165     6.9173    3.43147    3.43146          1     3.5041     3.2605      47.66      0.256     0.4669     0.2729  1.000e-12  2.1986000    33.9910    33.9902    -0.0009     0.0008    26.6354    26.6345     48.044     48.133    1477.87    1477.87     6.2728     6.3497    92.1250    93.2550  0.000e+00
      73930     49.000     6.9175     6.9174    3.43164    3.43152          1     3.5045     3.2601      47.29      0.350     0.4831     0.2616  1.000e-12  2.4711000    33.9917    33.9904    -0.0012    -0.0001    26.6357    26.6348     48.539     48.629    1477.88    1477.88     6.2754     6.3613    92.1660    93.4250  0.000e+00
