ctdpy/tests/etc/exprapp_feb_2020/SBE09_1387_20200213_0709_77_10_0145.cnv
* Sea-Bird SBE 9 Data File:
* FileName = L:\2020\sv20d0145.hex
* Software Version Seasave V 7.26.7.121
* Temperature SN = 6378
* Conductivity SN = 4824
* Number of Bytes Per Scan = 41
* Number of Voltage Words = 4
* Number of Scans Averaged by the Deck Unit = 1
* NMEA Latitude = 57 06.97 N
* NMEA Longitude = 017 40.03 E
* NMEA UTC (Time) = Feb 13 2020  07:09:48
* NMEA baud rate = 4800
** Station:  BY38
** Operator:  DBSj
** Ship: SVEA
** Average sound velocity: 1439.04 m/s
** True-depth calculation Thu, 13 Feb 2020 08:50:10 +0000
** CTD Python Module SMHI /ver 3-12/ feb 2012 
** LIMS Job: 20207710-0145
** Cruise: SMHI-02-2020
** Latitude [GG MM.mm N] :
** Longitude [GGG MM.mm E]:
# nquan = 30
# nvalues = 210                         
# units = specified
# name 0 = scan: Scan Count
# name 1 = prDM: Pressure, Digiquartz [db]
# name 2 = t090C: Temperature [ITS-90, deg C]
# name 3 = t190C: Temperature, 2 [ITS-90, deg C]
# name 4 = c0S/m: Conductivity [S/m]
# name 5 = c1S/m: Conductivity, 2 [S/m]
# name 6 = pumps: Pump Status
# name 7 = sbeox0V: Oxygen raw, SBE 43 [V]
# name 8 = sbeox1V: Oxygen raw, SBE 43, 2 [V]
# name 9 = altM: Altimeter [m]
# name 10 = dz/dtM: Descent Rate [m/s]
# name 11 = flECO-AFL: Chl-a Fluorescence, WET Labs ECO-AFL/FL [mg/m^3]
# name 12 = flECO-AFL1: Phycocyanin Fluorescence, WET Labs ECO-AFL/FL, 2 [mg/m^3]
# name 13 = par: PAR/Irradiance, Biospherical/Lico [µE/(cm^2*s)]
# name 14 = turbWETntu0: Turbidity, WET Labs ECO [NTU]
# name 15 = sal00: Salinity, Practical [PSU]
# name 16 = sal11: Salinity, Practical, 2 [PSU]
# name 17 = secS-priS: Salinity, Practical, Difference, 2 - 1 [PSU]
# name 18 = T2-T190C: Temperature Difference, 2 - 1 [ITS-90, deg C]
# name 19 = sigma-t00: Density [sigma-t, kg/m^3 ]
# name 20 = sigma-t11: Density, 2 [sigma-t, kg/m^3 ]
# name 21 = depSM: Depth [salt water, m], lat = 57.1162
# name 22 = depFM: Depth [true depth, m], lat = 57.1162
# name 23 = svCM: Sound Velocity [Chen-Millero, m/s]
# name 24 = svCM1: Sound Velocity, 2 [Chen-Millero, m/s]
# name 25 = sbeox0ML/L: Oxygen, SBE 43 [ml/l], WS = 2
# name 26 = sbeox1ML/L: Oxygen, SBE 43, 2 [ml/l], WS = 2
# name 27 = sbeox0PS: Oxygen, SBE 43 [% saturation], WS = 2
# name 28 = sbeox1PS: Oxygen, SBE 43, 2 [% saturation], WS = 2
# name 29 = flag: flag
# span 0 =      50354,      58179       
# span 1 =      2.000,    106.500       
# span 2 =     4.5720,     5.8123       
# span 3 =     4.5720,     5.8119       
# span 4 =   0.772546,   1.144791       
# span 5 =   0.772617,   1.144900       
# span 6 =          1,          1       
# span 7 =     0.7445,     3.4792       
# span 8 =     0.7304,     3.2492       
# span 9 =       1.13,      98.28       
# span 10 =     -0.202,      1.233      
# span 11 =     0.3349,     0.4688      
# span 12 =     0.1287,     0.3256      
# span 13 = 1.0000e-12, 5.1623e+01      
# span 14 =     0.1082,     1.9405      
# span 15 =     7.1972,    10.5735      
# span 16 =     7.1980,    10.5747      
# span 17 =    -0.0475,     0.2631      
# span 18 =    -0.0191,     0.0958      
# span 19 =     5.7054,     8.3163      
# span 20 =     5.7060,     8.3173      
# span 21 =      1.982,    105.494      
# span 22 =      2.026,    107.728      
# span 23 =    1433.58,    1444.93      
# span 24 =    1433.58,    1444.93      
# span 25 =     0.0528,     7.8644      
# span 26 =     0.0892,     8.0152      
# span 27 =      0.647,     91.345      
# span 28 =      1.093,     93.102      
# span 29 = 0.0000e+00, 0.0000e+00      
# interval = decibars: 0.5              
# start_time = Feb 13 2020 07:09:49 [NMEA time, first data scan]
# bad_flag = -9.990e-29
*END*
[from data line 194]
      56217     99.000     5.8119     5.8116    1.14467    1.14476          1     0.7478     0.7357       9.17      0.733     0.4554     0.2548  1.000e-12  0.4728000    10.5734    10.5744     0.0010    -0.0003     8.3163     8.3171     98.066    100.152    1444.81    1444.81     0.0620     0.1058     0.7600     1.2960  0.000e+00
      56273     99.500     5.8118     5.8115    1.14468    1.14472          1     0.7478     0.7356       8.36      0.226     0.4556     0.2500  1.000e-12  0.5872000    10.5734    10.5739     0.0005    -0.0003     8.3163     8.3167     98.562    100.657    1444.82    1444.82     0.0617     0.1051     0.7560     1.2880  0.000e+00
      56305    100.000     5.8121     5.8116    1.14468    1.14477          1     0.7477     0.7356       8.00      0.296     0.4556     0.2569  1.000e-12  0.4752000    10.5732    10.5742     0.0010    -0.0005     8.3162     8.3170     99.057    101.162    1444.83    1444.83     0.0615     0.1050     0.7530     1.2870  0.000e+00
      56321    100.500     5.8121     5.8117    1.14470    1.14479          1     0.7475     0.7355       7.66      0.546     0.4622     0.2572  1.000e-12  0.4787000    10.5733    10.5744     0.0011    -0.0004     8.3162     8.3171     99.552    101.667    1444.84    1444.84     0.0610     0.1049     0.7480     1.2860  0.000e+00
      56339    101.000     5.8120     5.8117    1.14471    1.14480          1     0.7476     0.7355       7.25      0.702     0.4661     0.2219  1.000e-12  0.5035000    10.5734    10.5744     0.0010    -0.0003     8.3163     8.3171    100.047    102.172    1444.85    1444.85     0.0615     0.1053     0.7530     1.2910  0.000e+00
      56412    101.500     5.8118     5.8115    1.14469    1.14468          1     0.7474     0.7355       6.34      0.192     0.4551     0.2485  1.000e-12  0.4404000    10.5731    10.5731    -0.0000    -0.0003     8.3161     8.3161    100.542    102.677    1444.85    1444.85     0.0613     0.1028     0.7510     1.2600  0.000e+00
      56447    102.000     5.8122     5.8118    1.14473    1.14482          1     0.7471     0.7351       6.02      0.351     0.4626     0.2829  1.000e-12  0.4751000    10.5733    10.5743     0.0010    -0.0004     8.3162     8.3170    101.037    103.183    1444.86    1444.86     0.0611     0.1002     0.7490     1.2280  0.000e+00
      56461    102.500     5.8123     5.8118    1.14475    1.14484          1     0.7473     0.7350       5.65      0.608     0.4681     0.2587  1.000e-12  0.5219000    10.5734    10.5745     0.0011    -0.0004     8.3163     8.3171    101.532    103.688    1444.87    1444.87     0.0602     0.1003     0.7380     1.2290  0.000e+00
      56477    103.000     5.8122     5.8118    1.14476    1.14485          1     0.7471     0.7346       5.17      0.769     0.4575     0.2367  1.000e-12  0.6053000    10.5734    10.5745     0.0011    -0.0004     8.3163     8.3172    102.028    104.193    1444.88    1444.88     0.0600     0.1007     0.7350     1.2340  0.000e+00
      56555    103.500     5.8121     5.8118    1.14475    1.14482          1     0.7471     0.7344       4.45      0.397     0.4579     0.1896  1.000e-12  0.5158000    10.5733    10.5741     0.0009    -0.0003     8.3162     8.3169    102.523    104.698    1444.88    1444.88     0.0606     0.1024     0.7430     1.2550  0.000e+00
      56605    104.000     5.8121     5.8119    1.14467    1.14487          1     0.7470     0.7343       4.08      0.468     0.4688     0.2072  1.000e-12  0.4448000    10.5723    10.5745     0.0021    -0.0003     8.3155     8.3171    103.018    105.203    1444.89    1444.89     0.0593     0.1019     0.7260     1.2490  0.000e+00
      56621    104.500     5.8123     5.8119    1.14479    1.14490          1     0.7470     0.7343       3.61      0.689     0.4608     0.2270  1.000e-12  0.4580000    10.5735    10.5747     0.0012    -0.0004     8.3163     8.3173    103.513    105.708    1444.90    1444.90     0.0589     0.1019     0.7220     1.2490  0.000e+00
      56736    105.000     5.8122     5.8119    1.14477    1.14489          1     0.7466     0.7340       2.98      0.593     0.4551     0.2025  1.000e-12  0.4561000    10.5732    10.5745     0.0013    -0.0003     8.3162     8.3172    104.008    106.213    1444.91    1444.91     0.0588     0.0992     0.7200     1.2150  0.000e+00
      57768    105.500     5.8119     5.8116    1.14472    1.14478          1     0.7453     0.7317       2.42      0.374     0.4630     0.2057  1.000e-12  0.4627000    10.5727    10.5734     0.0006    -0.0003     8.3158     8.3163    104.503    106.718    1444.92    1444.92     0.0552     0.0924     0.6770     1.1320  0.000e+00
      57974    106.000     5.8117     5.8116    1.14468    1.14481          1     0.7451     0.7311       1.77      0.221     0.4461     0.2441  1.000e-12  0.4669000    10.5722    10.5736     0.0014    -0.0001     8.3154     8.3165    104.999    107.223    1444.92    1444.92     0.0542     0.0925     0.6650     1.1330  0.000e+00
      58179    106.500     5.8118     5.8118    1.14474    1.14486          1     0.7445     0.7304       1.13      0.204     0.4546     0.2470  1.000e-12  0.5835000    10.5728    10.5739     0.0012    -0.0000     8.3158     8.3167    105.494    107.728    1444.93    1444.93     0.0528     0.0892     0.6470     1.0930  0.000e+00
