ctdpy/tests/etc/exprapp_feb_2020/SBE09_1387_20200209_0101_77_10_0130.cnv
* Sea-Bird SBE 9 Data File:
* FileName = L:\2020\sv20d0130.hex
* Software Version Seasave V 7.26.7.121
* Temperature SN = 6378
* Conductivity SN = 4824
* Number of Bytes Per Scan = 41
* Number of Voltage Words = 4
* Number of Scans Averaged by the Deck Unit = 1
* NMEA Latitude = 55 16.58 N
* NMEA Longitude = 016 30.91 E
* NMEA UTC (Time) = Feb 09 2020  01:01:07
* NMEA baud rate = 4800
** Station:  Stolpe tröskel
** Operator:  SSip
** Ship: SVEA
** Average sound velocity: 1442.28 m/s
** True-depth calculation Sun, 09 Feb 2020 02:05:15 +0000
** CTD Python Module SMHI /ver 3-12/ feb 2012 
** LIMS Job: 20207710-0130
** Cruise: SMHI-03-2020
** Latitude [GG MM.mm N] :
** Longitude [GGG MM.mm E]:
# nquan = 30
# nvalues = 115                         
# units = specified
# name 0 = scan: Scan Count
# name 1 = prDM: Pressure, Digiquartz [db]
# name 2 = t090C: Temperature [ITS-90, deg C]
# name 3 = t190C: Temperature, 2 [ITS-90, deg C]
# name 4 = c0S/m: Conductivity [S/m]
# name 5 = c1S/m: Conductivity, 2 [S/m]
# name 6 = pumps: Pump Status
# name 7 = sbeox0V: Oxygen raw, SBE 43 [V]
# name 8 = sbeox1V: Oxygen raw, SBE 43, 2 [V]
# name 9 = altM: Altimeter [m]
# name 10 = dz/dtM: Descent Rate [m/s]
# name 11 = flECO-AFL: Chl-a Fluorescence, WET Labs ECO-AFL/FL [mg/m^3]
# name 12 = flECO-AFL1: Phycocyanin Fluorescence, WET Labs ECO-AFL/FL, 2 [mg/m^3]
# name 13 = par: PAR/Irradiance, Biospherical/Lico [µE/(cm^2*s)]
# name 14 = turbWETntu0: Turbidity, WET Labs ECO [NTU]
# name 15 = sal00: Salinity, Practical [PSU]
# name 16 = sal11: Salinity, Practical, 2 [PSU]
# name 17 = secS-priS: Salinity, Practical, Difference, 2 - 1 [PSU]
# name 18 = T2-T190C: Temperature Difference, 2 - 1 [ITS-90, deg C]
# name 19 = sigma-t00: Density [sigma-t, kg/m^3 ]
# name 20 = sigma-t11: Density, 2 [sigma-t, kg/m^3 ]
# name 21 = depSM: Depth [salt water, m], lat = 55.2763
# name 22 = depFM: Depth [true depth, m], lat = 55.2763
# name 23 = svCM: Sound Velocity [Chen-Millero, m/s]
# name 24 = svCM1: Sound Velocity, 2 [Chen-Millero, m/s]
# name 25 = sbeox0ML/L: Oxygen, SBE 43 [ml/l], WS = 2
# name 26 = sbeox1ML/L: Oxygen, SBE 43, 2 [ml/l], WS = 2
# name 27 = sbeox0PS: Oxygen, SBE 43 [% saturation], WS = 2
# name 28 = sbeox1PS: Oxygen, SBE 43, 2 [% saturation], WS = 2
# name 29 = flag: flag
# span 0 =      32878,      38901       
# span 1 =      2.500,     59.500       
# span 2 =     5.5209,     9.1688       
# span 3 =     5.5207,     9.1646       
# span 4 =   0.850393,   1.617273       
# span 5 =   0.850469,   1.617160       
# span 6 =          1,          1       
# span 7 =     1.3228,     3.5857       
# span 8 =     1.2629,     3.3438       
# span 9 =       1.32,      59.22       
# span 10 =     -0.457,      0.590      
# span 11 =     0.3486,     0.6541      
# span 12 =     0.1922,     0.3440      
# span 13 = -1.838e-06, 9.1845e-01      
# span 14 =     0.1417,     0.2989      
# span 15 =     7.7552,    13.9700      
# span 16 =     7.7560,    13.9717      
# span 17 =    -0.0403,     0.3115      
# span 18 =    -0.0384,     0.1680      
# span 19 =     6.1087,    10.6846      
# span 20 =     6.1094,    10.6854      
# span 21 =      2.477,     58.954      
# span 22 =      2.531,     60.201      
# span 23 =    1438.47,    1462.08      
# span 24 =    1438.47,    1462.07      
# span 25 =     1.4525,     7.9205      
# span 26 =     1.5068,     8.0605      
# span 27 =     19.720,     94.574      
# span 28 =     20.457,     96.251      
# span 29 = 0.0000e+00, 0.0000e+00      
# interval = decibars: 0.5              
# start_time = Feb 09 2020 01:01:07 [NMEA time, first data scan]
# bad_flag = -9.990e-29
*END*
[from data line 97]
      35847     51.000     6.6519     6.6531    1.02905    1.03040          1     2.7216     2.4969       9.04      0.443     0.3771     0.2331  1.000e-12  0.1760000     9.2032     9.2158     0.0126     0.0012     7.1840     7.1938     50.533     51.624    1445.89    1445.91     5.1630     4.4081    64.0120    54.6580  0.000e+00
      35891     51.500     6.6287     6.7967    1.02888    1.06586          1     2.5966     2.3239       8.73      0.310     0.3623     0.2279  1.000e-12  0.1887000     9.2068     9.5183     0.3115     0.1680     7.1880     7.4215     51.028     52.130    1445.80    1446.90     4.5035     3.8189    55.7920    47.6020  0.000e+00
      35963     52.000     6.9104     6.9502    1.10153    1.11300          1     2.2439     2.0166       7.78      0.187     0.3604     0.2238  1.000e-12  0.1938000     9.8302     9.9291     0.0990     0.0399     7.6583     7.7330     51.524     52.635    1447.77    1448.06     3.5264     3.0731    44.1820    38.5650  0.000e+00
      36045     52.500     7.0134     7.0437    1.14142    1.14856          1     1.9460     1.8208       8.53      0.126     0.3601     0.1922  1.000e-12  0.1979000    10.1843    10.2442     0.0599     0.0304     7.9285     7.9732     52.019     53.140    1448.65    1448.85     2.7292     2.4916    34.3530    31.3980  0.000e+00
      36084     53.000     7.0428     7.0407    1.15671    1.15752          1     1.8525     1.6890       8.25      0.312     0.3521     0.2213  1.000e-12  0.2179000    10.3229    10.3314     0.0085    -0.0021     8.0351     8.0419     52.514     53.646    1448.95    1448.95     2.8231     2.0505    35.5980    25.8560  0.000e+00
      36149     53.500     7.0590     7.1412    1.18119    1.20107          1     1.7809     1.5902       7.59      0.195     0.3681     0.2088  1.000e-12  0.2347000    10.5539    10.7203     0.1664     0.0822     8.2150     8.3390     53.010     54.151    1449.31    1449.86     2.7343     2.5036    34.5460    31.7540  0.000e+00
      36203     54.000     7.4562     7.4573    1.25741    1.26018          1     1.7567     1.6177       7.16      0.272     0.3823     0.2459  1.000e-12  0.2288000    11.1631    11.1892     0.0261     0.0011     8.6604     8.6807     53.505     54.656    1451.71    1451.75     2.6858     2.8460    34.3920    36.4470  0.000e+00
      36239     54.500     7.8539     7.8572    1.34321    1.34763          1     1.7427     1.6230       6.73      0.376     0.3768     0.2521  1.000e-12  0.2058000    11.8534    11.8944     0.0409     0.0033     9.1658     9.1974     54.000     55.161    1454.20    1454.26     2.5377     2.5681    32.9550    33.3580  0.000e+00
      36333     55.000     7.9769     7.9385    1.38499    1.37953          1     1.7388     1.6326       6.14      0.139     0.3785     0.2039  1.000e-12  0.1950000    12.2092    12.1690    -0.0403    -0.0384     9.4323     9.4039     54.496     55.665    1455.14    1454.93     2.5689     2.6642    33.5360    34.7400  0.000e+00
      36366     55.500     8.4517     8.4472    1.50323    1.50301          1     1.7403     1.6425       5.70      0.370     0.3833     0.2300  1.000e-12  0.2214000    13.1678    13.1677    -0.0001    -0.0045    10.1355    10.1360     54.991     56.169    1458.24    1458.22     2.5453     2.6313    33.8150    34.9540  0.000e+00
      36453     56.000     8.6902     8.6854    1.53599    1.53652          1     1.5595     1.4987       5.15      0.150     0.3599     0.2375  1.000e-12  0.2328000    13.3864    13.3933     0.0069    -0.0048    10.2804    10.2863     55.486     56.674    1459.46    1459.45     1.6744     1.6429    22.3950    21.9770  0.000e+00
      36493     56.500     9.0774     9.0799    1.59873    1.59930          1     1.4750     1.4361       4.73      0.300     0.3573     0.2462  1.000e-12  0.2807000    13.8309    13.8353     0.0044     0.0025    10.5851    10.5882     55.982     57.178    1461.53    1461.55     1.6887     1.7784    22.8630    24.0800  0.000e+00
      36568     57.000     9.1068     9.1506    1.60631    1.61322          1     1.3905     1.3421       4.16      0.161     0.3486     0.2242  1.000e-12  0.2744000    13.8909    13.9387     0.0479     0.0438    10.6285    10.6609     56.477     57.682    1461.73    1461.96     1.5206     1.5489    20.6080    21.0190  0.000e+00
      36615     57.500     9.1688     9.1646    1.61727    1.61716          1     1.3558     1.3038       3.72      0.270     0.3609     0.2029  1.000e-12  0.2989000    13.9696    13.9702     0.0006    -0.0042    10.6829    10.6838     56.972     58.185    1462.08    1462.06     1.4937     1.5410    20.2830    20.9240  0.000e+00
      36696     58.000     9.1562     9.1605    1.61680    1.61716          1     1.3411     1.2871       3.12      0.169     0.3737     0.2213  1.000e-12  0.2859000    13.9700    13.9717     0.0017     0.0043    10.6846    10.6854     57.468     58.689    1462.04    1462.06     1.4848     1.5442    20.1570    20.9660  0.000e+00
      37675     58.500     9.1582     9.1592    1.61593    1.61604          1     1.3342     1.2741       2.53      0.195     0.3659     0.2312  1.000e-12  0.2822000    13.9610    13.9616     0.0006     0.0010    10.6774    10.6777     57.963     59.193    1462.04    1462.04     1.4871     1.5317    20.1880    20.7930  0.000e+00
      38536     59.000     9.1421     9.1584    1.61313    1.61627          1     1.3367     1.2665       1.87      0.068     0.3678     0.2064  1.000e-12  0.2638000    13.9409    13.9639     0.0231     0.0163    10.6635    10.6796     58.458     59.697    1461.96    1462.05     1.4868     1.5146    20.1730    20.5610  0.000e+00
      38901     59.500     9.1610     9.1598    1.61675    1.61670          1     1.3228     1.2629       1.32      0.033     0.3661     0.2206  1.000e-12  0.2718000    13.9673    13.9674     0.0001    -0.0012    10.6820    10.6822     58.954     60.201    1462.07    1462.07     1.4525     1.5068    19.7200    20.4570  0.000e+00
