ctdpy/tests/etc/exprapp_feb_2020/SBE09_1387_20200210_1944_77_10_0138.cnv
* Sea-Bird SBE 9 Data File:
* FileName = L:\2020\sv20d0138.hex
* Software Version Seasave V 7.26.7.121
* Temperature SN = 6378
* Conductivity SN = 4824
* Number of Bytes Per Scan = 41
* Number of Voltage Words = 4
* Number of Scans Averaged by the Deck Unit = 1
* NMEA Latitude = 58 00.08 N
* NMEA Longitude = 019 52.81 E
* NMEA UTC (Time) = Feb 10 2020  19:44:12
* NMEA baud rate = 4800
** Station:  BY20
** Operator:  DBSj
** Ship: SVEA
** Average sound velocity: 1446.06 m/s
** True-depth calculation Mon, 10 Feb 2020 21:21:29 +0000
** CTD Python Module SMHI /ver 3-12/ feb 2012 
** LIMS Job: 20207710-0138
** Cruise: SMHI-03-2020
** Latitude [GG MM.mm N] :
** Longitude [GGG MM.mm E]:
# nquan = 30
# nvalues = 381                         
# units = specified
# name 0 = scan: Scan Count
# name 1 = prDM: Pressure, Digiquartz [db]
# name 2 = t090C: Temperature [ITS-90, deg C]
# name 3 = t190C: Temperature, 2 [ITS-90, deg C]
# name 4 = c0S/m: Conductivity [S/m]
# name 5 = c1S/m: Conductivity, 2 [S/m]
# name 6 = pumps: Pump Status
# name 7 = sbeox0V: Oxygen raw, SBE 43 [V]
# name 8 = sbeox1V: Oxygen raw, SBE 43, 2 [V]
# name 9 = altM: Altimeter [m]
# name 10 = dz/dtM: Descent Rate [m/s]
# name 11 = flECO-AFL: Chl-a Fluorescence, WET Labs ECO-AFL/FL [mg/m^3]
# name 12 = flECO-AFL1: Phycocyanin Fluorescence, WET Labs ECO-AFL/FL, 2 [mg/m^3]
# name 13 = par: PAR/Irradiance, Biospherical/Lico [µE/(cm^2*s)]
# name 14 = turbWETntu0: Turbidity, WET Labs ECO [NTU]
# name 15 = sal00: Salinity, Practical [PSU]
# name 16 = sal11: Salinity, Practical, 2 [PSU]
# name 17 = secS-priS: Salinity, Practical, Difference, 2 - 1 [PSU]
# name 18 = T2-T190C: Temperature Difference, 2 - 1 [ITS-90, deg C]
# name 19 = sigma-t00: Density [sigma-t, kg/m^3 ]
# name 20 = sigma-t11: Density, 2 [sigma-t, kg/m^3 ]
# name 21 = depSM: Depth [salt water, m], lat = 58.0013
# name 22 = depFM: Depth [true depth, m], lat = 58.0013
# name 23 = svCM: Sound Velocity [Chen-Millero, m/s]
# name 24 = svCM1: Sound Velocity, 2 [Chen-Millero, m/s]
# name 25 = sbeox0ML/L: Oxygen, SBE 43 [ml/l], WS = 2
# name 26 = sbeox1ML/L: Oxygen, SBE 43, 2 [ml/l], WS = 2
# name 27 = sbeox0PS: Oxygen, SBE 43 [% saturation], WS = 2
# name 28 = sbeox1PS: Oxygen, SBE 43, 2 [% saturation], WS = 2
# name 29 = flag: flag
# span 0 =      27416,      41077       
# span 1 =      2.000,    192.000       
# span 2 =     5.1419,     7.1843       
# span 3 =     5.1414,     7.1841       
# span 4 =   0.800968,   1.389384       
# span 5 =   0.801037,   1.389498       
# span 6 =          1,          1       
# span 7 =     0.7401,     3.5291       
# span 8 =     0.7226,     3.2911       
# span 9 =       2.36,     101.88       
# span 10 =     -0.301,      1.625      
# span 11 =     0.3383,     0.4552      
# span 12 =     0.1455,     0.3022      
# span 13 = -3.014e-04, 1.0029e+00      
# span 14 =     0.0966,     1.8249      
# span 15 =     7.3542,    12.5078      
# span 16 =     7.3549,    12.5090      
# span 17 =    -0.3886,     0.1639      
# span 18 =    -0.0754,     0.0592      
# span 19 =     5.8086,     9.7372      
# span 20 =     5.8092,     9.7382      
# span 21 =      1.981,    190.132      
# span 22 =      2.025,    194.008      
# span 23 =    1436.30,    1454.49      
# span 24 =    1436.30,    1454.49      
# span 25 =     0.0397,     7.8782      
# span 26 =     0.0642,     8.0040      
# span 27 =      0.510,     92.933      
# span 28 =      0.824,     94.412      
# span 29 = 0.0000e+00, 0.0000e+00      
# interval = decibars: 0.5              
# start_time = Feb 10 2020 19:44:12 [NMEA time, first data scan]
# bad_flag = -9.990e-29
*END*
[from data line 291]
      35607    147.500     7.1363     7.1371    1.36776    1.36799          1     0.7441     0.7292      47.96      0.690     0.4176     0.2082  1.000e-12  0.6620000    12.3228    12.3247     0.0019     0.0008     9.5962     9.5976    146.081    149.118    1453.34    1453.35     0.0501     0.0825     0.6410     1.0560  0.000e+00
      35674    148.000     7.1468     7.1471    1.36952    1.36973          1     0.7441     0.7292      47.62      0.790     0.4068     0.2062  1.000e-12  0.7233000    12.3360    12.3380     0.0020     0.0002     9.6057     9.6072    146.576    149.623    1453.41    1453.41     0.0493     0.0830     0.6310     1.0630  0.000e+00
      35683    148.500     7.1463     7.1455    1.37008    1.37022          1     0.7438     0.7292      47.17      1.026     0.4068     0.2322  1.000e-12  0.7228000    12.3416    12.3433     0.0016    -0.0007     9.6102     9.6115    147.071    150.127    1453.42    1453.42     0.0486     0.0825     0.6230     1.0570  0.000e+00
      35691    149.000     7.1430     7.1424    1.37042    1.37058          1     0.7439     0.7292      46.76      1.211     0.4055     0.2331  1.000e-12  0.7216000    12.3460    12.3477     0.0017    -0.0006     9.6139     9.6152    147.566    150.632    1453.42    1453.42     0.0494     0.0827     0.6330     1.0590  0.000e+00
      35700    149.500     7.1442     7.1443    1.37089    1.37106          1     0.7438     0.7291      46.24      1.332     0.4068     0.2256  1.000e-12  0.7231000    12.3500    12.3517     0.0016     0.0001     9.6169     9.6182    148.061    151.136    1453.44    1453.44     0.0498     0.0826     0.6380     1.0580  0.000e+00
      35713    150.000     7.1477     7.1471    1.37206    1.37227          1     0.7439     0.7292      45.61      1.314     0.4075     0.1938  1.000e-12  0.7161000    12.3602    12.3624     0.0022    -0.0006     9.6246     9.6264    148.556    151.641    1453.48    1453.48     0.0501     0.0832     0.6420     1.0670  0.000e+00
      35796    150.500     7.1415     7.1425    1.37004    1.37064          1     0.7441     0.7292      44.69      0.543     0.4189     0.1930  1.000e-12  0.6835000    12.3426    12.3480     0.0054     0.0010     9.6113     9.6154    149.051    152.145    1453.44    1453.45     0.0503     0.0835     0.6450     1.0700  0.000e+00
      35847    151.000     7.1428     7.1472    1.37037    1.37198          1     0.7438     0.7292      44.33      0.510     0.4238     0.1825  1.000e-12  0.6609000    12.3452    12.3593     0.0141     0.0044     9.6132     9.6239    149.546    152.649    1453.45    1453.49     0.0488     0.0832     0.6250     1.0660  0.000e+00
      35859    151.500     7.1535     7.1547    1.37331    1.37368          1     0.7438     0.7292      44.06      0.728     0.4311     0.1954  1.000e-12  0.6533000    12.3699    12.3731     0.0032     0.0012     9.6317     9.6341    150.041    153.154    1453.54    1453.55     0.0491     0.0823     0.6290     1.0540  0.000e+00
      35871    152.000     7.1524     7.1513    1.37363    1.37371          1     0.7440     0.7291      43.51      0.878     0.4193     0.2153  1.000e-12  0.6286000    12.3734    12.3746     0.0012    -0.0011     9.6345     9.6356    150.536    153.658    1453.54    1453.54     0.0501     0.0812     0.6420     1.0410  0.000e+00
      35885    152.500     7.1486     7.1480    1.37359    1.37368          1     0.7439     0.7290      42.95      0.941     0.4176     0.2031  1.000e-12  0.6209000    12.3743    12.3753     0.0010    -0.0006     9.6356     9.6364    151.031    154.163    1453.54    1453.54     0.0494     0.0816     0.6330     1.0460  0.000e+00
      35907    153.000     7.1468     7.1463    1.37351    1.37361          1     0.7438     0.7290      42.36      0.766     0.4177     0.1832  1.000e-12  0.5636000    12.3740    12.3751     0.0012    -0.0004     9.6355     9.6364    151.526    154.667    1453.54    1453.54     0.0493     0.0813     0.6310     1.0410  0.000e+00
      35967    153.500     7.1458     7.1457    1.37273    1.37325          1     0.7438     0.7288      41.43      0.215     0.4112     0.1813  1.000e-12  0.5406000    12.3667    12.3718     0.0051    -0.0001     9.6298     9.6338    152.021    155.171    1453.53    1453.54     0.0492     0.0821     0.6300     1.0510  0.000e+00
      36016    154.000     7.1461     7.1457    1.37408    1.37432          1     0.7439     0.7288      40.94      0.256     0.4063     0.1845  1.000e-12  0.5067000    12.3796    12.3821     0.0025    -0.0004     9.6399     9.6420    152.516    155.676    1453.56    1453.56     0.0496     0.0819     0.6350     1.0500  0.000e+00
      36046    154.500     7.1449     7.1444    1.37438    1.37450          1     0.7438     0.7290      40.52      0.326     0.4145     0.2220  1.000e-12  0.4915000    12.3829    12.3842     0.0013    -0.0005     9.6426     9.6437    153.011    156.180    1453.57    1453.57     0.0491     0.0822     0.6290     1.0530  0.000e+00
      36062    155.000     7.1433     7.1430    1.37474    1.37484          1     0.7438     0.7286      40.15      0.504     0.4190     0.2375  1.000e-12  0.4869000    12.3869    12.3879     0.0010    -0.0003     9.6459     9.6467    153.506    156.685    1453.57    1453.57     0.0496     0.0784     0.6350     1.0050  0.000e+00
      36074    155.500     7.1427     7.1423    1.37482    1.37491          1     0.7439     0.7285      39.83      0.693     0.4187     0.2338  1.000e-12  0.4696000    12.3878    12.3888     0.0010    -0.0004     9.6467     9.6475    154.001    157.189    1453.58    1453.58     0.0493     0.0783     0.6320     1.0030  0.000e+00
      36085    156.000     7.1429     7.1425    1.37498    1.37506          1     0.7438     0.7286      39.49      0.866     0.4177     0.2321  1.000e-12  0.4690000    12.3891    12.3901     0.0010    -0.0004     9.6477     9.6485    154.496    157.693    1453.59    1453.59     0.0480     0.0779     0.6150     0.9980  0.000e+00
      36095    156.500     7.1434     7.1433    1.37527    1.37540          1     0.7437     0.7282      39.01      1.009     0.4149     0.2418  1.000e-12  0.4581000    12.3917    12.3930     0.0013    -0.0001     9.6497     9.6507    154.991    158.198    1453.60    1453.60     0.0480     0.0779     0.6150     0.9980  0.000e+00
      36107    157.000     7.1443     7.1440    1.37556    1.37567          1     0.7435     0.7283      38.45      1.086     0.4172     0.2547  1.000e-12  0.4568000    12.3941    12.3953     0.0012    -0.0003     9.6515     9.6524    155.486    158.702    1453.62    1453.62     0.0483     0.0792     0.6190     1.0140  0.000e+00
      36154    157.500     7.1443     7.1441    1.37531    1.37539          1     0.7437     0.7281      37.70      0.766     0.4067     0.2264  1.000e-12  0.4428000    12.3915    12.3924     0.0009    -0.0003     9.6494     9.6501    155.981    159.207    1453.62    1453.62     0.0487     0.0799     0.6240     1.0240  0.000e+00
      36233    158.000     7.1438     7.1435    1.37446    1.37458          1     0.7437     0.7280      37.11      0.494     0.4077     0.2322  1.000e-12  0.4593000    12.3834    12.3847     0.0013    -0.0002     9.6431     9.6441    156.476    159.711    1453.62    1453.62     0.0481     0.0791     0.6170     1.0140  0.000e+00
      36248    158.500     7.1456     7.1453    1.37553    1.37562          1     0.7434     0.7280      36.84      0.719     0.4177     0.2305  1.000e-12  0.4339000    12.3930    12.3940     0.0010    -0.0003     9.6505     9.6513    156.971    160.215    1453.65    1453.65     0.0470     0.0797     0.6030     1.0210  0.000e+00
      36261    159.000     7.1464     7.1466    1.37611    1.37648          1     0.7433     0.7280      36.31      0.857     0.4180     0.2179  1.000e-12  0.4312000    12.3984    12.4018     0.0035     0.0002     9.6546     9.6573    157.466    160.720    1453.66    1453.67     0.0474     0.0804     0.6070     1.0300  0.000e+00
      36275    159.500     7.1483     7.1482    1.37677    1.37693          1     0.7435     0.7282      35.79      0.905     0.4182     0.2084  1.000e-12  0.4266000    12.4041    12.4056     0.0016    -0.0001     9.6589     9.6602    157.961    161.224    1453.69    1453.69     0.0488     0.0805     0.6250     1.0320  0.000e+00
      36291    160.000     7.1500     7.1496    1.37717    1.37727          1     0.7435     0.7281      35.17      0.846     0.4190     0.1725  1.000e-12  0.4525000    12.4073    12.4083     0.0011    -0.0003     9.6613     9.6622    158.456    161.729    1453.71    1453.71     0.0486     0.0796     0.6230     1.0200  0.000e+00
      36317    160.500     7.1502     7.1501    1.37726    1.37735          1     0.7435     0.7280      34.49      0.604     0.4108     0.1858  1.000e-12  0.4436000    12.4079    12.4088     0.0009    -0.0001     9.6618     9.6625    158.951    162.233    1453.72    1453.72     0.0482     0.0793     0.6180     1.0160  0.000e+00
      36356    161.000     7.1507     7.1504    1.37732    1.37729          1     0.7434     0.7280      33.84      0.323     0.4099     0.2011  1.000e-12  0.4175000    12.4082    12.4081    -0.0001    -0.0004     9.6620     9.6619    159.446    162.737    1453.73    1453.73     0.0483     0.0796     0.6190     1.0210  0.000e+00
      36410    161.500     7.1497     7.1522    1.37688    1.37756          1     0.7434     0.7280      33.27      0.213     0.4229     0.2444  1.000e-12  0.4116000    12.4042    12.4099     0.0057     0.0025     9.6589     9.6632    159.941    163.242    1453.73    1453.74     0.0485     0.0788     0.6220     1.0100  0.000e+00
      36468    162.000     7.1577     7.1584    1.37796    1.37816          1     0.7435     0.7280      32.91      0.175     0.4245     0.2171  1.000e-12  0.4320000    12.4118    12.4135     0.0017     0.0006     9.6642     9.6655    160.436    163.746    1453.78    1453.78     0.0489     0.0796     0.6270     1.0200  0.000e+00
      36482    162.500     7.1557     7.1550    1.37810    1.37820          1     0.7432     0.7279      32.61      0.427     0.4183     0.2055  1.000e-12  0.4523000    12.4138    12.4149     0.0011    -0.0006     9.6659     9.6669    160.931    164.251    1453.78    1453.78     0.0471     0.0789     0.6040     1.0120  0.000e+00
      36494    163.000     7.1566     7.1559    1.37824    1.37833          1     0.7436     0.7279      32.24      0.658     0.4187     0.1756  1.000e-12  0.4751000    12.4147    12.4158     0.0011    -0.0007     9.6666     9.6675    161.426    164.755    1453.79    1453.79     0.0479     0.0794     0.6140     1.0180  0.000e+00
      36504    163.500     7.1559     7.1554    1.37844    1.37853          1     0.7430     0.7280      31.80      0.864     0.4190     0.1700  1.000e-12  0.4769000    12.4168    12.4179     0.0011    -0.0005     9.6683     9.6692    161.921    165.259    1453.80    1453.80     0.0469     0.0800     0.6010     1.0250  0.000e+00
      36515    164.000     7.1530     7.1525    1.37881    1.37894          1     0.7434     0.7280      31.36      1.024     0.4093     0.1866  1.000e-12  0.4546000    12.4214    12.4228     0.0014    -0.0005     9.6721     9.6732    162.416    165.764    1453.80    1453.80     0.0482     0.0787     0.6180     1.0080  0.000e+00
      36526    164.500     7.1520     7.1519    1.37909    1.37919          1     0.7434     0.7279      30.86      1.117     0.4059     0.2049  1.000e-12  0.4451000    12.4244    12.4253     0.0010    -0.0001     9.6745     9.6753    162.911    166.268    1453.81    1453.81     0.0489     0.0784     0.6270     1.0040  0.000e+00
      36560    165.000     7.1522     7.1519    1.37890    1.37910          1     0.7434     0.7278      30.06      0.859     0.4091     0.2104  1.000e-12  0.3845000    12.4224    12.4244     0.0020    -0.0003     9.6729     9.6746    163.406    166.773    1453.81    1453.82     0.0478     0.0783     0.6130     1.0030  0.000e+00
      36649    165.500     7.1534     7.1525    1.37841    1.37863          1     0.7431     0.7278      29.35      0.330     0.4191     0.2374  1.000e-12  0.3891000    12.4170    12.4195     0.0025    -0.0008     9.6687     9.6707    163.901    167.277    1453.82    1453.82     0.0466     0.0781     0.5980     1.0010  0.000e+00
      36662    166.000     7.1530     7.1524    1.37843    1.37851          1     0.7429     0.7278      29.09      0.616     0.4180     0.2368  1.000e-12  0.3837000    12.4172    12.4182     0.0010    -0.0006     9.6688     9.6697    164.396    167.781    1453.83    1453.83     0.0458     0.0764     0.5870     0.9790  0.000e+00
      36674    166.500     7.1531     7.1531    1.37956    1.37982          1     0.7431     0.7276      28.65      0.825     0.4190     0.2053  1.000e-12  0.3774000    12.4282    12.4307     0.0025    -0.0000     9.6774     9.6794    164.891    168.286    1453.85    1453.85     0.0478     0.0767     0.6130     0.9830  0.000e+00
      36688    167.000     7.1543     7.1542    1.38022    1.38039          1     0.7428     0.7276      28.16      0.936     0.4176     0.1891  1.000e-12  0.3633000    12.4341    12.4357     0.0016    -0.0001     9.6820     9.6833    165.386    168.790    1453.87    1453.87     0.0472     0.0779     0.6060     0.9980  0.000e+00
      36717    167.500     7.1544     7.1540    1.38000    1.37993          1     0.7429     0.7275      27.34      0.624     0.4141     0.2268  1.000e-12  0.3405000    12.4317    12.4312    -0.0005    -0.0004     9.6801     9.6798    165.881    169.295    1453.87    1453.87     0.0467     0.0779     0.5990     0.9980  0.000e+00
      36760    168.000     7.1545     7.1541    1.37987    1.37990          1     0.7431     0.7274      26.69      0.207     0.4183     0.2168  1.000e-12  0.3216000    12.4304    12.4308     0.0004    -0.0004     9.6791     9.6794    166.375    169.799    1453.88    1453.88     0.0476     0.0778     0.6100     0.9970  0.000e+00
      36781    168.500     7.1566     7.1563    1.38082    1.38095          1     0.7430     0.7274      26.35      0.435     0.4186     0.1734  1.000e-12  0.3293000    12.4388    12.4401     0.0013    -0.0003     9.6855     9.6865    166.870    170.303    1453.91    1453.91     0.0476     0.0758     0.6100     0.9720  0.000e+00
      36805    169.000     7.1574     7.1572    1.38115    1.38126          1     0.7429     0.7271      25.80      0.535     0.4181     0.2084  1.000e-12  0.3419000    12.4416    12.4428     0.0012    -0.0002     9.6876     9.6886    167.365    170.808    1453.93    1453.93     0.0458     0.0754     0.5870     0.9670  0.000e+00
      36839    169.500     7.1581     7.1582    1.38147    1.38167          1     0.7427     0.7268      25.23      0.369     0.4102     0.1996  1.000e-12  0.3268000    12.4444    12.4463     0.0019     0.0001     9.6897     9.6912    167.860    171.312    1453.94    1453.94     0.0458     0.0760     0.5880     0.9750  0.000e+00
      36865    170.000     7.1625     7.1625    1.38267    1.38287          1     0.7427     0.7271      24.81      0.399     0.4062     0.2496  1.000e-12  0.3137000    12.4544    12.4564     0.0020     0.0000     9.6973     9.6988    168.355    171.816    1453.98    1453.98     0.0462     0.0778     0.5930     0.9970  0.000e+00
      36887    170.500     7.1668     7.1668    1.38366    1.38383          1     0.7427     0.7270      24.31      0.520     0.4211     0.2397  1.000e-12  0.3175000    12.4624    12.4641     0.0017    -0.0001     9.7031     9.7044    168.850    172.321    1454.01    1454.01     0.0464     0.0758     0.5950     0.9720  0.000e+00
