ctdpy/tests/etc/exprapp_feb_2020/SBE09_1387_20200203_1439_77_10_0102.cnv
* Sea-Bird SBE 9 Data File:
* FileName = L:\2020\sv20d0102.hex
* Software Version Seasave V 7.26.7.121
* Temperature SN = 6378
* Conductivity SN = 4824
* Number of Bytes Per Scan = 41
* Number of Voltage Words = 4
* Number of Scans Averaged by the Deck Unit = 1
* NMEA Latitude = 57 27.20 N
* NMEA Longitude = 008 31.79 E
* NMEA UTC (Time) = Feb 03 2020  14:39:56
* NMEA baud rate = 4800
** Station:  20N Hanstholm
** Operator:  A-KTh
** Ship: SVEA
** Average sound velocity: 1480.52 m/s
** True-depth calculation Tue, 04 Feb 2020 10:01:55 +0000
** CTD Python Module SMHI /ver 3-12/ feb 2012 
** LIMS Job: 20207710-0102
** Cruise: SMHI-02-2020
** Latitude [GG MM.mm N] :
** Longitude [GGG MM.mm E]:
# nquan = 30
# nvalues = 110                         
# units = specified
# name 0 = scan: Scan Count
# name 1 = prDM: Pressure, Digiquartz [db]
# name 2 = t090C: Temperature [ITS-90, deg C]
# name 3 = t190C: Temperature, 2 [ITS-90, deg C]
# name 4 = c0S/m: Conductivity [S/m]
# name 5 = c1S/m: Conductivity, 2 [S/m]
# name 6 = pumps: Pump Status
# name 7 = sbeox0V: Oxygen raw, SBE 43 [V]
# name 8 = sbeox1V: Oxygen raw, SBE 43, 2 [V]
# name 9 = altM: Altimeter [m]
# name 10 = dz/dtM: Descent Rate [m/s]
# name 11 = flECO-AFL: Chl-a Fluorescence, WET Labs ECO-AFL/FL [mg/m^3]
# name 12 = flECO-AFL1: Phycocyanin Fluorescence, WET Labs ECO-AFL/FL, 2 [mg/m^3]
# name 13 = par: PAR/Irradiance, Biospherical/Lico [µE/(cm^2*s)]
# name 14 = turbWETntu0: Turbidity, WET Labs ECO [NTU]
# name 15 = sal00: Salinity, Practical [PSU]
# name 16 = sal11: Salinity, Practical, 2 [PSU]
# name 17 = secS-priS: Salinity, Practical, Difference, 2 - 1 [PSU]
# name 18 = T2-T190C: Temperature Difference, 2 - 1 [ITS-90, deg C]
# name 19 = sigma-t00: Density [sigma-t, kg/m^3 ]
# name 20 = sigma-t11: Density, 2 [sigma-t, kg/m^3 ]
# name 21 = depSM: Depth [salt water, m], lat = 57.4533
# name 22 = depFM: Depth [true depth, m], lat = 57.4533
# name 23 = svCM: Sound Velocity [Chen-Millero, m/s]
# name 24 = svCM1: Sound Velocity, 2 [Chen-Millero, m/s]
# name 25 = sbeox0ML/L: Oxygen, SBE 43 [ml/l], WS = 2
# name 26 = sbeox1ML/L: Oxygen, SBE 43, 2 [ml/l], WS = 2
# name 27 = sbeox0PS: Oxygen, SBE 43 [% saturation], WS = 2
# name 28 = sbeox1PS: Oxygen, SBE 43, 2 [% saturation], WS = 2
# name 29 = flag: flag
# span 0 =      25967,      30490       
# span 1 =      1.000,     55.500       
# span 2 =     7.5192,     7.5362       
# span 3 =     7.5191,     7.5361       
# span 4 =   3.521409,   3.533496       
# span 5 =   3.529190,   3.533349       
# span 6 =          1,          1       
# span 7 =     3.5293,     3.5526       
# span 8 =     3.2870,     3.3104       
# span 9 =       1.43,      55.31       
# span 10 =     -0.545,      0.671      
# span 11 =     0.4253,     0.4843      
# span 12 =     0.1805,     0.3195      
# span 13 = 1.0000e-12, 3.9035e+01      
# span 14 =     0.9075,     2.0590      
# span 15 =    34.3910,    34.5213      
# span 16 =    34.4764,    34.4939      
# span 17 =    -0.0435,     0.0861      
# span 18 =    -0.0023,     0.0018      
# span 19 =    26.8646,    26.9669      
# span 20 =    26.9315,    26.9466      
# span 21 =      0.991,     54.981      
# span 22 =      0.992,     55.046      
# span 23 =    1479.95,    1480.95      
# span 24 =    1480.06,    1480.95      
# span 25 =     6.2122,     6.2328      
# span 26 =     6.3010,     6.3313      
# span 27 =     92.810,     93.124      
# span 28 =     94.165,     94.593      
# span 29 = 0.0000e+00, 0.0000e+00      
# interval = decibars: 0.5              
# start_time = Feb 03 2020 14:39:57 [NMEA time, first data scan]
# bad_flag = -9.990e-29
*END*
[from data line 97]
      28570     49.500     7.5314     7.5324    3.53320    3.53316          1     3.5315     3.2907       7.70      0.416     0.4520     0.2713  1.000e-12  1.4562000    34.4927    34.4913    -0.0014     0.0010    26.9441    26.9429     49.038     49.095    1480.88    1480.88     6.2153     6.3149    92.8760    94.3650  0.000e+00
      28621     50.000     7.5316     7.5293    3.53323    3.53298          1     3.5305     3.2899       7.14      0.230     0.4368     0.2551  1.000e-12  1.4449000    34.4926    34.4921    -0.0004    -0.0023    26.9440    26.9440     49.533     49.591    1480.89    1480.88     6.2167     6.3115    92.8970    94.3080  0.000e+00
      28672     50.500     7.5275     7.5265    3.53297    3.53279          1     3.5310     3.2898       6.69      0.233     0.4650     0.2517  1.000e-12  1.7070000    34.4936    34.4926    -0.0010    -0.0010    26.9454    26.9448     50.028     50.087    1480.88    1480.88     6.2193     6.3089    92.9270    94.2640  0.000e+00
      28705     51.000     7.5262     7.5260    3.53289    3.53278          1     3.5315     3.2883       6.28      0.337     0.4674     0.2207  1.000e-12  1.8910000    34.4938    34.4927    -0.0010    -0.0001    26.9457    26.9450     50.523     50.583    1480.88    1480.88     6.2207     6.3063    92.9460    94.2240  0.000e+00
      28735     51.500     7.5290     7.5294    3.53312    3.53306          1     3.5310     3.2882       5.87      0.395     0.4443     0.2934  1.000e-12  1.8267000    34.4932    34.4921    -0.0011     0.0004    26.9449    26.9439     51.019     51.079    1480.90    1480.90     6.2182     6.3086    92.9150    94.2650  0.000e+00
      28773     52.000     7.5308     7.5305    3.53328    3.53315          1     3.5314     3.2877       5.25      0.338     0.4371     0.2592  1.000e-12  1.1302000    34.4929    34.4917    -0.0011    -0.0003    26.9443    26.9435     51.514     51.575    1480.92    1480.92     6.2207     6.3100    92.9550    94.2880  0.000e+00
      28844     52.500     7.5321     7.5338    3.53337    3.53335          1     3.5299     3.2878       4.69      0.164     0.4447     0.2764  1.000e-12  1.5145000    34.4924    34.4904    -0.0020     0.0018    26.9438    26.9420     52.009     52.070    1480.93    1480.94     6.2182     6.3096    92.9200    94.2880  0.000e+00
      28884     53.000     7.5306     7.5297    3.53333    3.53316          1     3.5304     3.2883       4.24      0.305     0.4533     0.3098  1.000e-12  1.9975000    34.4932    34.4923    -0.0009    -0.0009    26.9446    26.9440     52.505     52.566    1480.93    1480.93     6.2183     6.3185    92.9200    94.4140  0.000e+00
      28948     53.500     7.5280     7.5270    3.53315    3.53295          1     3.5311     3.2891       3.71      0.181     0.4473     0.2841  1.000e-12  1.6164000    34.4935    34.4924    -0.0010    -0.0011    26.9452    26.9446     53.000     53.062    1480.93    1480.93     6.2202     6.3112    92.9420    94.3000  0.000e+00
      28995     54.000     7.5216     7.5217    3.53267    3.53263          1     3.5293     3.2882       3.34      0.288     0.4568     0.2391  1.000e-12  1.5657000    34.4945    34.4939    -0.0006     0.0001    26.9469    26.9465     53.495     53.558    1480.92    1480.92     6.2122     6.3123    92.8100    94.3040  0.000e+00
      29118     54.500     7.5284     7.5267    3.53323    3.53298          1     3.5294     3.2872       2.76      0.140     0.4484     0.2839  1.000e-12  1.7041000    34.4936    34.4925    -0.0011    -0.0017    26.9452    26.9446     53.990     54.054    1480.95    1480.94     6.2205     6.3076    92.9470    94.2450  0.000e+00
      29157     55.000     7.5264     7.5262    3.53311    3.53298          1     3.5301     3.2870       2.34      0.320     0.4719     0.2769  1.000e-12  1.4998000    34.4939    34.4927    -0.0012    -0.0003    26.9458    26.9449     54.486     54.550    1480.95    1480.95     6.2204     6.3106    92.9430    94.2890  0.000e+00
      30490     55.500     7.5192     7.5191    3.53255    3.53243          1     3.5308     3.2883       1.43     -0.268     0.4843     0.2823  1.000e-12  2.0590000    34.4948    34.4936    -0.0012    -0.0000    26.9476    26.9466     54.981     55.046    1480.93    1480.94     6.2241     6.3169    92.9830    94.3680  0.000e+00
