ctdpy/tests/etc/exprapp_feb_2020/SBE09_1387_20200208_1016_77_10_0126.cnv
* Sea-Bird SBE 9 Data File:
* FileName = L:\2020\sv20d0126.hex
* Software Version Seasave V 7.26.7.121
* Temperature SN = 6378
* Conductivity SN = 4824
* Number of Bytes Per Scan = 41
* Number of Voltage Words = 4
* Number of Scans Averaged by the Deck Unit = 1
* NMEA Latitude = 54 58.21 N
* NMEA Longitude = 014 05.95 E
* NMEA UTC (Time) = Feb 08 2020  10:16:02
* NMEA baud rate = 4800
** Station:  BY2
** Operator:  SSip
** Ship: SVEA
** Average sound velocity: 1443.03 m/s
** True-depth calculation Sat, 08 Feb 2020 14:52:34 +0000
** CTD Python Module SMHI /ver 3-12/ feb 2012 
** LIMS Job: 20207710-0126
** Cruise: SMHI-03-2020
** Latitude [GG MM.mm N] :
** Longitude [GGG MM.mm E]:
# nquan = 30
# nvalues = 85                          
# units = specified
# name 0 = scan: Scan Count
# name 1 = prDM: Pressure, Digiquartz [db]
# name 2 = t090C: Temperature [ITS-90, deg C]
# name 3 = t190C: Temperature, 2 [ITS-90, deg C]
# name 4 = c0S/m: Conductivity [S/m]
# name 5 = c1S/m: Conductivity, 2 [S/m]
# name 6 = pumps: Pump Status
# name 7 = sbeox0V: Oxygen raw, SBE 43 [V]
# name 8 = sbeox1V: Oxygen raw, SBE 43, 2 [V]
# name 9 = altM: Altimeter [m]
# name 10 = dz/dtM: Descent Rate [m/s]
# name 11 = flECO-AFL: Chl-a Fluorescence, WET Labs ECO-AFL/FL [mg/m^3]
# name 12 = flECO-AFL1: Phycocyanin Fluorescence, WET Labs ECO-AFL/FL, 2 [mg/m^3]
# name 13 = par: PAR/Irradiance, Biospherical/Lico [µE/(cm^2*s)]
# name 14 = turbWETntu0: Turbidity, WET Labs ECO [NTU]
# name 15 = sal00: Salinity, Practical [PSU]
# name 16 = sal11: Salinity, Practical, 2 [PSU]
# name 17 = secS-priS: Salinity, Practical, Difference, 2 - 1 [PSU]
# name 18 = T2-T190C: Temperature Difference, 2 - 1 [ITS-90, deg C]
# name 19 = sigma-t00: Density [sigma-t, kg/m^3 ]
# name 20 = sigma-t11: Density, 2 [sigma-t, kg/m^3 ]
# name 21 = depSM: Depth [salt water, m], lat = 54.9702
# name 22 = depFM: Depth [true depth, m], lat = 54.9702
# name 23 = svCM: Sound Velocity [Chen-Millero, m/s]
# name 24 = svCM1: Sound Velocity, 2 [Chen-Millero, m/s]
# name 25 = sbeox0ML/L: Oxygen, SBE 43 [ml/l], WS = 2
# name 26 = sbeox1ML/L: Oxygen, SBE 43, 2 [ml/l], WS = 2
# name 27 = sbeox0PS: Oxygen, SBE 43 [% saturation], WS = 2
# name 28 = sbeox1PS: Oxygen, SBE 43, 2 [% saturation], WS = 2
# name 29 = flag: flag
# span 0 =      39608,      42961       
# span 1 =      1.500,     43.500       
# span 2 =     5.5871,     6.0335       
# span 3 =     5.5872,     6.0305       
# span 4 =   0.886982,   1.772780       
# span 5 =   0.886889,   1.761581       
# span 6 =          1,          1       
# span 7 =     3.2687,     3.6034       
# span 8 =     3.0541,     3.3586       
# span 9 =       2.98,     104.59       
# span 10 =     -0.725,      0.529      
# span 11 =     0.3076,     0.8616      
# span 12 =     0.1715,     0.3378      
# span 13 = 2.1227e-02, 1.1957e+02      
# span 14 =     0.1426,     0.3627      
# span 15 =     8.0904,    16.9378      
# span 16 =     8.0896,    16.8152      
# span 17 =    -0.1463,     0.0474      
# span 18 =    -0.0138,     0.0088      
# span 19 =     6.3688,    13.3188      
# span 20 =     6.3682,    13.2213      
# span 21 =      1.486,     43.103      
# span 22 =      1.518,     43.949      
# span 23 =    1439.32,    1452.49      
# span 24 =    1439.32,    1452.38      
# span 25 =     6.5793,     7.9333      
# span 26 =     6.6963,     8.0578      
# span 27 =     84.331,     95.193      
# span 28 =     85.110,     96.670      
# span 29 = 0.0000e+00, 0.0000e+00      
# interval = decibars: 0.5              
# start_time = Feb 08 2020 10:16:02 [NMEA time, first data scan]
# bad_flag = -9.990e-29
*END*
[from data line 49]
      41340     26.000     5.6784     5.6814    0.91174    0.91342          1     3.5495     3.3092      19.81      0.435     0.6082     0.2166  1.106e+00  0.1595000     8.3163     8.3321     0.0157     0.0030     6.5439     6.5562     25.764     26.314    1440.23    1440.26     7.7708     7.8910    93.5010    94.9630  0.000e+00
      41365     26.500     5.6866     5.6855    0.91579    0.91513          1     3.5466     3.3070      19.32      0.461     0.6062     0.2090  1.034e+00  0.1638000     8.3539     8.3478    -0.0061    -0.0012     6.5732     6.5684     26.260     26.819    1440.32    1440.30     7.7535     7.8742    93.3350    94.7820  0.000e+00
      41388     27.000     5.6883     5.6880    0.91681    0.91659          1     3.5437     3.3043      18.83      0.498     0.5965     0.2664  9.492e-01  0.1673000     8.3635     8.3614    -0.0021    -0.0003     6.5806     6.5790     26.755     27.325    1440.34    1440.34     7.7437     7.8547    93.2270    94.5610  0.000e+00
      41413     27.500     5.6967     5.6974    0.92112    0.92140          1     3.5402     3.3003      18.25      0.498     0.5818     0.2229  8.692e-01  0.1743000     8.4037     8.4062     0.0025     0.0007     6.6119     6.6139     27.250     27.831    1440.44    1440.45     7.7283     7.8378    93.0860    94.4080  0.000e+00
      41440     28.000     5.7036     5.7047    0.92328    0.92371          1     3.5358     3.2967      17.76      0.462     0.5775     0.2689  8.181e-01  0.1694000     8.4231     8.4270     0.0039     0.0012     6.6269     6.6299     27.746     28.337    1440.50    1440.51     7.6816     7.7956    92.5500    93.9290  0.000e+00
      41467     28.500     5.7152     5.7148    0.92792    0.92807          1     3.5162     3.2824      17.25      0.449     0.5810     0.2873  7.720e-01  0.1668000     8.4656     8.4672     0.0016    -0.0004     6.6598     6.6611     28.241     28.843    1440.61    1440.61     7.4858     7.5559    90.2430    91.0880  0.000e+00
      41493     29.000     5.7340     5.7343    0.96139    0.96448          1     3.4686     3.2431      16.78      0.448     0.5800     0.2735  7.062e-01  0.1671000     8.7908     8.8212     0.0305     0.0003     6.9153     6.9393     28.737     29.349    1441.11    1441.15     7.2030     7.2108    87.0590    87.1720  0.000e+00
      41518     29.500     5.8342     5.8409    1.09939    1.10266          1     3.4080     3.1912      16.27      0.463     0.5400     0.2753  6.526e-01  0.1789000    10.1274    10.1579     0.0305     0.0067     7.9634     7.9870     29.232     29.855    1443.24    1443.30     6.9634     6.9595    85.1260    85.1100  0.000e+00
      41543     30.000     5.9960     5.9990    1.17938    1.18230          1     3.3693     3.1547      15.71      0.488     0.4750     0.2473  6.065e-01  0.1814000    10.8736    10.9017     0.0281     0.0030     8.5413     8.5633     29.727     30.360    1444.88    1444.92     6.9759     7.0159    86.0480    86.5640  0.000e+00
      41569     30.500     6.0335     6.0305    1.25105    1.25568          1     3.3609     3.1410      15.18      0.476     0.4310     0.2239  5.706e-01  0.1591000    11.5768    11.6243     0.0474    -0.0030     9.0926     9.1302     30.223     30.864    1445.93    1445.97     7.0137     7.0811    86.9970    87.8530  0.000e+00
      41595     31.000     5.9038     5.8963    1.31283    1.31670          1     3.3565     3.1336      14.63      0.458     0.3989     0.2077  5.198e-01  0.1451000    12.2432    12.2850     0.0418    -0.0075     9.6259     9.6593     30.718     31.369    1446.22    1446.24     7.0020     7.0872    86.9570    88.0220  0.000e+00
      41618     31.500     5.8971     5.9028    1.36766    1.37179          1     3.3532     3.1290      14.13      0.491     0.3691     0.1715  4.791e-01  0.1426000    12.7999    12.8397     0.0398     0.0057    10.0647    10.0956     31.214     31.873    1446.90    1446.98     6.9813     7.0809    87.0050    88.2820  0.000e+00
      41640     32.000     6.0010     6.0032    1.42177    1.42419          1     3.3528     3.1289      13.67      0.529     0.3544     0.2098  4.459e-01  0.1497000    13.3087    13.3323     0.0236     0.0022    10.4581    10.4765     31.709     32.377    1447.99    1448.03     6.9633     7.0903    87.2960    88.9070  0.000e+00
      41667     32.500     5.9955     5.9952    1.45633    1.45725          1     3.3593     3.1351      13.12      0.494     0.3401     0.2272  4.117e-01  0.2257000    13.6619    13.6714     0.0095    -0.0004    10.7365    10.7440     32.205     32.881    1448.42    1448.43     7.0004     7.1443    87.9550    89.7680  0.000e+00
      41695     33.000     5.9011     5.9016    1.48768    1.48835          1     3.3696     3.1447      12.60      0.429     0.3323     0.2112  3.767e-01  0.2099000    14.0200    14.0266     0.0066     0.0005    11.0251    11.0303     32.700     33.385    1448.48    1448.49     7.0297     7.1768    88.3280    90.1810  0.000e+00
      41720     33.500     5.8217     5.8229    1.52038    1.52083          1     3.3787     3.1534      12.11      0.453     0.3277     0.2471  3.456e-01  0.1471000    14.3882    14.3923     0.0041     0.0012    11.3207    11.3239     33.195     33.889    1448.61    1448.62     7.0858     7.2476    89.0760    91.1160  0.000e+00
      41744     34.000     5.8029     5.8022    1.53239    1.53315          1     3.3979     3.1695      11.62      0.494     0.3256     0.2657  3.154e-01  0.1528000    14.5195    14.5276     0.0081    -0.0008    11.4255    11.4319     33.691     34.392    1448.71    1448.71     7.1715     7.3343    90.1900    92.2410  0.000e+00
      41768     34.500     5.7383     5.7335    1.54778    1.54839          1     3.4167     3.1850      10.76      0.499     0.3275     0.2357  2.943e-01  0.1574000    14.7059    14.7142     0.0084    -0.0049    11.5769    11.5838     34.186     34.896    1448.68    1448.67     7.2010     7.3432    90.5300    92.3110  0.000e+00
      41795     35.000     5.5921     5.5905    1.55524    1.55559          1     3.4313     3.1956      10.36      0.462     0.3348     0.1857  2.758e-01  0.1618000    14.8470    14.8513     0.0043    -0.0016    11.6983    11.7018     34.682     35.399    1448.24    1448.24     7.1985     7.3112    90.2570    91.6690  0.000e+00
      41822     35.500     5.5871     5.5872    1.56693    1.56751          1     3.4254     3.1918      10.04      0.439     0.3388     0.2149  2.543e-01  0.1907000    14.9702    14.9762     0.0060     0.0000    11.7957    11.8005     35.177     35.903    1448.38    1448.39     7.0536     7.1408    88.5010    89.6000  0.000e+00
      41847     36.000     5.6366     5.6454    1.58084    1.58231          1     3.4041     3.1756       9.58      0.470     0.3505     0.2584  2.331e-01  0.1821000    15.0921    15.1034     0.0113     0.0088    11.8883    11.8966     35.672     36.406    1448.76    1448.81     6.9699     7.0474    87.6290    88.6300  0.000e+00
      41873     36.500     5.8251     5.8289    1.61866    1.61968          1     3.3907     3.1644       9.05      0.475     0.3175     0.2429  2.101e-01  0.1714000    15.3983    15.4071     0.0088     0.0038    12.1158    12.1225     36.168     36.909    1449.95    1449.97     6.9452     7.0425    87.9030    89.1480  0.000e+00
      41902     37.000     5.8474     5.8459    1.64920    1.64996          1     3.3868     3.1607       8.53      0.422     0.3076     0.2170  1.869e-01  0.1554000    15.7038    15.7124     0.0086    -0.0015    12.3548    12.3617     36.663     37.412    1450.43    1450.44     6.9566     7.0684    88.2740    89.6940  0.000e+00
      41933     37.500     5.8225     5.8221    1.66012    1.66046          1     3.3869     3.1608       8.01      0.399     0.3180     0.2016  1.649e-01  0.1790000    15.8283    15.8321     0.0038    -0.0004    12.4547    12.4577     37.159     37.915    1450.49    1450.50     6.9468     7.0642    88.1680    89.6600  0.000e+00
      41967     38.000     5.8098     5.8101    1.66808    1.66833          1     3.3738     3.1515       7.47      0.365     0.3244     0.1903  1.478e-01  0.2017000    15.9168    15.9192     0.0024     0.0003    12.5253    12.5272     37.654     38.418    1450.56    1450.56     6.8350     6.9305    86.7730    87.9880  0.000e+00
      42006     38.500     5.8626     5.8620    1.68393    1.68425          1     3.3461     3.1274       6.91      0.306     0.3324     0.2428  1.306e-01  0.1992000    16.0560    16.0595     0.0036    -0.0006    12.6309    12.6338     38.149     38.921    1450.96    1450.96     6.7530     6.8306    85.9220    86.9100  0.000e+00
      42049     39.000     5.8843     5.8846    1.69589    1.69605          1     3.3265     3.1077       6.40      0.282     0.3299     0.2181  1.181e-01  0.2073000    16.1696    16.1710     0.0014     0.0003    12.7187    12.7198     38.645     39.424    1451.21    1451.21     6.7283     6.8100    85.7180    86.7600  0.000e+00
      42103     39.500     5.9104     5.9081    1.70179    1.70159          1     3.3156     3.0944       5.88      0.218     0.3156     0.2163  1.066e-01  0.2077000    16.2180    16.2171    -0.0009    -0.0023    12.7548    12.7543     39.140     39.927    1451.38    1451.37     6.7357     6.8317    85.8950    87.1130  0.000e+00
      42160     40.000     5.9164     5.9168    1.70667    1.70663          1     3.3153     3.0937      17.22      0.218     0.3219     0.1760  9.557e-02  0.2220000    16.2656    16.2650    -0.0006     0.0004    12.7918    12.7913     39.636     40.430    1451.48    1451.48     6.7268     6.8527    85.8200    87.4270  0.000e+00
      42232     40.500     5.9694     5.9556    1.71563    1.71340          1     3.2983     3.0808       7.04      0.159     0.3168     0.2498  8.387e-02  0.2096000    16.3328    16.3163    -0.0165    -0.0138    12.8406    12.8287     40.131     40.933    1451.79    1451.71     6.6627     6.7647    85.1510    86.4150  0.000e+00
      42298     41.000     5.9746     5.9831    1.72629    1.72714          1     3.2922     3.0730      25.91      0.202     0.3135     0.2101  7.414e-02  0.2219000    16.4406    16.4453     0.0046     0.0085    12.9250    12.9280     40.626     41.435    1451.96    1452.00     6.6607     6.7568    85.1970    86.4470  0.000e+00
      42377     41.500     5.9288     5.9305    1.73280    1.73277          1     3.2970     3.0746      37.64      0.174     0.3104     0.2231  5.662e-02  0.2267000    16.5302    16.5291    -0.0011     0.0016    12.9991    12.9981     41.122     41.938    1451.89    1451.89     6.6781     6.7785    85.3750    86.6610  0.000e+00
      42471     42.000     5.9240     5.9238    1.73810    1.73853          1     3.3074     3.0853      10.30      0.139     0.3228     0.2179  5.304e-02  0.2338000    16.5874    16.5920     0.0046    -0.0002    13.0445    13.0482     41.617     42.441    1451.94    1451.95     6.7272     6.8542    86.0250    87.6520  0.000e+00
      42562     42.500     5.9296     5.9297    1.74758    1.74815          1     3.2928     3.0742       2.98      0.129     0.3190     0.2088  4.578e-02  0.2633000    16.6830    16.6888     0.0058     0.0001    13.1193    13.1239     42.113     42.944    1452.10    1452.10     6.6326     6.7324    84.8800    86.1600  0.000e+00
      42641     43.000     5.9578     5.9561    1.76173    1.76158          1     3.2697     3.0541     104.59      0.191     0.3146     0.1973  3.250e-02  0.3541000    16.8159    16.8152    -0.0007    -0.0017    13.2217    13.2213     42.608     43.446    1452.39    1452.38     6.5793     6.6963    84.3310    85.8260  0.000e+00
      42961     43.500     5.9433     5.9357    1.77278    1.75834          1     3.2687     3.0587       8.29     -0.055     0.3276     0.2335  2.123e-02  0.3627000    16.9378    16.7915    -0.1463    -0.0076    13.3188    13.2043     43.103     43.949    1452.49    1452.27     6.6037     6.7709    84.6810    86.7250  0.000e+00
