ctdpy/tests/etc/all_smhi_bas_2018/SBE09_0827_20180829_1222_26_01_0936.cnv
* Sea-Bird SBE 9 Data File:
* FileName = D:\CTD_SBE911\DAT\26DA.2018.8.136.hex
* Software Version Seasave V 7.21d
* Temperature SN = 034605
* Conductivity SN = 041844
* Number of Bytes Per Scan = 48
* Number of Voltage Words = 5
* Number of Scans Averaged by the Deck Unit = 1
* NMEA Latitude = 57 00.22 N
* NMEA Longitude = 012 12.63 E
* NMEA UTC (Time) = Aug 29 2018  12:24:46
* NMEA baud rate = 4800
** Ship: DANA
** Average sound velocity: 1500.83 m/s
** True-depth calculation Wed, 24 Apr 2019 11:51:58 +0000
** CTD Python Module SMHI /ver 3-12/ feb 2012 
** LIMS Job: 20182601-0936
**  GALTABÆCK
** Operator: Christian
** Cruise: 08/2018
# nquan = 26
# nvalues = 64                          
# units = specified
# name 0 = scan: Scan Count
# name 1 = prDM: Pressure, Digiquartz [db]
# name 2 = t090C: Temperature [ITS-90, deg C]
# name 3 = t190C: Temperature, 2 [ITS-90, deg C]
# name 4 = T2-T190C: Temperature Difference, 2 - 1 [ITS-90, deg C]
# name 5 = c0S/m: Conductivity [S/m]
# name 6 = c1S/m: Conductivity, 2 [S/m]
# name 7 = pumps: Pump Status
# name 8 = sbeox1ML/L: Oxygen, SBE 43, 2 [ml/l]
# name 9 = sbeox0ML/L: Oxygen, SBE 43 [ml/l]
# name 10 = altM: Altimeter [m]
# name 11 = chloroflTC0: Chlorophyll, Turner Cyclops [ug/l]
# name 12 = cpar: CPAR/Corrected Irradiance [%]
# name 13 = par: PAR/Irradiance, Biospherical/Lico [µE/(cm^2*s)]
# name 14 = spar: SPAR, Biospherical/Licor
# name 15 = sal00: Salinity, Practical [PSU]
# name 16 = sal11: Salinity, Practical, 2 [PSU]
# name 17 = secS-priS: Salinity, Practical, Difference, 2 - 1 [PSU]
# name 18 = sigma-t00: Density [sigma-t, kg/m^3 ]
# name 19 = sigma-t11: Density, 2 [sigma-t, kg/m^3 ]
# name 20 = depSM: Depth [salt water, m], lat = 57.0037
# name 21 = depFM: Depth [true depth, m], lat = 57.0037
# name 22 = dz/dtM: Descent Rate [m/s], WS = 2
# name 23 = svCM: Sound Velocity [Chen-Millero, m/s]
# name 24 = svCM1: Sound Velocity, 2 [Chen-Millero, m/s]
# name 25 = flag: flag
# span 0 =        260,       4096       
# span 1 =      1.500,     33.000       
# span 2 =    11.0885,    18.1496       
# span 3 =    11.2109,    18.1258       
# span 4 =    -0.0728,     1.8410       
# span 5 =   3.189739,   3.945010       
# span 6 =   3.190969,   3.927578       
# span 7 =          1,          1       
# span 8 =     4.6495,     6.0545       
# span 9 =     4.5773,     5.7586       
# span 10 =       2.11,       9.98      
# span 11 =     0.0548,     0.8794      
# span 12 = 2.0035e-02, 8.4944e+00      
# span 13 = 2.0787e-01, 9.2827e+01      
# span 14 = 1.0375e+03, 1.0928e+03      
# span 15 =    23.2808,    32.9169      
# span 16 =    23.2930,    32.9057      
# span 17 =    -2.4614,     0.0122      
# span 18 =    16.2912,    25.1380      
# span 19 =    16.3014,    25.1074      
# span 20 =      1.486,     32.694      
# span 21 =      1.503,     32.954      
# span 22 =     -0.084,      0.287      
# span 23 =    1491.71,    1507.23      
# span 24 =    1492.13,    1506.86      
# span 25 = 0.0000e+00, 0.0000e+00      
# interval = decibars: 0.5              
# start_time = Aug 29 2018 12:24:47 [NMEA time, first data scan]
# bad_flag = -9.990e-29
*END*
[from data line 56]
       3182     29.500    12.0106    12.1449     0.1343    3.76623    3.77882          1     4.9037     4.7880       5.05     0.0557  4.495e-02  4.738e-01  1.054e+03    32.7069    32.7107     0.0038    24.8066    24.7844     29.227     29.476      0.234    1494.61    1495.07  0.000e+00
       3235     30.000    11.8942    12.1048     0.2106    3.75771    3.77596          1     4.8961     4.7841       5.44     0.0584  4.081e-02  4.301e-01  1.054e+03    32.7263    32.7181    -0.0082    24.8433    24.7976     29.722     29.973      0.224    1494.24    1494.95  0.000e+00
       3287     30.500    11.8526    12.0540     0.2014    3.75534    3.77204          1     4.8817     4.7542       4.09     0.0655  3.710e-02  3.904e-01  1.052e+03    32.7398    32.7246    -0.0152    24.8615    24.8122     30.218     30.470      0.232    1494.12    1494.79  0.000e+00
       3339     31.000    11.7689    11.9865     0.2176    3.75067    3.76831          1     4.8680     4.7560       4.04     0.0639  3.347e-02  3.521e-01  1.052e+03    32.7679    32.7476    -0.0203    24.8988    24.8427     30.713     30.967      0.238    1493.87    1494.60  0.000e+00
       3389     31.500    11.7317    11.9317     0.2002    3.74893    3.76369          1     4.8564     4.7392       4.00     0.0655  3.003e-02  3.157e-01  1.052e+03    32.7836    32.7507    -0.0329    24.9179    24.8553     31.208     31.464      0.236    1493.77    1494.42  0.000e+00
       3440     32.000    11.3328    11.8560     0.5231    3.72360    3.75918          1     4.8572     4.6019       2.12     0.0606  2.684e-02  2.818e-01  1.050e+03    32.8895    32.7734    -0.1161    25.0727    24.8870     31.704     31.961      0.240    1492.52    1494.20  0.000e+00
       3490     32.500    11.0885    11.6478     0.5595    3.70427    3.74689          1     4.8210     4.5773       2.61     0.0622  2.375e-02  2.494e-01  1.050e+03    32.9169    32.8375    -0.0794    25.1380    24.9752     32.199     32.457      0.223    1491.71    1493.56  0.000e+00
       4096     33.000    11.1019    11.2109     0.1088    3.70476    3.71426          1     4.6495     4.5931       2.11     0.0548  2.004e-02  2.079e-01  1.038e+03    32.9095    32.9057    -0.0037    25.1298    25.1074     32.694     32.954     -0.084    1491.75    1492.13  0.000e+00
