ctdpy/tests/etc/all_smhi_bas_2018/SBE09_1044_20180127_0559_34_02_0019.cnv
* Sea-Bird SBE 9 Data File:
* FileName = C:\ctd\temp\2018\ME18D019.hex
* Software Version Seasave V 7.26.6.26
* Temperature SN = 5351
* Conductivity SN = 3941
* Number of Bytes Per Scan = 41
* Number of Voltage Words = 4
* Number of Scans Averaged by the Deck Unit = 1
* NMEA Latitude = 55 13.00 N
* NMEA Longitude = 017 03.99 E
* NMEA UTC (Time) = Jan 27 2018  05:59:28
* NMEA baud rate = 4800
** Station:  BY7 Stolpe Ränna
** Operator:  JKro
** Ship: MERI
** Average sound velocity: 1441.18 m/s
** True-depth calculation Sat, 27 Jan 2018 06:50:53 +0000
** CTD Python Module SMHI /ver 3-12/ feb 2012 
** LIMS Job: 20183402-0019
** Cruise: SMHI-01-2018
** Latitude [GG MM.mm N] :
** Longitude [GG MM.mm E]:
# nquan = 26
# nvalues = 174                         
# units = specified
# name 0 = scan: Scan Count
# name 1 = prDM: Pressure, Digiquartz [db]
# name 2 = t090C: Temperature [ITS-90, deg C]
# name 3 = t190C: Temperature, 2 [ITS-90, deg C]
# name 4 = T2-T190C: Temperature Difference, 2 - 1 [ITS-90, deg C]
# name 5 = c0S/m: Conductivity [S/m]
# name 6 = c1S/m: Conductivity, 2 [S/m]
# name 7 = pumps: Pump Status
# name 8 = sbeox0ML/L: Oxygen, SBE 43 [ml/l]
# name 9 = sbeox1ML/L: Oxygen, SBE 43, 2 [ml/l]
# name 10 = altM: Altimeter [m]
# name 11 = flECO-AFL: Chl-a Fluorescence, WET Labs ECO-AFL/FL [mg/m^3]
# name 12 = flECO-AFL1: Phycocyanin Fluorescence, WET Labs ECO-AFL/FL, 2 [mg/m^3]
# name 13 = par: PAR/Irradiance, Biospherical/Lico [µE/(cm^2*s)]
# name 14 = turbWETntu0: Turbidity, WET Labs ECO [NTU]
# name 15 = sal00: Salinity, Practical [PSU]
# name 16 = sal11: Salinity, Practical, 2 [PSU]
# name 17 = secS-priS: Salinity, Practical, Difference, 2 - 1 [PSU]
# name 18 = sigma-t00: Density [sigma-t, Kg/m^3 ]
# name 19 = sigma-t11: Density, 2 [sigma-t, Kg/m^3 ]
# name 20 = depSM: Depth [salt water, m], lat = 55.2167
# name 21 = depFM: Depth [true depth, m], lat = 55.2167
# name 22 = dz/dtM: Descent Rate [m/s], WS = 2
# name 23 = svCM: Sound Velocity [Chen-Millero, m/s]
# name 24 = svCM1: Sound Velocity, 2 [Chen-Millero, m/s]
# name 25 = flag: flag
# span 0 =      14558,      19017       
# span 1 =      1.500,     88.000       
# span 2 =     4.2317,     8.1759       
# span 3 =     4.2320,     8.1760       
# span 4 =    -0.0084,     0.0190       
# span 5 =   0.777596,   1.442219       
# span 6 =   0.777483,   1.442171       
# span 7 =          1,          1       
# span 8 =    0.18816,    8.20711       
# span 9 =    0.27317,    8.17097       
# span 10 =       1.85,      91.77      
# span 11 =     0.2599,     0.7237      
# span 12 =     0.2168,     0.4106      
# span 13 = 1.0000e-12, 6.1896e-06      
# span 14 =     0.1061,     0.8505      
# span 15 =     7.3082,    12.6805      
# span 16 =     7.3074,    12.6800      
# span 17 =    -0.0151,     0.0034      
# span 18 =     5.8013,     9.7822      
# span 19 =     5.8007,     9.7817      
# span 20 =      1.486,     87.187      
# span 21 =      1.519,     88.990      
# span 22 =     -0.042,      0.667      
# span 23 =    1432.50,    1457.05      
# span 24 =    1432.49,    1457.05      
# span 25 = 0.0000e+00, 0.0000e+00      
# interval = decibars: 0.5              
# start_time = Jan 27 2018 05:59:28 [NMEA time, first data scan]
# bad_flag = -9.990e-29
*END*
[from data line 56]
      15930     29.500     4.2802     4.2807     0.0005    0.78184    0.78180          1     8.1602     8.1245      62.73     0.6354     0.3890  6.190e-06  0.1781000     7.3515     7.3510    -0.0005     5.8368     5.8364     29.231     29.873      0.469    1432.91    1432.91  0.000e+00
      15956     30.000     4.2858     4.2867     0.0009    0.78215    0.78212          1     8.1523     8.1076      62.26     0.6064     0.3874  1.017e-07  0.1609000     7.3533     7.3528    -0.0005     5.8381     5.8376     29.727     30.379      0.462    1432.95    1432.95  0.000e+00
      15982     30.500     4.2639     4.2666     0.0027    0.78199    0.78199          1     8.1519     8.1129      61.76     0.6376     0.3294  1.000e-12  0.1618000     7.3566     7.3560    -0.0006     5.8413     5.8407     30.222     30.886      0.481    1432.86    1432.87  0.000e+00
      16006     31.000     4.2459     4.2447    -0.0012    0.78187    0.78176          1     8.1424     8.1319      61.27     0.6267     0.2647  1.000e-12  0.1605000     7.3593     7.3585    -0.0008     5.8439     5.8433     30.718     31.392      0.481    1432.79    1432.78  0.000e+00
      16032     31.500     4.2898     4.2888    -0.0010    0.78329    0.78321          1     8.1624     8.1529      60.64     0.6431     0.3226  1.000e-12  0.1618000     7.3638     7.3632    -0.0006     5.8462     5.8458     31.213     31.898      0.436    1433.00    1433.00  0.000e+00
      16061     32.000     4.3252     4.3198    -0.0054    0.78448    0.78426          1     8.1723     8.1378      59.66     0.6709     0.3456  1.000e-12  0.1592000     7.3678     7.3668    -0.0010     5.8483     5.8477     31.708     32.405      0.445    1433.17    1433.15  0.000e+00
      16086     32.500     4.3509     4.3513     0.0004    0.78540    0.78536          1     8.1647     8.1265      59.50     0.6479     0.3012  1.000e-12  0.1540000     7.3712     7.3707    -0.0005     5.8504     5.8499     32.204     32.911      0.509    1433.30    1433.30  0.000e+00
      16108     33.000     4.3447     4.3450     0.0002    0.78546    0.78542          1     8.1593     8.1151      58.83     0.6267     0.3422  1.000e-12  0.1489000     7.3732     7.3727    -0.0005     5.8521     5.8517     32.699     33.417      0.531    1433.28    1433.28  0.000e+00
      16132     33.500     4.3439     4.3459     0.0020    0.78558    0.78560          1     8.1518     8.1131      58.40     0.6505     0.3247  1.000e-12  0.1544000     7.3745     7.3742    -0.0003     5.8532     5.8529     33.195     33.924      0.498    1433.29    1433.30  0.000e+00
      16157     34.000     4.3245     4.3315     0.0070    0.78508    0.78523          1     8.1608     8.1302      58.02     0.6396     0.3361  1.000e-12  0.1558000     7.3738     7.3736    -0.0001     5.8531     5.8528     33.690     34.430      0.467    1433.21    1433.24  0.000e+00
      16183     34.500     4.3129     4.3128    -0.0001    0.78478    0.78473          1     8.1551     8.1337      57.55     0.6500     0.3686  1.000e-12  0.1601000     7.3732     7.3727    -0.0005     5.8530     5.8526     34.186     34.936      0.457    1433.17    1433.16  0.000e+00
      16209     35.000     4.3068     4.3066    -0.0001    0.78464    0.78460          1     8.1655     8.1341      57.01     0.6277     0.3268  1.000e-12  0.1555000     7.3731     7.3728    -0.0003     5.8531     5.8528     34.681     35.443      0.455    1433.14    1433.14  0.000e+00
      16235     35.500     4.2971     4.3002     0.0031    0.78445    0.78446          1     8.1781     8.1344      56.31     0.6759     0.3220  1.000e-12  0.1665000     7.3733     7.3728    -0.0006     5.8535     5.8530     35.176     35.949      0.480    1433.11    1433.12  0.000e+00
      16259     36.000     4.3058     4.3098     0.0040    0.78472    0.78478          1     8.1489     8.1146      55.13     0.6508     0.3639  1.000e-12  0.1485000     7.3740     7.3738    -0.0003     5.8539     5.8535     35.672     36.455      0.519    1433.16    1433.17  0.000e+00
      16282     36.500     4.2540     4.2621     0.0080    0.78337    0.78356          1     8.1402     8.1064      54.43     0.6510     0.3718  1.000e-12  0.1645000     7.3720     7.3721     0.0001     5.8537     5.8536     36.167     36.961      0.521    1432.93    1432.97  0.000e+00
      16306     37.000     4.2317     4.2320     0.0003    0.78287    0.78281          1     8.1471     8.1153      54.37     0.6226     0.3308  1.000e-12  0.1473000     7.3718     7.3712    -0.0006     5.8542     5.8537     36.662     37.468      0.473    1432.84    1432.84  0.000e+00
      16333     37.500     4.2438     4.2450     0.0012    0.78332    0.78329          1     8.1489     8.1268      52.95     0.6341     0.3116  1.000e-12  0.1623000     7.3736     7.3730    -0.0006     5.8553     5.8548     37.158     37.974      0.430    1432.90    1432.91  0.000e+00
      16361     38.000     4.2492     4.2499     0.0007    0.78358    0.78354          1     8.1460     8.1255      52.91     0.6275     0.3305  1.000e-12  0.1612000     7.3749     7.3743    -0.0006     5.8562     5.8558     37.653     38.480      0.459    1432.94    1432.94  0.000e+00
      16385     38.500     4.2508     4.2516     0.0007    0.78371    0.78367          1     8.1363     8.1070      52.72     0.6378     0.3173  1.000e-12  0.1562000     7.3759     7.3752    -0.0006     5.8569     5.8564     38.149     38.987      0.504    1432.95    1432.96  0.000e+00
      16409     39.000     4.2484     4.2491     0.0007    0.78379    0.78375          1     8.1254     8.0921      52.48     0.6087     0.3101  1.000e-12  0.1701000     7.3771     7.3766    -0.0006     5.8580     5.8575     38.644     39.493      0.507    1432.95    1432.95  0.000e+00
      16433     39.500     4.2469     4.2480     0.0011    0.78388    0.78385          1     8.1235     8.0880      52.14     0.6119     0.3277  1.000e-12  0.1730000     7.3783     7.3778    -0.0006     5.8590     5.8585     39.139     39.999      0.491    1432.95    1432.96  0.000e+00
      16457     40.000     4.2476     4.2481     0.0005    0.78410    0.78404          1     8.1066     8.0783      51.58     0.5962     0.3213  1.000e-12  0.1734000     7.3803     7.3796    -0.0008     5.8606     5.8599     39.635     40.506      0.484    1432.97    1432.97  0.000e+00
      16483     40.500     4.2460     4.2469     0.0009    0.78426    0.78423          1     8.1018     8.0690      50.82     0.5989     0.3559  1.000e-12  0.1694000     7.3822     7.3817    -0.0005     5.8621     5.8617     40.130     41.012      0.461    1432.97    1432.97  0.000e+00
      16509     41.000     4.2510     4.2515     0.0006    0.78453    0.78449          1     8.0942     8.0653      49.68     0.5843     0.3190  1.000e-12  0.1544000     7.3838     7.3832    -0.0006     5.8632     5.8627     40.626     41.518      0.453    1433.00    1433.00  0.000e+00
      16535     41.500     4.2558     4.2560     0.0002    0.78490    0.78484          1     8.0864     8.0599      46.78     0.5684     0.3436  1.000e-12  0.1869000     7.3863     7.3857    -0.0006     5.8651     5.8646     41.121     42.024      0.485    1433.04    1433.04  0.000e+00
      16559     42.000     4.2590     4.2598     0.0007    0.78545    0.78541          1     8.0801     8.0468      43.30     0.5746     0.3198  1.000e-12  0.1889000     7.3911     7.3906    -0.0006     5.8688     5.8683     41.616     42.531      0.498    1433.06    1433.07  0.000e+00
      16583     42.500     4.2619     4.2627     0.0008    0.78635    0.78628          1     8.0733     8.0568      45.17     0.5610     0.3765  1.000e-12  0.1778000     7.3995     7.3986    -0.0009     5.8753     5.8746     42.112     43.037      0.492    1433.10    1433.10  0.000e+00
      16608     43.000     4.2580     4.2591     0.0011    0.78749    0.78743          1     8.0602     8.0469      47.48     0.5611     0.3508  1.000e-12  0.1805000     7.4118     7.4110    -0.0008     5.8852     5.8846     42.607     43.543      0.486    1433.10    1433.11  0.000e+00
      16633     43.500     4.2558     4.2566     0.0008    0.78820    0.78817          1     8.0129     8.0015      47.93     0.5811     0.3741  1.000e-12  0.1815000     7.4195     7.4189    -0.0005     5.8914     5.8910     43.103     44.050      0.465    1433.11    1433.11  0.000e+00
      16660     44.000     4.2606     4.2606    -0.0000    0.78891    0.78881          1     7.9492     7.9456      47.46     0.5980     0.3365  1.000e-12  0.1822000     7.4255     7.4244    -0.0010     5.8960     5.8952     43.598     44.556      0.446    1433.15    1433.15  0.000e+00
      16686     44.500     4.2750     4.2783     0.0031    0.79017    0.79031          1     7.8730     7.8820      46.88     0.5849     0.3594  1.000e-12  0.1941000     7.4350     7.4355     0.0006     5.9031     5.9035     44.093     45.062      0.470    1433.23    1433.25  0.000e+00
      16711     45.000     4.3814     4.3773    -0.0038    0.79790    0.79748          1     7.5855     7.6637      46.42     0.5616     0.3590  1.000e-12  0.1731000     7.4887     7.4854    -0.0033     5.9426     5.9401     44.589     45.568      0.505    1433.78    1433.76  0.000e+00
      16734     45.500     4.5276     4.5269    -0.0008    0.80820    0.80814          1     7.1544     7.3092      45.87     0.5258     0.3269  1.000e-12  0.1575000     7.5590     7.5585    -0.0005     5.9937     5.9933     45.084     46.075      0.522    1434.53    1434.53  0.000e+00
      16757     46.000     4.6195     4.6158    -0.0037    0.81519    0.81484          1     6.7949     6.9749      45.26     0.4640     0.3159  1.000e-12  0.1640000     7.6080     7.6054    -0.0026     6.0295     6.0275     45.579     46.581      0.486    1435.01    1434.99  0.000e+00
      16784     46.500     4.6876     4.6849    -0.0027    0.82333    0.82293          1     6.4563     6.6439      44.65     0.4126     0.3163  1.000e-12  0.1638000     7.6738     7.6704    -0.0034     6.0792     6.0766     46.075     47.087      0.435    1435.40    1435.39  0.000e+00
      16812     47.000     4.7390     4.7367    -0.0023    0.83465    0.83408          1     5.9366     6.1845      43.86     0.4085     0.3041  1.000e-12  0.1556000     7.7751     7.7699    -0.0052     6.1577     6.1537     46.570     47.593      0.437    1435.77    1435.75  0.000e+00
      16838     47.500     4.8899     4.8862    -0.0038    0.86988    0.86827          1     4.8373     5.2662      43.39     0.3924     0.3131  1.000e-12  0.1588000     8.0915     8.0764    -0.0151     6.4024     6.3906     47.066     48.099      0.471    1436.85    1436.81  0.000e+00
      16863     48.000     5.0837     5.0752    -0.0084    0.90928    0.90838          1     3.3812     4.0442      43.11     0.3507     0.3376  1.000e-12  0.1689000     8.4373     8.4305    -0.0068     6.6678     6.6628     47.561     48.605      0.507    1438.14    1438.10  0.000e+00
      16886     48.500     5.3066     5.3028    -0.0038    0.94554    0.94487          1     2.1896     2.9755      42.56     0.3172     0.3334  1.000e-12  0.1690000     8.7416     8.7359    -0.0057     6.8982     6.8939     48.056     49.111      0.512    1439.51    1439.49  0.000e+00
      16911     49.000     5.4142     5.4145     0.0004    0.96982    0.96941          1     1.5199     2.2772      41.65     0.3088     0.3111  1.000e-12  0.1877000     8.9547     8.9506    -0.0042     7.0613     7.0581     48.552     49.617      0.460    1440.26    1440.25  0.000e+00
      16938     49.500     5.4213     5.4250     0.0037    0.98331    0.98299          1     1.3019     1.9439      40.85     0.2955     0.2699  1.000e-12  0.1951000     9.0871     9.0828    -0.0042     7.1655     7.1620     49.047     50.123      0.435    1440.46    1440.47  0.000e+00
      16965     50.000     5.4694     5.4660    -0.0034    0.99432    0.99384          1     1.3540     1.8657      40.69     0.2864     0.2581  1.000e-12  0.1465000     9.1835     9.1797    -0.0038     7.2391     7.2363     49.542     50.628      0.453    1440.80    1440.78  0.000e+00
      16991     50.500     5.4632     5.4663     0.0031    1.00451    1.00425          1     1.2574     1.6670      40.38     0.2779     0.2780  1.000e-12  0.1172000     9.2866     9.2832    -0.0035     7.3209     7.3180     50.038     51.134      0.479    1440.91    1440.92  0.000e+00
      17016     51.000     5.4151     5.4173     0.0022    1.01258    1.01240          1     1.0149     1.3838      39.89     0.2801     0.2694  1.000e-12  0.1095000     9.3804     9.3780    -0.0023     7.3974     7.3954     50.533     51.639      0.488    1440.83    1440.84  0.000e+00
      17040     51.500     5.3924     5.3929     0.0005    1.01808    1.01797          1     0.8600     1.1981      39.51     0.2990     0.2934  1.000e-12  0.1087000     9.4417     9.4404    -0.0013     7.4470     7.4459     51.028     52.145      0.490    1440.82    1440.82  0.000e+00
      17065     52.000     5.4072     5.4070    -0.0002    1.02321    1.02307          1     0.8124     1.1180      39.11     0.3096     0.3277  1.000e-12  0.1061000     9.4887     9.4873    -0.0014     7.4833     7.4823     51.524     52.650      0.485    1440.95    1440.95  0.000e+00
      17090     52.500     5.4513     5.4485    -0.0028    1.02984    1.02947          1     0.8440     1.0912      38.66     0.3018     0.2833  1.000e-12  0.1168000     9.5424     9.5395    -0.0029     7.5234     7.5213     52.019     53.156      0.442    1441.22    1441.20  0.000e+00
      17119     53.000     5.5056     5.5061     0.0005    1.04064    1.04025          1     0.8316     1.0213      38.11     0.3030     0.2573  1.000e-12  0.1345000     9.6347     9.6306    -0.0040     7.5934     7.5902     52.515     53.661      0.428    1441.58    1441.57  0.000e+00
      17145     53.500     5.4975     5.4982     0.0007    1.04596    1.04586          1     0.7240     0.9026      37.60     0.2988     0.3075  1.000e-12  0.1365000     9.6901     9.6889    -0.0012     7.6375     7.6366     53.010     54.167      0.498    1441.62    1441.62  0.000e+00
      17168     54.000     5.4966     5.4968     0.0002    1.04916    1.04902          1     0.6569     0.8267      36.63     0.2948     0.3050  1.000e-12  0.1500000     9.7222     9.7208    -0.0014     7.6630     7.6618     53.505     54.672      0.514    1441.67    1441.66  0.000e+00
      17192     54.500     5.5078     5.5074    -0.0004    1.05347    1.05331          1     0.6616     0.8016      36.36     0.2969     0.2807  1.000e-12  0.1606000     9.7620     9.7605    -0.0015     7.6937     7.6926     54.001     55.178      0.467    1441.77    1441.77  0.000e+00
      17219     55.000     5.5277     5.5269    -0.0008    1.05847    1.05827          1     0.6606     0.7761      35.83     0.3111     0.3153  1.000e-12  0.1750000     9.8061     9.8043    -0.0018     7.7275     7.7261     54.496     55.683      0.444    1441.92    1441.92  0.000e+00
      17246     55.500     5.5484     5.5481    -0.0002    1.06471    1.06454          1     0.6164     0.7304      35.27     0.3213     0.2974  1.000e-12  0.1690000     9.8623     9.8606    -0.0017     7.7707     7.7694     54.991     56.188      0.455    1442.09    1442.09  0.000e+00
      17272     56.000     5.5536     5.5540     0.0003    1.06899    1.06886          1     0.5305     0.6451      34.88     0.3130     0.2662  1.000e-12  0.1732000     9.9035     9.9020    -0.0014     7.8029     7.8017     55.487     56.694      0.470    1442.17    1442.17  0.000e+00
      17297     56.500     5.5560     5.5556    -0.0003    1.07295    1.07281          1     0.4161     0.5355      34.43     0.3090     0.2775  1.000e-12  0.1665000     9.9422     9.9409    -0.0013     7.8334     7.8323     55.982     57.199      0.496    1442.24    1442.24  0.000e+00
