ctdpy/tests/etc/all_smhi_bas_2018/SBE09_0827_20180823_1639_26_01_0870.cnv
* Sea-Bird SBE 9 Data File:
* FileName = D:\CTD_SBE911\DAT\26DA.2018.8.70.hex
* Software Version Seasave V 7.21d
* Temperature SN = 034605
* Conductivity SN = 041844
* Number of Bytes Per Scan = 48
* Number of Voltage Words = 5
* Number of Scans Averaged by the Deck Unit = 1
* NMEA Latitude = 58 00.51 N
* NMEA Longitude = 009 49.63 E
* NMEA UTC (Time) = Aug 23 2018  16:41:51
* NMEA baud rate = 4800
** Ship: DANA
** Average sound velocity: 1487.29 m/s
** True-depth calculation Thu, 28 Mar 2019 09:26:06 +0000
** CTD Python Module SMHI /ver 3-12/ feb 2012 
** LIMS Job: 20182601-0870
**  27 N HIRTSHALS
** Operator: Christian
** Cruise: 08/2018
# nquan = 26
# nvalues = 285                         
# units = specified
# name 0 = scan: Scan Count
# name 1 = prDM: Pressure, Digiquartz [db]
# name 2 = t090C: Temperature [ITS-90, deg C]
# name 3 = t190C: Temperature, 2 [ITS-90, deg C]
# name 4 = T2-T190C: Temperature Difference, 2 - 1 [ITS-90, deg C]
# name 5 = c0S/m: Conductivity [S/m]
# name 6 = c1S/m: Conductivity, 2 [S/m]
# name 7 = pumps: Pump Status
# name 8 = sbeox1ML/L: Oxygen, SBE 43, 2 [ml/l]
# name 9 = sbeox0ML/L: Oxygen, SBE 43 [ml/l]
# name 10 = altM: Altimeter [m]
# name 11 = chloroflTC0: Chlorophyll, Turner Cyclops [ug/l]
# name 12 = cpar: CPAR/Corrected Irradiance [%]
# name 13 = par: PAR/Irradiance, Biospherical/Lico [µE/(cm^2*s)]
# name 14 = spar: SPAR, Biospherical/Licor
# name 15 = sal00: Salinity, Practical [PSU]
# name 16 = sal11: Salinity, Practical, 2 [PSU]
# name 17 = secS-priS: Salinity, Practical, Difference, 2 - 1 [PSU]
# name 18 = sigma-t00: Density [sigma-t, kg/m^3 ]
# name 19 = sigma-t11: Density, 2 [sigma-t, kg/m^3 ]
# name 20 = depSM: Depth [salt water, m], lat = 58.0085
# name 21 = depFM: Depth [true depth, m], lat = 58.0085
# name 22 = dz/dtM: Descent Rate [m/s], WS = 2
# name 23 = svCM: Sound Velocity [Chen-Millero, m/s]
# name 24 = svCM1: Sound Velocity, 2 [Chen-Millero, m/s]
# name 25 = flag: flag
# span 0 =        340,      13402       
# span 1 =      1.500,    143.500       
# span 2 =     6.9075,    17.4993       
# span 3 =     6.9050,    17.4907       
# span 4 =    -1.6241,     0.3871       
# span 5 =   3.536675,   4.313972       
# span 6 =   3.536139,   4.312934       
# span 7 =          1,          1       
# span 8 =     4.8959,     6.5652       
# span 9 =     4.9150,     6.3457       
# span 10 =      -0.12,       9.98      
# span 11 =     0.0374,     0.3195      
# span 12 = -1.364e-05, 7.8813e+00      
# span 13 = -1.330e-05, 8.0028e+00      
# span 14 = 7.1079e+01, 1.0154e+02      
# span 15 =    31.4063,    35.1249      
# span 16 =    31.4147,    35.1524      
# span 17 =    -0.7189,     0.1750      
# span 18 =    22.6451,    27.5207      
# span 19 =    22.6508,    27.5243      
# span 20 =      1.486,    142.121      
# span 21 =      1.494,    142.374      
# span 22 =     -0.586,      0.539      
# span 23 =    1480.32,    1511.95      
# span 24 =    1480.32,    1511.95      
# span 25 = 0.0000e+00, 0.0000e+00      
# interval = decibars: 0.5              
# start_time = Aug 23 2018 16:41:52 [NMEA time, first data scan]
# bad_flag = -9.990e-29
*END*
[from data line 223]
      10075    113.000     6.9520     6.9458    -0.0062    3.53834    3.53828          1     5.5641     5.6602       9.97     0.0390  1.331e-12  1.000e-12  7.514e+01    35.1009    35.1066     0.0056    27.5051    27.5104    111.922    112.141      0.451    1480.45    1480.44  0.000e+00
      10102    113.500     6.9483     6.9454    -0.0029    3.53808    3.53814          1     5.5577     5.6390       9.97     0.0395  1.335e-12  1.000e-12  7.491e+01    35.1016    35.1052     0.0035    27.5061    27.5093    112.417    112.636      0.450    1480.45    1480.44  0.000e+00
      10128    114.000     6.9472     6.9395    -0.0078    3.53803    3.53791          1     5.5595     5.6398       9.97     0.0391  1.354e-12  1.000e-12  7.386e+01    35.1018    35.1085     0.0066    27.5064    27.5128    112.912    113.132      0.486    1480.45    1480.43  0.000e+00
      10152    114.500     6.9418     6.9363    -0.0054    3.53763    3.53757          1     5.5665     5.6465       9.97     0.0391  1.363e-12  1.000e-12  7.335e+01    35.1028    35.1077     0.0050    27.5080    27.5126    113.407    113.628      0.522    1480.44    1480.43  0.000e+00
      10175    115.000     6.9392     6.9364    -0.0028    3.53746    3.53758          1     5.5757     5.6484       9.97     0.0391  1.368e-12  1.000e-12  7.311e+01    35.1033    35.1075     0.0042    27.5087    27.5124    113.903    114.123      0.514    1480.44    1480.43  0.000e+00
      10199    115.500     6.9388     6.9370    -0.0018    3.53747    3.53761          1     5.5782     5.6568       9.97     0.0391  1.368e-12  1.000e-12  7.311e+01    35.1036    35.1069     0.0034    27.5090    27.5119    114.398    114.619      0.471    1480.45    1480.44  0.000e+00
      10226    116.000     6.9402     6.9383    -0.0018    3.53753    3.53771          1     5.5768     5.6554       9.97     0.0394  1.368e-12  1.000e-12  7.311e+01    35.1026    35.1065     0.0039    27.5080    27.5113    114.893    115.115      0.442    1480.46    1480.46  0.000e+00
      10252    116.500     6.9400     6.9375    -0.0026    3.53756    3.53768          1     5.5651     5.6574       9.97     0.0387  1.368e-12  1.000e-12  7.311e+01    35.1028    35.1067     0.0040    27.5082    27.5117    115.388    115.610      0.479    1480.47    1480.46  0.000e+00
      10276    117.000     6.9387     6.9367    -0.0020    3.53749    3.53765          1     5.5564     5.6665       9.97     0.0396  1.368e-12  1.000e-12  7.311e+01    35.1031    35.1069     0.0038    27.5086    27.5119    115.883    116.106      0.530    1480.47    1480.47  0.000e+00
      10298    117.500     6.9376     6.9344    -0.0032    3.53741    3.53748          1     5.5553     5.6615       9.97     0.0392  1.368e-12  1.000e-12  7.311e+01    35.1031    35.1072     0.0041    27.5088    27.5124    116.378    116.602      0.539    1480.47    1480.47  0.000e+00
      10321    118.000     6.9367     6.9350    -0.0018    3.53739    3.53750          1     5.5534     5.6471       9.97     0.0389  1.368e-12  1.000e-12  7.311e+01    35.1034    35.1066     0.0031    27.5092    27.5119    116.873    117.097      0.504    1480.48    1480.48  0.000e+00
      10346    118.500     6.9378     6.9372    -0.0006    3.53749    3.53769          1     5.5607     5.6405       9.97     0.0396  1.371e-12  1.000e-12  7.296e+01    35.1033    35.1061     0.0028    27.5089    27.5112    117.368    117.593      0.452    1480.49    1480.49  0.000e+00
      10374    119.000     6.9379     6.9355    -0.0024    3.53751    3.53761          1     5.5519     5.6485       9.97     0.0388  1.368e-12  1.000e-12  7.311e+01    35.1031    35.1068     0.0036    27.5087    27.5120    117.863    118.088      0.442    1480.50    1480.49  0.000e+00
      10400    119.500     6.9369     6.9349    -0.0019    3.53744    3.53757          1     5.5430     5.6555       9.97     0.0392  1.368e-12  1.000e-12  7.311e+01    35.1031    35.1066     0.0035    27.5089    27.5119    118.358    118.584      0.472    1480.50    1480.50  0.000e+00
      10424    120.000     6.9365     6.9344    -0.0021    3.53744    3.53755          1     5.5562     5.6601       9.97     0.0394  1.368e-12  1.000e-12  7.311e+01    35.1033    35.1066     0.0033    27.5091    27.5120    118.853    119.080      0.500    1480.51    1480.51  0.000e+00
      10448    120.500     6.9363     6.9343    -0.0019    3.53743    3.53754          1     5.5674     5.6627       9.97     0.0381  1.368e-12  1.000e-12  7.311e+01    35.1032    35.1064     0.0032    27.5090    27.5118    119.348    119.575      0.512    1480.52    1480.52  0.000e+00
      10472    121.000     6.9363     6.9344    -0.0019    3.53745    3.53758          1     5.5698     5.6518       9.97     0.0388  1.368e-12  1.000e-12  7.311e+01    35.1031    35.1065     0.0033    27.5090    27.5119    119.843    120.071      0.497    1480.53    1480.52  0.000e+00
      10497    121.500     6.9359     6.9341    -0.0019    3.53745    3.53756          1     5.5712     5.6420       9.97     0.0394  1.368e-12  1.000e-12  7.311e+01    35.1032    35.1063     0.0031    27.5091    27.5118    120.339    120.567      0.466    1480.53    1480.53  0.000e+00
      10523    122.000     6.9357     6.9339    -0.0018    3.53744    3.53757          1     5.5611     5.6460       9.97     0.0395  1.368e-12  1.000e-12  7.311e+01    35.1031    35.1064     0.0032    27.5091    27.5119    120.834    121.062      0.452    1480.54    1480.54  0.000e+00
      10549    122.500     6.9358     6.9344    -0.0014    3.53749    3.53763          1     5.5577     5.6463       9.97     0.0392  1.368e-12  1.000e-12  7.311e+01    35.1033    35.1063     0.0030    27.5092    27.5118    121.329    121.558      0.473    1480.55    1480.55  0.000e+00
      10574    123.000     6.9363     6.9346    -0.0016    3.53757    3.53768          1     5.5615     5.6532       9.97     0.0390  1.368e-12  1.000e-12  7.311e+01    35.1035    35.1063     0.0029    27.5093    27.5117    121.824    122.054      0.510    1480.56    1480.56  0.000e+00
      10597    123.500     6.9361     6.9347    -0.0014    3.53758    3.53770          1     5.5639     5.6588       9.97     0.0381  1.368e-12  1.000e-12  7.311e+01    35.1035    35.1063     0.0028    27.5093    27.5117    122.319    122.549      0.514    1480.57    1480.57  0.000e+00
      10621    124.000     6.9365     6.9350    -0.0015    3.53763    3.53774          1     5.5718     5.6566       9.97     0.0389  1.368e-12  1.000e-12  7.311e+01    35.1034    35.1061     0.0027    27.5092    27.5115    122.814    123.045      0.478    1480.58    1480.58  0.000e+00
      10647    124.500     6.9367     6.9351    -0.0016    3.53766    3.53778          1     5.5730     5.6547       9.97     0.0380  1.368e-12  1.000e-12  7.311e+01    35.1033    35.1061     0.0029    27.5090    27.5115    123.309    123.540      0.437    1480.59    1480.58  0.000e+00
      10675    125.000     6.9361     6.9342    -0.0019    3.53766    3.53779          1     5.5689     5.6581       9.97     0.0386  1.368e-12  1.000e-12  7.311e+01    35.1036    35.1069     0.0033    27.5094    27.5123    123.804    124.036      0.439    1480.59    1480.59  0.000e+00
      10701    125.500     6.9355     6.9346    -0.0010    3.53767    3.53784          1     5.5659     5.6530       9.97     0.0391  1.368e-12  1.000e-12  7.311e+01    35.1041    35.1070     0.0029    27.5099    27.5123    124.299    124.532      0.476    1480.60    1480.60  0.000e+00
      10726    126.000     6.9364     6.9354    -0.0010    3.53776    3.53788          1     5.5686     5.6430       9.97     0.0383  1.369e-12  1.000e-12  7.303e+01    35.1039    35.1063     0.0024    27.5096    27.5116    124.794    125.027      0.489    1480.61    1480.61  0.000e+00
      10751    126.500     6.9370     6.9357    -0.0012    3.53780    3.53792          1     5.5643     5.6381       9.97     0.0386  1.368e-12  1.000e-12  7.311e+01    35.1034    35.1061     0.0027    27.5091    27.5114    125.289    125.523      0.479    1480.62    1480.62  0.000e+00
      10776    127.000     6.9372     6.9357    -0.0015    3.53783    3.53796          1     5.5601     5.6474       9.97     0.0398  1.368e-12  1.000e-12  7.311e+01    35.1034    35.1063     0.0029    27.5091    27.5116    125.784    126.019      0.453    1480.63    1480.63  0.000e+00
      10803    127.500     6.9359     6.9317    -0.0041    3.53793    3.53807          1     5.5630     5.6680       9.97     0.0393  1.368e-12  1.000e-12  7.311e+01    35.1055    35.1113     0.0058    27.5109    27.5161    126.279    126.514      0.445    1480.64    1480.63  0.000e+00
      10830    128.000     6.9320     6.9292    -0.0028    3.53803    3.53817          1     5.5714     5.6840       9.97     0.0394  1.368e-12  1.000e-12  7.311e+01    35.1103    35.1148     0.0045    27.5152    27.5192    126.774    127.010      0.468    1480.63    1480.63  0.000e+00
      10855    128.500     6.9311     6.9295    -0.0016    3.53807    3.53819          1     5.5735     5.6813       9.97     0.0380  1.368e-12  1.000e-12  7.311e+01    35.1115    35.1145     0.0029    27.5163    27.5188    127.269    127.505      0.497    1480.64    1480.64  0.000e+00
      10878    129.000     6.9309     6.9296    -0.0013    3.53814    3.53841          1     5.5657     5.6679       9.97     0.0379  1.368e-12  1.000e-12  7.311e+01    35.1122    35.1164     0.0042    27.5169    27.5204    127.765    128.001      0.498    1480.65    1480.65  0.000e+00
      10903    129.500     6.9313     6.9300    -0.0013    3.53837    3.53859          1     5.5821     5.6717       9.97     0.0386  1.368e-12  1.000e-12  7.311e+01    35.1140    35.1178     0.0038    27.5183    27.5215    128.260    128.497      0.473    1480.66    1480.66  0.000e+00
      10929    130.000     6.9317     6.9304    -0.0013    3.53857    3.53868          1     5.5946     5.6776       9.97     0.0387  1.368e-12  1.000e-12  7.311e+01    35.1157    35.1182     0.0025    27.5195    27.5217    128.755    128.992      0.458    1480.67    1480.67  0.000e+00
      10956    130.500     6.9319     6.9302    -0.0017    3.53852    3.53862          1     5.5975     5.6798       9.97     0.0379  1.368e-12  1.000e-12  7.311e+01    35.1146    35.1174     0.0028    27.5186    27.5211    129.250    129.488      0.461    1480.68    1480.68  0.000e+00
      10981    131.000     6.9304     6.9285    -0.0019    3.53839    3.53848          1     5.5968     5.6872       9.97     0.0385  1.374e-12  1.000e-12  7.277e+01    35.1144    35.1174     0.0029    27.5187    27.5213    129.745    129.984      0.487    1480.68    1480.68  0.000e+00
      11005    131.500     6.9302     6.9291    -0.0011    3.53842    3.53852          1     5.5944     5.6890       9.97     0.0374  1.369e-12  1.000e-12  7.302e+01    35.1147    35.1170     0.0023    27.5189    27.5209    130.240    130.479      0.502    1480.69    1480.69  0.000e+00
      11029    132.000     6.9305     6.9287    -0.0018    3.53845    3.53854          1     5.5937     5.6894       9.97     0.0378  1.368e-12  1.000e-12  7.311e+01    35.1145    35.1174     0.0028    27.5188    27.5213    130.735    130.975      0.477    1480.70    1480.70  0.000e+00
      11056    132.500     6.9287     6.9265    -0.0022    3.53837    3.53842          1     5.5858     5.6919       9.97     0.0378  1.368e-12  1.000e-12  7.311e+01    35.1151    35.1180     0.0029    27.5195    27.5221    131.230    131.471      0.430    1480.70    1480.70  0.000e+00
      11084    133.000     6.9268     6.9248    -0.0021    3.53821    3.53835          1     5.5828     5.6855       9.97     0.0381  1.368e-12  1.000e-12  7.311e+01    35.1151    35.1187     0.0036    27.5198    27.5229    131.725    131.966      0.432    1480.70    1480.70  0.000e+00
      11111    133.500     6.9270     6.9265    -0.0005    3.53833    3.53852          1     5.5908     5.6791       9.97     0.0393  1.368e-12  1.000e-12  7.311e+01    35.1159    35.1185     0.0026    27.5204    27.5225    132.220    132.462      0.482    1480.71    1480.72  0.000e+00
      11135    134.000     6.9282     6.9255    -0.0026    3.53847    3.53851          1     5.5896     5.6820       9.78     0.0391  1.373e-12  1.000e-12  7.286e+01    35.1161    35.1192     0.0031    27.5203    27.5232    132.715    132.957      0.508    1480.73    1480.72  0.000e+00
      11159    134.500     6.9279     6.9240    -0.0040    3.53848    3.53841          1     5.5902     5.6874       9.27     0.0389  1.375e-12  1.000e-12  7.273e+01    35.1161    35.1195     0.0033    27.5204    27.5236    133.210    133.453      0.478    1480.73    1480.72  0.000e+00
      11186    135.000     6.9247     6.9214    -0.0032    3.53812    3.53807          1     5.5909     5.6847       8.74     0.0393  1.389e-12  1.000e-12  7.200e+01    35.1153    35.1181     0.0028    27.5202    27.5229    133.705    133.949      0.416    1480.73    1480.72  0.000e+00
      11216    135.500     6.9238     6.9231    -0.0007    3.53807    3.53824          1     5.5918     5.6965       8.29     0.0391  1.395e-12  1.000e-12  7.168e+01    35.1154    35.1180     0.0026    27.5204    27.5225    134.200    134.444      0.417    1480.73    1480.73  0.000e+00
      11242    136.000     6.9217     6.9191    -0.0026    3.53784    3.53804          1     5.5899     5.6927       7.82     0.0387  1.399e-12  1.000e-12  7.150e+01    35.1147    35.1196     0.0048    27.5202    27.5243    134.695    134.940      0.500    1480.73    1480.73  0.000e+00
      11265    136.500     6.9188     6.9157    -0.0032    3.53755    3.53752          1     5.5935     5.6953       7.32     0.0389  1.392e-12  1.000e-12  7.184e+01    35.1142    35.1170     0.0029    27.5201    27.5228    135.190    135.436      0.538    1480.73    1480.72  0.000e+00
      11287    137.000     6.9176     6.9162    -0.0013    3.53743    3.53754          1     5.6006     5.6923       6.80     0.0382  1.394e-12  1.000e-12  7.176e+01    35.1140    35.1165     0.0025    27.5201    27.5223    135.685    135.931      0.518    1480.73    1480.73  0.000e+00
      11312    137.500     6.9187     6.9198     0.0011    3.53760    3.53797          1     5.6024     5.6899       6.30     0.0380  1.404e-12  1.000e-12  7.124e+01    35.1143    35.1173     0.0030    27.5203    27.5225    136.180    136.427      0.459    1480.74    1480.75  0.000e+00
      11339    138.000     6.9199     6.9191    -0.0009    3.53774    3.53793          1     5.6006     5.6864       5.81     0.0386  1.407e-12  1.000e-12  7.108e+01    35.1144    35.1175     0.0031    27.5202    27.5227    136.675    136.922      0.431    1480.76    1480.76  0.000e+00
      11366    138.500     6.9247     6.9217    -0.0030    3.53829    3.53812          1     5.5936     5.6829       5.31     0.0390  1.407e-12  1.000e-12  7.108e+01    35.1153    35.1167     0.0013    27.5202    27.5217    137.170    137.418      0.462    1480.78    1480.77  0.000e+00
      11391    139.000     6.9266     6.9266     0.0001    3.53847    3.53867          1     5.5878     5.6890       4.82     0.0385  1.407e-12  1.000e-12  7.108e+01    35.1153    35.1173     0.0021    27.5199    27.5215    137.665    137.914      0.491    1480.80    1480.80  0.000e+00
      11415    139.500     6.9269     6.9259    -0.0010    3.53855    3.53869          1     5.5835     5.6874       4.30     0.0384  1.407e-12  1.000e-12  7.108e+01    35.1155    35.1180     0.0025    27.5201    27.5222    138.160    138.409      0.499    1480.81    1480.81  0.000e+00
      11440    140.000     6.9272     6.9232    -0.0039    3.53860    3.53855          1     5.5876     5.6910       3.81     0.0391  1.407e-12  1.000e-12  7.108e+01    35.1155    35.1190     0.0035    27.5200    27.5233    138.655    138.905      0.476    1480.82    1480.81  0.000e+00
