ctdpy/tests/etc/all_smhi_bas_2018/SBE09_1044_20181206_2024_34_01_0159.cnv
* Sea-Bird SBE 9 Data File:
* FileName = C:\ctd\temp\ar18d159.hex
* Software Version Seasave V 7.26.7.107
* Temperature SN = 5351
* Conductivity SN = 3941
* Number of Bytes Per Scan = 41
* Number of Voltage Words = 4
* Number of Scans Averaged by the Deck Unit = 1
* NMEA Latitude = 54 58.27 N
* NMEA Longitude = 014 05.92 E
* NMEA UTC (Time) = Dec 06 2018  20:24:05
* NMEA baud rate = 4800
** Station:  BY2
** Operator:  ASkj
** Ship: ARANDA
** Average sound velocity: 1449.23 m/s
** True-depth calculation Sun, 09 Dec 2018 15:03:39 +0000
** CTD Python Module SMHI /ver 3-12/ feb 2012 
** LIMS Job: 20183401-0159
** Cruise: SMHI-7-2018
** Latitude [GG MM.mm N]:
** Longitude [GG MM.mm E]
# nquan = 26
# nvalues = 78                          
# units = specified
# name 0 = scan: Scan Count
# name 1 = prDM: Pressure, Digiquartz [db]
# name 2 = t090C: Temperature [ITS-90, deg C]
# name 3 = t190C: Temperature, 2 [ITS-90, deg C]
# name 4 = T2-T190C: Temperature Difference, 2 - 1 [ITS-90, deg C]
# name 5 = c0S/m: Conductivity [S/m]
# name 6 = c1S/m: Conductivity, 2 [S/m]
# name 7 = pumps: Pump Status
# name 8 = sbeox0ML/L: Oxygen, SBE 43 [ml/l]
# name 9 = sbeox1ML/L: Oxygen, SBE 43, 2 [ml/l]
# name 10 = altM: Altimeter [m]
# name 11 = flECO-AFL: Chl-a Fluorescence, WET Labs ECO-AFL/FL [mg/m^3]
# name 12 = flECO-AFL1: Phycocyanin Fluorescence, WET Labs ECO-AFL/FL, 2 [mg/m^3]
# name 13 = par: PAR/Irradiance, Biospherical/Lico [µE/(cm^2*s)]
# name 14 = turbWETntu0: Turbidity, WET Labs ECO [NTU]
# name 15 = sal00: Salinity, Practical [PSU]
# name 16 = sal11: Salinity, Practical, 2 [PSU]
# name 17 = secS-priS: Salinity, Practical, Difference, 2 - 1 [PSU]
# name 18 = sigma-t00: Density [sigma-t, Kg/m^3 ]
# name 19 = sigma-t11: Density, 2 [sigma-t, Kg/m^3 ]
# name 20 = depSM: Depth [salt water, m], lat = 54.9712
# name 21 = depFM: Depth [true depth, m], lat = 54.9712
# name 22 = dz/dtM: Descent Rate [m/s], WS = 2
# name 23 = svCM: Sound Velocity [Chen-Millero, m/s]
# name 24 = svCM1: Sound Velocity, 2 [Chen-Millero, m/s]
# name 25 = flag: flag
# span 0 =      65842,      71497       
# span 1 =      1.500,     40.000       
# span 2 =     7.7556,     8.9115       
# span 3 =     7.7564,     8.9082       
# span 4 =    -0.0265,     0.0067       
# span 5 =   0.960683,   1.166099       
# span 6 =   0.960681,   1.165487       
# span 7 =          1,          1       
# span 8 =    6.54045,    7.71939       
# span 9 =    6.54432,    7.73276       
# span 10 =       4.15,      77.94      
# span 11 =     0.6225,     1.2014      
# span 12 =     0.2839,     0.4384      
# span 13 = -1.157e-04, 3.5263e-01      
# span 14 =     0.2913,     0.4626      
# span 15 =     8.2828,     9.8753      
# span 16 =     8.2825,     9.8706      
# span 17 =    -0.0468,     0.0059      
# span 18 =     6.3792,     7.5201      
# span 19 =     6.3789,     7.5168      
# span 20 =      1.486,     39.636      
# span 21 =      1.518,     40.481      
# span 22 =     -0.006,      0.659      
# span 23 =    1448.56,    1455.78      
# span 24 =    1448.56,    1455.76      
# span 25 = 0.0000e+00, 0.0000e+00      
# interval = decibars: 0.5              
# start_time = Dec 06 2018 20:24:06 [NMEA time, first data scan]
# bad_flag = -9.990e-29
*END*
      65842      1.500     7.7619     7.7633     0.0015    0.96068    0.96068          1     7.7194     7.7248      55.02     1.1009     0.3330  3.526e-01  0.3067000     8.2829     8.2825    -0.0004     6.3793     6.3790      1.486      1.518      0.383    1448.56    1448.56  0.000e+00
      65955      2.000     7.7620     7.7632     0.0012    0.96070    0.96069          1     7.7124     7.7281      77.94     1.1133     0.3375  5.520e-02  0.3110000     8.2829     8.2826    -0.0003     6.3793     6.3790      1.982      2.024      0.371    1448.57    1448.57  0.000e+00
      66197      2.500     7.7618     7.7630     0.0011    0.96070    0.96069          1     7.7119     7.7208      59.08     1.1291     0.4079  2.596e-02  0.3037000     8.2829     8.2826    -0.0003     6.3794     6.3790      2.477      2.530      0.459    1448.57    1448.58  0.000e+00
      66215      3.000     7.7619     7.7631     0.0013    0.96071    0.96070          1     7.7138     7.7214      76.97     1.1267     0.3791  1.955e-02  0.3053000     8.2829     8.2825    -0.0003     6.3794     6.3790      2.973      3.036      0.460    1448.58    1448.59  0.000e+00
      66251      3.500     7.7618     7.7630     0.0013    0.96072    0.96071          1     7.7122     7.7300      38.77     1.1110     0.3823  8.312e-03  0.3049000     8.2829     8.2826    -0.0003     6.3794     6.3790      3.468      3.542      0.284    1448.59    1448.59  0.000e+00
      66287      4.000     7.7620     7.7635     0.0015    0.96073    0.96073          1     7.7083     7.7286      49.59     1.1264     0.3513 -1.157e-04  0.2992000     8.2829     8.2826    -0.0003     6.3793     6.3790      3.964      4.048      0.478    1448.60    1448.60  0.000e+00
      66311      4.500     7.7624     7.7633     0.0009    0.96074    0.96073          1     7.7073     7.7203      62.30     1.1198     0.3619  1.000e-12  0.3036000     8.2829     8.2826    -0.0003     6.3793     6.3790      4.459      4.554      0.475    1448.61    1448.61  0.000e+00
      66337      5.000     7.7619     7.7630     0.0011    0.96073    0.96073          1     7.7073     7.7204      40.33     1.1394     0.3778  1.000e-12  0.3199000     8.2829     8.2826    -0.0003     6.3794     6.3790      4.955      5.060      0.508    1448.61    1448.62  0.000e+00
      66358      5.500     7.7621     7.7632     0.0012    0.96074    0.96074          1     7.7093     7.7238      41.40     1.1317     0.3582  1.000e-12  0.3140000     8.2828     8.2826    -0.0003     6.3793     6.3790      5.450      5.566      0.582    1448.62    1448.63  0.000e+00
      66380      6.000     7.7623     7.7630     0.0007    0.96075    0.96074          1     7.7024     7.7279      40.86     1.1201     0.3409  1.000e-12  0.3117000     8.2828     8.2825    -0.0003     6.3793     6.3790      5.946      6.072      0.463    1448.63    1448.63  0.000e+00
      66414      6.500     7.7625     7.7635     0.0011    0.96076    0.96076          1     7.7037     7.7274      55.95     1.1371     0.3506  1.000e-12  0.3174000     8.2828     8.2825    -0.0003     6.3792     6.3789      6.441      6.579      0.361    1448.64    1448.64  0.000e+00
      66441      7.000     7.7624     7.7634     0.0010    0.96077    0.96076          1     7.7068     7.7221      49.18     1.1465     0.3275  1.000e-12  0.3125000     8.2828     8.2825    -0.0003     6.3793     6.3789      6.937      7.085      0.580    1448.65    1448.65  0.000e+00
      66458      7.500     7.7619     7.7627     0.0009    0.96077    0.96076          1     7.7089     7.7094      18.11     1.1347     0.3211  1.000e-12  0.3169000     8.2828     8.2825    -0.0003     6.3793     6.3790      7.432      7.591      0.659    1448.65    1448.66  0.000e+00
      66477      8.000     7.7618     7.7635     0.0018    0.96077    0.96079          1     7.7098     7.7099      40.77     1.1104     0.3217  1.000e-12  0.3045000     8.2829     8.2826    -0.0003     6.3793     6.3790      7.928      8.097      0.580    1448.66    1448.67  0.000e+00
      66503      8.500     7.7616     7.7627     0.0012    0.96078    0.96077          1     7.7121     7.7236      37.31     1.1089     0.3177  1.000e-12  0.3122000     8.2829     8.2825    -0.0004     6.3794     6.3790      8.423      8.603      0.403    1448.67    1448.67  0.000e+00
      66537      9.000     7.7616     7.7627     0.0011    0.96079    0.96078          1     7.7089     7.7291      36.62     1.1405     0.3257  1.000e-12  0.2913000     8.2829     8.2826    -0.0004     6.3794     6.3790      8.919      9.109      0.402    1448.68    1448.68  0.000e+00
      66561      9.500     7.7619     7.7631     0.0012    0.96080    0.96080          1     7.7031     7.7264      36.19     1.1555     0.3730  1.000e-12  0.2981000     8.2829     8.2826    -0.0003     6.3793     6.3790      9.414      9.615      0.583    1448.68    1448.69  0.000e+00
      66579     10.000     7.7621     7.7635     0.0015    0.96081    0.96081          1     7.7038     7.7263      35.80     1.1570     0.3949  1.000e-12  0.2987000     8.2829     8.2825    -0.0004     6.3793     6.3789      9.910     10.121      0.652    1448.69    1448.70  0.000e+00
      66598     10.500     7.7616     7.7627     0.0011    0.96081    0.96080          1     7.7082     7.7264      35.28     1.1088     0.3862  1.000e-12  0.3136000     8.2830     8.2826    -0.0004     6.3794     6.3791     10.405     10.627      0.611    1448.70    1448.70  0.000e+00
      66620     11.000     7.7612     7.7623     0.0011    0.96081    0.96081          1     7.7090     7.7268      34.78     1.0899     0.3574  1.000e-12  0.3185000     8.2829     8.2826    -0.0003     6.3795     6.3791     10.901     11.133      0.466    1448.71    1448.71  0.000e+00
      66651     11.500     7.7610     7.7622     0.0012    0.96082    0.96081          1     7.7065     7.7248      34.14     1.1410     0.3575  1.000e-12  0.3113000     8.2830     8.2826    -0.0003     6.3795     6.3791     11.396     11.639      0.399    1448.71    1448.72  0.000e+00
      66678     12.000     7.7610     7.7621     0.0011    0.96083    0.96082          1     7.7039     7.7225      33.60     1.1589     0.3411  1.000e-12  0.3384000     8.2830     8.2827    -0.0003     6.3795     6.3792     11.892     12.145      0.507    1448.72    1448.72  0.000e+00
      66699     12.500     7.7615     7.7629     0.0015    0.96084    0.96085          1     7.7047     7.7210      33.12     1.1574     0.3269  1.000e-12  0.3275000     8.2830     8.2827    -0.0003     6.3795     6.3791     12.387     12.651      0.595    1448.73    1448.74  0.000e+00
      66718     13.000     7.7616     7.7630     0.0013    0.96086    0.96086          1     7.7082     7.7254      32.66     1.1401     0.3329  1.000e-12  0.3133000     8.2830     8.2827    -0.0003     6.3795     6.3791     12.882     13.157      0.613    1448.74    1448.74  0.000e+00
      66739     13.500     7.7604     7.7618     0.0013    0.96084    0.96084          1     7.7113     7.7328      67.14     1.1106     0.3650  1.000e-12  0.3116000     8.2831     8.2827    -0.0003     6.3796     6.3793     13.378     13.663      0.542    1448.74    1448.75  0.000e+00
      66764     14.000     7.7592     7.7601     0.0010    0.96084    0.96083          1     7.7107     7.7240      32.42     1.1136     0.3481  1.000e-12  0.3201000     8.2833     8.2830    -0.0003     6.3799     6.3796     13.873     14.169      0.427    1448.75    1448.75  0.000e+00
      66794     14.500     7.7589     7.7601     0.0012    0.96084    0.96084          1     7.7008     7.7231      31.00     1.1593     0.3425  1.000e-12  0.3136000     8.2833     8.2830    -0.0003     6.3799     6.3796     14.369     14.675      0.430    1448.75    1448.76  0.000e+00
      66819     15.000     7.7599     7.7612     0.0012    0.96086    0.96086          1     7.7016     7.7224      30.46     1.2014     0.3685  1.000e-12  0.3215000     8.2832     8.2829    -0.0004     6.3798     6.3794     14.864     15.181      0.550    1448.76    1448.77  0.000e+00
      66839     15.500     7.7604     7.7610     0.0006    0.96088    0.96087          1     7.7066     7.7251      30.03     1.1446     0.3949  1.000e-12  0.3160000     8.2832     8.2829    -0.0003     6.3797     6.3795     15.360     15.687      0.607    1448.77    1448.78  0.000e+00
      66859     16.000     7.7615     7.7628     0.0013    0.96090    0.96090          1     7.7096     7.7283      29.52     1.1337     0.3837  1.000e-12  0.3210000     8.2830     8.2827    -0.0003     6.3795     6.3791     15.855     16.193      0.567    1448.79    1448.79  0.000e+00
      66882     16.500     7.7621     7.7632     0.0010    0.96092    0.96091          1     7.7044     7.7252      18.11     1.1234     0.3719  1.000e-12  0.3266000     8.2830     8.2827    -0.0003     6.3795     6.3791     16.351     16.699      0.464    1448.80    1448.80  0.000e+00
      66910     17.000     7.7614     7.7620     0.0006    0.96092    0.96091          1     7.7017     7.7209       5.75     1.1824     0.3379  1.000e-12  0.3110000     8.2831     8.2829    -0.0002     6.3796     6.3793     16.846     17.205      0.449    1448.80    1448.80  0.000e+00
      66935     17.500     7.7598     7.7613     0.0014    0.96091    0.96091          1     7.7046     7.7208      24.12     1.1485     0.3572  1.000e-12  0.3139000     8.2833     8.2830    -0.0003     6.3798     6.3795     17.342     17.711      0.552    1448.80    1448.81  0.000e+00
      66955     18.000     7.7599     7.7611     0.0012    0.96091    0.96091          1     7.7050     7.7200      27.30     1.1370     0.3848  1.000e-12  0.3118000     8.2833     8.2829    -0.0003     6.3798     6.3795     17.837     18.217      0.598    1448.81    1448.82  0.000e+00
      66975     18.500     7.7600     7.7613     0.0013    0.96093    0.96092          1     7.7076     7.7194      26.89     1.1332     0.3898  1.000e-12  0.3188000     8.2833     8.2829    -0.0004     6.3798     6.3795     18.332     18.723      0.518    1448.82    1448.83  0.000e+00
      67004     19.000     7.7600     7.7611     0.0011    0.96093    0.96092          1     7.7105     7.7233      26.29     1.1656     0.3647  1.000e-12  0.3127000     8.2833     8.2830    -0.0003     6.3798     6.3795     18.828     19.230      0.394    1448.83    1448.83  0.000e+00
      67033     19.500     7.7600     7.7611     0.0010    0.96094    0.96093          1     7.7068     7.7184      25.75     1.1773     0.3872  1.000e-12  0.2974000     8.2833     8.2830    -0.0003     6.3798     6.3795     19.323     19.736      0.506    1448.84    1448.84  0.000e+00
      67053     20.000     7.7602     7.7614     0.0012    0.96095    0.96095          1     7.7056     7.7139      25.34     1.1411     0.3669  1.000e-12  0.3071000     8.2833     8.2830    -0.0004     6.3798     6.3795     19.819     20.242      0.654    1448.85    1448.85  0.000e+00
      67070     20.500     7.7604     7.7616     0.0012    0.96097    0.96096          1     7.7077     7.7172      24.94     1.1078     0.3256  1.000e-12  0.3232000     8.2833     8.2830    -0.0003     6.3798     6.3795     20.314     20.748      0.655    1448.85    1448.86  0.000e+00
      67091     21.000     7.7602     7.7616     0.0013    0.96098    0.96097          1     7.7076     7.7249      24.32     1.0962     0.3359  1.000e-12  0.3450000     8.2834     8.2830    -0.0004     6.3799     6.3795     20.810     21.254      0.515    1448.86    1448.87  0.000e+00
      67120     21.500     7.7595     7.7609     0.0013    0.96099    0.96098          1     7.7026     7.7276      23.73     1.1151     0.3503  1.000e-12  0.3007000     8.2836     8.2832    -0.0004     6.3801     6.3797     21.305     21.760      0.381    1448.87    1448.87  0.000e+00
      67150     22.000     7.7592     7.7603     0.0010    0.96101    0.96101          1     7.7075     7.7271      23.19     1.1409     0.3386  1.000e-12  0.3009000     8.2838     8.2835    -0.0003     6.3803     6.3800     21.801     22.266      0.504    1448.87    1448.88  0.000e+00
      67170     22.500     7.7595     7.7608     0.0013    0.96101    0.96101          1     7.7085     7.7212      22.74     1.1226     0.3819  1.000e-12  0.3107000     8.2836     8.2834    -0.0003     6.3801     6.3798     22.296     22.772      0.636    1448.88    1448.89  0.000e+00
      67188     23.000     7.7588     7.7601     0.0014    0.96104    0.96104          1     7.7065     7.7199      22.37     1.1112     0.4017  1.000e-12  0.3258000     8.2841     8.2837    -0.0004     6.3805     6.3801     22.791     23.278      0.635    1448.89    1448.89  0.000e+00
      67209     23.500     7.7592     7.7607     0.0015    0.96104    0.96103          1     7.7046     7.7258      21.84     1.1144     0.3659  1.000e-12  0.3173000     8.2839     8.2834    -0.0004     6.3803     6.3799     23.287     23.784      0.504    1448.90    1448.90  0.000e+00
      67238     24.000     7.7593     7.7609     0.0016    0.96102    0.96102          1     7.7088     7.7280      21.18     1.1429     0.3582  1.000e-12  0.3004000     8.2836     8.2832    -0.0005     6.3802     6.3797     23.782     24.290      0.405    1448.91    1448.91  0.000e+00
      67265     24.500     7.7588     7.7604     0.0016    0.96105    0.96103          1     7.7106     7.7275      20.64     1.1503     0.3385  1.000e-12  0.3079000     8.2840     8.2834    -0.0006     6.3805     6.3798     24.278     24.796      0.500    1448.91    1448.92  0.000e+00
      67287     25.000     7.7583     7.7597     0.0014    0.96106    0.96105          1     7.7163     7.7200      20.13     1.1312     0.4384  1.000e-12  0.3171000     8.2841     8.2837    -0.0004     6.3806     6.3802     24.773     25.302      0.559    1448.92    1448.92  0.000e+00
      67308     25.500     7.7587     7.7600     0.0013    0.96106    0.96106          1     7.7155     7.7193      19.68     1.1272     0.3854  1.000e-12  0.3250000     8.2839     8.2837    -0.0003     6.3804     6.3801     25.269     25.808      0.552    1448.93    1448.93  0.000e+00
      67331     26.000     7.7589     7.7600     0.0011    0.96107    0.96106          1     7.7137     7.7215      19.13     1.1283     0.3440  1.000e-12  0.3192000     8.2839     8.2836    -0.0003     6.3804     6.3800     25.764     26.314      0.510    1448.94    1448.94  0.000e+00
      67355     26.500     7.7588     7.7599     0.0011    0.96108    0.96108          1     7.7120     7.7236      18.57     1.1272     0.3566  1.000e-12  0.3045000     8.2840     8.2837    -0.0002     6.3804     6.3802     26.259     26.820      0.489    1448.94    1448.95  0.000e+00
      67380     27.000     7.7586     7.7594     0.0008    0.96111    0.96111          1     7.7084     7.7240      18.06     1.1440     0.3836  1.000e-12  0.3105000     8.2842     8.2840    -0.0002     6.3806     6.3804     26.755     27.326      0.503    1448.95    1448.96  0.000e+00
      67403     27.500     7.7556     7.7564     0.0008    0.96131    0.96128          1     7.7093     7.7256      17.53     1.1379     0.3733  1.000e-12  0.3128000     8.2867     8.2862    -0.0005     6.3829     6.3824     27.250     27.832      0.496    1448.95    1448.95  0.000e+00
      67428     28.000     7.7577     7.7576    -0.0001    0.96140    0.96138          1     7.7138     7.7251      17.03     1.1106     0.3648  1.000e-12  0.3043000     8.2870     8.2868    -0.0002     6.3829     6.3828     27.746     28.338      0.491    1448.97    1448.97  0.000e+00
      67452     28.500     7.7570     7.7582     0.0012    0.96147    0.96145          1     7.7170     7.7147      16.50     1.1318     0.3827  1.000e-12  0.3046000     8.2877     8.2872    -0.0005     6.3836     6.3831     28.241     28.844      0.522    1448.98    1448.98  0.000e+00
