ctdpy/tests/etc/all_smhi_bas_2018/SBE09_0827_20181124_1258_26_01_1236.cnv
* Sea-Bird SBE 9 Data File:
* FileName = D:\CTD_SBE911\DAT\26DA.2018.12.36.hex
* Software Version Seasave V 7.21d
* Temperature SN = 4548
* Conductivity SN = 3062
* Number of Bytes Per Scan = 48
* Number of Voltage Words = 5
* Number of Scans Averaged by the Deck Unit = 1
* NMEA Latitude = 58 02.51 N
* NMEA Longitude = 019 30.21 E
* NMEA UTC (Time) = Nov 24 2018  12:58:49
* NMEA baud rate = 4800
** Ship: DANA
** Average sound velocity: 1443.12 m/s
** True-depth calculation Tue, 02 Apr 2019 12:14:12 +0000
** CTD Python Module SMHI /ver 3-12/ feb 2012 
** LIMS Job: 20182601-1236
** Operator: Ronny
** Cruise: 12/2018
# nquan = 26
# nvalues = 201                         
# units = specified
# name 0 = scan: Scan Count
# name 1 = prDM: Pressure, Digiquartz [db]
# name 2 = t090C: Temperature [ITS-90, deg C]
# name 3 = t190C: Temperature, 2 [ITS-90, deg C]
# name 4 = T2-T190C: Temperature Difference, 2 - 1 [ITS-90, deg C]
# name 5 = c0S/m: Conductivity [S/m]
# name 6 = c1S/m: Conductivity, 2 [S/m]
# name 7 = pumps: Pump Status
# name 8 = sbeox1ML/L: Oxygen, SBE 43, 2 [ml/l]
# name 9 = sbeox0ML/L: Oxygen, SBE 43 [ml/l]
# name 10 = altM: Altimeter [m]
# name 11 = chloroflTC0: Chlorophyll, Turner Cyclops [ug/l]
# name 12 = cpar: CPAR/Corrected Irradiance [%]
# name 13 = par: PAR/Irradiance, Biospherical/Lico [µE/(cm^2*s)]
# name 14 = spar: SPAR, Biospherical/Licor
# name 15 = sal00: Salinity, Practical [PSU]
# name 16 = sal11: Salinity, Practical, 2 [PSU]
# name 17 = secS-priS: Salinity, Practical, Difference, 2 - 1 [PSU]
# name 18 = sigma-t00: Density [sigma-t, kg/m^3 ]
# name 19 = sigma-t11: Density, 2 [sigma-t, kg/m^3 ]
# name 20 = depSM: Depth [salt water, m], lat = 58.0418
# name 21 = depFM: Depth [true depth, m], lat = 58.0418
# name 22 = dz/dtM: Descent Rate [m/s], WS = 2
# name 23 = svCM: Sound Velocity [Chen-Millero, m/s]
# name 24 = svCM1: Sound Velocity, 2 [Chen-Millero, m/s]
# name 25 = flag: flag
# span 0 =        415,       9919       
# span 1 =      1.000,    101.000       
# span 2 =     3.9031,     8.4028       
# span 3 =     3.8857,     8.4066       
# span 4 =    -0.4999,     0.0696       
# span 5 =   0.792653,   1.272241       
# span 6 =   0.792269,   1.272573       
# span 7 =          1,          1       
# span 8 =     0.0930,     7.4595       
# span 9 =     0.0404,     7.6924       
# span 10 =       1.43,       9.98      
# span 11 =     0.0159,     0.0202      
# span 12 = -2.275e-05, 7.7007e+00      
# span 13 = -1.525e-05, 5.1739e+00      
# span 14 = 6.1155e+01, 7.1120e+01      
# span 15 =     6.8624,    11.6542      
# span 16 =     6.8623,    11.6554      
# span 17 =    -0.0277,     0.0841      
# span 18 =     5.2343,     9.1293      
# span 19 =     5.2342,     9.1298      
# span 20 =      0.991,    100.039      
# span 21 =      1.013,    102.222      
# span 22 =      0.190,      0.318      
# span 23 =    1432.02,    1449.95      
# span 24 =    1431.94,    1449.95      
# span 25 = 0.0000e+00, 0.0000e+00      
# interval = decibars: 0.5              
# start_time = Nov 24 2018 12:58:50 [NMEA time, first data scan]
# bad_flag = -9.990e-29
*END*
[from data line 112]
       5674     57.000     3.9034     3.9011    -0.0022    0.80212    0.80407          1     5.6145     5.8160       9.96     0.0159  1.492e-12  1.000e-12  6.702e+01     7.6402     7.6607     0.0205     6.0760     6.0923     56.464     57.744      0.249    1432.02    1432.04  0.000e+00
       5723     57.500     3.9031     3.8981    -0.0051    0.80381    0.80556          1     5.5588     5.7428       9.96     0.0159  1.492e-12  1.000e-12  6.702e+01     7.6575     7.6766     0.0191     6.0897     6.1050     56.959     58.250      0.233    1432.05    1432.06  0.000e+00
       5775     58.000     3.9065     3.9300     0.0235    0.80550    0.81020          1     5.4333     5.6813       9.96     0.0159  1.492e-12  1.000e-12  6.702e+01     7.6739     7.7165     0.0426     6.1027     6.1360     57.454     58.756      0.246    1432.10    1432.26  0.000e+00
       5824     58.500     3.9291     3.9541     0.0250    0.81035    0.81747          1     5.1265     5.4834       9.96     0.0159  1.492e-12  1.000e-12  6.702e+01     7.7182     7.7851     0.0669     6.1373     6.1899     57.949     59.263      0.237    1432.26    1432.46  0.000e+00
       5875     59.000     3.9504     3.9747     0.0244    0.81625    0.82348          1     4.8487     5.1953       9.96     0.0159  1.499e-12  1.000e-12  6.671e+01     7.7735     7.8416     0.0681     6.1807     6.2342     58.445     59.769      0.241    1432.44    1432.64  0.000e+00
       5923     59.500     3.9701     3.9878     0.0177    0.82186    0.82793          1     4.6928     4.9610       9.96     0.0159  1.636e-12  1.000e-12  6.116e+01     7.8261     7.8840     0.0579     6.2220     6.2676     58.940     60.275      0.245    1432.60    1432.76  0.000e+00
       5972     60.000     3.9838     4.0022     0.0184    0.82639    0.83222          1     4.5544     4.7990       9.96     0.0159  1.491e-12  1.000e-12  6.706e+01     7.8691     7.9244     0.0552     6.2559     6.2993     59.435     60.781      0.253    1432.73    1432.88  0.000e+00
       6020     60.500     3.9980     4.0081     0.0100    0.83089    0.83426          1     4.4291     4.6327       9.96     0.0159  1.492e-12  1.000e-12  6.702e+01     7.9117     7.9437     0.0320     6.2893     6.3145     59.930     61.287      0.235    1432.85    1432.94  0.000e+00
       6069     61.000     4.0062     4.0140     0.0078    0.83310    0.83562          1     4.3751     4.5321       9.96     0.0159  1.492e-12  1.000e-12  6.702e+01     7.9323     7.9562     0.0239     6.3055     6.3242     60.426     61.793      0.284    1432.93    1432.99  0.000e+00
       6113     61.500     4.0129     4.0245     0.0116    0.83511    0.83717          1     4.3227     4.4582       9.96     0.0159  1.492e-12  1.000e-12  6.702e+01     7.9511     7.9694     0.0183     6.3202     6.3344     60.921     62.299      0.243    1432.99    1433.06  0.000e+00
       6163     62.000     4.0218     4.0287     0.0069    0.83688    0.83917          1     4.2568     4.4008       9.96     0.0159  1.492e-12  1.000e-12  6.702e+01     7.9670     7.9888     0.0218     6.3326     6.3498     61.416     62.805      0.259    1433.06    1433.12  0.000e+00
       6209     62.500     4.0271     4.0328     0.0056    0.83858    0.83996          1     4.2347     4.3549       9.96     0.0159  1.492e-12  1.000e-12  6.702e+01     7.9830     7.9957     0.0127     6.3452     6.3552     61.911     63.311      0.248    1433.11    1433.15  0.000e+00
       6258     63.000     4.0323     4.0377     0.0055    0.83974    0.84057          1     4.2024     4.3205       9.96     0.0159  1.492e-12  1.000e-12  6.702e+01     7.9936     8.0008     0.0072     6.3535     6.3590     62.406     63.817      0.247    1433.15    1433.19  0.000e+00
       6306     63.500     4.0376     4.0516     0.0139    0.84052    0.84207          1     4.1007     4.2785       9.96     0.0159  1.492e-12  1.000e-12  6.702e+01     8.0002     8.0126     0.0124     6.3586     6.3680     62.902     64.323      0.251    1433.19    1433.27  0.000e+00
       6354     64.000     4.0465     4.0618     0.0153    0.84166    0.84350          1     4.0094     4.1859       9.96     0.0159  1.492e-12  1.000e-12  6.702e+01     8.0096     8.0247     0.0151     6.3658     6.3774     63.397     64.830      0.254    1433.25    1433.34  0.000e+00
       6402     64.500     4.0636     4.1116     0.0480    0.84375    0.85115          1     3.8518     4.0777       9.96     0.0159  1.492e-12  1.000e-12  6.702e+01     8.0267     8.0906     0.0638     6.3789     6.4283     63.892     65.336      0.239    1433.36    1433.66  0.000e+00
       6453     65.000     4.0942     4.1206     0.0263    0.84982    0.85843          1     3.6962     3.9112       9.96     0.0159  1.492e-12  1.000e-12  6.702e+01     8.0813     8.1627     0.0815     6.4214     6.4853     64.387     65.842      0.257    1433.58    1433.80  0.000e+00
       6498     65.500     4.1296     4.1721     0.0424    0.85841    0.86392          1     3.5054     3.6821       9.96     0.0159  1.492e-12  1.000e-12  6.702e+01     8.1602     8.2059     0.0457     6.4831     6.5181     64.882     66.348      0.241    1433.84    1434.09  0.000e+00
       6552     66.000     4.1534     4.1822     0.0288    0.86254    0.86767          1     3.3057     3.5117       9.96     0.0159  1.492e-12  1.000e-12  6.702e+01     8.1964     8.2417     0.0453     6.5111     6.5462     65.378     66.854      0.249    1434.01    1434.19  0.000e+00
       6596     66.500     4.1764     4.2036     0.0271    0.86873    0.87334          1     3.2644     3.3669       9.96     0.0159  1.492e-12  1.000e-12  6.702e+01     8.2538     8.2941     0.0403     6.5560     6.5872     65.873     67.360      0.257    1434.19    1434.36  0.000e+00
       6652     67.000     4.1993     4.2325     0.0333    0.87250    0.87733          1     3.2299     3.3101       9.96     0.0159  1.492e-12  1.000e-12  6.702e+01     8.2866     8.3275     0.0409     6.5813     6.6128     66.368     67.865      0.226    1434.34    1434.54  0.000e+00
       6699     67.500     4.2426     4.2548     0.0122    0.87894    0.88034          1     3.1696     3.2301       9.96     0.0159  1.492e-12  1.000e-12  6.702e+01     8.3413     8.3525     0.0112     6.6234     6.6319     66.863     68.371      0.281    1434.61    1434.68  0.000e+00
       6745     68.000     4.2567     4.2591     0.0024    0.88188    0.88264          1     3.1037     3.1495       9.96     0.0159  1.492e-12  1.000e-12  6.702e+01     8.3676     8.3747     0.0071     6.6438     6.6494     67.359     68.877      0.231    1434.72    1434.74  0.000e+00
       6800     68.500     4.2690     4.2730     0.0040    0.88491    0.88544          1     3.0286     3.0794       9.96     0.0159  1.492e-12  1.000e-12  6.702e+01     8.3953     8.3997     0.0044     6.6654     6.6688     67.854     69.383      0.253    1434.82    1434.84  0.000e+00
       6845     69.000     4.2746     4.2757     0.0011    0.88723    0.88732          1     2.9899     3.0309       9.96     0.0160  1.492e-12  1.000e-12  6.702e+01     8.4175     8.4181     0.0006     6.6829     6.6833     68.349     69.889      0.244    1434.88    1434.88  0.000e+00
       6899     69.500     4.3001     4.3022     0.0021    0.89181    0.89174          1     2.9152     2.9345       9.96     0.0159  1.492e-12  1.000e-12  6.702e+01     8.4576     8.4563    -0.0013     6.7139     6.7128     68.844     70.395      0.244    1435.05    1435.06  0.000e+00
       6945     70.000     4.3532     4.3510    -0.0022    0.90140    0.90018          1     2.7728     2.7451       9.96     0.0159  1.492e-12  1.000e-12  6.702e+01     8.5417     8.5298    -0.0119     6.7788     6.7695     69.339     70.901      0.243    1435.40    1435.38  0.000e+00
       6998     70.500     4.4187     4.4171    -0.0016    0.91256    0.91127          1     2.5420     2.4667       9.96     0.0159  1.492e-12  1.000e-12  6.702e+01     8.6382     8.6255    -0.0127     6.8531     6.8431     69.835     71.407      0.244    1435.83    1435.80  0.000e+00
       7042     71.000     4.5812     4.5805    -0.0008    0.94045    0.93790          1     2.1821     1.9842       9.96     0.0159  1.492e-12  1.000e-12  6.702e+01     8.8788     8.8532    -0.0257     7.0379     7.0176     70.330     71.912      0.272    1436.86    1436.83  0.000e+00
       7092     71.500     4.6655     4.6659     0.0005    0.95331    0.95232          1     1.7382     1.6173       9.96     0.0159  1.492e-12  1.000e-12  6.702e+01     8.9868     8.9767    -0.0101     7.1202     7.1122     70.825     72.418      0.222    1437.38    1437.37  0.000e+00
       7142     72.000     4.7429     4.7458     0.0028    0.96654    0.96522          1     1.5348     1.4122       9.96     0.0159  1.492e-12  1.000e-12  6.702e+01     9.0998     9.0857    -0.0141     7.2065     7.1952     71.320     72.924      0.262    1437.87    1437.87  0.000e+00
       7190     72.500     4.9394     4.9367    -0.0027    0.99999    0.99718          1     1.1596     0.9279       9.96     0.0159  1.491e-12  1.000e-12  6.706e+01     9.3837     9.3561    -0.0277     7.4228     7.4010     71.815     73.429      0.236    1439.11    1439.06  0.000e+00
       7241     73.000     5.1309     5.1277    -0.0033    1.03249    1.02992          1     0.6174     0.4003       9.96     0.0159  1.487e-12  1.000e-12  6.726e+01     9.6574     9.6325    -0.0250     7.6304     7.6108     72.310     73.935      0.245    1440.30    1440.25  0.000e+00
       7290     73.500     5.1848     5.1830    -0.0018    1.04083    1.03972          1     0.3965     0.2734       9.96     0.0159  1.487e-12  1.000e-12  6.724e+01     9.7258     9.7152    -0.0106     7.6818     7.6735     72.806     74.440      0.255    1440.63    1440.61  0.000e+00
       7335     74.000     5.1983     5.1979    -0.0004    1.04335    1.04283          1     0.3573     0.2814       9.96     0.0159  1.486e-12  1.000e-12  6.731e+01     9.7472     9.7421    -0.0052     7.6980     7.6940     73.301     74.946      0.258    1440.72    1440.72  0.000e+00
       7383     74.500     5.2127     5.2133     0.0006    1.04487    1.04456          1     0.3388     0.2985       9.96     0.0159  1.463e-12  1.000e-12  6.838e+01     9.7583     9.7549    -0.0034     7.7061     7.7034     73.796     75.451      0.265    1440.81    1440.81  0.000e+00
       7426     75.000     5.2244     5.2242    -0.0001    1.04649    1.04611          1     0.3228     0.2858       9.96     0.0159  1.462e-12  1.000e-12  6.841e+01     9.7710     9.7673    -0.0037     7.7155     7.7126     74.291     75.956      0.262    1440.88    1440.88  0.000e+00
       7477     75.500     5.2389     5.2389    -0.0001    1.04881    1.04850          1     0.2912     0.2536       9.96     0.0159  1.458e-12  1.000e-12  6.858e+01     9.7901     9.7869    -0.0031     7.7299     7.7274     74.786     76.462      0.232    1440.98    1440.97  0.000e+00
       7524     76.000     5.2533     5.2535     0.0003    1.05118    1.05086          1     0.2624     0.2222       9.96     0.0159  1.449e-12  1.000e-12  6.900e+01     9.8096     9.8063    -0.0033     7.7446     7.7420     75.282     76.967      0.276    1441.07    1441.07  0.000e+00
       7569     76.500     5.2612     5.2615     0.0003    1.05234    1.05214          1     0.2333     0.2013       9.96     0.0159  1.448e-12  1.000e-12  6.905e+01     9.8189     9.8169    -0.0021     7.7516     7.7499     75.777     77.472      0.242    1441.13    1441.13  0.000e+00
       7621     77.000     5.2683     5.2687     0.0003    1.05370    1.05340          1     0.2139     0.1764       9.96     0.0159  1.448e-12  1.000e-12  6.905e+01     9.8304     9.8274    -0.0030     7.7603     7.7578     76.272     77.978      0.251    1441.18    1441.18  0.000e+00
       7665     77.500     5.2951     5.2946    -0.0005    1.05817    1.05774          1     0.1786     0.1372       9.96     0.0159  1.448e-12  1.000e-12  6.905e+01     9.8675     9.8633    -0.0042     7.7882     7.7849     76.767     78.483      0.266    1441.35    1441.34  0.000e+00
       7715     78.000     5.3087     5.3086    -0.0001    1.06044    1.06007          1     0.1554     0.1143       9.96     0.0159  1.448e-12  1.000e-12  6.905e+01     9.8862     9.8825    -0.0037     7.8022     7.7993     77.262     78.988      0.229    1441.44    1441.44  0.000e+00
       7764     78.500     5.3343     5.3342    -0.0000    1.06538    1.06486          1     0.1300     0.0912       9.96     0.0159  1.448e-12  1.000e-12  6.905e+01     9.9283     9.9230    -0.0053     7.8342     7.8300     77.757     79.494      0.269    1441.61    1441.61  0.000e+00
       7811     79.000     5.3637     5.3614    -0.0022    1.07036    1.06951          1     0.1210     0.0858       9.96     0.0159  1.448e-12  1.000e-12  6.905e+01     9.9694     9.9616    -0.0079     7.8651     7.8591     78.253     79.999      0.234    1441.80    1441.78  0.000e+00
       7861     79.500     5.3735     5.3741     0.0007    1.07200    1.07177          1     0.1177     0.0861       9.96     0.0159  1.448e-12  1.000e-12  6.905e+01     9.9829     9.9804    -0.0025     7.8753     7.8733     78.748     80.504      0.269    1441.87    1441.87  0.000e+00
       7907     80.000     5.3933     5.3923    -0.0009    1.07577    1.07507          1     0.1181     0.0842       9.96     0.0159  1.448e-12  1.000e-12  6.905e+01    10.0148    10.0081    -0.0067     7.8994     7.8942     79.243     81.010      0.242    1442.00    1441.99  0.000e+00
       7957     80.500     5.4140     5.4125    -0.0015    1.07951    1.07880          1     0.1166     0.0813       9.96     0.0159  1.448e-12  1.000e-12  6.905e+01    10.0462    10.0395    -0.0067     7.9231     7.9179     79.738     81.515      0.250    1442.14    1442.13  0.000e+00
       8004     81.000     5.4341     5.4311    -0.0030    1.08339    1.08265          1     0.1140     0.0787       9.96     0.0160  1.448e-12  1.000e-12  6.905e+01    10.0789    10.0724    -0.0065     7.9479     7.9429     80.233     82.020      0.244    1442.28    1442.26  0.000e+00
       8055     81.500     5.4446     5.4395    -0.0051    1.08524    1.08436          1     0.1132     0.0749       9.96     0.0162  1.448e-12  1.000e-12  6.905e+01    10.0943    10.0870    -0.0073     7.9594     7.9539     80.729     82.525      0.248    1442.35    1442.32  0.000e+00
       8100     82.000     5.4537     5.4511    -0.0026    1.08672    1.08613          1     0.1151     0.0748       9.96     0.0163  1.448e-12  1.000e-12  6.905e+01    10.1064    10.1012    -0.0051     7.9685     7.9645     81.224     83.031      0.257    1442.41    1442.39  0.000e+00
       8154     82.500     5.4625     5.4551    -0.0074    1.08817    1.08716          1     0.1095     0.0713       9.96     0.0162  1.448e-12  1.000e-12  6.905e+01    10.1181    10.1103    -0.0078     7.9773     7.9715     81.719     83.536      0.217    1442.47    1442.43  0.000e+00
       8202     83.000     5.4737     5.4706    -0.0031    1.08987    1.08927          1     0.1122     0.0685       9.96     0.0159  1.448e-12  1.000e-12  6.905e+01    10.1318    10.1267    -0.0051     7.9874     7.9836     82.214     84.041      0.297    1442.55    1442.53  0.000e+00
       8244     83.500     5.4896     5.4823    -0.0073    1.09244    1.09129          1     0.1090     0.0671       9.96     0.0160  1.448e-12  1.000e-12  6.905e+01    10.1526    10.1433    -0.0093     8.0030     7.9960     82.709     84.546      0.242    1442.65    1442.61  0.000e+00
       8301     84.000     5.5037     5.4994    -0.0043    1.09473    1.09396          1     0.1093     0.0667       9.96     0.0161  1.448e-12  1.000e-12  6.905e+01    10.1713    10.1649    -0.0064     8.0170     8.0121     83.204     85.052      0.249    1442.74    1442.71  0.000e+00
