ctdpy/tests/etc/all_smhi_bas_2018/SBE09_0827_20180824_1334_26_01_0886.cnv
* Sea-Bird SBE 9 Data File:
* FileName = D:\CTD_SBE911\DAT\26DA.2018.8.86.hex
* Software Version Seasave V 7.21d
* Temperature SN = 034605
* Conductivity SN = 041844
* Number of Bytes Per Scan = 48
* Number of Voltage Words = 5
* Number of Scans Averaged by the Deck Unit = 1
* NMEA Latitude = 57 48.76 N
* NMEA Longitude = 010 59.04 E
* NMEA UTC (Time) = Aug 24 2018  13:36:48
* NMEA baud rate = 4800
** Ship: DANA
** Average sound velocity: 1511.33 m/s
** True-depth calculation Thu, 28 Mar 2019 09:26:46 +0000
** CTD Python Module SMHI /ver 3-12/ feb 2012 
** LIMS Job: 20182601-0886
**  6,5 ENE SKAGENS REV
** Operator: Christian
** Cruise: 08/2018
# nquan = 26
# nvalues = 97                          
# units = specified
# name 0 = scan: Scan Count
# name 1 = prDM: Pressure, Digiquartz [db]
# name 2 = t090C: Temperature [ITS-90, deg C]
# name 3 = t190C: Temperature, 2 [ITS-90, deg C]
# name 4 = T2-T190C: Temperature Difference, 2 - 1 [ITS-90, deg C]
# name 5 = c0S/m: Conductivity [S/m]
# name 6 = c1S/m: Conductivity, 2 [S/m]
# name 7 = pumps: Pump Status
# name 8 = sbeox1ML/L: Oxygen, SBE 43, 2 [ml/l]
# name 9 = sbeox0ML/L: Oxygen, SBE 43 [ml/l]
# name 10 = altM: Altimeter [m]
# name 11 = chloroflTC0: Chlorophyll, Turner Cyclops [ug/l]
# name 12 = cpar: CPAR/Corrected Irradiance [%]
# name 13 = par: PAR/Irradiance, Biospherical/Lico [µE/(cm^2*s)]
# name 14 = spar: SPAR, Biospherical/Licor
# name 15 = sal00: Salinity, Practical [PSU]
# name 16 = sal11: Salinity, Practical, 2 [PSU]
# name 17 = secS-priS: Salinity, Practical, Difference, 2 - 1 [PSU]
# name 18 = sigma-t00: Density [sigma-t, kg/m^3 ]
# name 19 = sigma-t11: Density, 2 [sigma-t, kg/m^3 ]
# name 20 = depSM: Depth [salt water, m], lat = 57.8127
# name 21 = depFM: Depth [true depth, m], lat = 57.8127
# name 22 = dz/dtM: Descent Rate [m/s], WS = 2
# name 23 = svCM: Sound Velocity [Chen-Millero, m/s]
# name 24 = svCM1: Sound Velocity, 2 [Chen-Millero, m/s]
# name 25 = flag: flag
# span 0 =        181,       4880       
# span 1 =      1.500,     49.500       
# span 2 =    14.6705,    17.6578       
# span 3 =    14.6732,    17.6573       
# span 4 =    -0.0225,     0.6725       
# span 5 =   4.068746,   4.242657       
# span 6 =   4.072060,   4.243033       
# span 7 =          1,          1       
# span 8 =     4.6517,     5.5615       
# span 9 =     4.4760,     5.3315       
# span 10 =       1.52,       9.98      
# span 11 =     0.0681,     0.3049      
# span 12 = -4.364e-06, 8.7445e+00      
# span 13 = -2.906e-05, 7.5891e+01      
# span 14 = 5.8915e+02, 8.6746e+02      
# span 15 =    32.1152,    33.2416      
# span 16 =    32.1185,    33.2752      
# span 17 =    -0.1059,     0.0472      
# span 18 =    23.1565,    24.6874      
# span 19 =    23.1588,    24.7087      
# span 20 =      1.486,     49.036      
# span 21 =      1.493,     49.265      
# span 22 =     -0.060,      0.394      
# span 23 =    1504.38,    1512.16      
# span 24 =    1504.43,    1512.17      
# span 25 = 0.0000e+00, 0.0000e+00      
# interval = decibars: 0.5              
# start_time = Aug 24 2018 13:36:48 [NMEA time, first data scan]
# bad_flag = -9.990e-29
*END*
        181      1.500    17.6033    17.6075     0.0042    4.21559    4.21518          1     5.4902     5.3183       9.98     0.2272  8.745e+00  7.589e+01  8.675e+02    32.1345    32.1276    -0.0068    23.1740    23.1677      1.486      1.493      0.130    1511.38    1511.39  0.000e+00
        313      2.000    17.6105    17.6028    -0.0077    4.21475    4.21609          1     5.5196     5.3260       9.98     0.2196  7.532e+00  6.436e+01  8.545e+02    32.1214    32.1389     0.0175    23.1623    23.1775      1.981      1.991      0.307    1511.40    1511.40  0.000e+00
        359      2.500    17.6144    17.6078    -0.0066    4.21440    4.21546          1     5.5338     5.3315       9.98     0.2172  6.436e+00  5.477e+01  8.509e+02    32.1152    32.1294     0.0142    23.1566    23.1691      2.477      2.489      0.256    1511.41    1511.41  0.000e+00
        399      3.000    17.6125    17.6119    -0.0006    4.21483    4.21514          1     5.5184     5.3309       9.98     0.2178  5.507e+00  4.663e+01  8.468e+02    32.1202    32.1233     0.0031    23.1609    23.1634      2.972      2.986      0.314    1511.42    1511.42  0.000e+00
        464      3.500    17.6118    17.6115    -0.0004    4.21500    4.21508          1     5.5455     5.3070       9.98     0.2174  4.889e+00  4.115e+01  8.416e+02    32.1220    32.1230     0.0010    23.1624    23.1632      3.468      3.484      0.330    1511.43    1511.43  0.000e+00
        493      4.000    17.6111    17.6109    -0.0001    4.21509    4.21534          1     5.5150     5.3225       9.98     0.2194  4.715e+00  3.953e+01  8.384e+02    32.1232    32.1254     0.0023    23.1635    23.1653      3.963      3.982      0.352    1511.44    1511.44  0.000e+00
        545      4.500    17.6081    17.6108     0.0027    4.21546    4.21533          1     5.5218     5.3283       9.98     0.2308  4.286e+00  3.577e+01  8.346e+02    32.1286    32.1253    -0.0032    23.1683    23.1652      4.458      4.480      0.234    1511.44    1511.45  0.000e+00
        591      5.000    17.6165    17.6157    -0.0008    4.21476    4.21501          1     5.5352     5.3239       9.98     0.2345  3.888e+00  3.230e+01  8.307e+02    32.1157    32.1185     0.0028    23.1565    23.1588      4.954      4.977      0.283    1511.46    1511.46  0.000e+00
        637      5.500    17.5782    17.6097     0.0316    4.21916    4.21532          1     5.5615     5.2888       9.98     0.2334  3.442e+00  2.846e+01  8.269e+02    32.1833    32.1257    -0.0576    23.2174    23.1657      5.449      5.475      0.276    1511.43    1511.46  0.000e+00
        674      6.000    17.5742    17.5830     0.0088    4.21990    4.21857          1     5.5422     5.2956       9.98     0.2297  3.108e+00  2.560e+01  8.235e+02    32.1926    32.1743    -0.0183    23.2254    23.2093      5.944      5.973      0.297    1511.44    1511.44  0.000e+00
        733      6.500    17.5733    17.5771     0.0037    4.22008    4.21992          1     5.5108     5.2895       9.98     0.2252  2.791e+00  2.286e+01  8.190e+02    32.1946    32.1904    -0.0043    23.2272    23.2230      6.440      6.471      0.229    1511.45    1511.45  0.000e+00
        776      7.000    17.5728    17.5731     0.0003    4.22013    4.22047          1     5.5120     5.2795       9.98     0.2215  2.537e+00  2.069e+01  8.155e+02    32.1953    32.1980     0.0026    23.2278    23.2298      6.935      6.968      0.338    1511.46    1511.46  0.000e+00
        819      7.500    17.5728    17.5728     0.0000    4.22021    4.22057          1     5.5344     5.2920       9.98     0.2383  2.244e+00  1.822e+01  8.117e+02    32.1959    32.1989     0.0030    23.2283    23.2306      7.430      7.466      0.228    1511.46    1511.47  0.000e+00
        874      8.000    17.5735    17.5730    -0.0006    4.22045    4.22070          1     5.5180     5.2904       9.98     0.2145  2.025e+00  1.635e+01  8.076e+02    32.1971    32.1997     0.0025    23.2291    23.2311      7.926      7.964      0.280    1511.47    1511.48  0.000e+00
        912      8.500    17.5741    17.5733    -0.0008    4.22062    4.22088          1     5.5050     5.2841       9.98     0.2148  1.827e+00  1.470e+01  8.043e+02    32.1979    32.2007     0.0028    23.2295    23.2319      8.421      8.461      0.290    1511.49    1511.49  0.000e+00
        963      9.000    17.5767    17.5747    -0.0019    4.22125    4.22117          1     5.5289     5.2737       9.98     0.2107  1.645e+00  1.317e+01  8.007e+02    32.2011    32.2019     0.0009    23.2313    23.2324      8.917      8.959      0.215    1511.51    1511.50  0.000e+00
       1011      9.500    17.5783    17.5772    -0.0011    4.22156    4.22174          1     5.5195     5.2814       9.98     0.2132  1.505e+00  1.199e+01  7.967e+02    32.2023    32.2046     0.0024    23.2318    23.2339      9.412      9.457      0.291    1511.52    1511.52  0.000e+00
       1057     10.000    17.5789    17.5779    -0.0010    4.22169    4.22191          1     5.5181     5.2679       9.98     0.2115  1.351e+00  1.072e+01  7.932e+02    32.2027    32.2054     0.0027    23.2320    23.2343      9.907      9.954      0.224    1511.53    1511.53  0.000e+00
       1110     10.500    17.5805    17.5786    -0.0018    4.22198    4.22205          1     5.5280     5.2825       9.98     0.1997  1.227e+00  9.678e+00  7.886e+02    32.2038    32.2058     0.0020    23.2325    23.2345     10.403     10.452      0.268    1511.54    1511.54  0.000e+00
       1154     11.000    17.5867    17.5829    -0.0038    4.22307    4.22269          1     5.5234     5.2644       9.98     0.2022  1.108e+00  8.706e+00  7.857e+02    32.2079    32.2077    -0.0001    23.2341    23.2349     10.898     10.950      0.258    1511.58    1511.57  0.000e+00
       1200     11.500    17.5878    17.5868    -0.0010    4.22348    4.22349          1     5.5093     5.2703       9.98     0.1888  9.967e-01  7.799e+00  7.824e+02    32.2104    32.2112     0.0008    23.2358    23.2367     11.393     11.448      0.292    1511.59    1511.59  0.000e+00
       1241     12.000    17.5830    17.5843     0.0012    4.22342    4.22371          1     5.5270     5.2672       9.98     0.1855  9.117e-01  7.103e+00  7.791e+02    32.2134    32.2150     0.0016    23.2393    23.2402     11.889     11.945      0.246    1511.59    1511.59  0.000e+00
       1294     12.500    17.5840    17.5822    -0.0017    4.22406    4.22381          1     5.5149     5.2638       9.98     0.1805  8.220e-01  6.378e+00  7.759e+02    32.2180    32.2172    -0.0007    23.2425    23.2423     12.384     12.443      0.278    1511.60    1511.60  0.000e+00
       1329     13.000    17.5888    17.5857    -0.0031    4.22613    4.22489          1     5.5170     5.2483       9.98     0.1759  7.538e-01  5.824e+00  7.727e+02    32.2316    32.2235    -0.0081    23.2518    23.2464     12.879     12.941      0.318    1511.64    1511.63  0.000e+00
       1391     13.500    17.6033    17.5953    -0.0078    4.23004    4.22816          1     5.5001     5.2359       9.98     0.1627  6.849e-01  5.266e+00  7.687e+02    32.2533    32.2435    -0.0098    23.2650    23.2594     13.375     13.438      0.237    1511.72    1511.68  0.000e+00
       1437     14.000    17.6127    17.6054    -0.0073    4.23208    4.23030          1     5.4969     5.2304       9.98     0.1590  6.233e-01  4.765e+00  7.644e+02    32.2630    32.2536    -0.0094    23.2701    23.2647     13.870     13.936      0.372    1511.77    1511.73  0.000e+00
       1472     14.500    17.6200    17.6151    -0.0049    4.23374    4.23270          1     5.4657     5.2546       9.98     0.1690  5.693e-01  4.338e+00  7.619e+02    32.2711    32.2662    -0.0049    23.2746    23.2720     14.365     14.434      0.265    1511.81    1511.79  0.000e+00
       1537     15.000    17.6248    17.6224    -0.0024    4.23470    4.23452          1     5.4611     5.2320       9.98     0.1531  5.232e-01  3.964e+00  7.576e+02    32.2753    32.2757     0.0004    23.2767    23.2775     14.861     14.931      0.271    1511.83    1511.83  0.000e+00
       1571     15.500    17.6225    17.6214    -0.0010    4.23430    4.23448          1     5.4926     5.2331       9.98     0.1531  4.747e-01  3.583e+00  7.548e+02    32.2735    32.2759     0.0024    23.2759    23.2779     15.356     15.429      0.394    1511.83    1511.83  0.000e+00
       1605     16.000    17.6227    17.6216    -0.0010    4.23440    4.23454          1     5.5010     5.2422       9.98     0.1539  4.288e-01  3.228e+00  7.526e+02    32.2741    32.2761     0.0020    23.2763    23.2780     15.851     15.927      0.267    1511.84    1511.84  0.000e+00
       1671     16.500    17.6260    17.6236    -0.0024    4.23511    4.23493          1     5.4934     5.2403       9.98     0.1537  3.947e-01  2.953e+00  7.481e+02    32.2773    32.2776     0.0004    23.2779    23.2787     16.347     16.425      0.257    1511.86    1511.86  0.000e+00
       1709     17.000    17.6296    17.6267    -0.0029    4.23571    4.23546          1     5.4909     5.2453       9.98     0.1566  3.582e-01  2.669e+00  7.451e+02    32.2794    32.2796     0.0002    23.2786    23.2795     16.842     16.922      0.333    1511.89    1511.88  0.000e+00
       1755     17.500    17.6328    17.6294    -0.0034    4.23632    4.23600          1     5.4989     5.2457       9.98     0.1588  3.214e-01  2.384e+00  7.416e+02    32.2818    32.2818     0.0000    23.2797    23.2806     17.337     17.420      0.220    1511.90    1511.90  0.000e+00
       1810     18.000    17.6402    17.6346    -0.0056    4.23776    4.23688          1     5.5036     5.2478       9.98     0.1645  2.951e-01  2.179e+00  7.381e+02    32.2880    32.2850    -0.0030    23.2827    23.2817     17.833     17.918      0.297    1511.94    1511.92  0.000e+00
       1848     18.500    17.6460    17.6413    -0.0046    4.23873    4.23807          1     5.5143     5.2559       9.98     0.1705  2.658e-01  1.954e+00  7.352e+02    32.2916    32.2896    -0.0019    23.2840    23.2837     18.328     18.415      0.279    1511.97    1511.96  0.000e+00
       1897     19.000    17.6491    17.6449    -0.0042    4.23933    4.23882          1     5.5194     5.2553       9.97     0.1693  2.399e-01  1.756e+00  7.318e+02    32.2939    32.2930    -0.0010    23.2851    23.2854     18.823     18.913      0.245    1511.99    1511.98  0.000e+00
       1940     19.500    17.6488    17.6482    -0.0005    4.23925    4.23950          1     5.5112     5.2572       9.97     0.1794  2.188e-01  1.595e+00  7.289e+02    32.2934    32.2959     0.0024    23.2848    23.2868     19.319     19.411      0.298    1512.00    1512.00  0.000e+00
       1985     20.000    17.6520    17.6484    -0.0036    4.23987    4.23954          1     5.5189     5.2474       9.97     0.1723  1.954e-01  1.418e+00  7.256e+02    32.2959    32.2959     0.0000    23.2859    23.2868     19.814     19.908      0.239    1512.02    1512.01  0.000e+00
       2034     20.500    17.6562    17.6534    -0.0028    4.24068    4.24038          1     5.5339     5.2603       9.97     0.1748  1.733e-01  1.252e+00  7.223e+02    32.2993    32.2989    -0.0004    23.2876    23.2879     20.309     20.406      0.278    1512.04    1512.04  0.000e+00
       2073     21.000    17.6573    17.6557    -0.0017    4.24118    4.24095          1     5.5318     5.2789       9.97     0.1762  1.570e-01  1.130e+00  7.200e+02    32.3025    32.3018    -0.0006    23.2897    23.2896     20.805     20.904      0.316    1512.06    1512.05  0.000e+00
       2116     21.500    17.6576    17.6568    -0.0007    4.24142    4.24148          1     5.5255     5.2708       9.97     0.1730  1.409e-01  1.010e+00  7.169e+02    32.3041    32.3053     0.0011    23.2909    23.2920     21.300     21.401      0.233    1512.07    1512.07  0.000e+00
       2172     22.000    17.6575    17.6570    -0.0005    4.24177    4.24176          1     5.5300     5.2725       9.97     0.1695  1.266e-01  9.026e-01  7.132e+02    32.3069    32.3073     0.0003    23.2931    23.2935     21.795     21.899      0.278    1512.08    1512.08  0.000e+00
       2206     22.500    17.6578    17.6571    -0.0006    4.24200    4.24203          1     5.5312     5.2716       9.97     0.1787  1.139e-01  8.094e-01  7.109e+02    32.3086    32.3093     0.0007    23.2942    23.2950     22.291     22.397      0.340    1512.09    1512.09  0.000e+00
       2253     23.000    17.6578    17.6573    -0.0004    4.24206    4.24225          1     5.5504     5.2869       9.97     0.1717  1.019e-01  7.215e-01  7.078e+02    32.3089    32.3109     0.0020    23.2945    23.2961     22.786     22.894      0.217    1512.10    1512.10  0.000e+00
       2306     23.500    17.6573    17.6572    -0.0001    4.24204    4.24235          1     5.5470     5.2622       9.97     0.1798  9.137e-02  6.437e-01  7.046e+02    32.3089    32.3117     0.0028    23.2946    23.2967     23.281     23.392      0.290    1512.11    1512.11  0.000e+00
       2344     24.000    17.6548    17.6564     0.0015    4.24205    4.24239          1     5.5465     5.2695       9.97     0.1814  8.068e-02  5.664e-01  7.020e+02    32.3108    32.3125     0.0017    23.2967    23.2976     23.777     23.890      0.297    1512.11    1512.12  0.000e+00
       2396     24.500    17.6504    17.6529     0.0024    4.24190    4.24235          1     5.5461     5.2757       9.97     0.3049  7.083e-02  4.947e-01  6.985e+02    32.3128    32.3147     0.0019    23.2993    23.3002     24.272     24.387      0.209    1512.11    1512.12  0.000e+00
       2446     25.000    17.6515    17.6507    -0.0008    4.24202    4.24228          1     5.5571     5.2651       9.97     0.2141  6.271e-02  4.361e-01  6.955e+02    32.3129    32.3157     0.0029    23.2991    23.3014     24.767     24.885      0.344    1512.12    1512.12  0.000e+00
       2478     25.500    17.6473    17.6490     0.0017    4.24175    4.24224          1     5.5450     5.2742       9.97     0.1778  5.480e-02  3.800e-01  6.933e+02    32.3137    32.3166     0.0029    23.3007    23.3025     25.263     25.383      0.318    1512.12    1512.13  0.000e+00
       2533     26.000    17.6442    17.6462     0.0019    4.24170    4.24213          1     5.5310     5.2722       9.97     0.1724  4.705e-02  3.247e-01  6.900e+02    32.3156    32.3177     0.0021    23.3028    23.3040     25.758     25.880      0.260    1512.12    1512.13  0.000e+00
       2572     26.500    17.6394    17.6416     0.0021    4.24197    4.24221          1     5.5404     5.2703       9.97     0.1691  4.098e-02  2.818e-01  6.877e+02    32.3214    32.3218     0.0004    23.3085    23.3082     26.253     26.378      0.371    1512.12    1512.13  0.000e+00
       2614     27.000    17.6281    17.6342     0.0061    4.24242    4.24258          1     5.5438     5.2645       9.97     0.1671  3.408e-02  2.335e-01  6.850e+02    32.3341    32.3306    -0.0035    23.3209    23.3168     26.748     26.876      0.233    1512.11    1512.12  0.000e+00
       2670     27.500    17.6201    17.6277     0.0077    4.24254    4.24280          1     5.5462     5.2593       9.97     0.1626  2.889e-02  1.969e-01  6.815e+02    32.3414    32.3375    -0.0039    23.3284    23.3236     27.244     27.373      0.263    1512.10    1512.12  0.000e+00
       2717     28.000    17.6194    17.6223     0.0029    4.24258    4.24295          1     5.5303     5.2574       9.97     0.1602  2.334e-02  1.584e-01  6.787e+02    32.3421    32.3429     0.0008    23.3291    23.3290     27.739     27.871      0.235    1512.11    1512.12  0.000e+00
       2764     28.500    17.6179    17.6195     0.0015    4.24261    4.24302          1     5.5339     5.2554       9.97     0.1602  1.865e-02  1.260e-01  6.760e+02    32.3433    32.3455     0.0023    23.3303    23.3317     28.234     28.369      0.309    1512.11    1512.12  0.000e+00
