ctdpy/tests/etc/all_smhi_bas_2018/SBE09_1044_20181205_0338_34_01_0151.cnv
* Sea-Bird SBE 9 Data File:
* FileName = C:\ctd\temp\ar18d151.hex
* Software Version Seasave V 7.26.7.107
* Temperature SN = 5351
* Conductivity SN = 3941
* Number of Bytes Per Scan = 41
* Number of Voltage Words = 4
* Number of Scans Averaged by the Deck Unit = 1
* NMEA Latitude = 58 52.90 N
* NMEA Longitude = 020 19.73 E
* NMEA UTC (Time) = Dec 05 2018  03:38:11
* NMEA baud rate = 4800
** Station:  BY29
** Operator:  JKro
** Ship: ARANDA
** Average sound velocity: 1443.58 m/s
** True-depth calculation Sun, 09 Dec 2018 13:43:15 +0000
** CTD Python Module SMHI /ver 3-12/ feb 2012 
** LIMS Job: 20183401-0151
** Cruise: SMHI-7-2018
** Latitude [GG MM.mm N]:
** Longitude [GG MM.mm E]
# nquan = 26
# nvalues = 335                         
# units = specified
# name 0 = scan: Scan Count
# name 1 = prDM: Pressure, Digiquartz [db]
# name 2 = t090C: Temperature [ITS-90, deg C]
# name 3 = t190C: Temperature, 2 [ITS-90, deg C]
# name 4 = T2-T190C: Temperature Difference, 2 - 1 [ITS-90, deg C]
# name 5 = c0S/m: Conductivity [S/m]
# name 6 = c1S/m: Conductivity, 2 [S/m]
# name 7 = pumps: Pump Status
# name 8 = sbeox0ML/L: Oxygen, SBE 43 [ml/l]
# name 9 = sbeox1ML/L: Oxygen, SBE 43, 2 [ml/l]
# name 10 = altM: Altimeter [m]
# name 11 = flECO-AFL: Chl-a Fluorescence, WET Labs ECO-AFL/FL [mg/m^3]
# name 12 = flECO-AFL1: Phycocyanin Fluorescence, WET Labs ECO-AFL/FL, 2 [mg/m^3]
# name 13 = par: PAR/Irradiance, Biospherical/Lico [µE/(cm^2*s)]
# name 14 = turbWETntu0: Turbidity, WET Labs ECO [NTU]
# name 15 = sal00: Salinity, Practical [PSU]
# name 16 = sal11: Salinity, Practical, 2 [PSU]
# name 17 = secS-priS: Salinity, Practical, Difference, 2 - 1 [PSU]
# name 18 = sigma-t00: Density [sigma-t, Kg/m^3 ]
# name 19 = sigma-t11: Density, 2 [sigma-t, Kg/m^3 ]
# name 20 = depSM: Depth [salt water, m], lat = 58.8817
# name 21 = depFM: Depth [true depth, m], lat = 58.8817
# name 22 = dz/dtM: Descent Rate [m/s], WS = 2
# name 23 = svCM: Sound Velocity [Chen-Millero, m/s]
# name 24 = svCM1: Sound Velocity, 2 [Chen-Millero, m/s]
# name 25 = flag: flag
# span 0 =      36414,      46222       
# span 1 =      2.500,    169.500       
# span 2 =     3.9066,     7.0705       
# span 3 =     3.9077,     7.0715       
# span 4 =    -0.0530,     0.0418       
# span 5 =   0.788822,   1.251694       
# span 6 =   0.788808,   1.251683       
# span 7 =          1,          1       
# span 8 =    0.02494,    7.83544       
# span 9 =    1.27680,    6.00149       
# span 10 =       2.33,     113.12      
# span 11 =     0.2554,     0.4093      
# span 12 =     0.1338,     0.3885      
# span 13 = 9.2428e-13, 2.9494e-12      
# span 14 =     0.1081,     5.8832      
# span 15 =     6.8367,    11.4707      
# span 16 =     6.8363,    11.4704      
# span 17 =    -0.0388,     0.0174      
# span 18 =     5.2959,     8.9919      
# span 19 =     5.2956,     8.9916      
# span 20 =      2.477,    167.848      
# span 21 =      2.533,    171.408      
# span 22 =     -0.081,      1.668      
# span 23 =    1432.35,    1449.09      
# span 24 =    1432.36,    1449.09      
# span 25 = 0.0000e+00, 0.0000e+00      
# interval = decibars: 0.5              
# start_time = Dec 05 2018 03:38:11 [NMEA time, first data scan]
# bad_flag = -9.990e-29
*END*
[from data line 279]
      43274    142.000     6.2201     6.2191    -0.0010    1.23637    1.23591          1     0.0382     1.5663      30.61     0.3686     0.2106  1.000e-12  0.2326000    11.3463    11.3420    -0.0043     8.8986     8.8954    140.626    143.646      0.310    1448.21    1448.20  0.000e+00
      43308    142.500     6.2222     6.2229     0.0007    1.23677    1.23669          1     0.0387     1.5569      30.23     0.3630     0.2158  1.000e-12  0.2267000    11.3494    11.3484    -0.0010     8.9009     8.9001    141.120    144.151      0.524    1448.23    1448.23  0.000e+00
      43329    143.000     6.2239     6.2244     0.0006    1.23717    1.23707          1     0.0387     1.5548      29.74     0.3857     0.2353  1.000e-12  0.2591000    11.3527    11.3516    -0.0012     8.9035     8.9025    141.615    144.656      0.549    1448.25    1448.25  0.000e+00
      43351    143.500     6.2242     6.2252     0.0010    1.23724    1.23724          1     0.0388     1.5498      29.23     0.3976     0.2182  1.000e-12  0.2525000    11.3533    11.3530    -0.0003     8.9038     8.9035    142.111    145.161      0.585    1448.26    1448.26  0.000e+00
      43370    144.000     6.2250     6.2261     0.0010    1.23741    1.23743          1     0.0379     1.5441      28.81     0.3533     0.2067  1.000e-12  0.2578000    11.3546    11.3544    -0.0002     8.9048     8.9046    142.606    145.665      0.728    1448.27    1448.28  0.000e+00
      43385    144.500     6.2256     6.2265     0.0009    1.23752    1.23751          1     0.0360     1.5425      28.35     0.3366     0.2285  1.000e-12  0.2610000    11.3554    11.3549    -0.0005     8.9054     8.9050    143.101    146.170      0.857    1448.28    1448.29  0.000e+00
      43398    145.000     6.2257     6.2269     0.0011    1.23758    1.23758          1     0.0376     1.5394      27.87     0.3503     0.2443  1.000e-12  0.2945000    11.3558    11.3555    -0.0004     8.9058     8.9054    143.595    146.675      0.892    1448.29    1448.30  0.000e+00
      43411    145.500     6.2263     6.2273     0.0010    1.23770    1.23769          1     0.0394     1.5377      27.38     0.3510     0.2244  1.000e-12  0.2905000    11.3567    11.3563    -0.0005     8.9064     8.9060    144.090    147.180      0.803    1448.30    1448.31  0.000e+00
      43435    146.000     6.2267     6.2276     0.0009    1.23781    1.23775          1     0.0369     1.5355      26.75     0.3618     0.2300  1.000e-12  0.2452000    11.3576    11.3567    -0.0009     8.9071     8.9063    144.585    147.685      0.491    1448.31    1448.32  0.000e+00
      43535    146.500     6.2265     6.2262    -0.0003    1.23782    1.23748          1     0.0348     1.5162      25.92     0.3721     0.2764  1.000e-12  0.2221000    11.3576    11.3544    -0.0032     8.9071     8.9046    145.080    148.189      0.597    1448.32    1448.32  0.000e+00
      43546    147.000     6.2283     6.2283     0.0001    1.23815    1.23791          1     0.0347     1.5141      25.73     0.3711     0.2148  1.000e-12  0.2299000    11.3603    11.3579    -0.0024     8.9091     8.9072    145.575    148.694      0.911    1448.34    1448.34  0.000e+00
      43557    147.500     6.2297     6.2309     0.0011    1.23850    1.23847          1     0.0360     1.5104      25.34     0.3725     0.2068  1.000e-12  0.2349000    11.3631    11.3624    -0.0007     8.9112     8.9106    146.070    149.199      1.082    1448.36    1448.36  0.000e+00
      43567    148.000     6.2321     6.2328     0.0007    1.23897    1.23889          1     0.0388     1.5097      24.93     0.3690     0.2071  1.000e-12  0.2350000    11.3670    11.3659    -0.0010     8.9141     8.9132    146.565    149.704      1.167    1448.38    1448.38  0.000e+00
      43577    148.500     6.2326     6.2338     0.0011    1.23909    1.23910          1     0.0372     1.5080      24.48     0.3489     0.2071  1.000e-12  0.2371000    11.3679    11.3676    -0.0003     8.9148     8.9144    147.060    150.208      1.168    1448.39    1448.40  0.000e+00
      43587    149.000     6.2329     6.2342     0.0013    1.23916    1.23918          1     0.0360     1.5063      24.17     0.3470     0.2070  1.000e-12  0.2349000    11.3684    11.3681    -0.0002     8.9152     8.9149    147.555    150.713      1.078    1448.40    1448.41  0.000e+00
      43599    149.500     6.2334     6.2347     0.0012    1.23930    1.23932          1     0.0370     1.5036      23.64     0.3484     0.1938  1.000e-12  0.2579000    11.3694    11.3693    -0.0002     8.9160     8.9157    148.050    151.218      0.866    1448.42    1448.42  0.000e+00
      43635    150.000     6.2345     6.2345     0.0000    1.23960    1.23930          1     0.0362     1.4992      22.68     0.3551     0.2074  1.000e-12  0.2513000    11.3720    11.3690    -0.0030     8.9179     8.9155    148.545    151.723      0.446    1448.43    1448.43  0.000e+00
      43719    150.500     6.2348     6.2330    -0.0018    1.23964    1.23903          1     0.0365     1.4847      21.83     0.3738     0.1903  1.000e-12  0.2272000    11.3722    11.3668    -0.0054     8.9180     8.9139    149.040    152.227      0.573    1448.44    1448.42  0.000e+00
      43731    151.000     6.2424     6.2426     0.0001    1.24129    1.24112          1     0.0371     1.4817      21.57     0.3718     0.1779  1.000e-12  0.2422000    11.3859    11.3842    -0.0017     8.9283     8.9270    149.535    152.732      0.816    1448.50    1448.50  0.000e+00
      43744    151.500     6.2454     6.2463     0.0009    1.24202    1.24196          1     0.0366     1.4800      21.26     0.3742     0.1825  1.000e-12  0.2427000    11.3921    11.3912    -0.0008     8.9329     8.9322    150.030    153.237      0.907    1448.53    1448.53  0.000e+00
      43757    152.000     6.2468     6.2478     0.0010    1.24233    1.24232          1     0.0344     1.4778      20.80     0.3730     0.2459  1.000e-12  0.2542000    11.3947    11.3941    -0.0005     8.9349     8.9344    150.525    153.742      0.885    1448.54    1448.55  0.000e+00
      43771    152.500     6.2478     6.2487     0.0009    1.24255    1.24252          1     0.0347     1.4753      20.22     0.3732     0.2499  1.000e-12  0.2490000    11.3964    11.3958    -0.0006     8.9361     8.9356    151.020    154.246      0.740    1448.56    1448.56  0.000e+00
      43793    153.000     6.2490     6.2501     0.0011    1.24287    1.24285          1     0.0361     1.4731      19.54     0.3596     0.2590  1.000e-12  0.2417000    11.3990    11.3985    -0.0005     8.9381     8.9377    151.515    154.751      0.438    1448.57    1448.58  0.000e+00
      43836    153.500     6.2505     6.2512     0.0007    1.24323    1.24312          1     0.0352     1.4671      18.85     0.3513     0.2461  1.000e-12  0.2289000    11.4020    11.4007    -0.0013     8.9404     8.9393    152.010    155.256      0.298    1448.59    1448.59  0.000e+00
      43863    154.000     6.2532     6.2542     0.0010    1.24382    1.24379          1     0.0350     1.4616      18.43     0.3604     0.2369  1.000e-12  0.2480000    11.4069    11.4062    -0.0007     8.9441     8.9435    152.505    155.761      0.552    1448.62    1448.62  0.000e+00
      43883    154.500     6.2545     6.2555     0.0010    1.24410    1.24409          1     0.0361     1.4571      17.96     0.3921     0.2537  1.000e-12  0.2311000    11.4092    11.4087    -0.0005     8.9457     8.9453    153.000    156.266      0.589    1448.63    1448.64  0.000e+00
      43905    155.000     6.2551     6.2561     0.0010    1.24424    1.24422          1     0.0359     1.4542      17.43     0.3806     0.2530  1.000e-12  0.2358000    11.4102    11.4097    -0.0006     8.9465     8.9460    153.495    156.770      0.525    1448.65    1448.65  0.000e+00
      43929    155.500     6.2572     6.2579     0.0007    1.24478    1.24467          1     0.0360     1.4510      16.85     0.3657     0.2577  1.000e-12  0.2408000    11.4148    11.4134    -0.0014     8.9500     8.9489    153.990    157.275      0.477    1448.67    1448.67  0.000e+00
      43955    156.000     6.2634     6.2645     0.0011    1.24623    1.24622          1     0.0328     1.4485      16.34     0.3598     0.2776  1.000e-12  0.2421000    11.4270    11.4265    -0.0005     8.9592     8.9587    154.485    157.780      0.459    1448.72    1448.72  0.000e+00
      43981    156.500     6.2649     6.2660     0.0011    1.24657    1.24654          1     0.0349     1.4453      15.90     0.3745     0.2285  1.000e-12  0.2301000    11.4298    11.4291    -0.0006     8.9612     8.9607    154.980    158.285      0.450    1448.74    1448.74  0.000e+00
      44008    157.000     6.2662     6.2674     0.0012    1.24684    1.24684          1     0.0337     1.4417      15.34     0.3683     0.2366  1.000e-12  0.2269000    11.4320    11.4315    -0.0004     8.9629     8.9624    155.475    158.789      0.471    1448.75    1448.76  0.000e+00
      44032    157.500     6.2688     6.2695     0.0007    1.24742    1.24731          1     0.0340     1.4401      14.83     0.3692     0.2221  1.000e-12  0.2421000    11.4367    11.4354    -0.0013     8.9664     8.9654    155.970    159.294      0.473    1448.78    1448.78  0.000e+00
      44059    158.000     6.2704     6.2717     0.0013    1.24779    1.24780          1     0.0349     1.4340      14.30     0.3720     0.2420  1.000e-12  0.2280000    11.4398    11.4394    -0.0004     8.9687     8.9684    156.465    159.799      0.459    1448.79    1448.80  0.000e+00
      44084    158.500     6.2708     6.2721     0.0012    1.24788    1.24789          1     0.0348     1.4321      13.82     0.3707     0.2868  1.000e-12  0.2268000    11.4404    11.4401    -0.0003     8.9692     8.9689    156.959    160.303      0.533    1448.81    1448.81  0.000e+00
      44104    159.000     6.2716     6.2726     0.0010    1.24801    1.24800          1     0.0341     1.4299      13.42     0.3667     0.2616  1.000e-12  0.2464000    11.4413    11.4410    -0.0003     8.9698     8.9695    157.454    160.808      0.662    1448.82    1448.82  0.000e+00
      44121    159.500     6.2728     6.2733     0.0006    1.24825    1.24818          1     0.0327     1.4274      12.95     0.3602     0.2296  1.000e-12  0.2616000    11.4432    11.4423    -0.0009     8.9713     8.9705    157.949    161.313      0.715    1448.83    1448.83  0.000e+00
      44138    160.000     6.2727     6.2735     0.0008    1.24826    1.24822          1     0.0339     1.4265      12.42     0.3698     0.2081  1.000e-12  0.2447000    11.4433    11.4426    -0.0007     8.9713     8.9707    158.444    161.818      0.592    1448.84    1448.84  0.000e+00
      44176    160.500     6.2724     6.2727     0.0003    1.24825    1.24807          1     0.0342     1.4218      11.68     0.3669     0.1901  1.000e-12  0.2360000    11.4432    11.4413    -0.0019     8.9713     8.9697    158.939    162.322      0.308    1448.85    1448.85  0.000e+00
      44219    161.000     6.2727     6.2738     0.0010    1.24829    1.24829          1     0.0317     1.4179      10.98     0.3728     0.1955  1.000e-12  0.2230000    11.4434    11.4430    -0.0004     8.9714     8.9711    159.434    162.827      0.572    1448.86    1448.86  0.000e+00
      44235    161.500     6.2731     6.2739     0.0008    1.24832    1.24830          1     0.0294     1.4151      10.76     0.3737     0.2306  1.000e-12  0.2334000    11.4435    11.4430    -0.0005     8.9714     8.9710    159.929    163.332      0.820    1448.87    1448.87  0.000e+00
      44248    162.000     6.2731     6.2740     0.0009    1.24834    1.24833          1     0.0314     1.4146      10.41     0.3722     0.2329  1.000e-12  0.2341000    11.4436    11.4431    -0.0004     8.9715     8.9711    160.424    163.837      0.928    1448.88    1448.88  0.000e+00
      44260    162.500     6.2736     6.2744     0.0008    1.24848    1.24845          1     0.0316     1.4139      10.02     0.3589     0.2300  1.000e-12  0.2400000    11.4446    11.4441    -0.0005     8.9723     8.9718    160.919    164.341      0.900    1448.89    1448.89  0.000e+00
      44274    163.000     6.2758     6.2769     0.0011    1.24899    1.24904          1     0.0341     1.4129       9.46     0.3513     0.2579  1.000e-12  0.2410000    11.4489    11.4490     0.0001     8.9755     8.9755    161.414    164.846      0.661    1448.91    1448.91  0.000e+00
      44345    163.500     6.2758     6.2760     0.0002    1.24904    1.24881          1     0.0306     1.4038       8.53     0.3673     0.2134  1.000e-12  0.2237000    11.4493    11.4470    -0.0023     8.9758     8.9740    161.909    165.351      0.472    1448.92    1448.92  0.000e+00
      44375    164.000     6.2785     6.2816     0.0031    1.24965    1.25012          1     0.0305     1.3997       8.29     0.3611     0.2070  1.000e-12  0.2221000    11.4544    11.4580     0.0036     8.9796     8.9823    162.404    165.856      0.722    1448.94    1448.96  0.000e+00
      44391    164.500     6.2825     6.2836     0.0011    1.25057    1.25057          1     0.0314     1.3971       7.86     0.3796     0.2340  1.000e-12  0.2431000    11.4620    11.4616    -0.0004     8.9854     8.9850    162.899    166.360      0.700    1448.98    1448.98  0.000e+00
      44411    165.000     6.2836     6.2847     0.0011    1.25088    1.25088          1     0.0328     1.3937       7.23     0.3714     0.2309  1.000e-12  0.2474000    11.4647    11.4643    -0.0004     8.9874     8.9870    163.394    166.865      0.470    1448.99    1449.00  0.000e+00
      44529    165.500     6.2806     6.2828     0.0023    1.25015    1.25042          1     0.0318     1.3864       6.61     0.3502     0.2227  1.000e-12  0.2220000    11.4583    11.4603     0.0020     8.9826     8.9840    163.889    167.370      0.641    1448.98    1448.99  0.000e+00
      44571    166.000     6.2822     6.2839     0.0017    1.25060    1.25071          1     0.0322     1.3798       6.37     0.3481     0.1928  1.000e-12  0.2090000    11.4622    11.4627     0.0005     8.9855     8.9858    164.384    167.875      1.032    1449.00    1449.01  0.000e+00
      44582    166.500     6.2859     6.2871     0.0013    1.25142    1.25144          1     0.0304     1.3776       5.97     0.3518     0.1925  1.000e-12  0.2101000    11.4690    11.4688    -0.0002     8.9906     8.9904    164.879    168.379      1.033    1449.03    1449.04  0.000e+00
      44594    167.000     6.2863     6.2877     0.0014    1.25153    1.25158          1     0.0303     1.3767       5.45     0.3577     0.1925  1.000e-12  0.2241000    11.4698    11.4699     0.0001     8.9913     8.9912    165.374    168.884      0.807    1449.05    1449.05  0.000e+00
      44678    167.500     6.2864     6.2876     0.0012    1.25154    1.25155          1     0.0313     1.3713       4.82     0.3603     0.2084  1.000e-12  0.2236000    11.4698    11.4695    -0.0003     8.9913     8.9909    165.868    169.389      0.646    1449.05    1449.06  0.000e+00
      44757    168.000     6.2852     6.2867     0.0015    1.25126    1.25136          1     0.0311     1.3613       4.39     0.3602     0.2218  1.000e-12  0.2156000    11.4673    11.4678     0.0005     8.9894     8.9896    166.363    169.893      0.954    1449.05    1449.06  0.000e+00
      44771    168.500     6.2854     6.2876     0.0022    1.25135    1.25157          1     0.0300     1.3609       3.84     0.3529     0.2055  1.000e-12  0.2158000    11.4680    11.4695     0.0015     8.9899     8.9909    166.858    170.398      0.655    1449.06    1449.07  0.000e+00
      44905    169.000     6.2869     6.2880     0.0012    1.25168    1.25168          1     0.0315     1.3518       3.23     0.3768     0.2158  1.000e-12  0.2267000    11.4707    11.4704    -0.0004     8.9919     8.9916    167.353    170.903      0.481    1449.08    1449.08  0.000e+00
