ctdpy/tests/etc/all_smhi_bas_2018/SBE09_1044_20180527_0111_34_07_0029.cnv
* Sea-Bird SBE 9 Data File:
* FileName = C:\ctd\temp\2018\AU18D029.hex
* Software Version Seasave V 7.26.6.26
* Temperature SN = 5351
* Conductivity SN = 3941
* Number of Bytes Per Scan = 41
* Number of Voltage Words = 4
* Number of Scans Averaged by the Deck Unit = 1
* NMEA Latitude = 58 18.98 N
* NMEA Longitude = 010 56.58 E
* NMEA UTC (Time) = May 27 2018  01:11:20
* NMEA baud rate = 4800
** Station:  A14
** Operator:  SSip
** Ship: AURA
** Average sound velocity: 1477.92 m/s
** True-depth calculation Sun, 27 May 2018 01:39:16 +0000
** CTD Python Module SMHI /ver 3-12/ feb 2012 
** LIMS Job: 20183407-0029
** Cruise: SMHI-02-2018
** Latitude [GG MM.mm N] :
** Longitude [GG MM.mm E]:
# nquan = 26
# nvalues = 221                         
# units = specified
# name 0 = scan: Scan Count
# name 1 = prDM: Pressure, Digiquartz [db]
# name 2 = t090C: Temperature [ITS-90, deg C]
# name 3 = t190C: Temperature, 2 [ITS-90, deg C]
# name 4 = T2-T190C: Temperature Difference, 2 - 1 [ITS-90, deg C]
# name 5 = c0S/m: Conductivity [S/m]
# name 6 = c1S/m: Conductivity, 2 [S/m]
# name 7 = pumps: Pump Status
# name 8 = sbeox0ML/L: Oxygen, SBE 43 [ml/l]
# name 9 = sbeox1ML/L: Oxygen, SBE 43, 2 [ml/l]
# name 10 = altM: Altimeter [m]
# name 11 = flECO-AFL: Chl-a Fluorescence, WET Labs ECO-AFL/FL [mg/m^3]
# name 12 = flECO-AFL1: Phycocyanin Fluorescence, WET Labs ECO-AFL/FL, 2 [mg/m^3]
# name 13 = par: PAR/Irradiance, Biospherical/Lico [µE/(cm^2*s)]
# name 14 = turbWETntu0: Turbidity, WET Labs ECO [NTU]
# name 15 = sal00: Salinity, Practical [PSU]
# name 16 = sal11: Salinity, Practical, 2 [PSU]
# name 17 = secS-priS: Salinity, Practical, Difference, 2 - 1 [PSU]
# name 18 = sigma-t00: Density [sigma-t, Kg/m^3 ]
# name 19 = sigma-t11: Density, 2 [sigma-t, Kg/m^3 ]
# name 20 = depSM: Depth [salt water, m], lat = 58.3163
# name 21 = depFM: Depth [true depth, m], lat = 58.3163
# name 22 = dz/dtM: Descent Rate [m/s], WS = 2
# name 23 = svCM: Sound Velocity [Chen-Millero, m/s]
# name 24 = svCM1: Sound Velocity, 2 [Chen-Millero, m/s]
# name 25 = flag: flag
# span 0 =       8027,      12452       
# span 1 =      1.000,    111.000       
# span 2 =     5.9791,    18.7156       
# span 3 =     5.9811,    18.7144       
# span 4 =    -1.4860,     0.8549       
# span 5 =   2.646268,   3.479791       
# span 6 =   2.659511,   3.479835       
# span 7 =          1,          1       
# span 8 =    5.75027,    7.21041       
# span 9 =    5.70082,    7.12577       
# span 10 =       1.22,      99.60      
# span 11 =     0.0932,     1.4870      
# span 12 =     0.1633,     0.3809      
# span 13 = -2.319e-07, 2.2096e-03      
# span 14 =     0.1793,     0.9566      
# span 15 =    19.0657,    34.9727      
# span 16 =    19.1892,    34.9716      
# span 17 =    -0.9091,     1.6645      
# span 18 =    12.9527,    27.4733      
# span 19 =    13.0459,    27.4723      
# span 20 =      0.991,    109.939      
# span 21 =      1.006,    110.178      
# span 22 =     -0.029,      0.723      
# span 23 =    1474.39,    1500.01      
# span 24 =    1474.40,    1500.13      
# span 25 = 0.0000e+00, 0.0000e+00      
# interval = decibars: 0.5              
# start_time = May 27 2018 01:11:20 [NMEA time, first data scan]
# bad_flag = -9.990e-29
*END*
[from data line 56]
       9117     29.000     6.1002     6.1025     0.0023    3.36341    3.36358          1     7.0423     6.9590      84.43     0.1687     0.2756  1.000e-12  0.2693000    34.0577    34.0573    -0.0004    26.7954    26.7948     28.729     28.876      0.644    1474.43    1474.43  0.000e+00
       9136     29.500     6.1166     6.1187     0.0021    3.36679    3.36694          1     7.0502     6.9722      84.20     0.1677     0.2488  1.000e-12  0.2577000    34.0789    34.0786    -0.0003    26.8100    26.8095     29.224     29.372      0.644    1474.53    1474.53  0.000e+00
       9155     30.000     6.1122     6.1145     0.0022    3.36709    3.36729          1     7.0865     7.0204      84.15     0.1614     0.2366  1.000e-12  0.2559000    34.0865    34.0864    -0.0001    26.8166    26.8163     29.719     29.868      0.635    1474.53    1474.54  0.000e+00
       9174     30.500     6.1283     6.1305     0.0021    3.36948    3.36980          1     7.1050     7.0584      85.50     0.1696     0.2174  1.000e-12  0.2431000    34.0969    34.0984     0.0015    26.8227    26.8237     30.214     30.364      0.627    1474.61    1474.62  0.000e+00
       9193     31.000     6.2147     6.2135    -0.0012    3.38036    3.38033          1     7.1181     7.0813      92.22     0.1838     0.1778  1.000e-12  0.2560000    34.1320    34.1327     0.0007    26.8394    26.8402     30.710     30.860      0.628    1475.01    1475.00  0.000e+00
       9212     31.500     6.2536     6.2550     0.0015    3.38607    3.38613          1     7.1704     7.1098      82.45     0.1928     0.2293  1.000e-12  0.2650000    34.1566    34.1558    -0.0008    26.8539    26.8530     31.205     31.356      0.647    1475.20    1475.20  0.000e+00
       9230     32.000     6.2449     6.2466     0.0018    3.38657    3.38667          1     7.2104     7.1258      82.21     0.2057     0.2395  1.000e-12  0.2610000    34.1707    34.1700    -0.0007    26.8661    26.8653     31.700     31.852      0.667    1475.19    1475.20  0.000e+00
       9248     32.500     6.2861     6.2850    -0.0011    3.39277    3.39267          1     7.1721     7.0774      81.91     0.1949     0.2473  1.000e-12  0.2550000    34.1984    34.1982    -0.0002    26.8827    26.8826     32.195     32.348      0.663    1475.40    1475.39  0.000e+00
       9266     33.000     6.3634     6.3618    -0.0016    3.40331    3.40312          1     7.0912     6.9873      81.27     0.2004     0.2331  1.000e-12  0.2510000    34.2382    34.2377    -0.0005    26.9040    26.9038     32.691     32.844      0.629    1475.76    1475.75  0.000e+00
       9286     33.500     6.3674     6.3691     0.0017    3.40559    3.40565          1     7.0076     6.8863      80.73     0.2119     0.1952  1.000e-12  0.2504000    34.2594    34.2584    -0.0011    26.9203    26.9192     33.186     33.340      0.594    1475.81    1475.82  0.000e+00
       9307     34.000     6.3315     6.3350     0.0034    3.40368    3.40389          1     6.9389     6.8522      80.13     0.2058     0.1887  1.000e-12  0.2606000    34.2740    34.2729    -0.0011    26.9364    26.9351     33.681     33.836      0.597    1475.70    1475.71  0.000e+00
       9326     34.500     6.3681     6.3684     0.0003    3.40981    3.40975          1     6.9628     6.9416      79.78     0.2076     0.2075  1.000e-12  0.2663000    34.3055    34.3044    -0.0011    26.9565    26.9556     34.177     34.332      0.631    1475.89    1475.89  0.000e+00
       9345     35.000     6.3480     6.3490     0.0010    3.40873    3.40875          1     7.0497     7.0361      79.43     0.2177     0.2071  1.000e-12  0.2762000    34.3134    34.3125    -0.0009    26.9654    26.9645     34.672     34.828      0.662    1475.83    1475.83  0.000e+00
       9363     35.500     6.3261     6.3283     0.0022    3.40710    3.40721          1     7.1051     7.0705      78.88     0.2251     0.2458  1.000e-12  0.2806000    34.3169    34.3159    -0.0010    26.9710    26.9699     35.167     35.323      0.672    1475.75    1475.76  0.000e+00
       9381     36.000     6.2924     6.2956     0.0032    3.40432    3.40443          1     7.1221     7.0695      78.26     0.2359     0.2696  1.000e-12  0.2849000    34.3195    34.3176    -0.0019    26.9774    26.9755     35.662     35.819      0.656    1475.63    1475.64  0.000e+00
       9399     36.500     6.2911     6.2943     0.0032    3.40474    3.40503          1     7.1045     7.0187      77.81     0.2281     0.2224  1.000e-12  0.2974000    34.3252    34.3253     0.0000    26.9821    26.9817     36.158     36.315      0.623    1475.64    1475.65  0.000e+00
       9419     37.000     6.3144     6.3179     0.0036    3.40795    3.40831          1     7.0555     6.9333      77.40     0.2159     0.2218  1.000e-12  0.2959000    34.3375    34.3380     0.0005    26.9887    26.9887     36.653     36.811      0.596    1475.76    1475.77  0.000e+00
       9439     37.500     6.3791     6.3831     0.0039    3.41603    3.41637          1     6.9620     6.8428      76.89     0.2108     0.2423  1.000e-12  0.2819000    34.3622    34.3621    -0.0002    26.9999    26.9992     37.148     37.307      0.601    1476.05    1476.07  0.000e+00
       9459     38.000     6.3674     6.3692     0.0018    3.41557    3.41566          1     6.8981     6.8293      76.37     0.2244     0.2627  1.000e-12  0.2534000    34.3686    34.3678    -0.0008    27.0064    27.0055     37.643     37.803      0.630    1476.02    1476.03  0.000e+00
       9478     38.500     6.3819     6.3841     0.0023    3.41822    3.41829          1     6.9056     6.8743      75.82     0.1977     0.2478  1.000e-12  0.2642000    34.3835    34.3820    -0.0015    27.0163    27.0148     38.139     38.299      0.657    1476.10    1476.11  0.000e+00
       9496     39.000     6.3395     6.3418     0.0023    3.41519    3.41530          1     6.9450     6.9134      75.28     0.1992     0.2207  1.000e-12  0.2636000    34.3922    34.3911    -0.0011    27.0287    27.0275     38.634     38.795      0.666    1475.96    1475.97  0.000e+00
       9514     39.500     6.3311     6.3330     0.0019    3.41490    3.41497          1     6.9728     6.9394      74.82     0.2087     0.1997  1.000e-12  0.2608000    34.3971    34.3960    -0.0010    27.0336    27.0325     39.129     39.290      0.662    1475.94    1475.95  0.000e+00
       9532     40.000     6.3323     6.3339     0.0016    3.41582    3.41592          1     6.9836     6.9312      74.39     0.2364     0.1779  1.000e-12  0.2426000    34.4059    34.4054    -0.0005    27.0405    27.0398     39.624     39.786      0.646    1475.96    1475.97  0.000e+00
       9551     40.500     6.3206     6.3219     0.0012    3.41561    3.41560          1     6.9645     6.8839      73.79     0.2054     0.2144  1.000e-12  0.2335000    34.4151    34.4137    -0.0014    27.0493    27.0480     40.120     40.282      0.625    1475.94    1475.94  0.000e+00
       9570     41.000     6.2475     6.2496     0.0021    3.40910    3.40909          1     6.9525     6.8944      73.08     0.1914     0.2145  1.000e-12  0.2401000    34.4160    34.4138    -0.0022    27.0595    27.0574     40.615     40.778      0.610    1475.66    1475.66  0.000e+00
       9590     41.500     6.2087     6.2116     0.0029    3.40599    3.40617          1     7.0100     6.9811      72.19     0.1947     0.2047  1.000e-12  0.2622000    34.4201    34.4193    -0.0008    27.0677    27.0667     41.110     41.274      0.610    1475.52    1475.53  0.000e+00
       9610     42.000     6.2116     6.2139     0.0023    3.40636    3.40649          1     7.0747     7.0447      71.34     0.2246     0.1924  1.000e-12  0.2785000    34.4211    34.4202    -0.0009    27.0681    27.0671     41.605     41.770      0.615    1475.54    1475.55  0.000e+00
       9629     42.500     6.2276     6.2292     0.0016    3.40911    3.40921          1     7.0814     7.0445      70.89     0.2328     0.2633  1.000e-12  0.2799000    34.4355    34.4350    -0.0005    27.0774    27.0768     42.101     42.266      0.622    1475.63    1475.63  0.000e+00
       9648     43.000     6.2365     6.2388     0.0023    3.41133    3.41145          1     7.0816     7.0353      70.42     0.2314     0.2839  1.000e-12  0.2801000    34.4511    34.4502    -0.0008    27.0885    27.0876     42.596     42.761      0.636    1475.69    1475.70  0.000e+00
       9667     43.500     6.2099     6.2122     0.0022    3.40862    3.40872          1     7.0747     7.0152      69.95     0.2269     0.2876  1.000e-12  0.2794000    34.4475    34.4462    -0.0013    27.0892    27.0879     43.091     43.257      0.650    1475.59    1475.60  0.000e+00
       9685     44.000     6.2083     6.2119     0.0036    3.40897    3.40931          1     7.0700     6.9984      69.39     0.2358     0.2327  1.000e-12  0.2620000    34.4528    34.4529     0.0001    27.0936    27.0932     43.586     43.753      0.643    1475.60    1475.61  0.000e+00
       9704     44.500     6.2341     6.2357     0.0016    3.41199    3.41205          1     7.0545     6.9499      68.93     0.2365     0.1871  1.000e-12  0.2690000    34.4602    34.4593    -0.0009    27.0961    27.0951     44.082     44.249      0.610    1475.72    1475.72  0.000e+00
       9725     45.000     6.2584     6.2601     0.0017    3.41530    3.41536          1     6.9787     6.8353      68.32     0.2313     0.1897  1.000e-12  0.2672000    34.4724    34.4714    -0.0010    27.1026    27.1016     44.577     44.745      0.583    1475.84    1475.84  0.000e+00
       9745     45.500     6.3073     6.3050    -0.0023    3.42101    3.42073          1     6.8532     6.7238      67.70     0.2237     0.2346  1.000e-12  0.2641000    34.4865    34.4858    -0.0008    27.1074    27.1070     45.072     45.241      0.594    1476.06    1476.05  0.000e+00
       9765     46.000     6.3498     6.3520     0.0022    3.42724    3.42734          1     6.7588     6.6616      67.19     0.2237     0.2498  1.000e-12  0.2782000    34.5128    34.5119    -0.0010    27.1226    27.1215     45.567     45.736      0.632    1476.27    1476.27  0.000e+00
       9783     46.500     6.3490     6.3507     0.0017    3.42767    3.42767          1     6.7084     6.6372      66.70     0.2352     0.2362  1.000e-12  0.2863000    34.5183    34.5167    -0.0017    27.1270    27.1255     46.063     46.232      0.657    1476.28    1476.28  0.000e+00
       9802     47.000     6.3019     6.3041     0.0022    3.42315    3.42321          1     6.6948     6.6347      66.66     0.2053     0.2307  1.000e-12  0.2933000    34.5152    34.5136    -0.0016    27.1307    27.1292     46.558     46.728      0.659    1476.10    1476.10  0.000e+00
       9820     47.500     6.2025     6.2076     0.0052    3.41307    3.41339          1     6.7052     6.6442      66.55     0.1635     0.2289  1.000e-12  0.3046000    34.5029    34.5013    -0.0016    27.1338    27.1319     47.053     47.224      0.636    1475.70    1475.71  0.000e+00
       9839     48.000     6.0937     6.0961     0.0024    3.40238    3.40249          1     6.7202     6.6828      66.18     0.1917     0.2313  1.000e-12  0.3054000    34.4930    34.4918    -0.0012    27.1401    27.1388     47.548     47.720      0.594    1475.26    1475.27  0.000e+00
       9861     48.500     6.0174     6.0195     0.0022    3.39518    3.39531          1     6.7384     6.7472      65.49     0.1825     0.2271  1.000e-12  0.2894000    34.4894    34.4887    -0.0007    27.1469    27.1461     48.044     48.216      0.562    1474.96    1474.97  0.000e+00
       9882     49.000     5.9900     5.9923     0.0023    3.39283    3.39296          1     6.7645     6.7713      64.20     0.1870     0.2321  1.000e-12  0.2769000    34.4905    34.4897    -0.0009    27.1513    27.1504     48.539     48.711      0.573    1474.86    1474.87  0.000e+00
       9902     49.500     5.9817     5.9837     0.0020    3.39267    3.39277          1     6.8025     6.7654      63.66     0.1930     0.2402  1.000e-12  0.2663000    34.4968    34.4959    -0.0009    27.1574    27.1564     49.034     49.207      0.608    1474.85    1474.85  0.000e+00
       9922     50.000     5.9791     5.9811     0.0020    3.39332    3.39341          1     6.8095     6.7416      63.21     0.1897     0.1633  1.000e-12  0.2553000    34.5066    34.5056    -0.0010    27.1654    27.1644     49.529     49.703      0.633    1474.86    1474.86  0.000e+00
       9940     50.500     6.0122     6.0118    -0.0005    3.39793    3.39778          1     6.7712     6.6961      62.69     0.1479     0.2015  1.000e-12  0.2474000    34.5246    34.5234    -0.0012    27.1755    27.1746     50.025     50.199      0.637    1475.02    1475.02  0.000e+00
       9959     51.000     6.0458     6.0470     0.0012    3.40250    3.40251          1     6.7320     6.6596      62.29     0.1777     0.2283  1.000e-12  0.2562000    34.5417    34.5406    -0.0010    27.1847    27.1837     50.520     50.695      0.630    1475.18    1475.19  0.000e+00
       9978     51.500     6.0384     6.0403     0.0020    3.40185    3.40193          1     6.7076     6.6387      61.81     0.1997     0.2458  1.000e-12  0.2632000    34.5417    34.5405    -0.0011    27.1856    27.1844     51.015     51.190      0.620    1475.16    1475.17  0.000e+00
       9998     52.000     6.0106     6.0124     0.0018    3.39975    3.39984          1     6.6784     6.6134      61.27     0.2120     0.2470  1.000e-12  0.2674000    34.5460    34.5452    -0.0008    27.1925    27.1917     51.510     51.686      0.608    1475.07    1475.07  0.000e+00
      10018     52.500     6.0040     6.0067     0.0026    3.40012    3.40028          1     6.6690     6.5989      60.72     0.1487     0.2384  1.000e-12  0.2861000    34.5567    34.5558    -0.0009    27.2019    27.2008     52.006     52.182      0.600    1475.06    1475.07  0.000e+00
      10038     53.000     5.9872     5.9883     0.0012    3.39865    3.39867          1     6.6687     6.5832      60.24     0.1741     0.2159  1.000e-12  0.3015000    34.5570    34.5561    -0.0010    27.2043    27.2034     52.501     52.678      0.601    1475.00    1475.01  0.000e+00
      10058     53.500     5.9993     6.0010     0.0017    3.40133    3.40133          1     6.6561     6.5681      59.74     0.1828     0.1779  1.000e-12  0.2883000    34.5747    34.5730    -0.0017    27.2167    27.2151     52.996     53.173      0.608    1475.08    1475.09  0.000e+00
      10077     54.000     6.0284     6.0310     0.0026    3.40465    3.40480          1     6.6371     6.5789      59.34     0.1761     0.2286  1.000e-12  0.2731000    34.5822    34.5812    -0.0010    27.2189    27.2178     53.491     53.669      0.618    1475.21    1475.22  0.000e+00
      10097     54.500     6.0477     6.0497     0.0020    3.40702    3.40710          1     6.6455     6.6151      58.85     0.1483     0.2432  1.000e-12  0.2719000    34.5889    34.5878    -0.0012    27.2218    27.2206     53.986     54.165      0.633    1475.31    1475.31  0.000e+00
      10115     55.000     6.1035     6.1041     0.0007    3.41402    3.41395          1     6.6704     6.6279      59.10     0.1837     0.2418  1.000e-12  0.2780000    34.6106    34.6091    -0.0015    27.2317    27.2305     54.482     54.661      0.635    1475.56    1475.56  0.000e+00
      10134     55.500     6.1383     6.1393     0.0010    3.41842    3.41837          1     6.6668     6.6082      59.00     0.1803     0.2220  1.000e-12  0.2647000    34.6243    34.6228    -0.0015    27.2380    27.2368     54.977     55.157      0.612    1475.73    1475.73  0.000e+00
      10155     56.000     6.1930     6.1954     0.0023    3.42531    3.42539          1     6.6738     6.6058      58.50     0.1829     0.2592  1.000e-12  0.2556000    34.6457    34.6442    -0.0015    27.2479    27.2464     55.472     55.652      0.586    1475.98    1475.99  0.000e+00
