ctdpy/tests/etc/all_smhi_bas_2018/SBE09_0827_20180227_0702_26_01_0323.cnv
* Sea-Bird SBE 9 Data File:
* FileName = D:\CTD_SBE911\DAT\26DA.2018.3.23.hex
* Software Version Seasave V 7.21d
* Temperature SN = 034757
* Conductivity SN = 041844
* Number of Bytes Per Scan = 48
* Number of Voltage Words = 5
* Number of Scans Averaged by the Deck Unit = 1
* NMEA Latitude = 56 07.63 N
* NMEA Longitude = 019 28.79 E
* NMEA UTC (Time) = Feb 27 2018  07:03:07
* NMEA baud rate = 4800
** Ship: DANA
** Average sound velocity: 1430.58 m/s
** True-depth calculation Tue, 02 Apr 2019 12:03:55 +0000
** CTD Python Module SMHI /ver 3-12/ feb 2012 
** LIMS Job: 20182601-0323
** Operator:
** Cruise: 02/2018
# nquan = 26
# nvalues = 135                         
# units = specified
# name 0 = scan: Scan Count
# name 1 = prDM: Pressure, Digiquartz [db]
# name 2 = t090C: Temperature [ITS-90, deg C]
# name 3 = t190C: Temperature, 2 [ITS-90, deg C]
# name 4 = T2-T190C: Temperature Difference, 2 - 1 [ITS-90, deg C]
# name 5 = c0S/m: Conductivity [S/m]
# name 6 = c1S/m: Conductivity, 2 [S/m]
# name 7 = pumps: Pump Status
# name 8 = sbeox1ML/L: Oxygen, SBE 43, 2 [ml/l]
# name 9 = sbeox0ML/L: Oxygen, SBE 43 [ml/l]
# name 10 = altM: Altimeter [m]
# name 11 = chloroflTC0: Chlorophyll, Turner Cyclops [ug/l]
# name 12 = cpar: CPAR/Corrected Irradiance [%]
# name 13 = par: PAR/Irradiance, Biospherical/Lico [µE/(cm^2*s)]
# name 14 = spar: SPAR, Biospherical/Licor
# name 15 = sal00: Salinity, Practical [PSU]
# name 16 = sal11: Salinity, Practical, 2 [PSU]
# name 17 = secS-priS: Salinity, Practical, Difference, 2 - 1 [PSU]
# name 18 = sigma-t00: Density [sigma-t, kg/m^3 ]
# name 19 = sigma-t11: Density, 2 [sigma-t, kg/m^3 ]
# name 20 = depSM: Depth [salt water, m], lat = 56.1272
# name 21 = depFM: Depth [true depth, m], lat = 56.1272
# name 22 = dz/dtM: Descent Rate [m/s], WS = 2
# name 23 = svCM: Sound Velocity [Chen-Millero, m/s]
# name 24 = svCM1: Sound Velocity, 2 [Chen-Millero, m/s]
# name 25 = flag: flag
# span 0 =        -65,       7088       
# span 1 =      1.500,     68.500       
# span 2 =     3.2337,     5.6125       
# span 3 =     3.2307,     5.6121       
# span 4 =    -0.0095,     0.3191       
# span 5 =   0.761890,   1.054395       
# span 6 =   0.761220,   1.053660       
# span 7 =          1,          1       
# span 8 =     1.3459,     8.4148       
# span 9 =     1.3803,     8.3874       
# span 10 =       1.24,       9.98      
# span 11 =     0.0115,     0.0137      
# span 12 = -2.368e-11, 7.3762e+00      
# span 13 = -4.895e-11, 1.2497e+01      
# span 14 = 1.6932e+02, 2.2948e+02      
# span 15 =     7.3875,     9.7385      
# span 16 =     7.3801,     9.7313      
# span 17 =    -0.0122,     0.2401      
# span 18 =     5.8871,     7.6695      
# span 19 =     5.8811,     7.6639      
# span 20 =      1.486,     67.865      
# span 21 =      1.519,     69.346      
# span 22 =     -0.218,      0.904      
# span 23 =    1427.80,    1442.42      
# span 24 =    1427.77,    1442.41      
# span 25 = 0.0000e+00, 0.0000e+00      
# interval = decibars: 0.5              
# start_time = Feb 27 2018 07:03:08 [NMEA time, first data scan]
# bad_flag = -9.990e-29
*END*
[from data line 56]
       2998     29.500     3.3317     3.3289    -0.0027    0.76536    0.76463          1     8.3867     8.3661       9.95     0.0122  4.602e-13  1.000e-12  2.173e+02     7.3976     7.3906    -0.0070     5.8938     5.8883     29.229     29.871      0.236    1428.68    1428.66  0.000e+00
       3045     30.000     3.3280     3.3324     0.0043    0.76523    0.76469          1     8.4015     8.3707       9.95     0.0122  4.599e-13  1.000e-12  2.174e+02     7.3970     7.3904    -0.0066     5.8934     5.8881     29.725     30.377      0.281    1428.67    1428.68  0.000e+00
       3092     30.500     3.3324     3.3315    -0.0010    0.76538    0.76470          1     8.3876     8.3578       9.95     0.0122  4.557e-13  1.000e-12  2.194e+02     7.3975     7.3905    -0.0069     5.8937     5.8882     30.220     30.884      0.211    1428.70    1428.69  0.000e+00
       3153     31.000     3.3357     3.3424     0.0067    0.76553    0.76506          1     8.3934     8.3635       9.95     0.0119  4.559e-13  1.000e-12  2.193e+02     7.3982     7.3917    -0.0065     5.8942     5.8890     30.715     31.390      0.293    1428.72    1428.75  0.000e+00
       3187     31.500     3.3440     3.3449     0.0010    0.76581    0.76518          1     8.3932     8.3671       9.95     0.0122  4.559e-13  1.000e-12  2.193e+02     7.3991     7.3924    -0.0068     5.8949     5.8894     31.211     31.896      0.342    1428.77    1428.77  0.000e+00
       3236     32.000     3.3473     3.3482     0.0009    0.76593    0.76530          1     8.3868     8.3633       9.95     0.0118  4.542e-13  1.000e-12  2.202e+02     7.3995     7.3928    -0.0067     5.8951     5.8898     31.706     32.402      0.211    1428.79    1428.79  0.000e+00
       3289     32.500     3.3491     3.3491    -0.0000    0.76600    0.76535          1     8.3937     8.3599       9.95     0.0119  4.517e-13  1.000e-12  2.214e+02     7.3998     7.3930    -0.0068     5.8953     5.8899     32.201     32.909      0.306    1428.81    1428.80  0.000e+00
       3329     33.000     3.3493     3.3500     0.0006    0.76601    0.76537          1     8.4011     8.3667       9.95     0.0122  4.518e-13  1.000e-12  2.214e+02     7.3997     7.3929    -0.0068     5.8952     5.8898     32.697     33.415      0.246    1428.82    1428.81  0.000e+00
       3408     33.500     3.3542     3.3557     0.0015    0.76619    0.76558          1     8.3908     8.3595       9.95     0.0122  4.518e-13  1.000e-12  2.214e+02     7.4005     7.3938    -0.0067     5.8958     5.8904     33.192     33.921      0.321    1428.85    1428.85  0.000e+00
       3434     34.000     3.3584     3.3585     0.0001    0.76634    0.76569          1     8.3917     8.3588       9.95     0.0122  4.518e-13  1.000e-12  2.214e+02     7.4010     7.3942    -0.0068     5.8961     5.8907     33.687     34.428      0.450    1428.88    1428.87  0.000e+00
       3464     34.500     3.3586     3.3582    -0.0004    0.76635    0.76569          1     8.3941     8.3583       9.95     0.0123  4.518e-13  1.000e-12  2.214e+02     7.4009     7.3942    -0.0067     5.8961     5.8908     34.183     34.934      0.313    1428.89    1428.88  0.000e+00
       3555     35.000     3.3587     3.3583    -0.0004    0.76635    0.76570          1     8.3868     8.3467       9.95     0.0122  4.518e-13  1.000e-12  2.214e+02     7.4009     7.3943    -0.0066     5.8961     5.8908     34.678     35.440      0.303    1428.90    1428.88  0.000e+00
       3584     35.500     3.3588     3.3583    -0.0005    0.76636    0.76571          1     8.3905     8.3458       9.95     0.0122  4.518e-13  1.000e-12  2.214e+02     7.4009     7.3943    -0.0066     5.8960     5.8908     35.174     35.946      0.400    1428.90    1428.89  0.000e+00
       3620     36.000     3.3589     3.3586    -0.0004    0.76637    0.76573          1     8.3896     8.3494       9.95     0.0119  4.518e-13  1.000e-12  2.214e+02     7.4009     7.3943    -0.0066     5.8961     5.8908     35.669     36.453      0.261    1428.91    1428.90  0.000e+00
       3700     36.500     3.3587     3.3582    -0.0005    0.76637    0.76572          1     8.3860     8.3438       9.95     0.0119  4.483e-13  1.000e-12  2.231e+02     7.4009     7.3942    -0.0066     5.8960     5.8908     36.164     36.959      0.276    1428.92    1428.91  0.000e+00
       3742     37.000     3.3589     3.3582    -0.0007    0.76638    0.76572          1     8.3799     8.3492       9.95     0.0119  4.476e-13  1.000e-12  2.234e+02     7.4009     7.3942    -0.0066     5.8960     5.8907     36.660     37.465      0.398    1428.93    1428.91  0.000e+00
       3773     37.500     3.3596     3.3599     0.0003    0.76642    0.76579          1     8.3883     8.3608       9.95     0.0119  4.478e-13  1.000e-12  2.233e+02     7.4010     7.3945    -0.0065     5.8961     5.8909     37.155     37.972      0.353    1428.94    1428.93  0.000e+00
       3811     38.000     3.3604     3.3603    -0.0001    0.76645    0.76582          1     8.3902     8.3538       9.95     0.0118  4.476e-13  1.000e-12  2.234e+02     7.4011     7.3945    -0.0066     5.8962     5.8909     37.650     38.478      0.280    1428.95    1428.94  0.000e+00
       3874     38.500     3.3610     3.3605    -0.0005    0.76647    0.76584          1     8.3920     8.3453       9.95     0.0115  4.460e-13  1.000e-12  2.242e+02     7.4011     7.3947    -0.0065     5.8962     5.8911     38.146     38.984      0.183    1428.96    1428.95  0.000e+00
       3943     39.000     3.3609     3.3600    -0.0009    0.76648    0.76582          1     8.3852     8.3319       9.95     0.0119  4.435e-13  1.000e-12  2.255e+02     7.4011     7.3945    -0.0066     5.8962     5.8910     38.641     39.490      0.325    1428.97    1428.96  0.000e+00
       3972     39.500     3.3614     3.3609    -0.0005    0.76650    0.76586          1     8.3875     8.3329       9.95     0.0122  4.436e-13  1.000e-12  2.254e+02     7.4012     7.3947    -0.0065     5.8962     5.8910     39.136     39.997      0.392    1428.98    1428.97  0.000e+00
       4021     40.000     3.3618     3.3612    -0.0006    0.76652    0.76588          1     8.3886     8.3518       9.95     0.0117  4.436e-13  1.000e-12  2.254e+02     7.4013     7.3947    -0.0065     5.8963     5.8911     39.632     40.503      0.239    1428.99    1428.97  0.000e+00
       4082     40.500     3.3624     3.3621    -0.0003    0.76656    0.76592          1     8.3762     8.3477       9.95     0.0117  4.427e-13  1.000e-12  2.259e+02     7.4015     7.3949    -0.0066     5.8964     5.8912     40.127     41.009      0.313    1429.00    1428.99  0.000e+00
       4122     41.000     3.3631     3.3629    -0.0003    0.76660    0.76596          1     8.3853     8.3600       9.95     0.0121  4.405e-13  1.000e-12  2.270e+02     7.4016     7.3951    -0.0065     5.8965     5.8913     40.622     41.515      0.266    1429.01    1429.00  0.000e+00
       4166     41.500     3.3644     3.3643    -0.0001    0.76666    0.76602          1     8.3929     8.3643       9.95     0.0121  4.396e-13  1.000e-12  2.275e+02     7.4018     7.3953    -0.0066     5.8967     5.8915     41.118     42.022      0.313    1429.03    1429.01  0.000e+00
       4212     42.000     3.3656     3.3653    -0.0003    0.76671    0.76608          1     8.3918     8.3521       9.95     0.0119  4.396e-13  1.000e-12  2.274e+02     7.4021     7.3956    -0.0065     5.8969     5.8917     41.613     42.528      0.243    1429.04    1429.03  0.000e+00
       4293     42.500     3.3662     3.3658    -0.0004    0.76674    0.76610          1     8.3771     8.3504       9.95     0.0116  4.396e-13  1.000e-12  2.274e+02     7.4022     7.3956    -0.0065     5.8969     5.8918     42.108     43.034      0.284    1429.05    1429.04  0.000e+00
       4331     43.000     3.3666     3.3664    -0.0002    0.76676    0.76613          1     8.3790     8.3512       9.95     0.0122  4.396e-13  1.000e-12  2.274e+02     7.4022     7.3957    -0.0065     5.8970     5.8918     42.604     43.541      0.301    1429.06    1429.05  0.000e+00
       4370     43.500     3.3674     3.3673    -0.0001    0.76680    0.76618          1     8.3915     8.3586       9.95     0.0122  4.390e-13  1.000e-12  2.278e+02     7.4024     7.3959    -0.0065     5.8971     5.8919     43.099     44.047      0.320    1429.07    1429.06  0.000e+00
       4412     44.000     3.3680     3.3675    -0.0005    0.76683    0.76619          1     8.3906     8.3557       9.95     0.0121  4.363e-13  1.000e-12  2.292e+02     7.4024     7.3959    -0.0065     5.8971     5.8919     43.594     44.553      0.223    1429.08    1429.07  0.000e+00
       4476     44.500     3.3684     3.3680    -0.0004    0.76685    0.76621          1     8.3887     8.3503       9.95     0.0122  4.357e-13  1.000e-12  2.295e+02     7.4025     7.3960    -0.0065     5.8972     5.8920     44.090     45.059      0.239    1429.09    1429.08  0.000e+00
       4519     45.000     3.3690     3.3688    -0.0001    0.76688    0.76626          1     8.3841     8.3570       9.95     0.0121  4.358e-13  1.000e-12  2.295e+02     7.4026     7.3962    -0.0064     5.8973     5.8921     44.585     45.566      0.276    1429.10    1429.09  0.000e+00
       4577     45.500     3.3697     3.3700     0.0004    0.76692    0.76631          1     8.3843     8.3599       9.95     0.0121  4.358e-13  1.000e-12  2.295e+02     7.4028     7.3964    -0.0064     5.8974     5.8923     45.081     46.072      0.201    1429.11    1429.11  0.000e+00
       4632     46.000     3.3713     3.3712    -0.0001    0.76699    0.76637          1     8.3764     8.3541       9.95     0.0121  4.358e-13  1.000e-12  2.295e+02     7.4031     7.3967    -0.0065     5.8976     5.8925     45.576     46.578      0.248    1429.13    1429.12  0.000e+00
       4683     46.500     3.3718     3.3718    -0.0000    0.76702    0.76639          1     8.3812     8.3432       9.95     0.0121  4.358e-13  1.000e-12  2.295e+02     7.4032     7.3967    -0.0065     5.8977     5.8925     46.071     47.085      0.256    1429.14    1429.13  0.000e+00
       4722     47.000     3.3732     3.3732    -0.0001    0.76708    0.76645          1     8.3721     8.3448       9.95     0.0122  4.358e-13  1.000e-12  2.295e+02     7.4034     7.3969    -0.0065     5.8978     5.8927     46.566     47.591      0.326    1429.15    1429.15  0.000e+00
       4764     47.500     3.3737     3.3734    -0.0003    0.76710    0.76646          1     8.3735     8.3466       9.95     0.0122  4.358e-13  1.000e-12  2.295e+02     7.4034     7.3970    -0.0065     5.8979     5.8927     47.062     48.097      0.215    1429.16    1429.15  0.000e+00
       4847     48.000     3.3750     3.3752     0.0002    0.76716    0.76654          1     8.3804     8.3498       9.95     0.0121  4.358e-13  1.000e-12  2.295e+02     7.4037     7.3973    -0.0064     5.8980     5.8929     47.557     48.603      0.238    1429.18    1429.17  0.000e+00
       4892     48.500     3.3764     3.3766     0.0002    0.76722    0.76660          1     8.3797     8.3399       9.95     0.0121  4.358e-13  1.000e-12  2.295e+02     7.4040     7.3975    -0.0065     5.8983     5.8931     48.052     49.110      0.313    1429.19    1429.18  0.000e+00
       4938     49.000     3.3782     3.3789     0.0007    0.76731    0.76671          1     8.3759     8.3441       9.95     0.0120  4.358e-13  1.000e-12  2.295e+02     7.4044     7.3980    -0.0064     5.8986     5.8935     48.548     49.616      0.210    1429.21    1429.20  0.000e+00
       4996     49.500     3.3802     3.3808     0.0005    0.76740    0.76679          1     8.3739     8.3488       9.95     0.0115  4.358e-13  1.000e-12  2.295e+02     7.4048     7.3984    -0.0064     5.8989     5.8937     49.043     50.122      0.248    1429.23    1429.22  0.000e+00
       5041     50.000     3.3822     3.3831     0.0008    0.76749    0.76688          1     8.3779     8.3461       9.95     0.0135  4.358e-13  1.000e-12  2.295e+02     7.4052     7.3988    -0.0065     5.8991     5.8940     49.538     50.629      0.269    1429.24    1429.24  0.000e+00
       5091     50.500     3.3833     3.3846     0.0013    0.76754    0.76696          1     8.3697     8.3349       9.95     0.0121  4.358e-13  1.000e-12  2.295e+02     7.4054     7.3992    -0.0062     5.8993     5.8943     50.034     51.135      0.211    1429.26    1429.26  0.000e+00
       5155     51.000     3.3868     3.3883     0.0016    0.76771    0.76714          1     8.3732     8.3246       9.95     0.0120  4.358e-13  1.000e-12  2.295e+02     7.4063     7.4001    -0.0062     5.8999     5.8949     50.529     51.641      0.197    1429.28    1429.28  0.000e+00
       5204     51.500     3.3903     3.3915     0.0012    0.76789    0.76731          1     8.3703     8.3349       9.95     0.0121  4.369e-13  1.000e-12  2.289e+02     7.4074     7.4011    -0.0063     5.9007     5.8957     51.024     52.147      0.305    1429.31    1429.31  0.000e+00
       5248     52.000     3.3943     3.3988     0.0045    0.76810    0.76764          1     8.3690     8.3361       9.95     0.0121  4.396e-13  1.000e-12  2.275e+02     7.4085     7.4027    -0.0058     5.9016     5.8969     51.520     52.654      0.230    1429.33    1429.35  0.000e+00
       5301     52.500     3.4005     3.4030     0.0025    0.76838    0.76782          1     8.3638     8.3283       9.95     0.0121  4.396e-13  1.000e-12  2.274e+02     7.4100     7.4035    -0.0064     5.9026     5.8975     52.015     53.160      0.283    1429.37    1429.38  0.000e+00
       5339     53.000     3.4074     3.4109     0.0035    0.76869    0.76815          1     8.3607     8.3153       9.95     0.0122  4.396e-13  1.000e-12  2.274e+02     7.4114     7.4051    -0.0063     5.9037     5.8986     52.510     53.666      0.280    1429.41    1429.42  0.000e+00
       5405     53.500     3.4122     3.4125     0.0003    0.76894    0.76837          1     8.3392     8.3091       9.95     0.0118  4.396e-13  1.000e-12  2.274e+02     7.4129     7.4070    -0.0059     5.9048     5.9001     53.006     54.173      0.203    1429.44    1429.44  0.000e+00
       5464     54.000     3.4126     3.4124    -0.0003    0.76906    0.76850          1     8.3308     8.3129       9.95     0.0121  4.396e-13  1.000e-12  2.274e+02     7.4139     7.4082    -0.0057     5.9056     5.9010     53.501     54.679      0.243    1429.46    1429.45  0.000e+00
       5504     54.500     3.4128     3.4134     0.0005    0.76911    0.76854          1     8.3382     8.3083       9.95     0.0122  4.411e-13  1.000e-12  2.267e+02     7.4144     7.4084    -0.0060     5.9060     5.9012     53.996     55.185      0.358    1429.47    1429.46  0.000e+00
       5539     55.000     3.4147     3.4138    -0.0010    0.76926    0.76859          1     8.3405     8.2950       9.95     0.0118  4.438e-13  1.000e-12  2.253e+02     7.4155     7.4087    -0.0067     5.9068     5.9014     54.492     55.691      0.252    1429.48    1429.47  0.000e+00
       5620     55.500     3.4197     3.4211     0.0014    0.76952    0.76892          1     8.3151     8.2934       9.95     0.0120  4.436e-13  1.000e-12  2.254e+02     7.4170     7.4104    -0.0065     5.9079     5.9027     54.987     56.198      0.255    1429.52    1429.52  0.000e+00
       5658     56.000     3.4360     3.4434     0.0075    0.77048    0.76998          1     8.3236     8.2837       9.95     0.0122  4.436e-13  1.000e-12  2.254e+02     7.4230     7.4162    -0.0069     5.9125     5.9069     55.482     56.704      0.326    1429.61    1429.63  0.000e+00
       5700     56.500     3.4883     3.5211     0.0327    0.77372    0.77441          1     8.2804     8.2143       9.95     0.0121  4.451e-13  1.000e-12  2.246e+02     7.4444     7.4441    -0.0004     5.9287     5.9278     55.978     57.210      0.243    1429.88    1430.03  0.000e+00
