ctdpy/tests/etc/all_smhi_bas_2018/SBE09_0827_20181122_0936_26_01_1220.cnv
* Sea-Bird SBE 9 Data File:
* FileName = D:\CTD_SBE911\DAT\26DA.2018.12.20.hex
* Software Version Seasave V 7.21d
* Temperature SN = 4548
* Conductivity SN = 3062
* Number of Bytes Per Scan = 48
* Number of Voltage Words = 5
* Number of Scans Averaged by the Deck Unit = 1
* NMEA Latitude = 57 13.88 N
* NMEA Longitude = 019 05.90 E
* NMEA UTC (Time) = Nov 22 2018  09:37:02
* NMEA baud rate = 4800
** Ship: DANA
** Average sound velocity: 1444.34 m/s
** True-depth calculation Tue, 02 Apr 2019 12:12:59 +0000
** CTD Python Module SMHI /ver 3-12/ feb 2012 
** LIMS Job: 20182601-1220
** Operator: Ronny
** Cruise: 12/2018
# nquan = 26
# nvalues = 178                         
# units = specified
# name 0 = scan: Scan Count
# name 1 = prDM: Pressure, Digiquartz [db]
# name 2 = t090C: Temperature [ITS-90, deg C]
# name 3 = t190C: Temperature, 2 [ITS-90, deg C]
# name 4 = T2-T190C: Temperature Difference, 2 - 1 [ITS-90, deg C]
# name 5 = c0S/m: Conductivity [S/m]
# name 6 = c1S/m: Conductivity, 2 [S/m]
# name 7 = pumps: Pump Status
# name 8 = sbeox1ML/L: Oxygen, SBE 43, 2 [ml/l]
# name 9 = sbeox0ML/L: Oxygen, SBE 43 [ml/l]
# name 10 = altM: Altimeter [m]
# name 11 = chloroflTC0: Chlorophyll, Turner Cyclops [ug/l]
# name 12 = cpar: CPAR/Corrected Irradiance [%]
# name 13 = par: PAR/Irradiance, Biospherical/Lico [µE/(cm^2*s)]
# name 14 = spar: SPAR, Biospherical/Licor
# name 15 = sal00: Salinity, Practical [PSU]
# name 16 = sal11: Salinity, Practical, 2 [PSU]
# name 17 = secS-priS: Salinity, Practical, Difference, 2 - 1 [PSU]
# name 18 = sigma-t00: Density [sigma-t, kg/m^3 ]
# name 19 = sigma-t11: Density, 2 [sigma-t, kg/m^3 ]
# name 20 = depSM: Depth [salt water, m], lat = 57.2313
# name 21 = depFM: Depth [true depth, m], lat = 57.2313
# name 22 = dz/dtM: Descent Rate [m/s], WS = 2
# name 23 = svCM: Sound Velocity [Chen-Millero, m/s]
# name 24 = svCM1: Sound Velocity, 2 [Chen-Millero, m/s]
# name 25 = flag: flag
# span 0 =        240,       8599       
# span 1 =      1.000,     89.500       
# span 2 =     3.8131,     8.3719       
# span 3 =     3.8077,     8.3727       
# span 4 =    -0.1782,     0.0327       
# span 5 =   0.791609,   1.159749       
# span 6 =   0.791487,   1.160019       
# span 7 =          1,          1       
# span 8 =     0.0999,     7.4469       
# span 9 =     0.0535,     7.6747       
# span 10 =       1.02,       9.99      
# span 11 =     0.0157,     0.0222      
# span 12 = 3.8171e-13, 7.5475e+00      
# span 13 = 1.0000e-12, 1.9007e+01      
# span 14 = 2.4979e+02, 2.6198e+02      
# span 15 =     7.1058,    10.6889      
# span 16 =     7.1058,    10.6907      
# span 17 =    -0.0012,     0.0344      
# span 18 =     5.4121,     8.4002      
# span 19 =     5.4120,     8.4014      
# span 20 =      0.991,     88.657      
# span 21 =      1.013,     90.598      
# span 22 =      0.115,      0.310      
# span 23 =    1431.62,    1450.16      
# span 24 =    1431.62,    1450.15      
# span 25 = 0.0000e+00, 0.0000e+00      
# interval = decibars: 0.5              
# start_time = Nov 22 2018 09:37:03 [NMEA time, first data scan]
# bad_flag = -9.990e-29
*END*
[from data line 168]
       8166     85.000     5.8703     5.8738     0.0036    1.14920    1.14949          1     0.1046     0.0636       5.69     0.0164  3.831e-13  1.000e-12  2.611e+02    10.6027    10.6046     0.0018     8.3359     8.3371     84.200     86.053      0.237    1444.88    1444.89  0.000e+00
       8214     85.500     5.8822     5.8854     0.0032    1.15132    1.15158          1     0.1042     0.0597       5.16     0.0162  3.823e-13  1.000e-12  2.616e+02    10.6201    10.6216     0.0015     8.3488     8.3498     84.696     86.558      0.246    1444.96    1444.97  0.000e+00
       8264     86.000     5.8852     5.8886     0.0034    1.15193    1.15223          1     0.1038     0.0606       4.63     0.0161  3.817e-13  1.000e-12  2.620e+02    10.6251    10.6271     0.0020     8.3525     8.3539     85.191     87.063      0.239    1444.98    1445.00  0.000e+00
       8314     86.500     5.8873     5.8890     0.0018    1.15232    1.15240          1     0.1040     0.0578       4.11     0.0163  3.817e-13  1.000e-12  2.620e+02    10.6282    10.6285     0.0003     8.3549     8.3550     85.686     87.568      0.241    1445.01    1445.01  0.000e+00
       8363     87.000     5.8910     5.8936     0.0027    1.15301    1.15323          1     0.1040     0.0554       3.59     0.0160  3.817e-13  1.000e-12  2.620e+02    10.6339    10.6352     0.0013     8.3591     8.3600     86.181     88.073      0.248    1445.04    1445.05  0.000e+00
       8411     87.500     5.8986     5.9016     0.0031    1.15437    1.15467          1     0.1040     0.0564       3.10     0.0163  3.817e-13  1.000e-12  2.620e+02    10.6449    10.6470     0.0020     8.3674     8.3688     86.676     88.578      0.247    1445.09    1445.11  0.000e+00
       8460     88.000     5.9069     5.9101     0.0032    1.15593    1.15625          1     0.1035     0.0567       2.53     0.0168  3.817e-13  1.000e-12  2.620e+02    10.6578    10.6599     0.0022     8.3770     8.3785     87.172     89.083      0.250    1445.15    1445.17  0.000e+00
       8506     88.500     5.9142     5.9170     0.0028    1.15727    1.15752          1     0.1024     0.0552       2.01     0.0163  3.817e-13  1.000e-12  2.620e+02    10.6687    10.6703     0.0017     8.3851     8.3862     87.667     89.588      0.264    1445.20    1445.22  0.000e+00
       8552     89.000     5.9233     5.9262     0.0029    1.15892    1.15919          1     0.0999     0.0535       1.50     0.0164  3.817e-13  1.000e-12  2.620e+02    10.6822    10.6840     0.0018     8.3952     8.3964     88.162     90.093      0.258    1445.27    1445.28  0.000e+00
       8599     89.500     5.9278     5.9308     0.0030    1.15975    1.16002          1     0.1001     0.0597       1.02     0.0168  3.817e-13  1.000e-12  2.620e+02    10.6889    10.6907     0.0017     8.4002     8.4014     88.657     90.598      0.193    1445.30    1445.32  0.000e+00
