ctdpy/tests/etc/all_smhi_bas_2018/SBE09_0827_20181121_0609_26_01_1207.cnv
* Sea-Bird SBE 9 Data File:
* FileName = D:\CTD_SBE911\DAT\26DA.2018.12.7.hex
* Software Version Seasave V 7.21d
* Temperature SN = 4548
* Conductivity SN = 3062
* Number of Bytes Per Scan = 48
* Number of Voltage Words = 5
* Number of Scans Averaged by the Deck Unit = 1
* NMEA Latitude = 55 41.50 N
* NMEA Longitude = 014 25.53 E
* NMEA UTC (Time) = Nov 21 2018  06:09:14
* NMEA baud rate = 4800
** Ship: DANA
** Average sound velocity: 1448.08 m/s
** True-depth calculation Tue, 02 Apr 2019 12:12:02 +0000
** CTD Python Module SMHI /ver 3-12/ feb 2012 
** LIMS Job: 20182601-1207
** Operator: Ronny
** Cruise: 12/2018
# nquan = 26
# nvalues = 77                          
# units = specified
# name 0 = scan: Scan Count
# name 1 = prDM: Pressure, Digiquartz [db]
# name 2 = t090C: Temperature [ITS-90, deg C]
# name 3 = t190C: Temperature, 2 [ITS-90, deg C]
# name 4 = T2-T190C: Temperature Difference, 2 - 1 [ITS-90, deg C]
# name 5 = c0S/m: Conductivity [S/m]
# name 6 = c1S/m: Conductivity, 2 [S/m]
# name 7 = pumps: Pump Status
# name 8 = sbeox1ML/L: Oxygen, SBE 43, 2 [ml/l]
# name 9 = sbeox0ML/L: Oxygen, SBE 43 [ml/l]
# name 10 = altM: Altimeter [m]
# name 11 = chloroflTC0: Chlorophyll, Turner Cyclops [ug/l]
# name 12 = cpar: CPAR/Corrected Irradiance [%]
# name 13 = par: PAR/Irradiance, Biospherical/Lico [µE/(cm^2*s)]
# name 14 = spar: SPAR, Biospherical/Licor
# name 15 = sal00: Salinity, Practical [PSU]
# name 16 = sal11: Salinity, Practical, 2 [PSU]
# name 17 = secS-priS: Salinity, Practical, Difference, 2 - 1 [PSU]
# name 18 = sigma-t00: Density [sigma-t, kg/m^3 ]
# name 19 = sigma-t11: Density, 2 [sigma-t, kg/m^3 ]
# name 20 = depSM: Depth [salt water, m], lat = 55.6917
# name 21 = depFM: Depth [true depth, m], lat = 55.6917
# name 22 = dz/dtM: Descent Rate [m/s], WS = 2
# name 23 = svCM: Sound Velocity [Chen-Millero, m/s]
# name 24 = svCM1: Sound Velocity, 2 [Chen-Millero, m/s]
# name 25 = flag: flag
# span 0 =        174,       4108       
# span 1 =      1.500,     39.500       
# span 2 =     7.7755,     7.7837       
# span 3 =     7.7761,     7.7844       
# span 4 =    -0.0008,     0.0025       
# span 5 =   0.886313,   0.886981       
# span 6 =   0.886314,   0.886983       
# span 7 =          1,          1       
# span 8 =     7.4332,     7.4689       
# span 9 =     7.6672,     7.6895       
# span 10 =       1.65,       9.96      
# span 11 =     0.0268,     0.0293      
# span 12 = 4.9241e-11, 4.9241e-11      
# span 13 = 1.0000e-12, 1.0000e-12      
# span 14 = 2.0308e+00, 2.0308e+00      
# span 15 =     7.5905,     7.5916      
# span 16 =     7.5904,     7.5915      
# span 17 =    -0.0003,     0.0004      
# span 18 =     5.8354,     5.8367      
# span 19 =     5.8353,     5.8367      
# span 20 =      1.486,     39.138      
# span 21 =      1.519,     39.999      
# span 22 =     -0.016,      0.671      
# span 23 =    1447.76,    1448.39      
# span 24 =    1447.76,    1448.40      
# span 25 = 0.0000e+00, 0.0000e+00      
# interval = decibars: 0.5              
# start_time = Nov 21 2018 06:09:14 [NMEA time, first data scan]
# bad_flag = -9.990e-29
*END*
[from data line 56]
       2944     29.500     7.7811     7.7815     0.0004    0.88673    0.88673          1     7.4536     7.6816       9.96     0.0269  4.924e-11  1.000e-12  2.031e+00     7.5909     7.5908    -0.0001     5.8357     5.8356     29.230     29.873      0.395    1448.22    1448.23  0.000e+00
       2979     30.000     7.7810     7.7815     0.0005    0.88674    0.88674          1     7.4641     7.6830       9.96     0.0277  4.924e-11  1.000e-12  2.031e+00     7.5909     7.5909    -0.0001     5.8358     5.8357     29.726     30.379      0.286    1448.23    1448.23  0.000e+00
       3035     30.500     7.7810     7.7816     0.0006    0.88675    0.88675          1     7.4635     7.6786       9.96     0.0269  4.924e-11  1.000e-12  2.031e+00     7.5909     7.5908    -0.0001     5.8358     5.8357     30.221     30.885      0.189    1448.24    1448.24  0.000e+00
       3093     31.000     7.7814     7.7824     0.0009    0.88675    0.88676          1     7.4431     7.6748       9.96     0.0272  4.924e-11  1.000e-12  2.031e+00     7.5908     7.5907    -0.0002     5.8357     5.8355     30.716     31.391      0.266    1448.25    1448.25  0.000e+00
       3131     31.500     7.7820     7.7824     0.0004    0.88676    0.88676          1     7.4437     7.6799       9.96     0.0282  4.924e-11  1.000e-12  2.031e+00     7.5908     7.5906    -0.0001     5.8356     5.8354     31.212     31.898      0.336    1448.26    1448.26  0.000e+00
       3168     32.000     7.7800     7.7804     0.0003    0.88672    0.88671          1     7.4607     7.6815       9.65     0.0271  4.924e-11  1.000e-12  2.031e+00     7.5907     7.5905    -0.0002     5.8357     5.8355     31.707     32.404      0.278    1448.26    1448.26  0.000e+00
       3234     32.500     7.7799     7.7805     0.0006    0.88671    0.88671          1     7.4332     7.6813       9.21     0.0269  4.924e-11  1.000e-12  2.031e+00     7.5906     7.5905    -0.0002     5.8356     5.8355     32.203     32.910      0.158    1448.27    1448.27  0.000e+00
       3303     33.000     7.7810     7.7814     0.0004    0.88675    0.88674          1     7.4469     7.6805       8.55     0.0269  4.924e-11  1.000e-12  2.031e+00     7.5907     7.5905    -0.0002     5.8356     5.8354     32.698     33.417      0.270    1448.28    1448.28  0.000e+00
       3336     33.500     7.7806     7.7813     0.0006    0.88674    0.88674          1     7.4512     7.6875       8.05     0.0272  4.924e-11  1.000e-12  2.031e+00     7.5906     7.5905    -0.0001     5.8355     5.8354     33.193     33.923      0.414    1448.29    1448.29  0.000e+00
       3369     34.000     7.7813     7.7823     0.0010    0.88677    0.88678          1     7.4628     7.6822       7.57     0.0277  4.924e-11  1.000e-12  2.031e+00     7.5907     7.5905    -0.0001     5.8356     5.8354     33.689     34.429      0.289    1448.30    1448.30  0.000e+00
       3452     34.500     7.7824     7.7830     0.0006    0.88681    0.88682          1     7.4571     7.6749       6.99     0.0269  4.924e-11  1.000e-12  2.031e+00     7.5908     7.5907    -0.0001     5.8355     5.8354     34.184     34.936      0.231    1448.31    1448.31  0.000e+00
       3499     35.000     7.7827     7.7832     0.0005    0.88684    0.88684          1     7.4657     7.6737       6.51     0.0278  4.924e-11  1.000e-12  2.031e+00     7.5909     7.5907    -0.0001     5.8356     5.8354     34.679     35.442      0.456    1448.32    1448.32  0.000e+00
       3522     35.500     7.7825     7.7828     0.0002    0.88683    0.88682          1     7.4601     7.6758       6.03     0.0293  4.924e-11  1.000e-12  2.031e+00     7.5908     7.5907    -0.0001     5.8355     5.8354     35.175     35.948      0.473    1448.33    1448.33  0.000e+00
       3580     36.000     7.7818     7.7817    -0.0001    0.88681    0.88679          1     7.4474     7.6773       5.45     0.0278  4.924e-11  1.000e-12  2.031e+00     7.5907     7.5905    -0.0002     5.8355     5.8354     35.670     36.455      0.263    1448.33    1448.33  0.000e+00
       3653     36.500     7.7798     7.7800     0.0002    0.88675    0.88674          1     7.4564     7.6756       4.90     0.0274  4.924e-11  1.000e-12  2.031e+00     7.5905     7.5904    -0.0001     5.8355     5.8354     36.166     36.961      0.313    1448.33    1448.33  0.000e+00
       3716     37.000     7.7803     7.7818     0.0015    0.88677    0.88679          1     7.4689     7.6767       4.37     0.0277  4.924e-11  1.000e-12  2.031e+00     7.5905     7.5904    -0.0001     5.8355     5.8353     36.661     37.467      0.206    1448.34    1448.35  0.000e+00
       3784     37.500     7.7823     7.7834     0.0011    0.88683    0.88685          1     7.4525     7.6818       3.81     0.0273  4.924e-11  1.000e-12  2.031e+00     7.5906     7.5906    -0.0001     5.8354     5.8353     37.156     37.974      0.191    1448.36    1448.36  0.000e+00
       3859     38.000     7.7824     7.7818    -0.0006    0.88685    0.88682          1     7.4582     7.6756       3.28     0.0271  4.924e-11  1.000e-12  2.031e+00     7.5907     7.5906    -0.0001     5.8355     5.8354     37.652     38.480      0.315    1448.36    1448.36  0.000e+00
       3900     38.500     7.7830     7.7834     0.0004    0.88691    0.88691          1     7.4439     7.6704       2.79     0.0280  4.924e-11  1.000e-12  2.031e+00     7.5910     7.5909    -0.0001     5.8357     5.8356     38.147     38.986      0.305    1448.38    1448.38  0.000e+00
       4040     39.000     7.7837     7.7844     0.0007    0.88698    0.88698          1     7.4541     7.6682       2.22     0.0281  4.924e-11  1.000e-12  2.031e+00     7.5915     7.5914    -0.0001     5.8360     5.8358     38.642     39.492      0.366    1448.39    1448.39  0.000e+00
       4108     39.500     7.7835     7.7843     0.0008    0.88690    0.88696          1     7.4556     7.6728       1.65     0.0274  4.924e-11  1.000e-12  2.031e+00     7.5907     7.5911     0.0004     5.8354     5.8357     39.138     39.999     -0.016    1448.39    1448.40  0.000e+00
