ctdpy/tests/etc/all_smhi_bas_2018/SBE09_0827_20180905_0601_26_01_0962.cnv
* Sea-Bird SBE 9 Data File:
* FileName = D:\CTD_SBE911\DAT\26DA.2018.9.12.hex
* Software Version Seasave V 7.21d
* Temperature SN = 034605
* Conductivity SN = 041844
* Number of Bytes Per Scan = 48
* Number of Voltage Words = 5
* Number of Scans Averaged by the Deck Unit = 1
* NMEA Latitude = 58 01.10 N
* NMEA Longitude = 017 58.90 E
* NMEA UTC (Time) = Sep 05 2018  06:04:19
* NMEA baud rate = 4800
** Ship: DANA
** Average sound velocity: 1447.67 m/s
** True-depth calculation Wed, 03 Apr 2019 09:29:24 +0000
** CTD Python Module SMHI /ver 3-12/ feb 2012 
** LIMS Job: 20182601-0962
**  BY32 NORRKØPINGSDJUPET
** Operator: Christian
** Cruise: 09/2018
# nquan = 26
# nvalues = 400                         
# units = specified
# name 0 = scan: Scan Count
# name 1 = prDM: Pressure, Digiquartz [db]
# name 2 = t090C: Temperature [ITS-90, deg C]
# name 3 = t190C: Temperature, 2 [ITS-90, deg C]
# name 4 = T2-T190C: Temperature Difference, 2 - 1 [ITS-90, deg C]
# name 5 = c0S/m: Conductivity [S/m]
# name 6 = c1S/m: Conductivity, 2 [S/m]
# name 7 = pumps: Pump Status
# name 8 = sbeox1ML/L: Oxygen, SBE 43, 2 [ml/l]
# name 9 = sbeox0ML/L: Oxygen, SBE 43 [ml/l]
# name 10 = altM: Altimeter [m]
# name 11 = chloroflTC0: Chlorophyll, Turner Cyclops [ug/l]
# name 12 = cpar: CPAR/Corrected Irradiance [%]
# name 13 = par: PAR/Irradiance, Biospherical/Lico [µE/(cm^2*s)]
# name 14 = spar: SPAR, Biospherical/Licor
# name 15 = sal00: Salinity, Practical [PSU]
# name 16 = sal11: Salinity, Practical, 2 [PSU]
# name 17 = secS-priS: Salinity, Practical, Difference, 2 - 1 [PSU]
# name 18 = sigma-t00: Density [sigma-t, kg/m^3 ]
# name 19 = sigma-t11: Density, 2 [sigma-t, kg/m^3 ]
# name 20 = depSM: Depth [salt water, m], lat = 58.0183
# name 21 = depFM: Depth [true depth, m], lat = 58.0183
# name 22 = dz/dtM: Descent Rate [m/s], WS = 2
# name 23 = svCM: Sound Velocity [Chen-Millero, m/s]
# name 24 = svCM1: Sound Velocity, 2 [Chen-Millero, m/s]
# name 25 = flag: flag
# span 0 =        187,      15071       
# span 1 =      1.000,    200.500       
# span 2 =     3.3985,    18.5578       
# span 3 =     3.3951,    18.5577       
# span 4 =    -1.6379,     0.0385       
# span 5 =   0.758848,   1.204208       
# span 6 =   0.758496,   1.203690       
# span 7 =          1,          1       
# span 8 =     0.0390,     7.5429       
# span 9 =     0.0245,     7.8666       
# span 10 =       1.48,       9.98      
# span 11 =     0.0424,     0.2802      
# span 12 = 7.5052e-14, 1.6506e+00      
# span 13 = 1.0000e-12, 2.0458e+01      
# span 14 = 1.0649e+03, 1.3325e+03      
# span 15 =     6.7035,    11.0736      
# span 16 =     6.7238,    11.0687      
# span 17 =    -0.0082,     0.1542      
# span 18 =     3.6455,     8.6957      
# span 19 =     3.6427,     8.6919      
# span 20 =      0.990,    198.545      
# span 21 =      1.015,    202.744      
# span 22 =     -0.053,      0.570      
# span 23 =    1429.40,    1485.75      
# span 24 =    1429.37,    1485.74      
# span 25 = 0.0000e+00, 0.0000e+00      
# interval = decibars: 0.5              
# start_time = Sep 05 2018 06:04:19 [NMEA time, first data scan]
# bad_flag = -9.990e-29
*END*
[from data line 223]
      10245    112.500     5.9079     5.9100     0.0021    1.17377    1.17368          1     0.0632     0.0488       9.97     0.0530  7.622e-14  1.000e-12  1.312e+03    10.8309    10.8293    -0.0016     8.5133     8.5119    111.427    113.881      0.465    1445.76    1445.77  0.000e+00
      10271    113.000     5.9099     5.9136     0.0037    1.17424    1.17443          1     0.0627     0.0494       9.97     0.0530  7.622e-14  1.000e-12  1.312e+03    10.8348    10.8355     0.0008     8.5162     8.5166    111.922    114.386      0.469    1445.79    1445.80  0.000e+00
      10296    113.500     5.9128     5.9167     0.0039    1.17490    1.17513          1     0.0639     0.0517       9.97     0.0530  7.609e-14  1.000e-12  1.314e+03    10.8403    10.8414     0.0011     8.5204     8.5210    112.417    114.891      0.483    1445.81    1445.83  0.000e+00
      10321    114.000     5.9161     5.9206     0.0045    1.17566    1.17589          1     0.0635     0.0489       9.97     0.0521  7.595e-14  1.000e-12  1.317e+03    10.8467    10.8476     0.0009     8.5252     8.5257    112.912    115.396      0.492    1445.84    1445.86  0.000e+00
      10345    114.500     5.9198     5.9245     0.0047    1.17641    1.17667          1     0.0628     0.0506       9.97     0.0519  7.587e-14  1.000e-12  1.318e+03    10.8530    10.8541     0.0010     8.5300     8.5305    113.407    115.901      0.488    1445.87    1445.90  0.000e+00
      10370    115.000     5.9235     5.9284     0.0049    1.17714    1.17749          1     0.0618     0.0474       9.97     0.0513  7.587e-14  1.000e-12  1.318e+03    10.8590    10.8609     0.0019     8.5345     8.5356    113.902    116.406      0.486    1445.90    1445.93  0.000e+00
      10394    115.500     5.9270     5.9316     0.0046    1.17791    1.17817          1     0.0627     0.0474       9.97     0.0513  7.598e-14  1.000e-12  1.316e+03    10.8654    10.8665     0.0011     8.5393     8.5399    114.398    116.911      0.486    1445.94    1445.96  0.000e+00
      10419    116.000     5.9305     5.9354     0.0049    1.17863    1.17897          1     0.0627     0.0495       9.97     0.0517  7.599e-14  1.000e-12  1.316e+03    10.8714    10.8732     0.0018     8.5438     8.5449    114.893    117.416      0.482    1445.97    1445.99  0.000e+00
      10444    116.500     5.9345     5.9378     0.0033    1.17945    1.17946          1     0.0618     0.0448       9.97     0.0525  7.599e-14  1.000e-12  1.316e+03    10.8782    10.8772    -0.0010     8.5489     8.5479    115.388    117.921      0.493    1446.00    1446.01  0.000e+00
      10468    117.000     5.9377     5.9428     0.0051    1.18010    1.18041          1     0.0632     0.0441       9.97     0.0521  7.599e-14  1.000e-12  1.316e+03    10.8836    10.8850     0.0014     8.5529     8.5537    115.883    118.426      0.512    1446.03    1446.05  0.000e+00
      10491    117.500     5.9415     5.9454     0.0039    1.18092    1.18113          1     0.0606     0.0477       9.97     0.0516  7.599e-14  1.000e-12  1.316e+03    10.8905    10.8912     0.0008     8.5581     8.5585    116.378    118.931      0.518    1446.06    1446.08  0.000e+00
      10515    118.000     5.9443     5.9466     0.0023    1.18151    1.18145          1     0.0608     0.0476       9.97     0.0513  7.606e-14  1.000e-12  1.315e+03    10.8953    10.8940    -0.0013     8.5617     8.5606    116.873    119.436      0.491    1446.09    1446.10  0.000e+00
      10540    118.500     5.9462     5.9480     0.0018    1.18190    1.18176          1     0.0619     0.0451       9.97     0.0513  7.611e-14  1.000e-12  1.314e+03    10.8985    10.8966    -0.0019     8.5641     8.5625    117.368    119.941      0.456    1446.11    1446.11  0.000e+00
      10567    119.000     5.9476     5.9491     0.0014    1.18224    1.18204          1     0.0567     0.0473       9.97     0.0516  7.616e-14  1.000e-12  1.313e+03    10.9013    10.8989    -0.0025     8.5663     8.5642    117.863    120.446      0.442    1446.13    1446.13  0.000e+00
      10594    119.500     5.9494     5.9532     0.0037    1.18265    1.18279          1     0.0613     0.0458       9.97     0.0524  7.616e-14  1.000e-12  1.313e+03    10.9048    10.9049     0.0001     8.5689     8.5688    118.358    120.951      0.464    1446.15    1446.16  0.000e+00
      10619    120.000     5.9526     5.9558     0.0032    1.18335    1.18347          1     0.0568     0.0472       9.97     0.0525  7.603e-14  1.000e-12  1.315e+03    10.9106    10.9108     0.0002     8.5733     8.5732    118.853    121.455      0.497    1446.17    1446.19  0.000e+00
      10643    120.500     5.9551     5.9572     0.0021    1.18393    1.18387          1     0.0605     0.0451       9.97     0.0523  7.590e-14  1.000e-12  1.318e+03    10.9155    10.9142    -0.0013     8.5769     8.5758    119.348    121.960      0.475    1446.20    1446.21  0.000e+00
      10670    121.000     5.9569     5.9583     0.0014    1.18431    1.18410          1     0.0622     0.0462       9.97     0.0518  7.590e-14  1.000e-12  1.318e+03    10.9186    10.9161    -0.0025     8.5793     8.5772    119.843    122.465      0.420    1446.22    1446.22  0.000e+00
      10699    121.500     5.9584     5.9594     0.0010    1.18464    1.18433          1     0.0620     0.0454       9.97     0.0514  7.602e-14  1.000e-12  1.315e+03    10.9213    10.9179    -0.0035     8.5814     8.5786    120.338    122.970      0.433    1446.24    1446.24  0.000e+00
      10725    122.000     5.9596     5.9600     0.0004    1.18487    1.18446          1     0.0565     0.0450       9.97     0.0517  7.608e-14  1.000e-12  1.314e+03    10.9232    10.9190    -0.0042     8.5827     8.5794    120.834    123.475      0.507    1446.25    1446.25  0.000e+00
      10747    122.500     5.9605     5.9613     0.0008    1.18507    1.18469          1     0.0567     0.0444       9.97     0.0532  7.597e-14  1.000e-12  1.316e+03    10.9247    10.9207    -0.0040     8.5839     8.5807    121.329    123.980      0.539    1446.27    1446.26  0.000e+00
      10769    123.000     5.9619     5.9646     0.0026    1.18538    1.18535          1     0.0560     0.0453       9.97     0.0529  7.587e-14  1.000e-12  1.318e+03    10.9273    10.9261    -0.0012     8.5858     8.5847    121.824    124.485      0.516    1446.28    1446.29  0.000e+00
      10794    123.500     5.9642     5.9654     0.0012    1.18585    1.18567          1     0.0568     0.0463       9.97     0.0516  7.587e-14  1.000e-12  1.318e+03    10.9312    10.9290    -0.0022     8.5887     8.5869    122.319    124.990      0.474    1446.30    1446.31  0.000e+00
      10820    124.000     5.9655     5.9672     0.0018    1.18617    1.18611          1     0.0582     0.0408       9.97     0.0514  7.607e-14  1.000e-12  1.314e+03    10.9338    10.9327    -0.0011     8.5907     8.5898    122.814    125.495      0.466    1446.32    1446.33  0.000e+00
      10845    124.500     5.9671     5.9690     0.0019    1.18661    1.18657          1     0.0579     0.0449       9.97     0.0523  7.632e-14  1.000e-12  1.310e+03    10.9376    10.9366    -0.0010     8.5936     8.5927    123.309    126.000      0.482    1446.34    1446.35  0.000e+00
      10870    125.000     5.9688     5.9705     0.0017    1.18706    1.18688          1     0.0585     0.0456       9.97     0.0528  7.634e-14  1.000e-12  1.310e+03    10.9414    10.9391    -0.0023     8.5965     8.5945    123.804    126.505      0.495    1446.36    1446.37  0.000e+00
      10894    125.500     5.9708     5.9723     0.0014    1.18743    1.18717          1     0.0576     0.0448       9.97     0.0529  7.623e-14  1.000e-12  1.312e+03    10.9444    10.9413    -0.0030     8.5987     8.5962    124.299    127.010      0.505    1446.38    1446.39  0.000e+00
      10917    126.000     5.9723     5.9737     0.0014    1.18769    1.18742          1     0.0582     0.0477       9.97     0.0516  7.611e-14  1.000e-12  1.314e+03    10.9464    10.9433    -0.0031     8.6002     8.5977    124.794    127.515      0.490    1446.40    1446.40  0.000e+00
      10943    126.500     5.9737     5.9766     0.0029    1.18797    1.18799          1     0.0571     0.0409       9.97     0.0514  7.616e-14  1.000e-12  1.313e+03    10.9487    10.9479    -0.0008     8.6019     8.6011    125.289    128.020      0.466    1446.42    1446.43  0.000e+00
      10969    127.000     5.9757     5.9792     0.0035    1.18839    1.18860          1     0.0577     0.0422       9.97     0.0528  7.630e-14  1.000e-12  1.311e+03    10.9521    10.9530     0.0009     8.6045     8.6050    125.784    128.525      0.453    1446.44    1446.45  0.000e+00
      10996    127.500     5.9782     5.9807     0.0024    1.18894    1.18893          1     0.0581     0.0441       9.97     0.0516  7.634e-14  1.000e-12  1.310e+03    10.9566    10.9558    -0.0009     8.6079     8.6071    126.279    129.029      0.459    1446.46    1446.47  0.000e+00
      11021    128.000     5.9806     5.9835     0.0029    1.18947    1.18949          1     0.0578     0.0408       9.97     0.0522  7.625e-14  1.000e-12  1.312e+03    10.9611    10.9604    -0.0007     8.6112     8.6105    126.774    129.534      0.479    1446.48    1446.50  0.000e+00
      11046    128.500     5.9830     5.9858     0.0027    1.18996    1.18997          1     0.0574     0.0441       9.97     0.0516  7.619e-14  1.000e-12  1.312e+03    10.9652    10.9643    -0.0009     8.6143     8.6134    127.269    130.039      0.500    1446.51    1446.52  0.000e+00
      11069    129.000     5.9851     5.9873     0.0022    1.19040    1.19033          1     0.0573     0.0437       9.97     0.0516  7.611e-14  1.000e-12  1.314e+03    10.9687    10.9673    -0.0014     8.6169     8.6157    127.764    130.544      0.509    1446.53    1446.54  0.000e+00
      11093    129.500     5.9872     5.9880     0.0008    1.19084    1.19052          1     0.0568     0.0408       9.97     0.0522  7.613e-14  1.000e-12  1.314e+03    10.9723    10.9689    -0.0034     8.6197     8.6169    128.259    131.049      0.509    1446.55    1446.55  0.000e+00
      11116    130.000     5.9883     5.9880    -0.0002    1.19104    1.19056          1     0.0578     0.0441       9.97     0.0525  7.624e-14  1.000e-12  1.312e+03    10.9739    10.9692    -0.0048     8.6209     8.6171    128.755    131.554      0.509    1446.56    1446.56  0.000e+00
      11140    130.500     5.9887     5.9881    -0.0005    1.19111    1.19058          1     0.0583     0.0383       9.97     0.0516  7.634e-14  1.000e-12  1.310e+03    10.9744    10.9693    -0.0051     8.6212     8.6172    129.250    132.059      0.511    1446.58    1446.57  0.000e+00
      11163    131.000     5.9889     5.9882    -0.0007    1.19116    1.19060          1     0.0567     0.0430       9.97     0.0522  7.634e-14  1.000e-12  1.310e+03    10.9748    10.9694    -0.0054     8.6215     8.6173    129.745    132.564      0.519    1446.59    1446.58  0.000e+00
      11186    131.500     5.9890     5.9884    -0.0006    1.19118    1.19064          1     0.0572     0.0398       9.97     0.0514  7.634e-14  1.000e-12  1.310e+03    10.9748    10.9696    -0.0052     8.6215     8.6175    130.240    133.069      0.510    1446.59    1446.58  0.000e+00
      11210    132.000     5.9891     5.9889    -0.0002    1.19121    1.19072          1     0.0572     0.0389       9.97     0.0513  7.634e-14  1.000e-12  1.310e+03    10.9750    10.9701    -0.0048     8.6216     8.6179    130.735    133.574      0.503    1446.60    1446.59  0.000e+00
      11234    132.500     5.9897     5.9899     0.0002    1.19133    1.19099          1     0.0574     0.0426       9.97     0.0514  7.625e-14  1.000e-12  1.312e+03    10.9759    10.9724    -0.0035     8.6223     8.6196    131.230    134.079      0.507    1446.61    1446.61  0.000e+00
      11258    133.000     5.9902     5.9905     0.0003    1.19148    1.19111          1     0.0580     0.0410       9.97     0.0515  7.622e-14  1.000e-12  1.312e+03    10.9771    10.9733    -0.0039     8.6233     8.6202    131.725    134.584      0.501    1446.63    1446.62  0.000e+00
      11282    133.500     5.9910     5.9916     0.0006    1.19165    1.19130          1     0.0574     0.0409       9.97     0.0515  7.622e-14  1.000e-12  1.312e+03    10.9785    10.9748    -0.0037     8.6243     8.6213    132.220    135.088      0.485    1446.64    1446.64  0.000e+00
      11307    134.000     5.9919     5.9932     0.0013    1.19184    1.19166          1     0.0571     0.0406       9.97     0.0521  7.622e-14  1.000e-12  1.312e+03    10.9800    10.9778    -0.0022     8.6254     8.6236    132.715    135.593      0.486    1446.65    1446.66  0.000e+00
      11331    134.500     5.9932     5.9939     0.0007    1.19210    1.19182          1     0.0578     0.0402       9.97     0.0522  7.613e-14  1.000e-12  1.314e+03    10.9821    10.9790    -0.0031     8.6270     8.6245    133.210    136.098      0.502    1446.67    1446.67  0.000e+00
      11355    135.000     5.9941     5.9945     0.0005    1.19231    1.19199          1     0.0578     0.0400       9.97     0.0515  7.597e-14  1.000e-12  1.316e+03    10.9837    10.9804    -0.0033     8.6282     8.6256    133.705    136.603      0.510    1446.68    1446.68  0.000e+00
      11379    135.500     5.9949     5.9952     0.0002    1.19251    1.19212          1     0.0564     0.0420       9.97     0.0524  7.587e-14  1.000e-12  1.318e+03    10.9853    10.9814    -0.0040     8.6294     8.6263    134.200    137.108      0.504    1446.70    1446.69  0.000e+00
      11403    136.000     5.9956     5.9955    -0.0001    1.19265    1.19223          1     0.0563     0.0380       9.97     0.0527  7.586e-14  1.000e-12  1.318e+03    10.9865    10.9823    -0.0042     8.6303     8.6270    134.695    137.613      0.498    1446.71    1446.70  0.000e+00
      11427    136.500     5.9962     5.9961    -0.0001    1.19277    1.19235          1     0.0561     0.0407       9.97     0.0519  7.587e-14  1.000e-12  1.318e+03    10.9874    10.9832    -0.0042     8.6310     8.6277    135.190    138.118      0.508    1446.72    1446.71  0.000e+00
      11450    137.000     5.9967     5.9967     0.0001    1.19291    1.19253          1     0.0569     0.0393       9.97     0.0539  7.588e-14  1.000e-12  1.318e+03    10.9885    10.9847    -0.0038     8.6318     8.6288    135.685    138.623      0.530    1446.73    1446.73  0.000e+00
      11472    137.500     5.9973     5.9971    -0.0002    1.19305    1.19261          1     0.0547     0.0368       9.97     0.0527  7.587e-14  1.000e-12  1.318e+03    10.9896    10.9853    -0.0043     8.6326     8.6293    136.180    139.128      0.544    1446.74    1446.74  0.000e+00
      11494    138.000     5.9980     5.9983     0.0004    1.19319    1.19284          1     0.0525     0.0397       9.97     0.0514  7.587e-14  1.000e-12  1.318e+03    10.9907    10.9871    -0.0036     8.6335     8.6306    136.675    139.633      0.532    1446.76    1446.75  0.000e+00
      11517    138.500     5.9988     5.9995     0.0008    1.19339    1.19316          1     0.0562     0.0386       9.97     0.0518  7.600e-14  1.000e-12  1.316e+03    10.9924    10.9898    -0.0025     8.6347     8.6327    137.170    140.138      0.504    1446.77    1446.77  0.000e+00
      11542    139.000     5.9996     5.9998     0.0002    1.19362    1.19326          1     0.0570     0.0419       9.97     0.0517  7.620e-14  1.000e-12  1.312e+03    10.9942    10.9906    -0.0036     8.6361     8.6333    137.665    140.642      0.494    1446.78    1446.78  0.000e+00
      11566    139.500     6.0004     5.9999    -0.0004    1.19378    1.19330          1     0.0552     0.0380       9.97     0.0513  7.634e-14  1.000e-12  1.310e+03    10.9955    10.9909    -0.0046     8.6371     8.6335    138.160    141.147      0.507    1446.80    1446.79  0.000e+00
