ctdpy/tests/etc/all_smhi_bas_2018/SBE09_1044_20181207_2333_34_01_0165.cnv
* Sea-Bird SBE 9 Data File:
* FileName = C:\ctd\temp\ar18d165.hex
* Software Version Seasave V 7.26.7.107
* Temperature SN = 5351
* Conductivity SN = 3941
* Number of Bytes Per Scan = 41
* Number of Voltage Words = 4
* Number of Scans Averaged by the Deck Unit = 1
* NMEA Latitude = 58 17.07 N
* NMEA Longitude = 010 30.29 E
* NMEA UTC (Time) = Dec 07 2018  23:33:50
* NMEA baud rate = 4800
** Station:  Å17
** Operator:  ASkj
** Ship: ARANDA
** Average sound velocity: 1484.40 m/s
** True-depth calculation Sun, 09 Dec 2018 17:23:35 +0000
** CTD Python Module SMHI /ver 3-12/ feb 2012 
** LIMS Job: 20183401-0165
** Cruise: SMHI-7-2018
** Latitude [GG MM.mm N]:
** Longitude [GG MM.mm E]
# nquan = 26
# nvalues = 694                         
# units = specified
# name 0 = scan: Scan Count
# name 1 = prDM: Pressure, Digiquartz [db]
# name 2 = t090C: Temperature [ITS-90, deg C]
# name 3 = t190C: Temperature, 2 [ITS-90, deg C]
# name 4 = T2-T190C: Temperature Difference, 2 - 1 [ITS-90, deg C]
# name 5 = c0S/m: Conductivity [S/m]
# name 6 = c1S/m: Conductivity, 2 [S/m]
# name 7 = pumps: Pump Status
# name 8 = sbeox0ML/L: Oxygen, SBE 43 [ml/l]
# name 9 = sbeox1ML/L: Oxygen, SBE 43, 2 [ml/l]
# name 10 = altM: Altimeter [m]
# name 11 = flECO-AFL: Chl-a Fluorescence, WET Labs ECO-AFL/FL [mg/m^3]
# name 12 = flECO-AFL1: Phycocyanin Fluorescence, WET Labs ECO-AFL/FL, 2 [mg/m^3]
# name 13 = par: PAR/Irradiance, Biospherical/Lico [µE/(cm^2*s)]
# name 14 = turbWETntu0: Turbidity, WET Labs ECO [NTU]
# name 15 = sal00: Salinity, Practical [PSU]
# name 16 = sal11: Salinity, Practical, 2 [PSU]
# name 17 = secS-priS: Salinity, Practical, Difference, 2 - 1 [PSU]
# name 18 = sigma-t00: Density [sigma-t, Kg/m^3 ]
# name 19 = sigma-t11: Density, 2 [sigma-t, Kg/m^3 ]
# name 20 = depSM: Depth [salt water, m], lat = 58.2845
# name 21 = depFM: Depth [true depth, m], lat = 58.2845
# name 22 = dz/dtM: Descent Rate [m/s], WS = 2
# name 23 = svCM: Sound Velocity [Chen-Millero, m/s]
# name 24 = svCM1: Sound Velocity, 2 [Chen-Millero, m/s]
# name 25 = flag: flag
# span 0 =      47554,      64003       
# span 1 =      1.500,    348.000       
# span 2 =     6.2804,     9.6082       
# span 3 =     6.2817,     9.6091       
# span 4 =    -0.0604,     0.0176       
# span 5 =   3.384666,   3.767428       
# span 6 =   3.384821,   3.767517       
# span 7 =          1,          1       
# span 8 =    5.28386,    6.56267       
# span 9 =    5.27717,    6.55154       
# span 10 =       5.85,      99.93      
# span 11 =    -0.0045,     1.0000      
# span 12 =     0.1037,     0.3215      
# span 13 = -3.179e-04, 1.3475e-02      
# span 14 =     0.1346,     0.5439      
# span 15 =    32.6833,    35.1418      
# span 16 =    32.6835,    35.1415      
# span 17 =    -0.0523,     0.0139      
# span 18 =    25.4880,    27.6175      
# span 19 =    25.4879,    27.6170      
# span 20 =      1.486,    344.477      
# span 21 =      1.490,    345.038      
# span 22 =      0.006,      1.272      
# span 23 =    1478.76,    1489.32      
# span 24 =    1478.77,    1489.33      
# span 25 = 0.0000e+00, 0.0000e+00      
# interval = decibars: 0.5              
# start_time = Dec 07 2018 23:33:51 [NMEA time, first data scan]
# bad_flag = -9.990e-29
*END*
[from data line 502]
      59102    252.500     6.7500     6.7508     0.0008    3.52769    3.52772          1     5.5061     5.5109      98.43     0.0037     0.2061  1.000e-12  0.3458000    35.1194    35.1190    -0.0004    27.5475    27.5471    250.001    250.381      0.713    1481.98    1481.99  0.000e+00
      59119    253.000     6.7486     6.7495     0.0010    3.52759    3.52765          1     5.5070     5.5164      98.43     0.0105     0.1493  1.000e-12  0.3844000    35.1195    35.1191    -0.0003    27.5478    27.5474    250.496    250.876      0.608    1481.99    1481.99  0.000e+00
      59143    253.500     6.7459     6.7464     0.0007    3.52739    3.52739          1     5.4999     5.5017      98.40     0.0305     0.1488  1.000e-12  0.3911000    35.1197    35.1192    -0.0005    27.5483    27.5479    250.991    251.372      0.467    1481.99    1481.99  0.000e+00
      59170    254.000     6.7034     6.7130     0.0094    3.52357    3.52438          1     5.5069     5.5076      98.32     0.0262     0.2195  1.000e-12  0.3542000    35.1206    35.1199    -0.0008    27.5549    27.5530    251.486    251.868      0.505    1481.83    1481.87  0.000e+00
      59191    254.500     6.6696     6.6748     0.0051    3.52055    3.52094          1     5.5148     5.5167      98.34     0.0071     0.1848  1.000e-12  0.3670000    35.1216    35.1205    -0.0011    27.5602    27.5587    251.980    252.363      0.595    1481.71    1481.73  0.000e+00
      59210    255.000     6.6583     6.6688     0.0106    3.51949    3.52039          1     5.5226     5.5228      98.35     0.0161     0.2034  1.000e-12  0.4168000    35.1211    35.1203    -0.0008    27.5614    27.5593    252.475    252.859      0.587    1481.67    1481.71  0.000e+00
      59232    255.500     6.6382     6.6401     0.0020    3.51764    3.51779          1     5.5293     5.5340      98.35     0.0268     0.2200  1.000e-12  0.3654000    35.1208    35.1206    -0.0003    27.5639    27.5634    252.970    253.355      0.509    1481.60    1481.61  0.000e+00
      59258    256.000     6.6407     6.6420     0.0013    3.51790    3.51794          1     5.5347     5.5409      98.42     0.0273     0.2013  1.000e-12  0.4389000    35.1209    35.1200    -0.0009    27.5636    27.5627    253.465    253.850      0.490    1481.62    1481.62  0.000e+00
      59281    256.500     6.6500     6.6514     0.0014    3.51873    3.51884          1     5.5386     5.5427      98.42     0.0272     0.2290  1.000e-12  0.3655000    35.1204    35.1202    -0.0002    27.5620    27.5616    253.959    254.346      0.547    1481.66    1481.67  0.000e+00
      59302    257.000     6.6510     6.6462    -0.0047    3.51886    3.51839          1     5.5274     5.5382      98.42     0.0283     0.2069  1.000e-12  0.3632000    35.1205    35.1203    -0.0003    27.5619    27.5624    254.454    254.841      0.586    1481.68    1481.65  0.000e+00
      59322    257.500     6.6388     6.6259    -0.0130    3.51778    3.51658          1     5.5280     5.5382      98.43     0.0225     0.2071  1.000e-12  0.3633000    35.1207    35.1207     0.0000    27.5637    27.5655    254.949    255.337      0.582    1481.63    1481.58  0.000e+00
      59343    258.000     6.5845     6.5862     0.0016    3.51273    3.51274          1     5.5460     5.5571      98.42     0.0124     0.2404  1.000e-12  0.3723000    35.1200    35.1184    -0.0016    27.5705    27.5690    255.444    255.833      0.550    1481.43    1481.44  0.000e+00
      59366    258.500     6.5466     6.5479     0.0014    3.50924    3.50936          1     5.5765     5.5790      98.41     0.0091     0.2461  1.000e-12  0.3829000    35.1199    35.1198    -0.0001    27.5756    27.5753    255.938    256.328      0.494    1481.29    1481.30  0.000e+00
      59392    259.000     6.5364     6.5379     0.0014    3.50833    3.50841          1     5.5947     5.5878      98.44     0.0310     0.2148  1.000e-12  0.3426000    35.1198    35.1192    -0.0006    27.5769    27.5762    256.433    256.824      0.467    1481.26    1481.26  0.000e+00
      59416    259.500     6.5353     6.5366     0.0014    3.50824    3.50832          1     5.5968     5.5901      98.44     0.0394     0.1976  1.000e-12  0.3515000    35.1198    35.1193    -0.0005    27.5770    27.5764    256.928    257.319      0.562    1481.26    1481.27  0.000e+00
      59436    260.000     6.5333     6.5343     0.0011    3.50808    3.50815          1     5.5983     5.5991      98.45     0.0405     0.1777  1.000e-12  0.3495000    35.1198    35.1195    -0.0003    27.5773    27.5769    257.422    257.815      0.664    1481.26    1481.27  0.000e+00
      59453    260.500     6.5232     6.5247     0.0014    3.50722    3.50731          1     5.5933     5.6026      98.47     0.0398     0.1645  1.000e-12  0.4111000    35.1202    35.1198    -0.0005    27.5790    27.5784    257.917    258.311      0.678    1481.23    1481.24  0.000e+00
      59471    261.000     6.5119     6.5124     0.0005    3.50623    3.50625          1     5.5880     5.6015      98.49     0.0421     0.1826  1.000e-12  0.4170000    35.1207    35.1204    -0.0004    27.5809    27.5805    258.412    258.806      0.574    1481.20    1481.20  0.000e+00
      59497    261.500     6.4891     6.4921     0.0030    3.50407    3.50430          1     5.6024     5.6148      98.45     0.0465     0.2065  1.000e-12  0.3578000    35.1198    35.1192    -0.0006    27.5832    27.5823    258.907    259.302      0.418    1481.12    1481.13  0.000e+00
      59527    262.000     6.4417     6.4424     0.0007    3.49987    3.49983          1     5.6308     5.6378      98.45     0.0327     0.1737  1.000e-12  0.3396000    35.1214    35.1202    -0.0012    27.5908    27.5898    259.401    259.797      0.455    1480.94    1480.94  0.000e+00
      59550    262.500     6.4405     6.4419     0.0014    3.49975    3.49984          1     5.6419     5.6419      98.38     0.0283     0.1549  1.000e-12  0.3301000    35.1210    35.1205    -0.0005    27.5907    27.5901    259.896    260.293      0.606    1480.94    1480.95  0.000e+00
      59568    263.000     6.4372     6.4382     0.0010    3.49948    3.49954          1     5.6421     5.6405      98.37     0.0269     0.1631  1.000e-12  0.3379000    35.1211    35.1208    -0.0003    27.5912    27.5908    260.391    260.789      0.673    1480.94    1480.94  0.000e+00
      59585    263.500     6.4362     6.4351    -0.0011    3.49944    3.49930          1     5.6431     5.6433      98.31    -0.0045     0.1764  1.000e-12  0.3391000    35.1214    35.1209    -0.0004    27.5915    27.5913    260.886    261.284      0.617    1480.94    1480.94  0.000e+00
      59609    264.000     6.4323     6.4306    -0.0017    3.49912    3.49891          1     5.6452     5.6471      98.30     0.0167     0.1979  1.000e-12  0.3391000    35.1215    35.1210    -0.0005    27.5922    27.5920    261.380    261.780      0.426    1480.94    1480.93  0.000e+00
      59643    264.500     6.4283     6.4294     0.0011    3.49877    3.49885          1     5.6425     5.6410      98.21     0.0294     0.1538  1.000e-12  0.3137000    35.1216    35.1213    -0.0003    27.5927    27.5924    261.875    262.275      0.409    1480.93    1480.93  0.000e+00
      59666    265.000     6.4256     6.4263     0.0007    3.49857    3.49859          1     5.6418     5.6417      98.09     0.0394     0.1771  1.000e-12  0.4335000    35.1218    35.1214    -0.0004    27.5933    27.5928    262.370    262.771      0.668    1480.92    1480.93  0.000e+00
      59681    265.500     6.4279     6.4306     0.0026    3.49882    3.49904          1     5.6416     5.6470      98.15     0.0457     0.1913  1.000e-12  0.3569000    35.1220    35.1216    -0.0003    27.5931    27.5925    262.864    263.267      0.797    1480.94    1480.95  0.000e+00
      59696    266.000     6.4298     6.4326     0.0029    3.49896    3.49921          1     5.6431     5.6488      98.12     0.0501     0.2072  1.000e-12  0.3077000    35.1214    35.1213    -0.0001    27.5924    27.5920    263.359    263.762      0.802    1480.96    1480.97  0.000e+00
      59711    266.500     6.4318     6.4336     0.0019    3.49920    3.49932          1     5.6459     5.6490      98.09     0.0320     0.1967  1.000e-12  0.3306000    35.1217    35.1212    -0.0005    27.5924    27.5918    263.854    264.258      0.679    1480.98    1480.98  0.000e+00
      59734    267.000     6.4321     6.4334     0.0014    3.49927    3.49934          1     5.6432     5.6501      97.96     0.0278     0.2082  1.000e-12  0.3513000    35.1220    35.1214    -0.0006    27.5926    27.5919    264.349    264.753      0.426    1480.99    1480.99  0.000e+00
      59772    267.500     6.4345     6.4371     0.0027    3.49950    3.49971          1     5.6388     5.6395      97.87     0.0254     0.1868  1.000e-12  0.3243000    35.1218    35.1214    -0.0003    27.5921    27.5914    264.843    265.249      0.350    1481.00    1481.01  0.000e+00
      59798    268.000     6.4322     6.4356     0.0034    3.49931    3.49958          1     5.6348     5.6374      97.87     0.0159     0.1776  1.000e-12  0.3216000    35.1218    35.1214    -0.0005    27.5924    27.5916    265.338    265.745      0.576    1481.00    1481.01  0.000e+00
      59816    268.500     6.4247     6.4263     0.0016    3.49868    3.49880          1     5.6373     5.6381      97.84     0.0161     0.1778  1.000e-12  0.3445000    35.1223    35.1219    -0.0004    27.5938    27.5933    265.833    266.240      0.665    1480.98    1480.99  0.000e+00
      59834    269.000     6.4262     6.4287     0.0025    3.49883    3.49903          1     5.6379     5.6429      97.83     0.0293     0.1882  1.000e-12  0.3427000    35.1220    35.1217    -0.0003    27.5934    27.5928    266.327    266.736      0.653    1480.99    1481.00  0.000e+00
      59854    269.500     6.4247     6.4279     0.0031    3.49872    3.49896          1     5.6386     5.6479      97.83     0.0391     0.2208  1.000e-12  0.3450000    35.1221    35.1216    -0.0005    27.5937    27.5928    266.822    267.231      0.564    1481.00    1481.01  0.000e+00
      59877    270.000     6.4236     6.4242     0.0006    3.49865    3.49865          1     5.6383     5.6435      97.88     0.0420     0.2064  1.000e-12  0.3447000    35.1223    35.1216    -0.0007    27.5939    27.5933    267.317    267.727      0.491    1481.00    1481.00  0.000e+00
      59902    270.500     6.4196     6.4219     0.0024    3.49830    3.49849          1     5.6353     5.6468      97.83     0.0459     0.1647  1.000e-12  0.3019000    35.1222    35.1219    -0.0003    27.5944    27.5939    267.812    268.222      0.528    1480.99    1481.00  0.000e+00
      59923    271.000     6.4169     6.4185     0.0015    3.49810    3.49820          1     5.6385     5.6449      97.81     0.0161     0.2092  1.000e-12  0.3144000    35.1225    35.1220    -0.0005    27.5950    27.5944    268.306    268.718      0.581    1480.99    1481.00  0.000e+00
      59943    271.500     6.4158     6.4177     0.0019    3.49803    3.49814          1     5.6426     5.6426      97.82     0.0161     0.2410  1.000e-12  0.3376000    35.1226    35.1218    -0.0007    27.5952    27.5944    268.801    269.214      0.575    1481.00    1481.00  0.000e+00
      59965    272.000     6.4159     6.4175     0.0016    3.49804    3.49816          1     5.6399     5.6445      97.81     0.0327     0.2388  1.000e-12  0.3217000    35.1224    35.1219    -0.0004    27.5950    27.5945    269.296    269.709      0.495    1481.00    1481.01  0.000e+00
      59992    272.500     6.4097     6.4135     0.0038    3.49750    3.49780          1     5.6422     5.6502      97.84     0.0305     0.2190  1.000e-12  0.4567000    35.1225    35.1219    -0.0006    27.5959    27.5950    269.790    270.205      0.457    1480.99    1481.00  0.000e+00
      60016    273.000     6.4027     6.4047     0.0020    3.49690    3.49706          1     5.6519     5.6574      97.85     0.0348     0.2545  1.000e-12  0.3942000    35.1227    35.1224    -0.0003    27.5970    27.5965    270.285    270.700      0.584    1480.97    1480.98  0.000e+00
      60035    273.500     6.3997     6.4001     0.0004    3.49666    3.49666          1     5.6551     5.6596      97.87     0.0390     0.2217  1.000e-12  0.3399000    35.1228    35.1225    -0.0004    27.5975    27.5972    270.780    271.196      0.715    1480.97    1480.97  0.000e+00
      60050    274.000     6.4000     6.3985    -0.0014    3.49671    3.49653          1     5.6546     5.6625      97.86     0.0389     0.2119  1.000e-12  0.3221000    35.1228    35.1223    -0.0005    27.5975    27.5973    271.275    271.692      0.748    1480.97    1480.97  0.000e+00
      60066    274.500     6.3938     6.3948     0.0009    3.49617    3.49622          1     5.6615     5.6675      97.80     0.0391     0.2071  1.000e-12  0.3371000    35.1229    35.1225    -0.0005    27.5984    27.5979    271.769    272.187      0.651    1480.96    1480.96  0.000e+00
      60091    275.000     6.3928     6.3939     0.0011    3.49610    3.49616          1     5.6692     5.6694      97.79     0.0253     0.1994  1.000e-12  0.3374000    35.1229    35.1224    -0.0005    27.5985    27.5980    272.264    272.683      0.406    1480.96    1480.97  0.000e+00
      60128    275.500     6.3919     6.3938     0.0019    3.49604    3.49617          1     5.6711     5.6667      97.87     0.0294     0.2121  1.000e-12  0.2880000    35.1229    35.1224    -0.0005    27.5987    27.5980    272.759    273.178      0.382    1480.97    1480.98  0.000e+00
      60152    276.000     6.3888     6.3903     0.0015    3.49578    3.49587          1     5.6665     5.6653      97.91     0.0505     0.2395  1.000e-12  0.2904000    35.1229    35.1224    -0.0005    27.5991    27.5985    273.253    273.674      0.653    1480.97    1480.97  0.000e+00
      60168    276.500     6.3774     6.3793     0.0018    3.49480    3.49492          1     5.6681     5.6664      97.92     0.0323     0.2325  1.000e-12  0.3216000    35.1234    35.1230    -0.0005    27.6010    27.6004    273.748    274.170      0.784    1480.93    1480.93  0.000e+00
      60182    277.000     6.3765     6.3775     0.0010    3.49473    3.49479          1     5.6705     5.6711      97.92     0.0282     0.1792  1.000e-12  0.3335000    35.1233    35.1230    -0.0003    27.6010    27.6007    274.243    274.665      0.781    1480.93    1480.94  0.000e+00
      60199    277.500     6.3759     6.3772     0.0013    3.49470    3.49478          1     5.6722     5.6765      98.01     0.0283     0.1746  1.000e-12  0.2997000    35.1235    35.1230    -0.0005    27.6012    27.6007    274.737    275.161      0.647    1480.94    1480.94  0.000e+00
      60223    278.000     6.3756     6.3774     0.0017    3.49471    3.49482          1     5.6745     5.6781      98.16     0.0276     0.2209  1.000e-12  0.3237000    35.1235    35.1229    -0.0006    27.6013    27.6006    275.232    275.656      0.422    1480.95    1480.95  0.000e+00
      60256    278.500     6.3755     6.3771     0.0016    3.49472    3.49481          1     5.6719     5.6790      98.26     0.0258     0.1850  1.000e-12  0.4253000    35.1235    35.1229    -0.0006    27.6013    27.6006    275.727    276.152      0.424    1480.95    1480.96  0.000e+00
      60279    279.000     6.3752     6.3763     0.0011    3.49470    3.49478          1     5.6712     5.6726      98.24     0.0160     0.1736  1.000e-12  0.3188000    35.1234    35.1230    -0.0003    27.6012    27.6008    276.221    276.648      0.650    1480.96    1480.96  0.000e+00
      60295    279.500     6.3743     6.3757     0.0014    3.49464    3.49474          1     5.6741     5.6710      98.37     0.0161     0.2070  1.000e-12  0.2984000    35.1234    35.1231    -0.0003    27.6014    27.6010    276.716    277.143      0.749    1480.96    1480.97  0.000e+00
