ctdpy/tests/etc/all_smhi_bas_2018/SBE09_1044_20181205_1414_34_01_0153.cnv
* Sea-Bird SBE 9 Data File:
* FileName = C:\ctd\temp\ar18d153.hex
* Software Version Seasave V 7.26.7.107
* Temperature SN = 5351
* Conductivity SN = 3941
* Number of Bytes Per Scan = 41
* Number of Voltage Words = 4
* Number of Scans Averaged by the Deck Unit = 1
* NMEA Latitude = 57 18.72 N
* NMEA Longitude = 020 04.60 E
* NMEA UTC (Time) = Dec 05 2018  14:14:07
* NMEA baud rate = 4800
** Station:  BY15
** Operator:  ASkj
** Ship: ARANDA
** Average sound velocity: 1447.48 m/s
** True-depth calculation Sun, 09 Dec 2018 13:44:51 +0000
** CTD Python Module SMHI /ver 3-12/ feb 2012 
** LIMS Job: 20183401-0153
** Cruise: SMHI-7-2018
** Latitude [GG MM.mm N]:
** Longitude [GG MM.mm E]
# nquan = 26
# nvalues = 463                         
# units = specified
# name 0 = scan: Scan Count
# name 1 = prDM: Pressure, Digiquartz [db]
# name 2 = t090C: Temperature [ITS-90, deg C]
# name 3 = t190C: Temperature, 2 [ITS-90, deg C]
# name 4 = T2-T190C: Temperature Difference, 2 - 1 [ITS-90, deg C]
# name 5 = c0S/m: Conductivity [S/m]
# name 6 = c1S/m: Conductivity, 2 [S/m]
# name 7 = pumps: Pump Status
# name 8 = sbeox0ML/L: Oxygen, SBE 43 [ml/l]
# name 9 = sbeox1ML/L: Oxygen, SBE 43, 2 [ml/l]
# name 10 = altM: Altimeter [m]
# name 11 = flECO-AFL: Chl-a Fluorescence, WET Labs ECO-AFL/FL [mg/m^3]
# name 12 = flECO-AFL1: Phycocyanin Fluorescence, WET Labs ECO-AFL/FL, 2 [mg/m^3]
# name 13 = par: PAR/Irradiance, Biospherical/Lico [µE/(cm^2*s)]
# name 14 = turbWETntu0: Turbidity, WET Labs ECO [NTU]
# name 15 = sal00: Salinity, Practical [PSU]
# name 16 = sal11: Salinity, Practical, 2 [PSU]
# name 17 = secS-priS: Salinity, Practical, Difference, 2 - 1 [PSU]
# name 18 = sigma-t00: Density [sigma-t, Kg/m^3 ]
# name 19 = sigma-t11: Density, 2 [sigma-t, Kg/m^3 ]
# name 20 = depSM: Depth [salt water, m], lat = 57.312
# name 21 = depFM: Depth [true depth, m], lat = 57.312
# name 22 = dz/dtM: Descent Rate [m/s], WS = 2
# name 23 = svCM: Sound Velocity [Chen-Millero, m/s]
# name 24 = svCM1: Sound Velocity, 2 [Chen-Millero, m/s]
# name 25 = flag: flag
# span 0 =      11503,      26652       
# span 1 =      1.000,    232.000       
# span 2 =     3.8557,     6.8879       
# span 3 =     3.8576,     6.8890       
# span 4 =    -0.0951,     0.0737       
# span 5 =   0.801637,   1.447452       
# span 6 =   0.801771,   1.447550       
# span 7 =          1,          1       
# span 8 =    0.01766,    7.94317       
# span 9 =    1.45055,    6.31090       
# span 10 =       0.00,      98.95      
# span 11 =     0.2221,     0.5713      
# span 12 =     0.1403,     0.3237      
# span 13 = 1.0000e-12, 3.8802e+00      
# span 14 =     0.1292,     0.7247      
# span 15 =     7.2199,    13.1797      
# span 16 =     7.2196,    13.1801      
# span 17 =    -0.1081,     0.0938      
# span 18 =     5.6490,    10.2889      
# span 19 =     5.6487,    10.2891      
# span 20 =      0.992,    229.734      
# span 21 =      1.013,    234.340      
# span 22 =     -0.112,      1.792      
# span 23 =    1431.93,    1454.74      
# span 24 =    1431.94,    1454.75      
# span 25 = 0.0000e+00, 0.0000e+00      
# interval = decibars: 0.5              
# start_time = Dec 05 2018 14:14:07 [NMEA time, first data scan]
# bad_flag = -9.990e-29
*END*
[from data line 168]
      15655     85.000     5.6886     5.6894     0.0008    1.11045    1.11038          1     0.1081     3.1699      97.70     0.3355     0.2076  1.000e-12  0.4621000    10.2723    10.2713    -0.0010     8.0862     8.0854     84.200     86.055      0.901    1443.68    1443.68  0.000e+00
      15668     85.500     5.6943     5.6952     0.0008    1.11173    1.11166          1     0.1041     3.1420      97.69     0.3363     0.2343  1.000e-12  0.4719000    10.2833    10.2823    -0.0010     8.0945     8.0937     84.695     86.560      0.878    1443.73    1443.73  0.000e+00
      15682     86.000     5.7021     5.7028     0.0007    1.11419    1.11407          1     0.1032     3.1137      97.68     0.3376     0.2427  1.000e-12  0.5897000    10.3053    10.3039    -0.0014     8.1115     8.1103     85.190     87.065      0.767    1443.80    1443.80  0.000e+00
      15700     86.500     5.7227     5.7230     0.0004    1.11937    1.11929          1     0.1017     3.0807      97.67     0.3255     0.2418  1.000e-12  0.6321000    10.3506    10.3498    -0.0009     8.1460     8.1453     85.685     87.570      0.557    1443.95    1443.95  0.000e+00
      15733     87.000     5.7525     5.7562     0.0037    1.12431    1.12480          1     0.0980     3.0188      97.67     0.3281     0.2527  1.000e-12  0.6762000    10.3908    10.3945     0.0037     8.1759     8.1786     86.181     88.075      0.297    1444.14    1444.16  0.000e+00
      15783     87.500     5.7815     5.7766    -0.0049    1.12900    1.12764          1     0.0940     2.9162      86.79     0.3394     0.2373  1.000e-12  0.7247000    10.4285    10.4164    -0.0120     8.2039     8.1947     86.676     88.580      0.310    1444.32    1444.28  0.000e+00
      15809     88.000     5.8052     5.8053     0.0001    1.13322    1.13317          1     0.0896     2.8674      75.95     0.3461     0.2660  1.000e-12  0.6078000    10.4632    10.4627    -0.0005     8.2299     8.2294     87.171     89.085      0.662    1444.47    1444.47  0.000e+00
      15824     88.500     5.8182     5.8192     0.0010    1.13662    1.13655          1     0.0881     2.8464      97.73     0.3477     0.2409  1.000e-12  0.6073000    10.4930    10.4919    -0.0011     8.2526     8.2517     87.666     89.591      0.888    1444.57    1444.57  0.000e+00
      15836     89.000     5.8458     5.8467     0.0009    1.14241    1.14235          1     0.0894     2.8259      97.68     0.3469     0.2333  1.000e-12  0.6603000    10.5420    10.5411    -0.0009     8.2895     8.2888     88.161     90.096      1.015    1444.76    1444.76  0.000e+00
      15847     89.500     5.8735     5.8746     0.0011    1.14627    1.14625          1     0.0892     2.8128      97.73     0.3480     0.2056  1.000e-12  0.6597000    10.5718    10.5712    -0.0006     8.3113     8.3107     88.656     90.601      1.053    1444.92    1444.93  0.000e+00
      15858     90.000     5.9081     5.9095     0.0014    1.15168    1.15165          1     0.0893     2.7981      97.68     0.3377     0.1770  1.000e-12  0.6004000    10.6147    10.6140    -0.0007     8.3430     8.3423     89.152     91.106      1.002    1445.13    1445.14  0.000e+00
      15871     90.500     5.9405     5.9417     0.0011    1.15689    1.15684          1     0.0881     2.7828      97.69     0.3354     0.1868  1.000e-12  0.5936000    10.6563    10.6555    -0.0008     8.3737     8.3730     89.647     91.611      0.857    1445.33    1445.33  0.000e+00
      15888     91.000     5.9227     5.9238     0.0011    1.15790    1.15789          1     0.0863     2.7592      97.67     0.3146     0.2054  1.000e-12  0.5378000    10.6719    10.6714    -0.0005     8.3871     8.3867     90.142     92.116      0.587    1445.28    1445.29  0.000e+00
      15957     91.500     5.9119     5.9259     0.0139    1.15510    1.15857          1     0.0819     2.6518      97.22     0.3284     0.2020  1.000e-12  0.6585000    10.6473    10.6774     0.0302     8.3684     8.3913     90.637     92.621      0.361    1445.21    1445.31  0.000e+00
      16001     92.000     5.9529     5.9539     0.0010    1.16276    1.16274          1     0.0766     2.5926      97.70     0.3484     0.2085  1.000e-12  0.6920000    10.7105    10.7100    -0.0006     8.4157     8.4152     91.132     93.126      0.861    1445.48    1445.48  0.000e+00
      16011     92.500     5.9607     5.9618     0.0011    1.16394    1.16394          1     0.0733     2.5856      97.73     0.3115     0.2222  1.000e-12  0.6088000    10.7197    10.7194    -0.0003     8.4224     8.4221     91.628     93.631      1.126    1445.53    1445.53  0.000e+00
      16020     93.000     5.9763     5.9774     0.0011    1.16627    1.16623          1     0.0730     2.5754      97.70     0.3132     0.2218  1.000e-12  0.6065000    10.7379    10.7372    -0.0007     8.4357     8.4351     92.123     94.136      1.272    1445.62    1445.63  0.000e+00
      16029     93.500     6.0044     6.0054     0.0010    1.16919    1.16916          1     0.0719     2.5642      97.70     0.3105     0.2238  1.000e-12  0.6173000    10.7580    10.7573    -0.0007     8.4498     8.4491     92.618     94.641      1.311    1445.78    1445.78  0.000e+00
      16038     94.000     6.0244     6.0251     0.0006    1.17150    1.17142          1     0.0743     2.5555      97.72     0.3118     0.2267  1.000e-12  0.6680000    10.7744    10.7734    -0.0011     8.4615     8.4606     93.113     95.146      1.232    1445.89    1445.89  0.000e+00
      16048     94.500     6.0419     6.0432     0.0013    1.17374    1.17372          1     0.0752     2.5440      97.74     0.3113     0.2296  1.000e-12  0.6684000    10.7910    10.7904    -0.0006     8.4734     8.4729     93.608     95.651      0.998    1445.99    1446.00  0.000e+00
      16083     95.000     6.0579     6.0621     0.0042    1.17585    1.17634          1     0.0736     2.5029      87.88     0.3202     0.2271  1.000e-12  0.5832000    10.8068    10.8104     0.0036     8.4848     8.4873     94.103     96.156      0.564    1446.09    1446.11  0.000e+00
      16147     95.500     6.0528     6.0655     0.0127    1.17635    1.17806          1     0.0673     2.4358      25.68     0.3242     0.2216  1.000e-12  0.5311000    10.8133    10.8263     0.0129     8.4903     8.4996     94.599     96.661      0.902    1446.09    1446.16  0.000e+00
      16157     96.000     6.0690     6.0700     0.0010    1.17966    1.17965          1     0.0671     2.4284      94.36     0.3262     0.2218  1.000e-12  0.5401000    10.8409    10.8406    -0.0003     8.5109     8.5106     95.094     97.166      1.072    1446.20    1446.20  0.000e+00
      16167     96.500     6.0789     6.0803     0.0013    1.18148    1.18146          1     0.0676     2.4176      97.67     0.3346     0.2218  1.000e-12  0.5627000    10.8558    10.8552    -0.0006     8.5220     8.5214     95.589     97.671      1.095    1446.27    1446.27  0.000e+00
      16178     97.000     6.1089     6.1099     0.0010    1.18507    1.18501          1     0.0697     2.4080      97.74     0.3346     0.2218  1.000e-12  0.5616000    10.8818    10.8808    -0.0010     8.5405     8.5397     96.084     98.176      0.978    1446.43    1446.44  0.000e+00
      16193     97.500     6.1159     6.1166     0.0007    1.18725    1.18723          1     0.0701     2.3947      97.69     0.3066     0.2110  1.000e-12  0.4302000    10.9010    10.9006    -0.0004     8.5552     8.5548     96.579     98.681      0.625    1446.50    1446.50  0.000e+00
      16270     98.000     6.1105     6.1211     0.0105    1.18767    1.18982          1     0.0650     2.3176      72.83     0.3226     0.1854  1.000e-12  0.3167000    10.9068    10.9247     0.0179     8.5601     8.5735     97.074     99.186      0.443    1446.49    1446.56  0.000e+00
      16290     98.500     6.1493     6.1498     0.0005    1.19379    1.19375          1     0.0668     2.3008      98.29     0.3314     0.1685  1.000e-12  0.3010000    10.9549    10.9544    -0.0006     8.5954     8.5950     97.570     99.691      0.780    1446.72    1446.72  0.000e+00
      16303     99.000     6.1568     6.1576     0.0008    1.19545    1.19542          1     0.0660     2.2923      97.72     0.3355     0.1481  1.000e-12  0.2982000    10.9689    10.9684    -0.0005     8.6060     8.6055     98.065    100.196      0.867    1446.78    1446.78  0.000e+00
      16317     99.500     6.1677     6.1682     0.0005    1.19710    1.19706          1     0.0655     2.2794      97.71     0.3166     0.1695  1.000e-12  0.3173000    10.9817    10.9811    -0.0006     8.6153     8.6148     98.560    100.701      0.864    1446.85    1446.85  0.000e+00
      16331    100.000     6.1823     6.1824     0.0001    1.19928    1.19920          1     0.0646     2.2691      97.70     0.3132     0.2063  1.000e-12  0.3220000    10.9985    10.9977    -0.0008     8.6275     8.6269     99.055    101.205      0.803    1446.94    1446.94  0.000e+00
      16347    100.500     6.2046     6.2042    -0.0004    1.20228    1.20219          1     0.0663     2.2565      97.70     0.3234     0.2165  1.000e-12  0.3326000    11.0210    11.0202    -0.0007     8.6437     8.6432     99.550    101.710      0.716    1447.07    1447.07  0.000e+00
      16365    101.000     6.2162     6.2167     0.0005    1.20482    1.20480          1     0.0661     2.2408      58.44     0.3258     0.2239  1.000e-12  0.2984000    11.0423    11.0419    -0.0003     8.6597     8.6594    100.045    102.215      0.624    1447.15    1447.16  0.000e+00
      16387    101.500     6.2263     6.2270     0.0007    1.20662    1.20661          1     0.0635     2.2251      72.18     0.3204     0.2206  1.000e-12  0.2885000    11.0567    11.0564    -0.0003     8.6704     8.6701    100.540    102.720      0.439    1447.22    1447.23  0.000e+00
      16440    102.000     6.2332     6.2342     0.0010    1.20767    1.20772          1     0.0613     2.1856      96.98     0.3128     0.2181  1.000e-12  0.2465000    11.0647    11.0649     0.0002     8.6762     8.6763    101.036    103.225      0.327    1447.27    1447.28  0.000e+00
      16470    102.500     6.2438     6.2439     0.0001    1.20933    1.20927          1     0.0604     2.1613      97.70     0.3139     0.2127  1.000e-12  0.2477000    11.0777    11.0771    -0.0006     8.6857     8.6852    101.531    103.730      0.662    1447.34    1447.34  0.000e+00
      16485    103.000     6.2553     6.2558     0.0005    1.21143    1.21136          1     0.0585     2.1525      97.73     0.3138     0.2301  1.000e-12  0.2539000    11.0946    11.0938    -0.0008     8.6982     8.6975    102.026    104.235      0.844    1447.42    1447.42  0.000e+00
      16498    103.500     6.2706     6.2711     0.0005    1.21408    1.21402          1     0.0586     2.1439      97.70     0.3251     0.2305  1.000e-12  0.2494000    11.1158    11.1151    -0.0007     8.7139     8.7133    102.521    104.740      0.898    1447.52    1447.52  0.000e+00
      16511    104.000     6.2849     6.2855     0.0006    1.21709    1.21703          1     0.0604     2.1355      97.70     0.3214     0.2342  1.000e-12  0.2435000    11.1408    11.1400    -0.0008     8.7326     8.7319    103.016    105.245      0.832    1447.61    1447.62  0.000e+00
      16527    104.500     6.2904     6.2908     0.0004    1.21895    1.21890          1     0.0625     2.1257      97.72     0.3127     0.2308  1.000e-12  0.2351000    11.1574    11.1568    -0.0006     8.7452     8.7447    103.511    105.749      0.620    1447.67    1447.67  0.000e+00
      16559    105.000     6.3016     6.3026     0.0010    1.22085    1.22092          1     0.0598     2.1060      97.69     0.3069     0.2165  1.000e-12  0.2309000    11.1724    11.1728     0.0004     8.7563     8.7565    104.006    106.254      0.334    1447.74    1447.75  0.000e+00
      16592    105.500     6.3080     6.3080     0.0000    1.22341    1.22339          1     0.0567     2.0834      97.70     0.3025     0.2314  1.000e-12  0.2063000    11.1956    11.1953    -0.0003     8.7741     8.7739    104.502    106.759      0.565    1447.81    1447.81  0.000e+00
      16609    106.000     6.3144     6.3149     0.0005    1.22430    1.22427          1     0.0572     2.0728      97.69     0.2895     0.2149  1.000e-12  0.1862000    11.2021    11.2017    -0.0005     8.7788     8.7784    104.997    107.264      0.764    1447.85    1447.85  0.000e+00
      16623    106.500     6.3195     6.3198     0.0003    1.22559    1.22547          1     0.0558     2.0637      97.69     0.3037     0.2073  1.000e-12  0.1811000    11.2132    11.2119    -0.0013     8.7871     8.7860    105.492    107.769      0.806    1447.89    1447.89  0.000e+00
      16638    107.000     6.3358     6.3360     0.0001    1.23095    1.23082          1     0.0546     2.0528      97.69     0.3060     0.2280  1.000e-12  0.2102000    11.2607    11.2594    -0.0014     8.8233     8.8223    105.987    108.274      0.726    1448.03    1448.03  0.000e+00
      16658    107.500     6.3628     6.3618    -0.0009    1.23662    1.23646          1     0.0563     2.0415      97.69     0.3241     0.1914  1.000e-12  0.3492000    11.3077    11.3065    -0.0012     8.8585     8.8576    106.482    108.778      0.551    1448.21    1448.20  0.000e+00
      16686    108.000     6.3845     6.3854     0.0009    1.24086    1.24095          1     0.0557     2.0260      97.69     0.3126     0.1895  1.000e-12  0.3890000    11.3424    11.3429     0.0005     8.8842     8.8845    106.977    109.283      0.375    1448.35    1448.36  0.000e+00
      16719    108.500     6.4133     6.4139     0.0006    1.24597    1.24595          1     0.0542     2.0059      97.68     0.3120     0.1873  1.000e-12  0.3739000    11.3832    11.3828    -0.0004     8.9143     8.9139    107.472    109.788      0.415    1448.53    1448.54  0.000e+00
      16744    109.000     6.4339     6.4333    -0.0006    1.24962    1.24950          1     0.0560     1.9930      97.69     0.3176     0.2317  1.000e-12  0.3638000    11.4123    11.4114    -0.0010     8.9357     8.9349    107.968    110.293      0.505    1448.67    1448.66  0.000e+00
      16768    109.500     6.4540     6.4540     0.0001    1.25346    1.25335          1     0.0564     1.9784      97.69     0.3208     0.2328  1.000e-12  0.3659000    11.4435    11.4424    -0.0011     8.9587     8.9579    108.463    110.797      0.471    1448.80    1448.80  0.000e+00
      16795    110.000     6.4602     6.4602     0.0000    1.25459    1.25448          1     0.0526     1.9624      97.69     0.3181     0.2037  1.000e-12  0.3809000    11.4525    11.4514    -0.0011     8.9653     8.9645    108.958    111.302      0.530    1448.84    1448.84  0.000e+00
      16814    110.500     6.4803     6.4789    -0.0014    1.25853    1.25809          1     0.0519     1.9562      97.70     0.3245     0.1802  1.000e-12  0.3770000    11.4845    11.4807    -0.0038     8.9890     8.9862    109.453    111.807      0.768    1448.97    1448.96  0.000e+00
      16827    111.000     6.5025     6.5034     0.0009    1.26365    1.26360          1     0.0538     1.9506      97.69     0.3133     0.1634  1.000e-12  0.4043000    11.5275    11.5267    -0.0008     9.0213     9.0206    109.948    112.312      0.935    1449.13    1449.13  0.000e+00
      16839    111.500     6.5198     6.5206     0.0009    1.26733    1.26728          1     0.0524     1.9439      97.70     0.3158     0.1793  1.000e-12  0.4074000    11.5579    11.5571    -0.0007     9.0438     9.0432    110.443    112.816      1.001    1449.25    1449.25  0.000e+00
