ctdpy/tests/etc/all_smhi_bas_2018/SBE09_1044_20180923_1454_34_01_0042.cnv
* Sea-Bird SBE 9 Data File:
* FileName = C:\ctd\temp\2018\AR18D042.hex
* Software Version Seasave V 7.26.6.26
* Temperature SN = 5351
* Conductivity SN = 3941
* Number of Bytes Per Scan = 41
* Number of Voltage Words = 4
* Number of Scans Averaged by the Deck Unit = 1
* NMEA Latitude = 56 40.12 N
* NMEA Longitude = 012 06.69 E
* NMEA UTC (Time) = Sep 23 2018  14:54:31
* NMEA baud rate = 4800
** Station:  Anholt E
** Operator:  Mhan
** Ship: ARANDA
** Average sound velocity: 1498.51 m/s
** True-depth calculation Sun, 23 Sep 2018 15:51:24 +0000
** CTD Python Module SMHI /ver 3-12/ feb 2012 
** LIMS Job: 20183401-0042
** Cruise: SMHI-02-2018
** Latitude [GG MM.mm N] :
** Longitude [GG MM.mm E]:
# nquan = 26
# nvalues = 118                         
# units = specified
# name 0 = scan: Scan Count
# name 1 = prDM: Pressure, Digiquartz [db]
# name 2 = t090C: Temperature [ITS-90, deg C]
# name 3 = t190C: Temperature, 2 [ITS-90, deg C]
# name 4 = T2-T190C: Temperature Difference, 2 - 1 [ITS-90, deg C]
# name 5 = c0S/m: Conductivity [S/m]
# name 6 = c1S/m: Conductivity, 2 [S/m]
# name 7 = pumps: Pump Status
# name 8 = sbeox0ML/L: Oxygen, SBE 43 [ml/l]
# name 9 = sbeox1ML/L: Oxygen, SBE 43, 2 [ml/l]
# name 10 = altM: Altimeter [m]
# name 11 = flECO-AFL: Chl-a Fluorescence, WET Labs ECO-AFL/FL [mg/m^3]
# name 12 = flECO-AFL1: Phycocyanin Fluorescence, WET Labs ECO-AFL/FL, 2 [mg/m^3]
# name 13 = par: PAR/Irradiance, Biospherical/Lico [µE/(cm^2*s)]
# name 14 = turbWETntu0: Turbidity, WET Labs ECO [NTU]
# name 15 = sal00: Salinity, Practical [PSU]
# name 16 = sal11: Salinity, Practical, 2 [PSU]
# name 17 = secS-priS: Salinity, Practical, Difference, 2 - 1 [PSU]
# name 18 = sigma-t00: Density [sigma-t, Kg/m^3 ]
# name 19 = sigma-t11: Density, 2 [sigma-t, Kg/m^3 ]
# name 20 = depSM: Depth [salt water, m], lat = 56.6687
# name 21 = depFM: Depth [true depth, m], lat = 56.6687
# name 22 = dz/dtM: Descent Rate [m/s], WS = 2
# name 23 = svCM: Sound Velocity [Chen-Millero, m/s]
# name 24 = svCM1: Sound Velocity, 2 [Chen-Millero, m/s]
# name 25 = flag: flag
# span 0 =      30098,      33674       
# span 1 =      0.500,     59.000       
# span 2 =    10.9370,    15.8658       
# span 3 =    10.9436,    15.8679       
# span 4 =    -0.0082,     0.1045       
# span 5 =   3.236647,   3.933371       
# span 6 =   3.236376,   3.933642       
# span 7 =          1,          1       
# span 8 =    2.98110,    5.82712       
# span 9 =    2.58892,    4.71353       
# span 10 =       0.19,      97.65      
# span 11 =     0.2681,     2.2137      
# span 12 =     0.1626,     0.4610      
# span 13 = -3.304e-05, 4.4240e+02      
# span 14 =     0.3858,     2.7162      
# span 15 =    25.2853,    33.1527      
# span 16 =    25.2827,    33.1512      
# span 17 =    -0.1134,     0.0087      
# span 18 =    18.4058,    25.3484      
# span 19 =    18.4038,    25.3460      
# span 20 =      0.495,     58.451      
# span 21 =      0.500,     58.806      
# span 22 =     -0.089,      1.396      
# span 23 =    1491.89,    1504.31      
# span 24 =    1491.91,    1504.31      
# span 25 = 0.0000e+00, 0.0000e+00      
# interval = decibars: 0.5              
# start_time = Sep 23 2018 14:54:31 [NMEA time, first data scan]
# bad_flag = -9.990e-29
*END*
      30098      0.500    15.4715    15.4665    -0.0050    3.23933    3.23891          1     5.7966     3.1983       0.66     2.1663     0.4252  4.424e+02  0.4422000    25.2956    25.2952    -0.0004    18.4090    18.4097      0.495      0.500      0.436    1496.94    1496.92  0.000e+00
      30110      1.000    15.4708    15.4716     0.0008    3.23929    3.23930          1     5.8054     3.1982       0.39     2.1639     0.4125  4.146e+02  0.4769000    25.2956    25.2951    -0.0005    18.4091    18.4086      0.991      1.000      0.949    1496.94    1496.94  0.000e+00
      30120      1.500    15.4737    15.4654    -0.0081    3.23954    3.23882          1     5.8094     3.1978       0.61     2.1602     0.4152  1.096e+02  0.5204000    25.2957    25.2948    -0.0009    18.4086    18.4096      1.486      1.500      1.160    1496.96    1496.93  0.000e+00
      30130      2.000    15.4617    15.4629     0.0011    3.23856    3.23863          1     5.8098     3.1967       0.69     2.1568     0.4418  7.314e+01  0.5205000    25.2948    25.2947    -0.0002    18.4104    18.4100      1.982      2.000      1.090    1496.93    1496.93  0.000e+00
      30141      2.500    15.4493    15.4516     0.0021    3.23759    3.23777          1     5.8138     3.1973       0.67     2.1735     0.4400  7.518e+01  0.5217000    25.2942    25.2944     0.0002    18.4125    18.4121      2.477      2.500      0.754    1496.90    1496.90  0.000e+00
      30235      3.000    15.4539    15.4524    -0.0016    3.23816    3.23795          1     5.8023     3.1988       1.46     2.1619     0.3975  7.074e+01  0.8221000    25.2961    25.2952    -0.0009    18.4130    18.4126      2.972      3.000      1.328    1496.92    1496.92  0.000e+00
      30243      3.500    15.4625    15.4541    -0.0082    3.23891    3.23804          1     5.8026     3.1999       0.87     2.1420     0.3960  5.826e+01  0.5346000    25.2968    25.2947    -0.0021    18.4118    18.4119      3.468      3.500      1.396    1496.96    1496.93  0.000e+00
      30251      4.000    15.4619    15.4576    -0.0040    3.23890    3.23866          1     5.7998     3.2007       0.47     2.1406     0.3918  5.053e+01  0.5236000    25.2971    25.2977     0.0006    18.4121    18.4134      3.963      4.000      1.287    1496.96    1496.95  0.000e+00
      30259      4.500    15.4544    15.4561     0.0016    3.23827    3.23840          1     5.7931     3.2023       0.19     2.1396     0.3576  4.353e+01  0.5235000    25.2963    25.2962    -0.0000    18.4130    18.4126      4.459      4.501      0.977    1496.95    1496.95  0.000e+00
      30314      5.000    15.4603    15.4609     0.0006    3.23866    3.23870          1     5.8005     3.2075      27.01     2.1757     0.4232  4.311e+01  0.7484000    25.2957    25.2956    -0.0001    18.4114    18.4112      4.954      5.001      0.619    1496.97    1496.98  0.000e+00
      30339      5.500    15.4592    15.4625     0.0034    3.23836    3.23868          1     5.8102     3.2083      36.36     2.1824     0.3718  3.981e+01  0.7109000    25.2937    25.2943     0.0006    18.4100    18.4098      5.450      5.501      0.887    1496.98    1496.99  0.000e+00
      30351      6.000    15.4546    15.4567     0.0021    3.23784    3.23800          1     5.8183     3.2095      39.08     2.1658     0.3683  3.374e+01  0.5270000    25.2919    25.2919     0.0000    18.4097    18.4092      5.945      6.001      0.931    1496.97    1496.97  0.000e+00
      30364      6.500    15.4523    15.4527     0.0004    3.23768    3.23752          1     5.8254     3.2107      43.01     2.1714     0.4042  2.699e+01  0.5343000    25.2919    25.2903    -0.0017    18.4101    18.4088      6.440      6.501      0.809    1496.97    1496.97  0.000e+00
      30383      7.000    15.4484    15.4487     0.0003    3.23665    3.23638          1     5.8271     3.2132      49.33     2.1772     0.4379  2.300e+01  0.5433000    25.2853    25.2827    -0.0025    18.4058    18.4038      6.936      7.001      0.487    1496.96    1496.96  0.000e+00
      30434      7.500    15.4619    15.4610    -0.0008    3.23837    3.23827          1     5.8071     3.2165      62.48     2.1354     0.4443  2.258e+01  0.4657000    25.2914    25.2911    -0.0003    18.4077    18.4077      7.431      7.501      0.339    1497.02    1497.01  0.000e+00
      30461      8.000    15.4600    15.4546    -0.0053    3.23918    3.23869          1     5.7866     3.2202      68.99     2.1623     0.4386  1.985e+01  0.4398000    25.2994    25.2987    -0.0007    18.4143    18.4149      7.927      8.001      0.710    1497.03    1497.01  0.000e+00
      30475      8.500    15.4523    15.4550     0.0026    3.23808    3.23877          1     5.7884     3.2214      74.77     2.1086     0.4307  1.732e+01  0.4980000    25.2948    25.2990     0.0042    18.4123    18.4150      8.422      8.501      0.839    1497.01    1497.02  0.000e+00
      30488      9.000    15.4515    15.4527     0.0012    3.23772    3.23782          1     5.8003     3.2260      78.45     2.1135     0.4313  1.499e+01  0.4995000    25.2921    25.2921     0.0001    18.4104    18.4102      8.917      9.001      0.827    1497.01    1497.01  0.000e+00
      30504      9.500    15.4554    15.4555     0.0001    3.23953    3.23914          1     5.8084     3.2293      81.20     2.1601     0.4324  1.309e+01  0.5038000    25.3050    25.3015    -0.0035    18.4195    18.4168      9.413      9.501      0.690    1497.04    1497.04  0.000e+00
      30526     10.000    15.4591    15.4600     0.0009    3.24129    3.24121          1     5.8002     3.2299      89.18     2.1827     0.4610  1.153e+01  0.5082000    25.3176    25.3163    -0.0013    18.4284    18.4272      9.908     10.001      0.460    1497.08    1497.08  0.000e+00
      30557     10.500    15.4598    15.4608     0.0011    3.24157    3.24148          1     5.7933     3.2358      89.39     2.1697     0.4025  1.068e+01  0.5022000    25.3195    25.3180    -0.0015    18.4297    18.4283     10.404     10.501      0.412    1497.09    1497.09  0.000e+00
      30583     11.000    15.4599    15.4609     0.0011    3.24149    3.24145          1     5.8070     3.2402      50.73     2.1299     0.3922  9.898e+00  0.4957000    25.3186    25.3175    -0.0011    18.4290    18.4280     10.899     11.001      0.480    1497.10    1497.10  0.000e+00
      30608     11.500    15.4606    15.4613     0.0007    3.24179    3.24159          1     5.7955     3.2442      94.18     2.1667     0.4058  8.726e+00  0.5050000    25.3205    25.3184    -0.0021    18.4303    18.4286     11.394     11.501      0.490    1497.11    1497.11  0.000e+00
      30632     12.000    15.4611    15.4633     0.0022    3.24224    3.24263          1     5.7817     3.2494      56.99     2.1605     0.4094  7.556e+00  0.5674000    25.3239    25.3259     0.0020    18.4328    18.4339     11.890     12.001      0.543    1497.12    1497.13  0.000e+00
      30652     12.500    15.4623    15.4613    -0.0009    3.24255    3.24176          1     5.7967     3.2552      48.98     2.1605     0.3873  6.722e+00  0.5333000    25.3257    25.3195    -0.0063    18.4340    18.4294     12.385     12.501      0.619    1497.14    1497.13  0.000e+00
      30671     13.000    15.4606    15.4615     0.0009    3.24193    3.24190          1     5.7925     3.2595      77.86     2.1732     0.3936  6.196e+00  0.5185000    25.3213    25.3205    -0.0008    18.4309    18.4301     12.881     13.002      0.638    1497.14    1497.14  0.000e+00
      30690     13.500    15.4612    15.4615     0.0003    3.24225    3.24193          1     5.7653     3.2548      86.46     2.1949     0.4116  5.668e+00  0.5206000    25.3235    25.3205    -0.0029    18.4325    18.4301     13.376     13.502      0.576    1497.15    1497.15  0.000e+00
      30714     14.000    15.4618    15.4667     0.0048    3.24238    3.24375          1     5.7680     3.2520      47.67     2.2137     0.4149  5.109e+00  0.5586000    25.3241    25.3328     0.0087    18.4328    18.4385     13.871     14.002      0.459    1497.16    1497.19  0.000e+00
      30742     14.500    15.4748    15.4722    -0.0026    3.24690    3.24562          1     5.7425     3.2679      36.59     2.2056     0.4404  4.624e+00  0.5706000    25.3546    25.3452    -0.0094    18.4536    18.4469     14.367     14.502      0.464    1497.25    1497.23  0.000e+00
      30765     15.000    15.6107    15.6121     0.0014    3.29105    3.29029          1     5.6328     3.2782       7.83     2.1514     0.4275  4.205e+00  0.7231000    25.6474    25.6399    -0.0074    18.6498    18.6438     14.862     15.002      0.560    1498.03    1498.02  0.000e+00
      30785     15.500    15.7012    15.7029     0.0018    3.32881    3.32893          1     5.6010     3.2880      11.64     1.7976     0.3884  3.797e+00  0.4654000    25.9137    25.9136    -0.0002    18.8352    18.8347     15.358     15.502      0.617    1498.63    1498.64  0.000e+00
      30804     16.000    15.6843    15.6862     0.0019    3.33320    3.33324          1     5.6133     3.3014      19.68     1.6914     0.3456  3.462e+00  0.4483000    25.9625    25.9616    -0.0009    18.8761    18.8750     15.853     16.001      0.604    1498.64    1498.65  0.000e+00
      30825     16.500    15.6615    15.6623     0.0007    3.33583    3.33593          1     5.6366     3.3256      24.13     1.6395     0.3151  3.150e+00  0.4258000    25.9999    26.0002     0.0004    18.9095    18.9097     16.348     16.501      0.537    1498.62    1498.62  0.000e+00
      30850     17.000    15.6532    15.6538     0.0006    3.33640    3.33649          1     5.6645     3.3481      31.34     1.6357     0.3292  2.856e+00  0.4105000    26.0101    26.0105     0.0004    18.9191    18.9193     16.844     17.001      0.445    1498.61    1498.62  0.000e+00
      30879     17.500    15.6436    15.6442     0.0006    3.33705    3.33748          1     5.6465     3.3734      38.93     1.6017     0.3562  2.620e+00  0.3980000    26.0219    26.0252     0.0033    18.9302    18.9326     17.339     17.501      0.433    1498.61    1498.61  0.000e+00
      30904     18.000    15.6370    15.6375     0.0006    3.34007    3.34037          1     5.6328     3.3946      43.59     1.5803     0.3863  2.454e+00  0.3858000    26.0521    26.0544     0.0022    18.9547    18.9563     17.834     18.001      0.513    1498.63    1498.63  0.000e+00
      30926     18.500    15.6317    15.6332     0.0016    3.34271    3.34261          1     5.6527     3.4211      43.25     1.5778     0.3821  2.288e+00  0.3929000    26.0782    26.0763    -0.0019    18.9759    18.9741     18.330     18.500      0.566    1498.65    1498.65  0.000e+00
      30947     19.000    15.6277    15.6292     0.0015    3.34858    3.34772          1     5.6460     3.4556      42.87     1.5802     0.3532  2.132e+00  0.4281000    26.1314    26.1230    -0.0084    19.0175    19.0108     18.825     19.000      0.590    1498.71    1498.70  0.000e+00
      30967     19.500    15.6467    15.6463    -0.0003    3.36819    3.36740          1     5.5907     3.4808      42.19     1.6650     0.3441  1.987e+00  0.5058000    26.2880    26.2815    -0.0066    19.1336    19.1287     19.321     19.500      0.597    1498.96    1498.95  0.000e+00
      30987     20.000    15.6954    15.6986     0.0031    3.37976    3.38008          1     5.5114     3.5087      41.65     1.4987     0.3682  1.848e+00  0.4249000    26.3554    26.3560     0.0005    19.1751    19.1748     19.816     20.000      0.591    1499.20    1499.21  0.000e+00
      31008     20.500    15.7500    15.7527     0.0028    3.39176    3.39179          1     5.4129     3.5407      41.25     1.4428     0.3785  1.715e+00  0.4273000    26.4223    26.4208    -0.0015    19.2149    19.2131     20.311     20.499      0.577    1499.46    1499.46  0.000e+00
      31029     21.000    15.8107    15.8079    -0.0028    3.44681    3.43858          1     5.2758     3.5748      40.73     1.4122     0.3546  1.589e+00  0.4457000    26.8564    26.7873    -0.0691    19.5348    19.4825     20.807     20.999      0.509    1500.16    1500.07  0.000e+00
      31057     21.500    15.8546    15.8529    -0.0017    3.53549    3.52933          1     5.1394     3.6599      59.29     1.2832     0.3157  1.453e+00  0.4685000    27.5923    27.5403    -0.0520    20.0898    20.0503     21.302     21.498      0.386    1501.15    1501.09  0.000e+00
      31090     22.000    15.8658    15.8655    -0.0003    3.56931    3.56540          1     5.0552     3.7693      38.84     1.1358     0.2892  1.396e+00  0.4394000    27.8771    27.8435    -0.0336    20.3059    20.2801     21.797     21.998      0.412    1501.52    1501.48  0.000e+00
      31115     22.500    15.8637    15.8679     0.0042    3.58977    3.58713          1     4.9799     3.8527      65.80     1.1868     0.3185  1.340e+00  0.4539000    28.0557    28.0299    -0.0258    20.4433    20.4227     22.293     22.497      0.547    1501.73    1501.71  0.000e+00
      31135     23.000    15.8235    15.8278     0.0043    3.60583    3.60485          1     4.9326     3.9340      97.65     1.1896     0.3449  1.253e+00  0.5669000    28.2235    28.2119    -0.0115    20.5807    20.5709     22.788     22.996      0.630    1501.81    1501.81  0.000e+00
      31153     23.500    15.7824    15.7837     0.0013    3.62725    3.62713          1     4.9097     4.0224      81.55     1.1889     0.3480  1.149e+00  0.5953000    28.4388    28.4369    -0.0020    20.7548    20.7530     23.284     23.495      0.662    1501.93    1501.93  0.000e+00
      31171     24.000    15.7958    15.7925    -0.0032    3.65115    3.64656          1     4.8696     4.0866      37.69     1.1979     0.3328  1.042e+00  0.4891000    28.6371    28.5994    -0.0377    20.9040    20.8758     23.779     23.993      0.632    1502.21    1502.16  0.000e+00
      31192     24.500    15.7513    15.7550     0.0039    3.69576    3.68776          1     4.7775     4.1398      37.23     1.0526     0.3034  9.583e-01  0.4880000    29.0584    28.9859    -0.0725    21.2370    21.1805     24.274     24.492      0.503    1502.57    1502.49  0.000e+00
      31223     25.000    15.7563    15.7578     0.0014    3.74737    3.74662          1     4.6745     4.2344      77.61     0.9276     0.2741  8.923e-01  0.6279000    29.5056    29.4979    -0.0077    21.5792    21.5730     24.770     24.991      0.331    1503.10    1503.10  0.000e+00
      31259     25.500    15.7394    15.7406     0.0011    3.78284    3.78277          1     4.6289     4.3952      33.72     0.7481     0.2465  8.401e-01  0.7665000    29.8287    29.8272    -0.0014    21.8309    21.8296     25.265     25.489      0.469    1503.43    1503.43  0.000e+00
      31279     26.000    15.7383    15.7394     0.0011    3.78976    3.78965          1     4.5753     4.4790       6.19     0.7013     0.3030  7.767e-01  0.8932000    29.8900    29.8883    -0.0018    21.8783    21.8767     25.760     25.988      0.699    1503.51    1503.51  0.000e+00
      31294     26.500    15.7356    15.7395     0.0039    3.80958    3.80644          1     4.5098     4.5061       7.94     0.6489     0.3207  6.925e-01  1.0370000    30.0659    30.0353    -0.0306    22.0139    21.9896     26.256     26.486      0.764    1503.71    1503.69  0.000e+00
      31310     27.000    15.6880    15.6908     0.0027    3.84191    3.84094          1     4.4583     4.5235      14.54     0.6212     0.2910  6.103e-01  1.0905000    30.3861    30.3755    -0.0106    22.2703    22.2615     26.751     26.984      0.674    1503.94    1503.93  0.000e+00
      31332     27.500    15.6684    15.6714     0.0030    3.85077    3.84971          1     4.4333     4.5713      20.01     0.5775     0.3198  5.423e-01  1.1202000    30.4791    30.4674    -0.0117    22.3460    22.3364     27.246     27.482      0.465    1503.99    1503.99  0.000e+00
