ctdpy/tests/etc/all_smhi_bas_2018/SBE09_0827_20181012_1916_26_01_1084.cnv
* Sea-Bird SBE 9 Data File:
* FileName = D:\CTD_SBE911\DAT\26DA.2018.10.84.hex
* Software Version Seasave V 7.21d
* Temperature SN = 4548
* Conductivity SN = 3062
* Number of Bytes Per Scan = 48
* Number of Voltage Words = 5
* Number of Scans Averaged by the Deck Unit = 1
* NMEA Latitude = 56 02.18 N
* NMEA Longitude = 016 49.75 E
* NMEA UTC (Time) = Oct 12 2018  19:19:31
* NMEA baud rate = 4800
** Ship: DANA
** Average sound velocity: 1457.22 m/s
** True-depth calculation Thu, 28 Mar 2019 12:28:15 +0000
** CTD Python Module SMHI /ver 3-12/ feb 2012 
** LIMS Job: 20182601-1084
** Operator: Christian A-KTh
** Cruise: 10/2018
# nquan = 26
# nvalues = 76                          
# units = specified
# name 0 = scan: Scan Count
# name 1 = prDM: Pressure, Digiquartz [db]
# name 2 = t090C: Temperature [ITS-90, deg C]
# name 3 = t190C: Temperature, 2 [ITS-90, deg C]
# name 4 = T2-T190C: Temperature Difference, 2 - 1 [ITS-90, deg C]
# name 5 = c0S/m: Conductivity [S/m]
# name 6 = c1S/m: Conductivity, 2 [S/m]
# name 7 = pumps: Pump Status
# name 8 = sbeox1ML/L: Oxygen, SBE 43, 2 [ml/l]
# name 9 = sbeox0ML/L: Oxygen, SBE 43 [ml/l]
# name 10 = altM: Altimeter [m]
# name 11 = chloroflTC0: Chlorophyll, Turner Cyclops [ug/l]
# name 12 = cpar: CPAR/Corrected Irradiance [%]
# name 13 = par: PAR/Irradiance, Biospherical/Lico [µE/(cm^2*s)]
# name 14 = spar: SPAR, Biospherical/Licor
# name 15 = sal00: Salinity, Practical [PSU]
# name 16 = sal11: Salinity, Practical, 2 [PSU]
# name 17 = secS-priS: Salinity, Practical, Difference, 2 - 1 [PSU]
# name 18 = sigma-t00: Density [sigma-t, kg/m^3 ]
# name 19 = sigma-t11: Density, 2 [sigma-t, kg/m^3 ]
# name 20 = depSM: Depth [salt water, m], lat = 56.0363
# name 21 = depFM: Depth [true depth, m], lat = 56.0363
# name 22 = dz/dtM: Descent Rate [m/s], WS = 2
# name 23 = svCM: Sound Velocity [Chen-Millero, m/s]
# name 24 = svCM1: Sound Velocity, 2 [Chen-Millero, m/s]
# name 25 = flag: flag
# span 0 =         30,       4024       
# span 1 =      1.500,     39.000       
# span 2 =     7.2038,    10.9829       
# span 3 =     7.2017,    10.9832       
# span 4 =    -0.3272,     0.0020       
# span 5 =   0.879655,   0.969844       
# span 6 =   0.879449,   0.969889       
# span 7 =          1,          1       
# span 8 =     6.7355,     7.4104       
# span 9 =     6.3098,     6.9159       
# span 10 =       1.05,       9.97      
# span 11 =     0.0220,     0.0413      
# span 12 = 4.9241e-11, 4.9241e-11      
# span 13 = 1.0000e-12, 1.0000e-12      
# span 14 = 2.0308e+00, 2.0308e+00      
# span 15 =     7.5920,     7.6515      
# span 16 =     7.5946,     7.6530      
# span 17 =    -0.0071,     0.0170      
# span 18 =     5.5609,     5.9266      
# span 19 =     5.5608,     5.9280      
# span 20 =      1.486,     38.641      
# span 21 =      1.519,     39.500      
# span 22 =     -0.070,      0.667      
# span 23 =    1446.06,    1460.69      
# span 24 =    1446.06,    1460.69      
# span 25 = 0.0000e+00, 0.0000e+00      
# interval = decibars: 0.5              
# start_time = Oct 12 2018 19:19:31 [NMEA time, first data scan]
# bad_flag = -9.990e-29
*END*
         30      1.500    10.9804    10.9816     0.0012    0.96970    0.96976          1     7.3627     6.8943       9.97     0.0413  4.924e-11  1.000e-12  2.031e+00     7.6491     7.6493     0.0002     5.5617     5.5616      1.486      1.519      0.036    1460.49    1460.49  0.000e+00
         61      2.000    10.9808    10.9802    -0.0006    0.96973    0.96971          1     7.3621     6.8935       9.97     0.0383  4.924e-11  1.000e-12  2.031e+00     7.6491     7.6492     0.0000     5.5616     5.5617      1.982      2.026      0.382    1460.49    1460.49  0.000e+00
        253      2.500    10.9807    10.9806    -0.0002    0.96974    0.96973          1     7.3537     6.8877       9.97     0.0385  4.924e-11  1.000e-12  2.031e+00     7.6492     7.6492     0.0000     5.5616     5.5617      2.477      2.532      0.311    1460.50    1460.50  0.000e+00
        449      3.000    10.9807    10.9802    -0.0006    0.96974    0.96973          1     7.3570     6.8951       9.97     0.0393  4.924e-11  1.000e-12  2.031e+00     7.6492     7.6492    -0.0000     5.5616     5.5617      2.973      3.039      0.399    1460.51    1460.50  0.000e+00
        470      3.500    10.9765    10.9785     0.0020    0.96956    0.96965          1     7.3539     6.8949       9.97     0.0379  4.924e-11  1.000e-12  2.031e+00     7.6485     7.6488     0.0003     5.5616     5.5616      3.468      3.545      0.526    1460.50    1460.51  0.000e+00
        513      4.000    10.9765    10.9759    -0.0007    0.96957    0.96953          1     7.3568     6.8954       9.97     0.0393  4.924e-11  1.000e-12  2.031e+00     7.6485     7.6483    -0.0001     5.5616     5.5615      3.964      4.052      0.309    1460.51    1460.50  0.000e+00
        587      4.500    10.9749    10.9747    -0.0002    0.96950    0.96951          1     7.3580     6.8956       9.97     0.0396  4.924e-11  1.000e-12  2.031e+00     7.6481     7.6482     0.0001     5.5615     5.5616      4.459      4.558      0.414    1460.51    1460.51  0.000e+00
        608      5.000    10.9744    10.9753     0.0009    0.96950    0.96954          1     7.3537     6.8901       9.97     0.0388  4.924e-11  1.000e-12  2.031e+00     7.6482     7.6483     0.0001     5.5616     5.5616      4.954      5.065      0.512    1460.51    1460.52  0.000e+00
        647      5.500    10.9750    10.9756     0.0006    0.96953    0.96956          1     7.3504     6.8959       9.97     0.0408  4.924e-11  1.000e-12  2.031e+00     7.6483     7.6484     0.0001     5.5616     5.5616      5.450      5.571      0.359    1460.52    1460.53  0.000e+00
        731      6.000    10.9773    10.9779     0.0005    0.96961    0.96963          1     7.3544     6.8952       9.97     0.0400  4.924e-11  1.000e-12  2.031e+00     7.6484     7.6485    -0.0000     5.5615     5.5614      5.945      6.077      0.582    1460.54    1460.55  0.000e+00
        750      6.500    10.9788    10.9802     0.0015    0.96967    0.96972          1     7.3556     6.8906       9.97     0.0398  4.924e-11  1.000e-12  2.031e+00     7.6486     7.6487     0.0001     5.5614     5.5613      6.441      6.584      0.468    1460.56    1460.56  0.000e+00
        837      7.000    10.9792    10.9805     0.0013    0.96970    0.96974          1     7.3611     6.8767       9.97     0.0389  4.924e-11  1.000e-12  2.031e+00     7.6487     7.6488     0.0001     5.5614     5.5613      6.936      7.090      0.556    1460.56    1460.57  0.000e+00
        861      7.500    10.9800    10.9807     0.0007    0.96973    0.96976          1     7.3622     6.8818       9.97     0.0369  4.924e-11  1.000e-12  2.031e+00     7.6488     7.6488     0.0000     5.5614     5.5613      7.432      7.597      0.667    1460.58    1460.58  0.000e+00
        900      8.000    10.9801    10.9806     0.0005    0.96974    0.96976          1     7.3652     6.8971       9.97     0.0388  4.924e-11  1.000e-12  2.031e+00     7.6487     7.6487     0.0000     5.5613     5.5613      7.927      8.103      0.411    1460.59    1460.59  0.000e+00
        973      8.500    10.9805    10.9807     0.0002    0.96976    0.96976          1     7.3688     6.8972       9.97     0.0388  4.924e-11  1.000e-12  2.031e+00     7.6488     7.6487    -0.0001     5.5613     5.5612      8.422      8.610      0.570    1460.59    1460.59  0.000e+00
        993      9.000    10.9803    10.9805     0.0001    0.96974    0.96974          1     7.3657     6.8956       9.97     0.0390  4.924e-11  1.000e-12  2.031e+00     7.6486     7.6485    -0.0001     5.5612     5.5611      8.918      9.116      0.497    1460.60    1460.60  0.000e+00
       1067      9.500    10.9812    10.9810    -0.0002    0.96977    0.96978          1     7.3617     6.8981       9.97     0.0401  4.924e-11  1.000e-12  2.031e+00     7.6486     7.6487     0.0001     5.5611     5.5612      9.413      9.623      0.411    1460.61    1460.61  0.000e+00
       1109     10.000    10.9816    10.9821     0.0005    0.96981    0.96982          1     7.3635     6.8974       9.97     0.0379  4.924e-11  1.000e-12  2.031e+00     7.6488     7.6488     0.0000     5.5612     5.5611      9.909     10.129      0.590    1460.62    1460.63  0.000e+00
       1151     10.500    10.9816    10.9815    -0.0000    0.96981    0.96982          1     7.3640     6.8919       9.97     0.0391  4.924e-11  1.000e-12  2.031e+00     7.6487     7.6488     0.0000     5.5612     5.5612     10.404     10.635      0.340    1460.63    1460.63  0.000e+00
       1222     11.000    10.9818    10.9828     0.0010    0.96983    0.96985          1     7.3624     6.8905       9.97     0.0388  4.924e-11  1.000e-12  2.031e+00     7.6488     7.6487    -0.0000     5.5612     5.5610     10.900     11.142      0.478    1460.64    1460.64  0.000e+00
       1241     11.500    10.9826    10.9832     0.0006    0.96983    0.96984          1     7.3530     6.8961       9.97     0.0385  4.924e-11  1.000e-12  2.031e+00     7.6486     7.6485    -0.0001     5.5609     5.5608     11.395     11.648      0.529    1460.65    1460.65  0.000e+00
       1287     12.000    10.9829    10.9830     0.0000    0.96984    0.96985          1     7.3585     6.8913       9.97     0.0392  4.924e-11  1.000e-12  2.031e+00     7.6486     7.6487     0.0001     5.5609     5.5610     11.890     12.155      0.332    1460.66    1460.66  0.000e+00
       1366     12.500    10.9796    10.9795    -0.0002    0.96971    0.96971          1     7.3694     6.8909       9.97     0.0382  4.924e-11  1.000e-12  2.031e+00     7.6481     7.6480     0.0000     5.5609     5.5609     12.386     12.661      0.500    1460.65    1460.65  0.000e+00
       1385     13.000    10.9791    10.9793     0.0002    0.96970    0.96972          1     7.3644     6.8953       9.97     0.0379  4.924e-11  1.000e-12  2.031e+00     7.6481     7.6482     0.0001     5.5610     5.5610     12.881     13.168      0.501    1460.66    1460.66  0.000e+00
       1450     13.500    10.9787    10.9793     0.0006    0.96970    0.96973          1     7.3613     6.8947       9.97     0.0407  4.924e-11  1.000e-12  2.031e+00     7.6481     7.6482     0.0001     5.5610     5.5610     13.377     13.674      0.332    1460.67    1460.67  0.000e+00
       1501     14.000    10.9783    10.9800     0.0017    0.96975    0.96986          1     7.3547     6.8694       9.97     0.0387  4.924e-11  1.000e-12  2.031e+00     7.6485     7.6491     0.0006     5.5614     5.5617     13.872     14.181      0.619    1460.68    1460.68  0.000e+00
       1518     14.500    10.9793    10.9794     0.0001    0.96984    0.96989          1     7.3417     6.8660       9.97     0.0372  4.924e-11  1.000e-12  2.031e+00     7.6491     7.6494     0.0004     5.5617     5.5620     14.367     14.687      0.594    1460.69    1460.69  0.000e+00
       1573     15.000    10.9770    10.9728    -0.0042    0.96980    0.96971          1     7.3287     6.8714       9.97     0.0385  4.924e-11  1.000e-12  2.031e+00     7.6491     7.6492     0.0001     5.5620     5.5626     14.863     15.194      0.368    1460.68    1460.67  0.000e+00
       1635     15.500    10.9586    10.9456    -0.0130    0.96926    0.96896          1     7.3277     6.8632       9.97     0.0370  4.924e-11  1.000e-12  2.031e+00     7.6483     7.6484     0.0002     5.5636     5.5653     15.358     15.700      0.551    1460.62    1460.57  0.000e+00
       1656     16.000    10.9452    10.9403    -0.0049    0.96891    0.96881          1     7.3190     6.8615       9.97     0.0383  4.924e-11  1.000e-12  2.031e+00     7.6481     7.6482     0.0001     5.5650     5.5657     15.854     16.206      0.453    1460.58    1460.56  0.000e+00
       1743     16.500    10.9394    10.9380    -0.0014    0.96879    0.96877          1     7.3137     6.8583       9.97     0.0392  4.924e-11  1.000e-12  2.031e+00     7.6481     7.6483     0.0001     5.5658     5.5661     16.349     16.713      0.332    1460.57    1460.56  0.000e+00
       1773     17.000    10.9362    10.9307    -0.0055    0.96871    0.96858          1     7.3129     6.8525       9.97     0.0371  4.924e-11  1.000e-12  2.031e+00     7.6481     7.6481     0.0000     5.5661     5.5668     16.845     17.219      0.609    1460.56    1460.54  0.000e+00
       1792     17.500    10.9262    10.9158    -0.0104    0.96841    0.96814          1     7.3124     6.8455       9.97     0.0372  4.924e-11  1.000e-12  2.031e+00     7.6475     7.6474    -0.0001     5.5669     5.5680     17.340     17.726      0.526    1460.53    1460.49  0.000e+00
       1858     18.000    10.9121    10.9075    -0.0046    0.96800    0.96789          1     7.3121     6.8446       9.97     0.0391  4.924e-11  1.000e-12  2.031e+00     7.6469     7.6470     0.0001     5.5681     5.5687     17.835     18.232      0.345    1460.48    1460.47  0.000e+00
       1905     18.500    10.9018    10.8952    -0.0066    0.96771    0.96760          1     7.3079     6.8421       9.97     0.0383  4.924e-11  1.000e-12  2.031e+00     7.6466     7.6470     0.0004     5.5691     5.5701     18.331     18.739      0.566    1460.45    1460.43  0.000e+00
       1928     19.000    10.8919    10.8790    -0.0129    0.96748    0.96719          1     7.3015     6.8404       9.97     0.0380  4.924e-11  1.000e-12  2.031e+00     7.6465     7.6468     0.0002     5.5702     5.5719     18.826     19.245      0.398    1460.42    1460.37  0.000e+00
       2026     19.500    10.8575    10.8525    -0.0051    0.96664    0.96657          1     7.4104     6.8703       9.97     0.0387  4.924e-11  1.000e-12  2.031e+00     7.6464     7.6469     0.0005     5.5742     5.5752     19.322     19.752      0.451    1460.30    1460.28  0.000e+00
       2042     20.000    10.8486    10.8202    -0.0286    0.96643    0.96579          1     7.3448     6.8200       9.97     0.0378  4.924e-11  1.000e-12  2.031e+00     7.6465     7.6470     0.0004     5.5753     5.5790     19.817     20.258      0.587    1460.28    1460.17  0.000e+00
       2067     20.500    10.7443    10.4167    -0.3272    0.96321    0.95444          1     7.3222     6.8246       9.97     0.0386  4.924e-11  1.000e-12  2.031e+00     7.6407     7.6336    -0.0071     5.5830     5.6150     20.312     20.764      0.380    1459.88    1458.61  0.000e+00
       2153     21.000    10.1147     9.9971    -0.1176    0.94420    0.94182          1     7.3344     6.9159       9.97     0.0402  4.924e-11  1.000e-12  2.031e+00     7.6082     7.6121     0.0039     5.6293     5.6452     20.808     21.271      0.379    1457.43    1456.97  0.000e+00
       2172     21.500     9.9983     9.9774    -0.0209    0.94144    0.94139          1     7.3630     6.9148       9.97     0.0391  4.924e-11  1.000e-12  2.031e+00     7.6085     7.6125     0.0039     5.6421     5.6474     21.303     21.777      0.512    1456.98    1456.90  0.000e+00
       2199     22.000     9.9907     9.9828    -0.0079    0.94155    0.94183          1     7.3701     6.9101       9.97     0.0392  4.924e-11  1.000e-12  2.031e+00     7.6110     7.6151     0.0041     5.6448     5.6489     21.799     22.284      0.327    1456.96    1456.94  0.000e+00
       2286     22.500     9.9880     9.9818    -0.0062    0.94209    0.94224          1     7.3666     6.9093       9.97     0.0388  4.924e-11  1.000e-12  2.031e+00     7.6162     7.6189     0.0026     5.6492     5.6519     22.294     22.790      0.313    1456.97    1456.95  0.000e+00
       2316     23.000     9.9816     9.9787    -0.0029    0.94218    0.94241          1     7.3543     6.9066       9.97     0.0386  4.924e-11  1.000e-12  2.031e+00     7.6183     7.6209     0.0026     5.6515     5.6539     22.789     23.297      0.447    1456.95    1456.95  0.000e+00
       2345     23.500     9.9821     9.9789    -0.0032    0.94257    0.94286          1     7.3516     6.9039       9.97     0.0387  4.924e-11  1.000e-12  2.031e+00     7.6216     7.6248     0.0032     5.6540     5.6568     23.285     23.803      0.307    1456.97    1456.96  0.000e+00
       2424     24.000     9.9780     9.9749    -0.0032    0.94299    0.94313          1     7.3525     6.8783       9.97     0.0382  4.924e-11  1.000e-12  2.031e+00     7.6260     7.6279     0.0019     5.6579     5.6597     23.780     24.309      0.335    1456.96    1456.95  0.000e+00
       2448     24.500     9.9713     9.9636    -0.0077    0.94303    0.94303          1     7.3344     6.8761       9.97     0.0366  4.924e-11  1.000e-12  2.031e+00     7.6277     7.6294     0.0017     5.6599     5.6621     24.276     24.816      0.493    1456.95    1456.92  0.000e+00
       2474     25.000     9.9572     9.9502    -0.0071    0.94279    0.94278          1     7.3181     6.8707       9.97     0.0388  4.924e-11  1.000e-12  2.031e+00     7.6285     7.6300     0.0014     5.6621     5.6639     24.771     25.322      0.344    1456.90    1456.87  0.000e+00
       2560     25.500     9.9452     9.9415    -0.0037    0.94267    0.94271          1     7.3025     6.8622       9.97     0.0377  4.924e-11  1.000e-12  2.031e+00     7.6300     7.6310     0.0011     5.6645     5.6657     25.266     25.829      0.310    1456.86    1456.85  0.000e+00
       2587     26.000     9.9163     9.8923    -0.0240    0.94197    0.94144          1     7.2874     6.8426       9.97     0.0363  4.924e-11  1.000e-12  2.031e+00     7.6298     7.6303     0.0005     5.6675     5.6704     25.762     26.335      0.442    1456.76    1456.67  0.000e+00
       2618     26.500     9.8819     9.8636    -0.0183    0.94098    0.94050          1     7.2891     6.8270       9.97     0.0356  4.924e-11  1.000e-12  2.031e+00     7.6284     7.6280    -0.0004     5.6701     5.6717     26.257     26.841      0.282    1456.63    1456.56  0.000e+00
       2696     27.000     9.8703     9.8679    -0.0024    0.94071    0.94074          1     7.2793     6.8264       9.97     0.0360  4.924e-11  1.000e-12  2.031e+00     7.6284     7.6292     0.0009     5.6713     5.6722     26.752     27.348      0.315    1456.60    1456.59  0.000e+00
       2723     27.500     9.8660     9.8584    -0.0075    0.94062    0.94048          1     7.2818     6.8072       9.97     0.0343  4.924e-11  1.000e-12  2.031e+00     7.6285     7.6289     0.0004     5.6718     5.6729     27.248     27.854      0.476    1456.59    1456.56  0.000e+00
       2751     28.000     9.8548     9.8400    -0.0149    0.94024    0.93983          1     7.2907     6.8122       9.97     0.0366  4.924e-11  1.000e-12  2.031e+00     7.6275     7.6271    -0.0004     5.6722     5.6734     27.743     28.361      0.336    1456.55    1456.49  0.000e+00
       2826     28.500     9.8175     9.7934    -0.0241    0.93883    0.93806          1     7.3002     6.8409       9.97     0.0353  4.924e-11  1.000e-12  2.031e+00     7.6229     7.6213    -0.0016     5.6726     5.6739     28.239     28.867      0.278    1456.41    1456.31  0.000e+00
