ctdpy/tests/etc/all_smhi_bas_2018/SBE09_0827_20181124_1258_26_01_1236.cnv
* Sea-Bird SBE 9 Data File:
* FileName = D:\CTD_SBE911\DAT\26DA.2018.12.36.hex
* Software Version Seasave V 7.21d
* Temperature SN = 4548
* Conductivity SN = 3062
* Number of Bytes Per Scan = 48
* Number of Voltage Words = 5
* Number of Scans Averaged by the Deck Unit = 1
* NMEA Latitude = 58 02.51 N
* NMEA Longitude = 019 30.21 E
* NMEA UTC (Time) = Nov 24 2018  12:58:49
* NMEA baud rate = 4800
** Ship: DANA
** Average sound velocity: 1443.12 m/s
** True-depth calculation Tue, 02 Apr 2019 12:14:12 +0000
** CTD Python Module SMHI /ver 3-12/ feb 2012 
** LIMS Job: 20182601-1236
** Operator: Ronny
** Cruise: 12/2018
# nquan = 26
# nvalues = 201                         
# units = specified
# name 0 = scan: Scan Count
# name 1 = prDM: Pressure, Digiquartz [db]
# name 2 = t090C: Temperature [ITS-90, deg C]
# name 3 = t190C: Temperature, 2 [ITS-90, deg C]
# name 4 = T2-T190C: Temperature Difference, 2 - 1 [ITS-90, deg C]
# name 5 = c0S/m: Conductivity [S/m]
# name 6 = c1S/m: Conductivity, 2 [S/m]
# name 7 = pumps: Pump Status
# name 8 = sbeox1ML/L: Oxygen, SBE 43, 2 [ml/l]
# name 9 = sbeox0ML/L: Oxygen, SBE 43 [ml/l]
# name 10 = altM: Altimeter [m]
# name 11 = chloroflTC0: Chlorophyll, Turner Cyclops [ug/l]
# name 12 = cpar: CPAR/Corrected Irradiance [%]
# name 13 = par: PAR/Irradiance, Biospherical/Lico [µE/(cm^2*s)]
# name 14 = spar: SPAR, Biospherical/Licor
# name 15 = sal00: Salinity, Practical [PSU]
# name 16 = sal11: Salinity, Practical, 2 [PSU]
# name 17 = secS-priS: Salinity, Practical, Difference, 2 - 1 [PSU]
# name 18 = sigma-t00: Density [sigma-t, kg/m^3 ]
# name 19 = sigma-t11: Density, 2 [sigma-t, kg/m^3 ]
# name 20 = depSM: Depth [salt water, m], lat = 58.0418
# name 21 = depFM: Depth [true depth, m], lat = 58.0418
# name 22 = dz/dtM: Descent Rate [m/s], WS = 2
# name 23 = svCM: Sound Velocity [Chen-Millero, m/s]
# name 24 = svCM1: Sound Velocity, 2 [Chen-Millero, m/s]
# name 25 = flag: flag
# span 0 =        415,       9919       
# span 1 =      1.000,    101.000       
# span 2 =     3.9031,     8.4028       
# span 3 =     3.8857,     8.4066       
# span 4 =    -0.4999,     0.0696       
# span 5 =   0.792653,   1.272241       
# span 6 =   0.792269,   1.272573       
# span 7 =          1,          1       
# span 8 =     0.0930,     7.4595       
# span 9 =     0.0404,     7.6924       
# span 10 =       1.43,       9.98      
# span 11 =     0.0159,     0.0202      
# span 12 = -2.275e-05, 7.7007e+00      
# span 13 = -1.525e-05, 5.1739e+00      
# span 14 = 6.1155e+01, 7.1120e+01      
# span 15 =     6.8624,    11.6542      
# span 16 =     6.8623,    11.6554      
# span 17 =    -0.0277,     0.0841      
# span 18 =     5.2343,     9.1293      
# span 19 =     5.2342,     9.1298      
# span 20 =      0.991,    100.039      
# span 21 =      1.013,    102.222      
# span 22 =      0.190,      0.318      
# span 23 =    1432.02,    1449.95      
# span 24 =    1431.94,    1449.95      
# span 25 = 0.0000e+00, 0.0000e+00      
# interval = decibars: 0.5              
# start_time = Nov 24 2018 12:58:50 [NMEA time, first data scan]
# bad_flag = -9.990e-29
*END*
[from data line 56]
       3056     29.000     8.3760     8.3877     0.0117    0.82380    0.82422          1     7.3970     7.6248       9.96     0.0184  1.492e-12  1.000e-12  6.702e+01     6.8955     6.8970     0.0015     5.2426     5.2428     28.729     29.384      0.267    1449.78    1449.83  0.000e+00
       3095     29.500     8.3824     8.4020     0.0196    0.82412    0.82501          1     7.3949     7.6307       9.96     0.0184  1.492e-12  1.000e-12  6.702e+01     6.8970     6.9013     0.0043     5.2433     5.2449     29.224     29.890      0.318    1449.82    1449.90  0.000e+00
       3140     30.000     8.3977     8.4066     0.0089    0.82499    0.82558          1     7.3816     7.6207       9.96     0.0183  1.489e-12  1.000e-12  6.718e+01     6.9018     6.9054     0.0036     5.2457     5.2478     29.720     30.397      0.235    1449.89    1449.94  0.000e+00
       3188     30.500     8.4025     8.4046     0.0021    0.82547    0.82575          1     7.3770     7.6243       9.96     0.0183  1.492e-12  1.000e-12  6.702e+01     6.9051     6.9073     0.0021     5.2479     5.2494     30.215     30.904      0.289    1449.93    1449.94  0.000e+00
       3229     31.000     8.4028     8.4031     0.0002    0.82570    0.82579          1     7.3812     7.6218       9.96     0.0183  1.492e-12  1.000e-12  6.702e+01     6.9071     6.9079     0.0008     5.2494     5.2500     30.710     31.410      0.269    1449.94    1449.94  0.000e+00
       3278     31.500     8.4019     8.4026     0.0007    0.82579    0.82583          1     7.3860     7.6170       9.96     0.0186  1.492e-12  1.000e-12  6.702e+01     6.9080     6.9083     0.0003     5.2502     5.2504     31.206     31.917      0.249    1449.94    1449.95  0.000e+00
       3321     32.000     8.4012     8.3990    -0.0023    0.82583    0.82591          1     7.3957     7.6309       9.96     0.0185  1.492e-12  1.000e-12  6.702e+01     6.9085     6.9097     0.0012     5.2506     5.2517     31.701     32.423      0.293    1449.95    1449.94  0.000e+00
       3364     32.500     8.3978     8.3938    -0.0039    0.82592    0.82601          1     7.3861     7.6206       9.96     0.0185  1.485e-12  1.000e-12  6.737e+01     6.9099     6.9115     0.0016     5.2520     5.2536     32.196     32.930      0.263    1449.94    1449.93  0.000e+00
       3410     33.000     8.3940     8.3921    -0.0019    0.82599    0.82602          1     7.3700     7.6092       9.96     0.0183  1.492e-12  1.000e-12  6.703e+01     6.9112     6.9118     0.0006     5.2534     5.2540     32.691     33.437      0.271    1449.94    1449.93  0.000e+00
       3453     33.500     8.3910     8.3822    -0.0088    0.82602    0.82607          1     7.3590     7.6082       9.96     0.0183  1.486e-12  1.000e-12  6.730e+01     6.9120     6.9142     0.0022     5.2543     5.2567     33.187     33.943      0.285    1449.94    1449.90  0.000e+00
       3497     34.000     8.3826     8.3760    -0.0066    0.82608    0.82612          1     7.3648     7.6074       9.96     0.0183  1.488e-12  1.000e-12  6.723e+01     6.9141     6.9158     0.0017     5.2566     5.2585     33.682     34.450      0.242    1449.91    1449.89  0.000e+00
       3549     34.500     8.3762     8.3659    -0.0103    0.82612    0.82611          1     7.3627     7.5905       9.96     0.0185  1.491e-12  1.000e-12  6.708e+01     6.9157     6.9176     0.0020     5.2584     5.2608     34.177     34.956      0.274    1449.90    1449.86  0.000e+00
       3587     35.000     8.3668     8.3606    -0.0062    0.82611    0.82614          1     7.3593     7.5890       9.96     0.0183  1.488e-12  1.000e-12  6.721e+01     6.9174     6.9189     0.0014     5.2605     5.2622     34.673     35.463      0.302    1449.87    1449.85  0.000e+00
       3634     35.500     8.3611     8.3530    -0.0081    0.82615    0.82610          1     7.3734     7.5994       9.96     0.0183  1.472e-12  1.000e-12  6.793e+01     6.9188     6.9199     0.0011     5.2621     5.2637     35.168     35.970      0.241    1449.85    1449.82  0.000e+00
       3679     36.000     8.3538     8.3387    -0.0151    0.82611    0.82606          1     7.3629     7.5997       9.96     0.0183  1.486e-12  1.000e-12  6.728e+01     6.9199     6.9223     0.0025     5.2636     5.2667     35.663     36.476      0.302    1449.84    1449.78  0.000e+00
       3721     36.500     8.3348     8.2776    -0.0572    0.82603    0.82583          1     7.3368     7.5735       9.96     0.0183  1.468e-12  1.000e-12  6.812e+01     6.9228     6.9322     0.0094     5.2675     5.2797     36.158     36.983      0.259    1449.77    1449.55  0.000e+00
       3766     37.000     8.2815     8.2474    -0.0342    0.82589    0.82580          1     7.3238     7.5600       9.96     0.0182  1.479e-12  1.000e-12  6.764e+01     6.9319     6.9378     0.0059     5.2791     5.2866     36.654     37.489      0.279    1449.57    1449.44  0.000e+00
       3813     37.500     8.2537     8.2332    -0.0205    0.82582    0.82576          1     7.3230     7.5405       9.96     0.0183  1.477e-12  1.000e-12  6.772e+01     6.9367     6.9402     0.0035     5.2851     5.2896     37.149     37.996      0.238    1449.47    1449.39  0.000e+00
       3859     38.000     8.2250     8.1968    -0.0280    0.82570    0.82563          1     7.3252     7.5426       9.96     0.0172  1.477e-12  1.000e-12  6.771e+01     6.9413     6.9461     0.0048     5.2911     5.2972     37.644     38.503      0.304    1449.37    1449.26  0.000e+00
       3899     38.500     8.2016     8.1859    -0.0157    0.82562    0.82557          1     7.3165     7.5403       9.96     0.0173  1.456e-12  1.000e-12  6.870e+01     6.9450     6.9477     0.0027     5.2960     5.2994     38.140     39.009      0.270    1449.29    1449.23  0.000e+00
       3946     39.000     8.1872     8.1686    -0.0186    0.82556    0.82545          1     7.3405     7.5486       9.96     0.0176  1.475e-12  1.000e-12  6.782e+01     6.9474     6.9500     0.0026     5.2990     5.3026     38.635     39.516      0.264    1449.24    1449.17  0.000e+00
       3991     39.500     8.1700     8.1003    -0.0698    0.82545    0.82490          1     7.3344     7.5657       9.96     0.0181  1.450e-12  1.000e-12  6.897e+01     6.9496     6.9584     0.0088     5.3022     5.3148     39.130     40.022      0.254    1449.18    1448.91  0.000e+00
       4039     40.000     8.0721     7.8285    -0.2436    0.82468    0.82298          1     7.3132     7.5037       9.96     0.0180  1.459e-12  1.000e-12  6.855e+01     6.9620     6.9950     0.0329     5.3199     5.3651     39.625     40.529      0.260    1448.80    1447.85  0.000e+00
       4086     40.500     7.8389     7.6151    -0.2237    0.82297    0.82145          1     7.2290     7.4517       9.96     0.0171  1.451e-12  1.000e-12  6.892e+01     6.9928     7.0238     0.0310     5.3625     5.4039     40.121     41.036      0.247    1447.89    1447.01  0.000e+00
       4133     41.000     7.5750     7.2568    -0.3180    0.82100    0.81867          1     7.1358     7.3386       9.96     0.0171  1.457e-12  1.000e-12  6.864e+01     7.0276     7.0707     0.0430     5.4099     5.4668     40.616     41.542      0.262    1446.86    1445.59  0.000e+00
       4181     41.500     7.2830     7.1519    -0.1312    0.81873    0.81797          1     7.1291     7.3081       9.96     0.0170  1.454e-12  1.000e-12  6.877e+01     7.0658     7.0856     0.0198     5.4612     5.4859     41.111     42.049      0.246    1445.70    1445.18  0.000e+00
       4227     42.000     7.1767     6.9860    -0.1907    0.81804    0.81612          1     7.0968     7.2830       9.96     0.0171  1.448e-12  1.000e-12  6.905e+01     7.0811     7.1023     0.0212     5.4806     5.5102     41.606     42.555      0.269    1445.29    1444.51  0.000e+00
       4274     42.500     6.9935     6.7963    -0.1971    0.81585    0.81366          1     7.0773     7.2596       9.96     0.0169  1.454e-12  1.000e-12  6.877e+01     7.0981     7.1183     0.0202     5.5065     5.5353     42.102     43.062      0.244    1444.55    1443.74  0.000e+00
       4325     43.000     6.7942     6.5845    -0.2096    0.81387    0.81315          1     7.0599     7.2300       9.96     0.0171  1.454e-12  1.000e-12  6.880e+01     7.1207     7.1576     0.0369     5.5373     5.5794     42.597     43.568      0.238    1443.75    1442.91  0.000e+00
       4373     43.500     6.6044     6.3417    -0.2630    0.81310    0.81108          1     7.0098     7.2080       9.96     0.0171  1.455e-12  1.000e-12  6.874e+01     7.1529     7.1888     0.0360     5.5745     5.6185     43.092     44.074      0.250    1442.99    1441.92  0.000e+00
       4422     44.000     6.3028     5.8026    -0.4999    0.80964    0.80297          1     6.9465     7.0990       9.96     0.0169  1.465e-12  1.000e-12  6.829e+01     7.1832     7.2254     0.0422     5.6162     5.6765     43.587     44.581      0.240    1441.76    1439.67  0.000e+00
       4471     44.500     5.8410     5.5302    -0.3109    0.80314    0.79952          1     6.8902     7.0351       9.96     0.0161  1.454e-12  1.000e-12  6.881e+01     7.2188     7.2504     0.0316     5.6694     5.7096     44.083     45.087      0.262    1439.83    1438.53  0.000e+00
       4517     45.000     5.5446     5.2969    -0.2477    0.79896    0.79548          1     6.8408     7.0107       9.96     0.0162  1.451e-12  1.000e-12  6.891e+01     7.2418     7.2613     0.0195     5.7021     5.7287     44.578     45.594      0.243    1438.59    1437.53  0.000e+00
       4567     45.500     5.3304     5.1810    -0.1495    0.79602    0.79649          1     6.7939     6.9883       9.96     0.0159  1.452e-12  1.000e-12  6.887e+01     7.2593     7.2964     0.0371     5.7256     5.7613     45.073     46.100      0.258    1437.68    1437.08  0.000e+00
       4614     46.000     5.2267     5.1020    -0.1247    0.79772    0.80008          1     6.6910     6.9163       9.96     0.0164  1.456e-12  1.000e-12  6.867e+01     7.2984     7.3490     0.0506     5.7611     5.8063     45.568     46.606      0.239    1437.29    1436.81  0.000e+00
       4665     46.500     5.1059     4.8882    -0.2176    0.79928    0.79765          1     6.6539     6.8243       9.96     0.0164  1.466e-12  1.000e-12  6.824e+01     7.3402     7.3722     0.0320     5.7991     5.8330     46.064     47.113      0.247    1436.82    1435.91  0.000e+00
       4712     47.000     4.9091     4.7194    -0.1897    0.79732    0.79521          1     6.7045     6.8310       9.96     0.0160  1.476e-12  1.000e-12  6.776e+01     7.3642     7.3854     0.0212     5.8259     5.8496     46.559     47.619      0.256    1435.99    1435.18  0.000e+00
       4760     47.500     4.7654     4.5621    -0.2033    0.79564    0.79390          1     6.6349     6.8328       9.96     0.0159  1.469e-12  1.000e-12  6.811e+01     7.3793     7.4074     0.0281     5.8432     5.8724     47.054     48.125      0.245    1435.39    1434.52  0.000e+00
       4808     48.000     4.5795     4.3502    -0.2292    0.79383    0.79227          1     6.5019     6.7353       9.96     0.0159  1.472e-12  1.000e-12  6.795e+01     7.4027     7.4386     0.0359     5.8681     5.9038     47.550     48.632      0.257    1434.60    1433.63  0.000e+00
       4854     48.500     4.3861     4.3026    -0.0836    0.79265    0.79363          1     6.4210     6.6369       9.96     0.0159  1.479e-12  1.000e-12  6.764e+01     7.4343     7.4631     0.0288     5.8993     5.9247     48.045     49.138      0.258    1433.79    1433.45  0.000e+00
       4903     49.000     4.3391     4.3108    -0.0283    0.79362    0.79489          1     6.3562     6.5594       9.96     0.0159  1.468e-12  1.000e-12  6.815e+01     7.4546     7.4739     0.0193     5.9169     5.9330     48.540     49.644      0.243    1433.61    1433.51  0.000e+00
       4951     49.500     4.3157     4.2343    -0.0814    0.79481    0.79530          1     6.2973     6.5030       9.96     0.0159  1.483e-12  1.000e-12  6.742e+01     7.4718     7.4954     0.0235     5.9312     5.9522     49.035     50.151      0.248    1433.54    1433.21  0.000e+00
       4998     50.000     4.2514     4.1602    -0.0913    0.79517    0.79509          1     6.2481     6.4384       9.96     0.0159  1.491e-12  1.000e-12  6.706e+01     7.4901     7.5101     0.0200     5.9476     5.9660     49.530     50.657      0.272    1433.28    1432.90  0.000e+00
       5044     50.500     4.1725     4.1133    -0.0592    0.79506    0.79527          1     6.2028     6.3948       9.96     0.0159  1.481e-12  1.000e-12  6.752e+01     7.5069     7.5226     0.0158     5.9631     5.9772     50.026     51.163      0.237    1432.96    1432.71  0.000e+00
       5094     51.000     4.1294     4.1047    -0.0247    0.79539    0.79583          1     6.1614     6.3579       9.96     0.0159  1.492e-12  1.000e-12  6.700e+01     7.5201     7.5302     0.0102     5.9748     5.9835     50.521     51.669      0.266    1432.79    1432.69  0.000e+00
       5136     51.500     4.1222     4.1206    -0.0017    0.79592    0.79648          1     6.1438     6.3297       9.96     0.0159  1.492e-12  1.000e-12  6.702e+01     7.5271     7.5331     0.0061     5.9805     5.9854     51.016     52.176      0.274    1432.78    1432.78  0.000e+00
       5186     52.000     4.1252     4.1059    -0.0193    0.79642    0.79662          1     6.1387     6.3108       9.96     0.0159  1.490e-12  1.000e-12  6.710e+01     7.5314     7.5379     0.0065     5.9839     5.9895     51.511     52.682      0.231    1432.80    1432.72  0.000e+00
       5235     52.500     4.1112     4.0913    -0.0198    0.79673    0.79717          1     6.1165     6.2868       9.96     0.0159  1.491e-12  1.000e-12  6.706e+01     7.5376     7.5467     0.0091     5.9892     5.9969     52.007     53.188      0.249    1432.76    1432.68  0.000e+00
       5283     53.000     4.0931     4.0629    -0.0302    0.79710    0.79702          1     6.0783     6.2507       9.96     0.0159  1.492e-12  1.000e-12  6.702e+01     7.5455     7.5516     0.0061     5.9959     6.0016     52.502     53.694      0.260    1432.69    1432.56  0.000e+00
       5330     53.500     4.0696     4.0466    -0.0230    0.79706    0.79737          1     6.0637     6.2323       9.96     0.0159  1.492e-12  1.000e-12  6.702e+01     7.5505     7.5589     0.0085     6.0005     6.0078     52.997     54.201      0.236    1432.60    1432.51  0.000e+00
       5380     54.000     4.0549     4.0384    -0.0166    0.79753    0.79809          1     6.0143     6.2065       9.96     0.0159  1.492e-12  1.000e-12  6.702e+01     7.5586     7.5681     0.0096     6.0073     6.0153     53.492     54.707      0.258    1432.55    1432.49  0.000e+00
       5427     54.500     4.0352     3.9823    -0.0528    0.79800    0.79858          1     5.9606     6.1584       9.96     0.0159  1.492e-12  1.000e-12  6.702e+01     7.5678     7.5860     0.0182     6.0151     6.0310     53.988     55.213      0.243    1432.48    1432.27  0.000e+00
       5477     55.000     3.9931     3.9701    -0.0231    0.79891    0.80004          1     5.8601     6.0755       9.96     0.0159  1.492e-12  1.000e-12  6.702e+01     7.5868     7.6037     0.0169     6.0313     6.0453     54.483     55.719      0.253    1432.33    1432.25  0.000e+00
       5524     55.500     3.9804     3.9691    -0.0113    0.79984    0.80067          1     5.8329     6.0128       9.96     0.0159  1.492e-12  1.000e-12  6.702e+01     7.5992     7.6103     0.0111     6.0415     6.0506     54.978     56.225      0.243    1432.29    1432.26  0.000e+00
       5576     56.000     3.9717     3.9227    -0.0490    0.80081    0.80146          1     5.7565     5.9612       9.96     0.0159  1.492e-12  1.000e-12  6.702e+01     7.6110     7.6291     0.0181     6.0511     6.0667     55.473     56.732      0.230    1432.28    1432.08  0.000e+00
