ctdpy/tests/etc/all_smhi_bas_2018/SBE09_0827_20181006_0018_26_01_1021.cnv
* Sea-Bird SBE 9 Data File:
* FileName = D:\CTD_SBE911\DAT\26DA.2018.10.21.hex
* Software Version Seasave V 7.21d
* Temperature SN = 4548
* Conductivity SN = 3062
* Number of Bytes Per Scan = 48
* Number of Voltage Words = 5
* Number of Scans Averaged by the Deck Unit = 1
* NMEA Latitude = 57 06.86 N
* NMEA Longitude = 017 42.14 E
* NMEA UTC (Time) = Oct 06 2018  00:20:41
* NMEA baud rate = 4800
** Ship: DANA
** Average sound velocity: 1448.33 m/s
** True-depth calculation Thu, 28 Mar 2019 12:18:22 +0000
** CTD Python Module SMHI /ver 3-12/ feb 2012 
** LIMS Job: 20182601-1021
** Operator: Christian A-KTh
** Cruise: 10/2018
# nquan = 26
# nvalues = 198                         
# units = specified
# name 0 = scan: Scan Count
# name 1 = prDM: Pressure, Digiquartz [db]
# name 2 = t090C: Temperature [ITS-90, deg C]
# name 3 = t190C: Temperature, 2 [ITS-90, deg C]
# name 4 = T2-T190C: Temperature Difference, 2 - 1 [ITS-90, deg C]
# name 5 = c0S/m: Conductivity [S/m]
# name 6 = c1S/m: Conductivity, 2 [S/m]
# name 7 = pumps: Pump Status
# name 8 = sbeox1ML/L: Oxygen, SBE 43, 2 [ml/l]
# name 9 = sbeox0ML/L: Oxygen, SBE 43 [ml/l]
# name 10 = altM: Altimeter [m]
# name 11 = chloroflTC0: Chlorophyll, Turner Cyclops [ug/l]
# name 12 = cpar: CPAR/Corrected Irradiance [%]
# name 13 = par: PAR/Irradiance, Biospherical/Lico [µE/(cm^2*s)]
# name 14 = spar: SPAR, Biospherical/Licor
# name 15 = sal00: Salinity, Practical [PSU]
# name 16 = sal11: Salinity, Practical, 2 [PSU]
# name 17 = secS-priS: Salinity, Practical, Difference, 2 - 1 [PSU]
# name 18 = sigma-t00: Density [sigma-t, kg/m^3 ]
# name 19 = sigma-t11: Density, 2 [sigma-t, kg/m^3 ]
# name 20 = depSM: Depth [salt water, m], lat = 57.1143
# name 21 = depFM: Depth [true depth, m], lat = 57.1143
# name 22 = dz/dtM: Descent Rate [m/s], WS = 2
# name 23 = svCM: Sound Velocity [Chen-Millero, m/s]
# name 24 = svCM1: Sound Velocity, 2 [Chen-Millero, m/s]
# name 25 = flag: flag
# span 0 =        295,      10772       
# span 1 =      1.500,    100.000       
# span 2 =     3.9599,    12.5529       
# span 3 =     3.9064,    12.5529       
# span 4 =    -0.5376,     0.0358       
# span 5 =   0.777522,   1.163149       
# span 6 =   0.778446,   1.163163       
# span 7 =          1,          1       
# span 8 =     0.0312,     7.2230       
# span 9 =     0.0417,     6.7976       
# span 10 =       1.57,       9.97      
# span 11 =     0.0159,     0.0311      
# span 12 = -1.496e+02, 6.5437e+03      
# span 13 = 1.0000e-12, 1.0000e-12      
# span 14 = 1.8979e+00, 2.0338e+00      
# span 15 =     6.8618,    10.7447      
# span 16 =     6.8621,    10.7448      
# span 17 =    -0.0002,     0.0696      
# span 18 =     4.7501,     8.4488      
# span 19 =     4.7502,     8.4488      
# span 20 =      1.486,     99.057      
# span 21 =      1.521,    101.184      
# span 22 =     -0.060,      0.455      
# span 23 =    1431.65,    1465.63      
# span 24 =    1431.44,    1465.63      
# span 25 = 0.0000e+00, 0.0000e+00      
# interval = decibars: 0.5              
# start_time = Oct 06 2018 00:20:41 [NMEA time, first data scan]
# bad_flag = -9.990e-29
*END*
[from data line 168]
       8103     85.500     5.7314     5.7357     0.0044    1.13672    1.13759          1     0.0459     0.0534       9.97     0.0171  4.924e-11  1.000e-12  2.031e+00    10.5215    10.5289     0.0074     8.2802     8.2857     84.696     86.538      0.235    1444.19    1444.22  0.000e+00
       8159     86.000     5.7366     5.7423     0.0057    1.13824    1.13932          1     0.0470     0.0546       9.97     0.0171  4.924e-11  1.000e-12  2.031e+00    10.5350    10.5440     0.0090     8.2905     8.2973     85.192     87.043      0.268    1444.24    1444.27  0.000e+00
       8193     86.500     5.7422     5.7444     0.0022    1.13961    1.13989          1     0.0468     0.0542       9.97     0.0171  4.924e-11  1.000e-12  2.031e+00    10.5468    10.5490     0.0022     8.2995     8.3011     85.687     87.548      0.369    1444.28    1444.29  0.000e+00
       8242     87.000     5.7446     5.7504     0.0058    1.14002    1.14081          1     0.0472     0.0523       9.97     0.0172  4.924e-11  1.000e-12  2.031e+00    10.5501    10.5562     0.0061     8.3020     8.3064     86.182     88.053      0.234    1444.30    1444.34  0.000e+00
       8304     87.500     5.7544     5.7621     0.0077    1.14165    1.14262          1     0.0475     0.0509       9.97     0.0171  4.924e-11  1.000e-12  2.031e+00    10.5632    10.5705     0.0073     8.3117     8.3170     86.677     88.558      0.387    1444.37    1444.41  0.000e+00
       8329     88.000     5.7635     5.7734     0.0099    1.14321    1.14459          1     0.0468     0.0524       9.97     0.0171  4.924e-11  1.000e-12  2.031e+00    10.5758    10.5866     0.0107     8.3211     8.3290     87.172     89.063      0.418    1444.43    1444.49  0.000e+00
       8383     88.500     5.7712     5.7826     0.0114    1.14449    1.14635          1     0.0464     0.0515       9.97     0.0171  4.924e-11  1.000e-12  2.031e+00    10.5862    10.6011     0.0150     8.3288     8.3399     87.668     89.568      0.241    1444.49    1444.55  0.000e+00
       8443     89.000     5.7815     5.7867     0.0053    1.14681    1.14772          1     0.0424     0.0514       9.97     0.0171  4.924e-11  1.000e-12  2.031e+00    10.6060    10.6135     0.0075     8.3438     8.3494     88.163     90.074      0.370    1444.56    1444.60  0.000e+00
       8470     89.500     5.7884     5.7989     0.0104    1.14829    1.14958          1     0.0435     0.0524       9.97     0.0171  1.541e-09  1.000e-12  2.031e+00    10.6185    10.6281     0.0096     8.3532     8.3602     88.658     90.579      0.405    1444.62    1444.68  0.000e+00
       8506     90.000     5.7981     5.8063     0.0082    1.14969    1.15072          1     0.0418     0.0511       9.97     0.0171  6.544e+03  1.000e-12  1.898e+00    10.6294    10.6371     0.0077     8.3613     8.3668     89.153     91.084      0.235    1444.68    1444.73  0.000e+00
       8574     90.500     5.8063     5.8110     0.0047    1.15117    1.15186          1     0.0436     0.0518       9.97     0.0171 -1.496e+02  1.000e-12  2.034e+00    10.6415    10.6469     0.0054     8.3703     8.3743     89.648     91.589      0.272    1444.74    1444.77  0.000e+00
       8609     91.000     5.8128     5.8203     0.0076    1.15275    1.15435          1     0.0409     0.0510       9.97     0.0171  4.924e-11  1.000e-12  2.031e+00    10.6552    10.6688     0.0136     8.3807     8.3909     90.144     92.094      0.362    1444.79    1444.84  0.000e+00
       8645     91.500     5.8201     5.8265     0.0064    1.15477    1.15646          1     0.0423     0.0493       9.97     0.0171  4.924e-11  1.000e-12  2.031e+00    10.6729    10.6877     0.0148     8.3942     8.4055     90.639     92.599      0.281    1444.85    1444.90  0.000e+00
       8703     92.000     5.8264     5.8299     0.0035    1.15676    1.15749          1     0.0414     0.0497       9.91     0.0171  4.924e-11  1.000e-12  2.031e+00    10.6907    10.6969     0.0061     8.4079     8.4125     91.134     93.104      0.203    1444.91    1444.93  0.000e+00
       8751     92.500     5.8289     5.8306     0.0017    1.15751    1.15764          1     0.0413     0.0498       9.51     0.0171  4.924e-11  1.000e-12  2.031e+00    10.6973    10.6981     0.0007     8.4129     8.4134     91.629     93.609      0.329    1444.94    1444.95  0.000e+00
       8786     93.000     5.8297     5.8312     0.0015    1.15764    1.15779          1     0.0408     0.0489       8.98     0.0171  4.924e-11  1.000e-12  2.031e+00    10.6983    10.6993     0.0010     8.4136     8.4143     92.124     94.114      0.305    1444.95    1444.96  0.000e+00
       8841     93.500     5.8309     5.8325     0.0015    1.15791    1.15810          1     0.0420     0.0474       8.43     0.0174  4.924e-11  1.000e-12  2.031e+00    10.7005    10.7019     0.0014     8.4153     8.4163     92.619     94.619      0.232    1444.97    1444.98  0.000e+00
       8884     94.000     5.8329     5.8372     0.0043    1.15844    1.15923          1     0.0408     0.0481       7.98     0.0171  4.924e-11  1.000e-12  2.031e+00    10.7051    10.7116     0.0065     8.4188     8.4237     93.115     95.124      0.362    1444.99    1445.02  0.000e+00
       8919     94.500     5.8385     5.8445     0.0060    1.15987    1.16114          1     0.0391     0.0462       7.41     0.0174  4.924e-11  1.000e-12  2.031e+00    10.7175    10.7283     0.0108     8.4283     8.4364     93.610     95.629      0.264    1445.04    1445.08  0.000e+00
       8980     95.000     5.8434     5.8480     0.0045    1.16116    1.16202          1     0.0409     0.0450       6.87     0.0173  4.924e-11  1.000e-12  2.031e+00    10.7287    10.7359     0.0072     8.4368     8.4421     94.105     96.134      0.297    1445.08    1445.11  0.000e+00
       9011     95.500     5.8469     5.8486     0.0017    1.16197    1.16216          1     0.0402     0.0471       6.40     0.0172  4.924e-11  1.000e-12  2.031e+00    10.7356    10.7370     0.0014     8.4420     8.4430     94.600     96.639      0.383    1445.11    1445.12  0.000e+00
       9056     96.000     5.8479     5.8490     0.0011    1.16214    1.16226          1     0.0401     0.0465       5.84     0.0175  4.924e-11  1.000e-12  2.031e+00    10.7369    10.7378     0.0009     8.4429     8.4436     95.095     97.144      0.234    1445.12    1445.13  0.000e+00
       9117     96.500     5.8486     5.8498     0.0012    1.16236    1.16245          1     0.0366     0.0456       5.37     0.0176  4.924e-11  1.000e-12  2.031e+00    10.7387    10.7393     0.0005     8.4444     8.4447     95.591     97.649      0.348    1445.14    1445.14  0.000e+00
       9145     97.000     5.8490     5.8502     0.0012    1.16244    1.16253          1     0.0399     0.0464       4.85     0.0177  4.924e-11  1.000e-12  2.031e+00    10.7393    10.7399     0.0006     8.4448     8.4452     96.086     98.154      0.374    1445.15    1445.16  0.000e+00
       9196     97.500     5.8498     5.8506     0.0009    1.16255    1.16265          1     0.0351     0.0464       4.29     0.0179  4.924e-11  1.000e-12  2.031e+00    10.7401    10.7408     0.0007     8.4454     8.4458     96.581     98.659      0.220    1445.16    1445.16  0.000e+00
       9254     98.000     5.8505     5.8512     0.0007    1.16276    1.16277          1     0.0382     0.0451       3.85     0.0180  4.924e-11  1.000e-12  2.031e+00    10.7419    10.7417    -0.0002     8.4467     8.4465     97.076     99.164      0.363    1445.17    1445.18  0.000e+00
       9281     98.500     5.8508     5.8519     0.0011    1.16283    1.16292          1     0.0365     0.0451       3.32     0.0183  4.924e-11  1.000e-12  2.031e+00    10.7424    10.7429     0.0005     8.4471     8.4474     97.571     99.669      0.407    1445.18    1445.19  0.000e+00
       9323     99.000     5.8515     5.8522     0.0006    1.16293    1.16298          1     0.0363     0.0459       2.71     0.0180  4.924e-11  1.000e-12  2.031e+00    10.7431    10.7434     0.0003     8.4476     8.4478     98.066    100.174      0.230    1445.20    1445.20  0.000e+00
       9393     99.500     5.8517     5.8524     0.0007    1.16301    1.16303          1     0.0378     0.0455       2.23     0.0177  4.924e-11  1.000e-12  2.031e+00    10.7438    10.7437    -0.0000     8.4481     8.4480     98.561    100.679      0.322    1445.21    1445.21  0.000e+00
      10772    100.000     5.8526     5.8530     0.0004    1.16315    1.16316          1     0.0312     0.0417       1.57     0.0179  4.924e-11  1.000e-12  2.031e+00    10.7447    10.7448     0.0000     8.4488     8.4488     99.057    101.184     -0.060    1445.22    1445.22  0.000e+00
