ctdpy/tests/etc/all_smhi_bas_2018/SBE09_0827_20181009_1528_26_01_1052.cnv
* Sea-Bird SBE 9 Data File:
* FileName = D:\CTD_SBE911\DAT\26DA.2018.10.52.hex
* Software Version Seasave V 7.21d
* Temperature SN = 4548
* Conductivity SN = 3062
* Number of Bytes Per Scan = 48
* Number of Voltage Words = 5
* Number of Scans Averaged by the Deck Unit = 1
* NMEA Latitude = 59 04.66 N
* NMEA Longitude = 019 35.03 E
* NMEA UTC (Time) = Oct 09 2018  15:31:16
* NMEA baud rate = 4800
** Ship: DANA
** Average sound velocity: 1442.00 m/s
** True-depth calculation Thu, 28 Mar 2019 12:22:30 +0000
** CTD Python Module SMHI /ver 3-12/ feb 2012 
** LIMS Job: 20182601-1052
** Operator: Christian
** Cruise: 10/2018
# nquan = 26
# nvalues = 174                         
# units = specified
# name 0 = scan: Scan Count
# name 1 = prDM: Pressure, Digiquartz [db]
# name 2 = t090C: Temperature [ITS-90, deg C]
# name 3 = t190C: Temperature, 2 [ITS-90, deg C]
# name 4 = T2-T190C: Temperature Difference, 2 - 1 [ITS-90, deg C]
# name 5 = c0S/m: Conductivity [S/m]
# name 6 = c1S/m: Conductivity, 2 [S/m]
# name 7 = pumps: Pump Status
# name 8 = sbeox1ML/L: Oxygen, SBE 43, 2 [ml/l]
# name 9 = sbeox0ML/L: Oxygen, SBE 43 [ml/l]
# name 10 = altM: Altimeter [m]
# name 11 = chloroflTC0: Chlorophyll, Turner Cyclops [ug/l]
# name 12 = cpar: CPAR/Corrected Irradiance [%]
# name 13 = par: PAR/Irradiance, Biospherical/Lico [µE/(cm^2*s)]
# name 14 = spar: SPAR, Biospherical/Licor
# name 15 = sal00: Salinity, Practical [PSU]
# name 16 = sal11: Salinity, Practical, 2 [PSU]
# name 17 = secS-priS: Salinity, Practical, Difference, 2 - 1 [PSU]
# name 18 = sigma-t00: Density [sigma-t, kg/m^3 ]
# name 19 = sigma-t11: Density, 2 [sigma-t, kg/m^3 ]
# name 20 = depSM: Depth [salt water, m], lat = 59.0777
# name 21 = depFM: Depth [true depth, m], lat = 59.0777
# name 22 = dz/dtM: Descent Rate [m/s], WS = 2
# name 23 = svCM: Sound Velocity [Chen-Millero, m/s]
# name 24 = svCM1: Sound Velocity, 2 [Chen-Millero, m/s]
# name 25 = flag: flag
# span 0 =          5,       9057       
# span 1 =      1.000,     87.500       
# span 2 =     3.4296,     8.6826       
# span 3 =     3.4260,     8.6852       
# span 4 =    -0.2584,     0.0515       
# span 5 =   0.757399,   1.048055       
# span 6 =   0.757693,   1.050463       
# span 7 =          1,          1       
# span 8 =     0.1262,     7.5928       
# span 9 =     0.1055,     7.1209       
# span 10 =       2.24,       9.98      
# span 11 =     0.0159,     0.0360      
# span 12 = 4.4759e-12, 8.4552e+00      
# span 13 = 1.0000e-12, 1.8884e+00      
# span 14 = 1.8193e+01, 2.2406e+01      
# span 15 =     6.8215,     9.7743      
# span 16 =     6.8210,     9.7940      
# span 17 =    -0.0015,     0.0474      
# span 18 =     5.1581,     7.7164      
# span 19 =     5.1575,     7.7312      
# span 20 =      0.991,     86.663      
# span 21 =      1.013,     88.586      
# span 22 =     -0.023,      0.621      
# span 23 =    1429.50,    1450.88      
# span 24 =    1429.48,    1450.88      
# span 25 = 0.0000e+00, 0.0000e+00      
# interval = decibars: 0.5              
# start_time = Oct 09 2018 15:31:16 [NMEA time, first data scan]
# bad_flag = -9.990e-29
*END*
          5      1.000     8.6797     8.6793    -0.0004    0.82185    0.82186          1     7.5779     7.1051       9.98     0.0302  8.455e+00  1.888e+00  2.233e+01     6.8222     6.8223     0.0001     5.1589     5.1591      0.991      1.013     -0.016    1450.47    1450.47  0.000e+00
         42      1.500     8.6797     8.6810     0.0013    0.82185    0.82186          1     7.5881     7.1096       9.98     0.0304  6.825e+00  1.529e+00  2.241e+01     6.8222     6.8220    -0.0001     5.1589     5.1587      1.486      1.520      0.186    1450.48    1450.48  0.000e+00
        190      2.000     8.6811     8.6806    -0.0005    0.82188    0.82187          1     7.5928     7.1158       9.98     0.0326  5.311e+00  1.186e+00  2.233e+01     6.8221     6.8221     0.0000     5.1587     5.1588      1.981      2.027      0.378    1450.49    1450.49  0.000e+00
        220      2.500     8.6796     8.6802     0.0006    0.82190    0.82190          1     7.5881     7.1183       9.98     0.0323  4.390e+00  9.808e-01  2.234e+01     6.8225     6.8224    -0.0001     5.1592     5.1591      2.477      2.533      0.307    1450.50    1450.50  0.000e+00
        317      3.000     8.6800     8.6804     0.0004    0.82190    0.82190          1     7.5912     7.1147       9.98     0.0344  3.553e+00  7.938e-01  2.234e+01     6.8224     6.8223    -0.0000     5.1590     5.1590      2.972      3.040      0.206    1450.50    1450.51  0.000e+00
        364      3.500     8.6801     8.6805     0.0004    0.82190    0.82191          1     7.5872     7.1147       9.97     0.0326  2.858e+00  6.385e-01  2.234e+01     6.8224     6.8223    -0.0000     5.1590     5.1589      3.467      3.547      0.293    1450.51    1450.52  0.000e+00
        413      4.000     8.6802     8.6803     0.0002    0.82190    0.82190          1     7.5838     7.1146       9.97     0.0342  2.183e+00  4.876e-01  2.234e+01     6.8223     6.8222    -0.0001     5.1589     5.1589      3.963      4.053      0.230    1450.52    1450.52  0.000e+00
        455      4.500     8.6802     8.6804     0.0002    0.82184    0.82189          1     7.5867     7.0908       9.97     0.0356  1.840e+00  4.110e-01  2.234e+01     6.8217     6.8221     0.0004     5.1585     5.1588      4.458      4.560      0.426    1450.53    1450.53  0.000e+00
        478      5.000     8.6797     8.6801     0.0004    0.82188    0.82190          1     7.5866     7.1018       9.97     0.0332  1.279e+00  2.857e-01  2.234e+01     6.8221     6.8221     0.0000     5.1589     5.1588      4.953      5.067      0.445    1450.54    1450.54  0.000e+00
        550      5.500     8.6796     8.6802     0.0006    0.82189    0.82190          1     7.5881     7.1177       9.97     0.0345  9.849e-01  2.200e-01  2.234e+01     6.8221     6.8221    -0.0000     5.1589     5.1588      5.448      5.573      0.255    1450.54    1450.55  0.000e+00
        606      6.000     8.6797     8.6798     0.0001    0.82191    0.82192          1     7.5885     7.1163       9.97     0.0360  6.941e-01  1.551e-01  2.234e+01     6.8222     6.8223     0.0001     5.1589     5.1590      5.944      6.080      0.309    1450.55    1450.55  0.000e+00
        658      6.500     8.6795     8.6790    -0.0005    0.82192    0.82194          1     7.5878     7.1157       9.97     0.0346  3.974e-01  8.878e-02  2.234e+01     6.8223     6.8226     0.0003     5.1590     5.1593      6.439      6.587      0.217    1450.56    1450.56  0.000e+00
        713      7.000     8.6791     8.6803     0.0012    0.82194    0.82195          1     7.5848     7.1089       9.97     0.0340  2.616e-01  5.844e-02  2.234e+01     6.8225     6.8223    -0.0002     5.1592     5.1590      6.934      7.093      0.359    1450.56    1450.57  0.000e+00
        739      7.500     8.6799     8.6802     0.0004    0.82193    0.82194          1     7.5816     7.1088       9.97     0.0329  1.162e-01  2.595e-02  2.234e+01     6.8222     6.8222     0.0000     5.1589     5.1589      7.430      7.600      0.466    1450.58    1450.58  0.000e+00
        766      8.000     8.6798     8.6800     0.0002    0.82193    0.82193          1     7.5831     7.1073       9.97     0.0334  7.180e-03  1.604e-03  2.234e+01     6.8222     6.8221    -0.0000     5.1589     5.1589      7.925      8.106      0.366    1450.59    1450.59  0.000e+00
        831      8.500     8.6800     8.6803     0.0004    0.82194    0.82194          1     7.5813     7.1136       9.97     0.0338  6.119e-05  1.367e-05  2.234e+01     6.8222     6.8221    -0.0000     5.1589     5.1588      8.420      8.613      0.264    1450.59    1450.59  0.000e+00
        874      9.000     8.6803     8.6806     0.0003    0.82195    0.82196          1     7.5785     7.1133       9.97     0.0346  4.476e-12  1.000e-12  2.234e+01     6.8221     6.8221     0.0000     5.1588     5.1588      8.916      9.120      0.335    1450.60    1450.60  0.000e+00
        929      9.500     8.6805     8.6811     0.0006    0.82196    0.82197          1     7.5895     7.1196       9.97     0.0346  4.476e-12  1.000e-12  2.234e+01     6.8221     6.8221     0.0000     5.1588     5.1587      9.411      9.626      0.230    1450.61    1450.61  0.000e+00
        984     10.000     8.6809     8.6810     0.0002    0.82198    0.82199          1     7.5842     7.1181       9.97     0.0350  4.476e-12  1.000e-12  2.234e+01     6.8222     6.8223     0.0001     5.1588     5.1589      9.906     10.133      0.395    1450.62    1450.62  0.000e+00
       1009     10.500     8.6803     8.6807     0.0004    0.82199    0.82200          1     7.5874     7.1178       9.97     0.0344  4.476e-12  1.000e-12  2.234e+01     6.8223     6.8223    -0.0000     5.1590     5.1589     10.401     10.640      0.409    1450.63    1450.63  0.000e+00
       1048     11.000     8.6809     8.6811     0.0002    0.82200    0.82200          1     7.5773     7.1168       9.97     0.0348  4.476e-12  1.000e-12  2.234e+01     6.8222     6.8222    -0.0000     5.1588     5.1588     10.897     11.146      0.231    1450.64    1450.64  0.000e+00
       1112     11.500     8.6807     8.6815     0.0008    0.82198    0.82195          1     7.5830     7.1130       9.97     0.0354  4.476e-12  1.000e-12  2.234e+01     6.8221     6.8217    -0.0004     5.1587     5.1583     11.392     11.653      0.243    1450.64    1450.64  0.000e+00
       1149     12.000     8.6810     8.6819     0.0009    0.82196    0.82196          1     7.5848     7.1120       9.97     0.0336  4.476e-12  1.000e-12  2.234e+01     6.8218     6.8216    -0.0002     5.1585     5.1583     11.887     12.160      0.361    1450.65    1450.66  0.000e+00
       1187     12.500     8.6813     8.6817     0.0004    0.82196    0.82197          1     7.5843     7.1131       9.97     0.0347  4.476e-12  1.000e-12  2.234e+01     6.8217     6.8217    -0.0000     5.1584     5.1583     12.383     12.666      0.262    1450.66    1450.66  0.000e+00
       1249     13.000     8.6810     8.6822     0.0012    0.82197    0.82198          1     7.5844     7.1191       9.97     0.0349  4.476e-12  1.000e-12  2.234e+01     6.8218     6.8216    -0.0002     5.1585     5.1582     12.878     13.173      0.191    1450.67    1450.67  0.000e+00
       1304     13.500     8.6822     8.6852     0.0030    0.82198    0.82199          1     7.5872     7.1122       9.97     0.0342  4.476e-12  1.000e-12  2.234e+01     6.8216     6.8210    -0.0005     5.1582     5.1575     13.373     13.680      0.306    1450.68    1450.69  0.000e+00
       1335     14.000     8.6826     8.6832     0.0006    0.82199    0.82200          1     7.5869     7.1203       9.97     0.0328  4.476e-12  1.000e-12  2.234e+01     6.8215     6.8215    -0.0000     5.1581     5.1580     13.869     14.186      0.414    1450.69    1450.69  0.000e+00
       1365     14.500     8.6817     8.6769    -0.0048    0.82199    0.82199          1     7.5872     7.1202       9.97     0.0321  4.476e-12  1.000e-12  2.234e+01     6.8216     6.8226     0.0009     5.1583     5.1595     14.364     14.693      0.350    1450.70    1450.68  0.000e+00
       1407     15.000     8.6788     8.6777    -0.0012    0.82200    0.82200          1     7.5881     7.1177       9.97     0.0320  4.476e-12  1.000e-12  2.234e+01     6.8222     6.8224     0.0002     5.1590     5.1593     14.859     15.200      0.262    1450.69    1450.69  0.000e+00
       1455     15.500     8.6781     8.6776    -0.0005    0.82200    0.82201          1     7.5847     7.1209       9.97     0.0318  4.476e-12  1.000e-12  2.234e+01     6.8223     6.8225     0.0002     5.1592     5.1593     15.354     15.706      0.232    1450.70    1450.70  0.000e+00
       1508     16.000     8.6770     8.6744    -0.0027    0.82201    0.82201          1     7.5803     7.1170       9.97     0.0307  4.476e-12  1.000e-12  2.234e+01     6.8225     6.8231     0.0006     5.1594     5.1601     15.850     16.213      0.262    1450.70    1450.69  0.000e+00
       1545     16.500     8.6770     8.6766    -0.0004    0.82202    0.82202          1     7.5846     7.1149       9.97     0.0305  4.476e-12  1.000e-12  2.234e+01     6.8226     6.8227     0.0001     5.1595     5.1596     16.345     16.720      0.370    1450.71    1450.71  0.000e+00
       1578     17.000     8.6758     8.6724    -0.0035    0.82202    0.82203          1     7.5843     7.1180       9.97     0.0311  4.476e-12  1.000e-12  2.234e+01     6.8227     6.8235     0.0008     5.1597     5.1606     16.840     17.226      0.297    1450.71    1450.70  0.000e+00
       1663     17.500     8.6723     8.6711    -0.0012    0.82203    0.82204          1     7.5843     7.1152       9.97     0.0305  4.476e-12  1.000e-12  2.234e+01     6.8234     6.8238     0.0004     5.1605     5.1610     17.336     17.733      0.307    1450.71    1450.70  0.000e+00
       1694     18.000     8.6783     8.6815     0.0032    0.82204    0.82205          1     7.5746     7.1186       9.97     0.0305  4.476e-12  1.000e-12  2.234e+01     6.8223     6.8219    -0.0005     5.1592     5.1585     17.831     18.240      0.503    1450.74    1450.75  0.000e+00
       1717     18.500     8.6730     8.6709    -0.0020    0.82205    0.82205          1     7.5784     7.1188       9.97     0.0305  4.476e-12  1.000e-12  2.234e+01     6.8234     6.8238     0.0004     5.1605     5.1610     18.326     18.746      0.474    1450.73    1450.72  0.000e+00
       1784     19.000     8.6685     8.6651    -0.0033    0.82205    0.82206          1     7.5762     7.1109       9.97     0.0308  4.476e-12  1.000e-12  2.234e+01     6.8242     6.8250     0.0007     5.1615     5.1624     18.821     19.253      0.301    1450.72    1450.70  0.000e+00
       1843     19.500     8.6644     8.6667     0.0024    0.82205    0.82207          1     7.5792     7.0985       9.97     0.0306  4.476e-12  1.000e-12  2.234e+01     6.8250     6.8247    -0.0003     5.1625     5.1620     19.317     19.760      0.589    1450.71    1450.72  0.000e+00
       1860     20.000     8.6668     8.6753     0.0084    0.82206    0.82208          1     7.5871     7.1016       9.97     0.0305  4.476e-12  1.000e-12  2.234e+01     6.8246     6.8231    -0.0015     5.1619     5.1600     19.812     20.266      0.585    1450.73    1450.76  0.000e+00
       1921     20.500     8.6710     8.6704    -0.0006    0.82208    0.82209          1     7.5866     7.1104       9.97     0.0306  4.476e-12  1.000e-12  2.234e+01     6.8239     6.8240     0.0002     5.1610     5.1612     20.307     20.773      0.370    1450.75    1450.75  0.000e+00
       1991     21.000     8.6670     8.6671     0.0002    0.82207    0.82208          1     7.5788     7.1073       9.97     0.0305  4.476e-12  1.000e-12  2.234e+01     6.8244     6.8246     0.0001     5.1618     5.1619     20.803     21.279      0.566    1450.74    1450.74  0.000e+00
       2010     21.500     8.6672     8.6671    -0.0001    0.82210    0.82211          1     7.5779     7.1153       9.97     0.0305  4.476e-12  1.000e-12  2.234e+01     6.8246     6.8247     0.0001     5.1619     5.1620     21.298     21.786      0.545    1450.75    1450.75  0.000e+00
       2063     22.000     8.6684     8.6697     0.0013    0.82211    0.82213          1     7.5763     7.1144       9.97     0.0309  4.476e-12  1.000e-12  2.234e+01     6.8244     6.8244    -0.0001     5.1617     5.1615     21.793     22.293      0.315    1450.76    1450.77  0.000e+00
       2129     22.500     8.6672     8.6678     0.0006    0.82212    0.82213          1     7.5730     7.1151       9.97     0.0313  4.476e-12  1.000e-12  2.234e+01     6.8247     6.8247    -0.0000     5.1620     5.1619     22.288     22.799      0.491    1450.77    1450.77  0.000e+00
       2148     23.000     8.6673     8.6691     0.0018    0.82212    0.82214          1     7.5755     7.1127       9.97     0.0308  4.476e-12  1.000e-12  2.234e+01     6.8247     6.8245    -0.0002     5.1619     5.1616     22.784     23.306      0.584    1450.78    1450.78  0.000e+00
       2173     23.500     8.6686     8.6712     0.0027    0.82214    0.82215          1     7.5830     7.1119       9.97     0.0305  4.476e-12  1.000e-12  2.234e+01     6.8245     6.8241    -0.0004     5.1617     5.1611     23.279     23.813      0.403    1450.79    1450.80  0.000e+00
       2289     24.000     8.6743     8.6737    -0.0006    0.82215    0.82216          1     7.5694     7.1123       9.97     0.0305  4.476e-12  1.000e-12  2.234e+01     6.8235     6.8237     0.0002     5.1604     5.1606     23.774     24.319      0.621    1450.82    1450.82  0.000e+00
       2305     24.500     8.6735     8.6722    -0.0013    0.82216    0.82216          1     7.5758     7.1158       9.97     0.0305  4.476e-12  1.000e-12  2.234e+01     6.8237     6.8239     0.0002     5.1606     5.1609     24.269     24.826      0.610    1450.82    1450.82  0.000e+00
       2329     25.000     8.6726     8.6751     0.0024    0.82217    0.82217          1     7.5834     7.1134       9.97     0.0305  4.476e-12  1.000e-12  2.234e+01     6.8238     6.8234    -0.0004     5.1608     5.1603     24.765     25.333      0.367    1450.83    1450.84  0.000e+00
       2406     25.500     8.6802     8.6812     0.0010    0.82218    0.82219          1     7.5853     7.1154       9.97     0.0305  4.476e-12  1.000e-12  2.234e+01     6.8224     6.8223    -0.0001     5.1590     5.1588     25.260     25.839      0.318    1450.87    1450.87  0.000e+00
       2436     26.000     8.6800     8.6805     0.0005    0.82218    0.82219          1     7.5830     7.1165       9.97     0.0310  4.476e-12  1.000e-12  2.234e+01     6.8224     6.8224    -0.0000     5.1591     5.1590     25.755     26.346      0.447    1450.87    1450.87  0.000e+00
       2466     26.500     8.6803     8.6808     0.0005    0.82219    0.82219          1     7.5790     7.1209       9.97     0.0315  4.476e-12  1.000e-12  2.234e+01     6.8224     6.8223    -0.0001     5.1590     5.1589     26.250     26.853      0.316    1450.88    1450.88  0.000e+00
       2565     27.000     8.6779     8.6700    -0.0080    0.82217    0.82215          1     7.5807     7.1157       9.97     0.0310  4.476e-12  1.000e-12  2.234e+01     6.8227     6.8239     0.0013     5.1594     5.1611     26.746     27.359      0.273    1450.88    1450.85  0.000e+00
       2622     27.500     8.6591     8.6528    -0.0062    0.82210    0.82209          1     7.5706     7.1038       9.97     0.0306  4.476e-12  1.000e-12  2.234e+01     6.8256     6.8267     0.0011     5.1634     5.1648     27.241     27.866      0.554    1450.82    1450.79  0.000e+00
       2639     28.000     8.6460     8.6368    -0.0092    0.82205    0.82203          1     7.5689     7.1067       9.97     0.0302  4.476e-12  1.000e-12  2.234e+01     6.8276     6.8292     0.0016     5.1661     5.1682     27.736     28.373      0.608    1450.77    1450.74  0.000e+00
