ctdpy/tests/etc/all_smhi_bas_2018/SBE09_0745_20181210_1229_34_01_0177.cnv
* Sea-Bird SBE 9 Data File:
* FileName = C:\ctd\temp\ar18d177.hex
* Software Version Seasave V 7.26.7.107
* Temperature SN = 4387
* Conductivity SN = 2994
* Number of Bytes Per Scan = 41
* Number of Voltage Words = 4
* Number of Scans Averaged by the Deck Unit = 1
* NMEA Latitude = 58 35.62 N
* NMEA Longitude = 018 14.18 E
* NMEA UTC (Time) = Dec 10 2018  12:29:51
* NMEA baud rate = 4800
** Station:  BY31
** Operator:  JKro
** Ship: ARANDA
** Average sound velocity: 1447.40 m/s
** True-depth calculation Mon, 10 Dec 2018 15:27:34 +0000
** CTD Python Module SMHI /ver 3-12/ feb 2012 
** LIMS Job: 20183401-0177
** Cruise: SMHI-7-2018
** Latitude [GG MM.mm N]:
** Longitude [GG MM.mm E]:
# nquan = 26
# nvalues = 881                         
# units = specified
# name 0 = scan: Scan Count
# name 1 = prDM: Pressure, Digiquartz [db]
# name 2 = t090C: Temperature [ITS-90, deg C]
# name 3 = t190C: Temperature, 2 [ITS-90, deg C]
# name 4 = T2-T190C: Temperature Difference, 2 - 1 [ITS-90, deg C]
# name 5 = c0S/m: Conductivity [S/m]
# name 6 = c1S/m: Conductivity, 2 [S/m]
# name 7 = pumps: Pump Status
# name 8 = sbeox0ML/L: Oxygen, SBE 43 [ml/l]
# name 9 = sbeox1ML/L: Oxygen, SBE 43, 2 [ml/l]
# name 10 = altM: Altimeter [m]
# name 11 = flECO-AFL: Chl-a Fluorescence, WET Labs ECO-AFL/FL [mg/m^3]
# name 12 = flECO-AFL1: Phycocyanin Fluorescence, WET Labs ECO-AFL/FL, 2 [mg/m^3]
# name 13 = par: PAR/Irradiance, Biospherical/Lico [µE/(cm^2*s)]
# name 14 = turbWETntu0: Turbidity, WET Labs ECO [NTU]
# name 15 = sal00: Salinity, Practical [PSU]
# name 16 = sal11: Salinity, Practical, 2 [PSU]
# name 17 = secS-priS: Salinity, Practical, Difference, 2 - 1 [PSU]
# name 18 = sigma-t00: Density [sigma-t, Kg/m^3 ]
# name 19 = sigma-t11: Density, 2 [sigma-t, Kg/m^3 ]
# name 20 = depSM: Depth [salt water, m], lat = 58.5937
# name 21 = depFM: Depth [true depth, m], lat = 58.5937
# name 22 = dz/dtM: Descent Rate [m/s], WS = 2
# name 23 = svCM: Sound Velocity [Chen-Millero, m/s]
# name 24 = svCM1: Sound Velocity, 2 [Chen-Millero, m/s]
# name 25 = flag: flag
# span 0 =      14533,      39260       
# span 1 =      0.500,    440.500       
# span 2 =     4.6214,     6.2340       
# span 3 =     4.6215,     6.2345       
# span 4 =    -0.0061,     0.0375       
# span 5 =   0.777971,   1.245050       
# span 6 =   0.778033,   1.245135       
# span 7 =          1,          1       
# span 8 =    0.00990,    8.01810       
# span 9 =    0.03525,    8.01766       
# span 10 =       3.28,      99.44      
# span 11 =     0.2654,     0.5618      
# span 12 =     0.1426,     0.3239      
# span 13 = 1.0000e-12, 2.1370e+02      
# span 14 =     0.1519,     2.9374      
# span 15 =     6.9527,    11.3727      
# span 16 =     6.9531,    11.3732      
# span 17 =    -0.0044,     0.0047      
# span 18 =     5.4497,     8.9185      
# span 19 =     5.4496,     8.9188      
# span 20 =      0.495,    435.932      
# span 21 =      0.507,    445.009      
# span 22 =     -0.092,      0.733      
# span 23 =    1435.85,    1453.09      
# span 24 =    1435.85,    1453.10      
# span 25 = 0.0000e+00, 0.0000e+00      
# interval = decibars: 0.5              
# start_time = Dec 10 2018 12:29:51 [NMEA time, first data scan]
# bad_flag = -9.990e-29
*END*
[from data line 669]
      30884    335.000     6.2168     6.2171     0.0003    1.24019    1.24027          1     0.0159     0.0424      98.68     0.3335     0.2175  1.000e-12  0.1852000    11.3495    11.3502     0.0007     8.9014     8.9019    331.611    338.503      0.661    1451.30    1451.30  0.000e+00
      30902    335.500     6.2170     6.2174     0.0003    1.24027    1.24034          1     0.0180     0.0421      98.68     0.3335     0.2279  1.000e-12  0.1855000    11.3501    11.3506     0.0006     8.9018     8.9022    332.105    339.008      0.557    1451.31    1451.31  0.000e+00
      30930    336.000     6.2171     6.2175     0.0004    1.24030    1.24037          1     0.0157     0.0421      98.67     0.3428     0.2222  1.000e-12  0.1710000    11.3502    11.3508     0.0006     8.9020     8.9024    332.600    339.512      0.381    1451.31    1451.32  0.000e+00
      30962    336.500     6.2173     6.2177     0.0004    1.24033    1.24041          1     0.0161     0.0417      98.68     0.3464     0.2264  1.000e-12  0.1661000    11.3505    11.3511     0.0006     8.9021     8.9026    333.094    340.017      0.476    1451.32    1451.33  0.000e+00
      30983    337.000     6.2175     6.2178     0.0003    1.24036    1.24043          1     0.0140     0.0437      98.67     0.3335     0.2225  1.000e-12  0.1739000    11.3505    11.3512     0.0006     8.9022     8.9027    333.589    340.522      0.618    1451.33    1451.33  0.000e+00
      31001    337.500     6.2175     6.2178     0.0003    1.24037    1.24045          1     0.0144     0.0436      98.67     0.3335     0.2086  1.000e-12  0.1814000    11.3506    11.3513     0.0007     8.9022     8.9027    334.083    341.027      0.631    1451.34    1451.34  0.000e+00
      31022    338.000     6.2176     6.2180     0.0004    1.24043    1.24050          1     0.0182     0.0423      98.68     0.3221     0.2086  1.000e-12  0.1763000    11.3510    11.3516     0.0006     8.9025     8.9030    334.578    341.532      0.522    1451.35    1451.35  0.000e+00
      31049    338.500     6.2177     6.2181     0.0004    1.24047    1.24054          1     0.0134     0.0426      98.67     0.3217     0.2206  1.000e-12  0.1593000    11.3513    11.3519     0.0006     8.9028     8.9032    335.072    342.036      0.405    1451.36    1451.36  0.000e+00
      31078    339.000     6.2179     6.2182     0.0003    1.24050    1.24057          1     0.0155     0.0423      98.67     0.3329     0.2125  1.000e-12  0.1651000    11.3515    11.3520     0.0006     8.9029     8.9033    335.567    342.541      0.476    1451.37    1451.37  0.000e+00
      31101    339.500     6.2181     6.2184     0.0003    1.24052    1.24059          1     0.0179     0.0427      98.68     0.3213     0.2519  1.000e-12  0.1762000    11.3515    11.3521     0.0006     8.9029     8.9033    336.061    343.046      0.580    1451.38    1451.38  0.000e+00
      31120    340.000     6.2181     6.2184     0.0003    1.24054    1.24062          1     0.0178     0.0426      98.68     0.3213     0.2395  1.000e-12  0.1861000    11.3516    11.3522     0.0007     8.9029     8.9034    336.556    343.551      0.591    1451.38    1451.39  0.000e+00
      31142    340.500     6.2181     6.2185     0.0004    1.24056    1.24063          1     0.0150     0.0420      98.67     0.3292     0.2365  1.000e-12  0.1729000    11.3517    11.3523     0.0006     8.9030     8.9035    337.050    344.055      0.501    1451.39    1451.39  0.000e+00
      31170    341.000     6.2181     6.2185     0.0004    1.24058    1.24066          1     0.0135     0.0413      98.67     0.3500     0.2630  1.000e-12  0.1677000    11.3518    11.3524     0.0006     8.9031     8.9036    337.545    344.560      0.392    1451.40    1451.40  0.000e+00
      31201    341.500     6.2182     6.2186     0.0004    1.24059    1.24067          1     0.0171     0.0431      98.68     0.3582     0.2569  1.000e-12  0.1916000    11.3518    11.3525     0.0007     8.9031     8.9036    338.039    345.065      0.448    1451.41    1451.41  0.000e+00
      31224    342.000     6.2184     6.2187     0.0003    1.24062    1.24069          1     0.0181     0.0422      98.67     0.3469     0.2272  1.000e-12  0.1708000    11.3519    11.3525     0.0006     8.9032     8.9036    338.534    345.570      0.572    1451.42    1451.42  0.000e+00
      31244    342.500     6.2185     6.2188     0.0004    1.24065    1.24072          1     0.0151     0.0427      98.68     0.3539     0.2456  1.000e-12  0.1739000    11.3521    11.3527     0.0006     8.9034     8.9038    339.028    346.074      0.628    1451.43    1451.43  0.000e+00
      31262    343.000     6.2186     6.2189     0.0003    1.24068    1.24075          1     0.0148     0.0428      98.67     0.3531     0.2739  1.000e-12  0.1805000    11.3523    11.3529     0.0006     8.9035     8.9039    339.523    346.579      0.601    1451.43    1451.44  0.000e+00
      31284    343.500     6.2186     6.2191     0.0004    1.24073    1.24079          1     0.0135     0.0424      98.67     0.3444     0.1957  1.000e-12  0.1878000    11.3526    11.3531     0.0005     8.9037     8.9040    340.018    347.084      0.501    1451.44    1451.45  0.000e+00
      31312    344.000     6.2188     6.2192     0.0004    1.24076    1.24083          1     0.0169     0.0414      98.68     0.3296     0.2494  1.000e-12  0.1659000    11.3528    11.3534     0.0006     8.9039     8.9043    340.512    347.589      0.399    1451.45    1451.45  0.000e+00
      31343    344.500     6.2190     6.2194     0.0004    1.24082    1.24089          1     0.0160     0.0424      98.67     0.3263     0.2376  1.000e-12  0.1635000    11.3532    11.3538     0.0006     8.9041     8.9046    341.007    348.094      0.435    1451.46    1451.46  0.000e+00
      31367    345.000     6.2193     6.2197     0.0003    1.24088    1.24095          1     0.0131     0.0436      98.67     0.3382     0.1954  1.000e-12  0.1652000    11.3537    11.3542     0.0006     8.9045     8.9049    341.501    348.598      0.563    1451.47    1451.47  0.000e+00
      31386    345.500     6.2195     6.2199     0.0004    1.24093    1.24101          1     0.0148     0.0430      98.68     0.3437     0.2085  1.000e-12  0.1738000    11.3540    11.3546     0.0006     8.9047     8.9052    341.996    349.103      0.631    1451.48    1451.48  0.000e+00
      31405    346.000     6.2197     6.2201     0.0004    1.24097    1.24105          1     0.0157     0.0408      98.67     0.3217     0.2626  1.000e-12  0.1519000    11.3542    11.3548     0.0006     8.9049     8.9054    342.490    349.608      0.599    1451.49    1451.49  0.000e+00
      31428    346.500     6.2197     6.2201     0.0004    1.24099    1.24106          1     0.0163     0.0423      98.67     0.3412     0.2486  1.000e-12  0.1815000    11.3543    11.3549     0.0006     8.9050     8.9054    342.985    350.113      0.456    1451.50    1451.50  0.000e+00
      31460    347.000     6.2199     6.2203     0.0004    1.24104    1.24112          1     0.0164     0.0428      98.67     0.3437     0.2261  1.000e-12  0.1740000    11.3546    11.3553     0.0006     8.9052     8.9057    343.479    350.617      0.373    1451.51    1451.51  0.000e+00
      31488    347.500     6.2202     6.2205     0.0003    1.24109    1.24116          1     0.0157     0.0422      98.68     0.3343     0.2019  1.000e-12  0.1640000    11.3549    11.3556     0.0006     8.9055     8.9059    343.974    351.122      0.528    1451.52    1451.52  0.000e+00
      31508    348.000     6.2206     6.2209     0.0003    1.24118    1.24126          1     0.0135     0.0434      98.67     0.3459     0.2000  1.000e-12  0.1762000    11.3557    11.3564     0.0007     8.9060     8.9065    344.468    351.627      0.633    1451.53    1451.53  0.000e+00
      31526    348.500     6.2209     6.2212     0.0003    1.24127    1.24135          1     0.0135     0.0424      98.67     0.3452     0.2136  1.000e-12  0.1855000    11.3563    11.3570     0.0006     8.9065     8.9070    344.963    352.132      0.620    1451.54    1451.54  0.000e+00
      31547    349.000     6.2210     6.2214     0.0004    1.24131    1.24139          1     0.0146     0.0409      98.68     0.3390     0.2366  1.000e-12  0.1849000    11.3565    11.3572     0.0007     8.9066     8.9071    345.457    352.637      0.512    1451.55    1451.55  0.000e+00
      31575    349.500     6.2212     6.2215     0.0004    1.24136    1.24143          1     0.0180     0.0417      98.68     0.3334     0.2318  1.000e-12  0.1916000    11.3569    11.3575     0.0006     8.9070     8.9074    345.952    353.141      0.417    1451.56    1451.56  0.000e+00
      31603    350.000     6.2214     6.2218     0.0004    1.24142    1.24150          1     0.0132     0.0423      98.67     0.3335     0.2302  1.000e-12  0.1664000    11.3574    11.3580     0.0006     8.9073     8.9078    346.446    353.646      0.477    1451.57    1451.57  0.000e+00
      31626    350.500     6.2218     6.2221     0.0003    1.24149    1.24156          1     0.0143     0.0418      98.67     0.3416     0.2656  1.000e-12  0.1583000    11.3579    11.3584     0.0006     8.9076     8.9081    346.941    354.151      0.556    1451.58    1451.58  0.000e+00
      31647    351.000     6.2218     6.2221     0.0003    1.24151    1.24158          1     0.0173     0.0424      98.68     0.3411     0.2377  1.000e-12  0.1633000    11.3579    11.3585     0.0006     8.9077     8.9081    347.435    354.656      0.545    1451.58    1451.59  0.000e+00
      31671    351.500     6.2218     6.2222     0.0004    1.24153    1.24161          1     0.0175     0.0421      98.67     0.3336     0.2142  1.000e-12  0.1633000    11.3581    11.3587     0.0007     8.9078     8.9083    347.930    355.160      0.454    1451.59    1451.60  0.000e+00
      31700    352.000     6.2220     6.2225     0.0004    1.24159    1.24167          1     0.0132     0.0431      98.67     0.3396     0.2311  1.000e-12  0.1602000    11.3584    11.3591     0.0007     8.9081     8.9085    348.424    355.665      0.429    1451.60    1451.61  0.000e+00
      31725    352.500     6.2222     6.2225     0.0003    1.24162    1.24169          1     0.0165     0.0404      98.68     0.3517     0.2364  1.000e-12  0.1696000    11.3586    11.3592     0.0007     8.9082     8.9087    348.919    356.170      0.527    1451.61    1451.61  0.000e+00
      31746    353.000     6.2223     6.2226     0.0003    1.24165    1.24171          1     0.0156     0.0412      98.67     0.3549     0.2170  1.000e-12  0.1785000    11.3587    11.3593     0.0005     8.9083     8.9087    349.413    356.675      0.589    1451.62    1451.62  0.000e+00
      31766    353.500     6.2224     6.2227     0.0003    1.24167    1.24173          1     0.0149     0.0421      98.67     0.3454     0.2100  1.000e-12  0.1701000    11.3589    11.3593     0.0005     8.9084     8.9087    349.908    357.179      0.576    1451.63    1451.63  0.000e+00
      31788    354.000     6.2226     6.2229     0.0003    1.24172    1.24178          1     0.0159     0.0438      98.67     0.3573     0.2109  1.000e-12  0.1872000    11.3592    11.3597     0.0005     8.9086     8.9090    350.402    357.684      0.513    1451.64    1451.64  0.000e+00
      31813    354.500     6.2226     6.2230     0.0004    1.24174    1.24181          1     0.0149     0.0413      94.36     0.3464     0.2324  1.000e-12  0.1762000    11.3593    11.3599     0.0006     8.9087     8.9091    350.897    358.189      0.469    1451.65    1451.65  0.000e+00
      31839    355.000     6.2227     6.2231     0.0004    1.24176    1.24184          1     0.0138     0.0424      92.19     0.3342     0.2617  1.000e-12  0.1761000    11.3594    11.3600     0.0006     8.9088     8.9092    351.391    358.694      0.460    1451.65    1451.66  0.000e+00
      31866    355.500     6.2227     6.2231     0.0004    1.24179    1.24185          1     0.0156     0.0412      98.57     0.3335     0.2340  1.000e-12  0.1871000    11.3596    11.3600     0.0005     8.9089     8.9093    351.886    359.199      0.448    1451.66    1451.66  0.000e+00
      31892    356.000     6.2228     6.2233     0.0004    1.24181    1.24189          1     0.0194     0.0438      91.17     0.3335     0.2330  1.000e-12  0.1807000    11.3597    11.3603     0.0006     8.9090     8.9094    352.380    359.703      0.475    1451.67    1451.67  0.000e+00
      31916    356.500     6.2231     6.2234     0.0004    1.24186    1.24193          1     0.0135     0.0426      95.13     0.3335     0.2598  1.000e-12  0.1689000    11.3599    11.3605     0.0006     8.9091     8.9096    352.875    360.208      0.544    1451.68    1451.68  0.000e+00
      31937    357.000     6.2233     6.2236     0.0003    1.24192    1.24199          1     0.0137     0.0409      90.60     0.3335     0.1636  1.000e-12  0.1956000    11.3603    11.3610     0.0006     8.9095     8.9099    353.369    360.713      0.591    1451.69    1451.69  0.000e+00
      31957    357.500     6.2235     6.2238     0.0003    1.24196    1.24203          1     0.0145     0.0416      98.00     0.3483     0.1875  1.000e-12  0.1822000    11.3607    11.3613     0.0006     8.9097     8.9102    353.864    361.218      0.582    1451.70    1451.70  0.000e+00
      31978    358.000     6.2235     6.2239     0.0003    1.24198    1.24205          1     0.0151     0.0420      92.89     0.3423     0.2316  1.000e-12  0.1649000    11.3607    11.3613     0.0006     8.9097     8.9102    354.358    361.722      0.513    1451.71    1451.71  0.000e+00
      32005    358.500     6.2236     6.2239     0.0004    1.24200    1.24207          1     0.0177     0.0421      88.40     0.3386     0.2106  1.000e-12  0.1635000    11.3608    11.3613     0.0006     8.9098     8.9102    354.853    362.227      0.420    1451.72    1451.72  0.000e+00
      32035    359.000     6.2236     6.2241     0.0004    1.24203    1.24210          1     0.0126     0.0406      95.14     0.3433     0.1640  1.000e-12  0.1690000    11.3610    11.3615     0.0005     8.9100     8.9104    355.347    362.732      0.422    1451.72    1451.73  0.000e+00
      32061    359.500     6.2240     6.2243     0.0004    1.24210    1.24217          1     0.0144     0.0404      98.76     0.3409     0.2433  1.000e-12  0.1732000    11.3614    11.3621     0.0006     8.9103     8.9108    355.842    363.237      0.520    1451.74    1451.74  0.000e+00
      32082    360.000     6.2241     6.2244     0.0004    1.24212    1.24219          1     0.0169     0.0430      98.67     0.3334     0.2593  1.000e-12  0.1815000    11.3615    11.3621     0.0006     8.9104     8.9108    356.336    363.742      0.588    1451.74    1451.75  0.000e+00
      32102    360.500     6.2242     6.2245     0.0004    1.24214    1.24222          1     0.0124     0.0422      98.68     0.3262     0.2354  1.000e-12  0.1869000    11.3616    11.3623     0.0006     8.9105     8.9109    356.831    364.246      0.593    1451.75    1451.75  0.000e+00
      32123    361.000     6.2243     6.2246     0.0004    1.24217    1.24225          1     0.0147     0.0417      98.67     0.3459     0.2251  1.000e-12  0.1815000    11.3618    11.3624     0.0006     8.9106     8.9110    357.325    364.751      0.532    1451.76    1451.76  0.000e+00
      32148    361.500     6.2243     6.2247     0.0004    1.24220    1.24227          1     0.0193     0.0412      98.67     0.3454     0.2013  1.000e-12  0.1788000    11.3620    11.3625     0.0006     8.9107     8.9111    357.820    365.256      0.441    1451.77    1451.77  0.000e+00
      32176    362.000     6.2244     6.2248     0.0004    1.24223    1.24231          1     0.0168     0.0411      90.15     0.3426     0.2611  1.000e-12  0.1711000    11.3622    11.3628     0.0006     8.9109     8.9113    358.314    365.761      0.440    1451.78    1451.78  0.000e+00
