ctdpy/tests/etc/all_smhi_bas_2018/SBE09_1044_20180530_1054_34_07_0045.cnv
* Sea-Bird SBE 9 Data File:
* FileName = C:\ctd\temp\2018\AU18D045.hex
* Software Version Seasave V 7.26.6.26
* Temperature SN = 5351
* Conductivity SN = 3941
* Number of Bytes Per Scan = 41
* Number of Voltage Words = 4
* Number of Scans Averaged by the Deck Unit = 1
* NMEA Latitude = 56 38.03 N
* NMEA Longitude = 019 35.11 E
* NMEA UTC (Time) = May 30 2018  10:54:26
* NMEA baud rate = 4800
** Station:  BY10
** Operator:  SSip
** Ship: AURA
** Average sound velocity: 1443.09 m/s
** True-depth calculation Wed, 30 May 2018 12:18:24 +0000
** CTD Python Module SMHI /ver 3-12/ feb 2012 
** LIMS Job: 20183407-0045
** Cruise: SMHI-02-2018
** Latitude [GG MM.mm N] :
** Longitude [GG MM.mm E]:
# nquan = 26
# nvalues = 273                         
# units = specified
# name 0 = scan: Scan Count
# name 1 = prDM: Pressure, Digiquartz [db]
# name 2 = t090C: Temperature [ITS-90, deg C]
# name 3 = t190C: Temperature, 2 [ITS-90, deg C]
# name 4 = T2-T190C: Temperature Difference, 2 - 1 [ITS-90, deg C]
# name 5 = c0S/m: Conductivity [S/m]
# name 6 = c1S/m: Conductivity, 2 [S/m]
# name 7 = pumps: Pump Status
# name 8 = sbeox0ML/L: Oxygen, SBE 43 [ml/l]
# name 9 = sbeox1ML/L: Oxygen, SBE 43, 2 [ml/l]
# name 10 = altM: Altimeter [m]
# name 11 = flECO-AFL: Chl-a Fluorescence, WET Labs ECO-AFL/FL [mg/m^3]
# name 12 = flECO-AFL1: Phycocyanin Fluorescence, WET Labs ECO-AFL/FL, 2 [mg/m^3]
# name 13 = par: PAR/Irradiance, Biospherical/Lico [µE/(cm^2*s)]
# name 14 = turbWETntu0: Turbidity, WET Labs ECO [NTU]
# name 15 = sal00: Salinity, Practical [PSU]
# name 16 = sal11: Salinity, Practical, 2 [PSU]
# name 17 = secS-priS: Salinity, Practical, Difference, 2 - 1 [PSU]
# name 18 = sigma-t00: Density [sigma-t, Kg/m^3 ]
# name 19 = sigma-t11: Density, 2 [sigma-t, Kg/m^3 ]
# name 20 = depSM: Depth [salt water, m], lat = 56.6338
# name 21 = depFM: Depth [true depth, m], lat = 56.6338
# name 22 = dz/dtM: Descent Rate [m/s], WS = 2
# name 23 = svCM: Sound Velocity [Chen-Millero, m/s]
# name 24 = svCM1: Sound Velocity, 2 [Chen-Millero, m/s]
# name 25 = flag: flag
# span 0 =       6630,      12169       
# span 1 =      1.000,    137.000       
# span 2 =     2.8661,    14.1124       
# span 3 =     2.8677,    14.4125       
# span 4 =    -0.1512,     0.3210       
# span 5 =   0.748598,   1.404048       
# span 6 =   0.748490,   1.404936       
# span 7 =          1,          1       
# span 8 =   -0.01122,    9.82641       
# span 9 =   -0.21558,   10.00435       
# span 10 =       3.09,      98.71      
# span 11 =     0.2151,     6.9681      
# span 12 =     0.1050,     0.6886      
# span 13 = -3.722e-07, 4.4932e+03      
# span 14 =     0.1194,     0.5790      
# span 15 =     7.2338,    12.8077      
# span 16 =     7.2336,    12.8158      
# span 17 =    -0.0045,     0.0208      
# span 18 =     4.8728,    10.0049      
# span 19 =     4.8268,    10.0112      
# span 20 =      0.991,    135.701      
# span 21 =      1.014,    138.504      
# span 22 =     -0.217,      0.717      
# span 23 =    1426.95,    1471.51      
# span 24 =    1426.96,    1472.57      
# span 25 = 0.0000e+00, 0.0000e+00      
# interval = decibars: 0.5              
# start_time = May 30 2018 10:54:27 [NMEA time, first data scan]
# bad_flag = -9.990e-29
*END*
[from data line 168]
       9993     85.000     6.3154     6.3164     0.0010    1.20181    1.20175          1     0.6080     0.6050      57.27     0.3750     0.2099  1.000e-12  0.1950000    10.9833    10.9824    -0.0009     8.6066     8.6058     84.205     86.032      0.538    1447.24    1447.25  0.000e+00
      10015     85.500     6.2440     6.2451     0.0011    1.20124    1.20120          1     0.4954     0.4195      79.88     0.5125     0.2186  1.000e-12  0.1970000    11.0007    10.9998    -0.0008     8.6251     8.6244     84.700     86.537      0.548    1446.97    1446.98  0.000e+00
      10037     86.000     6.3290     6.3277    -0.0013    1.20814    1.20805          1     0.4131     0.3464      57.73     0.4778     0.2291  1.000e-12  0.2208000    11.0412    11.0408    -0.0004     8.6512     8.6509     85.195     87.042      0.565    1447.39    1447.38  0.000e+00
      10058     86.500     6.2995     6.3027     0.0032    1.20996    1.20996          1     0.3207     0.2211      69.54     0.4260     0.2315  1.000e-12  0.2137000    11.0687    11.0677    -0.0010     8.6748     8.6738     85.690     87.547      0.570    1447.31    1447.32  0.000e+00
      10079     87.000     6.1658     6.1678     0.0019    1.20693    1.20692          1     0.1782     0.0706      67.11     0.4007     0.2275  1.000e-12  0.1934000    11.0821    11.0813    -0.0008     8.6944     8.6937     86.185     88.052      0.561    1446.77    1446.77  0.000e+00
      10100     87.500     6.1764     6.1771     0.0008    1.20986    1.20982          1     0.0897     0.0174      54.72     0.4051     0.2779  1.000e-12  0.2113000    11.1077    11.1071    -0.0006     8.7138     8.7133     86.681     88.557      0.551    1446.85    1446.86  0.000e+00
      10122     88.000     6.1949     6.1955     0.0006    1.21268    1.21264          1     0.0693     0.0313      54.29     0.3734     0.2278  1.000e-12  0.2286000    11.1295    11.1289    -0.0006     8.7298     8.7293     87.176     89.062      0.547    1446.97    1446.97  0.000e+00
      10144     88.500     6.2010     6.2019     0.0009    1.21478    1.21474          1     0.0794     0.0614      78.48     0.3713     0.2113  1.000e-12  0.1903000    11.1482    11.1475    -0.0007     8.7441     8.7435     87.671     89.567      0.543    1447.02    1447.03  0.000e+00
      10166     89.000     6.2139     6.2143     0.0004    1.21751    1.21745          1     0.1088     0.1033      54.04     0.3984     0.2755  1.000e-12  0.1814000    11.1710    11.1703    -0.0007     8.7612     8.7606     88.166     90.071      0.540    1447.11    1447.12  0.000e+00
      10189     89.500     6.2158     6.2171     0.0013    1.21981    1.21978          1     0.1393     0.1297      52.42     0.4068     0.3067  1.000e-12  0.1834000    11.1931    11.1924    -0.0007     8.7784     8.7777     88.662     90.576      0.547    1447.16    1447.16  0.000e+00
      10210     90.000     6.2196     6.2206     0.0010    1.22285    1.22280          1     0.1521     0.1344      51.97     0.4101     0.2532  1.000e-12  0.1934000    11.2219    11.2211    -0.0008     8.8008     8.8001     89.157     91.081      0.550    1447.22    1447.22  0.000e+00
      10232     90.500     6.2212     6.2218     0.0006    1.22537    1.22529          1     0.1580     0.1506      51.44     0.4046     0.2773  1.000e-12  0.1939000    11.2463    11.2453    -0.0010     8.8199     8.8190     89.652     91.586      0.536    1447.26    1447.27  0.000e+00
      10255     91.000     6.2628     6.2621    -0.0007    1.22980    1.22972          1     0.1919     0.1940      50.86     0.3977     0.2358  1.000e-12  0.1659000    11.2764    11.2759    -0.0006     8.8408     8.8404     90.147     92.091      0.524    1447.49    1447.48  0.000e+00
      10278     91.500     6.2950     6.2953     0.0003    1.23394    1.23390          1     0.2530     0.2684      50.31     0.4181     0.2230  1.000e-12  0.1634000    11.3067    11.3061    -0.0005     8.8623     8.8619     90.642     92.595      0.524    1447.67    1447.67  0.000e+00
      10301     92.000     6.3632     6.3639     0.0008    1.23910    1.23904          1     0.3196     0.3337      49.79     0.7178     0.2515  1.000e-12  0.1612000    11.3351    11.3342    -0.0008     8.8799     8.8792     91.138     93.100      0.537    1448.00    1448.00  0.000e+00
      10323     92.500     6.3672     6.3675     0.0004    1.24118    1.24112          1     0.3659     0.3803      49.33     0.4229     0.2368  1.000e-12  0.1508000    11.3542    11.3535    -0.0007     8.8947     8.8941     91.633     93.605      0.548    1448.05    1448.05  0.000e+00
      10345     93.000     6.4581     6.4596     0.0014    1.24724    1.24721          1     0.4445     0.4910      48.86     0.4334     0.2110  1.000e-12  0.1627000    11.3837    11.3830    -0.0008     8.9114     8.9107     92.128     94.110      0.560    1448.48    1448.48  0.000e+00
      10366     93.500     6.5738     6.5733    -0.0005    1.25409    1.25402          1     0.5811     0.6518      48.51     0.4174     0.2239  1.000e-12  0.1674000    11.4127    11.4122    -0.0005     8.9259     8.9255     92.623     94.615      0.566    1449.00    1449.00  0.000e+00
      10387     94.000     6.6801     6.6786    -0.0015    1.26015    1.26002          1     0.7063     0.7573      47.86     0.4027     0.2474  1.000e-12  0.1603000    11.4367    11.4359    -0.0008     8.9369     8.9364     93.118     95.119      0.561    1449.49    1449.48  0.000e+00
      10409     94.500     6.7018     6.7033     0.0014    1.26180    1.26178          1     0.7521     0.7479      47.29     0.4074     0.2861  1.000e-12  0.1508000    11.4456    11.4449    -0.0007     8.9422     8.9416     93.614     95.624      0.552    1449.60    1449.60  0.000e+00
      10431     95.000     6.6456     6.6480     0.0025    1.26035    1.26036          1     0.7141     0.6672      46.73     0.4068     0.2751  1.000e-12  0.1614000    11.4500    11.4493    -0.0007     8.9499     8.9491     94.109     96.129      0.551    1449.38    1449.38  0.000e+00
      10452     95.500     6.6084     6.6103     0.0019    1.26025    1.26024          1     0.6371     0.5860      46.30     0.4068     0.2762  1.000e-12  0.1549000    11.4614    11.4606    -0.0008     8.9616     8.9608     94.604     96.634      0.564    1449.24    1449.25  0.000e+00
      10473     96.000     6.5904     6.5914     0.0010    1.26174    1.26169          1     0.5798     0.5244      77.13     0.5443     0.2888  1.000e-12  0.1543000    11.4819    11.4811    -0.0009     8.9790     8.9783     95.099     97.138      0.578    1449.20    1449.20  0.000e+00
      10494     96.500     6.5338     6.5355     0.0017    1.26111    1.26113          1     0.5018     0.4195      44.94     0.9072     0.2648  1.000e-12  0.1589000    11.4946    11.4943    -0.0003     8.9931     8.9927     95.594     97.643      0.586    1448.99    1448.99  0.000e+00
      10514     97.000     6.4088     6.4092     0.0003    1.25758    1.25759          1     0.3929     0.3120      44.65     0.9336     0.2009  1.000e-12  0.1578000    11.5017    11.5016    -0.0001     9.0077     9.0076     96.090     98.148      0.589    1448.48    1448.48  0.000e+00
      10534     97.500     6.3757     6.3770     0.0013    1.25815    1.25815          1     0.3251     0.2732      44.16     0.4847     0.2532  1.000e-12  0.1493000    11.5184    11.5179    -0.0004     9.0232     9.0227     96.585     98.653      0.584    1448.37    1448.37  0.000e+00
      10555     98.000     6.3828     6.3837     0.0009    1.25927    1.25924          1     0.3100     0.2823      43.86     0.5047     0.2586  1.000e-12  0.1495000    11.5270    11.5264    -0.0006     9.0295     9.0289     97.080     99.157      0.573    1448.42    1448.42  0.000e+00
      10576     98.500     6.3926     6.3937     0.0011    1.26088    1.26086          1     0.3127     0.2946      43.58     0.4421     0.1960  1.000e-12  0.1436000    11.5395    11.5389    -0.0006     9.0386     9.0380     97.575     99.662      0.571    1448.48    1448.49  0.000e+00
      10597     99.000     6.3970     6.3979     0.0010    1.26258    1.26254          1     0.3172     0.3015      42.99     0.4704     0.2332  1.000e-12  0.1426000    11.5548    11.5541    -0.0007     9.0503     9.0497     98.070    100.167      0.576    1448.53    1448.53  0.000e+00
      10618     99.500     6.3978     6.3988     0.0010    1.26442    1.26439          1     0.3261     0.3109      42.21     0.4621     0.2302  1.000e-12  0.1406000    11.5726    11.5720    -0.0006     9.0642     9.0637     98.566    100.671      0.580    1448.56    1448.57  0.000e+00
      10639    100.000     6.3924     6.3936     0.0012    1.26635    1.26631          1     0.3375     0.3245      41.64     0.4151     0.2291  1.000e-12  0.1375000    11.5934    11.5926    -0.0008     9.0810     9.0803     99.061    101.176      0.582    1448.57    1448.58  0.000e+00
      10659    100.500     6.3831     6.3842     0.0011    1.26786    1.26783          1     0.3435     0.3327      41.13     0.3951     0.2217  1.000e-12  0.1309000    11.6115    11.6108    -0.0007     9.0959     9.0952     99.556    101.681      0.592    1448.56    1448.57  0.000e+00
      10679    101.000     6.3766     6.3777     0.0011    1.26968    1.26964          1     0.3523     0.3407      40.61     0.4180     0.1949  1.000e-12  0.1478000    11.6316    11.6308    -0.0008     9.1121     9.1114    100.051    102.185      0.601    1448.57    1448.57  0.000e+00
      10699    101.500     6.3884     6.3892     0.0007    1.27234    1.27229          1     0.3628     0.3574      40.08     0.3951     0.2446  1.000e-12  0.1371000    11.6539    11.6531    -0.0007     9.1288     9.1282    100.546    102.690      0.593    1448.66    1448.66  0.000e+00
      10720    102.000     6.4277     6.4286     0.0009    1.27639    1.27631          1     0.3841     0.3800      39.57     0.3889     0.2693  1.000e-12  0.1359000    11.6806    11.6794    -0.0012     9.1470     9.1460    101.041    103.195      0.574    1448.86    1448.87  0.000e+00
      10741    102.500     6.4295     6.4305     0.0011    1.27887    1.27882          1     0.3995     0.3870      39.04     0.4113     0.2435  1.000e-12  0.1418000    11.7044    11.7035    -0.0008     9.1656     9.1648    101.537    103.699      0.564    1448.91    1448.91  0.000e+00
      10762    103.000     6.4301     6.4312     0.0011    1.28051    1.28048          1     0.3990     0.3798      38.47     0.4683     0.2279  1.000e-12  0.1376000    11.7203    11.7196    -0.0007     9.1780     9.1774    102.032    104.204      0.571    1448.94    1448.94  0.000e+00
      10783    103.500     6.4229     6.4239     0.0010    1.28140    1.28137          1     0.3903     0.3714      38.02     0.3839     0.2893  1.000e-12  0.1435000    11.7314    11.7308    -0.0007     9.1873     9.1867    102.527    104.709      0.586    1448.93    1448.93  0.000e+00
      10803    104.000     6.4243     6.4254     0.0011    1.28333    1.28329          1     0.3841     0.3637      37.50     0.4114     0.2307  1.000e-12  0.1393000    11.7501    11.7492    -0.0009     9.2019     9.2011    103.022    105.213      0.605    1448.97    1448.97  0.000e+00
      10823    104.500     6.4255     6.4266     0.0011    1.28500    1.28497          1     0.3795     0.3575      36.97     0.4700     0.2072  1.000e-12  0.1377000    11.7661    11.7654    -0.0007     9.2144     9.2137    103.517    105.718      0.614    1449.00    1449.00  0.000e+00
      10842    105.000     6.4355     6.4365     0.0010    1.28699    1.28695          1     0.3712     0.3493      36.49     0.5033     0.2059  1.000e-12  0.1361000    11.7822    11.7815    -0.0007     9.2263     9.2257    104.012    106.222      0.608    1449.07    1449.07  0.000e+00
      10862    105.500     6.4334     6.4345     0.0011    1.28885    1.28881          1     0.3605     0.3364      36.03     0.3859     0.2322  1.000e-12  0.1362000    11.8013    11.8005    -0.0008     9.2415     9.2408    104.508    106.727      0.593    1449.09    1449.10  0.000e+00
      10883    106.000     6.4413     6.4423     0.0010    1.29132    1.29127          1     0.3526     0.3360      35.54     0.4047     0.1936  1.000e-12  0.1263000    11.8229    11.8221    -0.0008     9.2579     9.2572    105.003    107.232      0.579    1449.16    1449.17  0.000e+00
      10904    106.500     6.4662     6.4664     0.0002    1.29416    1.29400          1     0.3942     0.4176      35.06     0.5233     0.2035  1.000e-12  0.1243000    11.8423    11.8407    -0.0016     9.2713     9.2701    105.498    107.736      0.580    1449.30    1449.30  0.000e+00
      10924    107.000     6.6116     6.6123     0.0007    1.30266    1.30248          1     0.5000     0.5484      34.46     0.4789     0.2273  1.000e-12  0.1327000    11.8760    11.8739    -0.0021     9.2870     9.2854    105.993    108.241      0.594    1449.96    1449.96  0.000e+00
      10944    107.500     6.6627     6.6633     0.0006    1.30705    1.30696          1     0.5873     0.6183      33.94     0.3512     0.2388  1.000e-12  0.1425000    11.9014    11.9003    -0.0011     9.3032     9.3022    106.488    108.745      0.610    1450.21    1450.21  0.000e+00
      10963    108.000     6.6241     6.6247     0.0005    1.30757    1.30756          1     0.6182     0.6230      33.39     0.3719     0.2065  1.000e-12  0.1310000    11.9199    11.9196    -0.0003     9.3206     9.3203    106.984    109.250      0.622    1450.08    1450.08  0.000e+00
      10983    108.500     6.5987     6.5998     0.0011    1.30869    1.30865          1     0.6018     0.5710      32.88     0.3524     0.2760  1.000e-12  0.1533000    11.9397    11.9389    -0.0008     9.3380     9.3373    107.479    109.755      0.618    1450.01    1450.01  0.000e+00
      11002    109.000     6.5672     6.5682     0.0010    1.30844    1.30845          1     0.5303     0.4718      32.34     0.3741     0.2849  1.000e-12  0.1994000    11.9481    11.9478    -0.0003     9.3470     9.3467    107.974    110.259      0.602    1449.89    1449.90  0.000e+00
      11023    109.500     6.5534     6.5542     0.0008    1.30924    1.30918          1     0.4530     0.4014      31.83     0.3873     0.2760  1.000e-12  0.2129000    11.9607    11.9599    -0.0008     9.3579     9.3572    108.469    110.764      0.587    1449.86    1449.86  0.000e+00
      11043    110.000     6.5630     6.5645     0.0014    1.31167    1.31164          1     0.4150     0.3732      31.35     0.3586     0.2656  1.000e-12  0.1487000    11.9812    11.9805    -0.0008     9.3734     9.3726    108.964    111.268      0.589    1449.94    1449.94  0.000e+00
      11063    110.500     6.5612     6.5622     0.0010    1.31305    1.31301          1     0.3952     0.3637      30.78     0.3490     0.2130  1.000e-12  0.1504000    11.9954    11.9947    -0.0007     9.3847     9.3840    109.459    111.773      0.601    1449.95    1449.96  0.000e+00
      11083    111.000     6.5693     6.5702     0.0009    1.31506    1.31500          1     0.3837     0.3606      30.25     0.4189     0.2410  1.000e-12  0.1496000    12.0124    12.0115    -0.0008     9.3974     9.3966    109.954    112.277      0.613    1450.02    1450.02  0.000e+00
      11102    111.500     6.6107     6.6102    -0.0005    1.31935    1.31925          1     0.3825     0.3629      29.74     0.4092     0.2536  1.000e-12  0.1495000    12.0402    12.0394    -0.0008     9.4161     9.4155    110.450    112.782      0.622    1450.23    1450.23  0.000e+00
