ctdpy/tests/etc/all_smhi_bas_2018/SBE09_1044_20180923_1454_34_01_0042.cnv
* Sea-Bird SBE 9 Data File:
* FileName = C:\ctd\temp\2018\AR18D042.hex
* Software Version Seasave V 7.26.6.26
* Temperature SN = 5351
* Conductivity SN = 3941
* Number of Bytes Per Scan = 41
* Number of Voltage Words = 4
* Number of Scans Averaged by the Deck Unit = 1
* NMEA Latitude = 56 40.12 N
* NMEA Longitude = 012 06.69 E
* NMEA UTC (Time) = Sep 23 2018  14:54:31
* NMEA baud rate = 4800
** Station:  Anholt E
** Operator:  Mhan
** Ship: ARANDA
** Average sound velocity: 1498.51 m/s
** True-depth calculation Sun, 23 Sep 2018 15:51:24 +0000
** CTD Python Module SMHI /ver 3-12/ feb 2012 
** LIMS Job: 20183401-0042
** Cruise: SMHI-02-2018
** Latitude [GG MM.mm N] :
** Longitude [GG MM.mm E]:
# nquan = 26
# nvalues = 118                         
# units = specified
# name 0 = scan: Scan Count
# name 1 = prDM: Pressure, Digiquartz [db]
# name 2 = t090C: Temperature [ITS-90, deg C]
# name 3 = t190C: Temperature, 2 [ITS-90, deg C]
# name 4 = T2-T190C: Temperature Difference, 2 - 1 [ITS-90, deg C]
# name 5 = c0S/m: Conductivity [S/m]
# name 6 = c1S/m: Conductivity, 2 [S/m]
# name 7 = pumps: Pump Status
# name 8 = sbeox0ML/L: Oxygen, SBE 43 [ml/l]
# name 9 = sbeox1ML/L: Oxygen, SBE 43, 2 [ml/l]
# name 10 = altM: Altimeter [m]
# name 11 = flECO-AFL: Chl-a Fluorescence, WET Labs ECO-AFL/FL [mg/m^3]
# name 12 = flECO-AFL1: Phycocyanin Fluorescence, WET Labs ECO-AFL/FL, 2 [mg/m^3]
# name 13 = par: PAR/Irradiance, Biospherical/Lico [µE/(cm^2*s)]
# name 14 = turbWETntu0: Turbidity, WET Labs ECO [NTU]
# name 15 = sal00: Salinity, Practical [PSU]
# name 16 = sal11: Salinity, Practical, 2 [PSU]
# name 17 = secS-priS: Salinity, Practical, Difference, 2 - 1 [PSU]
# name 18 = sigma-t00: Density [sigma-t, Kg/m^3 ]
# name 19 = sigma-t11: Density, 2 [sigma-t, Kg/m^3 ]
# name 20 = depSM: Depth [salt water, m], lat = 56.6687
# name 21 = depFM: Depth [true depth, m], lat = 56.6687
# name 22 = dz/dtM: Descent Rate [m/s], WS = 2
# name 23 = svCM: Sound Velocity [Chen-Millero, m/s]
# name 24 = svCM1: Sound Velocity, 2 [Chen-Millero, m/s]
# name 25 = flag: flag
# span 0 =      30098,      33674       
# span 1 =      0.500,     59.000       
# span 2 =    10.9370,    15.8658       
# span 3 =    10.9436,    15.8679       
# span 4 =    -0.0082,     0.1045       
# span 5 =   3.236647,   3.933371       
# span 6 =   3.236376,   3.933642       
# span 7 =          1,          1       
# span 8 =    2.98110,    5.82712       
# span 9 =    2.58892,    4.71353       
# span 10 =       0.19,      97.65      
# span 11 =     0.2681,     2.2137      
# span 12 =     0.1626,     0.4610      
# span 13 = -3.304e-05, 4.4240e+02      
# span 14 =     0.3858,     2.7162      
# span 15 =    25.2853,    33.1527      
# span 16 =    25.2827,    33.1512      
# span 17 =    -0.1134,     0.0087      
# span 18 =    18.4058,    25.3484      
# span 19 =    18.4038,    25.3460      
# span 20 =      0.495,     58.451      
# span 21 =      0.500,     58.806      
# span 22 =     -0.089,      1.396      
# span 23 =    1491.89,    1504.31      
# span 24 =    1491.91,    1504.31      
# span 25 = 0.0000e+00, 0.0000e+00      
# interval = decibars: 0.5              
# start_time = Sep 23 2018 14:54:31 [NMEA time, first data scan]
# bad_flag = -9.990e-29
*END*
[from data line 56]
      31391     28.500    15.5921    15.6092     0.0171    3.86922    3.86590          1     4.3692     4.5975      33.32     0.5286     0.2749  4.268e-01  0.9908000    30.7005    30.6579    -0.0426    22.5328    22.4963     28.237     28.479      0.566    1504.02    1504.03  0.000e+00
      31409     29.000    15.5718    15.5741     0.0022    3.87627    3.87556          1     4.3512     4.5975      32.76     0.5121     0.3082  3.655e-01  1.0593000    30.7784    30.7704    -0.0080    22.5970    22.5903     28.732     28.977      0.687    1504.06    1504.06  0.000e+00
      31426     29.500    15.5679    15.5696     0.0017    3.88015    3.87913          1     4.3325     4.6449      32.41     0.4671     0.3199  3.171e-01  1.0947000    30.8156    30.8052    -0.0104    22.6264    22.6181     29.228     29.475      0.724    1504.10    1504.09  0.000e+00
      31442     30.000    15.5667    15.5678     0.0011    3.88325    3.88318          1     4.3197     4.6888      32.07     0.4766     0.2936  2.774e-01  1.0919000    30.8438    30.8423    -0.0015    22.6484    22.6470     29.723     29.973      0.681    1504.14    1504.14  0.000e+00
      31462     30.500    15.5675    15.5688     0.0013    3.88539    3.88507          1     4.3257     4.7110      31.64     0.4698     0.2732  2.375e-01  1.1033000    30.8619    30.8580    -0.0039    22.6621    22.6588     30.219     30.471      0.548    1504.17    1504.17  0.000e+00
      31488     31.000    15.5701    15.5707     0.0006    3.88702    3.88681          1     4.3338     4.7135      30.81     0.4556     0.2552  2.010e-01  1.0736000    30.8740    30.8717    -0.0023    22.6709    22.6690     30.714     30.969      0.439    1504.20    1504.20  0.000e+00
      31515     31.500    15.5727    15.5750     0.0022    3.88749    3.88807          1     4.3333     4.7135      30.26     0.4619     0.2404  1.625e-01  1.0080000    30.8760    30.8794     0.0034    22.6718    22.6739     31.209     31.467      0.486    1504.22    1504.23  0.000e+00
      31538     32.000    15.5755    15.5801     0.0046    3.88873    3.89001          1     4.3343     4.6951      29.86     0.4595     0.2693  1.360e-01  1.0146000    30.8846    30.8923     0.0077    22.6778    22.6827     31.705     31.965      0.552    1504.24    1504.27  0.000e+00
      31559     32.500    15.5761    15.5774     0.0013    3.89044    3.89076          1     4.3279     4.6988      29.32     0.4500     0.2738  1.148e-01  1.0543000    30.8991    30.9009     0.0018    22.6888    22.6900     32.200     32.463      0.588    1504.27    1504.28  0.000e+00
      31579     33.000    15.5719    15.5733     0.0014    3.89101    3.89105          1     4.3179     4.7123      28.84     0.4942     0.2363  9.260e-02  1.1705000    30.9072    30.9065    -0.0008    22.6960    22.6951     32.695     32.960      0.623    1504.27    1504.28  0.000e+00
      31597     33.500    15.5632    15.5647     0.0015    3.89179    3.89181          1     4.3154     4.6725      28.33     0.4629     0.2926  7.107e-02  1.1043000    30.9207    30.9198    -0.0010    22.7082    22.7072     33.191     33.458      0.640    1504.27    1504.28  0.000e+00
      31616     34.000    15.5583    15.5594     0.0011    3.89228    3.89224          1     4.3462     4.6874      27.87     0.4775     0.2447  5.405e-02  1.1082000    30.9287    30.9276    -0.0011    22.7154    22.7144     33.686     33.956      0.625    1504.27    1504.27  0.000e+00
      31636     34.500    15.5582    15.5595     0.0013    3.89266    3.89270          1     4.2803     4.6786      27.38     0.4918     0.2165  4.187e-02  1.1194000    30.9321    30.9314    -0.0007    22.7181    22.7173     34.181     34.454      0.601    1504.28    1504.29  0.000e+00
      31656     35.000    15.5550    15.5580     0.0033    3.89491    3.89444          1     4.0944     4.6548      26.86     0.4193     0.2488  2.848e-02  1.0782000    30.9542    30.9478    -0.0064    22.7358    22.7302     34.677     34.952      0.563    1504.31    1504.31  0.000e+00
      31679     35.500    15.0274    15.1320     0.1045    3.92413    3.92086          1     3.9222     4.6243      26.40     0.4306     0.2084  1.181e-02  1.1066000    31.6370    31.5236    -0.1134    23.3746    23.2649     35.172     35.450      0.500    1503.43    1503.63  0.000e+00
      31704     36.000    14.5296    14.5575     0.0277    3.93291    3.93279          1     3.8955     4.6382      25.87     0.3994     0.2072  1.321e-03  1.1417000    32.1216    32.0975    -0.0241    23.8537    23.8292     35.667     35.948      0.464    1502.41    1502.47  0.000e+00
      31730     36.500    14.3421    14.3526     0.0105    3.93337    3.93364          1     3.9051     4.5977      25.35     0.3519     0.2633 -3.304e-05  1.0281000    32.2813    32.2750    -0.0063    24.0162    24.0091     36.163     36.445      0.524    1502.00    1502.03  0.000e+00
      31750     37.000    14.2227    14.2198    -0.0028    3.93236    3.93249          1     3.9150     4.4942      24.86     0.3417     0.2211 -5.492e-08  1.0279000    32.3719    32.3755     0.0036    24.1109    24.1142     36.658     36.942      0.635    1501.73    1501.72  0.000e+00
      31768     37.500    14.0249    14.0214    -0.0035    3.93160    3.93154          1     3.9302     4.4247      24.41     0.3215     0.2078  1.000e-12  1.0627000    32.5310    32.5334     0.0024    24.2746    24.2772     37.153     37.440      0.696    1501.28    1501.27  0.000e+00
      31785     38.000    14.0146    14.0153     0.0008    3.93123    3.93129          1     3.9443     4.4124      23.95     0.2944     0.2079  1.000e-12  1.1133000    32.5361    32.5361    -0.0000    24.2807    24.2805     37.649     37.937      0.662    1501.26    1501.26  0.000e+00
      31805     38.500    13.9947    14.0007     0.0060    3.93087    3.93111          1     3.9473     4.3730      11.89     0.2721     0.2202  1.000e-12  1.1425000    32.5494    32.5466    -0.0028    24.2951    24.2916     38.144     38.434      0.529    1501.22    1501.23  0.000e+00
      31832     39.000    13.9693    13.9745     0.0052    3.92993    3.93021          1     3.9457     4.2805      11.81     0.2918     0.2329  1.000e-12  1.1663000    32.5620    32.5603    -0.0018    24.3100    24.3076     38.639     38.931      0.419    1501.16    1501.17  0.000e+00
      31860     39.500    13.9630    13.9647     0.0017    3.92988    3.92999          1     3.9341     4.2105      21.47     0.3440     0.1696  1.000e-12  1.1760000    32.5667    32.5663    -0.0004    24.3149    24.3142     39.135     39.428      0.493    1501.15    1501.15  0.000e+00
      31882     40.000    13.9114    13.9172     0.0057    3.92658    3.92707          1     3.9548     4.1327      21.67     0.2828     0.2426  1.000e-12  1.2755000    32.5798    32.5795    -0.0003    24.3356    24.3341     39.630     39.925      0.615    1501.00    1501.02  0.000e+00
      31900     40.500    13.8227    13.8229     0.0002    3.92345    3.92337          1     3.9915     4.0737      21.39     0.3053     0.2702  1.000e-12  1.9147000    32.6259    32.6251    -0.0008    24.3893    24.3887     40.125     40.423      0.660    1500.78    1500.78  0.000e+00
      31918     41.000    13.8428    13.8423    -0.0006    3.92704    3.92682          1     4.0114     4.0451      20.95     0.3203     0.2782  1.000e-12  2.3860000    32.6419    32.6403    -0.0016    24.3976    24.3965     40.621     40.920      0.602    1500.87    1500.87  0.000e+00
      31941     41.500    13.8267    13.8332     0.0066    3.92760    3.92793          1     4.0001     4.0453      20.39     0.3148     0.2350  1.000e-12  2.4388000    32.6607    32.6581    -0.0025    24.4154    24.4121     41.116     41.417      0.464    1500.85    1500.87  0.000e+00
      31970     42.000    13.6992    13.7131     0.0138    3.91922    3.92032          1     3.9005     3.9689      19.85     0.2681     0.1626  1.000e-12  1.6617000    32.6912    32.6896    -0.0016    24.4650    24.4609     41.611     41.914      0.476    1500.47    1500.52  0.000e+00
      31991     42.500    13.5433    13.5467     0.0036    3.90661    3.90721          1     3.8065     3.9239      19.41     0.2705     0.2370  1.000e-12  1.2053000    32.7070    32.7095     0.0026    24.5087    24.5100     42.107     42.411      0.633    1499.98    1500.00  0.000e+00
      32008     43.000    13.2710    13.2734     0.0024    3.88251    3.88312          1     3.7529     3.9274      19.01     0.2698     0.2193  1.000e-12  1.3143000    32.7148    32.7184     0.0036    24.5694    24.5717     42.602     42.908      0.663    1499.10    1499.11  0.000e+00
      32028     43.500    13.1912    13.1951     0.0039    3.87550    3.87591          1     3.6804     3.9115      18.49     0.2777     0.1994  1.000e-12  1.3494000    32.7174    32.7178     0.0004    24.5873    24.5869     43.097     43.405      0.552    1498.85    1498.86  0.000e+00
      32055     44.000    13.0226    13.0488     0.0260    3.86244    3.86438          1     3.5165     3.8479      17.87     0.2993     0.2032  1.000e-12  1.5850000    32.7394    32.7351    -0.0043    24.6376    24.6291     43.593     43.902      0.424    1498.32    1498.40  0.000e+00
      32081     44.500    12.5521    12.5495    -0.0025    3.82885    3.82898          1     3.3849     3.8045      17.40     0.3339     0.2437  1.000e-12  2.5288000    32.8287    32.8322     0.0035    24.7984    24.8016     44.088     44.399      0.558    1496.85    1496.84  0.000e+00
      32100     45.000    12.3155    12.3113    -0.0041    3.81279    3.81271          1     3.3629     3.7790      17.00     0.3441     0.2245  1.000e-12  2.4875000    32.8818    32.8846     0.0029    24.8848    24.8878     44.583     44.896      0.664    1496.12    1496.10  0.000e+00
      32117     45.500    12.2734    12.2748     0.0014    3.80971    3.80989          1     3.3756     3.7313      16.51     0.3439     0.2456  1.000e-12  1.9667000    32.8889    32.8893     0.0004    24.8983    24.8984     45.078     45.393      0.607    1495.99    1495.99  0.000e+00
      32141     46.000    12.2599    12.2609     0.0010    3.80879    3.80885          1     3.4052     3.6623      15.94     0.3338     0.2862  1.000e-12  1.7833000    32.8916    32.8914    -0.0003    24.9030    24.9026     45.574     45.890      0.457    1495.95    1495.96  0.000e+00
      32169     46.500    12.2477    12.2519     0.0042    3.80802    3.80834          1     3.4087     3.6151      15.42     0.3323     0.3002  1.000e-12  1.6716000    32.8947    32.8941    -0.0006    24.9077    24.9064     46.069     46.387      0.529    1495.92    1495.94  0.000e+00
      32188     47.000    12.2229    12.2239     0.0010    3.80644    3.80659          1     3.3936     3.5844      15.02     0.3087     0.2718  1.000e-12  1.7178000    32.9011    32.9017     0.0005    24.9174    24.9176     46.564     46.884      0.641    1495.86    1495.86  0.000e+00
      32206     47.500    12.1211    12.1185    -0.0027    3.79906    3.79909          1     3.3499     3.5407      14.54     0.3012     0.2383  1.000e-12  1.7218000    32.9195    32.9220     0.0026    24.9508    24.9533     47.060     47.381      0.573    1495.54    1495.53  0.000e+00
      32232     48.000    11.9637    11.9751     0.0115    3.78773    3.78860          1     3.2767     3.4865      13.95     0.3264     0.2623  1.000e-12  1.8178000    32.9486    32.9469    -0.0017    25.0029    24.9995     47.555     47.877      0.415    1495.04    1495.08  0.000e+00
      32261     48.500    11.7055    11.7182     0.0128    3.76941    3.77038          1     3.2149     3.4343      13.44     0.3563     0.2472  1.000e-12  1.8523000    32.9992    32.9973    -0.0019    25.0902    25.0863     48.050     48.374      0.536    1494.22    1494.26  0.000e+00
      32280     49.000    11.6269    11.6314     0.0044    3.76403    3.76444          1     3.2037     3.4068      13.04     0.3635     0.2361  1.000e-12  1.9525000    33.0164    33.0164     0.0000    25.1180    25.1172     48.546     48.871      0.718    1493.98    1493.99  0.000e+00
      32295     49.500    11.6146    11.6209     0.0063    3.76321    3.76370          1     3.2015     3.3882      12.64     0.3702     0.2511  1.000e-12  2.0847000    33.0191    33.0183    -0.0007    25.1223    25.1206     49.041     49.368      0.777    1493.95    1493.97  0.000e+00
      32310     50.000    11.6123    11.6122    -0.0000    3.76312    3.76313          1     3.2017     3.3647      12.17     0.3604     0.2655  1.000e-12  2.1892000    33.0201    33.0203     0.0002    25.1235    25.1237     49.536     49.865      0.717    1493.95    1493.95  0.000e+00
      32330     50.500    11.6112    11.6129     0.0016    3.76313    3.76322          1     3.2025     3.3287      11.34     0.3527     0.2657  1.000e-12  2.1900000    33.0209    33.0204    -0.0006    25.1244    25.1237     50.032     50.361      0.523    1493.95    1493.96  0.000e+00
      32362     51.000    11.5951    11.5979     0.0027    3.76199    3.76226          1     3.1944     3.2848      10.84     0.3540     0.2787  1.000e-12  2.1096000    33.0239    33.0241     0.0002    25.1297    25.1293     50.527     50.858      0.336    1493.91    1493.92  0.000e+00
      32394     51.500    11.5212    11.5193    -0.0017    3.75684    3.75688          1     3.1695     3.2401      10.46     0.3587     0.2588  1.000e-12  1.9884000    33.0393    33.0413     0.0021    25.1551    25.1570     51.022     51.355      0.531    1493.68    1493.68  0.000e+00
      32413     52.000    11.4666    11.4833     0.0167    3.75310    3.75434          1     3.1439     3.2138      10.08     0.3772     0.1929  1.000e-12  2.1667000    33.0512    33.0484    -0.0029    25.1743    25.1691     51.517     51.852      0.681    1493.51    1493.57  0.000e+00
      32429     52.500    11.3933    11.4073     0.0138    3.74794    3.74885          1     3.1221     3.1919       9.65     0.3883     0.2335  1.000e-12  2.2305000    33.0659    33.0624    -0.0035    25.1991    25.1938     52.013     52.349      0.702    1493.28    1493.33  0.000e+00
      32447     53.000    11.3170    11.3226     0.0056    3.74246    3.74280          1     3.1035     3.1705       9.17     0.4066     0.2570  1.000e-12  2.2914000    33.0801    33.0785    -0.0016    25.2239    25.2217     52.508     52.845      0.639    1493.04    1493.06  0.000e+00
      32467     53.500    11.2750    11.2836     0.0087    3.73940    3.73991          1     3.0878     3.1435       8.62     0.3748     0.2805  1.000e-12  2.4332000    33.0874    33.0847    -0.0027    25.2372    25.2336     53.003     53.342      0.539    1492.91    1492.94  0.000e+00
      32492     54.000    11.2127    11.2175     0.0048    3.73490    3.73522          1     3.0657     3.1128       8.05     0.3703     0.3052  1.000e-12  2.4198000    33.0988    33.0977    -0.0011    25.2573    25.2556     53.499     53.839      0.460    1492.72    1492.73  0.000e+00
      32519     54.500    11.1614    11.1621     0.0007    3.73123    3.73120          1     3.0525     3.0880       7.53     0.4124     0.2786  1.000e-12  2.3231000    33.1086    33.1076    -0.0010    25.2741    25.2732     53.994     54.336      0.485    1492.56    1492.56  0.000e+00
      32542     55.000    11.1263    11.1294     0.0031    3.72878    3.72892          1     3.0457     3.0619       7.06     0.4017     0.2504  1.000e-12  2.4603000    33.1156    33.1142    -0.0014    25.2858    25.2842     54.489     54.832      0.558    1492.45    1492.46  0.000e+00
      32562     55.500    11.1137    11.1176     0.0039    3.72788    3.72813          1     3.0417     3.0374       6.63     0.4023     0.3216  1.000e-12  2.4035000    33.1179    33.1169    -0.0010    25.2899    25.2884     54.984     55.329      0.594    1492.42    1492.43  0.000e+00
