ctdpy/tests/etc/all_smhi_bas_2018/SBE09_0827_20180826_1540_26_01_0906.cnv
* Sea-Bird SBE 9 Data File:
* FileName = D:\CTD_SBE911\DAT\26DA.2018.8.106.hex
* Software Version Seasave V 7.21d
* Temperature SN = 034605
* Conductivity SN = 041844
* Number of Bytes Per Scan = 48
* Number of Voltage Words = 5
* Number of Scans Averaged by the Deck Unit = 1
* NMEA Latitude = 57 11.52 N
* NMEA Longitude = 011 26.37 E
* NMEA UTC (Time) = Aug 26 2018  15:42:51
* NMEA baud rate = 4800
** Ship: DANA
** Average sound velocity: 1500.23 m/s
** True-depth calculation Thu, 28 Mar 2019 09:52:47 +0000
** CTD Python Module SMHI /ver 3-12/ feb 2012 
** LIMS Job: 20182601-0906
**  W GROVES FLAK
** Operator: Christian
** Cruise: 08/2018
# nquan = 26
# nvalues = 145                         
# units = specified
# name 0 = scan: Scan Count
# name 1 = prDM: Pressure, Digiquartz [db]
# name 2 = t090C: Temperature [ITS-90, deg C]
# name 3 = t190C: Temperature, 2 [ITS-90, deg C]
# name 4 = T2-T190C: Temperature Difference, 2 - 1 [ITS-90, deg C]
# name 5 = c0S/m: Conductivity [S/m]
# name 6 = c1S/m: Conductivity, 2 [S/m]
# name 7 = pumps: Pump Status
# name 8 = sbeox1ML/L: Oxygen, SBE 43, 2 [ml/l]
# name 9 = sbeox0ML/L: Oxygen, SBE 43 [ml/l]
# name 10 = altM: Altimeter [m]
# name 11 = chloroflTC0: Chlorophyll, Turner Cyclops [ug/l]
# name 12 = cpar: CPAR/Corrected Irradiance [%]
# name 13 = par: PAR/Irradiance, Biospherical/Lico [µE/(cm^2*s)]
# name 14 = spar: SPAR, Biospherical/Licor
# name 15 = sal00: Salinity, Practical [PSU]
# name 16 = sal11: Salinity, Practical, 2 [PSU]
# name 17 = secS-priS: Salinity, Practical, Difference, 2 - 1 [PSU]
# name 18 = sigma-t00: Density [sigma-t, kg/m^3 ]
# name 19 = sigma-t11: Density, 2 [sigma-t, kg/m^3 ]
# name 20 = depSM: Depth [salt water, m], lat = 57.192
# name 21 = depFM: Depth [true depth, m], lat = 57.192
# name 22 = dz/dtM: Descent Rate [m/s], WS = 2
# name 23 = svCM: Sound Velocity [Chen-Millero, m/s]
# name 24 = svCM1: Sound Velocity, 2 [Chen-Millero, m/s]
# name 25 = flag: flag
# span 0 =        185,       7005       
# span 1 =      2.000,     74.000       
# span 2 =     8.6928,    18.2099       
# span 3 =     8.6919,    18.2298       
# span 4 =    -0.2358,     0.0759       
# span 5 =   3.550812,   4.109660       
# span 6 =   3.551008,   4.110500       
# span 7 =          1,          1       
# span 8 =     4.0856,     5.9619       
# span 9 =     4.0910,     5.6555       
# span 10 =       1.86,       9.98      
# span 11 =     0.0344,     0.2428      
# span 12 = 6.0063e-14, 6.7953e+00      
# span 13 = 1.0000e-12, 1.1315e+02      
# span 14 = 1.6420e+03, 1.6688e+03      
# span 15 =    27.2409,    33.5418      
# span 16 =    27.2585,    33.5489      
# span 17 =    -0.0985,     0.2201      
# span 18 =    19.3954,    26.0243      
# span 19 =    19.4090,    26.0292      
# span 20 =      1.982,     73.305      
# span 21 =      1.998,     73.645      
# span 22 =      0.116,      0.407      
# span 23 =    1484.45,    1511.09      
# span 24 =    1484.44,    1511.15      
# span 25 = 0.0000e+00, 0.0000e+00      
# interval = decibars: 0.5              
# start_time = Aug 26 2018 15:42:51 [NMEA time, first data scan]
# bad_flag = -9.990e-29
*END*
[from data line 56]
       2868     30.000    16.0906    15.8948    -0.1959    4.06981    4.06102          1     5.1508     4.9404       9.97     0.0751  1.328e-02  2.204e-01  1.660e+03    32.0720    32.1531     0.0811    23.4762    23.5824     29.722     29.920      0.333    1507.19    1506.68  0.000e+00
       2908     30.500    15.9880    15.7812    -0.2069    4.06367    4.05548          1     5.1470     4.9343       9.97     0.0730  1.156e-02  1.922e-01  1.662e+03    32.1007    32.1963     0.0956    23.5213    23.6408     30.217     30.418      0.269    1506.91    1506.38  0.000e+00
       2956     31.000    15.8879    15.7281    -0.1598    4.05808    4.05165          1     5.1493     4.9403       9.97     0.0647  1.017e-02  1.692e-01  1.664e+03    32.1323    32.2054     0.0731    23.5679    23.6596     30.712     30.916      0.247    1506.65    1506.23  0.000e+00
       3008     31.500    15.7992    15.6818    -0.1174    4.05445    4.05563          1     5.1383     4.9374       9.97     0.0593  8.617e-03  1.431e-01  1.661e+03    32.1721    32.2783     0.1062    23.6182    23.7259     31.208     31.413      0.218    1506.43    1506.18  0.000e+00
       3061     32.000    15.6784    15.6069    -0.0716    4.05261    4.05147          1     5.1525     4.9356       9.97     0.0523  7.300e-03  1.209e-01  1.656e+03    32.2541    32.3025     0.0484    23.7080    23.7610     31.703     31.911      0.218    1506.15    1505.98  0.000e+00
       3121     32.500    15.6160    15.5602    -0.0559    4.04872    4.04659          1     5.1604     4.9386       9.97     0.0500  6.039e-03  9.996e-02  1.655e+03    32.2704    32.2971     0.0267    23.7343    23.7672     32.198     32.408      0.251    1505.98    1505.84  0.000e+00
       3156     33.000    15.5523    15.4612    -0.0911    4.04364    4.04009          1     5.1502     4.9310       9.97     0.0512  4.989e-03  8.257e-02  1.655e+03    32.2771    32.3202     0.0431    23.7535    23.8067     32.694     32.906      0.378    1505.80    1505.56  0.000e+00
       3192     33.500    15.4908    15.4168    -0.0740    4.03878    4.03618          1     5.1346     4.9371       9.97     0.0504  3.758e-03  6.228e-02  1.658e+03    32.2840    32.3217     0.0377    23.7723    23.8175     33.189     33.403      0.281    1505.62    1505.43  0.000e+00
       3240     34.000    15.4433    15.4268    -0.0166    4.03692    4.03791          1     5.1430     4.9427       9.97     0.0484  2.749e-03  4.567e-02  1.661e+03    32.3062    32.3287     0.0225    23.7998    23.8208     33.684     33.900      0.278    1505.51    1505.48  0.000e+00
       3276     34.500    15.4356    15.4204    -0.0152    4.03774    4.03897          1     5.1524     4.9490       9.97     0.0483  1.778e-03  2.955e-02  1.662e+03    32.3198    32.3432     0.0234    23.8120    23.8333     34.180     34.398      0.318    1505.50    1505.48  0.000e+00
       3325     35.000    15.4180    15.3976    -0.0204    4.03752    4.03821          1     5.1510     4.9496       9.97     0.0453  7.477e-04  1.245e-02  1.664e+03    32.3320    32.3550     0.0230    23.8252    23.8474     34.675     34.895      0.206    1505.47    1505.43  0.000e+00
       3381     35.500    15.3840    15.3801    -0.0039    4.03618    4.03732          1     5.1746     4.9515       9.97     0.0457  5.425e-05  8.995e-04  1.657e+03    32.3479    32.3613     0.0134    23.8449    23.8560     35.170     35.393      0.253    1505.39    1505.40  0.000e+00
       3428     36.000    15.3767    15.3576    -0.0191    4.03693    4.03733          1     5.1634     4.9543       9.97     0.0451  2.267e-06  3.761e-05  1.655e+03    32.3603    32.3797     0.0193    23.8561    23.8751     35.666     35.890      0.228    1505.39    1505.35  0.000e+00
       3483     36.500    15.2767    15.2455    -0.0311    4.02865    4.02839          1     5.1656     4.9356       9.97     0.0439  6.054e-14  1.000e-12  1.652e+03    32.3685    32.3918     0.0233    23.8841    23.9089     36.161     36.388      0.264    1505.09    1505.02  0.000e+00
       3519     37.000    15.2233    15.2091    -0.0143    4.02488    4.02553          1     5.1464     4.9378       9.97     0.0429  6.036e-14  1.000e-12  1.657e+03    32.3785    32.3961     0.0176    23.9035    23.9201     36.656     36.885      0.352    1504.95    1504.92  0.000e+00
       3556     37.500    15.2114    15.1994    -0.0120    4.02411    4.02464          1     5.1406     4.9437       9.98     0.0426  6.014e-14  1.000e-12  1.663e+03    32.3813    32.3960     0.0147    23.9082    23.9221     37.152     37.382      0.294    1504.92    1504.90  0.000e+00
       3601     38.000    15.1973    15.1892    -0.0080    4.02324    4.02389          1     5.1558     4.9464       9.98     0.0430  6.012e-14  1.000e-12  1.663e+03    32.3850    32.3974     0.0124    23.9141    23.9254     37.647     37.880      0.268    1504.89    1504.88  0.000e+00
       3644     38.500    15.1884    15.1813    -0.0071    4.02258    4.02308          1     5.1516     4.9465       9.97     0.0429  6.012e-14  1.000e-12  1.663e+03    32.3861    32.3965     0.0104    23.9169    23.9264     38.142     38.377      0.277    1504.87    1504.86  0.000e+00
       3691     39.000    15.1811    15.1746    -0.0064    4.02173    4.02221          1     5.1300     4.9457       9.98     0.0449  6.016e-14  1.000e-12  1.662e+03    32.3844    32.3940     0.0097    23.9171    23.9260     38.638     38.874      0.206    1504.85    1504.84  0.000e+00
       3755     39.500    15.1715    15.1707    -0.0008    4.02037    4.02132          1     5.1339     4.9502       9.98     0.0433  6.037e-14  1.000e-12  1.656e+03    32.3800    32.3891     0.0091    23.9158    23.9230     39.133     39.372      0.259    1504.82    1504.83  0.000e+00
       3801     40.000    15.1712    15.1630    -0.0082    4.02035    4.02066          1     5.1310     4.9474       9.98     0.0440  6.050e-14  1.000e-12  1.653e+03    32.3798    32.3894     0.0096    23.9157    23.9249     39.628     39.869      0.230    1504.83    1504.81  0.000e+00
       3851     40.500    15.1351    15.1244    -0.0107    4.01793    4.01838          1     5.1436     4.9481       9.98     0.0465  6.057e-14  1.000e-12  1.651e+03    32.3877    32.4006     0.0129    23.9296    23.9419     40.123     40.367      0.290    1504.73    1504.71  0.000e+00
       3889     41.000    15.1162    15.1045    -0.0117    4.01869    4.01962          1     5.1491     4.9395       9.98     0.0435  6.044e-14  1.000e-12  1.655e+03    32.4100    32.4280     0.0180    23.9509    23.9673     40.619     40.864      0.320    1504.71    1504.69  0.000e+00
       3927     41.500    15.0867    15.0766    -0.0101    4.01876    4.01941          1     5.1481     4.9503       9.98     0.0435  6.028e-14  1.000e-12  1.659e+03    32.4348    32.4491     0.0142    23.9764    23.9896     41.114     41.361      0.313    1504.65    1504.63  0.000e+00
       3968     42.000    15.0790    15.0729    -0.0061    4.01893    4.01971          1     5.1546     4.9511       9.98     0.0434  6.023e-14  1.000e-12  1.660e+03    32.4426    32.4546     0.0120    23.9840    23.9946     41.609     41.859      0.262    1504.64    1504.64  0.000e+00
       4017     42.500    15.0966    15.0944    -0.0022    4.02453    4.02575          1     5.1231     4.9350       9.98     0.0428  6.006e-14  1.000e-12  1.665e+03    32.4782    32.4911     0.0128    24.0077    24.0180     42.105     42.356      0.248    1504.75    1504.76  0.000e+00
       4069     43.000    15.0518    15.0416    -0.0103    4.02585    4.02661          1     5.1106     4.9178       9.98     0.0420  6.033e-14  1.000e-12  1.658e+03    32.5272    32.5425     0.0154    24.0550    24.0691     42.600     42.853      0.206    1504.67    1504.66  0.000e+00
       4128     43.500    15.0292    15.0259    -0.0033    4.02575    4.02637          1     5.1389     4.9241       9.98     0.0429  6.041e-14  1.000e-12  1.655e+03    32.5448    32.5532     0.0083    24.0735    24.0806     43.095     43.351      0.227    1504.63    1504.63  0.000e+00
       4175     44.000    14.9810    14.9310    -0.0499    4.02206    4.02069          1     5.1291     4.9326       9.98     0.0413  6.048e-14  1.000e-12  1.654e+03    32.5516    32.5808     0.0292    24.0891    24.1223     43.591     43.848      0.272    1504.49    1504.37  0.000e+00
       4220     44.500    14.8153    14.6649    -0.1500    4.00863    4.00227          1     5.1250     4.9111       9.98     0.0389  6.037e-14  1.000e-12  1.657e+03    32.5682    32.6365     0.0683    24.1374    24.2220     44.086     44.345      0.271    1503.99    1503.59  0.000e+00
       4260     45.000    14.3927    14.2554    -0.1385    3.97523    3.97239          1     5.0827     4.7833       9.98     0.0395  6.027e-14  1.000e-12  1.659e+03    32.6185    32.7085     0.0900    24.2656    24.3637     44.581     44.842      0.333    1502.70    1502.36  0.000e+00
       4295     45.500    13.7461    13.5095    -0.2358    3.92413    3.91816          1     4.9780     4.7497       9.98     0.0372  6.019e-14  1.000e-12  1.662e+03    32.6956    32.8425     0.1469    24.4586    24.6202     45.076     45.339      0.312    1500.69    1500.08  0.000e+00
       4344     46.000    13.4176    13.3051    -0.1137    3.89994    3.89726          1     4.9200     4.7598       9.98     0.0353  6.017e-14  1.000e-12  1.662e+03    32.7509    32.8227     0.0717    24.5680    24.6461     45.572     45.837      0.201    1499.68    1499.39  0.000e+00
       4403     46.500    13.2884    13.2385    -0.0500    3.89072    3.89139          1     4.9017     4.7501       9.98     0.0344  6.039e-14  1.000e-12  1.656e+03    32.7754    32.8247     0.0493    24.6128    24.6609     46.067     46.334      0.251    1499.29    1499.18  0.000e+00
       4451     47.000    13.2015    13.1727    -0.0289    3.88470    3.88668          1     4.8652     4.7356       9.98     0.0350  6.032e-14  1.000e-12  1.658e+03    32.7936    32.8371     0.0435    24.6442    24.6836     46.562     46.831      0.219    1499.03    1498.98  0.000e+00
       4510     47.500    13.1094    13.0758    -0.0335    3.87873    3.88011          1     4.8429     4.6995       9.98     0.0359  6.055e-14  1.000e-12  1.652e+03    32.8167    32.8588     0.0421    24.6803    24.7196     47.058     47.328      0.227    1498.76    1498.69  0.000e+00
       4556     48.000    13.0624    13.0400    -0.0224    3.87529    3.87657          1     4.8477     4.7037       9.98     0.0352  6.038e-14  1.000e-12  1.656e+03    32.8248    32.8562     0.0314    24.6959    24.7247     47.553     47.825      0.290    1498.62    1498.58  0.000e+00
       4594     48.500    13.0149    12.9697    -0.0453    3.87181    3.87230          1     4.8294     4.6869       9.98     0.0364  6.035e-14  1.000e-12  1.657e+03    32.8328    32.8767     0.0439    24.7115    24.7543     48.048     48.322      0.315    1498.48    1498.38  0.000e+00
       4640     49.000    12.9204    12.8013    -0.1190    3.86508    3.86048          1     4.7813     4.6560       9.98     0.0375  6.035e-14  1.000e-12  1.657e+03    32.8509    32.9108     0.0600    24.7440    24.8137     48.543     48.819      0.223    1498.19    1497.86  0.000e+00
       4691     49.500    12.7697    12.7123    -0.0573    3.85370    3.85226          1     4.7617     4.6306       9.98     0.0351  6.027e-14  1.000e-12  1.659e+03    32.8738    32.9100     0.0363    24.7912    24.8304     49.039     49.316      0.273    1497.72    1497.57  0.000e+00
       4740     50.000    12.7151    12.6926    -0.0225    3.84953    3.85033          1     4.7515     4.6328       9.98     0.0345  6.043e-14  1.000e-12  1.655e+03    32.8814    32.9087     0.0272    24.8077    24.8332     49.534     49.813      0.205    1497.55    1497.51  0.000e+00
       4802     50.500    12.4153    12.3649    -0.0504    3.82335    3.82638          1     4.7153     4.5545       9.98     0.0352  6.046e-14  1.000e-12  1.654e+03    32.8932    32.9665     0.0733    24.8745    24.9410     50.029     50.309      0.231    1496.56    1496.47  0.000e+00
       4852     51.000    12.1994    12.1598    -0.0393    3.80735    3.80829          1     4.6575     4.5466       9.98     0.0358  6.057e-14  1.000e-12  1.651e+03    32.9290    32.9728     0.0439    24.9434    24.9849     50.525     50.806      0.218    1495.87    1495.79  0.000e+00
       4906     51.500    12.1285    12.0848    -0.0439    3.80213    3.80207          1     4.6350     4.5285       9.98     0.0363  6.047e-14  1.000e-12  1.654e+03    32.9409    32.9789     0.0380    24.9660    25.0037     51.020     51.303      0.283    1495.66    1495.55  0.000e+00
       4942     52.000    12.0745    12.0409    -0.0335    3.79787    3.79836          1     4.6241     4.5170       9.98     0.0371  6.042e-14  1.000e-12  1.655e+03    32.9471    32.9815     0.0344    24.9810    25.0140     51.515     51.800      0.317    1495.48    1495.41  0.000e+00
       4990     52.500    12.0287    12.0052    -0.0235    3.79422    3.79505          1     4.6123     4.5211       9.98     0.0376  6.038e-14  1.000e-12  1.656e+03    32.9520    32.9808     0.0288    24.9935    25.0202     52.010     52.297      0.218    1495.34    1495.30  0.000e+00
       5041     53.000    11.9933    11.9799    -0.0134    3.79138    3.79278          1     4.6026     4.4993       9.98     0.0370  6.036e-14  1.000e-12  1.657e+03    32.9556    32.9810     0.0254    25.0028    25.0251     52.506     52.794      0.280    1495.23    1495.22  0.000e+00
       5090     53.500    11.9054    11.8725    -0.0330    3.78419    3.78494          1     4.6018     4.4947       9.98     0.0366  6.044e-14  1.000e-12  1.655e+03    32.9635    32.9999     0.0364    25.0254    25.0598     53.001     53.291      0.211    1494.95    1494.88  0.000e+00
       5146     54.000    11.7537    11.6824    -0.0714    3.77236    3.77209          1     4.5910     4.4462       9.98     0.0362  6.052e-14  1.000e-12  1.652e+03    32.9828    33.0436     0.0608    25.0685    25.1289     53.496     53.787      0.251    1494.46    1494.28  0.000e+00
       5195     54.500    11.2833    11.0752    -0.2078    3.73592    3.72971          1     4.4950     4.3808       9.98     0.0365  6.054e-14  1.000e-12  1.652e+03    33.0454    33.1712     0.1258    25.2029    25.3380     53.991     54.284      0.233    1492.91    1492.33  0.000e+00
       5242     55.000    10.9261    10.7849    -0.1411    3.71006    3.70506          1     4.4551     4.3562       9.98     0.0372  6.060e-14  1.000e-12  1.650e+03    33.1106    33.1887     0.0781    25.3176    25.4032     54.487     54.781      0.281    1491.74    1491.34  0.000e+00
       5285     55.500    10.6975    10.5370    -0.1612    3.69394    3.69121          1     4.4219     4.3335       9.98     0.0372  6.044e-14  1.000e-12  1.654e+03    33.1569    33.2756     0.1188    25.3936    25.5140     54.982     55.278      0.273    1490.99    1490.57  0.000e+00
       5329     56.000    10.3470    10.2504    -0.0961    3.66855    3.66646          1     4.3874     4.3033       9.98     0.0377  6.043e-14  1.000e-12  1.655e+03    33.2211    33.2884     0.0674    25.5043    25.5733     55.477     55.774      0.281    1489.83    1489.57  0.000e+00
       5369     56.500    10.2152    10.1646    -0.0506    3.65693    3.65828          1     4.3501     4.2916       9.98     0.0383  6.042e-14  1.000e-12  1.655e+03    33.2242    33.2843     0.0600    25.5292    25.5846     55.973     56.271      0.299    1489.37    1489.26  0.000e+00
       5415     57.000    10.1354    10.0706    -0.0649    3.65055    3.65071          1     4.3626     4.3089       9.98     0.0373  6.036e-14  1.000e-12  1.657e+03    33.2326    33.2939     0.0613    25.5493    25.6080     56.468     56.767      0.221    1489.10    1488.95  0.000e+00
