ctdpy/tests/etc/all_smhi_bas_2018/SBE09_1044_20180129_1937_34_02_0032.cnv
* Sea-Bird SBE 9 Data File:
* FileName = C:\ctd\temp\2018\ME18D032.hex
* Software Version Seasave V 7.26.6.26
* Temperature SN = 5351
* Conductivity SN = 3941
* Number of Bytes Per Scan = 41
* Number of Voltage Words = 4
* Number of Scans Averaged by the Deck Unit = 1
* NMEA Latitude = 58 52.92 N
* NMEA Longitude = 020 19.64 E
* NMEA UTC (Time) = Jan 29 2018  19:37:43
* NMEA baud rate = 4800
** Station:  BY29/LL19
** Operator:  JKro
** Ship: MERI
** Average sound velocity: 1442.05 m/s
** True-depth calculation Mon, 29 Jan 2018 20:59:20 +0000
** CTD Python Module SMHI /ver 3-12/ feb 2012 
** LIMS Job: 20183402-0032
** Cruise: SMHI-01-2018
** Latitude [GG MM.mm N] :
** Longitude [GG MM.mm E]:
# nquan = 26
# nvalues = 343                         
# units = specified
# name 0 = scan: Scan Count
# name 1 = prDM: Pressure, Digiquartz [db]
# name 2 = t090C: Temperature [ITS-90, deg C]
# name 3 = t190C: Temperature, 2 [ITS-90, deg C]
# name 4 = T2-T190C: Temperature Difference, 2 - 1 [ITS-90, deg C]
# name 5 = c0S/m: Conductivity [S/m]
# name 6 = c1S/m: Conductivity, 2 [S/m]
# name 7 = pumps: Pump Status
# name 8 = sbeox0ML/L: Oxygen, SBE 43 [ml/l]
# name 9 = sbeox1ML/L: Oxygen, SBE 43, 2 [ml/l]
# name 10 = altM: Altimeter [m]
# name 11 = flECO-AFL: Chl-a Fluorescence, WET Labs ECO-AFL/FL [mg/m^3]
# name 12 = flECO-AFL1: Phycocyanin Fluorescence, WET Labs ECO-AFL/FL, 2 [mg/m^3]
# name 13 = par: PAR/Irradiance, Biospherical/Lico [µE/(cm^2*s)]
# name 14 = turbWETntu0: Turbidity, WET Labs ECO [NTU]
# name 15 = sal00: Salinity, Practical [PSU]
# name 16 = sal11: Salinity, Practical, 2 [PSU]
# name 17 = secS-priS: Salinity, Practical, Difference, 2 - 1 [PSU]
# name 18 = sigma-t00: Density [sigma-t, Kg/m^3 ]
# name 19 = sigma-t11: Density, 2 [sigma-t, Kg/m^3 ]
# name 20 = depSM: Depth [salt water, m], lat = 58.882
# name 21 = depFM: Depth [true depth, m], lat = 58.882
# name 22 = dz/dtM: Descent Rate [m/s], WS = 2
# name 23 = svCM: Sound Velocity [Chen-Millero, m/s]
# name 24 = svCM1: Sound Velocity, 2 [Chen-Millero, m/s]
# name 25 = flag: flag
# span 0 =      16117,      27143       
# span 1 =      1.000,    172.000       
# span 2 =     4.4452,     6.4565       
# span 3 =     4.4541,     6.4569       
# span 4 =    -0.0129,     0.0172       
# span 5 =   0.757078,   1.285262       
# span 6 =   0.757229,   1.285231       
# span 7 =          1,          1       
# span 8 =    0.00901,    8.20744       
# span 9 =    0.02782,    8.15005       
# span 10 =       0.02,     135.96      
# span 11 =     0.2639,     0.4209      
# span 12 =     0.2604,     0.3994      
# span 13 = 9.9490e-13, 2.3052e-01      
# span 14 =     0.1143,     0.5929      
# span 15 =     7.0691,    11.7452      
# span 16 =     7.0686,    11.7448      
# span 17 =    -0.0153,     0.0063      
# span 18 =     5.6069,     9.1957      
# span 19 =     5.6066,     9.1953      
# span 20 =      0.990,    170.323      
# span 21 =      1.013,    173.893      
# span 22 =     -0.005,      0.951      
# span 23 =    1432.84,    1450.19      
# span 24 =    1432.91,    1450.19      
# span 25 = 0.0000e+00, 0.0000e+00      
# interval = decibars: 0.5              
# start_time = Jan 29 2018 19:37:43 [NMEA time, first data scan]
# bad_flag = -9.990e-29
*END*
[from data line 168]
      21297     85.000     5.8913     5.8920     0.0007    1.10077    1.10072          1     0.6829     0.7851      91.37     0.3001     0.2808  1.000e-12  0.1919000    10.1148    10.1141    -0.0007     7.9501     7.9495     84.189     86.067      0.454    1444.35    1444.35  0.000e+00
      21321     85.500     5.8926     5.8932     0.0006    1.10533    1.10533          1     0.6230     0.7233      90.98     0.3198     0.2996  1.000e-12  0.1662000    10.1596    10.1594    -0.0002     7.9854     7.9852     84.684     86.573      0.488    1444.42    1444.42  0.000e+00
      21350     86.000     5.8982     5.8986     0.0004    1.10874    1.10871          1     0.5753     0.6696      90.56     0.3097     0.2604  1.000e-12  0.1618000    10.1917    10.1913    -0.0004     8.0103     8.0099     85.179     87.078      0.334    1444.49    1444.49  0.000e+00
      21391     86.500     5.8974     5.8982     0.0008    1.11261    1.11225          1     0.5222     0.6086      89.90     0.3091     0.3194  1.000e-12  0.1732000    10.2302    10.2264    -0.0038     8.0407     8.0377     85.674     87.583      0.357    1444.55    1444.54  0.000e+00
      21417     87.000     5.8830     5.8839     0.0008    1.11728    1.11714          1     0.4442     0.5346      89.52     0.2749     0.3058  1.000e-12  0.1624000    10.2808    10.2792    -0.0016     8.0814     8.0801     86.169     88.088      0.537    1444.56    1444.56  0.000e+00
      21438     87.500     5.8781     5.8785     0.0004    1.12050    1.12034          1     0.3841     0.4765      96.44     0.2811     0.3164  1.000e-12  0.1696000    10.3142    10.3125    -0.0017     8.1081     8.1067     86.664     88.593      0.575    1444.59    1444.58  0.000e+00
      21460     88.000     5.8747     5.8753     0.0006    1.12431    1.12419          1     0.3336     0.4290      92.57     0.3120     0.3165  1.000e-12  0.1739000    10.3530    10.3517    -0.0014     8.1389     8.1377     87.160     89.099      0.485    1444.63    1444.63  0.000e+00
      21493     88.500     5.8731     5.8734     0.0003    1.12549    1.12541          1     0.3118     0.3985      88.05     0.3129     0.2870  1.000e-12  0.1671000    10.3652    10.3643    -0.0009     8.1486     8.1478     87.655     89.604      0.293    1444.64    1444.64  0.000e+00
      21542     89.000     5.8772     5.8772     0.0001    1.12722    1.12707          1     0.3201     0.3869      87.26     0.3037     0.3200  1.000e-12  0.1802000    10.3811    10.3796    -0.0015     8.1608     8.1596     88.150     90.109      0.288    1444.69    1444.69  0.000e+00
      21573     89.500     5.8802     5.8807     0.0005    1.12930    1.12922          1     0.3015     0.3683      86.86     0.2967     0.3104  1.000e-12  0.1677000    10.4008    10.3998    -0.0010     8.1761     8.1753     88.645     90.614      0.504    1444.74    1444.74  0.000e+00
      21594     90.000     5.8890     5.8883    -0.0007    1.13297    1.13281          1     0.2814     0.3480      86.46     0.3078     0.2889  1.000e-12  0.1707000    10.4344    10.4331    -0.0014     8.2021     8.2011     89.140     91.119      0.629    1444.82    1444.82  0.000e+00
      21612     90.500     5.9533     5.9495    -0.0038    1.14057    1.14021          1     0.2678     0.3323      86.07     0.2962     0.3237  1.000e-12  0.1834000    10.4901    10.4876    -0.0024     8.2420     8.2403     89.635     91.624      0.635    1445.18    1445.16  0.000e+00
      21632     91.000     5.9800     5.9800    -0.0000    1.14732    1.14714          1     0.2494     0.3056      85.51     0.2936     0.3218  1.000e-12  0.1922000    10.5487    10.5470    -0.0017     8.2865     8.2851     90.130     92.129      0.497    1445.37    1445.37  0.000e+00
      21674     91.500     5.9789     5.9806     0.0017    1.15159    1.15191          1     0.2027     0.2677      84.90     0.3122     0.2892  1.000e-12  0.1987000    10.5914    10.5941     0.0027     8.3202     8.3222     90.625     92.634      0.251    1445.43    1445.44  0.000e+00
      21725     92.000     5.9954     5.9968     0.0014    1.16022    1.16058          1     0.1598     0.2264      84.94     0.3116     0.2928  1.000e-12  0.1990000    10.6719    10.6750     0.0031     8.3825     8.3849     91.121     93.139      0.418    1445.61    1445.62  0.000e+00
      21747     92.500     6.0042     6.0043     0.0001    1.16501    1.16487          1     0.1335     0.1981      84.63     0.3091     0.3149  1.000e-12  0.2138000    10.7166    10.7152    -0.0014     8.4172     8.4161     91.616     93.644      0.568    1445.71    1445.71  0.000e+00
      21767     93.000     6.0162     6.0158    -0.0004    1.17228    1.17204          1     0.1049     0.1677      84.19     0.3091     0.3162  1.000e-12  0.2273000    10.7850    10.7827    -0.0022     8.4703     8.4686     92.111     94.149      0.542    1445.86    1445.85  0.000e+00
      21793     93.500     6.0196     6.0199     0.0004    1.17592    1.17587          1     0.0742     0.1376      83.60     0.3091     0.3143  1.000e-12  0.2194000    10.8200    10.8194    -0.0007     8.4977     8.4971     92.606     94.654      0.404    1445.92    1445.92  0.000e+00
      21827     94.000     6.0207     6.0211     0.0004    1.17820    1.17806          1     0.0584     0.1183      83.11     0.2999     0.3414  1.000e-12  0.2197000    10.8422    10.8407    -0.0015     8.5150     8.5139     93.101     95.159      0.364    1445.96    1445.96  0.000e+00
      21856     94.500     6.0279     6.0284     0.0005    1.18084    1.18082          1     0.0565     0.1095      82.64     0.3193     0.3287  1.000e-12  0.2210000    10.8660    10.8657    -0.0004     8.5334     8.5331     93.596     95.664      0.450    1446.03    1446.03  0.000e+00
      21884     95.000     6.0361     6.0365     0.0004    1.18293    1.18288          1     0.0522     0.1052      82.14     0.3056     0.3185  1.000e-12  0.2384000    10.8841    10.8835    -0.0006     8.5471     8.5466     94.091     96.169      0.362    1446.10    1446.10  0.000e+00
      21930     95.500     6.0424     6.0423    -0.0001    1.18659    1.18627          1     0.0459     0.0931      81.50     0.3280     0.2971  1.000e-12  0.2304000    10.9184    10.9153    -0.0031     8.5737     8.5712     94.586     96.674      0.255    1446.17    1446.17  0.000e+00
      21963     96.000     6.0532     6.0531    -0.0001    1.19017    1.19003          1     0.0451     0.0880      81.08     0.3106     0.3206  1.000e-12  0.1775000    10.9504    10.9492    -0.0013     8.5982     8.5972     95.081     97.179      0.540    1446.27    1446.27  0.000e+00
      21982     96.500     6.0704     6.0697    -0.0007    1.19422    1.19409          1     0.0462     0.0850      80.69     0.3215     0.3455  1.000e-12  0.2102000    10.9851    10.9840    -0.0011     8.6244     8.6236     95.576     97.684      0.642    1446.39    1446.39  0.000e+00
      22000     97.000     6.0819     6.0818    -0.0001    1.19711    1.19707          1     0.0448     0.0861      80.20     0.3117     0.3285  1.000e-12  0.2561000    11.0101    11.0096    -0.0004     8.6433     8.6429     96.072     98.189      0.584    1446.48    1446.48  0.000e+00
      22027     97.500     6.0861     6.0864     0.0003    1.19819    1.19819          1     0.0432     0.0860      79.55     0.3099     0.3081  1.000e-12  0.1763000    11.0193    11.0191    -0.0002     8.6503     8.6501     96.567     98.694      0.347    1446.52    1446.52  0.000e+00
      22085     98.000     6.0920     6.0912    -0.0008    1.19976    1.19943          1     0.0434     0.0815      78.83     0.3064     0.3147  1.000e-12  0.1623000    11.0329    11.0298    -0.0031     8.6605     8.6582     97.062     99.199      0.315    1446.57    1446.56  0.000e+00
      22114     98.500     6.0999     6.0997    -0.0002    1.20163    1.20152          1     0.0433     0.0760      78.51     0.3010     0.3146  1.000e-12  0.1772000    11.0488    11.0478    -0.0010     8.6726     8.6718     97.557     99.704      0.575    1446.63    1446.63  0.000e+00
      22132     99.000     6.1067     6.1064    -0.0003    1.20347    1.20332          1     0.0401     0.0784      78.13     0.3335     0.2833  1.000e-12  0.1609000    11.0647    11.0635    -0.0013     8.6847     8.6837     98.052    100.209      0.649    1446.69    1446.68  0.000e+00
      22152     99.500     6.1181     6.1180    -0.0001    1.20641    1.20635          1     0.0434     0.0814      77.63     0.3155     0.2875  1.000e-12  0.1512000    11.0902    11.0896    -0.0006     8.7039     8.7035     98.547    100.714      0.534    1446.78    1446.77  0.000e+00
      22192    100.000     6.1203     6.1251     0.0049    1.20735    1.20815          1     0.0420     0.0754      76.87     0.3179     0.3165  1.000e-12  0.1368000    11.0987    11.1051     0.0063     8.7105     8.7152     99.042    101.218      0.276    1446.80    1446.83  0.000e+00
      22239    100.500     6.1335     6.1334    -0.0002    1.21057    1.21038          1     0.0405     0.0756      76.36     0.3086     0.2951  1.000e-12  0.1365000    11.1263    11.1245    -0.0018     8.7314     8.7299     99.537    101.723      0.475    1446.90    1446.90  0.000e+00
      22258    101.000     6.1462     6.1458    -0.0003    1.21370    1.21362          1     0.0392     0.0766      76.00     0.3333     0.2874  1.000e-12  0.1358000    11.1532    11.1525    -0.0007     8.7517     8.7512    100.032    102.228      0.614    1447.00    1447.00  0.000e+00
      22278    101.500     6.1574     6.1573    -0.0002    1.21650    1.21644          1     0.0391     0.0741      75.53     0.3255     0.2920  1.000e-12  0.1350000    11.1773    11.1767    -0.0006     8.7699     8.7694    100.527    102.733      0.555    1447.08    1447.08  0.000e+00
      22307    102.000     6.1651     6.1653     0.0002    1.21845    1.21841          1     0.0382     0.0720      74.89     0.3149     0.3417  1.000e-12  0.1452000    11.1940    11.1935    -0.0005     8.7825     8.7821    101.022    103.238      0.321    1447.15    1447.15  0.000e+00
      22357    102.500     6.1695     6.1698     0.0003    1.21946    1.21939          1     0.0353     0.0692      74.01     0.3219     0.3207  1.000e-12  0.1870000    11.2025    11.2017    -0.0008     8.7889     8.7883    101.518    103.743      0.281    1447.18    1447.18  0.000e+00
      22388    103.000     6.1709     6.1711     0.0003    1.21970    1.21966          1     0.0384     0.0720      72.91     0.3328     0.3093  1.000e-12  0.2449000    11.2043    11.2038    -0.0005     8.7902     8.7899    102.013    104.247      0.486    1447.20    1447.20  0.000e+00
      22410    103.500     6.1766     6.1766    -0.0000    1.22097    1.22093          1     0.0375     0.0687      72.52     0.3219     0.3059  1.000e-12  0.1475000    11.2149    11.2146    -0.0003     8.7982     8.7980    102.508    104.752      0.566    1447.24    1447.24  0.000e+00
      22431    104.000     6.1815     6.1813    -0.0001    1.22211    1.22204          1     0.0362     0.0659      72.10     0.3213     0.3280  1.000e-12  0.1491000    11.2246    11.2239    -0.0006     8.8055     8.8050    103.003    105.257      0.528    1447.28    1447.28  0.000e+00
      22458    104.500     6.1861     6.1864     0.0003    1.22316    1.22313          1     0.0349     0.0684      71.55     0.3216     0.3352  1.000e-12  0.1332000    11.2334    11.2330    -0.0004     8.8121     8.8118    103.498    105.762      0.361    1447.32    1447.32  0.000e+00
      22507    105.000     6.1888     6.1892     0.0003    1.22384    1.22381          1     0.0334     0.0645      70.83     0.2960     0.2780  1.000e-12  0.1143000    11.2392    11.2387    -0.0004     8.8165     8.8161    103.993    106.267      0.232    1447.35    1447.35  0.000e+00
      22543    105.500     6.1911     6.1914     0.0003    1.22433    1.22430          1     0.0340     0.0662      70.43     0.3104     0.3127  1.000e-12  0.1239000    11.2432    11.2428    -0.0004     8.8195     8.8191    104.488    106.772      0.505    1447.37    1447.37  0.000e+00
      22563    106.000     6.1935     6.1935     0.0001    1.22494    1.22488          1     0.0333     0.0644      70.05     0.3330     0.2994  1.000e-12  0.1253000    11.2483    11.2477    -0.0006     8.8234     8.8229    104.983    107.276      0.634    1447.40    1447.40  0.000e+00
      22581    106.500     6.1957     6.1960     0.0003    1.22572    1.22570          1     0.0343     0.0655      69.57     0.3119     0.3168  1.000e-12  0.1550000    11.2552    11.2549    -0.0003     8.8287     8.8284    105.478    107.781      0.602    1447.42    1447.42  0.000e+00
      22606    107.000     6.1994     6.1994     0.0001    1.22671    1.22662          1     0.0336     0.0653      68.96     0.3052     0.3248  1.000e-12  0.2270000    11.2638    11.2628    -0.0010     8.8352     8.8344    105.973    108.286      0.372    1447.46    1447.46  0.000e+00
      22663    107.500     6.2038     6.2001    -0.0037    1.22775    1.22678          1     0.0334     0.0605      68.21     0.3187     0.2940  1.000e-12  0.3219000    11.2726    11.2641    -0.0084     8.8417     8.8353    106.468    108.791      0.291    1447.50    1447.47  0.000e+00
      22696    108.000     6.2072     6.2074     0.0002    1.22835    1.22833          1     0.0299     0.0590      67.83     0.3213     0.3502  1.000e-12  0.3329000    11.2773    11.2770    -0.0003     8.8452     8.8449    106.963    109.296      0.519    1447.52    1447.52  0.000e+00
      22716    108.500     6.2171     6.2173     0.0002    1.23053    1.23055          1     0.0306     0.0614      67.43     0.3213     0.2700  1.000e-12  0.3753000    11.2956    11.2957     0.0002     8.8589     8.8590    107.458    109.800      0.616    1447.60    1447.60  0.000e+00
      22736    109.000     6.2268     6.2267    -0.0001    1.23315    1.23312          1     0.0306     0.0606      66.93     0.3139     0.3396  1.000e-12  0.4101000    11.3182    11.3180    -0.0003     8.8761     8.8759    107.954    110.305      0.558    1447.67    1447.67  0.000e+00
      22764    109.500     6.2340     6.2341     0.0002    1.23489    1.23484          1     0.0312     0.0603      66.32     0.3174     0.3084  1.000e-12  0.4149000    11.3331    11.3324    -0.0006     8.8873     8.8868    108.449    110.810      0.335    1447.73    1447.73  0.000e+00
      22812    110.000     6.2391     6.2392     0.0001    1.23611    1.23600          1     0.0302     0.0596      65.69     0.3278     0.3255  1.000e-12  0.4453000    11.3433    11.3422    -0.0011     8.8950     8.8941    108.944    111.315      0.282    1447.77    1447.77  0.000e+00
      22843    110.500     6.2435     6.2435    -0.0000    1.23694    1.23687          1     0.0295     0.0577      65.26     0.3335     0.3183  1.000e-12  0.5090000    11.3500    11.3493    -0.0007     8.8999     8.8994    109.439    111.820      0.443    1447.81    1447.81  0.000e+00
      22869    111.000     6.2486     6.2488     0.0002    1.23802    1.23798          1     0.0277     0.0584      64.80     0.3335     0.3522  1.000e-12  0.4686000    11.3589    11.3585    -0.0005     8.9067     8.9063    109.934    112.324      0.462    1447.85    1447.85  0.000e+00
      22896    111.500     6.2508     6.2510     0.0002    1.23861    1.23856          1     0.0266     0.0589      64.28     0.3437     0.3351  1.000e-12  0.4610000    11.3639    11.3634    -0.0005     8.9104     8.9100    110.429    112.829      0.426    1447.87    1447.87  0.000e+00
