ctdpy/tests/etc/all_smhi_bas_2018/SBE09_1044_20181020_1046_34_01_0115.cnv
* Sea-Bird SBE 9 Data File:
* FileName = C:\ctd\temp\ar18d115.hex
* Software Version Seasave V 7.26.7.107
* Temperature SN = 5351
* Conductivity SN = 3941
* Number of Bytes Per Scan = 41
* Number of Voltage Words = 4
* Number of Scans Averaged by the Deck Unit = 1
* NMEA Latitude = 58 01.01 N
* NMEA Longitude = 017 59.07 E
* NMEA UTC (Time) = Oct 20 2018  10:45:52
* NMEA baud rate = 4800
** Station:  BY32
** Operator:  ASkj
** Ship: ARANDA
** Average sound velocity: 1444.44 m/s
** True-depth calculation Sat, 20 Oct 2018 11:35:03 +0000
** CTD Python Module SMHI /ver 3-12/ feb 2012 
** LIMS Job: 20183401-0115
** Cruise: SMHI-4-2018
** Latitude [GG MM.mm N]:
** Longitude [GG MM.mm E]
# nquan = 26
# nvalues = 391                         
# units = specified
# name 0 = scan: Scan Count
# name 1 = prDM: Pressure, Digiquartz [db]
# name 2 = t090C: Temperature [ITS-90, deg C]
# name 3 = t190C: Temperature, 2 [ITS-90, deg C]
# name 4 = T2-T190C: Temperature Difference, 2 - 1 [ITS-90, deg C]
# name 5 = c0S/m: Conductivity [S/m]
# name 6 = c1S/m: Conductivity, 2 [S/m]
# name 7 = pumps: Pump Status
# name 8 = sbeox0ML/L: Oxygen, SBE 43 [ml/l]
# name 9 = sbeox1ML/L: Oxygen, SBE 43, 2 [ml/l]
# name 10 = altM: Altimeter [m]
# name 11 = flECO-AFL: Chl-a Fluorescence, WET Labs ECO-AFL/FL [mg/m^3]
# name 12 = flECO-AFL1: Phycocyanin Fluorescence, WET Labs ECO-AFL/FL, 2 [mg/m^3]
# name 13 = par: PAR/Irradiance, Biospherical/Lico [µE/(cm^2*s)]
# name 14 = turbWETntu0: Turbidity, WET Labs ECO [NTU]
# name 15 = sal00: Salinity, Practical [PSU]
# name 16 = sal11: Salinity, Practical, 2 [PSU]
# name 17 = secS-priS: Salinity, Practical, Difference, 2 - 1 [PSU]
# name 18 = sigma-t00: Density [sigma-t, Kg/m^3 ]
# name 19 = sigma-t11: Density, 2 [sigma-t, Kg/m^3 ]
# name 20 = depSM: Depth [salt water, m], lat = 58.0168
# name 21 = depFM: Depth [true depth, m], lat = 58.0168
# name 22 = dz/dtM: Descent Rate [m/s], WS = 2
# name 23 = svCM: Sound Velocity [Chen-Millero, m/s]
# name 24 = svCM1: Sound Velocity, 2 [Chen-Millero, m/s]
# name 25 = flag: flag
# span 0 =      10895,      20988       
# span 1 =      1.000,    196.000       
# span 2 =     3.6468,     9.4923       
# span 3 =     3.6492,     9.4841       
# span 4 =    -0.0174,     0.0588       
# span 5 =   0.769049,   1.198626       
# span 6 =   0.769060,   1.198611       
# span 7 =          1,          1       
# span 8 =    0.01813,    7.64792       
# span 9 =    0.05080,    7.34582       
# span 10 =       5.26,      98.93      
# span 11 =     0.2297,     1.2366      
# span 12 =     0.1492,     0.4132      
# span 13 = -6.117e-09, 7.3778e+02      
# span 14 =     0.1296,     1.6373      
# span 15 =     6.9614,    11.0271      
# span 16 =     6.9612,    11.0265      
# span 17 =    -0.0050,     0.0001      
# span 18 =     5.1939,     8.6607      
# span 19 =     5.1942,     8.6601      
# span 20 =      0.991,    194.091      
# span 21 =      1.013,    198.104      
# span 22 =     -0.053,      0.576      
# span 23 =    1430.31,    1453.92      
# span 24 =    1430.32,    1453.88      
# span 25 = 0.0000e+00, 0.0000e+00      
# interval = decibars: 0.5              
# start_time = Oct 20 2018 10:45:52 [NMEA time, first data scan]
# bad_flag = -9.990e-29
*END*
[from data line 335]
      18635    168.500     6.0074     6.0090     0.0015    1.19509    1.19508          1     0.0248     0.0580      34.03     0.3553     0.3032  1.000e-12  0.1787000    11.0010    11.0004    -0.0007     8.6410     8.6403    166.870    170.334      0.517    1447.30    1447.30  0.000e+00
      18659    169.000     6.0078     6.0093     0.0015    1.19517    1.19517          1     0.0255     0.0586      33.46     0.3616     0.2317  1.000e-12  0.1816000    11.0016    11.0011    -0.0005     8.6414     8.6409    167.365    170.839      0.504    1447.31    1447.31  0.000e+00
      18682    169.500     6.0086     6.0101     0.0015    1.19538    1.19538          1     0.0233     0.0575      32.93     0.3386     0.2227  1.000e-12  0.1874000    11.0033    11.0028    -0.0005     8.6427     8.6422    167.860    171.344      0.511    1447.32    1447.33  0.000e+00
      18706    170.000     6.0088     6.0102     0.0015    1.19543    1.19542          1     0.0264     0.0576      32.41     0.3480     0.2475  1.000e-12  0.1901000    11.0037    11.0030    -0.0006     8.6430     8.6424    168.355    171.849      0.532    1447.33    1447.34  0.000e+00
      18728    170.500     6.0089     6.0104     0.0015    1.19546    1.19544          1     0.0244     0.0580      31.90     0.3356     0.2465  1.000e-12  0.1671000    11.0038    11.0031    -0.0007     8.6431     8.6425    168.850    172.354      0.539    1447.34    1447.34  0.000e+00
      18750    171.000     6.0090     6.0104     0.0014    1.19549    1.19548          1     0.0225     0.0580      31.38     0.3351     0.2368  1.000e-12  0.1729000    11.0040    11.0034    -0.0006     8.6432     8.6427    169.345    172.859      0.524    1447.35    1447.35  0.000e+00
      18774    171.500     6.0091     6.0106     0.0015    1.19555    1.19554          1     0.0230     0.0585      30.86     0.3677     0.2566  1.000e-12  0.1840000    11.0045    11.0039    -0.0006     8.6436     8.6430    169.840    173.364      0.518    1447.36    1447.36  0.000e+00
      18796    172.000     6.0094     6.0109     0.0015    1.19564    1.19562          1     0.0243     0.0576      30.35     0.3812     0.2176  1.000e-12  0.1862000    11.0052    11.0045    -0.0007     8.6441     8.6435    170.335    173.869      0.546    1447.37    1447.37  0.000e+00
      18818    172.500     6.0096     6.0111     0.0015    1.19569    1.19567          1     0.0247     0.0574      29.85     0.3775     0.1492  1.000e-12  0.1905000    11.0055    11.0049    -0.0006     8.6443     8.6438    170.830    174.373      0.576    1447.38    1447.38  0.000e+00
      18838    173.000     6.0099     6.0113     0.0015    1.19578    1.19578          1     0.0274     0.0575      29.34     0.3684     0.2475  1.000e-12  0.1907000    11.0062    11.0057    -0.0005     8.6449     8.6444    171.325    174.878      0.572    1447.39    1447.39  0.000e+00
      18860    173.500     6.0101     6.0115     0.0015    1.19583    1.19582          1     0.0230     0.0577      28.82     0.3552     0.2692  1.000e-12  0.1867000    11.0066    11.0061    -0.0005     8.6452     8.6447    171.820    175.383      0.546    1447.40    1447.40  0.000e+00
      18882    174.000     6.0101     6.0116     0.0015    1.19586    1.19585          1     0.0221     0.0575      28.30     0.3260     0.2535  1.000e-12  0.1867000    11.0068    11.0062    -0.0006     8.6453     8.6447    172.315    175.888      0.534    1447.40    1447.41  0.000e+00
      18904    174.500     6.0102     6.0116     0.0015    1.19587    1.19586          1     0.0259     0.0585      27.79     0.3607     0.2239  1.000e-12  0.1919000    11.0068    11.0062    -0.0006     8.6453     8.6448    172.810    176.393      0.542    1447.41    1447.42  0.000e+00
      18926    175.000     6.0103     6.0118     0.0014    1.19595    1.19592          1     0.0254     0.0579      27.30     0.3591     0.2284  1.000e-12  0.1754000    11.0074    11.0067    -0.0007     8.6458     8.6452    173.305    176.898      0.550    1447.42    1447.43  0.000e+00
      18948    175.500     6.0105     6.0120     0.0015    1.19604    1.19602          1     0.0216     0.0577      26.76     0.3545     0.2637  1.000e-12  0.1742000    11.0082    11.0075    -0.0007     8.6464     8.6457    173.800    177.403      0.554    1447.43    1447.44  0.000e+00
      18970    176.000     6.0106     6.0121     0.0014    1.19607    1.19606          1     0.0213     0.0578      26.24     0.3524     0.2656  1.000e-12  0.1752000    11.0083    11.0077    -0.0006     8.6465     8.6460    174.294    177.908      0.553    1447.44    1447.45  0.000e+00
      18991    176.500     6.0107     6.0122     0.0015    1.19609    1.19609          1     0.0237     0.0566      25.73     0.3613     0.2246  1.000e-12  0.1812000    11.0085    11.0079    -0.0006     8.6466     8.6461    174.789    178.413      0.546    1447.45    1447.45  0.000e+00
      19014    177.000     6.0107     6.0122     0.0015    1.19609    1.19610          1     0.0246     0.0571      25.23     0.3613     0.2299  1.000e-12  0.1800000    11.0084    11.0079    -0.0005     8.6466     8.6461    175.284    178.918      0.540    1447.46    1447.46  0.000e+00
      19036    177.500     6.0108     6.0122     0.0014    1.19613    1.19612          1     0.0240     0.0574      24.74     0.3596     0.2412  1.000e-12  0.1788000    11.0086    11.0080    -0.0006     8.6467     8.6462    175.779    179.422      0.556    1447.46    1447.47  0.000e+00
      19057    178.000     6.0109     6.0123     0.0015    1.19616    1.19614          1     0.0235     0.0570      24.22     0.3725     0.2481  1.000e-12  0.1669000    11.0088    11.0081    -0.0007     8.6468     8.6462    176.274    179.927      0.567    1447.47    1447.48  0.000e+00
      19078    178.500     6.0109     6.0124     0.0015    1.19617    1.19616          1     0.0250     0.0578      23.70     0.3515     0.2429  1.000e-12  0.1825000    11.0088    11.0082    -0.0006     8.6469     8.6463    176.769    180.432      0.560    1447.48    1447.49  0.000e+00
      19100    179.000     6.0109     6.0124     0.0015    1.19618    1.19617          1     0.0237     0.0587      23.16     0.3405     0.2076  1.000e-12  0.1944000    11.0088    11.0082    -0.0006     8.6469     8.6463    177.264    180.937      0.542    1447.49    1447.49  0.000e+00
      19122    179.500     6.0113     6.0124     0.0012    1.19627    1.19617          1     0.0225     0.0538      22.62     0.3286     0.2731  1.000e-12  0.1891000    11.0095    11.0081    -0.0013     8.6474     8.6462    177.759    181.442      0.531    1447.50    1447.50  0.000e+00
      19145    180.000     6.0121     6.0135     0.0014    1.19649    1.19647          1     0.0223     0.0567      22.10     0.3271     0.2676  1.000e-12  0.1841000    11.0114    11.0106    -0.0007     8.6488     8.6482    178.254    181.947      0.537    1447.51    1447.52  0.000e+00
      19167    180.500     6.0125     6.0139     0.0014    1.19660    1.19658          1     0.0198     0.0578      21.62     0.3350     0.2383  1.000e-12  0.1913000    11.0122    11.0116    -0.0006     8.6494     8.6489    178.749    182.452      0.544    1447.52    1447.53  0.000e+00
      19189    181.000     6.0127     6.0142     0.0015    1.19664    1.19664          1     0.0223     0.0578      21.11     0.3374     0.2154  1.000e-12  0.1862000    11.0124    11.0120    -0.0004     8.6496     8.6491    179.244    182.957      0.540    1447.53    1447.54  0.000e+00
      19211    181.500     6.0128     6.0144     0.0015    1.19668    1.19667          1     0.0246     0.0554      20.57     0.3475     0.2304  1.000e-12  0.1732000    11.0127    11.0121    -0.0006     8.6499     8.6493    179.739    183.462      0.545    1447.54    1447.55  0.000e+00
      19233    182.000     6.0131     6.0146     0.0015    1.19674    1.19673          1     0.0243     0.0541      20.05     0.3493     0.3059  1.000e-12  0.1857000    11.0132    11.0126    -0.0006     8.6502     8.6496    180.234    183.967      0.556    1447.55    1447.56  0.000e+00
      19255    182.500     6.0132     6.0147     0.0015    1.19677    1.19677          1     0.0210     0.0556      19.60     0.3474     0.3370  1.000e-12  0.1812000    11.0133    11.0128    -0.0006     8.6503     8.6498    180.729    184.472      0.558    1447.56    1447.57  0.000e+00
      19276    183.000     6.0132     6.0147     0.0015    1.19681    1.19680          1     0.0209     0.0558      19.06     0.3552     0.2296  1.000e-12  0.1802000    11.0136    11.0130    -0.0006     8.6505     8.6499    181.224    184.976      0.561    1447.57    1447.57  0.000e+00
      19297    183.500     6.0133     6.0148     0.0015    1.19687    1.19686          1     0.0216     0.0565      18.53     0.3558     0.1985  1.000e-12  0.1838000    11.0140    11.0134    -0.0006     8.6508     8.6503    181.719    185.481      0.565    1447.58    1447.58  0.000e+00
      19319    184.000     6.0137     6.0151     0.0014    1.19698    1.19697          1     0.0226     0.0542      18.01     0.3505     0.2231  1.000e-12  0.1934000    11.0150    11.0143    -0.0006     8.6515     8.6509    182.213    185.986      0.557    1447.59    1447.59  0.000e+00
      19341    184.500     6.0143     6.0158     0.0015    1.19713    1.19712          1     0.0219     0.0559      17.55     0.3614     0.2659  1.000e-12  0.1974000    11.0161    11.0155    -0.0006     8.6524     8.6519    182.708    186.491      0.541    1447.60    1447.61  0.000e+00
      19363    185.000     6.0156     6.0171     0.0015    1.19748    1.19746          1     0.0215     0.0549      16.98     0.3723     0.2236  1.000e-12  0.2119000    11.0191    11.0185    -0.0007     8.6547     8.6541    183.203    186.996      0.542    1447.62    1447.62  0.000e+00
      19385    185.500     6.0169     6.0183     0.0014    1.19780    1.19780          1     0.0206     0.0544      16.44     0.3824     0.2906  1.000e-12  0.1942000    11.0218    11.0213    -0.0005     8.6567     8.6563    183.698    187.501      0.548    1447.64    1447.64  0.000e+00
      19407    186.000     6.0173     6.0188     0.0015    1.19795    1.19794          1     0.0218     0.0562      15.96     0.3750     0.3058  1.000e-12  0.2044000    11.0231    11.0225    -0.0006     8.6577     8.6571    184.193    188.006      0.543    1447.65    1447.65  0.000e+00
      19429    186.500     6.0179     6.0193     0.0015    1.19809    1.19809          1     0.0218     0.0549      15.45     0.3741     0.2808  1.000e-12  0.2103000    11.0242    11.0237    -0.0005     8.6585     8.6580    184.688    188.511      0.538    1447.66    1447.66  0.000e+00
      19451    187.000     6.0186     6.0200     0.0014    1.19828    1.19827          1     0.0199     0.0537      14.89     0.3724     0.2618  1.000e-12  0.2139000    11.0257    11.0251    -0.0006     8.6597     8.6592    185.183    189.016      0.534    1447.67    1447.68  0.000e+00
      19474    187.500     6.0187     6.0202     0.0014    1.19831    1.19830          1     0.0217     0.0562      14.37     0.3792     0.2589  1.000e-12  0.2181000    11.0259    11.0254    -0.0006     8.6598     8.6593    185.678    189.520      0.534    1447.68    1447.69  0.000e+00
      19496    188.000     6.0188     6.0203     0.0014    1.19834    1.19833          1     0.0234     0.0539      13.86     0.3984     0.2502  1.000e-12  0.2235000    11.0261    11.0255    -0.0005     8.6599     8.6594    186.173    190.025      0.540    1447.69    1447.69  0.000e+00
      19519    188.500     6.0190     6.0205     0.0015    1.19836    1.19835          1     0.0209     0.0532      13.34     0.3852     0.3054  1.000e-12  0.2230000    11.0261    11.0256    -0.0006     8.6600     8.6594    186.668    190.530      0.546    1447.70    1447.70  0.000e+00
      19540    189.000     6.0190     6.0205     0.0015    1.19837    1.19836          1     0.0204     0.0544      12.84     0.3846     0.2784  1.000e-12  0.2223000    11.0261    11.0256    -0.0005     8.6600     8.6595    187.163    191.035      0.553    1447.71    1447.71  0.000e+00
      19562    189.500     6.0191     6.0206     0.0015    1.19839    1.19838          1     0.0219     0.0564      12.32     0.3776     0.2372  1.000e-12  0.2766000    11.0262    11.0256    -0.0006     8.6601     8.6595    187.658    191.540      0.546    1447.71    1447.72  0.000e+00
      19584    190.000     6.0192     6.0206     0.0015    1.19841    1.19840          1     0.0216     0.0526      11.81     0.3907     0.2358  1.000e-12  0.2523000    11.0262    11.0257    -0.0006     8.6601     8.6596    188.152    192.045      0.528    1447.72    1447.73  0.000e+00
      19607    190.500     6.0192     6.0207     0.0015    1.19842    1.19841          1     0.0200     0.0551      11.27     0.3904     0.2422  1.000e-12  0.2285000    11.0263    11.0258    -0.0005     8.6601     8.6596    188.647    192.550      0.530    1447.73    1447.74  0.000e+00
      19630    191.000     6.0193     6.0207     0.0014    1.19844    1.19843          1     0.0218     0.0542      10.75     0.3829     0.2313  1.000e-12  0.2215000    11.0264    11.0258    -0.0006     8.6602     8.6596    189.142    193.055      0.534    1447.74    1447.74  0.000e+00
      19652    191.500     6.0193     6.0208     0.0015    1.19845    1.19844          1     0.0219     0.0553      10.24     0.3834     0.2356  1.000e-12  0.2209000    11.0264    11.0258    -0.0006     8.6602     8.6596    189.637    193.560      0.512    1447.75    1447.75  0.000e+00
      19677    192.000     6.0193     6.0208     0.0015    1.19846    1.19845          1     0.0212     0.0531       9.71     0.3901     0.2705  1.000e-12  0.2468000    11.0264    11.0258    -0.0006     8.6602     8.6597    190.132    194.065      0.475    1447.76    1447.76  0.000e+00
      19703    192.500     6.0194     6.0208     0.0015    1.19848    1.19847          1     0.0203     0.0538       9.16     0.4011     0.2040  1.000e-12  0.2466000    11.0265    11.0259    -0.0006     8.6603     8.6597    190.627    194.569      0.424    1447.76    1447.77  0.000e+00
      19733    193.000     6.0194     6.0209     0.0015    1.19850    1.19850          1     0.0211     0.0546       8.61     0.3849     0.2683  1.000e-12  0.2448000    11.0266    11.0260    -0.0006     8.6604     8.6598    191.122    195.074      0.394    1447.77    1447.78  0.000e+00
      19764    193.500     6.0194     6.0210     0.0015    1.19851    1.19851          1     0.0203     0.0546       8.10     0.3930     0.2455  1.000e-12  0.2423000    11.0266    11.0261    -0.0005     8.6603     8.6598    191.617    195.579      0.374    1447.78    1447.79  0.000e+00
      19800    194.000     6.0195     6.0210     0.0015    1.19854    1.19854          1     0.0210     0.0533       7.54     0.3850     0.2439  1.000e-12  0.2580000    11.0268    11.0262    -0.0005     8.6605     8.6599    192.112    196.084      0.301    1447.79    1447.79  0.000e+00
      19844    194.500     6.0196     6.0211     0.0015    1.19857    1.19856          1     0.0209     0.0541       6.98     0.3774     0.2264  1.000e-12  0.2307000    11.0269    11.0263    -0.0006     8.6606     8.6600    192.607    196.589      0.256    1447.80    1447.80  0.000e+00
      19896    195.000     6.0196     6.0212     0.0015    1.19858    1.19857          1     0.0207     0.0542       6.41     0.3934     0.2401  1.000e-12  0.2192000    11.0270    11.0264    -0.0006     8.6606     8.6600    193.102    197.094      0.202    1447.81    1447.81  0.000e+00
      19964    195.500     6.0197     6.0212     0.0015    1.19860    1.19859          1     0.0212     0.0536       5.86     0.4067     0.2593  1.000e-12  0.2552000    11.0270    11.0264    -0.0006     8.6606     8.6601    193.596    197.599      0.179    1447.81    1447.82  0.000e+00
