ctdpy/tests/etc/all_smhi_bas_2018/SBE09_1044_20180125_2119_34_02_0010.cnv
* Sea-Bird SBE 9 Data File:
* FileName = C:\ctd\temp\2018\ME18D010.hex
* Software Version Seasave V 7.26.6.26
* Temperature SN = 5351
* Conductivity SN = 3941
* Number of Bytes Per Scan = 41
* Number of Voltage Words = 4
* Number of Scans Averaged by the Deck Unit = 1
* NMEA Latitude = 55 46.29 N
* NMEA Longitude = 012 47.70 E
* NMEA UTC (Time) = Jan 25 2018  21:19:47
* NMEA baud rate = 4800
** Station:  Öresund-7
** Operator:  JKro
** Ship: MERI
** Average sound velocity: 1456.14 m/s
** True-depth calculation Sat, 27 Jan 2018 18:58:42 +0000
** CTD Python Module SMHI /ver 3-12/ feb 2012 
** LIMS Job: 20183402-0010
** Cruise: SMHI-01-2018
** Latitude [GG MM.mm N] :
** Longitude [GG MM.mm E]:
# nquan = 26
# nvalues = 30                          
# units = specified
# name 0 = scan: Scan Count
# name 1 = prDM: Pressure, Digiquartz [db]
# name 2 = t090C: Temperature [ITS-90, deg C]
# name 3 = t190C: Temperature, 2 [ITS-90, deg C]
# name 4 = T2-T190C: Temperature Difference, 2 - 1 [ITS-90, deg C]
# name 5 = c0S/m: Conductivity [S/m]
# name 6 = c1S/m: Conductivity, 2 [S/m]
# name 7 = pumps: Pump Status
# name 8 = sbeox0ML/L: Oxygen, SBE 43 [ml/l]
# name 9 = sbeox1ML/L: Oxygen, SBE 43, 2 [ml/l]
# name 10 = altM: Altimeter [m]
# name 11 = flECO-AFL: Chl-a Fluorescence, WET Labs ECO-AFL/FL [mg/m^3]
# name 12 = flECO-AFL1: Phycocyanin Fluorescence, WET Labs ECO-AFL/FL, 2 [mg/m^3]
# name 13 = par: PAR/Irradiance, Biospherical/Lico [µE/(cm^2*s)]
# name 14 = turbWETntu0: Turbidity, WET Labs ECO [NTU]
# name 15 = sal00: Salinity, Practical [PSU]
# name 16 = sal11: Salinity, Practical, 2 [PSU]
# name 17 = secS-priS: Salinity, Practical, Difference, 2 - 1 [PSU]
# name 18 = sigma-t00: Density [sigma-t, Kg/m^3 ]
# name 19 = sigma-t11: Density, 2 [sigma-t, Kg/m^3 ]
# name 20 = depSM: Depth [salt water, m], lat = 55.7715
# name 21 = depFM: Depth [true depth, m], lat = 55.7715
# name 22 = dz/dtM: Descent Rate [m/s], WS = 2
# name 23 = svCM: Sound Velocity [Chen-Millero, m/s]
# name 24 = svCM1: Sound Velocity, 2 [Chen-Millero, m/s]
# name 25 = flag: flag
# span 0 =      14261,      15848       
# span 1 =      1.000,     15.500       
# span 2 =     3.7559,     8.1625       
# span 3 =     3.7538,     8.1609       
# span 4 =    -0.0604,     0.0223       
# span 5 =   1.201795,   3.287743       
# span 6 =   1.204765,   3.287095       
# span 7 =          1,          1       
# span 8 =    5.24911,    8.23249       
# span 9 =    5.25437,    8.17812       
# span 10 =       1.47,      14.33      
# span 11 =     0.1488,     0.7378      
# span 12 =     0.2759,     0.3983      
# span 13 = 1.0000e-12, 1.0000e-12      
# span 14 =     0.4102,     1.5779      
# span 15 =    11.8664,    31.2876      
# span 16 =    11.9076,    31.2821      
# span 17 =    -0.2662,     0.1035      
# span 18 =     9.4361,    24.3365      
# span 19 =     9.4697,    24.3324      
# span 20 =      0.991,     15.359      
# span 21 =      1.009,     15.536      
# span 22 =      0.154,      0.268      
# span 23 =    1436.00,    1478.75      
# span 24 =    1436.01,    1478.74      
# span 25 = 0.0000e+00, 0.0000e+00      
# interval = decibars: 0.5              
# start_time = Jan 25 2018 21:19:47 [NMEA time, first data scan]
# bad_flag = -9.990e-29
*END*
      14261      1.000     3.7639     3.7538    -0.0101    1.22666    1.21963          1     8.2325     8.1781       1.47     0.7007     0.3317  1.000e-12  0.4266000    12.1397    12.0684    -0.0714     9.6538     9.5975      0.991      1.009      0.171    1436.30    1436.16  0.000e+00
      14350      1.500     3.7850     3.8053     0.0204    1.20179    1.20655          1     8.1827     8.1620       2.51     0.7293     0.3389  1.000e-12  0.4206000    11.8664    11.9097     0.0433     9.4361     9.4697      1.486      1.513      0.154    1436.05    1436.19  0.000e+00
      14426      2.000     3.7837     3.7910     0.0073    1.22171    1.22245          1     8.1702     8.1397       1.63     0.7244     0.3203  1.000e-12  0.4214000    12.0795    12.0848     0.0053     9.6053     9.6092      1.982      2.018      0.190    1436.32    1436.36  0.000e+00
      14488      2.500     3.8096     3.8121     0.0025    1.25468    1.25489          1     8.1698     8.1228       1.47     0.7014     0.3489  1.000e-12  0.4458000    12.4223    12.4236     0.0012     9.8764     9.8773      2.477      2.522      0.201    1436.88    1436.90  0.000e+00
      14546      3.000     3.7679     3.7705     0.0026    1.22386    1.22868          1     8.1910     8.1593       1.55     0.7123     0.3626  1.000e-12  0.4289000    12.1081    12.1587     0.0506     9.6285     9.6686      2.973      3.026      0.209    1436.30    1436.38  0.000e+00
      14605      3.500     3.7571     3.7578     0.0007    1.20391    1.20477          1     8.1885     8.1644       5.88     0.7267     0.3429  1.000e-12  0.4318000    11.8987    11.9076     0.0089     9.4627     9.4697      3.468      3.531      0.200    1436.00    1436.01  0.000e+00
      14664      4.000     3.7559     3.7564     0.0005    1.21125    1.20816          1     8.1916     8.1498      14.33     0.6905     0.3765  1.000e-12  0.4102000    11.9775    11.9443    -0.0332     9.5253     9.4989      3.964      4.035      0.207    1436.10    1436.06  0.000e+00
      14721      4.500     3.7600     3.7609     0.0009    1.23611    1.23598          1     8.1770     8.1372       8.05     0.7165     0.3855  1.000e-12  0.4165000    12.2418    12.2400    -0.0017     9.7349     9.7335      4.459      4.540      0.208    1436.46    1436.47  0.000e+00
      14779      5.000     3.7637     3.7667     0.0030    1.23896    1.24369          1     8.1821     8.1489       4.85     0.7184     0.3489  1.000e-12  0.4132000    12.2710    12.3204     0.0495     9.7579     9.7971      4.955      5.044      0.212    1436.53    1436.60  0.000e+00
      14835      5.500     3.7598     3.7622     0.0024    1.23837    1.24554          1     8.1455     8.1353       4.57     0.7378     0.3264  1.000e-12  0.4228000    12.2658    12.3418     0.0760     9.7540     9.8143      5.450      5.548      0.213    1436.51    1436.62  0.000e+00
      14890      6.000     3.7632     3.7624    -0.0008    1.25665    1.25165          1     8.0805     8.0749       3.82     0.7137     0.3570  1.000e-12  0.4128000    12.4605    12.4071    -0.0533     9.9084     9.8661      5.945      6.053      0.222    1436.78    1436.71  0.000e+00
      14945      6.500     3.8154     3.8138    -0.0015    1.31015    1.30500          1     7.7848     7.8158       3.58     0.7340     0.3983  1.000e-12  0.4395000    13.0142    12.9594    -0.0548    10.3459    10.3024      6.441      6.557      0.220    1437.73    1437.66  0.000e+00
      14999      7.000     4.1579     4.1102    -0.0479    1.54751    1.52582          1     7.4469     7.5085       3.87     0.6611     0.3478  1.000e-12  0.4988000    15.4217    15.2095    -0.2122    12.2377    12.0717      6.936      7.061      0.219    1442.33    1441.85  0.000e+00
      15054      7.500     5.0806     5.0875     0.0071    2.05516    2.06522          1     6.8777     7.0337       5.97     0.5390     0.3146  1.000e-12  0.5910000    20.4248    20.5283     0.1035    16.1356    16.2164      7.432      7.563      0.220    1452.67    1452.83  0.000e+00
      15110      8.000     5.5516     5.4914    -0.0604    2.27926    2.25802          1     6.6140     6.6876       8.41     0.4394     0.3059  1.000e-12  0.7032000    22.5543    22.3638    -0.1905    17.7770    17.6320      7.927      8.063      0.213    1457.35    1456.86  0.000e+00
      15165      8.500     5.8222     5.7904    -0.0318    2.39015    2.38031          1     6.4563     6.5248       8.88     0.4144     0.3227  1.000e-12  0.7722000    23.5695    23.4852    -0.0843    18.5522    18.4888      8.423      8.564      0.225    1459.76    1459.52  0.000e+00
      15216      9.000     6.0701     6.0264    -0.0435    2.48751    2.47238          1     6.2920     6.3759       8.66     0.3711     0.2939  1.000e-12  0.8244000    24.4447    24.3131    -0.1316    19.2171    19.1180      8.918      9.063      0.241    1461.88    1461.54  0.000e+00
      15266      9.500     6.4323     6.3753    -0.0573    2.62252    2.60364          1     6.0915     6.1506       8.35     0.3308     0.2999  1.000e-12  0.8983000    25.6308    25.4707    -0.1600    20.1125    19.9928      9.414      9.563      0.246    1464.84    1464.41  0.000e+00
      15313     10.000     6.8183     6.7602    -0.0576    2.76909    2.74003          1     5.8329     5.8889       7.96     0.2970     0.3231  1.000e-12  1.0204000    26.9063    26.6401    -0.2662    21.0721    20.8695      9.909     10.062      0.263    1467.99    1467.43  0.000e+00
      15358     10.500     7.3999     7.4096     0.0091    2.98819    2.98195          1     5.5517     5.6758       7.55     0.2611     0.2773  1.000e-12  1.1725000    28.7700    28.6953    -0.0746    22.4640    22.4041     10.404     10.560      0.268    1472.61    1472.55  0.000e+00
      15403     11.000     7.7409     7.7629     0.0223    3.12688    3.12492          1     5.3505     5.4217       7.17     0.2181     0.2860  1.000e-12  1.2562000    29.9583    29.9187    -0.0396    23.3527    23.3186     10.900     11.058      0.262    1475.42    1475.45  0.000e+00
      15449     11.500     7.7878     7.8016     0.0138    3.14335    3.14553          1     5.3599     5.3984       6.70     0.2052     0.2981  1.000e-12  1.2517000    30.0921    30.1033     0.0112    23.4513    23.4581     11.395     11.556      0.257    1475.77    1475.84  0.000e+00
      15497     12.000     7.8242     7.8303     0.0061    3.15361    3.15509          1     5.3742     5.3940       6.25     0.1912     0.3069  1.000e-12  1.2599000    30.1691    30.1796     0.0105    23.5067    23.5140     11.891     12.053      0.243    1476.02    1476.05  0.000e+00
      15546     12.500     7.8325     7.8319    -0.0005    3.15514    3.15522          1     5.3984     5.3995       5.77     0.1956     0.2787  1.000e-12  1.2913000    30.1780    30.1793     0.0013    23.5125    23.5136     12.386     12.551      0.242    1476.07    1476.06  0.000e+00
      15597     13.000     7.8373     7.8357    -0.0016    3.15570    3.15558          1     5.3864     5.3837       5.30     0.2041     0.3074  1.000e-12  1.2882000    30.1795    30.1796     0.0001    23.5130    23.5133     12.882     13.049      0.239    1476.09    1476.09  0.000e+00
      15647     13.500     7.8526     7.8456    -0.0069    3.15962    3.15826          1     5.3676     5.3677       4.88     0.2026     0.2968  1.000e-12  1.3253000    30.2075    30.1991    -0.0084    23.5329    23.5273     13.377     13.546      0.239    1476.20    1476.16  0.000e+00
      15697     14.000     7.8983     7.8918    -0.0066    3.17620    3.17405          1     5.2932     5.3046       4.43     0.1943     0.2765  1.000e-12  1.3557000    30.3430    30.3259    -0.0171    23.6329    23.6204     13.872     14.044      0.242    1476.55    1476.50  0.000e+00
      15746     14.500     8.0256     8.0067    -0.0189    3.22973    3.22165          1     5.2546     5.2646       4.00     0.1880     0.3057  1.000e-12  1.3934000    30.7969    30.7280    -0.0688    23.9711    23.9197     14.368     14.541      0.243    1477.60    1477.45  0.000e+00
      15796     15.000     8.1177     8.1146    -0.0031    3.27052    3.26899          1     5.2591     5.2544       3.51     0.1853     0.2759  1.000e-12  1.5643000    31.1460    31.1326    -0.0134    24.2318    24.2217     14.863     15.038      0.238    1478.39    1478.37  0.000e+00
      15848     15.500     8.1625     8.1609    -0.0015    3.28774    3.28709          1     5.2491     5.2874       3.01     0.1488     0.3207  1.000e-12  1.5779000    31.2876    31.2821    -0.0054    24.3365    24.3324     15.359     15.536      0.210    1478.75    1478.74  0.000e+00
