ctdpy/tests/etc/all_smhi_bas_2018/SBE09_1044_20180129_0926_34_02_0030.cnv
* Sea-Bird SBE 9 Data File:
* FileName = C:\ctd\temp\2018\ME18D030.hex
* Software Version Seasave V 7.26.6.26
* Temperature SN = 5351
* Conductivity SN = 3941
* Number of Bytes Per Scan = 41
* Number of Voltage Words = 4
* Number of Scans Averaged by the Deck Unit = 1
* NMEA Latitude = 57 59.88 N
* NMEA Longitude = 019 52.76 E
* NMEA UTC (Time) = Jan 29 2018  09:26:30
* NMEA baud rate = 4800
** Station:  BY20
** Operator:  SSip
** Ship: MERI
** Average sound velocity: 1444.28 m/s
** True-depth calculation Mon, 29 Jan 2018 11:02:07 +0000
** CTD Python Module SMHI /ver 3-12/ feb 2012 
** LIMS Job: 20183402-0030
** Cruise: SMHI-01-2018
** Latitude [GG MM.mm N] :
** Longitude [GG MM.mm E]:
# nquan = 26
# nvalues = 378                         
# units = specified
# name 0 = scan: Scan Count
# name 1 = prDM: Pressure, Digiquartz [db]
# name 2 = t090C: Temperature [ITS-90, deg C]
# name 3 = t190C: Temperature, 2 [ITS-90, deg C]
# name 4 = T2-T190C: Temperature Difference, 2 - 1 [ITS-90, deg C]
# name 5 = c0S/m: Conductivity [S/m]
# name 6 = c1S/m: Conductivity, 2 [S/m]
# name 7 = pumps: Pump Status
# name 8 = sbeox0ML/L: Oxygen, SBE 43 [ml/l]
# name 9 = sbeox1ML/L: Oxygen, SBE 43, 2 [ml/l]
# name 10 = altM: Altimeter [m]
# name 11 = flECO-AFL: Chl-a Fluorescence, WET Labs ECO-AFL/FL [mg/m^3]
# name 12 = flECO-AFL1: Phycocyanin Fluorescence, WET Labs ECO-AFL/FL, 2 [mg/m^3]
# name 13 = par: PAR/Irradiance, Biospherical/Lico [µE/(cm^2*s)]
# name 14 = turbWETntu0: Turbidity, WET Labs ECO [NTU]
# name 15 = sal00: Salinity, Practical [PSU]
# name 16 = sal11: Salinity, Practical, 2 [PSU]
# name 17 = secS-priS: Salinity, Practical, Difference, 2 - 1 [PSU]
# name 18 = sigma-t00: Density [sigma-t, Kg/m^3 ]
# name 19 = sigma-t11: Density, 2 [sigma-t, Kg/m^3 ]
# name 20 = depSM: Depth [salt water, m], lat = 57.998
# name 21 = depFM: Depth [true depth, m], lat = 57.998
# name 22 = dz/dtM: Descent Rate [m/s], WS = 2
# name 23 = svCM: Sound Velocity [Chen-Millero, m/s]
# name 24 = svCM1: Sound Velocity, 2 [Chen-Millero, m/s]
# name 25 = flag: flag
# span 0 =      11872,      20777       
# span 1 =      2.000,    190.500       
# span 2 =     4.6756,     6.8041       
# span 3 =     4.6763,     6.8044       
# span 4 =    -0.0175,     0.0749       
# span 5 =   0.790855,   1.405748       
# span 6 =   0.790811,   1.405725       
# span 7 =          1,          1       
# span 8 =    0.00873,    8.08276       
# span 9 =    0.03000,    8.03389       
# span 10 =       4.74,     100.24      
# span 11 =     0.2668,     0.3953      
# span 12 =     0.2405,     0.4631      
# span 13 = 1.0000e-12, 4.7678e+01      
# span 14 =     0.1187,     2.0100      
# span 15 =     7.3556,    12.8081      
# span 16 =     7.3555,    12.8077      
# span 17 =    -0.0430,     0.0234      
# span 18 =     5.8250,    10.0040      
# span 19 =     5.8241,    10.0037      
# span 20 =      1.981,    188.648      
# span 21 =      2.025,    192.491      
# span 22 =     -0.057,      1.316      
# span 23 =    1434.31,    1453.26      
# span 24 =    1434.32,    1453.26      
# span 25 = 0.0000e+00, 0.0000e+00      
# interval = decibars: 0.5              
# start_time = Jan 29 2018 09:26:31 [NMEA time, first data scan]
# bad_flag = -9.990e-29
*END*
      11872      2.000     4.7582     4.7574    -0.0008    0.79269    0.79264          1     8.0572     8.0339      98.68     0.3634     0.2693  4.768e+01  0.1606000     7.3575     7.3572    -0.0003     5.8261     5.8259      1.981      2.025      0.344    1434.61    1434.61  0.000e+00
      11899      2.500     4.7977     4.8102     0.0125    0.79365    0.79389          1     8.0644     8.0311      98.68     0.3519     0.3113  3.983e+01  0.1611000     7.3582     7.3579    -0.0004     5.8253     5.8245      2.477      2.532      0.352    1434.79    1434.85  0.000e+00
      11978      3.000     4.7678     4.7647    -0.0031    0.79292    0.79280          1     8.0828     7.9784      98.68     0.3617     0.3470  3.487e+01  0.1478000     7.3575     7.3570    -0.0005     5.8258     5.8255      2.972      3.038      0.394    1434.67    1434.65  0.000e+00
      11996      3.500     4.7884     4.8177     0.0294    0.79338    0.79406          1     8.0735     7.9720      98.68     0.3641     0.3042  3.223e+01  0.1723000     7.3574     7.3577     0.0003     5.8250     5.8241      3.467      3.544      0.624    1434.77    1434.90  0.000e+00
      12014      4.000     4.6834     4.7042     0.0207    0.79085    0.79133          1     8.0720     7.9908      98.68     0.3754     0.2922  2.681e+01  0.1697000     7.3556     7.3556     0.0001     5.8272     5.8266      3.963      4.051      0.614    1434.31    1434.40  0.000e+00
      12036      4.500     4.6868     4.7617     0.0749    0.79098    0.79270          1     8.0667     8.0150      98.68     0.3745     0.3037  2.292e+01  0.1674000     7.3559     7.3565     0.0005     5.8274     5.8252      4.458      4.557      0.457    1434.33    1434.66  0.000e+00
      12085      5.000     4.6965     4.7183     0.0218    0.79124    0.79168          1     8.0716     8.0079      98.68     0.3770     0.3097  2.039e+01  0.1422000     7.3564     7.3559    -0.0005     5.8274     5.8262      4.954      5.063      0.258    1434.38    1434.48  0.000e+00
      12138      5.500     4.6819     4.6884     0.0065    0.79092    0.79098          1     8.0790     8.0164      98.68     0.3739     0.3205  1.784e+01  0.1522000     7.3564     7.3555    -0.0009     5.8279     5.8270      5.449      5.570      0.238    1434.33    1434.35  0.000e+00
      12195      6.000     4.6862     4.6884     0.0021    0.79106    0.79105          1     8.0702     8.0174      98.68     0.3727     0.3241  1.597e+01  0.1449000     7.3567     7.3562    -0.0006     5.8281     5.8275      5.944      6.076      0.372    1434.35    1434.36  0.000e+00
      12218      6.500     4.6774     4.6784     0.0010    0.79086    0.79082          1     8.0727     8.0153      98.68     0.3680     0.3130  1.458e+01  0.1559000     7.3566     7.3560    -0.0006     5.8283     5.8277      6.440      6.582      0.534    1434.32    1434.32  0.000e+00
      12240      7.000     4.6777     4.6772    -0.0005    0.79088    0.79081          1     8.0624     8.0141      98.68     0.3619     0.3018  1.268e+01  0.1571000     7.3567     7.3561    -0.0006     5.8283     5.8279      6.935      7.088      0.517    1434.33    1434.33  0.000e+00
      12266      7.500     4.6766     4.6772     0.0005    0.79087    0.79083          1     8.0586     8.0146      98.68     0.3573     0.3177  1.134e+01  0.1583000     7.3568     7.3562    -0.0006     5.8284     5.8279      7.430      7.595      0.417    1434.33    1434.34  0.000e+00
      12298      8.000     4.6774     4.6783     0.0009    0.79092    0.79088          1     8.0705     8.0295      98.68     0.3745     0.3697  1.010e+01  0.1609000     7.3570     7.3564    -0.0005     5.8285     5.8281      7.926      8.101      0.369    1434.35    1434.35  0.000e+00
      12328      8.500     4.6782     4.6794     0.0012    0.79095    0.79092          1     8.0777     8.0189      98.68     0.3667     0.3450  9.307e+00  0.1563000     7.3571     7.3565    -0.0005     5.8286     5.8281      8.421      8.607      0.485    1434.36    1434.36  0.000e+00
      12350      9.000     4.6788     4.6794     0.0006    0.79098    0.79094          1     8.0667     8.0160      98.68     0.3710     0.3388  8.457e+00  0.1487000     7.3572     7.3566    -0.0005     5.8287     5.8282      8.916      9.114      0.670    1434.37    1434.37  0.000e+00
      12365      9.500     4.6776     4.6789     0.0013    0.79096    0.79093          1     8.0661     8.0200      98.68     0.3710     0.3495  7.665e+00  0.1513000     7.3572     7.3566    -0.0006     5.8287     5.8282      9.412      9.620      0.796    1434.37    1434.37  0.000e+00
      12380     10.000     4.6763     4.6770     0.0007    0.79093    0.79089          1     8.0695     8.0228      98.68     0.3623     0.4159  7.051e+00  0.1537000     7.3571     7.3566    -0.0005     5.8287     5.8282      9.907     10.126      0.808    1434.37    1434.38  0.000e+00
      12395     10.500     4.6764     4.6768     0.0004    0.79094    0.79090          1     8.0721     8.0182      98.68     0.3634     0.3632  6.339e+00  0.1653000     7.3571     7.3566    -0.0005     5.8287     5.8283     10.402     10.633      0.677    1434.38    1434.38  0.000e+00
      12419     11.000     4.6761     4.6767     0.0006    0.79094    0.79091          1     8.0739     8.0171      98.68     0.3625     0.3025  5.614e+00  0.1700000     7.3571     7.3567    -0.0005     5.8287     5.8283     10.898     11.139      0.391    1434.39    1434.39  0.000e+00
      12477     11.500     4.6774     4.6778     0.0004    0.79099    0.79095          1     8.0743     8.0096      98.68     0.3428     0.3336  5.050e+00  0.1475000     7.3572     7.3568    -0.0005     5.8288     5.8284     11.393     11.645      0.468    1434.40    1434.40  0.000e+00
      12493     12.000     4.6765     4.6776     0.0011    0.79097    0.79096          1     8.0734     8.0102      98.68     0.3458     0.3130  4.665e+00  0.1436000     7.3572     7.3568    -0.0004     5.8288     5.8284     11.889     12.152      0.785    1434.41    1434.41  0.000e+00
      12507     12.500     4.6757     4.6763     0.0006    0.79096    0.79092          1     8.0674     8.0130      98.68     0.3562     0.3009  4.340e+00  0.1429000     7.3571     7.3567    -0.0005     5.8288     5.8284     12.384     12.658      0.873    1434.41    1434.41  0.000e+00
      12520     13.000     4.6756     4.6763     0.0007    0.79096    0.79093          1     8.0651     8.0085      98.68     0.3529     0.3023  4.012e+00  0.1529000     7.3572     7.3567    -0.0005     5.8288     5.8284     12.879     13.164      0.817    1434.42    1434.42  0.000e+00
      12537     13.500     4.6759     4.6765     0.0006    0.79098    0.79095          1     8.0745     8.0052      98.68     0.3529     0.3035  3.661e+00  0.1663000     7.3572     7.3568    -0.0005     5.8288     5.8284     13.374     13.671      0.718    1434.43    1434.43  0.000e+00
      12554     14.000     4.6776     4.6776     0.0001    0.79103    0.79100          1     8.0807     8.0136      98.68     0.3531     0.2979  3.316e+00  0.1608000     7.3573     7.3569    -0.0004     5.8288     5.8285     13.870     14.177      0.688    1434.44    1434.44  0.000e+00
      12572     14.500     4.6793     4.6807     0.0014    0.79109    0.79107          1     8.0709     8.0226      98.68     0.3639     0.2943  2.968e+00  0.1661000     7.3574     7.3569    -0.0005     5.8288     5.8284     14.365     14.683      0.462    1434.46    1434.46  0.000e+00
      12643     15.000     4.6791     4.6793     0.0003    0.79109    0.79106          1     8.0586     8.0008      89.43     0.3428     0.2825  2.680e+00  0.1488000     7.3574     7.3570    -0.0004     5.8288     5.8285     14.860     15.190      0.441    1434.46    1434.46  0.000e+00
      12660     15.500     4.6825     4.6832     0.0006    0.79119    0.79116          1     8.0556     7.9883      99.07     0.3646     0.2946  2.507e+00  0.1603000     7.3576     7.3571    -0.0005     5.8288     5.8285     15.356     15.696      0.823    1434.49    1434.49  0.000e+00
      12672     16.000     4.6789     4.6814     0.0025    0.79110    0.79112          1     8.0577     7.9942      98.68     0.3658     0.3102  2.329e+00  0.1689000     7.3574     7.3571    -0.0003     5.8288     5.8285     15.851     16.202      1.017    1434.48    1434.49  0.000e+00
      12683     16.500     4.6807     4.6817     0.0010    0.79116    0.79114          1     8.0627     8.0023      98.68     0.3757     0.3190  2.150e+00  0.1923000     7.3576     7.3571    -0.0004     5.8289     5.8285     16.346     16.708      1.109    1434.50    1434.50  0.000e+00
      12693     17.000     4.6840     4.6837    -0.0003    0.79125    0.79120          1     8.0671     8.0046      98.68     0.3763     0.3385  1.983e+00  0.1907000     7.3576     7.3572    -0.0004     5.8289     5.8285     16.842     17.215      1.110    1434.52    1434.52  0.000e+00
      12704     17.500     4.6837     4.6831    -0.0005    0.79125    0.79118          1     8.0719     8.0067      98.68     0.3457     0.3389  1.815e+00  0.1874000     7.3577     7.3571    -0.0006     5.8289     5.8285     17.337     17.721      1.006    1434.52    1434.52  0.000e+00
      12717     18.000     4.6830     4.6843     0.0013    0.79124    0.79122          1     8.0726     8.0197      98.68     0.3428     0.3122  1.658e+00  0.1853000     7.3577     7.3572    -0.0005     5.8289     5.8285     17.832     18.227      0.759    1434.53    1434.53  0.000e+00
      12758     18.500     4.6841     4.6847     0.0006    0.79127    0.79123          1     8.0640     8.0074      98.68     0.3368     0.3130  1.481e+00  0.1571000     7.3576     7.3571    -0.0005     5.8288     5.8284     18.328     18.734      0.354    1434.54    1434.55  0.000e+00
      12808     19.000     4.6838     4.6851     0.0012    0.79127    0.79126          1     8.0590     7.9973      98.68     0.3491     0.3095  1.330e+00  0.1449000     7.3576     7.3572    -0.0004     5.8288     5.8285     18.823     19.240      0.615    1434.55    1434.55  0.000e+00
      12822     19.500     4.6863     4.6867     0.0004    0.79134    0.79131          1     8.0554     7.9942      98.68     0.3520     0.3097  1.206e+00  0.1490000     7.3577     7.3573    -0.0004     5.8288     5.8285     19.318     19.746      0.878    1434.57    1434.57  0.000e+00
      12834     20.000     4.6860     4.6866     0.0006    0.79134    0.79132          1     8.0527     7.9975      98.68     0.3666     0.3097  1.100e+00  0.1496000     7.3577     7.3573    -0.0004     5.8288     5.8285     19.814     20.253      1.000    1434.57    1434.58  0.000e+00
      12845     20.500     4.6857     4.6872     0.0015    0.79134    0.79133          1     8.0468     7.9967      98.67     0.3635     0.3446  1.023e+00  0.1505000     7.3577     7.3573    -0.0004     5.8288     5.8285     20.309     20.759      1.034    1434.58    1434.59  0.000e+00
      12857     21.000     4.6867     4.6882     0.0015    0.79137    0.79137          1     8.0466     8.0050      98.66     0.3672     0.3553  9.506e-01  0.1787000     7.3578     7.3574    -0.0004     5.8289     5.8285     20.804     21.265      0.990    1434.59    1434.60  0.000e+00
      12869     21.500     4.6873     4.6888     0.0015    0.79140    0.79139          1     8.0431     8.0143      98.65     0.3625     0.3728  8.787e-01  0.1844000     7.3578     7.3574    -0.0004     5.8289     5.8285     21.300     21.772      0.878    1434.60    1434.61  0.000e+00
      12885     22.000     4.6874     4.6877     0.0003    0.79140    0.79137          1     8.0446     8.0228      98.63     0.3627     0.3832  8.246e-01  0.1855000     7.3578     7.3573    -0.0004     5.8288     5.8285     21.795     22.278      0.683    1434.61    1434.61  0.000e+00
      12909     22.500     4.6862     4.6870     0.0008    0.79138    0.79135          1     8.0528     8.0139      98.63     0.3557     0.3700  7.670e-01  0.1739000     7.3577     7.3573    -0.0004     5.8288     5.8285     22.290     22.784      0.359    1434.61    1434.62  0.000e+00
      12970     23.000     4.6864     4.6871     0.0007    0.79139    0.79136          1     8.0587     7.9914      98.59     0.3771     0.3523  6.549e-01  0.1440000     7.3577     7.3573    -0.0004     5.8288     5.8285     22.786     23.291      0.363    1434.62    1434.63  0.000e+00
      12994     23.500     4.6870     4.6873     0.0002    0.79141    0.79137          1     8.0433     8.0040      98.61     0.3839     0.3035  5.871e-01  0.1493000     7.3578     7.3572    -0.0005     5.8288     5.8284     23.281     23.797      0.702    1434.63    1434.63  0.000e+00
      13009     24.000     4.6867     4.6872     0.0005    0.79140    0.79137          1     8.0475     8.0079      98.61     0.3670     0.2801  5.360e-01  0.1666000     7.3577     7.3573    -0.0004     5.8288     5.8284     23.776     24.303      0.906    1434.64    1434.64  0.000e+00
      13021     24.500     4.6867     4.6871     0.0004    0.79141    0.79138          1     8.0500     8.0069      98.62     0.3641     0.2929  4.944e-01  0.1743000     7.3577     7.3573    -0.0004     5.8288     5.8284     24.272     24.810      1.017    1434.65    1434.65  0.000e+00
      13032     25.000     4.6867     4.6871     0.0004    0.79141    0.79139          1     8.0516     8.0068      98.62     0.3538     0.3527  4.567e-01  0.1630000     7.3576     7.3573    -0.0003     5.8287     5.8285     24.767     25.316      1.050    1434.66    1434.66  0.000e+00
      13043     25.500     4.6874     4.6877     0.0003    0.79144    0.79140          1     8.0548     8.0160      98.65     0.3514     0.3558  4.231e-01  0.1546000     7.3577     7.3572    -0.0005     5.8288     5.8284     25.262     25.822      1.001    1434.67    1434.67  0.000e+00
      13055     26.000     4.6869     4.6874     0.0005    0.79143    0.79141          1     8.0599     8.0181      98.66     0.3484     0.3444  3.825e-01  0.1573000     7.3576     7.3573    -0.0004     5.8287     5.8284     25.758     26.329      0.845    1434.67    1434.67  0.000e+00
      13074     26.500     4.6865     4.6871     0.0006    0.79143    0.79140          1     8.0649     8.0165      98.59     0.3569     0.3167  3.575e-01  0.1661000     7.3577     7.3572    -0.0005     5.8288     5.8284     26.253     26.835      0.492    1434.68    1434.68  0.000e+00
      13149     27.000     4.6869     4.6874     0.0005    0.79145    0.79142          1     8.0539     8.0015      98.04     0.3505     0.3102  3.090e-01  0.1473000     7.3577     7.3572    -0.0004     5.8288     5.8284     26.748     27.341      0.394    1434.69    1434.69  0.000e+00
      13169     27.500     4.6872     4.6878     0.0007    0.79146    0.79143          1     8.0609     8.0200      96.43     0.3263     0.3125  2.766e-01  0.1363000     7.3576     7.3572    -0.0004     5.8287     5.8284     27.243     27.847      0.733    1434.70    1434.70  0.000e+00
      13184     28.000     4.6873     4.6880     0.0007    0.79147    0.79144          1     8.0596     8.0133      14.85     0.3547     0.3319  2.523e-01  0.1444000     7.3577     7.3572    -0.0004     5.8288     5.8284     27.739     28.354      0.891    1434.71    1434.71  0.000e+00
      13196     28.500     4.6875     4.6883     0.0008    0.79148    0.79146          1     8.0596     7.9998      76.95     0.3858     0.3433  2.265e-01  0.1556000     7.3577     7.3573    -0.0004     5.8288     5.8284     28.234     28.860      0.963    1434.72    1434.72  0.000e+00
      13208     29.000     4.6874     4.6881     0.0007    0.79148    0.79146          1     8.0623     7.9983      98.24     0.3673     0.3274  2.029e-01  0.1587000     7.3576     7.3573    -0.0004     5.8287     5.8284     28.729     29.366      0.947    1434.72    1434.73  0.000e+00
