ctdpy/tests/etc/all_smhi_bas_2018/SBE09_0827_20181125_1143_26_01_1246.cnv
* Sea-Bird SBE 9 Data File:
* FileName = D:\CTD_SBE911\DAT\26DA.2018.12.46.hex
* Software Version Seasave V 7.21d
* Temperature SN = 4548
* Conductivity SN = 3062
* Number of Bytes Per Scan = 48
* Number of Voltage Words = 5
* Number of Scans Averaged by the Deck Unit = 1
* NMEA Latitude = 57 06.02 N
* NMEA Longitude = 017 19.71 E
* NMEA UTC (Time) = Nov 25 2018  11:44:10
* NMEA baud rate = 4800
** Ship: DANA
** Average sound velocity: 1441.66 m/s
** True-depth calculation Tue, 02 Apr 2019 12:15:04 +0000
** CTD Python Module SMHI /ver 3-12/ feb 2012 
** LIMS Job: 20182601-1246
** Operator: Ronny
** Cruise: 12/2018
# nquan = 26
# nvalues = 141                         
# units = specified
# name 0 = scan: Scan Count
# name 1 = prDM: Pressure, Digiquartz [db]
# name 2 = t090C: Temperature [ITS-90, deg C]
# name 3 = t190C: Temperature, 2 [ITS-90, deg C]
# name 4 = T2-T190C: Temperature Difference, 2 - 1 [ITS-90, deg C]
# name 5 = c0S/m: Conductivity [S/m]
# name 6 = c1S/m: Conductivity, 2 [S/m]
# name 7 = pumps: Pump Status
# name 8 = sbeox1ML/L: Oxygen, SBE 43, 2 [ml/l]
# name 9 = sbeox0ML/L: Oxygen, SBE 43 [ml/l]
# name 10 = altM: Altimeter [m]
# name 11 = chloroflTC0: Chlorophyll, Turner Cyclops [ug/l]
# name 12 = cpar: CPAR/Corrected Irradiance [%]
# name 13 = par: PAR/Irradiance, Biospherical/Lico [µE/(cm^2*s)]
# name 14 = spar: SPAR, Biospherical/Licor
# name 15 = sal00: Salinity, Practical [PSU]
# name 16 = sal11: Salinity, Practical, 2 [PSU]
# name 17 = secS-priS: Salinity, Practical, Difference, 2 - 1 [PSU]
# name 18 = sigma-t00: Density [sigma-t, kg/m^3 ]
# name 19 = sigma-t11: Density, 2 [sigma-t, kg/m^3 ]
# name 20 = depSM: Depth [salt water, m], lat = 57.1003
# name 21 = depFM: Depth [true depth, m], lat = 57.1003
# name 22 = dz/dtM: Descent Rate [m/s], WS = 2
# name 23 = svCM: Sound Velocity [Chen-Millero, m/s]
# name 24 = svCM1: Sound Velocity, 2 [Chen-Millero, m/s]
# name 25 = flag: flag
# span 0 =        -38,       6859       
# span 1 =      0.500,     70.500       
# span 2 =     4.3269,     7.2096       
# span 3 =     4.3118,     7.1992       
# span 4 =    -0.0727,     0.2209       
# span 5 =   0.806107,   0.965221       
# span 6 =   0.806086,   0.966310       
# span 7 =          1,          1       
# span 8 =     1.4597,     7.6780       
# span 9 =     1.4548,     7.9132       
# span 10 =       2.00,       9.99      
# span 11 =     0.0159,     0.0287      
# span 12 = -1.798e-05, 1.1777e+00      
# span 13 = -2.172e-04, 1.4210e+01      
# span 14 = 1.1959e+03, 1.2141e+03      
# span 15 =     7.0239,     9.0732      
# span 16 =     7.0237,     9.0821      
# span 17 =    -0.0266,     0.2341      
# span 18 =     5.4517,     7.1835      
# span 19 =     5.4517,     7.1902      
# span 20 =      0.495,     69.840      
# span 21 =      0.507,     71.401      
# span 22 =     -0.184,      0.416      
# span 23 =    1434.28,    1445.33      
# span 24 =    1434.25,    1445.30      
# span 25 = 0.0000e+00, 0.0000e+00      
# interval = decibars: 0.5              
# start_time = Nov 25 2018 11:44:10 [NMEA time, first data scan]
# bad_flag = -9.990e-29
*END*
        -38      0.500     6.9350     6.9349    -0.0002    0.80611    0.80609          1     7.6425     7.9130       9.99     0.0256  1.178e+00  1.421e+01  1.206e+03     7.0239     7.0237    -0.0002     5.4521     5.4519      0.495      0.507     -0.184    1443.55    1443.53  0.000e+00
         83      1.000     6.9354     6.9346    -0.0007    0.80612    0.80610          1     7.6655     7.9043       9.99     0.0256  1.116e+00  1.351e+01  1.211e+03     7.0239     7.0239    -0.0001     5.4520     5.4520      0.991      1.013      0.226    1443.55    1443.55  0.000e+00
        331      1.500     6.9372     6.9396     0.0024    0.80618    0.80621          1     7.6620     7.9082       9.99     0.0255  9.787e-01  1.184e+01  1.210e+03     7.0240     7.0239    -0.0002     5.4520     5.4517      1.486      1.520      0.414    1443.57    1443.58  0.000e+00
        367      2.000     6.9400     6.9391    -0.0010    0.80624    0.80620          1     7.6643     7.9122       9.99     0.0268  7.396e-01  8.981e+00  1.214e+03     7.0240     7.0238    -0.0002     5.4518     5.4517      1.982      2.026      0.257    1443.59    1443.58  0.000e+00
        447      2.500     6.9402     6.9385    -0.0017    0.80625    0.80620          1     7.6642     7.9052       9.99     0.0269  6.533e-01  7.899e+00  1.209e+03     7.0240     7.0238    -0.0001     5.4517     5.4518      2.477      2.533      0.281    1443.60    1443.59  0.000e+00
        484      3.000     6.9357     6.9359     0.0001    0.80615    0.80615          1     7.6702     7.9068       9.99     0.0258  5.648e-01  6.829e+00  1.209e+03     7.0239     7.0238    -0.0001     5.4520     5.4519      2.972      3.039      0.416    1443.58    1443.58  0.000e+00
        515      3.500     6.9373     6.9378     0.0005    0.80619    0.80619          1     7.6738     7.9127       9.99     0.0262  4.668e-01  5.659e+00  1.212e+03     7.0239     7.0238    -0.0001     5.4519     5.4518      3.468      3.546      0.279    1443.60    1443.60  0.000e+00
        589      4.000     6.9371     6.9373     0.0001    0.80619    0.80618          1     7.6435     7.9050       9.99     0.0262  3.991e-01  4.828e+00  1.210e+03     7.0239     7.0238    -0.0001     5.4519     5.4518      3.963      4.052      0.253    1443.60    1443.61  0.000e+00
        630      4.500     6.9378     6.9377    -0.0001    0.80622    0.80620          1     7.6594     7.9041       9.99     0.0262  3.564e-01  4.312e+00  1.210e+03     7.0239     7.0238    -0.0001     5.4519     5.4518      4.459      4.559      0.302    1443.62    1443.62  0.000e+00
        672      5.000     6.9386     6.9384    -0.0002    0.80624    0.80622          1     7.6678     7.9050       9.99     0.0267  3.016e-01  3.662e+00  1.214e+03     7.0239     7.0238    -0.0001     5.4518     5.4517      4.954      5.065      0.253    1443.63    1443.63  0.000e+00
        737      5.500     6.9360     6.9383     0.0023    0.80619    0.80623          1     7.6687     7.9023       9.99     0.0266  2.659e-01  3.215e+00  1.209e+03     7.0239     7.0238    -0.0001     5.4520     5.4518      5.449      5.572      0.241    1443.62    1443.64  0.000e+00
        779      6.000     6.9352     6.9366     0.0014    0.80618    0.80620          1     7.6514     7.9087       9.99     0.0256  2.304e-01  2.790e+00  1.211e+03     7.0239     7.0238    -0.0001     5.4520     5.4519      5.945      6.078      0.349    1443.63    1443.64  0.000e+00
        824      6.500     6.9341     6.9355     0.0014    0.80616    0.80617          1     7.6575     7.9040       9.98     0.0265  1.975e-01  2.394e+00  1.212e+03     7.0239     7.0238    -0.0002     5.4521     5.4519      6.440      6.585      0.225    1443.63    1443.64  0.000e+00
        890      7.000     6.9367     6.9359    -0.0008    0.80623    0.80619          1     7.6665     7.8982       9.98     0.0266  1.690e-01  2.041e+00  1.208e+03     7.0240     7.0238    -0.0002     5.4520     5.4519      6.936      7.091      0.316    1443.65    1443.65  0.000e+00
        924      7.500     6.9367     6.9368     0.0002    0.80623    0.80622          1     7.6661     7.9078       9.98     0.0269  1.503e-01  1.823e+00  1.213e+03     7.0239     7.0238    -0.0001     5.4520     5.4519      7.431      7.598      0.289    1443.66    1443.66  0.000e+00
        983      8.000     6.9374     6.9380     0.0006    0.80625    0.80625          1     7.6685     7.9048       9.98     0.0271  1.296e-01  1.568e+00  1.210e+03     7.0239     7.0237    -0.0001     5.4519     5.4517      7.926      8.104      0.204    1443.67    1443.67  0.000e+00
       1034      8.500     6.9355     6.9375     0.0019    0.80622    0.80625          1     7.6614     7.9031       9.98     0.0277  1.151e-01  1.392e+00  1.209e+03     7.0240     7.0238    -0.0002     5.4521     5.4518      8.422      8.611      0.321    1443.67    1443.68  0.000e+00
       1072      9.000     6.9351     6.9363     0.0012    0.80622    0.80623          1     7.6620     7.9044       9.98     0.0280  9.761e-02  1.183e+00  1.212e+03     7.0240     7.0238    -0.0001     5.4521     5.4519      8.917      9.117      0.273    1443.68    1443.68  0.000e+00
       1128      9.500     6.9366     6.9363    -0.0003    0.80625    0.80624          1     7.6638     7.9010       9.98     0.0269  8.511e-02  1.029e+00  1.209e+03     7.0239     7.0238    -0.0001     5.4519     5.4519      9.412      9.624      0.202    1443.69    1443.69  0.000e+00
       1176     10.000     6.9368     6.9369     0.0001    0.80627    0.80626          1     7.6658     7.8999       9.97     0.0277  7.211e-02  8.704e-01  1.207e+03     7.0240     7.0238    -0.0002     5.4520     5.4518      9.908     10.130      0.316    1443.70    1443.70  0.000e+00
       1214     10.500     6.9362     6.9371     0.0008    0.80626    0.80627          1     7.6634     7.9126       9.97     0.0277  5.844e-02  7.084e-01  1.212e+03     7.0239     7.0238    -0.0001     5.4520     5.4519     10.403     10.637      0.269    1443.71    1443.71  0.000e+00
       1270     11.000     6.9359     6.9368     0.0009    0.80626    0.80627          1     7.6586     7.9053       9.97     0.0269  5.084e-02  6.146e-01  1.209e+03     7.0239     7.0238    -0.0001     5.4520     5.4519     10.899     11.143      0.215    1443.71    1443.72  0.000e+00
       1318     11.500     6.9351     6.9365     0.0014    0.80625    0.80627          1     7.6696     7.9066       9.97     0.0270  4.346e-02  5.245e-01  1.207e+03     7.0239     7.0238    -0.0001     5.4521     5.4519     11.394     11.650      0.285    1443.72    1443.72  0.000e+00
       1360     12.000     6.9367     6.9362    -0.0004    0.80629    0.80627          1     7.6662     7.9055       9.97     0.0270  3.671e-02  4.447e-01  1.212e+03     7.0240     7.0238    -0.0001     5.4520     5.4519     11.889     12.156      0.273    1443.73    1443.73  0.000e+00
       1407     12.500     6.9368     6.9373     0.0005    0.80629    0.80630          1     7.6746     7.9036       9.97     0.0271  3.071e-02  3.714e-01  1.209e+03     7.0239     7.0238    -0.0001     5.4519     5.4518     12.385     12.663      0.244    1443.74    1443.74  0.000e+00
       1456     13.000     6.9365     6.9370     0.0004    0.80629    0.80629          1     7.6702     7.9041       9.97     0.0269  2.585e-02  3.120e-01  1.207e+03     7.0239     7.0238    -0.0001     5.4519     5.4518     12.880     13.169      0.259    1443.75    1443.75  0.000e+00
       1500     13.500     6.9365     6.9371     0.0006    0.80630    0.80630          1     7.6463     7.9132       9.97     0.0275  2.120e-02  2.566e-01  1.210e+03     7.0239     7.0238    -0.0001     5.4520     5.4518     13.375     13.676      0.287    1443.75    1443.76  0.000e+00
       1542     14.000     6.9368     6.9369     0.0001    0.80631    0.80630          1     7.6423     7.9030       9.97     0.0274  1.755e-02  2.121e-01  1.209e+03     7.0239     7.0238    -0.0001     5.4519     5.4518     13.871     14.182      0.262    1443.76    1443.76  0.000e+00
       1591     14.500     6.9353     6.9367     0.0014    0.80629    0.80630          1     7.6586     7.9017       9.97     0.0268  1.348e-02  1.627e-01  1.207e+03     7.0239     7.0238    -0.0002     5.4520     5.4518     14.366     14.689      0.261    1443.77    1443.77  0.000e+00
       1631     15.000     6.9313     6.9355     0.0042    0.80622    0.80629          1     7.6626     7.9085       9.97     0.0269  1.076e-02  1.300e-01  1.208e+03     7.0240     7.0238    -0.0002     5.4524     5.4520     14.862     15.195      0.318    1443.76    1443.77  0.000e+00
       1672     15.500     6.9296     6.9322     0.0026    0.80619    0.80623          1     7.6777     7.8998       9.96     0.0270  7.683e-03  9.284e-02  1.208e+03     7.0241     7.0239    -0.0002     5.4525     5.4522     15.357     15.702      0.254    1443.76    1443.77  0.000e+00
       1725     16.000     6.9267     6.9314     0.0047    0.80614    0.80622          1     7.6688     7.9042       9.96     0.0274  5.104e-03  6.168e-02  1.208e+03     7.0241     7.0239    -0.0002     5.4528     5.4523     15.852     16.208      0.230    1443.75    1443.77  0.000e+00
       1771     16.500     6.9253     6.9287     0.0034    0.80613    0.80618          1     7.6701     7.9004       9.96     0.0271  2.845e-03  3.438e-02  1.208e+03     7.0242     7.0240    -0.0002     5.4529     5.4526     16.348     16.715      0.300    1443.76    1443.77  0.000e+00
       1811     17.000     6.9253     6.9268     0.0015    0.80614    0.80615          1     7.6553     7.8969       9.96     0.0270  7.954e-04  9.611e-03  1.208e+03     7.0242     7.0241    -0.0002     5.4529     5.4527     16.843     17.221      0.265    1443.76    1443.77  0.000e+00
       1862     17.500     6.9253     6.9262     0.0009    0.80614    0.80615          1     7.6556     7.8914       9.96     0.0271 -1.798e-05 -2.172e-04  1.209e+03     7.0243     7.0241    -0.0001     5.4530     5.4528     17.338     17.728      0.244    1443.77    1443.77  0.000e+00
       1905     18.000     6.9254     6.9259     0.0005    0.80616    0.80615          1     7.6572     7.8947       9.96     0.0272 -2.107e-13 -2.547e-12  1.207e+03     7.0243     7.0241    -0.0002     5.4530     5.4528     17.834     18.234      0.326    1443.78    1443.78  0.000e+00
       1939     18.500     6.9254     6.9259     0.0005    0.80617    0.80616          1     7.6509     7.9000       9.96     0.0269  8.289e-14  1.000e-12  1.206e+03     7.0244     7.0242    -0.0002     5.4530     5.4529     18.329     18.741      0.322    1443.79    1443.79  0.000e+00
       1991     19.000     6.9253     6.9257     0.0004    0.80617    0.80617          1     7.6650     7.8960       9.96     0.0269  8.270e-14  1.000e-12  1.209e+03     7.0244     7.0242    -0.0001     5.4531     5.4529     18.824     19.247      0.208    1443.80    1443.80  0.000e+00
       2043     19.500     6.9253     6.9256     0.0003    0.80618    0.80617          1     7.6684     7.8968       9.96     0.0272  8.277e-14  1.000e-12  1.208e+03     7.0244     7.0242    -0.0001     5.4531     5.4529     19.320     19.754      0.326    1443.80    1443.80  0.000e+00
       2078     20.000     6.9250     6.9256     0.0006    0.80617    0.80618          1     7.6502     7.9005       9.96     0.0269  8.290e-14  1.000e-12  1.206e+03     7.0243     7.0243    -0.0000     5.4530     5.4529     19.815     20.260      0.303    1443.81    1443.81  0.000e+00
       2125     20.500     6.9246     6.9254     0.0008    0.80617    0.80618          1     7.6689     7.8982       9.96     0.0268  8.272e-14  1.000e-12  1.209e+03     7.0243     7.0242    -0.0001     5.4531     5.4529     20.311     20.767      0.236    1443.82    1443.82  0.000e+00
       2172     21.000     6.9240     6.9249     0.0009    0.80616    0.80617          1     7.6780     7.9004       9.96     0.0269  8.266e-14  1.000e-12  1.210e+03     7.0243     7.0242    -0.0001     5.4531     5.4530     20.806     21.273      0.293    1443.82    1443.82  0.000e+00
       2210     21.500     6.9244     6.9249     0.0004    0.80618    0.80618          1     7.6596     7.9003       9.96     0.0269  8.295e-14  1.000e-12  1.206e+03     7.0243     7.0242    -0.0001     5.4531     5.4529     21.301     21.780      0.314    1443.83    1443.83  0.000e+00
       2253     22.000     6.9240     6.9251     0.0011    0.80619    0.80620          1     7.6660     7.8891       9.96     0.0269  8.301e-14  1.000e-12  1.205e+03     7.0244     7.0243    -0.0001     5.4532     5.4530     21.797     22.286      0.246    1443.84    1443.84  0.000e+00
       2305     22.500     6.9253     6.9250    -0.0003    0.80627    0.80622          1     7.6660     7.8900       9.96     0.0279  8.266e-14  1.000e-12  1.210e+03     7.0248     7.0244    -0.0004     5.4534     5.4531     22.292     22.793      0.235    1443.85    1443.85  0.000e+00
       2352     23.000     6.9248     6.9256     0.0008    0.80625    0.80625          1     7.6606     7.8969       9.96     0.0277  8.287e-14  1.000e-12  1.207e+03     7.0248     7.0246    -0.0002     5.4534     5.4532     22.787     23.299      0.281    1443.86    1443.86  0.000e+00
       2392     23.500     6.9244     6.9258     0.0014    0.80624    0.80627          1     7.6511     7.8863       9.96     0.0269  8.315e-14  1.000e-12  1.203e+03     7.0246     7.0247     0.0000     5.4533     5.4533     23.283     23.806      0.312    1443.86    1443.87  0.000e+00
       2434     24.000     6.9241     6.9257     0.0016    0.80623    0.80628          1     7.6626     7.9010       9.96     0.0270  8.271e-14  1.000e-12  1.209e+03     7.0245     7.0247     0.0002     5.4533     5.4533     23.778     24.312      0.252    1443.87    1443.88  0.000e+00
       2483     24.500     6.9244     6.9251     0.0007    0.80624    0.80626          1     7.6693     7.8964       9.96     0.0287  8.267e-14  1.000e-12  1.210e+03     7.0245     7.0245    -0.0000     5.4533     5.4532     24.273     24.819      0.278    1443.88    1443.88  0.000e+00
       2521     25.000     6.9246     6.9249     0.0002    0.80628    0.80626          1     7.6569     7.8886       9.96     0.0270  8.317e-14  1.000e-12  1.202e+03     7.0248     7.0245    -0.0003     5.4534     5.4532     24.769     25.325      0.324    1443.89    1443.89  0.000e+00
       2563     25.500     6.9244     6.9249     0.0004    0.80629    0.80627          1     7.6472     7.8930       9.96     0.0268  8.287e-14  1.000e-12  1.207e+03     7.0248     7.0246    -0.0003     5.4535     5.4533     25.264     25.832      0.242    1443.90    1443.90  0.000e+00
       2618     26.000     6.9251     6.9252     0.0001    0.80632    0.80629          1     7.6697     7.8955       9.96     0.0268  8.259e-14  1.000e-12  1.211e+03     7.0250     7.0247    -0.0003     5.4536     5.4533     25.759     26.338      0.240    1443.91    1443.91  0.000e+00
       2660     26.500     6.9253     6.9256     0.0003    0.80632    0.80632          1     7.6600     7.8922       9.96     0.0269  8.302e-14  1.000e-12  1.204e+03     7.0249     7.0248    -0.0001     5.4535     5.4534     26.255     26.845      0.307    1443.92    1443.92  0.000e+00
       2704     27.000     6.9280     6.9264    -0.0016    0.80646    0.80636          1     7.6638     7.8905       9.96     0.0269  8.290e-14  1.000e-12  1.206e+03     7.0255     7.0249    -0.0006     5.4538     5.4534     26.750     27.351      0.242    1443.94    1443.93  0.000e+00
       2753     27.500     6.9293     6.9281    -0.0012    0.80652    0.80644          1     7.6605     7.8904       9.96     0.0269  8.266e-14  1.000e-12  1.210e+03     7.0258     7.0253    -0.0005     5.4539     5.4536     27.245     27.858      0.283    1443.95    1443.94  0.000e+00
