ctdpy/tests/etc/all_smhi_bas_2018/SBE09_0827_20180828_0832_26_01_0922.cnv
* Sea-Bird SBE 9 Data File:
* FileName = D:\CTD_SBE911\DAT\26DA.2018.8.122.hex
* Software Version Seasave V 7.21d
* Temperature SN = 034605
* Conductivity SN = 041844
* Number of Bytes Per Scan = 48
* Number of Voltage Words = 5
* Number of Scans Averaged by the Deck Unit = 1
* NMEA Latitude = 56 48.46 N
* NMEA Longitude = 011 49.45 E
* NMEA UTC (Time) = Aug 28 2018  08:34:48
* NMEA baud rate = 4800
** Ship: DANA
** Average sound velocity: 1504.89 m/s
** True-depth calculation Thu, 28 Mar 2019 09:54:08 +0000
** CTD Python Module SMHI /ver 3-12/ feb 2012 
** LIMS Job: 20182601-0922
**  FYRBANKEN
** Operator: Christian
** Cruise: 08/2018
# nquan = 26
# nvalues = 83                          
# units = specified
# name 0 = scan: Scan Count
# name 1 = prDM: Pressure, Digiquartz [db]
# name 2 = t090C: Temperature [ITS-90, deg C]
# name 3 = t190C: Temperature, 2 [ITS-90, deg C]
# name 4 = T2-T190C: Temperature Difference, 2 - 1 [ITS-90, deg C]
# name 5 = c0S/m: Conductivity [S/m]
# name 6 = c1S/m: Conductivity, 2 [S/m]
# name 7 = pumps: Pump Status
# name 8 = sbeox1ML/L: Oxygen, SBE 43, 2 [ml/l]
# name 9 = sbeox0ML/L: Oxygen, SBE 43 [ml/l]
# name 10 = altM: Altimeter [m]
# name 11 = chloroflTC0: Chlorophyll, Turner Cyclops [ug/l]
# name 12 = cpar: CPAR/Corrected Irradiance [%]
# name 13 = par: PAR/Irradiance, Biospherical/Lico [µE/(cm^2*s)]
# name 14 = spar: SPAR, Biospherical/Licor
# name 15 = sal00: Salinity, Practical [PSU]
# name 16 = sal11: Salinity, Practical, 2 [PSU]
# name 17 = secS-priS: Salinity, Practical, Difference, 2 - 1 [PSU]
# name 18 = sigma-t00: Density [sigma-t, kg/m^3 ]
# name 19 = sigma-t11: Density, 2 [sigma-t, kg/m^3 ]
# name 20 = depSM: Depth [salt water, m], lat = 56.8077
# name 21 = depFM: Depth [true depth, m], lat = 56.8077
# name 22 = dz/dtM: Descent Rate [m/s], WS = 2
# name 23 = svCM: Sound Velocity [Chen-Millero, m/s]
# name 24 = svCM1: Sound Velocity, 2 [Chen-Millero, m/s]
# name 25 = flag: flag
# span 0 =       -200,       4332       
# span 1 =      1.000,     42.000       
# span 2 =     9.8491,    18.3770       
# span 3 =     9.7957,    18.3596       
# span 4 =    -1.2900,     0.0598       
# span 5 =   3.130283,   4.135636       
# span 6 =   3.130446,   4.136748       
# span 7 =          1,          1       
# span 8 =     4.1844,     6.0204       
# span 9 =     4.1340,     5.6817       
# span 10 =       0.84,       9.98      
# span 11 =    -0.0782,     0.2185      
# span 12 = 1.5130e-13, 9.8494e+00      
# span 13 = 1.0000e-12, 7.0265e+01      
# span 14 = 6.4662e+02, 7.1348e+02      
# span 15 =    22.8502,    33.0485      
# span 16 =    22.8474,    33.1280      
# span 17 =    -0.0642,     0.5272      
# span 18 =    15.9770,    25.4534      
# span 19 =    15.9711,    25.5244      
# span 20 =      0.991,     41.611      
# span 21 =      1.003,     41.900      
# span 22 =      0.049,      0.687      
# span 23 =    1487.60,    1511.33      
# span 24 =    1487.50,    1511.45      
# span 25 = 0.0000e+00, 0.0000e+00      
# interval = decibars: 0.5              
# start_time = Aug 28 2018 08:34:49 [NMEA time, first data scan]
# bad_flag = -9.990e-29
*END*
[from data line 56]
       3213     29.000    17.0745    17.0266    -0.0478    4.11968    4.11973          1     5.1415     4.8599       9.97     0.1034  4.781e-02  3.281e-01  6.864e+02    31.7218    31.7599     0.0381    22.9825    23.0229     28.732     28.972      0.409    1509.78    1509.68  0.000e+00
       3247     29.500    17.0484    16.9895    -0.0587    4.11756    4.11639          1     5.1323     4.8562       9.97     0.0836  4.240e-02  2.901e-01  6.844e+02    31.7239    31.7603     0.0363    22.9902    23.0318     29.227     29.470      0.263    1509.72    1509.58  0.000e+00
       3314     30.000    16.9974    16.8983    -0.0991    4.11314    4.10716          1     5.1181     4.8278       9.97     0.0910  3.874e-02  2.646e-01  6.830e+02    31.7259    31.7525     0.0267    23.0036    23.0470     29.723     29.967      0.276    1509.57    1509.30  0.000e+00
       3349     30.500    16.8591    16.7291    -0.1300    4.10294    4.09889          1     5.0576     4.8030       9.97     0.0846  3.355e-02  2.288e-01  6.819e+02    31.7469    31.8148     0.0678    23.0518    23.1337     30.218     30.465      0.373    1509.19    1508.87  0.000e+00
       3382     31.000    16.7539    16.6390    -0.1147    4.09670    4.09296          1     5.0444     4.7983       9.97     0.0796  2.910e-02  1.980e-01  6.804e+02    31.7759    31.8347     0.0588    23.0982    23.1697     30.713     30.963      0.324    1508.91    1508.62  0.000e+00
       3428     31.500    16.6681    16.6112    -0.0571    4.09301    4.09225          1     5.0506     4.7955       9.97     0.0749  2.580e-02  1.753e-01  6.794e+02    31.8118    31.8504     0.0386    23.1455    23.1881     31.209     31.461      0.230    1508.69    1508.56  0.000e+00
       3477     32.000    16.6262    16.5739    -0.0523    4.09128    4.09054          1     5.0762     4.7920       9.97     0.0750  2.219e-02  1.502e-01  6.769e+02    31.8299    31.8650     0.0351    23.1690    23.2079     31.704     31.959      0.313    1508.59    1508.48  0.000e+00
       3510     32.500    16.5507    16.4965    -0.0544    4.08790    4.08771          1     5.0583     4.7733       9.97     0.0740  1.836e-02  1.241e-01  6.761e+02    31.8604    31.9020     0.0415    23.2096    23.2538     32.200     32.456      0.364    1508.41    1508.29  0.000e+00
       3546     33.000    16.4485    16.3216    -0.1266    4.08060    4.07630          1     5.0442     4.7616       9.95     0.0699  1.512e-02  1.020e-01  6.743e+02    31.8782    31.9421     0.0639    23.2465    23.3244     32.695     32.954      0.298    1508.12    1507.80  0.000e+00
       3597     33.500    16.2250    16.1693    -0.0560    4.06684    4.06660          1     5.0420     4.7757       9.59     0.0642  1.225e-02  8.249e-02  6.730e+02    31.9365    31.9792     0.0427    23.3419    23.3873     33.190     33.452      0.205    1507.51    1507.38  0.000e+00
       3648     34.000    15.9643    15.8678    -0.0965    4.04777    4.04618          1     5.0445     4.7594       9.09     0.0603  9.283e-03  6.225e-02  6.706e+02    31.9785    32.0425     0.0639    23.4327    23.5033     33.686     33.949      0.347    1506.76    1506.53  0.000e+00
       3677     34.500    15.7817    15.6114    -0.1701    4.03385    4.03153          1     4.9956     4.7325       8.59     0.0605  6.616e-03  4.424e-02  6.686e+02    32.0030    32.1209     0.1179    23.4921    23.6202     34.181     34.447      0.405    1506.23    1505.83  0.000e+00
       3713     35.000    15.3417    14.9290    -0.4125    4.00524    3.98986          1     4.9624     4.7145       8.05     0.0542  4.032e-03  2.693e-02  6.679e+02    32.1063    32.3072     0.2009    23.6682    23.9122     34.676     34.944      0.235    1504.97    1503.89  0.000e+00
       3779     35.500    14.7056    14.4839    -0.2219    3.96386    3.95958          1     5.0563     4.6855       7.53     0.0476  1.807e-03  1.203e-02  6.658e+02    32.2571    32.4028     0.1457    23.9208    24.0799     35.172     35.442      0.301    1503.13    1502.58  0.000e+00
       3810     36.000    14.0558    13.0438    -1.0128    3.91498    3.87689          1     4.8445     4.4173       7.04     0.0447  1.145e-04  7.604e-04  6.641e+02    32.3523    32.8649     0.5126    24.1298    24.7265     35.667     35.939      0.420    1501.14    1498.37  0.000e+00
       3839     36.500    12.4170    11.1267    -1.2900    3.78834    3.72546          1     4.6132     4.3237       6.53     0.0461  4.874e-06  3.237e-05  6.628e+02    32.5630    33.0902     0.5272    24.6168    25.2647     36.162     36.436      0.364    1495.93    1492.10  0.000e+00
       3890     37.000    11.1875    10.7162    -0.4714    3.69968    3.67940          1     4.4942     4.2600       6.01     0.0529  1.513e-13  1.000e-12  6.609e+02    32.7814    33.0026     0.2211    25.0139    25.2702     36.658     36.933      0.234    1491.95    1490.57  0.000e+00
       3939     37.500    10.6830    10.5538    -0.1291    3.66128    3.66534          1     4.4185     4.2607       5.51     0.0503  1.516e-13  1.000e-12  6.594e+02    32.8515    33.0088     0.1572    25.1584    25.3033     37.153     37.430      0.368    1490.28    1490.01  0.000e+00
       3968     38.000    10.5012    10.2968    -0.2044    3.64755    3.64733          1     4.3873     4.2658       4.98     0.0526  1.520e-13  1.000e-12  6.579e+02    32.8778    33.0608     0.1830    25.2103    25.3879     37.648     37.927      0.387    1489.67    1489.16  0.000e+00
       4006     38.500    10.2894    10.1167    -0.1727    3.63209    3.63045          1     4.3576     4.2635       4.46     0.0534  1.524e-13  1.000e-12  6.561e+02    32.9137    33.0544     0.1407    25.2744    25.4134     38.143     38.424      0.256    1488.97    1488.52  0.000e+00
       4063     39.000    10.1185    10.0220    -0.0964    3.61967    3.62171          1     4.3234     4.2454       3.93     0.0535  1.526e-13  1.000e-12  6.553e+02    32.9434    33.0520     0.1086    25.3265    25.4274     38.639     38.920      0.231    1488.40    1488.18  0.000e+00
       4104     39.500    10.0403     9.9820    -0.0583    3.61451    3.61813          1     4.3064     4.2370       3.44     0.0554  1.530e-13  1.000e-12  6.534e+02    32.9620    33.0521     0.0900    25.3542    25.4342     39.134     39.417      0.386    1488.15    1488.04  0.000e+00
       4132     40.000     9.9972     9.9552    -0.0421    3.61162    3.61590          1     4.2939     4.2392       2.93     0.0539  1.534e-13  1.000e-12  6.520e+02    32.9717    33.0537     0.0820    25.3689    25.4399     39.629     39.914      0.399    1488.01    1487.96  0.000e+00
       4171     40.500     9.9703     9.9366    -0.0338    3.60984    3.61393          1     4.2768     4.2334       2.41     0.0591  1.535e-13  1.000e-12  6.516e+02    32.9780    33.0505     0.0724    25.3783    25.4405     40.125     40.410      0.236    1487.93    1487.90  0.000e+00
       4233     41.000     9.9440     9.9122    -0.0318    3.60879    3.61191          1     4.2773     4.2041       1.92     0.0532  1.539e-13  1.000e-12  6.498e+02    32.9912    33.0521     0.0609    25.3930    25.4458     40.620     40.907      0.338    1487.86    1487.82  0.000e+00
       4260     41.500     9.9094     9.8619    -0.0475    3.60786    3.61115          1     4.2481     4.1701       1.42     0.0547  1.543e-13  1.000e-12  6.482e+02    33.0133    33.0902     0.0769    25.4160    25.4839     41.115     41.404      0.408    1487.77    1487.69  0.000e+00
       4332     42.000     9.8491     9.7957    -0.0538    3.60593    3.60892          1     4.1844     4.1340       0.84     0.0599  1.547e-13  1.000e-12  6.466e+02    33.0485    33.1280     0.0796    25.4534    25.5244     41.611     41.900      0.049    1487.60    1487.50  0.000e+00
