ctdpy/tests/etc/all_smhi_bas_2018/SBE09_1044_20181018_0455_34_01_0106.cnv
* Sea-Bird SBE 9 Data File:
* FileName = C:\LUOTAUS\DATA_IN\hex_in\SMHI\ar18d106.hex
* Software Version Seasave V 7.23.2
* Temperature SN = 5351
* Conductivity SN = 3941
* Number of Bytes Per Scan = 30
* Number of Voltage Words = 4
* Number of Scans Averaged by the Deck Unit = 1
* NMEA baud rate = 4800
** Station:  Å15
** Operator:  DBSj
** Ship: ARANDA
** Average sound velocity: 1495.63 m/s
** True-depth calculation Thu, 18 Oct 2018 05:42:19 +0000
** CTD Python Module SMHI /ver 3-12/ feb 2012 
** LIMS Job: 20183401-0106
** Cruise: SMHI-4-2018
** Latitude [GG MM.mm N]: 58 17.663 N
** Longitude [GG MM.mm E] 10 50.717 E
# nquan = 26
# nvalues = 263                         
# units = specified
# name 0 = scan: Scan Count
# name 1 = prDM: Pressure, Digiquartz [db]
# name 2 = t090C: Temperature [ITS-90, deg C]
# name 3 = t190C: Temperature, 2 [ITS-90, deg C]
# name 4 = T2-T190C: Temperature Difference, 2 - 1 [ITS-90, deg C]
# name 5 = c0S/m: Conductivity [S/m]
# name 6 = c1S/m: Conductivity, 2 [S/m]
# name 7 = pumps: Pump Status
# name 8 = sbeox0ML/L: Oxygen, SBE 43 [ml/l]
# name 9 = sbeox1ML/L: Oxygen, SBE 43, 2 [ml/l]
# name 10 = altM: Altimeter [m]
# name 11 = flECO-AFL: Chl-a Fluorescence, WET Labs ECO-AFL/FL [mg/m^3]
# name 12 = flECO-AFL1: Phycocyanin Fluorescence, WET Labs ECO-AFL/FL, 2 [mg/m^3]
# name 13 = par: PAR/Irradiance, Biospherical/Lico [µE/(cm^2*s)]
# name 14 = turbWETntu0: Turbidity, WET Labs ECO [NTU]
# name 15 = sal00: Salinity, Practical [PSU]
# name 16 = sal11: Salinity, Practical, 2 [PSU]
# name 17 = secS-priS: Salinity, Practical, Difference, 2 - 1 [PSU]
# name 18 = sigma-t00: Density [sigma-t, Kg/m^3 ]
# name 19 = sigma-t11: Density, 2 [sigma-t, Kg/m^3 ]
# name 20 = depSM: Depth [salt water, m], lat = 0
# name 21 = depFM: Depth [true depth, m], lat = 0
# name 22 = dz/dtM: Descent Rate [m/s], WS = 2
# name 23 = svCM: Sound Velocity [Chen-Millero, m/s]
# name 24 = svCM1: Sound Velocity, 2 [Chen-Millero, m/s]
# name 25 = flag: flag
# span 0 =      15686,      21648       
# span 1 =      2.000,    133.000       
# span 2 =     7.6148,    13.0381       
# span 3 =     7.6157,    13.0389       
# span 4 =    -0.0054,     0.0130       
# span 5 =   3.597030,   4.016206       
# span 6 =   3.597131,   4.016271       
# span 7 =          1,          1       
# span 8 =    4.89830,    5.81796       
# span 9 =    4.66127,    5.47578       
# span 10 =       3.52,      99.85      
# span 11 =     0.0699,     1.4930      
# span 12 =     0.1281,     0.3664      
# span 13 = -1.985e-04, 9.8506e-02      
# span 14 =     0.1876,     0.8797      
# span 15 =    33.1208,    35.0616      
# span 16 =    33.1208,    35.0610      
# span 17 =    -0.0045,     0.0220      
# span 18 =    24.9303,    27.3794      
# span 19 =    24.9302,    27.3789      
# span 20 =      1.989,    132.227      
# span 21 =      1.988,    132.044      
# span 22 =     -0.032,      0.852      
# span 23 =    1483.24,    1500.33      
# span 24 =    1483.25,    1500.33      
# span 25 = 0.0000e+00, 0.0000e+00      
# interval = decibars: 0.5              
# start_time = Oct 18 2018 04:55:22 [System UTC, header]
# bad_flag = -9.990e-29
*END*
[from data line 168]
      19488     86.000    12.3732    12.3737     0.0005    3.97974    3.98003          1     5.3376     5.0607      50.40     0.1260     0.2075  1.000e-12  0.4379000    34.4205    34.4227     0.0023    26.0673    26.0690     85.510     85.429      0.509    1498.82    1498.83  0.000e+00
      19509     86.500    12.3488    12.3504     0.0015    3.98059    3.98068          1     5.3118     5.0398      49.94     0.1260     0.2028  1.000e-12  0.4988000    34.4508    34.4502    -0.0006    26.0955    26.0948     86.007     85.926      0.593    1498.78    1498.79  0.000e+00
      19529     87.000    12.2795    12.2814     0.0019    3.97586    3.97595          1     5.3290     5.0626      49.43     0.1422     0.2344  1.000e-12  0.4989000    34.4686    34.4677    -0.0009    26.1228    26.1217     86.504     86.422      0.578    1498.58    1498.58  0.000e+00
      19551     87.500    12.2263    12.2273     0.0010    3.97189    3.97194          1     5.3548     5.0872      48.94     0.1377     0.2351  1.000e-12  0.4888000    34.4789    34.4785    -0.0004    26.1410    26.1405     87.001     86.918      0.528    1498.42    1498.42  0.000e+00
      19574     88.000    12.2078    12.2092     0.0014    3.97161    3.97177          1     5.3261     5.0568      48.48     0.1215     0.2358  1.000e-12  0.4341000    34.4931    34.4934     0.0003    26.1556    26.1556     87.498     87.415      0.534    1498.38    1498.39  0.000e+00
      19596     88.500    12.1655    12.1669     0.0014    3.97279    3.97271          1     5.2982     5.0215      47.97     0.1167     0.2079  1.000e-12  0.3970000    34.5434    34.5413    -0.0021    26.2028    26.2008     87.995     87.911      0.551    1498.30    1498.31  0.000e+00
      19618     89.000    12.0215    12.0236     0.0021    3.96540    3.96552          1     5.3183     5.0343      47.52     0.1153     0.2112  1.000e-12  0.4261000    34.6046    34.6039    -0.0007    26.2778    26.2769     88.492     88.407      0.513    1497.90    1497.90  0.000e+00
      19643     89.500    11.9950    11.9962     0.0011    3.96452    3.96465          1     5.3319     5.0537      46.95     0.1143     0.2348  1.000e-12  0.4165000    34.6204    34.6207     0.0002    26.2952    26.2952     88.989     88.903      0.485    1497.83    1497.84  0.000e+00
      19667     90.000    11.9653    11.9664     0.0012    3.96352    3.96363          1     5.3254     5.0674      46.45     0.1075     0.2152  1.000e-12  0.3979000    34.6380    34.6381     0.0001    26.3146    26.3144     89.486     89.400      0.540    1497.76    1497.76  0.000e+00
      19688     90.500    11.8526    11.8618     0.0092    3.95817    3.95859          1     5.3506     5.0876      46.01     0.1159     0.1620  1.000e-12  0.3450000    34.6905    34.6860    -0.0045    26.3767    26.3714     89.983     89.896      0.636    1497.44    1497.47  0.000e+00
      19705     91.000    11.7836    11.7851     0.0016    3.95478    3.95496          1     5.3797     5.0992      45.58     0.0942     0.2178  1.000e-12  0.3205000    34.7215    34.7219     0.0004    26.4138    26.4139     90.480     90.392      0.688    1497.25    1497.26  0.000e+00
      19722     91.500    11.7249    11.7275     0.0026    3.95129    3.95151          1     5.3918     5.0992      45.12     0.0793     0.2097  1.000e-12  0.3089000    34.7420    34.7417    -0.0003    26.4408    26.4401     90.977     90.888      0.655    1497.09    1497.09  0.000e+00
      19743     92.000    11.6995    11.7008     0.0013    3.94955    3.94966          1     5.3959     5.0992      44.59     0.0699     0.2027  1.000e-12  0.3122000    34.7485    34.7483    -0.0002    26.4507    26.4503     91.474     91.384      0.514    1497.01    1497.02  0.000e+00
      19772     92.500    11.6779    11.6774    -0.0005    3.94781    3.94786          1     5.3949     5.1071      43.96     0.1000     0.2098  1.000e-12  0.3283000    34.7514    34.7523     0.0008    26.4570    26.4577     91.971     91.880      0.396    1496.95    1496.95  0.000e+00
      19800     93.000    11.6556    11.6580     0.0024    3.94683    3.94704          1     5.4142     5.1237      43.54     0.0877     0.1952  1.000e-12  0.3005000    34.7624    34.7622    -0.0002    26.4697    26.4691     92.468     92.377      0.535    1496.90    1496.90  0.000e+00
      19819     93.500    11.6326    11.6343     0.0017    3.94577    3.94593          1     5.4193     5.1305      42.99     0.1040     0.2667  1.000e-12  0.3166000    34.7733    34.7733     0.0000    26.4825    26.4822     92.965     92.873      0.647    1496.84    1496.84  0.000e+00
      19837     94.000    11.5984    11.6006     0.0022    3.94401    3.94418          1     5.4143     5.1406      42.57     0.0952     0.1969  1.000e-12  0.3270000    34.7879    34.7876    -0.0004    26.5002    26.4996     93.462     93.369      0.635    1496.75    1496.75  0.000e+00
      19857     94.500    11.5376    11.5401     0.0025    3.93992    3.93998          1     5.4042     5.1398      42.11     0.0926     0.1840  1.000e-12  0.3358000    34.8045    34.8027    -0.0018    26.5245    26.5227     93.959     93.865      0.529    1496.56    1496.57  0.000e+00
      19884     95.000    11.4070    11.4095     0.0025    3.92972    3.92985          1     5.3553     5.0973      41.66     0.1036     0.1774  1.000e-12  0.3591000    34.8265    34.8255    -0.0011    26.5659    26.5646     94.456     94.361      0.430    1496.15    1496.16  0.000e+00
      19912     95.500    11.2422    11.2459     0.0037    3.91424    3.91450          1     5.3224     5.0592      41.03     0.0965     0.2166  1.000e-12  0.4175000    34.8285    34.8276    -0.0009    26.5979    26.5964     94.953     94.857      0.485    1495.58    1495.60  0.000e+00
      19934     96.000    11.1595    11.1628     0.0033    3.90818    3.90845          1     5.3309     5.0579      40.62     0.0893     0.2344  1.000e-12  0.4649000    34.8464    34.8459    -0.0005    26.6269    26.6259     95.450     95.353      0.577    1495.33    1495.34  0.000e+00
      19954     96.500    11.1818    11.1809    -0.0009    3.91379    3.91350          1     5.3645     5.0720      40.16     0.0801     0.2200  1.000e-12  0.4729000    34.8808    34.8787    -0.0021    26.6496    26.6481     95.947     95.849      0.557    1495.45    1495.45  0.000e+00
      19978     97.000    11.1149    11.1171     0.0023    3.91034    3.91052          1     5.3647     5.0722      39.59     0.0857     0.1921  1.000e-12  0.4433000    34.9098    34.9094    -0.0004    26.6844    26.6837     96.444     96.345      0.469    1495.26    1495.27  0.000e+00
      20004     97.500    11.0327    11.0363     0.0037    3.90361    3.90384          1     5.3362     5.0578      39.06     0.1078     0.2339  1.000e-12  0.4237000    34.9206    34.9194    -0.0012    26.7077    26.7062     96.942     96.841      0.495    1495.00    1495.01  0.000e+00
      20026     98.000    10.9179    10.9226     0.0047    3.89341    3.89386          1     5.2999     5.0301      38.64     0.1045     0.2223  1.000e-12  0.4582000    34.9277    34.9277    -0.0000    26.7341    26.7332     97.439     97.337      0.574    1494.61    1494.63  0.000e+00
      20046     98.500    10.8541    10.8608     0.0067    3.88663    3.88715          1     5.2584     4.9990      38.14     0.0965     0.1818  1.000e-12  0.5028000    34.9203    34.9192    -0.0011    26.7398    26.7378     97.936     97.833      0.547    1494.39    1494.41  0.000e+00
      20072     99.000    10.7813    10.7835     0.0022    3.87981    3.87998          1     5.2377     4.9836      37.62     0.0855     0.2002  1.000e-12  0.5455000    34.9212    34.9207    -0.0004    26.7536    26.7528     98.433     98.329      0.425    1494.14    1494.15  0.000e+00
      20102     99.500    10.7415    10.7420     0.0005    3.87676    3.87679          1     5.2314     4.9734      37.03     0.0852     0.1672  1.000e-12  0.4745000    34.9283    34.9282    -0.0001    26.7662    26.7661     98.930     98.825      0.461    1494.02    1494.02  0.000e+00
      20124    100.000    10.6688    10.6735     0.0046    3.86987    3.87031          1     5.2074     4.9535      36.59     0.0835     0.2033  1.000e-12  0.4876000    34.9283    34.9282    -0.0001    26.7792    26.7783     99.427     99.321      0.606    1493.77    1493.79  0.000e+00
      20142    100.500    10.5549    10.5523    -0.0026    3.85847    3.85806          1     5.1648     4.9044      36.17     0.0919     0.1999  1.000e-12  0.5171000    34.9221    34.9205    -0.0015    26.7945    26.7938     99.924     99.817      0.642    1493.37    1493.36  0.000e+00
      20162    101.000    10.5049    10.5022    -0.0027    3.85292    3.85255          1     5.1112     4.8485      35.66     0.0873     0.1831  1.000e-12  0.5403000    34.9138    34.9126    -0.0013    26.7970    26.7965    100.421    100.313      0.548    1493.19    1493.18  0.000e+00
      20188    101.500    10.3807    10.3752    -0.0054    3.84034    3.83981          1     5.0222     4.7802      35.06     0.0970     0.1540  1.000e-12  0.6032000    34.9054    34.9053    -0.0001    26.8122    26.8131    100.918    100.809      0.413    1492.75    1492.73  0.000e+00
      20218    102.000    10.2609    10.2582    -0.0028    3.82908    3.82891          1     4.9586     4.7316      34.53     0.0920     0.1905  1.000e-12  0.5799000    34.9060    34.9069     0.0009    26.8336    26.8347    101.415    101.305      0.465    1492.33    1492.32  0.000e+00
      20241    102.500    10.1879    10.1919     0.0040    3.82285    3.82318          1     4.9485     4.7121      34.12     0.0985     0.2312  1.000e-12  0.5727000    34.9127    34.9122    -0.0005    26.8515    26.8504    101.912    101.801      0.609    1492.09    1492.10  0.000e+00
      20258    103.000    10.1631    10.1654     0.0023    3.82079    3.82100          1     4.9596     4.7080      33.73     0.1046     0.1916  1.000e-12  0.5788000    34.9155    34.9153    -0.0001    26.8579    26.8574    102.409    102.297      0.683    1492.01    1492.02  0.000e+00
      20276    103.500    10.1316    10.1316     0.0000    3.81823    3.81815          1     4.9671     4.7115      33.26     0.0920     0.2015  1.000e-12  0.5683000    34.9195    34.9186    -0.0008    26.8665    26.8658    102.906    102.793      0.654    1491.91    1491.91  0.000e+00
      20296    104.000    10.0864    10.0889     0.0024    3.81419    3.81440          1     4.9720     4.7198      32.74     0.0859     0.2177  1.000e-12  0.6684000    34.9216    34.9213    -0.0003    26.8759    26.8753    103.403    103.289      0.512    1491.76    1491.77  0.000e+00
      20326    104.500    10.0778    10.0786     0.0008    3.81347    3.81352          1     4.9536     4.7280      32.14     0.1106     0.2205  1.000e-12  0.6218000    34.9223    34.9220    -0.0003    26.8780    26.8776    103.900    103.785      0.378    1491.74    1491.74  0.000e+00
      20356    105.000    10.0224    10.0237     0.0014    3.80850    3.80859          1     4.9421     4.7125      31.64     0.1035     0.2357  1.000e-12  0.6281000    34.9248    34.9244    -0.0004    26.8894    26.8889    104.397    104.281      0.533    1491.55    1491.55  0.000e+00
      20374    105.500     9.9269     9.9297     0.0028    3.80028    3.80050          1     4.9389     4.7007      31.25     0.1030     0.2470  1.000e-12  0.7640000    34.9328    34.9323    -0.0005    26.9120    26.9111    104.894    104.777      0.725    1491.22    1491.23  0.000e+00
      20389    106.000     9.8308     9.8304    -0.0004    3.79158    3.79173          1     4.9445     4.7001      30.85     0.0990     0.2338  1.000e-12  0.6993000    34.9364    34.9384     0.0020    26.9312    26.9328    105.391    105.273      0.797    1490.89    1490.89  0.000e+00
      20404    106.500     9.7148     9.7167     0.0019    3.78166    3.78187          1     4.9555     4.7062      30.41     0.0853     0.2273  1.000e-12  0.6041000    34.9467    34.9471     0.0003    26.9588    26.9588    105.888    105.769      0.733    1490.49    1490.50  0.000e+00
      20423    107.000     9.6733     9.6755     0.0022    3.77823    3.77841          1     4.9759     4.7167      29.82     0.1017     0.2152  1.000e-12  0.6286000    34.9515    34.9512    -0.0003    26.9695    26.9689    106.385    106.264      0.510    1490.36    1490.36  0.000e+00
      20457    107.500     9.6440     9.6433    -0.0007    3.77562    3.77554          1     4.9734     4.7214      29.09     0.1067     0.2081  1.000e-12  0.6034000    34.9529    34.9527    -0.0001    26.9755    26.9755    106.882    106.760      0.347    1490.26    1490.26  0.000e+00
      20485    108.000     9.5400     9.5531     0.0130    3.76626    3.76738          1     4.9650     4.7222      28.66     0.1081     0.1957  1.000e-12  0.5778000    34.9572    34.9561    -0.0012    26.9963    26.9932    107.379    107.256      0.607    1489.90    1489.94  0.000e+00
      20502    108.500     9.4817     9.4802    -0.0013    3.76132    3.76123          1     4.9387     4.7039      28.29     0.1162     0.1812  1.000e-12  0.6255000    34.9627    34.9632     0.0005    27.0103    27.0109    107.876    107.752      0.748    1489.70    1489.70  0.000e+00
      20517    109.000     9.4088     9.4043    -0.0046    3.75480    3.75441          1     4.9232     4.6941      27.86     0.1034     0.2491  1.000e-12  0.6316000    34.9660    34.9664     0.0004    27.0249    27.0259    108.373    108.248      0.740    1489.45    1489.43  0.000e+00
      20534    109.500     9.2613     9.2651     0.0037    3.74170    3.74187          1     4.9291     4.6956      27.33     0.0835     0.2355  1.000e-12  0.6448000    34.9738    34.9718    -0.0019    27.0552    27.0531    108.870    108.744      0.580    1488.93    1488.94  0.000e+00
      20564    110.000     9.0653     9.0661     0.0008    3.72432    3.72433          1     4.9109     4.6786      26.67     0.1026     0.2297  1.000e-12  0.6558000    34.9845    34.9838    -0.0007    27.0955    27.0949    109.367    109.240      0.360    1488.23    1488.23  0.000e+00
      20597    110.500     8.9828     8.9872     0.0044    3.71673    3.71712          1     4.8983     4.6613      26.16     0.1108     0.1730  1.000e-12  0.6395000    34.9859    34.9856    -0.0002    27.1099    27.1090    109.864    109.736      0.481    1487.94    1487.95  0.000e+00
      20617    111.000     8.9336     8.9354     0.0018    3.71240    3.71253          1     4.9201     4.6662      25.77     0.1111     0.1629  1.000e-12  0.6637000    34.9887    34.9883    -0.0004    27.1200    27.1194    110.361    110.231      0.660    1487.77    1487.77  0.000e+00
      20634    111.500     8.9237     8.9263     0.0026    3.71156    3.71177          1     4.9329     4.6701      25.40     0.1092     0.1586  1.000e-12  0.6787000    34.9894    34.9891    -0.0003    27.1221    27.1215    110.857    110.727      0.729    1487.74    1487.75  0.000e+00
      20650    112.000     8.9190     8.9211     0.0021    3.71119    3.71136          1     4.9417     4.6718      24.94     0.1165     0.1343  1.000e-12  0.6898000    34.9899    34.9895    -0.0004    27.1233    27.1227    111.355    111.223      0.697    1487.73    1487.74  0.000e+00
      20668    112.500     8.9125     8.9155     0.0030    3.71066    3.71090          1     4.9571     4.6847      24.39     0.1144     0.2086  1.000e-12  0.6997000    34.9905    34.9901    -0.0004    27.1248    27.1240    111.851    111.719      0.566    1487.71    1487.73  0.000e+00
