ctdpy/tests/etc/all_smhi_bas_2018/SBE09_0827_20180227_0702_26_01_0323.cnv
* Sea-Bird SBE 9 Data File:
* FileName = D:\CTD_SBE911\DAT\26DA.2018.3.23.hex
* Software Version Seasave V 7.21d
* Temperature SN = 034757
* Conductivity SN = 041844
* Number of Bytes Per Scan = 48
* Number of Voltage Words = 5
* Number of Scans Averaged by the Deck Unit = 1
* NMEA Latitude = 56 07.63 N
* NMEA Longitude = 019 28.79 E
* NMEA UTC (Time) = Feb 27 2018  07:03:07
* NMEA baud rate = 4800
** Ship: DANA
** Average sound velocity: 1430.58 m/s
** True-depth calculation Tue, 02 Apr 2019 12:03:55 +0000
** CTD Python Module SMHI /ver 3-12/ feb 2012 
** LIMS Job: 20182601-0323
** Operator:
** Cruise: 02/2018
# nquan = 26
# nvalues = 135                         
# units = specified
# name 0 = scan: Scan Count
# name 1 = prDM: Pressure, Digiquartz [db]
# name 2 = t090C: Temperature [ITS-90, deg C]
# name 3 = t190C: Temperature, 2 [ITS-90, deg C]
# name 4 = T2-T190C: Temperature Difference, 2 - 1 [ITS-90, deg C]
# name 5 = c0S/m: Conductivity [S/m]
# name 6 = c1S/m: Conductivity, 2 [S/m]
# name 7 = pumps: Pump Status
# name 8 = sbeox1ML/L: Oxygen, SBE 43, 2 [ml/l]
# name 9 = sbeox0ML/L: Oxygen, SBE 43 [ml/l]
# name 10 = altM: Altimeter [m]
# name 11 = chloroflTC0: Chlorophyll, Turner Cyclops [ug/l]
# name 12 = cpar: CPAR/Corrected Irradiance [%]
# name 13 = par: PAR/Irradiance, Biospherical/Lico [µE/(cm^2*s)]
# name 14 = spar: SPAR, Biospherical/Licor
# name 15 = sal00: Salinity, Practical [PSU]
# name 16 = sal11: Salinity, Practical, 2 [PSU]
# name 17 = secS-priS: Salinity, Practical, Difference, 2 - 1 [PSU]
# name 18 = sigma-t00: Density [sigma-t, kg/m^3 ]
# name 19 = sigma-t11: Density, 2 [sigma-t, kg/m^3 ]
# name 20 = depSM: Depth [salt water, m], lat = 56.1272
# name 21 = depFM: Depth [true depth, m], lat = 56.1272
# name 22 = dz/dtM: Descent Rate [m/s], WS = 2
# name 23 = svCM: Sound Velocity [Chen-Millero, m/s]
# name 24 = svCM1: Sound Velocity, 2 [Chen-Millero, m/s]
# name 25 = flag: flag
# span 0 =        -65,       7088       
# span 1 =      1.500,     68.500       
# span 2 =     3.2337,     5.6125       
# span 3 =     3.2307,     5.6121       
# span 4 =    -0.0095,     0.3191       
# span 5 =   0.761890,   1.054395       
# span 6 =   0.761220,   1.053660       
# span 7 =          1,          1       
# span 8 =     1.3459,     8.4148       
# span 9 =     1.3803,     8.3874       
# span 10 =       1.24,       9.98      
# span 11 =     0.0115,     0.0137      
# span 12 = -2.368e-11, 7.3762e+00      
# span 13 = -4.895e-11, 1.2497e+01      
# span 14 = 1.6932e+02, 2.2948e+02      
# span 15 =     7.3875,     9.7385      
# span 16 =     7.3801,     9.7313      
# span 17 =    -0.0122,     0.2401      
# span 18 =     5.8871,     7.6695      
# span 19 =     5.8811,     7.6639      
# span 20 =      1.486,     67.865      
# span 21 =      1.519,     69.346      
# span 22 =     -0.218,      0.904      
# span 23 =    1427.80,    1442.42      
# span 24 =    1427.77,    1442.41      
# span 25 = 0.0000e+00, 0.0000e+00      
# interval = decibars: 0.5              
# start_time = Feb 27 2018 07:03:08 [NMEA time, first data scan]
# bad_flag = -9.990e-29
*END*
[from data line 112]
       5834     57.500     3.6493     3.6975     0.0485    0.78419    0.78504          1     7.9573     7.9575       9.95     0.0122  4.477e-13  1.000e-12  2.234e+02     7.5153     7.5128    -0.0024     5.9821     5.9792     56.968     58.223      0.416    1430.72    1430.94  0.000e+00
       5860     58.000     3.9246     4.1476     0.2224    0.80619    0.81348          1     7.7863     7.3777       9.95     0.0122  4.512e-13  1.000e-12  2.216e+02     7.6763     7.6982     0.0219     6.1039     6.1154     57.463     58.729      0.384    1432.18    1433.21  0.000e+00
       5914     58.500     4.2898     4.5725     0.2839    0.83716    0.85837          1     6.5746     6.4213       9.95     0.0122  4.518e-13  1.000e-12  2.214e+02     7.9050     8.0514     0.1464     6.2755     6.3824     57.959     59.235      0.205    1434.12    1435.57  0.000e+00
       5976     59.000     4.5750     4.8942     0.3191    0.87183    0.90362          1     5.2891     5.3272       9.88     0.0120  4.518e-13  1.000e-12  2.214e+02     8.1867     8.4268     0.2401     6.4896     6.6676     58.454     59.741      0.246    1435.76    1437.47  0.000e+00
       6022     59.500     4.9474     5.0992     0.1520    0.92442    0.94037          1     4.3538     4.1204       9.39     0.0120  4.518e-13  1.000e-12  2.214e+02     8.6221     8.7425     0.1204     6.8199     6.9086     58.949     60.247      0.279    1437.97    1438.78  0.000e+00
       6067     60.000     5.1070     5.2758     0.1685    0.95119    0.97323          1     3.5795     3.3908       8.81     0.0122  4.518e-13  1.000e-12  2.214e+02     8.8488     9.0240     0.1752     6.9923     7.1229     59.445     60.753      0.226    1438.96    1439.92  0.000e+00
       6132     60.500     5.2941     5.3778     0.0832    0.98528    0.99607          1     2.8103     2.7430       8.30     0.0122  4.523e-13  1.000e-12  2.211e+02     9.1395     9.2244     0.0849     7.2132     7.2761     59.940     61.258      0.233    1440.15    1440.62  0.000e+00
       6173     61.000     5.3741     5.4184     0.0443    1.00053    1.00374          1     2.5862     2.4116       7.81     0.0122  4.556e-13  1.000e-12  2.195e+02     9.2698     9.2896     0.0198     7.3122     7.3256     60.435     61.764      0.348    1440.67    1440.89  0.000e+00
       6209     61.500     5.4617     5.5160     0.0543    1.02041    1.02534          1     2.3748     2.1616       7.28     0.0124  4.559e-13  1.000e-12  2.193e+02     9.4438     9.4777     0.0339     7.4450     7.4689     60.931     62.270      0.281    1441.28    1441.56  0.000e+00
       6261     62.000     5.5216     5.5451     0.0236    1.03164    1.03389          1     2.0509     1.9659       6.76     0.0129  4.559e-13  1.000e-12  2.193e+02     9.5388     9.5546     0.0158     7.5169     7.5281     61.426     62.775      0.252    1441.67    1441.79  0.000e+00
       6300     62.500     5.5386     5.5466     0.0080    1.03523    1.03469          1     1.9665     1.9139       6.22     0.0134  4.559e-13  1.000e-12  2.193e+02     9.5697     9.5620    -0.0077     7.5404     7.5339     61.921     63.281      0.340    1441.79    1441.81  0.000e+00
       6339     63.000     5.5464     5.5494     0.0031    1.03642    1.03528          1     1.9362     1.9081       5.71     0.0128  4.559e-13  1.000e-12  2.193e+02     9.5792     9.5670    -0.0122     7.5475     7.5377     62.417     63.786      0.217    1441.84    1441.84  0.000e+00
       6416     63.500     5.5510     5.5575     0.0065    1.03805    1.03779          1     1.8591     1.8514       5.20     0.0133  4.559e-13  1.000e-12  2.193e+02     9.5942     9.5896    -0.0045     7.5590     7.5551     62.912     64.291      0.251    1441.89    1441.91  0.000e+00
       6456     64.000     5.5689     5.5766     0.0076    1.04360    1.04314          1     1.7672     1.6991       4.71     0.0134  4.559e-13  1.000e-12  2.193e+02     9.6442     9.6374    -0.0068     7.5975     7.5918     63.407     64.797      0.311    1442.04    1442.06  0.000e+00
       6499     64.500     5.5871     5.5917     0.0046    1.04863    1.04814          1     1.6010     1.5609       4.19     0.0134  4.559e-13  1.000e-12  2.193e+02     9.6891     9.6829    -0.0062     7.6319     7.6268     63.902     65.302      0.271    1442.18    1442.19  0.000e+00
       6539     65.000     5.5882     5.5917     0.0035    1.04889    1.04832          1     1.5117     1.5380       3.70     0.0133  4.559e-13  1.000e-12  2.193e+02     9.6912     9.6846    -0.0066     7.6335     7.6281     64.398     65.808      0.321    1442.20    1442.20  0.000e+00
       6580     65.500     5.5879     5.5897     0.0018    1.04879    1.04789          1     1.5036     1.5365       3.18     0.0133  4.559e-13  1.000e-12  2.193e+02     9.6903     9.6808    -0.0095     7.6328     7.6253     64.893     66.313      0.256    1442.20    1442.20  0.000e+00
       6627     66.000     5.5880     5.5937     0.0057    1.04906    1.04847          1     1.4976     1.5245       2.69     0.0134  4.559e-13  1.000e-12  2.193e+02     9.6928     9.6853    -0.0075     7.6348     7.6286     65.388     66.819      0.320    1442.21    1442.23  0.000e+00
       6660     66.500     5.5992     5.6026     0.0033    1.05149    1.05101          1     1.4664     1.4843       2.19     0.0134  4.579e-13  1.000e-12  2.184e+02     9.7137     9.7080    -0.0058     7.6507     7.6460     65.884     67.324      0.314    1442.30    1442.30  0.000e+00
       6742     67.000     5.6017     5.6045     0.0028    1.05214    1.05160          1     1.4186     1.4557       1.73     0.0135  4.602e-13  1.000e-12  2.173e+02     9.7194     9.7133    -0.0061     7.6551     7.6501     66.379     67.829      0.210    1442.32    1442.33  0.000e+00
       6796     67.500     5.6074     5.6092     0.0018    1.05350    1.05285          1     1.3929     1.4207       1.24     0.0134  4.602e-13  1.000e-12  2.173e+02     9.7313     9.7242    -0.0071     7.6641     7.6584     66.874     68.335      0.281    1442.37    1442.37  0.000e+00
       6832     68.000     5.6081     5.6093     0.0012    1.05366    1.05287          1     1.3806     1.4110       1.38     0.0134  4.602e-13  1.000e-12  2.173e+02     9.7326     9.7243    -0.0083     7.6651     7.6585     67.369     68.840      0.324    1442.38    1442.38  0.000e+00
       7088     68.500     5.6125     5.6121    -0.0005    1.05439    1.05366          1     1.3459     1.3803       2.17     0.0134  4.667e-13  1.000e-12  2.142e+02     9.7385     9.7313    -0.0072     7.6695     7.6639     67.865     69.346     -0.192    1442.42    1442.41  0.000e+00
