ctdpy/tests/etc/all_smhi_bas_2018/SBE09_1044_20180921_0535_34_01_0035.cnv
* Sea-Bird SBE 9 Data File:
* FileName = C:\ctd\temp\2018\AR18D035.hex
* Software Version Seasave V 7.26.6.26
* Temperature SN = 5351
* Conductivity SN = 3941
* Number of Bytes Per Scan = 41
* Number of Voltage Words = 4
* Number of Scans Averaged by the Deck Unit = 1
* NMEA Latitude = 58 52.91 N
* NMEA Longitude = 020 19.67 E
* NMEA UTC (Time) = Sep 21 2018  05:35:34
* NMEA baud rate = 4800
** Station:  BY29/LL19
** Operator:  Obac
** Ship: ARANDA
** Average sound velocity: 1449.91 m/s
** True-depth calculation Fri, 21 Sep 2018 06:01:31 +0000
** CTD Python Module SMHI /ver 3-12/ feb 2012 
** LIMS Job: 20183401-0035
** Cruise: SMHI-02-2018
** Latitude [GG MM.mm N] :
** Longitude [GG MM.mm E]:
# nquan = 26
# nvalues = 342                         
# units = specified
# name 0 = scan: Scan Count
# name 1 = prDM: Pressure, Digiquartz [db]
# name 2 = t090C: Temperature [ITS-90, deg C]
# name 3 = t190C: Temperature, 2 [ITS-90, deg C]
# name 4 = T2-T190C: Temperature Difference, 2 - 1 [ITS-90, deg C]
# name 5 = c0S/m: Conductivity [S/m]
# name 6 = c1S/m: Conductivity, 2 [S/m]
# name 7 = pumps: Pump Status
# name 8 = sbeox0ML/L: Oxygen, SBE 43 [ml/l]
# name 9 = sbeox1ML/L: Oxygen, SBE 43, 2 [ml/l]
# name 10 = altM: Altimeter [m]
# name 11 = flECO-AFL: Chl-a Fluorescence, WET Labs ECO-AFL/FL [mg/m^3]
# name 12 = flECO-AFL1: Phycocyanin Fluorescence, WET Labs ECO-AFL/FL, 2 [mg/m^3]
# name 13 = par: PAR/Irradiance, Biospherical/Lico [µE/(cm^2*s)]
# name 14 = turbWETntu0: Turbidity, WET Labs ECO [NTU]
# name 15 = sal00: Salinity, Practical [PSU]
# name 16 = sal11: Salinity, Practical, 2 [PSU]
# name 17 = secS-priS: Salinity, Practical, Difference, 2 - 1 [PSU]
# name 18 = sigma-t00: Density [sigma-t, Kg/m^3 ]
# name 19 = sigma-t11: Density, 2 [sigma-t, Kg/m^3 ]
# name 20 = depSM: Depth [salt water, m], lat = 58.8818
# name 21 = depFM: Depth [true depth, m], lat = 58.8818
# name 22 = dz/dtM: Descent Rate [m/s], WS = 2
# name 23 = svCM: Sound Velocity [Chen-Millero, m/s]
# name 24 = svCM1: Sound Velocity, 2 [Chen-Millero, m/s]
# name 25 = flag: flag
# span 0 =       8659,      16146       
# span 1 =      2.000,    172.500       
# span 2 =     3.2427,    16.0243       
# span 3 =     3.2472,    16.0244       
# span 4 =    -0.1002,     0.0983       
# span 5 =   0.744321,   1.284233       
# span 6 =   0.744272,   1.284200       
# span 7 =          1,          1       
# span 8 =    0.02094,    7.35295       
# span 9 =    0.93597,   12.82083       
# span 10 =       2.41,      99.22      
# span 11 =     0.2184,     1.1794      
# span 12 =     0.1388,     0.5569      
# span 13 = -2.094e-05, 9.7096e+01      
# span 14 =     0.1621,     1.7086      
# span 15 =     6.3194,    11.7550      
# span 16 =     6.3192,    11.7543      
# span 17 =    -0.0166,     0.0031      
# span 18 =     3.8013,     9.2076      
# span 19 =     3.8008,     9.2070      
# span 20 =      1.981,    170.818      
# span 21 =      2.029,    174.457      
# span 22 =     -0.135,      0.879      
# span 23 =    1428.54,    1477.49      
# span 24 =    1428.56,    1477.49      
# span 25 = 0.0000e+00, 0.0000e+00      
# interval = decibars: 0.5              
# start_time = Sep 21 2018 05:35:34 [NMEA time, first data scan]
# bad_flag = -9.990e-29
*END*
[from data line 279]
      14703    141.500     6.3085     6.3097     0.0011    1.25872    1.25863          1     0.0302     1.3311      34.73     0.3496     0.1948  1.000e-12  0.1878000    11.5384    11.5371    -0.0012     9.0436     9.0426    140.131    143.169      0.556    1448.82    1448.82  0.000e+00
      14724    142.000     6.3132     6.3144     0.0012    1.25998    1.25992          1     0.0290     1.3241      34.22     0.3397     0.2473  1.000e-12  0.1868000    11.5492    11.5483    -0.0009     9.0518     9.0510    140.626    143.673      0.563    1448.86    1448.86  0.000e+00
      14745    142.500     6.3180     6.3193     0.0013    1.26134    1.26130          1     0.0289     1.3179      33.74     0.3318     0.2257  1.000e-12  0.1907000    11.5610    11.5601    -0.0009     9.0607     9.0600    141.121    144.178      0.593    1448.90    1448.90  0.000e+00
      14765    143.000     6.3211     6.3225     0.0014    1.26216    1.26213          1     0.0299     1.3075      33.21     0.3215     0.2507  1.000e-12  0.1895000    11.5680    11.5672    -0.0008     9.0660     9.0653    141.615    144.683      0.596    1448.93    1448.93  0.000e+00
      14786    143.500     6.3220     6.3233     0.0014    1.26241    1.26238          1     0.0305     1.2998      32.73     0.3173     0.2660  1.000e-12  0.1879000    11.5700    11.5693    -0.0007     9.0676     9.0669    142.111    145.187      0.566    1448.94    1448.95  0.000e+00
      14807    144.000     6.3227     6.3241     0.0014    1.26262    1.26261          1     0.0277     1.2918      32.15     0.3257     0.2389  1.000e-12  0.1916000    11.5719    11.5712    -0.0006     9.0690     9.0684    142.605    145.692      0.559    1448.96    1448.96  0.000e+00
      14828    144.500     6.3236     6.3250     0.0014    1.26285    1.26283          1     0.0295     1.2849      31.74     0.3274     0.2929  1.000e-12  0.2037000    11.5737    11.5730    -0.0007     9.0703     9.0697    143.101    146.197      0.590    1448.97    1448.98  0.000e+00
      14848    145.000     6.3258     6.3272     0.0014    1.26344    1.26341          1     0.0293     1.2778      31.22     0.3196     0.2612  1.000e-12  0.1961000    11.5787    11.5780    -0.0007     9.0741     9.0735    143.595    146.701      0.598    1449.00    1449.00  0.000e+00
      14869    145.500     6.3281     6.3295     0.0014    1.26421    1.26417          1     0.0284     1.2701      30.63     0.3069     0.2298  1.000e-12  0.1909000    11.5854    11.5846    -0.0008     9.0793     9.0785    144.090    147.206      0.555    1449.02    1449.03  0.000e+00
      14892    146.000     6.3300     6.3314     0.0014    1.26483    1.26480          1     0.0284     1.2624      30.10     0.3067     0.2073  1.000e-12  0.1907000    11.5909    11.5901    -0.0008     9.0834     9.0827    144.585    147.711      0.508    1449.04    1449.05  0.000e+00
      14916    146.500     6.3320     6.3333     0.0014    1.26533    1.26530          1     0.0290     1.2531      29.62     0.3147     0.2210  1.000e-12  0.1940000    11.5951    11.5943    -0.0008     9.0866     9.0859    145.080    148.215      0.536    1449.07    1449.07  0.000e+00
      14937    147.000     6.3335     6.3349     0.0013    1.26575    1.26570          1     0.0294     1.2459      29.12     0.3142     0.2806  1.000e-12  0.1985000    11.5986    11.5977    -0.0009     9.0892     9.0884    145.575    148.720      0.620    1449.09    1449.09  0.000e+00
      14955    147.500     6.3344     6.3358     0.0015    1.26595    1.26593          1     0.0293     1.2402      28.70     0.3364     0.2542  1.000e-12  0.1924000    11.6002    11.5995    -0.0007     9.0904     9.0898    146.070    149.225      0.676    1449.10    1449.10  0.000e+00
      14972    148.000     6.3352     6.3366     0.0014    1.26620    1.26617          1     0.0288     1.2337      28.30     0.3283     0.2551  1.000e-12  0.1938000    11.6023    11.6015    -0.0008     9.0920     9.0913    146.565    149.730      0.664    1449.11    1449.12  0.000e+00
      14991    148.500     6.3359     6.3373     0.0014    1.26645    1.26642          1     0.0294     1.2307      27.75     0.3174     0.2656  1.000e-12  0.1958000    11.6044    11.6037    -0.0008     9.0937     9.0930    147.060    150.234      0.589    1449.13    1449.13  0.000e+00
      15013    149.000     6.3368     6.3383     0.0015    1.26674    1.26670          1     0.0288     1.2221      27.13     0.3268     0.2794  1.000e-12  0.2138000    11.6069    11.6061    -0.0008     9.0956     9.0948    147.555    150.739      0.530    1449.14    1449.15  0.000e+00
      15036    149.500     6.3380     6.3393     0.0013    1.26703    1.26701          1     0.0285     1.2117      26.57     0.3268     0.2663  1.000e-12  0.1803000    11.6093    11.6087    -0.0006     9.0973     9.0968    148.050    151.244      0.573    1449.16    1449.16  0.000e+00
      15055    150.000     6.3389     6.3403     0.0015    1.26737    1.26734          1     0.0261     1.2067      26.16     0.3153     0.2206  1.000e-12  0.1747000    11.6122    11.6115    -0.0007     9.0996     9.0989    148.545    151.748      0.615    1449.17    1449.18  0.000e+00
      15075    150.500     6.3395     6.3409     0.0014    1.26754    1.26753          1     0.0285     1.2012      25.58     0.3207     0.2018  1.000e-12  0.1857000    11.6137    11.6131    -0.0006     9.1007     9.1001    149.040    152.253      0.568    1449.18    1449.19  0.000e+00
      15099    151.000     6.3435     6.3450     0.0015    1.26859    1.26860          1     0.0289     1.1942      24.99     0.3316     0.2179  1.000e-12  0.1933000    11.6226    11.6222    -0.0004     9.1074     9.1070    149.535    152.758      0.469    1449.22    1449.23  0.000e+00
      15125    151.500     6.3446     6.3461     0.0014    1.26901    1.26900          1     0.0279     1.1853      24.50     0.3315     0.2124  1.000e-12  0.1918000    11.6263    11.6257    -0.0006     9.1103     9.1097    150.030    153.262      0.506    1449.24    1449.24  0.000e+00
      15146    152.000     6.3452     6.3465     0.0013    1.26918    1.26914          1     0.0262     1.1775      24.02     0.3224     0.2353  1.000e-12  0.1976000    11.6277    11.6268    -0.0008     9.1113     9.1105    150.525    153.767      0.638    1449.25    1449.26  0.000e+00
      15164    152.500     6.3454     6.3469     0.0015    1.26924    1.26923          1     0.0295     1.1727      23.52     0.3159     0.2732  1.000e-12  0.1934000    11.6281    11.6275    -0.0006     9.1116     9.1110    151.020    154.272      0.693    1449.26    1449.27  0.000e+00
      15181    153.000     6.3459     6.3472     0.0013    1.26942    1.26937          1     0.0298     1.1677      23.01     0.3066     0.2622  1.000e-12  0.1925000    11.6296    11.6287    -0.0010     9.1128     9.1119    151.515    154.776      0.639    1449.27    1449.28  0.000e+00
      15202    153.500     6.3485     6.3500     0.0015    1.27050    1.27045          1     0.0276     1.1603      22.41     0.3156     0.2346  1.000e-12  0.1891000    11.6393    11.6384    -0.0010     9.1202     9.1193    152.010    155.281      0.500    1449.30    1449.31  0.000e+00
      15231    154.000     6.3493     6.3510     0.0016    1.27078    1.27078          1     0.0278     1.1536      21.80     0.3193     0.2298  1.000e-12  0.1914000    11.6417    11.6412    -0.0005     9.1220     9.1215    152.505    155.786      0.422    1449.32    1449.32  0.000e+00
      15257    154.500     6.3503     6.3517     0.0015    1.27103    1.27101          1     0.0271     1.1459      21.32     0.3130     0.2333  1.000e-12  0.1903000    11.6438    11.6431    -0.0007     9.1236     9.1229    153.000    156.290      0.554    1449.33    1449.34  0.000e+00
      15276    155.000     6.3520     6.3535     0.0014    1.27153    1.27152          1     0.0254     1.1397      20.90     0.3231     0.2811  1.000e-12  0.1937000    11.6481    11.6474    -0.0006     9.1268     9.1262    153.495    156.795      0.692    1449.35    1449.36  0.000e+00
      15292    155.500     6.3532     6.3548     0.0016    1.27184    1.27184          1     0.0249     1.1352      20.46     0.3368     0.2563  1.000e-12  0.1990000    11.6506    11.6501    -0.0005     9.1287     9.1283    153.990    157.300      0.742    1449.37    1449.38  0.000e+00
      15308    156.000     6.3549     6.3565     0.0016    1.27233    1.27232          1     0.0288     1.1294      19.96     0.3385     0.2495  1.000e-12  0.1930000    11.6548    11.6542    -0.0006     9.1319     9.1313    154.485    157.804      0.684    1449.39    1449.40  0.000e+00
      15328    156.500     6.3566     6.3581     0.0015    1.27286    1.27283          1     0.0265     1.1244      19.35     0.3342     0.2493  1.000e-12  0.1933000    11.6594    11.6586    -0.0008     9.1354     9.1347    154.980    158.309      0.504    1449.41    1449.42  0.000e+00
      15358    157.000     6.3588     6.3601     0.0013    1.27350    1.27343          1     0.0269     1.1149      18.70     0.3319     0.2366  1.000e-12  0.1954000    11.6649    11.6638    -0.0011     9.1396     9.1386    155.475    158.814      0.399    1449.43    1449.44  0.000e+00
      15385    157.500     6.3605     6.3619     0.0014    1.27393    1.27388          1     0.0221     1.1084      18.24     0.3300     0.2919  1.000e-12  0.1909000    11.6685    11.6676    -0.0009     9.1423     9.1415    155.970    159.318      0.559    1449.45    1449.46  0.000e+00
      15404    158.000     6.3643     6.3656     0.0014    1.27494    1.27491          1     0.0284     1.1056      17.81     0.3307     0.2324  1.000e-12  0.1928000    11.6772    11.6764    -0.0008     9.1488     9.1481    156.465    159.823      0.685    1449.49    1449.49  0.000e+00
      15420    158.500     6.3676     6.3690     0.0014    1.27588    1.27583          1     0.0266     1.0988      17.37     0.3383     0.2421  1.000e-12  0.2046000    11.6852    11.6842    -0.0009     9.1549     9.1541    156.959    160.328      0.744    1449.52    1449.53  0.000e+00
      15436    159.000     6.3696     6.3710     0.0013    1.27642    1.27638          1     0.0209     1.0944      16.90     0.3582     0.2482  1.000e-12  0.2207000    11.6898    11.6890    -0.0009     9.1584     9.1576    157.454    160.832      0.750    1449.54    1449.55  0.000e+00
      15452    159.500     6.3722     6.3736     0.0013    1.27716    1.27710          1     0.0258     1.0918      16.24     0.3573     0.1722  1.000e-12  0.2168000    11.6961    11.6951    -0.0011     9.1632     9.1622    157.949    161.337      0.685    1449.57    1449.57  0.000e+00
      15472    160.000     6.3736     6.3752     0.0015    1.27757    1.27754          1     0.0256     1.0860      15.72     0.3370     0.2322  1.000e-12  0.2009000    11.6996    11.6988    -0.0008     9.1658     9.1651    158.444    161.841      0.506    1449.59    1449.59  0.000e+00
      15504    160.500     6.3745     6.3760     0.0016    1.27787    1.27783          1     0.0261     1.0762      15.04     0.3174     0.2457  1.000e-12  0.2083000    11.7021    11.7013    -0.0008     9.1678     9.1670    158.939    162.346      0.352    1449.60    1449.61  0.000e+00
      15533    161.000     6.3766     6.3781     0.0014    1.27838    1.27834          1     0.0209     1.0699      13.83     0.3264     0.2470  1.000e-12  0.2066000    11.7064    11.7056    -0.0008     9.1709     9.1702    159.434    162.851      0.587    1449.63    1449.63  0.000e+00
      15550    161.500     6.3783     6.3800     0.0017    1.27882    1.27880          1     0.0249     1.0650      13.98     0.3278     0.2788  1.000e-12  0.2104000    11.7101    11.7094    -0.0008     9.1738     9.1730    159.929    163.355      0.779    1449.65    1449.65  0.000e+00
      15564    162.000     6.3803     6.3818     0.0016    1.27934    1.27931          1     0.0282     1.0641      13.71     0.3269     0.3099  1.000e-12  0.1982000    11.7145    11.7137    -0.0008     9.1770     9.1763    160.424    163.860      0.840    1449.67    1449.67  0.000e+00
      15578    162.500     6.3835     6.3848     0.0014    1.28026    1.28019          1     0.0253     1.0598      13.29     0.3281     0.2906  1.000e-12  0.2013000    11.7224    11.7213    -0.0011     9.1830     9.1821    160.919    164.365      0.765    1449.70    1449.70  0.000e+00
      15597    163.000     6.3859     6.3874     0.0015    1.28100    1.28095          1     0.0233     1.0538      12.38     0.3282     0.2402  1.000e-12  0.2154000    11.7288    11.7278    -0.0011     9.1879     9.1870    161.414    164.869      0.546    1449.73    1449.73  0.000e+00
      15630    163.500     6.3870     6.3885     0.0015    1.28129    1.28126          1     0.0243     1.0459      11.81     0.3305     0.1795  1.000e-12  0.2034000    11.7312    11.7304    -0.0008     9.1897     9.1889    161.909    165.374      0.328    1449.74    1449.75  0.000e+00
      15662    164.000     6.3883     6.3898     0.0015    1.28158    1.28155          1     0.0262     1.0383      11.46     0.3011     0.2314  1.000e-12  0.2075000    11.7335    11.7327    -0.0008     9.1914     9.1907    162.404    165.879      0.561    1449.76    1449.76  0.000e+00
      15679    164.500     6.3898     6.3912     0.0014    1.28194    1.28190          1     0.0248     1.0323      10.79     0.3164     0.2121  1.000e-12  0.2190000    11.7365    11.7356    -0.0009     9.1937     9.1928    162.899    166.383      0.786    1449.78    1449.78  0.000e+00
      15693    165.000     6.3922     6.3938     0.0015    1.28265    1.28260          1     0.0232     1.0315      10.53     0.3148     0.1789  1.000e-12  0.2228000    11.7426    11.7416    -0.0010     9.1983     9.1974    163.394    166.888      0.879    1449.80    1449.81  0.000e+00
      15706    165.500     6.3934     6.3949     0.0015    1.28294    1.28291          1     0.0231     1.0284      10.18     0.3166     0.1898  1.000e-12  0.2224000    11.7450    11.7442    -0.0008     9.2001     9.1993    163.889    167.392      0.856    1449.82    1449.82  0.000e+00
      15720    166.000     6.3938     6.3953     0.0015    1.28306    1.28305          1     0.0257     1.0260       9.70     0.3184     0.2065  1.000e-12  0.2187000    11.7460    11.7453    -0.0006     9.2008     9.2002    164.384    167.897      0.705    1449.83    1449.83  0.000e+00
      15744    166.500     6.3938     6.3954     0.0016    1.28313    1.28311          1     0.0243     1.0205       9.08     0.3330     0.2542  1.000e-12  0.2130000    11.7465    11.7458    -0.0007     9.2012     9.2006    164.879    168.402      0.436    1449.84    1449.84  0.000e+00
      15778    167.000     6.3940     6.3955     0.0015    1.28318    1.28315          1     0.0243     1.0124       8.43     0.3377     0.2228  1.000e-12  0.2005000    11.7468    11.7461    -0.0007     9.2015     9.2008    165.374    168.906      0.400    1449.85    1449.85  0.000e+00
      15802    167.500     6.3948     6.3963     0.0015    1.28330    1.28330          1     0.0232     1.0054       7.96     0.3120     0.2358  1.000e-12  0.2090000    11.7477    11.7471    -0.0006     9.2021     9.2016    165.868    169.411      0.607    1449.86    1449.86  0.000e+00
      15819    168.000     6.3951     6.3967     0.0016    1.28340    1.28338          1     0.0259     1.0010       7.54     0.3127     0.2219  1.000e-12  0.2159000    11.7485    11.7478    -0.0007     9.2027     9.2020    166.363    169.916      0.707    1449.87    1449.87  0.000e+00
      15836    168.500     6.3956     6.3971     0.0015    1.28355    1.28353          1     0.0244     0.9986       7.07     0.3167     0.2264  1.000e-12  0.2187000    11.7497    11.7490    -0.0007     9.2036     9.2030    166.858    170.420      0.706    1449.88    1449.89  0.000e+00
