ctdpy/tests/etc/all_smhi_bas_2018/SBE09_1044_20181016_0227_34_01_0096.cnv
* Sea-Bird SBE 9 Data File:
* FileName = C:\ctd\temp\ar18d096.hex
* Software Version Seasave V 7.21e
* Temperature SN = 5351
* Conductivity SN = 3941
* Number of Bytes Per Scan = 41
* Number of Voltage Words = 4
* Number of Scans Averaged by the Deck Unit = 1
* NMEA Latitude = 55 33.31 N
* NMEA Longitude = 018 24.00 E
* NMEA UTC (Time) = Oct 16 2018  05:27:42
* NMEA baud rate = 4800
** Station:  BCS III-10
** Operator:  OBac
** Ship: ARANDA
** Average sound velocity: 1452.96 m/s
** True-depth calculation Tue, 16 Oct 2018 06:22:10 +0000
** CTD Python Module SMHI /ver 3-12/ feb 2012 
** LIMS Job: 20183401-0096
** Cruise: SMHI-4-2018
** Latitude [GG MM.mm N]:
** Longitude [GG MM.mm E]
# nquan = 26
# nvalues = 168                         
# units = specified
# name 0 = scan: Scan Count
# name 1 = prDM: Pressure, Digiquartz [db]
# name 2 = t090C: Temperature [ITS-90, deg C]
# name 3 = t190C: Temperature, 2 [ITS-90, deg C]
# name 4 = T2-T190C: Temperature Difference, 2 - 1 [ITS-90, deg C]
# name 5 = c0S/m: Conductivity [S/m]
# name 6 = c1S/m: Conductivity, 2 [S/m]
# name 7 = pumps: Pump Status
# name 8 = sbeox0ML/L: Oxygen, SBE 43 [ml/l]
# name 9 = sbeox1ML/L: Oxygen, SBE 43, 2 [ml/l]
# name 10 = altM: Altimeter [m]
# name 11 = flECO-AFL: Chl-a Fluorescence, WET Labs ECO-AFL/FL [mg/m^3]
# name 12 = flECO-AFL1: Phycocyanin Fluorescence, WET Labs ECO-AFL/FL, 2 [mg/m^3]
# name 13 = par: PAR/Irradiance, Biospherical/Lico [µE/(cm^2*s)]
# name 14 = turbWETntu0: Turbidity, WET Labs ECO [NTU]
# name 15 = sal00: Salinity, Practical [PSU]
# name 16 = sal11: Salinity, Practical, 2 [PSU]
# name 17 = secS-priS: Salinity, Practical, Difference, 2 - 1 [PSU]
# name 18 = sigma-t00: Density [sigma-t, Kg/m^3 ]
# name 19 = sigma-t11: Density, 2 [sigma-t, Kg/m^3 ]
# name 20 = depSM: Depth [salt water, m], lat = 55.5552
# name 21 = depFM: Depth [true depth, m], lat = 55.5552
# name 22 = dz/dtM: Descent Rate [m/s], WS = 2
# name 23 = svCM: Sound Velocity [Chen-Millero, m/s]
# name 24 = svCM1: Sound Velocity, 2 [Chen-Millero, m/s]
# name 25 = flag: flag
# span 0 =      29189,      32906       
# span 1 =      1.500,     85.000       
# span 2 =     3.4368,    13.5482       
# span 3 =     3.4385,    13.5664       
# span 4 =    -0.0060,     0.0614       
# span 5 =   0.775886,   1.139369       
# span 6 =   0.775900,   1.138913       
# span 7 =          1,          1       
# span 8 = -9.990e-29, -9.990e-29       
# span 9 = -9.990e-29, -9.990e-29       
# span 10 =       3.97,     118.35      
# span 11 =     0.2454,     1.5164      
# span 12 =     0.1692,     0.4382      
# span 13 = -2.555e-06, 3.7090e+01      
# span 14 =     0.1430,     1.4822      
# span 15 =     7.2871,    10.5300      
# span 16 =     7.2831,    10.5258      
# span 17 =    -0.0063,     0.0002      
# span 18 =     4.9751,     8.2834      
# span 19 =     4.9720,     8.2802      
# span 20 =      1.486,     84.212      
# span 21 =      1.520,     86.082      
# span 22 =      0.160,      0.639      
# span 23 =    1429.83,    1469.70      
# span 24 =    1429.84,    1469.70      
# span 25 = 0.0000e+00, 0.0000e+00      
# interval = decibars: 0.5              
# start_time = Oct 16 2018 05:27:42 [NMEA time, first data scan]
# bad_flag = -9.990e-29
*END*
[from data line 56]
      30484     29.500    13.0896    13.1060     0.0163    0.98216    0.98243          1 -9.990e-29 -9.990e-29      90.22     0.9541     0.3603  1.000e-12  0.2328000     7.3285     7.3275    -0.0010     5.0342     5.0310     29.231     29.898      0.570    1468.35    1468.41  0.000e+00
      30504     30.000    13.0051    13.0020    -0.0030    0.97992    0.97973          1 -9.990e-29 -9.990e-29      97.41     0.8874     0.3242  1.000e-12  0.2291000     7.3266     7.3256    -0.0010     5.0449     5.0446     29.726     30.405      0.596    1468.05    1468.04  0.000e+00
      30524     30.500    12.8496    12.8506     0.0010    0.97587    0.97572          1 -9.990e-29 -9.990e-29      55.33     0.8291     0.3243  1.000e-12  0.2427000     7.3238     7.3224    -0.0014     5.0649     5.0637     30.221     30.911      0.593    1467.49    1467.50  0.000e+00
      30545     31.000    12.7529    12.7587     0.0058    0.97322    0.97330          1 -9.990e-29 -9.990e-29      54.17     0.7680     0.2778  1.000e-12  0.2728000     7.3209     7.3204    -0.0005     5.0764     5.0752     30.717     31.418      0.576    1467.15    1467.17  0.000e+00
      30566     31.500    12.6762    12.6858     0.0095    0.97109    0.97124          1 -9.990e-29 -9.990e-29      57.94     0.7188     0.2892  1.000e-12  0.2323000     7.3183     7.3177    -0.0007     5.0852     5.0833     31.212     31.925      0.567    1466.87    1466.91  0.000e+00
      30587     32.000    12.5229    12.5312     0.0083    0.96680    0.96690          1 -9.990e-29 -9.990e-29      57.96     0.7150     0.2999  1.000e-12  0.2295000     7.3130     7.3122    -0.0008     5.1023     5.1006     31.708     32.431      0.551    1466.32    1466.35  0.000e+00
      30609     32.500    12.4527    12.4574     0.0047    0.96471    0.96474          1 -9.990e-29 -9.990e-29      57.56     0.8179     0.2834  1.000e-12  0.2389000     7.3095     7.3088    -0.0007     5.1093     5.1081     32.203     32.938      0.534    1466.06    1466.08  0.000e+00
      30632     33.000    12.4213    12.4237     0.0024    0.96399    0.96400          1 -9.990e-29 -9.990e-29      56.85     0.9014     0.3093  1.000e-12  0.2453000     7.3096     7.3092    -0.0004     5.1137     5.1131     32.698     33.445      0.548    1465.96    1465.97  0.000e+00
      30653     33.500    12.4142    12.4165     0.0023    0.96390    0.96391          1 -9.990e-29 -9.990e-29      56.47     0.9244     0.3237  1.000e-12  0.2437000     7.3101     7.3098    -0.0004     5.1151     5.1145     33.194     33.951      0.559    1465.94    1465.95  0.000e+00
      30675     34.000    12.4213    12.4217     0.0004    0.96441    0.96436          1 -9.990e-29 -9.990e-29      55.89     0.9791     0.3115  1.000e-12  0.2531000     7.3129     7.3124    -0.0005     5.1163     5.1158     33.689     34.458      0.546    1465.98    1465.98  0.000e+00
      30697     34.500    12.4328    12.4336     0.0008    0.96514    0.96509          1 -9.990e-29 -9.990e-29      55.48     0.9321     0.2834  1.000e-12  0.2414000     7.3166     7.3160    -0.0006     5.1175     5.1170     34.185     34.965      0.543    1466.03    1466.03  0.000e+00
      30719     35.000    12.4364    12.4363    -0.0000    0.96539    0.96532          1 -9.990e-29 -9.990e-29      62.87     0.9215     0.2818  1.000e-12  0.2529000     7.3179     7.3174    -0.0005     5.1181     5.1177     34.680     35.471      0.571    1466.05    1466.05  0.000e+00
      30739     35.500    12.4453    12.4468     0.0015    0.96598    0.96596          1 -9.990e-29 -9.990e-29      73.67     0.9034     0.3094  1.000e-12  0.2466000     7.3209     7.3205    -0.0004     5.1192     5.1187     35.175     35.978      0.582    1466.10    1466.10  0.000e+00
      30760     36.000    12.4353    12.4345    -0.0007    0.96609    0.96604          1 -9.990e-29 -9.990e-29      54.02     0.8801     0.3247  1.000e-12  0.2465000     7.3237     7.3234    -0.0003     5.1227     5.1226     35.671     36.485      0.553    1466.07    1466.07  0.000e+00
      30783     36.500    12.3701    12.3763     0.0061    0.96444    0.96454          1 -9.990e-29 -9.990e-29      53.26     0.8220     0.3107  1.000e-12  0.2495000     7.3228     7.3224    -0.0003     5.1309     5.1298     36.166     36.991      0.526    1465.84    1465.86  0.000e+00
      30806     37.000    12.3279    12.3293     0.0014    0.96347    0.96344          1 -9.990e-29 -9.990e-29      52.81     0.7520     0.3308  1.000e-12  0.2411000     7.3230     7.3224    -0.0006     5.1368     5.1362     36.661     37.498      0.547    1465.70    1465.70  0.000e+00
      30827     37.500    12.3248    12.3266     0.0017    0.96365    0.96364          1 -9.990e-29 -9.990e-29      43.91     0.7510     0.3079  1.000e-12  0.2361000     7.3250     7.3246    -0.0005     5.1388     5.1382     37.157     38.005      0.571    1465.69    1465.70  0.000e+00
      30848     38.000    12.3118    12.3142     0.0025    0.96345    0.96347          1 -9.990e-29 -9.990e-29      44.78     0.7453     0.3042  1.000e-12  0.2427000     7.3259     7.3255    -0.0004     5.1412     5.1406     37.652     38.511      0.555    1465.66    1465.66  0.000e+00
      30870     38.500    12.2744    12.2769     0.0025    0.96280    0.96282          1 -9.990e-29 -9.990e-29      51.15     0.7710     0.3567  1.000e-12  0.2470000     7.3278     7.3274    -0.0003     5.1477     5.1471     38.148     39.018      0.534    1465.53    1465.54  0.000e+00
      30892     39.000    12.2440    12.2464     0.0024    0.96219    0.96220          1 -9.990e-29 -9.990e-29      50.68     0.7792     0.2926  1.000e-12  0.2574000     7.3286     7.3282    -0.0004     5.1525     5.1518     38.643     39.525      0.546    1465.43    1465.43  0.000e+00
      30914     39.500    12.1850    12.1894     0.0044    0.96087    0.96092          1 -9.990e-29 -9.990e-29      76.44     0.7714     0.3069  1.000e-12  0.2549000     7.3292     7.3287    -0.0005     5.1609     5.1599     39.138     40.031      0.564    1465.22    1465.23  0.000e+00
      30935     40.000    12.1047    12.1099     0.0052    0.95908    0.95913          1 -9.990e-29 -9.990e-29      52.56     0.7698     0.2571  1.000e-12  0.2423000     7.3301     7.3295    -0.0006     5.1722     5.1711     39.634     40.538      0.551    1464.93    1464.95  0.000e+00
      30958     40.500    12.0151    12.0218     0.0067    0.95703    0.95714          1 -9.990e-29 -9.990e-29      77.23     0.7804     0.2587  1.000e-12  0.2305000     7.3306     7.3302    -0.0004     5.1845     5.1833     40.129     41.045      0.517    1464.61    1464.63  0.000e+00
      30981     41.000    11.7058    11.7259     0.0200    0.94945    0.94981          1 -9.990e-29 -9.990e-29      69.81     0.7983     0.2912  1.000e-12  0.2359000     7.3283     7.3273    -0.0010     5.2229     5.2195     40.624     41.551      0.528    1463.46    1463.53  0.000e+00
      31003     41.500    11.3530    11.3604     0.0074    0.94107    0.94119          1 -9.990e-29 -9.990e-29      43.10     0.8613     0.3064  1.000e-12  0.2481000     7.3277     7.3272    -0.0005     5.2671     5.2658     41.120     42.058      0.586    1462.15    1462.18  0.000e+00
      31023     42.000    11.2311    11.2351     0.0040    0.93847    0.93850          1 -9.990e-29 -9.990e-29      47.70     0.7506     0.2947  1.000e-12  0.2377000     7.3299     7.3293    -0.0006     5.2838     5.2829     41.615     42.565      0.605    1461.70    1461.71  0.000e+00
      31043     42.500    11.1677    11.1714     0.0037    0.93713    0.93717          1 -9.990e-29 -9.990e-29      54.95     0.7158     0.3070  1.000e-12  0.2224000     7.3310     7.3306    -0.0004     5.2924     5.2916     42.111     43.071      0.557    1461.47    1461.48  0.000e+00
      31066     43.000    11.0484    11.0536     0.0052    0.93446    0.93455          1 -9.990e-29 -9.990e-29      28.61     0.7112     0.2985  1.000e-12  0.2255000     7.3321     7.3319    -0.0003     5.3077     5.3068     42.606     43.578      0.489    1461.03    1461.05  0.000e+00
      31091     43.500    10.9516    10.9534     0.0018    0.93258    0.93256          1 -9.990e-29 -9.990e-29      45.94     0.7116     0.2560  1.000e-12  0.2362000     7.3354     7.3349    -0.0005     5.3218     5.3213     43.101     44.084      0.509    1460.67    1460.68  0.000e+00
      31113     44.000    10.8870    10.8918     0.0048    0.93155    0.93161          1 -9.990e-29 -9.990e-29      46.01     0.6938     0.2504  1.000e-12  0.2298000     7.3395     7.3391    -0.0004     5.3327     5.3317     43.597     44.591      0.589    1460.44    1460.46  0.000e+00
      31133     44.500    10.6345    10.6436     0.0093    0.92664    0.92673          1 -9.990e-29 -9.990e-29      46.12     0.6583     0.2695  1.000e-12  0.2291000     7.3480     7.3470    -0.0010     5.3687     5.3669     44.092     45.097      0.629    1459.49    1459.52  0.000e+00
      31152     45.000    10.4657    10.4839     0.0179    0.92330    0.92359          1 -9.990e-29 -9.990e-29      45.57     0.6264     0.3243  1.000e-12  0.2191000     7.3533     7.3521    -0.0011     5.3921     5.3892     44.587     45.604      0.593    1458.86    1458.92  0.000e+00
      31174     45.500    10.3578    10.3529    -0.0049    0.92110    0.92092          1 -9.990e-29 -9.990e-29      44.78     0.6124     0.2880  1.000e-12  0.2156000     7.3561     7.3555    -0.0006     5.4064     5.4065     45.083     46.110      0.491    1458.45    1458.43  0.000e+00
      31201     46.000    10.2134    10.2250     0.0115    0.91873    0.91889          1 -9.990e-29 -9.990e-29      43.54     0.5805     0.2797  1.000e-12  0.2126000     7.3647     7.3637    -0.0010     5.4291     5.4271     45.578     46.617      0.460    1457.91    1457.96  0.000e+00
      31225     46.500     9.8355     9.8537     0.0181    0.91170    0.91207          1 -9.990e-29 -9.990e-29      43.07     0.6156     0.3253  1.000e-12  0.2104000     7.3804     7.3799    -0.0004     5.4819     5.4796     46.073     47.124      0.567    1456.47    1456.54  0.000e+00
      31244     47.000     9.0760     9.1376     0.0614    0.89252    0.89375          1 -9.990e-29 -9.990e-29      42.66     0.6234     0.3057  1.000e-12  0.2008000     7.3671     7.3652    -0.0018     5.5470     5.5398     46.569     47.630      0.639    1453.46    1453.70  0.000e+00
      31262     47.500     8.0253     8.0578     0.0329    0.86388    0.86431          1 -9.990e-29 -9.990e-29      42.16     0.6109     0.2715  1.000e-12  0.1886000     7.3272     7.3244    -0.0028     5.6092     5.6044     47.064     48.136      0.624    1449.18    1449.31  0.000e+00
      31283     48.000     7.4287     7.4790     0.0499    0.84806    0.84882          1 -9.990e-29 -9.990e-29      41.61     0.6429     0.3227  1.000e-12  0.1971000     7.3066     7.3031    -0.0035     5.6393     5.6328     47.559     48.643      0.541    1446.71    1446.91  0.000e+00
      31308     48.500     6.5093     6.5584     0.0494    0.82522    0.82590          1 -9.990e-29 -9.990e-29      41.00     0.5680     0.2971  1.000e-12  0.1925000     7.2871     7.2831    -0.0040     5.6856     5.6794     48.055     49.149      0.473    1442.84    1443.04  0.000e+00
      31333     49.000     5.6539     5.6944     0.0405    0.80675    0.80738          1 -9.990e-29 -9.990e-29      40.50     0.3996     0.2160  1.000e-12  0.1814000     7.2935     7.2908    -0.0027     5.7375     5.7334     48.550     49.656      0.526    1439.19    1439.36  0.000e+00
      31354     49.500     5.2385     5.2556     0.0171    0.79865    0.79885          1 -9.990e-29 -9.990e-29      76.29     0.3622     0.2256  1.000e-12  0.1793000     7.3045     7.3027    -0.0018     5.7654     5.7632     49.046     50.162      0.595    1437.40    1437.48  0.000e+00
      31373     50.000     5.1281     5.1334     0.0053    0.79842    0.79836          1 -9.990e-29 -9.990e-29      39.11     0.3371     0.2454  1.000e-12  0.1772000     7.3264     7.3246    -0.0018     5.7873     5.7857     49.541     50.668      0.592    1436.96    1436.98  0.000e+00
      31394     50.500     5.1079     5.1118     0.0040    0.80051    0.80048          1 -9.990e-29 -9.990e-29      38.58     0.3153     0.2537  1.000e-12  0.1686000     7.3514     7.3502    -0.0012     5.8079     5.8068     50.036     51.175      0.537    1436.91    1436.92  0.000e+00
      31418     51.000     4.9916     5.0037     0.0121    0.79941    0.79958          1 -9.990e-29 -9.990e-29      37.91     0.3131     0.1932  1.000e-12  0.1581000     7.3662     7.3651    -0.0010     5.8242     5.8229     50.532     51.681      0.512    1436.42    1436.48  0.000e+00
      31441     51.500     4.6979     4.7203     0.0224    0.79372    0.79401          1 -9.990e-29 -9.990e-29      37.66     0.2961     0.2078  1.000e-12  0.1681000     7.3746     7.3726    -0.0021     5.8417     5.8393     51.027     52.187      0.546    1435.15    1435.24  0.000e+00
      31462     52.000     4.3507     4.3681     0.0174    0.78617    0.78639          1 -9.990e-29 -9.990e-29      37.28     0.3074     0.2071  1.000e-12  0.1742000     7.3764     7.3748    -0.0016     5.8544     5.8526     51.522     52.694      0.570    1433.61    1433.69  0.000e+00
      31483     52.500     4.1797     4.1877     0.0080    0.78301    0.78306          1 -9.990e-29 -9.990e-29      36.80     0.2637     0.2071  1.000e-12  0.1587000     7.3829     7.3816    -0.0013     5.8645     5.8632     52.018     53.200      0.563    1432.86    1432.90  0.000e+00
      31505     53.000     4.1287     4.1340     0.0054    0.78285    0.78287          1 -9.990e-29 -9.990e-29      36.88     0.2824     0.2008  1.000e-12  0.1599000     7.3927     7.3917    -0.0010     5.8736     5.8727     52.513     53.706      0.541    1432.66    1432.68  0.000e+00
      31527     53.500     4.0527     4.0605     0.0078    0.78194    0.78201          1 -9.990e-29 -9.990e-29      36.98     0.2891     0.1965  1.000e-12  0.1556000     7.4005     7.3995    -0.0010     5.8818     5.8808     53.008     54.213      0.533    1432.33    1432.37  0.000e+00
      31550     54.000     3.9785     3.9841     0.0057    0.78090    0.78094          1 -9.990e-29 -9.990e-29      36.48     0.2930     0.2080  1.000e-12  0.1488000     7.4067     7.4058    -0.0009     5.8885     5.8877     53.504     54.719      0.555    1432.01    1432.04  0.000e+00
      31571     54.500     3.9353     3.9413     0.0060    0.78064    0.78068          1 -9.990e-29 -9.990e-29      35.93     0.3089     0.2214  1.000e-12  0.1492000     7.4138     7.4128    -0.0009     5.8952     5.8943     53.999     55.225      0.567    1431.84    1431.86  0.000e+00
      31592     55.000     3.8910     3.8959     0.0049    0.78028    0.78030          1 -9.990e-29 -9.990e-29      35.46     0.3178     0.1983  1.000e-12  0.1494000     7.4200     7.4192    -0.0009     5.9012     5.9004     54.494     55.731      0.546    1431.66    1431.67  0.000e+00
      31615     55.500     3.8390     3.8444     0.0054    0.77969    0.77972          1 -9.990e-29 -9.990e-29      34.94     0.3076     0.2203  1.000e-12  0.1615000     7.4258     7.4249    -0.0009     5.9070     5.9061     54.990     56.238      0.519    1431.43    1431.46  0.000e+00
      31638     56.000     3.8055     3.8094     0.0039    0.77951    0.77952          1 -9.990e-29 -9.990e-29      33.70     0.3161     0.2442  1.000e-12  0.1544000     7.4315     7.4308    -0.0007     5.9122     5.9116     55.485     56.744      0.528    1431.30    1431.31  0.000e+00
      31660     56.500     3.7872     3.7901     0.0029    0.77966    0.77966          1 -9.990e-29 -9.990e-29      32.69     0.3097     0.2450  1.000e-12  0.1591000     7.4371     7.4365    -0.0007     5.9171     5.9165     55.980     57.250      0.576    1431.23    1431.24  0.000e+00
