ctdpy/tests/etc/all_smhi_bas_2018/SBE09_0827_20160119_1300_26_01_0105.cnv
* Sea-Bird SBE 9 Data File:
* FileName = D:\CTD_SBE911\DAT\26DA.2016.1.8.hex
* Software Version Seasave V 7.21d
* Temperature SN = 034757
* Conductivity SN = 043188
* Number of Bytes Per Scan = 48
* Number of Voltage Words = 5
* Number of Scans Averaged by the Deck Unit = 1
* NMEA Latitude = 57 57.68 N
* NMEA Longitude = 009 48.77 E
* NMEA UTC (Time) = Jan 19 2016  13:01:36
* NMEA baud rate = 4800
** Ship: DANA
** Average sound velocity: 1473.23 m/s
** True-depth calculation Wed, 24 May 2017 05:51:03 +0000
** CTD Python Module SMHI /ver 3-12/ feb 2012 
** LIMS Job: 20162601-0105
**  24 N Hirtshals
** Operator:  Christian
** Cruise: 01/2016
# nquan = 26
# nvalues = 202                         
# units = specified
# name 0 = scan: Scan Count
# name 1 = prDM: Pressure, Digiquartz [db]
# name 2 = t090C: Temperature [ITS-90, deg C]
# name 3 = t190C: Temperature, 2 [ITS-90, deg C]
# name 4 = T2-T190C: Temperature Difference, 2 - 1 [ITS-90, deg C]
# name 5 = c0S/m: Conductivity [S/m]
# name 6 = c1S/m: Conductivity, 2 [S/m]
# name 7 = pumps: Pump Status
# name 8 = sbeox1ML/L: Oxygen, SBE 43, 2 [ml/l]
# name 9 = sbeox0ML/L: Oxygen, SBE 43 [ml/l]
# name 10 = altM: Altimeter [m]
# name 11 = chloroflTC0: Chlorophyll, Turner Cyclops [ug/l]
# name 12 = cpar: CPAR/Corrected Irradiance [%]
# name 13 = par: PAR/Irradiance, Biospherical/Licor
# name 14 = spar: SPAR/Surface Irradiance
# name 15 = sal00: Salinity, Practical [PSU]
# name 16 = sal11: Salinity, Practical, 2 [PSU]
# name 17 = secS-priS: Salinity, Practical, Difference, 2 - 1 [PSU]
# name 18 = sigma-t00: Density [sigma-t, kg/m^3 ]
# name 19 = sigma-t11: Density, 2 [sigma-t, kg/m^3 ]
# name 20 = depSM: Depth [salt water, m], lat = 57.9613
# name 21 = depFM: Depth [true depth, m], lat = 57.9613
# name 22 = dz/dtM: Descent Rate [m/s], WS = 2
# name 23 = svCM: Sound Velocity [Chen-Millero, m/s]
# name 24 = svCM1: Sound Velocity, 2 [Chen-Millero, m/s]
# name 25 = flag: flag
# span 0 =         27,       9411       
# span 1 =      1.000,    101.500       
# span 2 =     3.8191,     7.5415       
# span 3 =     3.8140,     7.4174       
# span 4 =    -0.4792,     0.3491       
# span 5 =   2.984735,   3.531950       
# span 6 =   2.983848,   3.513031       
# span 7 =          1,          1       
# span 8 =     6.0536,     6.8952       
# span 9 =     5.9018,     6.7496       
# span 10 =       2.17,       9.91      
# span 11 =     0.0544,     0.1013      
# span 12 = 9.9999e+04, 9.9999e+04      
# span 13 = 2.8105e+01, 9.9990e+03      
# span 14 = 0.0000e+00, 0.0000e+00      
# span 15 =    31.9656,    34.5972      
# span 16 =    31.9557,    34.5933      
# span 17 =    -0.3481,     0.0506      
# span 18 =    25.3878,    27.1805      
# span 19 =    25.3798,    27.1771      
# span 20 =      0.991,    100.535      
# span 21 =      0.993,    100.693      
# span 22 =      0.029,      0.799      
# span 23 =    1461.99,    1480.64      
# span 24 =    1462.01,    1480.06      
# span 25 = 0.0000e+00, 0.0000e+00      
# interval = decibars: 0.5              
# start_time = Jan 19 2016 13:01:36 [NMEA time, first data scan]
# bad_flag = -9.990e-29
*END*
[from data line 56]
       2725     29.000     4.9250     4.6906    -0.2350    3.18072    3.13049          1     6.6630     6.5694       9.90     0.0830  1.000e+05  3.221e+01  0.000e+00    33.1526    32.8045    -0.3481    26.2190    25.9686     28.729     28.798      0.584    1468.54    1467.14  0.000e+00
       2789     29.500     5.3508     4.9801    -0.3696    3.23872    3.17703          1     6.5912     6.4302       9.90     0.0800  1.000e+05  3.143e+01  0.000e+00    33.3942    33.0541    -0.3400    26.3619    26.1344     29.225     29.294      0.359    1470.59    1468.65  0.000e+00
       2867     30.000     5.8293     5.5264    -0.3024    3.30413    3.24913          1     6.5424     6.3301       9.90     0.0775  1.000e+05  3.097e+01  0.000e+00    33.6600    33.3380    -0.3220    26.5148    26.2968     29.720     29.790      0.478    1472.86    1471.24  0.000e+00
       2894     30.500     6.0257     5.8027    -0.2232    3.33165    3.28889          1     6.4761     6.2280       9.90     0.0774  1.000e+05  3.073e+01  0.000e+00    33.7744    33.5142    -0.2602    26.5809    26.4029     30.215     30.286      0.411    1473.80    1472.58  0.000e+00
       2931     31.000     5.9982     5.8556    -0.1426    3.33236    3.30242          1     6.3679     6.1992       9.90     0.0687  1.000e+05  3.052e+01  0.000e+00    33.8097    33.6143    -0.1954    26.6123    26.4756     30.711     30.782      0.285    1473.74    1472.93  0.000e+00
       2974     31.500     6.0155     5.8983    -0.1173    3.34365    3.31200          1     6.3395     6.2289       9.90     0.0681  1.000e+05  3.019e+01  0.000e+00    33.9191    33.6797    -0.2394    26.6965    26.5220     31.206     31.278      0.248    1473.96    1473.19  0.000e+00
       3041     32.000     6.1910     6.0900    -0.1009    3.36570    3.34399          1     6.3271     6.1540       9.90     0.0678  1.000e+05  3.004e+01  0.000e+00    33.9907    33.8480    -0.1427    26.7309    26.6310     31.701     31.774      0.216    1474.75    1474.17  0.000e+00
       3092     32.500     6.3755     6.2432    -0.1323    3.38982    3.36722          1     6.2573     6.1702       9.90     0.0643  1.000e+05  2.996e+01  0.000e+00    34.0756    33.9554    -0.1202    26.7741    26.6963     32.196     32.270      0.294    1475.59    1474.92  0.000e+00
       3128     33.000     6.8328     6.4110    -0.4215    3.44613    3.38613          1     6.2757     6.1061       9.90     0.0657  1.000e+05  2.978e+01  0.000e+00    34.2431    33.9987    -0.2444    26.8452    26.7088     32.692     32.766      0.348    1477.60    1475.64  0.000e+00
       3167     33.500     7.2513     6.7721    -0.4792    3.49375    3.42696          1     6.2174     6.0028       9.90     0.0662  1.000e+05  2.955e+01  0.000e+00    34.3496    34.0921    -0.2575    26.8715    26.7347     33.187     33.262      0.224    1479.36    1477.19  0.000e+00
       3248     34.000     7.5415     7.0976    -0.4438    3.53195    3.46641          1     6.2195     5.9149       9.90     0.0553  1.000e+05  2.950e+01  0.000e+00    34.4768    34.2023    -0.2745    26.9302    26.7767     33.682     33.758      0.333    1480.64    1478.59  0.000e+00
       3272     34.500     7.4613     7.4174    -0.0436    3.52374    3.50825          1     6.1526     5.9018       9.90     0.0545  1.000e+05  2.939e+01  0.000e+00    34.4669    34.3421    -0.1249    26.9339    26.8419     34.178     34.254      0.493    1480.33    1480.01  0.000e+00
       3297     35.000     7.2177     7.4090     0.1911    3.50083    3.51303          1     6.0923     5.9873       9.90     0.0544  1.000e+05  2.925e+01  0.000e+00    34.4595    34.4021    -0.0574    26.9626    26.8904     34.673     34.750      0.395    1479.40    1480.06  0.000e+00
       3376     35.500     6.9852     7.1991     0.2136    3.47668    3.49686          1     6.0536     6.0083       9.90     0.0583  1.000e+05  2.913e+01  0.000e+00    34.4265    34.4343     0.0079    26.9689    26.9454     35.168     35.246      0.254    1478.46    1479.30  0.000e+00
       3423     36.000     6.6128     6.8846     0.2719    3.44028    3.46916          1     6.1149     6.0588       9.90     0.0574  1.000e+05  2.906e+01  0.000e+00    34.3978    34.4443     0.0465    26.9970    26.9969     35.663     35.742      0.356    1476.99    1478.10  0.000e+00
       3460     36.500     6.3845     6.7336     0.3491    3.41710    3.45325          1     6.2342     6.1254       9.90     0.0660  1.000e+05  2.896e+01  0.000e+00    34.3692    34.4199     0.0506    27.0046    26.9981     36.159     36.238      0.286    1476.06    1477.50  0.000e+00
       3508     37.000     6.2331     6.5448     0.3116    3.40360    3.43569          1     6.2865     6.1785       9.90     0.0669  1.000e+05  2.890e+01  0.000e+00    34.3709    34.4146     0.0438    27.0257    27.0193     36.654     36.733      0.235    1475.48    1476.76  0.000e+00
       3558     37.500     6.2214     6.3366     0.1151    3.40264    3.41610          1     6.2643     6.1896       9.90     0.0713  1.000e+05  2.885e+01  0.000e+00    34.3717    34.4060     0.0343    27.0278    27.0400     37.149     37.229      0.284    1475.44    1475.94  0.000e+00
       3592     38.000     6.2234     6.2246     0.0014    3.40331    3.40471          1     6.3075     6.1882       9.90     0.0793  1.000e+05  2.879e+01  0.000e+00    34.3770    34.3915     0.0145    27.0318    27.0430     37.644     37.725      0.418    1475.46    1475.49  0.000e+00
       3620     38.500     6.2567     6.2748     0.0181    3.40668    3.40802          1     6.3495     6.1811       9.90     0.0726  1.000e+05  2.871e+01  0.000e+00    34.3809    34.3775    -0.0034    27.0305    27.0255     38.140     38.221      0.342    1475.61    1475.68  0.000e+00
       3711     39.000     6.2487     6.2666     0.0178    3.40587    3.40769          1     6.3110     6.1842       9.90     0.0691  1.000e+05  2.871e+01  0.000e+00    34.3795    34.3819     0.0023    27.0305    27.0300     38.635     38.717      0.324    1475.58    1475.66  0.000e+00
       3740     39.500     6.2247     6.2284     0.0038    3.40416    3.40452          1     6.3108     6.1958       9.90     0.0682  1.000e+05  2.867e+01  0.000e+00    34.3845    34.3848     0.0003    27.0375    27.0373     39.130     39.213      0.487    1475.50    1475.52  0.000e+00
       3766     40.000     6.2256     6.2263     0.0007    3.40437    3.40415          1     6.3378     6.2047       9.90     0.0699  1.000e+05  2.860e+01  0.000e+00    34.3856    34.3824    -0.0032    27.0383    27.0356     39.626     39.709      0.371    1475.52    1475.52  0.000e+00
       3844     40.500     6.2475     6.2489     0.0014    3.40729    3.40632          1     6.3290     6.1982       9.90     0.0678  1.000e+05  2.856e+01  0.000e+00    34.3960    34.3837    -0.0123    27.0436    27.0337     40.121     40.204      0.304    1475.62    1475.61  0.000e+00
       3878     41.000     6.2795     6.2773    -0.0022    3.41181    3.41006          1     6.3050     6.1956       9.90     0.0676  1.000e+05  2.853e+01  0.000e+00    34.4140    34.3967    -0.0174    27.0537    27.0403     40.616     40.700      0.583    1475.78    1475.75  0.000e+00
       3896     41.500     6.2895     6.2892    -0.0003    3.41303    3.41194          1     6.3260     6.1916       9.90     0.0702  1.000e+05  2.851e+01  0.000e+00    34.4172    34.4054    -0.0118    27.0549    27.0456     41.111     41.196      0.614    1475.83    1475.82  0.000e+00
       3927     42.000     6.2889     6.2896     0.0007    3.41348    3.41282          1     6.3361     6.1926       9.90     0.0730  1.000e+05  2.846e+01  0.000e+00    34.4226    34.4145    -0.0082    27.0593    27.0528     41.607     41.692      0.399    1475.85    1475.84  0.000e+00
       4045     42.500     6.2828     6.2842     0.0014    3.41250    3.41217          1     6.2855     6.1904       9.90     0.0738  1.000e+05  2.848e+01  0.000e+00    34.4177    34.4124    -0.0053    27.0562    27.0518     42.102     42.188      0.472    1475.82    1475.82  0.000e+00
       4063     43.000     6.2939     6.2915    -0.0023    3.41547    3.41371          1     6.3156     6.1879       9.90     0.0724  1.000e+05  2.844e+01  0.000e+00    34.4394    34.4220    -0.0173    27.0719    27.0585     42.597     42.684      0.585    1475.90    1475.87  0.000e+00
       4083     43.500     6.2986     6.3013     0.0028    3.41651    3.41620          1     6.3658     6.1978       9.90     0.0712  1.000e+05  2.843e+01  0.000e+00    34.4460    34.4397    -0.0063    27.0765    27.0712     43.093     43.180      0.523    1475.94    1475.94  0.000e+00
       4114     44.000     6.3137     6.3257     0.0120    3.41894    3.41937          1     6.3698     6.1954       9.90     0.0722  1.000e+05  2.842e+01  0.000e+00    34.4577    34.4504    -0.0073    27.0837    27.0764     43.588     43.675      0.292    1476.02    1476.06  0.000e+00
       4184     44.500     6.2994     6.3193     0.0200    3.41659    3.41832          1     6.3430     6.1916       9.90     0.0751  1.000e+05  2.841e+01  0.000e+00    34.4456    34.4448    -0.0007    27.0760    27.0729     44.083     44.171      0.179    1475.96    1476.04  0.000e+00
       4244     45.000     6.3456     6.3440    -0.0015    3.42448    3.42219          1     6.3460     6.1967       9.90     0.0724  1.000e+05  2.842e+01  0.000e+00    34.4868    34.4628    -0.0241    27.1026    27.0838     44.578     44.667      0.332    1476.20    1476.16  0.000e+00
       4271     45.500     6.3522     6.3526     0.0003    3.42532    3.42459          1     6.3588     6.2040       9.90     0.0689  1.000e+05  2.837e+01  0.000e+00    34.4892    34.4808    -0.0085    27.1036    27.0969     45.074     45.163      0.474    1476.24    1476.23  0.000e+00
       4298     46.000     6.3528     6.3554     0.0027    3.42570    3.42538          1     6.3363     6.1995       9.90     0.0714  1.000e+05  2.834e+01  0.000e+00    34.4927    34.4864    -0.0063    27.1063    27.1010     45.569     45.659      0.348    1476.25    1476.25  0.000e+00
       4388     46.500     6.3484     6.3524     0.0040    3.42486    3.42478          1     6.3251     6.1915       9.90     0.0712  1.000e+05  2.835e+01  0.000e+00    34.4875    34.4825    -0.0050    27.1027    27.0983     46.064     46.155      0.330    1476.24    1476.25  0.000e+00
       4416     47.000     6.3510     6.3507    -0.0002    3.42747    3.42679          1     6.2966     6.1889       9.90     0.0713  1.000e+05  2.832e+01  0.000e+00    34.5139    34.5065    -0.0074    27.1232    27.1174     46.559     46.650      0.479    1476.29    1476.28  0.000e+00
       4441     47.500     6.3504     6.3507     0.0003    3.42772    3.42746          1     6.3059     6.1929       9.90     0.0728  1.000e+05  2.829e+01  0.000e+00    34.5169    34.5138    -0.0031    27.1257    27.1232     47.055     47.146      0.436    1476.30    1476.30  0.000e+00
       4476     48.000     6.3497     6.3502     0.0006    3.42778    3.42755          1     6.3453     6.1888       9.90     0.0726  1.000e+05  2.828e+01  0.000e+00    34.5181    34.5149    -0.0031    27.1267    27.1242     47.550     47.642      0.288    1476.30    1476.30  0.000e+00
       4530     48.500     6.3491     6.3494     0.0003    3.42789    3.42756          1     6.3475     6.1873       9.90     0.0743  1.000e+05  2.827e+01  0.000e+00    34.5197    34.5156    -0.0040    27.1281    27.1248     48.045     48.138      0.198    1476.31    1476.31  0.000e+00
       4589     49.000     6.3477     6.3485     0.0007    3.42778    3.42751          1     6.3760     6.1899       9.90     0.0712  1.000e+05  2.827e+01  0.000e+00    34.5195    34.5158    -0.0037    27.1281    27.1251     48.540     48.634      0.218    1476.31    1476.31  0.000e+00
       4635     49.500     6.3487     6.3495     0.0007    3.42813    3.42769          1     6.2855     6.1829       9.90     0.0705  1.000e+05  2.826e+01  0.000e+00    34.5222    34.5165    -0.0057    27.1301    27.1255     49.036     49.129      0.338    1476.33    1476.33  0.000e+00
       4667     50.000     6.3498     6.3511     0.0013    3.42833    3.42795          1     6.3126     6.1845       9.90     0.0728  1.000e+05  2.827e+01  0.000e+00    34.5231    34.5175    -0.0055    27.1306    27.1261     49.531     49.625      0.336    1476.34    1476.34  0.000e+00
       4716     50.500     6.3500     6.3526     0.0026    3.42842    3.42818          1     6.3244     6.1856       9.90     0.0715  1.000e+05  2.825e+01  0.000e+00    34.5237    34.5183    -0.0054    27.1311    27.1265     50.026     50.121      0.216    1476.35    1476.36  0.000e+00
       4764     51.000     6.3555     6.3578     0.0023    3.42923    3.42889          1     6.3098     6.1795       9.90     0.0712  1.000e+05  2.823e+01  0.000e+00    34.5269    34.5207    -0.0062    27.1329    27.1277     50.521     50.617      0.341    1476.39    1476.39  0.000e+00
       4797     51.500     6.3563     6.3579     0.0016    3.42944    3.42918          1     6.3387     6.1823       9.90     0.0719  1.000e+05  2.822e+01  0.000e+00    34.5281    34.5236    -0.0045    27.1338    27.1300     51.017     51.113      0.322    1476.40    1476.40  0.000e+00
       4843     52.000     6.3565     6.3571     0.0006    3.42956    3.42919          1     6.3535     6.1832       9.90     0.0706  1.000e+05  2.820e+01  0.000e+00    34.5291    34.5244    -0.0047    27.1345    27.1307     51.512     51.609      0.236    1476.41    1476.41  0.000e+00
       4889     52.500     6.3563     6.3562    -0.0001    3.42964    3.42918          1     6.3298     6.1803       9.90     0.0703  1.000e+05  2.820e+01  0.000e+00    34.5299    34.5248    -0.0051    27.1352    27.1312     52.007     52.104      0.273    1476.42    1476.41  0.000e+00
       4939     53.000     6.3557     6.3566     0.0009    3.42965    3.42930          1     6.3047     6.1753       9.90     0.0704  1.000e+05  2.820e+01  0.000e+00    34.5304    34.5256    -0.0048    27.1357    27.1318     52.502     52.600      0.216    1476.42    1476.42  0.000e+00
       4991     53.500     6.3569     6.3589     0.0021    3.42995    3.42968          1     6.2985     6.1830       9.90     0.0703  1.000e+05  2.820e+01  0.000e+00    34.5323    34.5272    -0.0051    27.1370    27.1327     52.998     53.096      0.278    1476.44    1476.44  0.000e+00
       5031     54.000     6.3591     6.3603     0.0012    3.43028    3.42991          1     6.3089     6.1807       9.90     0.0705  1.000e+05  2.819e+01  0.000e+00    34.5335    34.5281    -0.0054    27.1377    27.1332     53.493     53.592      0.318    1476.46    1476.46  0.000e+00
       5065     54.500     6.3636     6.3647     0.0011    3.43090    3.43042          1     6.3090     6.1788       9.90     0.0682  1.000e+05  2.819e+01  0.000e+00    34.5356    34.5290    -0.0065    27.1387    27.1334     53.988     54.088      0.386    1476.49    1476.48  0.000e+00
       5098     55.000     6.3692     6.3788     0.0096    3.43186    3.43211          1     6.3287     6.1723       9.90     0.0710  1.000e+05  2.819e+01  0.000e+00    34.5403    34.5334    -0.0069    27.1418    27.1350     54.483     54.583      0.280    1476.52    1476.55  0.000e+00
       5159     55.500     6.3844     6.3960     0.0115    3.43405    3.43424          1     6.3172     6.1730       9.90     0.0706  1.000e+05  2.819e+01  0.000e+00    34.5491    34.5396    -0.0096    27.1467    27.1376     54.978     55.079      0.281    1476.60    1476.64  0.000e+00
       5194     56.000     6.3995     6.4025     0.0030    3.43574    3.43545          1     6.3477     6.1703       9.90     0.0697  1.000e+05  2.818e+01  0.000e+00    34.5525    34.5462    -0.0063    27.1474    27.1420     55.474     55.575      0.321    1476.68    1476.68  0.000e+00
