ctdpy/tests/etc/all_smhi_bas_2018/SBE09_0827_20181009_1944_26_01_1054.cnv
* Sea-Bird SBE 9 Data File:
* FileName = D:\CTD_SBE911\DAT\26DA.2018.10.54.hex
* Software Version Seasave V 7.21d
* Temperature SN = 4548
* Conductivity SN = 3062
* Number of Bytes Per Scan = 48
* Number of Voltage Words = 5
* Number of Scans Averaged by the Deck Unit = 1
* NMEA Latitude = 58 44.99 N
* NMEA Longitude = 019 31.25 E
* NMEA UTC (Time) = Oct 09 2018  19:47:06
* NMEA baud rate = 4800
** Ship: DANA
** Average sound velocity: 1446.36 m/s
** True-depth calculation Thu, 28 Mar 2019 12:22:46 +0000
** CTD Python Module SMHI /ver 3-12/ feb 2012 
** LIMS Job: 20182601-1054
** Operator: Christian A-KTh
** Cruise: 10/2018
# nquan = 26
# nvalues = 294                         
# units = specified
# name 0 = scan: Scan Count
# name 1 = prDM: Pressure, Digiquartz [db]
# name 2 = t090C: Temperature [ITS-90, deg C]
# name 3 = t190C: Temperature, 2 [ITS-90, deg C]
# name 4 = T2-T190C: Temperature Difference, 2 - 1 [ITS-90, deg C]
# name 5 = c0S/m: Conductivity [S/m]
# name 6 = c1S/m: Conductivity, 2 [S/m]
# name 7 = pumps: Pump Status
# name 8 = sbeox1ML/L: Oxygen, SBE 43, 2 [ml/l]
# name 9 = sbeox0ML/L: Oxygen, SBE 43 [ml/l]
# name 10 = altM: Altimeter [m]
# name 11 = chloroflTC0: Chlorophyll, Turner Cyclops [ug/l]
# name 12 = cpar: CPAR/Corrected Irradiance [%]
# name 13 = par: PAR/Irradiance, Biospherical/Lico [µE/(cm^2*s)]
# name 14 = spar: SPAR, Biospherical/Licor
# name 15 = sal00: Salinity, Practical [PSU]
# name 16 = sal11: Salinity, Practical, 2 [PSU]
# name 17 = secS-priS: Salinity, Practical, Difference, 2 - 1 [PSU]
# name 18 = sigma-t00: Density [sigma-t, kg/m^3 ]
# name 19 = sigma-t11: Density, 2 [sigma-t, kg/m^3 ]
# name 20 = depSM: Depth [salt water, m], lat = 58.7498
# name 21 = depFM: Depth [true depth, m], lat = 58.7498
# name 22 = dz/dtM: Descent Rate [m/s], WS = 2
# name 23 = svCM: Sound Velocity [Chen-Millero, m/s]
# name 24 = svCM1: Sound Velocity, 2 [Chen-Millero, m/s]
# name 25 = flag: flag
# span 0 =       -350,      13556       
# span 1 =      1.500,    148.000       
# span 2 =     3.2634,    10.7690       
# span 3 =     3.2649,    10.7699       
# span 4 =    -0.1071,     0.7088       
# span 5 =   0.752969,   1.239860       
# span 6 =   0.753874,   1.239740       
# span 7 =          1,          1       
# span 8 =     0.0388,     7.4284       
# span 9 =     0.0396,     7.3599       
# span 10 =      -0.92,      10.54      
# span 11 =     0.0159,     0.0297      
# span 12 = -3.585e+01, 3.7138e+03      
# span 13 = 1.0000e-12, 1.0000e-12      
# span 14 = 1.9554e+00, 2.0315e+00      
# span 15 =     6.6628,    11.3692      
# span 16 =     6.6626,    11.3680      
# span 17 =    -0.1345,     0.0034      
# span 18 =     4.8215,     8.9145      
# span 19 =     4.8212,     8.9136      
# span 20 =      1.486,    146.567      
# span 21 =      1.520,    149.720      
# span 22 =     -0.583,      0.982      
# span 23 =    1428.76,    1459.08      
# span 24 =    1428.79,    1459.08      
# span 25 = 0.0000e+00, 0.0000e+00      
# interval = decibars: 0.5              
# start_time = Oct 09 2018 19:47:06 [NMEA time, first data scan]
# bad_flag = -9.990e-29
*END*
       -350      1.500    10.7673    10.7663    -0.0011    0.84840    0.84839          1     7.2420     6.7673      -0.92     0.0297  4.924e-11  1.000e-12  2.031e+00     6.6630     6.6631     0.0001     4.8218     4.8219      1.486      1.520     -0.583    1458.48    1458.47  0.000e+00
        435      2.000    10.7676    10.7681     0.0005    0.84839    0.84838          1     7.2123     6.7527       3.95     0.0276  4.924e-11  1.000e-12  2.031e+00     6.6628     6.6626    -0.0001     4.8215     4.8214      1.981      2.027      0.708    1458.49    1458.49  0.000e+00
        464      2.500    10.7682    10.7694     0.0011    0.84842    0.84842          1     7.2163     6.7513       2.02     0.0269  4.924e-11  1.000e-12  2.031e+00     6.6628     6.6626    -0.0002     4.8215     4.8212      2.477      2.534      0.928    1458.50    1458.50  0.000e+00
        485      3.000    10.7690    10.7699     0.0009    0.84845    0.84844          1     7.2194     6.7572       4.09     0.0271  4.924e-11  1.000e-12  2.031e+00     6.6629     6.6627    -0.0002     4.8215     4.8212      2.972      3.041      0.555    1458.51    1458.51  0.000e+00
        606      3.500    10.7679    10.7686     0.0008    0.84842    0.84843          1     7.2157     6.7471       1.20     0.0263  4.924e-11  1.000e-12  2.031e+00     6.6628     6.6628    -0.0001     4.8216     4.8214      3.467      3.548      0.982    1458.51    1458.52  0.000e+00
        618      4.000    10.7684    10.7687     0.0004    0.84845    0.84844          1     7.2182     6.7516       1.57     0.0264  4.924e-11  1.000e-12  2.031e+00     6.6629     6.6628    -0.0001     4.8216     4.8214      3.963      4.055      0.869    1458.52    1458.52  0.000e+00
        634      4.500    10.7667    10.7638    -0.0028    0.84843    0.84840          1     7.2159     6.7599       3.18     0.0270  4.924e-11  1.000e-12  2.031e+00     6.6630     6.6633     0.0003     4.8218     4.8224      4.458      4.561      0.606    1458.52    1458.51  0.000e+00
        721      5.000    10.7642    10.7646     0.0004    0.84841    0.84840          1     7.2171     6.7637       3.11     0.0276  4.924e-11  1.000e-12  2.031e+00     6.6632     6.6631    -0.0001     4.8223     4.8222      4.953      5.068      0.435    1458.52    1458.52  0.000e+00
        776      5.500    10.7640    10.7651     0.0010    0.84841    0.84842          1     7.2149     6.7657       1.67     0.0276  4.924e-11  1.000e-12  2.031e+00     6.6633     6.6631    -0.0002     4.8224     4.8221      5.449      5.575      0.333    1458.53    1458.53  0.000e+00
        868      6.000    10.7613    10.7621     0.0009    0.84840    0.84840          1     7.2104     6.7558       2.53     0.0290  4.924e-11  1.000e-12  2.031e+00     6.6636     6.6634    -0.0002     4.8229     4.8227      5.944      6.082      0.354    1458.53    1458.53  0.000e+00
        894      6.500    10.7598    10.7615     0.0016    0.84839    0.84840          1     7.2042     6.7604       6.33     0.0270  4.924e-11  1.000e-12  2.031e+00     6.6637     6.6635    -0.0002     4.8232     4.8228      6.439      6.589      0.354    1458.53    1458.54  0.000e+00
        968      7.000    10.7602    10.7599    -0.0004    0.84840    0.84840          1     7.2049     6.7610       9.59     0.0289  4.924e-11  1.000e-12  2.031e+00     6.6637     6.6637     0.0000     4.8231     4.8232      6.935      7.096      0.326    1458.54    1458.54  0.000e+00
        999      7.500    10.7631    10.7622    -0.0009    0.84844    0.84843          1     7.2081     6.7659       9.97     0.0275  4.924e-11  1.000e-12  2.031e+00     6.6635     6.6635     0.0000     4.8226     4.8228      7.430      7.602      0.519    1458.56    1458.56  0.000e+00
       1030      8.000    10.7613    10.7623     0.0010    0.84843    0.84843          1     7.2144     6.7665       9.97     0.0270  4.924e-11  1.000e-12  2.031e+00     6.6637     6.6635    -0.0002     4.8230     4.8227      7.925      8.109      0.388    1458.56    1458.57  0.000e+00
       1150      8.500    10.7596    10.7599     0.0002    0.84842    0.84843          1     7.2001     6.7583       9.97     0.0269  4.924e-11  1.000e-12  2.031e+00     6.6638     6.6638     0.0000     4.8233     4.8233      8.421      8.616      0.515    1458.56    1458.56  0.000e+00
       1175      9.000    10.7596    10.7599     0.0003    0.84843    0.84843          1     7.1963     6.7603       9.97     0.0269  9.650e+02  1.000e-12  2.011e+00     6.6639     6.6638    -0.0001     4.8233     4.8232      8.916      9.123      0.411    1458.57    1458.57  0.000e+00
       1237      9.500    10.7593    10.7598     0.0005    0.84843    0.84844          1     7.2081     6.7590       9.97     0.0271  2.000e+03  1.000e-12  1.990e+00     6.6639     6.6639    -0.0000     4.8234     4.8233      9.411      9.630      0.240    1458.58    1458.58  0.000e+00
       1287     10.000    10.7595    10.7599     0.0004    0.84844    0.84845          1     7.2084     6.7646       9.97     0.0273  5.612e+01  1.000e-12  2.030e+00     6.6639     6.6639    -0.0000     4.8233     4.8233      9.906     10.136      0.318    1458.59    1458.59  0.000e+00
       1335     10.500    10.7598    10.7602     0.0004    0.84844    0.84845          1     7.2100     6.7641       9.97     0.0270  4.924e-11  1.000e-12  2.031e+00     6.6638     6.6638     0.0000     4.8232     4.8232     10.402     10.643      0.224    1458.59    1458.60  0.000e+00
       1382     11.000    10.7598    10.7602     0.0004    0.84845    0.84846          1     7.2110     6.7578       9.97     0.0271  4.924e-11  1.000e-12  2.031e+00     6.6638     6.6638    -0.0000     4.8233     4.8232     10.897     11.150      0.269    1458.60    1458.61  0.000e+00
       1442     11.500    10.7601    10.7606     0.0004    0.84846    0.84847          1     7.2150     6.7619       9.97     0.0269  4.924e-11  1.000e-12  2.031e+00     6.6638     6.6638     0.0000     4.8232     4.8231     11.392     11.657      0.233    1458.61    1458.62  0.000e+00
       1487     12.000    10.7604    10.7607     0.0003    0.84846    0.84847          1     7.2155     6.7586       9.97     0.0273  4.924e-11  1.000e-12  2.031e+00     6.6637     6.6637     0.0000     4.8231     4.8231     11.888     12.164      0.391    1458.62    1458.62  0.000e+00
       1514     12.500    10.7605    10.7608     0.0003    0.84847    0.84847          1     7.2123     6.7511       9.97     0.0271  4.924e-11  1.000e-12  2.031e+00     6.6637     6.6637    -0.0000     4.8231     4.8230     12.383     12.671      0.452    1458.63    1458.63  0.000e+00
       1543     13.000    10.7600    10.7608     0.0008    0.84847    0.84848          1     7.2106     6.7624       9.97     0.0274  4.924e-11  1.000e-12  2.031e+00     6.6637     6.6637    -0.0000     4.8232     4.8231     12.878     13.177      0.314    1458.64    1458.64  0.000e+00
       1626     13.500    10.7602    10.7607     0.0005    0.84847    0.84848          1     7.2019     6.7646       9.97     0.0275  4.924e-11  1.000e-12  2.031e+00     6.6637     6.6636    -0.0001     4.8231     4.8230     13.374     13.684      0.349    1458.64    1458.65  0.000e+00
       1649     14.000    10.7600    10.7607     0.0007    0.84848    0.84849          1     7.2042     6.7633       9.97     0.0269  4.924e-11  1.000e-12  2.031e+00     6.6637     6.6637    -0.0001     4.8232     4.8230     13.869     14.191      0.510    1458.65    1458.65  0.000e+00
       1680     14.500    10.7597    10.7603     0.0006    0.84849    0.84849          1     7.2087     6.7607       8.49     0.0270  4.924e-11  1.000e-12  2.031e+00     6.6638     6.6637    -0.0001     4.8233     4.8231     14.364     14.698      0.358    1458.66    1458.66  0.000e+00
       1772     15.000    10.7592    10.7600     0.0008    0.84853    0.84852          1     7.2133     6.7466      10.10     0.0271  4.924e-11  1.000e-12  2.031e+00     6.6642     6.6640    -0.0002     4.8236     4.8234     14.860     15.205      0.373    1458.67    1458.67  0.000e+00
       1791     15.500    10.7598    10.7599     0.0001    0.84853    0.84854          1     7.2215     6.7520       9.97     0.0269  4.924e-11  1.000e-12  2.031e+00     6.6641     6.6641     0.0000     4.8234     4.8235     15.355     15.712      0.552    1458.68    1458.68  0.000e+00
       1814     16.000    10.7595    10.7600     0.0005    0.84856    0.84855          1     7.2100     6.7658       9.97     0.0270  4.924e-11  1.000e-12  2.031e+00     6.6643     6.6641    -0.0002     4.8236     4.8235     15.850     16.218      0.427    1458.68    1458.69  0.000e+00
       1891     16.500    10.7594    10.7599     0.0005    0.84854    0.84853          1     7.2118     6.7619       9.97     0.0279  4.924e-11  1.000e-12  2.031e+00     6.6641     6.6639    -0.0002     4.8235     4.8233     16.345     16.725      0.267    1458.69    1458.69  0.000e+00
       1931     17.000    10.7595    10.7599     0.0004    0.84857    0.84855          1     7.2213     6.7615       9.97     0.0277  4.924e-11  1.000e-12  2.031e+00     6.6643     6.6640    -0.0003     4.8237     4.8234     16.841     17.232      0.460    1458.70    1458.70  0.000e+00
       1956     17.500    10.7604    10.7601    -0.0003    0.84854    0.84857          1     7.2082     6.7609       9.97     0.0274  4.924e-11  1.000e-12  2.031e+00     6.6638     6.6641     0.0003     4.8232     4.8235     17.336     17.739      0.439    1458.71    1458.71  0.000e+00
       2023     18.000    10.7600    10.7604     0.0003    0.84857    0.84858          1     7.2069     6.7563       9.97     0.0278  4.924e-11  1.000e-12  2.031e+00     6.6641     6.6641     0.0000     4.8234     4.8234     17.831     18.246      0.302    1458.72    1458.72  0.000e+00
       2084     18.500    10.7597    10.7600     0.0003    0.84860    0.84861          1     7.2094     6.7585       9.97     0.0269  4.924e-11  1.000e-12  2.031e+00     6.6643     6.6643     0.0000     4.8237     4.8236     18.327     18.753      0.549    1458.72    1458.73  0.000e+00
       2103     19.000    10.7599    10.7600     0.0001    0.84860    0.84862          1     7.2024     6.7582       9.97     0.0270  4.924e-11  1.000e-12  2.031e+00     6.6643     6.6644     0.0001     4.8236     4.8237     18.822     19.259      0.552    1458.73    1458.73  0.000e+00
       2152     19.500    10.7599    10.7601     0.0002    0.84860    0.84861          1     7.2027     6.7530       9.97     0.0273  4.924e-11  1.000e-12  2.031e+00     6.6642     6.6643     0.0001     4.8235     4.8236     19.317     19.766      0.348    1458.74    1458.74  0.000e+00
       2230     20.000    10.7598    10.7600     0.0002    0.84864    0.84863          1     7.2089     6.7651       8.59     0.0270  4.924e-11  1.000e-12  2.031e+00     6.6645     6.6644    -0.0001     4.8238     4.8237     19.812     20.273      0.499    1458.75    1458.75  0.000e+00
       2252     20.500    10.7598    10.7601     0.0004    0.84862    0.84864          1     7.2108     6.7701       9.20     0.0269  4.924e-11  1.000e-12  2.031e+00     6.6642     6.6644     0.0001     4.8236     4.8237     20.308     20.780      0.464    1458.76    1458.76  0.000e+00
       2288     21.000    10.7595    10.7600     0.0005    0.84859    0.84861          1     7.2182     6.7687       8.25     0.0271  4.924e-11  1.000e-12  2.031e+00     6.6641     6.6641     0.0000     4.8235     4.8235     20.803     21.287      0.228    1458.76    1458.76  0.000e+00
       2359     21.500    10.7594    10.7599     0.0005    0.84861    0.84862          1     7.2097     6.7689      10.01     0.0281  4.924e-11  1.000e-12  2.031e+00     6.6642     6.6641    -0.0000     4.8236     4.8235     21.298     21.793      0.226    1458.77    1458.77  0.000e+00
       2399     22.000    10.7598    10.7600     0.0003    0.84862    0.84863          1     7.2145     6.7671       9.97     0.0279  4.924e-11  1.000e-12  2.031e+00     6.6641     6.6642     0.0001     4.8235     4.8235     21.794     22.300      0.399    1458.78    1458.78  0.000e+00
       2425     22.500    10.7599    10.7602     0.0003    0.84862    0.84863          1     7.2077     6.7614       9.97     0.0271  4.924e-11  1.000e-12  2.031e+00     6.6641     6.6641     0.0000     4.8235     4.8235     22.289     22.807      0.482    1458.79    1458.79  0.000e+00
       2452     23.000    10.7596    10.7601     0.0005    0.84864    0.84865          1     7.2100     6.7550       9.97     0.0273  4.924e-11  1.000e-12  2.031e+00     6.6643     6.6643    -0.0000     4.8236     4.8236     22.784     23.314      0.362    1458.80    1458.80  0.000e+00
       2567     23.500    10.7598    10.7600     0.0002    0.84866    0.84869          1     7.2109     6.7598       9.97     0.0280  4.924e-11  1.000e-12  2.031e+00     6.6644     6.6645     0.0002     4.8237     4.8238     23.280     23.821      0.347    1458.80    1458.81  0.000e+00
       2588     24.000    10.7605    10.7603    -0.0002    0.84864    0.84867          1     7.2153     6.7546       9.97     0.0272  4.924e-11  1.000e-12  2.031e+00     6.6640     6.6643     0.0003     4.8233     4.8236     23.775     24.328      0.592    1458.81    1458.82  0.000e+00
       2607     24.500    10.7603    10.7605     0.0003    0.84867    0.84866          1     7.2151     6.7541       9.97     0.0269  4.924e-11  1.000e-12  2.031e+00     6.6642     6.6641    -0.0001     4.8235     4.8234     24.270     24.834      0.564    1458.82    1458.82  0.000e+00
       2666     25.000    10.7605    10.7607     0.0003    0.84865    0.84866          1     7.2164     6.7611       9.29     0.0271  4.924e-11  1.000e-12  2.031e+00     6.6640     6.6640     0.0001     4.8233     4.8233     24.765     25.341      0.392    1458.83    1458.83  0.000e+00
       2740     25.500    10.7604    10.7607     0.0003    0.84865    0.84866          1     7.2107     6.7571       9.97     0.0269  4.924e-11  1.000e-12  2.031e+00     6.6640     6.6639    -0.0000     4.8233     4.8233     25.261     25.848      0.617    1458.84    1458.84  0.000e+00
       2760     26.000    10.7604    10.7607     0.0003    0.84866    0.84867          1     7.2094     6.7617       9.97     0.0269  4.924e-11  1.000e-12  2.031e+00     6.6640     6.6640    -0.0000     4.8233     4.8233     25.756     26.355      0.542    1458.85    1458.85  0.000e+00
       2820     26.500    10.7602    10.7605     0.0003    0.84867    0.84867          1     7.2018     6.7657       9.97     0.0274  4.924e-11  1.000e-12  2.031e+00     6.6640     6.6640    -0.0000     4.8234     4.8233     26.251     26.862      0.358    1458.85    1458.86  0.000e+00
       2878     27.000    10.7603    10.7605     0.0002    0.84868    0.84869          1     7.1963     6.7649       9.97     0.0270  4.924e-11  1.000e-12  2.031e+00     6.6641     6.6641     0.0000     4.8234     4.8234     26.746     27.369      0.535    1458.86    1458.86  0.000e+00
       2899     27.500    10.7597    10.7603     0.0005    0.84869    0.84869          1     7.2038     6.7627       9.97     0.0269  4.924e-11  1.000e-12  2.031e+00     6.6642     6.6641    -0.0001     4.8236     4.8234     27.242     27.875      0.477    1458.87    1458.87  0.000e+00
       2946     28.000    10.7591    10.7598     0.0007    0.84870    0.84871          1     7.2105     6.7558       9.97     0.0274  4.924e-11  1.000e-12  2.031e+00     6.6644     6.6643    -0.0001     4.8238     4.8236     27.737     28.382      0.248    1458.87    1458.88  0.000e+00
       3010     28.500    10.7589    10.7595     0.0006    0.84872    0.84872          1     7.2162     6.7573       8.66     0.0281  4.924e-11  1.000e-12  2.031e+00     6.6645     6.6644    -0.0001     4.8239     4.8237     28.232     28.889      0.297    1458.88    1458.88  0.000e+00
