ctdpy/tests/etc/all_smhi_bas_2018/SBE09_0827_20180821_1303_26_01_0825.cnv
* Sea-Bird SBE 9 Data File:
* FileName = D:\CTD_SBE911\DAT\26DA.2018.8.25.hex
* Software Version Seasave V 7.21d
* Temperature SN = 034605
* Conductivity SN = 041844
* Number of Bytes Per Scan = 48
* Number of Voltage Words = 5
* Number of Scans Averaged by the Deck Unit = 1
* NMEA Latitude = 58 27.27 N
* NMEA Longitude = 010 31.54 E
* NMEA UTC (Time) = Aug 21 2018  13:05:37
* NMEA baud rate = 4800
** Ship: DANA
** Average sound velocity: 1484.34 m/s
** True-depth calculation Thu, 28 Mar 2019 09:24:15 +0000
** CTD Python Module SMHI /ver 3-12/ feb 2012 
** LIMS Job: 20182601-0825
**  5 N BRATTEN
** Operator: Christian
** Cruise: 08/2018
# nquan = 26
# nvalues = 464                         
# units = specified
# name 0 = scan: Scan Count
# name 1 = prDM: Pressure, Digiquartz [db]
# name 2 = t090C: Temperature [ITS-90, deg C]
# name 3 = t190C: Temperature, 2 [ITS-90, deg C]
# name 4 = T2-T190C: Temperature Difference, 2 - 1 [ITS-90, deg C]
# name 5 = c0S/m: Conductivity [S/m]
# name 6 = c1S/m: Conductivity, 2 [S/m]
# name 7 = pumps: Pump Status
# name 8 = sbeox1ML/L: Oxygen, SBE 43, 2 [ml/l]
# name 9 = sbeox0ML/L: Oxygen, SBE 43 [ml/l]
# name 10 = altM: Altimeter [m]
# name 11 = chloroflTC0: Chlorophyll, Turner Cyclops [ug/l]
# name 12 = cpar: CPAR/Corrected Irradiance [%]
# name 13 = par: PAR/Irradiance, Biospherical/Lico [µE/(cm^2*s)]
# name 14 = spar: SPAR, Biospherical/Licor
# name 15 = sal00: Salinity, Practical [PSU]
# name 16 = sal11: Salinity, Practical, 2 [PSU]
# name 17 = secS-priS: Salinity, Practical, Difference, 2 - 1 [PSU]
# name 18 = sigma-t00: Density [sigma-t, kg/m^3 ]
# name 19 = sigma-t11: Density, 2 [sigma-t, kg/m^3 ]
# name 20 = depSM: Depth [salt water, m], lat = 58.4545
# name 21 = depFM: Depth [true depth, m], lat = 58.4545
# name 22 = dz/dtM: Descent Rate [m/s], WS = 2
# name 23 = svCM: Sound Velocity [Chen-Millero, m/s]
# name 24 = svCM1: Sound Velocity, 2 [Chen-Millero, m/s]
# name 25 = flag: flag
# span 0 =         33,      16296       
# span 1 =      1.500,    233.000       
# span 2 =     6.4242,    17.0849       
# span 3 =     6.4195,    17.0790       
# span 4 =    -0.2509,     0.5194       
# span 5 =   3.495597,   4.171226       
# span 6 =   3.495756,   4.163322       
# span 7 =          1,          1       
# span 8 =     5.2502,     6.1481       
# span 9 =     5.2362,     6.3640       
# span 10 =       0.59,       9.98      
# span 11 =     0.0254,     0.2204      
# span 12 = 4.8228e-14, 1.3681e+01      
# span 13 = 1.0000e-12, 2.8844e+02      
# span 14 = 1.7460e+03, 2.1100e+03      
# span 15 =    31.7214,    35.1706      
# span 16 =    31.7054,    35.1730      
# span 17 =    -0.4310,     0.1226      
# span 18 =    22.9798,    27.6220      
# span 19 =    22.9689,    27.6240      
# span 20 =      1.486,    230.701      
# span 21 =      1.493,    231.080      
# span 22 =     -0.566,      0.657      
# span 23 =    1479.05,    1509.37      
# span 24 =    1479.04,    1509.33      
# span 25 = 0.0000e+00, 0.0000e+00      
# interval = decibars: 0.5              
# start_time = Aug 21 2018 13:05:37 [NMEA time, first data scan]
# bad_flag = -9.990e-29
*END*
[from data line 112]
       5320     57.500     8.2805     8.2528    -0.0277    3.64317    3.64306          1     5.6912     5.7391       9.97     0.0470  4.889e-14  1.000e-12  2.045e+03    34.9279    34.9542     0.0264    27.1747    27.1996     56.957     57.119      0.286    1484.38    1484.31  0.000e+00
       5358     58.000     8.2709     8.2661    -0.0048    3.64365    3.64369          1     5.6971     5.7751       9.97     0.0450  4.904e-14  1.000e-12  2.039e+03    34.9423    34.9474     0.0052    27.1874    27.1922     57.452     57.615      0.309    1484.38    1484.36  0.000e+00
       5403     58.500     8.2973     8.2914    -0.0059    3.64786    3.64985          1     5.7855     5.8485       9.97     0.0486  4.916e-14  1.000e-12  2.034e+03    34.9607    34.9878     0.0271    27.1979    27.2200     57.947     58.111      0.231    1484.51    1484.52  0.000e+00
       5457     59.000     8.2638     8.1709    -0.0930    3.64439    3.64028          1     5.8321     5.7862       9.97     0.0461  4.926e-14  1.000e-12  2.030e+03    34.9567    35.0054     0.0487    27.1999    27.2523     58.443     58.607      0.259    1484.38    1484.09  0.000e+00
       5497     59.500     8.0644     8.0153    -0.0491    3.62622    3.62460          1     5.7221     5.7053       9.97     0.0463  4.940e-14  1.000e-12  2.024e+03    34.9608    34.9924     0.0317    27.2334    27.2657     58.938     59.103      0.310    1483.65    1483.50  0.000e+00
       5538     60.000     8.0463     8.0191    -0.0272    3.62585    3.62525          1     5.6908     5.7563       9.97     0.0478  4.952e-14  1.000e-12  2.019e+03    34.9747    34.9955     0.0208    27.2471    27.2675     59.433     59.598      0.264    1483.60    1483.53  0.000e+00
       5590     60.500     8.0655     8.0357    -0.0298    3.62745    3.62753          1     5.7628     5.7781       9.97     0.0475  4.950e-14  1.000e-12  2.020e+03    34.9724    35.0031     0.0306    27.2424    27.2709     59.928     60.094      0.229    1483.68    1483.61  0.000e+00
       5635     61.000     8.0515     8.0344    -0.0171    3.62724    3.62758          1     5.8009     5.8235       9.97     0.0472  4.944e-14  1.000e-12  2.023e+03    34.9839    35.0046     0.0207    27.2535    27.2723     60.424     60.590      0.282    1483.65    1483.61  0.000e+00
       5680     61.500     8.0454     8.0345    -0.0109    3.62735    3.62778          1     5.8405     5.8593       9.97     0.0556  4.943e-14  1.000e-12  2.023e+03    34.9909    35.0065     0.0156    27.2600    27.2738     60.919     61.086      0.255    1483.65    1483.62  0.000e+00
       5726     62.000     8.0430     8.0338    -0.0092    3.62751    3.62779          1     5.8643     5.8904       9.97     0.0488  4.928e-14  1.000e-12  2.029e+03    34.9948    35.0070     0.0122    27.2634    27.2743     61.414     61.581      0.284    1483.65    1483.63  0.000e+00
       5766     62.500     8.0425     8.0344    -0.0081    3.62769    3.62789          1     5.8873     5.9190       9.97     0.0502  4.908e-14  1.000e-12  2.037e+03    34.9971    35.0072     0.0102    27.2652    27.2744     61.909     62.077      0.289    1483.66    1483.64  0.000e+00
       5812     63.000     8.0426     8.0333    -0.0094    3.62782    3.62787          1     5.9206     5.9334       9.97     0.0496  4.896e-14  1.000e-12  2.042e+03    34.9981    35.0079     0.0098    27.2659    27.2751     62.404     62.573      0.237    1483.67    1483.65  0.000e+00
       5863     63.500     8.0372     7.9091    -0.1281    3.62729    3.61941          1     5.9454     5.9386       9.97     0.0491  4.888e-14  1.000e-12  2.046e+03    34.9975    35.0411     0.0437    27.2663    27.3198     62.899     63.069      0.257    1483.66    1483.23  0.000e+00
       5906     64.000     7.9447     7.7002    -0.2446    3.61937    3.59903          1     5.9860     6.0110       9.97     0.0483  4.890e-14  1.000e-12  2.045e+03    35.0047    35.0306     0.0259    27.2859    27.3426     63.395     63.564      0.285    1483.32    1482.43  0.000e+00
       5949     64.500     7.8795     7.6326    -0.2469    3.61272    3.59105          1     6.0036     6.0510       9.97     0.0448  4.892e-14  1.000e-12  2.044e+03    34.9981    35.0119     0.0138    27.2905    27.3378     63.890     64.060      0.261    1483.08    1482.16  0.000e+00
       5999     65.000     7.8105     7.5595    -0.2509    3.60538    3.58406          1     5.9954     6.0542       9.97     0.0433  4.888e-14  1.000e-12  2.046e+03    34.9879    35.0093     0.0215    27.2927    27.3464     64.385     64.556      0.244    1482.81    1481.88  0.000e+00
       6042     65.500     7.6743     7.5236    -0.1507    3.59260    3.58084          1     5.9876     6.0445       9.97     0.0407  4.889e-14  1.000e-12  2.046e+03    34.9862    35.0104     0.0241    27.3115    27.3525     64.880     65.052      0.326    1482.30    1481.76  0.000e+00
       6078     66.000     7.5713     7.5013    -0.0701    3.58330    3.57854          1     5.9864     6.0412       9.97     0.0418  4.894e-14  1.000e-12  2.043e+03    34.9887    35.0076     0.0189    27.3285    27.3535     65.375     65.547      0.311    1481.92    1481.68  0.000e+00
       6125     66.500     7.5376     7.4880    -0.0496    3.58008    3.57697          1     5.9794     6.0505       9.97     0.0407  4.899e-14  1.000e-12  2.041e+03    34.9874    35.0037     0.0163    27.3324    27.3524     65.871     66.043      0.222    1481.80    1481.63  0.000e+00
       6179     67.000     7.5112     7.4741    -0.0371    3.57789    3.57570          1     5.9731     6.0359       9.97     0.0394  4.894e-14  1.000e-12  2.043e+03    34.9900    35.0037     0.0136    27.3383    27.3544     66.366     66.539      0.254    1481.71    1481.58  0.000e+00
       6219     67.500     7.4845     7.4608    -0.0237    3.57527    3.57450          1     5.9715     6.0386       9.97     0.0400  4.887e-14  1.000e-12  2.046e+03    34.9882    35.0037     0.0155    27.3407    27.3563     66.861     67.034      0.313    1481.61    1481.54  0.000e+00
       6263     68.000     7.4686     7.4348    -0.0338    3.57383    3.57191          1     5.9714     6.0411       9.97     0.0396  4.884e-14  1.000e-12  2.047e+03    34.9883    35.0015     0.0131    27.3431    27.3583     67.356     67.530      0.238    1481.56    1481.45  0.000e+00
       6313     68.500     7.4505     7.4324    -0.0181    3.57199    3.57145          1     5.9630     6.0359       9.97     0.0387  4.879e-14  1.000e-12  2.049e+03    34.9862    34.9987     0.0125    27.3441    27.3565     67.851     68.026      0.266    1481.50    1481.44  0.000e+00
       6356     69.000     7.4482     7.5172     0.0690    3.57293    3.58035          1     5.9655     6.0385       9.97     0.0417  4.875e-14  1.000e-12  2.051e+03    34.9986    35.0097     0.0112    27.3541    27.3529     68.347     68.522      0.276    1481.51    1481.79  0.000e+00
       6400     69.500     7.5162     7.5723     0.0561    3.58080    3.58758          1     5.9612     6.0386       9.97     0.0444  4.883e-14  1.000e-12  2.048e+03    35.0154    35.0326     0.0172    27.3575    27.3628     68.842     69.017      0.272    1481.80    1482.04  0.000e+00
       6445     70.000     7.5579     7.6021     0.0442    3.58617    3.59116          1     5.9522     6.0184       9.97     0.0422  4.886e-14  1.000e-12  2.047e+03    35.0316    35.0411     0.0095    27.3641    27.3652     69.337     69.513      0.270    1481.99    1482.17  0.000e+00
       6487     70.500     7.5998     7.6332     0.0333    3.59109    3.59482          1     5.9478     6.0185       9.97     0.0423  4.891e-14  1.000e-12  2.044e+03    35.0423    35.0492     0.0069    27.3665    27.3670     69.832     70.009      0.294    1482.17    1482.31  0.000e+00
       6532     71.000     7.6340     7.6516     0.0176    3.59528    3.59737          1     5.9229     5.9901       9.97     0.0418  4.901e-14  1.000e-12  2.040e+03    35.0532    35.0580     0.0049    27.3700    27.3713     70.327     70.504      0.215    1482.32    1482.39  0.000e+00
       6596     71.500     7.6536     7.6598     0.0062    3.59770    3.59861          1     5.9121     5.9492       9.97     0.0398  4.910e-14  1.000e-12  2.037e+03    35.0594    35.0630     0.0036    27.3721    27.3740     70.823     71.000      0.277    1482.41    1482.44  0.000e+00
       6632     72.000     7.6437     7.5785    -0.0651    3.59680    3.59261          1     5.8564     5.8587       9.97     0.0404  4.909e-14  1.000e-12  2.037e+03    35.0593    35.0797     0.0203    27.3735    27.3990     71.318     71.496      0.339    1482.38    1482.16  0.000e+00
       6673     72.500     7.5750     7.5095    -0.0655    3.59002    3.58501          1     5.7481     5.7715       9.97     0.0397  4.905e-14  1.000e-12  2.039e+03    35.0549    35.0665     0.0116    27.3800    27.3987     71.813     71.992      0.242    1482.12    1481.89  0.000e+00
       6727     73.000     7.5295     7.4981    -0.0315    3.58565    3.58324          1     5.6622     5.7114       9.97     0.0396  4.898e-14  1.000e-12  2.042e+03    35.0530    35.0586     0.0056    27.3851    27.3941     72.308     72.487      0.249    1481.96    1481.84  0.000e+00
       6768     73.500     7.5083     7.5134     0.0051    3.58392    3.58475          1     5.6585     5.7057       9.97     0.0397  4.895e-14  1.000e-12  2.043e+03    35.0553    35.0592     0.0039    27.3900    27.3924     72.803     72.983      0.326    1481.89    1481.91  0.000e+00
       6805     74.000     7.5210     7.5227     0.0017    3.58565    3.58674          1     5.6811     5.7374       9.97     0.0408  4.898e-14  1.000e-12  2.042e+03    35.0611    35.0712     0.0102    27.3927    27.4005     73.298     73.479      0.291    1481.95    1481.97  0.000e+00
       6852     74.500     7.5226     7.4972    -0.0254    3.58602    3.58438          1     5.6695     5.7505       9.97     0.0386  4.900e-14  1.000e-12  2.041e+03    35.0633    35.0710     0.0077    27.3943    27.4040     73.794     73.974      0.242    1481.97    1481.88  0.000e+00
       6898     75.000     7.5087     7.5121     0.0035    3.58483    3.58543          1     5.6393     5.7081       9.97     0.0373  4.899e-14  1.000e-12  2.041e+03    35.0641    35.0672     0.0031    27.3969    27.3989     74.289     74.470      0.274    1481.92    1481.94  0.000e+00
       6946     75.500     7.5223     7.5695     0.0472    3.58690    3.59262          1     5.6998     5.7537       9.97     0.0380  4.896e-14  1.000e-12  2.043e+03    35.0726    35.0871     0.0145    27.4016    27.4061     74.784     74.966      0.222    1481.99    1482.19  0.000e+00
       7002     76.000     7.5574     7.5794     0.0220    3.59141    3.59450          1     5.8097     5.8547       9.97     0.0355  4.895e-14  1.000e-12  2.043e+03    35.0860    35.0974     0.0114    27.4070    27.4128     75.279     75.461      0.251    1482.15    1482.25  0.000e+00
       7043     76.500     7.5776     7.5821     0.0045    3.59420    3.59501          1     5.8245     5.8804       9.97     0.0350  4.892e-14  1.000e-12  2.044e+03    35.0956    35.0999     0.0043    27.4117    27.4144     75.774     75.957      0.293    1482.25    1482.27  0.000e+00
       7088     77.000     7.5825     7.5840     0.0015    3.59489    3.59541          1     5.8115     5.8815       9.97     0.0356  4.887e-14  1.000e-12  2.046e+03    35.0980    35.1021     0.0041    27.4128    27.4158     76.269     76.453      0.251    1482.28    1482.29  0.000e+00
       7134     77.500     7.5846     7.5849     0.0003    3.59528    3.59566          1     5.8069     5.8853       9.97     0.0354  4.885e-14  1.000e-12  2.047e+03    35.0998    35.1037     0.0039    27.4139    27.4169     76.765     76.948      0.273    1482.30    1482.30  0.000e+00
       7180     78.000     7.5867     7.5848    -0.0019    3.59569    3.59582          1     5.8013     5.8666       9.97     0.0348  4.886e-14  1.000e-12  2.047e+03    35.1020    35.1052     0.0032    27.4154    27.4182     77.260     77.444      0.237    1482.32    1482.31  0.000e+00
       7233     78.500     7.5858     7.5823    -0.0034    3.59573    3.59567          1     5.7860     5.8465       9.97     0.0330  4.894e-14  1.000e-12  2.043e+03    35.1031    35.1059     0.0028    27.4163    27.4190     77.755     77.940      0.254    1482.32    1482.31  0.000e+00
       7275     79.000     7.5835     7.5797    -0.0038    3.59560    3.59548          1     5.7612     5.8236       9.97     0.0325  4.895e-14  1.000e-12  2.043e+03    35.1037    35.1061     0.0025    27.4171    27.4196     78.250     78.435      0.268    1482.32    1482.31  0.000e+00
       7332     79.500     7.5819     7.5758    -0.0060    3.59551    3.59533          1     5.7489     5.8168       9.97     0.0326  4.899e-14  1.000e-12  2.041e+03    35.1041    35.1082     0.0042    27.4177    27.4219     78.745     78.931      0.206    1482.33    1482.31  0.000e+00
       7382     80.000     7.5782     7.5708    -0.0074    3.59567    3.59554          1     5.7387     5.8107       9.97     0.0315  5.274e-14  1.000e-12  1.907e+03    35.1092    35.1153     0.0061    27.4223    27.4282     79.240     79.427      0.280    1482.33    1482.30  0.000e+00
       7424     80.500     7.5708     7.5445    -0.0263    3.59507    3.59335          1     5.7451     5.8065       9.97     0.0308  5.084e-14  1.000e-12  1.972e+03    35.1100    35.1179     0.0079    27.4239    27.4340     79.735     79.922      0.288    1482.31    1482.22  0.000e+00
       7467     81.000     7.5516     7.5246    -0.0270    3.59338    3.59152          1     5.7782     5.8413       9.97     0.0305  4.901e-14  1.000e-12  2.040e+03    35.1108    35.1179     0.0071    27.4274    27.4369     80.231     80.418      0.270    1482.24    1482.15  0.000e+00
       7512     81.500     7.5221     7.4965    -0.0257    3.59052    3.58889          1     5.7931     5.8743       9.97     0.0312  4.906e-14  1.000e-12  2.038e+03    35.1093    35.1175     0.0082    27.4305    27.4407     80.726     80.914      0.257    1482.14    1482.05  0.000e+00
       7560     82.000     7.4829     7.4351    -0.0478    3.58658    3.58323          1     5.8097     5.8690       9.97     0.0320  4.920e-14  1.000e-12  2.033e+03    35.1059    35.1177     0.0118    27.4335    27.4497     81.221     81.410      0.252    1481.99    1481.82  0.000e+00
       7606     82.500     7.3738     7.3138    -0.0599    3.57541    3.57158          1     5.8134     5.8849       9.97     0.0317  4.936e-14  1.000e-12  2.026e+03    35.0942    35.1131     0.0190    27.4400    27.4636     81.716     81.905      0.274    1481.57    1481.36  0.000e+00
       7650     83.000     7.2924     7.2147    -0.0777    3.56668    3.56135          1     5.8156     5.8921       9.97     0.0317  4.946e-14  1.000e-12  2.022e+03    35.0811    35.1015     0.0204    27.4415    27.4686     82.211     82.401      0.253    1481.25    1480.97  0.000e+00
       7703     83.500     7.2207     7.1804    -0.0403    3.55922    3.55667          1     5.8316     5.8913       9.97     0.0321  4.956e-14  1.000e-12  2.018e+03    35.0719    35.0848     0.0129    27.4444    27.4603     82.706     82.897      0.228    1480.97    1480.83  0.000e+00
       7749     84.000     7.1856     7.1552    -0.0304    3.55583    3.55460          1     5.8214     5.8900       9.97     0.0317  4.959e-14  1.000e-12  2.017e+03    35.0702    35.0876     0.0174    27.4480    27.4661     83.201     83.392      0.283    1480.84    1480.74  0.000e+00
       7794     84.500     7.1488     7.1191    -0.0297    3.55203    3.55051          1     5.8172     5.8972       9.97     0.0310  4.957e-14  1.000e-12  2.017e+03    35.0655    35.0791     0.0136    27.4496    27.4645     83.697     83.888      0.255    1480.70    1480.60  0.000e+00
