ctdpy/tests/etc/all_smhi_bas_2018/SBE09_1044_20181018_1629_34_01_0110.cnv
* Sea-Bird SBE 9 Data File:
* FileName = C:\ctd\temp\ar18d110.hex
* Software Version Seasave V 7.26.7.107
* Temperature SN = 5351
* Conductivity SN = 3941
* Number of Bytes Per Scan = 41
* Number of Voltage Words = 4
* Number of Scans Averaged by the Deck Unit = 1
* NMEA Latitude = 57 52.00 N
* NMEA Longitude = 011 17.53 E
* NMEA UTC (Time) = Oct 18 2018  14:29:41
* NMEA baud rate = 4800
** Station:  P2
** Operator:  ASkj
** Ship: ARANDA
** Average sound velocity: 1497.49 m/s
** True-depth calculation Thu, 18 Oct 2018 15:21:14 +0000
** CTD Python Module SMHI /ver 3-12/ feb 2012 
** LIMS Job: 20183401-0110
** Cruise: SMHI-4-2018
** Latitude [GG MM.mm N]:
** Longitude [GG MM.mm E]
# nquan = 26
# nvalues = 177                         
# units = specified
# name 0 = scan: Scan Count
# name 1 = prDM: Pressure, Digiquartz [db]
# name 2 = t090C: Temperature [ITS-90, deg C]
# name 3 = t190C: Temperature, 2 [ITS-90, deg C]
# name 4 = T2-T190C: Temperature Difference, 2 - 1 [ITS-90, deg C]
# name 5 = c0S/m: Conductivity [S/m]
# name 6 = c1S/m: Conductivity, 2 [S/m]
# name 7 = pumps: Pump Status
# name 8 = sbeox0ML/L: Oxygen, SBE 43 [ml/l]
# name 9 = sbeox1ML/L: Oxygen, SBE 43, 2 [ml/l]
# name 10 = altM: Altimeter [m]
# name 11 = flECO-AFL: Chl-a Fluorescence, WET Labs ECO-AFL/FL [mg/m^3]
# name 12 = flECO-AFL1: Phycocyanin Fluorescence, WET Labs ECO-AFL/FL, 2 [mg/m^3]
# name 13 = par: PAR/Irradiance, Biospherical/Lico [µE/(cm^2*s)]
# name 14 = turbWETntu0: Turbidity, WET Labs ECO [NTU]
# name 15 = sal00: Salinity, Practical [PSU]
# name 16 = sal11: Salinity, Practical, 2 [PSU]
# name 17 = secS-priS: Salinity, Practical, Difference, 2 - 1 [PSU]
# name 18 = sigma-t00: Density [sigma-t, Kg/m^3 ]
# name 19 = sigma-t11: Density, 2 [sigma-t, Kg/m^3 ]
# name 20 = depSM: Depth [salt water, m], lat = 57.8667
# name 21 = depFM: Depth [true depth, m], lat = 57.8667
# name 22 = dz/dtM: Descent Rate [m/s], WS = 2
# name 23 = svCM: Sound Velocity [Chen-Millero, m/s]
# name 24 = svCM1: Sound Velocity, 2 [Chen-Millero, m/s]
# name 25 = flag: flag
# span 0 =      31307,      36965       
# span 1 =      1.000,     89.000       
# span 2 =     9.9801,    13.7518       
# span 3 =     9.9828,    13.7526       
# span 4 =    -0.0133,     0.0317       
# span 5 =   3.613137,   3.977647       
# span 6 =   3.613260,   3.977840       
# span 7 =          1,          1       
# span 8 =    4.81642,    6.06519       
# span 9 =    4.56254,    5.73164       
# span 10 =       4.74,      97.46      
# span 11 =     0.1160,     2.3653      
# span 12 =     0.1615,     0.4886      
# span 13 = -2.560e-05, 3.7819e+02      
# span 14 =     0.2045,     1.4638      
# span 15 =    30.3236,    34.9476      
# span 16 =    30.3222,    34.9456      
# span 17 =    -0.0490,     0.0656      
# span 18 =    22.7376,    26.9145      
# span 19 =    22.7353,    26.9124      
# span 20 =      0.991,     88.157      
# span 21 =      0.996,     88.432      
# span 22 =     -0.079,      0.745      
# span 23 =    1491.16,    1500.42      
# span 24 =    1491.17,    1500.42      
# span 25 = 0.0000e+00, 0.0000e+00      
# interval = decibars: 0.5              
# start_time = Oct 18 2018 14:29:41 [NMEA time, first data scan]
# bad_flag = -9.990e-29
*END*
      31307      1.000    13.1606    13.1572    -0.0032    3.61838    3.61720          1     6.0438     5.7316      97.46     2.0026     0.3829  3.782e+02  0.3458000    30.3522    30.3439    -0.0082    22.7642    22.7585      0.991      0.996      0.195    1495.25    1495.23  0.000e+00
      31416      1.500    13.1583    13.1718     0.0134    3.61919    3.62357          1     6.0652     5.7138      97.45     2.0547     0.4886  1.317e+02  0.4257000    30.3613    30.3914     0.0300    22.7717    22.7923      1.486      1.494      0.266    1495.26    1495.34  0.000e+00
      32061      2.000    13.1331    13.1378     0.0047    3.61349    3.61443          1     6.0543     5.7128      97.44     2.3653     0.4283  6.265e+01  0.5016000    30.3282    30.3331     0.0049    22.7510    22.7539      1.981      1.992      0.289    1495.14    1495.17  0.000e+00
      32104      2.500    13.1327    13.1384     0.0058    3.61314    3.61398          1     6.0207     5.7104      97.45     2.3184     0.4050  5.793e+01  0.5207000    30.3250    30.3283     0.0033    22.7486    22.7500      2.477      2.490      0.386    1495.15    1495.17  0.000e+00
      32134      3.000    13.1368    13.1374     0.0008    3.61335    3.61326          1     6.0206     5.7203      97.45     2.2839     0.4387  4.716e+01  0.4917000    30.3236    30.3222    -0.0014    22.7467    22.7455      2.972      2.988      0.471    1495.17    1495.17  0.000e+00
      32156      3.500    13.1539    13.1632     0.0091    3.61546    3.61650          1     6.0269     5.7257      97.44     2.2428     0.4704  4.192e+01  0.4889000    30.3294    30.3316     0.0023    22.7478    22.7478      3.468      3.486      0.525    1495.24    1495.27  0.000e+00
      32181      4.000    13.2163    13.2111    -0.0052    3.62178    3.62153          1     6.0135     5.7236      97.44     2.1874     0.4662  3.825e+01  0.4969000    30.3382    30.3401     0.0018    22.7426    22.7450      3.963      3.984      0.443    1495.47    1495.45  0.000e+00
      32209      4.500    13.2414    13.2506     0.0094    3.62393    3.62466          1     6.0172     5.7176      97.45     2.1644     0.4409  3.134e+01  0.4952000    30.3380    30.3375    -0.0005    22.7376    22.7353      4.458      4.481      0.470    1495.56    1495.59  0.000e+00
      32232      5.000    13.1981    13.2244     0.0262    3.62245    3.62384          1     6.0140     5.7087      97.45     2.2423     0.4367  2.788e+01  0.4947000    30.3586    30.3505    -0.0081    22.7619    22.7505      4.954      4.979      0.558    1495.45    1495.53  0.000e+00
      32253      5.500    13.2163    13.2248     0.0085    3.62611    3.62486          1     5.9882     5.6939      97.44     2.2432     0.4294  2.512e+01  0.4835000    30.3780    30.3596    -0.0184    22.7733    22.7574      5.449      5.477      0.581    1495.54    1495.55  0.000e+00
      32274      6.000    13.1790    13.1837     0.0046    3.64251    3.64129          1     5.9618     5.6708      97.44     2.1149     0.4726  2.059e+01  0.4618000    30.5604    30.5454    -0.0150    22.9216    22.9091      5.944      5.975      0.531    1495.64    1495.64  0.000e+00
      32299      6.500    13.1796    13.1786    -0.0010    3.65156    3.65118          1     5.9274     5.6524      97.45     1.8219     0.4076  1.866e+01  0.4367000    30.6441    30.6414    -0.0027    22.9861    22.9842      6.440      6.473      0.448    1495.75    1495.74  0.000e+00
      32327      7.000    13.1766    13.1733    -0.0032    3.65016    3.64916          1     5.9325     5.6505      97.44     1.6316     0.3977  1.745e+01  0.4294000    30.6333    30.6266    -0.0067    22.9784    22.9738      6.935      6.971      0.478    1495.73    1495.72  0.000e+00
      32349      7.500    13.1625    13.1636     0.0011    3.64612    3.64602          1     5.9566     5.6570      97.44     1.6201     0.3313  1.503e+01  0.4332000    30.6068    30.6050    -0.0018    22.9606    22.9591      7.430      7.469      0.617    1495.66    1495.66  0.000e+00
      32366      8.000    13.1665    13.1681     0.0017    3.64696    3.64706          1     5.9505     5.6568      97.46     1.6758     0.3280  1.324e+01  0.4301000    30.6112    30.6108    -0.0004    22.9633    22.9627      7.926      7.967      0.689    1495.69    1495.69  0.000e+00
      32384      8.500    13.1799    13.1838     0.0038    3.65050    3.65106          1     5.9204     5.6203      97.44     1.6551     0.3302  1.197e+01  0.4273000    30.6332    30.6353     0.0020    22.9777    22.9785      8.421      8.464      0.634    1495.77    1495.78  0.000e+00
      32406      9.000    13.1939    13.2042     0.0102    3.65421    3.65679          1     5.8816     5.5867      97.44     1.6360     0.3183  1.057e+01  0.4317000    30.6563    30.6721     0.0158    22.9928    23.0030      8.917      8.962      0.481    1495.85    1495.90  0.000e+00
      32435      9.500    13.2155    13.2198     0.0044    3.66001    3.66140          1     5.8488     5.5377      97.44     1.5569     0.3234  9.519e+00  0.4120000    30.6928    30.7022     0.0094    23.0168    23.0233      9.412      9.460      0.432    1495.97    1496.00  0.000e+00
      32459     10.000    13.3299    13.3617     0.0317    3.70071    3.71055          1     5.7470     5.4417      97.44     1.3694     0.3652  8.853e+00  0.3868000    30.9789    31.0445     0.0656    23.2156    23.2600      9.907      9.958      0.587    1496.70    1496.89  0.000e+00
      32477     10.500    13.4349    13.4214    -0.0133    3.73759    3.73114          1     5.6723     5.3735      97.45     1.2181     0.3126  8.059e+00  0.3771000    31.2362    31.1872    -0.0490    23.3937    23.3585     10.403     10.455      0.689    1497.36    1497.26  0.000e+00
      32494     11.000    13.4835    13.4834    -0.0001    3.75387    3.75369          1     5.6356     5.3515      97.43     0.9608     0.2832  7.221e+00  0.3597000    31.3474    31.3457    -0.0016    23.4700    23.4687     10.898     10.953      0.666    1497.67    1497.66  0.000e+00
      32514     11.500    13.4711    13.4701    -0.0011    3.74858    3.74768          1     5.6170     5.3508      97.44     1.0134     0.2418  6.518e+00  0.3407000    31.3082    31.3007    -0.0075    23.4421    23.4366     11.393     11.451      0.522    1497.59    1497.57  0.000e+00
      32542     12.000    13.4924    13.5052     0.0128    3.75961    3.76367          1     5.6111     5.3496      95.35     0.8813     0.2698  5.988e+00  0.3028000    31.3930    31.4201     0.0272    23.5035    23.5219     11.889     11.948      0.408    1497.76    1497.84  0.000e+00
      32570     12.500    13.5558    13.5566     0.0007    3.78748    3.78735          1     5.6185     5.3500      84.72     0.7760     0.2633  5.673e+00  0.2689000    31.5993    31.5975    -0.0019    23.6503    23.6487     12.384     12.446      0.511    1498.23    1498.23  0.000e+00
      32591     13.000    13.5656    13.5662     0.0006    3.79009    3.79007          1     5.6277     5.3431      97.31     0.6955     0.3081  5.359e+00  0.2628000    31.6153    31.6146    -0.0007    23.6606    23.6600     12.879     12.943      0.624    1498.29    1498.29  0.000e+00
      32609     13.500    13.5651    13.5664     0.0013    3.79031    3.79040          1     5.6159     5.3285      97.43     0.6762     0.2808  4.957e+00  0.2582000    31.6175    31.6173    -0.0002    23.6625    23.6620     13.375     13.441      0.660    1498.30    1498.30  0.000e+00
      32627     14.000    13.5498    13.5513     0.0015    3.79094    3.79090          1     5.5882     5.3099      70.13     0.6747     0.2524  4.520e+00  0.2542000    31.6358    31.6343    -0.0016    23.6797    23.6781     13.870     13.938      0.633    1498.27    1498.28  0.000e+00
      32647     14.500    13.5488    13.5494     0.0005    3.79346    3.79329          1     5.5699     5.2983      67.89     0.6416     0.2217  4.178e+00  0.2503000    31.6599    31.6579    -0.0020    23.6984    23.6968     14.365     14.436      0.574    1498.31    1498.31  0.000e+00
      32669     15.000    13.5550    13.5557     0.0007    3.79731    3.79688          1     5.5520     5.2797      96.54     0.5493     0.2258  3.939e+00  0.2739000    31.6903    31.6858    -0.0045    23.7207    23.7171     14.861     14.933      0.519    1498.37    1498.37  0.000e+00
      32694     15.500    13.5606    13.5630     0.0024    3.80232    3.80349          1     5.5318     5.2695      97.44     0.5522     0.3059  3.748e+00  0.2712000    31.7320    31.7409     0.0089    23.7518    23.7582     15.356     15.431      0.487    1498.45    1498.47  0.000e+00
      32718     16.000    13.5660    13.5668     0.0009    3.80865    3.80810          1     5.5194     5.2665      97.44     0.5146     0.2656  3.548e+00  0.2815000    31.7861    31.7803    -0.0058    23.7925    23.7879     15.851     15.928      0.522    1498.54    1498.53  0.000e+00
      32739     16.500    13.5711    13.5720     0.0009    3.81629    3.81569          1     5.5318     5.2600      93.40     0.4809     0.2526  3.349e+00  0.2837000    31.8527    31.8463    -0.0063    23.8429    23.8379     16.347     16.426      0.599    1498.64    1498.64  0.000e+00
      32759     17.000    13.5720    13.5728     0.0008    3.82018    3.81921          1     5.5277     5.2497      76.61     0.4739     0.2519  3.125e+00  0.2830000    31.8879    31.8782    -0.0097    23.8700    23.8623     16.842     16.923      0.636    1498.69    1498.68  0.000e+00
      32777     17.500    13.5780    13.5787     0.0007    3.83329    3.83014          1     5.5093     5.2521      97.27     0.5083     0.2468  2.922e+00  0.2855000    32.0045    31.9747    -0.0297    23.9588    23.9357     17.337     17.420      0.612    1498.86    1498.83  0.000e+00
      32798     18.000    13.5815    13.5841     0.0025    3.84192    3.84238          1     5.5109     5.2468      97.44     0.5118     0.2234  2.745e+00  0.2869000    32.0817    32.0837     0.0021    24.0178    24.0189     17.833     17.918      0.527    1498.97    1498.98  0.000e+00
      32823     18.500    13.5994    13.6006     0.0012    3.85474    3.85372          1     5.4918     5.2123      84.55     0.4319     0.3064  2.636e+00  0.2813000    32.1857    32.1751    -0.0105    24.0945    24.0862     18.328     18.415      0.470    1499.16    1499.15  0.000e+00
      32848     19.000    13.6408    13.6409     0.0002    3.87762    3.87679          1     5.4422     5.1611      96.14     0.3963     0.2382  2.525e+00  0.3072000    32.3632    32.3554    -0.0078    24.2234    24.2173     18.823     18.912      0.529    1499.52    1499.51  0.000e+00
      32869     19.500    13.6757    13.6763     0.0006    3.89272    3.89238          1     5.3985     5.1273      80.45     0.3946     0.2248  2.350e+00  0.3152000    32.4739    32.4702    -0.0037    24.3018    24.2989     19.319     19.409      0.611    1499.77    1499.76  0.000e+00
      32888     20.000    13.6939    13.6939    -0.0001    3.90011    3.89953          1     5.3688     5.1095      71.83     0.3730     0.2356  2.203e+00  0.3270000    32.5268    32.5215    -0.0053    24.3390    24.3349     19.814     19.907      0.640    1499.90    1499.89  0.000e+00
      32907     20.500    13.7211    13.7197    -0.0014    3.91000    3.90942          1     5.3358     5.0904      80.44     0.3336     0.2512  2.085e+00  0.3488000    32.5954    32.5912    -0.0042    24.3865    24.3836     20.309     20.404      0.605    1500.08    1500.07  0.000e+00
      32928     21.000    13.7416    13.7419     0.0003    3.91520    3.91499          1     5.3012     5.0656      97.09     0.3570     0.2232  1.995e+00  0.3706000    32.6261    32.6238    -0.0023    24.4061    24.4043     20.805     20.901      0.514    1500.19    1500.19  0.000e+00
      32954     21.500    13.7332    13.7358     0.0026    3.91744    3.91721          1     5.3101     5.0541      97.45     0.2889     0.2177  1.870e+00  0.4017000    32.6539    32.6495    -0.0044    24.4292    24.4254     21.300     21.398      0.460    1500.20    1500.21  0.000e+00
      32979     22.000    13.7312    13.7319     0.0007    3.91991    3.91968          1     5.3135     5.0394      97.46     0.3339     0.2372  1.765e+00  0.4778000    32.6783    32.6755    -0.0027    24.4485    24.4462     21.795     21.895      0.539    1500.23    1500.23  0.000e+00
      32999     22.500    13.7359    13.7361     0.0002    3.92239    3.92231          1     5.2915     5.0231      97.45     0.3043     0.2715  1.672e+00  0.4571000    32.6972    32.6962    -0.0009    24.4621    24.4614     22.291     22.392      0.631    1500.28    1500.28  0.000e+00
      33017     23.000    13.7414    13.7413    -0.0001    3.92372    3.92354          1     5.2893     5.0179      93.74     0.3024     0.2535  1.582e+00  0.4624000    32.7046    32.7029    -0.0017    24.4668    24.4655     22.786     22.889      0.642    1500.31    1500.31  0.000e+00
      33037     23.500    13.7445    13.7449     0.0004    3.92449    3.92448          1     5.2745     5.0161      68.88     0.3041     0.2062  1.466e+00  0.4827000    32.7089    32.7085    -0.0004    24.4695    24.4690     23.281     23.386      0.561    1500.34    1500.34  0.000e+00
      33061     24.000    13.7470    13.7478     0.0007    3.92546    3.92541          1     5.2417     5.0084      67.71     0.2847     0.2217  1.375e+00  0.5033000    32.7155    32.7145    -0.0011    24.4741    24.4731     23.776     23.884      0.487    1500.36    1500.36  0.000e+00
      33085     24.500    13.7488    13.7496     0.0008    3.92604    3.92610          1     5.2421     5.0030      71.88     0.2847     0.1737  1.298e+00  0.5038000    32.7192    32.7191    -0.0001    24.4766    24.4763     24.272     24.381      0.559    1500.38    1500.38  0.000e+00
      33105     25.000    13.7506    13.7509     0.0003    3.92693    3.92664          1     5.2407     4.9999      84.12     0.2969     0.2119  1.208e+00  0.5285000    32.7258    32.7228    -0.0029    24.4812    24.4789     24.767     24.878      0.627    1500.40    1500.40  0.000e+00
      33123     25.500    13.7518    13.7526     0.0008    3.92740    3.92734          1     5.2399     5.0023      66.42     0.2969     0.2023  1.125e+00  0.5436000    32.7290    32.7276    -0.0013    24.4835    24.4823     25.262     25.375      0.606    1500.42    1500.42  0.000e+00
      33145     26.000    13.7353    13.7374     0.0022    3.92575    3.92594          1     5.2674     5.0157      81.39     0.2969     0.2020  1.040e+00  0.5398000    32.7275    32.7274    -0.0001    24.4857    24.4852     25.758     25.872      0.522    1500.37    1500.38  0.000e+00
      33170     26.500    13.7188    13.7180    -0.0008    3.92528    3.92494          1     5.2805     5.0066      85.62     0.3120     0.2854  9.715e-01  0.5535000    32.7370    32.7345    -0.0025    24.4964    24.4946     26.253     26.369      0.477    1500.33    1500.33  0.000e+00
      33194     27.000    13.7216    13.7227     0.0011    3.92918    3.92898          1     5.2250     4.9684      64.35     0.3261     0.2702  9.003e-01  0.6002000    32.7707    32.7679    -0.0028    24.5219    24.5195     26.748     26.866      0.537    1500.39    1500.39  0.000e+00
      33215     27.500    13.6914    13.6924     0.0009    3.93146    3.93150          1     5.1800     4.9364      84.88     0.3071     0.2611  8.317e-01  0.6065000    32.8176    32.8170    -0.0005    24.5642    24.5637     27.244     27.363      0.615    1500.36    1500.36  0.000e+00
      33233     28.000    13.6574    13.6580     0.0006    3.93142    3.93147          1     5.1635     4.9187      68.68     0.2849     0.2232  7.670e-01  0.7408000    32.8462    32.8461    -0.0000    24.5933    24.5931     27.739     27.860      0.633    1500.29    1500.29  0.000e+00
