ctdpy/tests/etc/all_smhi_bas_2018/SBE09_0827_20181123_0903_26_01_1226.cnv
* Sea-Bird SBE 9 Data File:
* FileName = D:\CTD_SBE911\DAT\26DA.2018.12.26.hex
* Software Version Seasave V 7.21d
* Temperature SN = 4548
* Conductivity SN = 3062
* Number of Bytes Per Scan = 48
* Number of Voltage Words = 5
* Number of Scans Averaged by the Deck Unit = 1
* NMEA Latitude = 57 40.19 N
* NMEA Longitude = 019 23.41 E
* NMEA UTC (Time) = Nov 23 2018  09:03:50
* NMEA baud rate = 4800
** Ship: DANA
** Average sound velocity: 1442.94 m/s
** True-depth calculation Tue, 02 Apr 2019 12:13:26 +0000
** CTD Python Module SMHI /ver 3-12/ feb 2012 
** LIMS Job: 20182601-1226
** Operator: Ronny
** Cruise: 12/2018
# nquan = 26
# nvalues = 145                         
# units = specified
# name 0 = scan: Scan Count
# name 1 = prDM: Pressure, Digiquartz [db]
# name 2 = t090C: Temperature [ITS-90, deg C]
# name 3 = t190C: Temperature, 2 [ITS-90, deg C]
# name 4 = T2-T190C: Temperature Difference, 2 - 1 [ITS-90, deg C]
# name 5 = c0S/m: Conductivity [S/m]
# name 6 = c1S/m: Conductivity, 2 [S/m]
# name 7 = pumps: Pump Status
# name 8 = sbeox1ML/L: Oxygen, SBE 43, 2 [ml/l]
# name 9 = sbeox0ML/L: Oxygen, SBE 43 [ml/l]
# name 10 = altM: Altimeter [m]
# name 11 = chloroflTC0: Chlorophyll, Turner Cyclops [ug/l]
# name 12 = cpar: CPAR/Corrected Irradiance [%]
# name 13 = par: PAR/Irradiance, Biospherical/Lico [µE/(cm^2*s)]
# name 14 = spar: SPAR, Biospherical/Licor
# name 15 = sal00: Salinity, Practical [PSU]
# name 16 = sal11: Salinity, Practical, 2 [PSU]
# name 17 = secS-priS: Salinity, Practical, Difference, 2 - 1 [PSU]
# name 18 = sigma-t00: Density [sigma-t, kg/m^3 ]
# name 19 = sigma-t11: Density, 2 [sigma-t, kg/m^3 ]
# name 20 = depSM: Depth [salt water, m], lat = 57.6698
# name 21 = depFM: Depth [true depth, m], lat = 57.6698
# name 22 = dz/dtM: Descent Rate [m/s], WS = 2
# name 23 = svCM: Sound Velocity [Chen-Millero, m/s]
# name 24 = svCM1: Sound Velocity, 2 [Chen-Millero, m/s]
# name 25 = flag: flag
# span 0 =        284,       7550       
# span 1 =      1.500,     73.500       
# span 2 =     3.5168,     8.3894       
# span 3 =     3.5075,     8.3912       
# span 4 =    -0.3123,     0.1045       
# span 5 =   0.774230,   1.015815       
# span 6 =   0.773960,   1.016073       
# span 7 =          1,          1       
# span 8 =     0.4741,     7.4456       
# span 9 =     0.4400,     7.6813       
# span 10 =       1.51,       9.99      
# span 11 =     0.0157,     0.0213      
# span 12 = 8.7930e-13, 7.9074e+00      
# span 13 = 1.0000e-12, 9.3039e+00      
# span 14 = 1.0452e+02, 1.1770e+02      
# span 15 =     7.0114,     9.5097      
# span 16 =     7.0114,     9.5115      
# span 17 =    -0.0002,     0.0413      
# span 18 =     5.3365,     7.5170      
# span 19 =     5.3364,     7.5183      
# span 20 =      1.486,     72.808      
# span 21 =      1.520,     74.431      
# span 22 =     -0.025,      0.324      
# span 23 =    1429.90,    1450.00      
# span 24 =    1429.86,    1450.00      
# span 25 = 0.0000e+00, 0.0000e+00      
# interval = decibars: 0.5              
# start_time = Nov 23 2018 09:03:50 [NMEA time, first data scan]
# bad_flag = -9.990e-29
*END*
[from data line 112]
       5602     57.500     3.7198     3.7178    -0.0021    0.80709    0.80759          1     5.5887     5.7149       9.96     0.0159  9.119e-13  1.000e-12  1.097e+02     7.7345     7.7401     0.0056     6.1550     6.1596     56.961     58.245      0.255    1431.32    1431.32  0.000e+00
       5650     58.000     3.7246     3.7265     0.0019    0.80967    0.81010          1     5.5299     5.6357       9.96     0.0159  9.119e-13  1.000e-12  1.097e+02     7.7598     7.7638     0.0040     6.1751     6.1782     57.456     58.751      0.229    1431.39    1431.40  0.000e+00
       5703     58.500     3.7482     3.7561     0.0078    0.81364    0.81467          1     5.3984     5.5138       9.96     0.0159  9.119e-13  1.000e-12  1.097e+02     7.7950     7.8037     0.0087     6.2026     6.2093     57.951     59.257      0.262    1431.55    1431.59  0.000e+00
       5747     59.000     3.7787     3.7867     0.0080    0.81771    0.81866          1     5.2476     5.3655       9.96     0.0158  9.120e-13  1.000e-12  1.097e+02     7.8295     7.8373     0.0078     6.2293     6.2354     58.447     59.763      0.260    1431.74    1431.78  0.000e+00
       5795     59.500     3.8029     3.8123     0.0094    0.82113    0.82229          1     5.1292     5.2448       9.96     0.0159  9.122e-13  1.000e-12  1.096e+02     7.8588     7.8684     0.0097     6.2521     6.2595     58.942     60.270      0.242    1431.89    1431.95  0.000e+00
       5846     60.000     3.8357     3.8496     0.0139    0.82628    0.82805          1     4.9806     5.0861       9.96     0.0158  9.157e-13  1.000e-12  1.092e+02     7.9038     7.9186     0.0148     6.2871     6.2985     59.437     60.776      0.254    1432.10    1432.19  0.000e+00
       5889     60.500     3.8849     3.8998     0.0148    0.83442    0.83624          1     4.7690     4.8488       9.96     0.0158  9.188e-13  1.000e-12  1.088e+02     7.9754     7.9905     0.0151     6.3428     6.3544     59.932     61.282      0.272    1432.43    1432.51  0.000e+00
       5936     61.000     3.9192     3.9404     0.0212    0.83956    0.84251          1     4.5295     4.6400       9.96     0.0159  9.257e-13  1.000e-12  1.080e+02     8.0197     8.0448     0.0251     6.3772     6.3966     60.427     61.788      0.245    1432.65    1432.78  0.000e+00
       5986     61.500     3.9550     3.9869     0.0318    0.84440    0.84810          1     4.3500     4.4984       9.96     0.0159  9.288e-13  1.000e-12  1.077e+02     8.0605     8.0907     0.0302     6.4086     6.4318     60.923     62.294      0.245    1432.87    1433.05  0.000e+00
       6031     62.000     4.0287     4.0564     0.0277    0.85307    0.85580          1     4.1555     4.2489       9.96     0.0159  9.291e-13  1.000e-12  1.076e+02     8.1312     8.1522     0.0210     6.4628     6.4788     61.418     62.800      0.282    1433.30    1433.45  0.000e+00
       6078     62.500     4.0994     4.1136     0.0145    0.86297    0.86446          1     3.9029     3.9398       9.96     0.0158  9.291e-13  1.000e-12  1.076e+02     8.2148     8.2265     0.0117     6.5273     6.5361     61.913     63.306      0.230    1433.73    1433.81  0.000e+00
       6130     63.000     4.1608     4.1775     0.0167    0.87169    0.87344          1     3.6254     3.6599       9.96     0.0159  9.291e-13  1.000e-12  1.076e+02     8.2885     8.3022     0.0137     6.5840     6.5944     62.408     63.812      0.249    1434.11    1434.20  0.000e+00
       6176     63.500     4.2148     4.2261     0.0112    0.87856    0.87938          1     3.4515     3.4588       9.96     0.0159  9.291e-13  1.000e-12  1.076e+02     8.3450     8.3506     0.0055     6.6272     6.6313     62.904     64.318      0.267    1434.43    1434.49  0.000e+00
       6225     64.000     4.2534     4.2686     0.0153    0.88306    0.88474          1     3.2826     3.3177       9.96     0.0158  9.291e-13  1.000e-12  1.076e+02     8.3811     8.3944     0.0132     6.6547     6.6647     63.399     64.824      0.227    1434.66    1434.74  0.000e+00
       6275     64.500     4.2927     4.3154     0.0227    0.88977    0.89236          1     3.1188     3.1689       9.96     0.0159  9.291e-13  1.000e-12  1.076e+02     8.4395     8.4600     0.0206     6.6997     6.7153     63.894     65.330      0.273    1434.92    1435.04  0.000e+00
       6318     65.000     4.3448     4.3623     0.0175    0.89883    0.90133          1     2.9062     2.9318       9.96     0.0159  9.291e-13  1.000e-12  1.076e+02     8.5184     8.5394     0.0209     6.7606     6.7767     64.389     65.835      0.273    1435.26    1435.36  0.000e+00
       6362     65.500     4.3928     4.4042     0.0114    0.90858    0.91002          1     2.6843     2.6706       9.94     0.0159  9.291e-13  1.000e-12  1.076e+02     8.6053     8.6170     0.0117     6.8279     6.8368     64.884     66.341      0.262    1435.59    1435.66  0.000e+00
       6411     66.000     4.4369     4.4685     0.0316    0.91745    0.92232          1     2.4059     2.4215       9.52     0.0159  9.291e-13  1.000e-12  1.076e+02     8.6840     8.7253     0.0413     6.8888     6.9204     65.380     66.847      0.251    1435.89    1436.09  0.000e+00
       6453     66.500     4.5052     4.5261     0.0208    0.92915    0.93180          1     2.1406     2.1522       9.00     0.0159  9.291e-13  1.000e-12  1.076e+02     8.7850     8.8064     0.0214     6.9664     6.9826     65.875     67.353      0.298    1436.33    1436.45  0.000e+00
       6497     67.000     4.5525     4.5702     0.0176    0.93647    0.93880          1     1.9642     1.9646       8.46     0.0159  9.291e-13  1.000e-12  1.076e+02     8.8468     8.8658     0.0190     7.0136     7.0280     66.370     67.858      0.255    1436.63    1436.73  0.000e+00
       6548     67.500     4.6011     4.6164     0.0154    0.94364    0.94533          1     1.8390     1.8264       7.93     0.0159  9.291e-13  1.000e-12  1.076e+02     8.9066     8.9197     0.0130     7.0592     7.0689     66.865     68.364      0.220    1436.93    1437.01  0.000e+00
       6599     68.000     4.6552     4.6704     0.0151    0.95094    0.95240          1     1.7352     1.7237       7.45     0.0159  9.291e-13  1.000e-12  1.076e+02     8.9661     8.9768     0.0108     7.1042     7.1121     67.361     68.870      0.291    1437.25    1437.33  0.000e+00
       6640     68.500     4.6866     4.6954     0.0088    0.95546    0.95637          1     1.6360     1.6283       6.91     0.0159  9.291e-13  1.000e-12  1.076e+02     9.0034     9.0102     0.0068     7.1325     7.1375     67.856     69.376      0.258    1437.45    1437.49  0.000e+00
       6691     69.000     4.7082     4.7227     0.0146    0.95882    0.96030          1     1.5636     1.5638       6.37     0.0159  9.318e-13  1.000e-12  1.073e+02     9.0315     9.0426     0.0111     7.1539     7.1621     68.351     69.881      0.246    1437.59    1437.66  0.000e+00
       6737     69.500     4.7618     4.7719     0.0101    0.96681    0.96770          1     1.4708     1.4410       5.82     0.0159  9.366e-13  1.000e-12  1.068e+02     9.0978     9.1041     0.0063     7.2042     7.2088     68.846     70.387      0.270    1437.92    1437.97  0.000e+00
       6780     70.000     4.8220     4.8319     0.0098    0.97693    0.97805          1     1.2843     1.2443       5.27     0.0159  9.419e-13  1.000e-12  1.062e+02     9.1837     9.1924     0.0087     7.2697     7.2761     69.341     70.892      0.270    1438.30    1438.35  0.000e+00
       6831     70.500     4.8551     4.8729     0.0178    0.98329    0.98540          1     1.0954     1.0705       4.72     0.0159  9.464e-13  1.000e-12  1.057e+02     9.2389     9.2553     0.0164     7.3120     7.3241     69.837     71.398      0.223    1438.52    1438.62  0.000e+00
       6881     71.000     4.9012     4.9070     0.0059    0.99052    0.99109          1     0.9874     0.9682       4.22     0.0159  9.469e-13  1.000e-12  1.056e+02     9.2991     9.3033     0.0042     7.3576     7.3607     70.332     71.904      0.267    1438.81    1438.84  0.000e+00
       6927     71.500     4.9255     4.9338     0.0083    0.99452    0.99540          1     0.9149     0.8808       3.67     0.0159  9.469e-13  1.000e-12  1.056e+02     9.3327     9.3393     0.0065     7.3831     7.3879     70.827     72.409      0.247    1438.97    1439.01  0.000e+00
       6976     72.000     4.9435     4.9510     0.0075    0.99766    0.99851          1     0.8454     0.8298       3.15     0.0159  9.469e-13  1.000e-12  1.056e+02     9.3593     9.3658     0.0065     7.4033     7.4081     71.322     72.915      0.249    1439.09    1439.13  0.000e+00
       7024     72.500     4.9763     4.9839     0.0076    1.00311    1.00378          1     0.7903     0.7508       2.62     0.0159  9.469e-13  1.000e-12  1.056e+02     9.4051     9.4098     0.0047     7.4381     7.4414     71.818     73.420      0.252    1439.30    1439.33  0.000e+00
       7071     73.000     5.0172     5.0263     0.0091    1.00959    1.01045          1     0.6385     0.5954       2.07     0.0159  9.469e-13  1.000e-12  1.056e+02     9.4589     9.4650     0.0061     7.4788     7.4832     72.313     73.926      0.258    1439.55    1439.60  0.000e+00
       7550     73.500     5.0592     5.0620     0.0028    1.01581    1.01607          1     0.4741     0.4400       1.51     0.0159  9.568e-13  1.000e-12  1.045e+02     9.5097     9.5115     0.0018     7.5170     7.5183     72.808     74.431     -0.025    1439.81    1439.82  0.000e+00
