ctdpy/tests/etc/all_smhi_bas_2018/SBE09_1044_20181205_1414_34_01_0153.cnv
* Sea-Bird SBE 9 Data File:
* FileName = C:\ctd\temp\ar18d153.hex
* Software Version Seasave V 7.26.7.107
* Temperature SN = 5351
* Conductivity SN = 3941
* Number of Bytes Per Scan = 41
* Number of Voltage Words = 4
* Number of Scans Averaged by the Deck Unit = 1
* NMEA Latitude = 57 18.72 N
* NMEA Longitude = 020 04.60 E
* NMEA UTC (Time) = Dec 05 2018  14:14:07
* NMEA baud rate = 4800
** Station:  BY15
** Operator:  ASkj
** Ship: ARANDA
** Average sound velocity: 1447.48 m/s
** True-depth calculation Sun, 09 Dec 2018 13:44:51 +0000
** CTD Python Module SMHI /ver 3-12/ feb 2012 
** LIMS Job: 20183401-0153
** Cruise: SMHI-7-2018
** Latitude [GG MM.mm N]:
** Longitude [GG MM.mm E]
# nquan = 26
# nvalues = 463                         
# units = specified
# name 0 = scan: Scan Count
# name 1 = prDM: Pressure, Digiquartz [db]
# name 2 = t090C: Temperature [ITS-90, deg C]
# name 3 = t190C: Temperature, 2 [ITS-90, deg C]
# name 4 = T2-T190C: Temperature Difference, 2 - 1 [ITS-90, deg C]
# name 5 = c0S/m: Conductivity [S/m]
# name 6 = c1S/m: Conductivity, 2 [S/m]
# name 7 = pumps: Pump Status
# name 8 = sbeox0ML/L: Oxygen, SBE 43 [ml/l]
# name 9 = sbeox1ML/L: Oxygen, SBE 43, 2 [ml/l]
# name 10 = altM: Altimeter [m]
# name 11 = flECO-AFL: Chl-a Fluorescence, WET Labs ECO-AFL/FL [mg/m^3]
# name 12 = flECO-AFL1: Phycocyanin Fluorescence, WET Labs ECO-AFL/FL, 2 [mg/m^3]
# name 13 = par: PAR/Irradiance, Biospherical/Lico [µE/(cm^2*s)]
# name 14 = turbWETntu0: Turbidity, WET Labs ECO [NTU]
# name 15 = sal00: Salinity, Practical [PSU]
# name 16 = sal11: Salinity, Practical, 2 [PSU]
# name 17 = secS-priS: Salinity, Practical, Difference, 2 - 1 [PSU]
# name 18 = sigma-t00: Density [sigma-t, Kg/m^3 ]
# name 19 = sigma-t11: Density, 2 [sigma-t, Kg/m^3 ]
# name 20 = depSM: Depth [salt water, m], lat = 57.312
# name 21 = depFM: Depth [true depth, m], lat = 57.312
# name 22 = dz/dtM: Descent Rate [m/s], WS = 2
# name 23 = svCM: Sound Velocity [Chen-Millero, m/s]
# name 24 = svCM1: Sound Velocity, 2 [Chen-Millero, m/s]
# name 25 = flag: flag
# span 0 =      11503,      26652       
# span 1 =      1.000,    232.000       
# span 2 =     3.8557,     6.8879       
# span 3 =     3.8576,     6.8890       
# span 4 =    -0.0951,     0.0737       
# span 5 =   0.801637,   1.447452       
# span 6 =   0.801771,   1.447550       
# span 7 =          1,          1       
# span 8 =    0.01766,    7.94317       
# span 9 =    1.45055,    6.31090       
# span 10 =       0.00,      98.95      
# span 11 =     0.2221,     0.5713      
# span 12 =     0.1403,     0.3237      
# span 13 = 1.0000e-12, 3.8802e+00      
# span 14 =     0.1292,     0.7247      
# span 15 =     7.2199,    13.1797      
# span 16 =     7.2196,    13.1801      
# span 17 =    -0.1081,     0.0938      
# span 18 =     5.6490,    10.2889      
# span 19 =     5.6487,    10.2891      
# span 20 =      0.992,    229.734      
# span 21 =      1.013,    234.340      
# span 22 =     -0.112,      1.792      
# span 23 =    1431.93,    1454.74      
# span 24 =    1431.94,    1454.75      
# span 25 = 0.0000e+00, 0.0000e+00      
# interval = decibars: 0.5              
# start_time = Dec 05 2018 14:14:07 [NMEA time, first data scan]
# bad_flag = -9.990e-29
*END*
[from data line 279]
      18132    140.500     6.6846     6.6855     0.0009    1.36537    1.36536          1     0.0406     1.5858      97.67     0.3173     0.1940  1.000e-12  0.2114000    12.4629    12.4625    -0.0004     9.7424     9.7421    139.159    142.079      0.629    1451.53    1451.54  0.000e+00
      18154    141.000     6.6909     6.6919     0.0009    1.36709    1.36705          1     0.0376     1.5873      97.66     0.3046     0.1713  1.000e-12  0.2021000    12.4775    12.4768    -0.0007     9.7534     9.7528    139.654    142.583      0.539    1451.59    1451.59  0.000e+00
      18176    141.500     6.6948     6.6958     0.0010    1.36833    1.36833          1     0.0400     1.5829      95.45     0.3146     0.2082  1.000e-12  0.1945000    12.4883    12.4879    -0.0004     9.7616     9.7612    140.149    143.087      0.519    1451.62    1451.63  0.000e+00
      18201    142.000     6.6985     6.6994     0.0010    1.36953    1.36953          1     0.0406     1.5823      94.26     0.3167     0.2169  1.000e-12  0.2099000    12.4986    12.4983    -0.0003     9.7694     9.7691    140.644    143.592      0.405    1451.66    1451.66  0.000e+00
      18250    142.500     6.7008     6.7022     0.0014    1.37051    1.37069          1     0.0393     1.5768      93.68     0.3086     0.2136  1.000e-12  0.2032000    12.5075    12.5087     0.0013     9.7762     9.7771    141.139    144.096      0.281    1451.69    1451.70  0.000e+00
      18286    143.000     6.7053     6.7062     0.0009    1.37268    1.37268          1     0.0388     1.5720      97.80     0.3341     0.2223  1.000e-12  0.1904000    12.5272    12.5268    -0.0004     9.7913     9.7909    141.634    144.600      0.718    1451.74    1451.75  0.000e+00
      18299    143.500     6.7077     6.7087     0.0010    1.37391    1.37389          1     0.0405     1.5768      97.31     0.3324     0.2208  1.000e-12  0.1925000    12.5384    12.5378    -0.0006     9.7999     9.7994    142.129    145.105      1.071    1451.77    1451.78  0.000e+00
      18308    144.000     6.7116     6.7125     0.0009    1.37563    1.37556          1     0.0407     1.5795      97.09     0.2998     0.1994  1.000e-12  0.1850000    12.5538    12.5528    -0.0010     9.8117     9.8109    142.624    145.609      1.297    1451.82    1451.82  0.000e+00
      18317    144.500     6.7142     6.7151     0.0010    1.37682    1.37679          1     0.0410     1.5798      96.72     0.3015     0.1924  1.000e-12  0.1861000    12.5645    12.5639    -0.0006     9.8200     9.8194    143.119    146.113      1.416    1451.85    1451.85  0.000e+00
      18324    145.000     6.7171     6.7180     0.0008    1.37784    1.37781          1     0.0383     1.5799      96.44     0.3015     0.1925  1.000e-12  0.1839000    12.5734    12.5728    -0.0006     9.8267     9.8262    143.614    146.618      1.428    1451.88    1451.88  0.000e+00
      18332    145.500     6.7198     6.7207     0.0009    1.37849    1.37847          1     0.0393     1.5782      95.98     0.3267     0.1818  1.000e-12  0.1821000    12.5788    12.5783    -0.0005     9.8307     9.8302    144.109    147.122      1.321    1451.91    1451.91  0.000e+00
      18342    146.000     6.7230     6.7237     0.0007    1.37958    1.37949          1     0.0376     1.5743      95.48     0.3236     0.1779  1.000e-12  0.1801000    12.5883    12.5871    -0.0011     9.8379     9.8369    144.604    147.626      1.034    1451.94    1451.94  0.000e+00
      18383    146.500     6.7270     6.7266    -0.0005    1.38124    1.38069          1     0.0360     1.5693      95.05     0.3228     0.1792  1.000e-12  0.1814000    12.6031    12.5979    -0.0053     9.8492     9.8452    145.099    148.131      0.741    1451.98    1451.97  0.000e+00
      18459    147.000     6.7260     6.7270     0.0007    1.38065    1.38079          1     0.0357     1.5695      94.92     0.3264     0.1760  1.000e-12  0.1748000    12.5976    12.5985     0.0010     9.8450     9.8457    145.594    148.635      1.635    1451.98    1451.98  0.000e+00
      18470    147.500     6.7354     6.7346    -0.0007    1.38432    1.38361          1     0.0377     1.5702      94.46     0.3248     0.1757  1.000e-12  0.1739000    12.6303    12.6235    -0.0067     9.8699     9.8647    146.089    149.139      1.784    1452.07    1452.06  0.000e+00
      18476    148.000     6.7438     6.7447     0.0008    1.38737    1.38731          1     0.0370     1.5706      94.15     0.3213     0.1778  1.000e-12  0.1726000    12.6573    12.6563    -0.0009     9.8904     9.8897    146.584    149.644      1.792    1452.14    1452.15  0.000e+00
      18482    148.500     6.7460     6.7467     0.0007    1.38817    1.38814          1     0.0366     1.5708      93.53     0.3337     0.1778  1.000e-12  0.1738000    12.6643    12.6637    -0.0006     9.8958     9.8953    147.079    150.148      1.723    1452.17    1452.17  0.000e+00
      18488    149.000     6.7470     6.7479     0.0009    1.38874    1.38871          1     0.0390     1.5712      92.79     0.3364     0.1831  1.000e-12  0.1730000    12.6693    12.6687    -0.0006     9.8997     9.8991    147.574    150.652      1.548    1452.19    1452.19  0.000e+00
      18497    149.500     6.7494     6.7502     0.0007    1.38975    1.38972          1     0.0381     1.5738      92.29     0.3360     0.1921  1.000e-12  0.1738000    12.6784    12.6778    -0.0005     9.9066     9.9061    148.069    151.156      1.161    1452.22    1452.22  0.000e+00
      18539    150.000     6.7492     6.7503     0.0010    1.38956    1.38966          1     0.0356     1.5698      91.22     0.3305     0.1968  1.000e-12  0.1689000    12.6765    12.6771     0.0006     9.9051     9.9055    148.565    151.661      0.676    1452.22    1452.23  0.000e+00
      18613    150.500     6.7395     6.7396    -0.0000    1.38593    1.38551          1     0.0348     1.5652      90.21     0.3119     0.2069  1.000e-12  0.1437000    12.6441    12.6399    -0.0042     9.8805     9.8771    149.060    152.165      1.208    1452.15    1452.15  0.000e+00
      18623    151.000     6.7497     6.7466    -0.0029    1.38998    1.38838          1     0.0333     1.5626      89.85     0.3118     0.1943  1.000e-12  0.1432000    12.6803    12.6656    -0.0147     9.9081     9.8968    149.555    152.669      1.304    1452.25    1452.21  0.000e+00
      18632    151.500     6.7538     6.7475    -0.0062    1.39147    1.38873          1     0.0365     1.5630      89.43     0.3131     0.1926  1.000e-12  0.1554000    12.6934    12.6686    -0.0247     9.9180     9.8991    150.050    153.174      1.301    1452.29    1452.23  0.000e+00
      18641    152.000     6.7622     6.7623    -0.0001    1.39460    1.39435          1     0.0369     1.5647      89.01     0.3119     0.1932  1.000e-12  0.1739000    12.7211    12.7186    -0.0024     9.9391     9.9372    150.545    153.678      1.207    1452.37    1452.36  0.000e+00
      18651    152.500     6.7659     6.7668     0.0008    1.39602    1.39599          1     0.0363     1.5682      88.61     0.3121     0.2191  1.000e-12  0.1719000    12.7336    12.7331    -0.0006     9.9486     9.9481    151.040    154.182      0.992    1452.40    1452.41  0.000e+00
      18668    153.000     6.7695     6.7703     0.0008    1.39712    1.39709          1     0.0355     1.5711      87.78     0.3446     0.2111  1.000e-12  0.1790000    12.7431    12.7425    -0.0006     9.9558     9.9553    151.535    154.686      0.580    1452.44    1452.44  0.000e+00
      18716    153.500     6.7519     6.7552     0.0034    1.39068    1.39164          1     0.0354     1.5705      86.73     0.3158     0.2091  1.000e-12  0.1564000    12.6859    12.6942     0.0083     9.9122     9.9185    152.030    155.191      0.284    1452.30    1452.33  0.000e+00
      18749    154.000     6.7670     6.7727     0.0057    1.39629    1.39784          1     0.0349     1.5687      84.23     0.3137     0.2220  1.000e-12  0.1551000    12.7356    12.7488     0.0132     9.9501     9.9600    152.525    155.695      0.555    1452.44    1452.48  0.000e+00
      18768    154.500     6.7774     6.7782     0.0008    1.39974    1.39972          1     0.0349     1.5669      62.47     0.3349     0.2218  1.000e-12  0.1541000    12.7658    12.7653    -0.0005     9.9730     9.9725    153.020    156.199      0.677    1452.52    1452.53  0.000e+00
      18785    155.000     6.7790     6.7798     0.0009    1.40031    1.40029          1     0.0353     1.5651      84.82     0.3265     0.2218  1.000e-12  0.1556000    12.7707    12.7702    -0.0005     9.9767     9.9763    153.515    156.703      0.677    1452.55    1452.55  0.000e+00
      18804    155.500     6.7872     6.7876     0.0005    1.40311    1.40303          1     0.0361     1.5669      84.81     0.3123     0.2259  1.000e-12  0.1551000    12.7953    12.7943    -0.0010     9.9954     9.9946    154.010    157.208      0.573    1452.62    1452.62  0.000e+00
      18828    156.000     6.7929     6.7938     0.0009    1.40536    1.40534          1     0.0367     1.5672      84.28     0.3145     0.2462  1.000e-12  0.1512000    12.8153    12.8148    -0.0005    10.0106    10.0101    154.505    157.712      0.473    1452.67    1452.68  0.000e+00
      18853    156.500     6.7974     6.7983     0.0009    1.40700    1.40698          1     0.0352     1.5681      83.20     0.3253     0.2396  1.000e-12  0.1624000    12.8297    12.8292    -0.0006    10.0216    10.0210    155.000    158.216      0.578    1452.72    1452.72  0.000e+00
      18871    157.000     6.8008     6.8015     0.0008    1.40810    1.40808          1     0.0348     1.5763      82.97     0.3243     0.1914  1.000e-12  0.1433000    12.8392    12.8387    -0.0005    10.0287    10.0283    155.495    158.720      0.765    1452.75    1452.76  0.000e+00
      18885    157.500     6.8018     6.8027     0.0009    1.40858    1.40857          1     0.0360     1.5776      82.77     0.3241     0.2305  1.000e-12  0.1449000    12.8435    12.8430    -0.0005    10.0320    10.0315    155.990    159.224      0.839    1452.77    1452.77  0.000e+00
      18899    158.000     6.8043     6.8052     0.0009    1.40969    1.40964          1     0.0358     1.5766      82.40     0.3237     0.2435  1.000e-12  0.1493000    12.8533    12.8525    -0.0008    10.0395    10.0388    156.485    159.729      0.755    1452.80    1452.80  0.000e+00
      18920    158.500     6.8055     6.8064     0.0009    1.41022    1.41019          1     0.0348     1.5777      81.80     0.3155     0.1966  1.000e-12  0.1570000    12.8581    12.8574    -0.0007    10.0432    10.0426    156.980    160.233      0.411    1452.82    1452.82  0.000e+00
      18981    159.000     6.8025     6.8016    -0.0009    1.40912    1.40844          1     0.0354     1.5773      80.90     0.3239     0.2470  1.000e-12  0.1292000    12.8482    12.8419    -0.0064    10.0357    10.0308    157.475    160.737      0.404    1452.80    1452.79  0.000e+00
      18997    159.500     6.8076     6.8084     0.0008    1.41095    1.41095          1     0.0330     1.5767      80.71     0.3127     0.2214  1.000e-12  0.1482000    12.8643    12.8640    -0.0002    10.0479    10.0476    157.970    161.241      0.763    1452.85    1452.86  0.000e+00
      19011    160.000     6.8087     6.8094     0.0008    1.41126    1.41126          1     0.0346     1.5752      80.03     0.3142     0.2107  1.000e-12  0.1498000    12.8669    12.8666    -0.0003    10.0498    10.0495    158.465    161.745      0.901    1452.87    1452.87  0.000e+00
      19023    160.500     6.8105     6.8113     0.0008    1.41185    1.41183          1     0.0360     1.5769      79.69     0.3233     0.1922  1.000e-12  0.1613000    12.8719    12.8715    -0.0004    10.0536    10.0532    158.960    162.250      0.938    1452.89    1452.89  0.000e+00
      19036    161.000     6.8112     6.8122     0.0010    1.41223    1.41223          1     0.0367     1.5817      79.44     0.3260     0.2062  1.000e-12  0.1624000    12.8753    12.8749    -0.0004    10.0562    10.0558    159.455    162.754      0.886    1452.91    1452.91  0.000e+00
      19050    161.500     6.8131     6.8139     0.0009    1.41290    1.41289          1     0.0344     1.5839      78.90     0.3251     0.2425  1.000e-12  0.1493000    12.8812    12.8807    -0.0004    10.0607    10.0603    159.950    163.258      0.731    1452.93    1452.93  0.000e+00
      19074    162.000     6.8142     6.8152     0.0010    1.41348    1.41347          1     0.0347     1.5833      78.21     0.3409     0.2209  1.000e-12  0.1528000    12.8863    12.8859    -0.0004    10.0646    10.0642    160.445    163.762      0.411    1452.95    1452.95  0.000e+00
      19128    162.500     6.8143     6.8126    -0.0016    1.41342    1.41268          1     0.0336     1.5857      76.95     0.3217     0.2036  1.000e-12  0.1476000    12.8856    12.8789    -0.0067    10.0641    10.0589    160.940    164.266      0.263    1452.96    1452.94  0.000e+00
      19164    163.000     6.8158     6.8168     0.0010    1.41405    1.41409          1     0.0343     1.5893      76.83     0.3337     0.1556  1.000e-12  0.1471000    12.8911    12.8912     0.0001    10.0683    10.0683    161.435    164.771      0.603    1452.98    1452.98  0.000e+00
      19179    163.500     6.8165     6.8173     0.0009    1.41426    1.41426          1     0.0357     1.5923      76.68     0.3489     0.2219  1.000e-12  0.1369000    12.8929    12.8926    -0.0003    10.0696    10.0693    161.930    165.275      0.875    1452.99    1452.99  0.000e+00
      19191    164.000     6.8175     6.8183     0.0008    1.41465    1.41463          1     0.0354     1.5916      76.32     0.3377     0.2189  1.000e-12  0.1493000    12.8963    12.8958    -0.0005    10.0722    10.0717    162.425    165.779      1.027    1453.01    1453.01  0.000e+00
      19202    164.500     6.8194     6.8204     0.0009    1.41548    1.41547          1     0.0332     1.5909      76.14     0.3031     0.1924  1.000e-12  0.1876000    12.9036    12.9032    -0.0005    10.0778    10.0774    162.920    166.283      1.073    1453.03    1453.03  0.000e+00
      19213    165.000     6.8213     6.8221     0.0009    1.41623    1.41623          1     0.0327     1.5934      75.93     0.3024     0.1925  1.000e-12  0.1858000    12.9102    12.9099    -0.0004    10.0828    10.0825    163.415    166.787      1.020    1453.06    1453.06  0.000e+00
      19225    165.500     6.8231     6.8240     0.0009    1.41696    1.41695          1     0.0324     1.5916      75.39     0.3255     0.1811  1.000e-12  0.1589000    12.9166    12.9163    -0.0004    10.0877    10.0873    163.910    167.292      0.848    1453.08    1453.08  0.000e+00
      19245    166.000     6.8248     6.8257     0.0009    1.41763    1.41763          1     0.0355     1.5917      73.98     0.3313     0.1895  1.000e-12  0.1559000    12.9226    12.9222    -0.0004    10.0923    10.0919    164.405    167.796      0.493    1453.10    1453.10  0.000e+00
      19301    166.500     6.8155     6.8211     0.0056    1.41423    1.41604          1     0.0333     1.5973      73.27     0.3330     0.2041  1.000e-12  0.1397000    12.8923    12.9081     0.0158    10.0692    10.0812    164.900    168.300      0.312    1453.03    1453.08  0.000e+00
      19335    167.000     6.8244     6.8275     0.0031    1.41775    1.41859          1     0.0355     1.5999      72.90     0.3116     0.2072  1.000e-12  0.1438000    12.9237    12.9308     0.0072    10.0931    10.0985    165.395    168.804      0.558    1453.12    1453.14  0.000e+00
      19353    167.500     6.8284     6.8291     0.0007    1.41914    1.41911          1     0.0342     1.6037      72.55     0.3225     0.2138  1.000e-12  0.1546000    12.9358    12.9352    -0.0006    10.1023    10.1018    165.890    169.308      0.746    1453.16    1453.16  0.000e+00
