ctdpy/tests/etc/all_smhi_bas_2018/SBE09_1044_20181018_0134_34_01_0104.cnv
* Sea-Bird SBE 9 Data File:
* FileName = C:\LUOTAUS\DATA_IN\hex_in\SMHI\ar18d104.hex
* Software Version Seasave V 7.23.2
* Temperature SN = 5351
* Conductivity SN = 3941
* Number of Bytes Per Scan = 30
* Number of Voltage Words = 4
* Number of Scans Averaged by the Deck Unit = 1
* NMEA baud rate = 4800
** Station:  Å17
** Operator:  DBSj
** Ship: ARANDA
** Average sound velocity: 1487.15 m/s
** True-depth calculation Thu, 18 Oct 2018 03:27:05 +0000
** CTD Python Module SMHI /ver 3-12/ feb 2012 
** LIMS Job: 20183401-0104
** Cruise: SMHI-4-2018
** Latitude [GG MM.mm N]: 58 17.107 N
** Longitude [GG MM.mm E] 10 30.258 E
# nquan = 26
# nvalues = 694                         
# units = specified
# name 0 = scan: Scan Count
# name 1 = prDM: Pressure, Digiquartz [db]
# name 2 = t090C: Temperature [ITS-90, deg C]
# name 3 = t190C: Temperature, 2 [ITS-90, deg C]
# name 4 = T2-T190C: Temperature Difference, 2 - 1 [ITS-90, deg C]
# name 5 = c0S/m: Conductivity [S/m]
# name 6 = c1S/m: Conductivity, 2 [S/m]
# name 7 = pumps: Pump Status
# name 8 = sbeox0ML/L: Oxygen, SBE 43 [ml/l]
# name 9 = sbeox1ML/L: Oxygen, SBE 43, 2 [ml/l]
# name 10 = altM: Altimeter [m]
# name 11 = flECO-AFL: Chl-a Fluorescence, WET Labs ECO-AFL/FL [mg/m^3]
# name 12 = flECO-AFL1: Phycocyanin Fluorescence, WET Labs ECO-AFL/FL, 2 [mg/m^3]
# name 13 = par: PAR/Irradiance, Biospherical/Lico [µE/(cm^2*s)]
# name 14 = turbWETntu0: Turbidity, WET Labs ECO [NTU]
# name 15 = sal00: Salinity, Practical [PSU]
# name 16 = sal11: Salinity, Practical, 2 [PSU]
# name 17 = secS-priS: Salinity, Practical, Difference, 2 - 1 [PSU]
# name 18 = sigma-t00: Density [sigma-t, Kg/m^3 ]
# name 19 = sigma-t11: Density, 2 [sigma-t, Kg/m^3 ]
# name 20 = depSM: Depth [salt water, m], lat = 0
# name 21 = depFM: Depth [true depth, m], lat = 0
# name 22 = dz/dtM: Descent Rate [m/s], WS = 2
# name 23 = svCM: Sound Velocity [Chen-Millero, m/s]
# name 24 = svCM1: Sound Velocity, 2 [Chen-Millero, m/s]
# name 25 = flag: flag
# span 0 =      34817,      69608       
# span 1 =      1.500,    348.000       
# span 2 =     6.7014,    12.5909       
# span 3 =     6.7025,    12.5919       
# span 4 =    -0.0084,     0.0220       
# span 5 =   3.527814,   3.923935       
# span 6 =   3.527863,   3.924030       
# span 7 =          1,          1       
# span 8 =    5.17309,    5.89097       
# span 9 =    4.88816,    5.55965       
# span 10 =       3.58,     124.73      
# span 11 =     0.0161,     1.1200      
# span 12 =     0.1050,     0.3219      
# span 13 = -3.639e-05, 3.5119e-03      
# span 14 =     0.1591,     1.0269      
# span 15 =    33.1920,    35.1323      
# span 16 =    33.1927,    35.1314      
# span 17 =    -0.0047,     0.0194      
# span 18 =    25.0726,    27.5619      
# span 19 =    25.0728,    27.5609      
# span 20 =      1.492,    345.797      
# span 21 =      1.490,    345.104      
# span 22 =     -0.087,      0.822      
# span 23 =    1482.65,    1496.90      
# span 24 =    1482.65,    1496.90      
# span 25 = 0.0000e+00, 0.0000e+00      
# interval = decibars: 0.5              
# start_time = Oct 18 2018 01:34:43 [System UTC, header]
# bad_flag = -9.990e-29
*END*
[from data line 56]
      36405     29.500    11.9473    11.9486     0.0013    3.90421    3.90424          1     5.7544     5.4244      72.23     0.1855     0.2421  1.000e-12  0.3290000    34.1026    34.1018    -0.0009    25.9021    25.9012     29.336     29.302      0.601    1496.06    1496.06  0.000e+00
      36426     30.000    11.9439    11.9461     0.0022    3.90416    3.90423          1     5.7475     5.4342       7.21     0.1854     0.1961  1.000e-12  0.3120000    34.1051    34.1038    -0.0013    25.9047    25.9032     29.833     29.798      0.529    1496.06    1496.06  0.000e+00
      36451     30.500    11.9394    11.9415     0.0021    3.90435    3.90441          1     5.7403     5.4369      18.90     0.1809     0.1709  1.000e-12  0.2899000    34.1109    34.1096    -0.0013    25.9100    25.9086     30.330     30.295      0.475    1496.06    1496.06  0.000e+00
      36475     31.000    11.9317    11.9339     0.0022    3.90451    3.90458          1     5.7381     5.4300     100.17     0.1683     0.2401  1.000e-12  0.2723000    34.1193    34.1179    -0.0014    25.9180    25.9165     30.827     30.791      0.540    1496.05    1496.06  0.000e+00
      36496     31.500    11.9293    11.9305     0.0013    3.90457    3.90465          1     5.7350     5.4268      97.45     0.1591     0.2965  1.000e-12  0.2663000    34.1219    34.1215    -0.0003    25.9204    25.9200     31.325     31.288      0.623    1496.05    1496.06  0.000e+00
      36514     32.000    11.9225    11.9240     0.0015    3.90459    3.90465          1     5.7469     5.4315      97.45     0.1562     0.2225  1.000e-12  0.2703000    34.1280    34.1272    -0.0008    25.9265    25.9256     31.822     31.784      0.634    1496.05    1496.05  0.000e+00
      36534     32.500    11.9172    11.9191     0.0018    3.90478    3.90483          1     5.7607     5.4352      97.45     0.1682     0.2102  1.000e-12  0.2672000    34.1345    34.1334    -0.0011    25.9325    25.9313     32.319     32.280      0.570    1496.04    1496.05  0.000e+00
      36557     33.000    11.9127    11.9146     0.0019    3.90514    3.90518          1     5.7601     5.4360      97.46     0.1767     0.1896  1.000e-12  0.2485000    34.1420    34.1407    -0.0014    25.9392    25.9378     32.816     32.777      0.489    1496.05    1496.05  0.000e+00
      36582     33.500    11.9092    11.9114     0.0022    3.90560    3.90561          1     5.7555     5.4287      97.45     0.1714     0.1866  1.000e-12  0.2216000    34.1495    34.1476    -0.0019    25.9457    25.9438     33.313     33.273      0.499    1496.05    1496.06  0.000e+00
      36605     34.000    11.9118    11.9125     0.0007    3.90639    3.90636          1     5.7298     5.4104      97.46     0.1615     0.1993  1.000e-12  0.2278000    34.1546    34.1536    -0.0009    25.9491    25.9482     33.810     33.770      0.561    1496.07    1496.08  0.000e+00
      36625     34.500    11.9160    11.9171     0.0010    3.90743    3.90742          1     5.7063     5.3941      97.47     0.1560     0.2120  1.000e-12  0.2373000    34.1606    34.1595    -0.0010    25.9530    25.9520     34.308     34.266      0.594    1496.10    1496.11  0.000e+00
      36645     35.000    11.9013    11.9028     0.0015    3.90774    3.90782          1     5.6967     5.3853      97.46     0.1457     0.2353  1.000e-12  0.2563000    34.1770    34.1764    -0.0006    25.9685    25.9678     34.805     34.762      0.598    1496.08    1496.09  0.000e+00
      36665     35.500    11.8920    11.8936     0.0017    3.90874    3.90881          1     5.6938     5.3850      97.46     0.1384     0.1883  1.000e-12  0.3327000    34.1950    34.1942    -0.0008    25.9843    25.9833     35.302     35.259      0.575    1496.08    1496.08  0.000e+00
      36687     36.000    11.8821    11.8841     0.0021    3.91007    3.91010          1     5.6963     5.3880      97.46     0.1556     0.2409  1.000e-12  0.3381000    34.2169    34.2152    -0.0017    26.0032    26.0015     35.799     35.755      0.540    1496.08    1496.08  0.000e+00
      36710     36.500    11.8611    11.8635     0.0025    3.91206    3.91183          1     5.6816     5.3825      97.46     0.1161     0.2566  1.000e-12  0.2782000    34.2555    34.2509    -0.0045    26.0371    26.0331     36.296     36.251      0.530    1496.06    1496.06  0.000e+00
      36732     37.000    11.8291    11.8325     0.0034    3.91715    3.91703          1     5.6921     5.3871      97.47     0.1120     0.2286  1.000e-12  0.2675000    34.3345    34.3302    -0.0043    26.1045    26.1005     36.793     36.748      0.570    1496.06    1496.06  0.000e+00
      36752     37.500    11.7735    11.7743     0.0008    3.91595    3.91595          1     5.7145     5.3961      97.47     0.1145     0.2078  1.000e-12  0.2757000    34.3739    34.3732    -0.0007    26.1456    26.1449     37.291     37.244      0.620    1495.92    1495.92  0.000e+00
      36771     38.000    11.7545    11.7550     0.0006    3.91563    3.91570          1     5.7269     5.4038      97.47     0.1144     0.2071  1.000e-12  0.2762000    34.3882    34.3884     0.0002    26.1603    26.1603     37.788     37.740      0.621    1495.88    1495.88  0.000e+00
      36791     38.500    11.7346    11.7356     0.0010    3.91656    3.91670          1     5.7241     5.4041      97.47     0.1144     0.1980  1.000e-12  0.2410000    34.4156    34.4160     0.0004    26.1853    26.1854     38.285     38.237      0.551    1495.85    1495.86  0.000e+00
      36815     39.000    11.7187    11.7210     0.0023    3.91795    3.91797          1     5.7154     5.3935      97.47     0.1072     0.2303  1.000e-12  0.2582000    34.4436    34.4417    -0.0019    26.2101    26.2081     38.782     38.733      0.458    1495.84    1495.85  0.000e+00
      36843     39.500    11.7126    11.7146     0.0020    3.91850    3.91855          1     5.7027     5.3819      97.46     0.1261     0.2354  1.000e-12  0.2431000    34.4545    34.4531    -0.0013    26.2196    26.2182     39.279     39.229      0.487    1495.84    1495.85  0.000e+00
      36865     40.000    11.7080    11.7093     0.0013    3.91888    3.91895          1     5.6942     5.3753      97.48     0.1161     0.1977  1.000e-12  0.2526000    34.4623    34.4618    -0.0005    26.2265    26.2259     39.776     39.725      0.639    1495.84    1495.85  0.000e+00
      36881     40.500    11.7010    11.7025     0.0016    3.91936    3.91943          1     5.6935     5.3737      97.49     0.1221     0.1789  1.000e-12  0.2598000    34.4733    34.4726    -0.0007    26.2364    26.2356     40.274     40.222      0.725    1495.84    1495.84  0.000e+00
      36897     41.000    11.6942    11.6959     0.0016    3.91967    3.91974          1     5.6945     5.3751      97.48     0.1260     0.1995  1.000e-12  0.2654000    34.4824    34.4816    -0.0008    26.2448    26.2438     40.771     40.718      0.705    1495.83    1495.84  0.000e+00
      36916     41.500    11.6900    11.6915     0.0015    3.91992    3.92000          1     5.6920     5.3770      97.48     0.1158     0.2069  1.000e-12  0.2612000    34.4885    34.4880    -0.0005    26.2503    26.2496     41.268     41.214      0.563    1495.84    1495.84  0.000e+00
      36943     42.000    11.6889    11.6908     0.0019    3.92015    3.92021          1     5.6802     5.3739      97.49     0.1071     0.2247  1.000e-12  0.2647000    34.4917    34.4905    -0.0012    26.2530    26.2518     41.765     41.710      0.408    1495.84    1495.85  0.000e+00
      36971     42.500    11.6875    11.6892     0.0017    3.92043    3.92048          1     5.6877     5.3716      97.49     0.1156     0.2320  1.000e-12  0.2476000    34.4955    34.4944    -0.0011    26.2562    26.2550     42.262     42.207      0.521    1495.85    1495.86  0.000e+00
      36991     43.000    11.6805    11.6818     0.0014    3.92081    3.92089          1     5.6780     5.3726      97.49     0.0963     0.2066  1.000e-12  0.2645000    34.5055    34.5051    -0.0004    26.2653    26.2647     42.759     42.703      0.650    1495.85    1495.85  0.000e+00
      37009     43.500    11.6757    11.6773     0.0016    3.92086    3.92096          1     5.6695     5.3711      97.49     0.0934     0.1932  1.000e-12  0.2692000    34.5102    34.5097    -0.0005    26.2699    26.2692     43.256     43.199      0.682    1495.85    1495.85  0.000e+00
      37026     44.000    11.6626    11.6645     0.0019    3.92073    3.92079          1     5.6873     5.3721      97.51     0.0934     0.1933  1.000e-12  0.2711000    34.5209    34.5198    -0.0011    26.2807    26.2794     43.754     43.695      0.636    1495.82    1495.83  0.000e+00
      37047     44.500    11.6449    11.6459     0.0010    3.92001    3.92001          1     5.7085     5.3768      97.50     0.0834     0.2182  1.000e-12  0.2607000    34.5302    34.5292    -0.0009    26.2912    26.2903     44.251     44.191      0.529    1495.78    1495.78  0.000e+00
      37073     45.000    11.6338    11.6362     0.0024    3.91952    3.91961          1     5.6962     5.3778      97.50     0.1138     0.2544  1.000e-12  0.2468000    34.5354    34.5341    -0.0013    26.2973    26.2958     44.748     44.688      0.459    1495.76    1495.76  0.000e+00
      37098     45.500    11.6216    11.6245     0.0029    3.91927    3.91932          1     5.6817     5.3711      97.51     0.1390     0.2258  1.000e-12  0.2225000    34.5442    34.5420    -0.0022    26.3064    26.3041     45.245     45.184      0.509    1495.73    1495.74  0.000e+00
      37120     46.000    11.6169    11.6181     0.0012    3.92133    3.92139          1     5.6722     5.3684      97.51     0.1382     0.2071  1.000e-12  0.2227000    34.5685    34.5680    -0.0005    26.3262    26.3256     45.742     45.680      0.585    1495.75    1495.76  0.000e+00
      37140     46.500    11.6111    11.6123     0.0012    3.92120    3.92126          1     5.6701     5.3696      97.51     0.1225     0.2071  1.000e-12  0.2276000    34.5725    34.5719    -0.0006    26.3304    26.3297     46.239     46.176      0.629    1495.75    1495.75  0.000e+00
      37158     47.000    11.6088    11.6109     0.0021    3.92105    3.92116          1     5.6737     5.3673      97.52     0.1139     0.2457  1.000e-12  0.2343000    34.5729    34.5721    -0.0008    26.3312    26.3301     46.736     46.673      0.636    1495.75    1495.75  0.000e+00
      37177     47.500    11.6030    11.6050     0.0020    3.92063    3.92073          1     5.6805     5.3711      97.52     0.1156     0.2440  1.000e-12  0.2479000    34.5740    34.5731    -0.0009    26.3331    26.3320     47.234     47.169      0.597    1495.74    1495.74  0.000e+00
      37199     48.000    11.5949    11.5958     0.0009    3.92022    3.92017          1     5.6920     5.3722      97.53     0.1373     0.2052  1.000e-12  0.2354000    34.5774    34.5760    -0.0014    26.3372    26.3359     47.731     47.665      0.513    1495.72    1495.72  0.000e+00
      37224     48.500    11.6077    11.6067    -0.0010    3.92294    3.92256          1     5.6724     5.3545      97.53     0.1278     0.2558  1.000e-12  0.2293000    34.5918    34.5890    -0.0028    26.3460    26.3441     48.228     48.161      0.487    1495.79    1495.79  0.000e+00
      37248     49.000    11.5674    11.5735     0.0062    3.92195    3.92224          1     5.6435     5.3462      97.54     0.1152     0.1606  1.000e-12  0.2339000    34.6196    34.6166    -0.0029    26.3752    26.3717     48.725     48.657      0.558    1495.69    1495.71  0.000e+00
      37268     49.500    11.4968    11.5008     0.0040    3.91766    3.91770          1     5.6461     5.3471      97.54     0.1218     0.2277  1.000e-12  0.2308000    34.6432    34.6398    -0.0033    26.4066    26.4033     49.222     49.154      0.607    1495.49    1495.50  0.000e+00
      37287     50.000    11.4415    11.4432     0.0017    3.91692    3.91690          1     5.6486     5.3412      97.55     0.1308     0.2096  1.000e-12  0.2193000    34.6876    34.6857    -0.0019    26.4514    26.4496     49.719     49.650      0.597    1495.36    1495.36  0.000e+00
      37308     50.500    11.4455    11.4462     0.0007    3.92012    3.92015          1     5.6590     5.3436      97.55     0.1359     0.1829  1.000e-12  0.2078000    34.7152    34.7149    -0.0003    26.4721    26.4718     50.216     50.146      0.548    1495.41    1495.41  0.000e+00
      37331     51.000    11.4457    11.4470     0.0012    3.92052    3.92054          1     5.6695     5.3595      97.54     0.1259     0.1714  1.000e-12  0.2227000    34.7186    34.7177    -0.0010    26.4748    26.4738     50.714     50.642      0.520    1495.43    1495.43  0.000e+00
      37354     51.500    11.4409    11.4434     0.0025    3.92002    3.92016          1     5.6456     5.3513      97.54     0.1265     0.2072  1.000e-12  0.2169000    34.7181    34.7171    -0.0010    26.4753    26.4740     51.211     51.138      0.542    1495.42    1495.42  0.000e+00
      37375     52.000    11.4182    11.4230     0.0052    3.91770    3.91788          1     5.6046     5.3219      97.55     0.1144     0.2071  1.000e-12  0.2330000    34.7162    34.7135    -0.0027    26.4780    26.4750     51.708     51.634      0.579    1495.34    1495.36  0.000e+00
      37396     52.500    11.3218    11.3388     0.0168    3.90773    3.90905          1     5.6140     5.3113      97.54     0.1089     0.2181  1.000e-12  0.2176000    34.7080    34.7050    -0.0030    26.4894    26.4840     52.205     52.130      0.604    1495.01    1495.06  0.000e+00
      37415     53.000    11.2623    11.2632     0.0008    3.90324    3.90285          1     5.6198     5.3133      97.55     0.1156     0.2283  1.000e-12  0.2240000    34.7193    34.7146    -0.0047    26.5091    26.5053     52.702     52.626      0.596    1494.82    1494.82  0.000e+00
      37436     53.500    11.3036    11.3005    -0.0032    3.91309    3.91329          1     5.6036     5.3105      97.56     0.1242     0.2343  1.000e-12  0.2550000    34.7778    34.7828     0.0050    26.5470    26.5515     53.199     53.123      0.568    1495.04    1495.04  0.000e+00
      37458     54.000    11.3370    11.3390     0.0020    3.91883    3.91904          1     5.6060     5.3044      97.56     0.1159     0.2214  1.000e-12  0.3164000    34.8031    34.8033     0.0002    26.5606    26.5604     53.696     53.619      0.540    1495.20    1495.21  0.000e+00
      37480     54.500    11.3363    11.3378     0.0015    3.91908    3.91915          1     5.6173     5.2997      97.56     0.1385     0.1930  1.000e-12  0.3455000    34.8060    34.8052    -0.0007    26.5630    26.5621     54.193     54.115      0.525    1495.21    1495.21  0.000e+00
      37503     55.000    11.3352    11.3367     0.0014    3.91907    3.91913          1     5.6171     5.2973      97.56     0.1172     0.1808  1.000e-12  0.3349000    34.8066    34.8059    -0.0008    26.5637    26.5628     54.691     54.611      0.527    1495.21    1495.22  0.000e+00
      37526     55.500    11.3351    11.3360     0.0010    3.91910    3.91910          1     5.6159     5.2990      97.56     0.1149     0.2079  1.000e-12  0.3638000    34.8069    34.8060    -0.0009    26.5639    26.5630     55.188     55.107      0.569    1495.22    1495.23  0.000e+00
      37546     56.000    11.3333    11.3345     0.0011    3.91896    3.91899          1     5.6159     5.3024      97.58     0.1089     0.2330  1.000e-12  0.3616000    34.8069    34.8061    -0.0008    26.5642    26.5634     55.685     55.603      0.611    1495.22    1495.23  0.000e+00
      37565     56.500    11.3330    11.3341     0.0010    3.91896    3.91899          1     5.6083     5.3024      97.57     0.1023     0.2492  1.000e-12  0.3605000    34.8070    34.8062    -0.0007    26.5643    26.5636     56.182     56.099      0.589    1495.23    1495.23  0.000e+00
