ctdpy/tests/etc/all_smhi_bas_2018/SBE09_0827_20180826_0649_26_01_0899.cnv
* Sea-Bird SBE 9 Data File:
* FileName = D:\CTD_SBE911\DAT\26da.2018.8.99.hex
* Software Version Seasave V 7.21d
* Temperature SN = 034605
* Conductivity SN = 041844
* Number of Bytes Per Scan = 48
* Number of Voltage Words = 5
* Number of Scans Averaged by the Deck Unit = 1
* NMEA Latitude = 57 33.18 N
* NMEA Longitude = 011 05.47 E
* NMEA UTC (Time) = Aug 26 2018  06:51:48
* NMEA baud rate = 4800
** Ship: DANA
** Average sound velocity: 1511.62 m/s
** True-depth calculation Thu, 28 Mar 2019 09:32:40 +0000
** CTD Python Module SMHI /ver 3-12/ feb 2012 
** LIMS Job: 20182601-0899
**  7 SE HERTAS FLAK
** Operator: Christian
** Cruise: 08/2018
# nquan = 26
# nvalues = 77                          
# units = specified
# name 0 = scan: Scan Count
# name 1 = prDM: Pressure, Digiquartz [db]
# name 2 = t090C: Temperature [ITS-90, deg C]
# name 3 = t190C: Temperature, 2 [ITS-90, deg C]
# name 4 = T2-T190C: Temperature Difference, 2 - 1 [ITS-90, deg C]
# name 5 = c0S/m: Conductivity [S/m]
# name 6 = c1S/m: Conductivity, 2 [S/m]
# name 7 = pumps: Pump Status
# name 8 = sbeox1ML/L: Oxygen, SBE 43, 2 [ml/l]
# name 9 = sbeox0ML/L: Oxygen, SBE 43 [ml/l]
# name 10 = altM: Altimeter [m]
# name 11 = chloroflTC0: Chlorophyll, Turner Cyclops [ug/l]
# name 12 = cpar: CPAR/Corrected Irradiance [%]
# name 13 = par: PAR/Irradiance, Biospherical/Lico [µE/(cm^2*s)]
# name 14 = spar: SPAR, Biospherical/Licor
# name 15 = sal00: Salinity, Practical [PSU]
# name 16 = sal11: Salinity, Practical, 2 [PSU]
# name 17 = secS-priS: Salinity, Practical, Difference, 2 - 1 [PSU]
# name 18 = sigma-t00: Density [sigma-t, kg/m^3 ]
# name 19 = sigma-t11: Density, 2 [sigma-t, kg/m^3 ]
# name 20 = depSM: Depth [salt water, m], lat = 57.553
# name 21 = depFM: Depth [true depth, m], lat = 57.553
# name 22 = dz/dtM: Descent Rate [m/s], WS = 2
# name 23 = svCM: Sound Velocity [Chen-Millero, m/s]
# name 24 = svCM1: Sound Velocity, 2 [Chen-Millero, m/s]
# name 25 = flag: flag
# span 0 =        143,       3468       
# span 1 =      2.000,     40.000       
# span 2 =    17.4041,    17.6402       
# span 3 =    17.4029,    17.6454       
# span 4 =    -0.0638,     0.0078       
# span 5 =   4.214098,   4.239243       
# span 6 =   4.214445,   4.240414       
# span 7 =          1,          1       
# span 8 =     5.0873,     5.5940       
# span 9 =     4.8185,     5.3363       
# span 10 =       0.70,       9.98      
# span 11 =     0.0824,     0.1989      
# span 12 = -3.732e-06, 8.2061e+00      
# span 13 = -6.223e-05, 1.3647e+02      
# span 14 = 1.6579e+03, 1.6759e+03      
# span 15 =    32.1537,    32.3794      
# span 16 =    32.1568,    32.3834      
# span 17 =     0.0023,     0.0306      
# span 18 =    23.1983,    23.4083      
# span 19 =    23.2010,    23.4115      
# span 20 =      1.981,     39.627      
# span 21 =      1.991,     39.815      
# span 22 =     -0.139,      0.356      
# span 23 =    1511.30,    1512.11      
# span 24 =    1511.30,    1512.11      
# span 25 = 0.0000e+00, 0.0000e+00      
# interval = decibars: 0.5              
# start_time = Aug 26 2018 06:51:49 [NMEA time, first data scan]
# bad_flag = -9.990e-29
*END*
        143      2.000    17.5622    17.5627     0.0005    4.21433    4.21470          1     5.5199     5.3211       9.98     0.1431  8.206e+00  1.365e+02  1.663e+03    32.1561    32.1588     0.0027    23.2003    23.2023      1.981      1.991      0.208    1511.30    1511.30  0.000e+00
        270      2.500    17.5622    17.5622     0.0000    4.21435    4.21471          1     5.5351     5.3363       9.98     0.1393  5.779e+00  9.589e+01  1.659e+03    32.1560    32.1591     0.0031    23.2003    23.2026      2.477      2.489      0.231    1511.30    1511.31  0.000e+00
        312      3.000    17.5630    17.5636     0.0006    4.21432    4.21465          1     5.5290     5.3223       9.98     0.1416  5.702e+00  9.469e+01  1.661e+03    32.1551    32.1573     0.0023    23.1993    23.2010      2.972      2.986      0.350    1511.31    1511.32  0.000e+00
        345      3.500    17.5633    17.5621    -0.0012    4.21423    4.21455          1     5.5340     5.3330       9.98     0.1417  4.941e+00  8.213e+01  1.662e+03    32.1538    32.1575     0.0037    23.1983    23.2014      3.468      3.484      0.344    1511.32    1511.32  0.000e+00
        387      4.000    17.5622    17.5610    -0.0012    4.21417    4.21445          1     5.5305     5.3206       9.98     0.1469  3.974e+00  6.617e+01  1.665e+03    32.1540    32.1574     0.0034    23.1987    23.2016      3.963      3.982      0.277    1511.33    1511.33  0.000e+00
        423      4.500    17.5613    17.5612    -0.0002    4.21410    4.21445          1     5.4852     5.3235       9.98     0.1598  3.654e+00  6.085e+01  1.665e+03    32.1540    32.1570     0.0030    23.1989    23.2012      4.458      4.479      0.356    1511.33    1511.33  0.000e+00
        463      5.000    17.5613    17.5612    -0.0001    4.21418    4.21457          1     5.5210     5.3315       9.98     0.1689  3.314e+00  5.522e+01  1.666e+03    32.1545    32.1579     0.0034    23.1993    23.2019      4.954      4.977      0.254    1511.34    1511.34  0.000e+00
        512      5.500    17.5612    17.5611    -0.0001    4.21410    4.21445          1     5.5663     5.3239       9.98     0.1767  2.991e+00  4.978e+01  1.664e+03    32.1537    32.1568     0.0031    23.1987    23.2011      5.449      5.475      0.257    1511.35    1511.35  0.000e+00
        559      6.000    17.5615    17.5616     0.0001    4.21416    4.21461          1     5.5422     5.3314       9.98     0.1885  2.634e+00  4.374e+01  1.660e+03    32.1538    32.1576     0.0038    23.1988    23.2016      5.945      5.973      0.260    1511.36    1511.36  0.000e+00
        602      6.500    17.5613    17.5610    -0.0004    4.21435    4.21484          1     5.5637     5.3265       9.98     0.1917  2.113e+00  3.503e+01  1.658e+03    32.1554    32.1599     0.0045    23.2000    23.2035      6.440      6.470      0.296    1511.37    1511.37  0.000e+00
        643      7.000    17.5608    17.5594    -0.0014    4.21437    4.21464          1     5.5624     5.3264       9.98     0.1927  2.040e+00  3.385e+01  1.659e+03    32.1557    32.1592     0.0034    23.2004    23.2034      6.935      6.968      0.290    1511.37    1511.37  0.000e+00
        682      7.500    17.5595    17.5592    -0.0003    4.21411    4.21452          1     5.5715     5.3279       9.98     0.1923  1.764e+00  2.925e+01  1.658e+03    32.1544    32.1581     0.0037    23.1997    23.2026      7.431      7.466      0.325    1511.38    1511.38  0.000e+00
        720      8.000    17.5598    17.5593    -0.0005    4.21448    4.21496          1     5.5344     5.3261       9.98     0.1963  1.556e+00  2.588e+01  1.664e+03    32.1572    32.1617     0.0045    23.2017    23.2053      7.926      7.964      0.300    1511.39    1511.39  0.000e+00
        759      8.500    17.5595    17.5594    -0.0001    4.21469    4.21499          1     5.5563     5.3210       9.98     0.1989  1.440e+00  2.398e+01  1.665e+03    32.1589    32.1616     0.0027    23.2031    23.2052      8.421      8.461      0.331    1511.40    1511.40  0.000e+00
        797      9.000    17.5605    17.5607     0.0003    4.21455    4.21490          1     5.5532     5.3119       9.98     0.1932  1.227e+00  2.043e+01  1.666e+03    32.1568    32.1596     0.0028    23.2013    23.2034      8.917      8.959      0.272    1511.41    1511.41  0.000e+00
        846      9.500    17.5605    17.5594    -0.0011    4.21464    4.21502          1     5.5367     5.3218       9.98     0.1841  1.064e+00  1.773e+01  1.666e+03    32.1574    32.1615     0.0041    23.2017    23.2051      9.412      9.457      0.249    1511.42    1511.42  0.000e+00
        892     10.000    17.5595    17.5591    -0.0004    4.21465    4.21508          1     5.5940     5.3157       9.98     0.1796  9.637e-01  1.600e+01  1.660e+03    32.1581    32.1621     0.0040    23.2025    23.2057      9.907      9.954      0.263    1511.42    1511.43  0.000e+00
        939     10.500    17.5593    17.5589    -0.0005    4.21472    4.21514          1     5.5682     5.3130       9.98     0.1806  8.377e-01  1.390e+01  1.659e+03    32.1587    32.1626     0.0039    23.2030    23.2061     10.403     10.452      0.262    1511.43    1511.43  0.000e+00
        981     11.000    17.5592    17.5585    -0.0007    4.21475    4.21514          1     5.5751     5.3217       9.98     0.1816  7.514e-01  1.246e+01  1.659e+03    32.1588    32.1627     0.0040    23.2031    23.2063     10.898     10.950      0.294    1511.44    1511.44  0.000e+00
       1022     11.500    17.5592    17.5589    -0.0002    4.21470    4.21505          1     5.5835     5.3219       9.98     0.1776  6.473e-01  1.076e+01  1.662e+03    32.1583    32.1615     0.0032    23.2028    23.2052     11.394     11.448      0.309    1511.45    1511.45  0.000e+00
       1058     12.000    17.5584    17.5581    -0.0003    4.21454    4.21494          1     5.5817     5.2988       9.98     0.1840  5.761e-01  9.579e+00  1.663e+03    32.1573    32.1610     0.0036    23.2022    23.2050     11.889     11.945      0.348    1511.45    1511.45  0.000e+00
       1096     12.500    17.5585    17.5585    -0.0000    4.21455    4.21499          1     5.5849     5.3035       9.98     0.1840  5.128e-01  8.543e+00  1.666e+03    32.1572    32.1609     0.0038    23.2020    23.2049     12.384     12.443      0.276    1511.46    1511.46  0.000e+00
       1142     13.000    17.5592    17.5591    -0.0001    4.21474    4.21517          1     5.5800     5.3223       9.98     0.1769  4.441e-01  7.410e+00  1.668e+03    32.1581    32.1618     0.0038    23.2026    23.2055     12.880     12.941      0.289    1511.47    1511.48  0.000e+00
       1181     13.500    17.5588    17.5577    -0.0011    4.21477    4.21531          1     5.5589     5.3077       9.98     0.1754  4.272e-01  7.115e+00  1.666e+03    32.1584    32.1639     0.0054    23.2029    23.2073     13.375     13.438      0.270    1511.48    1511.48  0.000e+00
       1231     14.000    17.5574    17.5567    -0.0006    4.21501    4.21548          1     5.5707     5.3152       9.98     0.1749  3.674e-01  6.113e+00  1.664e+03    32.1615    32.1660     0.0045    23.2056    23.2092     13.870     13.936      0.246    1511.49    1511.49  0.000e+00
       1276     14.500    17.5565    17.5562    -0.0003    4.21525    4.21565          1     5.5696     5.3161       9.98     0.1767  3.494e-01  5.816e+00  1.665e+03    32.1641    32.1677     0.0036    23.2078    23.2106     14.366     14.434      0.275    1511.50    1511.50  0.000e+00
       1318     15.000    17.5565    17.5546    -0.0019    4.21531    4.21591          1     5.5341     5.3117       9.98     0.1794  3.149e-01  5.226e+00  1.659e+03    32.1644    32.1710     0.0066    23.2080    23.2136     14.861     14.932      0.301    1511.50    1511.50  0.000e+00
       1356     15.500    17.5547    17.5539    -0.0008    4.21573    4.21624          1     5.5632     5.3060       9.98     0.1791  2.866e-01  4.761e+00  1.661e+03    32.1691    32.1741     0.0050    23.2121    23.2161     15.356     15.429      0.315    1511.51    1511.52  0.000e+00
       1395     16.000    17.5539    17.5516    -0.0023    4.21588    4.21648          1     5.5822     5.3075       9.98     0.1807  2.598e-01  4.330e+00  1.667e+03    32.1709    32.1779     0.0070    23.2136    23.2195     15.852     15.927      0.306    1511.52    1511.52  0.000e+00
       1433     16.500    17.5515    17.5505    -0.0011    4.21634    4.21683          1     5.5654     5.2998       9.98     0.1802  2.384e-01  3.972e+00  1.666e+03    32.1765    32.1816     0.0050    23.2185    23.2226     16.347     16.425      0.335    1511.53    1511.53  0.000e+00
       1469     17.000    17.5523    17.5523    -0.0000    4.21698    4.21746          1     5.5779     5.3067       9.98     0.1867  2.157e-01  3.593e+00  1.665e+03    32.1812    32.1852     0.0041    23.2219    23.2250     16.842     16.922      0.303    1511.55    1511.55  0.000e+00
       1515     17.500    17.5529    17.5533     0.0005    4.21736    4.21801          1     5.5735     5.2917       9.98     0.1843  1.935e-01  3.229e+00  1.668e+03    32.1838    32.1889     0.0051    23.2238    23.2276     17.338     17.420      0.253    1511.56    1511.56  0.000e+00
       1558     18.000    17.5617    17.5655     0.0038    4.22004    4.22099          1     5.5349     5.2908       9.98     0.1812  1.778e-01  2.961e+00  1.665e+03    32.1995    32.2045     0.0050    23.2337    23.2366     17.833     17.918      0.289    1511.61    1511.63  0.000e+00
       1603     18.500    17.5682    17.5700     0.0018    4.22161    4.22249          1     5.5587     5.2874       9.98     0.1834  1.568e-01  2.606e+00  1.662e+03    32.2075    32.2136     0.0060    23.2383    23.2425     18.328     18.416      0.247    1511.65    1511.66  0.000e+00
       1650     19.000    17.5674    17.5676     0.0003    4.22147    4.22198          1     5.5826     5.2763       9.97     0.1809  1.421e-01  2.360e+00  1.661e+03    32.2068    32.2109     0.0041    23.2379    23.2410     18.824     18.913      0.290    1511.65    1511.66  0.000e+00
       1687     19.500    17.5705    17.5717     0.0013    4.22223    4.22285          1     5.5718     5.2709       9.97     0.1831  1.263e-01  2.095e+00  1.659e+03    32.2106    32.2149     0.0043    23.2401    23.2431     19.319     19.411      0.339    1511.67    1511.68  0.000e+00
       1724     20.000    17.5726    17.5736     0.0011    4.22268    4.22321          1     5.5499     5.2970       9.97     0.1782  1.128e-01  1.876e+00  1.664e+03    32.2126    32.2163     0.0037    23.2411    23.2437     19.814     19.909      0.309    1511.69    1511.70  0.000e+00
       1763     20.500    17.5740    17.5737    -0.0003    4.22292    4.22334          1     5.5623     5.2929       9.97     0.1832  9.725e-02  1.620e+00  1.666e+03    32.2134    32.2171     0.0038    23.2414    23.2443     20.310     20.406      0.315    1511.70    1511.71  0.000e+00
       1801     21.000    17.5737    17.5742     0.0006    4.22293    4.22340          1     5.5553     5.2878       9.97     0.1783  8.659e-02  1.442e+00  1.666e+03    32.2135    32.2171     0.0035    23.2416    23.2442     20.805     20.904      0.313    1511.71    1511.72  0.000e+00
       1841     21.500    17.5750    17.5748    -0.0002    4.22319    4.22355          1     5.5707     5.2935       9.97     0.1757  7.697e-02  1.283e+00  1.667e+03    32.2145    32.2177     0.0032    23.2420    23.2445     21.300     21.402      0.279    1511.72    1511.73  0.000e+00
       1885     22.000    17.5750    17.5751     0.0000    4.22322    4.22364          1     5.5821     5.2910       9.97     0.1768  6.907e-02  1.151e+00  1.666e+03    32.2145    32.2181     0.0036    23.2420    23.2447     21.796     21.900      0.277    1511.73    1511.74  0.000e+00
       1929     22.500    17.5748    17.5751     0.0002    4.22325    4.22368          1     5.5867     5.2831       9.97     0.1790  6.181e-02  1.029e+00  1.665e+03    32.2148    32.2183     0.0035    23.2422    23.2449     22.291     22.397      0.275    1511.74    1511.74  0.000e+00
       1971     23.000    17.5765    17.5774     0.0010    4.22356    4.22407          1     5.5756     5.2936       9.97     0.1854  5.360e-02  8.908e-01  1.662e+03    32.2160    32.2196     0.0036    23.2428    23.2453     22.786     22.895      0.299    1511.75    1511.76  0.000e+00
       2010     23.500    17.5796    17.5826     0.0030    4.22416    4.22490          1     5.5719     5.2955       9.97     0.1784  4.773e-02  7.934e-01  1.662e+03    32.2184    32.2224     0.0040    23.2439    23.2462     23.282     23.393      0.304    1511.77    1511.79  0.000e+00
       2049     24.000    17.5828    17.5836     0.0008    4.22463    4.22510          1     5.5607     5.3003       9.97     0.1771  4.248e-02  7.058e-01  1.661e+03    32.2197    32.2231     0.0033    23.2442    23.2465     23.777     23.890      0.334    1511.80    1511.80  0.000e+00
       2084     24.500    17.5853    17.5878     0.0024    4.22507    4.22571          1     5.5634     5.2909       9.97     0.1765  3.778e-02  6.289e-01  1.665e+03    32.2213    32.2247     0.0035    23.2447    23.2468     24.272     24.388      0.331    1511.81    1511.82  0.000e+00
       2122     25.000    17.5896    17.5969     0.0073    4.22580    4.22687          1     5.5547     5.2985       9.97     0.1866  3.300e-02  5.503e-01  1.668e+03    32.2239    32.2273     0.0034    23.2457    23.2466     24.768     24.886      0.304    1511.84    1511.86  0.000e+00
       2159     25.500    17.6078    17.6140     0.0062    4.22870    4.22954          1     5.5660     5.2982       9.97     0.1742  2.924e-02  4.876e-01  1.667e+03    32.2340    32.2362     0.0023    23.2491    23.2493     25.263     25.383      0.355    1511.91    1511.93  0.000e+00
       2194     26.000    17.6242    17.6320     0.0078    4.23144    4.23256          1     5.5621     5.2885       9.97     0.1715  2.519e-02  4.204e-01  1.669e+03    32.2441    32.2475     0.0033    23.2529    23.2536     25.758     25.881      0.304    1511.98    1512.01  0.000e+00
       2241     26.500    17.6390    17.6454     0.0065    4.23593    4.23768          1     5.5672     5.2636       9.97     0.1712  2.169e-02  3.614e-01  1.666e+03    32.2705    32.2802     0.0098    23.2696    23.2755     26.254     26.379      0.242    1512.06    1512.09  0.000e+00
       2285     27.000    17.6402    17.6406     0.0004    4.23782    4.23880          1     5.5059     5.2277       9.97     0.1740  1.886e-02  3.141e-01  1.665e+03    32.2853    32.2933     0.0080    23.2806    23.2867     26.749     26.876      0.300    1512.09    1512.10  0.000e+00
       2325     27.500    17.6371    17.6358    -0.0014    4.23839    4.23955          1     5.4985     5.2172       9.97     0.1671  1.590e-02  2.645e-01  1.663e+03    32.2925    32.3034     0.0110    23.2869    23.2956     27.244     27.374      0.297    1512.10    1512.11  0.000e+00
       2364     28.000    17.6337    17.6285    -0.0052    4.23924    4.24041          1     5.5252     5.2012       9.97     0.1647  1.359e-02  2.258e-01  1.662e+03    32.3023    32.3164     0.0141    23.2952    23.3073     27.740     27.872      0.308    1512.11    1512.11  0.000e+00
       2404     28.500    17.6172    17.5961    -0.0210    4.23883    4.23903          1     5.4882     5.1543       9.97     0.1680  1.121e-02  1.867e-01  1.665e+03    32.3117    32.3302     0.0185    23.3064    23.3255     28.235     28.370      0.312    1512.08    1512.03  0.000e+00
       2440     29.000    17.5862    17.5388    -0.0473    4.23709    4.23597          1     5.4188     5.0922       9.97     0.1401  9.199e-03  1.532e-01  1.665e+03    32.3213    32.3496     0.0282    23.3211    23.3540     28.730     28.867      0.349    1512.00    1511.89  0.000e+00
