ctdpy/tests/etc/all_smhi_bas_2018/SBE09_0827_20180228_1118_26_01_0333.cnv
* Sea-Bird SBE 9 Data File:
* FileName = D:\CTD_SBE911\DAT\26DA.2018.3.33.hex
* Software Version Seasave V 7.21d
* Temperature SN = 034757
* Conductivity SN = 041844
* Number of Bytes Per Scan = 48
* Number of Voltage Words = 5
* Number of Scans Averaged by the Deck Unit = 1
* NMEA Latitude = 57 01.87 N
* NMEA Longitude = 017 54.21 E
* NMEA UTC (Time) = Feb 28 2018  11:19:10
* NMEA baud rate = 4800
** Ship: DANA
** Average sound velocity: 1428.66 m/s
** True-depth calculation Tue, 02 Apr 2019 12:08:13 +0000
** CTD Python Module SMHI /ver 3-12/ feb 2012 
** LIMS Job: 20182601-0333
** Operator:
** Cruise: 02/2018
# nquan = 26
# nvalues = 151                         
# units = specified
# name 0 = scan: Scan Count
# name 1 = prDM: Pressure, Digiquartz [db]
# name 2 = t090C: Temperature [ITS-90, deg C]
# name 3 = t190C: Temperature, 2 [ITS-90, deg C]
# name 4 = T2-T190C: Temperature Difference, 2 - 1 [ITS-90, deg C]
# name 5 = c0S/m: Conductivity [S/m]
# name 6 = c1S/m: Conductivity, 2 [S/m]
# name 7 = pumps: Pump Status
# name 8 = sbeox1ML/L: Oxygen, SBE 43, 2 [ml/l]
# name 9 = sbeox0ML/L: Oxygen, SBE 43 [ml/l]
# name 10 = altM: Altimeter [m]
# name 11 = chloroflTC0: Chlorophyll, Turner Cyclops [ug/l]
# name 12 = cpar: CPAR/Corrected Irradiance [%]
# name 13 = par: PAR/Irradiance, Biospherical/Lico [µE/(cm^2*s)]
# name 14 = spar: SPAR, Biospherical/Licor
# name 15 = sal00: Salinity, Practical [PSU]
# name 16 = sal11: Salinity, Practical, 2 [PSU]
# name 17 = secS-priS: Salinity, Practical, Difference, 2 - 1 [PSU]
# name 18 = sigma-t00: Density [sigma-t, kg/m^3 ]
# name 19 = sigma-t11: Density, 2 [sigma-t, kg/m^3 ]
# name 20 = depSM: Depth [salt water, m], lat = 57.0312
# name 21 = depFM: Depth [true depth, m], lat = 57.0312
# name 22 = dz/dtM: Descent Rate [m/s], WS = 2
# name 23 = svCM: Sound Velocity [Chen-Millero, m/s]
# name 24 = svCM1: Sound Velocity, 2 [Chen-Millero, m/s]
# name 25 = flag: flag
# span 0 =        164,       7734       
# span 1 =      2.000,     77.000       
# span 2 =     2.4258,     5.1039       
# span 3 =     2.4226,     5.1042       
# span 4 =    -0.0203,     0.5340       
# span 5 =   0.735911,   0.929969       
# span 6 =   0.735168,   0.929257       
# span 7 =          1,          1       
# span 8 =     2.6595,     8.6820       
# span 9 =     2.6005,     8.6341       
# span 10 =       1.37,      10.00      
# span 11 =     0.0111,     0.0146      
# span 12 = -2.003e-04, 7.8753e+00      
# span 13 = -1.029e-03, 3.7264e+01      
# span 14 = 4.7318e+02, 5.5047e+02      
# span 15 =     7.2993,     8.6438      
# span 16 =     7.2918,     8.6365      
# span 17 =    -0.0258,     0.0884      
# span 18 =     5.8218,     6.8318      
# span 19 =     5.8158,     6.8261      
# span 20 =      1.982,     76.278      
# span 21 =      2.025,     77.954      
# span 22 =     -0.125,      0.613      
# span 23 =    1423.96,    1438.81      
# span 24 =    1423.95,    1438.80      
# span 25 = 0.0000e+00, 0.0000e+00      
# interval = decibars: 0.5              
# start_time = Feb 28 2018 11:19:11 [NMEA time, first data scan]
# bad_flag = -9.990e-29
*END*
        164      2.000     2.4308     2.4348     0.0037    0.73606    0.73542          1     8.6253     8.6341      10.00     0.0120  7.875e+00  3.726e+01  4.732e+02     7.3002     7.2924    -0.0079     5.8225     5.8163      1.982      2.025      0.310    1423.96    1423.97  0.000e+00
        235      2.500     2.4366     2.4379     0.0013    0.73619    0.73548          1     8.6304     8.6231      10.00     0.0122  6.269e+00  2.967e+01  4.732e+02     7.3001     7.2922    -0.0078     5.8224     5.8162      2.477      2.532      0.315    1423.99    1423.99  0.000e+00
        287      3.000     2.4407     2.4418     0.0011    0.73628    0.73555          1     8.6231     8.6162      10.00     0.0122  5.430e+00  2.569e+01  4.732e+02     7.3001     7.2921    -0.0080     5.8224     5.8160      2.972      3.038      0.469    1424.02    1424.01  0.000e+00
        309      3.500     2.4491     2.4464    -0.0028    0.73650    0.73569          1     8.6186     8.6159      10.00     0.0119  4.811e+00  2.277e+01  4.732e+02     7.3004     7.2924    -0.0080     5.8227     5.8163      3.468      3.544      0.414    1424.07    1424.04  0.000e+00
        378      4.000     2.4328     2.4286    -0.0042    0.73607    0.73532          1     8.6289     8.6131       9.99     0.0122  4.006e+00  1.896e+01  4.732e+02     7.2995     7.2925    -0.0070     5.8220     5.8164      3.963      4.051      0.269    1424.00    1423.97  0.000e+00
        421      4.500     2.4258     2.4226    -0.0031    0.73591    0.73517          1     8.6125     8.6294       9.99     0.0121  3.522e+00  1.666e+01  4.732e+02     7.2994     7.2922    -0.0072     5.8219     5.8161      4.459      4.557      0.278    1423.97    1423.95  0.000e+00
        482      5.000     2.4302     2.4419     0.0117    0.73605    0.73559          1     8.6478     8.6313       9.99     0.0121  3.087e+00  1.461e+01  4.732e+02     7.2997     7.2922    -0.0075     5.8222     5.8161      4.954      5.063      0.233    1424.00    1424.05  0.000e+00
        523      5.500     2.4416     2.4416     0.0001    0.73633    0.73562          1     8.6503     8.6266       9.99     0.0119  2.855e+00  1.351e+01  4.732e+02     7.3001     7.2925    -0.0076     5.8224     5.8164      5.449      5.570      0.431    1424.06    1424.05  0.000e+00
        546      6.000     2.4446     2.4485     0.0039    0.73641    0.73573          1     8.6405     8.6243       9.98     0.0122  2.408e+00  1.139e+01  4.732e+02     7.3002     7.2921    -0.0081     5.8225     5.8160      5.945      6.076      0.508    1424.08    1424.09  0.000e+00
        595      6.500     2.4489     2.4518     0.0028    0.73652    0.73584          1     8.6426     8.6227       9.98     0.0122  2.175e+00  1.031e+01  4.742e+02     7.3002     7.2924    -0.0079     5.8226     5.8163      6.440      6.582      0.394    1424.11    1424.12  0.000e+00
        668      7.000     2.4523     2.4543     0.0020    0.73660    0.73590          1     8.6464     8.6217       9.98     0.0122  2.009e+00  9.568e+00  4.763e+02     7.3002     7.2924    -0.0079     5.8226     5.8163      6.936      7.088      0.591    1424.14    1424.14  0.000e+00
        692      7.500     2.4542     2.4609     0.0067    0.73665    0.73605          1     8.6557     8.6176       9.98     0.0121  1.798e+00  8.580e+00  4.772e+02     7.3003     7.2924    -0.0079     5.8226     5.8163      7.431      7.595      0.416    1424.15    1424.17  0.000e+00
        766      8.000     2.4482     2.4495     0.0012    0.73650    0.73580          1     8.6532     8.6234       9.98     0.0120  1.565e+00  7.492e+00  4.789e+02     7.3000     7.2923    -0.0077     5.8224     5.8162      7.926      8.101      0.236    1424.13    1424.13  0.000e+00
        820      8.500     2.4474     2.4438    -0.0036    0.73647    0.73572          1     8.6393     8.6231       9.97     0.0122  1.394e+00  6.691e+00  4.801e+02     7.2998     7.2927    -0.0072     5.8222     5.8165      8.422      8.607      0.345    1424.14    1424.11  0.000e+00
        849      9.000     2.4415     2.4382    -0.0034    0.73633    0.73556          1     8.6321     8.6209       9.97     0.0121  1.275e+00  6.139e+00  4.813e+02     7.2995     7.2921    -0.0074     5.8220     5.8161      8.917      9.114      0.433    1424.12    1424.09  0.000e+00
        880      9.500     2.4342     2.4367     0.0025    0.73616    0.73552          1     8.6561     8.6340       9.97     0.0122  1.130e+00  5.456e+00  4.829e+02     7.2993     7.2921    -0.0073     5.8219     5.8160      9.413      9.620      0.295    1424.09    1424.09  0.000e+00
        951     10.000     2.4339     2.4354     0.0014    0.73615    0.73553          1     8.6668     8.6221       9.97     0.0122  9.945e-01  4.824e+00  4.851e+02     7.2993     7.2923    -0.0070     5.8218     5.8162      9.908     10.126      0.247    1424.10    1424.09  0.000e+00
        999     10.500     2.4307     2.4367     0.0060    0.73610    0.73552          1     8.6722     8.6207       9.97     0.0122  9.123e-01  4.431e+00  4.857e+02     7.2994     7.2918    -0.0076     5.8219     5.8158     10.403     10.633      0.245    1424.09    1424.11  0.000e+00
       1058     11.000     2.4399     2.4451     0.0052    0.73633    0.73574          1     8.6757     8.6226       9.96     0.0122  8.262e-01  4.031e+00  4.879e+02     7.2997     7.2922    -0.0075     5.8221     5.8161     10.899     11.139      0.275    1424.14    1424.16  0.000e+00
       1092     11.500     2.4421     2.4416    -0.0005    0.73640    0.73569          1     8.6787     8.6158       9.96     0.0122  7.355e-01  3.599e+00  4.894e+02     7.2999     7.2924    -0.0075     5.8223     5.8163     11.394     11.645      0.370    1424.16    1424.15  0.000e+00
       1127     12.000     2.4434     2.4449     0.0015    0.73644    0.73575          1     8.6769     8.6252       9.96     0.0122  6.532e-01  3.207e+00  4.910e+02     7.2999     7.2922    -0.0076     5.8223     5.8162     11.889     12.152      0.309    1424.17    1424.17  0.000e+00
       1188     12.500     2.4466     2.4457    -0.0009    0.73652    0.73578          1     8.6766     8.6197       9.96     0.0122  5.960e-01  2.933e+00  4.922e+02     7.2999     7.2923    -0.0076     5.8223     5.8162     12.385     12.658      0.230    1424.20    1424.18  0.000e+00
       1259     13.000     2.4528     2.4479    -0.0049    0.73669    0.73584          1     8.6693     8.6233       9.96     0.0122  5.469e-01  2.700e+00  4.936e+02     7.3002     7.2924    -0.0079     5.8226     5.8163     12.880     13.164      0.464    1424.23    1424.20  0.000e+00
       1279     13.500     2.4555     2.4457    -0.0097    0.73674    0.73578          1     8.6690     8.6175       9.96     0.0122  4.967e-01  2.458e+00  4.950e+02     7.3001     7.2921    -0.0079     5.8224     5.8161     13.376     13.671      0.487    1424.25    1424.20  0.000e+00
       1338     14.000     2.4547     2.4568     0.0021    0.73672    0.73604          1     8.6734     8.6093       9.96     0.0122  4.375e-01  2.172e+00  4.966e+02     7.3001     7.2923    -0.0077     5.8224     5.8162     13.871     14.177      0.284    1424.26    1424.26  0.000e+00
       1393     14.500     2.4547     2.4523    -0.0024    0.73672    0.73600          1     8.6640     8.6110       9.96     0.0123  3.986e-01  1.985e+00  4.980e+02     7.2999     7.2928    -0.0071     5.8223     5.8166     14.366     14.683      0.441    1424.27    1424.25  0.000e+00
       1428     15.000     2.4513     2.4503    -0.0010    0.73665    0.73592          1     8.6653     8.6161       9.96     0.0122  3.568e-01  1.783e+00  4.999e+02     7.2999     7.2923    -0.0075     5.8223     5.8163     14.862     15.190      0.304    1424.26    1424.24  0.000e+00
       1502     15.500     2.4548     2.4544    -0.0004    0.73675    0.73603          1     8.6584     8.6269       9.95     0.0122  3.332e-01  1.672e+00  5.017e+02     7.3001     7.2925    -0.0076     5.8224     5.8163     15.357     15.696      0.381    1424.28    1424.27  0.000e+00
       1524     16.000     2.4565     2.4589     0.0024    0.73679    0.73611          1     8.6543     8.6227       9.95     0.0122  3.002e-01  1.506e+00  5.016e+02     7.3001     7.2923    -0.0078     5.8225     5.8162     15.852     16.202      0.472    1424.30    1424.30  0.000e+00
       1570     16.500     2.4602     2.4622     0.0021    0.73689    0.73623          1     8.6534     8.6135       9.95     0.0122  2.639e-01  1.328e+00  5.033e+02     7.3002     7.2927    -0.0075     5.8226     5.8165     16.348     16.709      0.266    1424.32    1424.32  0.000e+00
       1657     17.000     2.4664     2.4667     0.0003    0.73704    0.73631          1     8.6583     8.6048       9.95     0.0122  2.427e-01  1.227e+00  5.057e+02     7.3003     7.2925    -0.0078     5.8226     5.8164     16.843     17.215      0.310    1424.36    1424.35  0.000e+00
       1687     17.500     2.4684     2.4729     0.0045    0.73710    0.73647          1     8.6572     8.5912       9.95     0.0122  2.198e-01  1.114e+00  5.069e+02     7.3004     7.2927    -0.0077     5.8227     5.8165     17.338     17.721      0.396    1424.38    1424.39  0.000e+00
       1717     18.000     2.4700     2.4666    -0.0033    0.73713    0.73637          1     8.6707     8.5946       9.95     0.0122  1.981e-01  1.006e+00  5.077e+02     7.3003     7.2929    -0.0074     5.8226     5.8167     17.834     18.228      0.384    1424.39    1424.37  0.000e+00
       1753     18.500     2.4653     2.4640    -0.0013    0.73701    0.73630          1     8.6636     8.6118       9.95     0.0122  1.791e-01  9.097e-01  5.079e+02     7.3000     7.2928    -0.0073     5.8224     5.8166     18.329     18.734      0.252    1424.38    1424.36  0.000e+00
       1838     19.000     2.4650     2.4619    -0.0031    0.73701    0.73625          1     8.6766     8.6055       9.95     0.0120  1.588e-01  8.094e-01  5.097e+02     7.3000     7.2927    -0.0073     5.8224     5.8165     18.825     19.240      0.251    1424.38    1424.36  0.000e+00
       1882     19.500     2.4604     2.4604     0.0000    0.73690    0.73621          1     8.6692     8.6186       9.95     0.0111  1.457e-01  7.429e-01  5.097e+02     7.2999     7.2925    -0.0074     5.8223     5.8164     19.320     19.747      0.275    1424.37    1424.36  0.000e+00
       1923     20.000     2.4625     2.4647     0.0023    0.73696    0.73634          1     8.6670     8.6151       9.95     0.0122  1.344e-01  6.868e-01  5.110e+02     7.2999     7.2928    -0.0071     5.8223     5.8166     19.815     20.253      0.367    1424.39    1424.39  0.000e+00
       1952     20.500     2.4580     2.4587     0.0007    0.73686    0.73617          1     8.6752     8.6234       9.95     0.0122  1.188e-01  6.080e-01  5.117e+02     7.2998     7.2924    -0.0075     5.8222     5.8163     20.311     20.759      0.387    1424.37    1424.37  0.000e+00
       2028     21.000     2.4811     2.4843     0.0033    0.73746    0.73681          1     8.6738     8.6128       9.95     0.0122  1.044e-01  5.356e-01  5.129e+02     7.3008     7.2932    -0.0076     5.8230     5.8169     20.806     21.265      0.257    1424.49    1424.50  0.000e+00
       2082     21.500     2.4982     2.5007     0.0024    0.73789    0.73718          1     8.6820     8.6082       9.95     0.0122  9.701e-02  4.984e-01  5.138e+02     7.3013     7.2933    -0.0081     5.8234     5.8170     21.301     21.772      0.414    1424.58    1424.58  0.000e+00
       2111     22.000     2.4995     2.4970    -0.0025    0.73790    0.73715          1     8.6684     8.6066       9.95     0.0122  8.651e-02  4.445e-01  5.138e+02     7.3011     7.2937    -0.0074     5.8232     5.8173     21.797     22.278      0.364    1424.59    1424.57  0.000e+00
       2153     22.500     2.4862     2.4842    -0.0020    0.73756    0.73683          1     8.6576     8.6030       9.95     0.0122  7.343e-02  3.773e-01  5.138e+02     7.3005     7.2932    -0.0073     5.8227     5.8169     22.292     22.784      0.237    1424.54    1424.52  0.000e+00
       2227     23.000     2.4914     2.4896    -0.0017    0.73769    0.73698          1     8.6660     8.5997       9.95     0.0122  6.450e-02  3.314e-01  5.138e+02     7.3007     7.2935    -0.0072     5.8229     5.8172     22.787     23.291      0.217    1424.57    1424.55  0.000e+00
       2277     23.500     2.4894     2.4904     0.0010    0.73765    0.73697          1     8.6623     8.6076       9.95     0.0123  5.962e-02  3.063e-01  5.138e+02     7.3006     7.2931    -0.0075     5.8228     5.8168     23.283     23.797      0.350    1424.57    1424.56  0.000e+00
       2309     24.000     2.4951     2.4965     0.0013    0.73782    0.73714          1     8.6567     8.5947       9.95     0.0122  5.175e-02  2.659e-01  5.138e+02     7.3010     7.2934    -0.0075     5.8231     5.8171     23.778     24.303      0.363    1424.60    1424.60  0.000e+00
       2344     24.500     2.4914     2.4882    -0.0032    0.73772    0.73697          1     8.6419     8.6021       9.95     0.0122  4.299e-02  2.209e-01  5.138e+02     7.3007     7.2935    -0.0072     5.8229     5.8172     24.273     24.810      0.319    1424.60    1424.57  0.000e+00
       2400     25.000     2.4872     2.4859    -0.0013    0.73762    0.73687          1     8.6530     8.5981       9.95     0.0122  3.543e-02  1.820e-01  5.138e+02     7.3005     7.2930    -0.0076     5.8228     5.8167     24.769     25.316      0.220    1424.58    1424.57  0.000e+00
       2485     25.500     2.4885     2.4945     0.0060    0.73767    0.73709          1     8.6677     8.6074       9.95     0.0122  3.289e-02  1.690e-01  5.138e+02     7.3007     7.2932    -0.0075     5.8230     5.8169     25.264     25.822      0.414    1424.60    1424.61  0.000e+00
       2505     26.000     2.4907     2.4874    -0.0033    0.73771    0.73699          1     8.6635     8.6112       9.95     0.0122  2.639e-02  1.356e-01  5.138e+02     7.3006     7.2936    -0.0069     5.8228     5.8173     25.760     26.329      0.512    1424.61    1424.59  0.000e+00
       2530     26.500     2.4843     2.4829    -0.0015    0.73756    0.73685          1     8.6563     8.6063       9.95     0.0122  1.984e-02  1.019e-01  5.138e+02     7.3004     7.2932    -0.0072     5.8227     5.8169     26.255     26.835      0.356    1424.59    1424.58  0.000e+00
       2616     27.000     2.4897     2.4867    -0.0029    0.73770    0.73695          1     8.6791     8.5991       9.95     0.0123  1.776e-02  9.125e-02  5.138e+02     7.3006     7.2933    -0.0073     5.8228     5.8170     26.750     27.341      0.333    1424.63    1424.60  0.000e+00
       2643     27.500     2.4917     2.4923     0.0007    0.73777    0.73705          1     8.6594     8.5927       9.95     0.0121  1.266e-02  6.505e-02  5.138e+02     7.3008     7.2930    -0.0077     5.8230     5.8168     27.246     27.848      0.410    1424.64    1424.64  0.000e+00
       2704     28.000     2.5203     2.5279     0.0076    0.73849    0.73789          1     8.6443     8.5915       9.95     0.0122  7.607e-03  3.908e-02  5.138e+02     7.3018     7.2937    -0.0081     5.8237     5.8172     27.741     28.354      0.241    1424.78    1424.81  0.000e+00
       2765     28.500     2.5572     2.5644     0.0072    0.73941    0.73878          1     8.6401     8.5632       9.95     0.0122  5.452e-03  2.801e-02  5.138e+02     7.3030     7.2947    -0.0083     5.8247     5.8180     28.236     28.860      0.382    1424.97    1424.99  0.000e+00
       2791     29.000     2.5624     2.5634     0.0009    0.73951    0.73876          1     8.6419     8.5656       9.95     0.0122  1.894e-03  9.732e-03  5.139e+02     7.3028     7.2946    -0.0082     5.8245     5.8179     28.732     29.367      0.436    1425.00    1424.99  0.000e+00
