ctdpy/tests/etc/all_smhi_bas_2018/SBE09_1044_20180318_1541_34_02_0065.cnv
* Sea-Bird SBE 9 Data File:
* FileName = C:\ctd\temp\2018\ME18D065.hex
* Software Version Seasave V 7.26.6.26
* Temperature SN = 5351
* Conductivity SN = 3941
* Number of Bytes Per Scan = 41
* Number of Voltage Words = 4
* Number of Scans Averaged by the Deck Unit = 1
* NMEA Latitude = 55 00.93 N
* NMEA Longitude = 013 18.04 E
* NMEA UTC (Time) = Mar 18 2018  15:41:30
* NMEA baud rate = 4800
** Station:  BY1
** Operator:  obac
** Ship: MERI
** Average sound velocity: 1423.28 m/s
** True-depth calculation Sun, 18 Mar 2018 16:25:24 +0000
** CTD Python Module SMHI /ver 3-12/ feb 2012 
** LIMS Job: 20183402-0065
** Cruise: SMHI-02-2018
** Latitude [GG MM.mm N] :
** Longitude [GG MM.mm E]:
# nquan = 26
# nvalues = 82                          
# units = specified
# name 0 = scan: Scan Count
# name 1 = prDM: Pressure, Digiquartz [db]
# name 2 = t090C: Temperature [ITS-90, deg C]
# name 3 = t190C: Temperature, 2 [ITS-90, deg C]
# name 4 = T2-T190C: Temperature Difference, 2 - 1 [ITS-90, deg C]
# name 5 = c0S/m: Conductivity [S/m]
# name 6 = c1S/m: Conductivity, 2 [S/m]
# name 7 = pumps: Pump Status
# name 8 = sbeox0ML/L: Oxygen, SBE 43 [ml/l]
# name 9 = sbeox1ML/L: Oxygen, SBE 43, 2 [ml/l]
# name 10 = altM: Altimeter [m]
# name 11 = flECO-AFL: Chl-a Fluorescence, WET Labs ECO-AFL/FL [mg/m^3]
# name 12 = flECO-AFL1: Phycocyanin Fluorescence, WET Labs ECO-AFL/FL, 2 [mg/m^3]
# name 13 = par: PAR/Irradiance, Biospherical/Lico [µE/(cm^2*s)]
# name 14 = turbWETntu0: Turbidity, WET Labs ECO [NTU]
# name 15 = sal00: Salinity, Practical [PSU]
# name 16 = sal11: Salinity, Practical, 2 [PSU]
# name 17 = secS-priS: Salinity, Practical, Difference, 2 - 1 [PSU]
# name 18 = sigma-t00: Density [sigma-t, Kg/m^3 ]
# name 19 = sigma-t11: Density, 2 [sigma-t, Kg/m^3 ]
# name 20 = depSM: Depth [salt water, m], lat = 55.0155
# name 21 = depFM: Depth [true depth, m], lat = 55.0155
# name 22 = dz/dtM: Descent Rate [m/s], WS = 2
# name 23 = svCM: Sound Velocity [Chen-Millero, m/s]
# name 24 = svCM1: Sound Velocity, 2 [Chen-Millero, m/s]
# name 25 = flag: flag
# span 0 =      10834,      13492       
# span 1 =      1.000,     41.500       
# span 2 =     1.9203,     2.2259       
# span 3 =     1.9210,     2.2087       
# span 4 =    -0.0171,     0.0112       
# span 5 =   0.787228,   1.354151       
# span 6 =   0.787218,   1.331834       
# span 7 =          1,          1       
# span 8 =    8.28554,    8.99526       
# span 9 =    8.33862,    9.00644       
# span 10 =       2.08,      45.73      
# span 11 =     0.8732,     1.0154      
# span 12 =     0.2705,     0.3905      
# span 13 = -5.877e-06, 4.1022e+03      
# span 14 =     0.8652,     6.7420      
# span 15 =     7.9654,    14.1612      
# span 16 =     7.9650,    13.9169      
# span 17 =    -0.2442,     0.1502      
# span 18 =     6.3536,    11.3057      
# span 19 =     6.3533,    11.1108      
# span 20 =      0.991,     41.122      
# span 21 =      1.012,     41.994      
# span 22 =     -0.219,      0.792      
# span 23 =    1422.62,    1432.57      
# span 24 =    1422.63,    1432.17      
# span 25 = 0.0000e+00, 0.0000e+00      
# interval = decibars: 0.5              
# start_time = Mar 18 2018 15:41:30 [NMEA time, first data scan]
# bad_flag = -9.990e-29
*END*
[from data line 56]
      12544     29.000     1.9456     1.9453    -0.0003    0.78797    0.78800          1     8.9798     8.9936      15.21     0.9571     0.3427  1.000e-12  0.9571000     7.9716     7.9720     0.0004     6.3586     6.3589     28.737     29.351      0.378    1422.98    1422.98  0.000e+00
      12575     29.500     1.9460     1.9469     0.0008    0.78797    0.78795          1     8.9784     8.9876      14.67     0.9586     0.3773  1.000e-12  0.9276000     7.9714     7.9710    -0.0004     6.3585     6.3581     29.232     29.857      0.455    1422.99    1423.00  0.000e+00
      12598     30.000     1.9451     1.9461     0.0009    0.78806    0.78802          1     8.9787     8.9839      14.26     0.9694     0.3674  1.000e-12  0.9611000     7.9725     7.9718    -0.0007     6.3593     6.3588     29.727     30.363      0.593    1423.00    1423.00  0.000e+00
      12616     30.500     1.9430     1.9431     0.0001    0.78818    0.78820          1     8.9787     8.9828      13.80     0.9827     0.3168  1.000e-12  0.9739000     7.9743     7.9745     0.0002     6.3608     6.3609     30.223     30.869      0.662    1423.00    1423.00  0.000e+00
      12634     31.000     1.9434     1.9442     0.0008    0.78816    0.78814          1     8.9738     8.9860      13.30     0.9740     0.3028  1.000e-12  0.9897000     7.9738     7.9735    -0.0004     6.3604     6.3601     30.718     31.375      0.640    1423.01    1423.01  0.000e+00
      12655     31.500     1.9443     1.9449     0.0007    0.78810    0.78808          1     8.9757     8.9968      12.75     0.9496     0.3387  1.000e-12  1.0088000     7.9730     7.9726    -0.0003     6.3597     6.3594     31.214     31.881      0.519    1423.02    1423.02  0.000e+00
      12683     32.000     1.9443     1.9449     0.0006    0.78809    0.78808          1     8.9765     8.9929      12.13     0.9752     0.3505  1.000e-12  0.9514000     7.9728     7.9725    -0.0003     6.3596     6.3594     31.709     32.387      0.384    1423.02    1423.03  0.000e+00
      12715     32.500     1.9448     1.9430    -0.0018    0.78805    0.78817          1     8.9665     8.9914      11.71     0.9900     0.3842  1.000e-12  0.9478000     7.9722     7.9738     0.0017     6.3591     6.3604     32.204     32.893      0.447    1423.03    1423.03  0.000e+00
      12738     33.000     1.9385     1.9370    -0.0014    0.78844    0.78860          1     8.9733     8.9939      11.45     0.9801     0.3430  1.000e-12  0.9767000     7.9780     7.9800     0.0021     6.3637     6.3653     32.700     33.399      0.549    1423.02    1423.02  0.000e+00
      12759     33.500     1.9367     1.9372     0.0005    0.78875    0.78877          1     8.9704     8.9928      11.18     0.9686     0.3392  1.000e-12  0.9389000     7.9816     7.9817     0.0001     6.3666     6.3667     33.195     33.905      0.573    1423.02    1423.03  0.000e+00
      12780     34.000     1.9364     1.9378     0.0014    0.78883    0.78879          1     8.9650     8.9909      10.75     0.9690     0.3460  1.000e-12  0.9494000     7.9825     7.9817    -0.0008     6.3673     6.3667     33.691     34.412      0.535    1423.03    1423.04  0.000e+00
      12804     34.500     1.9368     1.9375     0.0007    0.78889    0.78883          1     8.9637     8.9931      10.36     0.9699     0.3413  1.000e-12  0.9852000     7.9830     7.9821    -0.0008     6.3677     6.3670     34.186     34.918      0.466    1423.04    1423.04  0.000e+00
      12832     35.000     1.9370     1.9377     0.0007    0.78906    0.78897          1     8.9614     8.9923      10.05     0.9584     0.3270  1.000e-12  0.9857000     7.9847     7.9835    -0.0012     6.3691     6.3682     34.681     35.424      0.442    1423.05    1423.06  0.000e+00
      12858     35.500     1.9365     1.9374     0.0009    0.78937    0.78922          1     8.9662     8.9833       9.64     0.9670     0.3188  1.000e-12  1.0284000     7.9881     7.9863    -0.0018     6.3718     6.3703     35.177     35.930      0.502    1423.06    1423.06  0.000e+00
      12880     36.000     1.9326     1.9331     0.0006    0.79081    0.79085          1     8.9679     8.9762       9.22     0.9440     0.3220  1.000e-12  0.9609000     8.0046     8.0050     0.0003     6.3850     6.3853     35.672     36.436      0.546    1423.07    1423.08  0.000e+00
      12902     36.500     1.9260     1.9266     0.0005    0.79231    0.79230          1     8.9563     8.9707       8.72     0.9451     0.3625  1.000e-12  0.9981000     8.0226     8.0223    -0.0003     6.3994     6.3992     36.168     36.942      0.532    1423.07    1423.08  0.000e+00
      12926     37.000     1.9238     1.9239     0.0002    0.79273    0.79276          1     8.9397     8.9565       8.21     0.9354     0.3789  1.000e-12  1.0876000     8.0277     8.0280     0.0002     6.4035     6.4036     36.663     37.448      0.484    1423.08    1423.08  0.000e+00
      12952     37.500     1.9208     1.9216     0.0008    0.79613    0.79613          1     8.8844     8.9069       7.67     0.9332     0.3481  1.000e-12  1.0349000     8.0653     8.0651    -0.0002     6.4335     6.4334     37.159     37.954      0.453    1423.12    1423.12  0.000e+00
      12978     38.000     1.9203     1.9210     0.0007    0.80977    0.80963          1     8.7894     8.8058       7.15     0.9241     0.3449  1.000e-12  1.0484000     8.2139     8.2123    -0.0017     6.5526     6.5513     37.654     38.460      0.461    1423.32    1423.32  0.000e+00
      13003     38.500     1.9274     1.9277     0.0004    0.82751    0.82727          1     8.7471     8.7529       6.63     0.8893     0.3327  1.000e-12  1.1637000     8.4055     8.4028    -0.0027     6.7061     6.7040     38.149     38.966      0.502    1423.61    1423.61  0.000e+00
      13026     39.000     1.9625     1.9605    -0.0020    0.90965    0.90269          1     8.7171     8.7084       6.12     0.8732     0.3427  1.000e-12  1.2903000     9.2968     9.2207    -0.0760     7.4197     7.3588     38.645     39.471      0.560    1424.95    1424.85  0.000e+00
      13046     39.500     1.9948     1.9957     0.0008    1.01427    1.01338          1     8.7116     8.6662       5.62     0.9074     0.3563  1.000e-12  2.2032000    10.4415    10.4314    -0.0102     8.3357     8.3276     39.140     39.977      0.570    1426.61    1426.60  0.000e+00
      13069     40.000     2.0329     2.0331     0.0001    1.09002    1.08874          1     8.5552     8.5190       5.08     0.9489     0.3358  1.000e-12  3.7428000    11.2709    11.2566    -0.0143     8.9989     8.9874     39.636     40.482      0.472    1427.88    1427.86  0.000e+00
      13106     40.500     2.0643     2.0742     0.0100    1.12578    1.13785          1     8.4646     8.4755       3.98     0.9565     0.3355  1.000e-12  5.3223000    11.6588    11.7900     0.1312     9.3087     9.4135     40.131     40.986      0.281    1428.54    1428.76  0.000e+00
      13147     41.000     2.1560     2.1672     0.0112    1.25523    1.26901          1     8.4537     8.4667       2.89     0.9733     0.3417  1.000e-12  6.7420000    13.0761    13.2263     0.1502    10.4400    10.5599     40.626     41.491      0.323    1430.83    1431.07  0.000e+00
      13492     41.500     2.2259     2.2087    -0.0171    1.35415    1.33183          1     8.2855     8.3386       2.08     0.9360     0.3905  1.000e-12  5.9769000    14.1612    13.9169    -0.2442    11.3057    11.1108     41.122     41.994     -0.219    1432.57    1432.17  0.000e+00
