ctdpy/tests/etc/all_smhi_bas_2018/SBE09_0827_20180126_1825_26_01_0221.cnv
* Sea-Bird SBE 9 Data File:
* FileName = D:\CTD_SBE911\DAT\26DA.2018.1.121.hex
* Software Version Seasave V 7.21d
* Temperature SN = 034757
* Conductivity SN = 041844
* Number of Bytes Per Scan = 48
* Number of Voltage Words = 5
* Number of Scans Averaged by the Deck Unit = 1
* NMEA Latitude = 57 05.76 N
* NMEA Longitude = 011 49.71 E
* NMEA UTC (Time) = Jan 26 2018  18:25:15
* NMEA baud rate = 4800
** Ship: DANA
** Average sound velocity: 1469.65 m/s
** True-depth calculation Thu, 28 Mar 2019 08:32:03 +0000
** CTD Python Module SMHI /ver 3-12/ feb 2012 
** LIMS Job: 20182601-0221
** Persgrund
** Operator: Ronny Sørensen
** Cruise: 01/2018
# nquan = 26
# nvalues = 112                         
# units = specified
# name 0 = scan: Scan Count
# name 1 = prDM: Pressure, Digiquartz [db]
# name 2 = t090C: Temperature [ITS-90, deg C]
# name 3 = t190C: Temperature, 2 [ITS-90, deg C]
# name 4 = T2-T190C: Temperature Difference, 2 - 1 [ITS-90, deg C]
# name 5 = c0S/m: Conductivity [S/m]
# name 6 = c1S/m: Conductivity, 2 [S/m]
# name 7 = pumps: Pump Status
# name 8 = sbeox1ML/L: Oxygen, SBE 43, 2 [ml/l]
# name 9 = sbeox0ML/L: Oxygen, SBE 43 [ml/l]
# name 10 = altM: Altimeter [m]
# name 11 = chloroflTC0: Chlorophyll, Turner Cyclops [ug/l]
# name 12 = cpar: CPAR/Corrected Irradiance [%]
# name 13 = par: PAR/Irradiance, Biospherical/Lico [µE/(cm^2*s)]
# name 14 = spar: SPAR, Biospherical/Licor
# name 15 = sal00: Salinity, Practical [PSU]
# name 16 = sal11: Salinity, Practical, 2 [PSU]
# name 17 = secS-priS: Salinity, Practical, Difference, 2 - 1 [PSU]
# name 18 = sigma-t00: Density [sigma-t, kg/m^3 ]
# name 19 = sigma-t11: Density, 2 [sigma-t, kg/m^3 ]
# name 20 = depSM: Depth [salt water, m], lat = 57.096
# name 21 = depFM: Depth [true depth, m], lat = 57.096
# name 22 = dz/dtM: Descent Rate [m/s], WS = 2
# name 23 = svCM: Sound Velocity [Chen-Millero, m/s]
# name 24 = svCM1: Sound Velocity, 2 [Chen-Millero, m/s]
# name 25 = flag: flag
# span 0 =        270,       5767       
# span 1 =      2.000,     57.500       
# span 2 =     4.0103,     7.2566       
# span 3 =     4.0123,     7.2352       
# span 4 =    -0.6592,     0.0373       
# span 5 =   1.919630,   3.437420       
# span 6 =   1.921838,   3.434295       
# span 7 =          1,          1       
# span 8 =     5.7085,     7.3442       
# span 9 =     5.2443,    14.2673       
# span 10 =       1.40,       9.95      
# span 11 =     0.0180,     0.0413      
# span 12 = 4.9241e-11, 4.9241e-11      
# span 13 = 1.0000e-12, 1.0000e-12      
# span 14 = 2.0308e+00, 2.0308e+00      
# span 15 =    19.5877,    33.7177      
# span 16 =    19.6109,    33.7096      
# span 17 =    -2.7737,     0.0392      
# span 18 =    15.5489,    26.3733      
# span 19 =    15.5672,    26.3709      
# span 20 =      1.982,     56.964      
# span 21 =      2.006,     57.234      
# span 22 =      0.157,      0.309      
# span 23 =    1446.96,    1478.99      
# span 24 =    1447.00,    1478.88      
# span 25 = 0.0000e+00, 0.0000e+00      
# interval = decibars: 0.5              
# start_time = Jan 26 2018 18:25:16 [NMEA time, first data scan]
# bad_flag = -9.990e-29
*END*
        270      2.000     4.0155     4.0138    -0.0016    1.92367    1.92412          1     7.3396    14.2673       9.95     0.0196  4.924e-11  1.000e-12  2.031e+00    19.6301    19.6361     0.0060    15.5822    15.5871      1.982      2.006      0.181    1447.01    1447.01  0.000e+00
        434      2.500     4.0191     4.0159    -0.0032    1.92721    1.92409          1     7.3290     5.2443       9.95     0.0184  4.924e-11  1.000e-12  2.031e+00    19.6670    19.6343    -0.0327    15.6113    15.5855      2.477      2.507      0.237    1447.08    1447.03  0.000e+00
        482      3.000     4.0188     4.0175    -0.0013    1.92739    1.92630          1     7.3244     5.2460       9.95     0.0180  4.924e-11  1.000e-12  2.031e+00    19.6690    19.6577    -0.0114    15.6129    15.6040      2.972      3.009      0.309    1447.09    1447.07  0.000e+00
        534      3.500     4.0103     4.0125     0.0022    1.91963    1.92327          1     7.3235     6.9811       9.95     0.0194  4.924e-11  1.000e-12  2.031e+00    19.5877    19.6268     0.0392    15.5489    15.5798      3.468      3.510      0.230    1446.96    1447.02  0.000e+00
        582      4.000     4.0135     4.0123    -0.0012    1.92260    1.92184          1     7.3442     7.2249       9.95     0.0214  4.924e-11  1.000e-12  2.031e+00    19.6187    19.6109    -0.0078    15.5733    15.5672      3.963      4.012      0.269    1447.02    1447.00  0.000e+00
        634      4.500     4.0176     4.0150    -0.0026    1.92608    1.92386          1     7.3301     7.2474       9.95     0.0229  4.924e-11  1.000e-12  2.031e+00    19.6547    19.6315    -0.0232    15.6016    15.5834      4.459      4.513      0.220    1447.09    1447.05  0.000e+00
        685      5.000     4.0611     4.0286    -0.0325    1.97357    1.93295          1     7.2801     7.2466       9.95     0.0233  4.924e-11  1.000e-12  2.031e+00    20.1567    19.7243    -0.4324    15.9968    15.6561      4.954      5.014      0.234    1447.93    1447.24  0.000e+00
        737      5.500     4.1285     4.1104    -0.0181    2.04177    2.01341          1     7.2748     7.2073       9.95     0.0242  4.924e-11  1.000e-12  2.031e+00    20.8748    20.5699    -0.3049    16.5616    16.3211      5.449      5.516      0.237    1449.15    1448.68  0.000e+00
        790      6.000     4.1684     4.1472    -0.0213    2.08496    2.05657          1     7.2513     7.1989       9.95     0.0251  4.924e-11  1.000e-12  2.031e+00    21.3313    21.0280    -0.3033    16.9205    16.6816      5.945      6.016      0.222    1449.91    1449.43  0.000e+00
        841      6.500     4.1807     4.1577    -0.0231    2.10138    2.07477          1     7.2107     7.1705       9.95     0.0257  4.924e-11  1.000e-12  2.031e+00    21.5067    21.2243    -0.2824    17.0587    16.8365      6.440      6.517      0.255    1450.20    1449.74  0.000e+00
        891      7.000     4.2242     4.1637    -0.0605    2.14285    2.08194          1     7.1910     7.1658       9.95     0.0272  4.924e-11  1.000e-12  2.031e+00    21.9415    21.3002    -0.6412    17.4001    16.8963      6.936      7.018      0.223    1450.95    1449.87  0.000e+00
        942      7.500     4.3144     4.1792    -0.1352    2.20734    2.09814          1     7.1209     7.1117       9.95     0.0272  4.924e-11  1.000e-12  2.031e+00    22.6022    21.4710    -1.1312    17.9170    17.0305      7.431      7.518      0.261    1452.18    1450.16  0.000e+00
        988      8.000     4.3294     4.2291    -0.1003    2.22744    2.13369          1     7.1352     7.1077       9.95     0.0278  4.924e-11  1.000e-12  2.031e+00    22.8169    21.8354    -0.9815    18.0860    17.3157      7.926      8.019      0.227    1452.53    1450.85  0.000e+00
       1046      8.500     4.3408     4.2863    -0.0546    2.23965    2.18489          1     7.1209     7.1153       9.95     0.0270  4.924e-11  1.000e-12  2.031e+00    22.9456    22.3697    -0.5759    18.1871    17.7349      8.422      8.519      0.242    1452.75    1451.78  0.000e+00
       1094      9.000     4.3426     4.3147    -0.0279    2.24024    2.21588          1     7.1063     7.1077       9.95     0.0269  4.924e-11  1.000e-12  2.031e+00    22.9508    22.6972    -0.2537    18.1910    17.9922      8.917      9.019      0.231    1452.77    1452.33  0.000e+00
       1147      9.500     4.3439     4.3260    -0.0179    2.24080    2.22601          1     7.0691     7.1155       9.95     0.0281  4.924e-11  1.000e-12  2.031e+00    22.9559    22.8026    -0.1534    18.1950    18.0749      9.412      9.519      0.255    1452.80    1452.52  0.000e+00
       1194     10.000     4.3593     4.3366    -0.0226    2.25057    2.23565          1     7.0425     7.1092       9.95     0.0278  4.924e-11  1.000e-12  2.031e+00    23.0546    22.9032    -0.1514    18.2720    18.1538      9.908     10.019      0.230    1453.00    1452.70  0.000e+00
       1247     10.500     4.3643     4.3437    -0.0206    2.25258    2.23977          1     7.0490     7.1038       9.95     0.0277  4.924e-11  1.000e-12  2.031e+00    23.0735    22.9442    -0.1293    18.2866    18.1857     10.403     10.519      0.244    1453.05    1452.79  0.000e+00
       1295     11.000     4.3674     4.3555    -0.0119    2.25515    2.24752          1     7.0594     7.1052       9.95     0.0283  4.924e-11  1.000e-12  2.031e+00    23.0998    23.0227    -0.0772    18.3072    18.2470     10.899     11.019      0.252    1453.10    1452.95  0.000e+00
       1343     11.500     4.3857     4.3608    -0.0249    2.26566    2.25079          1     7.0325     7.1044       9.95     0.0277  4.924e-11  1.000e-12  2.031e+00    23.2046    23.0554    -0.1492    18.3888    18.2725     11.394     11.520      0.231    1453.32    1453.02  0.000e+00
       1400     12.000     4.4091     4.3700    -0.0391    2.27223    2.25548          1     7.0291     7.0787       9.95     0.0278  4.924e-11  1.000e-12  2.031e+00    23.2616    23.1014    -0.1603    18.4321    18.3082     11.889     12.020      0.239    1453.50    1453.13  0.000e+00
       1442     12.500     4.4575     4.3835    -0.0740    2.28323    2.26114          1     7.0298     7.0602       9.95     0.0278  4.924e-11  1.000e-12  2.031e+00    23.3505    23.1552    -0.1953    18.4987    18.3498     12.385     12.520      0.287    1453.83    1453.27  0.000e+00
       1489     13.000     4.5189     4.4047    -0.1142    2.29991    2.26714          1     7.0038     7.0187       9.95     0.0280  4.924e-11  1.000e-12  2.031e+00    23.4934    23.2073    -0.2861    18.6070    18.3894     12.880     13.020      0.238    1454.28    1453.43  0.000e+00
       1538     13.500     4.5798     4.4526    -0.1273    2.32384    2.27921          1     6.9930     6.9797       9.95     0.0283  4.924e-11  1.000e-12  2.031e+00    23.7172    23.3086    -0.4087    18.7793    18.4659     13.375     13.520      0.255    1454.83    1453.77  0.000e+00
       1585     14.000     4.6231     4.5255    -0.0976    2.34879    2.29905          1     6.9638     6.9503       9.95     0.0274  4.924e-11  1.000e-12  2.031e+00    23.9648    23.4786    -0.4862    18.9717    18.5948     13.871     14.019      0.247    1455.34    1454.31  0.000e+00
       1635     14.500     4.6347     4.5833    -0.0514    2.37032    2.32461          1     6.9332     6.9525       9.95     0.0277  4.924e-11  1.000e-12  2.031e+00    24.1970    23.7231    -0.4739    19.1545    18.7836     14.366     14.519      0.241    1455.69    1454.87  0.000e+00
       1687     15.000     4.6641     4.6143    -0.0498    2.39389    2.34530          1     6.8778     6.9515       9.95     0.0277  4.924e-11  1.000e-12  2.031e+00    24.4389    23.9318    -0.5071    19.3435    18.9463     14.862     15.019      0.219    1456.13    1455.28  0.000e+00
       1739     15.500     4.6845     4.6398    -0.0447    2.40568    2.36876          1     6.8317     6.8065       9.95     0.0278  4.924e-11  1.000e-12  2.031e+00    24.5556    24.1755    -0.3801    19.4342    19.1371     15.357     15.518      0.261    1456.38    1455.70  0.000e+00
       1783     16.000     4.7552     4.6597    -0.0955    2.44422    2.38821          1     6.7895     6.8257       9.95     0.0282  4.924e-11  1.000e-12  2.031e+00    24.9331    24.3782    -0.5548    19.7266    19.2959     15.852     16.018      0.267    1457.16    1456.05  0.000e+00
       1830     16.500     5.3493     4.6901    -0.6592    2.69764    2.40315          1     6.7529     6.5796       9.95     0.0288  4.924e-11  1.000e-12  2.031e+00    27.2965    24.5227    -2.7737    21.5397    19.4077     16.348     16.517      0.253    1462.64    1456.37  0.000e+00
       1876     17.000     5.4655     4.9407    -0.5249    2.74851    2.49932          1     6.7046     6.4861       9.95     0.0284  4.924e-11  1.000e-12  2.031e+00    27.7680    25.4085    -2.3594    21.9005    20.0864     16.843     17.015      0.262    1463.72    1458.56  0.000e+00
       1922     17.500     5.4842     5.1401    -0.3438    2.76600    2.59061          1     6.6266     6.4892       9.95     0.0289  4.924e-11  1.000e-12  2.031e+00    27.9469    26.2719    -1.6749    22.0399    20.7506     17.338     17.514      0.256    1464.04    1460.49  0.000e+00
       1974     18.000     5.4939     5.3783    -0.1158    2.77142    2.70143          1     6.5661     6.4857       9.95     0.0287  4.924e-11  1.000e-12  2.031e+00    27.9988    27.3154    -0.6834    22.0799    21.5519     17.834     18.012      0.217    1464.15    1462.81  0.000e+00
       2026     18.500     5.5270     5.4462    -0.0809    2.78536    2.74373          1     6.4549     6.4783       9.95     0.0291  4.924e-11  1.000e-12  2.031e+00    28.1261    27.7302    -0.3960    22.1770    21.8726     18.329     18.510      0.263    1464.45    1463.62  0.000e+00
       2071     19.000     5.6210     5.4697    -0.1512    2.81877    2.75998          1     6.4328     6.4289       9.95     0.0293  4.924e-11  1.000e-12  2.031e+00    28.4183    27.8912    -0.5271    22.3978    21.9974     18.825     19.008      0.254    1465.21    1463.93  0.000e+00
       2118     19.500     5.6875     5.5002    -0.1873    2.85215    2.77169          1     6.3967     6.3726       9.95     0.0293  4.924e-11  1.000e-12  2.031e+00    28.7325    27.9960    -0.7365    22.6387    22.0770     19.320     19.506      0.271    1465.89    1464.19  0.000e+00
       2162     20.000     5.8670     5.5432    -0.3239    2.91119    2.78827          1     6.3686     6.3505       9.95     0.0291  4.924e-11  1.000e-12  2.031e+00    29.2327    28.1442    -1.0885    23.0136    22.1895     19.815     20.004      0.255    1467.26    1464.57  0.000e+00
       2211     20.500     6.1049     5.6548    -0.4500    2.97023    2.82487          1     6.3598     6.2452       9.95     0.0292  4.924e-11  1.000e-12  2.031e+00    29.6788    28.4569    -1.2219    23.3385    22.4246     20.311     20.502      0.250    1468.79    1465.43  0.000e+00
       2261     21.000     6.1759     5.8537    -0.3223    2.99259    2.88911          1     6.3301     6.2135       9.95     0.0292  4.924e-11  1.000e-12  2.031e+00    29.8628    28.9995    -0.8633    23.4754    22.8312     20.806     21.000      0.219    1469.31    1466.93  0.000e+00
       2317     21.500     6.2111     5.9890    -0.2223    3.00816    2.93147          1     6.2259     6.2141       9.95     0.0291  4.924e-11  1.000e-12  2.031e+00    30.0032    29.3511    -0.6521    23.5820    23.0934     21.301     21.497      0.231    1469.64    1467.92  0.000e+00
       2366     22.000     6.2275     6.0818    -0.1456    3.01932    2.96231          1     6.1954     6.1878       9.95     0.0290  4.924e-11  1.000e-12  2.031e+00    30.1113    29.6108    -0.5005    23.6653    23.2876     21.797     21.995      0.247    1469.85    1468.63  0.000e+00
       2415     22.500     6.2938     6.1618    -0.1320    3.05312    2.98871          1     6.1846     6.1784       9.95     0.0293  4.924e-11  1.000e-12  2.031e+00    30.4244    29.8318    -0.5926    23.9042    23.4526     22.292     22.492      0.240    1470.51    1469.24  0.000e+00
       2464     23.000     6.3888     6.2203    -0.1684    3.08775    3.01169          1     6.1148     6.1056       9.95     0.0293  4.924e-11  1.000e-12  2.031e+00    30.7203    30.0332    -0.6871    24.1260    23.6045     22.787     22.989      0.263    1471.27    1469.74  0.000e+00
       2509     23.500     6.4142     6.2704    -0.1438    3.11328    3.03958          1     6.1086     6.0902       9.95     0.0293  4.924e-11  1.000e-12  2.031e+00    30.9781    30.2958    -0.6822    24.3261    23.8057     23.283     23.487      0.263    1471.70    1470.27  0.000e+00
       2555     24.000     6.5883     6.3252    -0.2631    3.19165    3.05972          1     6.0897     6.0720       9.95     0.0294  4.924e-11  1.000e-12  2.031e+00    31.6796    30.4684    -1.2111    24.8571    23.9351     23.778     23.984      0.258    1473.28    1470.72  0.000e+00
       2603     24.500     6.7413     6.4187    -0.3225    3.23859    3.10123          1     6.0611     6.0191       9.95     0.0295  4.924e-11  1.000e-12  2.031e+00    32.0526    30.8408    -1.2118    25.1315    24.2173     24.273     24.481      0.250    1474.36    1471.57  0.000e+00
       2649     25.000     6.8211     6.5070    -0.3141    3.25985    3.14541          1     6.0061     5.9921       9.95     0.0300  4.924e-11  1.000e-12  2.031e+00    32.2106    31.2461    -0.9645    25.2456    24.5258     24.769     24.977      0.255    1474.88    1472.43  0.000e+00
       2697     25.500     6.8661     6.6018    -0.2642    3.27004    3.17616          1     5.9944     5.9756       9.95     0.0303  4.924e-11  1.000e-12  2.031e+00    32.2796    31.4964    -0.7832    25.2941    24.7112     25.264     25.474      0.250    1475.15    1473.13  0.000e+00
       2747     26.000     6.9310     6.7420    -0.1891    3.29920    3.22675          1     5.9613     5.9699       9.95     0.0302  4.924e-11  1.000e-12  2.031e+00    32.5371    31.9214    -0.6158    25.4883    25.0281     25.759     25.971      0.238    1475.73    1474.22  0.000e+00
       2794     26.500     6.9574     6.8221    -0.1352    3.32156    3.25567          1     5.9531     5.9604       9.95     0.0313  4.924e-11  1.000e-12  2.031e+00    32.7563    32.1631    -0.5933    25.6574    25.2080     26.255     26.467      0.267    1476.12    1474.85  0.000e+00
       2843     27.000     6.9430     6.8763    -0.0667    3.32468    3.28131          1     5.8824     5.9670       9.95     0.0318  4.924e-11  1.000e-12  2.031e+00    32.8040    32.3926    -0.4114    25.6968    25.3817     26.750     26.964      0.233    1476.13    1475.36  0.000e+00
       2890     27.500     6.9374     6.9200    -0.0174    3.32680    3.30692          1     5.8774     5.9751       9.95     0.0322  4.924e-11  1.000e-12  2.031e+00    32.8323    32.6313    -0.2010    25.7199    25.5639     27.245     27.460      0.274    1476.15    1475.83  0.000e+00
       2938     28.000     6.9471     6.9313    -0.0158    3.32979    3.31635          1     5.9080     5.9763       9.95     0.0321  4.924e-11  1.000e-12  2.031e+00    32.8555    32.7235    -0.1320    25.7368    25.6350     27.741     27.957      0.238    1476.23    1476.00  0.000e+00
       2985     28.500     6.9403     6.9340    -0.0063    3.33011    3.32367          1     5.9141     5.9716       9.95     0.0318  4.924e-11  1.000e-12  2.031e+00    32.8652    32.8008    -0.0644    25.7454    25.6955     28.236     28.453      0.265    1476.22    1476.12  0.000e+00
       3032     29.000     6.8981     6.9354     0.0373    3.32878    3.32647          1     5.8617     5.9750       9.95     0.0317  4.924e-11  1.000e-12  2.031e+00    32.8909    32.8299    -0.0610    25.7712    25.7182     28.731     28.950      0.255    1476.10    1476.17  0.000e+00
