ctdpy/tests/etc/all_smhi_bas_2018/SBE09_1044_20180203_1749_34_02_0053.cnv
* Sea-Bird SBE 9 Data File:
* FileName = C:\ctd\temp\2018\ME18D053.hex
* Software Version Seasave V 7.26.6.26
* Temperature SN = 5351
* Conductivity SN = 3941
* Number of Bytes Per Scan = 41
* Number of Voltage Words = 4
* Number of Scans Averaged by the Deck Unit = 1
* NMEA Latitude = 58 20.36 N
* NMEA Longitude = 011 01.64 E
* NMEA UTC (Time) = Feb 03 2018  17:49:21
* NMEA baud rate = 4800
** Station:  A13
** Operator:  SSip
** Ship: MERI
** Average sound velocity: 1471.69 m/s
** True-depth calculation Sat, 03 Feb 2018 18:55:37 +0000
** CTD Python Module SMHI /ver 3-12/ feb 2012 
** LIMS Job: 20183402-0053
** Cruise: SMHI-01-2018
** Latitude [GG MM.mm N] :
** Longitude [GG MM.mm E]:
# nquan = 26
# nvalues = 200                         
# units = specified
# name 0 = scan: Scan Count
# name 1 = prDM: Pressure, Digiquartz [db]
# name 2 = t090C: Temperature [ITS-90, deg C]
# name 3 = t190C: Temperature, 2 [ITS-90, deg C]
# name 4 = T2-T190C: Temperature Difference, 2 - 1 [ITS-90, deg C]
# name 5 = c0S/m: Conductivity [S/m]
# name 6 = c1S/m: Conductivity, 2 [S/m]
# name 7 = pumps: Pump Status
# name 8 = sbeox0ML/L: Oxygen, SBE 43 [ml/l]
# name 9 = sbeox1ML/L: Oxygen, SBE 43, 2 [ml/l]
# name 10 = altM: Altimeter [m]
# name 11 = flECO-AFL: Chl-a Fluorescence, WET Labs ECO-AFL/FL [mg/m^3]
# name 12 = flECO-AFL1: Phycocyanin Fluorescence, WET Labs ECO-AFL/FL, 2 [mg/m^3]
# name 13 = par: PAR/Irradiance, Biospherical/Lico [µE/(cm^2*s)]
# name 14 = turbWETntu0: Turbidity, WET Labs ECO [NTU]
# name 15 = sal00: Salinity, Practical [PSU]
# name 16 = sal11: Salinity, Practical, 2 [PSU]
# name 17 = secS-priS: Salinity, Practical, Difference, 2 - 1 [PSU]
# name 18 = sigma-t00: Density [sigma-t, Kg/m^3 ]
# name 19 = sigma-t11: Density, 2 [sigma-t, Kg/m^3 ]
# name 20 = depSM: Depth [salt water, m], lat = 58.3393
# name 21 = depFM: Depth [true depth, m], lat = 58.3393
# name 22 = dz/dtM: Descent Rate [m/s], WS = 2
# name 23 = svCM: Sound Velocity [Chen-Millero, m/s]
# name 24 = svCM1: Sound Velocity, 2 [Chen-Millero, m/s]
# name 25 = flag: flag
# span 0 =       5798,      10073       
# span 1 =      1.000,    100.500       
# span 2 =     3.1385,     6.1533       
# span 3 =     3.1389,     6.1535       
# span 4 =    -0.0631,     0.3353       
# span 5 =   2.523437,   3.367913       
# span 6 =   2.523598,   3.368042       
# span 7 =          1,          1       
# span 8 =    6.54347,    7.41887       
# span 9 =    6.53861,    7.46594       
# span 10 =       1.36,      99.93      
# span 11 =     0.3360,     0.9333      
# span 12 =     0.3013,     0.4830      
# span 13 = 9.9847e-13, 6.7839e-01      
# span 14 =     0.5865,     2.4834      
# span 15 =    27.1362,    34.1701      
# span 16 =    27.1369,    34.1712      
# span 17 =    -0.1380,     0.7737      
# span 18 =    21.6039,    26.8965      
# span 19 =    21.6042,    26.8973      
# span 20 =      0.990,     99.542      
# span 21 =      0.997,     99.764      
# span 22 =     -0.170,      1.058      
# span 23 =    1452.84,    1475.35      
# span 24 =    1452.84,    1475.36      
# span 25 = 0.0000e+00, 0.0000e+00      
# interval = decibars: 0.5              
# start_time = Feb 03 2018 17:49:22 [NMEA time, first data scan]
# bad_flag = -9.990e-29
*END*
[from data line 56]
       6927     29.000     6.1524     6.1522    -0.0002    3.30419    3.30429          1     6.6076     6.5988      98.67     0.3486     0.3447  1.000e-12  0.7446000    33.3417    33.3430     0.0013    26.2233    26.2243     28.728     28.835      0.739    1473.73    1473.73  0.000e+00
       6942     29.500     6.1533     6.1535     0.0002    3.30460    3.30471          1     6.5960     6.5789      98.67     0.3360     0.3474  1.000e-12  0.8129000    33.3451    33.3462     0.0010    26.2259    26.2267     29.224     29.332      0.854    1473.75    1473.75  0.000e+00
       6955     30.000     6.1082     6.1099     0.0016    3.30442    3.30460          1     6.6049     6.5780      98.66     0.3401     0.3583  1.000e-12  0.8225000    33.3873    33.3875     0.0003    26.2648    26.2648     29.719     29.828      0.864    1473.63    1473.64  0.000e+00
       6969     30.500     6.0109     6.0112     0.0004    3.29992    3.30001          1     6.6249     6.5948      83.15     0.3516     0.3616  1.000e-12  0.8601000    33.4324    33.4331     0.0007    26.3126    26.3131     30.214     30.324      0.763    1473.31    1473.31  0.000e+00
       6988     31.000     5.9433     5.9446     0.0012    3.29597    3.29610          1     6.6338     6.6222      73.31     0.3508     0.3591  1.000e-12  0.9393000    33.4546    33.4548     0.0002    26.3386    26.3386     30.710     30.820      0.560    1473.07    1473.08  0.000e+00
       7015     31.500     5.9213     5.9235     0.0022    3.29478    3.29499          1     6.6385     6.6343      92.76     0.3501     0.3249  1.000e-12  0.9997000    33.4627    33.4628     0.0001    26.3477    26.3475     31.205     31.316      0.408    1473.00    1473.01  0.000e+00
       7044     32.000     5.9082     5.9087     0.0005    3.29416    3.29428          1     6.6568     6.6396      98.84     0.3612     0.3638  1.000e-12  1.0251000    33.4684    33.4693     0.0009    26.3538    26.3545     31.700     31.813      0.479    1472.97    1472.97  0.000e+00
       7066     32.500     5.8935     5.8929    -0.0006    3.29353    3.29365          1     6.6544     6.6429      98.67     0.3636     0.3312  1.000e-12  1.0976000    33.4757    33.4775     0.0019    26.3614    26.3629     32.195     32.309      0.609    1472.93    1472.93  0.000e+00
       7084     33.000     5.8857     5.8741    -0.0115    3.29317    3.29282          1     6.6335     6.6330      74.05     0.3743     0.3518  1.000e-12  1.1450000    33.4790    33.4867     0.0077    26.3649    26.3725     32.691     32.805      0.722    1472.91    1472.87  0.000e+00
       7100     33.500     5.8578     5.8553    -0.0025    3.29210    3.29211          1     6.6301     6.6326      70.76     0.3977     0.3622  1.000e-12  1.1924000    33.4943    33.4970     0.0027    26.3805    26.3829     33.186     33.301      0.781    1472.83    1472.82  0.000e+00
       7114     34.000     5.8304     5.8335     0.0031    3.29093    3.29123          1     6.6491     6.6461      80.78     0.3821     0.3605  1.000e-12  1.1957000    33.5081    33.5084     0.0003    26.3948    26.3946     33.681     33.797      0.773    1472.74    1472.75  0.000e+00
       7130     34.500     5.8037     5.8049     0.0012    3.29124    3.29125          1     6.6668     6.6563      98.06     0.3741     0.3769  1.000e-12  1.2213000    33.5378    33.5369    -0.0010    26.4215    26.4206     34.176     34.293      0.678    1472.68    1472.68  0.000e+00
       7152     35.000     5.8222     5.8150    -0.0072    3.29463    3.29369          1     6.6710     6.6509      98.64     0.3721     0.4023  1.000e-12  1.3578000    33.5575    33.5541    -0.0034    26.4348    26.4330     34.672     34.790      0.487    1472.79    1472.75  0.000e+00
       7183     35.500     5.8588     5.8537    -0.0051    3.29987    3.29922          1     6.6507     6.6358      78.09     0.3735     0.3717  1.000e-12  1.2488000    33.5801    33.5779    -0.0022    26.4482    26.4470     35.167     35.286      0.373    1472.97    1472.95  0.000e+00
       7212     36.000     5.8776     5.8751    -0.0026    3.30249    3.30229          1     6.6342     6.6221      80.89     0.3776     0.3516  1.000e-12  1.2343000    33.5907    33.5909     0.0002    26.4542    26.4547     35.662     35.782      0.547    1473.07    1473.06  0.000e+00
       7230     36.500     5.8889     5.8893     0.0004    3.30433    3.30452          1     6.6300     6.6270      77.36     0.3842     0.3653  1.000e-12  1.2687000    33.6000    33.6017     0.0017    26.4602    26.4615     36.158     36.278      0.733    1473.13    1473.13  0.000e+00
       7245     37.000     5.8892     5.8891    -0.0001    3.30463    3.30479          1     6.6353     6.6325      67.16     0.3868     0.4047  1.000e-12  1.3046000    33.6028    33.6047     0.0019    26.4624    26.4639     36.653     36.774      0.833    1473.14    1473.15  0.000e+00
       7259     37.500     5.8893     5.8891    -0.0002    3.30485    3.30490          1     6.6403     6.6378      66.81     0.3832     0.4028  1.000e-12  1.3072000    33.6049    33.6057     0.0008    26.4640    26.4646     37.148     37.270      0.844    1473.15    1473.15  0.000e+00
       7273     38.000     5.8904     5.8901    -0.0003    3.30541    3.30547          1     6.6408     6.6376      66.27     0.3728     0.3939  1.000e-12  1.2845000    33.6099    33.6109     0.0010    26.4679    26.4687     37.643     37.766      0.756    1473.17    1473.17  0.000e+00
       7291     38.500     5.8906     5.8907     0.0001    3.30701    3.30716          1     6.6393     6.6317      65.62     0.3892     0.4005  1.000e-12  1.2945000    33.6275    33.6291     0.0016    26.4817    26.4829     38.139     38.263      0.560    1473.21    1473.21  0.000e+00
       7321     39.000     5.8868     5.8874     0.0006    3.30882    3.30891          1     6.6391     6.6191      65.77     0.3760     0.3794  1.000e-12  1.2617000    33.6514    33.6519     0.0005    26.5011    26.5014     38.634     38.759      0.366    1473.23    1473.23  0.000e+00
       7353     39.500     5.8815     5.8845     0.0029    3.30952    3.30932          1     6.6163     6.5918      66.71     0.3813     0.4004  1.000e-12  1.3029000    33.6643    33.6592    -0.0051    26.5119    26.5075     39.129     39.255      0.477    1473.23    1473.24  0.000e+00
       7374     40.000     5.8716     5.8738     0.0022    3.31090    3.31078          1     6.6212     6.6072      64.87     0.3749     0.3979  1.000e-12  1.3507000    33.6896    33.6860    -0.0036    26.5331    26.5300     39.624     39.751      0.665    1473.23    1473.24  0.000e+00
       7390     40.500     5.8587     5.8574    -0.0014    3.31197    3.31245          1     6.6282     6.6180      63.96     0.3670     0.3908  1.000e-12  1.3770000    33.7143    33.7210     0.0067    26.5542    26.5597     40.120     40.247      0.751    1473.22    1473.22  0.000e+00
       7405     41.000     5.8548     5.8555     0.0006    3.31329    3.31365          1     6.6173     6.6109      63.51     0.3513     0.3924  1.000e-12  1.4135000    33.7329    33.7362     0.0033    26.5694    26.5720     40.615     40.743      0.739    1473.24    1473.24  0.000e+00
       7422     41.500     5.8729     5.8745     0.0017    3.31829    3.31866          1     6.5993     6.5970      77.52     0.3671     0.3722  1.000e-12  1.4377000    33.7710    33.7735     0.0025    26.5973    26.5991     41.110     41.239      0.646    1473.36    1473.38  0.000e+00
       7443     42.000     5.8418     5.8407    -0.0011    3.31654    3.31656          1     6.6068     6.5998      72.74     0.3727     0.3743  1.000e-12  1.4806000    33.7820    33.7833     0.0013    26.6099    26.6110     41.605     41.735      0.538    1473.26    1473.26  0.000e+00
       7467     42.500     5.8052     5.8079     0.0027    3.31342    3.31380          1     6.6333     6.6134      64.78     0.3783     0.3969  1.000e-12  1.5462000    33.7832    33.7847     0.0015    26.6153    26.6162     42.101     42.231      0.502    1473.13    1473.14  0.000e+00
       7491     43.000     5.7953     5.7949    -0.0004    3.31256    3.31263          1     6.6278     6.6182      60.13     0.3962     0.4013  1.000e-12  1.6059000    33.7831    33.7843     0.0012    26.6164    26.6174     42.596     42.727      0.511    1473.10    1473.10  0.000e+00
       7514     43.500     5.7898     5.7895    -0.0002    3.31210    3.31221          1     6.6210     6.6190      59.74     0.4143     0.3937  1.000e-12  1.6200000    33.7832    33.7846     0.0014    26.6172    26.6183     43.091     43.224      0.534    1473.08    1473.08  0.000e+00
       7536     44.000     5.7853     5.7884     0.0030    3.31173    3.31213          1     6.6315     6.6280      59.22     0.3965     0.4050  1.000e-12  1.5768000    33.7832    33.7846     0.0014    26.6178    26.6185     43.586     43.720      0.576    1473.07    1473.08  0.000e+00
       7556     44.500     5.7749     5.7728    -0.0021    3.31080    3.31075          1     6.6323     6.6267      58.57     0.3729     0.3636  1.000e-12  1.5288000    33.7828    33.7844     0.0016    26.6187    26.6202     44.082     44.216      0.606    1473.04    1473.03  0.000e+00
       7575     45.000     5.7700     5.7694    -0.0006    3.31037    3.31045          1     6.6286     6.6211      58.14     0.3909     0.3593  1.000e-12  1.5475000    33.7826    33.7841     0.0015    26.6192    26.6205     44.577     44.712      0.596    1473.03    1473.03  0.000e+00
       7596     45.500     5.7584     5.7627     0.0044    3.30953    3.30993          1     6.6348     6.6243      56.55     0.4154     0.3904  1.000e-12  1.5693000    33.7845    33.7846     0.0001    26.6221    26.6216     45.072     45.208      0.561    1472.99    1473.01  0.000e+00
       7618     46.000     5.7568     5.7582     0.0013    3.31141    3.31141          1     6.6427     6.6312      55.05     0.4151     0.4495  1.000e-12  1.6097000    33.8071    33.8058    -0.0013    26.6402    26.6389     45.567     45.704      0.548    1473.02    1473.02  0.000e+00
       7640     46.500     5.7655     5.7657     0.0002    3.31523    3.31536          1     6.6346     6.6311      55.23     0.3866     0.3371  1.000e-12  1.6672000    33.8413    33.8426     0.0013    26.6661    26.6671     46.063     46.200      0.562    1473.11    1473.11  0.000e+00
       7661     47.000     5.7645     5.7645     0.0001    3.31543    3.31555          1     6.6362     6.6307      56.13     0.4082     0.3332  1.000e-12  1.7396000    33.8444    33.8457     0.0013    26.6687    26.6697     46.558     46.696      0.546    1473.12    1473.12  0.000e+00
       7684     47.500     5.7644     5.7645     0.0001    3.31550    3.31562          1     6.6412     6.6375      56.18     0.3858     0.3506  1.000e-12  1.6877000    33.8450    33.8463     0.0013    26.6692    26.6702     47.053     47.192      0.492    1473.12    1473.13  0.000e+00
       7710     48.000     5.7640     5.7642     0.0002    3.31555    3.31569          1     6.6374     6.6328      55.53     0.3976     0.3778  1.000e-12  1.7308000    33.8457    33.8471     0.0015    26.6698    26.6709     47.548     47.688      0.450    1473.13    1473.13  0.000e+00
       7737     48.500     5.7639     5.7641     0.0002    3.31564    3.31575          1     6.6311     6.6218      54.92     0.3735     0.3571  1.000e-12  1.7446000    33.8466    33.8477     0.0011    26.6705    26.6714     48.044     48.184      0.486    1473.14    1473.14  0.000e+00
       7760     49.000     5.7640     5.7640     0.0001    3.31566    3.31579          1     6.6371     6.6236      53.76     0.3724     0.3297  1.000e-12  1.7696000    33.8465    33.8479     0.0014    26.6704    26.6715     48.539     48.680      0.556    1473.15    1473.15  0.000e+00
       7780     49.500     5.7641     5.7639    -0.0001    3.31577    3.31590          1     6.6417     6.6194      53.44     0.3825     0.3331  1.000e-12  1.6903000    33.8474    33.8490     0.0016    26.6711    26.6724     49.034     49.176      0.622    1473.16    1473.16  0.000e+00
       7798     50.000     5.7650     5.7648    -0.0002    3.31625    3.31633          1     6.6451     6.6208      53.51     0.3838     0.3454  1.000e-12  1.6944000    33.8517    33.8527     0.0011    26.6744    26.6753     49.529     49.672      0.680    1473.18    1473.18  0.000e+00
       7815     50.500     5.7656     5.7656     0.0000    3.31675    3.31686          1     6.6456     6.6232      52.97     0.3824     0.3774  1.000e-12  1.7395000    33.8565    33.8577     0.0012    26.6781    26.6791     50.024     50.168      0.713    1473.19    1473.19  0.000e+00
       7832     51.000     5.7646     5.7646    -0.0001    3.31674    3.31686          1     6.6384     6.6260      52.72     0.3975     0.3954  1.000e-12  1.8977000    33.8571    33.8585     0.0013    26.6788    26.6798     50.520     50.664      0.696    1473.20    1473.20  0.000e+00
       7850     51.500     5.7633     5.7634     0.0001    3.31670    3.31682          1     6.6350     6.6309      52.12     0.3917     0.4222  1.000e-12  1.8236000    33.8576    33.8589     0.0013    26.6793    26.6803     51.015     51.160      0.607    1473.20    1473.20  0.000e+00
       7873     52.000     5.7624     5.7626     0.0002    3.31671    3.31682          1     6.6382     6.6384      51.63     0.3932     0.3620  1.000e-12  1.7360000    33.8584    33.8594     0.0010    26.6800    26.6808     51.510     51.656      0.472    1473.21    1473.21  0.000e+00
       7902     52.500     5.7635     5.7627    -0.0008    3.31713    3.31697          1     6.6357     6.6430      50.99     0.4077     0.3847  1.000e-12  1.8398000    33.8618    33.8608    -0.0010    26.6826    26.6819     52.005     52.152      0.409    1473.22    1473.22  0.000e+00
       7930     53.000     5.7659     5.7662     0.0004    3.31780    3.31794          1     6.6339     6.6398      49.82     0.4022     0.3908  1.000e-12  1.8198000    33.8667    33.8680     0.0013    26.6862    26.6872     52.501     52.648      0.452    1473.25    1473.25  0.000e+00
       7955     53.500     5.7718     5.7729     0.0012    3.31908    3.31947          1     6.6299     6.6351      49.23     0.4033     0.4083  1.000e-12  1.7974000    33.8752    33.8784     0.0032    26.6921    26.6945     52.996     53.144      0.592    1473.29    1473.30  0.000e+00
       7972     54.000     5.7790     5.7780    -0.0010    3.32066    3.32055          1     6.6344     6.6325      48.35     0.4068     0.3959  1.000e-12  1.8124000    33.8854    33.8853    -0.0002    26.6994    26.6994     53.491     53.640      0.755    1473.34    1473.34  0.000e+00
       7987     54.500     5.7812     5.7810    -0.0002    3.32122    3.32125          1     6.6433     6.6297      47.20     0.3827     0.3933  1.000e-12  1.8553000    33.8894    33.8899     0.0005    26.7023    26.7027     53.986     54.136      0.865    1473.36    1473.36  0.000e+00
       8000     55.000     5.7864     5.7851    -0.0013    3.32270    3.32244          1     6.6488     6.6293      47.30     0.3898     0.3316  1.000e-12  1.8475000    33.9006    33.8990    -0.0016    26.7104    26.7093     54.482     54.632      0.886    1473.40    1473.40  0.000e+00
       8013     55.500     5.7885     5.7882    -0.0003    3.32318    3.32323          1     6.6481     6.6216      46.73     0.4177     0.3173  1.000e-12  1.7793000    33.9038    33.9046     0.0008    26.7127    26.7134     54.977     55.128      0.788    1473.43    1473.43  0.000e+00
       8032     56.000     5.7884     5.7888     0.0005    3.32317    3.32340          1     6.6453     6.6165      47.11     0.4073     0.3559  1.000e-12  1.8648000    33.9034    33.9057     0.0022    26.7124    26.7141     55.472     55.624      0.520    1473.43    1473.44  0.000e+00
