ctdpy/tests/etc/all_smhi_bas_2018/SBE09_1044_20181017_1836_34_01_0103.cnv
* Sea-Bird SBE 9 Data File:
* FileName = C:\LUOTAUS\DATA_IN\hex_in\SMHI\ar18d103.hex
* Software Version Seasave V 7.23.2
* Temperature SN = 5351
* Conductivity SN = 3941
* Number of Bytes Per Scan = 30
* Number of Voltage Words = 4
* Number of Scans Averaged by the Deck Unit = 1
* NMEA baud rate = 4800
** Station:  Fladen
** Operator:  OBac
** Ship: ARANDA
** Average sound velocity: 1498.74 m/s
** True-depth calculation Wed, 17 Oct 2018 19:12:25 +0000
** CTD Python Module SMHI /ver 3-12/ feb 2012 
** LIMS Job: 20183401-0103
** Cruise: SMHI-4-2018
** Latitude [GG MM.mm N]: 57 11.569 N
** Longitude [GG MM.mm E] 11 39.487 E
# nquan = 26
# nvalues = 158                         
# units = specified
# name 0 = scan: Scan Count
# name 1 = prDM: Pressure, Digiquartz [db]
# name 2 = t090C: Temperature [ITS-90, deg C]
# name 3 = t190C: Temperature, 2 [ITS-90, deg C]
# name 4 = T2-T190C: Temperature Difference, 2 - 1 [ITS-90, deg C]
# name 5 = c0S/m: Conductivity [S/m]
# name 6 = c1S/m: Conductivity, 2 [S/m]
# name 7 = pumps: Pump Status
# name 8 = sbeox0ML/L: Oxygen, SBE 43 [ml/l]
# name 9 = sbeox1ML/L: Oxygen, SBE 43, 2 [ml/l]
# name 10 = altM: Altimeter [m]
# name 11 = flECO-AFL: Chl-a Fluorescence, WET Labs ECO-AFL/FL [mg/m^3]
# name 12 = flECO-AFL1: Phycocyanin Fluorescence, WET Labs ECO-AFL/FL, 2 [mg/m^3]
# name 13 = par: PAR/Irradiance, Biospherical/Lico [µE/(cm^2*s)]
# name 14 = turbWETntu0: Turbidity, WET Labs ECO [NTU]
# name 15 = sal00: Salinity, Practical [PSU]
# name 16 = sal11: Salinity, Practical, 2 [PSU]
# name 17 = secS-priS: Salinity, Practical, Difference, 2 - 1 [PSU]
# name 18 = sigma-t00: Density [sigma-t, Kg/m^3 ]
# name 19 = sigma-t11: Density, 2 [sigma-t, Kg/m^3 ]
# name 20 = depSM: Depth [salt water, m], lat = 0
# name 21 = depFM: Depth [true depth, m], lat = 0
# name 22 = dz/dtM: Descent Rate [m/s], WS = 2
# name 23 = svCM: Sound Velocity [Chen-Millero, m/s]
# name 24 = svCM1: Sound Velocity, 2 [Chen-Millero, m/s]
# name 25 = flag: flag
# span 0 =      16142,      19536       
# span 1 =      1.500,     80.000       
# span 2 =    13.1343,    13.8942       
# span 3 =    13.1369,    13.8955       
# span 4 =    -0.0012,     0.0115       
# span 5 =   3.177375,   4.006128       
# span 6 =   3.180055,   4.006208       
# span 7 =          1,          1       
# span 8 =    4.05819,    6.19365       
# span 9 =    3.86917,    5.87139       
# span 10 =       3.94,      98.67      
# span 11 =     0.1318,     1.6315      
# span 12 =     0.1679,     0.3609      
# span 13 = 1.0000e-12, 1.0000e-12      
# span 14 =     0.2077,     4.9216      
# span 15 =    26.2664,    33.7329      
# span 16 =    26.2903,    33.7316      
# span 17 =    -0.0254,     0.0561      
# span 18 =    19.6048,    25.3317      
# span 19 =    19.6231,    25.3303      
# span 20 =      1.492,     79.544      
# span 21 =      1.498,     79.592      
# span 22 =     -0.005,      0.622      
# span 23 =    1490.56,    1501.34      
# span 24 =    1490.59,    1501.35      
# span 25 = 0.0000e+00, 0.0000e+00      
# interval = decibars: 0.5              
# start_time = Oct 17 2018 18:36:06 [System UTC, header]
# bad_flag = -9.990e-29
*END*
      16142      1.500    13.1822    13.1855     0.0033    3.23215    3.22963          1     6.1525     5.8379      79.34     1.3981     0.2983  1.000e-12  0.2462000    26.7680    26.7426    -0.0254    19.9918    19.9716      1.492      1.498      0.256    1491.11    1491.09  0.000e+00
      16175      2.000    13.1822    13.1837     0.0015    3.23352    3.23397          1     6.1556     5.8398      43.78     1.4300     0.3153  1.000e-12  0.2755000    26.7805    26.7835     0.0030    20.0014    20.0035      1.989      1.997      0.376    1491.13    1491.14  0.000e+00
      16207      2.500    13.1814    13.1830     0.0016    3.22765    3.23175          1     6.1700     5.8442      91.70     1.4726     0.3442  1.000e-12  0.2691000    26.7271    26.7634     0.0364    19.9604    19.9881      2.486      2.496      0.373    1491.07    1491.12  0.000e+00
      16239      3.000    13.1778    13.1789     0.0011    3.20199    3.20062          1     6.1802     5.8714      97.49     1.4555     0.3104  1.000e-12  0.2620000    26.4946    26.4814    -0.0133    19.7816    19.7712      2.983      2.996      0.410    1490.79    1490.78  0.000e+00
      16265      3.500    13.1766    13.1785     0.0020    3.19615    3.20091          1     6.1904     5.8643      97.43     1.4265     0.3231  1.000e-12  0.2633000    26.4420    26.4841     0.0421    19.7412    19.7734      3.481      3.495      0.510    1490.73    1490.79  0.000e+00
      16287      4.000    13.1795    13.1808     0.0014    3.20083    3.20531          1     6.1936     5.8535      62.11     1.4207     0.3096  1.000e-12  0.2902000    26.4826    26.5226     0.0399    19.7721    19.8026      3.978      3.995      0.519    1490.80    1490.85  0.000e+00
      16312      4.500    13.1817    13.1826     0.0008    3.17738    3.18005          1     6.1816     5.8450      95.87     1.3817     0.3229  1.000e-12  0.3231000    26.2664    26.2903     0.0239    19.6048    19.6231      4.475      4.494      0.483    1490.56    1490.59  0.000e+00
      16336      5.000    13.1707    13.1715     0.0008    3.20794    3.21048          1     6.1596     5.8346      97.43     1.3558     0.3100  1.000e-12  0.3195000    26.5533    26.5760     0.0227    19.8282    19.8456      4.972      4.993      0.505    1490.87    1490.90  0.000e+00
      16359      5.500    13.1656    13.1676     0.0020    3.23108    3.23212          1     6.1347     5.8240      97.45     1.3297     0.3086  1.000e-12  0.2976000    26.7685    26.7767     0.0082    19.9953    20.0012      5.470      5.493      0.539    1491.12    1491.13  0.000e+00
      16381      6.000    13.1826    13.1850     0.0024    3.24368    3.24449          1     6.1342     5.8175      62.80     1.2971     0.3192  1.000e-12  0.3002000    26.8719    26.8776     0.0057    20.0719    20.0759      5.967      5.992      0.534    1491.30    1491.32  0.000e+00
      16404      6.500    13.1908    13.1919     0.0012    3.25410    3.25540          1     6.1283     5.8083      38.95     1.3664     0.3077  1.000e-12  0.3346000    26.9614    26.9725     0.0111    20.1395    20.1478      6.464      6.491      0.521    1491.44    1491.46  0.000e+00
      16427      7.000    13.1919    13.1943     0.0024    3.27134    3.27292          1     6.1154     5.8046      84.34     1.5419     0.3206  1.000e-12  0.2857000    27.1185    27.1313     0.0128    20.2605    20.2699      6.961      6.990      0.541    1491.64    1491.66  0.000e+00
      16448      7.500    13.1835    13.1823    -0.0012    3.28106    3.28161          1     6.0992     5.7972      97.41     1.6315     0.3609  1.000e-12  0.2916000    27.2134    27.2194     0.0060    20.3353    20.3402      7.459      7.490      0.559    1491.73    1491.74  0.000e+00
      16470      8.000    13.1647    13.1656     0.0008    3.28464    3.28486          1     6.0910     5.7875      97.44     1.5669     0.3250  1.000e-12  0.2927000    27.2596    27.2609     0.0014    20.3745    20.3754      7.956      7.989      0.544    1491.73    1491.74  0.000e+00
      16493      8.500    13.1503    13.1501    -0.0002    3.28634    3.28661          1     6.0877     5.7773      77.93     1.4845     0.3243  1.000e-12  0.2954000    27.2853    27.2880     0.0027    20.3970    20.3992      8.453      8.488      0.539    1491.72    1491.72  0.000e+00
      16514      9.000    13.1427    13.1439     0.0012    3.28865    3.28898          1     6.0880     5.7728      31.51     1.4366     0.3243  1.000e-12  0.2954000    27.3118    27.3140     0.0022    20.4189    20.4204      8.950      8.987      0.559    1491.73    1491.74  0.000e+00
      16535      9.500    13.1431    13.1443     0.0012    3.29094    3.29126          1     6.0804     5.7645      70.99     1.4343     0.3243  1.000e-12  0.2869000    27.3324    27.3345     0.0021    20.4348    20.4362      9.448      9.486      0.568    1491.77    1491.77  0.000e+00
      16557     10.000    13.1421    13.1434     0.0014    3.29345    3.29380          1     6.0810     5.7527      97.86     1.4476     0.3236  1.000e-12  0.2748000    27.3561    27.3583     0.0022    20.4533    20.4547      9.945      9.985      0.552    1491.80    1491.81  0.000e+00
      16579     10.500    13.1434    13.1442     0.0008    3.29546    3.29580          1     6.0745     5.7392      97.44     1.4265     0.3243  1.000e-12  0.2924000    27.3734    27.3759     0.0026    20.4664    20.4682     10.442     10.484      0.548    1491.84    1491.84  0.000e+00
      16600     11.000    13.1343    13.1369     0.0026    3.29912    3.29973          1     6.0549     5.7260      97.45     1.4335     0.3243  1.000e-12  0.2903000    27.4135    27.4172     0.0037    20.4990    20.5014     10.939     10.983      0.565    1491.86    1491.87  0.000e+00
      16621     11.500    13.1431    13.1448     0.0017    3.30273    3.30333          1     6.0274     5.7013      28.26     1.4112     0.3106  1.000e-12  0.2922000    27.4401    27.4444     0.0043    20.5180    20.5209     11.437     11.482      0.569    1491.93    1491.94  0.000e+00
      16643     12.000    13.1534    13.1573     0.0039    3.31111    3.31255          1     5.9872     5.6656      98.44     1.3889     0.3292  1.000e-12  0.2916000    27.5096    27.5200     0.0104    20.5696    20.5769     11.934     11.981      0.556    1492.05    1492.08  0.000e+00
      16664     12.500    13.1729    13.1769     0.0041    3.32809    3.32971          1     5.9395     5.6309      97.44     1.3399     0.3317  1.000e-12  0.2855000    27.6514    27.6633     0.0119    20.6755    20.6839     12.431     12.480      0.558    1492.30    1492.32  0.000e+00
      16686     13.000    13.2084    13.2169     0.0085    3.35001    3.35345          1     5.8752     5.5888      97.45     1.2704     0.3313  1.000e-12  0.2804000    27.8269    27.8523     0.0254    20.8043    20.8222     12.928     12.979      0.563    1492.63    1492.69  0.000e+00
      16707     13.500    13.2810    13.2878     0.0069    3.38968    3.39229          1     5.8161     5.5422      97.44     1.2900     0.3521  1.000e-12  0.3107000    28.1383    28.1572     0.0190    21.0309    21.0442     13.425     13.478      0.556    1493.25    1493.30  0.000e+00
      16729     14.000    13.3180    13.3218     0.0038    3.41774    3.41882          1     5.7753     5.5029      97.44     1.1134     0.2805  1.000e-12  0.2639000    28.3688    28.3758     0.0071    21.2018    21.2065     13.923     13.977      0.542    1493.65    1493.68  0.000e+00
      16751     14.500    13.3284    13.3298     0.0014    3.42413    3.42420          1     5.7620     5.4716      97.44     1.0274     0.3174  1.000e-12  0.2412000    28.4196    28.4192    -0.0004    21.2390    21.2384     14.420     14.475      0.542    1493.76    1493.76  0.000e+00
      16773     15.000    13.3311    13.3330     0.0019    3.42766    3.42822          1     5.7585     5.4676      97.43     0.9879     0.2940  1.000e-12  0.2301000    28.4498    28.4536     0.0038    21.2619    21.2644     14.917     14.974      0.554    1493.81    1493.82  0.000e+00
      16795     15.500    13.3469    13.3546     0.0077    3.43962    3.44332          1     5.7397     5.4419      97.44     0.9275     0.2799  1.000e-12  0.2266000    28.5479    28.5762     0.0283    21.3345    21.3549     15.414     15.473      0.556    1493.99    1494.05  0.000e+00
      16817     16.000    13.4265    13.4335     0.0070    3.49841    3.50148          1     5.7129     5.4019      97.43     0.8635     0.2804  1.000e-12  0.2274000    29.0285    29.0515     0.0229    21.6902    21.7066     15.911     15.971      0.543    1494.83    1494.88  0.000e+00
      16839     16.500    13.4544    13.4575     0.0030    3.51847    3.51979          1     5.6962     5.3739      97.44     0.8027     0.2774  1.000e-12  0.2326000    29.1917    29.2015     0.0098    21.8108    21.8178     16.409     16.470      0.549    1495.12    1495.14  0.000e+00
      16860     17.000    13.4653    13.4675     0.0022    3.52754    3.52817          1     5.6587     5.3502      97.43     0.6993     0.2499  1.000e-12  0.2920000    29.2668    29.2709     0.0041    21.8667    21.8694     16.906     16.968      0.581    1495.25    1495.27  0.000e+00
      16880     17.500    13.4710    13.4722     0.0013    3.53177    3.53201          1     5.6471     5.3433      97.44     0.7010     0.2510  1.000e-12  0.2169000    29.3011    29.3023     0.0013    21.8920    21.8928     17.403     17.466      0.585    1495.32    1495.33  0.000e+00
      16901     18.000    13.4757    13.4777     0.0020    3.53624    3.53688          1     5.6475     5.3467      97.44     0.6828     0.2644  1.000e-12  0.2326000    29.3385    29.3428     0.0044    21.9200    21.9230     17.900     17.965      0.551    1495.39    1495.40  0.000e+00
      16924     18.500    13.4881    13.4911     0.0030    3.54725    3.54844          1     5.6176     5.3364      97.44     0.6844     0.2632  1.000e-12  0.2359000    29.4301    29.4387     0.0086    21.9883    21.9943     18.398     18.463      0.541    1495.55    1495.57  0.000e+00
      16945     19.000    13.5085    13.5104     0.0019    3.56333    3.56389          1     5.6047     5.3214      97.44     0.6705     0.2384  1.000e-12  0.2243000    29.5623    29.5659     0.0036    22.0864    22.0888     18.895     18.961      0.576    1495.78    1495.79  0.000e+00
      16966     19.500    13.5165    13.5175     0.0010    3.56884    3.56894          1     5.6070     5.3087      97.44     0.6314     0.2513  1.000e-12  0.2196000    29.6066    29.6067     0.0001    22.1190    22.1189     19.392     19.460      0.595    1495.87    1495.87  0.000e+00
      16986     20.000    13.5226    13.5248     0.0022    3.57430    3.57518          1     5.5999     5.2883      97.43     0.6521     0.2149  1.000e-12  0.2220000    29.6519    29.6584     0.0064    22.1528    22.1574     19.889     19.958      0.573    1495.95    1495.96  0.000e+00
      17007     20.500    13.5434    13.5469     0.0035    3.58946    3.59094          1     5.5553     5.2467      97.45     0.6117     0.2171  1.000e-12  0.2077000    29.7753    29.7861     0.0108    22.2440    22.2516     20.386     20.456      0.556    1496.17    1496.20  0.000e+00
      17029     21.000    13.5628    13.5656     0.0028    3.60146    3.60257          1     5.5196     5.2283      97.43     0.5662     0.2441  1.000e-12  0.2174000    29.8704    29.8784     0.0080    22.3136    22.3192     20.884     20.954      0.574    1496.36    1496.38  0.000e+00
      17049     21.500    13.5857    13.5872     0.0016    3.61484    3.61542          1     5.4687     5.1910      97.44     0.5268     0.2735  1.000e-12  0.2168000    29.9756    29.9797     0.0041    22.3903    22.3932     21.381     21.452      0.594    1496.56    1496.57  0.000e+00
      17069     22.000    13.6568    13.6684     0.0115    3.65548    3.66256          1     5.3814     5.1097      97.44     0.4936     0.2351  1.000e-12  0.2104000    30.2935    30.3495     0.0561    22.6217    22.6626     21.878     21.950      0.587    1497.18    1497.29  0.000e+00
      17090     22.500    13.7760    13.7835     0.0075    3.72782    3.73244          1     5.2683     5.0011      97.44     0.4509     0.2132  1.000e-12  0.2118000    30.8643    30.9008     0.0365    23.0386    23.0652     22.375     22.448      0.560    1498.25    1498.32  0.000e+00
      17112     23.000    13.8356    13.8386     0.0030    3.77740    3.78127          1     5.1669     4.8979      97.45     0.3113     0.2440  1.000e-12  0.2398000    31.2725    31.3058     0.0333    23.3417    23.3667     22.872     22.946      0.559    1498.94    1498.99  0.000e+00
      17133     23.500    13.8412    13.8415     0.0003    3.79923    3.79953          1     5.0813     4.8336      97.44     0.2689     0.2279  1.000e-12  0.2826000    31.4689    31.4714     0.0025    23.4922    23.4941     23.370     23.444      0.595    1499.20    1499.20  0.000e+00
      17153     24.000    13.8359    13.8367     0.0007    3.80352    3.80357          1     5.0394     4.8112      97.44     0.2611     0.1679  1.000e-12  0.3153000    31.5126    31.5125    -0.0001    23.5269    23.5267     23.867     23.941      0.613    1499.24    1499.24  0.000e+00
      17172     24.500    13.8355    13.8364     0.0010    3.80418    3.80428          1     5.0440     4.8105      97.45     0.2603     0.2619  1.000e-12  0.3338000    31.5189    31.5190     0.0000    23.5319    23.5317     24.364     24.439      0.580    1499.25    1499.26  0.000e+00
      17194     25.000    13.8391    13.8408     0.0017    3.80673    3.80723          1     5.0670     4.8101      96.51     0.2576     0.2091  1.000e-12  0.3358000    31.5392    31.5424     0.0032    23.5468    23.5489     24.861     24.936      0.543    1499.30    1499.31  0.000e+00
      17216     25.500    13.8453    13.8462     0.0009    3.81130    3.81169          1     5.0642     4.7996      54.99     0.2261     0.2118  1.000e-12  0.3404000    31.5761    31.5789     0.0028    23.5740    23.5761     25.358     25.434      0.569    1499.37    1499.38  0.000e+00
      17236     26.000    13.8424    13.8429     0.0006    3.81628    3.81635          1     5.0331     4.7837      88.35     0.2150     0.2254  1.000e-12  0.3341000    31.6242    31.6244     0.0002    23.6118    23.6118     25.856     25.931      0.619    1499.43    1499.43  0.000e+00
      17255     26.500    13.8343    13.8354     0.0010    3.81692    3.81697          1     5.0081     4.7667      97.56     0.2335     0.2365  1.000e-12  0.3452000    31.6365    31.6362    -0.0004    23.6229    23.6225     26.353     26.429      0.622    1499.42    1499.42  0.000e+00
      17275     27.000    13.8301    13.8311     0.0010    3.81887    3.81913          1     4.9965     4.7411      97.46     0.2468     0.1727  1.000e-12  0.3662000    31.6579    31.6594     0.0015    23.6403    23.6413     26.850     26.926      0.572    1499.44    1499.45  0.000e+00
      17297     27.500    13.8321    13.8333     0.0013    3.82236    3.82280          1     4.9744     4.7108      58.81     0.2382     0.2249  1.000e-12  0.3941000    31.6882    31.6912     0.0030    23.6633    23.6654     27.347     27.424      0.543    1499.49    1499.50  0.000e+00
      17319     28.000    13.8378    13.8388     0.0010    3.82770    3.82793          1     4.9640     4.6912      30.27     0.2411     0.2365  1.000e-12  0.3845000    31.7326    31.7339     0.0013    23.6964    23.6972     27.844     27.921      0.580    1499.57    1499.57  0.000e+00
      17339     28.500    13.8451    13.8464     0.0014    3.83393    3.83474          1     4.9416     4.6631      66.83     0.2116     0.2219  1.000e-12  0.3894000    31.7838    31.7902     0.0064    23.7345    23.7392     28.341     28.419      0.602    1499.66    1499.67  0.000e+00
