ctdpy/tests/etc/all_smhi_bas_2018/SBE09_1044_20181018_0134_34_01_0104.cnv
* Sea-Bird SBE 9 Data File:
* FileName = C:\LUOTAUS\DATA_IN\hex_in\SMHI\ar18d104.hex
* Software Version Seasave V 7.23.2
* Temperature SN = 5351
* Conductivity SN = 3941
* Number of Bytes Per Scan = 30
* Number of Voltage Words = 4
* Number of Scans Averaged by the Deck Unit = 1
* NMEA baud rate = 4800
** Station:  Å17
** Operator:  DBSj
** Ship: ARANDA
** Average sound velocity: 1487.15 m/s
** True-depth calculation Thu, 18 Oct 2018 03:27:05 +0000
** CTD Python Module SMHI /ver 3-12/ feb 2012 
** LIMS Job: 20183401-0104
** Cruise: SMHI-4-2018
** Latitude [GG MM.mm N]: 58 17.107 N
** Longitude [GG MM.mm E] 10 30.258 E
# nquan = 26
# nvalues = 694                         
# units = specified
# name 0 = scan: Scan Count
# name 1 = prDM: Pressure, Digiquartz [db]
# name 2 = t090C: Temperature [ITS-90, deg C]
# name 3 = t190C: Temperature, 2 [ITS-90, deg C]
# name 4 = T2-T190C: Temperature Difference, 2 - 1 [ITS-90, deg C]
# name 5 = c0S/m: Conductivity [S/m]
# name 6 = c1S/m: Conductivity, 2 [S/m]
# name 7 = pumps: Pump Status
# name 8 = sbeox0ML/L: Oxygen, SBE 43 [ml/l]
# name 9 = sbeox1ML/L: Oxygen, SBE 43, 2 [ml/l]
# name 10 = altM: Altimeter [m]
# name 11 = flECO-AFL: Chl-a Fluorescence, WET Labs ECO-AFL/FL [mg/m^3]
# name 12 = flECO-AFL1: Phycocyanin Fluorescence, WET Labs ECO-AFL/FL, 2 [mg/m^3]
# name 13 = par: PAR/Irradiance, Biospherical/Lico [µE/(cm^2*s)]
# name 14 = turbWETntu0: Turbidity, WET Labs ECO [NTU]
# name 15 = sal00: Salinity, Practical [PSU]
# name 16 = sal11: Salinity, Practical, 2 [PSU]
# name 17 = secS-priS: Salinity, Practical, Difference, 2 - 1 [PSU]
# name 18 = sigma-t00: Density [sigma-t, Kg/m^3 ]
# name 19 = sigma-t11: Density, 2 [sigma-t, Kg/m^3 ]
# name 20 = depSM: Depth [salt water, m], lat = 0
# name 21 = depFM: Depth [true depth, m], lat = 0
# name 22 = dz/dtM: Descent Rate [m/s], WS = 2
# name 23 = svCM: Sound Velocity [Chen-Millero, m/s]
# name 24 = svCM1: Sound Velocity, 2 [Chen-Millero, m/s]
# name 25 = flag: flag
# span 0 =      34817,      69608       
# span 1 =      1.500,    348.000       
# span 2 =     6.7014,    12.5909       
# span 3 =     6.7025,    12.5919       
# span 4 =    -0.0084,     0.0220       
# span 5 =   3.527814,   3.923935       
# span 6 =   3.527863,   3.924030       
# span 7 =          1,          1       
# span 8 =    5.17309,    5.89097       
# span 9 =    4.88816,    5.55965       
# span 10 =       3.58,     124.73      
# span 11 =     0.0161,     1.1200      
# span 12 =     0.1050,     0.3219      
# span 13 = -3.639e-05, 3.5119e-03      
# span 14 =     0.1591,     1.0269      
# span 15 =    33.1920,    35.1323      
# span 16 =    33.1927,    35.1314      
# span 17 =    -0.0047,     0.0194      
# span 18 =    25.0726,    27.5619      
# span 19 =    25.0728,    27.5609      
# span 20 =      1.492,    345.797      
# span 21 =      1.490,    345.104      
# span 22 =     -0.087,      0.822      
# span 23 =    1482.65,    1496.90      
# span 24 =    1482.65,    1496.90      
# span 25 = 0.0000e+00, 0.0000e+00      
# interval = decibars: 0.5              
# start_time = Oct 18 2018 01:34:43 [System UTC, header]
# bad_flag = -9.990e-29
*END*
[from data line 669]
      49503    336.000     6.7028     6.7044     0.0016    3.52798    3.52803          1     5.5154     5.2246      16.01     0.0443     0.2568  1.000e-12  0.7413000    35.1291    35.1281    -0.0010    27.5616    27.5606    333.883    333.210      0.616    1483.19    1483.19  0.000e+00
      49524    336.500     6.7020     6.7027     0.0007    3.52793    3.52790          1     5.5216     5.2278      15.47     0.0416     0.2814  1.000e-12  0.7604000    35.1291    35.1280    -0.0011    27.5618    27.5608    334.379    333.705      0.555    1483.19    1483.19  0.000e+00
      49547    337.000     6.7019     6.7039     0.0019    3.52795    3.52803          1     5.5248     5.2285      14.92     0.0492     0.2364  1.000e-12  0.7293000    35.1291    35.1281    -0.0011    27.5618    27.5607    334.876    334.201      0.532    1483.20    1483.21  0.000e+00
      49569    337.500     6.7023     6.7039     0.0016    3.52801    3.52805          1     5.5301     5.2284      14.26     0.0490     0.1924  1.000e-12  0.7342000    35.1292    35.1280    -0.0012    27.5618    27.5606    335.372    334.696      0.587    1483.21    1483.21  0.000e+00
      49588    338.000     6.7030     6.7039     0.0009    3.52809    3.52809          1     5.5307     5.2279      13.90     0.0397     0.2319  1.000e-12  0.7936000    35.1291    35.1281    -0.0010    27.5616    27.5607    335.868    335.192      0.633    1483.22    1483.22  0.000e+00
      49607    338.500     6.7024     6.7041     0.0018    3.52806    3.52812          1     5.5282     5.2289      13.47     0.0382     0.1814  1.000e-12  0.8016000    35.1291    35.1280    -0.0011    27.5617    27.5606    336.365    335.688      0.580    1483.23    1483.23  0.000e+00
      49631    339.000     6.7017     6.7035     0.0018    3.52803    3.52810          1     5.5252     5.2316      12.91     0.0387     0.1552  1.000e-12  0.7628000    35.1292    35.1281    -0.0011    27.5618    27.5608    336.861    336.183      0.452    1483.23    1483.24  0.000e+00
      49660    339.500     6.7018     6.7035     0.0018    3.52805    3.52812          1     5.5258     5.2392      12.34     0.0382     0.1947  1.000e-12  0.7660000    35.1292    35.1281    -0.0011    27.5619    27.5608    337.358    336.679      0.442    1483.24    1483.25  0.000e+00
      49684    340.000     6.7018     6.7036     0.0018    3.52808    3.52814          1     5.5263     5.2363      11.92     0.0424     0.2068  1.000e-12  0.8364000    35.1292    35.1280    -0.0012    27.5619    27.5607    337.854    337.174      0.566    1483.25    1483.25  0.000e+00
      49703    340.500     6.7017     6.7034     0.0018    3.52809    3.52815          1     5.5177     5.2341      11.49     0.0502     0.2089  1.000e-12  0.8598000    35.1292    35.1281    -0.0011    27.5618    27.5607    338.351    337.670      0.638    1483.26    1483.26  0.000e+00
      49721    341.000     6.7018     6.7035     0.0018    3.52812    3.52819          1     5.5176     5.2286      11.02     0.0480     0.2223  1.000e-12  0.8075000    35.1291    35.1281    -0.0010    27.5618    27.5608    338.847    338.166      0.651    1483.27    1483.27  0.000e+00
      49740    341.500     6.7017     6.7036     0.0019    3.52812    3.52821          1     5.5176     5.2250      10.53     0.0411     0.2125  1.000e-12  0.9991000    35.1290    35.1281    -0.0010    27.5617    27.5607    339.344    338.661      0.630    1483.27    1483.28  0.000e+00
      49760    342.000     6.7015     6.7032     0.0016    3.52814    3.52820          1     5.5132     5.2275      10.02     0.0448     0.2027  1.000e-12  1.0269000    35.1291    35.1281    -0.0010    27.5618    27.5608    339.840    339.157      0.600    1483.28    1483.29  0.000e+00
      49780    342.500     6.7016     6.7025     0.0010    3.52816    3.52816          1     5.5170     5.2297       9.51     0.0444     0.1913  1.000e-12  0.9277000    35.1291    35.1281    -0.0010    27.5618    27.5609    340.336    339.652      0.555    1483.29    1483.29  0.000e+00
      49803    343.000     6.7020     6.7036     0.0016    3.52823    3.52827          1     5.5226     5.2331       8.97     0.0278     0.1836  1.000e-12  0.7630000    35.1291    35.1280    -0.0011    27.5617    27.5606    340.833    340.148      0.489    1483.30    1483.30  0.000e+00
      49829    343.500     6.7016     6.7042     0.0026    3.52821    3.52834          1     5.5213     5.2261       8.43     0.0312     0.3219  1.000e-12  0.7915000    35.1291    35.1280    -0.0012    27.5618    27.5606    341.329    340.644      0.494    1483.30    1483.31  0.000e+00
      49851    344.000     6.7018     6.7033     0.0015    3.52824    3.52829          1     5.5115     5.2264       7.99     0.0484     0.2499  1.000e-12  0.8084000    35.1289    35.1280    -0.0009    27.5616    27.5607    341.826    341.139      0.592    1483.31    1483.32  0.000e+00
      49870    344.500     6.7016     6.7035     0.0020    3.52824    3.52833          1     5.5092     5.2294       7.55     0.0287     0.2327  1.000e-12  0.8745000    35.1289    35.1279    -0.0010    27.5617    27.5606    342.322    341.635      0.640    1483.32    1483.33  0.000e+00
      49889    345.000     6.7014     6.7030     0.0016    3.52826    3.52831          1     5.5151     5.2296       7.06     0.0344     0.2303  1.000e-12  0.8660000    35.1291    35.1280    -0.0010    27.5618    27.5608    342.819    342.130      0.555    1483.33    1483.33  0.000e+00
      49917    345.500     6.7028     6.7041     0.0013    3.52842    3.52844          1     5.5175     5.2243       6.43     0.0386     0.2306  1.000e-12  0.8312000    35.1292    35.1281    -0.0011    27.5617    27.5607    343.315    342.626      0.375    1483.34    1483.35  0.000e+00
      49951    346.000     6.7051     6.7066     0.0015    3.52863    3.52867          1     5.5181     5.2218       5.88     0.0388     0.2341  1.000e-12  0.7469000    35.1289    35.1279    -0.0011    27.5612    27.5601    343.811    343.122      0.411    1483.36    1483.36  0.000e+00
      49976    346.500     6.7046     6.7067     0.0022    3.52860    3.52870          1     5.5191     5.2268       5.47     0.0586     0.2324  1.000e-12  0.7883000    35.1289    35.1278    -0.0012    27.5613    27.5601    344.308    343.617      0.537    1483.37    1483.37  0.000e+00
      49997    347.000     6.7040     6.7048     0.0008    3.52858    3.52854          1     5.5219     5.2286       5.01     0.0245     0.2344  1.000e-12  0.8160000    35.1290    35.1278    -0.0012    27.5614    27.5603    344.804    344.113      0.527    1483.37    1483.37  0.000e+00
      55197    347.500     6.7043     6.7061     0.0017    3.52863    3.52869          1     5.5261     5.2299       4.40     0.0408     0.2315  1.000e-12  0.8059000    35.1289    35.1278    -0.0011    27.5613    27.5602    345.301    344.609      0.300    1483.38    1483.39  0.000e+00
      69608    348.000     6.7024     6.7049     0.0025    3.52845    3.52859          1     5.5227     5.2301       3.58     0.0483     0.1899  1.000e-12  0.8134000    35.1287    35.1277    -0.0010    27.5614    27.5603    345.797    345.104     -0.087    1483.38    1483.39  0.000e+00
