ctdpy/tests/etc/all_smhi_bas_2018/SBE09_1044_20181110_2055_34_01_0127.cnv
* Sea-Bird SBE 9 Data File:
* FileName = C:\ctd\temp\ar18d127.hex
* Software Version Seasave V 7.26.7.107
* Temperature SN = 5351
* Conductivity SN = 3941
* Number of Bytes Per Scan = 41
* Number of Voltage Words = 4
* Number of Scans Averaged by the Deck Unit = 1
* NMEA Latitude = 55 22.97 N
* NMEA Longitude = 015 20.00 E
* NMEA UTC (Time) = Nov 10 2018  20:55:21
* NMEA baud rate = 4800
** Station:  BY4
** Operator:  JKro
** Ship: ARANDA
** Average sound velocity: 1457.19 m/s
** True-depth calculation Sat, 10 Nov 2018 21:56:17 +0000
** CTD Python Module SMHI /ver 3-12/ feb 2012 
** LIMS Job: 20183401-0127
** Cruise: SMHI-6-2018
** Latitude [GG MM.mm N]:
** Longitude [GG MM.mm E]
# nquan = 26
# nvalues = 170                         
# units = specified
# name 0 = scan: Scan Count
# name 1 = prDM: Pressure, Digiquartz [db]
# name 2 = t090C: Temperature [ITS-90, deg C]
# name 3 = t190C: Temperature, 2 [ITS-90, deg C]
# name 4 = T2-T190C: Temperature Difference, 2 - 1 [ITS-90, deg C]
# name 5 = c0S/m: Conductivity [S/m]
# name 6 = c1S/m: Conductivity, 2 [S/m]
# name 7 = pumps: Pump Status
# name 8 = sbeox0ML/L: Oxygen, SBE 43 [ml/l]
# name 9 = sbeox1ML/L: Oxygen, SBE 43, 2 [ml/l]
# name 10 = altM: Altimeter [m]
# name 11 = flECO-AFL: Chl-a Fluorescence, WET Labs ECO-AFL/FL [mg/m^3]
# name 12 = flECO-AFL1: Phycocyanin Fluorescence, WET Labs ECO-AFL/FL, 2 [mg/m^3]
# name 13 = par: PAR/Irradiance, Biospherical/Lico [µE/(cm^2*s)]
# name 14 = turbWETntu0: Turbidity, WET Labs ECO [NTU]
# name 15 = sal00: Salinity, Practical [PSU]
# name 16 = sal11: Salinity, Practical, 2 [PSU]
# name 17 = secS-priS: Salinity, Practical, Difference, 2 - 1 [PSU]
# name 18 = sigma-t00: Density [sigma-t, Kg/m^3 ]
# name 19 = sigma-t11: Density, 2 [sigma-t, Kg/m^3 ]
# name 20 = depSM: Depth [salt water, m], lat = 55.3828
# name 21 = depFM: Depth [true depth, m], lat = 55.3828
# name 22 = dz/dtM: Descent Rate [m/s], WS = 2
# name 23 = svCM: Sound Velocity [Chen-Millero, m/s]
# name 24 = svCM1: Sound Velocity, 2 [Chen-Millero, m/s]
# name 25 = flag: flag
# span 0 =      17319,      22146       
# span 1 =      1.000,     85.500       
# span 2 =     6.9232,    11.5569       
# span 3 =     6.9297,    11.5553       
# span 4 =    -0.0350,     0.0396       
# span 5 =   0.890851,   2.069892       
# span 6 =   0.890815,   2.069787       
# span 7 =          1,          1       
# span 8 =    0.05182,    7.52604       
# span 9 =    0.13574,    7.19305       
# span 10 =       3.66,     114.17      
# span 11 =     0.2420,     1.9428      
# span 12 =     0.1540,     0.5149      
# span 13 = -1.823e-04, 5.6816e-01      
# span 14 =     0.2342,     1.7177      
# span 15 =     7.5385,    17.5107      
# span 16 =     7.5380,    17.5105      
# span 17 =    -0.0126,     0.0098      
# span 18 =     5.7536,    13.2389      
# span 19 =     5.7531,    13.2389      
# span 20 =      0.991,     84.709      
# span 21 =      1.013,     86.387      
# span 22 =      0.173,      0.667      
# span 23 =    1446.40,    1473.50      
# span 24 =    1446.43,    1473.54      
# span 25 = 0.0000e+00, 0.0000e+00      
# interval = decibars: 0.5              
# start_time = Nov 10 2018 20:55:22 [NMEA time, first data scan]
# bad_flag = -9.990e-29
*END*
[from data line 56]
      18978     29.000     7.7840     7.7884     0.0046    0.89630    0.89629          1     7.2834     6.9809      97.47     0.6623     0.2715  1.000e-12  0.3143000     7.6785     7.6775    -0.0010     5.9041     5.9030     28.736     29.366      0.482    1448.34    1448.35  0.000e+00
      19003     29.500     7.6559     7.6637     0.0076    0.89240    0.89257          1     7.3345     7.0135      97.47     0.6152     0.2651  1.000e-12  0.3011000     7.6706     7.6705    -0.0001     5.9080     5.9073     29.231     29.873      0.504    1447.81    1447.84  0.000e+00
      19026     30.000     7.6396     7.6423     0.0028    0.89218    0.89219          1     7.3480     7.0255      97.48     0.6029     0.2741  1.000e-12  0.2901000     7.6721     7.6716    -0.0005     5.9104     5.9098     29.726     30.379      0.501    1447.75    1447.76  0.000e+00
      19051     30.500     7.6041     7.6105     0.0064    0.89138    0.89145          1     7.3456     7.0197      97.49     0.6046     0.2995  1.000e-12  0.2893000     7.6724     7.6716    -0.0008     5.9134     5.9123     30.222     30.885      0.476    1447.61    1447.64  0.000e+00
      19076     31.000     7.5828     7.5841     0.0012    0.89085    0.89082          1     7.3662     7.0192      97.49     0.6008     0.2737  1.000e-12  0.2845000     7.6722     7.6715    -0.0006     5.9148     5.9143     30.717     31.391      0.475    1447.53    1447.54  0.000e+00
      19101     31.500     7.6104     7.6094    -0.0009    0.89209    0.89199          1     7.3575     7.0160      97.48     0.6001     0.3172  1.000e-12  0.2933000     7.6775     7.6767    -0.0008     5.9169     5.9164     31.213     31.898      0.504    1447.66    1447.66  0.000e+00
      19124     32.000     7.6793     7.6838     0.0044    0.89486    0.89502          1     7.3522     6.9991      93.76     0.6033     0.2764  1.000e-12  0.2978000     7.6878     7.6884     0.0005     5.9197     5.9197     31.708     32.404      0.525    1447.97    1447.98  0.000e+00
      19147     32.500     7.7292     7.7276    -0.0016    0.89708    0.89695          1     7.3361     6.9882      58.54     0.6152     0.2746  1.000e-12  0.2895000     7.6973     7.6965    -0.0009     5.9232     5.9227     32.203     32.910      0.504    1448.19    1448.18  0.000e+00
      19172     33.000     7.7895     7.7905     0.0009    0.89942    0.89936          1     7.3450     7.0085      57.68     0.6311     0.2524  1.000e-12  0.2838000     7.7056     7.7048    -0.0008     5.9250     5.9243     32.699     33.416      0.457    1448.46    1448.46  0.000e+00
      19199     33.500     7.8272     7.8457     0.0185    0.90103    0.90169          1     7.2873     6.9796      57.18     0.6404     0.2355  1.000e-12  0.2821000     7.7120     7.7140     0.0020     5.9270     5.9270     33.194     33.923      0.465    1448.63    1448.70  0.000e+00
      19223     34.000     7.8281     7.8352     0.0073    0.90215    0.90229          1     7.2920     6.9971      56.74     0.6366     0.2590  1.000e-12  0.2872000     7.7221     7.7218    -0.0003     5.9348     5.9339     33.690     34.429      0.518    1448.65    1448.68  0.000e+00
      19246     34.500     7.6836     7.6880     0.0044    0.89773    0.89786          1     7.3183     7.0130      61.47     0.6288     0.2526  1.000e-12  0.2887000     7.7132     7.7134     0.0002     5.9392     5.9390     34.185     34.935      0.529    1448.05    1448.07  0.000e+00
      19269     35.000     7.7081     7.7110     0.0027    0.89928    0.89930          1     7.3079     7.0164      72.88     0.6057     0.2553  1.000e-12  0.2832000     7.7220     7.7215    -0.0005     5.9442     5.9436     34.680     35.442      0.494    1448.17    1448.19  0.000e+00
      19295     35.500     7.6123     7.6126     0.0003    0.89672    0.89668          1     7.2920     7.0183      70.84     0.6045     0.2923  1.000e-12  0.2958000     7.7194     7.7190    -0.0004     5.9496     5.9493     35.176     35.948      0.463    1447.78    1447.79  0.000e+00
      19320     36.000     7.5348     7.5363     0.0014    0.89455    0.89455          1     7.2952     7.0006      70.42     0.5982     0.3216  1.000e-12  0.2873000     7.7164     7.7161    -0.0003     5.9532     5.9528     35.671     36.454      0.478    1447.47    1447.48  0.000e+00
      19345     36.500     7.4746     7.4773     0.0027    0.89326    0.89328          1     7.2929     6.9863      97.68     0.5796     0.3063  1.000e-12  0.2975000     7.7178     7.7174    -0.0004     5.9588     5.9583     36.167     36.960      0.505    1447.23    1447.24  0.000e+00
      19368     37.000     7.4587     7.4610     0.0023    0.89344    0.89345          1     7.3330     6.9918      76.18     0.5580     0.2588  1.000e-12  0.3209000     7.7229     7.7225    -0.0004     5.9641     5.9635     36.662     37.467      0.511    1447.18    1447.19  0.000e+00
      19392     37.500     7.5456     7.5495     0.0040    0.89766    0.89766          1     7.3188     6.9825      53.30     0.5485     0.2076  1.000e-12  0.3101000     7.7427     7.7419    -0.0009     5.9730     5.9720     37.157     37.973      0.486    1447.57    1447.59  0.000e+00
      19418     38.000     7.6363     7.6367     0.0005    0.90181    0.90177          1     7.2577     6.9441      73.25     0.5790     0.2169  1.000e-12  0.3036000     7.7610     7.7605    -0.0005     5.9803     5.9799     37.653     38.479      0.441    1447.97    1447.98  0.000e+00
      19446     38.500     7.5814     7.5784    -0.0030    0.90141    0.90126          1     7.2073     6.9150      51.57     0.6018     0.2528  1.000e-12  0.2969000     7.7695     7.7687    -0.0008     5.9912     5.9908     38.148     38.985      0.457    1447.77    1447.75  0.000e+00
      19470     39.000     7.4767     7.4749    -0.0018    0.89893    0.89882          1     7.2069     6.9092      51.32     0.5575     0.2651  1.000e-12  0.3228000     7.7697     7.7691    -0.0006     5.9994     5.9990     38.644     39.492      0.490    1447.34    1447.34  0.000e+00
      19495     39.500     7.4550     7.4555     0.0005    0.90006    0.89992          1     7.1766     6.8803      50.98     0.5455     0.2672  1.000e-12  0.3393000     7.7850     7.7836    -0.0014     6.0130     6.0118     39.139     39.998      0.460    1447.28    1447.28  0.000e+00
      19523     40.000     7.4991     7.4993     0.0001    0.90406    0.90394          1     7.0417     6.7578      50.29     0.4991     0.2866  1.000e-12  0.3314000     7.8122     7.8112    -0.0011     6.0310     6.0302     39.634     40.504      0.432    1447.50    1447.50  0.000e+00
      19550     40.500     7.4854     7.4869     0.0016    0.90707    0.90705          1     6.8970     6.5981      49.85     0.5205     0.3147  1.000e-12  0.3130000     7.8433     7.8428    -0.0005     6.0564     6.0559     40.130     41.010      0.483    1447.50    1447.50  0.000e+00
      19573     41.000     7.5234     7.5276     0.0043    0.91165    0.91169          1     6.9520     6.5919      49.52     0.5082     0.2781  1.000e-12  0.3578000     7.8773     7.8767    -0.0006     6.0802     6.0794     40.625     41.516      0.499    1447.70    1447.72  0.000e+00
      19598     41.500     7.9780     7.9949     0.0165    0.93513    0.93554          1     6.9283     6.5344      49.08     0.5124     0.2918  1.000e-12  0.3570000     7.9909     7.9908    -0.0001     6.1328     6.1313     41.120     42.023      0.467    1449.72    1449.78  0.000e+00
      19624     42.000     8.7759     8.7906     0.0151    0.97624    0.97692          1     6.6651     6.3583      48.46     0.6001     0.2770  1.000e-12  0.3159000     8.1830     8.1857     0.0028     6.2127     6.2135     41.616     42.529      0.483    1453.19    1453.25  0.000e+00
      19648     42.500     8.9365     8.9286    -0.0079    0.98591    0.98551          1     6.4986     6.2648      82.08     0.6278     0.2771  1.000e-12  0.2722000     8.2332     8.2315    -0.0018     6.2369     6.2363     42.111     43.035      0.520    1453.90    1453.87  0.000e+00
      19671     43.000     8.9138     8.9071    -0.0066    0.98712    0.98623          1     6.4390     6.2304      97.42     0.6397     0.3030  1.000e-12  0.2677000     8.2493     8.2429    -0.0064     6.2516     6.2472     42.607     43.541      0.492    1453.84    1453.80  0.000e+00
      19697     43.500     8.9634     8.9606    -0.0029    0.99325    0.99276          1     6.4159     6.2031      97.58     0.6348     0.2703  1.000e-12  0.2783000     8.2929     8.2892    -0.0037     6.2808     6.2782     43.102     44.047      0.449    1454.10    1454.08  0.000e+00
      19723     44.000     8.9892     8.9893     0.0001    0.99558    0.99550          1     6.4186     6.1936      52.69     0.6205     0.3029  1.000e-12  0.2623000     8.3078     8.3071    -0.0007     6.2900     6.2894     43.597     44.553      0.469    1454.23    1454.23  0.000e+00
      19748     44.500     8.9661     8.9655    -0.0005    0.99533    0.99521          1     6.4146     6.1938      45.72     0.5863     0.2933  1.000e-12  0.2789000     8.3109     8.3099    -0.0010     6.2946     6.2939     44.093     45.059      0.495    1454.15    1454.14  0.000e+00
      19772     45.000     8.8753     8.8797     0.0042    0.99225    0.99231          1     6.4127     6.1878      38.81     0.6054     0.2931  1.000e-12  0.2795000     8.3043     8.3038    -0.0004     6.2981     6.2974     44.588     45.565      0.483    1453.78    1453.80  0.000e+00
      19798     45.500     8.7591     8.7620     0.0029    0.98947    0.98951          1     6.3364     6.1439      27.96     0.5903     0.3161  1.000e-12  0.2728000     8.3062     8.3058    -0.0003     6.3106     6.3101     45.083     46.071      0.467    1453.33    1453.34  0.000e+00
      19823     46.000     8.5945     8.5952     0.0007    0.98657    0.98649          1     6.2424     6.1030      42.84     0.5326     0.2912  1.000e-12  0.2707000     8.3184     8.3174    -0.0010     6.3354     6.3346     45.579     46.577      0.482    1452.69    1452.69  0.000e+00
      19848     46.500     8.3130     8.3239     0.0110    0.98062    0.98072          1     5.9477     5.8800      42.63     0.5166     0.3079  1.000e-12  0.2872000     8.3303     8.3286    -0.0017     6.3700     6.3677     46.074     47.083      0.495    1451.58    1451.62  0.000e+00
      19872     47.000     7.9216     7.9322     0.0106    0.97344    0.97349          1     5.7805     5.7433      42.93     0.4973     0.2898  1.000e-12  0.2906000     8.3570     8.3551    -0.0020     6.4241     6.4217     46.569     47.590      0.493    1450.03    1450.07  0.000e+00
      19896     47.500     7.4022     7.3966    -0.0054    0.97963    0.97876          1     5.5861     5.5577      42.61     0.4476     0.2445  1.000e-12  0.2997000     8.5402     8.5335    -0.0067     6.6090     6.6042     47.065     48.095      0.489    1448.13    1448.10  0.000e+00
      19921     48.000     7.7385     7.7401     0.0013    1.00704    1.00707          1     5.3479     5.3486      41.55     0.3896     0.2440  1.000e-12  0.3077000     8.7137     8.7136    -0.0001     6.7187     6.7185     47.560     48.601      0.494    1449.74    1449.74  0.000e+00
      19945     48.500     7.3697     7.3931     0.0235    0.99754    0.99803          1     5.2316     5.2319      41.26     0.3776     0.2853  1.000e-12  0.3156000     8.7167     8.7154    -0.0013     6.7496     6.7468     48.056     49.107      0.502    1448.23    1448.32  0.000e+00
      19969     49.000     6.9232     6.9297     0.0066    0.98731    0.98735          1     5.0440     5.0243      40.71     0.3434     0.2785  1.000e-12  0.3005000     8.7325     8.7312    -0.0013     6.7953     6.7939     48.551     49.613      0.504    1446.40    1446.43  0.000e+00
      19993     49.500     7.1187     7.1185    -0.0003    1.00433    1.00406          1     4.8599     4.8052      40.07     0.3070     0.2373  1.000e-12  0.2835000     8.8445     8.8419    -0.0025     6.8691     6.8672     49.046     50.119      0.485    1447.37    1447.36  0.000e+00
      20018     50.000     7.0956     7.0963     0.0006    1.02827    1.02763          1     4.8490     4.7232      39.73     0.3265     0.2449  1.000e-12  0.3037000     9.0780     9.0718    -0.0063     7.0542     7.0492     49.542     50.625      0.459    1447.57    1447.56  0.000e+00
      20045     50.500     7.4742     7.4482    -0.0258    1.06367    1.06218          1     4.8159     4.6438      39.14     0.3327     0.2362  1.000e-12  0.2994000     9.3128     9.3057    -0.0070     7.2090     7.2055     50.037     51.130      0.491    1449.43    1449.32  0.000e+00
      20067     51.000     8.0395     8.0269    -0.0128    1.10524    1.10432          1     4.7885     4.6000      38.59     0.3119     0.2659  1.000e-12  0.2761000     9.5507     9.5455    -0.0051     7.3483     7.3453     50.532     51.636      0.563    1452.05    1451.99  0.000e+00
      20088     51.500     8.1969     8.1954    -0.0016    1.12175    1.12147          1     4.6531     4.4870      38.33     0.3131     0.2150  1.000e-12  0.2874000     9.6615     9.6593    -0.0022     7.4210     7.4194     51.028     52.141      0.566    1452.83    1452.82  0.000e+00
      20110     52.000     8.3558     8.3486    -0.0072    1.14107    1.14051          1     4.5120     4.3626      37.68     0.3052     0.2257  1.000e-12  0.2951000     9.7969     9.7936    -0.0032     7.5122     7.5104     51.523     52.647      0.497    1453.65    1453.62  0.000e+00
      20136     52.500     8.6833     8.6704    -0.0129    1.17491    1.17521          1     4.4465     4.2823      37.25     0.2931     0.2608  1.000e-12  0.2910000    10.0178    10.0242     0.0065     7.6536     7.6599     52.018     53.152      0.458    1455.24    1455.20  0.000e+00
      20161     53.000     9.3205     9.2986    -0.0219    1.23336    1.23243          1     4.5570     4.3516      36.80     0.3197     0.2511  1.000e-12  0.4111000    10.3704    10.3683    -0.0022     7.8634     7.8641     52.514     53.658      0.504    1458.20    1458.11  0.000e+00
      20184     53.500     9.6769     9.6745    -0.0025    1.26739    1.26683          1     4.6823     4.4468      36.28     0.3185     0.2552  1.000e-12  0.3233000    10.5754    10.5710    -0.0044     7.9845     7.9814     53.009     54.163      0.517    1459.86    1459.84  0.000e+00
      20208     54.000     9.7570     9.7546    -0.0023    1.28136    1.28103          1     4.9525     4.6728      35.86     0.3306     0.2644  1.000e-12  0.2832000    10.6778    10.6756    -0.0022     8.0552     8.0538     53.504     54.668      0.483    1460.30    1460.29  0.000e+00
      20234     54.500     9.9162     9.9021    -0.0140    1.29899    1.29761          1     5.0589     4.7618      35.26     0.3311     0.2310  1.000e-12  0.2720000    10.7893    10.7810    -0.0083     8.1237     8.1189     54.000     55.173      0.469    1461.06    1461.00  0.000e+00
      20259     55.000    10.2046    10.2017    -0.0030    1.33634    1.33504          1     4.5676     4.3894      34.83     0.3553     0.2068  1.000e-12  0.2726000    11.0375    11.0267    -0.0108     8.2829     8.2748     54.495     55.679      0.501    1462.48    1462.45  0.000e+00
      20282     55.500    10.2442    10.2401    -0.0041    1.38467    1.38312          1     4.1383     4.0767      34.40     0.3010     0.2170  1.000e-12  0.2402000    11.4578    11.4452    -0.0126     8.6044     8.5951     54.991     56.184      0.506    1463.15    1463.11  0.000e+00
      20306     56.000    10.5849    10.5564    -0.0286    1.44496    1.44259          1     4.0102     3.9584      33.90     0.2646     0.2428  1.000e-12  0.2456000    11.8873    11.8755    -0.0118     8.8953     8.8898     55.486     56.688      0.496    1464.97    1464.84  0.000e+00
