ctdpy/tests/etc/all_smhi_bas_2018/SBE09_1044_20180202_2018_34_02_0047.cnv
* Sea-Bird SBE 9 Data File:
* FileName = C:\ctd\temp\2018\ME18D047.hex
* Software Version Seasave V 7.26.6.26
* Temperature SN = 5351
* Conductivity SN = 3941
* Number of Bytes Per Scan = 41
* Number of Voltage Words = 4
* Number of Scans Averaged by the Deck Unit = 1
* NMEA Latitude = 56 40.11 N
* NMEA Longitude = 012 06.65 E
* NMEA UTC (Time) = Feb 02 2018  20:18:57
* NMEA baud rate = 4800
** Station:  Anholt E
** Operator:  JKro
** Ship: MERI
** Average sound velocity: 1466.62 m/s
** True-depth calculation Fri, 02 Feb 2018 21:29:25 +0000
** CTD Python Module SMHI /ver 3-12/ feb 2012 
** LIMS Job: 20183402-0047
** Cruise: SMHI-01-2018
** Latitude [GG MM.mm N] :
** Longitude [GG MM.mm E]:
# nquan = 26
# nvalues = 114                         
# units = specified
# name 0 = scan: Scan Count
# name 1 = prDM: Pressure, Digiquartz [db]
# name 2 = t090C: Temperature [ITS-90, deg C]
# name 3 = t190C: Temperature, 2 [ITS-90, deg C]
# name 4 = T2-T190C: Temperature Difference, 2 - 1 [ITS-90, deg C]
# name 5 = c0S/m: Conductivity [S/m]
# name 6 = c1S/m: Conductivity, 2 [S/m]
# name 7 = pumps: Pump Status
# name 8 = sbeox0ML/L: Oxygen, SBE 43 [ml/l]
# name 9 = sbeox1ML/L: Oxygen, SBE 43, 2 [ml/l]
# name 10 = altM: Altimeter [m]
# name 11 = flECO-AFL: Chl-a Fluorescence, WET Labs ECO-AFL/FL [mg/m^3]
# name 12 = flECO-AFL1: Phycocyanin Fluorescence, WET Labs ECO-AFL/FL, 2 [mg/m^3]
# name 13 = par: PAR/Irradiance, Biospherical/Lico [µE/(cm^2*s)]
# name 14 = turbWETntu0: Turbidity, WET Labs ECO [NTU]
# name 15 = sal00: Salinity, Practical [PSU]
# name 16 = sal11: Salinity, Practical, 2 [PSU]
# name 17 = secS-priS: Salinity, Practical, Difference, 2 - 1 [PSU]
# name 18 = sigma-t00: Density [sigma-t, Kg/m^3 ]
# name 19 = sigma-t11: Density, 2 [sigma-t, Kg/m^3 ]
# name 20 = depSM: Depth [salt water, m], lat = 56.6685
# name 21 = depFM: Depth [true depth, m], lat = 56.6685
# name 22 = dz/dtM: Descent Rate [m/s], WS = 2
# name 23 = svCM: Sound Velocity [Chen-Millero, m/s]
# name 24 = svCM1: Sound Velocity, 2 [Chen-Millero, m/s]
# name 25 = flag: flag
# span 0 =      14985,      18614       
# span 1 =      1.000,     57.500       
# span 2 =     3.3337,     7.1988       
# span 3 =     3.3339,     7.1999       
# span 4 =    -0.0091,     0.0098       
# span 5 =   1.799353,   3.407165       
# span 6 =   1.799803,   3.407259       
# span 7 =          1,          1       
# span 8 =    5.92978,    7.89369       
# span 9 =    5.94480,    7.87302       
# span 10 =       3.48,      99.34      
# span 11 =     0.1514,     1.1830      
# span 12 =     0.2672,     0.4855      
# span 13 = -2.890e-07, 7.2509e-01      
# span 14 =     0.3575,     1.9656      
# span 15 =    18.6384,    33.4872      
# span 16 =    18.6398,    33.4886      
# span 17 =    -0.0153,     0.0333      
# span 18 =    14.8329,    26.2057      
# span 19 =    14.8339,    26.2068      
# span 20 =      0.991,     56.966      
# span 21 =      1.004,     57.282      
# span 22 =     -0.054,      0.529      
# span 23 =    1442.73,    1478.31      
# span 24 =    1442.76,    1478.31      
# span 25 = 0.0000e+00, 0.0000e+00      
# interval = decibars: 0.5              
# start_time = Feb 02 2018 20:18:57 [NMEA time, first data scan]
# bad_flag = -9.990e-29
*END*
      14985      1.000     3.3337     3.3376     0.0040    1.79935    1.80019          1     7.8844     7.8730      98.71     1.1073     0.4546  7.251e-01  0.5789000    18.6389    18.6460     0.0071    14.8334    14.8389      0.991      1.004      0.205    1442.73    1442.76  0.000e+00
      15038      1.500     3.3380     3.3446     0.0065    1.80046    1.80162          1     7.8783     7.8689      98.71     1.1323     0.4566  1.559e-01  0.5920000    18.6486    18.6580     0.0094    14.8410    14.8481      1.486      1.505      0.267    1442.77    1442.81  0.000e+00
      15073      2.000     3.3463     3.3417    -0.0046    1.80202    1.80110          1     7.8808     7.8440      98.71     1.1523     0.3859  1.368e-01  0.6110000    18.6613    18.6536    -0.0077    14.8507    14.8448      1.982      2.007      0.435    1442.83    1442.80  0.000e+00
      15100      2.500     3.3360     3.3339    -0.0022    1.80020    1.79980          1     7.8758     7.8435      98.71     1.1558     0.4288  1.059e-01  0.6253000    18.6466    18.6433    -0.0032    14.8394    14.8370      2.477      2.509      0.421    1442.77    1442.76  0.000e+00
      15129      3.000     3.3432     3.3480     0.0049    1.80174    1.80277          1     7.8695     7.8419      98.71     1.1525     0.4208  5.979e-02  0.6306000    18.6596    18.6685     0.0089    14.8495    14.8563      2.973      3.011      0.402    1442.83    1442.86  0.000e+00
      15161      3.500     3.3388     3.3420     0.0031    1.80057    1.80102          1     7.8791     7.8315      98.71     1.1830     0.4586  4.886e-02  0.6098000    18.6488    18.6521     0.0033    14.8411    14.8435      3.468      3.513      0.383    1442.81    1442.82  0.000e+00
      15191      4.000     3.3369     3.3395     0.0026    1.79956    1.79982          1     7.8937     7.8349      98.71     1.1374     0.4324  2.113e-02  0.6336000    18.6384    18.6398     0.0014    14.8329    14.8339      3.963      4.015      0.378    1442.79    1442.80  0.000e+00
      15226      4.500     3.3388     3.3430     0.0043    1.80009    1.80084          1     7.8842     7.8249      98.71     1.1414     0.4018  9.433e-03  0.6403000    18.6431    18.6491     0.0059    14.8366    14.8411      4.459      4.516      0.329    1442.81    1442.84  0.000e+00
      15261      5.000     3.3442     3.3462     0.0020    1.80094    1.80140          1     7.8632     7.8239      98.71     1.1360     0.4640  2.100e-04  0.6306000    18.6494    18.6534     0.0040    14.8413    14.8444      4.954      5.018      0.340    1442.85    1442.87  0.000e+00
      15297      5.500     3.3485     3.3481    -0.0004    1.80199    1.80215          1     7.8704     7.8391      98.71     1.1625     0.4503 -2.890e-07  0.6277000    18.6586    18.6606     0.0020    14.8484    14.8500      5.450      5.520      0.379    1442.89    1442.89  0.000e+00
      15324      6.000     3.3762     3.3756    -0.0007    1.80797    1.80777          1     7.8637     7.8412      98.71     1.1552     0.4823  1.000e-12  0.6506000    18.7098    18.7079    -0.0019    14.8877    14.8862      5.945      6.022      0.512    1443.09    1443.08  0.000e+00
      15346      6.500     3.3786     3.3788     0.0001    1.80854    1.80854          1     7.8727     7.8450      98.71     1.1715     0.4831  1.000e-12  0.6694000    18.7146    18.7146    -0.0000    14.8914    14.8914      6.440      6.524      0.475    1443.11    1443.11  0.000e+00
      15380      7.000     3.3775     3.3776     0.0001    1.80827    1.80823          1     7.7897     7.7476      98.71     1.1409     0.4359  1.000e-12  0.6400000    18.7121    18.7116    -0.0005    14.8894    14.8890      6.936      7.025      0.289    1443.11    1443.11  0.000e+00
      15423      7.500     3.3795     3.3798     0.0003    1.80888    1.80890          1     7.7943     7.7598      98.71     1.1605     0.4595  1.000e-12  0.6308000    18.7177    18.7177     0.0001    14.8938    14.8938      7.431      7.527      0.371    1443.14    1443.14  0.000e+00
      15449      8.000     3.5828     3.5800    -0.0027    1.86659    1.86627          1     7.7722     7.7863      98.71     1.1488     0.4684  1.000e-12  0.6328000    19.2473    19.2453    -0.0021    15.3037    15.3022      7.927      8.029      0.497    1444.72    1444.71  0.000e+00
      15472      8.500     3.8650     3.8748     0.0098    1.94326    1.94677          1     7.7188     7.7358      98.71     1.1156     0.4855  1.000e-12  0.5937000    19.9372    19.9705     0.0333    15.8349    15.8607      8.422      8.530      0.526    1446.85    1446.94  0.000e+00
      15496      9.000     3.9105     3.9193     0.0088    1.95439    1.95616          1     7.6767     7.6665      98.71     1.0469     0.4311  1.000e-12  0.4587000    20.0338    20.0481     0.0143    15.9088    15.9196      8.917      9.032      0.446    1447.18    1447.24  0.000e+00
      15532      9.500     3.9620     3.9609    -0.0012    1.96397    1.96357          1     7.6545     7.6341      79.09     1.0302     0.3907  1.000e-12  0.3956000    20.1091    20.1053    -0.0038    15.9653    15.9623      9.413      9.533      0.277    1447.51    1447.50  0.000e+00
      15574     10.000     4.0334     4.0282    -0.0050    1.98454    1.98430          1     7.6559     7.6295      99.34     1.0360     0.3688  1.000e-12  0.3575000    20.2944    20.2950     0.0006    16.1077    16.1085      9.908     10.034      0.387    1448.07    1448.04  0.000e+00
      15600     10.500     4.0891     4.0859    -0.0032    2.00745    2.00629          1     7.6154     7.5925      98.71     0.9691     0.3309  1.000e-12  0.3986000    20.5150    20.5042    -0.0108    16.2790    16.2706     10.404     10.535      0.512    1448.60    1448.57  0.000e+00
      15622     11.000     4.0652     4.0651    -0.0001    2.01430    2.01416          1     7.6174     7.5777      71.80     1.0037     0.3587  1.000e-12  0.4288000    20.6063    20.6049    -0.0014    16.3529    16.3518     10.899     11.036      0.519    1448.62    1448.62  0.000e+00
      15648     11.500     4.0560     4.0558    -0.0001    2.01889    2.01881          1     7.6046     7.5674      50.95     1.0448     0.3933  1.000e-12  0.4535000    20.6632    20.6624    -0.0009    16.3986    16.3980     11.394     11.538      0.396    1448.66    1448.66  0.000e+00
      15687     12.000     4.0783     4.0797     0.0014    2.04184    2.04332          1     7.5707     7.5442      49.28     1.0583     0.4590  1.000e-12  0.4396000    20.9053    20.9209     0.0156    16.5891    16.6013     11.890     12.039      0.285    1449.07    1449.10  0.000e+00
      15724     12.500     4.1050     4.1059     0.0009    2.07328    2.07392          1     7.5554     7.5193      81.60     1.0292     0.4064  1.000e-12  0.4601000    21.2395    21.2461     0.0066    16.8521    16.8573     12.385     12.539      0.416    1449.62    1449.64  0.000e+00
      15749     13.000     4.1364     4.1357    -0.0007    2.09770    2.09729          1     7.5365     7.5073      67.00     0.9537     0.4150  1.000e-12  0.4882000    21.4921    21.4880    -0.0041    17.0502    17.0470     12.881     13.040      0.484    1450.09    1450.08  0.000e+00
      15774     13.500     4.1703     4.1701    -0.0002    2.11923    2.11925          1     7.5288     7.5091      48.14     0.9866     0.4077  1.000e-12  0.5213000    21.7106    21.7110     0.0004    17.2210    17.2213     13.376     13.541      0.464    1450.52    1450.52  0.000e+00
      15803     14.000     4.1857     4.1857    -0.0000    2.14450    2.14443          1     7.5251     7.4951      64.80     1.0110     0.4143  1.000e-12  0.5363000    21.9831    21.9823    -0.0008    17.4359    17.4352     13.871     14.041      0.349    1450.95    1450.94  0.000e+00
      15842     14.500     4.1951     4.1944    -0.0007    2.16155    2.16056          1     7.5008     7.4588      66.38     1.0930     0.3864  1.000e-12  0.5684000    22.1678    22.1570    -0.0107    17.5815    17.5731     14.367     14.542      0.319    1451.23    1451.21  0.000e+00
      15875     15.000     4.1994     4.1992    -0.0001    2.16764    2.16737          1     7.5051     7.4493      77.02     1.0781     0.3596  1.000e-12  0.5203000    22.2329    22.2300    -0.0030    17.6329    17.6305     14.862     15.042      0.430    1451.34    1451.34  0.000e+00
      15901     15.500     4.2131     4.2145     0.0014    2.18325    2.18425          1     7.4994     7.4659      69.47     1.0284     0.3606  1.000e-12  0.5440000    22.3985    22.4088     0.0103    17.7631    17.7711     15.357     15.543      0.489    1451.62    1451.64  0.000e+00
      15925     16.000     4.2481     4.2489     0.0009    2.21968    2.22026          1     7.4844     7.4584      72.91     1.0364     0.4196  1.000e-12  0.5466000    22.7832    22.7891     0.0059    18.0653    18.0699     15.853     16.043      0.452    1452.27    1452.28  0.000e+00
      15956     16.500     4.2499     4.2495    -0.0004    2.23028    2.23019          1     7.4802     7.4389      73.71     0.9884     0.4110  1.000e-12  0.5010000    22.9008    22.9000    -0.0008    18.1583    18.1578     16.348     16.543      0.349    1452.43    1452.43  0.000e+00
      15993     17.000     4.2604     4.2595    -0.0008    2.24113    2.24052          1     7.4076     7.3777      54.63     1.0590     0.4331  1.000e-12  0.5267000    23.0152    23.0089    -0.0063    18.2482    18.2433     16.844     17.044      0.344    1452.63    1452.62  0.000e+00
      16024     17.500     4.2936     4.2939     0.0003    2.25943    2.25983          1     7.3837     7.3762      43.80     1.0437     0.3786  1.000e-12  0.5189000    23.1973    23.2016     0.0043    18.3900    18.3934     17.339     17.544      0.454    1453.02    1453.02  0.000e+00
      16048     18.000     4.3972     4.3907    -0.0065    2.30278    2.30208          1     7.3305     7.3451      72.08     1.0173     0.3605  1.000e-12  0.5225000    23.6101    23.6070    -0.0031    18.7090    18.7070     17.834     18.044      0.497    1453.99    1453.96  0.000e+00
      16074     18.500     4.6099     4.6008    -0.0091    2.36814    2.36678          1     7.2596     7.2787      44.71     0.9761     0.3657  1.000e-12  0.5275000    24.1889    24.1804    -0.0085    19.1502    19.1442     18.330     18.543      0.396    1455.64    1455.59  0.000e+00
      16111     19.000     4.7789     4.7853     0.0063    2.43382    2.43599          1     7.0968     7.1279      42.18     0.9860     0.3671  1.000e-12  0.5098000    24.7985    24.8181     0.0195    19.6183    19.6332     18.825     19.043      0.314    1457.14    1457.19  0.000e+00
      16144     19.500     4.8836     4.8861     0.0026    2.47872    2.47928          1     6.9326     6.9646      41.61     1.0832     0.3454  1.000e-12  0.4549000    25.2213    25.2256     0.0043    19.9435    19.9467     19.321     19.542      0.435    1458.12    1458.14  0.000e+00
      16169     20.000     5.0392     5.0417     0.0024    2.53615    2.53697          1     6.8258     6.8576      44.44     1.0092     0.3584  1.000e-12  0.4809000    25.7427    25.7499     0.0072    20.3418    20.3472     19.816     20.042      0.473    1459.44    1459.46  0.000e+00
      16197     20.500     5.2277     5.2277    -0.0001    2.61529    2.61575          1     6.6721     6.7229      41.00     0.8895     0.3849  1.000e-12  0.5301000    26.4760    26.4812     0.0052    20.9034    20.9075     20.311     20.541      0.389    1461.17    1461.17  0.000e+00
      16232     21.000     5.5943     5.5959     0.0017    2.81174    2.81148          1     6.5405     6.6152      40.46     0.6882     0.3604  1.000e-12  0.5578000    28.3613    28.3569    -0.0043    22.3554    22.3518     20.807     21.039      0.334    1465.07    1465.07  0.000e+00
      16264     21.500     6.0182     6.0202     0.0019    3.01264    3.01260          1     6.3880     6.4526      39.80     0.5169     0.3358  1.000e-12  0.5885000    30.2236    30.2214    -0.0022    23.7783    23.7764     21.302     21.537      0.433    1469.14    1469.15  0.000e+00
      16289     22.000     6.1707     6.1695    -0.0012    3.07189    3.07184          1     6.3297     6.3660      39.34     0.3535     0.3155  1.000e-12  0.6294000    30.7427    30.7431     0.0004    24.1700    24.1704     21.797     22.034      0.483    1470.41    1470.41  0.000e+00
      16316     22.500     6.2219     6.2216    -0.0003    3.09051    3.09069          1     6.2892     6.3203      38.68     0.3151     0.3145  1.000e-12  0.6489000    30.9020    30.9042     0.0023    24.2895    24.2913     22.293     22.531      0.386    1470.83    1470.83  0.000e+00
      16354     23.000     6.3296     6.3292    -0.0005    3.13398    3.13445          1     6.2677     6.2912      38.11     0.3245     0.3408  1.000e-12  0.6589000    31.2836    31.2893     0.0056    24.5773    24.5818     22.788     23.029      0.316    1471.74    1471.75  0.000e+00
      16386     23.500     6.4547     6.4551     0.0004    3.19367    3.19388          1     6.2683     6.2643      37.62     0.2808     0.3450  1.000e-12  0.6751000    31.8265    31.8286     0.0020    24.9899    24.9914     23.284     23.526      0.467    1472.93    1472.93  0.000e+00
      16409     24.000     6.5397     6.5387    -0.0010    3.22307    3.22290          1     6.2483     6.2500      37.24     0.2455     0.3449  1.000e-12  0.7265000    32.0711    32.0702    -0.0009    25.1719    25.1714     23.779     24.022      0.512    1473.58    1473.58  0.000e+00
      16435     24.500     6.5695     6.5688    -0.0007    3.23419    3.23420          1     6.2168     6.2211      36.67     0.2532     0.3223  1.000e-12  0.7701000    32.1655    32.1662     0.0007    25.2426    25.2432     24.274     24.519      0.396    1473.83    1473.82  0.000e+00
      16473     25.000     6.5829     6.5824    -0.0005    3.24130    3.24131          1     6.2118     6.1981      36.16     0.2211     0.3519  1.000e-12  0.7736000    32.2309    32.2315     0.0006    25.2924    25.2929     24.770     25.016      0.311    1473.97    1473.97  0.000e+00
      16506     25.500     6.6574     6.6547    -0.0028    3.26564    3.26483          1     6.1707     6.1997      35.72     0.2362     0.3285  1.000e-12  0.7658000    32.4280    32.4217    -0.0063    25.4381    25.4335     25.265     25.512      0.434    1474.52    1474.50  0.000e+00
      16531     26.000     6.8364     6.8332    -0.0032    3.30503    3.30457          1     6.0997     6.1246      35.29     0.2057     0.3641  1.000e-12  0.8551000    32.6908    32.6887    -0.0020    25.6218    25.6206     25.760     26.009      0.474    1475.56    1475.54  0.000e+00
      16557     26.500     6.8752     6.8727    -0.0025    3.31041    3.31028          1     6.0651     6.0793      34.78     0.1754     0.3322  1.000e-12  0.9766000    32.7125    32.7135     0.0009    25.6338    25.6349     26.256     26.506      0.421    1475.74    1475.73  0.000e+00
      16588     27.000     6.8973     6.9000     0.0026    3.31307    3.31345          1     6.0408     6.0511      34.29     0.1839     0.3511  1.000e-12  1.0237000    32.7204    32.7220     0.0016    25.6370    25.6380     26.751     27.002      0.373    1475.85    1475.86  0.000e+00
      16621     27.500     6.9072     6.9056    -0.0016    3.31433    3.31433          1     6.0489     6.0421      33.78     0.1974     0.3063  1.000e-12  1.0999000    32.7245    32.7261     0.0016    25.6389    25.6404     27.246     27.499      0.384    1475.90    1475.90  0.000e+00
      16651     28.000     6.8906     6.8880    -0.0026    3.31316    3.31307          1     6.0839     6.0534      33.26     0.1846     0.3088  1.000e-12  1.0730000    32.7272    32.7288     0.0016    25.6433    25.6449     27.742     27.995      0.409    1475.85    1475.84  0.000e+00
