ctdpy/tests/etc/all_smhi_bas_2018/SBE09_1044_20181109_0830_34_01_0120.cnv
* Sea-Bird SBE 9 Data File:
* FileName = C:\ctd\temp\ar18d120.hex
* Software Version Seasave V 7.26.7.107
* Temperature SN = 5351
* Conductivity SN = 3941
* Number of Bytes Per Scan = 41
* Number of Voltage Words = 4
* Number of Scans Averaged by the Deck Unit = 1
* NMEA Latitude = 57 59.90 N
* NMEA Longitude = 019 52.72 E
* NMEA UTC (Time) = Nov 09 2018  08:30:52
* NMEA baud rate = 4800
** Station:  BY20
** Operator:  JKro
** Ship: ARANDA
** Average sound velocity: 1424.60 m/s
** True-depth calculation Fri, 09 Nov 2018 10:17:04 +0000
** CTD Python Module SMHI /ver 3-12/ feb 2012 
** LIMS Job: 20183401-0120
** Cruise: SMHI-6-2018
** Latitude [GG MM.mm N]:
** Longitude [GG MM.mm E]
# nquan = 26
# nvalues = 387                         
# units = specified
# name 0 = scan: Scan Count
# name 1 = prDM: Pressure, Digiquartz [db]
# name 2 = t090C: Temperature [ITS-90, deg C]
# name 3 = t190C: Temperature, 2 [ITS-90, deg C]
# name 4 = T2-T190C: Temperature Difference, 2 - 1 [ITS-90, deg C]
# name 5 = c0S/m: Conductivity [S/m]
# name 6 = c1S/m: Conductivity, 2 [S/m]
# name 7 = pumps: Pump Status
# name 8 = sbeox0ML/L: Oxygen, SBE 43 [ml/l]
# name 9 = sbeox1ML/L: Oxygen, SBE 43, 2 [ml/l]
# name 10 = altM: Altimeter [m]
# name 11 = flECO-AFL: Chl-a Fluorescence, WET Labs ECO-AFL/FL [mg/m^3]
# name 12 = flECO-AFL1: Phycocyanin Fluorescence, WET Labs ECO-AFL/FL, 2 [mg/m^3]
# name 13 = par: PAR/Irradiance, Biospherical/Lico [µE/(cm^2*s)]
# name 14 = turbWETntu0: Turbidity, WET Labs ECO [NTU]
# name 15 = sal00: Salinity, Practical [PSU]
# name 16 = sal11: Salinity, Practical, 2 [PSU]
# name 17 = secS-priS: Salinity, Practical, Difference, 2 - 1 [PSU]
# name 18 = sigma-t00: Density [sigma-t, Kg/m^3 ]
# name 19 = sigma-t11: Density, 2 [sigma-t, Kg/m^3 ]
# name 20 = depSM: Depth [salt water, m], lat = 57.9983
# name 21 = depFM: Depth [true depth, m], lat = 57.9983
# name 22 = dz/dtM: Descent Rate [m/s], WS = 2
# name 23 = svCM: Sound Velocity [Chen-Millero, m/s]
# name 24 = svCM1: Sound Velocity, 2 [Chen-Millero, m/s]
# name 25 = flag: flag
# span 0 =      30926,      41490       
# span 1 =      1.000,    194.000       
# span 2 =     3.8165,     8.8110       
# span 3 =     3.8167,     8.8302       
# span 4 =    -0.0074,     0.0502       
# span 5 =   0.789142,   1.384897       
# span 6 =   0.789037,   1.384890       
# span 7 =          1,          1       
# span 8 =    0.01321,    7.51483       
# span 9 =    0.04357,    7.23879       
# span 10 =       1.63,      99.46      
# span 11 =     0.2415,     0.9107      
# span 12 =     0.1649,     0.3734      
# span 13 = 1.0000e-12, 1.7102e+02      
# span 14 =     0.1617,     2.1914      
# span 15 =     6.9314,    12.6295      
# span 16 =     6.9311,    12.6290      
# span 17 =    -0.0083,     0.0007      
# span 18 =     5.2334,     9.8700      
# span 19 =     5.2313,     9.8694      
# span 20 =      0.991,    192.112      
# span 21 =     -0.000,    196.032      
# span 22 =      0.165,      0.542      
# span 23 =    1431.47,    1452.78      
# span 24 =    1431.46,    1452.78      
# span 25 = 0.0000e+00, 0.0000e+00      
# interval = decibars: 0.5              
# start_time = Nov 09 2018 08:30:52 [NMEA time, first data scan]
# bad_flag = -9.990e-29
*END*
[from data line 112]
      33718     57.000     4.4383     4.4399     0.0016    0.92171    0.92151          1     2.7524     2.9654      98.71     0.2721     0.2266  1.000e-12  0.1643000     8.7284     8.7260    -0.0025     6.9240     6.9219     56.464     57.734      0.477    1435.82    1435.82  0.000e+00
      33743     57.500     4.4912     4.4904    -0.0007    0.92918    0.92880          1     2.5529     2.7814      98.71     0.2692     0.2354  1.000e-12  0.1617000     8.7905     8.7868    -0.0037     6.9712     6.9684     56.959     58.240      0.460    1436.14    1436.13  0.000e+00
      33769     58.000     4.5748     4.5752     0.0004    0.94274    0.94226          1     2.3436     2.5686      77.38     0.2924     0.1942  1.000e-12  0.1683000     8.9060     8.9011    -0.0049     7.0597     7.0557     57.454     58.746      0.472    1436.66    1436.66  0.000e+00
      33794     58.500     4.6219     4.6239     0.0020    0.95108    0.95101          1     2.1510     2.3787      44.31     0.2965     0.3025  1.000e-12  0.2057000     8.9781     8.9768    -0.0013     7.1150     7.1139     57.950     59.251      0.503    1436.97    1436.98  0.000e+00
      33817     59.000     4.6577     4.6596     0.0020    0.95561    0.95543          1     2.0072     2.2159      89.34     0.2858     0.1649  1.000e-12  0.1996000     9.0142     9.0119    -0.0023     7.1422     7.1403     58.445     59.757      0.505    1437.18    1437.19  0.000e+00
      33842     59.500     4.7232     4.7242     0.0010    0.96349    0.96335          1     1.8682     2.0688      98.63     0.2944     0.2043  1.000e-12  0.1683000     9.0764     9.0746    -0.0018     7.1888     7.1874     58.940     60.263      0.476    1437.56    1437.56  0.000e+00
      33868     60.000     4.7642     4.7644     0.0002    0.96717    0.96694          1     1.7551     1.9456      98.71     0.3016     0.1936  1.000e-12  0.1721000     9.1023     9.1000    -0.0023     7.2077     7.2058     59.435     60.768      0.469    1437.78    1437.78  0.000e+00
      33893     60.500     4.8112     4.8119     0.0007    0.97193    0.97168          1     1.6603     1.8135      98.71     0.2953     0.2289  1.000e-12  0.1767000     9.1376     9.1349    -0.0027     7.2336     7.2315     59.931     61.274      0.491    1438.04    1438.04  0.000e+00
      33917     61.000     4.8934     4.8860    -0.0074    0.98228    0.98126          1     1.5382     1.6796      98.71     0.3056     0.1876  1.000e-12  0.1806000     9.2195     9.2112    -0.0083     7.2950     7.2887     60.426     61.779      0.494    1438.51    1438.47  0.000e+00
      33941     61.500     4.9912     4.9922     0.0010    0.99196    0.99183          1     1.3947     1.5451      35.87     0.3171     0.1669  1.000e-12  0.2034000     9.2901     9.2885    -0.0016     7.3464     7.3451     60.921     62.285      0.482    1439.04    1439.04  0.000e+00
      33966     62.000     5.0345     5.0371     0.0026    0.99637    0.99628          1     1.2654     1.4248      64.44     0.3090     0.2136  1.000e-12  0.2285000     9.3224     9.3208    -0.0016     7.3700     7.3686     61.416     62.791      0.488    1439.28    1439.29  0.000e+00
      33991     62.500     5.0522     5.0539     0.0016    1.00009    0.99996          1     1.1545     1.3210      98.60     0.3152     0.2261  1.000e-12  0.2289000     9.3548     9.3531    -0.0017     7.3949     7.3934     61.911     63.296      0.492    1439.40    1439.41  0.000e+00
      34015     63.000     5.0549     5.0572     0.0023    1.00199    1.00191          1     1.0641     1.2431      98.70     0.3273     0.2612  1.000e-12  0.2438000     9.3732     9.3718    -0.0015     7.4093     7.4080     62.407     63.802      0.475    1439.45    1439.46  0.000e+00
      34041     63.500     5.0513     5.0533     0.0020    1.00436    1.00419          1     0.9844     1.1811      98.71     0.3120     0.2462  1.000e-12  0.2332000     9.3980     9.3957    -0.0023     7.4290     7.4271     62.902     64.307      0.471    1439.47    1439.48  0.000e+00
      34066     64.000     5.0490     5.0510     0.0021    1.00715    1.00705          1     0.9083     1.0975      98.46     0.3164     0.1931  1.000e-12  0.2227000     9.4267     9.4251    -0.0016     7.4519     7.4505     63.397     64.813      0.493    1439.51    1439.51  0.000e+00
      34090     64.500     5.0509     5.0516     0.0007    1.00984    1.00963          1     0.8333     1.0065      98.71     0.2976     0.2055  1.000e-12  0.2058000     9.4532     9.4510    -0.0023     7.4727     7.4709     63.892     65.318      0.506    1439.56    1439.55  0.000e+00
      34114     65.000     5.1325     5.1333     0.0008    1.02269    1.02224          1     0.7150     0.8986      98.71     0.3008     0.2442  1.000e-12  0.2132000     9.5595     9.5547    -0.0048     7.5529     7.5491     64.388     65.824      0.487    1440.06    1440.05  0.000e+00
      34139     65.500     5.1749     5.1766     0.0016    1.03109    1.03081          1     0.5734     0.7747      98.71     0.3280     0.2352  1.000e-12  0.2254000     9.6318     9.6285    -0.0033     7.6080     7.6053     64.883     66.329      0.461    1440.34    1440.34  0.000e+00
      34165     66.000     5.1846     5.1855     0.0009    1.03905    1.03863          1     0.4246     0.6523      98.71     0.3633     0.2337  1.000e-12  0.1953000     9.7092     9.7048    -0.0044     7.6686     7.6651     65.378     66.834      0.477    1440.49    1440.49  0.000e+00
      34189     66.500     5.2053     5.2070     0.0017    1.04347    1.04341          1     0.3231     0.5601      98.71     0.2974     0.2254  1.000e-12  0.1858000     9.7477     9.7466    -0.0011     7.6981     7.6971     65.873     67.340      0.510    1440.63    1440.64  0.000e+00
      34213     67.000     5.2110     5.2127     0.0017    1.04440    1.04432          1     0.2727     0.5022      98.71     0.3347     0.1819  1.000e-12  0.1793000     9.7553     9.7539    -0.0013     7.7038     7.7026     66.368     67.845      0.508    1440.68    1440.68  0.000e+00
      34237     67.500     5.2191     5.2208     0.0017    1.04638    1.04634          1     0.2439     0.4585      98.71     0.3243     0.2324  1.000e-12  0.1803000     9.7727     9.7718    -0.0009     7.7172     7.7164     66.864     68.351      0.478    1440.74    1440.75  0.000e+00
      34263     68.000     5.2264     5.2278     0.0014    1.04719    1.04706          1     0.2228     0.4157      98.71     0.3023     0.1921  1.000e-12  0.1751000     9.7787     9.7770    -0.0017     7.7215     7.7201     67.359     68.856      0.465    1440.79    1440.79  0.000e+00
      34288     68.500     5.2482     5.2498     0.0016    1.05029    1.05022          1     0.1955     0.3737      98.71     0.3215     0.1779  1.000e-12  0.1739000     9.8034     9.8023    -0.0011     7.7400     7.7390     67.854     69.361      0.483    1440.92    1440.93  0.000e+00
      34313     69.000     5.2568     5.2586     0.0018    1.05150    1.05147          1     0.1737     0.3395      98.71     0.3014     0.1778  1.000e-12  0.1907000     9.8130     9.8122    -0.0008     7.7471     7.7463     68.349     69.867      0.496    1440.98    1440.99  0.000e+00
      34337     69.500     5.2636     5.2645     0.0009    1.05258    1.05235          1     0.1470     0.2978      90.49     0.3206     0.2034  1.000e-12  0.3089000     9.8218     9.8192    -0.0026     7.7537     7.7516     68.844     70.372      0.489    1441.03    1441.03  0.000e+00
      34362     70.000     5.3165     5.3151    -0.0015    1.06113    1.06039          1     0.0985     0.2440      89.28     0.3353     0.2187  1.000e-12  0.2085000     9.8922     9.8851    -0.0071     7.8066     7.8011     69.340     70.877      0.484    1441.36    1441.34  0.000e+00
      34386     70.500     5.3585     5.3598     0.0013    1.06878    1.06848          1     0.0614     0.1976      98.59     0.3094     0.2103  1.000e-12  0.2871000     9.9566     9.9532    -0.0034     7.8553     7.8525     69.835     71.383      0.497    1441.63    1441.63  0.000e+00
      34410     71.000     5.3972     5.3975     0.0003    1.07584    1.07548          1     0.0451     0.1709      98.71     0.3166     0.2072  1.000e-12  0.5608000    10.0159    10.0122    -0.0037     7.9001     7.8971     70.330     71.888      0.495    1441.88    1441.87  0.000e+00
      34435     71.500     5.4230     5.4245     0.0014    1.08057    1.08050          1     0.0414     0.1536      98.47     0.3491     0.2159  1.000e-12  0.9114000    10.0556    10.0544    -0.0012     7.9301     7.9290     70.825     72.393      0.472    1442.05    1442.05  0.000e+00
      34461     72.000     5.4321     5.4337     0.0016    1.08216    1.08211          1     0.0412     0.1408      98.69     0.3529     0.2230  1.000e-12  1.1238000    10.0688    10.0677    -0.0010     7.9399     7.9390     71.320     72.898      0.472    1442.11    1442.12  0.000e+00
      34485     72.500     5.4432     5.4443     0.0011    1.08403    1.08385          1     0.0401     0.1298      98.71     0.3326     0.2346  1.000e-12  1.2093000    10.0841    10.0820    -0.0021     7.9515     7.9497     71.816     73.404      0.504    1442.19    1442.19  0.000e+00
      34509     73.000     5.4658     5.4671     0.0012    1.08805    1.08786          1     0.0408     0.1180      98.34     0.3477     0.2662  1.000e-12  1.3881000    10.1176    10.1153    -0.0023     7.9766     7.9748     72.311     73.909      0.508    1442.34    1442.34  0.000e+00
      34533     73.500     5.4961     5.4972     0.0011    1.09312    1.09296          1     0.0450     0.1120      98.52     0.3467     0.2726  1.000e-12  1.7426000    10.1592    10.1573    -0.0019     8.0079     8.0063     72.806     74.414      0.481    1442.53    1442.53  0.000e+00
      34559     74.000     5.5105     5.5124     0.0019    1.09596    1.09598          1     0.0439     0.1113      98.71     0.3443     0.2369  1.000e-12  1.9603000    10.1833    10.1829    -0.0004     8.0261     8.0256     73.301     74.919      0.468    1442.63    1442.63  0.000e+00
      34584     74.500     5.5134     5.5151     0.0017    1.09643    1.09642          1     0.0419     0.1035      98.71     0.3484     0.2406  1.000e-12  1.9365000    10.1870    10.1864    -0.0006     8.0288     8.0282     73.796     75.425      0.488    1442.65    1442.66  0.000e+00
      34608     75.000     5.5160     5.5174     0.0014    1.09672    1.09670          1     0.0427     0.0987      98.71     0.3546     0.2247  1.000e-12  1.9077000    10.1891    10.1884    -0.0007     8.0303     8.0297     74.291     75.930      0.488    1442.68    1442.68  0.000e+00
      34633     75.500     5.5245     5.5255     0.0010    1.09814    1.09800          1     0.0429     0.0896      98.71     0.3600     0.2277  1.000e-12  1.9046000    10.2006    10.1989    -0.0017     8.0389     8.0375     74.787     76.435      0.474    1442.73    1442.74  0.000e+00
      34658     76.000     5.5415     5.5427     0.0011    1.10046    1.10038          1     0.0444     0.0876      98.71     0.3540     0.2109  1.000e-12  1.9823000    10.2186    10.2174    -0.0012     8.0522     8.0512     75.282     76.940      0.489    1442.84    1442.84  0.000e+00
      34682     76.500     5.5607     5.5627     0.0020    1.10332    1.10331          1     0.0395     0.0876      98.55     0.3430     0.2338  1.000e-12  2.1267000    10.2414    10.2407    -0.0007     8.0691     8.0684     75.777     77.445      0.511    1442.96    1442.96  0.000e+00
      34706     77.000     5.5762     5.5778     0.0016    1.10574    1.10571          1     0.0422     0.0838      78.61     0.3417     0.2084  1.000e-12  2.1914000    10.2608    10.2600    -0.0008     8.0836     8.0828     76.272     77.951      0.496    1443.06    1443.06  0.000e+00
      34731     77.500     5.5807     5.5824     0.0017    1.10665    1.10664          1     0.0434     0.0819      52.81     0.3552     0.2066  1.000e-12  2.1449000    10.2685    10.2679    -0.0006     8.0894     8.0888     76.767     78.456      0.462    1443.09    1443.10  0.000e+00
      34757     78.000     5.5817     5.5831     0.0014    1.10693    1.10685          1     0.0428     0.0782      93.60     0.3659     0.2307  1.000e-12  2.1420000    10.2709    10.2696    -0.0013     8.0912     8.0901     77.263     78.961      0.470    1443.11    1443.11  0.000e+00
      34782     78.500     5.5894     5.5905     0.0011    1.10827    1.10813          1     0.0376     0.0788      80.08     0.3487     0.2099  1.000e-12  2.1119000    10.2819    10.2801    -0.0017     8.0995     8.0980     77.758     79.466      0.504    1443.16    1443.17  0.000e+00
      34805     79.000     5.6121     5.6127     0.0006    1.11300    1.11275          1     0.0363     0.0749      44.60     0.3511     0.2278  1.000e-12  2.0441000    10.3222    10.3195    -0.0027     8.1300     8.1278     78.253     79.971      0.509    1443.32    1443.32  0.000e+00
      34829     79.500     5.6389     5.6399     0.0009    1.11842    1.11819          1     0.0389     0.0724      88.23     0.3492     0.2162  1.000e-12  1.9253000    10.3681    10.3655    -0.0026     8.1646     8.1625     78.748     80.476      0.491    1443.50    1443.50  0.000e+00
      34854     80.000     5.6482     5.6494     0.0012    1.12048    1.12037          1     0.0386     0.0741      97.78     0.3507     0.2165  1.000e-12  1.7165000    10.3858    10.3844    -0.0014     8.1781     8.1769     79.243     80.982      0.483    1443.57    1443.57  0.000e+00
      34879     80.500     5.6662     5.6672     0.0010    1.12421    1.12394          1     0.0381     0.0705      97.82     0.3589     0.2472  1.000e-12  1.5933000    10.4175    10.4145    -0.0030     8.2020     8.1996     79.738     81.487      0.479    1443.70    1443.70  0.000e+00
      34904     81.000     5.6926     5.6931     0.0005    1.12815    1.12797          1     0.0387     0.0691      97.84     0.3571     0.2544  1.000e-12  1.4567000    10.4487    10.4467    -0.0019     8.2251     8.2235     80.234     81.992      0.468    1443.86    1443.86  0.000e+00
      34930     81.500     5.7022     5.7037     0.0015    1.12960    1.12953          1     0.0360     0.0710      97.81     0.3386     0.2343  1.000e-12  1.3500000    10.4601    10.4590    -0.0011     8.2335     8.2325     80.729     82.497      0.479    1443.92    1443.93  0.000e+00
      34954     82.000     5.7174     5.7191     0.0017    1.13124    1.13116          1     0.0369     0.0665      97.92     0.3623     0.1962  1.000e-12  1.3148000    10.4717    10.4703    -0.0014     8.2417     8.2406     81.224     83.002      0.508    1444.01    1444.01  0.000e+00
      34977     82.500     5.7525     5.7536     0.0011    1.13578    1.13562          1     0.0364     0.0644      98.63     0.3494     0.1751  1.000e-12  1.3034000    10.5060    10.5041    -0.0020     8.2667     8.2651     81.719     83.507      0.514    1444.21    1444.21  0.000e+00
      35001     83.000     5.7704     5.7717     0.0013    1.13891    1.13881          1     0.0332     0.0654      98.70     0.3477     0.2132  1.000e-12  1.2974000    10.5317    10.5302    -0.0015     8.2859     8.2847     82.214     84.012      0.488    1444.33    1444.33  0.000e+00
      35027     83.500     5.7847     5.7856     0.0009    1.14184    1.14169          1     0.0355     0.0618      98.71     0.3278     0.2334  1.000e-12  1.2277000    10.5563    10.5546    -0.0017     8.3045     8.3031     82.709     84.517      0.450    1444.43    1444.43  0.000e+00
      35054     84.000     5.8010     5.8021     0.0010    1.14490    1.14473          1     0.0366     0.0645      98.71     0.3372     0.2201  1.000e-12  1.1242000    10.5817    10.5797    -0.0020     8.3235     8.3218     83.205     85.022      0.445    1444.54    1444.54  0.000e+00
