ctdpy/tests/etc/all_smhi_bas_2018/SBE09_1044_20181017_0345_34_01_0100.cnv
* Sea-Bird SBE 9 Data File:
* FileName = C:\LUOTAUS\DATA_IN\hex_in\SMHI\ar18d100.hex
* Software Version Seasave V 7.23.2
* Temperature SN = 5351
* Conductivity SN = 3941
* Number of Bytes Per Scan = 30
* Number of Voltage Words = 4
* Number of Scans Averaged by the Deck Unit = 1
** Station:  BY1
** Operator:  OBac
** Ship: ARANDA
** Average sound velocity: 1470.33 m/s
** True-depth calculation Wed, 17 Oct 2018 04:13:05 +0000
** CTD Python Module SMHI /ver 3-12/ feb 2012 
** LIMS Job: 20183401-0100
** Cruise: SMHI-4-2018
** Latitude [GG MM.mm N]: 55 00.933 N
** Longitude [GG MM.mm E] 13 18.046 E
# nquan = 26
# nvalues = 82                          
# units = specified
# name 0 = scan: Scan Count
# name 1 = prDM: Pressure, Digiquartz [db]
# name 2 = t090C: Temperature [ITS-90, deg C]
# name 3 = t190C: Temperature, 2 [ITS-90, deg C]
# name 4 = T2-T190C: Temperature Difference, 2 - 1 [ITS-90, deg C]
# name 5 = c0S/m: Conductivity [S/m]
# name 6 = c1S/m: Conductivity, 2 [S/m]
# name 7 = pumps: Pump Status
# name 8 = sbeox0ML/L: Oxygen, SBE 43 [ml/l]
# name 9 = sbeox1ML/L: Oxygen, SBE 43, 2 [ml/l]
# name 10 = altM: Altimeter [m]
# name 11 = flECO-AFL: Chl-a Fluorescence, WET Labs ECO-AFL/FL [mg/m^3]
# name 12 = flECO-AFL1: Phycocyanin Fluorescence, WET Labs ECO-AFL/FL, 2 [mg/m^3]
# name 13 = par: PAR/Irradiance, Biospherical/Lico [µE/(cm^2*s)]
# name 14 = turbWETntu0: Turbidity, WET Labs ECO [NTU]
# name 15 = sal00: Salinity, Practical [PSU]
# name 16 = sal11: Salinity, Practical, 2 [PSU]
# name 17 = secS-priS: Salinity, Practical, Difference, 2 - 1 [PSU]
# name 18 = sigma-t00: Density [sigma-t, Kg/m^3 ]
# name 19 = sigma-t11: Density, 2 [sigma-t, Kg/m^3 ]
# name 20 = depSM: Depth [salt water, m], lat = 0
# name 21 = depFM: Depth [true depth, m], lat = 0
# name 22 = dz/dtM: Descent Rate [m/s], WS = 2
# name 23 = svCM: Sound Velocity [Chen-Millero, m/s]
# name 24 = svCM1: Sound Velocity, 2 [Chen-Millero, m/s]
# name 25 = flag: flag
# span 0 =      16140,      18463       
# span 1 =      1.500,     41.500       
# span 2 =    11.2348,    14.4292       
# span 3 =    11.2333,    14.4217       
# span 4 =    -0.0791,     0.0639       
# span 5 =   1.108757,   2.249837       
# span 6 =   1.108883,   2.240643       
# span 7 =          1,          1       
# span 8 =    4.34822,    7.43834       
# span 9 =    4.16823,    6.92582       
# span 10 =       2.99,      36.41      
# span 11 =     0.2620,     2.5874      
# span 12 =     0.2009,     0.6418      
# span 13 = 1.0000e-12, 1.0000e-12      
# span 14 =     0.1989,     1.1593      
# span 15 =     8.4553,    17.5245      
# span 16 =     8.4304,    17.4773      
# span 17 =    -0.1526,     0.1298      
# span 18 =     5.9264,    12.7029      
# span 19 =     5.9044,    12.6894      
# span 20 =      1.491,     41.765      
# span 21 =      1.519,     42.459      
# span 22 =     -0.335,      0.598      
# span 23 =    1464.26,    1484.19      
# span 24 =    1464.26,    1484.11      
# span 25 = 0.0000e+00, 0.0000e+00      
# interval = decibars: 0.5              
# start_time = Oct 17 2018 03:45:02 [System UTC, header]
# bad_flag = -9.990e-29
*END*
[from data line 56]
      17392     29.500    12.7010    12.6818    -0.0191    1.42571    1.41866          1     5.7955     5.4378      12.49     0.4724     0.2507  1.000e-12  0.2259000    11.0739    11.0201    -0.0538     7.9767     7.9380     29.336     29.844      0.564    1471.38    1471.25  0.000e+00
      17413     30.000    12.9025    12.9021    -0.0004    1.44770    1.44747          1     5.7798     5.4392       9.86     0.4176     0.2260  1.000e-12  0.2123000    11.1999    11.1981    -0.0018     8.0438     8.0424     29.833     30.349      0.573    1472.27    1472.26  0.000e+00
      17434     30.500    12.9076    12.9079     0.0004    1.44797    1.44789          1     5.7905     5.4537      13.09     0.3823     0.2535  1.000e-12  0.2157000    11.2006    11.1999    -0.0008     8.0436     8.0429     30.330     30.855      0.585    1472.29    1472.29  0.000e+00
      17454     31.000    12.9061    12.9118     0.0054    1.44787    1.44802          1     5.7962     5.4608      14.04     0.3731     0.2832  1.000e-12  0.2066000    11.2002    11.1997    -0.0004     8.0435     8.0422     30.827     31.360      0.589    1472.29    1472.32  0.000e+00
      17474     31.500    13.0143    13.0101    -0.0039    1.46173    1.45922          1     5.7695     5.4351      13.97     0.3769     0.2929  1.000e-12  0.1989000    11.2843    11.2645    -0.0198     8.0918     8.0772     31.325     31.865      0.581    1472.79    1472.75  0.000e+00
      17495     32.000    13.0744    13.0749     0.0005    1.47281    1.47221          1     5.7386     5.4204      13.58     0.3783     0.2496  1.000e-12  0.2009000    11.3591    11.3539    -0.0051     8.1401     8.1361     31.822     32.370      0.572    1473.10    1473.10  0.000e+00
      17516     32.500    13.0896    13.0896     0.0000    1.47724    1.47608          1     5.6968     5.3750      13.09     0.3689     0.2483  1.000e-12  0.2065000    11.3916    11.3818    -0.0097     8.1629     8.1554     32.319     32.875      0.576    1473.20    1473.19  0.000e+00
      17537     33.000    13.1407    13.1401    -0.0006    1.50383    1.50086          1     5.6403     5.3204      12.59     0.3581     0.2703  1.000e-12  0.2156000    11.5985    11.5738    -0.0247     8.3142     8.2953     32.816     33.380      0.589    1473.64    1473.60  0.000e+00
      17557     33.500    13.1779    13.1788     0.0009    1.52913    1.52607          1     5.5816     5.2803      12.12     0.3580     0.2875  1.000e-12  0.2110000    11.7988    11.7729    -0.0259     8.4626     8.4425     33.313     33.886      0.589    1474.01    1473.98  0.000e+00
      17578     34.000    13.2001    13.2001     0.0000    1.55175    1.54956          1     5.5714     5.2606      11.61     0.3500     0.2789  1.000e-12  0.2019000    11.9813    11.9629    -0.0183     8.5996     8.5854     33.810     34.390      0.570    1474.31    1474.29  0.000e+00
      17599     34.500    13.2200    13.2205     0.0005    1.56377    1.56255          1     5.5957     5.2794      11.09     0.3563     0.2661  1.000e-12  0.2120000    12.0757    12.0653    -0.0104     8.6691     8.6610     34.308     34.895      0.553    1474.50    1474.49  0.000e+00
      17621     35.000    13.2722    13.2664    -0.0058    1.58967    1.58336          1     5.5842     5.2759      10.55     0.3731     0.2196  1.000e-12  0.2290000    12.2762    12.2251    -0.0510     8.8151     8.7768     34.805     35.400      0.559    1474.93    1474.85  0.000e+00
      17642     35.500    13.3416    13.3423     0.0007    1.61567    1.61514          1     5.5463     5.2401      10.06     0.3824     0.2070  1.000e-12  0.2229000    12.4717    12.4670    -0.0047     8.9546     8.9509     35.302     35.905      0.580    1475.42    1475.41  0.000e+00
      17662     36.000    13.3567    13.3579     0.0013    1.61913    1.61867          1     5.5335     5.2158       9.57     0.3697     0.2071  1.000e-12  0.2165000    12.4957    12.4914    -0.0043     8.9706     8.9671     35.799     36.410      0.592    1475.50    1475.50  0.000e+00
      17683     36.500    13.3670    13.3664    -0.0006    1.62358    1.62269          1     5.5001     5.1983       9.06     0.3512     0.2072  1.000e-12  0.2282000    12.5296    12.5223    -0.0073     8.9950     8.9895     36.296     36.915      0.589    1475.59    1475.58  0.000e+00
      17703     37.000    13.4200    13.4200     0.0000    1.64066    1.63752          1     5.4611     5.1604       8.54     0.3399     0.2329  1.000e-12  0.2292000    12.6552    12.6289    -0.0263     9.0832     9.0629     36.793     37.419      0.582    1475.93    1475.90  0.000e+00
      17724     37.500    13.4932    13.4934     0.0003    1.65959    1.65815          1     5.4370     5.1287       8.04     0.3301     0.2421  1.000e-12  0.2304000    12.7895    12.7774    -0.0121     9.1746     9.1653     37.291     37.924      0.583    1476.35    1476.34  0.000e+00
      17744     38.000    13.5054    13.5045    -0.0008    1.67295    1.67071          1     5.3937     5.0863       7.54     0.3220     0.2256  1.000e-12  0.2302000    12.8972    12.8788    -0.0184     9.2555     9.2414     37.788     38.428      0.583    1476.53    1476.51  0.000e+00
      17765     38.500    13.6644    13.6638    -0.0007    1.70175    1.69874          1     5.3174     5.0220       7.02     0.3335     0.2009  1.000e-12  0.2537000    13.0845    13.0595    -0.0250     9.3736     9.3545     38.285     38.933      0.574    1477.32    1477.29  0.000e+00
      17786     39.000    13.7058    13.7094     0.0036    1.76253    1.75357          1     5.2425     4.9445       6.50     0.3335     0.2479  1.000e-12  0.2489000    13.5789    13.5025    -0.0764     9.7467     9.6874     38.782     39.438      0.564    1478.05    1477.97  0.000e+00
      17807     39.500    13.9103    13.9133     0.0030    1.83434    1.82671          1     5.1501     4.8545       6.01     0.3341     0.2498  1.000e-12  0.2663000    14.1070    14.0420    -0.0650    10.1182    10.0678     39.279     39.942      0.567    1479.38    1479.32  0.000e+00
      17828     40.000    14.0445    14.0408    -0.0034    1.95173    1.93341          1     4.8822     4.6280       5.51     0.3238     0.2502  1.000e-12  0.2769000    15.0416    14.8890    -0.1526    10.8130    10.6965     39.776     40.446      0.576    1480.95    1480.76  0.000e+00
      17849     40.500    14.4292    14.4217    -0.0074    2.11983    2.11029          1     4.7487     4.5288       4.99     0.3014     0.2436  1.000e-12  0.2729000    16.2980    16.2211    -0.0769    11.7097    11.6521     40.274     40.949      0.582    1483.73    1483.62  0.000e+00
      17870     41.000    14.0780    14.0707    -0.0075    2.15372    2.14626          1     4.6209     4.4168       4.54     0.2620     0.2333  1.000e-12  0.2782000    16.7333    16.6731    -0.0602    12.1060    12.0610     40.771     41.453      0.580    1483.05    1482.96  0.000e+00
      17891     41.500    14.1380    14.1435     0.0054    2.24984    2.24064          1     4.3985     4.2340       4.08     0.2637     0.2332  1.000e-12  0.2323000    17.5245    17.4438    -0.0807    12.7029    12.6400     41.268     41.956      0.503    1484.19    1484.11  0.000e+00
