ctdpy/tests/etc/all_smhi_bas_2018/SBE09_0827_20180225_1637_26_01_0310.cnv
* Sea-Bird SBE 9 Data File:
* FileName = D:\CTD_SBE911\DAT\26DA.2018.3.10.hex
* Software Version Seasave V 7.21d
* Temperature SN = 034757
* Conductivity SN = 041844
* Number of Bytes Per Scan = 48
* Number of Voltage Words = 5
* Number of Scans Averaged by the Deck Unit = 1
* NMEA Latitude = 55 40.22 N
* NMEA Longitude = 014 46.49 E
* NMEA UTC (Time) = Feb 25 2018  16:38:00
* NMEA baud rate = 4800
** Ship: DANA
** Average sound velocity: 1430.07 m/s
** True-depth calculation Tue, 02 Apr 2019 08:32:03 +0000
** CTD Python Module SMHI /ver 3-12/ feb 2012 
** LIMS Job: 20182601-0310
** Operator:
** Cruise: 02/2018
# nquan = 26
# nvalues = 108                         
# units = specified
# name 0 = scan: Scan Count
# name 1 = prDM: Pressure, Digiquartz [db]
# name 2 = t090C: Temperature [ITS-90, deg C]
# name 3 = t190C: Temperature, 2 [ITS-90, deg C]
# name 4 = T2-T190C: Temperature Difference, 2 - 1 [ITS-90, deg C]
# name 5 = c0S/m: Conductivity [S/m]
# name 6 = c1S/m: Conductivity, 2 [S/m]
# name 7 = pumps: Pump Status
# name 8 = sbeox1ML/L: Oxygen, SBE 43, 2 [ml/l]
# name 9 = sbeox0ML/L: Oxygen, SBE 43 [ml/l]
# name 10 = altM: Altimeter [m]
# name 11 = chloroflTC0: Chlorophyll, Turner Cyclops [ug/l]
# name 12 = cpar: CPAR/Corrected Irradiance [%]
# name 13 = par: PAR/Irradiance, Biospherical/Lico [µE/(cm^2*s)]
# name 14 = spar: SPAR, Biospherical/Licor
# name 15 = sal00: Salinity, Practical [PSU]
# name 16 = sal11: Salinity, Practical, 2 [PSU]
# name 17 = secS-priS: Salinity, Practical, Difference, 2 - 1 [PSU]
# name 18 = sigma-t00: Density [sigma-t, kg/m^3 ]
# name 19 = sigma-t11: Density, 2 [sigma-t, kg/m^3 ]
# name 20 = depSM: Depth [salt water, m], lat = 55.6703
# name 21 = depFM: Depth [true depth, m], lat = 55.6703
# name 22 = dz/dtM: Descent Rate [m/s], WS = 2
# name 23 = svCM: Sound Velocity [Chen-Millero, m/s]
# name 24 = svCM1: Sound Velocity, 2 [Chen-Millero, m/s]
# name 25 = flag: flag
# span 0 =         27,       5140       
# span 1 =      0.500,     54.000       
# span 2 =     3.4479,     5.4863       
# span 3 =     3.5061,     5.2011       
# span 4 =    -0.9889,     0.0848       
# span 5 =   0.516794,   0.975722       
# span 6 =   0.146220,   0.940771       
# span 7 =          1,          1       
# span 8 =     5.4227,     8.6164       
# span 9 =     4.8053,     9.3936       
# span 10 =       1.72,       9.99      
# span 11 =     0.0122,     0.0147      
# span 12 = 1.6373e-11, 2.1239e+01      
# span 13 = 1.0000e-12, 1.2940e+00      
# span 14 = 4.0610e+00, 6.1027e+00      
# span 15 =     4.8430,     8.9935      
# span 16 =     1.2676,     8.7207      
# span 17 =    -5.9836,    -0.0056      
# span 18 =     3.8555,     7.0883      
# span 19 =     0.9944,     6.8866      
# span 20 =      0.495,     53.503      
# span 21 =      0.507,     54.679      
# span 22 =     -0.056,      0.651      
# span 23 =    1425.44,    1440.70      
# span 24 =    1421.07,    1439.11      
# span 25 = 0.0000e+00, 0.0000e+00      
# interval = decibars: 0.5              
# start_time = Feb 25 2018 16:38:00 [NMEA time, first data scan]
# bad_flag = -9.990e-29
*END*
[from data line 56]
       2706     28.500     3.5741     3.5730    -0.0012    0.78715    0.78649          1     7.9510     8.2684       8.29     0.0147  2.002e-11  1.000e-12  5.201e+00     7.5672     7.5607    -0.0066     6.0249     6.0197     28.240     28.863      0.493    1429.99    1429.98  0.000e+00
       2729     29.000     3.5744     3.5732    -0.0013    0.78718    0.78651          1     7.9853     8.2724       8.28     0.0139  2.058e-11  1.000e-12  5.061e+00     7.5674     7.5608    -0.0065     6.0250     6.0198     28.735     29.369      0.469    1430.00    1429.98  0.000e+00
       2779     29.500     3.5741     3.5730    -0.0011    0.78717    0.78653          1     8.0042     8.2747       8.28     0.0139  2.181e-11  1.000e-12  4.757e+00     7.5673     7.5609    -0.0064     6.0250     6.0199     29.230     29.875      0.267    1430.00    1429.99  0.000e+00
       2843     30.000     3.5744     3.5732    -0.0013    0.78719    0.78655          1     7.9587     8.2777       8.29     0.0144  2.260e-11  1.000e-12  4.561e+00     7.5673     7.5611    -0.0063     6.0250     6.0200     29.726     30.382      0.408    1430.01    1430.00  0.000e+00
       2867     30.500     3.5746     3.5739    -0.0008    0.78720    0.78658          1     7.9841     8.2819       8.30     0.0146  2.211e-11  1.000e-12  4.684e+00     7.5674     7.5611    -0.0063     6.0250     6.0201     30.221     30.888      0.448    1430.02    1430.01  0.000e+00
       2900     31.000     3.5742     3.5737    -0.0005    0.78721    0.78659          1     8.0503     8.2703       8.30     0.0133  2.351e-11  1.000e-12  4.338e+00     7.5674     7.5612    -0.0062     6.0251     6.0201     30.716     31.394      0.246    1430.03    1430.02  0.000e+00
       2977     31.500     3.5742     3.5734    -0.0009    0.78721    0.78661          1     8.0721     8.2777       8.32     0.0134  2.329e-11  1.000e-12  4.391e+00     7.5674     7.5614    -0.0060     6.0251     6.0203     31.212     31.900      0.254    1430.04    1430.03  0.000e+00
       3020     32.000     3.5742     3.5733    -0.0009    0.78722    0.78661          1     8.0186     8.2560       8.32     0.0134  2.386e-11  1.000e-12  4.250e+00     7.5674     7.5614    -0.0060     6.0251     6.0203     31.707     32.406      0.285    1430.04    1430.03  0.000e+00
       3058     32.500     3.5746     3.5734    -0.0013    0.78724    0.78663          1     7.9478     8.2425       8.33     0.0144  2.437e-11  1.000e-12  4.124e+00     7.5675     7.5614    -0.0060     6.0251     6.0203     32.203     32.913      0.372    1430.06    1430.04  0.000e+00
       3089     33.000     3.5745     3.5736    -0.0010    0.78725    0.78665          1     7.9403     8.2592       8.32     0.0145  2.440e-11  1.000e-12  4.117e+00     7.5675     7.5615    -0.0060     6.0251     6.0203     32.698     33.419      0.326    1430.06    1430.05  0.000e+00
       3152     33.500     3.5741     3.5733    -0.0008    0.78724    0.78665          1     8.0008     8.2591       8.33     0.0138  2.434e-11  1.000e-12  4.131e+00     7.5674     7.5615    -0.0059     6.0251     6.0204     33.193     33.925      0.255    1430.07    1430.06  0.000e+00
       3194     34.000     3.5741     3.5731    -0.0010    0.78724    0.78665          1     8.0066     8.2664       8.33     0.0136  2.462e-11  1.000e-12  4.061e+00     7.5674     7.5615    -0.0059     6.0251     6.0204     33.689     34.431      0.422    1430.08    1430.06  0.000e+00
       3221     34.500     3.5741     3.5730    -0.0011    0.78725    0.78666          1     8.0019     8.2543       8.33     0.0134  2.462e-11  1.000e-12  4.062e+00     7.5674     7.5616    -0.0058     6.0251     6.0204     34.184     34.938      0.403    1430.08    1430.07  0.000e+00
       3257     35.000     3.5738     3.5730    -0.0007    0.78725    0.78667          1     7.9730     8.2598       8.33     0.0134  2.462e-11  1.000e-12  4.062e+00     7.5674     7.5616    -0.0059     6.0251     6.0204     34.680     35.444      0.230    1430.09    1430.08  0.000e+00
       3349     35.500     3.5749     3.5732    -0.0017    0.78731    0.78668          1     7.9552     8.2530       8.34     0.0130  2.462e-11  1.000e-12  4.062e+00     7.5677     7.5616    -0.0060     6.0252     6.0204     35.175     35.950      0.353    1430.10    1430.09  0.000e+00
       3371     36.000     3.5742     3.5733    -0.0009    0.78729    0.78671          1     7.9659     8.2500       8.33     0.0133  2.462e-11  1.000e-12  4.062e+00     7.5676     7.5618    -0.0058     6.0252     6.0206     35.670     36.456      0.575    1430.11    1430.10  0.000e+00
       3390     36.500     3.5738     3.5732    -0.0007    0.78728    0.78671          1     7.9992     8.2594       8.33     0.0134  2.462e-11  1.000e-12  4.062e+00     7.5675     7.5618    -0.0058     6.0252     6.0206     36.166     36.962      0.560    1430.11    1430.10  0.000e+00
       3441     37.000     3.5748     3.5736    -0.0012    0.78734    0.78673          1     8.0093     8.2635       8.33     0.0132  2.462e-11  1.000e-12  4.062e+00     7.5678     7.5618    -0.0060     6.0254     6.0206     36.661     37.469      0.328    1430.13    1430.12  0.000e+00
       3520     37.500     3.5748     3.5738    -0.0011    0.78734    0.78676          1     7.9219     8.2507       8.33     0.0123  2.462e-11  1.000e-12  4.062e+00     7.5678     7.5620    -0.0058     6.0253     6.0207     37.156     37.975      0.485    1430.14    1430.12  0.000e+00
       3540     38.000     3.5742     3.5735    -0.0007    0.78733    0.78676          1     7.9257     8.2468       8.33     0.0123  2.462e-11  1.000e-12  4.062e+00     7.5678     7.5620    -0.0058     6.0253     6.0208     37.652     38.481      0.523    1430.14    1430.13  0.000e+00
       3587     38.500     3.5758     3.5739    -0.0018    0.78740    0.78678          1     7.9744     8.2445       8.30     0.0129  2.462e-11  1.000e-12  4.062e+00     7.5680     7.5620    -0.0059     6.0255     6.0208     38.147     38.987      0.304    1430.16    1430.14  0.000e+00
       3665     39.000     3.5778     3.5752    -0.0027    0.78749    0.78681          1     7.9658     8.2491       8.30     0.0125  2.462e-11  1.000e-12  4.062e+00     7.5684     7.5620    -0.0064     6.0257     6.0207     38.643     39.493      0.431    1430.17    1430.15  0.000e+00
       3684     39.500     3.5785     3.5782    -0.0003    0.78752    0.78693          1     7.9701     8.2559       8.34     0.0126  2.462e-11  1.000e-12  4.062e+00     7.5685     7.5624    -0.0060     6.0258     6.0210     39.138     40.000      0.555    1430.18    1430.18  0.000e+00
       3707     40.000     3.5790     3.5782    -0.0008    0.78755    0.78696          1     7.9958     8.2478       8.34     0.0125  2.462e-11  1.000e-12  4.062e+00     7.5686     7.5627    -0.0059     6.0259     6.0212     39.633     40.506      0.425    1430.19    1430.18  0.000e+00
       3799     40.500     3.5799     3.5784    -0.0015    0.78760    0.78698          1     8.0168     8.2474       8.34     0.0130  2.462e-11  1.000e-12  4.062e+00     7.5688     7.5628    -0.0060     6.0261     6.0213     40.129     41.012      0.290    1430.21    1430.19  0.000e+00
       3835     41.000     3.5796     3.5785    -0.0012    0.78759    0.78701          1     8.0454     8.2574       8.34     0.0130  2.462e-11  1.000e-12  4.062e+00     7.5687     7.5630    -0.0057     6.0260     6.0214     40.624     41.518      0.414    1430.21    1430.20  0.000e+00
       3868     41.500     3.5797     3.5791    -0.0006    0.78761    0.78703          1     8.0520     8.2597       8.34     0.0128  2.462e-11  1.000e-12  4.062e+00     7.5689     7.5630    -0.0059     6.0261     6.0215     41.119     42.025      0.273    1430.22    1430.21  0.000e+00
       3947     42.000     3.5805     3.5803    -0.0001    0.78765    0.78711          1     7.9832     8.2388       8.35     0.0124  2.462e-11  1.000e-12  4.062e+00     7.5691     7.5635    -0.0056     6.0262     6.0218     41.615     42.531      0.291    1430.23    1430.23  0.000e+00
       3980     42.500     3.5808     3.5801    -0.0007    0.78768    0.78711          1     8.0046     8.2433       8.35     0.0122  2.462e-11  1.000e-12  4.062e+00     7.5692     7.5635    -0.0057     6.0264     6.0218     42.110     43.037      0.439    1430.24    1430.23  0.000e+00
       4009     43.000     3.5814     3.5800    -0.0014    0.78773    0.78712          1     8.0021     8.2481       8.35     0.0125  2.462e-11  1.000e-12  4.062e+00     7.5695     7.5635    -0.0060     6.0266     6.0218     42.605     43.543      0.352    1430.25    1430.24  0.000e+00
       4079     43.500     3.5800     3.5799    -0.0000    0.78766    0.78711          1     8.0578     8.2558       8.36     0.0124  2.462e-11  1.000e-12  4.062e+00     7.5690     7.5633    -0.0057     6.0262     6.0217     43.101     44.049      0.237    1430.26    1430.25  0.000e+00
       4131     44.000     3.5805     3.5796    -0.0009    0.78769    0.78711          1     8.0442     8.2399       8.36     0.0130  2.462e-11  1.000e-12  4.062e+00     7.5692     7.5634    -0.0058     6.0263     6.0217     43.596     44.556      0.321    1430.26    1430.25  0.000e+00
       4170     44.500     3.5810     3.5796    -0.0015    0.78772    0.78709          1     8.0173     8.2382       8.37     0.0123  2.462e-11  1.000e-12  4.062e+00     7.5692     7.5631    -0.0061     6.0264     6.0215     44.092     45.062      0.273    1430.28    1430.26  0.000e+00
       4224     45.000     3.5802     3.5789    -0.0013    0.78768    0.78707          1     8.0439     8.2431       8.37     0.0139  2.462e-11  1.000e-12  4.062e+00     7.5689     7.5630    -0.0059     6.0261     6.0214     44.587     45.568      0.210    1430.28    1430.27  0.000e+00
       4272     45.500     3.5816     3.5792    -0.0024    0.78775    0.78703          1     8.0576     8.2509       8.37     0.0127  2.462e-11  1.000e-12  4.062e+00     7.5693     7.5624    -0.0069     6.0264     6.0210     45.082     46.074      0.353    1430.30    1430.27  0.000e+00
       4303     46.000     3.5805     3.5800    -0.0005    0.78770    0.78705          1     8.0370     8.2564       8.37     0.0123  2.462e-11  1.000e-12  4.062e+00     7.5690     7.5624    -0.0066     6.0262     6.0210     45.578     46.581      0.331    1430.30    1430.29  0.000e+00
       4368     46.500     3.5821     3.5795    -0.0026    0.78781    0.78709          1     8.0303     8.2399       8.37     0.0124  2.462e-11  1.000e-12  4.062e+00     7.5696     7.5629    -0.0068     6.0267     6.0213     46.073     47.087      0.238    1430.31    1430.29  0.000e+00
       4417     47.000     3.5873     3.5800    -0.0073    0.78809    0.78712          1     8.0548     8.2416       8.36     0.0123  2.462e-11  1.000e-12  4.062e+00     7.5712     7.5630    -0.0082     6.0278     6.0214     46.568     47.593      0.362    1430.35    1430.30  0.000e+00
       4452     47.500     3.5886     3.5833    -0.0053    0.78826    0.78719          1     8.0351     8.2382       8.03     0.0123  2.462e-11  1.000e-12  4.062e+00     7.5726     7.5629    -0.0097     6.0289     6.0213     47.064     48.099      0.262    1430.36    1430.33  0.000e+00
       4538     48.000     3.5875     3.5857    -0.0019    0.78825    0.78741          1     8.0734     8.2238       7.55     0.0128  2.462e-11  1.000e-12  4.062e+00     7.5727     7.5644    -0.0083     6.0290     6.0225     47.559     48.605      0.263    1430.37    1430.35  0.000e+00
       4574     48.500     3.5866     3.5862    -0.0004    0.78822    0.78755          1     8.0294     8.2151       7.08     0.0133  2.462e-11  1.000e-12  4.062e+00     7.5725     7.5658    -0.0068     6.0289     6.0235     48.054     49.112      0.421    1430.37    1430.36  0.000e+00
       4602     49.000     3.5886     3.5861    -0.0026    0.78834    0.78756          1     8.0178     8.2199       6.58     0.0125  2.462e-11  1.000e-12  4.062e+00     7.5733     7.5659    -0.0074     6.0295     6.0236     48.550     49.618      0.359    1430.38    1430.37  0.000e+00
       4689     49.500     3.5886     3.5869    -0.0016    0.78833    0.78759          1     8.0335     8.2217       6.12     0.0122  2.462e-11  1.000e-12  4.062e+00     7.5731     7.5658    -0.0073     6.0293     6.0235     49.045     50.124      0.269    1430.39    1430.38  0.000e+00
       4736     50.000     3.5951     3.5877    -0.0074    0.78869    0.78765          1     8.0261     8.2215       5.64     0.0122  2.462e-11  1.000e-12  4.062e+00     7.5752     7.5662    -0.0090     6.0309     6.0238     49.540     50.630      0.415    1430.43    1430.39  0.000e+00
       4766     50.500     3.6027     3.5889    -0.0138    0.78912    0.78774          1     8.0189     8.2111       5.13     0.0122  2.462e-11  1.000e-12  4.062e+00     7.5778     7.5668    -0.0110     6.0328     6.0243     50.036     51.136      0.326    1430.48    1430.40  0.000e+00
       4842     51.000     3.6076     3.5985    -0.0092    0.78933    0.78820          1     8.0449     8.1492       4.67     0.0122  2.462e-11  1.000e-12  4.062e+00     7.5788     7.5693    -0.0095     6.0334     6.0261     50.531     51.643      0.212    1430.51    1430.46  0.000e+00
       4902     51.500     3.6658     3.6044    -0.0615    0.79250    0.78849          1     7.9920     8.0305       4.22     0.0123  2.462e-11  1.000e-12  4.062e+00     7.5978     7.5708    -0.0269     6.0474     6.0272     51.026     52.149      0.300    1430.81    1430.49  0.000e+00
       4935     52.000     4.0175     3.6145    -0.4032    0.81456    0.78886          1     7.8455     7.7553       3.72     0.0129  2.462e-11  1.000e-12  4.062e+00     7.7410     7.5722    -0.1688     6.1529     6.0281     51.522     52.655      0.411    1432.59    1430.55  0.000e+00
       4963     52.500     4.6513     3.6622    -0.9889    0.87727    0.79090          1     7.7596     6.6992       3.20     0.0131  2.462e-11  1.000e-12  4.062e+00     8.2225     7.5820    -0.6405     6.5146     6.0349     52.017     53.161      0.384    1436.04    1430.79  0.000e+00
       5044     53.000     5.0651     4.5351    -0.5299    0.93025    0.86250          1     6.8381     5.4508       2.71     0.0129  2.462e-11  1.000e-12  4.062e+00     8.6514     8.0981    -0.5533     6.8383     6.4181     52.512     53.667      0.351    1438.42    1435.36  0.000e+00
       5093     53.500     5.2822     5.1313    -0.1509    0.95400    0.92671          1     6.0151     5.1936       2.25     0.0133  2.462e-11  1.000e-12  4.062e+00     8.8314     8.5983    -0.2331     6.9703     6.7930     53.008     54.173      0.555    1439.60    1438.64  0.000e+00
       5140     54.000     5.4863     5.2011    -0.2854    0.97572    0.94077          1     5.4227     4.8053       1.72     0.0134  2.462e-11  1.000e-12  4.062e+00     8.9935     8.7207    -0.2728     7.0883     6.8866     53.503     54.679     -0.056    1440.70    1439.11  0.000e+00
