ctdpy/tests/etc/all_smhi_bas_2018/SBE09_1044_20180131_1829_34_02_0039.cnv
* Sea-Bird SBE 9 Data File:
* FileName = C:\ctd\temp\2018\ME18D039.hex
* Software Version Seasave V 7.26.6.26
* Temperature SN = 5351
* Conductivity SN = 3941
* Number of Bytes Per Scan = 41
* Number of Voltage Words = 4
* Number of Scans Averaged by the Deck Unit = 1
* NMEA Latitude = 58 01.03 N
* NMEA Longitude = 017 59.07 E
* NMEA UTC (Time) = Jan 31 2018  18:29:28
* NMEA baud rate = 4800
** Station:  BY32
** Operator:  JKro
** Ship: MERI
** Average sound velocity: 1440.92 m/s
** True-depth calculation Wed, 31 Jan 2018 19:43:32 +0000
** CTD Python Module SMHI /ver 3-12/ feb 2012 
** LIMS Job: 20183402-0039
** Cruise: SMHI-01-2018
** Latitude [GG MM.mm N] :
** Longitude [GG MM.mm E]:
# nquan = 26
# nvalues = 391                         
# units = specified
# name 0 = scan: Scan Count
# name 1 = prDM: Pressure, Digiquartz [db]
# name 2 = t090C: Temperature [ITS-90, deg C]
# name 3 = t190C: Temperature, 2 [ITS-90, deg C]
# name 4 = T2-T190C: Temperature Difference, 2 - 1 [ITS-90, deg C]
# name 5 = c0S/m: Conductivity [S/m]
# name 6 = c1S/m: Conductivity, 2 [S/m]
# name 7 = pumps: Pump Status
# name 8 = sbeox0ML/L: Oxygen, SBE 43 [ml/l]
# name 9 = sbeox1ML/L: Oxygen, SBE 43, 2 [ml/l]
# name 10 = altM: Altimeter [m]
# name 11 = flECO-AFL: Chl-a Fluorescence, WET Labs ECO-AFL/FL [mg/m^3]
# name 12 = flECO-AFL1: Phycocyanin Fluorescence, WET Labs ECO-AFL/FL, 2 [mg/m^3]
# name 13 = par: PAR/Irradiance, Biospherical/Lico [µE/(cm^2*s)]
# name 14 = turbWETntu0: Turbidity, WET Labs ECO [NTU]
# name 15 = sal00: Salinity, Practical [PSU]
# name 16 = sal11: Salinity, Practical, 2 [PSU]
# name 17 = secS-priS: Salinity, Practical, Difference, 2 - 1 [PSU]
# name 18 = sigma-t00: Density [sigma-t, Kg/m^3 ]
# name 19 = sigma-t11: Density, 2 [sigma-t, Kg/m^3 ]
# name 20 = depSM: Depth [salt water, m], lat = 58.0172
# name 21 = depFM: Depth [true depth, m], lat = 58.0172
# name 22 = dz/dtM: Descent Rate [m/s], WS = 2
# name 23 = svCM: Sound Velocity [Chen-Millero, m/s]
# name 24 = svCM1: Sound Velocity, 2 [Chen-Millero, m/s]
# name 25 = flag: flag
# span 0 =      15007,      29452       
# span 1 =      1.500,    196.500       
# span 2 =     4.5372,     6.2803       
# span 3 =     4.5390,     6.2754       
# span 4 =    -0.1082,     0.0525       
# span 5 =   0.775714,   1.144254       
# span 6 =   0.775704,   1.144239       
# span 7 =          1,          1       
# span 8 =    0.00091,    8.04492       
# span 9 =    0.01521,    8.00646       
# span 10 =       3.65,     101.53      
# span 11 =     0.2399,     0.4070      
# span 12 =     0.2517,     0.3807      
# span 13 = -2.416e-03, 6.3525e-02      
# span 14 =     0.1111,     2.3253      
# span 15 =     7.2317,    10.5795      
# span 16 =     7.2313,    10.5792      
# span 17 =    -0.0765,     0.0218      
# span 18 =     5.7330,     8.3264      
# span 19 =     5.7328,     8.3261      
# span 20 =      1.486,    194.586      
# span 21 =      1.519,    198.711      
# span 22 =     -0.155,      1.369      
# span 23 =    1433.58,    1446.01      
# span 24 =    1433.58,    1446.00      
# span 25 = 0.0000e+00, 0.0000e+00      
# interval = decibars: 0.5              
# start_time = Jan 31 2018 18:29:28 [NMEA time, first data scan]
# bad_flag = -9.990e-29
*END*
[from data line 335]
      26751    169.000     5.7211     5.7218     0.0006    1.14336    1.14333          1     0.0100     0.0308      32.52     0.3946     0.3640  1.000e-12  0.3978000    10.5763    10.5758    -0.0005     8.3240     8.3236    167.365    170.932      0.828    1445.55    1445.55  0.000e+00
      26778    169.500     5.7210     5.7216     0.0006    1.14336    1.14333          1     0.0115     0.0305      31.83     0.3921     0.3094  1.000e-12  0.3865000    10.5763    10.5757    -0.0005     8.3240     8.3235    167.860    171.437      0.490    1445.55    1445.56  0.000e+00
      26872    170.000     5.7212     5.7214     0.0003    1.14336    1.14330          1     0.0114     0.0323      31.07     0.3589     0.3401  1.000e-12  0.3689000    10.5761    10.5754    -0.0007     8.3238     8.3233    168.355    171.942      0.706    1445.56    1445.56  0.000e+00
      26885    170.500     5.7212     5.7217     0.0005    1.14338    1.14335          1     0.0097     0.0355      30.67     0.3618     0.3439  1.000e-12  0.3716000    10.5762    10.5757    -0.0005     8.3239     8.3235    168.850    172.447      0.855    1445.57    1445.57  0.000e+00
      26898    171.000     5.7213     5.7218     0.0005    1.14341    1.14338          1     0.0108     0.0317      30.24     0.3820     0.3092  1.000e-12  0.3874000    10.5763    10.5759    -0.0005     8.3240     8.3236    169.345    172.952      0.836    1445.58    1445.58  0.000e+00
      26914    171.500     5.7213     5.7218     0.0006    1.14341    1.14339          1     0.0112     0.0267      29.69     0.3766     0.3035  1.000e-12  0.3904000    10.5763    10.5759    -0.0004     8.3240     8.3236    169.840    173.457      0.654    1445.59    1445.59  0.000e+00
      26940    172.000     5.7210     5.7217     0.0006    1.14342    1.14340          1     0.0113     0.0318      28.97     0.3690     0.3242  1.000e-12  0.3941000    10.5764    10.5760    -0.0004     8.3241     8.3237    170.335    173.962      0.268    1445.59    1445.60  0.000e+00
      27016    172.500     5.7212     5.7216     0.0004    1.14342    1.14338          1     0.0101     0.0299      28.26     0.3750     0.3499  1.000e-12  0.3590000    10.5763    10.5756    -0.0006     8.3240     8.3235    170.830    174.468      0.284    1445.60    1445.60  0.000e+00
      27042    173.000     5.7214     5.7218     0.0004    1.14345    1.14342          1     0.0107     0.0277      27.91     0.3684     0.3296  1.000e-12  0.3988000    10.5764    10.5759    -0.0004     8.3240     8.3237    171.325    174.973      0.562    1445.61    1445.61  0.000e+00
      27061    173.500     5.7215     5.7220     0.0005    1.14346    1.14343          1     0.0108     0.0283      27.50     0.3818     0.3015  1.000e-12  0.4163000    10.5763    10.5760    -0.0003     8.3240     8.3237    171.820    175.478      0.682    1445.62    1445.62  0.000e+00
      27077    174.000     5.7215     5.7220     0.0005    1.14347    1.14344          1     0.0106     0.0298      27.03     0.3702     0.3047  1.000e-12  0.3880000    10.5764    10.5759    -0.0004     8.3240     8.3237    172.315    175.983      0.642    1445.63    1445.63  0.000e+00
      27100    174.500     5.7213     5.7218     0.0006    1.14348    1.14345          1     0.0129     0.0311      26.41     0.3702     0.3150  1.000e-12  0.3925000    10.5764    10.5760    -0.0004     8.3241     8.3237    172.810    176.488      0.370    1445.63    1445.64  0.000e+00
      27176    175.000     5.7214     5.7219     0.0006    1.14349    1.14346          1     0.0104     0.0290      25.64     0.3773     0.3253  1.000e-12  0.3565000    10.5764    10.5760    -0.0004     8.3241     8.3237    173.305    176.993      0.365    1445.64    1445.64  0.000e+00
      27196    175.500     5.7216     5.7221     0.0004    1.14350    1.14348          1     0.0108     0.0270      25.36     0.3825     0.2889  1.000e-12  0.3748000    10.5764    10.5761    -0.0003     8.3241     8.3238    173.800    177.498      0.669    1445.65    1445.65  0.000e+00
      27212    176.000     5.7216     5.7222     0.0005    1.14352    1.14349          1     0.0124     0.0280      24.99     0.3824     0.3083  1.000e-12  0.3822000    10.5764    10.5760    -0.0004     8.3241     8.3237    174.295    178.003      0.758    1445.66    1445.66  0.000e+00
      27228    176.500     5.7216     5.7222     0.0005    1.14353    1.14351          1     0.0111     0.0285      24.57     0.3929     0.3163  1.000e-12  0.3971000    10.5765    10.5761    -0.0004     8.3241     8.3238    174.789    178.508      0.680    1445.67    1445.67  0.000e+00
      27269    177.000     5.7215     5.7220     0.0005    1.14354    1.14351          1     0.0104     0.0311      23.88     0.3865     0.3148  1.000e-12  0.3816000    10.5765    10.5761    -0.0004     8.3241     8.3238    175.284    179.013      0.393    1445.68    1445.68  0.000e+00
      27332    177.500     5.7217     5.7221     0.0004    1.14356    1.14352          1     0.0085     0.0203      23.30     0.3809     0.3183  1.000e-12  0.3715000    10.5765    10.5761    -0.0004     8.3242     8.3238    175.779    179.518      0.659    1445.68    1445.69  0.000e+00
      27346    178.000     5.7218     5.7223     0.0005    1.14358    1.14356          1     0.0121     0.0206      22.99     0.3860     0.2741  1.000e-12  0.3766000    10.5767    10.5763    -0.0004     8.3243     8.3239    176.274    180.023      0.856    1445.69    1445.69  0.000e+00
      27358    178.500     5.7218     5.7224     0.0006    1.14359    1.14357          1     0.0126     0.0274      22.58     0.3945     0.2720  1.000e-12  0.3807000    10.5767    10.5763    -0.0004     8.3243     8.3239    176.769    180.528      0.861    1445.70    1445.70  0.000e+00
      27373    179.000     5.7218     5.7223     0.0005    1.14360    1.14357          1     0.0104     0.0334      22.03     0.3946     0.3667  1.000e-12  0.3879000    10.5767    10.5763    -0.0004     8.3243     8.3239    177.264    181.033      0.622    1445.71    1445.71  0.000e+00
      27446    179.500     5.7217     5.7222     0.0005    1.14361    1.14358          1     0.0104     0.0281      21.14     0.3745     0.3289  1.000e-12  0.3675000    10.5767    10.5762    -0.0005     8.3243     8.3239    177.759    181.538      0.371    1445.72    1445.72  0.000e+00
      27478    180.000     5.7219     5.7224     0.0005    1.14362    1.14360          1     0.0109     0.0299      20.79     0.3707     0.3053  1.000e-12  0.3695000    10.5767    10.5763    -0.0004     8.3242     8.3239    178.254    182.043      0.643    1445.73    1445.73  0.000e+00
      27494    180.500     5.7221     5.7225     0.0004    1.14366    1.14363          1     0.0100     0.0276      20.40     0.3826     0.3056  1.000e-12  0.3739000    10.5770    10.5765    -0.0005     8.3245     8.3241    178.749    182.549      0.707    1445.73    1445.74  0.000e+00
      27511    181.000     5.7222     5.7226     0.0004    1.14368    1.14366          1     0.0112     0.0237      19.92     0.3824     0.3066  1.000e-12  0.3803000    10.5770    10.5767    -0.0003     8.3245     8.3242    179.244    183.054      0.672    1445.74    1445.74  0.000e+00
      27531    181.500     5.7223     5.7228     0.0005    1.14374    1.14371          1     0.0090     0.0294      19.37     0.4060     0.3039  1.000e-12  0.3855000    10.5775    10.5770    -0.0004     8.3249     8.3245    179.739    183.559      0.508    1445.75    1445.75  0.000e+00
      27593    182.000     5.7221     5.7226     0.0004    1.14374    1.14369          1     0.0087     0.0292      18.58     0.3964     0.3029  1.000e-12  0.3720000    10.5775    10.5768    -0.0007     8.3249     8.3243    180.234    184.064      0.282    1445.76    1445.76  0.000e+00
      27647    182.500     5.7224     5.7228     0.0004    1.14377    1.14374          1     0.0095     0.0295      18.18     0.3689     0.3020  1.000e-12  0.3629000    10.5776    10.5771    -0.0005     8.3250     8.3245    180.729    184.569      0.592    1445.77    1445.77  0.000e+00
      27662    183.000     5.7227     5.7230     0.0004    1.14380    1.14377          1     0.0114     0.0307      17.82     0.3827     0.2882  1.000e-12  0.3864000    10.5777    10.5773    -0.0004     8.3250     8.3247    181.224    185.074      0.806    1445.78    1445.78  0.000e+00
      27676    183.500     5.7226     5.7230     0.0005    1.14381    1.14378          1     0.0093     0.0272      17.40     0.3824     0.3015  1.000e-12  0.3862000    10.5777    10.5773    -0.0004     8.3251     8.3247    181.718    185.579      0.920    1445.79    1445.79  0.000e+00
      27688    184.000     5.7226     5.7231     0.0005    1.14382    1.14379          1     0.0077     0.0268      16.95     0.3824     0.3356  1.000e-12  0.3927000    10.5777    10.5773    -0.0004     8.3251     8.3247    182.213    186.084      0.924    1445.79    1445.80  0.000e+00
      27701    184.500     5.7226     5.7232     0.0005    1.14383    1.14380          1     0.0079     0.0271      16.43     0.3799     0.3346  1.000e-12  0.3909000    10.5778    10.5773    -0.0005     8.3251     8.3246    182.708    186.589      0.775    1445.80    1445.80  0.000e+00
      27748    185.000     5.7225     5.7231     0.0006    1.14384    1.14382          1     0.0103     0.0323      15.68     0.3814     0.3311  1.000e-12  0.3812000    10.5778    10.5774    -0.0004     8.3251     8.3248    183.203    187.094      0.516    1445.81    1445.81  0.000e+00
      27824    185.500     5.7228     5.7233     0.0004    1.14386    1.14383          1     0.0085     0.0403      15.23     0.4070     0.3328  1.000e-12  0.3676000    10.5778    10.5773    -0.0005     8.3251     8.3247    183.698    187.599      0.935    1445.82    1445.82  0.000e+00
      27835    186.000     5.7228     5.7234     0.0006    1.14388    1.14386          1     0.0100     0.0381      14.78     0.3923     0.3069  1.000e-12  0.3814000    10.5779    10.5775    -0.0004     8.3251     8.3248    184.193    188.104      1.005    1445.83    1445.83  0.000e+00
      27847    186.500     5.7228     5.7234     0.0006    1.14390    1.14387          1     0.0079     0.0305      14.26     0.3823     0.2708  1.000e-12  0.3868000    10.5780    10.5776    -0.0005     8.3253     8.3249    184.688    188.609      0.938    1445.84    1445.84  0.000e+00
      27861    187.000     5.7230     5.7235     0.0005    1.14392    1.14390          1     0.0092     0.0225      13.68     0.3902     0.3017  1.000e-12  0.4056000    10.5781    10.5777    -0.0004     8.3253     8.3250    185.183    189.114      0.700    1445.84    1445.85  0.000e+00
      27914    187.500     5.7227     5.7233     0.0006    1.14392    1.14389          1     0.0090     0.0258      12.81     0.3816     0.3268  1.000e-12  0.3779000    10.5781    10.5776    -0.0005     8.3253     8.3249    185.678    189.619      0.318    1445.85    1445.85  0.000e+00
      27972    188.000     5.7230     5.7234     0.0004    1.14395    1.14390          1     0.0102     0.0302      12.26     0.3808     0.3055  1.000e-12  0.3647000    10.5782    10.5775    -0.0007     8.3254     8.3249    186.173    190.125      0.519    1445.86    1445.86  0.000e+00
      27989    188.500     5.7233     5.7237     0.0004    1.14398    1.14396          1     0.0084     0.0272      11.92     0.3667     0.3053  1.000e-12  0.3734000    10.5784    10.5780    -0.0004     8.3255     8.3252    186.668    190.630      0.701    1445.87    1445.87  0.000e+00
      28005    189.000     5.7233     5.7238     0.0005    1.14399    1.14397          1     0.0070     0.0253      11.47     0.3595     0.3207  1.000e-12  0.3783000    10.5783    10.5780    -0.0004     8.3255     8.3252    187.163    191.135      0.694    1445.88    1445.88  0.000e+00
      28026    189.500     5.7231     5.7237     0.0006    1.14400    1.14398          1     0.0096     0.0264      10.89     0.3691     0.2973  1.000e-12  0.3925000    10.5784    10.5780    -0.0004     8.3256     8.3252    187.658    191.640      0.435    1445.89    1445.89  0.000e+00
      28078    190.000     5.7232     5.7237     0.0006    1.14402    1.14399          1     0.0076     0.0284      10.15     0.3905     0.3285  1.000e-12  0.3708000    10.5785    10.5780    -0.0004     8.3256     8.3252    188.152    192.145      0.328    1445.89    1445.89  0.000e+00
      28106    190.500     5.7233     5.7238     0.0005    1.14403    1.14400          1     0.0117     0.0236       9.78     0.3811     0.3223  1.000e-12  0.3758000    10.5784    10.5781    -0.0004     8.3256     8.3252    188.647    192.650      0.538    1445.90    1445.90  0.000e+00
      28127    191.000     5.7233     5.7237     0.0004    1.14404    1.14401          1     0.0089     0.0239       9.33     0.3703     0.3595  1.000e-12  0.3813000    10.5785    10.5781    -0.0004     8.3256     8.3253    189.142    193.155      0.539    1445.91    1445.91  0.000e+00
      28155    191.500     5.7231     5.7237     0.0006    1.14404    1.14403          1     0.0079     0.0294       8.73     0.3657     0.3686  1.000e-12  0.3942000    10.5785    10.5781    -0.0003     8.3256     8.3253    189.637    193.660      0.349    1445.92    1445.92  0.000e+00
      28196    192.000     5.7231     5.7237     0.0006    1.14406    1.14403          1     0.0098     0.0290       8.14     0.3759     0.3176  1.000e-12  0.3885000    10.5785    10.5781    -0.0004     8.3257     8.3253    190.132    194.165      0.342    1445.92    1445.93  0.000e+00
      28224    192.500     5.7233     5.7238     0.0005    1.14407    1.14405          1     0.0111     0.0275       7.72     0.3902     0.3095  1.000e-12  0.3890000    10.5785    10.5782    -0.0004     8.3256     8.3253    190.627    194.670      0.479    1445.93    1445.94  0.000e+00
      28248    193.000     5.7233     5.7238     0.0004    1.14408    1.14405          1     0.0091     0.0274       7.25     0.3854     0.2948  1.000e-12  0.3877000    10.5785    10.5781    -0.0004     8.3256     8.3253    191.122    195.175      0.499    1445.94    1445.94  0.000e+00
      28273    193.500     5.7233     5.7238     0.0005    1.14410    1.14408          1     0.0056     0.0241       6.71     0.3651     0.3207  1.000e-12  0.3877000    10.5787    10.5783    -0.0004     8.3258     8.3254    191.617    195.680      0.387    1445.95    1445.95  0.000e+00
      28325    194.000     5.7232     5.7239     0.0006    1.14414    1.14411          1     0.0094     0.0264       6.01     0.3864     0.3536  1.000e-12  0.3929000    10.5789    10.5785    -0.0004     8.3260     8.3256    192.112    196.185      0.276    1445.96    1445.96  0.000e+00
      28362    194.500     5.7235     5.7239     0.0004    1.14416    1.14414          1     0.0093     0.0238       5.61     0.3841     0.3644  1.000e-12  0.3697000    10.5790    10.5786    -0.0004     8.3260     8.3257    192.607    196.690      0.569    1445.97    1445.97  0.000e+00
      28379    195.000     5.7236     5.7241     0.0004    1.14418    1.14416          1     0.0073     0.0244       5.23     0.3947     0.3581  1.000e-12  0.3831000    10.5791    10.5788    -0.0003     8.3260     8.3258    193.102    197.195      0.704    1445.98    1445.98  0.000e+00
      28396    195.500     5.7238     5.7242     0.0005    1.14423    1.14420          1     0.0087     0.0261       4.75     0.3814     0.3344  1.000e-12  0.3881000    10.5794    10.5790    -0.0004     8.3263     8.3260    193.596    197.700      0.606    1445.98    1445.99  0.000e+00
      28701    196.000     5.7236     5.7241     0.0005    1.14424    1.14421          1     0.0072     0.0232       4.19     0.3852     0.3418  1.000e-12  0.3835000    10.5795    10.5791    -0.0005     8.3264     8.3260    194.091    198.206      0.300    1445.99    1445.99  0.000e+00
