ctdpy/tests/etc/all_smhi_bas_2018/SBE09_1044_20181109_0830_34_01_0120.cnv
* Sea-Bird SBE 9 Data File:
* FileName = C:\ctd\temp\ar18d120.hex
* Software Version Seasave V 7.26.7.107
* Temperature SN = 5351
* Conductivity SN = 3941
* Number of Bytes Per Scan = 41
* Number of Voltage Words = 4
* Number of Scans Averaged by the Deck Unit = 1
* NMEA Latitude = 57 59.90 N
* NMEA Longitude = 019 52.72 E
* NMEA UTC (Time) = Nov 09 2018  08:30:52
* NMEA baud rate = 4800
** Station:  BY20
** Operator:  JKro
** Ship: ARANDA
** Average sound velocity: 1424.60 m/s
** True-depth calculation Fri, 09 Nov 2018 10:17:04 +0000
** CTD Python Module SMHI /ver 3-12/ feb 2012 
** LIMS Job: 20183401-0120
** Cruise: SMHI-6-2018
** Latitude [GG MM.mm N]:
** Longitude [GG MM.mm E]
# nquan = 26
# nvalues = 387                         
# units = specified
# name 0 = scan: Scan Count
# name 1 = prDM: Pressure, Digiquartz [db]
# name 2 = t090C: Temperature [ITS-90, deg C]
# name 3 = t190C: Temperature, 2 [ITS-90, deg C]
# name 4 = T2-T190C: Temperature Difference, 2 - 1 [ITS-90, deg C]
# name 5 = c0S/m: Conductivity [S/m]
# name 6 = c1S/m: Conductivity, 2 [S/m]
# name 7 = pumps: Pump Status
# name 8 = sbeox0ML/L: Oxygen, SBE 43 [ml/l]
# name 9 = sbeox1ML/L: Oxygen, SBE 43, 2 [ml/l]
# name 10 = altM: Altimeter [m]
# name 11 = flECO-AFL: Chl-a Fluorescence, WET Labs ECO-AFL/FL [mg/m^3]
# name 12 = flECO-AFL1: Phycocyanin Fluorescence, WET Labs ECO-AFL/FL, 2 [mg/m^3]
# name 13 = par: PAR/Irradiance, Biospherical/Lico [µE/(cm^2*s)]
# name 14 = turbWETntu0: Turbidity, WET Labs ECO [NTU]
# name 15 = sal00: Salinity, Practical [PSU]
# name 16 = sal11: Salinity, Practical, 2 [PSU]
# name 17 = secS-priS: Salinity, Practical, Difference, 2 - 1 [PSU]
# name 18 = sigma-t00: Density [sigma-t, Kg/m^3 ]
# name 19 = sigma-t11: Density, 2 [sigma-t, Kg/m^3 ]
# name 20 = depSM: Depth [salt water, m], lat = 57.9983
# name 21 = depFM: Depth [true depth, m], lat = 57.9983
# name 22 = dz/dtM: Descent Rate [m/s], WS = 2
# name 23 = svCM: Sound Velocity [Chen-Millero, m/s]
# name 24 = svCM1: Sound Velocity, 2 [Chen-Millero, m/s]
# name 25 = flag: flag
# span 0 =      30926,      41490       
# span 1 =      1.000,    194.000       
# span 2 =     3.8165,     8.8110       
# span 3 =     3.8167,     8.8302       
# span 4 =    -0.0074,     0.0502       
# span 5 =   0.789142,   1.384897       
# span 6 =   0.789037,   1.384890       
# span 7 =          1,          1       
# span 8 =    0.01321,    7.51483       
# span 9 =    0.04357,    7.23879       
# span 10 =       1.63,      99.46      
# span 11 =     0.2415,     0.9107      
# span 12 =     0.1649,     0.3734      
# span 13 = 1.0000e-12, 1.7102e+02      
# span 14 =     0.1617,     2.1914      
# span 15 =     6.9314,    12.6295      
# span 16 =     6.9311,    12.6290      
# span 17 =    -0.0083,     0.0007      
# span 18 =     5.2334,     9.8700      
# span 19 =     5.2313,     9.8694      
# span 20 =      0.991,    192.112      
# span 21 =     -0.000,    196.032      
# span 22 =      0.165,      0.542      
# span 23 =    1431.47,    1452.78      
# span 24 =    1431.46,    1452.78      
# span 25 = 0.0000e+00, 0.0000e+00      
# interval = decibars: 0.5              
# start_time = Nov 09 2018 08:30:52 [NMEA time, first data scan]
# bad_flag = -9.990e-29
*END*
[from data line 335]
      39254    168.500     6.7131     6.7143     0.0012    1.37859    1.37857          1     0.0207     0.0490      27.91     0.3750     0.2733  1.000e-12  0.2661000    12.5775    12.5769    -0.0006     9.8303     9.8297    166.870    170.313      0.510    1452.25    1452.25  0.000e+00
      39278    169.000     6.7139     6.7152     0.0012    1.37895    1.37895          1     0.0210     0.0479      27.47     0.3833     0.2773  1.000e-12  0.2624000    12.5808    12.5803    -0.0005     9.8327     9.8322    167.365    170.817      0.491    1452.26    1452.27  0.000e+00
      39303    169.500     6.7146     6.7157     0.0012    1.37918    1.37917          1     0.0200     0.0494      26.90     0.3716     0.2898  1.000e-12  0.2573000    12.5827    12.5822    -0.0005     9.8341     9.8337    167.860    171.322      0.477    1452.27    1452.28  0.000e+00
      39328    170.000     6.7149     6.7161     0.0012    1.37931    1.37931          1     0.0193     0.0491      26.33     0.3800     0.2825  1.000e-12  0.2767000    12.5838    12.5833    -0.0005     9.8350     9.8346    168.355    171.826      0.477    1452.29    1452.29  0.000e+00
      39353    170.500     6.7157     6.7168     0.0011    1.37952    1.37952          1     0.0207     0.0473      25.78     0.3899     0.2770  1.000e-12  0.2777000    12.5855    12.5849    -0.0005     9.8363     9.8358    168.850    172.330      0.498    1452.30    1452.30  0.000e+00
      39377    171.000     6.7163     6.7175     0.0012    1.37974    1.37971          1     0.0208     0.0491      25.28     0.3794     0.2196  1.000e-12  0.2567000    12.5872    12.5865    -0.0007     9.8376     9.8370    169.345    172.835      0.519    1452.31    1452.32  0.000e+00
      39400    171.500     6.7169     6.7181     0.0012    1.37999    1.37996          1     0.0194     0.0479      24.81     0.3787     0.2140  1.000e-12  0.2546000    12.5893    12.5887    -0.0007     9.8392     9.8386    169.840    173.339      0.509    1452.33    1452.33  0.000e+00
      39424    172.000     6.7174     6.7187     0.0013    1.38025    1.38023          1     0.0189     0.0501      24.28     0.3930     0.2745  1.000e-12  0.2569000    12.5917    12.5911    -0.0006     9.8410     9.8404    170.335    173.843      0.472    1452.34    1452.34  0.000e+00
      39451    172.500     6.7177     6.7190     0.0013    1.38052    1.38051          1     0.0196     0.0478      23.43     0.3715     0.2419  1.000e-12  0.2564000    12.5942    12.5936    -0.0006     9.8430     9.8424    170.830    174.348      0.452    1452.35    1452.36  0.000e+00
      39477    173.000     6.7180     6.7192     0.0012    1.38063    1.38062          1     0.0196     0.0475      23.15     0.3767     0.2567  1.000e-12  0.2718000    12.5950    12.5945    -0.0005     9.8436     9.8431    171.325    174.852      0.484    1452.36    1452.36  0.000e+00
      39500    173.500     6.7183     6.7195     0.0012    1.38071    1.38071          1     0.0202     0.0469      22.74     0.3803     0.2960  1.000e-12  0.2657000    12.5956    12.5952    -0.0004     9.8440     9.8436    171.820    175.356      0.528    1452.37    1452.38  0.000e+00
      39522    174.000     6.7184     6.7196     0.0013    1.38079    1.38078          1     0.0193     0.0479      21.70     0.3736     0.2482  1.000e-12  0.2680000    12.5963    12.5957    -0.0005     9.8446     9.8440    172.315    175.861      0.534    1452.38    1452.38  0.000e+00
      39545    174.500     6.7187     6.7200     0.0013    1.38093    1.38092          1     0.0201     0.0489      21.53     0.3839     0.2323  1.000e-12  0.2913000    12.5974    12.5969    -0.0005     9.8454     9.8449    172.810    176.365      0.500    1452.39    1452.40  0.000e+00
      39571    175.000     6.7192     6.7204     0.0012    1.38114    1.38112          1     0.0199     0.0489      21.17     0.3966     0.2619  1.000e-12  0.2782000    12.5992    12.5986    -0.0005     9.8468     9.8462    173.305    176.869      0.461    1452.40    1452.41  0.000e+00
      39597    175.500     6.7197     6.7209     0.0012    1.38133    1.38132          1     0.0203     0.0477      20.64     0.3816     0.2245  1.000e-12  0.2610000    12.6008    12.6003    -0.0005     9.8480     9.8475    173.800    177.373      0.467    1452.41    1452.42  0.000e+00
      39622    176.000     6.7206     6.7218     0.0012    1.38170    1.38170          1     0.0197     0.0475      20.12     0.3583     0.2082  1.000e-12  0.2715000    12.6041    12.6036    -0.0005     9.8505     9.8500    174.295    177.878      0.503    1452.43    1452.44  0.000e+00
      39645    176.500     6.7208     6.7220     0.0012    1.38190    1.38190          1     0.0186     0.0473      19.62     0.3707     0.2535  1.000e-12  0.2663000    12.6059    12.6054    -0.0005     9.8519     9.8514    174.790    178.382      0.520    1452.44    1452.45  0.000e+00
      39668    177.000     6.7210     6.7223     0.0013    1.38209    1.38208          1     0.0205     0.0478      19.14     0.4028     0.2534  1.000e-12  0.2846000    12.6076    12.6070    -0.0006     9.8532     9.8526    175.285    178.886      0.504    1452.45    1452.46  0.000e+00
      39693    177.500     6.7213     6.7225     0.0012    1.38225    1.38224          1     0.0193     0.0478      18.60     0.3986     0.2843  1.000e-12  0.2851000    12.6089    12.6084    -0.0006     9.8543     9.8537    175.780    179.391      0.478    1452.46    1452.47  0.000e+00
      39718    178.000     6.7218     6.7230     0.0012    1.38241    1.38240          1     0.0186     0.0479      18.04     0.3778     0.2894  1.000e-12  0.2807000    12.6102    12.6097    -0.0006     9.8552     9.8547    176.275    179.895      0.469    1452.48    1452.48  0.000e+00
      39744    178.500     6.7220     6.7233     0.0013    1.38250    1.38248          1     0.0200     0.0490      17.57     0.3610     0.2736  1.000e-12  0.2943000    12.6109    12.6103    -0.0006     9.8558     9.8552    176.769    180.399      0.487    1452.49    1452.49  0.000e+00
      39768    179.000     6.7221     6.7235     0.0013    1.38256    1.38255          1     0.0201     0.0478      17.11     0.3979     0.2837  1.000e-12  0.2917000    12.6114    12.6108    -0.0006     9.8561     9.8556    177.264    180.904      0.506    1452.50    1452.50  0.000e+00
      39791    179.500     6.7224     6.7236     0.0013    1.38266    1.38265          1     0.0195     0.0479      16.57     0.3909     0.2735  1.000e-12  0.2821000    12.6122    12.6116    -0.0006     9.8568     9.8562    177.759    181.408      0.513    1452.50    1452.51  0.000e+00
      39815    180.000     6.7229     6.7242     0.0012    1.38289    1.38289          1     0.0198     0.0481      16.10     0.3829     0.2449  1.000e-12  0.2696000    12.6142    12.6137    -0.0005     9.8583     9.8577    178.254    181.912      0.504    1452.52    1452.52  0.000e+00
      39839    180.500     6.7232     6.7246     0.0013    1.38302    1.38302          1     0.0191     0.0481      15.58     0.3911     0.2709  1.000e-12  0.3049000    12.6152    12.6147    -0.0005     9.8590     9.8585    178.749    182.416      0.493    1452.53    1452.53  0.000e+00
      39863    181.000     6.7236     6.7249     0.0012    1.38316    1.38315          1     0.0203     0.0476      14.99     0.4035     0.2539  1.000e-12  0.3093000    12.6163    12.6158    -0.0005     9.8599     9.8594    179.244    182.921      0.487    1452.54    1452.54  0.000e+00
      39888    181.500     6.7239     6.7251     0.0013    1.38326    1.38325          1     0.0205     0.0477      14.46     0.4126     0.3039  1.000e-12  0.2877000    12.6172    12.6166    -0.0006     9.8606     9.8600    179.739    183.425      0.488    1452.55    1452.55  0.000e+00
      39912    182.000     6.7241     6.7253     0.0012    1.38337    1.38333          1     0.0197     0.0515      14.05     0.3982     0.2497  1.000e-12  0.2899000    12.6180    12.6172    -0.0008     9.8612     9.8605    180.234    183.929      0.492    1452.56    1452.56  0.000e+00
      39937    182.500     6.7243     6.7255     0.0012    1.38346    1.38345          1     0.0194     0.0467      13.48     0.3874     0.2637  1.000e-12  0.2903000    12.6187    12.6182    -0.0005     9.8617     9.8612    180.729    184.434      0.490    1452.57    1452.57  0.000e+00
      39961    183.000     6.7244     6.7256     0.0013    1.38353    1.38353          1     0.0184     0.0476      12.96     0.4068     0.3018  1.000e-12  0.2937000    12.6193    12.6189    -0.0005     9.8622     9.8617    181.224    184.938      0.486    1452.58    1452.58  0.000e+00
      39986    183.500     6.7244     6.7257     0.0013    1.38356    1.38356          1     0.0203     0.0480      12.45     0.4094     0.3080  1.000e-12  0.2909000    12.6195    12.6190    -0.0004     9.8623     9.8619    181.719    185.442      0.498    1452.59    1452.59  0.000e+00
      40010    184.000     6.7244     6.7256     0.0012    1.38358    1.38357          1     0.0190     0.0474      11.91     0.4104     0.2628  1.000e-12  0.2926000    12.6196    12.6191    -0.0005     9.8624     9.8619    182.214    185.947      0.502    1452.59    1452.60  0.000e+00
      40034    184.500     6.7244     6.7257     0.0013    1.38360    1.38359          1     0.0194     0.0477      11.37     0.4151     0.2593  1.000e-12  0.2974000    12.6197    12.6192    -0.0005     9.8625     9.8619    182.709    186.451      0.485    1452.60    1452.61  0.000e+00
      40059    185.000     6.7245     6.7257     0.0012    1.38364    1.38362          1     0.0196     0.0475      10.86     0.4033     0.2817  1.000e-12  0.3022000    12.6199    12.6194    -0.0006     9.8627     9.8621    183.204    186.955      0.483    1452.61    1452.62  0.000e+00
      40084    185.500     6.7246     6.7259     0.0013    1.38369    1.38368          1     0.0188     0.0475      10.34     0.4292     0.2834  1.000e-12  0.3028000    12.6203    12.6197    -0.0006     9.8629     9.8624    183.698    187.459      0.500    1452.62    1452.63  0.000e+00
      40107    186.000     6.7246     6.7260     0.0013    1.38371    1.38370          1     0.0193     0.0479       9.84     0.4070     0.2639  1.000e-12  0.3421000    12.6204    12.6199    -0.0006     9.8630     9.8625    184.193    187.964      0.492    1452.63    1452.63  0.000e+00
      40134    186.500     6.7246     6.7260     0.0013    1.38378    1.38377          1     0.0181     0.0478       9.28     0.4054     0.2851  1.000e-12  0.3053000    12.6210    12.6205    -0.0005     9.8635     9.8629    184.688    188.468      0.374    1452.64    1452.64  0.000e+00
      40175    187.000     6.7248     6.7261     0.0013    1.38385    1.38384          1     0.0189     0.0472       8.61     0.4057     0.2790  1.000e-12  0.2964000    12.6215    12.6210    -0.0005     9.8639     9.8633    185.183    188.972      0.266    1452.65    1452.65  0.000e+00
      40222    187.500     6.7248     6.7262     0.0013    1.38389    1.38388          1     0.0179     0.0477       8.08     0.4187     0.2683  1.000e-12  0.3098000    12.6218    12.6213    -0.0005     9.8641     9.8636    185.678    189.477      0.247    1452.66    1452.66  0.000e+00
      40273    188.000     6.7249     6.7262     0.0013    1.38391    1.38391          1     0.0184     0.0469       7.60     0.4090     0.2600  1.000e-12  0.2980000    12.6219    12.6214    -0.0005     9.8641     9.8637    186.173    189.981      0.228    1452.66    1452.67  0.000e+00
      40325    188.500     6.7251     6.7264     0.0013    1.38398    1.38397          1     0.0196     0.0482       7.05     0.4262     0.2825  1.000e-12  0.3074000    12.6224    12.6218    -0.0006     9.8645     9.8640    186.668    190.485      0.224    1452.67    1452.68  0.000e+00
      40386    189.000     6.7251     6.7264     0.0013    1.38401    1.38399          1     0.0164     0.0471       6.48     0.4151     0.2546  1.000e-12  0.3004000    12.6225    12.6220    -0.0006     9.8646     9.8641    187.163    190.989      0.165    1452.68    1452.69  0.000e+00
      40464    189.500     6.7252     6.7265     0.0013    1.38402    1.38401          1     0.0184     0.0464       5.95     0.4024     0.2610  1.000e-12  0.2909000    12.6225    12.6220    -0.0005     9.8646     9.8641    187.658    191.494      0.179    1452.69    1452.70  0.000e+00
      40531    190.000     6.7253     6.7266     0.0013    1.38404    1.38402          1     0.0172     0.0453       5.43     0.3941     0.3606  1.000e-12  0.3127000    12.6227    12.6220    -0.0007     9.8647     9.8641    188.153    191.998      0.176    1452.71    1452.70  0.000e+00
 -9.990e-29    190.500 -9.990e-29 -9.990e-29 -9.990e-29 -9.990e-29 -9.990e-29 -9.990e-29 -9.990e-29 -9.990e-29 -9.990e-29 -9.990e-29 -9.990e-29 -9.990e-29 -9.990e-29 -9.990e-29 -9.990e-29 -9.990e-29 -9.990e-29 -9.990e-29 -9.990e-29 -9.990e-29 -9.990e-29 -9.990e-29 -9.990e-29 -9.990e-29
 -9.990e-29    191.000 -9.990e-29 -9.990e-29 -9.990e-29 -9.990e-29 -9.990e-29 -9.990e-29 -9.990e-29 -9.990e-29 -9.990e-29 -9.990e-29 -9.990e-29 -9.990e-29 -9.990e-29 -9.990e-29 -9.990e-29 -9.990e-29 -9.990e-29 -9.990e-29 -9.990e-29 -9.990e-29 -9.990e-29 -9.990e-29 -9.990e-29 -9.990e-29
 -9.990e-29    191.500 -9.990e-29 -9.990e-29 -9.990e-29 -9.990e-29 -9.990e-29 -9.990e-29 -9.990e-29 -9.990e-29 -9.990e-29 -9.990e-29 -9.990e-29 -9.990e-29 -9.990e-29 -9.990e-29 -9.990e-29 -9.990e-29 -9.990e-29 -9.990e-29 -9.990e-29 -9.990e-29 -9.990e-29 -9.990e-29 -9.990e-29 -9.990e-29
 -9.990e-29    192.000 -9.990e-29 -9.990e-29 -9.990e-29 -9.990e-29 -9.990e-29 -9.990e-29 -9.990e-29 -9.990e-29 -9.990e-29 -9.990e-29 -9.990e-29 -9.990e-29 -9.990e-29 -9.990e-29 -9.990e-29 -9.990e-29 -9.990e-29 -9.990e-29 -9.990e-29 -9.990e-29 -9.990e-29 -9.990e-29 -9.990e-29 -9.990e-29
 -9.990e-29    192.500 -9.990e-29 -9.990e-29 -9.990e-29 -9.990e-29 -9.990e-29 -9.990e-29 -9.990e-29 -9.990e-29 -9.990e-29 -9.990e-29 -9.990e-29 -9.990e-29 -9.990e-29 -9.990e-29 -9.990e-29 -9.990e-29 -9.990e-29 -9.990e-29 -9.990e-29 -9.990e-29 -9.990e-29 -9.990e-29 -9.990e-29 -9.990e-29
 -9.990e-29    193.000 -9.990e-29 -9.990e-29 -9.990e-29 -9.990e-29 -9.990e-29 -9.990e-29 -9.990e-29 -9.990e-29 -9.990e-29 -9.990e-29 -9.990e-29 -9.990e-29 -9.990e-29 -9.990e-29 -9.990e-29 -9.990e-29 -9.990e-29 -9.990e-29 -9.990e-29 -9.990e-29 -9.990e-29 -9.990e-29 -9.990e-29 -9.990e-29
      41471    193.500     6.7273     6.7286     0.0013    1.38489    1.38487          1     0.0132     0.0447       1.83     0.3974     0.2792  1.000e-12  0.2934000    12.6295    12.6289    -0.0006     9.8700     9.8694    191.753    195.528      0.301    1452.77    1452.78  0.000e+00
      41490    194.000     6.7275     6.7288     0.0012    1.38490    1.38489          1     0.0141     0.0436       1.63     0.3754     0.2562  1.000e-12  0.2959000    12.6294    12.6290    -0.0005     9.8699     9.8694    192.112    196.032      0.246    1452.78    1452.78  0.000e+00
