ctdpy/tests/etc/all_smhi_bas_2018/SBE09_1044_20181205_1414_34_01_0153.cnv
* Sea-Bird SBE 9 Data File:
* FileName = C:\ctd\temp\ar18d153.hex
* Software Version Seasave V 7.26.7.107
* Temperature SN = 5351
* Conductivity SN = 3941
* Number of Bytes Per Scan = 41
* Number of Voltage Words = 4
* Number of Scans Averaged by the Deck Unit = 1
* NMEA Latitude = 57 18.72 N
* NMEA Longitude = 020 04.60 E
* NMEA UTC (Time) = Dec 05 2018  14:14:07
* NMEA baud rate = 4800
** Station:  BY15
** Operator:  ASkj
** Ship: ARANDA
** Average sound velocity: 1447.48 m/s
** True-depth calculation Sun, 09 Dec 2018 13:44:51 +0000
** CTD Python Module SMHI /ver 3-12/ feb 2012 
** LIMS Job: 20183401-0153
** Cruise: SMHI-7-2018
** Latitude [GG MM.mm N]:
** Longitude [GG MM.mm E]
# nquan = 26
# nvalues = 463                         
# units = specified
# name 0 = scan: Scan Count
# name 1 = prDM: Pressure, Digiquartz [db]
# name 2 = t090C: Temperature [ITS-90, deg C]
# name 3 = t190C: Temperature, 2 [ITS-90, deg C]
# name 4 = T2-T190C: Temperature Difference, 2 - 1 [ITS-90, deg C]
# name 5 = c0S/m: Conductivity [S/m]
# name 6 = c1S/m: Conductivity, 2 [S/m]
# name 7 = pumps: Pump Status
# name 8 = sbeox0ML/L: Oxygen, SBE 43 [ml/l]
# name 9 = sbeox1ML/L: Oxygen, SBE 43, 2 [ml/l]
# name 10 = altM: Altimeter [m]
# name 11 = flECO-AFL: Chl-a Fluorescence, WET Labs ECO-AFL/FL [mg/m^3]
# name 12 = flECO-AFL1: Phycocyanin Fluorescence, WET Labs ECO-AFL/FL, 2 [mg/m^3]
# name 13 = par: PAR/Irradiance, Biospherical/Lico [µE/(cm^2*s)]
# name 14 = turbWETntu0: Turbidity, WET Labs ECO [NTU]
# name 15 = sal00: Salinity, Practical [PSU]
# name 16 = sal11: Salinity, Practical, 2 [PSU]
# name 17 = secS-priS: Salinity, Practical, Difference, 2 - 1 [PSU]
# name 18 = sigma-t00: Density [sigma-t, Kg/m^3 ]
# name 19 = sigma-t11: Density, 2 [sigma-t, Kg/m^3 ]
# name 20 = depSM: Depth [salt water, m], lat = 57.312
# name 21 = depFM: Depth [true depth, m], lat = 57.312
# name 22 = dz/dtM: Descent Rate [m/s], WS = 2
# name 23 = svCM: Sound Velocity [Chen-Millero, m/s]
# name 24 = svCM1: Sound Velocity, 2 [Chen-Millero, m/s]
# name 25 = flag: flag
# span 0 =      11503,      26652       
# span 1 =      1.000,    232.000       
# span 2 =     3.8557,     6.8879       
# span 3 =     3.8576,     6.8890       
# span 4 =    -0.0951,     0.0737       
# span 5 =   0.801637,   1.447452       
# span 6 =   0.801771,   1.447550       
# span 7 =          1,          1       
# span 8 =    0.01766,    7.94317       
# span 9 =    1.45055,    6.31090       
# span 10 =       0.00,      98.95      
# span 11 =     0.2221,     0.5713      
# span 12 =     0.1403,     0.3237      
# span 13 = 1.0000e-12, 3.8802e+00      
# span 14 =     0.1292,     0.7247      
# span 15 =     7.2199,    13.1797      
# span 16 =     7.2196,    13.1801      
# span 17 =    -0.1081,     0.0938      
# span 18 =     5.6490,    10.2889      
# span 19 =     5.6487,    10.2891      
# span 20 =      0.992,    229.734      
# span 21 =      1.013,    234.340      
# span 22 =     -0.112,      1.792      
# span 23 =    1431.93,    1454.74      
# span 24 =    1431.94,    1454.75      
# span 25 = 0.0000e+00, 0.0000e+00      
# interval = decibars: 0.5              
# start_time = Dec 05 2018 14:14:07 [NMEA time, first data scan]
# bad_flag = -9.990e-29
*END*
[from data line 56]
      13162     29.000     6.2404     6.2416     0.0013    0.81198    0.81197          1     7.9214     5.6299      98.21     0.5446     0.2876  1.000e-12  0.2173000     7.2206     7.2203    -0.0004     5.6494     5.6491     28.731     29.372      0.360    1441.30    1441.31  0.000e+00
      13189     29.500     6.2409     6.2420     0.0011    0.81200    0.81198          1     7.9202     5.6332      97.59     0.5552     0.2445  1.000e-12  0.2291000     7.2206     7.2202    -0.0004     5.6493     5.6490     29.226     29.878      0.584    1441.31    1441.32  0.000e+00
      13207     30.000     6.2410     6.2420     0.0010    0.81201    0.81199          1     7.9271     5.6357      97.58     0.5400     0.2736  1.000e-12  0.2129000     7.2206     7.2202    -0.0004     5.6494     5.6490     29.722     30.384      0.661    1441.32    1441.32  0.000e+00
      13225     30.500     6.2411     6.2422     0.0011    0.81201    0.81200          1     7.9289     5.6334      97.60     0.5294     0.2775  1.000e-12  0.2146000     7.2206     7.2202    -0.0004     5.6493     5.6490     30.217     30.891      0.549    1441.33    1441.33  0.000e+00
      13255     31.000     6.2409     6.2421     0.0012    0.81202    0.81201          1     7.9321     5.6324      86.46     0.5355     0.2551  1.000e-12  0.2161000     7.2206     7.2202    -0.0004     5.6494     5.6490     30.712     31.397      0.366    1441.34    1441.34  0.000e+00
      13285     31.500     6.2408     6.2419     0.0010    0.81203    0.81201          1     7.9252     5.6372      97.98     0.5660     0.2688  1.000e-12  0.2001000     7.2207     7.2203    -0.0004     5.6494     5.6490     31.207     31.904      0.559    1441.34    1441.35  0.000e+00
      13302     32.000     6.2408     6.2421     0.0013    0.81203    0.81202          1     7.9262     5.6367      97.60     0.5488     0.2504  1.000e-12  0.2043000     7.2207     7.2203    -0.0004     5.6494     5.6490     31.703     32.410      0.713    1441.35    1441.36  0.000e+00
      13318     32.500     6.2389     6.2412     0.0023    0.81205    0.81204          1     7.9253     5.6416      97.60     0.5230     0.2780  1.000e-12  0.2158000     7.2212     7.2206    -0.0006     5.6499     5.6493     32.198     32.917      0.777    1441.35    1441.36  0.000e+00
      13333     33.000     6.2366     6.2401     0.0035    0.81206    0.81205          1     7.9219     5.6404      97.41     0.5191     0.2785  1.000e-12  0.2169000     7.2217     7.2208    -0.0009     5.6504     5.6495     32.693     33.423      0.772    1441.35    1441.36  0.000e+00
      13349     33.500     6.2368     6.2390     0.0022    0.81206    0.81205          1     7.9217     5.6383      97.57     0.5234     0.2895  1.000e-12  0.2165000     7.2215     7.2210    -0.0005     5.6503     5.6498     33.189     33.929      0.674    1441.36    1441.37  0.000e+00
      13373     34.000     6.2387     6.2410     0.0023    0.81207    0.81206          1     7.9243     5.6449      97.60     0.5367     0.3102  1.000e-12  0.2186000     7.2212     7.2206    -0.0006     5.6499     5.6494     33.684     34.436      0.403    1441.37    1441.38  0.000e+00
      13417     34.500     6.2391     6.2408     0.0017    0.81208    0.81206          1     7.9262     5.6443      32.29     0.5558     0.2874  1.000e-12  0.2095000     7.2211     7.2206    -0.0005     5.6499     5.6494     34.179     34.942      0.322    1441.38    1441.39  0.000e+00
      13442     35.000     6.2392     6.2397     0.0005    0.81208    0.81207          1     7.9251     5.6466      96.93     0.5322     0.2761  1.000e-12  0.2102000     7.2211     7.2209    -0.0002     5.6498     5.6496     34.675     35.449      0.613    1441.39    1441.39  0.000e+00
      13459     35.500     6.2379     6.2394     0.0014    0.81208    0.81207          1     7.9278     5.6483      94.08     0.5397     0.2655  1.000e-12  0.2196000     7.2213     7.2209    -0.0004     5.6501     5.6497     35.170     35.955      0.689    1441.39    1441.40  0.000e+00
      13476     36.000     6.2381     6.2392     0.0011    0.81209    0.81208          1     7.9270     5.6519      97.57     0.5438     0.3029  1.000e-12  0.2217000     7.2213     7.2210    -0.0003     5.6501     5.6498     35.665     36.461      0.649    1441.40    1441.41  0.000e+00
      13497     36.500     6.2389     6.2402     0.0013    0.81210    0.81209          1     7.9239     5.6526      97.60     0.5372     0.2777  1.000e-12  0.2223000     7.2212     7.2208    -0.0004     5.6499     5.6496     36.161     36.968      0.526    1441.42    1441.42  0.000e+00
      13523     37.000     6.2391     6.2403     0.0012    0.81211    0.81210          1     7.9254     5.6486      86.94     0.5686     0.2529  1.000e-12  0.2211000     7.2211     7.2208    -0.0003     5.6499     5.6496     36.656     37.474      0.488    1441.42    1441.43  0.000e+00
      13545     37.500     6.2387     6.2399     0.0011    0.81212    0.81210          1     7.9271     5.6492      73.01     0.5585     0.2669  1.000e-12  0.2092000     7.2212     7.2208    -0.0004     5.6500     5.6496     37.151     37.981      0.634    1441.43    1441.43  0.000e+00
      13562     38.000     6.2366     6.2374     0.0007    0.81212    0.81210          1     7.9241     5.6518      87.94     0.5594     0.2915  1.000e-12  0.2117000     7.2216     7.2213    -0.0004     5.6504     5.6501     37.647     38.487      0.731    1441.43    1441.43  0.000e+00
      13578     38.500     6.2362     6.2370     0.0008    0.81212    0.81210          1     7.9229     5.6533      93.33     0.5517     0.2367  1.000e-12  0.2116000     7.2217     7.2214    -0.0003     5.6505     5.6502     38.142     38.993      0.712    1441.44    1441.44  0.000e+00
      13596     39.000     6.2363     6.2371     0.0008    0.81212    0.81211          1     7.9235     5.6568      97.52     0.5338     0.2453  1.000e-12  0.2228000     7.2216     7.2214    -0.0002     5.6504     5.6502     38.637     39.500      0.560    1441.44    1441.45  0.000e+00
      13627     39.500     6.2355     6.2359     0.0003    0.81213    0.81211          1     7.9235     5.6573      97.62     0.5334     0.2382  1.000e-12  0.2088000     7.2218     7.2215    -0.0002     5.6506     5.6504     39.132     40.006      0.328    1441.45    1441.45  0.000e+00
      13665     40.000     6.2345     6.2351     0.0006    0.81213    0.81212          1     7.9154     5.6600      97.61     0.5187     0.2894  1.000e-12  0.2072000     7.2220     7.2217    -0.0002     5.6508     5.6506     39.628     40.513      0.432    1441.45    1441.45  0.000e+00
      13687     40.500     6.2341     6.2353     0.0011    0.81214    0.81213          1     7.9134     5.6640      97.63     0.5206     0.1926  1.000e-12  0.2039000     7.2220     7.2217    -0.0003     5.6509     5.6506     40.123     41.019      0.636    1441.46    1441.46  0.000e+00
      13704     41.000     6.2340     6.2349     0.0009    0.81215    0.81214          1     7.9091     5.6657      97.66     0.5327     0.2136  1.000e-12  0.2045000     7.2221     7.2218    -0.0003     5.6509     5.6507     40.618     41.525      0.706    1441.46    1441.47  0.000e+00
      13720     41.500     6.2341     6.2348     0.0008    0.81215    0.81214          1     7.9080     5.6643      97.62     0.5430     0.2313  1.000e-12  0.2209000     7.2221     7.2218    -0.0003     5.6509     5.6506     41.114     42.032      0.685    1441.47    1441.48  0.000e+00
      13739     42.000     6.2335     6.2346     0.0010    0.81216    0.81215          1     7.9112     5.6625      97.63     0.5424     0.2068  1.000e-12  0.2225000     7.2222     7.2219    -0.0003     5.6510     5.6507     41.609     42.538      0.612    1441.48    1441.48  0.000e+00
      13760     42.500     6.2306     6.2318     0.0012    0.81216    0.81215          1     7.9142     5.6667      97.62     0.5501     0.2549  1.000e-12  0.2217000     7.2228     7.2224    -0.0004     5.6517     5.6513     42.104     43.045      0.549    1441.48    1441.48  0.000e+00
      13782     43.000     6.2277     6.2293     0.0015    0.81216    0.81215          1     7.9143     5.6681      97.63     0.5498     0.2759  1.000e-12  0.2148000     7.2233     7.2229    -0.0004     5.6523     5.6518     42.599     43.551      0.574    1441.47    1441.48  0.000e+00
      13802     43.500     6.2304     6.2333     0.0028    0.81217    0.81217          1     7.9166     5.6707      97.63     0.5336     0.2658  1.000e-12  0.2092000     7.2228     7.2221    -0.0007     5.6517     5.6510     43.095     44.057      0.564    1441.49    1441.50  0.000e+00
      13830     44.000     6.2271     6.2332     0.0061    0.81218    0.81217          1     7.9156     5.6710      97.62     0.5346     0.2602  1.000e-12  0.2291000     7.2235     7.2222    -0.0013     5.6524     5.6510     43.590     44.564      0.329    1441.49    1441.51  0.000e+00
      13881     44.500     6.2277     6.2256    -0.0020    0.81219    0.81218          1     7.9041     5.6665      97.49     0.5318     0.3137  1.000e-12  0.1946000     7.2234     7.2237     0.0004     5.6523     5.6527     44.085     45.070      0.478    1441.50    1441.49  0.000e+00
      13897     45.000     6.2233     6.2231    -0.0002    0.81219    0.81219          1     7.8975     5.6676      97.42     0.5104     0.2285  1.000e-12  0.2158000     7.2243     7.2243     0.0000     5.6533     5.6533     44.581     45.577      0.862    1441.49    1441.49  0.000e+00
      13909     45.500     6.2220     6.2232     0.0012    0.81221    0.81220          1     7.8951     5.6725      97.68     0.5112     0.2504  1.000e-12  0.2161000     7.2247     7.2243    -0.0003     5.6536     5.6533     45.076     46.083      1.060    1441.49    1441.49  0.000e+00
      13919     46.000     6.2185     6.2204     0.0019    0.81223    0.81220          1     7.8996     5.6784      97.66     0.5018     0.3235  1.000e-12  0.2045000     7.2255     7.2249    -0.0006     5.6545     5.6539     45.571     46.589      1.158    1441.48    1441.49  0.000e+00
      13929     46.500     6.2181     6.2187     0.0006    0.81223    0.81222          1     7.8978     5.6786      97.65     0.5045     0.3213  1.000e-12  0.2047000     7.2256     7.2253    -0.0002     5.6546     5.6543     46.066     47.096      1.153    1441.49    1441.49  0.000e+00
      13939     47.000     6.2203     6.2212     0.0009    0.81222    0.81222          1     7.8971     5.6791      97.64     0.5012     0.2327  1.000e-12  0.2117000     7.2250     7.2248    -0.0002     5.6540     5.6537     46.562     47.602      1.026    1441.51    1441.51  0.000e+00
      13952     47.500     6.2180     6.2221     0.0041    0.81223    0.81222          1     7.8983     5.6807      97.65     0.5024     0.1817  1.000e-12  0.2227000     7.2255     7.2245    -0.0010     5.6545     5.6535     47.057     48.109      0.681    1441.51    1441.52  0.000e+00
      14041     48.000     6.2217     6.2261     0.0044    0.81225    0.81224          1     7.9004     5.6784      96.52     0.5285     0.2436  1.000e-12  0.2015000     7.2249     7.2237    -0.0011     5.6538     5.6527     47.552     48.615      0.655    1441.53    1441.55  0.000e+00
      14066     48.500     6.2273     6.2295     0.0022    0.81225    0.81224          1     7.9026     5.6779      97.70     0.5353     0.2288  1.000e-12  0.1989000     7.2236     7.2230    -0.0006     5.6525     5.6519     48.048     49.122      1.120    1441.56    1441.57  0.000e+00
      14074     49.000     6.2257     6.2281     0.0023    0.81227    0.81226          1     7.9016     5.6826      97.70     0.5483     0.2066  1.000e-12  0.2178000     7.2241     7.2234    -0.0006     5.6530     5.6523     48.543     49.628      1.319    1441.56    1441.57  0.000e+00
      14083     49.500     6.2254     6.2272     0.0018    0.81228    0.81226          1     7.9031     5.6863      97.70     0.5487     0.2071  1.000e-12  0.2174000     7.2242     7.2235    -0.0006     5.6530     5.6525     49.038     50.134      1.428    1441.57    1441.58  0.000e+00
      14090     50.000     6.2226     6.2251     0.0024    0.81229    0.81227          1     7.9029     5.6872      97.68     0.5442     0.2092  1.000e-12  0.2197000     7.2247     7.2241    -0.0007     5.6536     5.6530     49.534     50.641      1.454    1441.56    1441.57  0.000e+00
      14098     50.500     6.2198     6.2213     0.0014    0.81229    0.81227          1     7.9044     5.6894      97.68     0.5145     0.2688  1.000e-12  0.2241000     7.2253     7.2248    -0.0005     5.6543     5.6538     50.029     51.147      1.399    1441.56    1441.57  0.000e+00
      14107     51.000     6.2202     6.2210     0.0009    0.81230    0.81228          1     7.9059     5.6915      97.12     0.5113     0.2739  1.000e-12  0.2236000     7.2252     7.2249    -0.0003     5.6542     5.6539     50.524     51.654      1.248    1441.57    1441.57  0.000e+00
      14118     51.500     6.2171     6.2180     0.0010    0.81230    0.81230          1     7.9070     5.6898      81.92     0.5201     0.2761  1.000e-12  0.2165000     7.2259     7.2256    -0.0002     5.6549     5.6546     51.019     52.160      0.954    1441.57    1441.57  0.000e+00
      14162     52.000     6.2180     6.2201     0.0021    0.81231    0.81230          1     7.9091     5.6933      96.72     0.5291     0.2753  1.000e-12  0.2110000     7.2257     7.2251    -0.0006     5.6547     5.6541     51.515     52.666      0.585    1441.58    1441.59  0.000e+00
      14242     52.500     6.2192     6.2202     0.0010    0.81233    0.81232          1     7.9004     5.7053      97.64     0.5222     0.2780  1.000e-12  0.2103000     7.2255     7.2252    -0.0003     5.6545     5.6542     52.010     53.173      1.050    1441.59    1441.59  0.000e+00
      14252     53.000     6.2148     6.2183     0.0034    0.81234    0.81232          1     7.8918     5.7068      97.69     0.5359     0.2590  1.000e-12  0.2169000     7.2266     7.2256    -0.0010     5.6555     5.6546     52.505     53.679      1.188    1441.58    1441.60  0.000e+00
      14262     53.500     6.2100     6.2121     0.0021    0.81234    0.81234          1     7.8762     5.7046      97.68     0.5325     0.2456  1.000e-12  0.2167000     7.2275     7.2270    -0.0004     5.6565     5.6561     53.000     54.186      1.238    1441.57    1441.58  0.000e+00
      14271     54.000     6.1974     6.1780    -0.0189    0.81234    0.81226          1     7.8540     5.6997      97.67     0.5303     0.2457  1.000e-12  0.2187000     7.2301     7.2335     0.0034     5.6593     5.6630     53.496     54.692      1.209    1441.53    1441.45  0.000e+00
      14281     54.500     6.1877     6.1827    -0.0051    0.81231    0.81227          1     7.8450     5.6959      97.68     0.5212     0.2719  1.000e-12  0.2222000     7.2318     7.2325     0.0007     5.6612     5.6620     53.991     55.198      1.104    1441.49    1441.47  0.000e+00
      14293     55.000     6.1653     6.1712     0.0057    0.81224    0.81224          1     7.8437     5.6998      97.67     0.5186     0.2750  1.000e-12  0.2230000     7.2358     7.2346    -0.0012     5.6656     5.6643     54.486     55.705      0.918    1441.41    1441.44  0.000e+00
      14309     55.500     6.1463     6.1345    -0.0117    0.81216    0.81214          1     7.8513     5.7048      82.85     0.5004     0.2767  1.000e-12  0.2284000     7.2391     7.2414     0.0023     5.6693     5.6717     54.981     56.211      0.639    1441.34    1441.30  0.000e+00
      14361     56.000     6.1583     6.1469    -0.0116    0.81226    0.81222          1     7.8610     5.7141      87.80     0.5042     0.2697  1.000e-12  0.2091000     7.2375     7.2394     0.0020     5.6673     5.6695     55.477     56.718      0.319    1441.40    1441.35  0.000e+00
