ctdpy/tests/etc/all_smhi_bas_2018/SBE09_0827_20180826_1540_26_01_0906.cnv
* Sea-Bird SBE 9 Data File:
* FileName = D:\CTD_SBE911\DAT\26DA.2018.8.106.hex
* Software Version Seasave V 7.21d
* Temperature SN = 034605
* Conductivity SN = 041844
* Number of Bytes Per Scan = 48
* Number of Voltage Words = 5
* Number of Scans Averaged by the Deck Unit = 1
* NMEA Latitude = 57 11.52 N
* NMEA Longitude = 011 26.37 E
* NMEA UTC (Time) = Aug 26 2018  15:42:51
* NMEA baud rate = 4800
** Ship: DANA
** Average sound velocity: 1500.23 m/s
** True-depth calculation Thu, 28 Mar 2019 09:52:47 +0000
** CTD Python Module SMHI /ver 3-12/ feb 2012 
** LIMS Job: 20182601-0906
**  W GROVES FLAK
** Operator: Christian
** Cruise: 08/2018
# nquan = 26
# nvalues = 145                         
# units = specified
# name 0 = scan: Scan Count
# name 1 = prDM: Pressure, Digiquartz [db]
# name 2 = t090C: Temperature [ITS-90, deg C]
# name 3 = t190C: Temperature, 2 [ITS-90, deg C]
# name 4 = T2-T190C: Temperature Difference, 2 - 1 [ITS-90, deg C]
# name 5 = c0S/m: Conductivity [S/m]
# name 6 = c1S/m: Conductivity, 2 [S/m]
# name 7 = pumps: Pump Status
# name 8 = sbeox1ML/L: Oxygen, SBE 43, 2 [ml/l]
# name 9 = sbeox0ML/L: Oxygen, SBE 43 [ml/l]
# name 10 = altM: Altimeter [m]
# name 11 = chloroflTC0: Chlorophyll, Turner Cyclops [ug/l]
# name 12 = cpar: CPAR/Corrected Irradiance [%]
# name 13 = par: PAR/Irradiance, Biospherical/Lico [µE/(cm^2*s)]
# name 14 = spar: SPAR, Biospherical/Licor
# name 15 = sal00: Salinity, Practical [PSU]
# name 16 = sal11: Salinity, Practical, 2 [PSU]
# name 17 = secS-priS: Salinity, Practical, Difference, 2 - 1 [PSU]
# name 18 = sigma-t00: Density [sigma-t, kg/m^3 ]
# name 19 = sigma-t11: Density, 2 [sigma-t, kg/m^3 ]
# name 20 = depSM: Depth [salt water, m], lat = 57.192
# name 21 = depFM: Depth [true depth, m], lat = 57.192
# name 22 = dz/dtM: Descent Rate [m/s], WS = 2
# name 23 = svCM: Sound Velocity [Chen-Millero, m/s]
# name 24 = svCM1: Sound Velocity, 2 [Chen-Millero, m/s]
# name 25 = flag: flag
# span 0 =        185,       7005       
# span 1 =      2.000,     74.000       
# span 2 =     8.6928,    18.2099       
# span 3 =     8.6919,    18.2298       
# span 4 =    -0.2358,     0.0759       
# span 5 =   3.550812,   4.109660       
# span 6 =   3.551008,   4.110500       
# span 7 =          1,          1       
# span 8 =     4.0856,     5.9619       
# span 9 =     4.0910,     5.6555       
# span 10 =       1.86,       9.98      
# span 11 =     0.0344,     0.2428      
# span 12 = 6.0063e-14, 6.7953e+00      
# span 13 = 1.0000e-12, 1.1315e+02      
# span 14 = 1.6420e+03, 1.6688e+03      
# span 15 =    27.2409,    33.5418      
# span 16 =    27.2585,    33.5489      
# span 17 =    -0.0985,     0.2201      
# span 18 =    19.3954,    26.0243      
# span 19 =    19.4090,    26.0292      
# span 20 =      1.982,     73.305      
# span 21 =      1.998,     73.645      
# span 22 =      0.116,      0.407      
# span 23 =    1484.45,    1511.09      
# span 24 =    1484.44,    1511.15      
# span 25 = 0.0000e+00, 0.0000e+00      
# interval = decibars: 0.5              
# start_time = Aug 26 2018 15:42:51 [NMEA time, first data scan]
# bad_flag = -9.990e-29
*END*
        185      2.000    17.7633    17.7622    -0.0010    3.64657    3.64860          1     5.9267     5.6555       9.98     0.1229  6.427e+00  1.070e+02  1.664e+03    27.2409    27.2585     0.0176    19.3954    19.4090      1.982      1.998      0.305    1506.32    1506.33  0.000e+00
        303      2.500    17.7308    17.7327     0.0018    3.69973    3.69439          1     5.9170     5.6361       9.98     0.1375  6.795e+00  1.132e+02  1.665e+03    27.7021    27.6565    -0.0456    19.7550    19.7198      2.477      2.498      0.287    1506.75    1506.70  0.000e+00
        366      3.000    17.7222    17.7144    -0.0078    3.71108    3.71665          1     5.9147     5.6144       9.98     0.1397  5.543e+00  9.220e+01  1.663e+03    27.8021    27.8537     0.0517    19.8333    19.8746      2.972      2.997      0.250    1506.85    1506.88  0.000e+00
        402      3.500    17.6986    17.6882    -0.0103    3.73809    3.74395          1     5.9208     5.6177       9.98     0.1380  4.638e+00  7.736e+01  1.668e+03    28.0429    28.0988     0.0559    20.0228    20.0679      3.468      3.497      0.407    1507.06    1507.09  0.000e+00
        445      4.000    17.6896    17.6971     0.0075    3.74855    3.74566          1     5.9257     5.6261       9.98     0.1498  4.521e+00  7.545e+01  1.669e+03    28.1361    28.1068    -0.0292    20.0961    20.0720      3.963      3.996      0.258    1507.14    1507.13  0.000e+00
        510      4.500    17.6947    17.6873    -0.0074    3.74821    3.74837          1     5.9257     5.6262       9.98     0.1539  3.563e+00  5.944e+01  1.668e+03    28.1296    28.1361     0.0065    20.0899    20.0966      4.459      4.495      0.364    1507.16    1507.14  0.000e+00
        556      5.000    17.6837    17.6834    -0.0004    3.75473    3.75661          1     5.9189     5.6174       9.98     0.1600  3.319e+00  5.534e+01  1.667e+03    28.1915    28.2074     0.0160    20.1397    20.1520      4.954      4.994      0.260    1507.20    1507.22  0.000e+00
        626      5.500    17.7113    17.7071    -0.0042    3.72352    3.72773          1     5.9619     5.6277       9.98     0.1605  3.080e+00  5.124e+01  1.664e+03    27.9123    27.9502     0.0379    19.9201    19.9500      5.449      5.493      0.245    1506.98    1507.01  0.000e+00
        686      6.000    17.7089    17.7179     0.0090    3.72698    3.71956          1     5.9404     5.6284       9.98     0.1621  2.469e+00  4.105e+01  1.663e+03    27.9425    27.8746    -0.0679    19.9437    19.8898      5.945      5.993      0.224    1507.01    1506.96  0.000e+00
        740      6.500    17.7135    17.7203     0.0067    3.72262    3.71133          1     5.9004     5.6214       9.98     0.1755  2.223e+00  3.709e+01  1.669e+03    27.9029    27.8044    -0.0985    19.9124    19.8355      6.440      6.492      0.227    1506.99    1506.90  0.000e+00
        783      7.000    17.6878    17.6717    -0.0160    3.75421    3.76448          1     5.9046     5.6077       9.98     0.1603  1.954e+00  3.255e+01  1.666e+03    28.1837    28.2804     0.0968    20.1328    20.2105      6.935      6.991      0.322    1507.24    1507.30  0.000e+00
        827      7.500    17.6844    17.6700    -0.0145    3.76053    3.78201          1     5.9093     5.6055       9.98     0.1623  1.724e+00  2.874e+01  1.667e+03    28.2385    28.4277     0.1893    20.1755    20.3234      7.431      7.491      0.232    1507.30    1507.47  0.000e+00
        879      8.000    17.6771    17.6656    -0.0115    3.76887    3.78197          1     5.9040     5.5881       9.98     0.1658  1.624e+00  2.706e+01  1.666e+03    28.3130    28.4303     0.1173    20.2341    20.3264      7.926      7.990      0.254    1507.37    1507.47  0.000e+00
        931      8.500    17.6625    17.6626     0.0001    3.78249    3.78269          1     5.9108     5.5895       9.98     0.1675  1.383e+00  2.295e+01  1.660e+03    28.4366    28.4382     0.0016    20.3320    20.3332      8.422      8.489      0.223    1507.48    1507.48  0.000e+00
        979      9.000    17.6653    17.6655     0.0003    3.78366    3.78436          1     5.9143     5.5965       9.98     0.1723  1.258e+00  2.089e+01  1.660e+03    28.4444    28.4500     0.0056    20.3372    20.3415      8.917      8.988      0.268    1507.50    1507.51  0.000e+00
       1025      9.500    17.6707    17.6701    -0.0006    3.78595    3.78602          1     5.9066     5.5845       9.98     0.1653  1.142e+00  1.896e+01  1.660e+03    28.4595    28.4605     0.0010    20.3476    20.3484      9.412      9.487      0.275    1507.54    1507.54  0.000e+00
       1063     10.000    17.6754    17.6750    -0.0004    3.78877    3.78916          1     5.8767     5.5739       9.98     0.1606  1.028e+00  1.712e+01  1.665e+03    28.4796    28.4832     0.0036    20.3618    20.3647      9.908      9.986      0.341    1507.59    1507.59  0.000e+00
       1102     10.500    17.6810    17.6784    -0.0026    3.79087    3.79032          1     5.8723     5.5806       9.98     0.1665  9.152e-01  1.524e+01  1.666e+03    28.4931    28.4904    -0.0027    20.3708    20.3693     10.403     10.485      0.268    1507.63    1507.62  0.000e+00
       1150     11.000    17.6826    17.6837     0.0011    3.79275    3.79421          1     5.8773     5.5833       9.98     0.1673  7.945e-01  1.323e+01  1.665e+03    28.5075    28.5189     0.0114    20.3814    20.3899     10.899     10.984      0.261    1507.66    1507.68  0.000e+00
       1197     11.500    17.6833    17.6856     0.0023    3.79414    3.79395          1     5.8652     5.5874       9.98     0.1819  7.426e-01  1.237e+01  1.665e+03    28.5185    28.5153    -0.0032    20.3897    20.3867     11.394     11.484      0.232    1507.68    1507.69  0.000e+00
       1252     12.000    17.6847    17.7047     0.0201    3.79648    3.81739          1     5.8867     5.5799       9.98     0.1672  6.499e-01  1.079e+01  1.660e+03    28.5369    28.6975     0.1606    20.4034    20.5215     11.889     11.983      0.212    1507.72    1507.96  0.000e+00
       1306     12.500    17.6994    17.7283     0.0288    3.81025    3.83903          1     5.8606     5.5526       9.98     0.2428  5.847e-01  9.685e+00  1.656e+03    28.6414    28.8615     0.2201    20.4799    20.6412     12.385     12.482      0.254    1507.89    1508.22  0.000e+00
       1348     13.000    17.7225    17.7295     0.0070    3.83509    3.83997          1     5.8812     5.5512       9.98     0.1937  5.337e-01  8.838e+00  1.656e+03    28.8325    28.8684     0.0358    20.6205    20.6463     12.880     12.981      0.291    1508.18    1508.24  0.000e+00
       1390     13.500    17.7332    17.7358     0.0026    3.84585    3.84861          1     5.8573     5.5349       9.98     0.1746  4.860e-01  8.060e+00  1.659e+03    28.9147    28.9359     0.0212    20.6808    20.6964     13.375     13.480      0.293    1508.31    1508.35  0.000e+00
       1427     14.000    17.7450    17.7557     0.0106    3.86010    3.86226          1     5.8594     5.5694       9.98     0.1722  4.345e-01  7.218e+00  1.661e+03    29.0253    29.0358     0.0105    20.7625    20.7680     13.871     13.979      0.342    1508.48    1508.53  0.000e+00
       1466     14.500    17.8130    17.8233     0.0104    3.87718    3.88048          1     5.8260     5.5320       9.98     0.1677  3.912e-01  6.507e+00  1.663e+03    29.1194    29.1396     0.0201    20.8185    20.8315     14.366     14.478      0.276    1508.80    1508.86  0.000e+00
       1512     15.000    17.8066    17.8237     0.0170    3.88307    3.88481          1     5.8095     5.5408       9.98     0.1629  3.589e-01  5.975e+00  1.665e+03    29.1730    29.1753     0.0023    20.8609    20.8586     14.861     14.976      0.267    1508.85    1508.91  0.000e+00
       1559     15.500    17.9097    17.9350     0.0254    3.90038    3.90450          1     5.8565     5.5287       9.98     0.1692  3.223e-01  5.360e+00  1.663e+03    29.2437    29.2600     0.0163    20.8906    20.8971     15.357     15.475      0.225    1509.25    1509.34  0.000e+00
       1616     16.000    17.9080    17.9312     0.0232    3.90201    3.91132          1     5.8549     5.5327       9.98     0.1775  2.937e-01  4.874e+00  1.659e+03    29.2584    29.3194     0.0610    20.9023    20.9434     15.852     15.974      0.246    1509.27    1509.41  0.000e+00
       1665     16.500    17.9157    17.9287     0.0131    3.91210    3.92092          1     5.8053     5.5122       9.98     0.1790  2.633e-01  4.358e+00  1.655e+03    29.3368    29.4011     0.0642    20.9604    21.0063     16.348     16.473      0.219    1509.39    1509.50  0.000e+00
       1716     17.000    17.9273    17.9487     0.0214    3.91807    3.92621          1     5.7794     5.4756       9.98     0.1704  2.434e-01  4.033e+00  1.657e+03    29.3781    29.4307     0.0525    20.9892    21.0242     16.843     16.972      0.313    1509.48    1509.60  0.000e+00
       1748     17.500    18.0887    18.1647     0.0759    3.97254    3.97971          1     5.7829     5.3831       9.98     0.1675  2.142e-01  3.551e+00  1.658e+03    29.7152    29.7198     0.0046    21.2083    21.1936     17.338     17.470      0.377    1510.35    1510.58  0.000e+00
       1784     18.000    18.2099    18.2298     0.0201    4.01688    4.02453          1     5.7047     5.3384       9.98     0.1665  1.988e-01  3.300e+00  1.660e+03    29.9961    30.0451     0.0490    21.3938    21.4265     17.834     17.969      0.288    1511.03    1511.15  0.000e+00
       1832     18.500    18.1775    18.1767    -0.0008    4.02998    4.02952          1     5.6495     5.2982       9.98     0.1658  1.792e-01  2.978e+00  1.662e+03    30.1286    30.1254    -0.0032    21.5028    21.5006     18.329     18.468      0.271    1511.09    1511.09  0.000e+00
       1868     19.000    18.1340    18.1159    -0.0183    4.03776    4.03868          1     5.6199     5.1974       9.98     0.1659  1.668e-01  2.777e+00  1.665e+03    30.2254    30.2463     0.0209    21.5871    21.6075     18.824     18.966      0.357    1511.08    1511.05  0.000e+00
       1907     19.500    17.9825    17.9159    -0.0664    4.03598    4.03768          1     5.5116     5.1649       9.98     0.1703  1.492e-01  2.482e+00  1.663e+03    30.3222    30.3859     0.0637    21.6974    21.7620     19.320     19.465      0.220    1510.75    1510.63  0.000e+00
       1976     20.000    17.7681    17.6949    -0.0735    4.05945    4.06469          1     5.4061     5.0716       9.98     0.1756  1.361e-01  2.255e+00  1.657e+03    30.6794    30.7788     0.0993    22.0215    22.1149     19.815     19.963      0.253    1510.53    1510.42  0.000e+00
       2024     20.500    17.6070    17.5168    -0.0902    4.07050    4.07570          1     5.3294     5.0083       9.98     0.1818  1.222e-01  2.021e+00  1.654e+03    30.8940    31.0067     0.1126    22.2238    22.3313     20.310     20.461      0.230    1510.30    1510.16  0.000e+00
       2073     21.000    17.4796    17.3952    -0.0842    4.07226    4.07587          1     5.2462     4.9743       9.98     0.1881  1.077e-01  1.777e+00  1.650e+03    31.0058    31.1010     0.0952    22.3394    22.4321     20.806     20.960      0.303    1510.06    1509.91  0.000e+00
       2108     21.500    17.3312    17.3008    -0.0305    4.07926    4.08167          1     5.2587     5.0074       9.98     0.1891  9.637e-02  1.595e+00  1.655e+03    31.1790    31.2229     0.0439    22.5068    22.5475     21.301     21.458      0.342    1509.81    1509.77  0.000e+00
       2143     22.000    17.2822    17.2624    -0.0198    4.09108    4.09346          1     5.2743     5.0408       9.98     0.1890  8.599e-02  1.427e+00  1.659e+03    31.3174    31.3530     0.0356    22.6242    22.6561     21.796     21.956      0.337    1509.83    1509.81  0.000e+00
       2182     22.500    17.2526    17.2332    -0.0194    4.09896    4.10228          1     5.2838     5.0405       9.98     0.1823  7.773e-02  1.290e+00  1.659e+03    31.4075    31.4509     0.0434    22.7002    22.7379     22.292     22.454      0.283    1509.85    1509.85  0.000e+00
       2227     23.000    17.2277    17.2140    -0.0137    4.10367    4.10599          1     5.3007     5.0455       9.98     0.1782  6.814e-02  1.133e+00  1.663e+03    31.4669    31.4974     0.0305    22.7515    22.7781     22.787     22.952      0.269    1509.86    1509.85  0.000e+00
       2272     23.500    17.2119    17.2029    -0.0090    4.10605    4.10756          1     5.2861     5.0376       9.97     0.1745  6.128e-02  1.018e+00  1.662e+03    31.4993    31.5193     0.0200    22.7800    22.7974     23.282     23.450      0.240    1509.85    1509.85  0.000e+00
       2333     24.000    17.1963    17.1868    -0.0096    4.10758    4.10888          1     5.2780     5.0299       9.97     0.1713  5.466e-02  9.042e-01  1.654e+03    31.5245    31.5430     0.0185    22.8029    22.8193     23.778     23.947      0.199    1509.84    1509.84  0.000e+00
       2387     24.500    17.1485    17.1261    -0.0224    4.10966    4.11050          1     5.2688     5.0078       9.97     0.1698  4.896e-02  8.088e-01  1.652e+03    31.5794    31.6041     0.0247    22.8562    22.8804     24.273     24.445      0.254    1509.77    1509.73  0.000e+00
       2431     25.000    17.1124    17.0225    -0.0898    4.10808    4.10517          1     5.2830     5.0078       9.97     0.1614  4.337e-02  7.149e-01  1.648e+03    31.5939    31.6394     0.0455    22.8757    22.9315     24.768     24.943      0.306    1509.69    1509.47  0.000e+00
       2468     25.500    17.0376    16.8635    -0.1741    4.10389    4.10003          1     5.2541     4.9990       9.97     0.1610  3.901e-02  6.452e-01  1.654e+03    31.6164    31.7201     0.1037    22.9103    23.0302     25.264     25.441      0.317    1509.50    1509.08  0.000e+00
       2506     26.000    16.9228    16.6918    -0.2311    4.09965    4.09424          1     5.2189     4.9658       9.97     0.1442  3.421e-02  5.681e-01  1.661e+03    31.6699    31.8057     0.1358    22.9779    23.1354     25.759     25.939      0.324    1509.22    1508.67  0.000e+00
       2542     26.500    16.7665    16.5754    -0.1911    4.09398    4.08990          1     5.1936     4.9729       9.97     0.1263  3.093e-02  5.134e-01  1.660e+03    31.7441    31.8603     0.1162    23.0709    23.2039     26.255     26.437      0.332    1508.83    1508.38  0.000e+00
       2588     27.000    16.6389    16.5325    -0.1065    4.09047    4.09048          1     5.2268     4.9655       9.97     0.1202  2.715e-02  4.511e-01  1.662e+03    31.8146    31.8994     0.0848    23.1543    23.2437     26.750     26.935      0.217    1508.53    1508.30  0.000e+00
       2643     27.500    16.5444    16.4742    -0.0702    4.08965    4.08994          1     5.2079     4.9641       9.97     0.1065  2.439e-02  4.047e-01  1.659e+03    31.8825    31.9410     0.0585    23.2280    23.2889     27.245     27.432      0.244    1508.33    1508.18  0.000e+00
       2699     28.000    16.4805    16.4081    -0.0725    4.08882    4.08942          1     5.1924     4.9626       9.97     0.1020  2.162e-02  3.574e-01  1.653e+03    31.9261    31.9892     0.0631    23.2760    23.3409     27.741     27.930      0.196    1508.19    1508.04  0.000e+00
       2754     28.500    16.4267    16.3035    -0.1232    4.08790    4.08479          1     5.1576     4.9430       9.97     0.0940  1.925e-02  3.179e-01  1.651e+03    31.9609    32.0325     0.0716    23.3150    23.3979     28.236     28.428      0.307    1508.08    1507.78  0.000e+00
       2791     29.000    16.3254    16.1227    -0.2026    4.08263    4.07513          1     5.1833     4.9628       9.97     0.0930  1.697e-02  2.805e-01  1.653e+03    31.9958    32.0933     0.0975    23.3647    23.4854     28.731     28.925      0.306    1507.81    1507.30  0.000e+00
