ctdpy/tests/etc/all_smhi_bas_2018/SBE09_0827_20181005_1411_26_01_1017.cnv
* Sea-Bird SBE 9 Data File:
* FileName = D:\CTD_SBE911\DAT\26DA.2018.10.17.hex
* Software Version Seasave V 7.21d
* Temperature SN = 4548
* Conductivity SN = 3062
* Number of Bytes Per Scan = 48
* Number of Voltage Words = 5
* Number of Scans Averaged by the Deck Unit = 1
* NMEA Latitude = 56 35.62 N
* NMEA Longitude = 016 49.33 E
* NMEA UTC (Time) = Oct 05 2018  14:14:12
* NMEA baud rate = 4800
** Ship: DANA
** Average sound velocity: 1442.86 m/s
** True-depth calculation Thu, 28 Mar 2019 12:17:55 +0000
** CTD Python Module SMHI /ver 3-12/ feb 2012 
** LIMS Job: 20182601-1017
**  6E Blæsinge
** Operator: Christian
** Cruise: 10/2018
# nquan = 26
# nvalues = 96                          
# units = specified
# name 0 = scan: Scan Count
# name 1 = prDM: Pressure, Digiquartz [db]
# name 2 = t090C: Temperature [ITS-90, deg C]
# name 3 = t190C: Temperature, 2 [ITS-90, deg C]
# name 4 = T2-T190C: Temperature Difference, 2 - 1 [ITS-90, deg C]
# name 5 = c0S/m: Conductivity [S/m]
# name 6 = c1S/m: Conductivity, 2 [S/m]
# name 7 = pumps: Pump Status
# name 8 = sbeox1ML/L: Oxygen, SBE 43, 2 [ml/l]
# name 9 = sbeox0ML/L: Oxygen, SBE 43 [ml/l]
# name 10 = altM: Altimeter [m]
# name 11 = chloroflTC0: Chlorophyll, Turner Cyclops [ug/l]
# name 12 = cpar: CPAR/Corrected Irradiance [%]
# name 13 = par: PAR/Irradiance, Biospherical/Lico [µE/(cm^2*s)]
# name 14 = spar: SPAR, Biospherical/Licor
# name 15 = sal00: Salinity, Practical [PSU]
# name 16 = sal11: Salinity, Practical, 2 [PSU]
# name 17 = secS-priS: Salinity, Practical, Difference, 2 - 1 [PSU]
# name 18 = sigma-t00: Density [sigma-t, kg/m^3 ]
# name 19 = sigma-t11: Density, 2 [sigma-t, kg/m^3 ]
# name 20 = depSM: Depth [salt water, m], lat = 56.5937
# name 21 = depFM: Depth [true depth, m], lat = 56.5937
# name 22 = dz/dtM: Descent Rate [m/s], WS = 2
# name 23 = svCM: Sound Velocity [Chen-Millero, m/s]
# name 24 = svCM1: Sound Velocity, 2 [Chen-Millero, m/s]
# name 25 = flag: flag
# span 0 =        236,       4946       
# span 1 =      1.000,     48.500       
# span 2 =     4.3266,     9.3797       
# span 3 =     4.3275,     9.3805       
# span 4 =    -0.2680,     0.0193       
# span 5 =   0.802188,   0.879545       
# span 6 =   0.801959,   0.879578       
# span 7 =          1,          1       
# span 8 =     4.7129,     7.4928       
# span 9 =     4.3780,     7.0144       
# span 10 =       1.20,      10.00      
# span 11 =     0.0170,     0.0288      
# span 12 = -7.139e-05, 7.9982e+00      
# span 13 = -3.363e-04, 3.8097e+01      
# span 14 = 4.6851e+02, 5.2102e+02      
# span 15 =     7.1944,     7.9976      
# span 16 =     7.1946,     8.0076      
# span 17 =    -0.0003,     0.0253      
# span 18 =     5.3844,     6.3414      
# span 19 =     5.3846,     6.3494      
# span 20 =      0.991,     48.051      
# span 21 =      1.013,     49.116      
# span 22 =     -0.325,      0.535      
# span 23 =    1433.79,    1453.87      
# span 24 =    1433.76,    1453.87      
# span 25 = 0.0000e+00, 0.0000e+00      
# interval = decibars: 0.5              
# start_time = Oct 05 2018 14:14:12 [NMEA time, first data scan]
# bad_flag = -9.990e-29
*END*
[from data line 56]
       2852     29.000     4.5913     4.5119    -0.0793    0.80388    0.80273          1     6.5362     6.1397       9.97     0.0171  2.114e-13  1.000e-12  4.730e+02     7.5033     7.5098     0.0065     5.9474     5.9552     28.733     29.375      0.312    1434.48    1434.14  0.000e+00
       2903     29.500     4.4925     4.4690    -0.0237    0.80219    0.80196          1     6.5305     6.1277       9.97     0.0171  2.122e-13  1.000e-12  4.712e+02     7.5087     7.5118     0.0030     5.9550     5.9582     29.228     29.881      0.229    1434.06    1433.96  0.000e+00
       2949     30.000     4.5005     4.5053     0.0050    0.80337    0.80376          1     6.5361     6.1269       9.97     0.0171  2.118e-13  1.000e-12  4.721e+02     7.5187     7.5216     0.0029     5.9627     5.9648     29.723     30.387      0.296    1434.12    1434.14  0.000e+00
       2987     30.500     4.5874     4.5971     0.0096    0.80708    0.80766          1     6.5111     6.1197       9.97     0.0171  2.107e-13  1.000e-12  4.745e+02     7.5361     7.5397     0.0036     5.9736     5.9761     30.219     30.894      0.326    1434.53    1434.58  0.000e+00
       3027     31.000     4.6134     4.6161     0.0026    0.80863    0.80901          1     6.4831     6.0893       9.97     0.0172  2.109e-13  1.000e-12  4.741e+02     7.5456     7.5488     0.0033     5.9802     5.9827     30.714     31.400      0.268    1434.67    1434.68  0.000e+00
       3080     31.500     4.6155     4.6160     0.0004    0.80932    0.80948          1     6.4609     6.0636       9.97     0.0172  2.114e-13  1.000e-12  4.730e+02     7.5520     7.5535     0.0015     5.9853     5.9865     31.209     31.906      0.190    1434.69    1434.70  0.000e+00
       3144     32.000     4.6412     4.6449     0.0037    0.81035    0.81058          1     6.4631     6.0646       9.97     0.0171  2.099e-13  1.000e-12  4.765e+02     7.5564     7.5579     0.0015     5.9879     5.9889     31.705     32.412      0.313    1434.82    1434.84  0.000e+00
       3173     32.500     4.6622     4.6623     0.0001    0.81154    0.81176          1     6.4404     6.0509       9.97     0.0171  2.096e-13  1.000e-12  4.770e+02     7.5634     7.5656     0.0022     5.9927     5.9944     32.200     32.919      0.375    1434.93    1434.93  0.000e+00
       3218     33.000     4.6494     4.6420    -0.0075    0.81306    0.81391          1     6.3763     6.0012       9.97     0.0171  2.104e-13  1.000e-12  4.752e+02     7.5816     7.5918     0.0102     6.0075     6.0159     32.695     33.425      0.226    1434.90    1434.88  0.000e+00
       3269     33.500     4.6257     4.6243    -0.0014    0.81685    0.81710          1     6.2474     5.8995       9.97     0.0171  2.099e-13  1.000e-12  4.766e+02     7.6249     7.6278     0.0029     6.0427     6.0450     33.191     33.931      0.299    1434.86    1434.86  0.000e+00
       3306     34.000     4.6379     4.6371    -0.0009    0.81906    0.81939          1     6.1604     5.8294       9.97     0.0172  2.088e-13  1.000e-12  4.789e+02     7.6442     7.6477     0.0035     6.0576     6.0603     33.686     34.437      0.329    1434.95    1434.95  0.000e+00
       3343     34.500     4.6346     4.6329    -0.0016    0.82013    0.82040          1     6.1120     5.7664       9.97     0.0171  2.086e-13  1.000e-12  4.793e+02     7.6556     7.6588     0.0031     6.0667     6.0693     34.181     34.944      0.277    1434.96    1434.95  0.000e+00
       3417     35.000     4.6276     4.6252    -0.0025    0.82061    0.82081          1     6.1078     5.7444       9.97     0.0171  2.088e-13  1.000e-12  4.788e+02     7.6620     7.6645     0.0025     6.0720     6.0741     34.677     35.450      0.218    1434.94    1434.94  0.000e+00
       3464     35.500     4.6226     4.6196    -0.0030    0.82088    0.82093          1     6.0972     5.7355       9.97     0.0171  2.073e-13  1.000e-12  4.823e+02     7.6658     7.6670     0.0012     6.0752     6.0762     35.172     35.956      0.371    1434.93    1434.92  0.000e+00
       3493     36.000     4.5950     4.5651    -0.0299    0.82069    0.82045          1     6.0700     5.7124       9.97     0.0171  2.069e-13  1.000e-12  4.833e+02     7.6702     7.6748     0.0046     6.0797     6.0843     35.667     36.462      0.404    1434.82    1434.70  0.000e+00
       3526     36.500     4.5058     4.4747    -0.0312    0.81956    0.81931          1     6.0648     5.7002       9.97     0.0171  2.075e-13  1.000e-12  4.820e+02     7.6796     7.6843     0.0047     6.0901     6.0948     36.163     36.968      0.292    1434.45    1434.32  0.000e+00
       3583     37.000     4.4694     4.4569    -0.0123    0.81932    0.81932          1     6.0555     5.6945       9.97     0.0171  2.073e-13  1.000e-12  4.823e+02     7.6855     7.6884     0.0029     6.0960     6.0987     36.658     37.475      0.235    1434.30    1434.25  0.000e+00
       3623     37.500     4.4200     4.4125    -0.0076    0.81893    0.81894          1     6.0292     5.6656       9.97     0.0171  2.055e-13  1.000e-12  4.866e+02     7.6931     7.6949     0.0018     6.1036     6.1052     37.154     37.981      0.365    1434.10    1434.07  0.000e+00
       3658     38.000     4.3747     4.3631    -0.0117    0.81849    0.81850          1     6.0225     5.6585       9.97     0.0170  2.053e-13  1.000e-12  4.870e+02     7.6992     7.7019     0.0027     6.1098     6.1123     37.649     38.487      0.274    1433.91    1433.87  0.000e+00
       3736     38.500     4.3644     4.3541    -0.0103    0.81877    0.81895          1     6.0026     5.6355       9.97     0.0171  2.061e-13  1.000e-12  4.853e+02     7.7043     7.7085     0.0042     6.1142     6.1179     38.144     38.993      0.243    1433.88    1433.84  0.000e+00
       3771     39.000     4.3477     4.3453    -0.0024    0.81924    0.81934          1     5.9743     5.6195       9.97     0.0171  2.042e-13  1.000e-12  4.897e+02     7.7129     7.7145     0.0016     6.1216     6.1229     38.640     39.499      0.399    1433.83    1433.82  0.000e+00
       3803     39.500     4.3384     4.3279    -0.0105    0.81963    0.81994          1     5.9331     5.5880       9.97     0.0170  2.036e-13  1.000e-12  4.912e+02     7.7190     7.7245     0.0055     6.1267     6.1314     39.135     40.005      0.332    1433.80    1433.76  0.000e+00
       3846     40.000     4.3266     4.3275     0.0009    0.82173    0.82276          1     5.8539     5.5199       9.97     0.0171  2.048e-13  1.000e-12  4.883e+02     7.7429     7.7531     0.0103     6.1460     6.1541     39.630     40.512      0.262    1433.79    1433.80  0.000e+00
       3890     40.500     4.4017     4.4138     0.0120    0.82756    0.82814          1     5.6904     5.3946       9.89     0.0170  2.042e-13  1.000e-12  4.897e+02     7.7841     7.7871     0.0030     6.1764     6.1784     40.125     41.018      0.283    1434.18    1434.24  0.000e+00
       3934     41.000     4.4363     4.4436     0.0072    0.82911    0.82949          1     5.6088     5.3043       9.39     0.0171  2.022e-13  1.000e-12  4.945e+02     7.7916     7.7937     0.0021     6.1812     6.1826     40.621     41.524      0.263    1434.35    1434.39  0.000e+00
       3981     41.500     4.4542     4.4602     0.0059    0.82990    0.83018          1     5.5878     5.2724       8.87     0.0171  2.022e-13  1.000e-12  4.945e+02     7.7952     7.7967     0.0015     6.1834     6.1844     41.116     42.030      0.246    1434.45    1434.47  0.000e+00
       4046     42.000     4.4718     4.4910     0.0193    0.83061    0.83153          1     5.5902     5.2530       8.35     0.0171  2.020e-13  1.000e-12  4.950e+02     7.7982     7.8029     0.0047     6.1852     6.1883     41.611     42.536      0.236    1434.54    1434.63  0.000e+00
       4093     42.500     4.4959     4.4963     0.0005    0.83206    0.83225          1     5.5600     5.2233       7.88     0.0171  2.008e-13  1.000e-12  4.981e+02     7.8071     7.8088     0.0017     6.1915     6.1929     42.107     43.042      0.390    1434.66    1434.67  0.000e+00
       4121     43.000     4.4729     4.4602    -0.0127    0.83199    0.83198          1     5.5320     5.2110       7.33     0.0170  2.007e-13  1.000e-12  4.982e+02     7.8117     7.8146     0.0029     6.1960     6.1987     42.602     43.548      0.349    1434.57    1434.52  0.000e+00
       4168     43.500     4.4586     4.4498    -0.0089    0.83188    0.83199          1     5.5192     5.1899       6.75     0.0171  2.010e-13  1.000e-12  4.976e+02     7.8139     7.8171     0.0032     6.1981     6.2009     43.097     44.055      0.230    1434.52    1434.49  0.000e+00
       4212     44.000     4.4457     4.4447    -0.0010    0.83198    0.83200          1     5.5142     5.1782       6.28     0.0171  2.004e-13  1.000e-12  4.991e+02     7.8179     7.8183     0.0005     6.2017     6.2021     43.593     44.561      0.352    1434.48    1434.47  0.000e+00
       4249     44.500     4.4450     4.4426    -0.0024    0.83215    0.83221          1     5.5095     5.1731       5.69     0.0171  1.990e-13  1.000e-12  5.025e+02     7.8197     7.8208     0.0012     6.2031     6.2042     44.088     45.067      0.252    1434.48    1434.47  0.000e+00
       4318     45.000     4.4436     4.4435    -0.0001    0.83232    0.83238          1     5.4948     5.1569       5.14     0.0171  1.993e-13  1.000e-12  5.018e+02     7.8217     7.8223     0.0006     6.2048     6.2053     44.583     45.573      0.227    1434.49    1434.49  0.000e+00
       4364     45.500     4.4671     4.4812     0.0140    0.83351    0.83408          1     5.4786     5.1531       4.64     0.0171  1.983e-13  1.000e-12  5.042e+02     7.8280     7.8305     0.0024     6.2091     6.2105     45.079     46.079      0.304    1434.61    1434.67  0.000e+00
       4403     46.000     4.5327     4.5397     0.0070    0.83703    0.83742          1     5.3949     5.0902       4.10     0.0171  1.977e-13  1.000e-12  5.057e+02     7.8480     7.8501     0.0022     6.2227     6.2242     45.574     46.585      0.305    1434.93    1434.97  0.000e+00
       4444     46.500     4.5336     4.5322    -0.0014    0.83729    0.83723          1     5.3539     5.0477       3.56     0.0171  1.977e-13  1.000e-12  5.057e+02     7.8503     7.8500    -0.0003     6.2245     6.2243     46.069     47.091      0.286    1434.95    1434.94  0.000e+00
       4486     47.000     4.5307     4.5312     0.0006    0.83720    0.83721          1     5.3600     5.0432       3.03     0.0171  1.973e-13  1.000e-12  5.068e+02     7.8500     7.8500    -0.0000     6.2244     6.2243     46.565     47.597      0.290    1434.94    1434.94  0.000e+00
       4526     47.500     4.5309     4.5322     0.0013    0.83714    0.83720          1     5.3628     5.0377       2.51     0.0171  1.965e-13  1.000e-12  5.090e+02     7.8492     7.8496     0.0003     6.2238     6.2240     47.060     48.104      0.274    1434.95    1434.96  0.000e+00
       4577     48.000     4.5326     4.5351     0.0024    0.83782    0.83839          1     5.3361     5.0157       1.91     0.0171  1.953e-13  1.000e-12  5.119e+02     7.8557     7.8608     0.0052     6.2288     6.2328     47.555     48.610      0.202    1434.97    1434.99  0.000e+00
       4946     48.500     4.5311     4.5278    -0.0034    0.85187    0.85277          1     4.7129     4.3780       1.20     0.0171  1.919e-13  1.000e-12  5.210e+02     7.9976     8.0076     0.0100     6.3414     6.3494     48.051     49.116     -0.325    1435.16    1435.16  0.000e+00
