ctdpy/tests/etc/all_smhi_bas_2018/SBE09_0827_20180828_0438_26_01_0919.cnv
* Sea-Bird SBE 9 Data File:
* FileName = D:\CTD_SBE911\DAT\26DA.2018.8.119.hex
* Software Version Seasave V 7.21d
* Temperature SN = 034605
* Conductivity SN = 041844
* Number of Bytes Per Scan = 48
* Number of Voltage Words = 5
* Number of Scans Averaged by the Deck Unit = 1
* NMEA Latitude = 56 38.51 N
* NMEA Longitude = 011 50.20 E
* NMEA UTC (Time) = Aug 28 2018  04:41:01
* NMEA baud rate = 4800
** Ship: DANA
** Average sound velocity: 1504.84 m/s
** True-depth calculation Thu, 28 Mar 2019 09:53:59 +0000
** CTD Python Module SMHI /ver 3-12/ feb 2012 
** LIMS Job: 20182601-0919
**  7 S ANHOLT KNOB
** Operator: Christian
** Cruise: 08/2018
# nquan = 26
# nvalues = 65                          
# units = specified
# name 0 = scan: Scan Count
# name 1 = prDM: Pressure, Digiquartz [db]
# name 2 = t090C: Temperature [ITS-90, deg C]
# name 3 = t190C: Temperature, 2 [ITS-90, deg C]
# name 4 = T2-T190C: Temperature Difference, 2 - 1 [ITS-90, deg C]
# name 5 = c0S/m: Conductivity [S/m]
# name 6 = c1S/m: Conductivity, 2 [S/m]
# name 7 = pumps: Pump Status
# name 8 = sbeox1ML/L: Oxygen, SBE 43, 2 [ml/l]
# name 9 = sbeox0ML/L: Oxygen, SBE 43 [ml/l]
# name 10 = altM: Altimeter [m]
# name 11 = chloroflTC0: Chlorophyll, Turner Cyclops [ug/l]
# name 12 = cpar: CPAR/Corrected Irradiance [%]
# name 13 = par: PAR/Irradiance, Biospherical/Lico [µE/(cm^2*s)]
# name 14 = spar: SPAR, Biospherical/Licor
# name 15 = sal00: Salinity, Practical [PSU]
# name 16 = sal11: Salinity, Practical, 2 [PSU]
# name 17 = secS-priS: Salinity, Practical, Difference, 2 - 1 [PSU]
# name 18 = sigma-t00: Density [sigma-t, kg/m^3 ]
# name 19 = sigma-t11: Density, 2 [sigma-t, kg/m^3 ]
# name 20 = depSM: Depth [salt water, m], lat = 56.6418
# name 21 = depFM: Depth [true depth, m], lat = 56.6418
# name 22 = dz/dtM: Descent Rate [m/s], WS = 2
# name 23 = svCM: Sound Velocity [Chen-Millero, m/s]
# name 24 = svCM1: Sound Velocity, 2 [Chen-Millero, m/s]
# name 25 = flag: flag
# span 0 =         34,       5463       
# span 1 =      2.000,     34.000       
# span 2 =    13.6337,    18.4791       
# span 3 =    13.6571,    18.4005       
# span 4 =    -0.2690,     1.1791       
# span 5 =   3.127148,   4.082107       
# span 6 =   3.127545,   4.079301       
# span 7 =          1,          1       
# span 8 =     4.7021,     5.9947       
# span 9 =     4.5613,     5.6512       
# span 10 =       1.04,       9.97      
# span 11 =     0.0517,     0.1964      
# span 12 = -1.208e-04, 7.2537e+00      
# span 13 = -3.924e-05, 2.5526e+00      
# span 14 = 2.0306e+01, 3.5242e+01      
# span 15 =    22.7444,    32.3200      
# span 16 =    22.7465,    32.3335      
# span 17 =    -2.0512,     0.0185      
# span 18 =    15.8687,    24.1915      
# span 19 =    15.8703,    24.1862      
# span 20 =      1.982,     33.686      
# span 21 =      2.005,     33.958      
# span 22 =     -0.299,      0.503      
# span 23 =    1499.69,    1510.10      
# span 24 =    1499.76,    1510.04      
# span 25 = 0.0000e+00, 0.0000e+00      
# interval = decibars: 0.5              
# start_time = Aug 28 2018 04:41:01 [NMEA time, first data scan]
# bad_flag = -9.990e-29
*END*
         34      2.000    18.1908    18.1910     0.0001    3.12727    3.12755          1     5.9740     5.6467       2.97     0.1280  7.254e+00  2.553e+00  3.524e+01    22.7444    22.7465     0.0021    15.8687    15.8703      1.982      2.005      0.031    1502.52    1502.53  0.000e+00
        268      2.500    18.1912    18.1910    -0.0003    3.12733    3.12762          1     5.9171     5.6424       4.21     0.1545  6.385e+00  2.207e+00  3.457e+01    22.7445    22.7470     0.0025    15.8687    15.8707      2.477      2.507      0.321    1502.53    1502.54  0.000e+00
        308      3.000    18.1913    18.1908    -0.0005    3.12736    3.12768          1     5.9363     5.6459       7.31     0.1311  5.840e+00  2.016e+00  3.452e+01    22.7446    22.7474     0.0028    15.8688    15.8711      2.973      3.008      0.503    1502.54    1502.54  0.000e+00
        335      3.500    18.1892    18.1895     0.0003    3.12725    3.12757          1     5.9368     5.6482       4.62     0.1351  5.186e+00  1.790e+00  3.452e+01    22.7447    22.7471     0.0024    15.8694    15.8711      3.468      3.509      0.326    1502.55    1502.55  0.000e+00
        402      4.000    18.1900    18.1880    -0.0020    3.12738    3.12758          1     5.9580     5.6336       9.53     0.1407  4.568e+00  1.577e+00  3.452e+01    22.7452    22.7480     0.0028    15.8696    15.8721      3.963      4.011      0.279    1502.56    1502.55  0.000e+00
        437      4.500    18.1905    18.1888    -0.0017    3.12740    3.12765          1     5.9517     5.6254       9.97     0.1376  4.003e+00  1.382e+00  3.452e+01    22.7450    22.7479     0.0030    15.8692    15.8719      4.459      4.512      0.451    1502.57    1502.57  0.000e+00
        464      5.000    18.1914    18.1899    -0.0016    3.12745    3.12770          1     5.9585     5.6512       9.97     0.1357  3.623e+00  1.251e+00  3.452e+01    22.7448    22.7476     0.0028    15.8689    15.8714      4.954      5.013      0.347    1502.58    1502.58  0.000e+00
        539      5.500    18.1889    18.1894     0.0005    3.12737    3.12773          1     5.9612     5.6503       9.97     0.1301  3.249e+00  1.122e+00  3.452e+01    22.7454    22.7479     0.0026    15.8699    15.8718      5.450      5.514      0.305    1502.58    1502.58  0.000e+00
        572      6.000    18.1828    18.1842     0.0014    3.12715    3.12757          1     5.9567     5.6499       9.97     0.1382  2.809e+00  9.698e-01  3.452e+01    22.7468    22.7494     0.0026    15.8724    15.8741      5.945      6.016      0.314    1502.57    1502.58  0.000e+00
        625      6.500    18.1827    18.1841     0.0013    3.12717    3.12757          1     5.9546     5.6445       9.97     0.1381  2.442e+00  8.432e-01  3.452e+01    22.7469    22.7494     0.0025    15.8725    15.8741      6.440      6.517      0.224    1502.58    1502.59  0.000e+00
        672      7.000    18.1827    18.1833     0.0006    3.12720    3.12756          1     5.9591     5.6379       9.97     0.1419  2.191e+00  7.565e-01  3.452e+01    22.7470    22.7496     0.0026    15.8726    15.8744      6.936      7.018      0.286    1502.59    1502.59  0.000e+00
        715      7.500    18.1844    18.1837    -0.0006    3.12730    3.12759          1     5.9574     5.6275       9.97     0.1462  1.881e+00  6.496e-01  3.452e+01    22.7468    22.7495     0.0027    15.8720    15.8742      7.431      7.520      0.283    1502.60    1502.60  0.000e+00
        753      8.000    18.1840    18.1837    -0.0003    3.12730    3.12761          1     5.9619     5.6394       9.97     0.1469  1.647e+00  5.686e-01  3.452e+01    22.7469    22.7495     0.0026    15.8722    15.8742      7.927      8.021      0.349    1502.61    1502.61  0.000e+00
        792      8.500    18.1822    18.1839     0.0016    3.12722    3.12764          1     5.9720     5.6316       9.97     0.1508  1.483e+00  5.120e-01  3.452e+01    22.7470    22.7495     0.0025    15.8727    15.8742      8.422      8.522      0.254    1502.61    1502.62  0.000e+00
        845      9.000    18.1850    18.1829    -0.0021    3.12750    3.12762          1     5.9744     5.6481       9.97     0.1414  1.289e+00  4.439e-01  3.443e+01    22.7477    22.7498     0.0021    15.8726    15.8747      8.917      9.024      0.260    1502.63    1502.62  0.000e+00
        884      9.500    18.1862    18.1834    -0.0028    3.12786    3.12768          1     5.9629     5.6437       9.97     0.1426  1.158e+00  3.967e-01  3.427e+01    22.7498    22.7499     0.0001    15.8739    15.8746      9.413      9.525      0.305    1502.64    1502.63  0.000e+00
        932     10.000    18.1969    18.1835    -0.0134    3.13356    3.12778          1     5.9687     5.6355       9.97     0.1415  9.996e-01  3.328e-01  3.330e+01    22.7895    22.7505    -0.0390    15.9017    15.8751      9.908     10.026      0.216    1502.73    1502.64  0.000e+00
        985     10.500    18.2029    18.1869    -0.0160    3.13690    3.12909          1     5.9792     5.6331       9.97     0.1456  8.765e-01  2.854e-01  3.256e+01    22.8128    22.7590    -0.0539    15.9181    15.8808     10.404     10.528      0.260    1502.78    1502.67  0.000e+00
       1029     11.000    18.2119    18.1898    -0.0221    3.14241    3.13028          1     5.9923     5.6465       9.97     0.1422  7.546e-01  2.452e-01  3.249e+01    22.8519    22.7668    -0.0851    15.9458    15.8860     10.899     11.029      0.278    1502.86    1502.70  0.000e+00
       1072     11.500    18.2246    18.1952    -0.0294    3.15063    3.13314          1     5.9947     5.6290       9.97     0.1447  6.125e-01  1.990e-01  3.249e+01    22.9107    22.7867    -0.1240    15.9877    15.9000     11.394     11.530      0.280    1502.97    1502.74  0.000e+00
       1115     12.000    18.2313    18.2013    -0.0300    3.15807    3.13671          1     5.9835     5.6422       9.97     0.1498  5.144e-01  1.672e-01  3.249e+01    22.9665    22.8118    -0.1547    16.0287    15.9177     11.890     12.031      0.272    1503.06    1502.80  0.000e+00
       1160     12.500    18.2329    18.2131    -0.0198    3.16667    3.14437          1     5.9929     5.6311       9.97     0.1458  4.029e-01  1.309e-01  3.249e+01    23.0345    22.8665    -0.1680    16.0800    15.9567     12.385     12.533      0.270    1503.15    1502.90  0.000e+00
       1205     13.000    18.2153    18.2197     0.0044    3.18900    3.15062          1     5.9629     5.6086       9.97     0.1621  3.139e-01  1.020e-01  3.249e+01    23.2237    22.9129    -0.3108    16.2281    15.9905     12.881     13.034      0.254    1503.32    1502.98  0.000e+00
       1255     13.500    18.1628    18.2205     0.0576    3.27312    3.16777          1     5.9361     5.6038       9.97     0.1728  2.214e-01  7.193e-02  3.249e+01    23.9318    23.0501    -0.8817    16.7795    16.0947     13.376     13.535      0.238    1503.97    1503.15  0.000e+00
       1303     14.000    18.2196    18.1941    -0.0255    3.35304    3.21849          1     5.9492     5.5851       9.97     0.1416  1.460e-01  4.744e-02  3.249e+01    24.5438    23.4727    -1.0711    17.2326    16.4226     13.871     14.035      0.244    1504.84    1503.55  0.000e+00
       1354     14.500    18.4735    18.2045    -0.2690    3.53417    3.26640          1     5.9398     5.4666       9.97     0.1702  7.182e-02  2.334e-02  3.249e+01    25.8558    23.8526    -2.0032    18.1730    16.7096     14.367     14.536      0.259    1507.08    1504.02  0.000e+00
       1396     15.000    18.4791    18.3363    -0.1427    3.63383    3.40134          1     5.8849     5.3849       9.97     0.1909  8.161e-03  2.652e-03  3.240e+01    26.6612    24.8645    -1.7967    18.7854    17.4499     14.862     15.036      0.272    1508.01    1505.57  0.000e+00
       1445     15.500    18.3902    18.4005     0.0103    3.75582    3.50503          1     5.8199     5.3276       9.97     0.1796 -1.208e-04 -3.924e-05  3.156e+01    27.7160    25.6648    -2.0512    19.6106    18.0446     15.358     15.536      0.248    1508.95    1506.67  0.000e+00
       1487     16.000    18.2877    18.3897     0.1022    3.84330    3.66935          1     5.7762     5.2276       9.97     0.1964  3.281e-12  1.000e-12  3.048e+01    28.5044    27.0092    -1.4952    20.2365    19.0718     15.853     16.035      0.307    1509.54    1508.16  0.000e+00
       1532     16.500    18.1813    18.3582     0.1767    3.87895    3.73862          1     5.7190     5.2241       9.97     0.1877  3.283e-12  1.000e-12  3.046e+01    28.8728    27.5959    -1.2769    20.5430    19.5267     16.348     16.534      0.226    1509.65    1508.74  0.000e+00
       1586     17.000    18.1209    18.2699     0.1489    3.88736    3.81206          1     5.6236     5.2118       9.97     0.1708  3.283e-12  1.000e-12  3.046e+01    28.9849    28.2591    -0.7258    20.6429    20.0535     16.844     17.033      0.275    1509.61    1509.23  0.000e+00
       1624     17.500    18.0585    18.1752     0.1166    3.90717    3.86516          1     5.5876     5.1834       9.97     0.1733  3.283e-12  1.000e-12  3.046e+01    29.1934    28.7627    -0.4307    20.8170    20.4604     17.339     17.532      0.288    1509.67    1509.53  0.000e+00
       1678     18.000    18.0821    18.1263     0.0442    3.93172    3.88705          1     5.5628     5.1889       9.97     0.1621  3.283e-12  1.000e-12  3.046e+01    29.3805    28.9782    -0.4023    20.9542    20.6365     17.834     18.031      0.219    1509.96    1509.63  0.000e+00
       1723     18.500    18.0731    18.0928     0.0197    3.93890    3.91419          1     5.5285     5.1726       9.97     0.1671  3.283e-12  1.000e-12  3.046e+01    29.4464    29.2270    -0.2195    21.0067    20.8345     18.330     18.530      0.326    1510.01    1509.82  0.000e+00
       1761     19.000    18.0558    18.0859     0.0301    3.95132    3.92592          1     5.5123     5.1838       9.97     0.1616  3.283e-12  1.000e-12  3.046e+01    29.5622    29.3292    -0.2330    21.0993    20.9141     18.825     19.028      0.278    1510.10    1509.93  0.000e+00
       1811     19.500    17.9599    18.0721     0.1123    3.96991    3.93885          1     5.5083     5.1065       9.97     0.1708  3.344e-12  1.000e-12  2.993e+01    29.7866    29.4464    -0.3403    21.2935    21.0069     19.321     19.527      0.242    1510.08    1510.03  0.000e+00
       1854     20.000    17.6044    17.9953     0.3909    4.00720    3.95701          1     5.4742     4.8612       9.97     0.1668  3.513e-12  1.000e-12  2.847e+01    30.3622    29.6529    -0.7092    21.8176    21.1830     19.816     20.026      0.324    1509.68    1510.04  0.000e+00
       1891     20.500    17.2698    17.8842     0.6143    4.06333    3.97308          1     5.4588     4.6680       9.97     0.1591  3.517e-12  1.000e-12  2.843e+01    31.0912    29.8680    -1.2232    22.4539    21.3737     20.311     20.524      0.294    1509.51    1509.96  0.000e+00
       1941     21.000    17.1411    17.6164     0.4751    4.07210    4.01278          1     5.3483     4.7023       9.97     0.1593  3.517e-12  1.000e-12  2.843e+01    31.2646    30.3997    -0.8650    22.6168    21.8434     20.807     21.022      0.229    1509.33    1509.77  0.000e+00
       1985     21.500    17.0899    17.3079     0.2183    4.07163    4.05281          1     5.1759     4.6901       9.97     0.1510  3.517e-12  1.000e-12  2.843e+01    31.3002    30.9718    -0.3285    22.6560    22.3536     21.302     21.520      0.321    1509.22    1509.51  0.000e+00
       2025     22.000    16.9726    17.2088     0.2361    4.07132    4.06768          1     5.0482     4.7015       9.97     0.1508  3.543e-12  1.000e-12  2.824e+01    31.3886    31.1743    -0.2143    22.7509    22.5318     21.797     22.018      0.257    1508.98    1509.45  0.000e+00
       2075     22.500    16.8814    17.0866     0.2053    4.07636    4.07248          1     4.9947     4.7247       9.97     0.1448  3.754e-12  1.000e-12  2.666e+01    31.5030    31.3097    -0.1933    22.8596    22.6640     22.293     22.516      0.259    1508.84    1509.24  0.000e+00
       2116     23.000    16.7962    16.9689     0.1726    4.08211    4.07669          1     4.9870     4.7732       9.97     0.1342  3.788e-12  1.000e-12  2.640e+01    31.6193    31.4373    -0.1820    22.9684    22.7890     22.788     23.014      0.315    1508.72    1509.04  0.000e+00
       2156     23.500    16.6715    16.9405     0.2690    4.07156    4.07875          1     4.9965     4.9065       9.97     0.1312  3.788e-12  1.000e-12  2.640e+01    31.6262    31.4769    -0.1493    23.0023    22.8259     23.284     23.511      0.273    1508.36    1509.01  0.000e+00
       2205     24.000    16.5438    16.8401     0.2964    4.06698    4.07930          1     5.0016     4.9612       9.97     0.1245  3.788e-12  1.000e-12  2.640e+01    31.6872    31.5602    -0.1270    23.0783    22.9130     23.779     24.009      0.248    1508.05    1508.81  0.000e+00
       2246     24.500    16.3622    16.6936     0.3313    4.05201    4.07576          1     5.0426     4.9068       9.97     0.1104  3.788e-12  1.000e-12  2.640e+01    31.7007    31.6447    -0.0560    23.1300    23.0115     24.274     24.507      0.329    1507.51    1508.46  0.000e+00
       2285     25.000    16.2771    16.5794     0.3023    4.04712    4.07067          1     5.1167     4.9027       9.84     0.1055  3.788e-12  1.000e-12  2.640e+01    31.7255    31.6907    -0.0348    23.1682    23.0729     24.770     25.005      0.276    1507.29    1508.17  0.000e+00
       2333     25.500    16.1549    16.4677     0.3126    4.04029    4.06299          1     5.1597     4.8601       9.40     0.1008  3.788e-12  1.000e-12  2.640e+01    31.7630    31.7123    -0.0507    23.2245    23.1149     25.265     25.502      0.270    1506.96    1507.86  0.000e+00
       2371     26.000    15.9702    16.3756     0.4057    4.03017    4.05721          1     5.1522     4.8631       8.90     0.1030  3.800e-12  1.000e-12  2.632e+01    31.8217    31.7349    -0.0869    23.3109    23.1531     25.760     26.000      0.331    1506.46    1507.62  0.000e+00
       2408     26.500    15.8610    16.2887     0.4279    4.02429    4.05251          1     5.1479     4.8709       8.41     0.0985  4.025e-12  1.000e-12  2.487e+01    31.8575    31.7629    -0.0946    23.3627    23.1942     26.256     26.498      0.294    1506.17    1507.39  0.000e+00
       2455     27.000    15.6669    16.1281     0.4610    4.00746    4.04305          1     5.1339     4.8841       7.94     0.0847  4.104e-12  1.000e-12  2.436e+01    31.8647    31.8081    -0.0566    23.4112    23.2651     26.751     26.995      0.256    1505.58    1506.95  0.000e+00
       2497     27.500    15.5263    15.9962     0.4700    3.99982    4.03544          1     5.1383     4.8633       7.47     0.0802  4.103e-12  1.000e-12  2.437e+01    31.9104    31.8467    -0.0637    23.4772    23.3243     27.246     27.493      0.289    1505.20    1506.60  0.000e+00
       2540     28.000    15.2933    15.7923     0.4990    3.98310    4.02293          1     5.1377     4.8165       7.00     0.0817  4.103e-12  1.000e-12  2.437e+01    31.9503    31.9002    -0.0501    23.5587    23.4108     27.742     27.991      0.274    1504.52    1506.03  0.000e+00
       2583     28.500    14.9427    15.6530     0.7103    3.96436    4.01209          1     5.0954     4.7450       6.50     0.0806  4.103e-12  1.000e-12  2.437e+01    32.0686    31.9165    -0.1520    23.7252    23.4541     28.237     28.488      0.284    1503.55    1505.62  0.000e+00
       2626     29.000    14.4815    15.4479     0.9664    3.93487    4.00008          1     5.1196     4.6465       6.01     0.0716  4.103e-12  1.000e-12  2.437e+01    32.1819    31.9759    -0.2060    23.9102    23.5447     28.732     28.986      0.285    1502.21    1505.05  0.000e+00
