ctdpy/tests/etc/all_smhi_bas_2018/SBE09_1044_20181111_2058_34_01_0132.cnv
* Sea-Bird SBE 9 Data File:
* FileName = C:\ctd\temp\ar18d132.hex
* Software Version Seasave V 7.26.7.107
* Temperature SN = 5351
* Conductivity SN = 3941
* Number of Bytes Per Scan = 41
* Number of Voltage Words = 4
* Number of Scans Averaged by the Deck Unit = 1
* NMEA Latitude = 57 11.57 N
* NMEA Longitude = 011 39.48 E
* NMEA UTC (Time) = Nov 11 2018  20:58:43
* NMEA baud rate = 4800
** Station:  Fladen
** Operator:  A-KTh
** Ship: ARANDA
** Average sound velocity: 1489.08 m/s
** True-depth calculation Sun, 11 Nov 2018 21:33:53 +0000
** CTD Python Module SMHI /ver 3-12/ feb 2012 
** LIMS Job: 20183401-0132
** Cruise: SMHI-6-2018
** Latitude [GG MM.mm N]:
** Longitude [GG MM.mm E]
# nquan = 26
# nvalues = 161                         
# units = specified
# name 0 = scan: Scan Count
# name 1 = prDM: Pressure, Digiquartz [db]
# name 2 = t090C: Temperature [ITS-90, deg C]
# name 3 = t190C: Temperature, 2 [ITS-90, deg C]
# name 4 = T2-T190C: Temperature Difference, 2 - 1 [ITS-90, deg C]
# name 5 = c0S/m: Conductivity [S/m]
# name 6 = c1S/m: Conductivity, 2 [S/m]
# name 7 = pumps: Pump Status
# name 8 = sbeox0ML/L: Oxygen, SBE 43 [ml/l]
# name 9 = sbeox1ML/L: Oxygen, SBE 43, 2 [ml/l]
# name 10 = altM: Altimeter [m]
# name 11 = flECO-AFL: Chl-a Fluorescence, WET Labs ECO-AFL/FL [mg/m^3]
# name 12 = flECO-AFL1: Phycocyanin Fluorescence, WET Labs ECO-AFL/FL, 2 [mg/m^3]
# name 13 = par: PAR/Irradiance, Biospherical/Lico [µE/(cm^2*s)]
# name 14 = turbWETntu0: Turbidity, WET Labs ECO [NTU]
# name 15 = sal00: Salinity, Practical [PSU]
# name 16 = sal11: Salinity, Practical, 2 [PSU]
# name 17 = secS-priS: Salinity, Practical, Difference, 2 - 1 [PSU]
# name 18 = sigma-t00: Density [sigma-t, Kg/m^3 ]
# name 19 = sigma-t11: Density, 2 [sigma-t, Kg/m^3 ]
# name 20 = depSM: Depth [salt water, m], lat = 57.1928
# name 21 = depFM: Depth [true depth, m], lat = 57.1928
# name 22 = dz/dtM: Descent Rate [m/s], WS = 2
# name 23 = svCM: Sound Velocity [Chen-Millero, m/s]
# name 24 = svCM1: Sound Velocity, 2 [Chen-Millero, m/s]
# name 25 = flag: flag
# span 0 =       1146,       4987       
# span 1 =      1.500,     81.500       
# span 2 =    10.0117,    12.4114       
# span 3 =    10.0130,    12.4117       
# span 4 =    -0.0139,     0.0408       
# span 5 =   2.687388,   3.907697       
# span 6 =   2.687464,   3.907703       
# span 7 =          1,          1       
# span 8 =    5.00945,    6.51898       
# span 9 =    4.81907,    6.22717       
# span 10 =       2.54,      98.50      
# span 11 =     0.1137,     1.3427      
# span 12 =     0.1174,     0.3937      
# span 13 = -3.834e-07, 6.4277e-02      
# span 14 =     0.1487,     1.6047      
# span 15 =    23.7847,    34.8486      
# span 16 =    23.7846,    34.8480      
# span 17 =    -0.0884,     0.1130      
# span 18 =    18.2097,    26.8055      
# span 19 =    18.2095,    26.8048      
# span 20 =      1.486,     80.734      
# span 21 =      1.500,     81.014      
# span 22 =     -0.075,      0.821      
# span 23 =    1476.28,    1497.09      
# span 24 =    1476.30,    1497.10      
# span 25 = 0.0000e+00, 0.0000e+00      
# interval = decibars: 0.5              
# start_time = Nov 11 2018 20:58:44 [NMEA time, first data scan]
# bad_flag = -9.990e-29
*END*
[from data line 112]
       3611     57.500    10.2084    10.2098     0.0014    3.80584    3.80593          1     5.4593     5.2360      26.30     0.2249     0.1919  1.000e-12  0.9883000    34.7404    34.7401    -0.0004    26.7135    26.7129     56.963     57.207      0.669    1491.21    1491.21  0.000e+00
       3627     58.000    10.2100    10.2107     0.0008    3.80588    3.80593          1     5.4847     5.2443      25.93     0.1819     0.2093  1.000e-12  0.9880000    34.7392    34.7389    -0.0003    26.7122    26.7119     57.458     57.703      0.769    1491.22    1491.22  0.000e+00
       3642     58.500    10.2114    10.2131     0.0016    3.80604    3.80612          1     5.5042     5.2506      25.48     0.1817     0.2635  1.000e-12  1.0058000    34.7392    34.7383    -0.0008    26.7119    26.7110     57.954     58.199      0.755    1491.23    1491.24  0.000e+00
       3659     59.000    10.2118    10.2131     0.0013    3.80606    3.80618          1     5.4983     5.2524      25.08     0.1837     0.2649  1.000e-12  1.0151000    34.7388    34.7386    -0.0001    26.7115    26.7112     58.449     58.695      0.629    1491.24    1491.25  0.000e+00
       3683     59.500    10.2103    10.2125     0.0022    3.80593    3.80619          1     5.4621     5.2507      24.40     0.2012     0.2365  1.000e-12  1.0200000    34.7386    34.7391     0.0005    26.7117    26.7117     58.944     59.191      0.455    1491.25    1491.25  0.000e+00
       3713     60.000    10.2089    10.2118     0.0030    3.80592    3.80615          1     5.4602     5.2345      23.81     0.2116     0.2000  1.000e-12  1.0072000    34.7397    34.7393    -0.0004    26.7128    26.7119     59.439     59.687      0.398    1491.25    1491.26  0.000e+00
       3740     60.500    10.2084    10.2096     0.0012    3.80584    3.80591          1     5.4563     5.2211      23.39     0.1885     0.2073  1.000e-12  1.0305000    34.7391    34.7386    -0.0005    26.7124    26.7118     59.935     60.183      0.545    1491.26    1491.26  0.000e+00
       3759     61.000    10.2067    10.2077     0.0010    3.80567    3.80573          1     5.4509     5.2170      22.99     0.1890     0.2152  1.000e-12  1.0451000    34.7387    34.7384    -0.0003    26.7124    26.7120     60.430     60.679      0.654    1491.26    1491.26  0.000e+00
       3777     61.500    10.2063    10.2072     0.0009    3.80566    3.80572          1     5.4520     5.2149      22.50     0.1838     0.2477  1.000e-12  1.0361000    34.7388    34.7386    -0.0003    26.7126    26.7122     60.925     61.175      0.640    1491.26    1491.27  0.000e+00
       3798     62.000    10.2056    10.2071     0.0014    3.80563    3.80573          1     5.4431     5.2124      21.93     0.1717     0.2281  1.000e-12  1.0575000    34.7389    34.7386    -0.0004    26.7128    26.7122     61.420     61.671      0.514    1491.27    1491.27  0.000e+00
       3826     62.500    10.2055    10.2073     0.0018    3.80565    3.80578          1     5.4308     5.2107      21.35     0.1797     0.1875  1.000e-12  1.0848000    34.7390    34.7386    -0.0003    26.7128    26.7122     61.916     62.167      0.420    1491.28    1491.28  0.000e+00
       3852     63.000    10.2059    10.2071     0.0013    3.80570    3.80579          1     5.4247     5.2033      20.88     0.2107     0.1913  1.000e-12  1.0349000    34.7389    34.7387    -0.0002    26.7127    26.7123     62.411     62.663      0.539    1491.29    1491.29  0.000e+00
       3872     63.500    10.2043    10.2049     0.0006    3.80561    3.80566          1     5.4220     5.1960      20.46     0.2197     0.1835  1.000e-12  1.0281000    34.7392    34.7392    -0.0000    26.7132    26.7131     62.906     63.159      0.647    1491.29    1491.29  0.000e+00
       3890     64.000    10.2029    10.2047     0.0018    3.80554    3.80566          1     5.4176     5.1934      19.99     0.2098     0.1952  1.000e-12  1.0428000    34.7397    34.7392    -0.0005    26.7138    26.7131     63.401     63.655      0.617    1491.30    1491.30  0.000e+00
       3912     64.500    10.2026    10.2040     0.0013    3.80554    3.80564          1     5.4136     5.1915      19.42     0.1861     0.2457  1.000e-12  1.0793000    34.7397    34.7394    -0.0003    26.7139    26.7134     63.897     64.151      0.445    1491.30    1491.31  0.000e+00
       3945     65.000    10.2004    10.2021     0.0017    3.80546    3.80555          1     5.4151     5.1775      18.81     0.1898     0.2078  1.000e-12  1.0612000    34.7408    34.7401    -0.0006    26.7151    26.7143     64.392     64.647      0.392    1491.30    1491.31  0.000e+00
       3971     65.500    10.1986    10.1997     0.0010    3.80536    3.80544          1     5.3997     5.1641      18.39     0.1992     0.2308  1.000e-12  1.0534000    34.7413    34.7411    -0.0002    26.7158    26.7155     64.887     65.143      0.556    1491.31    1491.31  0.000e+00
       3990     66.000    10.1976    10.1988     0.0012    3.80534    3.80546          1     5.3710     5.1468      18.01     0.2032     0.2212  1.000e-12  1.0735000    34.7419    34.7420     0.0001    26.7164    26.7163     65.382     65.639      0.625    1491.31    1491.31  0.000e+00
       4009     66.500    10.1889    10.1913     0.0024    3.80525    3.80537          1     5.3180     5.1075      17.53     0.1919     0.1799  1.000e-12  1.1319000    34.7489    34.7479    -0.0010    26.7235    26.7222     65.878     66.135      0.612    1491.30    1491.30  0.000e+00
       4030     67.000    10.1810    10.1824     0.0014    3.80532    3.80541          1     5.2620     5.0583      17.01     0.1905     0.1882  1.000e-12  1.2249000    34.7571    34.7567    -0.0004    26.7312    26.7306     66.373     66.631      0.566    1491.29    1491.29  0.000e+00
       4052     67.500    10.1807    10.1821     0.0014    3.80546    3.80555          1     5.2296     5.0282      16.51     0.2021     0.2125  1.000e-12  1.3637000    34.7585    34.7582    -0.0004    26.7324    26.7318     66.868     67.127      0.505    1491.30    1491.30  0.000e+00
       4078     68.000    10.1807    10.1821     0.0014    3.80555    3.80563          1     5.2186     5.0180      15.94     0.1958     0.2127  1.000e-12  1.4031000    34.7592    34.7588    -0.0004    26.7329    26.7324     67.363     67.623      0.431    1491.30    1491.31  0.000e+00
       4107     68.500    10.1808    10.1822     0.0014    3.80576    3.80584          1     5.2190     5.0125      15.44     0.2042     0.2242  1.000e-12  1.5199000    34.7611    34.7605    -0.0006    26.7344    26.7337     67.859     68.119      0.450    1491.32    1491.32  0.000e+00
       4131     69.000    10.1811    10.1825     0.0014    3.80602    3.80610          1     5.2259     5.0017      15.00     0.2084     0.2404  1.000e-12  1.4884000    34.7632    34.7627    -0.0005    26.7360    26.7353     68.354     68.615      0.591    1491.33    1491.33  0.000e+00
       4149     69.500    10.1844    10.1858     0.0013    3.80702    3.80709          1     5.2061     4.9822      14.59     0.2085     0.2336  1.000e-12  1.4704000    34.7700    34.7694    -0.0006    26.7407    26.7400     68.849     69.111      0.704    1491.36    1491.36  0.000e+00
       4165     70.000    10.1786    10.1805     0.0020    3.80842    3.80860          1     5.1758     4.9638      14.19     0.2076     0.2224  1.000e-12  1.4611000    34.7896    34.7896    -0.0000    26.7570    26.7566     69.344     69.607      0.720    1491.37    1491.38  0.000e+00
       4182     70.500    10.1449    10.1493     0.0044    3.80619    3.80659          1     5.1441     4.9428      13.67     0.1735     0.1951  1.000e-12  1.4825000    34.7991    34.7989    -0.0002    26.7702    26.7693     69.839     70.103      0.608    1491.27    1491.28  0.000e+00
       4210     71.000    10.1297    10.1319     0.0023    3.80481    3.80496          1     5.1249     4.9207      13.02     0.1843     0.1727  1.000e-12  1.3663000    34.7993    34.7987    -0.0006    26.7730    26.7721     70.335     70.599      0.369    1491.22    1491.23  0.000e+00
       4246     71.500    10.1262    10.1275     0.0014    3.80490    3.80497          1     5.1116     4.9036      12.48     0.2159     0.2040  1.000e-12  1.3214000    34.8035    34.8028    -0.0007    26.7769    26.7761     70.830     71.095      0.441    1491.22    1491.22  0.000e+00
       4267     72.000    10.1280    10.1291     0.0011    3.80609    3.80602          1     5.0961     4.8951      12.13     0.2072     0.1964  1.000e-12  1.3268000    34.8136    34.8118    -0.0018    26.7844    26.7828     71.325     71.591      0.664    1491.25    1491.25  0.000e+00
       4283     72.500    10.1323    10.1337     0.0014    3.80705    3.80715          1     5.0889     4.8875      11.82     0.2144     0.1862  1.000e-12  1.3008000    34.8190    34.8187    -0.0003    26.7879    26.7874     71.820     72.087      0.731    1491.28    1491.28  0.000e+00
       4300     73.000    10.1369    10.1378     0.0009    3.80774    3.80788          1     5.0820     4.8784      11.29     0.2031     0.1638  1.000e-12  1.3384000    34.8213    34.8220     0.0006    26.7889    26.7893     72.316     72.583      0.681    1491.31    1491.31  0.000e+00
       4319     73.500    10.1409    10.1422     0.0013    3.80864    3.80871          1     5.0772     4.8697      10.79     0.1900     0.2059  1.000e-12  1.4175000    34.8264    34.8259    -0.0006    26.7922    26.7916     72.811     73.079      0.533    1491.34    1491.34  0.000e+00
       4347     74.000    10.1418    10.1433     0.0015    3.80888    3.80897          1     5.0745     4.8665      10.14     0.2106     0.2114  1.000e-12  1.4367000    34.8278    34.8273    -0.0005    26.7932    26.7925     73.306     73.575      0.412    1491.35    1491.35  0.000e+00
       4376     74.500    10.1428    10.1439     0.0010    3.80912    3.80910          1     5.0711     4.8643       9.64     0.2019     0.2436  1.000e-12  1.4111000    34.8290    34.8279    -0.0012    26.7939    26.7928     73.801     74.071      0.445    1491.36    1491.36  0.000e+00
       4401     75.000    10.1442    10.1454     0.0012    3.80938    3.80944          1     5.0584     4.8672       9.18     0.2132     0.1895  1.000e-12  1.4330000    34.8301    34.8296    -0.0006    26.7945    26.7939     74.296     74.567      0.463    1491.37    1491.38  0.000e+00
       4429     75.500    10.1441    10.1456     0.0015    3.80938    3.80949          1     5.0703     4.8693       8.29     0.2130     0.1795  1.000e-12  1.3902000    34.8301    34.8297    -0.0003    26.7945    26.7940     74.792     75.063      0.390    1491.38    1491.39  0.000e+00
       4463     76.000    10.1440    10.1447     0.0007    3.80940    3.80933          1     5.0856     4.8706       7.69     0.2156     0.2600  1.000e-12  1.3273000    34.8301    34.8287    -0.0014    26.7946    26.7934     75.287     75.559      0.345    1491.39    1491.39  0.000e+00
       4497     76.500    10.1438    10.1466     0.0028    3.80938    3.80971          1     5.0862     4.8656       7.29     0.2244     0.2624  1.000e-12  1.4235000    34.8299    34.8306     0.0007    26.7945    26.7945     75.782     76.055      0.360    1491.40    1491.41  0.000e+00
       4532     77.000    10.1445    10.1458     0.0013    3.80958    3.80962          1     5.0926     4.8608       6.89     0.2050     0.1967  1.000e-12  1.3975000    34.8309    34.8301    -0.0008    26.7951    26.7943     76.277     76.551      0.316    1491.41    1491.41  0.000e+00
       4573     77.500    10.1469    10.1475     0.0006    3.81003    3.80996          1     5.0780     4.8588       6.52     0.2117     0.1993  1.000e-12  1.3207000    34.8331    34.8317    -0.0013    26.7964    26.7953     76.773     77.047      0.289    1491.43    1491.43  0.000e+00
       4614     78.000    10.1477    10.1493     0.0017    3.81017    3.81034          1     5.0664     4.8609       6.05     0.2024     0.2352  1.000e-12  1.3826000    34.8336    34.8337     0.0001    26.7966    26.7964     77.268     77.543      0.300    1491.44    1491.45  0.000e+00
       4652     78.500    10.1478    10.1498     0.0020    3.81024    3.81045          1     5.0722     4.8588       5.62     0.2176     0.2071  1.000e-12  1.5156000    34.8338    34.8340     0.0002    26.7968    26.7966     77.763     78.039      0.338    1491.45    1491.46  0.000e+00
       4689     79.000    10.1477    10.1489     0.0011    3.81023    3.81028          1     5.0740     4.8558       5.14     0.2026     0.2532  1.000e-12  1.5153000    34.8336    34.8330    -0.0006    26.7967    26.7960     78.258     78.535      0.289    1491.46    1491.46  0.000e+00
       4735     79.500    10.1499    10.1520     0.0022    3.81068    3.81089          1     5.0620     4.8470       4.61     0.1941     0.2260  1.000e-12  1.4675000    34.8358    34.8360     0.0002    26.7980    26.7978     78.753     79.031      0.267    1491.48    1491.48  0.000e+00
       4775     80.000    10.1600    10.1595    -0.0004    3.81252    3.81233          1     5.0454     4.8350       4.17     0.2202     0.2412  1.000e-12  1.6047000    34.8447    34.8432    -0.0016    26.8033    26.8021     79.249     79.527      0.333    1491.53    1491.53  0.000e+00
       4811     80.500    10.1616    10.1629     0.0013    3.81284    3.81293          1     5.0347     4.8315       3.68     0.2148     0.2411  1.000e-12  1.5792000    34.8462    34.8458    -0.0004    26.8041    26.8036     79.744     80.023      0.301    1491.55    1491.55  0.000e+00
       4856     81.000    10.1644    10.1657     0.0013    3.81337    3.81344          1     5.0305     4.8241       3.19     0.2178     0.2419  1.000e-12  1.5964000    34.8486    34.8480    -0.0006    26.8055    26.8048     80.239     80.519      0.249    1491.57    1491.57  0.000e+00
       4987     81.500    10.1619    10.1645     0.0026    3.81291    3.81323          1     5.0337     4.8225       2.54     0.2338     0.2261  1.000e-12  1.4184000    34.8461    34.8469     0.0007    26.8040    26.8041     80.734     81.014     -0.075    1491.57    1491.58  0.000e+00
