ctdpy/tests/etc/all_smhi_bas_2018/SBE09_0827_20180821_1527_26_01_0827.cnv
* Sea-Bird SBE 9 Data File:
* FileName = D:\CTD_SBE911\DAT\26DA.2018.8.27.hex
* Software Version Seasave V 7.21d
* Temperature SN = 034605
* Conductivity SN = 041844
* Number of Bytes Per Scan = 48
* Number of Voltage Words = 5
* Number of Scans Averaged by the Deck Unit = 1
* NMEA Latitude = 58 24.25 N
* NMEA Longitude = 010 46.02 E
* NMEA UTC (Time) = Aug 21 2018  15:29:46
* NMEA baud rate = 4800
** Ship: DANA
** Average sound velocity: 1490.25 m/s
** True-depth calculation Thu, 28 Mar 2019 09:24:26 +0000
** CTD Python Module SMHI /ver 3-12/ feb 2012 
** LIMS Job: 20182601-0827
**  11 W SOTESKÆR
** Operator: Christian
** Cruise: 08/2018
# nquan = 26
# nvalues = 291                         
# units = specified
# name 0 = scan: Scan Count
# name 1 = prDM: Pressure, Digiquartz [db]
# name 2 = t090C: Temperature [ITS-90, deg C]
# name 3 = t190C: Temperature, 2 [ITS-90, deg C]
# name 4 = T2-T190C: Temperature Difference, 2 - 1 [ITS-90, deg C]
# name 5 = c0S/m: Conductivity [S/m]
# name 6 = c1S/m: Conductivity, 2 [S/m]
# name 7 = pumps: Pump Status
# name 8 = sbeox1ML/L: Oxygen, SBE 43, 2 [ml/l]
# name 9 = sbeox0ML/L: Oxygen, SBE 43 [ml/l]
# name 10 = altM: Altimeter [m]
# name 11 = chloroflTC0: Chlorophyll, Turner Cyclops [ug/l]
# name 12 = cpar: CPAR/Corrected Irradiance [%]
# name 13 = par: PAR/Irradiance, Biospherical/Lico [µE/(cm^2*s)]
# name 14 = spar: SPAR, Biospherical/Licor
# name 15 = sal00: Salinity, Practical [PSU]
# name 16 = sal11: Salinity, Practical, 2 [PSU]
# name 17 = secS-priS: Salinity, Practical, Difference, 2 - 1 [PSU]
# name 18 = sigma-t00: Density [sigma-t, kg/m^3 ]
# name 19 = sigma-t11: Density, 2 [sigma-t, kg/m^3 ]
# name 20 = depSM: Depth [salt water, m], lat = 58.4042
# name 21 = depFM: Depth [true depth, m], lat = 58.4042
# name 22 = dz/dtM: Descent Rate [m/s], WS = 2
# name 23 = svCM: Sound Velocity [Chen-Millero, m/s]
# name 24 = svCM1: Sound Velocity, 2 [Chen-Millero, m/s]
# name 25 = flag: flag
# span 0 =        318,      11729       
# span 1 =      1.500,    146.500       
# span 2 =     6.5075,    17.9260       
# span 3 =     6.5063,    17.9328       
# span 4 =    -0.2398,     0.0429       
# span 5 =   3.498949,   4.343952       
# span 6 =   3.499193,   4.345253       
# span 7 =          1,          1       
# span 8 =     5.2118,     6.5865       
# span 9 =     5.2978,     6.4380       
# span 10 =       1.20,       9.98      
# span 11 =     0.0306,     0.2806      
# span 12 = 5.6084e-14, 1.0252e+01      
# span 13 = 1.0000e-12, 1.8398e+02      
# span 14 = 1.7480e+03, 1.7950e+03      
# span 15 =    31.4296,    35.1049      
# span 16 =    31.4072,    35.1085      
# span 17 =    -0.0224,     0.1239      
# span 18 =    22.6513,    27.5688      
# span 19 =    22.6352,    27.5717      
# span 20 =      1.486,    145.086      
# span 21 =      1.494,    145.389      
# span 22 =     -0.512,      0.596      
# span 23 =    1479.10,    1513.62      
# span 24 =    1479.09,    1513.64      
# span 25 = 0.0000e+00, 0.0000e+00      
# interval = decibars: 0.5              
# start_time = Aug 21 2018 15:29:46 [NMEA time, first data scan]
# bad_flag = -9.990e-29
*END*
[from data line 56]
       2766     29.500    16.1338    15.9713    -0.1624    4.21966    4.21791          1     5.8323     5.5740       9.97     0.1426  6.946e-02  1.239e+00  1.784e+03    33.3569    33.4782     0.1213    24.4535    24.5837     29.224     29.363      0.258    1508.80    1508.43  0.000e+00
       2811     30.000    15.7426    15.6775    -0.0658    4.19168    4.19322          1     5.8678     5.6558       9.97     0.1351  6.461e-02  1.153e+00  1.785e+03    33.4384    33.5072     0.0688    24.6045    24.6721     29.719     29.860      0.283    1507.69    1507.56  0.000e+00
       2852     30.500    15.6301    15.5513    -0.0779    4.18353    4.18403          1     5.8978     5.6982       9.97     0.1313  5.953e-02  1.064e+00  1.787e+03    33.4608    33.5322     0.0714    24.6469    24.7194     30.214     30.357      0.289    1507.37    1507.21  0.000e+00
       2898     31.000    15.5671    15.5447    -0.0225    4.18241    4.18502          1     5.9537     5.7628       9.97     0.1255  5.519e-02  9.843e-01  1.784e+03    33.5041    33.5466     0.0425    24.6943    24.7319     30.709     30.854      0.238    1507.23    1507.21  0.000e+00
       2947     31.500    15.4752    15.3771    -0.0980    4.18081    4.18125          1     5.9855     5.8378       9.97     0.1219  5.087e-02  9.070e-01  1.783e+03    33.5680    33.6559     0.0879    24.7638    24.8531     31.205     31.351      0.270    1507.03    1506.82  0.000e+00
       2989     32.000    15.2904    15.1164    -0.1735    4.16813    4.16395          1     6.0785     5.8422       9.97     0.1158  4.707e-02  8.393e-01  1.783e+03    33.6119    33.7237     0.1118    24.8384    24.9626     31.700     31.848      0.283    1506.50    1506.09  0.000e+00
       3033     32.500    15.1235    15.0631    -0.0613    4.16072    4.16121          1     6.1179     5.8568       9.97     0.1075  4.350e-02  7.757e-01  1.783e+03    33.6881    33.7446     0.0565    24.9337    24.9904     32.195     32.345      0.276    1506.08    1505.95  0.000e+00
       3074     33.000    15.0145    14.8920    -0.1222    4.15332    4.15226          1     6.1020     5.8981       9.97     0.1039  4.010e-02  7.146e-01  1.782e+03    33.7149    33.8112     0.0963    24.9781    25.0790     32.690     32.842      0.302    1505.77    1505.49  0.000e+00
       3114     33.500    14.8605    14.7219    -0.1385    4.14745    4.14677          1     6.1685     5.9757       9.97     0.0988  3.687e-02  6.577e-01  1.784e+03    33.7946    33.9091     0.1144    25.0730    25.1911     33.186     33.339      0.289    1505.38    1505.07  0.000e+00
       3158     34.000    14.6163    14.5295    -0.0870    4.13520    4.13596          1     6.2475     5.9783       9.97     0.0932  3.401e-02  6.070e-01  1.785e+03    33.8950    33.9781     0.0831    25.2029    25.2856     33.681     33.836      0.270    1504.73    1504.55  0.000e+00
       3200     34.500    14.3157    14.2422    -0.0734    4.11528    4.11728          1     6.2033     5.9445       9.97     0.0920  3.137e-02  5.594e-01  1.783e+03    33.9753    34.0584     0.0831    25.3289    25.4086     34.176     34.332      0.296    1503.86    1503.73  0.000e+00
       3242     35.000    14.1687    14.0789    -0.0898    4.10837    4.10888          1     6.1999     6.0429       9.97     0.0859  2.874e-02  5.124e-01  1.783e+03    34.0409    34.1250     0.0842    25.4105    25.4944     34.672     34.829      0.264    1503.47    1503.28  0.000e+00
       3291     35.500    13.9375    13.8464    -0.0909    4.09568    4.09711          1     6.2634     6.0943       9.97     0.0812  2.639e-02  4.705e-01  1.783e+03    34.1277    34.2221     0.0944    25.5260    25.6179     35.167     35.326      0.251    1502.83    1502.65  0.000e+00
       3335     36.000    13.6499    13.5165    -0.1334    4.07764    4.07698          1     6.2889     6.1705       9.97     0.0778  2.385e-02  4.247e-01  1.780e+03    34.2155    34.3289     0.1135    25.6534    25.7685     35.662     35.822      0.298    1502.01    1501.70  0.000e+00
       3374     36.500    13.3646    13.1698    -0.1950    4.05177    4.04494          1     6.3120     6.0480       9.97     0.0762  2.157e-02  3.842e-01  1.782e+03    34.2279    34.3391     0.1112    25.7213    25.8467     36.157     36.319      0.297    1501.09    1500.58  0.000e+00
       3416     37.000    13.0328    12.8827    -0.1502    4.01811    4.01382          1     6.1756     5.8729       9.97     0.0739  1.957e-02  3.488e-01  1.783e+03    34.2081    34.3032     0.0951    25.7727    25.8763     36.653     36.815      0.277    1499.98    1499.59  0.000e+00
       3460     37.500    12.7779    12.6855    -0.0924    3.99399    3.99372          1     6.0452     5.8265       9.97     0.0717  1.793e-02  3.192e-01  1.781e+03    34.2087    34.2900     0.0814    25.8238    25.9051     37.148     37.312      0.277    1499.13    1498.92  0.000e+00
       3503     38.000    12.6295    12.5529    -0.0768    3.98623    3.98780          1     6.0036     5.8285       9.97     0.0696  1.632e-02  2.911e-01  1.784e+03    34.2691    34.3540     0.0849    25.8999    25.9807     37.643     37.808      0.283    1498.71    1498.56  0.000e+00
       3545     38.500    12.4618    12.3689    -0.0927    3.97424    3.97417          1     5.9865     5.8302       9.97     0.0634  1.473e-02  2.630e-01  1.786e+03    34.3066    34.3909     0.0843    25.9617    26.0452     38.138     38.305      0.278    1498.20    1497.99  0.000e+00
       3591     39.000    12.4029    12.3750    -0.0278    3.97738    3.98034          1     5.9975     5.9390       9.97     0.0613  1.333e-02  2.371e-01  1.779e+03    34.3906    34.4447     0.0541    26.0383    26.0857     38.634     38.801      0.252    1498.11    1498.08  0.000e+00
       3635     39.500    12.4019    12.3743    -0.0276    3.98133    3.98399          1     6.0547     5.9714       9.97     0.0605  1.182e-02  2.105e-01  1.782e+03    34.4293    34.4804     0.0511    26.0685    26.1136     39.129     39.297      0.296    1498.16    1498.13  0.000e+00
       3676     40.000    12.3882    12.3778    -0.0105    3.98201    3.98486          1     6.0783     5.9672       9.97     0.0597  1.049e-02  1.873e-01  1.785e+03    34.4482    34.4853     0.0372    26.0859    26.1167     39.624     39.794      0.270    1498.15    1498.16  0.000e+00
       3727     40.500    12.3931    12.3916    -0.0016    3.98386    3.98681          1     6.0697     6.0117       9.97     0.0589  9.606e-03  1.707e-01  1.778e+03    34.4614    34.4913     0.0300    26.0952    26.1187     40.119     40.290      0.232    1498.19    1498.22  0.000e+00
       3770     41.000    12.4410    12.4469     0.0059    3.99232    3.99541          1     6.1289     6.1557       9.97     0.0581  8.431e-03  1.503e-01  1.783e+03    34.4989    34.5231     0.0243    26.1149    26.1326     40.615     40.786      0.337    1498.40    1498.45  0.000e+00
       3804     41.500    12.4888    12.5161     0.0273    4.00426    4.00953          1     6.2762     6.3471       9.97     0.0595  7.112e-03  1.272e-01  1.788e+03    34.5697    34.5954     0.0257    26.1606    26.1752     41.110     41.282      0.350    1498.66    1498.78  0.000e+00
       3844     42.000    12.5429    12.5539     0.0111    4.01651    4.02136          1     6.4668     6.4380       9.97     0.0589  6.031e-03  1.074e-01  1.780e+03    34.6377    34.6742     0.0365    26.2028    26.2289     41.605     41.779      0.243    1498.93    1499.01  0.000e+00
       3906     42.500    12.5275    12.5098    -0.0177    4.01631    4.01835          1     6.5865     6.4206       9.97     0.0577  5.316e-03  9.462e-02  1.780e+03    34.6498    34.6858     0.0360    26.2151    26.2465     42.100     42.275      0.241    1498.90    1498.88  0.000e+00
       3945     43.000    12.4381    12.3564    -0.0816    4.00938    4.00854          1     6.5500     6.2791       9.97     0.0590  4.478e-03  8.006e-02  1.788e+03    34.6652    34.7328     0.0676    26.2446    26.3129     42.596     42.771      0.356    1498.62    1498.43  0.000e+00
       3981     43.500    12.1544    12.0031    -0.1513    3.98264    3.97637          1     6.4081     6.1166       9.97     0.0568  3.616e-03  6.442e-02  1.782e+03    34.6687    34.7484     0.0797    26.3021    26.3930     43.091     43.268      0.293    1497.67    1497.25  0.000e+00
       4031     44.000    11.9292    11.8483    -0.0809    3.96149    3.95855          1     6.2201     6.0720       9.97     0.0556  2.772e-03  4.922e-02  1.776e+03    34.6719    34.7186     0.0467    26.3477    26.3994     43.586     43.764      0.236    1496.92    1496.70  0.000e+00
       4072     44.500    11.7673    11.7268    -0.0406    3.94583    3.94738          1     6.2103     6.0211       9.97     0.0549  1.958e-03  3.491e-02  1.783e+03    34.6694    34.7225     0.0531    26.3764    26.4253     44.081     44.260      0.331    1496.37    1496.29  0.000e+00
       4113     45.000    11.5042    11.3892    -0.1157    3.91762    3.91570          1     6.1447     5.9264       9.97     0.0539  1.230e-03  2.195e-02  1.784e+03    34.6377    34.7267     0.0890    26.4009    26.4914     44.577     44.756      0.247    1495.43    1495.14  0.000e+00
       4169     45.500    11.1508    11.0464    -0.1041    3.88110    3.87763          1     6.0020     5.8225       9.97     0.0512  7.746e-04  1.377e-02  1.778e+03    34.6077    34.6716     0.0639    26.4427    26.5114     45.072     45.252      0.238    1494.18    1493.89  0.000e+00
       4210     46.000    11.0715    11.0176    -0.0539    3.87405    3.87269          1     5.9271     5.8189       9.97     0.0511  1.290e-04  2.297e-03  1.782e+03    34.6120    34.6493     0.0373    26.4605    26.4992     45.567     45.748      0.317    1493.91    1493.77  0.000e+00
       4249     46.500    11.1025    11.1112     0.0080    3.88102    3.88571          1     5.9123     5.8580       9.97     0.0492  5.758e-07  1.025e-05  1.782e+03    34.6519    34.6905     0.0385    26.4859    26.5143     46.062     46.245      0.296    1494.08    1494.15  0.000e+00
       4292     47.000    11.0902    11.0468    -0.0430    3.88200    3.88259          1     5.9653     5.8670       9.97     0.0483  5.623e-14  1.000e-12  1.778e+03    34.6732    34.7200     0.0469    26.5046    26.5490     46.558     46.741      0.264    1494.07    1493.97  0.000e+00
       4343     47.500    11.0312    10.9777    -0.0531    3.87728    3.87702          1     5.9776     5.8448       9.97     0.0464  5.624e-14  1.000e-12  1.778e+03    34.6816    34.7296     0.0480    26.5219    26.5689     47.053     47.237      0.222    1493.88    1493.75  0.000e+00
       4392     48.000    10.7960    10.6933    -0.1027    3.85377    3.85296          1     5.8975     5.6879       9.97     0.0461  5.609e-14  1.000e-12  1.783e+03    34.6687    34.7582     0.0895    26.5541    26.6421     47.548     47.733      0.298    1493.05    1492.79  0.000e+00
       4428     48.500    10.5175    10.3942    -0.1234    3.82482    3.82000          1     5.7639     5.5929       9.97     0.0435  5.612e-14  1.000e-12  1.782e+03    34.6416    34.7105     0.0689    26.5824    26.6578     48.043     48.229      0.320    1492.04    1491.69  0.000e+00
       4469     49.000    10.4154    10.3654    -0.0499    3.81589    3.81503          1     5.6708     5.5971       9.97     0.0425  5.623e-14  1.000e-12  1.779e+03    34.6484    34.6874     0.0391    26.6056    26.6448     48.539     48.725      0.271    1491.69    1491.56  0.000e+00
       4516     49.500    10.3974    10.3596    -0.0380    3.81445    3.81386          1     5.6486     5.6052       9.97     0.0434  5.619e-14  1.000e-12  1.780e+03    34.6508    34.6809     0.0301    26.6106    26.6407     49.034     49.221      0.247    1491.64    1491.54  0.000e+00
       4564     50.000    10.3868    10.3462    -0.0405    3.81355    3.81238          1     5.6618     5.6022       9.97     0.0428  5.613e-14  1.000e-12  1.782e+03    34.6515    34.6785     0.0270    26.6131    26.6412     49.529     49.717      0.259    1491.61    1491.50  0.000e+00
       4611     50.500    10.3655    10.3409    -0.0246    3.81168    3.81176          1     5.6610     5.6071       9.97     0.0445  5.622e-14  1.000e-12  1.779e+03    34.6527    34.6769     0.0242    26.6177    26.6409     50.024     50.213      0.254    1491.55    1491.49  0.000e+00
       4658     51.000    10.3615    10.3356    -0.0261    3.81172    3.81139          1     5.6653     5.6126       9.97     0.0447  5.623e-14  1.000e-12  1.778e+03    34.6567    34.6781     0.0214    26.6215    26.6427     50.519     50.709      0.274    1491.54    1491.48  0.000e+00
       4697     51.500    10.3196    10.2822    -0.0372    3.80755    3.80751          1     5.6535     5.6140       9.97     0.0428  5.615e-14  1.000e-12  1.781e+03    34.6541    34.6895     0.0353    26.6268    26.6609     51.015     51.205      0.330    1491.40    1491.31  0.000e+00
       4736     52.000    10.2549    10.2156    -0.0393    3.80292    3.80277          1     5.6542     5.6175       9.97     0.0428  5.623e-14  1.000e-12  1.778e+03    34.6688    34.7048     0.0360    26.6495    26.6844     51.510     51.701      0.262    1491.20    1491.10  0.000e+00
       4790     52.500    10.2061    10.1923    -0.0137    3.80087    3.80185          1     5.6766     5.6507       9.97     0.0425  5.619e-14  1.000e-12  1.780e+03    34.6944    34.7175     0.0231    26.6779    26.6983     52.005     52.197      0.232    1491.06    1491.04  0.000e+00
       4833     53.000    10.1984    10.1923    -0.0061    3.80059    3.80173          1     5.6954     5.6447       9.97     0.0413  5.608e-14  1.000e-12  1.783e+03    34.6987    34.7161     0.0174    26.6826    26.6972     52.500     52.693      0.315    1491.05    1491.05  0.000e+00
       4872     53.500    10.1989    10.1935    -0.0055    3.80079    3.80177          1     5.6697     5.6581       9.97     0.0423  5.622e-14  1.000e-12  1.779e+03    34.7000    34.7152     0.0152    26.6835    26.6963     52.996     53.190      0.275    1491.06    1491.06  0.000e+00
       4920     54.000    10.2541    10.2835     0.0294    3.81088    3.81503          1     5.7409     5.8872       9.97     0.0421  5.627e-14  1.000e-12  1.777e+03    34.7495    34.7635     0.0139    26.7126    26.7184     53.491     53.686      0.249    1491.32    1491.45  0.000e+00
       4965     54.500    10.3495    10.3757     0.0264    3.82632    3.82938          1     5.9637     6.1198       9.97     0.0434  5.609e-14  1.000e-12  1.783e+03    34.8146    34.8205     0.0059    26.7468    26.7469     53.986     54.182      0.277    1491.75    1491.85  0.000e+00
       5010     55.000    10.4151    10.4307     0.0154    3.83561    3.83794          1     6.1285     6.1934       9.97     0.0440  5.623e-14  1.000e-12  1.778e+03    34.8456    34.8543     0.0087    26.7596    26.7636     54.481     54.678      0.258    1492.03    1492.10  0.000e+00
       5055     55.500    10.4465    10.4622     0.0157    3.84077    3.84343          1     6.2078     6.2070       9.97     0.0434  5.623e-14  1.000e-12  1.778e+03    34.8676    34.8794     0.0119    26.7712    26.7777     54.976     55.174      0.289    1492.18    1492.25  0.000e+00
       5095     56.000    10.4638    10.4651     0.0015    3.84493    3.84588          1     6.2625     6.2111       9.97     0.0427  5.612e-14  1.000e-12  1.782e+03    34.8929    34.9013     0.0084    26.7879    26.7942     55.472     55.670      0.294    1492.28    1492.29  0.000e+00
       5140     56.500    10.4193    10.4045    -0.0148    3.84376    3.84418          1     6.2552     6.2225       9.97     0.0429  5.623e-14  1.000e-12  1.778e+03    34.9236    34.9421     0.0185    26.8196    26.8367     55.967     56.166      0.242    1492.16    1492.14  0.000e+00
