ctdpy/tests/etc/all_smhi_bas_2018/SBE09_0827_20181007_0457_26_01_1033.cnv
* Sea-Bird SBE 9 Data File:
* FileName = D:\CTD_SBE911\DAT\26DA.2018.10.33.hex
* Software Version Seasave V 7.21d
* Temperature SN = 4548
* Conductivity SN = 3062
* Number of Bytes Per Scan = 48
* Number of Voltage Words = 5
* Number of Scans Averaged by the Deck Unit = 1
* NMEA Latitude = 58 11.76 N
* NMEA Longitude = 017 35.56 E
* NMEA UTC (Time) = Oct 07 2018  05:00:29
* NMEA baud rate = 4800
** Ship: DANA
** Average sound velocity: 1442.36 m/s
** True-depth calculation Thu, 28 Mar 2019 12:20:19 +0000
** CTD Python Module SMHI /ver 3-12/ feb 2012 
** LIMS Job: 20182601-1033
** Operator: Christian
** Cruise: 10/2018
# nquan = 26
# nvalues = 212                         
# units = specified
# name 0 = scan: Scan Count
# name 1 = prDM: Pressure, Digiquartz [db]
# name 2 = t090C: Temperature [ITS-90, deg C]
# name 3 = t190C: Temperature, 2 [ITS-90, deg C]
# name 4 = T2-T190C: Temperature Difference, 2 - 1 [ITS-90, deg C]
# name 5 = c0S/m: Conductivity [S/m]
# name 6 = c1S/m: Conductivity, 2 [S/m]
# name 7 = pumps: Pump Status
# name 8 = sbeox1ML/L: Oxygen, SBE 43, 2 [ml/l]
# name 9 = sbeox0ML/L: Oxygen, SBE 43 [ml/l]
# name 10 = altM: Altimeter [m]
# name 11 = chloroflTC0: Chlorophyll, Turner Cyclops [ug/l]
# name 12 = cpar: CPAR/Corrected Irradiance [%]
# name 13 = par: PAR/Irradiance, Biospherical/Lico [µE/(cm^2*s)]
# name 14 = spar: SPAR, Biospherical/Licor
# name 15 = sal00: Salinity, Practical [PSU]
# name 16 = sal11: Salinity, Practical, 2 [PSU]
# name 17 = secS-priS: Salinity, Practical, Difference, 2 - 1 [PSU]
# name 18 = sigma-t00: Density [sigma-t, kg/m^3 ]
# name 19 = sigma-t11: Density, 2 [sigma-t, kg/m^3 ]
# name 20 = depSM: Depth [salt water, m], lat = 58.196
# name 21 = depFM: Depth [true depth, m], lat = 58.196
# name 22 = dz/dtM: Descent Rate [m/s], WS = 2
# name 23 = svCM: Sound Velocity [Chen-Millero, m/s]
# name 24 = svCM1: Sound Velocity, 2 [Chen-Millero, m/s]
# name 25 = flag: flag
# span 0 =         82,      10967       
# span 1 =      1.000,    106.500       
# span 2 =     3.6808,     9.3334       
# span 3 =     3.6821,     9.3337       
# span 4 =    -0.1205,     0.4325       
# span 5 =   0.770465,   1.157153       
# span 6 =   0.771305,   1.157230       
# span 7 =          1,          1       
# span 8 =     0.0524,     7.5366       
# span 9 =     0.0449,     7.1699       
# span 10 =       0.48,       9.96      
# span 11 =     0.0159,     0.0306      
# span 12 = 1.6383e-11, 2.4626e-11      
# span 13 = 1.0000e-12, 1.0000e-12      
# span 14 = 4.0603e+00, 6.1001e+00      
# span 15 =     6.8801,    10.6847      
# span 16 =     6.8802,    10.6852      
# span 17 =    -0.1696,     0.0005      
# span 18 =     5.1432,     8.4018      
# span 19 =     5.1432,     8.4021      
# span 20 =      0.991,    105.484      
# span 21 =      1.013,    107.741      
# span 22 =     -0.277,      0.321      
# span 23 =    1430.57,    1453.30      
# span 24 =    1430.62,    1453.30      
# span 25 = 0.0000e+00, 0.0000e+00      
# interval = decibars: 0.5              
# start_time = Oct 07 2018 05:00:29 [NMEA time, first data scan]
# bad_flag = -9.990e-29
*END*
[from data line 56]
       2801     29.000     5.2297     5.3544     0.1246    0.78838    0.79005          1     7.5002     7.1051       9.96     0.0186  2.462e-11  1.000e-12  4.062e+00     7.2082     7.1977    -0.0104     5.6895     5.6759     28.729     29.384      0.249    1436.92    1437.45  0.000e+00
       2850     29.500     5.0947     5.2068     0.1123    0.78660    0.78847          1     7.4857     7.1190       9.96     0.0183  2.462e-11  1.000e-12  4.062e+00     7.2197     7.2140    -0.0058     5.7043     5.6951     29.224     29.890      0.268    1436.35    1436.83  0.000e+00
       2894     30.000     4.9318     5.0669     0.1351    0.78414    0.78657          1     7.5057     7.1367       9.96     0.0182  2.462e-11  1.000e-12  4.062e+00     7.2307     7.2255    -0.0052     5.7193     5.7099     29.719     30.396      0.267    1435.66    1436.24  0.000e+00
       2937     30.500     4.7432     4.9141     0.1708    0.78034    0.78410          1     7.4548     7.1204       9.96     0.0182  2.462e-11  1.000e-12  4.062e+00     7.2340     7.2341     0.0001     5.7288     5.7227     30.215     30.903      0.298    1434.84    1435.59  0.000e+00
       2980     31.000     4.4922     4.6694     0.1772    0.77566    0.77946          1     7.4288     7.0675       9.96     0.0176  2.462e-11  1.000e-12  4.062e+00     7.2422     7.2414    -0.0008     5.7436     5.7371     30.710     31.409      0.248    1433.74    1434.53  0.000e+00
       3028     31.500     4.4173     4.4925     0.0753    0.77480    0.77636          1     7.4149     7.0424       9.96     0.0172  2.462e-11  1.000e-12  4.062e+00     7.2500     7.2491    -0.0009     5.7521     5.7491     31.205     31.915      0.288    1433.42    1433.76  0.000e+00
       3068     32.000     4.3712     4.4340     0.0627    0.77440    0.77555          1     7.4204     7.0495       9.96     0.0172  2.462e-11  1.000e-12  4.062e+00     7.2560     7.2537    -0.0023     5.7583     5.7546     31.700     32.422      0.277    1433.23    1433.51  0.000e+00
       3113     32.500     4.2461     4.3556     0.1095    0.77312    0.77469          1     7.4178     7.0417       9.96     0.0171  2.462e-11  1.000e-12  4.062e+00     7.2707     7.2623    -0.0084     5.7735     5.7638     32.196     32.928      0.270    1432.70    1433.18  0.000e+00
       3158     33.000     4.0525     4.1930     0.1405    0.77137    0.77306          1     7.4374     7.0303       9.96     0.0171  2.462e-11  1.000e-12  4.062e+00     7.2959     7.2818    -0.0141     5.7987     5.7838     32.691     33.434      0.264    1431.87    1432.49  0.000e+00
       3201     33.500     3.9465     4.0597     0.1133    0.77060    0.77202          1     7.4366     7.0262       9.96     0.0171  2.462e-11  1.000e-12  4.062e+00     7.3117     7.3008    -0.0109     5.8138     5.8024     33.186     33.941      0.297    1431.42    1431.92  0.000e+00
       3243     34.000     3.9068     3.9651     0.0584    0.77136    0.77133          1     7.4330     7.0082       9.96     0.0170  2.462e-11  1.000e-12  4.062e+00     7.3282     7.3149    -0.0133     5.8279     5.8159     33.682     34.447      0.272    1431.27    1431.52  0.000e+00
       3288     34.500     3.8407     3.9016     0.0608    0.77046    0.77131          1     7.4772     6.9986       9.96     0.0170  2.462e-11  1.000e-12  4.062e+00     7.3339     7.3288    -0.0051     5.8339     5.8284     34.177     34.953      0.269    1430.99    1431.26  0.000e+00
       3332     35.000     3.8896     3.8741    -0.0154    0.77286    0.77143          1     7.4035     7.0119       9.96     0.0170  2.462e-11  1.000e-12  4.062e+00     7.3473     7.3362    -0.0111     5.8434     5.8349     34.672     35.460      0.273    1431.24    1431.15  0.000e+00
       3376     35.500     3.8953     3.8936    -0.0017    0.77395    0.77312          1     7.3332     6.9794       9.96     0.0170  2.462e-11  1.000e-12  4.062e+00     7.3571     7.3490    -0.0081     5.8511     5.8447     35.167     35.966      0.277    1431.28    1431.27  0.000e+00
       3419     36.000     3.8935     3.8973     0.0038    0.77465    0.77410          1     7.3032     6.9325       9.96     0.0169  2.462e-11  1.000e-12  4.062e+00     7.3646     7.3581    -0.0064     5.8571     5.8519     35.663     36.472      0.267    1431.29    1431.30  0.000e+00
       3465     36.500     3.8871     3.8966     0.0095    0.77518    0.77482          1     7.2765     6.8885       9.96     0.0169  2.462e-11  1.000e-12  4.062e+00     7.3713     7.3656    -0.0057     5.8626     5.8578     36.158     36.979      0.277    1431.28    1431.32  0.000e+00
       3506     37.000     3.8841     3.8904     0.0063    0.77597    0.77531          1     7.2260     6.8798       9.96     0.0167  2.462e-11  1.000e-12  4.062e+00     7.3800     7.3719    -0.0082     5.8696     5.8629     36.653     37.485      0.289    1431.29    1431.30  0.000e+00
       3550     37.500     3.8195     3.8779     0.0584    0.77525    0.77599          1     7.2184     6.8379       9.96     0.0170  2.462e-11  1.000e-12  4.062e+00     7.3872     7.3816    -0.0056     5.8767     5.8710     37.149     37.991      0.267    1431.01    1431.27  0.000e+00
       3594     38.000     3.7464     3.8220     0.0756    0.77398    0.77533          1     7.2957     6.7983       9.96     0.0170  2.462e-11  1.000e-12  4.062e+00     7.3908     7.3874    -0.0034     5.8811     5.8768     37.644     38.498      0.278    1430.69    1431.03  0.000e+00
       3638     38.500     3.7771     3.7693    -0.0078    0.77566    0.77463          1     7.2481     6.8356       9.96     0.0170  2.462e-11  1.000e-12  4.062e+00     7.4009     7.3921    -0.0088     5.8885     5.8817     38.139     39.004      0.272    1430.85    1430.81  0.000e+00
       3683     39.000     3.8106     3.7913    -0.0192    0.77728    0.77606          1     7.1430     6.8278       9.96     0.0166  2.462e-11  1.000e-12  4.062e+00     7.4098     7.4017    -0.0081     5.8949     5.8888     38.634     39.510      0.251    1431.02    1430.93  0.000e+00
       3732     39.500     3.7479     3.7867     0.0387    0.77627    0.77674          1     7.1700     6.7548       9.96     0.0171  2.462e-11  1.000e-12  4.062e+00     7.4137     7.4097    -0.0040     5.8993     5.8953     39.130     40.016      0.279    1430.75    1430.92  0.000e+00
       3771     40.000     3.7461     3.7579     0.0118    0.77764    0.77673          1     7.1265     6.7471       9.96     0.0170  2.462e-11  1.000e-12  4.062e+00     7.4281     7.4160    -0.0121     5.9108     5.9009     39.625     40.523      0.293    1430.77    1430.81  0.000e+00
       3816     40.500     3.7508     3.7536     0.0028    0.77851    0.77793          1     7.0562     6.7199       9.96     0.0171  2.462e-11  1.000e-12  4.062e+00     7.4359     7.4293    -0.0066     5.9169     5.9116     40.120     41.029      0.264    1430.81    1430.81  0.000e+00
       3859     41.000     3.7318     3.7491     0.0174    0.77832    0.77841          1     7.0547     6.6715       9.96     0.0171  2.462e-11  1.000e-12  4.062e+00     7.4381     7.4351    -0.0030     5.9191     5.9163     40.615     41.535      0.276    1430.74    1430.81  0.000e+00
       3903     41.500     3.7177     3.7346     0.0170    0.77850    0.77843          1     7.0430     6.6543       9.96     0.0170  2.462e-11  1.000e-12  4.062e+00     7.4432     7.4386    -0.0046     5.9234     5.9194     41.111     42.041      0.280    1430.69    1430.76  0.000e+00
       3947     42.000     3.6969     3.7185     0.0216    0.77866    0.77859          1     7.0299     6.6328       9.96     0.0169  2.462e-11  1.000e-12  4.062e+00     7.4495     7.4439    -0.0057     5.9289     5.9239     41.606     42.548      0.254    1430.61    1430.70  0.000e+00
       3996     42.500     3.6845     3.6961     0.0116    0.77954    0.77891          1     7.0083     6.6167       9.96     0.0166  2.462e-11  1.000e-12  4.062e+00     7.4613     7.4522    -0.0091     5.9385     5.9310     42.101     43.054      0.265    1430.57    1430.62  0.000e+00
       4038     43.000     3.7007     3.6935    -0.0072    0.78164    0.77989          1     6.9067     6.5921       9.96     0.0161  2.462e-11  1.000e-12  4.062e+00     7.4791     7.4628    -0.0163     5.9523     5.9395     42.596     43.560      0.272    1430.68    1430.62  0.000e+00
       4086     43.500     3.6961     3.7002     0.0041    0.78434    0.78214          1     6.7764     6.5259       9.96     0.0166  2.462e-11  1.000e-12  4.062e+00     7.5079     7.4844    -0.0235     5.9753     5.9565     43.092     44.067      0.258    1430.70    1430.69  0.000e+00
       4128     44.000     3.6808     3.6973     0.0165    0.78649    0.78428          1     6.6699     6.4302       9.96     0.0164  2.462e-11  1.000e-12  4.062e+00     7.5334     7.5069    -0.0265     5.9959     5.9745     43.587     44.573      0.295    1430.67    1430.71  0.000e+00
       4171     44.500     3.6810     3.6821     0.0011    0.79014    0.78690          1     6.5115     6.3323       9.96     0.0166  2.462e-11  1.000e-12  4.062e+00     7.5709     7.5374    -0.0335     6.0257     5.9991     44.082     45.079      0.260    1430.73    1430.69  0.000e+00
       4217     45.000     3.6905     3.6865    -0.0040    0.79198    0.79002          1     6.4198     6.2033       9.96     0.0165  2.462e-11  1.000e-12  4.062e+00     7.5876     7.5683    -0.0192     6.0388     6.0236     44.577     45.585      0.263    1430.80    1430.76  0.000e+00
       4264     45.500     3.7025     3.6936    -0.0090    0.79416    0.79188          1     6.3551     6.0943       9.96     0.0169  2.462e-11  1.000e-12  4.062e+00     7.6072     7.5858    -0.0214     6.0542     6.0373     45.073     46.091      0.250    1430.89    1430.82  0.000e+00
       4312     46.000     3.7232     3.7067    -0.0165    0.79860    0.79489          1     6.2100     6.0048       9.96     0.0167  2.462e-11  1.000e-12  4.062e+00     7.6479     7.6136    -0.0343     6.0861     6.0591     45.568     46.598      0.255    1431.05    1430.93  0.000e+00
       4357     46.500     3.7610     3.7317    -0.0293    0.80419    0.79922          1     6.0131     5.8915       9.96     0.0165  2.462e-11  1.000e-12  4.062e+00     7.6964     7.6522    -0.0442     6.1239     6.0894     46.063     47.104      0.278    1431.29    1431.10  0.000e+00
       4401     47.000     3.7905     3.7623    -0.0282    0.80792    0.80393          1     5.8673     5.7403       9.96     0.0159  2.462e-11  1.000e-12  4.062e+00     7.7277     7.6933    -0.0344     6.1481     6.1214     46.558     47.610      0.265    1431.47    1431.30  0.000e+00
       4446     47.500     3.8349     3.7996    -0.0353    0.81268    0.80841          1     5.7074     5.6022       9.96     0.0162  2.462e-11  1.000e-12  4.062e+00     7.7660     7.7306    -0.0355     6.1776     6.1502     47.054     48.116      0.272    1431.73    1431.52  0.000e+00
       4490     48.000     3.8602     3.8349    -0.0252    0.81635    0.81261          1     5.5706     5.4526       9.96     0.0159  2.462e-11  1.000e-12  4.062e+00     7.7976     7.7652    -0.0324     6.2021     6.1769     47.549     48.622      0.264    1431.89    1431.73  0.000e+00
       4538     48.500     3.8714     3.8592    -0.0122    0.81876    0.81637          1     5.4830     5.3171       9.96     0.0159  2.462e-11  1.000e-12  4.062e+00     7.8195     7.7979    -0.0216     6.2192     6.2023     48.044     49.128      0.239    1431.98    1431.89  0.000e+00
       4589     49.000     3.8857     3.8746    -0.0111    0.82303    0.81966          1     5.3701     5.1948       9.96     0.0159  2.462e-11  1.000e-12  4.062e+00     7.8598     7.8280    -0.0319     6.2509     6.2259     48.539     49.634      0.248    1432.10    1432.01  0.000e+00
       4633     49.500     3.9143     3.8942    -0.0201    0.83084    0.82512          1     5.1447     5.0813       9.96     0.0160  2.462e-11  1.000e-12  4.062e+00     7.9331     7.8792    -0.0539     6.3084     6.2661     49.035     50.141      0.277    1432.33    1432.17  0.000e+00
       4681     50.000     3.9311     3.9180    -0.0131    0.83390    0.83092          1     5.0063     4.9030       9.96     0.0159  2.462e-11  1.000e-12  4.062e+00     7.9603     7.9329    -0.0274     6.3297     6.3082     49.530     50.647      0.241    1432.45    1432.36  0.000e+00
       4727     50.500     3.9574     3.9348    -0.0226    0.84071    0.83518          1     4.8552     4.7522       9.96     0.0159  2.462e-11  1.000e-12  4.062e+00     8.0237     7.9724    -0.0513     6.3793     6.3392     50.025     51.153      0.268    1432.66    1432.49  0.000e+00
       4776     51.000     4.0609     3.9957    -0.0652    0.85712    0.84586          1     4.3846     4.5563       9.96     0.0159  2.462e-11  1.000e-12  4.062e+00     8.1662     8.0669    -0.0993     6.4898     6.4127     50.520     51.659      0.257    1433.31    1432.89  0.000e+00
       4817     51.500     4.1602     4.0778    -0.0823    0.87535    0.85942          1     3.8615     4.2462       9.96     0.0159  2.462e-11  1.000e-12  4.062e+00     8.3278     8.1854    -0.1424     6.6152     6.5045     51.016     52.165      0.269    1433.97    1433.42  0.000e+00
       4869     52.000     4.3018     4.2280    -0.0737    0.90017    0.88708          1     3.1982     3.6670       9.96     0.0159  2.462e-11  1.000e-12  4.062e+00     8.5451     8.4304    -0.1147     6.7832     6.6946     51.511     52.671      0.236    1434.89    1434.42  0.000e+00
       4916     52.500     4.4600     4.3562    -0.1039    0.92579    0.90833          1     2.5488     3.1239       9.96     0.0159  2.462e-11  1.000e-12  4.062e+00     8.7650     8.6142    -0.1508     6.9521     6.8362     52.006     53.176      0.255    1435.89    1435.23  0.000e+00
       4963     53.000     4.5322     4.4729    -0.0592    0.93733    0.92746          1     2.2220     2.6420       9.96     0.0159  2.462e-11  1.000e-12  4.062e+00     8.8633     8.7786    -0.0847     7.0274     6.9624     52.501     53.682      0.269    1436.34    1435.97  0.000e+00
       5007     53.500     4.5666     4.5331    -0.0335    0.94225    0.93696          1     2.1408     2.3157       9.96     0.0160  2.462e-11  1.000e-12  4.062e+00     8.9040     8.8591    -0.0449     7.0584     7.0241     52.996     54.188      0.253    1436.55    1436.35  0.000e+00
       5058     54.000     4.5875     4.5687    -0.0188    0.94505    0.94233          1     2.1208     2.1040       9.96     0.0160  2.462e-11  1.000e-12  4.062e+00     8.9267     8.9041    -0.0226     7.0756     7.0584     53.492     54.693      0.242    1436.68    1436.57  0.000e+00
       5103     54.500     4.7062     4.6186    -0.0876    0.96342    0.94901          1     1.8416     2.0038       9.96     0.0161  2.462e-11  1.000e-12  4.062e+00     9.0809     8.9586    -0.1223     7.1930     7.0996     53.987     55.199      0.278    1437.41    1436.87  0.000e+00
       5148     55.000     4.8984     4.7780    -0.1205    0.99328    0.97324          1     1.2875     1.7697       9.96     0.0166  2.462e-11  1.000e-12  4.062e+00     9.3304     9.1608    -0.1696     7.3824     7.2533     54.482     55.705      0.261    1438.58    1437.84  0.000e+00
       5199     55.500     4.9623     4.9299    -0.0325    1.00258    0.99745          1     1.0064     1.2878       9.96     0.0162  2.462e-11  1.000e-12  4.062e+00     9.4064     9.3637    -0.0427     7.4398     7.4074     54.977     56.210      0.227    1438.97    1438.77  0.000e+00
       5247     56.000     4.9816     4.9600    -0.0216    1.00595    1.00241          1     0.9590     1.0305       9.96     0.0160  2.462e-11  1.000e-12  4.062e+00     9.4350     9.4054    -0.0296     7.4615     7.4390     55.473     56.716      0.263    1439.10    1438.96  0.000e+00
