ctdpy/tests/etc/all_smhi_bas_2018/SBE09_1044_20180921_0535_34_01_0035.cnv
* Sea-Bird SBE 9 Data File:
* FileName = C:\ctd\temp\2018\AR18D035.hex
* Software Version Seasave V 7.26.6.26
* Temperature SN = 5351
* Conductivity SN = 3941
* Number of Bytes Per Scan = 41
* Number of Voltage Words = 4
* Number of Scans Averaged by the Deck Unit = 1
* NMEA Latitude = 58 52.91 N
* NMEA Longitude = 020 19.67 E
* NMEA UTC (Time) = Sep 21 2018  05:35:34
* NMEA baud rate = 4800
** Station:  BY29/LL19
** Operator:  Obac
** Ship: ARANDA
** Average sound velocity: 1449.91 m/s
** True-depth calculation Fri, 21 Sep 2018 06:01:31 +0000
** CTD Python Module SMHI /ver 3-12/ feb 2012 
** LIMS Job: 20183401-0035
** Cruise: SMHI-02-2018
** Latitude [GG MM.mm N] :
** Longitude [GG MM.mm E]:
# nquan = 26
# nvalues = 342                         
# units = specified
# name 0 = scan: Scan Count
# name 1 = prDM: Pressure, Digiquartz [db]
# name 2 = t090C: Temperature [ITS-90, deg C]
# name 3 = t190C: Temperature, 2 [ITS-90, deg C]
# name 4 = T2-T190C: Temperature Difference, 2 - 1 [ITS-90, deg C]
# name 5 = c0S/m: Conductivity [S/m]
# name 6 = c1S/m: Conductivity, 2 [S/m]
# name 7 = pumps: Pump Status
# name 8 = sbeox0ML/L: Oxygen, SBE 43 [ml/l]
# name 9 = sbeox1ML/L: Oxygen, SBE 43, 2 [ml/l]
# name 10 = altM: Altimeter [m]
# name 11 = flECO-AFL: Chl-a Fluorescence, WET Labs ECO-AFL/FL [mg/m^3]
# name 12 = flECO-AFL1: Phycocyanin Fluorescence, WET Labs ECO-AFL/FL, 2 [mg/m^3]
# name 13 = par: PAR/Irradiance, Biospherical/Lico [µE/(cm^2*s)]
# name 14 = turbWETntu0: Turbidity, WET Labs ECO [NTU]
# name 15 = sal00: Salinity, Practical [PSU]
# name 16 = sal11: Salinity, Practical, 2 [PSU]
# name 17 = secS-priS: Salinity, Practical, Difference, 2 - 1 [PSU]
# name 18 = sigma-t00: Density [sigma-t, Kg/m^3 ]
# name 19 = sigma-t11: Density, 2 [sigma-t, Kg/m^3 ]
# name 20 = depSM: Depth [salt water, m], lat = 58.8818
# name 21 = depFM: Depth [true depth, m], lat = 58.8818
# name 22 = dz/dtM: Descent Rate [m/s], WS = 2
# name 23 = svCM: Sound Velocity [Chen-Millero, m/s]
# name 24 = svCM1: Sound Velocity, 2 [Chen-Millero, m/s]
# name 25 = flag: flag
# span 0 =       8659,      16146       
# span 1 =      2.000,    172.500       
# span 2 =     3.2427,    16.0243       
# span 3 =     3.2472,    16.0244       
# span 4 =    -0.1002,     0.0983       
# span 5 =   0.744321,   1.284233       
# span 6 =   0.744272,   1.284200       
# span 7 =          1,          1       
# span 8 =    0.02094,    7.35295       
# span 9 =    0.93597,   12.82083       
# span 10 =       2.41,      99.22      
# span 11 =     0.2184,     1.1794      
# span 12 =     0.1388,     0.5569      
# span 13 = -2.094e-05, 9.7096e+01      
# span 14 =     0.1621,     1.7086      
# span 15 =     6.3194,    11.7550      
# span 16 =     6.3192,    11.7543      
# span 17 =    -0.0166,     0.0031      
# span 18 =     3.8013,     9.2076      
# span 19 =     3.8008,     9.2070      
# span 20 =      1.981,    170.818      
# span 21 =      2.029,    174.457      
# span 22 =     -0.135,      0.879      
# span 23 =    1428.54,    1477.49      
# span 24 =    1428.56,    1477.49      
# span 25 = 0.0000e+00, 0.0000e+00      
# interval = decibars: 0.5              
# start_time = Sep 21 2018 05:35:34 [NMEA time, first data scan]
# bad_flag = -9.990e-29
*END*
[from data line 112]
      11198     58.000     3.2897     3.2916     0.0019    0.77028    0.77010          1     6.4748     4.9192      50.53     0.2381     0.1861  1.000e-12  0.3183000     7.4544     7.4520    -0.0023     5.9396     5.9378     57.450     58.809      0.451    1429.01    1429.02  0.000e+00
      11223     58.500     3.3069     3.3075     0.0007    0.77291    0.77275          1     6.4089     4.8613      52.85     0.2484     0.2363  1.000e-12  0.3210000     7.4776     7.4758    -0.0018     5.9579     5.9565     57.945     59.316      0.561    1429.13    1429.13  0.000e+00
      11242     59.000     3.3470     3.3466    -0.0005    0.77555    0.77543          1     6.2703     4.8090      86.52     0.2415     0.2491  1.000e-12  0.3295000     7.4957     7.4946    -0.0011     5.9717     5.9708     58.441     59.822      0.687    1429.34    1429.34  0.000e+00
      11258     59.500     3.4440     3.4399    -0.0039    0.77982    0.77963          1     6.1912     4.7686      98.79     0.2428     0.2341  1.000e-12  0.3419000     7.5174     7.5164    -0.0010     5.9875     5.9868     58.936     60.328      0.729    1429.82    1429.80  0.000e+00
      11274     60.000     3.3778     3.3859     0.0080    0.78066    0.78060          1     6.1836     4.7317      98.67     0.2514     0.2083  1.000e-12  0.3484000     7.5414     7.5389    -0.0025     6.0077     6.0056     59.431     60.834      0.673    1429.56    1429.59  0.000e+00
      11294     60.500     3.4099     3.4086    -0.0013    0.78370    0.78343          1     6.1156     4.6942      98.65     0.2538     0.1691  1.000e-12  0.3517000     7.5654     7.5629    -0.0025     6.0263     6.0243     59.926     61.341      0.538    1429.74    1429.73  0.000e+00
      11321     61.000     3.4537     3.4536    -0.0001    0.78702    0.78670          1     5.9166     4.6491      98.39     0.2288     0.2447  1.000e-12  0.3337000     7.5895     7.5861    -0.0033     6.0447     6.0421     60.421     61.847      0.419    1429.98    1429.98  0.000e+00
      11350     61.500     3.4588     3.4624     0.0036    0.78893    0.78886          1     5.7916     4.5841      98.62     0.2448     0.2239  1.000e-12  0.3489000     7.6080     7.6064    -0.0015     6.0594     6.0581     60.917     62.353      0.488    1430.04    1430.05  0.000e+00
      11371     62.000     3.4502     3.4520     0.0018    0.79079    0.79057          1     5.8029     4.5322      98.67     0.2454     0.2093  1.000e-12  0.3585000     7.6292     7.6265    -0.0027     6.0764     6.0743     61.412     62.859      0.664    1430.03    1430.04  0.000e+00
      11387     62.500     3.4679     3.4689     0.0010    0.79428    0.79421          1     5.7972     4.4975      98.64     0.2448     0.1992  1.000e-12  0.3490000     7.6612     7.6601    -0.0010     6.1016     6.1008     61.907     63.365      0.745    1430.16    1430.17  0.000e+00
      11403     63.000     3.5003     3.4984    -0.0019    0.79756    0.79718          1     5.7220     4.4602      98.67     0.2325     0.1781  1.000e-12  0.3279000     7.6873     7.6839    -0.0034     6.1218     6.1191     62.402     63.872      0.714    1430.35    1430.34  0.000e+00
      11421     63.500     3.5837     3.5819    -0.0017    0.80780    0.80737          1     5.5505     4.4249      98.64     0.2275     0.1993  1.000e-12  0.3135000     7.7734     7.7693    -0.0041     6.1888     6.1856     62.897     64.378      0.591    1430.85    1430.84  0.000e+00
      11445     64.000     3.6460     3.6467     0.0007    0.81548    0.81518          1     5.2741     4.3822      98.60     0.2572     0.2323  1.000e-12  0.3204000     7.8378     7.8345    -0.0032     6.2388     6.2362     63.392     64.884      0.469    1431.23    1431.22  0.000e+00
      11471     64.500     3.7031     3.7030    -0.0000    0.82406    0.82336          1     4.9947     4.3354      98.61     0.2494     0.2257  1.000e-12  0.2722000     7.9124     7.9052    -0.0072     6.2969     6.2912     63.888     65.390      0.503    1431.59    1431.58  0.000e+00
      11493     65.000     3.7389     3.7403     0.0014    0.82861    0.82850          1     4.7923     4.2989      98.64     0.2605     0.2187  1.000e-12  0.2798000     7.9505     7.9491    -0.0015     6.3265     6.3253     64.383     65.896      0.593    1431.81    1431.81  0.000e+00
      11512     65.500     3.7789     3.7786    -0.0003    0.83564    0.83532          1     4.6310     4.2695      82.77     0.2493     0.2359  1.000e-12  0.3062000     8.0132     8.0099    -0.0033     6.3754     6.3728     64.878     66.402      0.605    1432.08    1432.07  0.000e+00
      11533     66.000     3.8112     3.8113     0.0001    0.84083    0.84036          1     4.4797     4.2431      43.35     0.2624     0.2083  1.000e-12  0.2766000     8.0587     8.0538    -0.0048     6.4108     6.4069     65.373     66.908      0.542    1432.29    1432.28  0.000e+00
      11557     66.500     3.8337     3.8359     0.0022    0.84467    0.84458          1     4.3677     4.2108      85.19     0.2726     0.1813  1.000e-12  0.2481000     8.0925     8.0911    -0.0014     6.4372     6.4360     65.868     67.414      0.513    1432.44    1432.45  0.000e+00
      11579     67.000     3.8450     3.8469     0.0019    0.84570    0.84563          1     4.3144     4.1753      98.95     0.2681     0.2115  1.000e-12  0.2479000     8.1003     8.0991    -0.0012     6.4431     6.4421     66.364     67.920      0.600    1432.51    1432.52  0.000e+00
      11597     67.500     3.8539     3.8553     0.0014    0.84675    0.84667          1     4.2904     4.1485      98.61     0.2602     0.2315  1.000e-12  0.2553000     8.1088     8.1076    -0.0012     6.4496     6.4486     66.859     68.426      0.695    1432.57    1432.57  0.000e+00
      11614     68.000     3.8653     3.8661     0.0008    0.84773    0.84765          1     4.2626     4.1195      98.58     0.2488     0.2494  1.000e-12  0.2326000     8.1160     8.1150    -0.0010     6.4550     6.4542     67.354     68.932      0.713    1432.64    1432.64  0.000e+00
      11631     68.500     3.8928     3.8920    -0.0008    0.85062    0.85035          1     4.2059     4.0864      98.60     0.2532     0.2076  1.000e-12  0.2450000     8.1389     8.1363    -0.0026     6.4725     6.4705     67.849     69.438      0.633    1432.80    1432.79  0.000e+00
      11653     69.000     3.9432     3.9406    -0.0026    0.85672    0.85600          1     4.0784     4.0416      98.62     0.2649     0.2250  1.000e-12  0.2575000     8.1889     8.1821    -0.0068     6.5110     6.5057     68.344     69.944      0.466    1433.10    1433.08  0.000e+00
      11683     69.500     4.0231     4.0127    -0.0103    0.86837    0.86649          1     3.8063     3.9995      98.56     0.2669     0.2025  1.000e-12  0.2299000     8.2883     8.2717    -0.0166     6.5878     6.5748     68.839     70.450      0.420    1433.59    1433.53  0.000e+00
      11708     70.000     4.1553     4.1540    -0.0012    0.88687    0.88599          1     3.3785     3.9658      98.61     0.2608     0.2079  1.000e-12  0.2173000     8.4442     8.4355    -0.0087     6.7078     6.7009     69.335     70.956      0.576    1434.40    1434.38  0.000e+00
      11727     70.500     4.2907     4.2904    -0.0003    0.90311    0.90297          1     3.0070     3.9374      98.59     0.2624     0.2054  1.000e-12  0.2157000     8.5753     8.5739    -0.0014     6.8075     6.8064     69.830     71.462      0.683    1435.18    1435.17  0.000e+00
      11744     71.000     4.3202     4.3215     0.0014    0.90601    0.90596          1     2.7659     3.9125      98.59     0.2855     0.1634  1.000e-12  0.1990000     8.5972     8.5963    -0.0009     6.8239     6.8231     70.325     71.968      0.713    1435.34    1435.35  0.000e+00
      11760     71.500     4.3423     4.3406    -0.0017    0.90861    0.90826          1     2.6102     3.8884      98.59     0.2861     0.2042  1.000e-12  0.1957000     8.6179     8.6147    -0.0032     6.8396     6.8371     70.820     72.474      0.675    1435.48    1435.46  0.000e+00
      11779     72.000     4.4096     4.4073    -0.0023    0.91705    0.91635          1     2.4468     3.8656      98.56     0.2859     0.2305  1.000e-12  0.1939000     8.6862     8.6797    -0.0065     6.8914     6.8864     71.315     72.979      0.597    1435.87    1435.85  0.000e+00
      11801     72.500     4.4959     4.4935    -0.0024    0.93068    0.92979          1     2.2102     3.8306      71.99     0.2773     0.2383  1.000e-12  0.1922000     8.8021     8.7937    -0.0084     6.9803     6.9737     71.810     73.485      0.527    1436.41    1436.39  0.000e+00
      11825     73.000     4.5862     4.5845    -0.0017    0.94320    0.94257          1     1.9236     3.7996      41.28     0.2809     0.1749  1.000e-12  0.1977000     8.9052     8.8994    -0.0059     7.0586     7.0540     72.305     73.991      0.482    1436.95    1436.93  0.000e+00
      11850     73.500     4.6673     4.6663    -0.0010    0.95396    0.95318          1     1.6349     3.7573      87.22     0.2831     0.2506  1.000e-12  0.1862000     8.9926     8.9850    -0.0076     7.1246     7.1187     72.801     74.496      0.518    1437.43    1437.41  0.000e+00
      11872     74.000     4.7830     4.7824    -0.0006    0.97109    0.97071          1     1.3562     3.7367      98.87     0.3072     0.2509  1.000e-12  0.1685000     9.1347     9.1310    -0.0037     7.2325     7.2296     73.296     75.002      0.639    1438.13    1438.12  0.000e+00
      11889     74.500     4.8239     4.8227    -0.0012    0.97704    0.97673          1     1.1176     3.7219      98.58     0.2961     0.1866  1.000e-12  0.1752000     9.1836     9.1808    -0.0028     7.2695     7.2674     73.791     75.508      0.721    1438.38    1438.37  0.000e+00
      11905     75.000     4.9171     4.9145    -0.0027    0.99134    0.99117          1     0.8612     3.7080      98.51     0.2850     0.1388  1.000e-12  0.1818000     9.3022     9.3012    -0.0010     7.3593     7.3587     74.286     76.013      0.699    1438.95    1438.93  0.000e+00
      11923     75.500     5.0375     5.0367    -0.0007    1.00963    1.00934          1     0.5622     3.6820      98.55     0.2962     0.2693  1.000e-12  0.1914000     9.4531     9.4504    -0.0027     7.4733     7.4712     74.781     76.519      0.555    1439.67    1439.66  0.000e+00
      11951     76.000     5.0921     5.0915    -0.0006    1.01857    1.01743          1     0.2811     3.6393      78.24     0.3191     0.2548  1.000e-12  0.2002000     9.5277     9.5164    -0.0114     7.5297     7.5208     75.276     77.024      0.419    1440.01    1440.00  0.000e+00
      11978     76.500     5.1147     5.1166     0.0018    1.02264    1.02259          1     0.1681     3.6142      29.62     0.2982     0.2504  1.000e-12  0.2379000     9.5622     9.5611    -0.0010     7.5559     7.5550     75.772     77.530      0.546    1440.16    1440.17  0.000e+00
      11997     77.000     5.2348     5.2275    -0.0073    1.04171    1.04073          1     0.1140     3.5952      71.14     0.3201     0.2615  1.000e-12  0.2371000     9.7195     9.7117    -0.0078     7.6743     7.6684     76.267     78.035      0.666    1440.89    1440.85  0.000e+00
      12014     77.500     5.3727     5.3719    -0.0007    1.06539    1.06499          1     0.0749     3.5770      98.18     0.3241     0.2623  1.000e-12  0.6711000     9.9171     9.9133    -0.0038     7.8233     7.8204     76.762     78.541      0.687    1441.75    1441.74  0.000e+00
      12032     78.000     5.4084     5.4084    -0.0001    1.07155    1.07131          1     0.0633     3.5618      98.56     0.3220     0.2514  1.000e-12  1.2326000     9.9682     9.9659    -0.0023     7.8618     7.8600     77.257     79.046      0.632    1441.98    1441.97  0.000e+00
      12052     78.500     5.4470     5.4448    -0.0021    1.07843    1.07797          1     0.0695     3.5454      98.55     0.3378     0.2029  1.000e-12  1.7086000    10.0258    10.0218    -0.0040     7.9052     7.9022     77.752     79.551      0.539    1442.23    1442.21  0.000e+00
      12076     79.000     5.5222     5.5188    -0.0035    1.09074    1.09001          1     0.0834     3.5254      98.53     0.3517     0.2890  1.000e-12  1.2538000    10.1265    10.1202    -0.0063     7.9806     7.9758     78.247     80.056      0.525    1442.69    1442.66  0.000e+00
      12098     79.500     5.5617     5.5619     0.0002    1.09668    1.09648          1     0.0946     3.5026      98.57     0.3525     0.2464  1.000e-12  0.7631000    10.1740    10.1720    -0.0021     8.0159     8.0143     78.742     80.562      0.592    1442.92    1442.92  0.000e+00
      12117     80.000     5.5782     5.5785     0.0003    1.09912    1.09892          1     0.0986     3.4870      98.34     0.3458     0.1958  1.000e-12  0.5784000    10.1934    10.1914    -0.0021     8.0303     8.0286     79.237     81.067      0.618    1443.03    1443.03  0.000e+00
      12137     80.500     5.6006     5.6001    -0.0005    1.10250    1.10226          1     0.1018     3.4709      98.03     0.3384     0.2791  1.000e-12  0.4888000    10.2203    10.2181    -0.0022     8.0503     8.0486     79.733     81.572      0.596    1443.17    1443.16  0.000e+00
      12157     81.000     5.6348     5.6341    -0.0008    1.10870    1.10828          1     0.1075     3.4522      97.63     0.3376     0.2148  1.000e-12  0.4314000    10.2719    10.2679    -0.0040     8.0890     8.0859     80.228     82.077      0.573    1443.39    1443.38  0.000e+00
      12178     81.500     5.6535     5.6544     0.0009    1.11223    1.11212          1     0.1090     3.4320      97.01     0.3064     0.2443  1.000e-12  0.3817000    10.3014    10.3000    -0.0014     8.1112     8.1101     80.723     82.582      0.556    1443.51    1443.51  0.000e+00
      12200     82.000     5.6628     5.6645     0.0017    1.11348    1.11351          1     0.1079     3.4075      96.39     0.3141     0.2524  1.000e-12  0.3680000    10.3110    10.3107    -0.0003     8.1182     8.1179     81.218     83.088      0.553    1443.57    1443.58  0.000e+00
      12222     82.500     5.6763     5.6771     0.0008    1.11534    1.11522          1     0.1048     3.3897      95.93     0.3152     0.2326  1.000e-12  0.3529000    10.3253    10.3239    -0.0014     8.1287     8.1276     81.713     83.593      0.605    1443.66    1443.66  0.000e+00
      12240     83.000     5.6908     5.6920     0.0012    1.11787    1.11776          1     0.1013     3.3695      95.47     0.3132     0.2219  1.000e-12  0.3458000    10.3461    10.3447    -0.0014     8.1443     8.1431     82.208     84.098      0.650    1443.75    1443.75  0.000e+00
      12259     83.500     5.7057     5.7073     0.0016    1.12086    1.12078          1     0.0954     3.3458      94.81     0.3155     0.2430  1.000e-12  0.3467000    10.3713    10.3700    -0.0013     8.1633     8.1622     82.703     84.603      0.597    1443.86    1443.86  0.000e+00
      12283     84.000     5.7122     5.7138     0.0016    1.12230    1.12220          1     0.0937     3.3209      94.24     0.3277     0.2588  1.000e-12  0.3356000    10.3836    10.3821    -0.0015     8.1726     8.1714     83.199     85.108      0.439    1443.91    1443.91  0.000e+00
      12313     84.500     5.7221     5.7230     0.0009    1.12433    1.12415          1     0.0909     3.2865      43.35     0.3398     0.2524  1.000e-12  0.3229000    10.4008    10.3987    -0.0021     8.1856     8.1839     83.694     85.613      0.488    1443.98    1443.98  0.000e+00
      12333     85.000     5.7639     5.7640     0.0001    1.13167    1.13136          1     0.0891     3.2631      93.51     0.3288     0.2467  1.000e-12  0.3312000    10.4610    10.4579    -0.0031     8.2306     8.2281     84.189     86.118      0.723    1444.24    1444.24  0.000e+00
