ctdpy/tests/etc/all_smhi_bas_2018/SBE09_0827_20181009_1944_26_01_1054.cnv
* Sea-Bird SBE 9 Data File:
* FileName = D:\CTD_SBE911\DAT\26DA.2018.10.54.hex
* Software Version Seasave V 7.21d
* Temperature SN = 4548
* Conductivity SN = 3062
* Number of Bytes Per Scan = 48
* Number of Voltage Words = 5
* Number of Scans Averaged by the Deck Unit = 1
* NMEA Latitude = 58 44.99 N
* NMEA Longitude = 019 31.25 E
* NMEA UTC (Time) = Oct 09 2018  19:47:06
* NMEA baud rate = 4800
** Ship: DANA
** Average sound velocity: 1446.36 m/s
** True-depth calculation Thu, 28 Mar 2019 12:22:46 +0000
** CTD Python Module SMHI /ver 3-12/ feb 2012 
** LIMS Job: 20182601-1054
** Operator: Christian A-KTh
** Cruise: 10/2018
# nquan = 26
# nvalues = 294                         
# units = specified
# name 0 = scan: Scan Count
# name 1 = prDM: Pressure, Digiquartz [db]
# name 2 = t090C: Temperature [ITS-90, deg C]
# name 3 = t190C: Temperature, 2 [ITS-90, deg C]
# name 4 = T2-T190C: Temperature Difference, 2 - 1 [ITS-90, deg C]
# name 5 = c0S/m: Conductivity [S/m]
# name 6 = c1S/m: Conductivity, 2 [S/m]
# name 7 = pumps: Pump Status
# name 8 = sbeox1ML/L: Oxygen, SBE 43, 2 [ml/l]
# name 9 = sbeox0ML/L: Oxygen, SBE 43 [ml/l]
# name 10 = altM: Altimeter [m]
# name 11 = chloroflTC0: Chlorophyll, Turner Cyclops [ug/l]
# name 12 = cpar: CPAR/Corrected Irradiance [%]
# name 13 = par: PAR/Irradiance, Biospherical/Lico [µE/(cm^2*s)]
# name 14 = spar: SPAR, Biospherical/Licor
# name 15 = sal00: Salinity, Practical [PSU]
# name 16 = sal11: Salinity, Practical, 2 [PSU]
# name 17 = secS-priS: Salinity, Practical, Difference, 2 - 1 [PSU]
# name 18 = sigma-t00: Density [sigma-t, kg/m^3 ]
# name 19 = sigma-t11: Density, 2 [sigma-t, kg/m^3 ]
# name 20 = depSM: Depth [salt water, m], lat = 58.7498
# name 21 = depFM: Depth [true depth, m], lat = 58.7498
# name 22 = dz/dtM: Descent Rate [m/s], WS = 2
# name 23 = svCM: Sound Velocity [Chen-Millero, m/s]
# name 24 = svCM1: Sound Velocity, 2 [Chen-Millero, m/s]
# name 25 = flag: flag
# span 0 =       -350,      13556       
# span 1 =      1.500,    148.000       
# span 2 =     3.2634,    10.7690       
# span 3 =     3.2649,    10.7699       
# span 4 =    -0.1071,     0.7088       
# span 5 =   0.752969,   1.239860       
# span 6 =   0.753874,   1.239740       
# span 7 =          1,          1       
# span 8 =     0.0388,     7.4284       
# span 9 =     0.0396,     7.3599       
# span 10 =      -0.92,      10.54      
# span 11 =     0.0159,     0.0297      
# span 12 = -3.585e+01, 3.7138e+03      
# span 13 = 1.0000e-12, 1.0000e-12      
# span 14 = 1.9554e+00, 2.0315e+00      
# span 15 =     6.6628,    11.3692      
# span 16 =     6.6626,    11.3680      
# span 17 =    -0.1345,     0.0034      
# span 18 =     4.8215,     8.9145      
# span 19 =     4.8212,     8.9136      
# span 20 =      1.486,    146.567      
# span 21 =      1.520,    149.720      
# span 22 =     -0.583,      0.982      
# span 23 =    1428.76,    1459.08      
# span 24 =    1428.79,    1459.08      
# span 25 = 0.0000e+00, 0.0000e+00      
# interval = decibars: 0.5              
# start_time = Oct 09 2018 19:47:06 [NMEA time, first data scan]
# bad_flag = -9.990e-29
*END*
[from data line 56]
       3090     29.500    10.7593    10.7593     0.0000    0.84872    0.84874          1     7.2100     6.7631       9.97     0.0280  4.924e-11  1.000e-12  2.031e+00     6.6643     6.6645     0.0002     4.8237     4.8238     29.223     29.903      0.210    1458.90    1458.90  0.000e+00
       3170     30.000    10.7597    10.7602     0.0005    0.84874    0.84874          1     7.2162     6.7613       9.97     0.0276  4.924e-11  1.000e-12  2.031e+00     6.6644     6.6643    -0.0001     4.8237     4.8236     29.718     30.409      0.262    1458.91    1458.91  0.000e+00
       3208     30.500    10.7598    10.7602     0.0004    0.84874    0.84875          1     7.2162     6.7600       9.97     0.0276  4.924e-11  1.000e-12  2.031e+00     6.6643     6.6643    -0.0000     4.8237     4.8236     30.213     30.916      0.320    1458.92    1458.92  0.000e+00
       3254     31.000    10.7600    10.7604     0.0004    0.84874    0.84875          1     7.2119     6.7584       9.97     0.0280  4.924e-11  1.000e-12  2.031e+00     6.6642     6.6642     0.0000     4.8236     4.8235     30.709     31.423      0.230    1458.93    1458.93  0.000e+00
       3300     31.500    10.7599    10.7604     0.0005    0.84875    0.84876          1     7.2128     6.7581       9.97     0.0274  4.924e-11  1.000e-12  2.031e+00     6.6643     6.6642    -0.0000     4.8236     4.8235     31.204     31.930      0.334    1458.93    1458.94  0.000e+00
       3332     32.000    10.7596    10.7603     0.0006    0.84877    0.84877          1     7.2082     6.7587       9.97     0.0270  4.924e-11  1.000e-12  2.031e+00     6.6644     6.6643    -0.0001     4.8237     4.8236     31.699     32.437      0.349    1458.94    1458.94  0.000e+00
       3405     32.500    10.7593    10.7597     0.0005    0.84878    0.84879          1     7.2103     6.7600       9.97     0.0278  4.924e-11  1.000e-12  2.031e+00     6.6645     6.6645     0.0000     4.8239     4.8238     32.194     32.944      0.261    1458.95    1458.95  0.000e+00
       3454     33.000    10.7596    10.7598     0.0002    0.84878    0.84880          1     7.2045     6.7617       9.97     0.0270  4.924e-11  1.000e-12  2.031e+00     6.6645     6.6645     0.0001     4.8238     4.8238     32.690     33.450      0.426    1458.96    1458.96  0.000e+00
       3484     33.500    10.7595    10.7599     0.0005    0.84879    0.84880          1     7.2073     6.7638       9.97     0.0271  4.924e-11  1.000e-12  2.031e+00     6.6645     6.6645    -0.0000     4.8239     4.8238     33.185     33.957      0.319    1458.97    1458.97  0.000e+00
       3547     34.000    10.7597    10.7602     0.0005    0.84880    0.84880          1     7.2123     6.7567       9.97     0.0279  4.924e-11  1.000e-12  2.031e+00     6.6645     6.6644    -0.0001     4.8238     4.8237     33.680     34.464      0.271    1458.97    1458.98  0.000e+00
       3585     34.500    10.7600    10.7603     0.0003    0.84881    0.84881          1     7.2077     6.7432       9.97     0.0272  4.924e-11  1.000e-12  2.031e+00     6.6644     6.6644    -0.0000     4.8237     4.8237     34.175     34.971      0.394    1458.98    1458.98  0.000e+00
       3615     35.000    10.7598    10.7603     0.0005    0.84881    0.84882          1     7.2018     6.7542       9.97     0.0275  4.924e-11  1.000e-12  2.031e+00     6.6645     6.6644    -0.0000     4.8238     4.8237     34.671     35.478      0.354    1458.99    1458.99  0.000e+00
       3673     35.500    10.7597    10.7602     0.0005    0.84881    0.84883          1     7.2086     6.7604       9.27     0.0281  4.924e-11  1.000e-12  2.031e+00     6.6644     6.6645     0.0000     4.8238     4.8237     35.166     35.985      0.214    1459.00    1459.00  0.000e+00
       3750     36.000    10.7599    10.7602     0.0003    0.84881    0.84883          1     7.2024     6.7501       9.99     0.0274  4.924e-11  1.000e-12  2.031e+00     6.6644     6.6644     0.0001     4.8237     4.8237     35.661     36.491      0.374    1459.01    1459.01  0.000e+00
       3777     36.500    10.7599    10.7603     0.0003    0.84882    0.84882          1     7.2092     6.7560       9.97     0.0270  4.924e-11  1.000e-12  2.031e+00     6.6644     6.6643    -0.0000     4.8237     4.8236     36.156     36.998      0.384    1459.02    1459.02  0.000e+00
       3825     37.000    10.7597    10.7603     0.0005    0.84882    0.84883          1     7.2069     6.7581       9.97     0.0274  4.924e-11  1.000e-12  2.031e+00     6.6644     6.6643    -0.0000     4.8237     4.8236     36.652     37.505      0.243    1459.02    1459.02  0.000e+00
       3873     37.500    10.7598    10.7603     0.0004    0.84882    0.84883          1     7.2104     6.7604       9.97     0.0280  4.924e-11  1.000e-12  2.031e+00     6.6643     6.6643    -0.0000     4.8236     4.8236     37.147     38.012      0.375    1459.03    1459.03  0.000e+00
       3903     38.000    10.7599    10.7603     0.0004    0.84884    0.84884          1     7.2035     6.7562       9.97     0.0278  4.924e-11  1.000e-12  2.031e+00     6.6644     6.6643    -0.0001     4.8237     4.8236     37.642     38.519      0.337    1459.04    1459.04  0.000e+00
       3984     38.500    10.7599    10.7604     0.0004    0.84886    0.84887          1     7.2048     6.7551       9.97     0.0279  4.924e-11  1.000e-12  2.031e+00     6.6645     6.6645    -0.0001     4.8238     4.8237     38.137     39.025      0.303    1459.05    1459.05  0.000e+00
       4018     39.000    10.7600    10.7604     0.0004    0.84886    0.84887          1     7.2043     6.7466       9.97     0.0270  4.924e-11  1.000e-12  2.031e+00     6.6645     6.6645     0.0000     4.8238     4.8237     38.633     39.532      0.438    1459.06    1459.06  0.000e+00
       4063     39.500    10.7578    10.7603     0.0025    0.84884    0.84888          1     7.2063     6.7537       9.97     0.0278  4.924e-11  1.000e-12  2.031e+00     6.6646     6.6645    -0.0001     4.8241     4.8237     39.128     40.039      0.271    1459.05    1459.06  0.000e+00
       4142     40.000    10.7469    10.7544     0.0075    0.84871    0.84882          1     7.2041     6.7551       9.97     0.0277  4.924e-11  1.000e-12  2.031e+00     6.6655     6.6650    -0.0005     4.8261     4.8248     39.623     40.546      0.367    1459.02    1459.05  0.000e+00
       4166     40.500    10.7601    10.7537    -0.0064    0.84889    0.84880          1     7.1950     6.7536       9.97     0.0270  4.924e-11  1.000e-12  2.031e+00     6.6645     6.6650     0.0004     4.8238     4.8249     40.118     41.053      0.482    1459.08    1459.06  0.000e+00
       4193     41.000    10.7448    10.7570     0.0121    0.84868    0.84886          1     7.1981     6.7559       9.97     0.0271  4.924e-11  1.000e-12  2.031e+00     6.6655     6.6648    -0.0007     4.8263     4.8243     40.613     41.560      0.361    1459.03    1459.08  0.000e+00
       4252     41.500    10.7445    10.7458     0.0010    0.84871    0.84872          1     7.2102     6.7586       9.97     0.0280  4.924e-11  1.000e-12  2.031e+00     6.6658     6.6656    -0.0002     4.8266     4.8262     41.109     42.066      0.218    1459.04    1459.04  0.000e+00
       4325     42.000    10.7495    10.7461    -0.0031    0.84876    0.84873          1     7.2149     6.8154       9.97     0.0277  4.924e-11  1.000e-12  2.031e+00     6.6652     6.6656     0.0004     4.8255     4.8262     41.604     42.573      0.215    1459.06    1459.05  0.000e+00
       4379     42.500    10.6926    10.7286     0.0356    0.84799    0.84850          1     7.1819     6.9087       9.97     0.0269  4.924e-11  1.000e-12  2.031e+00     6.6690     6.6668    -0.0022     4.8350     4.8292     42.099     43.080      0.411    1458.86    1459.00  0.000e+00
       4404     43.000    10.5327    10.6974     0.1643    0.84598    0.84810          1     7.1008     6.8745       9.97     0.0269  4.924e-11  1.000e-12  2.031e+00     6.6810     6.6690    -0.0121     4.8623     4.8344     42.594     43.587      0.451    1458.27    1458.89  0.000e+00
       4435     43.500     9.9449    10.3160     0.3716    0.83981    0.84405          1     7.1337     6.8229       9.97     0.0260  4.924e-11  1.000e-12  2.031e+00     6.7364     6.7042    -0.0322     4.9690     4.9042     43.090     44.094      0.312    1456.06    1457.47  0.000e+00
       4525     44.000     8.9538     9.1882     0.2340    0.82999    0.83359          1     7.2188     7.0551       9.97     0.0223  4.924e-11  1.000e-12  2.031e+00     6.8375     6.8245    -0.0130     5.1457     5.1134     43.585     44.600      0.316    1452.28    1453.20  0.000e+00
       4556     44.500     8.5841     8.8548     0.2715    0.82476    0.82973          1     7.1826     7.0220       9.97     0.0203  4.924e-11  1.000e-12  2.031e+00     6.8619     6.8540    -0.0079     5.1983     5.1680     44.080     45.107      0.483    1450.83    1451.91  0.000e+00
       4582     45.000     7.5889     8.2985     0.7088    0.80870    0.82142          1     7.2890     6.8758       8.57     0.0195  4.924e-11  1.000e-12  2.031e+00     6.9114     6.8875    -0.0239     5.3167     5.2420     44.575     45.614      0.367    1446.82    1449.71  0.000e+00
       4691     45.500     6.6859     6.8743     0.1887    0.79651    0.80052          1     7.3919     7.3599       8.76     0.0183  4.924e-11  1.000e-12  2.031e+00     6.9793     6.9785    -0.0008     5.4331     5.4214     45.071     46.120      0.375    1443.15    1443.95  0.000e+00
       4715     46.000     6.0414     6.4711     0.4292    0.78518    0.79413          1     7.3467     7.3078       9.98     0.0174  4.924e-11  1.000e-12  2.031e+00     7.0037     7.0006    -0.0031     5.4893     5.4625     45.566     46.627      0.521    1440.45    1442.28  0.000e+00
       4740     46.500     5.4493     6.0339     0.5847    0.77337    0.78627          1     7.2065     7.1323       8.44     0.0171  4.924e-11  1.000e-12  2.031e+00     7.0126     7.0157     0.0031     5.5247     5.4990     46.061     47.133      0.396    1437.90    1440.44  0.000e+00
       4781     47.000     4.1236     4.5883     0.4649    0.75297    0.76138          1     7.1246     6.9221      10.54     0.0170  4.924e-11  1.000e-12  2.031e+00     7.0917     7.0764    -0.0153     5.6380     5.6114     46.556     47.640      0.151    1432.17    1434.23  0.000e+00
       4876     47.500     4.0964     4.1249     0.0287    0.75560    0.75655          1     7.2226     6.8707       8.68     0.0162  4.924e-11  1.000e-12  2.031e+00     7.1245     7.1278     0.0034     5.6614     5.6635     47.051     48.146      0.306    1432.08    1432.21  0.000e+00
       4903     48.000     3.9679     4.0836     0.1153    0.75413    0.75645          1     7.2581     6.8470       9.97     0.0165  4.924e-11  1.000e-12  2.031e+00     7.1374     7.1358    -0.0016     5.6748     5.6707     47.547     48.652      0.480    1431.53    1432.04  0.000e+00
       4931     48.500     3.9141     3.9795     0.0655    0.75394    0.75541          1     7.2822     6.8453       9.97     0.0163  4.924e-11  1.000e-12  2.031e+00     7.1472     7.1478     0.0006     5.6838     5.6828     48.042     49.159      0.373    1431.30    1431.60  0.000e+00
       5035     49.000     3.8960     3.9150     0.0190    0.75524    0.75584          1     7.2720     6.8809       9.97     0.0159  4.924e-11  1.000e-12  2.031e+00     7.1644     7.1662     0.0019     5.6978     5.6989     48.537     49.665      0.480    1431.25    1431.34  0.000e+00
       5053     49.500     3.7958     3.8769     0.0808    0.75438    0.75559          1     7.2815     6.8483       9.97     0.0160  4.924e-11  1.000e-12  2.031e+00     7.1776     7.1720    -0.0056     5.7105     5.7043     49.032     50.172      0.548    1430.82    1431.18  0.000e+00
       5078     50.000     3.7222     3.7727     0.0505    0.75406    0.75484          1     7.3161     6.8429       7.74     0.0160  4.924e-11  1.000e-12  2.031e+00     7.1905     7.1873    -0.0032     5.7223     5.7187     49.528     50.678      0.335    1430.51    1430.74  0.000e+00
       5157     50.500     3.6397     3.6821     0.0424    0.75435    0.75479          1     7.3558     6.9551      10.06     0.0161  4.924e-11  1.000e-12  2.031e+00     7.2116     7.2068    -0.0049     5.7406     5.7360     50.023     51.184      0.317    1430.18    1430.36  0.000e+00
       5186     51.000     3.4678     3.5771     0.1091    0.75346    0.75451          1     7.3900     6.9333       9.97     0.0159  4.924e-11  1.000e-12  2.031e+00     7.2407     7.2272    -0.0135     5.7667     5.7541     50.518     51.691      0.373    1429.44    1429.92  0.000e+00
       5253     51.500     3.3984     3.4231     0.0247    0.75348    0.75387          1     7.3942     6.9524       9.97     0.0160  4.924e-11  1.000e-12  2.031e+00     7.2564     7.2549    -0.0015     5.7803     5.7788     51.013     52.197      0.230    1429.15    1429.26  0.000e+00
       5313     52.000     3.3813     3.3926     0.0114    0.75368    0.75399          1     7.3829     6.9515       9.97     0.0159  4.924e-11  1.000e-12  2.031e+00     7.2622     7.2629     0.0007     5.7852     5.7856     51.508     52.703      0.250    1429.09    1429.14  0.000e+00
       5363     52.500     3.3682     3.3724     0.0042    0.75381    0.75401          1     7.3867     6.9497       9.97     0.0159  4.924e-11  1.000e-12  2.031e+00     7.2664     7.2676     0.0012     5.7888     5.7896     52.004     53.210      0.261    1429.04    1429.06  0.000e+00
       5402     53.000     3.3566     3.3665     0.0098    0.75396    0.75416          1     7.3995     6.9428       9.97     0.0159  4.924e-11  1.000e-12  2.031e+00     7.2705     7.2704    -0.0002     5.7922     5.7919     52.499     53.716      0.356    1429.00    1429.04  0.000e+00
       5443     53.500     3.3439     3.3512     0.0073    0.75428    0.75435          1     7.3983     6.9468       9.97     0.0159  4.924e-11  1.000e-12  2.031e+00     7.2766     7.2757    -0.0009     5.7973     5.7964     52.994     54.222      0.250    1428.96    1428.99  0.000e+00
       5526     54.000     3.3385     3.3408     0.0023    0.75462    0.75475          1     7.4069     6.9695       9.97     0.0159  4.924e-11  1.000e-12  2.031e+00     7.2813     7.2821     0.0009     5.8010     5.8017     53.489     54.729      0.373    1428.95    1428.96  0.000e+00
       5550     54.500     3.3416     3.3426     0.0009    0.75512    0.75497          1     7.4078     6.9675       9.97     0.0159  4.924e-11  1.000e-12  2.031e+00     7.2857     7.2839    -0.0018     5.8045     5.8031     53.984     55.235      0.398    1428.97    1428.98  0.000e+00
       5636     55.000     3.3438     3.3448     0.0009    0.75566    0.75564          1     7.3976     6.9664       9.97     0.0159  4.924e-11  1.000e-12  2.031e+00     7.2907     7.2903    -0.0003     5.8085     5.8082     54.480     55.741      0.325    1429.00    1429.00  0.000e+00
       5671     55.500     3.3420     3.3464     0.0044    0.75635    0.75593          1     7.4063     6.9660       9.97     0.0159  4.924e-11  1.000e-12  2.031e+00     7.2982     7.2929    -0.0053     5.8145     5.8102     54.975     56.248      0.527    1429.01    1429.02  0.000e+00
       5694     56.000     3.3283     3.3385     0.0101    0.75731    0.75659          1     7.4284     6.9714       9.97     0.0159  4.924e-11  1.000e-12  2.031e+00     7.3112     7.3015    -0.0097     5.8250     5.8171     55.470     56.754      0.417    1428.97    1429.00  0.000e+00
       5806     56.500     3.3328     3.3326    -0.0000    0.75845    0.75815          1     7.4211     7.0008       9.97     0.0159  4.924e-11  1.000e-12  2.031e+00     7.3220     7.3189    -0.0031     5.8335     5.8311     55.965     57.260      0.429    1429.01    1429.01  0.000e+00
