ctdpy/tests/etc/all_smhi_bas_2018/SBE09_1044_20180419_0631_34_07_0020.cnv
* Sea-Bird SBE 9 Data File:
* FileName = C:\ctd\temp\2018\AU18D020.hex
* Software Version Seasave V 7.26.6.26
* Temperature SN = 5351
* Conductivity SN = 3941
* Number of Bytes Per Scan = 41
* Number of Voltage Words = 4
* Number of Scans Averaged by the Deck Unit = 1
* NMEA Latitude = 57 59.89 N
* NMEA Longitude = 019 52.72 E
* NMEA UTC (Time) = Apr 19 2018  06:31:23
* NMEA baud rate = 4800
** Station:  BY20
** Operator:  SSip
** Ship: AURA
** Average sound velocity: 1440.79 m/s
** True-depth calculation Thu, 19 Apr 2018 07:32:38 +0000
** CTD Python Module SMHI /ver 3-12/ feb 2012 
** LIMS Job: 20183407-0020
** Cruise: SMHI-01-2018
** Latitude [GG MM.mm N] :
** Longitude [GG MM.mm E]:
# nquan = 26
# nvalues = 379                         
# units = specified
# name 0 = scan: Scan Count
# name 1 = prDM: Pressure, Digiquartz [db]
# name 2 = t090C: Temperature [ITS-90, deg C]
# name 3 = t190C: Temperature, 2 [ITS-90, deg C]
# name 4 = T2-T190C: Temperature Difference, 2 - 1 [ITS-90, deg C]
# name 5 = c0S/m: Conductivity [S/m]
# name 6 = c1S/m: Conductivity, 2 [S/m]
# name 7 = pumps: Pump Status
# name 8 = sbeox0ML/L: Oxygen, SBE 43 [ml/l]
# name 9 = sbeox1ML/L: Oxygen, SBE 43, 2 [ml/l]
# name 10 = altM: Altimeter [m]
# name 11 = flECO-AFL: Chl-a Fluorescence, WET Labs ECO-AFL/FL [mg/m^3]
# name 12 = flECO-AFL1: Phycocyanin Fluorescence, WET Labs ECO-AFL/FL, 2 [mg/m^3]
# name 13 = par: PAR/Irradiance, Biospherical/Lico [µE/(cm^2*s)]
# name 14 = turbWETntu0: Turbidity, WET Labs ECO [NTU]
# name 15 = sal00: Salinity, Practical [PSU]
# name 16 = sal11: Salinity, Practical, 2 [PSU]
# name 17 = secS-priS: Salinity, Practical, Difference, 2 - 1 [PSU]
# name 18 = sigma-t00: Density [sigma-t, Kg/m^3 ]
# name 19 = sigma-t11: Density, 2 [sigma-t, Kg/m^3 ]
# name 20 = depSM: Depth [salt water, m], lat = 57.9982
# name 21 = depFM: Depth [true depth, m], lat = 57.9982
# name 22 = dz/dtM: Descent Rate [m/s], WS = 2
# name 23 = svCM: Sound Velocity [Chen-Millero, m/s]
# name 24 = svCM1: Sound Velocity, 2 [Chen-Millero, m/s]
# name 25 = flag: flag
# span 0 =       7382,      16997       
# span 1 =      1.000,    190.000       
# span 2 =     1.9521,     6.7725       
# span 3 =     1.9500,     6.7732       
# span 4 =    -0.0436,     0.0665       
# span 5 =   0.716629,   1.393867       
# span 6 =   0.716852,   1.393861       
# span 7 =          1,          1       
# span 8 =    0.02197,   10.11554       
# span 9 =    0.02511,    9.96127       
# span 10 =       5.09,      99.23      
# span 11 =     0.2629,     4.8457      
# span 12 =     0.1503,     0.8920      
# span 13 = 1.0000e-12, 6.0500e+03      
# span 14 =     0.1255,     1.0539      
# span 15 =     6.9534,    12.7025      
# span 16 =     6.9559,    12.7021      
# span 17 =    -0.0398,     0.0803      
# span 18 =     5.5427,     9.9236      
# span 19 =     5.5447,     9.9233      
# span 20 =      0.991,    188.153      
# span 21 =      1.013,    191.984      
# span 22 =     -0.074,      0.697      
# span 23 =    1422.27,    1452.99      
# span 24 =    1422.26,    1453.00      
# span 25 = 0.0000e+00, 0.0000e+00      
# interval = decibars: 0.5              
# start_time = Apr 19 2018 06:31:23 [NMEA time, first data scan]
# bad_flag = -9.990e-29
*END*
[from data line 56]
       8541     29.000     2.4209     2.4228     0.0019    0.73017    0.73015          1     9.2690     9.0617      98.66     0.8949     0.3131  2.695e-01  0.1861000     7.2360     7.2354    -0.0006     5.7712     5.7707     28.729     29.371      0.487    1424.25    1424.26  0.000e+00
       8565     29.500     2.4197     2.4208     0.0011    0.73021    0.73020          1     9.2581     9.0589      98.66     0.7413     0.3013  2.393e-01  0.1734000     7.2366     7.2363    -0.0004     5.7717     5.7714     29.225     29.878      0.527    1424.25    1424.26  0.000e+00
       8587     30.000     2.4155     2.4166     0.0012    0.73028    0.73027          1     9.2532     9.0589      98.66     0.6657     0.3174  2.071e-01  0.1668000     7.2383     7.2378    -0.0004     5.7730     5.7727     29.720     30.384      0.542    1424.24    1424.25  0.000e+00
       8610     30.500     2.4087     2.4099     0.0013    0.73020    0.73018          1     9.2321     9.0310      98.66     0.6428     0.2061  1.771e-01  0.1664000     7.2389     7.2384    -0.0005     5.7735     5.7731     30.215     30.890      0.527    1424.22    1424.23  0.000e+00
       8633     31.000     2.3940     2.3950     0.0010    0.72998    0.72996          1     9.2374     9.0454      98.66     0.7155     0.2203  1.520e-01  0.1669000     7.2398     7.2394    -0.0004     5.7742     5.7739     30.710     31.397      0.521    1424.16    1424.17  0.000e+00
       8656     31.500     2.3542     2.3545     0.0003    0.72930    0.72928          1     9.2485     9.0707      98.66     0.6870     0.2517  1.320e-01  0.1622000     7.2416     7.2413    -0.0003     5.7756     5.7753     31.206     31.903      0.525    1423.98    1423.99  0.000e+00
       8679     32.000     2.3746     2.3770     0.0023    0.73001    0.73001          1     9.2212     9.0549      98.66     0.5938     0.2582  1.140e-01  0.1509000     7.2444     7.2439    -0.0005     5.7779     5.7775     31.701     32.409      0.514    1424.09    1424.10  0.000e+00
       8702     32.500     2.3581     2.3563    -0.0018    0.72982    0.72974          1     9.2011     9.0438      98.66     0.5920     0.2665  9.342e-02  0.1445000     7.2461     7.2457    -0.0004     5.7792     5.7789     32.196     32.916      0.501    1424.02    1424.02  0.000e+00
       8726     33.000     2.3030     2.3022    -0.0008    0.72869    0.72865          1     9.2176     9.0346      98.66     0.6007     0.2642  7.719e-02  0.1471000     7.2466     7.2463    -0.0002     5.7795     5.7793     32.692     33.422      0.516    1423.78    1423.77  0.000e+00
       8749     33.500     2.2792     2.2801     0.0009    0.72826    0.72824          1     9.2030     8.9978      98.66     0.6389     0.2265  6.372e-02  0.1382000     7.2474     7.2469    -0.0005     5.7801     5.7797     33.187     33.928      0.541    1423.67    1423.68  0.000e+00
       8771     34.000     2.2633     2.2631    -0.0002    0.72810    0.72806          1     9.1915     8.9986      98.66     0.6146     0.2420  5.189e-02  0.1490000     7.2492     7.2488    -0.0004     5.7815     5.7812     33.682     34.435      0.537    1423.61    1423.61  0.000e+00
       8794     34.500     2.1993     2.1982    -0.0011    0.72698    0.72694          1     9.2067     9.0253      98.66     0.5588     0.3050  3.837e-02  0.1544000     7.2518     7.2516    -0.0002     5.7833     5.7832     34.177     34.941      0.513    1423.32    1423.31  0.000e+00
       8818     35.000     2.1719     2.1737     0.0018    0.72652    0.72652          1     9.2010     9.0339      94.11     0.5737     0.2883  2.347e-02  0.1689000     7.2531     7.2526    -0.0004     5.7843     5.7839     34.673     35.447      0.508    1423.20    1423.21  0.000e+00
       8841     35.500     2.1583     2.1600     0.0017    0.72632    0.72632          1     9.2019     9.0383      94.00     0.6235     0.2840  1.465e-02  0.1604000     7.2540     7.2536    -0.0005     5.7850     5.7846     35.168     35.954      0.527    1423.15    1423.15  0.000e+00
       8863     36.000     2.1155     2.1158     0.0003    0.72547    0.72544          1     9.2138     9.0403      98.59     0.6609     0.2754  3.085e-03  0.1486000     7.2547     7.2543    -0.0004     5.7853     5.7850     35.663     36.460      0.537    1422.95    1422.95  0.000e+00
       8886     36.500     2.1225     2.1191    -0.0034    0.72606    0.72589          1     9.2308     9.0418      98.66     0.7400     0.2565  4.586e-05  0.1519000     7.2593     7.2583    -0.0010     5.7890     5.7882     36.159     36.966      0.519    1423.00    1422.98  0.000e+00
       8910     37.000     2.1334     2.1347     0.0013    0.72668    0.72665          1     9.2538     9.0650      98.66     0.7514     0.2419  2.693e-11  0.1638000     7.2634     7.2628    -0.0006     5.7923     5.7919     36.654     37.473      0.489    1423.06    1423.07  0.000e+00
       8934     37.500     2.1528     2.1537     0.0009    0.72729    0.72727          1     9.2583     9.0853      98.66     0.6901     0.2438  1.000e-12  0.1596000     7.2654     7.2649    -0.0004     5.7941     5.7937     37.149     37.979      0.507    1423.16    1423.17  0.000e+00
       8957     38.000     2.1517     2.1535     0.0019    0.72740    0.72740          1     9.2550     9.0867      98.67     0.6871     0.2309  1.000e-12  0.1487000     7.2667     7.2663    -0.0004     5.7951     5.7948     37.644     38.485      0.555    1423.17    1423.18  0.000e+00
       8978     38.500     2.1348     2.1356     0.0008    0.72710    0.72707          1     9.2667     9.0784      98.66     0.6032     0.2432  1.000e-12  0.1483000     7.2673     7.2668    -0.0005     5.7955     5.7951     38.140     38.992      0.565    1423.10    1423.10  0.000e+00
       9000     39.000     2.1069     2.1052    -0.0017    0.72653    0.72646          1     9.2691     9.0785      94.83     0.5781     0.2573  1.000e-12  0.1487000     7.2676     7.2672    -0.0004     5.7956     5.7953     38.635     39.498      0.517    1422.97    1422.97  0.000e+00
       9024     39.500     2.0839     2.0864     0.0025    0.72610    0.72610          1     9.1740     9.0084      98.67     0.7452     0.2988  1.000e-12  0.1482000     7.2682     7.2676    -0.0005     5.7959     5.7955     39.130     40.004      0.481    1422.88    1422.89  0.000e+00
       9049     40.000     2.0319     2.0436     0.0118    0.72500    0.72525          1     9.1824     9.0095      98.66     0.5670     0.2801  1.000e-12  0.1316000     7.2683     7.2683    -0.0000     5.7957     5.7957     39.625     40.511      0.522    1422.64    1422.69  0.000e+00
       9071     40.500     1.9521     1.9500    -0.0021    0.72339    0.72329          1     9.2307     9.0358      26.63     0.6003     0.2259  1.000e-12  0.1500000     7.2692     7.2687    -0.0006     5.7959     5.7954     40.121     41.017      0.551    1422.27    1422.26  0.000e+00
       9093     41.000     2.0882     2.0812    -0.0070    0.72675    0.72646          1     9.2116     9.0082      96.39     0.5849     0.2137  1.000e-12  0.1550000     7.2740     7.2725    -0.0015     5.8006     5.7993     40.616     41.523      0.529    1422.93    1422.89  0.000e+00
       9116     41.500     2.1609     2.1630     0.0021    0.72856    0.72854          1     9.1945     9.0040      98.65     0.5667     0.2943  1.000e-12  0.1488000     7.2766     7.2759    -0.0006     5.8030     5.8025     41.111     42.030      0.499    1423.28    1423.29  0.000e+00
       9140     42.000     2.1586     2.1601     0.0015    0.72863    0.72862          1     9.1970     9.0261      98.66     0.5493     0.2058  1.000e-12  0.1445000     7.2778     7.2773    -0.0005     5.8040     5.8036     41.607     42.536      0.518    1423.28    1423.29  0.000e+00
       9163     42.500     2.1597     2.1610     0.0013    0.72869    0.72868          1     9.1947     9.0362      98.67     0.5450     0.2297  1.000e-12  0.1460000     7.2781     7.2777    -0.0004     5.8043     5.8039     42.102     43.042      0.549    1423.29    1423.30  0.000e+00
       9184     43.000     2.1583     2.1593     0.0010    0.72865    0.72865          1     9.1975     9.0381      98.67     0.5768     0.2279  1.000e-12  0.1404000     7.2779     7.2777    -0.0002     5.8041     5.8039     42.597     43.549      0.525    1423.29    1423.30  0.000e+00
       9209     43.500     2.1585     2.1589     0.0004    0.72865    0.72865          1     9.1992     9.0262      98.66     0.5759     0.2141  1.000e-12  0.1324000     7.2779     7.2777    -0.0001     5.8041     5.8040     43.092     44.055      0.470    1423.30    1423.31  0.000e+00
       9235     44.000     2.1587     2.1600     0.0013    0.72865    0.72863          1     9.1968     9.0175      65.04     0.5590     0.2501  1.000e-12  0.1381000     7.2778     7.2772    -0.0005     5.8040     5.8035     43.588     44.561      0.472    1423.31    1423.32  0.000e+00
       9259     44.500     2.1590     2.1601     0.0012    0.72870    0.72868          1     9.1872     9.0029      73.15     0.5302     0.2698  1.000e-12  0.1428000     7.2781     7.2776    -0.0005     5.8043     5.8038     44.083     45.068      0.528    1423.32    1423.32  0.000e+00
       9281     45.000     2.1601     2.1614     0.0014    0.72881    0.72880          1     9.1911     9.0083      98.48     0.5422     0.2346  1.000e-12  0.1425000     7.2790     7.2785    -0.0005     5.8050     5.8046     44.578     45.574      0.560    1423.34    1423.34  0.000e+00
       9302     45.500     2.1503     2.1517     0.0014    0.72871    0.72868          1     9.2016     9.0249      98.66     0.5317     0.1881  1.000e-12  0.1482000     7.2800     7.2795    -0.0006     5.8057     5.8053     45.073     46.080      0.537    1423.30    1423.30  0.000e+00
       9326     46.000     2.1535     2.1546     0.0010    0.72888    0.72884          1     9.2061     9.0392      98.67     0.5289     0.2258  1.000e-12  0.1442000     7.2810     7.2805    -0.0006     5.8066     5.8061     45.569     46.587      0.487    1423.32    1423.33  0.000e+00
       9352     46.500     2.1559     2.1569     0.0009    0.72905    0.72902          1     9.2086     9.0380      98.66     0.4846     0.2263  1.000e-12  0.1462000     7.2823     7.2818    -0.0005     5.8076     5.8072     46.064     47.093      0.468    1423.34    1423.35  0.000e+00
       9377     47.000     2.1569     2.1581     0.0011    0.72912    0.72910          1     9.2052     9.0342      98.67     0.4867     0.2625  1.000e-12  0.1441000     7.2828     7.2823    -0.0005     5.8080     5.8076     46.559     47.599      0.489    1423.36    1423.36  0.000e+00
       9401     47.500     2.1594     2.1605     0.0011    0.72929    0.72926          1     9.1972     9.0508      92.84     0.5016     0.2450  1.000e-12  0.1504000     7.2840     7.2833    -0.0006     5.8089     5.8085     47.054     48.106      0.510    1423.38    1423.38  0.000e+00
       9424     48.000     2.1596     2.1607     0.0011    0.72938    0.72936          1     9.1935     9.0549      49.89     0.5045     0.2094  1.000e-12  0.1475000     7.2848     7.2843    -0.0005     5.8096     5.8092     47.550     48.612      0.514    1423.39    1423.39  0.000e+00
       9447     48.500     2.1586     2.1599     0.0013    0.72947    0.72945          1     9.1903     9.0413      99.23     0.4814     0.2366  1.000e-12  0.1393000     7.2859     7.2854    -0.0005     5.8105     5.8101     48.045     49.118      0.530    1423.39    1423.40  0.000e+00
       9469     49.000     2.1583     2.1593     0.0009    0.72952    0.72949          1     9.1872     9.0313      98.67     0.4619     0.2341  1.000e-12  0.1346000     7.2864     7.2859    -0.0005     5.8109     5.8105     48.540     49.625      0.550    1423.40    1423.40  0.000e+00
       9491     49.500     2.1593     2.1603     0.0010    0.72968    0.72965          1     9.1685     9.0169      98.67     0.4808     0.2277  1.000e-12  0.1380000     7.2879     7.2873    -0.0006     5.8120     5.8116     49.035     50.131      0.535    1423.41    1423.42  0.000e+00
       9515     50.000     2.1656     2.1666     0.0009    0.73001    0.72998          1     9.1498     8.9904      98.67     0.5071     0.2311  1.000e-12  0.1605000     7.2899     7.2893    -0.0005     5.8137     5.8133     49.531     50.637      0.477    1423.45    1423.46  0.000e+00
       9541     50.500     2.1642     2.1656     0.0014    0.73012    0.73009          1     9.1370     8.9762      98.67     0.4566     0.2560  1.000e-12  0.1390000     7.2913     7.2907    -0.0007     5.8148     5.8143     50.026     51.144      0.460    1423.46    1423.46  0.000e+00
       9566     51.000     2.1655     2.1664     0.0009    0.73041    0.73037          1     9.1234     8.9723      98.67     0.5011     0.2569  1.000e-12  0.1533000     7.2940     7.2934    -0.0006     5.8170     5.8165     50.521     51.650      0.530    1423.48    1423.48  0.000e+00
       9587     51.500     2.1668     2.1680     0.0012    0.73067    0.73065          1     9.1192     8.9510      54.69     0.4257     0.2079  1.000e-12  0.1372000     7.2964     7.2959    -0.0005     5.8189     5.8185     51.016     52.156      0.570    1423.49    1423.50  0.000e+00
       9608     52.000     2.1667     2.1677     0.0010    0.73084    0.73080          1     9.1175     8.9457      90.38     0.4312     0.2728  1.000e-12  0.1357000     7.2982     7.2976    -0.0006     5.8204     5.8199     51.512     52.663      0.544    1423.50    1423.50  0.000e+00
       9632     52.500     2.1721     2.1724     0.0003    0.73125    0.73119          1     9.0883     8.9323      98.72     0.4317     0.2980  1.000e-12  0.1500000     7.3013     7.3005    -0.0007     5.8229     5.8223     52.007     53.169      0.503    1423.54    1423.54  0.000e+00
       9656     53.000     2.1851     2.1860     0.0010    0.73177    0.73174          1     9.0634     8.8998      98.68     0.4421     0.2742  1.000e-12  0.1554000     7.3038     7.3033    -0.0005     5.8249     5.8245     52.502     53.675      0.502    1423.61    1423.61  0.000e+00
       9679     53.500     2.1872     2.1885     0.0014    0.73204    0.73202          1     9.0744     8.8845      98.67     0.4585     0.2503  1.000e-12  0.1439000     7.3061     7.3056    -0.0005     5.8268     5.8264     52.997     54.182      0.518    1423.63    1423.64  0.000e+00
       9702     54.000     2.2256     2.2326     0.0069    0.73337    0.73348          1     9.0468     8.8494      98.67     0.5246     0.2229  1.000e-12  0.1376000     7.3114     7.3110    -0.0005     5.8312     5.8309     53.493     54.688      0.512    1423.83    1423.86  0.000e+00
       9726     54.500     2.2823     2.2868     0.0045    0.73491    0.73498          1     8.9602     8.7785      98.67     0.5334     0.2006  1.000e-12  0.1414000     7.3147     7.3144    -0.0003     5.8340     5.8337     53.988     55.194      0.498    1424.10    1424.13  0.000e+00
       9750     55.000     2.2803     2.2799    -0.0004    0.73505    0.73500          1     8.8936     8.7143      98.67     0.4492     0.2097  1.000e-12  0.1584000     7.3166     7.3162    -0.0005     5.8355     5.8351     54.483     55.701      0.505    1424.11    1424.10  0.000e+00
       9774     55.500     2.2466     2.2509     0.0042    0.73452    0.73458          1     8.8789     8.6932      98.66     0.3938     0.2384  1.000e-12  0.1663000     7.3187     7.3183    -0.0004     5.8371     5.8367     54.978     56.207      0.534    1423.96    1423.98  0.000e+00
       9795     56.000     2.2722     2.2669    -0.0053    0.73545    0.73524          1     8.8688     8.6834      98.67     0.3708     0.2221  1.000e-12  0.1436000     7.3226     7.3216    -0.0009     5.8402     5.8395     55.474     56.713      0.549    1424.09    1424.06  0.000e+00
