ctdpy/tests/etc/all_smhi_bas_2018/SBE09_1044_20180128_1413_34_02_0025.cnv
* Sea-Bird SBE 9 Data File:
* FileName = C:\ctd\temp\2018\ME18D025.hex
* Software Version Seasave V 7.26.6.26
* Temperature SN = 5351
* Conductivity SN = 3941
* Number of Bytes Per Scan = 41
* Number of Voltage Words = 4
* Number of Scans Averaged by the Deck Unit = 1
* NMEA Latitude = 57 04.47 N
* NMEA Longitude = 019 50.57 E
* NMEA UTC (Time) = Jan 28 2018  14:14:00
* NMEA baud rate = 4800
** Station:  BY11
** Operator:  JKro
** Ship: MERI
** Average sound velocity: 1445.34 m/s
** True-depth calculation Sun, 28 Jan 2018 19:19:48 +0000
** CTD Python Module SMHI /ver 3-12/ feb 2012 
** LIMS Job: 20183402-0025
** Cruise: SMHI-01-2018
** Latitude [GG MM.mm N] :
** Longitude [GG MM.mm E]:
# nquan = 26
# nvalues = 397                         
# units = specified
# name 0 = scan: Scan Count
# name 1 = prDM: Pressure, Digiquartz [db]
# name 2 = t090C: Temperature [ITS-90, deg C]
# name 3 = t190C: Temperature, 2 [ITS-90, deg C]
# name 4 = T2-T190C: Temperature Difference, 2 - 1 [ITS-90, deg C]
# name 5 = c0S/m: Conductivity [S/m]
# name 6 = c1S/m: Conductivity, 2 [S/m]
# name 7 = pumps: Pump Status
# name 8 = sbeox0ML/L: Oxygen, SBE 43 [ml/l]
# name 9 = sbeox1ML/L: Oxygen, SBE 43, 2 [ml/l]
# name 10 = altM: Altimeter [m]
# name 11 = flECO-AFL: Chl-a Fluorescence, WET Labs ECO-AFL/FL [mg/m^3]
# name 12 = flECO-AFL1: Phycocyanin Fluorescence, WET Labs ECO-AFL/FL, 2 [mg/m^3]
# name 13 = par: PAR/Irradiance, Biospherical/Lico [µE/(cm^2*s)]
# name 14 = turbWETntu0: Turbidity, WET Labs ECO [NTU]
# name 15 = sal00: Salinity, Practical [PSU]
# name 16 = sal11: Salinity, Practical, 2 [PSU]
# name 17 = secS-priS: Salinity, Practical, Difference, 2 - 1 [PSU]
# name 18 = sigma-t00: Density [sigma-t, Kg/m^3 ]
# name 19 = sigma-t11: Density, 2 [sigma-t, Kg/m^3 ]
# name 20 = depSM: Depth [salt water, m], lat = 57.0745
# name 21 = depFM: Depth [true depth, m], lat = 57.0745
# name 22 = dz/dtM: Descent Rate [m/s], WS = 2
# name 23 = svCM: Sound Velocity [Chen-Millero, m/s]
# name 24 = svCM1: Sound Velocity, 2 [Chen-Millero, m/s]
# name 25 = flag: flag
# span 0 =      16306,      31841       
# span 1 =      2.000,    200.000       
# span 2 =     4.6889,     6.9010       
# span 3 =     4.6898,     6.9017       
# span 4 =    -0.0133,     0.0336       
# span 5 =   0.796178,   1.451769       
# span 6 =   0.796141,   1.451794       
# span 7 =          1,          1       
# span 8 =    0.00468,    8.07072       
# span 9 =    0.02215,    8.03297       
# span 10 =       4.32,      99.07      
# span 11 =     0.2471,     0.4517      
# span 12 =     0.2282,     0.3963      
# span 13 = -2.319e-06, 1.2339e+01      
# span 14 =     0.0995,     0.5891      
# span 15 =     7.4072,    13.2239      
# span 16 =     7.4067,    13.2239      
# span 17 =    -0.0235,     0.0690      
# span 18 =     5.8667,    10.3224      
# span 19 =     5.8665,    10.3224      
# span 20 =      1.982,    198.066      
# span 21 =      2.025,    202.029      
# span 22 =     -0.205,      1.082      
# span 23 =    1434.43,    1454.34      
# span 24 =    1434.43,    1454.34      
# span 25 = 0.0000e+00, 0.0000e+00      
# interval = decibars: 0.5              
# start_time = Jan 28 2018 14:14:00 [NMEA time, first data scan]
# bad_flag = -9.990e-29
*END*
[from data line 168]
      21364     86.000     5.9195     5.9205     0.0010    1.16247    1.16251          1     0.1114     0.1525      98.58     0.3098     0.2920  1.000e-12  0.2445000    10.7193    10.7194     0.0001     8.4247     8.4247     85.192     87.043      0.899    1445.25    1445.25  0.000e+00
      21377     86.500     5.9276     5.9283     0.0007    1.16486    1.16487          1     0.0916     0.1369      98.57     0.2988     0.2749  1.000e-12  0.2570000    10.7404    10.7403    -0.0001     8.4407     8.4407     85.687     87.548      0.983    1445.32    1445.32  0.000e+00
      21388     87.000     5.9372     5.9381     0.0009    1.16831    1.16830          1     0.0688     0.1185      98.55     0.2850     0.2811  1.000e-12  0.2701000    10.7716    10.7712    -0.0004     8.4648     8.4644     86.182     88.053      0.970    1445.41    1445.41  0.000e+00
      21401     87.500     5.9530     5.9535     0.0005    1.17213    1.17205          1     0.0488     0.1028      98.54     0.2938     0.3000  1.000e-12  0.2481000    10.8046    10.8036    -0.0010     8.4898     8.4890     86.677     88.558      0.856    1445.52    1445.53  0.000e+00
      21417     88.000     5.9631     5.9637     0.0006    1.17519    1.17514          1     0.0348     0.0910      98.52     0.3084     0.2870  1.000e-12  0.2133000    10.8318    10.8311    -0.0007     8.5105     8.5099     87.173     89.063      0.628    1445.61    1445.61  0.000e+00
      21447     88.500     5.9739     5.9750     0.0011    1.17734    1.17738          1     0.0295     0.0799      98.51     0.3202     0.2992  1.000e-12  0.4749000    10.8496    10.8497     0.0001     8.5239     8.5239     87.668     89.568      0.315    1445.69    1445.69  0.000e+00
      21528     89.000     5.9485     5.9685     0.0199    1.17135    1.17554          1     0.0642     0.1059      98.55     0.3213     0.2919  1.000e-12  0.3180000    10.7979    10.8333     0.0354     8.4847     8.5114     88.163     90.073      0.322    1445.52    1445.65  0.000e+00
      21563     89.500     6.0023     5.9991    -0.0032    1.18254    1.18182          1     0.0844     0.1211      98.57     0.2787     0.2644  1.000e-12  0.2445000    10.8922    10.8860    -0.0062     8.5556     8.5509     88.658     90.578      0.609    1445.87    1445.85  0.000e+00
      21580     90.000     6.0172     6.0182     0.0009    1.18571    1.18572          1     0.1017     0.1357      98.55     0.2774     0.2687  1.000e-12  0.2261000    10.9188    10.9186    -0.0002     8.5756     8.5754     89.153     91.083      0.761    1445.98    1445.98  0.000e+00
      21595     90.500     6.0366     6.0373     0.0007    1.19018    1.19015          1     0.1179     0.1468      98.51     0.2846     0.2695  1.000e-12  0.2033000    10.9570    10.9563    -0.0006     8.6044     8.6039     89.649     91.588      0.804    1446.12    1446.12  0.000e+00
      21610     91.000     6.0413     6.0419     0.0005    1.19121    1.19118          1     0.1258     0.1569      98.51     0.3013     0.2301  1.000e-12  0.2237000    10.9656    10.9650    -0.0005     8.6109     8.6104     90.144     92.093      0.781    1446.16    1446.16  0.000e+00
      21626     91.500     6.0499     6.0504     0.0005    1.19312    1.19306          1     0.1258     0.1535      98.55     0.3061     0.2637  1.000e-12  0.2342000    10.9817    10.9809    -0.0008     8.6230     8.6224     90.639     92.598      0.722    1446.22    1446.22  0.000e+00
      21643     92.000     6.0692     6.0696     0.0004    1.19772    1.19766          1     0.1203     0.1502      98.61     0.2859     0.3017  1.000e-12  0.2413000    11.0211    11.0203    -0.0008     8.6528     8.6522     91.134     93.103      0.631    1446.36    1446.36  0.000e+00
      21666     92.500     6.0847     6.0846    -0.0001    1.20094    1.20073          1     0.1179     0.1519      98.65     0.2847     0.3265  1.000e-12  0.2106000    11.0480    11.0459    -0.0020     8.6729     8.6713     91.629     93.608      0.398    1446.47    1446.47  0.000e+00
      21746     93.000     6.0402     6.0738     0.0336    1.19126    1.19830          1     0.1512     0.1582      98.66     0.2687     0.2836  1.000e-12  0.1929000    10.9661    11.0252     0.0591     8.6113     8.6557     92.125     94.113      0.313    1446.19    1446.40  0.000e+00
      21777     93.500     6.1048     6.1089     0.0041    1.20478    1.20529          1     0.2177     0.2149      98.66     0.3080     0.3077  1.000e-12  0.1974000    11.0794    11.0832     0.0038     8.6964     8.6990     92.620     94.618      0.534    1446.61    1446.63  0.000e+00
      21797     94.000     6.1230     6.1234     0.0004    1.20975    1.20971          1     0.2279     0.2386      98.66     0.2479     0.3179  1.000e-12  0.1858000    11.1228    11.1222    -0.0006     8.7293     8.7288     93.115     95.122      0.633    1446.75    1446.75  0.000e+00
      21815     94.500     6.1541     6.1548     0.0007    1.21764    1.21754          1     0.2165     0.2379      98.67     0.2915     0.2819  1.000e-12  0.1980000    11.1909    11.1897    -0.0012     8.7808     8.7798     93.610     95.627      0.694    1446.97    1446.98  0.000e+00
      21831     95.000     6.1792     6.1798     0.0005    1.22504    1.22492          1     0.1600     0.1951      98.68     0.3064     0.2811  1.000e-12  0.1999000    11.2561    11.2547    -0.0014     8.8304     8.8293     94.105     96.132      0.730    1447.17    1447.17  0.000e+00
      21847     95.500     6.1905     6.1910     0.0006    1.22889    1.22884          1     0.0858     0.1339      98.69     0.2970     0.3203  1.000e-12  0.1787000    11.2905    11.2899    -0.0006     8.8567     8.8562     94.600     96.637      0.706    1447.27    1447.27  0.000e+00
      21865     96.000     6.2035     6.2039     0.0004    1.23234    1.23226          1     0.0339     0.0887      98.70     0.2969     0.2897  1.000e-12  0.1711000    11.3204    11.3194    -0.0010     8.8794     8.8786     95.096     97.142      0.583    1447.37    1447.37  0.000e+00
      21892     96.500     6.2182     6.2184     0.0002    1.23671    1.23653          1     0.0168     0.0707      98.71     0.2974     0.2538  1.000e-12  0.1584000    11.3587    11.3569    -0.0018     8.9086     8.9071     95.591     97.646      0.310    1447.49    1447.49  0.000e+00
      21961     97.000     6.2133     6.2224     0.0091    1.23547    1.23751          1     0.0487     0.0964      98.71     0.2888     0.3255  1.000e-12  0.1620000    11.3480    11.3653     0.0173     8.9004     8.9134     96.086     98.151      0.296    1447.46    1447.52  0.000e+00
      21988     97.500     6.2330     6.2333     0.0003    1.24000    1.23993          1     0.0619     0.0974      98.71     0.2835     0.3034  1.000e-12  0.1694000    11.3863    11.3855    -0.0008     8.9293     8.9286     96.581     98.656      0.519    1447.60    1447.60  0.000e+00
      22009     98.000     6.2409     6.2413     0.0004    1.24173    1.24167          1     0.0965     0.1307      98.71     0.2976     0.3020  1.000e-12  0.1760000    11.4008    11.4000    -0.0007     8.9401     8.9395     97.076     99.161      0.581    1447.66    1447.66  0.000e+00
      22030     98.500     6.2506     6.2511     0.0005    1.24384    1.24378          1     0.1706     0.1874      98.71     0.2993     0.3053  1.000e-12  0.1847000    11.4184    11.4176    -0.0008     8.9533     8.9527     97.571     99.665      0.585    1447.73    1447.73  0.000e+00
      22050     99.000     6.2587     6.2592     0.0005    1.24583    1.24577          1     0.2392     0.2413      98.71     0.2870     0.3144  1.000e-12  0.1922000    11.4353    11.4345    -0.0008     8.9660     8.9654     98.067    100.170      0.572    1447.80    1447.80  0.000e+00
      22072     99.500     6.2673     6.2675     0.0002    1.24806    1.24797          1     0.3265     0.3216      98.71     0.2947     0.2919  1.000e-12  0.1727000    11.4545    11.4535    -0.0010     8.9805     8.9797     98.562    100.675      0.506    1447.86    1447.86  0.000e+00
      22098    100.000     6.2890     6.2891     0.0002    1.25230    1.25221          1     0.4079     0.3950      98.71     0.2878     0.2982  1.000e-12  0.1628000    11.4892    11.4882    -0.0009     9.0063     9.0055     99.057    101.180      0.429    1448.01    1448.01  0.000e+00
      22128    100.500     6.3094     6.3096     0.0002    1.25643    1.25633          1     0.3622     0.3637      98.71     0.2856     0.3179  1.000e-12  0.1552000    11.5231    11.5221    -0.0011     9.0316     9.0307     99.552    101.684      0.396    1448.14    1448.14  0.000e+00
      22162    101.000     6.3265     6.3266     0.0002    1.26061    1.26054          1     0.3100     0.3263      98.71     0.2798     0.3133  1.000e-12  0.1671000    11.5588    11.5580    -0.0008     9.0584     9.0578    100.047    102.189      0.294    1448.27    1448.27  0.000e+00
      22208    101.500     6.3346     6.3350     0.0004    1.26237    1.26234          1     0.2770     0.3088      98.71     0.2727     0.3228  1.000e-12  0.1486000    11.5734    11.5729    -0.0005     9.0693     9.0689    100.542    102.694      0.311    1448.33    1448.33  0.000e+00
      22238    102.000     6.3371     6.3376     0.0005    1.26304    1.26300          1     0.2786     0.3089      98.71     0.2725     0.3622  1.000e-12  0.1586000    11.5790    11.5785    -0.0005     9.0736     9.0731    101.038    103.198      0.574    1448.35    1448.36  0.000e+00
      22255    102.500     6.3385     6.3389     0.0005    1.26361    1.26358          1     0.2988     0.3214      98.71     0.2725     0.3095  1.000e-12  0.1348000    11.5842    11.5837    -0.0005     9.0775     9.0771    101.533    103.703      0.776    1448.38    1448.38  0.000e+00
      22269    103.000     6.3413     6.3419     0.0006    1.26469    1.26465          1     0.3514     0.3675      98.71     0.2725     0.2634  1.000e-12  0.1438000    11.5938    11.5932    -0.0006     9.0849     9.0844    102.028    104.208      0.841    1448.41    1448.41  0.000e+00
      22283    103.500     6.3389     6.3395     0.0006    1.26578    1.26575          1     0.4443     0.4478      98.71     0.2725     0.2910  1.000e-12  0.1531000    11.6053    11.6048    -0.0005     9.0942     9.0937    102.523    104.713      0.754    1448.42    1448.42  0.000e+00
      22303    104.000     6.3402     6.3407     0.0005    1.26765    1.26750          1     0.5533     0.5437      98.71     0.2729     0.3076  1.000e-12  0.1407000    11.6233    11.6217    -0.0017     9.1082     9.1069    103.018    105.217      0.436    1448.46    1448.46  0.000e+00
      22375    104.500     6.3359     6.3413     0.0053    1.26447    1.26640          1     0.4024     0.3868      98.71     0.2729     0.3050  1.000e-12  0.1549000    11.5932    11.6105     0.0174     9.0848     9.0981    103.513    105.722      0.347    1448.41    1448.45  0.000e+00
      22400    105.000     6.3638     6.3646     0.0009    1.27259    1.27259          1     0.4027     0.4099      98.71     0.2731     0.2282  1.000e-12  0.1570000    11.6641    11.6639    -0.0002     9.1386     9.1384    104.009    106.227      0.596    1448.62    1448.62  0.000e+00
      22418    105.500     6.3763     6.3769     0.0006    1.27614    1.27609          1     0.4177     0.4380      98.71     0.2804     0.2803  1.000e-12  0.1471000    11.6950    11.6942    -0.0007     9.1620     9.1614    104.504    106.731      0.657    1448.72    1448.72  0.000e+00
      22437    106.000     6.3815     6.3820     0.0006    1.27824    1.27821          1     0.4625     0.4787      98.71     0.3085     0.2874  1.000e-12  0.1440000    11.7139    11.7134    -0.0005     9.1765     9.1760    104.999    107.236      0.600    1448.77    1448.78  0.000e+00
      22459    106.500     6.3814     6.3820     0.0005    1.27916    1.27912          1     0.5538     0.5581      98.71     0.2746     0.2942  1.000e-12  0.1470000    11.7230    11.7224    -0.0006     9.1836     9.1831    105.494    107.741      0.491    1448.79    1448.79  0.000e+00
      22488    107.000     6.3792     6.3797     0.0005    1.27972    1.27968          1     0.6774     0.6625      98.71     0.2537     0.3079  1.000e-12  0.2378000    11.7291    11.7286    -0.0005     9.1886     9.1882    105.989    108.245      0.362    1448.80    1448.80  0.000e+00
      22525    107.500     6.3819     6.3822     0.0003    1.28086    1.28082          1     0.7038     0.6903      98.71     0.2722     0.3071  1.000e-12  0.1204000    11.7395    11.7390    -0.0005     9.1966     9.1961    106.484    108.750      0.342    1448.83    1448.83  0.000e+00
      22556    108.000     6.3900     6.3904     0.0004    1.28314    1.28310          1     0.6427     0.6529      98.71     0.2684     0.2879  1.000e-12  0.1171000    11.7592    11.7586    -0.0006     9.2115     9.2110    106.979    109.254      0.444    1448.90    1448.90  0.000e+00
      22580    108.500     6.3984     6.3989     0.0006    1.28563    1.28557          1     0.6177     0.6333      98.59     0.2786     0.2703  1.000e-12  0.1297000    11.7808    11.7801    -0.0007     9.2279     9.2273    107.475    109.759      0.482    1448.97    1448.97  0.000e+00
      22607    109.000     6.4072     6.4077     0.0005    1.28869    1.28861          1     0.6383     0.6531      98.13     0.2845     0.2983  1.000e-12  0.1270000    11.8080    11.8070    -0.0010     9.2487     9.2479    107.970    110.264      0.410    1449.05    1449.05  0.000e+00
      22640    109.500     6.4190     6.4193     0.0002    1.29245    1.29239          1     0.6610     0.6768      97.62     0.2653     0.2852  1.000e-12  0.1294000    11.8412    11.8405    -0.0007     9.2739     9.2733    108.465    110.768      0.379    1449.15    1449.15  0.000e+00
      22667    110.000     6.4296     6.4302     0.0006    1.29600    1.29593          1     0.6739     0.6877      97.18     0.2851     0.3067  1.000e-12  0.1375000    11.8725    11.8717    -0.0008     9.2978     9.2971    108.960    111.273      0.530    1449.24    1449.24  0.000e+00
      22687    110.500     6.4403     6.4406     0.0003    1.29931    1.29923          1     0.6819     0.6955      96.71     0.2730     0.2732  1.000e-12  0.1307000    11.9016    11.9007    -0.0009     9.3198     9.3191    109.455    111.777      0.616    1449.33    1449.33  0.000e+00
      22706    111.000     6.4477     6.4483     0.0006    1.30200    1.30195          1     0.6716     0.6880      96.32     0.2725     0.3001  1.000e-12  0.1292000    11.9256    11.9249    -0.0007     9.3381     9.3375    109.950    112.282      0.571    1449.40    1449.40  0.000e+00
      22739    111.500     6.4511     6.4527     0.0017    1.30284    1.30307          1     0.6474     0.6732      95.71     0.2668     0.2879  1.000e-12  0.1275000    11.9327    11.9343     0.0016     9.3435     9.3446    110.445    112.786      0.320    1449.43    1449.44  0.000e+00
      22797    112.000     6.4513     6.4604     0.0090    1.30276    1.30498          1     0.6199     0.6606      95.04     0.2471     0.3159  1.000e-12  0.1373000    11.9317    11.9505     0.0188     9.3426     9.3568    110.941    113.291      0.489    1449.44    1449.50  0.000e+00
      22813    112.500     6.4649     6.4653     0.0004    1.30654    1.30647          1     0.6030     0.6440      94.66     0.2728     0.2291  1.000e-12  0.1299000    11.9643    11.9635    -0.0008     9.3673     9.3666    111.436    113.796      0.747    1449.54    1449.54  0.000e+00
