ctdpy/tests/etc/all_smhi_bas_2018/SBE09_1044_20180128_2042_34_02_0027.cnv
* Sea-Bird SBE 9 Data File:
* FileName = C:\ctd\temp\2018\ME18D027.hex
* Software Version Seasave V 7.26.6.26
* Temperature SN = 5351
* Conductivity SN = 3941
* Number of Bytes Per Scan = 41
* Number of Voltage Words = 4
* Number of Scans Averaged by the Deck Unit = 1
* NMEA Latitude = 57 18.73 N
* NMEA Longitude = 020 04.60 E
* NMEA UTC (Time) = Jan 28 2018  20:43:17
* NMEA baud rate = 4800
** Station:  BY15 extra
** Operator:  SSip
** Ship: MERI
** Average sound velocity: 1446.43 m/s
** True-depth calculation Sun, 28 Jan 2018 22:08:26 +0000
** CTD Python Module SMHI /ver 3-12/ feb 2012 
** LIMS Job: 20183402-0027
** Cruise: SMHI-01-2018
** Latitude [GG MM.mm N] :
** Longitude [GG MM.mm E]:
# nquan = 26
# nvalues = 464                         
# units = specified
# name 0 = scan: Scan Count
# name 1 = prDM: Pressure, Digiquartz [db]
# name 2 = t090C: Temperature [ITS-90, deg C]
# name 3 = t190C: Temperature, 2 [ITS-90, deg C]
# name 4 = T2-T190C: Temperature Difference, 2 - 1 [ITS-90, deg C]
# name 5 = c0S/m: Conductivity [S/m]
# name 6 = c1S/m: Conductivity, 2 [S/m]
# name 7 = pumps: Pump Status
# name 8 = sbeox0ML/L: Oxygen, SBE 43 [ml/l]
# name 9 = sbeox1ML/L: Oxygen, SBE 43, 2 [ml/l]
# name 10 = altM: Altimeter [m]
# name 11 = flECO-AFL: Chl-a Fluorescence, WET Labs ECO-AFL/FL [mg/m^3]
# name 12 = flECO-AFL1: Phycocyanin Fluorescence, WET Labs ECO-AFL/FL, 2 [mg/m^3]
# name 13 = par: PAR/Irradiance, Biospherical/Lico [µE/(cm^2*s)]
# name 14 = turbWETntu0: Turbidity, WET Labs ECO [NTU]
# name 15 = sal00: Salinity, Practical [PSU]
# name 16 = sal11: Salinity, Practical, 2 [PSU]
# name 17 = secS-priS: Salinity, Practical, Difference, 2 - 1 [PSU]
# name 18 = sigma-t00: Density [sigma-t, Kg/m^3 ]
# name 19 = sigma-t11: Density, 2 [sigma-t, Kg/m^3 ]
# name 20 = depSM: Depth [salt water, m], lat = 57.3122
# name 21 = depFM: Depth [true depth, m], lat = 57.3122
# name 22 = dz/dtM: Descent Rate [m/s], WS = 2
# name 23 = svCM: Sound Velocity [Chen-Millero, m/s]
# name 24 = svCM1: Sound Velocity, 2 [Chen-Millero, m/s]
# name 25 = flag: flag
# span 0 =       8580,      19144       
# span 1 =      2.500,    234.000       
# span 2 =     4.7339,     6.9142       
# span 3 =     4.7346,     6.9145       
# span 4 =    -0.0345,     0.0140       
# span 5 =   0.792513,   1.460559       
# span 6 =   0.792497,   1.460539       
# span 7 =          1,          1       
# span 8 =    0.00683,    8.05545       
# span 9 =    0.02599,    7.99522       
# span 10 =       4.70,      99.25      
# span 11 =     0.2354,     0.3960      
# span 12 =     0.2069,     0.3889      
# span 13 = 1.0000e-12, 5.0875e-02      
# span 14 =     0.0954,     0.4750      
# span 15 =     7.3592,    13.2986      
# span 16 =     7.3591,    13.2983      
# span 17 =    -0.0568,     0.0245      
# span 18 =     5.8252,    10.3800      
# span 19 =     5.8252,    10.3797      
# span 20 =      2.477,    231.714      
# span 21 =      2.532,    236.331      
# span 22 =     -0.050,      1.853      
# span 23 =    1434.59,    1455.03      
# span 24 =    1434.59,    1455.04      
# span 25 = 0.0000e+00, 0.0000e+00      
# interval = decibars: 0.5              
# start_time = Jan 28 2018 20:43:17 [NMEA time, first data scan]
# bad_flag = -9.990e-29
*END*
[from data line 335]
      16476    170.000     6.8582     6.8632     0.0051    1.42463    1.42630          1     0.0184     0.0382      70.54     0.2787     0.2854  1.000e-12  0.1489000    12.9783    12.9929     0.0146    10.1333    10.1443    168.365    171.809      0.402    1453.37    1453.41  0.000e+00
      16494    170.500     6.8687     6.8690     0.0004    1.42860    1.42861          1     0.0156     0.0350      70.25     0.2972     0.2852  1.000e-12  0.1498000    13.0135    13.0134    -0.0001    10.1600    10.1600    168.860    172.313      0.675    1453.47    1453.47  0.000e+00
      16510    171.000     6.8699     6.8703     0.0004    1.42910    1.42908          1     0.0165     0.0365      69.89     0.2969     0.2859  1.000e-12  0.1426000    13.0178    13.0176    -0.0003    10.1633    10.1631    169.355    172.817      0.770    1453.49    1453.49  0.000e+00
      16525    171.500     6.8709     6.8713     0.0005    1.42948    1.42945          1     0.0149     0.0382      69.42     0.2936     0.2726  1.000e-12  0.1427000    13.0211    13.0207    -0.0004    10.1658    10.1655    169.850    173.321      0.808    1453.50    1453.51  0.000e+00
      16540    172.000     6.8718     6.8722     0.0004    1.42985    1.42982          1     0.0136     0.0386      68.91     0.2847     0.2627  1.000e-12  0.1440000    13.0243    13.0239    -0.0004    10.1683    10.1679    170.345    173.825      0.825    1453.52    1453.52  0.000e+00
      16554    172.500     6.8727     6.8732     0.0005    1.43028    1.43024          1     0.0156     0.0362      68.43     0.2847     0.2931  1.000e-12  0.1405000    13.0281    13.0276    -0.0005    10.1711    10.1707    170.840    174.329      0.831    1453.54    1453.54  0.000e+00
      16569    173.000     6.8735     6.8740     0.0005    1.43062    1.43060          1     0.0176     0.0376      67.95     0.2847     0.2985  1.000e-12  0.1369000    13.0311    13.0307    -0.0004    10.1734    10.1731    171.335    174.834      0.820    1453.55    1453.55  0.000e+00
      16584    173.500     6.8746     6.8749     0.0004    1.43107    1.43104          1     0.0168     0.0368      67.49     0.2942     0.2894  1.000e-12  0.1407000    13.0350    13.0346    -0.0003    10.1764    10.1761    171.830    175.338      0.778    1453.57    1453.57  0.000e+00
      16600    174.000     6.8752     6.8756     0.0003    1.43136    1.43133          1     0.0178     0.0347      66.95     0.2990     0.2817  1.000e-12  0.1391000    13.0375    13.0371    -0.0004    10.1783    10.1780    172.325    175.842      0.688    1453.58    1453.58  0.000e+00
      16620    174.500     6.8754     6.8757     0.0003    1.43149    1.43145          1     0.0158     0.0377      66.35     0.3086     0.2727  1.000e-12  0.1245000    13.0386    13.0381    -0.0005    10.1792    10.1788    172.820    176.346      0.499    1453.59    1453.59  0.000e+00
      16659    175.000     6.8752     6.8760     0.0008    1.43146    1.43155          1     0.0149     0.0379      65.53     0.3026     0.2973  1.000e-12  0.1237000    13.0383    13.0389     0.0005    10.1790    10.1794    173.315    176.850      0.259    1453.60    1453.60  0.000e+00
      16697    175.500     6.8778     6.8783     0.0004    1.43240    1.43244          1     0.0144     0.0337      65.18     0.2844     0.2997  1.000e-12  0.1313000    13.0465    13.0467     0.0002    10.1852    10.1853    173.810    177.354      0.538    1453.63    1453.63  0.000e+00
      16714    176.000     6.8802     6.8806     0.0004    1.43322    1.43319          1     0.0130     0.0359      64.83     0.3080     0.3188  1.000e-12  0.1119000    13.0536    13.0531    -0.0004    10.1905    10.1902    174.305    177.858      0.754    1453.66    1453.66  0.000e+00
      16729    176.500     6.8814     6.8819     0.0005    1.43372    1.43371          1     0.0153     0.0382      64.37     0.3047     0.3178  1.000e-12  0.1171000    13.0580    13.0577    -0.0003    10.1939    10.1936    174.800    178.363      0.855    1453.68    1453.68  0.000e+00
      16742    177.000     6.8825     6.8830     0.0005    1.43424    1.43422          1     0.0158     0.0368      63.87     0.2846     0.3197  1.000e-12  0.1431000    13.0626    13.0622    -0.0004    10.1974    10.1971    175.295    178.867      0.866    1453.69    1453.69  0.000e+00
      16756    177.500     6.8844     6.8848     0.0004    1.43507    1.43504          1     0.0170     0.0354      63.34     0.2986     0.3113  1.000e-12  0.1385000    13.0700    13.0695    -0.0005    10.2031    10.2027    175.790    179.371      0.794    1453.72    1453.72  0.000e+00
      16773    178.000     6.8860     6.8862     0.0002    1.43572    1.43569          1     0.0151     0.0351      62.76     0.3211     0.3029  1.000e-12  0.1297000    13.0757    13.0753    -0.0004    10.2075    10.2071    176.285    179.875      0.638    1453.74    1453.74  0.000e+00
      16797    178.500     6.8865     6.8869     0.0004    1.43618    1.43616          1     0.0144     0.0359      62.08     0.3063     0.2894  1.000e-12  0.1146000    13.0799    13.0796    -0.0003    10.2107    10.2104    176.780    180.379      0.438    1453.76    1453.76  0.000e+00
      16828    179.000     6.8869     6.8874     0.0004    1.43651    1.43650          1     0.0136     0.0386      61.46     0.2800     0.3049  1.000e-12  0.1377000    13.0829    13.0827    -0.0002    10.2130    10.2128    177.275    180.883      0.426    1453.77    1453.77  0.000e+00
      16852    179.500     6.8876     6.8878     0.0003    1.43675    1.43673          1     0.0158     0.0344      61.01     0.3109     0.3011  1.000e-12  0.1802000    13.0849    13.0847    -0.0003    10.2146    10.2143    177.770    181.387      0.617    1453.78    1453.78  0.000e+00
      16869    180.000     6.8876     6.8880     0.0003    1.43697    1.43694          1     0.0148     0.0365      60.60     0.2966     0.2678  1.000e-12  0.1247000    13.0870    13.0866    -0.0004    10.2161    10.2158    178.264    181.891      0.749    1453.79    1453.79  0.000e+00
      16884    180.500     6.8875     6.8879     0.0004    1.43715    1.43713          1     0.0135     0.0345      60.17     0.3017     0.2630  1.000e-12  0.1451000    13.0888    13.0884    -0.0004    10.2176    10.2172    178.759    182.396      0.781    1453.80    1453.80  0.000e+00
      16899    181.000     6.8872     6.8876     0.0003    1.43769    1.43764          1     0.0130     0.0342      59.65     0.3090     0.2885  1.000e-12  0.1785000    13.0940    13.0934    -0.0006    10.2217    10.2212    179.254    182.900      0.712    1453.82    1453.82  0.000e+00
      16919    181.500     6.8873     6.8876     0.0003    1.43820    1.43818          1     0.0161     0.0339      59.03     0.3205     0.2899  1.000e-12  0.4198000    13.0990    13.0986    -0.0003    10.2256    10.2253    179.749    183.404      0.537    1453.83    1453.83  0.000e+00
      16951    182.000     6.8874     6.8878     0.0005    1.43871    1.43872          1     0.0143     0.0346      58.32     0.3213     0.2915  1.000e-12  0.3685000    13.1038    13.1038    -0.0001    10.2294    10.2293    180.244    183.908      0.310    1453.85    1453.85  0.000e+00
      16991    182.500     6.8883     6.8886     0.0003    1.43935    1.43936          1     0.0135     0.0365      57.77     0.3077     0.3247  1.000e-12  0.3390000    13.1098    13.1097    -0.0000    10.2340    10.2339    180.739    184.412      0.463    1453.86    1453.87  0.000e+00
      17010    183.000     6.8895     6.8898     0.0003    1.44033    1.44029          1     0.0140     0.0333      57.46     0.3001     0.3007  1.000e-12  0.3624000    13.1188    13.1184    -0.0005    10.2410    10.2406    181.234    184.916      0.785    1453.89    1453.89  0.000e+00
      17023    183.500     6.8904     6.8908     0.0004    1.44088    1.44084          1     0.0162     0.0307      57.09     0.3090     0.3136  1.000e-12  0.3926000    13.1238    13.1233    -0.0005    10.2448    10.2444    181.729    185.420      0.968    1453.91    1453.91  0.000e+00
      17035    184.000     6.8908     6.8912     0.0004    1.44109    1.44105          1     0.0145     0.0312      56.69     0.3091     0.3153  1.000e-12  0.3968000    13.1256    13.1251    -0.0005    10.2462    10.2458    182.224    185.924      1.040    1453.92    1453.92  0.000e+00
      17046    184.500     6.8911     6.8915     0.0004    1.44134    1.44132          1     0.0140     0.0347      56.23     0.3091     0.2817  1.000e-12  0.4057000    13.1279    13.1275    -0.0003    10.2479    10.2477    182.719    186.428      1.000    1453.93    1453.93  0.000e+00
      17058    185.000     6.8914     6.8918     0.0004    1.44158    1.44156          1     0.0120     0.0349      55.66     0.3125     0.2471  1.000e-12  0.4061000    13.1300    13.1297    -0.0003    10.2496    10.2493    183.214    186.933      0.827    1453.94    1453.94  0.000e+00
      17079    185.500     6.8915     6.8919     0.0005    1.44170    1.44168          1     0.0132     0.0328      54.94     0.3384     0.2613  1.000e-12  0.4236000    13.1311    13.1308    -0.0004    10.2505    10.2501    183.709    187.437      0.442    1453.95    1453.95  0.000e+00
      17129    186.000     6.8910     6.8918     0.0007    1.44143    1.44167          1     0.0147     0.0354      54.15     0.3208     0.2959  1.000e-12  0.4175000    13.1285    13.1306     0.0022    10.2484    10.2500    184.204    187.941      0.391    1453.96    1453.96  0.000e+00
      17150    186.500     6.8921     6.8925     0.0004    1.44209    1.44208          1     0.0133     0.0338      53.82     0.3340     0.3020  1.000e-12  0.4364000    13.1345    13.1342    -0.0003    10.2531    10.2528    184.699    188.445      0.726    1453.97    1453.98  0.000e+00
      17164    187.000     6.8923     6.8927     0.0005    1.44227    1.44226          1     0.0127     0.0330      53.46     0.3296     0.3343  1.000e-12  0.4398000    13.1361    13.1358    -0.0004    10.2543    10.2540    185.194    188.949      0.861    1453.99    1453.99  0.000e+00
      17178    187.500     6.8925     6.8930     0.0005    1.44239    1.44237          1     0.0144     0.0319      53.03     0.3213     0.3273  1.000e-12  0.4488000    13.1371    13.1367    -0.0004    10.2551    10.2548    185.689    189.453      0.853    1454.00    1454.00  0.000e+00
      17192    188.000     6.8927     6.8931     0.0005    1.44253    1.44250          1     0.0153     0.0321      52.51     0.3351     0.3368  1.000e-12  0.4505000    13.1382    13.1379    -0.0004    10.2559    10.2556    186.184    189.957      0.698    1454.01    1454.01  0.000e+00
      17219    188.500     6.8927     6.8932     0.0005    1.44260    1.44259          1     0.0136     0.0331      51.78     0.3448     0.3509  1.000e-12  0.4568000    13.1389    13.1386    -0.0003    10.2565    10.2562    186.679    190.461      0.371    1454.02    1454.02  0.000e+00
      17261    189.000     6.8929     6.8933     0.0004    1.44271    1.44271          1     0.0122     0.0327      51.08     0.3197     0.3151  1.000e-12  0.4457000    13.1398    13.1397    -0.0001    10.2571    10.2570    187.174    190.965      0.422    1454.03    1454.03  0.000e+00
      17280    189.500     6.8932     6.8936     0.0004    1.44287    1.44285          1     0.0127     0.0327      50.75     0.3213     0.3105  1.000e-12  0.4417000    13.1411    13.1408    -0.0003    10.2582    10.2579    187.669    191.469      0.750    1454.04    1454.04  0.000e+00
      17294    190.000     6.8934     6.8940     0.0005    1.44306    1.44304          1     0.0153     0.0312      50.36     0.3327     0.3184  1.000e-12  0.4485000    13.1428    13.1425    -0.0004    10.2595    10.2592    188.164    191.974      0.903    1454.05    1454.05  0.000e+00
      17306    190.500     6.8936     6.8941     0.0004    1.44323    1.44321          1     0.0141     0.0329      49.95     0.3457     0.3090  1.000e-12  0.4544000    13.1443    13.1440    -0.0004    10.2606    10.2603    188.658    192.478      0.944    1454.06    1454.06  0.000e+00
      17319    191.000     6.8938     6.8943     0.0005    1.44336    1.44333          1     0.0144     0.0333      49.47     0.3358     0.2929  1.000e-12  0.4536000    13.1455    13.1450    -0.0005    10.2615    10.2611    189.153    192.982      0.893    1454.07    1454.07  0.000e+00
      17333    191.500     6.8940     6.8944     0.0004    1.44345    1.44344          1     0.0116     0.0334      48.96     0.3219     0.2981  1.000e-12  0.4542000    13.1462    13.1459    -0.0003    10.2621    10.2618    189.648    193.486      0.760    1454.08    1454.08  0.000e+00
      17352    192.000     6.8941     6.8944     0.0004    1.44358    1.44356          1     0.0134     0.0323      48.32     0.3213     0.3004  1.000e-12  0.4656000    13.1473    13.1470    -0.0004    10.2630    10.2626    190.143    193.990      0.555    1454.09    1454.09  0.000e+00
      17381    192.500     6.8941     6.8946     0.0004    1.44374    1.44372          1     0.0138     0.0324      47.61     0.3117     0.3006  1.000e-12  0.4564000    13.1487    13.1484    -0.0004    10.2641    10.2637    190.638    194.494      0.348    1454.10    1454.10  0.000e+00
      17420    193.000     6.8944     6.8948     0.0004    1.44389    1.44388          1     0.0112     0.0338      47.01     0.3205     0.3158  1.000e-12  0.4465000    13.1501    13.1498    -0.0003    10.2651    10.2648    191.133    194.998      0.324    1454.11    1454.11  0.000e+00
      17452    193.500     6.8947     6.8950     0.0003    1.44403    1.44401          1     0.0128     0.0319      46.54     0.3339     0.3345  1.000e-12  0.4485000    13.1512    13.1509    -0.0003    10.2660    10.2657    191.628    195.502      0.459    1454.12    1454.12  0.000e+00
      17475    194.000     6.8952     6.8955     0.0003    1.44421    1.44419          1     0.0154     0.0325      46.10     0.3261     0.3198  1.000e-12  0.4541000    13.1527    13.1524    -0.0003    10.2671    10.2668    192.123    196.006      0.636    1454.13    1454.13  0.000e+00
      17492    194.500     6.8954     6.8958     0.0004    1.44435    1.44432          1     0.0112     0.0334      45.69     0.3213     0.3098  1.000e-12  0.4556000    13.1539    13.1535    -0.0004    10.2680    10.2677    192.618    196.510      0.812    1454.14    1454.14  0.000e+00
      17505    195.000     6.8955     6.8960     0.0005    1.44443    1.44441          1     0.0106     0.0326      45.29     0.3222     0.3007  1.000e-12  0.4750000    13.1545    13.1542    -0.0003    10.2685    10.2682    193.113    197.014      0.946    1454.15    1454.15  0.000e+00
      17517    195.500     6.8959     6.8964     0.0005    1.44467    1.44465          1     0.0144     0.0329      44.85     0.3213     0.2943  1.000e-12  0.4733000    13.1567    13.1563    -0.0004    10.2702    10.2698    193.608    197.519      1.034    1454.16    1454.17  0.000e+00
      17528    196.000     6.8964     6.8969     0.0005    1.44502    1.44502          1     0.0135     0.0330      44.41     0.3213     0.2887  1.000e-12  0.4620000    13.1598    13.1596    -0.0002    10.2726    10.2724    194.103    198.023      1.067    1454.18    1454.18  0.000e+00
      17539    196.500     6.8968     6.8973     0.0005    1.44529    1.44527          1     0.0098     0.0329      43.95     0.3213     0.2929  1.000e-12  0.4598000    13.1623    13.1618    -0.0005    10.2745    10.2741    194.598    198.527      1.034    1454.19    1454.19  0.000e+00
      17551    197.000     6.8968     6.8973     0.0005    1.44534    1.44533          1     0.0103     0.0325      43.41     0.3213     0.3188  1.000e-12  0.4543000    13.1626    13.1623    -0.0003    10.2748    10.2745    195.093    199.031      0.905    1454.20    1454.20  0.000e+00
