ctdpy/tests/etc/all_smhi_bas_2018/SBE09_1044_20180528_1743_34_07_0039.cnv
* Sea-Bird SBE 9 Data File:
* FileName = C:\ctd\temp\2018\AU18D039.hex
* Software Version Seasave V 7.26.6.26
* Temperature SN = 5351
* Conductivity SN = 3941
* Number of Bytes Per Scan = 41
* Number of Voltage Words = 4
* Number of Scans Averaged by the Deck Unit = 1
* NMEA Latitude = 55 37.05 N
* NMEA Longitude = 014 52.06 E
* NMEA UTC (Time) = May 28 2018  17:43:10
* NMEA baud rate = 4800
** Station:  HANÖBUKTEN
** Operator:  JKro
** Ship: AURA
** Average sound velocity: 1441.40 m/s
** True-depth calculation Mon, 28 May 2018 18:38:59 +0000
** CTD Python Module SMHI /ver 3-12/ feb 2012 
** LIMS Job: 20183407-0039
** Cruise: SMHI-02-2018
** Latitude [GG MM.mm N] :
** Longitude [GG MM.mm E]:
# nquan = 26
# nvalues = 148                         
# units = specified
# name 0 = scan: Scan Count
# name 1 = prDM: Pressure, Digiquartz [db]
# name 2 = t090C: Temperature [ITS-90, deg C]
# name 3 = t190C: Temperature, 2 [ITS-90, deg C]
# name 4 = T2-T190C: Temperature Difference, 2 - 1 [ITS-90, deg C]
# name 5 = c0S/m: Conductivity [S/m]
# name 6 = c1S/m: Conductivity, 2 [S/m]
# name 7 = pumps: Pump Status
# name 8 = sbeox0ML/L: Oxygen, SBE 43 [ml/l]
# name 9 = sbeox1ML/L: Oxygen, SBE 43, 2 [ml/l]
# name 10 = altM: Altimeter [m]
# name 11 = flECO-AFL: Chl-a Fluorescence, WET Labs ECO-AFL/FL [mg/m^3]
# name 12 = flECO-AFL1: Phycocyanin Fluorescence, WET Labs ECO-AFL/FL, 2 [mg/m^3]
# name 13 = par: PAR/Irradiance, Biospherical/Lico [µE/(cm^2*s)]
# name 14 = turbWETntu0: Turbidity, WET Labs ECO [NTU]
# name 15 = sal00: Salinity, Practical [PSU]
# name 16 = sal11: Salinity, Practical, 2 [PSU]
# name 17 = secS-priS: Salinity, Practical, Difference, 2 - 1 [PSU]
# name 18 = sigma-t00: Density [sigma-t, Kg/m^3 ]
# name 19 = sigma-t11: Density, 2 [sigma-t, Kg/m^3 ]
# name 20 = depSM: Depth [salt water, m], lat = 55.6175
# name 21 = depFM: Depth [true depth, m], lat = 55.6175
# name 22 = dz/dtM: Descent Rate [m/s], WS = 2
# name 23 = svCM: Sound Velocity [Chen-Millero, m/s]
# name 24 = svCM1: Sound Velocity, 2 [Chen-Millero, m/s]
# name 25 = flag: flag
# span 0 =      11269,      15835       
# span 1 =      1.000,     74.500       
# span 2 =     2.9326,    13.3417       
# span 3 =     2.9352,    13.3738       
# span 4 =    -0.3723,     0.1171       
# span 5 =   0.771353,   1.739182       
# span 6 =   0.771535,   1.739235       
# span 7 =          1,          1       
# span 8 =   -0.01253,    9.29258       
# span 9 =   -0.18856,    9.29334       
# span 10 =     -19.08,      98.70      
# span 11 =     0.2241,     4.6552      
# span 12 =     0.1540,     0.5066      
# span 13 = -2.712e-06, 5.7617e+02      
# span 14 =     0.1208,     0.7046      
# span 15 =     7.2078,    15.9454      
# span 16 =     7.2099,    15.9455      
# span 17 =    -0.0232,     0.0049      
# span 18 =     5.1489,    12.4224      
# span 19 =     5.1452,    12.4224      
# span 20 =      0.991,     73.811      
# span 21 =      1.013,     75.357      
# span 22 =     -0.012,      0.513      
# span 23 =    1427.76,    1469.03      
# span 24 =    1427.77,    1469.18      
# span 25 = 0.0000e+00, 0.0000e+00      
# interval = decibars: 0.5              
# start_time = May 28 2018 17:43:11 [NMEA time, first data scan]
# bad_flag = -9.990e-29
*END*
[from data line 112]
      14531     57.000     3.3349     3.3234    -0.0114    0.91081    0.91005          1     6.8527     6.6422      21.53     0.2817     0.2210  1.000e-12  0.2932000     8.9135     8.9087    -0.0048     7.1010     7.0974     56.475     57.720      0.405    1431.09    1431.03  0.000e+00
      14558     57.500     3.4873     3.4913     0.0040    0.92579    0.92566          1     6.5394     6.3082      20.97     0.2813     0.2371  1.000e-12  0.2820000     9.0290     9.0265    -0.0025     7.1898     7.1877     56.971     58.225      0.464    1431.94    1431.96  0.000e+00
      14583     58.000     3.3763     3.3809     0.0045    0.94709    0.94625          1     6.0335     5.6701      20.43     0.3131     0.2364  1.000e-12  0.3603000     9.2846     9.2744    -0.0102     7.3956     7.3874     57.466     58.731      0.463    1431.77    1431.78  0.000e+00
      14611     58.500     3.4173     3.4117    -0.0056    0.98691    0.98562          1     5.5147     5.1696      19.87     0.3158     0.2073  1.000e-12  0.6577000     9.6932     9.6812    -0.0120     7.7198     7.7103     57.961     59.236      0.414    1432.50    1432.45  0.000e+00
      14640     59.000     3.6733     3.6613    -0.0120    1.04361    1.04139          1     4.9703     4.4637      19.33     0.3197     0.2337  1.000e-12  0.6148000    10.2133    10.1936    -0.0197     8.1265     8.1112     58.457     59.741      0.427    1434.33    1434.25  0.000e+00
      14667     59.500     4.2287     4.2135    -0.0152    1.14599    1.14414          1     4.1110     3.5950      18.83     0.3213     0.2376  1.000e-12  0.5247000    11.1083    11.0940    -0.0143     8.8178     8.8071     58.952     60.246      0.459    1437.97    1437.88  0.000e+00
      14694     60.000     4.6298     4.6105    -0.0192    1.19368    1.19279          1     3.4968     3.1251      18.29     0.3122     0.2320  1.000e-12  0.4419000    11.4685    11.4660    -0.0025     9.0861     9.0850     59.447     60.751      0.425    1440.21    1440.12  0.000e+00
      14724     60.500     4.8780     4.8722    -0.0059    1.22963    1.22879          1     2.9566     2.6120      17.74     0.3401     0.2438  1.000e-12  0.4085000    11.7541    11.7476    -0.0066     9.3001     9.2952     59.943     61.256      0.401    1441.66    1441.63  0.000e+00
      14752     61.000     5.0999     5.0863    -0.0136    1.26512    1.26391          1     2.2978     1.8101      17.21     0.3781     0.2444  1.000e-12  0.4092000    12.0408    12.0332    -0.0076     9.5148     9.5096     60.438     61.760      0.450    1443.00    1442.93  0.000e+00
      14778     61.500     5.5330     5.5092    -0.0237    1.31565    1.31376          1     1.2272     0.6120      16.65     0.3987     0.2467  1.000e-12  0.4669000    12.4002    12.3897    -0.0105     9.7731     9.7662     60.933     62.265      0.468    1445.33    1445.21  0.000e+00
      14804     62.000     6.0068     5.9957    -0.0112    1.37881    1.37750          1     0.2884    -0.1427      16.08     0.4032     0.2729  1.000e-12  0.5839000    12.8645    12.8556    -0.0090    10.1080    10.1017     61.429     62.769      0.435    1447.94    1447.88  0.000e+00
      14833     62.500     6.1498     6.1489    -0.0010    1.39995    1.39981          1    -0.0125    -0.1886      15.50     0.4328     0.2625  1.000e-12  0.7046000    13.0236    13.0226    -0.0011    10.2231    10.2224     61.924     63.273      0.407    1448.75    1448.74  0.000e+00
      14862     63.000     6.1897     6.1892    -0.0004    1.40510    1.40496          1    -0.0024    -0.0651      14.65     0.4295     0.2548  1.000e-12  0.6070000    13.0602    13.0590    -0.0012    10.2490    10.2481     62.419     63.777      0.429    1448.97    1448.97  0.000e+00
      14889     63.500     6.4522     6.4298    -0.0224    1.43826    1.43631          1     0.0518     0.0196      13.69     0.4390     0.2829  1.000e-12  0.5764000    13.2913    13.2805    -0.0108    10.4110    10.4042     62.915     64.281      0.458    1450.37    1450.26  0.000e+00
      14915     64.000     6.7302     6.7270    -0.0032    1.47842    1.47800          1     0.0940     0.0604      13.15     0.4434     0.2423  1.000e-12  0.5446000    13.5838    13.5810    -0.0029    10.6190    10.6170     63.410     64.785      0.439    1451.90    1451.88  0.000e+00
      14944     64.500     6.7906     6.7872    -0.0034    1.48797    1.48735          1     0.1246     0.0802      12.57     0.4165     0.2178  1.000e-12  0.5062000    13.6550    13.6501    -0.0049    10.6699    10.6663     63.905     65.289      0.413    1452.24    1452.22  0.000e+00
      14973     65.000     6.9098     6.9051    -0.0046    1.50471    1.50417          1     0.1358     0.0886      12.20     0.4283     0.2163  1.000e-12  0.4547000    13.7738    13.7703    -0.0035    10.7532    10.7508     64.400     65.793      0.440    1452.89    1452.87  0.000e+00
      14999     65.500     7.0334     7.0268    -0.0065    1.52265    1.52201          1     0.1411     0.0908      12.24     0.4089     0.2463  1.000e-12  0.4501000    13.9020    13.8984    -0.0036    10.8432    10.8410     64.896     66.297      0.459    1453.57    1453.54  0.000e+00
      15025     66.000     7.2097     7.1994    -0.0103    1.54593    1.54480          1     0.1371     0.0904      11.98     0.4064     0.2809  1.000e-12  0.5026000    14.0608    14.0539    -0.0070    10.9523    10.9478     65.391     66.801      0.436    1454.50    1454.45  0.000e+00
      15054     66.500     7.4545     7.4456    -0.0088    1.58317    1.58208          1     0.1424     0.0891      11.48     0.3732     0.2330  1.000e-12  0.4362000    14.3274    14.3203    -0.0070    11.1389    11.1342     65.886     67.304      0.396    1455.83    1455.79  0.000e+00
      15085     67.000     7.3871     7.3946     0.0074    1.59591    1.59564          1     0.1374     0.0838      11.00     0.3573     0.2198  1.000e-12  0.5069000    14.4808    14.4750    -0.0058    11.2653    11.2601     66.382     67.808      0.398    1455.76    1455.78  0.000e+00
      15115     67.500     7.4287     7.4253    -0.0033    1.60991    1.60945          1     0.1670     0.1512      10.45     0.3708     0.2357  1.000e-12  0.5488000    14.6012    14.5980    -0.0032    11.3557    11.3536     66.877     68.312      0.395    1456.09    1456.07  0.000e+00
      15146     68.000     6.9143     6.9582     0.0438    1.59710    1.59771          1     0.3314     0.3740       9.77     0.3220     0.2742  1.000e-12  0.5034000    14.6912    14.6786    -0.0126    11.4713    11.4577     67.372     68.815      0.387    1454.09    1454.26  0.000e+00
      15177     68.500     6.7243     6.7024    -0.0218    1.60381    1.60266          1     0.3639     0.3336       8.70     0.3438     0.2928  1.000e-12  0.3861000    14.8401    14.8380    -0.0021    11.6055    11.6056     67.868     69.319      0.400    1453.51    1453.42  0.000e+00
      15207     69.000     6.8554     6.8629     0.0075    1.62105    1.62103          1     0.3200     0.2814       7.94     0.3435     0.2812  1.000e-12  0.3554000    14.9565    14.9530    -0.0036    11.6858    11.6823     68.363     69.822      0.380    1454.21    1454.23  0.000e+00
      15240     69.500     6.7652     6.7629    -0.0023    1.62809    1.62760          1     0.2853     0.2278       7.39     0.3156     0.2470  1.000e-12  0.3542000    15.0663    15.0624    -0.0038    11.7796    11.7768     68.858     70.325      0.363    1453.98    1453.96  0.000e+00
      15272     70.000     6.9163     6.9153    -0.0010    1.64889    1.64858          1     0.2105     0.1617       6.87     0.3166     0.2908  1.000e-12  0.4180000    15.2087    15.2060    -0.0027    11.8783    11.8763     69.354     70.829      0.377    1454.79    1454.78  0.000e+00
      15304     70.500     6.8283     6.8355     0.0072    1.65498    1.65491          1     0.2975     0.3045       6.35     0.3174     0.1666  1.000e-12  0.4443000    15.3087    15.3047    -0.0040    11.9645    11.9607     69.849     71.332      0.357    1454.56    1454.58  0.000e+00
      15339     71.000     6.8328     6.8296    -0.0033    1.66715    1.66679          1     0.2735     0.2052       5.82     0.3385     0.2283  1.000e-12  0.4377000    15.4288    15.4266    -0.0022    12.0584    12.0569     70.344     71.835      0.347    1454.73    1454.72  0.000e+00
      15374     71.500     6.9409     6.9380    -0.0029    1.68653    1.68619          1     0.1280     0.0637       5.29     0.3436     0.2207  1.000e-12  0.4751000    15.5749    15.5727    -0.0022    12.1634    12.1619     70.839     72.338      0.341    1455.37    1455.35  0.000e+00
      15410     72.000     7.0357     7.0343    -0.0014    1.70067    1.70049          1     0.0994     0.0777       4.78     0.3344     0.2165  1.000e-12  0.4770000    15.6737    15.6725    -0.0012    12.2324    12.2316     71.335     72.841      0.333    1455.89    1455.88  0.000e+00
      15446     72.500     7.1116     7.1133     0.0017    1.70993    1.71000          1     0.1529     0.1286       4.27     0.3221     0.2545  1.000e-12  0.4729000    15.7318    15.7318    -0.0001    12.2710    12.2708     71.830     73.345      0.325    1456.28    1456.29  0.000e+00
      15486     73.000     7.2397     7.2384    -0.0013    1.72212    1.72209          1     0.1006     0.0598       3.72     0.3298     0.2344  1.000e-12  0.5742000    15.7951    15.7955     0.0004    12.3087    12.3091     72.325     73.848      0.278    1456.89    1456.88  0.000e+00
      15531     73.500     7.3016     7.3023     0.0006    1.72943    1.72939          1     0.0755     0.0465       3.18     0.3487     0.2436  1.000e-12  0.6169000    15.8397    15.8390    -0.0007    12.3378    12.3372     72.821     74.351      0.249    1457.20    1457.20  0.000e+00
      15581     74.000     7.2960     7.2968     0.0008    1.73327    1.73322          1     0.0800     0.0646       2.68     0.3238     0.2353  1.000e-12  0.4012000    15.8804    15.8795    -0.0008    12.3702    12.3695     73.316     74.854      0.240    1457.24    1457.24  0.000e+00
      15835     74.500     7.2826     7.2835     0.0010    1.73918    1.73924          1     0.0818     0.0606       1.99     0.3078     0.2250  1.000e-12  0.3070000    15.9454    15.9455     0.0001    12.4224    12.4224     73.811     75.357     -0.012    1457.27    1457.28  0.000e+00
