ctdpy/tests/etc/all_smhi_bas_2018/SBE09_0827_20181009_0631_26_01_1048.cnv
* Sea-Bird SBE 9 Data File:
* FileName = D:\CTD_SBE911\DAT\26DA.2018.10.48.hex
* Software Version Seasave V 7.21d
* Temperature SN = 4548
* Conductivity SN = 3062
* Number of Bytes Per Scan = 48
* Number of Voltage Words = 5
* Number of Scans Averaged by the Deck Unit = 1
* NMEA Latitude = 58 38.73 N
* NMEA Longitude = 020 18.01 E
* NMEA UTC (Time) = Oct 09 2018  06:33:48
* NMEA baud rate = 4800
** Ship: DANA
** Average sound velocity: 1446.07 m/s
** True-depth calculation Thu, 28 Mar 2019 12:21:59 +0000
** CTD Python Module SMHI /ver 3-12/ feb 2012 
** LIMS Job: 20182601-1048
** Operator: Christian
** Cruise: 10/2018
# nquan = 26
# nvalues = 308                         
# units = specified
# name 0 = scan: Scan Count
# name 1 = prDM: Pressure, Digiquartz [db]
# name 2 = t090C: Temperature [ITS-90, deg C]
# name 3 = t190C: Temperature, 2 [ITS-90, deg C]
# name 4 = T2-T190C: Temperature Difference, 2 - 1 [ITS-90, deg C]
# name 5 = c0S/m: Conductivity [S/m]
# name 6 = c1S/m: Conductivity, 2 [S/m]
# name 7 = pumps: Pump Status
# name 8 = sbeox1ML/L: Oxygen, SBE 43, 2 [ml/l]
# name 9 = sbeox0ML/L: Oxygen, SBE 43 [ml/l]
# name 10 = altM: Altimeter [m]
# name 11 = chloroflTC0: Chlorophyll, Turner Cyclops [ug/l]
# name 12 = cpar: CPAR/Corrected Irradiance [%]
# name 13 = par: PAR/Irradiance, Biospherical/Lico [µE/(cm^2*s)]
# name 14 = spar: SPAR, Biospherical/Licor
# name 15 = sal00: Salinity, Practical [PSU]
# name 16 = sal11: Salinity, Practical, 2 [PSU]
# name 17 = secS-priS: Salinity, Practical, Difference, 2 - 1 [PSU]
# name 18 = sigma-t00: Density [sigma-t, kg/m^3 ]
# name 19 = sigma-t11: Density, 2 [sigma-t, kg/m^3 ]
# name 20 = depSM: Depth [salt water, m], lat = 58.6455
# name 21 = depFM: Depth [true depth, m], lat = 58.6455
# name 22 = dz/dtM: Descent Rate [m/s], WS = 2
# name 23 = svCM: Sound Velocity [Chen-Millero, m/s]
# name 24 = svCM1: Sound Velocity, 2 [Chen-Millero, m/s]
# name 25 = flag: flag
# span 0 =         37,      12332       
# span 1 =      0.500,    154.000       
# span 2 =     3.2209,    11.2920       
# span 3 =     3.2368,    11.2914       
# span 4 =    -0.1274,     2.2152       
# span 5 =   0.746122,   1.257187       
# span 6 =   0.747242,   1.257074       
# span 7 =          1,          1       
# span 8 =     0.0344,     7.6755       
# span 9 =     0.0380,     7.5423       
# span 10 =       2.90,      10.92      
# span 11 =     0.0159,     0.0349      
# span 12 = -9.633e-06, 3.4760e+01      
# span 13 = -8.646e-05, 2.8173e+02      
# span 14 = 5.1346e+02, 1.1433e+03      
# span 15 =     6.4889,    11.5165      
# span 16 =     6.4892,    11.5153      
# span 17 =    -0.1866,     0.0021      
# span 18 =     4.6317,     9.0255      
# span 19 =     4.6318,     9.0246      
# span 20 =      0.495,    152.508      
# span 21 =      0.507,    155.733      
# span 22 =     -0.154,      0.994      
# span 23 =    1428.14,    1460.44      
# span 24 =    1428.23,    1460.43      
# span 25 = 0.0000e+00, 0.0000e+00      
# interval = decibars: 0.5              
# start_time = Oct 09 2018 06:33:49 [NMEA time, first data scan]
# bad_flag = -9.990e-29
*END*
[from data line 168]
       7681     84.500     5.9194     5.9121    -0.0072    1.16302    1.16169          1     0.0918     0.0776       9.97     0.0170  1.274e-13  1.000e-12  7.853e+02    10.7251    10.7142    -0.0109     8.4292     8.4211     83.695     85.567      0.385    1445.23    1445.19  0.000e+00
       7708     85.000     5.9275     5.9184    -0.0091    1.16451    1.16285          1     0.0909     0.0749       9.97     0.0170  1.280e-13  1.000e-12  7.813e+02    10.7373    10.7236    -0.0137     8.4383     8.4281     84.190     86.072      0.442    1445.29    1445.23  0.000e+00
       7738     85.500     5.9375     5.9274    -0.0102    1.16679    1.16451          1     0.0874     0.0753       9.97     0.0168  1.274e-13  1.000e-12  7.848e+02    10.7567    10.7372    -0.0195     8.4530     8.4383     84.686     86.577      0.325    1445.36    1445.30  0.000e+00
       7800     86.000     5.9480     5.9410    -0.0070    1.16888    1.16741          1     0.0850     0.0753       9.97     0.0167  1.345e-13  1.000e-12  7.447e+02    10.7741    10.7617    -0.0124     8.4660     8.4567     85.181     87.082      0.184    1445.44    1445.39  0.000e+00
       7868     86.500     5.9540     5.9493    -0.0047    1.17003    1.16913          1     0.0848     0.0733       9.97     0.0170  1.531e-13  1.000e-12  6.541e+02    10.7836    10.7761    -0.0075     8.4731     8.4675     85.676     87.587      0.202    1445.48    1445.46  0.000e+00
       7918     87.000     5.9600     5.9537    -0.0063    1.17145    1.17006          1     0.0819     0.0706       9.97     0.0169  1.659e-13  1.000e-12  6.025e+02    10.7957    10.7838    -0.0119     8.4823     8.4733     86.171     88.092      0.342    1445.53    1445.49  0.000e+00
       7945     87.500     5.9667     5.9603    -0.0063    1.17292    1.17158          1     0.0810     0.0722       9.97     0.0169  1.709e-13  1.000e-12  5.853e+02    10.8081    10.7968    -0.0114     8.4917     8.4831     86.666     88.597      0.519    1445.59    1445.54  0.000e+00
       7966     88.000     5.9753     5.9737    -0.0015    1.17457    1.17399          1     0.0797     0.0691       9.97     0.0169  1.747e-13  1.000e-12  5.725e+02    10.8217    10.8164    -0.0053     8.5018     8.4977     87.161     89.102      0.540    1445.65    1445.63  0.000e+00
       8008     88.500     5.9804     5.9775    -0.0029    1.17563    1.17501          1     0.0804     0.0720       9.97     0.0170  1.785e-13  1.000e-12  5.601e+02    10.8305    10.8253    -0.0052     8.5085     8.5045     87.656     89.607      0.390    1445.69    1445.67  0.000e+00
       8116     89.000     5.9841     5.9841    -0.0000    1.17650    1.17633          1     0.0747     0.0694       9.97     0.0170  1.791e-13  1.000e-12  5.585e+02    10.8379    10.8363    -0.0016     8.5140     8.5127     88.152     90.112      0.655    1445.72    1445.72  0.000e+00
       8132     89.500     5.9855     5.9853    -0.0002    1.17684    1.17668          1     0.0747     0.0686       9.97     0.0170  1.780e-13  1.000e-12  5.619e+02    10.8407    10.8392    -0.0015     8.5161     8.5150     88.647     90.617      0.642    1445.74    1445.74  0.000e+00
       8155     90.000     5.9868     5.9859    -0.0009    1.17722    1.17694          1     0.0774     0.0668       9.97     0.0167  1.734e-13  1.000e-12  5.768e+02    10.8440    10.8415    -0.0025     8.5186     8.5167     89.142     91.122      0.396    1445.76    1445.75  0.000e+00
       8248     90.500     5.9910     5.9862    -0.0048    1.17833    1.17711          1     0.0736     0.0637       9.97     0.0169  1.694e-13  1.000e-12  5.903e+02    10.8537    10.8430    -0.0107     8.5260     8.5179     89.637     91.627      0.312    1445.79    1445.76  0.000e+00
       8277     91.000     6.0038     5.9952    -0.0085    1.18126    1.17922          1     0.0695     0.0660       9.97     0.0168  1.772e-13  1.000e-12  5.644e+02    10.8786    10.8611    -0.0176     8.5448     8.5315     90.132     92.132      0.460    1445.89    1445.83  0.000e+00
       8301     91.500     6.0081     6.0042    -0.0039    1.18230    1.18131          1     0.0719     0.0652       9.97     0.0171  1.835e-13  1.000e-12  5.450e+02    10.8875    10.8789    -0.0086     8.5515     8.5450     90.627     92.637      0.511    1445.93    1445.90  0.000e+00
       8324     92.000     6.0118     6.0089    -0.0028    1.18295    1.18234          1     0.0714     0.0666       9.97     0.0171  1.877e-13  1.000e-12  5.328e+02    10.8927    10.8876    -0.0051     8.5554     8.5515     91.122     93.142      0.501    1445.96    1445.94  0.000e+00
       8352     92.500     6.0146     6.0110    -0.0036    1.18363    1.18281          1     0.0706     0.0653       9.97     0.0170  1.911e-13  1.000e-12  5.233e+02    10.8984    10.8914    -0.0070     8.5597     8.5544     91.617     93.647      0.341    1445.98    1445.96  0.000e+00
       8487     93.000     6.0244     6.0202    -0.0042    1.18561    1.18468          1     0.0664     0.0623       9.97     0.0170  1.924e-13  1.000e-12  5.198e+02    10.9149    10.9071    -0.0078     8.5720     8.5661     92.112     94.152      0.529    1446.05    1446.03  0.000e+00
       8503     93.500     6.0363     6.0303    -0.0060    1.18809    1.18662          1     0.0664     0.0638       9.97     0.0171  1.926e-13  1.000e-12  5.192e+02    10.9356    10.9230    -0.0126     8.5876     8.5780     92.608     94.657      0.610    1446.14    1446.10  0.000e+00
       8523     94.000     6.0502     6.0402    -0.0100    1.19108    1.18875          1     0.0664     0.0660       9.97     0.0168  1.924e-13  1.000e-12  5.197e+02    10.9608    10.9408    -0.0200     8.6066     8.5915     93.103     95.162      0.553    1446.24    1446.17  0.000e+00
       8549     94.500     6.0615     6.0505    -0.0110    1.19373    1.19105          1     0.0649     0.0627       9.97     0.0169  1.905e-13  1.000e-12  5.251e+02    10.9834    10.9603    -0.0231     8.6236     8.6061     93.598     95.667      0.392    1446.32    1446.25  0.000e+00
       8588     95.000     6.0742     6.0595    -0.0147    1.19703    1.19314          1     0.0666     0.0622       9.97     0.0169  1.875e-13  1.000e-12  5.333e+02    11.0121    10.9781    -0.0340     8.6453     8.6196     94.093     96.172      0.268    1446.42    1446.31  0.000e+00
       8660     95.500     6.0902     6.0769    -0.0133    1.20113    1.19757          1     0.0664     0.0626       9.97     0.0167  1.824e-13  1.000e-12  5.482e+02    11.0475    11.0165    -0.0310     8.6722     8.6487     94.588     96.677      0.230    1446.54    1446.44  0.000e+00
       8724     96.000     6.0969     6.0895    -0.0074    1.20282    1.20077          1     0.0672     0.0617       9.97     0.0169  1.790e-13  1.000e-12  5.585e+02    11.0621    11.0441    -0.0180     8.6832     8.6695     95.083     97.182      0.479    1446.59    1446.54  0.000e+00
       8746     96.500     6.1096     6.0985    -0.0111    1.20673    1.20340          1     0.0660     0.0595       9.97     0.0169  1.759e-13  1.000e-12  5.685e+02    11.0967    11.0672    -0.0295     8.7097     8.6872     95.578     97.686      0.514    1446.70    1446.62  0.000e+00
       8775     97.000     6.1184     6.1083    -0.0101    1.20888    1.20608          1     0.0667     0.0601       9.97     0.0169  1.674e-13  1.000e-12  5.978e+02    11.1151    11.0906    -0.0246     8.7236     8.7049     96.073     98.191      0.304    1446.77    1446.69  0.000e+00
       8834     97.500     6.1259     6.1201    -0.0058    1.21047    1.20918          1     0.0628     0.0591       9.97     0.0170  1.463e-13  1.000e-12  6.847e+02    11.1283    11.1174    -0.0109     8.7335     8.7253     96.569     98.696      0.220    1446.82    1446.79  0.000e+00
       8886     98.000     6.1280     6.1270    -0.0010    1.21082    1.21062          1     0.0611     0.0587       9.97     0.0171  1.368e-13  1.000e-12  7.309e+02    11.1311    11.1294    -0.0017     8.7355     8.7342     97.064     99.201      0.262    1446.85    1446.84  0.000e+00
       8923     98.500     6.1325     6.1281    -0.0043    1.21194    1.21084          1     0.0622     0.0576       9.97     0.0171  1.357e-13  1.000e-12  7.370e+02    11.1406    11.1312    -0.0095     8.7427     8.7355     97.559     99.706      0.458    1446.88    1446.85  0.000e+00
       8944     99.000     6.1403     6.1338    -0.0065    1.21412    1.21218          1     0.0589     0.0579       9.97     0.0170  1.357e-13  1.000e-12  7.372e+02    11.1597    11.1425    -0.0172     8.7572     8.7441     98.054    100.211      0.544    1446.95    1446.90  0.000e+00
       8971     99.500     6.1509     6.1415    -0.0094    1.21691    1.21427          1     0.0599     0.0568       9.97     0.0171  1.348e-13  1.000e-12  7.420e+02    11.1839    11.1607    -0.0232     8.7755     8.7579     98.549    100.716      0.385    1447.03    1446.96  0.000e+00
       9093    100.000     6.1574     6.1548    -0.0026    1.21837    1.21773          1     0.0561     0.0561       9.97     0.0170  1.330e-13  1.000e-12  7.520e+02    11.1961    11.1905    -0.0056     8.7847     8.7805     99.044    101.220      0.519    1447.08    1447.07  0.000e+00
       9112    100.500     6.1672     6.1589    -0.0082    1.22087    1.21872          1     0.0558     0.0568       9.97     0.0169  1.342e-13  1.000e-12  7.451e+02    11.2176    11.1989    -0.0186     8.8009     8.7868     99.539    101.725      0.610    1447.16    1447.10  0.000e+00
       9131    101.000     6.1764     6.1669    -0.0095    1.22313    1.22060          1     0.0563     0.0559       9.97     0.0170  1.345e-13  1.000e-12  7.436e+02    11.2369    11.2150    -0.0220     8.8155     8.7989    100.034    102.230      0.572    1447.23    1447.16  0.000e+00
       9157    101.500     6.1816     6.1753    -0.0062    1.22444    1.22274          1     0.0590     0.0550       9.97     0.0170  1.335e-13  1.000e-12  7.494e+02    11.2481    11.2333    -0.0148     8.8240     8.8128    100.529    102.735      0.376    1447.28    1447.23  0.000e+00
       9218    102.000     6.1841     6.1795    -0.0045    1.22504    1.22386          1     0.0564     0.0541       9.97     0.0170  1.355e-13  1.000e-12  7.380e+02    11.2531    11.2430    -0.0101     8.8278     8.8201    101.024    103.240      0.271    1447.30    1447.27  0.000e+00
       9257    102.500     6.1863     6.1846    -0.0017    1.22557    1.22513          1     0.0561     0.0544       9.97     0.0171  1.411e-13  1.000e-12  7.089e+02    11.2576    11.2538    -0.0038     8.8312     8.8283    101.520    103.744      0.444    1447.32    1447.31  0.000e+00
       9282    103.000     6.1894     6.1861    -0.0033    1.22635    1.22547          1     0.0550     0.0542       9.97     0.0167  1.463e-13  1.000e-12  6.834e+02    11.2642    11.2566    -0.0077     8.8362     8.8304    102.015    104.249      0.482    1447.35    1447.33  0.000e+00
       9308    103.500     6.1960     6.1895    -0.0066    1.22790    1.22623          1     0.0563     0.0542       9.97     0.0167  1.505e-13  1.000e-12  6.644e+02    11.2774    11.2629    -0.0145     8.8460     8.8351    102.510    104.754      0.451    1447.40    1447.36  0.000e+00
       9335    104.000     6.2010     6.1946    -0.0064    1.22913    1.22743          1     0.0567     0.0570       9.97     0.0171  1.528e-13  1.000e-12  6.544e+02    11.2878    11.2731    -0.0148     8.8540     8.8428    103.005    105.259      0.424    1447.45    1447.40  0.000e+00
       9366    104.500     6.2049     6.2002    -0.0047    1.23008    1.22879          1     0.0561     0.0542       9.97     0.0169  1.550e-13  1.000e-12  6.454e+02    11.2959    11.2846    -0.0112     8.8600     8.8515    103.500    105.764      0.339    1447.48    1447.45  0.000e+00
       9406    105.000     6.2066     6.2045    -0.0021    1.23049    1.22987          1     0.0562     0.0542       9.97     0.0163  1.577e-13  1.000e-12  6.342e+02    11.2993    11.2938    -0.0055     8.8626     8.8584    103.995    106.268      0.314    1447.50    1447.48  0.000e+00
       9438    105.500     6.2080     6.2063    -0.0017    1.23085    1.23043          1     0.0554     0.0541       9.97     0.0170  1.584e-13  1.000e-12  6.315e+02    11.3023    11.2987    -0.0036     8.8648     8.8621    104.490    106.773      0.468    1447.52    1447.51  0.000e+00
       9461    106.000     6.2089     6.2077    -0.0012    1.23107    1.23072          1     0.0574     0.0546       9.97     0.0171  1.576e-13  1.000e-12  6.346e+02    11.3041    11.3010    -0.0030     8.8662     8.8639    104.985    107.278      0.530    1447.53    1447.52  0.000e+00
       9483    106.500     6.2095     6.2086    -0.0008    1.23124    1.23096          1     0.0552     0.0539       9.97     0.0170  1.552e-13  1.000e-12  6.444e+02    11.3054    11.3029    -0.0025     8.8672     8.8653    105.480    107.783      0.525    1447.55    1447.54  0.000e+00
       9507    107.000     6.2105     6.2093    -0.0012    1.23151    1.23115          1     0.0554     0.0529       9.97     0.0167  1.510e-13  1.000e-12  6.624e+02    11.3077    11.3045    -0.0032     8.8689     8.8665    105.975    108.288      0.510    1447.56    1447.55  0.000e+00
       9531    107.500     6.2109     6.2102    -0.0006    1.23158    1.23137          1     0.0541     0.0553       9.97     0.0169  1.449e-13  1.000e-12  6.901e+02    11.3083    11.3063    -0.0019     8.8693     8.8679    106.470    108.792      0.487    1447.57    1447.56  0.000e+00
       9557    108.000     6.2110     6.2108    -0.0003    1.23164    1.23149          1     0.0526     0.0541       9.97     0.0169  1.378e-13  1.000e-12  7.258e+02    11.3087    11.3073    -0.0014     8.8697     8.8686    106.965    109.297      0.428    1447.58    1447.58  0.000e+00
       9588    108.500     6.2116     6.2113    -0.0003    1.23183    1.23162          1     0.0535     0.0543       9.97     0.0170  1.320e-13  1.000e-12  7.574e+02    11.3102    11.3083    -0.0019     8.8708     8.8694    107.461    109.802      0.364    1447.59    1447.59  0.000e+00
       9621    109.000     6.2137     6.2122    -0.0015    1.23239    1.23188          1     0.0507     0.0543       9.97     0.0170  1.306e-13  1.000e-12  7.657e+02    11.3150    11.3104    -0.0046     8.8745     8.8710    107.956    110.307      0.388    1447.61    1447.60  0.000e+00
       9650    109.500     6.2167     6.2143    -0.0025    1.23319    1.23242          1     0.0511     0.0517       9.97     0.0169  1.336e-13  1.000e-12  7.486e+02    11.3219    11.3150    -0.0069     8.8797     8.8744    108.451    110.812      0.393    1447.64    1447.63  0.000e+00
       9683    110.000     6.2214     6.2182    -0.0032    1.23448    1.23344          1     0.0502     0.0525       9.97     0.0170  1.377e-13  1.000e-12  7.264e+02    11.3330    11.3237    -0.0092     8.8881     8.8810    108.946    111.316      0.353    1447.69    1447.66  0.000e+00
       9715    110.500     6.2242     6.2222    -0.0020    1.23507    1.23453          1     0.0517     0.0534       9.97     0.0170  1.375e-13  1.000e-12  7.274e+02    11.3379    11.3331    -0.0048     8.8918     8.8881    109.441    111.821      0.468    1447.71    1447.70  0.000e+00
       9737    111.000     6.2249     6.2238    -0.0011    1.23520    1.23488          1     0.0502     0.0551       9.97     0.0171  1.355e-13  1.000e-12  7.380e+02    11.3388    11.3360    -0.0028     8.8924     8.8903    109.936    112.326      0.563    1447.72    1447.72  0.000e+00
