ctdpy/tests/etc/all_smhi_bas_2018/SBE09_1044_20180202_1801_34_02_0046.cnv
* Sea-Bird SBE 9 Data File:
* FileName = C:\ctd\temp\2018\ME18D046.hex
* Software Version Seasave V 7.26.6.26
* Temperature SN = 5351
* Conductivity SN = 3941
* Number of Bytes Per Scan = 41
* Number of Voltage Words = 4
* Number of Scans Averaged by the Deck Unit = 1
* NMEA Latitude = 56 34.00 N
* NMEA Longitude = 012 13.00 E
* NMEA UTC (Time) = Feb 02 2018  18:01:28
* NMEA baud rate = 4800
** Station:  St Middelgrund
** Operator:  JKro
** Ship: MERI
** Average sound velocity: 1465.32 m/s
** True-depth calculation Fri, 02 Feb 2018 21:31:19 +0000
** CTD Python Module SMHI /ver 3-12/ feb 2012 
** LIMS Job: 20183402-0046
** Cruise: SMHI-01-2018
** Latitude [GG MM.mm N] :
** Longitude [GG MM.mm E]:
# nquan = 26
# nvalues = 96                          
# units = specified
# name 0 = scan: Scan Count
# name 1 = prDM: Pressure, Digiquartz [db]
# name 2 = t090C: Temperature [ITS-90, deg C]
# name 3 = t190C: Temperature, 2 [ITS-90, deg C]
# name 4 = T2-T190C: Temperature Difference, 2 - 1 [ITS-90, deg C]
# name 5 = c0S/m: Conductivity [S/m]
# name 6 = c1S/m: Conductivity, 2 [S/m]
# name 7 = pumps: Pump Status
# name 8 = sbeox0ML/L: Oxygen, SBE 43 [ml/l]
# name 9 = sbeox1ML/L: Oxygen, SBE 43, 2 [ml/l]
# name 10 = altM: Altimeter [m]
# name 11 = flECO-AFL: Chl-a Fluorescence, WET Labs ECO-AFL/FL [mg/m^3]
# name 12 = flECO-AFL1: Phycocyanin Fluorescence, WET Labs ECO-AFL/FL, 2 [mg/m^3]
# name 13 = par: PAR/Irradiance, Biospherical/Lico [µE/(cm^2*s)]
# name 14 = turbWETntu0: Turbidity, WET Labs ECO [NTU]
# name 15 = sal00: Salinity, Practical [PSU]
# name 16 = sal11: Salinity, Practical, 2 [PSU]
# name 17 = secS-priS: Salinity, Practical, Difference, 2 - 1 [PSU]
# name 18 = sigma-t00: Density [sigma-t, Kg/m^3 ]
# name 19 = sigma-t11: Density, 2 [sigma-t, Kg/m^3 ]
# name 20 = depSM: Depth [salt water, m], lat = 56.5667
# name 21 = depFM: Depth [true depth, m], lat = 56.5667
# name 22 = dz/dtM: Descent Rate [m/s], WS = 2
# name 23 = svCM: Sound Velocity [Chen-Millero, m/s]
# name 24 = svCM1: Sound Velocity, 2 [Chen-Millero, m/s]
# name 25 = flag: flag
# span 0 =      13424,      16999       
# span 1 =      1.000,     48.500       
# span 2 =     3.5860,     7.3833       
# span 3 =     3.5826,     7.3833       
# span 4 =    -0.0146,     0.0347       
# span 5 =   1.867927,   3.422124       
# span 6 =   1.868537,   3.422183       
# span 7 =          1,          1       
# span 8 =    5.92792,    7.83214       
# span 9 =    5.90860,    7.77988       
# span 10 =       1.42,      98.15      
# span 11 =     0.1379,     1.1623      
# span 12 =     0.2656,     0.4637      
# span 13 = -1.722e-04, 1.7355e+00      
# span 14 =     0.5051,     1.8334      
# span 15 =    19.2630,    33.4328      
# span 16 =    19.2705,    33.4334      
# span 17 =    -0.0410,     0.0349      
# span 18 =    15.3161,    26.1315      
# span 19 =    15.3211,    26.1320      
# span 20 =      0.991,     48.051      
# span 21 =      1.003,     48.339      
# span 22 =     -0.065,      0.610      
# span 23 =    1444.65,    1478.97      
# span 24 =    1444.67,    1478.97      
# span 25 = 0.0000e+00, 0.0000e+00      
# interval = decibars: 0.5              
# start_time = Feb 02 2018 18:01:29 [NMEA time, first data scan]
# bad_flag = -9.990e-29
*END*
[from data line 56]
      15250     29.000     6.9019     6.9033     0.0013    3.28583    3.28614          1     6.0854     6.0666      21.31     0.1689     0.3198  1.000e-12  0.7465000    32.4170    32.4191     0.0021    25.3975    25.3990     28.733     28.977      0.301    1475.52    1475.53  0.000e+00
      15287     29.500     6.9352     6.9366     0.0014    3.29826    3.29868          1     6.0871     6.0638      20.85     0.1689     0.3133  1.000e-12  0.7747000    32.5212    32.5244     0.0033    25.4751    25.4775     29.228     29.474      0.360    1475.79    1475.80  0.000e+00
      15319     30.000     6.9603     6.9611     0.0008    3.31603    3.31665          1     6.0821     6.0495      20.34     0.1733     0.2845  1.000e-12  0.8097000    32.6914    32.6974     0.0061    25.6058    25.6105     29.723     29.970      0.352    1476.11    1476.12  0.000e+00
      15355     30.500     6.9525     6.9523    -0.0002    3.31959    3.31946          1     6.0742     6.0371      19.84     0.1582     0.2990  1.000e-12  0.8583000    32.7375    32.7363    -0.0012    25.6432    25.6422     30.219     30.467      0.336    1476.14    1476.14  0.000e+00
      15388     31.000     6.9526     6.9529     0.0003    3.32020    3.32030          1     6.0773     6.0537      19.40     0.1527     0.2999  1.000e-12  0.8662000    32.7438    32.7447     0.0009    25.6481    25.6488     30.714     30.964      0.392    1476.16    1476.16  0.000e+00
      15419     31.500     6.9515     6.9517     0.0002    3.32018    3.32030          1     6.0741     6.0711      18.91     0.1692     0.3047  1.000e-12  0.8756000    32.7445    32.7455     0.0010    25.6488    25.6496     31.209     31.460      0.351    1476.16    1476.17  0.000e+00
      15459     32.000     6.9491     6.9493     0.0002    3.32006    3.32018          1     6.0747     6.0641      18.32     0.1575     0.2656  1.000e-12  0.8532000    32.7452    32.7464     0.0012    25.6497    25.6506     31.705     31.957      0.279    1476.16    1476.16  0.000e+00
      15501     32.500     6.9454     6.9459     0.0004    3.32057    3.32066          1     6.0863     6.0526      17.86     0.1646     0.3071  1.000e-12  0.8789000    32.7540    32.7546     0.0007    25.6571    25.6575     32.200     32.453      0.342    1476.17    1476.17  0.000e+00
      15530     33.000     6.9444     6.9445     0.0000    3.32159    3.32167          1     6.0912     6.0470      17.41     0.1721     0.3320  1.000e-12  0.9213000    32.7658    32.7667     0.0009    25.6666    25.6672     32.696     32.950      0.458    1476.19    1476.19  0.000e+00
      15555     33.500     6.9485     6.9483    -0.0002    3.32248    3.32257          1     6.0901     6.0610      16.92     0.1638     0.3241  1.000e-12  0.9479000    32.7715    32.7726     0.0011    25.6705    25.6714     33.191     33.446      0.425    1476.22    1476.22  0.000e+00
      15592     34.000     6.9472     6.9478     0.0006    3.32263    3.32278          1     6.0796     6.0538      16.33     0.1599     0.3173  1.000e-12  0.9322000    32.7741    32.7752     0.0011    25.6727    25.6735     33.686     33.943      0.272    1476.22    1476.23  0.000e+00
      15641     34.500     6.9545     6.9538    -0.0007    3.32464    3.32452          1     6.0644     6.0653      15.79     0.1760     0.3323  1.000e-12  0.9074000    32.7890    32.7883    -0.0007    25.6835    25.6830     34.182     34.439      0.276    1476.28    1476.28  0.000e+00
      15675     35.000     6.9624     6.9624    -0.0000    3.32594    3.32603          1     6.0665     6.0643      15.37     0.1547     0.3236  1.000e-12  0.9350000    32.7954    32.7963     0.0009    25.6874    25.6881     34.677     34.936      0.432    1476.33    1476.33  0.000e+00
      15700     35.500     6.9686     6.9671    -0.0014    3.32700    3.32686          1     6.0762     6.0599      14.95     0.1731     0.2709  1.000e-12  0.9471000    32.8009    32.8006    -0.0002    25.6909    25.6909     35.172     35.432      0.483    1476.37    1476.36  0.000e+00
      15726     36.000     6.9794     6.9778    -0.0015    3.32898    3.32881          1     6.0822     6.0670      14.43     0.1555     0.2939  1.000e-12  0.9660000    32.8120    32.8116    -0.0004    25.6982    25.6981     35.668     35.929      0.410    1476.43    1476.42  0.000e+00
      15767     36.500     6.9965     6.9975     0.0009    3.33279    3.33293          1     6.0827     6.0653      13.79     0.1640     0.3086  1.000e-12  0.9617000    32.8370    32.8377     0.0006    25.7156    25.7160     36.163     36.425      0.234    1476.54    1476.54  0.000e+00
      15825     37.000     7.0048     7.0052     0.0004    3.33481    3.33490          1     6.0639     6.0443      13.30     0.1638     0.3051  1.000e-12  0.8856000    32.8510    32.8516     0.0006    25.7255    25.7259     36.658     36.922      0.393    1476.59    1476.60  0.000e+00
      15847     37.500     7.0169     7.0164    -0.0006    3.33651    3.33654          1     6.0670     6.0394      12.94     0.1632     0.3038  1.000e-12  0.9165000    32.8577    32.8586     0.0008    25.7292    25.7300     37.154     37.418      0.567    1476.66    1476.66  0.000e+00
      15867     38.000     7.0216     7.0215    -0.0001    3.33723    3.33733          1     6.0671     6.0441      12.51     0.1724     0.2657  1.000e-12  0.9360000    32.8609    32.8621     0.0012    25.7311    25.7320     37.649     37.915      0.550    1476.69    1476.69  0.000e+00
      15892     38.500     7.0235     7.0240     0.0004    3.33805    3.33819          1     6.0544     6.0448      11.92     0.1783     0.2837  1.000e-12  0.9968000    32.8677    32.8689     0.0012    25.7362    25.7371     38.144     38.411      0.336    1476.71    1476.72  0.000e+00
      15967     39.000     7.0452     7.0434    -0.0018    3.34177    3.34155          1     6.0464     6.0360      11.27     0.1607     0.3208  1.000e-12  0.8250000    32.8874    32.8867    -0.0007    25.7488    25.7485     38.640     38.908      0.328    1476.83    1476.82  0.000e+00
      15991     39.500     7.0477     7.0494     0.0018    3.34400    3.34424          1     6.0510     6.0307      10.93     0.1592     0.3112  1.000e-12  0.9346000    32.9092    32.9102     0.0010    25.7656    25.7661     39.135     39.404      0.534    1476.87    1476.88  0.000e+00
      16012     40.000     7.0355     7.0362     0.0007    3.34313    3.34327          1     6.0511     6.0414      10.49     0.1731     0.2932  1.000e-12  0.9383000    32.9111    32.9120     0.0009    25.7688    25.7694     39.630     39.901      0.544    1476.84    1476.84  0.000e+00
      16037     40.500     7.0255     7.0243    -0.0012    3.34331    3.34326          1     6.0599     6.0395       9.95     0.1633     0.3152  1.000e-12  0.9601000    32.9224    32.9229     0.0006    25.7790    25.7796     40.126     40.397      0.395    1476.82    1476.82  0.000e+00
      16093     41.000     6.9942     6.9952     0.0011    3.34225    3.34234          1     6.0774     6.0549       9.28     0.1779     0.3023  1.000e-12  0.8520000    32.9404    32.9405     0.0001    25.7974    25.7973     40.621     40.894      0.248    1476.73    1476.73  0.000e+00
      16137     41.500     6.9906     6.9909     0.0003    3.34482    3.34489          1     6.0650     6.0670       8.88     0.1537     0.3325  1.000e-12  0.8408000    32.9718    32.9723     0.0005    25.8226    25.8230     41.116     41.390      0.467    1476.76    1476.77  0.000e+00
      16158     42.000     7.0126     7.0121    -0.0005    3.35276    3.35267          1     6.0879     6.0775       8.48     0.1565     0.3081  1.000e-12  0.9229000    33.0373    33.0368    -0.0005    25.8712    25.8708     41.612     41.886      0.536    1476.94    1476.94  0.000e+00
      16183     42.500     7.0654     7.0671     0.0017    3.36502    3.36545          1     6.0757     6.0695       7.98     0.1535     0.3236  1.000e-12  0.9639000    33.1202    33.1234     0.0031    25.9293    25.9316     42.107     42.383      0.411    1477.26    1477.27  0.000e+00
      16228     43.000     7.1520     7.1374    -0.0146    3.37857    3.37657          1     6.0283     6.0136       7.31     0.1453     0.2916  1.000e-12  0.9140000    33.1847    33.1769    -0.0078    25.9683    25.9641     42.602     42.879      0.219    1477.68    1477.61  0.000e+00
      16276     43.500     7.2018     7.1994    -0.0024    3.38650    3.38630          1     5.9949     5.9865       6.85     0.1379     0.2804  1.000e-12  0.8683000    33.2229    33.2230     0.0001    25.9915    25.9919     43.098     43.376      0.349    1477.93    1477.92  0.000e+00
      16305     44.000     7.2466     7.2487     0.0021    3.39411    3.39452          1     5.9739     5.9664       6.45     0.1467     0.3120  1.000e-12  0.9424000    33.2624    33.2648     0.0024    26.0165    26.0181     43.593     43.872      0.441    1478.16    1478.17  0.000e+00
      16333     44.500     7.2765     7.2809     0.0044    3.39896    3.39987          1     5.9659     5.9551       5.96     0.1523     0.3263  1.000e-12  0.9879000    33.2861    33.2918     0.0057    26.0310    26.0348     44.088     44.368      0.384    1478.31    1478.34  0.000e+00
      16372     45.000     7.2937     7.2928    -0.0009    3.40217    3.40220          1     5.9601     5.9596       5.36     0.1529     0.3017  1.000e-12  0.9778000    33.3041    33.3054     0.0013    26.0427    26.0439     44.583     44.865      0.265    1478.41    1478.41  0.000e+00
      16416     45.500     7.3279     7.3290     0.0010    3.40983    3.41037          1     5.9548     5.9374       4.86     0.1454     0.3032  1.000e-12  1.0662000    33.3541    33.3591     0.0049    26.0773    26.0811     45.079     45.361      0.325    1478.61    1478.62  0.000e+00
      16449     46.000     7.3479     7.3466    -0.0013    3.41418    3.41395          1     5.9373     5.9369       4.41     0.1497     0.3296  1.000e-12  1.3817000    33.3819    33.3807    -0.0012    26.0964    26.0957     45.574     45.857      0.364    1478.73    1478.73  0.000e+00
      16482     46.500     7.3475     7.3475    -0.0000    3.41417    3.41416          1     5.9367     5.9292       3.94     0.1483     0.3037  1.000e-12  1.3803000    33.3820    33.3818    -0.0001    26.0965    26.0964     46.069     46.354      0.344    1478.74    1478.74  0.000e+00
      16526     47.000     7.3586     7.3592     0.0006    3.41661    3.41684          1     5.9413     5.9135       3.38     0.1614     0.3312  1.000e-12  1.4947000    33.3975    33.3994     0.0019    26.1072    26.1086     46.565     46.850      0.230    1478.81    1478.81  0.000e+00
      16654     47.500     7.3746     7.3731    -0.0015    3.42016    3.41999          1     5.9328     5.9189       2.84     0.1477     0.3020  1.000e-12  1.7788000    33.4204    33.4200    -0.0005    26.1230    26.1228     47.060     47.346      0.204    1478.91    1478.90  0.000e+00
      16852     48.000     7.3783     7.3781    -0.0002    3.42099    3.42107          1     5.9280     5.9086       2.35     0.1588     0.3404  1.000e-12  1.7652000    33.4256    33.4266     0.0010    26.1265    26.1273     47.555     47.843      0.226    1478.94    1478.94  0.000e+00
      16999     48.500     7.3833     7.3833     0.0000    3.42212    3.42218          1     5.9279     5.9237       1.69     0.1538     0.3189  1.000e-12  1.8334000    33.4328    33.4334     0.0006    26.1315    26.1320     48.051     48.339     -0.065    1478.97    1478.97  0.000e+00
