ctdpy/tests/etc/all_smhi_bas_2018/SBE09_0827_20180126_1005_26_01_0215.cnv
* Sea-Bird SBE 9 Data File:
* FileName = D:\CTD_SBE911\DAT\26DA.2018.1.115.hex
* Software Version Seasave V 7.21d
* Temperature SN = 034757
* Conductivity SN = 041844
* Number of Bytes Per Scan = 48
* Number of Voltage Words = 5
* Number of Scans Averaged by the Deck Unit = 1
* NMEA Latitude = 56 48.38 N
* NMEA Longitude = 011 49.49 E
* NMEA UTC (Time) = Jan 26 2018  10:05:06
* NMEA baud rate = 4800
** Ship: DANA
** Average sound velocity: 1466.25 m/s
** True-depth calculation Thu, 28 Mar 2019 08:30:27 +0000
** CTD Python Module SMHI /ver 3-12/ feb 2012 
** LIMS Job: 20182601-0215
** Fyrbanken
** Operator: Ronny Sørensen
** Cruise: 01/2018
# nquan = 26
# nvalues = 87                          
# units = specified
# name 0 = scan: Scan Count
# name 1 = prDM: Pressure, Digiquartz [db]
# name 2 = t090C: Temperature [ITS-90, deg C]
# name 3 = t190C: Temperature, 2 [ITS-90, deg C]
# name 4 = T2-T190C: Temperature Difference, 2 - 1 [ITS-90, deg C]
# name 5 = c0S/m: Conductivity [S/m]
# name 6 = c1S/m: Conductivity, 2 [S/m]
# name 7 = pumps: Pump Status
# name 8 = sbeox1ML/L: Oxygen, SBE 43, 2 [ml/l]
# name 9 = sbeox0ML/L: Oxygen, SBE 43 [ml/l]
# name 10 = altM: Altimeter [m]
# name 11 = chloroflTC0: Chlorophyll, Turner Cyclops [ug/l]
# name 12 = cpar: CPAR/Corrected Irradiance [%]
# name 13 = par: PAR/Irradiance, Biospherical/Lico [µE/(cm^2*s)]
# name 14 = spar: SPAR, Biospherical/Licor
# name 15 = sal00: Salinity, Practical [PSU]
# name 16 = sal11: Salinity, Practical, 2 [PSU]
# name 17 = secS-priS: Salinity, Practical, Difference, 2 - 1 [PSU]
# name 18 = sigma-t00: Density [sigma-t, kg/m^3 ]
# name 19 = sigma-t11: Density, 2 [sigma-t, kg/m^3 ]
# name 20 = depSM: Depth [salt water, m], lat = 56.8063
# name 21 = depFM: Depth [true depth, m], lat = 56.8063
# name 22 = dz/dtM: Descent Rate [m/s], WS = 2
# name 23 = svCM: Sound Velocity [Chen-Millero, m/s]
# name 24 = svCM1: Sound Velocity, 2 [Chen-Millero, m/s]
# name 25 = flag: flag
# span 0 =        328,       4371       
# span 1 =      2.000,     45.000       
# span 2 =     3.5237,     7.2021       
# span 3 =     3.5284,     7.1996       
# span 4 =    -0.8876,     0.0046       
# span 5 =   1.746330,   3.404233       
# span 6 =   1.746701,   3.403878       
# span 7 =          1,          1       
# span 8 =     5.6396,     7.5754       
# span 9 =     5.8134,     7.6691       
# span 10 =       1.73,       9.99      
# span 11 =     0.0157,     0.0624      
# span 12 = -4.818e-06, 3.8977e+00      
# span 13 = -6.536e-05, 5.2580e+01      
# span 14 = 1.3418e+03, 1.3731e+03      
# span 15 =    17.9352,    33.4175      
# span 16 =    17.9368,    33.4148      
# span 17 =    -4.2061,     0.0016      
# span 18 =    14.2650,    26.1454      
# span 19 =    14.2660,    26.1434      
# span 20 =      1.982,     44.583      
# span 21 =      2.008,     44.849      
# span 22 =      0.216,      0.282      
# span 23 =    1442.74,    1478.19      
# span 24 =    1442.76,    1478.18      
# span 25 = 0.0000e+00, 0.0000e+00      
# interval = decibars: 0.5              
# start_time = Jan 26 2018 10:05:07 [NMEA time, first data scan]
# bad_flag = -9.990e-29
*END*
        328      2.000     3.5428     3.5414    -0.0013    1.75018    1.74966          1     7.4882     7.5186       7.17     0.0158  3.715e+00  5.012e+01  1.349e+03    17.9688    17.9637    -0.0051    14.2907    14.2868      1.982      2.008      0.223    1442.81    1442.80  0.000e+00
        380      2.500     3.5412     3.5410    -0.0001    1.74969    1.74947          1     7.4715     7.5294       6.69     0.0159  3.898e+00  5.258e+01  1.349e+03    17.9640    17.9616    -0.0024    14.2870    14.2851      2.477      2.510      0.270    1442.80    1442.80  0.000e+00
        426      3.000     3.5398     3.5394    -0.0004    1.74932    1.74916          1     7.5007     7.6096       7.33     0.0157  3.159e+00  4.261e+01  1.349e+03    17.9605    17.9589    -0.0016    14.2843    14.2831      2.972      3.013      0.241    1442.80    1442.80  0.000e+00
        473      3.500     3.5390     3.5383    -0.0008    1.74915    1.74875          1     7.5371     7.6299       7.66     0.0159  2.516e+00  3.393e+01  1.349e+03    17.9589    17.9548    -0.0041    14.2830    14.2798      3.468      3.515      0.258    1442.80    1442.80  0.000e+00
        523      4.000     3.5377     3.5380     0.0003    1.74870    1.74873          1     7.5389     7.6469       6.39     0.0160  2.238e+00  3.016e+01  1.348e+03    17.9544    17.9546     0.0002    14.2795    14.2797      3.963      4.017      0.235    1442.80    1442.80  0.000e+00
        572      4.500     3.5363     3.5364     0.0002    1.74841    1.74828          1     7.5349     7.6691       6.59     0.0162  1.842e+00  2.484e+01  1.348e+03    17.9519    17.9502    -0.0016    14.2776    14.2763      4.459      4.519      0.274    1442.80    1442.80  0.000e+00
        617      5.000     3.5300     3.5314     0.0014    1.74738    1.74748          1     7.5523     7.6598       6.70     0.0164  1.615e+00  2.177e+01  1.348e+03    17.9436    17.9439     0.0004    14.2713    14.2715      4.954      5.021      0.241    1442.77    1442.78  0.000e+00
        666      5.500     3.5237     3.5284     0.0046    1.74633    1.74670          1     7.5328     7.6561       4.94     0.0172  1.336e+00  1.801e+01  1.348e+03    17.9352    17.9368     0.0016    14.2650    14.2660      5.450      5.523      0.264    1442.74    1442.76  0.000e+00
        713      6.000     3.5324     3.5299    -0.0025    1.74879    1.74681          1     7.5184     7.6629       4.42     0.0239  1.098e+00  1.480e+01  1.348e+03    17.9578    17.9370    -0.0207    14.2825    14.2661      5.945      6.025      0.239    1442.81    1442.78  0.000e+00
        763      6.500     3.5449     3.5358    -0.0091    1.75199    1.74850          1     7.5339     7.6463       3.58     0.0230  9.616e-01  1.297e+01  1.349e+03    17.9863    17.9524    -0.0339    14.3045    14.2780      6.440      6.527      0.252    1442.91    1442.83  0.000e+00
        810      7.000     3.5471     3.5392    -0.0079    1.75337    1.74992          1     7.5754     7.6525       8.58     0.0260  8.352e-01  1.124e+01  1.345e+03    18.0004    17.9663    -0.0341    14.3156    14.2889      6.936      7.029      0.243    1442.95    1442.87  0.000e+00
        861      7.500     3.5493     3.5427    -0.0066    1.75464    1.75122          1     7.5461     7.6498       9.31     0.0268  7.091e-01  9.546e+00  1.346e+03    18.0133    17.9787    -0.0346    14.3257    14.2986      7.431      7.531      0.242    1442.98    1442.91  0.000e+00
        908      8.000     3.5615     3.5448    -0.0167    1.76093    1.75208          1     7.5484     7.6313       3.68     0.0269  6.358e-01  8.569e+00  1.348e+03    18.0765    17.9869    -0.0896    14.3753    14.3050      7.927      8.033      0.271    1443.13    1442.94  0.000e+00
        951      8.500     3.5966     3.5478    -0.0488    1.77826    1.75322          1     7.5290     7.6032       8.26     0.0267  5.298e-01  7.134e+00  1.346e+03    18.2503    17.9979    -0.2524    14.5115    14.3136      8.422      8.536      0.268    1443.51    1442.97  0.000e+00
        998      9.000     3.6190     3.5554    -0.0636    1.78799    1.75647          1     7.5323     7.5701       9.99     0.0257  4.496e-01  6.057e+00  1.347e+03    18.3462    18.0298    -0.3164    14.5864    14.3385      8.917      9.037      0.252    1443.74    1443.06  0.000e+00
       1046      9.500     3.6536     3.5664    -0.0872    1.80366    1.76191          1     7.5244     7.5124       7.10     0.0261  4.130e-01  5.575e+00  1.350e+03    18.5014    18.0843    -0.4171    14.7078    14.3812      9.413      9.539      0.240    1444.10    1443.18  0.000e+00
       1097     10.000     3.7909     3.5872    -0.2037    1.86758    1.77201          1     7.4612     7.4506       9.59     0.0266  3.489e-01  4.707e+00  1.349e+03    19.1352    18.1853    -0.9499    15.2030    14.4604      9.908     10.041      0.247    1445.52    1443.41  0.000e+00
       1145     10.500     3.9975     3.6174    -0.3801    1.96622    1.78450          1     7.4540     7.3302       9.96     0.0270  3.122e-01  4.200e+00  1.345e+03    20.1119    18.3077    -1.8042    15.9653    14.5560     10.403     10.543      0.235    1447.68    1443.71  0.000e+00
       1196     11.000     4.1813     3.6527    -0.5285    2.04815    1.80132          1     7.3693     7.2242       8.62     0.0267  2.820e-01  3.799e+00  1.347e+03    20.9104    18.4752    -2.4351    16.5861    14.6871     10.899     11.044      0.248    1449.51    1444.09  0.000e+00
       1244     11.500     4.3044     3.7679    -0.5367    2.10151    1.84285          1     7.3579     7.1431       9.99     0.0269  2.489e-01  3.356e+00  1.348e+03    21.4255    18.8721    -2.5534    16.9857    14.9956     11.394     11.545      0.257    1450.70    1445.11  0.000e+00
       1289     12.000     4.4596     3.9724    -0.4872    2.17084    1.94518          1     7.2833     7.0641       9.96     0.0268  2.179e-01  2.940e+00  1.349e+03    22.0946    19.8921    -2.2024    17.5041    15.7926     11.890     12.045      0.264    1452.23    1447.32  0.000e+00
       1335     12.500     4.6039     4.0196    -0.5844    2.23613    1.97684          1     7.1219     7.0093       9.96     0.0271  1.948e-01  2.630e+00  1.350e+03    22.7229    20.2161    -2.5068    17.9904    16.0465     12.385     12.546      0.252    1453.65    1447.95  0.000e+00
       1385     13.000     4.7352     4.2124    -0.5226    2.29666    2.04424          1     7.0646     6.9408       9.96     0.0272  1.697e-01  2.292e+00  1.350e+03    23.3043    20.8460    -2.4583    18.4399    16.5329     12.880     13.046      0.232    1454.96    1449.59  0.000e+00
       1436     13.500     4.8644     4.4111    -0.4533    2.35138    2.13842          1     6.9863     6.8825       9.96     0.0273  1.514e-01  2.042e+00  1.349e+03    23.8201    21.7655    -2.0546    18.8371    17.2472     13.376     13.546      0.245    1456.17    1451.63  0.000e+00
       1485     14.000     4.9412     4.5989    -0.3424    2.38248    2.22444          1     6.8768     6.7593       9.96     0.0269  1.320e-01  1.780e+00  1.348e+03    24.1097    22.5959    -1.5139    19.0595    17.8903     13.871     14.046      0.240    1456.87    1453.49  0.000e+00
       1534     14.500     5.0473     4.7642    -0.2831    2.43724    2.30011          1     6.8300     6.6681       9.96     0.0269  1.187e-01  1.601e+00  1.348e+03    24.6387    23.3218    -1.3169    19.4681    18.4513     14.367     14.545      0.263    1457.99    1455.13  0.000e+00
       1577     15.000     5.5523     4.8356    -0.7166    2.69167    2.33843          1     6.7100     6.5381       9.96     0.0269  1.065e-01  1.436e+00  1.349e+03    27.0650    23.6964    -3.3686    21.3359    18.7417     14.862     15.044      0.278    1463.16    1455.91  0.000e+00
       1622     15.500     5.8353     4.9476    -0.8876    2.82503    2.38234          1     6.5921     6.3969       9.96     0.0277  9.417e-02  1.270e+00  1.349e+03    28.3089    24.1029    -4.2061    22.2883    19.0534     15.357     15.543      0.252    1465.89    1456.91  0.000e+00
       1672     16.000     5.9013     5.2528    -0.6485    2.85504    2.52347          1     6.4254     6.3762       9.95     0.0281  8.333e-02  1.124e+00  1.349e+03    28.5845    25.4396    -3.1449    22.4985    20.0822     15.853     16.041      0.244    1466.52    1459.88  0.000e+00
       1720     16.500     5.9673     5.6323    -0.3351    2.88497    2.69320          1     6.3825     6.3594       9.95     0.0280  7.288e-02  9.782e-01  1.342e+03    28.8587    27.0177    -1.8411    22.7074    21.2904     16.348     16.539      0.252    1467.13    1463.45  0.000e+00
       1767     17.000     6.0175     5.9225    -0.0950    2.90841    2.85381          1     6.2991     6.3450       9.95     0.0280  6.421e-02  8.637e-01  1.345e+03    29.0741    28.5525    -0.5216    22.8717    22.4708     16.843     17.037      0.249    1467.62    1466.58  0.000e+00
       1816     17.500     6.0522     6.0258    -0.0265    2.92294    2.90452          1     6.2085     6.3133       9.95     0.0286  5.656e-02  7.589e-01  1.342e+03    29.2043    29.0239    -0.1804    22.9704    22.8311     17.339     17.535      0.250    1467.93    1467.60  0.000e+00
       1862     18.000     6.0984     6.0611    -0.0372    2.94269    2.92264          1     6.1378     6.3001       9.95     0.0284  4.875e-02  6.564e-01  1.346e+03    29.3819    29.1930    -0.1888    23.1051    22.9605     17.834     18.032      0.267    1468.35    1467.96  0.000e+00
       1907     18.500     6.1986     6.1261    -0.0725    2.98916    2.94809          1     6.1336     6.2602       9.95     0.0282  4.248e-02  5.729e-01  1.349e+03    29.8062    29.4171    -0.3892    23.4281    23.1297     18.330     18.530      0.262    1469.29    1468.51  0.000e+00
       1955     19.000     6.2409     6.2055    -0.0355    3.00686    2.98710          1     6.1250     6.2329       9.95     0.0281  3.692e-02  4.985e-01  1.350e+03    29.9637    29.7773    -0.1864    23.5473    23.4045     18.825     19.028      0.253    1469.67    1469.29  0.000e+00
       2001     19.500     6.2549     6.2358    -0.0190    3.01555    3.00438          1     6.0647     6.2320       9.95     0.0284  3.173e-02  4.282e-01  1.350e+03    30.0468    29.9407    -0.1061    23.6112    23.5298     19.320     19.525      0.256    1469.84    1469.62  0.000e+00
       2049     20.000     6.2878     6.2565    -0.0314    3.02929    3.01472          1     6.0534     6.2067       9.95     0.0288  2.715e-02  3.664e-01  1.350e+03    30.1687    30.0360    -0.1327    23.7034    23.6025     19.816     20.023      0.248    1470.13    1469.84  0.000e+00
       2098     20.500     6.3308     6.2807    -0.0502    3.04790    3.02533          1     6.0574     6.1777       9.95     0.0293  2.318e-02  3.130e-01  1.350e+03    30.3350    30.1312    -0.2038    23.8293    23.6746     20.311     20.520      0.239    1470.52    1470.06  0.000e+00
       2147     21.000     6.3608     6.2867    -0.0741    3.06623    3.03092          1     6.0111     6.1497       9.95     0.0293  1.972e-02  2.659e-01  1.348e+03    30.5096    30.1872    -0.3224    23.9633    23.7180     20.806     21.017      0.261    1470.86    1470.16  0.000e+00
       2191     21.500     6.4122     6.2976    -0.1146    3.11249    3.03614          1     6.0125     6.1599       9.95     0.0294  1.621e-02  2.192e-01  1.352e+03    30.9720    30.2347    -0.7373    24.3215    23.7542     21.302     21.515      0.268    1471.66    1470.27  0.000e+00
       2238     22.000     6.4572     6.3126    -0.1446    3.13787    3.04820          1     5.9710     6.1500       9.95     0.0301  1.327e-02  1.798e-01  1.355e+03    31.2101    30.3538    -0.8563    24.5037    23.8463     21.797     22.012      0.251    1472.14    1470.49  0.000e+00
       2286     22.500     6.4788     6.3505    -0.1284    3.14570    3.07045          1     5.9913     6.1366       9.95     0.0304  1.065e-02  1.443e-01  1.354e+03    31.2763    30.5646    -0.7117    24.5531    24.0079     22.293     22.509      0.250    1472.32    1470.92  0.000e+00
       2335     23.000     6.5291     6.3965    -0.1327    3.16633    3.10058          1     5.9742     6.1132       9.95     0.0304  8.226e-03  1.113e-01  1.353e+03    31.4568    30.8544    -0.6023    24.6891    24.2308     22.788     23.006      0.243    1472.75    1471.47  0.000e+00
       2383     23.500     6.6156     6.4289    -0.1866    3.20729    3.11710          1     5.9559     6.0942       9.95     0.0305  5.855e-03  7.931e-02  1.355e+03    31.8268    31.0067    -0.8201    24.9697    24.3468     23.283     23.503      0.257    1473.57    1471.80  0.000e+00
       2431     24.000     6.6360     6.4992    -0.1369    3.21727    3.14619          1     5.9378     6.0743       9.95     0.0313  3.753e-03  5.085e-02  1.355e+03    31.9172    31.2622    -0.6550    25.0384    24.5395     23.779     24.000      0.248    1473.77    1472.41  0.000e+00
       2476     24.500     6.6582     6.5448    -0.1134    3.22898    3.18049          1     5.9009     6.0693       9.95     0.0315  1.931e-03  2.619e-02  1.357e+03    32.0249    31.5973    -0.4276    25.1204    24.7979     24.274     24.497      0.271    1474.00    1473.02  0.000e+00
       2522     25.000     6.6972     6.5788    -0.1184    3.24886    3.19105          1     5.9282     6.0590       9.95     0.0316  2.845e-04  3.860e-03  1.357e+03    32.2065    31.6817    -0.5248    25.2585    24.8601     24.769     24.993      0.255    1474.39    1473.26  0.000e+00
       2569     25.500     6.7185     6.6512    -0.0673    3.26101    3.22535          1     5.8970     6.0523       9.95     0.0317 -4.818e-06 -6.536e-05  1.359e+03    32.3196    31.9910    -0.3285    25.3448    25.0946     25.265     25.490      0.260    1474.62    1473.95  0.000e+00
       2615     26.000     6.7259     6.6721    -0.0537    3.26496    3.23814          1     5.8515     6.0410       9.95     0.0319  7.364e-14  1.000e-12  1.358e+03    32.3557    32.1118    -0.2440    25.3723    25.1871     25.760     25.987      0.261    1474.70    1474.19  0.000e+00
       2662     26.500     6.7327     6.7051    -0.0276    3.26846    3.25453          1     5.8517     6.0325       9.95     0.0325  7.365e-14  1.000e-12  1.358e+03    32.3876    32.2606    -0.1270    25.3965    25.3001     26.255     26.483      0.250    1474.78    1474.51  0.000e+00
       2711     27.000     6.7350     6.7242    -0.0108    3.27052    3.26395          1     5.8200     6.0277       9.95     0.0329  7.360e-14  1.000e-12  1.359e+03    32.4078    32.3457    -0.0620    25.4122    25.3647     26.751     26.980      0.245    1474.82    1474.70  0.000e+00
       2758     27.500     6.7739     6.7462    -0.0277    3.29201    3.27614          1     5.7939     6.0287       9.95     0.0322  7.361e-14  1.000e-12  1.358e+03    32.6066    32.4586    -0.1480    25.5637    25.4507     27.246     27.477      0.265    1475.23    1474.94  0.000e+00
       2802     28.000     6.8297     6.8062    -0.0235    3.31228    3.30015          1     5.8107     6.0081       9.95     0.0325  7.368e-14  1.000e-12  1.357e+03    32.7757    32.6649    -0.1108    25.6896    25.6054     27.741     27.973      0.282    1475.67    1475.44  0.000e+00
       2845     28.500     6.8437     6.8261    -0.0176    3.31711    3.30968          1     5.8347     6.0050       9.95     0.0332  7.350e-14  1.000e-12  1.360e+03    32.8151    32.7504    -0.0647    25.7187    25.6701     28.237     28.470      0.267    1475.78    1475.63  0.000e+00
       2892     29.000     6.8495     6.8331    -0.0164    3.31944    3.31279          1     5.8563     6.0050       9.95     0.0342  7.344e-14  1.000e-12  1.362e+03    32.8349    32.7777    -0.0572    25.7336    25.6907     28.732     28.966      0.253    1475.84    1475.70  0.000e+00
