ctdpy/tests/etc/all_smhi_bas_2018/SBE09_0827_20180823_1639_26_01_0870.cnv
* Sea-Bird SBE 9 Data File:
* FileName = D:\CTD_SBE911\DAT\26DA.2018.8.70.hex
* Software Version Seasave V 7.21d
* Temperature SN = 034605
* Conductivity SN = 041844
* Number of Bytes Per Scan = 48
* Number of Voltage Words = 5
* Number of Scans Averaged by the Deck Unit = 1
* NMEA Latitude = 58 00.51 N
* NMEA Longitude = 009 49.63 E
* NMEA UTC (Time) = Aug 23 2018  16:41:51
* NMEA baud rate = 4800
** Ship: DANA
** Average sound velocity: 1487.29 m/s
** True-depth calculation Thu, 28 Mar 2019 09:26:06 +0000
** CTD Python Module SMHI /ver 3-12/ feb 2012 
** LIMS Job: 20182601-0870
**  27 N HIRTSHALS
** Operator: Christian
** Cruise: 08/2018
# nquan = 26
# nvalues = 285                         
# units = specified
# name 0 = scan: Scan Count
# name 1 = prDM: Pressure, Digiquartz [db]
# name 2 = t090C: Temperature [ITS-90, deg C]
# name 3 = t190C: Temperature, 2 [ITS-90, deg C]
# name 4 = T2-T190C: Temperature Difference, 2 - 1 [ITS-90, deg C]
# name 5 = c0S/m: Conductivity [S/m]
# name 6 = c1S/m: Conductivity, 2 [S/m]
# name 7 = pumps: Pump Status
# name 8 = sbeox1ML/L: Oxygen, SBE 43, 2 [ml/l]
# name 9 = sbeox0ML/L: Oxygen, SBE 43 [ml/l]
# name 10 = altM: Altimeter [m]
# name 11 = chloroflTC0: Chlorophyll, Turner Cyclops [ug/l]
# name 12 = cpar: CPAR/Corrected Irradiance [%]
# name 13 = par: PAR/Irradiance, Biospherical/Lico [µE/(cm^2*s)]
# name 14 = spar: SPAR, Biospherical/Licor
# name 15 = sal00: Salinity, Practical [PSU]
# name 16 = sal11: Salinity, Practical, 2 [PSU]
# name 17 = secS-priS: Salinity, Practical, Difference, 2 - 1 [PSU]
# name 18 = sigma-t00: Density [sigma-t, kg/m^3 ]
# name 19 = sigma-t11: Density, 2 [sigma-t, kg/m^3 ]
# name 20 = depSM: Depth [salt water, m], lat = 58.0085
# name 21 = depFM: Depth [true depth, m], lat = 58.0085
# name 22 = dz/dtM: Descent Rate [m/s], WS = 2
# name 23 = svCM: Sound Velocity [Chen-Millero, m/s]
# name 24 = svCM1: Sound Velocity, 2 [Chen-Millero, m/s]
# name 25 = flag: flag
# span 0 =        340,      13402       
# span 1 =      1.500,    143.500       
# span 2 =     6.9075,    17.4993       
# span 3 =     6.9050,    17.4907       
# span 4 =    -1.6241,     0.3871       
# span 5 =   3.536675,   4.313972       
# span 6 =   3.536139,   4.312934       
# span 7 =          1,          1       
# span 8 =     4.8959,     6.5652       
# span 9 =     4.9150,     6.3457       
# span 10 =      -0.12,       9.98      
# span 11 =     0.0374,     0.3195      
# span 12 = -1.364e-05, 7.8813e+00      
# span 13 = -1.330e-05, 8.0028e+00      
# span 14 = 7.1079e+01, 1.0154e+02      
# span 15 =    31.4063,    35.1249      
# span 16 =    31.4147,    35.1524      
# span 17 =    -0.7189,     0.1750      
# span 18 =    22.6451,    27.5207      
# span 19 =    22.6508,    27.5243      
# span 20 =      1.486,    142.121      
# span 21 =      1.494,    142.374      
# span 22 =     -0.586,      0.539      
# span 23 =    1480.32,    1511.95      
# span 24 =    1480.32,    1511.95      
# span 25 = 0.0000e+00, 0.0000e+00      
# interval = decibars: 0.5              
# start_time = Aug 23 2018 16:41:52 [NMEA time, first data scan]
# bad_flag = -9.990e-29
*END*
[from data line 112]
       5438     57.500     8.0576     8.0390    -0.0185    3.59507    3.59516          1     4.9253     4.9534       9.97     0.0595  1.097e-12  1.000e-12  9.119e+01    34.6345    34.6537     0.0193    26.9781    26.9960     56.959     57.114      0.231    1483.18    1483.14  0.000e+00
       5483     58.000     8.0401     8.0336    -0.0065    3.59395    3.59465          1     4.9126     4.9462       9.97     0.0588  1.095e-12  1.000e-12  9.134e+01    34.6395    34.6534     0.0139    26.9847    26.9966     57.454     57.610      0.284    1483.13    1483.13  0.000e+00
       5528     58.500     8.0410     8.0350    -0.0060    3.59429    3.59483          1     4.9284     4.9604       9.97     0.0586  1.105e-12  1.000e-12  9.051e+01    34.6420    34.6537     0.0116    26.9866    26.9966     57.950     58.105      0.248    1483.15    1483.14  0.000e+00
       5579     59.000     8.0418     8.0380    -0.0037    3.59451    3.59515          1     4.9262     4.9586       9.97     0.0590  1.119e-12  1.000e-12  8.938e+01    34.6433    34.6539     0.0105    26.9875    26.9963     58.445     58.601      0.238    1483.16    1483.16  0.000e+00
       5624     59.500     8.0423     8.0379    -0.0045    3.59468    3.59519          1     4.9244     4.9551       9.97     0.0604  1.119e-12  1.000e-12  8.936e+01    34.6444    34.6543     0.0098    26.9883    26.9966     58.940     59.097      0.295    1483.17    1483.17  0.000e+00
       5668     60.000     8.0410     8.0368    -0.0042    3.59463    3.59506          1     4.9274     4.9600       9.97     0.0581  1.119e-12  1.000e-12  8.936e+01    34.6449    34.6536     0.0087    26.9888    26.9963     59.435     59.593      0.235    1483.17    1483.17  0.000e+00
       5724     60.500     8.0175     8.0094    -0.0081    3.59271    3.59310          1     4.9271     4.9601       9.97     0.0594  1.119e-12  1.000e-12  8.936e+01    34.6473    34.6596     0.0123    26.9942    27.0051     59.931     60.089      0.236    1483.10    1483.08  0.000e+00
       5768     61.000     7.9988     7.9931    -0.0057    3.59117    3.59158          1     4.9340     4.9717       9.97     0.0560  1.119e-12  1.000e-12  8.936e+01    34.6491    34.6591     0.0100    26.9985    27.0071     60.426     60.585      0.285    1483.04    1483.03  0.000e+00
       5815     61.500     7.9933     7.9888    -0.0045    3.59072    3.59108          1     4.9304     4.9725       9.97     0.0573  1.119e-12  1.000e-12  8.936e+01    34.6495    34.6579     0.0083    26.9996    27.0068     60.921     61.081      0.223    1483.03    1483.02  0.000e+00
       5869     62.000     7.9875     7.9848    -0.0027    3.59023    3.59070          1     4.9335     4.9654       9.97     0.0576  1.119e-12  1.000e-12  8.936e+01    34.6497    34.6575     0.0078    27.0006    27.0071     61.416     61.577      0.252    1483.01    1483.01  0.000e+00
       5912     62.500     7.9792     7.9740    -0.0052    3.58952    3.58987          1     4.9355     4.9644       9.97     0.0573  1.119e-12  1.000e-12  8.936e+01    34.6500    34.6589     0.0089    27.0021    27.0098     61.911     62.073      0.281    1482.99    1482.98  0.000e+00
       5959     63.000     7.9714     7.9641    -0.0073    3.58884    3.58887          1     4.9310     4.9529       9.97     0.0574  1.119e-12  1.000e-12  8.936e+01    34.6502    34.6579     0.0077    27.0034    27.0105     62.407     62.568      0.240    1482.97    1482.95  0.000e+00
       6007     63.500     7.9649     7.9604    -0.0045    3.58827    3.58851          1     4.9136     4.9656       9.97     0.0587  1.119e-12  1.000e-12  8.936e+01    34.6503    34.6573     0.0071    27.0044    27.0106     62.902     63.064      0.259    1482.95    1482.94  0.000e+00
       6056     64.000     7.9602     7.9549    -0.0052    3.58783    3.58796          1     4.9300     4.9654       9.97     0.0579  1.119e-12  1.000e-12  8.936e+01    34.6500    34.6566     0.0065    27.0049    27.0109     63.397     63.560      0.229    1482.94    1482.93  0.000e+00
       6108     64.500     7.9476     7.9426    -0.0050    3.58658    3.58697          1     4.9227     4.9629       9.97     0.0587  1.119e-12  1.000e-12  8.936e+01    34.6488    34.6580     0.0092    27.0058    27.0138     63.892     64.056      0.252    1482.90    1482.89  0.000e+00
       6153     65.000     7.9309     7.9247    -0.0062    3.58497    3.58510          1     4.9253     4.9609       9.97     0.0558  1.119e-12  1.000e-12  8.936e+01    34.6478    34.6554     0.0076    27.0076    27.0144     64.387     64.552      0.263    1482.85    1482.83  0.000e+00
       6202     65.500     7.9158     7.9093    -0.0065    3.58370    3.58387          1     4.9204     4.9521       9.97     0.0547  1.121e-12  1.000e-12  8.923e+01    34.6489    34.6571     0.0083    27.0106    27.0181     64.883     65.048      0.242    1482.80    1482.78  0.000e+00
       6248     66.000     7.8980     7.8917    -0.0062    3.58205    3.58228          1     4.9212     4.9660       9.97     0.0550  1.119e-12  1.000e-12  8.936e+01    34.6486    34.6572     0.0086    27.0131    27.0208     65.378     65.544      0.274    1482.74    1482.73  0.000e+00
       6293     66.500     7.8923     7.8908    -0.0015    3.58213    3.58260          1     4.9337     4.9895       9.97     0.0541  1.128e-12  1.000e-12  8.864e+01    34.6548    34.6614     0.0065    27.0188    27.0242     65.873     66.040      0.247    1482.73    1482.74  0.000e+00
       6346     67.000     7.9200     7.9238     0.0038    3.58690    3.58761          1     4.9489     5.0322       9.97     0.0535  1.142e-12  1.000e-12  8.754e+01    34.6785    34.6822     0.0037    27.0333    27.0356     66.368     66.535      0.220    1482.87    1482.89  0.000e+00
       6396     67.500     7.9389     7.9405     0.0017    3.58974    3.59013          1     4.9861     5.0636       9.97     0.0543  1.145e-12  1.000e-12  8.737e+01    34.6900    34.6925     0.0025    27.0395    27.0412     66.863     67.031      0.291    1482.97    1482.98  0.000e+00
       6434     68.000     7.9507     7.9497    -0.0011    3.59151    3.59180          1     4.9953     5.0696       9.97     0.0544  1.145e-12  1.000e-12  8.733e+01    34.6970    34.7012     0.0043    27.0432    27.0467     67.359     67.527      0.303    1483.03    1483.03  0.000e+00
       6484     68.500     7.9354     7.9230    -0.0124    3.59055    3.59023          1     5.0199     5.0613       9.97     0.0547  1.145e-12  1.000e-12  8.733e+01    34.7016    34.7105     0.0088    27.0492    27.0580     67.854     68.023      0.202    1482.99    1482.95  0.000e+00
       6541     69.000     7.9114     7.9066    -0.0048    3.58873    3.58887          1     5.0122     5.0515       9.97     0.0538  1.145e-12  1.000e-12  8.733e+01    34.7057    34.7120     0.0063    27.0559    27.0616     68.349     68.519      0.261    1482.91    1482.90  0.000e+00
       6583     69.500     7.8973     7.8866    -0.0107    3.58854    3.58880          1     5.0193     5.0741       9.97     0.0534  1.145e-12  1.000e-12  8.733e+01    34.7174    34.7309     0.0135    27.0672    27.0794     68.844     69.015      0.285    1482.88    1482.86  0.000e+00
       6628     70.000     7.8797     7.8729    -0.0068    3.58966    3.59008          1     5.0608     5.1356       9.97     0.0525  1.145e-12  1.000e-12  8.733e+01    34.7467    34.7580     0.0113    27.0929    27.1028     69.340     69.511      0.239    1482.86    1482.85  0.000e+00
       6684     70.500     7.8750     7.8714    -0.0036    3.59031    3.59054          1     5.0932     5.1654       9.97     0.0537  1.146e-12  1.000e-12  8.725e+01    34.7581    34.7643     0.0061    27.1025    27.1079     69.835     70.006      0.226    1482.86    1482.85  0.000e+00
       6728     71.000     7.8723     7.8687    -0.0036    3.59152    3.59174          1     5.1135     5.1879       9.97     0.0544  1.145e-12  1.000e-12  8.733e+01    34.7737    34.7797     0.0060    27.1151    27.1204     70.330     70.502      0.306    1482.88    1482.87  0.000e+00
       6772     71.500     7.8691     7.8643    -0.0047    3.59198    3.59218          1     5.1313     5.1992       9.97     0.0545  1.145e-12  1.000e-12  8.733e+01    34.7816    34.7885     0.0069    27.1218    27.1280     70.825     70.998      0.217    1482.88    1482.88  0.000e+00
       6838     72.000     7.8537     7.8444    -0.0092    3.59091    3.59088          1     5.1428     5.1899       9.97     0.0556  1.149e-12  1.000e-12  8.703e+01    34.7851    34.7940     0.0089    27.1269    27.1353     71.320     71.494      0.265    1482.84    1482.81  0.000e+00
       6874     72.500     7.8386     7.8301    -0.0085    3.58983    3.58984          1     5.1588     5.1894       9.97     0.0537  1.155e-12  1.000e-12  8.661e+01    34.7883    34.7969     0.0086    27.1316    27.1397     71.816     71.990      0.342    1482.79    1482.77  0.000e+00
       6915     73.000     7.8158     7.7734    -0.0424    3.58888    3.58778          1     5.1559     5.2054       9.97     0.0535  1.172e-12  1.000e-12  8.533e+01    34.8006    34.8310     0.0305    27.1446    27.1749     72.311     72.485      0.224    1482.73    1482.61  0.000e+00
       6980     73.500     7.7308     7.7165    -0.0142    3.58300    3.58279          1     5.1799     5.2363       9.97     0.0549  1.172e-12  1.000e-12  8.530e+01    34.8217    34.8337     0.0120    27.1738    27.1853     72.806     72.981      0.236    1482.44    1482.40  0.000e+00
       7022     74.000     7.7133     7.7017    -0.0116    3.58161    3.58168          1     5.1821     5.2294       9.97     0.0539  1.172e-12  1.000e-12  8.530e+01    34.8239    34.8363     0.0124    27.1781    27.1896     73.301     73.477      0.316    1482.39    1482.36  0.000e+00
       7065     74.500     7.6817     7.6568    -0.0250    3.57928    3.57842          1     5.1861     5.2343       9.97     0.0537  1.172e-12  1.000e-12  8.530e+01    34.8300    34.8457     0.0156    27.1876    27.2035     73.796     73.973      0.234    1482.28    1482.21  0.000e+00
       7123     75.000     7.6570     7.6499    -0.0071    3.57767    3.57786          1     5.1876     5.2390       9.97     0.0531  1.172e-12  1.000e-12  8.530e+01    34.8372    34.8464     0.0092    27.1968    27.2051     74.291     74.469      0.225    1482.21    1482.19  0.000e+00
       7170     75.500     7.6513     7.6475    -0.0038    3.57756    3.57791          1     5.1879     5.2399       9.97     0.0534  1.172e-12  1.000e-12  8.530e+01    34.8414    34.8490     0.0075    27.2010    27.2075     74.787     74.964      0.269    1482.20    1482.19  0.000e+00
       7216     76.000     7.6492     7.6460    -0.0033    3.57752    3.57779          1     5.1927     5.2534       9.97     0.0544  1.172e-12  1.000e-12  8.530e+01    34.8428    34.8490     0.0062    27.2023    27.2077     75.282     75.460      0.253    1482.20    1482.20  0.000e+00
       7267     76.500     7.6488     7.6464    -0.0023    3.57767    3.57795          1     5.2012     5.2547       9.97     0.0543  1.172e-12  1.000e-12  8.530e+01    34.8447    34.8500     0.0053    27.2039    27.2084     75.777     75.956      0.223    1482.21    1482.21  0.000e+00
       7320     77.000     7.6587     7.6584    -0.0004    3.57949    3.57981          1     5.2016     5.2803       9.97     0.0540  1.172e-12  1.000e-12  8.530e+01    34.8541    34.8580     0.0038    27.2099    27.2130     76.272     76.452      0.245    1482.27    1482.27  0.000e+00
       7365     77.500     7.6610     7.6581    -0.0029    3.58043    3.58073          1     5.2238     5.2938       9.97     0.0532  1.176e-12  1.000e-12  8.507e+01    34.8618    34.8679     0.0061    27.2156    27.2208     76.767     76.948      0.272    1482.29    1482.29  0.000e+00
       7409     78.000     7.6562     7.6557    -0.0005    3.58026    3.58056          1     5.2388     5.3062       9.97     0.0526  1.178e-12  1.000e-12  8.492e+01    34.8646    34.8683     0.0037    27.2185    27.2214     77.263     77.443      0.265    1482.29    1482.29  0.000e+00
       7458     78.500     7.6659     7.6645    -0.0013    3.58189    3.58232          1     5.2619     5.3133       9.97     0.0526  1.195e-12  1.000e-12  8.369e+01    34.8722    34.8782     0.0060    27.2230    27.2280     77.758     77.939      0.231    1482.34    1482.34  0.000e+00
       7511     79.000     7.6501     7.6431    -0.0070    3.58067    3.58069          1     5.2705     5.3145       9.97     0.0536  1.201e-12  1.000e-12  8.326e+01    34.8747    34.8819     0.0072    27.2273    27.2340     78.253     78.435      0.243    1482.29    1482.27  0.000e+00
       7555     79.500     7.6347     7.6325    -0.0022    3.57934    3.57950          1     5.2616     5.3063       9.97     0.0547  1.201e-12  1.000e-12  8.326e+01    34.8754    34.8793     0.0040    27.2301    27.2335     78.748     78.931      0.303    1482.24    1482.24  0.000e+00
       7596     80.000     7.6363     7.6321    -0.0041    3.57983    3.57999          1     5.2546     5.3164       9.97     0.0527  1.201e-12  1.000e-12  8.326e+01    34.8789    34.8847     0.0058    27.2326    27.2378     79.243     79.426      0.265    1482.26    1482.25  0.000e+00
       7646     80.500     7.6278     7.6235    -0.0042    3.57930    3.57946          1     5.2544     5.3216       9.97     0.0526  1.201e-12  1.000e-12  8.326e+01    34.8813    34.8873     0.0060    27.2358    27.2411     79.738     79.922      0.234    1482.24    1482.23  0.000e+00
       7693     81.000     7.6057     7.6001    -0.0056    3.57733    3.57769          1     5.2632     5.3173       9.97     0.0531  1.201e-12  1.000e-12  8.326e+01    34.8819    34.8914     0.0096    27.2395    27.2478     80.234     80.418      0.289    1482.16    1482.15  0.000e+00
       7732     81.500     7.5801     7.5744    -0.0057    3.57502    3.57524          1     5.2521     5.3010       9.97     0.0511  1.201e-12  1.000e-12  8.326e+01    34.8823    34.8904     0.0081    27.2435    27.2507     80.729     80.914      0.291    1482.08    1482.06  0.000e+00
       7781     82.000     7.5715     7.5621    -0.0094    3.57422    3.57402          1     5.2377     5.2930       9.97     0.0524  1.201e-12  1.000e-12  8.326e+01    34.8820    34.8893     0.0073    27.2445    27.2516     81.224     81.409      0.215    1482.05    1482.02  0.000e+00
       7835     82.500     7.5527     7.5443    -0.0084    3.57243    3.57228          1     5.2428     5.2883       9.97     0.0534  1.204e-12  1.000e-12  8.308e+01    34.8812    34.8880     0.0069    27.2466    27.2532     81.719     81.905      0.260    1481.99    1481.96  0.000e+00
       7876     83.000     7.5455     7.5418    -0.0037    3.57179    3.57198          1     5.2385     5.2952       9.97     0.0507  1.214e-12  1.000e-12  8.237e+01    34.8813    34.8870     0.0057    27.2478    27.2528     82.214     82.401      0.295    1481.97    1481.96  0.000e+00
       7921     83.500     7.5334     7.5248    -0.0085    3.57071    3.57059          1     5.2367     5.2817       9.97     0.0511  1.224e-12  1.000e-12  8.169e+01    34.8814    34.8888     0.0074    27.2496    27.2566     82.709     82.897      0.239    1481.93    1481.90  0.000e+00
       7973     84.000     7.5192     7.5150    -0.0042    3.56941    3.56961          1     5.2194     5.2714       9.97     0.0521  1.231e-12  1.000e-12  8.122e+01    34.8814    34.8877     0.0063    27.2516    27.2572     83.205     83.393      0.249    1481.88    1481.87  0.000e+00
       8019     84.500     7.5254     7.5398     0.0144    3.57073    3.57198          1     5.2132     5.3179       9.97     0.0516  1.231e-12  1.000e-12  8.123e+01    34.8892    34.8882    -0.0010    27.2569    27.2540     83.700     83.888      0.260    1481.93    1481.98  0.000e+00
