ctdpy/tests/etc/all_smhi_bas_2018/SBE09_1044_20180315_1740_34_02_0059.cnv
* Sea-Bird SBE 9 Data File:
* FileName = C:\ctd\temp\2018\ME18D059.hex
* Software Version Seasave V 7.26.6.26
* Temperature SN = 5351
* Conductivity SN = 3941
* Number of Bytes Per Scan = 41
* Number of Voltage Words = 4
* Number of Scans Averaged by the Deck Unit = 1
* NMEA Latitude = 55 37.08 N
* NMEA Longitude = 014 52.00 E
* NMEA UTC (Time) = Mar 15 2018  17:40:51
* NMEA baud rate = 4800
** Station:  Hanöbukten
** Operator:  obac
** Ship: MERI
** Average sound velocity: 1430.52 m/s
** True-depth calculation Thu, 15 Mar 2018 18:31:21 +0000
** CTD Python Module SMHI /ver 3-12/ feb 2012 
** LIMS Job: 20183402-0059
** Cruise: SMHI-02-2018
** Latitude [GG MM.mm N] :
** Longitude [GG MM.mm E]:
# nquan = 26
# nvalues = 149                         
# units = specified
# name 0 = scan: Scan Count
# name 1 = prDM: Pressure, Digiquartz [db]
# name 2 = t090C: Temperature [ITS-90, deg C]
# name 3 = t190C: Temperature, 2 [ITS-90, deg C]
# name 4 = T2-T190C: Temperature Difference, 2 - 1 [ITS-90, deg C]
# name 5 = c0S/m: Conductivity [S/m]
# name 6 = c1S/m: Conductivity, 2 [S/m]
# name 7 = pumps: Pump Status
# name 8 = sbeox0ML/L: Oxygen, SBE 43 [ml/l]
# name 9 = sbeox1ML/L: Oxygen, SBE 43, 2 [ml/l]
# name 10 = altM: Altimeter [m]
# name 11 = flECO-AFL: Chl-a Fluorescence, WET Labs ECO-AFL/FL [mg/m^3]
# name 12 = flECO-AFL1: Phycocyanin Fluorescence, WET Labs ECO-AFL/FL, 2 [mg/m^3]
# name 13 = par: PAR/Irradiance, Biospherical/Lico [µE/(cm^2*s)]
# name 14 = turbWETntu0: Turbidity, WET Labs ECO [NTU]
# name 15 = sal00: Salinity, Practical [PSU]
# name 16 = sal11: Salinity, Practical, 2 [PSU]
# name 17 = secS-priS: Salinity, Practical, Difference, 2 - 1 [PSU]
# name 18 = sigma-t00: Density [sigma-t, Kg/m^3 ]
# name 19 = sigma-t11: Density, 2 [sigma-t, Kg/m^3 ]
# name 20 = depSM: Depth [salt water, m], lat = 55.618
# name 21 = depFM: Depth [true depth, m], lat = 55.618
# name 22 = dz/dtM: Descent Rate [m/s], WS = 2
# name 23 = svCM: Sound Velocity [Chen-Millero, m/s]
# name 24 = svCM1: Sound Velocity, 2 [Chen-Millero, m/s]
# name 25 = flag: flag
# span 0 =      12965,      18255       
# span 1 =      1.000,     75.000       
# span 2 =     2.2892,     8.0203       
# span 3 =     2.2896,     8.0213       
# span 4 =    -0.1111,     0.0285       
# span 5 =   0.741505,   1.748324       
# span 6 =   0.741487,   1.745593       
# span 7 =          1,          1       
# span 8 =    0.19667,    8.87964       
# span 9 =    0.21430,    8.67824       
# span 10 =       0.39,     103.02      
# span 11 =     0.3034,     0.9817      
# span 12 =     0.2674,     0.5529      
# span 13 = -1.430e-04, 6.9905e-01      
# span 14 =     0.1555,     1.8372      
# span 15 =     7.3906,    15.8353      
# span 16 =     7.3903,    15.7988      
# span 17 =    -0.0551,     0.0095      
# span 18 =     5.8948,    12.2935      
# span 19 =     5.8945,    12.2627      
# span 20 =      0.991,     74.307      
# span 21 =      1.013,     75.871      
# span 22 =     -0.592,      1.169      
# span 23 =    1423.44,    1459.28      
# span 24 =    1423.44,    1459.29      
# span 25 = 0.0000e+00, 0.0000e+00      
# interval = decibars: 0.5              
# start_time = Mar 15 2018 17:40:51 [NMEA time, first data scan]
# bad_flag = -9.990e-29
*END*
[from data line 56]
      15118     29.000     2.6425     2.6498     0.0073    0.76098    0.76135          1     8.6656     8.4788      98.71     0.7987     0.3784  1.000e-12  0.1746000     7.5118     7.5139     0.0021     5.9912     5.9929     28.735     29.364      0.471    1425.64    1425.68  0.000e+00
      15132     29.500     2.6702     2.6694    -0.0008    0.76263    0.76254          1     8.6600     8.4714      98.70     0.7594     0.3466  1.000e-12  0.1613000     7.5227     7.5218    -0.0008     5.9998     5.9992     29.230     29.870      0.809    1425.79    1425.79  0.000e+00
      15145     30.000     2.6716     2.6717     0.0002    0.76277    0.76273          1     8.6598     8.4662      98.71     0.7561     0.3535  1.000e-12  0.1647000     7.5237     7.5232    -0.0005     6.0006     6.0003     29.726     30.376      0.921    1425.81    1425.81  0.000e+00
      15158     30.500     2.6732     2.6740     0.0008    0.76288    0.76287          1     8.6590     8.4630      98.70     0.7486     0.3820  1.000e-12  0.1733000     7.5244     7.5242    -0.0002     6.0012     6.0010     30.221     30.883      0.919    1425.83    1425.83  0.000e+00
      15171     31.000     2.6741     2.6750     0.0009    0.76295    0.76294          1     8.6574     8.4632      98.71     0.7324     0.3790  1.000e-12  0.1687000     7.5249     7.5246    -0.0003     6.0016     6.0014     30.717     31.389      0.810    1425.84    1425.84  0.000e+00
      15188     31.500     2.6754     2.6762     0.0008    0.76301    0.76301          1     8.6525     8.4649      98.71     0.7014     0.3800  1.000e-12  0.1555000     7.5251     7.5249    -0.0002     6.0018     6.0016     31.212     31.895      0.588    1425.85    1425.86  0.000e+00
      15221     32.000     2.6755     2.6760     0.0005    0.76301    0.76297          1     8.6525     8.4662      91.65     0.7323     0.3749  1.000e-12  0.1563000     7.5251     7.5245    -0.0005     6.0017     6.0013     31.707     32.401      0.265    1425.86    1425.86  0.000e+00
      15281     32.500     2.6766     2.6722    -0.0044    0.76303    0.76271          1     8.6531     8.4685      44.13     0.8047     0.3676  1.000e-12  0.1655000     7.5249     7.5226    -0.0023     6.0016     5.9998     32.203     32.908      0.384    1425.87    1425.85  0.000e+00
      15302     33.000     2.6789     2.6793     0.0004    0.76313    0.76311          1     8.6454     8.4644      86.07     0.8069     0.3914  1.000e-12  0.1824000     7.5254     7.5250    -0.0004     6.0020     6.0017     32.698     33.414      0.699    1425.89    1425.89  0.000e+00
      15317     33.500     2.6795     2.6800     0.0005    0.76316    0.76313          1     8.6444     8.4620      46.36     0.7855     0.3804  1.000e-12  0.1928000     7.5255     7.5251    -0.0004     6.0020     6.0017     33.194     33.920      0.873    1425.90    1425.91  0.000e+00
      15329     34.000     2.6799     2.6805     0.0006    0.76318    0.76317          1     8.6475     8.4541      48.22     0.7307     0.3582  1.000e-12  0.1799000     7.5255     7.5252    -0.0003     6.0021     6.0019     33.689     34.426      0.954    1425.91    1425.92  0.000e+00
      15342     34.500     2.6805     2.6813     0.0009    0.76323    0.76323          1     8.6450     8.4397      98.80     0.7120     0.3189  1.000e-12  0.1731000     7.5258     7.5257    -0.0002     6.0023     6.0022     34.184     34.932      0.949    1425.93    1425.93  0.000e+00
      15354     35.000     2.6827     2.6836     0.0009    0.76339    0.76339          1     8.6351     8.4215      98.71     0.6639     0.3270  1.000e-12  0.2025000     7.5270     7.5268    -0.0002     6.0032     6.0030     34.680     35.439      0.837    1425.95    1425.95  0.000e+00
      15372     35.500     2.6837     2.6844     0.0007    0.76347    0.76346          1     8.6154     8.4023      79.85     0.6114     0.3570  1.000e-12  0.2118000     7.5275     7.5272    -0.0003     6.0036     6.0034     35.175     35.945      0.535    1425.96    1425.96  0.000e+00
      15454     36.000     2.6811     2.6764    -0.0047    0.76331    0.76298          1     8.5968     8.4361      66.96     0.6608     0.3537  1.000e-12  0.1607000     7.5263     7.5239    -0.0024     6.0027     6.0008     35.670     36.451      0.408    1425.95    1425.93  0.000e+00
      15472     36.500     2.6844     2.6838    -0.0006    0.76349    0.76342          1     8.5834     8.4183      59.96     0.7012     0.3458  1.000e-12  0.1596000     7.5274     7.5268    -0.0006     6.0035     6.0031     36.166     36.957      0.834    1425.98    1425.97  0.000e+00
      15485     37.000     2.6844     2.6849     0.0005    0.76351    0.76349          1     8.5782     8.4015      98.81     0.6111     0.3508  1.000e-12  0.1781000     7.5275     7.5272    -0.0003     6.0037     6.0034     36.661     37.464      1.001    1425.98    1425.99  0.000e+00
      15496     37.500     2.6848     2.6853     0.0006    0.76354    0.76352          1     8.5727     8.3964      98.71     0.6021     0.3808  1.000e-12  0.1786000     7.5277     7.5273    -0.0003     6.0038     6.0035     37.157     37.970      1.087    1425.99    1426.00  0.000e+00
      15506     38.000     2.6848     2.6854     0.0006    0.76356    0.76354          1     8.5759     8.3934      98.71     0.5740     0.3767  1.000e-12  0.1971000     7.5278     7.5275    -0.0003     6.0039     6.0036     37.652     38.476      1.088    1426.00    1426.00  0.000e+00
      15517     38.500     2.6851     2.6855     0.0005    0.76358    0.76356          1     8.5793     8.3902      62.13     0.5541     0.3647  1.000e-12  0.2099000     7.5279     7.5275    -0.0003     6.0039     6.0037     38.147     38.982      0.985    1426.01    1426.01  0.000e+00
      15531     39.000     2.6854     2.6860     0.0005    0.76361    0.76359          1     8.5814     8.3864      41.96     0.5597     0.3636  1.000e-12  0.2166000     7.5280     7.5277    -0.0003     6.0040     6.0038     38.643     39.489      0.719    1426.02    1426.02  0.000e+00
      15592     39.500     2.6841     2.6841     0.0001    0.76355    0.76348          1     8.5819     8.3977      74.56     0.5811     0.3443  1.000e-12  0.2050000     7.5277     7.5270    -0.0007     6.0038     6.0032     39.138     39.995      0.483    1426.02    1426.02  0.000e+00
      15637     40.000     2.6857     2.6862     0.0005    0.76363    0.76362          1     8.5812     8.3946      50.26     0.6064     0.3652  1.000e-12  0.1920000     7.5281     7.5278    -0.0003     6.0041     6.0039     39.633     40.501      0.956    1426.04    1426.04  0.000e+00
      15646     40.500     2.6868     2.6880     0.0012    0.76372    0.76374          1     8.5783     8.3931      38.95     0.6148     0.3991  1.000e-12  0.1931000     7.5287     7.5286    -0.0001     6.0046     6.0045     40.129     41.007      1.123    1426.05    1426.06  0.000e+00
      15656     41.000     2.6883     2.6889     0.0006    0.76384    0.76382          1     8.5770     8.3877      39.21     0.5981     0.4366  1.000e-12  0.1904000     7.5295     7.5292    -0.0003     6.0052     6.0049     40.624     41.513      1.169    1426.07    1426.07  0.000e+00
      15666     41.500     2.6890     2.6896     0.0006    0.76391    0.76389          1     8.5735     8.3839      38.99     0.5402     0.4379  1.000e-12  0.1861000     7.5300     7.5296    -0.0004     6.0056     6.0053     41.120     42.020      1.103    1426.08    1426.08  0.000e+00
      15677     42.000     2.6933     2.6938     0.0005    0.76417    0.76416          1     8.5697     8.3797      38.45     0.5411     0.3700  1.000e-12  0.1852000     7.5317     7.5314    -0.0003     6.0070     6.0067     41.615     42.526      0.888    1426.11    1426.11  0.000e+00
      15716     42.500     2.6919     2.6919    -0.0001    0.76409    0.76403          1     8.5744     8.3824      37.07     0.5446     0.3510  1.000e-12  0.1984000     7.5311     7.5305    -0.0006     6.0065     6.0060     42.110     43.032      0.414    1426.11    1426.11  0.000e+00
      15774     43.000     2.6913     2.6908    -0.0004    0.76405    0.76397          1     8.5705     8.3838      36.18     0.5942     0.3501  1.000e-12  0.1912000     7.5307     7.5300    -0.0007     6.0062     6.0056     42.606     43.538      0.591    1426.11    1426.11  0.000e+00
      15788     43.500     2.6924     2.6955     0.0031    0.76413    0.76426          1     8.5607     8.3835      35.87     0.5836     0.3609  1.000e-12  0.1934000     7.5313     7.5319     0.0007     6.0066     6.0071     43.101     44.045      0.802    1426.13    1426.15  0.000e+00
      15802     44.000     2.6953     2.6958     0.0005    0.76430    0.76428          1     8.5600     8.3817      35.49     0.5777     0.3550  1.000e-12  0.1921000     7.5323     7.5320    -0.0003     6.0074     6.0072     43.596     44.551      0.844    1426.15    1426.15  0.000e+00
      15816     44.500     2.6959     2.6963     0.0003    0.76435    0.76432          1     8.5659     8.3794      34.97     0.5600     0.3452  1.000e-12  0.2173000     7.5326     7.5323    -0.0003     6.0076     6.0074     44.092     45.057      0.762    1426.16    1426.16  0.000e+00
      15834     45.000     2.7036     2.7039     0.0003    0.76483    0.76480          1     8.5683     8.3724      34.34     0.5592     0.3702  1.000e-12  0.2203000     7.5359     7.5354    -0.0004     6.0102     6.0099     44.587     45.563      0.545    1426.21    1426.21  0.000e+00
      15868     45.500     2.7141     2.7126    -0.0015    0.76557    0.76539          1     8.5638     8.3591      33.61     0.5585     0.3193  1.000e-12  0.2125000     7.5411     7.5395    -0.0016     6.0144     6.0131     45.082     46.069      0.310    1426.27    1426.26  0.000e+00
      15903     46.000     2.7167     2.7165    -0.0002    0.76576    0.76571          1     8.5507     8.3416      33.17     0.5930     0.3266  1.000e-12  0.2221000     7.5425     7.5420    -0.0005     6.0154     6.0150     45.578     46.576      0.471    1426.30    1426.29  0.000e+00
      15924     46.500     2.7178     2.7177    -0.0001    0.76586    0.76581          1     8.5474     8.3383      32.69     0.5649     0.3466  1.000e-12  0.2220000     7.5432     7.5427    -0.0005     6.0160     6.0156     46.073     47.082      0.642    1426.31    1426.31  0.000e+00
      15941     47.000     2.7179     2.7186     0.0007    0.76588    0.76588          1     8.5492     8.3457      32.23     0.5512     0.3611  1.000e-12  0.2216000     7.5433     7.5431    -0.0001     6.0161     6.0159     46.569     47.588      0.675    1426.32    1426.32  0.000e+00
      15960     47.500     2.7231     2.7234     0.0003    0.76628    0.76624          1     8.5473     8.3453      31.69     0.5460     0.3450  1.000e-12  0.2202000     7.5462     7.5457    -0.0006     6.0184     6.0180     47.064     48.094      0.515    1426.35    1426.35  0.000e+00
      15997     48.000     2.7303     2.7262    -0.0040    0.76686    0.76646          1     8.5392     8.3501      30.93     0.5696     0.3535  1.000e-12  0.2163000     7.5505     7.5473    -0.0033     6.0218     6.0192     47.559     48.601      0.283    1426.40    1426.38  0.000e+00
      16033     48.500     2.7432     2.7415    -0.0017    0.76792    0.76773          1     8.5347     8.3490      30.53     0.5781     0.3579  1.000e-12  0.2447000     7.5586     7.5571    -0.0016     6.0282     6.0270     48.055     49.107      0.536    1426.48    1426.47  0.000e+00
      16050     49.000     2.7583     2.7571    -0.0012    0.76923    0.76911          1     8.5272     8.3395      30.14     0.5777     0.3307  1.000e-12  0.1970000     7.5688     7.5678    -0.0010     6.0362     6.0354     48.550     49.613      0.749    1426.57    1426.56  0.000e+00
      16065     49.500     2.7651     2.7654     0.0003    0.77006    0.77002          1     8.5220     8.3332      29.85     0.5777     0.3401  1.000e-12  0.1878000     7.5760     7.5754    -0.0005     6.0419     6.0415     49.045     50.119      0.821    1426.62    1426.62  0.000e+00
      16079     50.000     2.7675     2.7678     0.0003    0.77075    0.77069          1     8.5190     8.3329      29.22     0.5777     0.3492  1.000e-12  0.1732000     7.5825     7.5819    -0.0006     6.0471     6.0466     49.541     50.625      0.759    1426.65    1426.65  0.000e+00
      16098     50.500     2.7678     2.7684     0.0006    0.77094    0.77093          1     8.5176     8.3430      28.54     0.5961     0.3255  1.000e-12  0.2015000     7.5845     7.5842    -0.0003     6.0487     6.0484     50.036     51.132      0.525    1426.66    1426.66  0.000e+00
      16139     51.000     2.7635     2.7662     0.0027    0.77059    0.77088          1     8.5283     8.3572      27.77     0.6298     0.3413  1.000e-12  0.1835000     7.5817     7.5841     0.0024     6.0465     6.0484     50.531     51.638      0.255    1426.64    1426.66  0.000e+00
      16179     51.500     2.7701     2.7702     0.0001    0.77145    0.77140          1     8.5327     8.3524      27.37     0.6163     0.3983  1.000e-12  0.1850000     7.5891     7.5885    -0.0006     6.0524     6.0519     51.027     52.144      0.538    1426.69    1426.69  0.000e+00
      16197     52.000     2.7779     2.7779    -0.0000    0.77205    0.77201          1     8.5304     8.3535      27.02     0.6310     0.3725  1.000e-12  0.1893000     7.5936     7.5932    -0.0004     6.0559     6.0555     51.522     52.650      0.753    1426.74    1426.74  0.000e+00
      16211     52.500     2.7788     2.7792     0.0003    0.77230    0.77227          1     8.5329     8.3490      26.52     0.6390     0.3471  1.000e-12  0.1918000     7.5959     7.5955    -0.0004     6.0577     6.0574     52.017     53.156      0.824    1426.75    1426.76  0.000e+00
      16225     53.000     2.7823     2.7829     0.0006    0.77264    0.77263          1     8.5344     8.3459      26.02     0.6388     0.3268  1.000e-12  0.1920000     7.5986     7.5983    -0.0003     6.0599     6.0596     52.513     53.663      0.769    1426.78    1426.79  0.000e+00
      16243     53.500     2.7858     2.7864     0.0006    0.77300    0.77299          1     8.5295     8.3392      25.43     0.6393     0.3380  1.000e-12  0.1965000     7.6015     7.6012    -0.0003     6.0622     6.0619     53.008     54.169      0.570    1426.81    1426.81  0.000e+00
      16276     54.000     2.7874     2.7867    -0.0006    0.77311    0.77298          1     8.5162     8.3253      24.68     0.6470     0.3528  1.000e-12  0.2019000     7.6022     7.6010    -0.0012     6.0627     6.0617     53.503     54.675      0.309    1426.83    1426.82  0.000e+00
      16313     54.500     2.7978     2.7941    -0.0037    0.77419    0.77379          1     8.5164     8.3076      24.12     0.6502     0.3920  1.000e-12  0.1863000     7.6111     7.6077    -0.0034     6.0698     6.0671     53.999     55.181      0.477    1426.89    1426.87  0.000e+00
      16333     55.000     2.8254     2.8241    -0.0013    0.77699    0.77680          1     8.5008     8.2814      23.78     0.6386     0.3641  1.000e-12  0.2109000     7.6340     7.6323    -0.0016     6.0878     6.0865     54.494     55.687      0.667    1427.06    1427.05  0.000e+00
      16349     55.500     2.8559     2.8545    -0.0013    0.78061    0.78043          1     8.4598     8.2442      23.30     0.6230     0.3574  1.000e-12  0.2218000     7.6648     7.6632    -0.0016     6.1122     6.1109     54.989     56.194      0.693    1427.25    1427.24  0.000e+00
      16368     56.000     2.8769     2.8770     0.0001    0.78195    0.78192          1     8.4159     8.2036      22.76     0.6147     0.3475  1.000e-12  0.2267000     7.6738     7.6735    -0.0003     6.1192     6.1190     55.485     56.700      0.566    1427.37    1427.37  0.000e+00
