ctdpy/tests/etc/all_smhi_bas_2018/SBE09_1044_20180203_0540_34_02_0050.cnv
* Sea-Bird SBE 9 Data File:
* FileName = C:\ctd\temp\2018\ME18D050.hex
* Software Version Seasave V 7.26.6.26
* Temperature SN = 5351
* Conductivity SN = 3941
* Number of Bytes Per Scan = 41
* Number of Voltage Words = 4
* Number of Scans Averaged by the Deck Unit = 1
* NMEA Latitude = 57 11.56 N
* NMEA Longitude = 011 39.46 E
* NMEA UTC (Time) = Feb 03 2018  05:40:41
* NMEA baud rate = 4800
** Station:  Fladen
** Operator:  SSip
** Ship: MERI
** Average sound velocity: 1469.16 m/s
** True-depth calculation Sat, 03 Feb 2018 06:25:19 +0000
** CTD Python Module SMHI /ver 3-12/ feb 2012 
** LIMS Job: 20183402-0050
** Cruise: SMHI-01-2018
** Latitude [GG MM.mm N] :
** Longitude [GG MM.mm E]:
# nquan = 26
# nvalues = 160                         
# units = specified
# name 0 = scan: Scan Count
# name 1 = prDM: Pressure, Digiquartz [db]
# name 2 = t090C: Temperature [ITS-90, deg C]
# name 3 = t190C: Temperature, 2 [ITS-90, deg C]
# name 4 = T2-T190C: Temperature Difference, 2 - 1 [ITS-90, deg C]
# name 5 = c0S/m: Conductivity [S/m]
# name 6 = c1S/m: Conductivity, 2 [S/m]
# name 7 = pumps: Pump Status
# name 8 = sbeox0ML/L: Oxygen, SBE 43 [ml/l]
# name 9 = sbeox1ML/L: Oxygen, SBE 43, 2 [ml/l]
# name 10 = altM: Altimeter [m]
# name 11 = flECO-AFL: Chl-a Fluorescence, WET Labs ECO-AFL/FL [mg/m^3]
# name 12 = flECO-AFL1: Phycocyanin Fluorescence, WET Labs ECO-AFL/FL, 2 [mg/m^3]
# name 13 = par: PAR/Irradiance, Biospherical/Lico [µE/(cm^2*s)]
# name 14 = turbWETntu0: Turbidity, WET Labs ECO [NTU]
# name 15 = sal00: Salinity, Practical [PSU]
# name 16 = sal11: Salinity, Practical, 2 [PSU]
# name 17 = secS-priS: Salinity, Practical, Difference, 2 - 1 [PSU]
# name 18 = sigma-t00: Density [sigma-t, Kg/m^3 ]
# name 19 = sigma-t11: Density, 2 [sigma-t, Kg/m^3 ]
# name 20 = depSM: Depth [salt water, m], lat = 57.1927
# name 21 = depFM: Depth [true depth, m], lat = 57.1927
# name 22 = dz/dtM: Descent Rate [m/s], WS = 2
# name 23 = svCM: Sound Velocity [Chen-Millero, m/s]
# name 24 = svCM1: Sound Velocity, 2 [Chen-Millero, m/s]
# name 25 = flag: flag
# span 0 =       5631,       9145       
# span 1 =      1.000,     80.500       
# span 2 =     3.2289,     7.2885       
# span 3 =     3.2265,     7.2882       
# span 4 =    -0.1105,     0.0608       
# span 5 =   1.972608,   3.471557       
# span 6 =   1.971867,   3.471649       
# span 7 =          1,          1       
# span 8 =    5.90174,    7.76841       
# span 9 =    5.87495,    7.80390       
# span 10 =       1.14,      99.13      
# span 11 =     0.1691,     1.1762      
# span 12 =     0.2692,     0.4644      
# span 13 = -2.629e-06, 2.6433e-01      
# span 14 =     0.6843,     3.1135      
# span 15 =    20.6635,    34.0473      
# span 16 =    20.6575,    34.0488      
# span 17 =    -0.2819,     0.2893      
# span 18 =    16.4478,    26.6283      
# span 19 =    16.4433,    26.6295      
# span 20 =      0.991,     79.744      
# span 21 =      1.002,     80.052      
# span 22 =     -0.024,      1.008      
# span 23 =    1444.91,    1479.90      
# span 24 =    1444.89,    1479.90      
# span 25 = 0.0000e+00, 0.0000e+00      
# interval = decibars: 0.5              
# start_time = Feb 03 2018 05:40:41 [NMEA time, first data scan]
# bad_flag = -9.990e-29
*END*
[from data line 56]
       6846     29.000     5.3756     5.3744    -0.0013    3.12537    3.12523          1     6.5955     6.5852      98.67     0.3481     0.3168  1.000e-12  1.2745000    32.0790    32.0786    -0.0005    25.3183    25.3181     28.731     28.939      0.564    1469.02    1469.01  0.000e+00
       6866     29.500     5.3875     5.3866    -0.0008    3.12911    3.12909          1     6.5847     6.5754      75.46     0.3379     0.3174  1.000e-12  1.2950000    32.1100    32.1104     0.0005    25.3414    25.3419     29.227     29.435      0.615    1469.11    1469.11  0.000e+00
       6885     30.000     5.4073     5.4067    -0.0006    3.13451    3.13438          1     6.5716     6.5734      75.39     0.3421     0.3155  1.000e-12  1.2904000    32.1519    32.1511    -0.0008    25.3724    25.3718     29.722     29.932      0.608    1469.25    1469.25  0.000e+00
       6906     30.500     5.4178     5.4157    -0.0021    3.14328    3.14298          1     6.5639     6.6167      97.78     0.3426     0.3411  1.000e-12  1.3304000    32.2412    32.2399    -0.0013    25.4418    25.4410     30.217     30.429      0.521    1469.42    1469.41  0.000e+00
       6933     31.000     5.4525     5.4506    -0.0020    3.15183    3.15140          1     6.5552     6.5550      68.65     0.3304     0.3569  1.000e-12  1.2887000    32.3046    32.3016    -0.0030    25.4880    25.4858     30.712     30.925      0.442    1469.65    1469.63  0.000e+00
       6959     31.500     5.4758     5.4744    -0.0014    3.15697    3.15686          1     6.5391     6.5061      52.88     0.3369     0.3157  1.000e-12  1.3160000    32.3403    32.3404     0.0001    25.5135    25.5138     31.208     31.422      0.530    1469.79    1469.79  0.000e+00
       6979     32.000     5.5045     5.5007    -0.0037    3.16421    3.16341          1     6.5187     6.5217      91.57     0.3245     0.3019  1.000e-12  1.3338000    32.3945    32.3890    -0.0055    25.5531    25.5492     31.703     31.918      0.649    1469.99    1469.96  0.000e+00
       6996     32.500     5.5303     5.5308     0.0004    3.17076    3.17110          1     6.5032     6.5087      98.69     0.3177     0.2984  1.000e-12  1.3427000    32.4435    32.4469     0.0035    25.5888    25.5915     32.198     32.415      0.711    1470.16    1470.17  0.000e+00
       7012     33.000     5.5423     5.5415    -0.0008    3.17467    3.17457          1     6.4934     6.4967      80.20     0.3144     0.3078  1.000e-12  1.3491000    32.4760    32.4756    -0.0004    25.6131    25.6129     32.694     32.912      0.712    1470.26    1470.26  0.000e+00
       7030     33.500     5.5535     5.5524    -0.0011    3.17939    3.17924          1     6.4900     6.4979      51.72     0.3104     0.3138  1.000e-12  1.3380000    32.5184    32.5177    -0.0007    25.6454    25.6449     33.189     33.408      0.631    1470.37    1470.36  0.000e+00
       7052     34.000     5.5841     5.5867     0.0025    3.18922    3.18967          1     6.4887     6.4765      96.01     0.3087     0.2792  1.000e-12  1.3197000    32.5997    32.6023     0.0026    25.7061    25.7079     33.684     33.905      0.461    1470.60    1470.62  0.000e+00
       7083     34.500     5.6470     5.6428    -0.0041    3.20117    3.20062          1     6.4672     6.4745      96.03     0.3066     0.3416  1.000e-12  1.2629000    32.6737    32.6716    -0.0021    25.7572    25.7560     34.180     34.401      0.408    1470.96    1470.94  0.000e+00
       7109     35.000     5.6872     5.6842    -0.0030    3.20762    3.20739          1     6.4535     6.4113      64.29     0.3092     0.3163  1.000e-12  1.2356000    32.7072    32.7077     0.0005    25.7790    25.7797     34.675     34.898      0.561    1471.17    1471.16  0.000e+00
       7128     35.500     5.7175     5.7201     0.0025    3.21264    3.21326          1     6.4435     6.4226      99.13     0.3015     0.3787  1.000e-12  1.2358000    32.7343    32.7388     0.0045    25.7968    25.8000     35.170     35.394      0.673    1471.33    1471.35  0.000e+00
       7145     36.000     5.7730     5.7690    -0.0039    3.22376    3.22293          1     6.4258     6.4168      56.25     0.2961     0.3420  1.000e-12  1.2394000    32.8056    32.8001    -0.0055    25.8464    25.8426     35.666     35.891      0.712    1471.65    1471.63  0.000e+00
       7161     36.500     5.8287     5.8270    -0.0016    3.23749    3.23744          1     6.4015     6.4047      91.43     0.3083     0.3137  1.000e-12  1.2586000    32.9059    32.9069     0.0010    25.9190    25.9200     36.161     36.387      0.691    1472.01    1472.01  0.000e+00
       7179     37.000     5.8586     5.8577    -0.0010    3.24291    3.24295          1     6.3790     6.3885      98.44     0.2817     0.3145  1.000e-12  1.2919000    32.9375    32.9389     0.0014    25.9403    25.9415     36.656     36.883      0.614    1472.18    1472.18  0.000e+00
       7202     37.500     5.8794     5.8782    -0.0011    3.24692    3.24684          1     6.3709     6.3825      62.41     0.2693     0.3049  1.000e-12  1.3076000    32.9621    32.9623     0.0002    25.9573    25.9575     37.152     37.380      0.487    1472.30    1472.30  0.000e+00
       7230     38.000     5.8844     5.8837    -0.0007    3.24826    3.24824          1     6.3795     6.3845      69.68     0.2721     0.3362  1.000e-12  1.3038000    32.9720    32.9725     0.0005    25.9645    25.9650     37.647     37.876      0.424    1472.34    1472.34  0.000e+00
       7256     38.500     5.8906     5.8901    -0.0005    3.24949    3.24955          1     6.3917     6.3767      45.44     0.2599     0.3722  1.000e-12  1.2959000    32.9795    32.9807     0.0012    25.9697    25.9707     38.142     38.373      0.515    1472.39    1472.39  0.000e+00
       7277     39.000     5.8940     5.8953     0.0013    3.25037    3.25042          1     6.3892     6.3746      45.88     0.2635     0.3471  1.000e-12  1.2854000    32.9859    32.9852    -0.0006    25.9743    25.9736     38.638     38.869      0.631    1472.42    1472.42  0.000e+00
       7295     39.500     5.8834     5.8883     0.0050    3.24916    3.24997          1     6.3860     6.3764      59.41     0.2710     0.3240  1.000e-12  1.3139000    32.9824    32.9867     0.0042    25.9728    25.9756     39.133     39.365      0.694    1472.38    1472.40  0.000e+00
       7312     40.000     5.8813     5.8816     0.0003    3.24896    3.24897          1     6.3819     6.3778      70.35     0.2718     0.2997  1.000e-12  1.3200000    32.9819    32.9817    -0.0002    25.9727    25.9725     39.628     39.862      0.696    1472.38    1472.38  0.000e+00
       7329     40.500     5.8761     5.8758    -0.0002    3.24860    3.24865          1     6.3788     6.3848      45.28     0.2669     0.2997  1.000e-12  1.3075000    32.9828    32.9835     0.0007    25.9740    25.9746     40.123     40.358      0.623    1472.37    1472.36  0.000e+00
       7351     41.000     5.8795     5.8780    -0.0014    3.24943    3.24940          1     6.3789     6.3887      43.87     0.2629     0.2993  1.000e-12  1.2823000    32.9885    32.9896     0.0011    25.9781    25.9791     40.619     40.854      0.483    1472.39    1472.39  0.000e+00
       7381     41.500     5.8831     5.8825    -0.0005    3.25020    3.25024          1     6.3785     6.3785      43.19     0.2666     0.3167  1.000e-12  1.2546000    32.9934    32.9944     0.0010    25.9815    25.9824     41.114     41.351      0.389    1472.42    1472.42  0.000e+00
       7410     42.000     5.8883     5.8878    -0.0005    3.25088    3.25095          1     6.3702     6.3793      42.70     0.2721     0.3172  1.000e-12  1.2400000    32.9957    32.9970     0.0013    25.9827    25.9838     41.609     41.847      0.499    1472.45    1472.45  0.000e+00
       7431     42.500     5.8978     5.8974    -0.0005    3.25215    3.25224          1     6.3648     6.3785      42.45     0.2773     0.3054  1.000e-12  1.2520000    33.0004    33.0020     0.0015    25.9853    25.9866     42.105     42.344      0.642    1472.51    1472.51  0.000e+00
       7448     43.000     5.9095     5.9092    -0.0003    3.25370    3.25380          1     6.3673     6.3720      42.02     0.2603     0.2986  1.000e-12  1.2654000    33.0062    33.0076     0.0015    25.9884    25.9896     42.600     42.840      0.706    1472.57    1472.57  0.000e+00
       7465     43.500     5.9209     5.9209    -0.0000    3.25505    3.25519          1     6.3652     6.3603      41.71     0.2596     0.3539  1.000e-12  1.2679000    33.0100    33.0116     0.0016    25.9901    25.9913     43.095     43.336      0.701    1472.63    1472.63  0.000e+00
       7482     44.000     5.9432     5.9409    -0.0024    3.25823    3.25804          1     6.3601     6.3536      41.02     0.2643     0.3368  1.000e-12  1.2654000    33.0238    33.0239     0.0002    25.9982    25.9986     43.591     43.833      0.630    1472.74    1472.73  0.000e+00
       7505     44.500     5.9514     5.9501    -0.0013    3.25970    3.25951          1     6.3439     6.3362      40.33     0.2721     0.3201  1.000e-12  1.2931000    33.0320    33.0311    -0.0009    26.0037    26.0032     44.086     44.329      0.441    1472.79    1472.79  0.000e+00
       7542     45.000     5.9615     5.9614    -0.0001    3.26146    3.26123          1     6.3277     6.3325      72.97     0.2641     0.2913  1.000e-12  1.3233000    33.0417    33.0391    -0.0026    26.0101    26.0081     44.581     44.825      0.317    1472.85    1472.85  0.000e+00
       7572     45.500     6.0230     6.0182    -0.0049    3.27194    3.27131          1     6.3162     6.3255      54.06     0.2927     0.3421  1.000e-12  1.4007000    33.0990    33.0966    -0.0024    26.0478    26.0465     45.076     45.322      0.587    1473.18    1473.16  0.000e+00
       7589     46.000     6.0793     6.0678    -0.0113    3.28204    3.28003          1     6.3093     6.3145      88.69     0.2734     0.3471  1.000e-12  1.3956000    33.1569    33.1456    -0.0113    26.0865    26.0790     45.572     45.818      0.770    1473.48    1473.43  0.000e+00
       7603     46.500     6.1166     6.1132    -0.0035    3.28887    3.28843          1     6.2990     6.3071      39.55     0.2607     0.3454  1.000e-12  1.3913000    33.1966    33.1951    -0.0015    26.1132    26.1125     46.067     46.314      0.819    1473.69    1473.68  0.000e+00
       7618     47.000     6.1293     6.1241    -0.0053    3.29085    3.29024          1     6.2838     6.2982      37.89     0.2587     0.3365  1.000e-12  1.3648000    33.2061    33.2044    -0.0017    26.1191    26.1184     46.562     46.811      0.747    1473.76    1473.74  0.000e+00
       7636     47.500     6.1426     6.1408    -0.0017    3.29289    3.29278          1     6.2751     6.2817      37.41     0.2490     0.3301  1.000e-12  1.3582000    33.2157    33.2162     0.0005    26.1251    26.1257     47.058     47.307      0.543    1473.84    1473.83  0.000e+00
       7673     48.000     6.1687     6.1449    -0.0238    3.29528    3.29276          1     6.2857     6.2722      36.68     0.2445     0.3132  1.000e-12  1.3269000    33.2166    33.2117    -0.0049    26.1224    26.1216     47.553     47.803      0.273    1473.95    1473.85  0.000e+00
       7713     48.500     6.1977     6.1840    -0.0136    3.30180    3.29990          1     6.2724     6.2530      36.21     0.2472     0.3135  1.000e-12  1.2769000    33.2609    33.2530    -0.0079    26.1538    26.1493     48.048     48.300      0.534    1474.13    1474.06  0.000e+00
       7729     49.000     6.2066     6.2059    -0.0006    3.30338    3.30336          1     6.2646     6.2504      35.84     0.2481     0.3119  1.000e-12  1.3793000    33.2695    33.2700     0.0005    26.1594    26.1600     48.543     48.796      0.761    1474.18    1474.18  0.000e+00
       7744     49.500     6.2205     6.2186    -0.0019    3.30585    3.30561          1     6.2522     6.2504      35.43     0.2297     0.3029  1.000e-12  1.4427000    33.2832    33.2825    -0.0007    26.1685    26.1682     49.039     49.292      0.826    1474.26    1474.25  0.000e+00
       7758     50.000     6.2602     6.2603     0.0001    3.31222    3.31232          1     6.2449     6.2484      34.99     0.2237     0.2828  1.000e-12  1.4639000    33.3152    33.3162     0.0009    26.1888    26.1895     49.534     49.788      0.763    1474.47    1474.47  0.000e+00
       7776     50.500     6.2711     6.2719     0.0008    3.31391    3.31405          1     6.2415     6.2410      34.46     0.2353     0.2942  1.000e-12  1.4753000    33.3232    33.3239     0.0007    26.1936    26.1941     50.029     50.285      0.564    1474.53    1474.53  0.000e+00
       7805     51.000     6.3025     6.3014    -0.0011    3.31949    3.31934          1     6.2314     6.2278      33.78     0.2249     0.2990  1.000e-12  1.5328000    33.3544    33.3538    -0.0006    26.2143    26.2140     50.525     50.781      0.367    1474.70    1474.70  0.000e+00
       7838     51.500     6.3244     6.3229    -0.0015    3.32299    3.32293          1     6.2106     6.2155      33.23     0.2324     0.3093  1.000e-12  1.4906000    33.3716    33.3724     0.0008    26.2251    26.2259     51.020     51.277      0.406    1474.82    1474.81  0.000e+00
       7865     52.000     6.3633     6.3619    -0.0014    3.32918    3.32913          1     6.1997     6.2086      32.84     0.2484     0.2705  1.000e-12  1.5636000    33.4022    33.4029     0.0007    26.2442    26.2450     51.515     51.773      0.532    1475.02    1475.01  0.000e+00
       7885     52.500     6.4056     6.4060     0.0005    3.33585    3.33606          1     6.1938     6.2067      32.51     0.2467     0.3157  1.000e-12  1.7088000    33.4347    33.4366     0.0019    26.2644    26.2659     52.010     52.270      0.660    1475.23    1475.24  0.000e+00
       7901     53.000     6.4280     6.4304     0.0023    3.33954    3.33994          1     6.1867     6.1937      32.05     0.2360     0.3150  1.000e-12  1.6286000    33.4534    33.4555     0.0021    26.2763    26.2777     52.506     52.766      0.728    1475.35    1475.37  0.000e+00
       7917     53.500     6.4553     6.4553     0.0001    3.34380    3.34390          1     6.1810     6.1814      31.50     0.2306     0.3148  1.000e-12  1.6494000    33.4737    33.4748     0.0011    26.2888    26.2897     53.001     53.262      0.704    1475.50    1475.50  0.000e+00
       7936     54.000     6.4616     6.4615    -0.0000    3.34480    3.34491          1     6.1717     6.1613      30.94     0.2239     0.3019  1.000e-12  1.6923000    33.4785    33.4798     0.0013    26.2917    26.2928     53.496     53.758      0.568    1475.53    1475.53  0.000e+00
       7963     54.500     6.4666     6.4662    -0.0003    3.34564    3.34572          1     6.1650     6.1571      30.29     0.2272     0.3344  1.000e-12  1.7341000    33.4826    33.4838     0.0012    26.2944    26.2954     53.991     54.255      0.405    1475.57    1475.57  0.000e+00
       7993     55.000     6.4880     6.4887     0.0007    3.34908    3.34938          1     6.1534     6.1694      29.77     0.2262     0.2756  1.000e-12  1.7427000    33.4995    33.5022     0.0026    26.3049    26.3069     54.487     54.751      0.432    1475.68    1475.69  0.000e+00
       8018     55.500     6.5187     6.5218     0.0030    3.35391    3.35467          1     6.1455     6.1580      29.29     0.2187     0.3170  1.000e-12  1.7325000    33.5228    33.5281     0.0053    26.3193    26.3231     54.982     55.247      0.565    1475.84    1475.86  0.000e+00
       8037     56.000     6.5323     6.5325     0.0003    3.35627    3.35642          1     6.1480     6.1525      28.87     0.2363     0.3045  1.000e-12  1.6896000    33.5353    33.5367     0.0014    26.3274    26.3285     55.477     55.743      0.669    1475.92    1475.92  0.000e+00
