ctdpy/tests/etc/all_smhi_bas_2018/SBE09_0827_20180905_0601_26_01_0962.cnv
* Sea-Bird SBE 9 Data File:
* FileName = D:\CTD_SBE911\DAT\26DA.2018.9.12.hex
* Software Version Seasave V 7.21d
* Temperature SN = 034605
* Conductivity SN = 041844
* Number of Bytes Per Scan = 48
* Number of Voltage Words = 5
* Number of Scans Averaged by the Deck Unit = 1
* NMEA Latitude = 58 01.10 N
* NMEA Longitude = 017 58.90 E
* NMEA UTC (Time) = Sep 05 2018  06:04:19
* NMEA baud rate = 4800
** Ship: DANA
** Average sound velocity: 1447.67 m/s
** True-depth calculation Wed, 03 Apr 2019 09:29:24 +0000
** CTD Python Module SMHI /ver 3-12/ feb 2012 
** LIMS Job: 20182601-0962
**  BY32 NORRKØPINGSDJUPET
** Operator: Christian
** Cruise: 09/2018
# nquan = 26
# nvalues = 400                         
# units = specified
# name 0 = scan: Scan Count
# name 1 = prDM: Pressure, Digiquartz [db]
# name 2 = t090C: Temperature [ITS-90, deg C]
# name 3 = t190C: Temperature, 2 [ITS-90, deg C]
# name 4 = T2-T190C: Temperature Difference, 2 - 1 [ITS-90, deg C]
# name 5 = c0S/m: Conductivity [S/m]
# name 6 = c1S/m: Conductivity, 2 [S/m]
# name 7 = pumps: Pump Status
# name 8 = sbeox1ML/L: Oxygen, SBE 43, 2 [ml/l]
# name 9 = sbeox0ML/L: Oxygen, SBE 43 [ml/l]
# name 10 = altM: Altimeter [m]
# name 11 = chloroflTC0: Chlorophyll, Turner Cyclops [ug/l]
# name 12 = cpar: CPAR/Corrected Irradiance [%]
# name 13 = par: PAR/Irradiance, Biospherical/Lico [µE/(cm^2*s)]
# name 14 = spar: SPAR, Biospherical/Licor
# name 15 = sal00: Salinity, Practical [PSU]
# name 16 = sal11: Salinity, Practical, 2 [PSU]
# name 17 = secS-priS: Salinity, Practical, Difference, 2 - 1 [PSU]
# name 18 = sigma-t00: Density [sigma-t, kg/m^3 ]
# name 19 = sigma-t11: Density, 2 [sigma-t, kg/m^3 ]
# name 20 = depSM: Depth [salt water, m], lat = 58.0183
# name 21 = depFM: Depth [true depth, m], lat = 58.0183
# name 22 = dz/dtM: Descent Rate [m/s], WS = 2
# name 23 = svCM: Sound Velocity [Chen-Millero, m/s]
# name 24 = svCM1: Sound Velocity, 2 [Chen-Millero, m/s]
# name 25 = flag: flag
# span 0 =        187,      15071       
# span 1 =      1.000,    200.500       
# span 2 =     3.3985,    18.5578       
# span 3 =     3.3951,    18.5577       
# span 4 =    -1.6379,     0.0385       
# span 5 =   0.758848,   1.204208       
# span 6 =   0.758496,   1.203690       
# span 7 =          1,          1       
# span 8 =     0.0390,     7.5429       
# span 9 =     0.0245,     7.8666       
# span 10 =       1.48,       9.98      
# span 11 =     0.0424,     0.2802      
# span 12 = 7.5052e-14, 1.6506e+00      
# span 13 = 1.0000e-12, 2.0458e+01      
# span 14 = 1.0649e+03, 1.3325e+03      
# span 15 =     6.7035,    11.0736      
# span 16 =     6.7238,    11.0687      
# span 17 =    -0.0082,     0.1542      
# span 18 =     3.6455,     8.6957      
# span 19 =     3.6427,     8.6919      
# span 20 =      0.990,    198.545      
# span 21 =      1.015,    202.744      
# span 22 =     -0.053,      0.570      
# span 23 =    1429.40,    1485.75      
# span 24 =    1429.37,    1485.74      
# span 25 = 0.0000e+00, 0.0000e+00      
# interval = decibars: 0.5              
# start_time = Sep 05 2018 06:04:19 [NMEA time, first data scan]
# bad_flag = -9.990e-29
*END*
[from data line 335]
      12947    168.500     6.0189     6.0185    -0.0004    1.19825    1.19777          1     0.0477     0.0321       9.97     0.0513  7.598e-14  1.000e-12  1.316e+03    11.0287    11.0240    -0.0047     8.6620     8.6584    166.870    170.432      0.482    1447.38    1447.37  0.000e+00
      12972    169.000     6.0192     6.0186    -0.0006    1.19830    1.19778          1     0.0485     0.0323       9.97     0.0525  7.594e-14  1.000e-12  1.317e+03    11.0290    11.0240    -0.0049     8.6622     8.6584    167.365    170.936      0.481    1447.39    1447.38  0.000e+00
      12997    169.500     6.0195     6.0193    -0.0002    1.19833    1.19784          1     0.0464     0.0325       9.97     0.0533  7.589e-14  1.000e-12  1.318e+03    11.0292    11.0244    -0.0048     8.6624     8.6586    167.860    171.441      0.477    1447.40    1447.39  0.000e+00
      13022    170.000     6.0199     6.0201     0.0001    1.19839    1.19791          1     0.0472     0.0336       9.97     0.0519  7.583e-14  1.000e-12  1.319e+03    11.0295    11.0247    -0.0048     8.6626     8.6588    168.355    171.946      0.476    1447.41    1447.40  0.000e+00
      13047    170.500     6.0209     6.0210     0.0000    1.19848    1.19801          1     0.0474     0.0327       9.97     0.0516  7.569e-14  1.000e-12  1.321e+03    11.0300    11.0253    -0.0047     8.6629     8.6592    168.850    172.451      0.491    1447.42    1447.42  0.000e+00
      13071    171.000     6.0217     6.0224     0.0007    1.19857    1.19814          1     0.0466     0.0307       9.97     0.0524  7.554e-14  1.000e-12  1.324e+03    11.0305    11.0261    -0.0045     8.6633     8.6597    169.345    172.956      0.504    1447.43    1447.43  0.000e+00
      13095    171.500     6.0229     6.0239     0.0009    1.19872    1.19838          1     0.0467     0.0319       9.97     0.0528  7.552e-14  1.000e-12  1.324e+03    11.0315    11.0279    -0.0037     8.6640     8.6610    169.840    173.461      0.492    1447.45    1447.45  0.000e+00
      13120    172.000     6.0242     6.0240    -0.0002    1.19892    1.19852          1     0.0468     0.0306       9.97     0.0516  7.566e-14  1.000e-12  1.322e+03    11.0330    11.0291    -0.0038     8.6651     8.6620    170.335    173.966      0.483    1447.46    1447.46  0.000e+00
      13144    172.500     6.0246     6.0237    -0.0009    1.19905    1.19860          1     0.0438     0.0290       9.97     0.0521  7.583e-14  1.000e-12  1.319e+03    11.0341    11.0299    -0.0042     8.6659     8.6627    170.830    174.471      0.513    1447.48    1447.47  0.000e+00
      13167    173.000     6.0245     6.0236    -0.0009    1.19913    1.19864          1     0.0454     0.0306       9.97     0.0526  7.587e-14  1.000e-12  1.318e+03    11.0349    11.0303    -0.0046     8.6665     8.6630    171.325    174.976      0.534    1447.48    1447.47  0.000e+00
      13189    173.500     6.0245     6.0236    -0.0009    1.19918    1.19868          1     0.0469     0.0328       9.97     0.0518  7.578e-14  1.000e-12  1.320e+03    11.0352    11.0305    -0.0047     8.6668     8.6631    171.820    175.481      0.526    1447.49    1447.48  0.000e+00
      13213    174.000     6.0245     6.0235    -0.0010    1.19922    1.19871          1     0.0478     0.0332       9.97     0.0515  7.566e-14  1.000e-12  1.322e+03    11.0356    11.0308    -0.0048     8.6671     8.6634    172.315    175.985      0.493    1447.50    1447.49  0.000e+00
      13238    174.500     6.0244     6.0233    -0.0011    1.19924    1.19872          1     0.0469     0.0308       9.97     0.0516  7.570e-14  1.000e-12  1.321e+03    11.0357    11.0309    -0.0049     8.6672     8.6635    172.810    176.490      0.465    1447.51    1447.50  0.000e+00
      13264    175.000     6.0243     6.0232    -0.0011    1.19926    1.19873          1     0.0455     0.0307       9.97     0.0513  7.583e-14  1.000e-12  1.319e+03    11.0359    11.0309    -0.0049     8.6673     8.6635    173.305    176.995      0.461    1447.52    1447.51  0.000e+00
      13290    175.500     6.0240     6.0232    -0.0009    1.19929    1.19879          1     0.0448     0.0299       9.97     0.0521  7.584e-14  1.000e-12  1.319e+03    11.0362    11.0314    -0.0048     8.6676     8.6639    173.800    177.500      0.484    1447.52    1447.51  0.000e+00
      13314    176.000     6.0241     6.0233    -0.0009    1.19936    1.19888          1     0.0465     0.0300       9.97     0.0511  7.564e-14  1.000e-12  1.322e+03    11.0367    11.0322    -0.0045     8.6680     8.6645    174.294    178.005      0.510    1447.53    1447.52  0.000e+00
      13337    176.500     6.0241     6.0236    -0.0006    1.19942    1.19892          1     0.0447     0.0315       9.97     0.0515  7.545e-14  1.000e-12  1.325e+03    11.0372    11.0324    -0.0048     8.6684     8.6646    174.789    178.510      0.497    1447.54    1447.53  0.000e+00
      13363    177.000     6.0246     6.0252     0.0006    1.19952    1.19919          1     0.0454     0.0299       9.97     0.0536  7.543e-14  1.000e-12  1.326e+03    11.0380    11.0344    -0.0035     8.6690     8.6661    175.284    179.015      0.439    1447.55    1447.55  0.000e+00
      13392    177.500     6.0259     6.0262     0.0002    1.19977    1.19944          1     0.0440     0.0291       9.97     0.0525  7.568e-14  1.000e-12  1.321e+03    11.0399    11.0366    -0.0033     8.6704     8.6678    175.779    179.520      0.439    1447.57    1447.57  0.000e+00
      13417    178.000     6.0269     6.0271     0.0002    1.20004    1.19970          1     0.0429     0.0320       9.97     0.0512  7.638e-14  1.000e-12  1.309e+03    11.0422    11.0387    -0.0035     8.6721     8.6694    176.274    180.025      0.524    1447.58    1447.58  0.000e+00
      13438    178.500     6.0276     6.0279     0.0003    1.20024    1.19988          1     0.0428     0.0294       9.97     0.0513  7.662e-14  1.000e-12  1.305e+03    11.0438    11.0402    -0.0037     8.6734     8.6705    176.769    180.529      0.570    1447.60    1447.59  0.000e+00
      13459    179.000     6.0286     6.0294     0.0008    1.20047    1.20023          1     0.0435     0.0317       9.97     0.0508  7.594e-14  1.000e-12  1.317e+03    11.0457    11.0431    -0.0027     8.6748     8.6727    177.264    181.034      0.540    1447.61    1447.61  0.000e+00
      13483    179.500     6.0296     6.0300     0.0004    1.20072    1.20042          1     0.0439     0.0302       9.97     0.0521  7.568e-14  1.000e-12  1.321e+03    11.0478    11.0446    -0.0031     8.6763     8.6738    177.759    181.539      0.476    1447.63    1447.62  0.000e+00
      13510    180.000     6.0305     6.0304    -0.0001    1.20091    1.20051          1     0.0457     0.0288       9.97     0.0518  7.613e-14  1.000e-12  1.314e+03    11.0493    11.0453    -0.0040     8.6775     8.6744    178.254    182.044      0.450    1447.64    1447.64  0.000e+00
      13536    180.500     6.0310     6.0307    -0.0003    1.20102    1.20056          1     0.0459     0.0283       9.97     0.0515  7.645e-14  1.000e-12  1.308e+03    11.0502    11.0457    -0.0045     8.6781     8.6746    178.749    182.549      0.487    1447.65    1447.64  0.000e+00
      13559    181.000     6.0313     6.0311    -0.0002    1.20110    1.20067          1     0.0446     0.0324       9.97     0.0526  7.665e-14  1.000e-12  1.305e+03    11.0508    11.0465    -0.0043     8.6786     8.6752    179.244    183.054      0.527    1447.66    1447.65  0.000e+00
      13582    181.500     6.0317     6.0312    -0.0005    1.20118    1.20070          1     0.0453     0.0306       9.97     0.0524  7.739e-14  1.000e-12  1.292e+03    11.0513    11.0467    -0.0045     8.6790     8.6754    179.739    183.559      0.529    1447.67    1447.66  0.000e+00
      13605    182.000     6.0320     6.0317    -0.0003    1.20124    1.20078          1     0.0465     0.0286       9.97     0.0513  7.836e-14  1.000e-12  1.276e+03    11.0518    11.0472    -0.0045     8.6794     8.6758    180.234    184.064      0.482    1447.68    1447.67  0.000e+00
      13632    182.500     6.0324     6.0320    -0.0004    1.20133    1.20088          1     0.0429     0.0294       9.97     0.0514  7.998e-14  1.000e-12  1.250e+03    11.0524    11.0480    -0.0044     8.6798     8.6764    180.729    184.569      0.420    1447.69    1447.68  0.000e+00
      13661    183.000     6.0328     6.0326    -0.0002    1.20144    1.20099          1     0.0428     0.0294       9.97     0.0523  8.029e-14  1.000e-12  1.246e+03    11.0533    11.0489    -0.0044     8.6805     8.6770    181.224    185.073      0.439    1447.70    1447.70  0.000e+00
      13687    183.500     6.0336     6.0339     0.0004    1.20161    1.20124          1     0.0395     0.0300       9.97     0.0526  7.906e-14  1.000e-12  1.265e+03    11.0546    11.0508    -0.0038     8.6815     8.6785    181.718    185.578      0.498    1447.72    1447.71  0.000e+00
      13710    184.000     6.0346     6.0349     0.0003    1.20182    1.20147          1     0.0400     0.0291       9.97     0.0509  7.874e-14  1.000e-12  1.270e+03    11.0563    11.0528    -0.0036     8.6828     8.6799    182.213    186.083      0.509    1447.73    1447.73  0.000e+00
      13734    184.500     6.0354     6.0358     0.0004    1.20202    1.20167          1     0.0443     0.0282       9.97     0.0518  7.949e-14  1.000e-12  1.258e+03    11.0579    11.0543    -0.0036     8.6840     8.6811    182.708    186.588      0.487    1447.74    1447.74  0.000e+00
      13759    185.000     6.0365     6.0365     0.0000    1.20223    1.20182          1     0.0423     0.0297       9.97     0.0514  8.108e-14  1.000e-12  1.233e+03    11.0596    11.0555    -0.0041     8.6852     8.6820    183.203    187.093      0.462    1447.76    1447.75  0.000e+00
      13786    185.500     6.0372     6.0372     0.0001    1.20238    1.20197          1     0.0421     0.0296       9.97     0.0513  8.148e-14  1.000e-12  1.227e+03    11.0607    11.0567    -0.0040     8.6861     8.6829    183.698    187.598      0.469    1447.77    1447.77  0.000e+00
      13810    186.000     6.0379     6.0384     0.0005    1.20257    1.20223          1     0.0433     0.0291       9.97     0.0521  8.166e-14  1.000e-12  1.225e+03    11.0623    11.0588    -0.0036     8.6873     8.6844    184.193    188.103      0.502    1447.78    1447.78  0.000e+00
      13833    186.500     6.0388     6.0388     0.0000    1.20274    1.20234          1     0.0432     0.0287       9.97     0.0528  8.255e-14  1.000e-12  1.211e+03    11.0637    11.0596    -0.0040     8.6882     8.6851    184.688    188.608      0.516    1447.80    1447.79  0.000e+00
      13857    187.000     6.0394     6.0391    -0.0003    1.20288    1.20243          1     0.0437     0.0302       9.97     0.0514  8.521e-14  1.000e-12  1.174e+03    11.0647    11.0604    -0.0043     8.6890     8.6857    185.183    189.113      0.498    1447.81    1447.80  0.000e+00
      13882    187.500     6.0398     6.0393    -0.0005    1.20299    1.20251          1     0.0438     0.0320       9.97     0.0528  8.870e-14  1.000e-12  1.128e+03    11.0656    11.0610    -0.0047     8.6897     8.6861    185.678    189.617      0.479    1447.82    1447.81  0.000e+00
      13907    188.000     6.0402     6.0398    -0.0004    1.20308    1.20260          1     0.0422     0.0245       9.97     0.0528  9.196e-14  1.000e-12  1.088e+03    11.0663    11.0617    -0.0046     8.6902     8.6866    186.173    190.122      0.467    1447.83    1447.82  0.000e+00
      13933    188.500     6.0407     6.0404    -0.0003    1.20317    1.20270          1     0.0428     0.0311       9.97     0.0514  9.391e-14  1.000e-12  1.065e+03    11.0669    11.0624    -0.0046     8.6907     8.6871    186.668    190.627      0.459    1447.84    1447.83  0.000e+00
      13959    189.000     6.0413     6.0410    -0.0003    1.20327    1.20283          1     0.0436     0.0302       9.97     0.0519  9.222e-14  1.000e-12  1.084e+03    11.0676    11.0633    -0.0043     8.6912     8.6879    187.163    191.132      0.457    1447.85    1447.85  0.000e+00
      13985    189.500     6.0417     6.0415    -0.0002    1.20339    1.20294          1     0.0424     0.0280       9.97     0.0524  8.965e-14  1.000e-12  1.116e+03    11.0686    11.0642    -0.0043     8.6919     8.6885    187.658    191.637      0.470    1447.86    1447.86  0.000e+00
      14011    190.000     6.0424     6.0424     0.0000    1.20351    1.20308          1     0.0401     0.0315       9.97     0.0518  8.790e-14  1.000e-12  1.138e+03    11.0694    11.0652    -0.0042     8.6926     8.6893    188.152    192.142      0.472    1447.88    1447.87  0.000e+00
      14036    190.500     6.0433     6.0434     0.0001    1.20368    1.20325          1     0.0411     0.0276       9.97     0.0526  8.740e-14  1.000e-12  1.144e+03    11.0708    11.0665    -0.0043     8.6936     8.6902    188.647    192.647      0.462    1447.89    1447.88  0.000e+00
      14062    191.000     6.0441     6.0437    -0.0004    1.20380    1.20333          1     0.0422     0.0253       9.97     0.0527  8.637e-14  1.000e-12  1.158e+03    11.0716    11.0670    -0.0045     8.6942     8.6906    189.142    193.152      0.474    1447.90    1447.89  0.000e+00
      14087    191.500     6.0444     6.0439    -0.0005    1.20387    1.20337          1     0.0431     0.0302       9.97     0.0526  8.320e-14  1.000e-12  1.202e+03    11.0721    11.0673    -0.0048     8.6946     8.6908    189.637    193.656      0.491    1447.91    1447.90  0.000e+00
      14111    192.000     6.0446     6.0440    -0.0007    1.20392    1.20340          1     0.0409     0.0306       9.72     0.0525  7.955e-14  1.000e-12  1.257e+03    11.0724    11.0675    -0.0049     8.6948     8.6909    190.132    194.161      0.484    1447.92    1447.91  0.000e+00
      14137    192.500     6.0448     6.0441    -0.0007    1.20394    1.20342          1     0.0409     0.0251       9.21     0.0519  7.747e-14  1.000e-12  1.291e+03    11.0725    11.0676    -0.0049     8.6948     8.6910    190.627    194.666      0.472    1447.93    1447.92  0.000e+00
      14162    193.000     6.0449     6.0442    -0.0008    1.20397    1.20345          1     0.0443     0.0292       8.69     0.0521  7.713e-14  1.000e-12  1.297e+03    11.0727    11.0677    -0.0050     8.6949     8.6911    191.122    195.171      0.482    1447.94    1447.93  0.000e+00
      14186    193.500     6.0450     6.0443    -0.0007    1.20399    1.20346          1     0.0419     0.0273       8.17     0.0516  7.730e-14  1.000e-12  1.294e+03    11.0727    11.0678    -0.0050     8.6950     8.6911    191.617    195.676      0.506    1447.95    1447.94  0.000e+00
      14210    194.000     6.0450     6.0443    -0.0008    1.20400    1.20348          1     0.0415     0.0288       7.64     0.0531  7.712e-14  1.000e-12  1.297e+03    11.0728    11.0678    -0.0050     8.6950     8.6912    192.112    196.181      0.508    1447.95    1447.95  0.000e+00
      14234    194.500     6.0451     6.0443    -0.0008    1.20402    1.20350          1     0.0417     0.0296       7.14     0.0525  7.694e-14  1.000e-12  1.300e+03    11.0728    11.0679    -0.0049     8.6951     8.6913    192.607    196.686      0.479    1447.96    1447.95  0.000e+00
      14260    195.000     6.0452     6.0444    -0.0008    1.20404    1.20351          1     0.0406     0.0268       6.61     0.0528  7.762e-14  1.000e-12  1.288e+03    11.0729    11.0680    -0.0050     8.6952     8.6913    193.102    197.191      0.448    1447.97    1447.96  0.000e+00
      14287    195.500     6.0452     6.0444    -0.0008    1.20406    1.20353          1     0.0422     0.0291       6.09     0.0513  7.885e-14  1.000e-12  1.268e+03    11.0730    11.0680    -0.0050     8.6952     8.6913    193.596    197.695      0.462    1447.98    1447.97  0.000e+00
