ctdpy/tests/etc/all_smhi_bas_2018/SBE09_1044_20180126_0334_34_02_0012.cnv
* Sea-Bird SBE 9 Data File:
* FileName = C:\ctd\temp\2018\ME18D012.hex
* Software Version Seasave V 7.26.6.26
* Temperature SN = 5351
* Conductivity SN = 3941
* Number of Bytes Per Scan = 41
* Number of Voltage Words = 4
* Number of Scans Averaged by the Deck Unit = 1
* NMEA Latitude = 55 16.30 N
* NMEA Longitude = 012 34.35 E
* NMEA UTC (Time) = Jan 26 2018  03:35:17
* NMEA baud rate = 4800
** Station:  Stevns klint
** Operator:  SSip
** Ship: MERI
** Average sound velocity: 1433.95 m/s
** True-depth calculation Sat, 27 Jan 2018 21:52:11 +0000
** CTD Python Module SMHI /ver 3-12/ feb 2012 
** LIMS Job: 20183402-0012
** Cruise: SMHI-01-2018
** Latitude [GG MM.mm N] :
** Longitude [GG MM.mm E]:
# nquan = 26
# nvalues = 41                          
# units = specified
# name 0 = scan: Scan Count
# name 1 = prDM: Pressure, Digiquartz [db]
# name 2 = t090C: Temperature [ITS-90, deg C]
# name 3 = t190C: Temperature, 2 [ITS-90, deg C]
# name 4 = T2-T190C: Temperature Difference, 2 - 1 [ITS-90, deg C]
# name 5 = c0S/m: Conductivity [S/m]
# name 6 = c1S/m: Conductivity, 2 [S/m]
# name 7 = pumps: Pump Status
# name 8 = sbeox0ML/L: Oxygen, SBE 43 [ml/l]
# name 9 = sbeox1ML/L: Oxygen, SBE 43, 2 [ml/l]
# name 10 = altM: Altimeter [m]
# name 11 = flECO-AFL: Chl-a Fluorescence, WET Labs ECO-AFL/FL [mg/m^3]
# name 12 = flECO-AFL1: Phycocyanin Fluorescence, WET Labs ECO-AFL/FL, 2 [mg/m^3]
# name 13 = par: PAR/Irradiance, Biospherical/Lico [µE/(cm^2*s)]
# name 14 = turbWETntu0: Turbidity, WET Labs ECO [NTU]
# name 15 = sal00: Salinity, Practical [PSU]
# name 16 = sal11: Salinity, Practical, 2 [PSU]
# name 17 = secS-priS: Salinity, Practical, Difference, 2 - 1 [PSU]
# name 18 = sigma-t00: Density [sigma-t, Kg/m^3 ]
# name 19 = sigma-t11: Density, 2 [sigma-t, Kg/m^3 ]
# name 20 = depSM: Depth [salt water, m], lat = 55.2717
# name 21 = depFM: Depth [true depth, m], lat = 55.2717
# name 22 = dz/dtM: Descent Rate [m/s], WS = 2
# name 23 = svCM: Sound Velocity [Chen-Millero, m/s]
# name 24 = svCM1: Sound Velocity, 2 [Chen-Millero, m/s]
# name 25 = flag: flag
# span 0 =       4520,       5905       
# span 1 =      0.500,     20.500       
# span 2 =     4.1078,     4.1455       
# span 3 =     4.1086,     4.1462       
# span 4 =    -0.0011,     0.0019       
# span 5 =   0.846026,   1.156041       
# span 6 =   0.846062,   1.156329       
# span 7 =          1,          1       
# span 8 =    7.91754,    8.31618       
# span 9 =    7.88413,    8.29773       
# span 10 =       1.38,      23.63      
# span 11 =     0.5315,     0.8919      
# span 12 =     0.2784,     0.4191      
# span 13 = 1.0000e-12, 1.9902e-06      
# span 14 =     0.9708,     4.3841      
# span 15 =     8.0415,    11.2536      
# span 16 =     8.0416,    11.2561      
# span 17 =    -0.0362,     0.0317      
# span 18 =     6.3886,     8.9369      
# span 19 =     6.3887,     8.9389      
# span 20 =      0.495,     20.314      
# span 21 =      0.506,     20.734      
# span 22 =     -0.004,      0.474      
# span 23 =    1432.71,    1437.13      
# span 24 =    1432.70,    1437.14      
# span 25 = 0.0000e+00, 0.0000e+00      
# interval = decibars: 0.5              
# start_time = Jan 26 2018 03:35:18 [NMEA time, first data scan]
# bad_flag = -9.990e-29
*END*
       4520      0.500     4.1382     4.1380    -0.0002    0.84757    0.84682          1     8.3045     8.2860      23.63     0.8413     0.3731  1.990e-06  1.0237000     8.0568     8.0492    -0.0076     6.4007     6.3947      0.495      0.506      0.185    1432.72    1432.71  0.000e+00
       4568      1.000     4.1363     4.1369     0.0005    0.84639    0.84606          1     8.3089     8.2890      23.21     0.8368     0.3636  6.333e-09  1.0315000     8.0451     8.0416    -0.0034     6.3915     6.3887      0.991      1.012      0.246    1432.71    1432.70  0.000e+00
       4625      1.500     4.1358     4.1371     0.0013    0.84603    0.84632          1     8.2966     8.2960      22.67     0.8589     0.3403  1.000e-12  0.9915000     8.0415     8.0441     0.0027     6.3886     6.3907      1.486      1.518      0.205    1432.71    1432.72  0.000e+00
       4682      2.000     4.1380     4.1369    -0.0011    0.84781    0.84641          1     8.3043     8.2950      22.16     0.8919     0.3408  1.000e-12  0.9932000     8.0591     8.0450    -0.0141     6.4025     6.3914      1.982      2.024      0.212    1432.75    1432.73  0.000e+00
       4734      2.500     4.1395     4.1414     0.0019    0.84857    0.84936          1     8.3041     8.2962      21.65     0.8271     0.3871  1.000e-12  0.9871000     8.0664     8.0740     0.0075     6.4083     6.4143      2.477      2.530      0.275    1432.77    1432.79  0.000e+00
       4772      3.000     4.1392     4.1406     0.0014    0.84855    0.84885          1     8.2988     8.2927      21.18     0.8375     0.3559  1.000e-12  1.0631000     8.0662     8.0689     0.0028     6.4081     6.4103      2.973      3.036      0.335    1432.78    1432.79  0.000e+00
       4806      3.500     4.1396     4.1394    -0.0002    0.84903    0.84830          1     8.3039     8.2977      20.69     0.8612     0.3856  1.000e-12  1.0494000     8.0709     8.0635    -0.0074     6.4119     6.4060      3.468      3.542      0.373    1432.79    1432.78  0.000e+00
       4838      4.000     4.1389     4.1383    -0.0006    0.84868    0.84752          1     8.3162     8.2950      20.19     0.8460     0.3565  1.000e-12  1.0366000     8.0674     8.0557    -0.0117     6.4091     6.3998      3.964      4.048      0.389    1432.80    1432.78  0.000e+00
       4868      4.500     4.1385     4.1388     0.0003    0.84849    0.84805          1     8.3072     8.2924      19.67     0.8547     0.3683  1.000e-12  1.1091000     8.0655     8.0610    -0.0045     6.4076     6.4040      4.459      4.554      0.396    1432.80    1432.79  0.000e+00
       4898      5.000     4.1397     4.1405     0.0007    0.84962    0.84950          1     8.3035     8.2927      19.16     0.8404     0.3273  1.000e-12  1.0901000     8.0767     8.0753    -0.0015     6.4165     6.4153      4.955      5.060      0.405    1432.83    1432.83  0.000e+00
       4927      5.500     4.1410     4.1417     0.0007    0.85036    0.85033          1     8.3063     8.2936      18.67     0.8195     0.3347  1.000e-12  1.1322000     8.0839     8.0834    -0.0005     6.4221     6.4217      5.450      5.566      0.431    1432.85    1432.85  0.000e+00
       4954      6.000     4.1408     4.1415     0.0007    0.85011    0.85012          1     8.3011     8.2943      18.16     0.8120     0.3750  1.000e-12  1.1212000     8.0813     8.0812    -0.0001     6.4201     6.4200      5.946      6.072      0.453    1432.85    1432.86  0.000e+00
       4980      6.500     4.1411     4.1422     0.0011    0.85054    0.85049          1     8.2953     8.2969      17.64     0.8130     0.3381  1.000e-12  1.1095000     8.0856     8.0848    -0.0008     6.4235     6.4228      6.441      6.578      0.462    1432.87    1432.87  0.000e+00
       5006      7.000     4.1430     4.1448     0.0017    0.85225    0.85293          1     8.2889     8.2906      17.13     0.8262     0.3924  1.000e-12  1.0854000     8.1025     8.1091     0.0066     6.4368     6.4420      6.937      7.084      0.469    1432.91    1432.92  0.000e+00
       5032      7.500     4.1444     4.1454     0.0009    0.85343    0.85337          1     8.2922     8.2878      16.60     0.8548     0.3776  1.000e-12  1.0314000     8.1141     8.1133    -0.0008     6.4460     6.4454      7.432      7.590      0.453    1432.93    1432.94  0.000e+00
       5058      8.000     4.1451     4.1459     0.0008    0.85353    0.85352          1     8.2999     8.2864      16.08     0.8445     0.3611  1.000e-12  1.0466000     8.1149     8.1146    -0.0003     6.4466     6.4464      7.928      8.096      0.462    1432.95    1432.95  0.000e+00
       5084      8.500     4.1453     4.1461     0.0008    0.85339    0.85342          1     8.2984     8.2816      15.54     0.8096     0.3190  1.000e-12  1.0813000     8.1133     8.1134     0.0001     6.4454     6.4455      8.423      8.602      0.472    1432.95    1432.96  0.000e+00
       5109      9.000     4.1453     4.1460     0.0007    0.85340    0.85344          1     8.2904     8.2821      15.02     0.8116     0.3494  1.000e-12  1.0851000     8.1133     8.1136     0.0003     6.4454     6.4456      8.918      9.108      0.466    1432.96    1432.97  0.000e+00
       5135      9.500     4.1452     4.1460     0.0008    0.85324    0.85327          1     8.2923     8.2828      14.48     0.8190     0.3656  1.000e-12  1.0664000     8.1117     8.1118     0.0001     6.4441     6.4442      9.414      9.614      0.466    1432.97    1432.97  0.000e+00
       5161     10.000     4.1454     4.1461     0.0007    0.85332    0.85332          1     8.2938     8.2769      13.93     0.8268     0.4072  1.000e-12  1.0952000     8.1124     8.1123    -0.0001     6.4446     6.4445      9.909     10.120      0.469    1432.98    1432.98  0.000e+00
       5187     10.500     4.1455     4.1462     0.0007    0.85347    0.85340          1     8.2930     8.2735      13.45     0.8409     0.3800  1.000e-12  1.0505000     8.1139     8.1129    -0.0009     6.4458     6.4451     10.405     10.626      0.457    1432.99    1432.99  0.000e+00
       5213     11.000     4.1424     4.1437     0.0013    0.85762    0.85689          1     8.2883     8.2815      12.95     0.8263     0.3619  1.000e-12  1.0268000     8.1570     8.1491    -0.0078     6.4801     6.4739     10.900     11.132      0.464    1433.04    1433.03  0.000e+00
       5238     11.500     4.1403     4.1409     0.0006    0.86014    0.86048          1     8.2994     8.2867      12.45     0.8045     0.3770  1.000e-12  1.0463000     8.1832     8.1866     0.0034     6.5010     6.5036     11.396     11.638      0.473    1433.07    1433.08  0.000e+00
       5264     12.000     4.1390     4.1408     0.0017    0.86196    0.86014          1     8.3007     8.2752      11.92     0.7869     0.4191  1.000e-12  1.0357000     8.2021     8.1830    -0.0191     6.5160     6.5008     11.891     12.144      0.469    1433.10    1433.08  0.000e+00
       5290     12.500     4.1406     4.1410     0.0003    0.86037    0.86056          1     8.2955     8.2643      11.40     0.8261     0.3669  1.000e-12  0.9708000     8.1853     8.1871     0.0018     6.5027     6.5041     12.387     12.650      0.459    1433.09    1433.09  0.000e+00
       5316     13.000     4.1406     4.1403    -0.0003    0.86035    0.86172          1     8.2506     8.2472      10.89     0.8097     0.4036  1.000e-12  0.9807000     8.1850     8.1991     0.0141     6.5024     6.5136     12.882     13.156      0.455    1433.10    1433.11  0.000e+00
       5342     13.500     4.1337     4.1331    -0.0006    0.87221    0.87528          1     8.1969     8.2074      10.41     0.7774     0.3801  1.000e-12  1.0159000     8.3081     8.3398     0.0317     6.6004     6.6256     13.378     13.662      0.455    1433.23    1433.27  0.000e+00
       5369     14.000     4.1280     4.1287     0.0007    0.89167    0.89199          1     8.1767     8.1680       9.87     0.7626     0.3188  1.000e-12  0.9877000     8.5092     8.5123     0.0031     6.7602     6.7626     13.873     14.168      0.459    1433.47    1433.48  0.000e+00
       5395     14.500     4.1212     4.1223     0.0011    0.93376    0.93275          1     8.1179     8.1172       9.37     0.7698     0.3020  1.000e-12  1.1317000     8.9441     8.9334    -0.0108     7.1055     7.0970     14.368     14.674      0.472    1434.01    1434.00  0.000e+00
       5420     15.000     4.1308     4.1300    -0.0008    0.98123    0.97772          1     8.0389     8.0481       8.85     0.6919     0.3144  1.000e-12  1.2878000     9.4319     9.3958    -0.0362     7.4923     7.4636     14.864     15.180      0.474    1434.68    1434.63  0.000e+00
       5445     15.500     4.1291     4.1301     0.0010    1.01001    1.00930          1     7.9725     7.9867       8.32     0.6652     0.3430  1.000e-12  1.5852000     9.7308     9.7231    -0.0077     7.7295     7.7233     15.359     15.685      0.458    1435.07    1435.06  0.000e+00
       5472     16.000     4.1223     4.1234     0.0012    1.03423    1.03296          1     7.9411     7.9511       7.81     0.6323     0.3613  1.000e-12  1.5438000     9.9846     9.9710    -0.0136     7.9310     7.9202     15.855     16.190      0.445    1435.37    1435.36  0.000e+00
       5499     16.500     4.1178     4.1189     0.0010    1.07183    1.06934          1     7.9373     7.9358       7.25     0.5940     0.3767  1.000e-12  1.5688000    10.3781    10.3517    -0.0264     8.2433     8.2223     16.350     16.695      0.453    1435.86    1435.83  0.000e+00
       5525     17.000     4.1128     4.1141     0.0013    1.11063    1.10870          1     7.9444     7.9338       6.63     0.5784     0.3209  1.000e-12  1.4952000    10.7855    10.7650    -0.0206     8.5666     8.5503     16.846     17.200      0.461    1436.37    1436.35  0.000e+00
       5551     17.500     4.1106     4.1113     0.0007    1.14218    1.14169          1     7.9387     7.9269       6.22     0.5315     0.2784  1.000e-12  1.6649000    11.1173    11.1118    -0.0055     8.8298     8.8255     17.341     17.705      0.461    1436.79    1436.79  0.000e+00
       5578     18.000     4.1078     4.1086     0.0007    1.14487    1.14483          1     7.9421     7.9141       5.66     0.6129     0.3554  1.000e-12  2.8361000    11.1464    11.1457    -0.0007     8.8530     8.8524     17.836     18.210      0.447    1436.82    1436.83  0.000e+00
       5605     18.500     4.1100     4.1109     0.0008    1.14709    1.14705          1     7.9345     7.9085       4.40     0.6385     0.3344  1.000e-12  3.7462000    11.1688    11.1682    -0.0007     8.8707     8.8701     18.332     18.715      0.440    1436.87    1436.87  0.000e+00
       5632     19.000     4.1159     4.1163     0.0004    1.14842    1.14832          1     7.9332     7.9116       3.02     0.6424     0.4064  1.000e-12  4.3841000    11.1807    11.1796    -0.0011     8.8799     8.8790     18.827     19.220      0.435    1436.92    1436.92  0.000e+00
       5660     19.500     4.1240     4.1237    -0.0003    1.15077    1.15035          1     7.9336     7.9128       2.07     0.6535     0.3868  1.000e-12  4.1992000    11.2026    11.1983    -0.0043     8.8970     8.8936     19.323     19.724      0.420    1436.99    1436.99  0.000e+00
       5735     20.000     4.1311     4.1313     0.0002    1.15357    1.15331          1     7.9318     7.8997       1.38     0.6073     0.3663  1.000e-12  3.9198000    11.2295    11.2267    -0.0028     8.9180     8.9158     19.818     20.229      0.299    1437.06    1437.06  0.000e+00
       5905     20.500     4.1363     4.1377     0.0014    1.15604    1.15633          1     7.9175     7.8841       1.79     0.5853     0.3458  1.000e-12  3.7436000    11.2536    11.2561     0.0025     8.9369     8.9389     20.314     20.734     -0.004    1437.13    1437.14  0.000e+00
