ctdpy/tests/etc/all_smhi_bas_2018/SBE09_1044_20180921_2058_34_01_0037.cnv
* Sea-Bird SBE 9 Data File:
* FileName = C:\ctd\temp\2018\AR18D037.hex
* Software Version Seasave V 7.26.6.26
* Temperature SN = 5351
* Conductivity SN = 3941
* Number of Bytes Per Scan = 41
* Number of Voltage Words = 4
* Number of Scans Averaged by the Deck Unit = 1
* NMEA Latitude = 57 07.03 N
* NMEA Longitude = 017 40.11 E
* NMEA UTC (Time) = Sep 21 2018  20:58:43
* NMEA baud rate = 4800
** Station:  BY38
** Operator:  OBac
** Ship: ARANDA
** Average sound velocity: 1445.07 m/s
** True-depth calculation Fri, 21 Sep 2018 22:04:34 +0000
** CTD Python Module SMHI /ver 3-12/ feb 2012 
** LIMS Job: 20183401-0037
** Cruise: SMHI-02-2018
** Latitude [GG MM.mm N] :
** Longitude [GG MM.mm E]:
# nquan = 26
# nvalues = 205                         
# units = specified
# name 0 = scan: Scan Count
# name 1 = prDM: Pressure, Digiquartz [db]
# name 2 = t090C: Temperature [ITS-90, deg C]
# name 3 = t190C: Temperature, 2 [ITS-90, deg C]
# name 4 = T2-T190C: Temperature Difference, 2 - 1 [ITS-90, deg C]
# name 5 = c0S/m: Conductivity [S/m]
# name 6 = c1S/m: Conductivity, 2 [S/m]
# name 7 = pumps: Pump Status
# name 8 = sbeox0ML/L: Oxygen, SBE 43 [ml/l]
# name 9 = sbeox1ML/L: Oxygen, SBE 43, 2 [ml/l]
# name 10 = altM: Altimeter [m]
# name 11 = flECO-AFL: Chl-a Fluorescence, WET Labs ECO-AFL/FL [mg/m^3]
# name 12 = flECO-AFL1: Phycocyanin Fluorescence, WET Labs ECO-AFL/FL, 2 [mg/m^3]
# name 13 = par: PAR/Irradiance, Biospherical/Lico [µE/(cm^2*s)]
# name 14 = turbWETntu0: Turbidity, WET Labs ECO [NTU]
# name 15 = sal00: Salinity, Practical [PSU]
# name 16 = sal11: Salinity, Practical, 2 [PSU]
# name 17 = secS-priS: Salinity, Practical, Difference, 2 - 1 [PSU]
# name 18 = sigma-t00: Density [sigma-t, Kg/m^3 ]
# name 19 = sigma-t11: Density, 2 [sigma-t, Kg/m^3 ]
# name 20 = depSM: Depth [salt water, m], lat = 57.1172
# name 21 = depFM: Depth [true depth, m], lat = 57.1172
# name 22 = dz/dtM: Descent Rate [m/s], WS = 2
# name 23 = svCM: Sound Velocity [Chen-Millero, m/s]
# name 24 = svCM1: Sound Velocity, 2 [Chen-Millero, m/s]
# name 25 = flag: flag
# span 0 =      43592,      48862       
# span 1 =      2.000,    104.000       
# span 2 =     3.8540,    14.4897       
# span 3 =     3.8132,    14.4915       
# span 4 =    -0.1289,     0.4229       
# span 5 =   0.780863,   1.153954       
# span 6 =   0.778056,   1.153944       
# span 7 =          1,          1       
# span 8 =   -0.05579,    7.07724       
# span 9 =    1.48683,    5.59566       
# span 10 =       3.69,      98.89      
# span 11 =     0.2177,     0.9822      
# span 12 =     0.1368,     0.4038      
# span 13 = 1.0000e-12, 1.0000e-12      
# span 14 =     0.1938,     1.4173      
# span 15 =     7.0110,    10.6677      
# span 16 =     7.0108,    10.6670      
# span 17 =    -0.1335,     0.0202      
# span 18 =     4.5777,     8.3911      
# span 19 =     4.5769,     8.3904      
# span 20 =      1.982,    103.018      
# span 21 =      2.028,    105.229      
# span 22 =     -0.163,      1.254      
# span 23 =    1431.21,    1472.65      
# span 24 =    1431.00,    1472.65      
# span 25 = 0.0000e+00, 0.0000e+00      
# interval = decibars: 0.5              
# start_time = Sep 21 2018 20:58:43 [NMEA time, first data scan]
# bad_flag = -9.990e-29
*END*
[from data line 168]
      47971     86.000     5.7204     5.7219     0.0016    1.13508    1.13507          1     0.0568     2.1736      21.82     0.3882     0.2749  1.000e-12  0.2527000    10.5084    10.5079    -0.0006     8.2706     8.2700     85.192     87.047      0.594    1444.13    1444.14  0.000e+00
      47989     86.500     5.7229     5.7245     0.0016    1.13557    1.13554          1     0.0584     2.1513      21.35     0.3860     0.3256  1.000e-12  0.2588000    10.5124    10.5117    -0.0008     8.2736     8.2729     85.687     87.552      0.682    1444.15    1444.16  0.000e+00
      48006     87.000     5.7294     5.7309     0.0014    1.13695    1.13691          1     0.0584     2.1345      20.88     0.3838     0.2733  1.000e-12  0.2614000    10.5242    10.5233    -0.0009     8.2824     8.2817     86.182     88.057      0.695    1444.21    1444.21  0.000e+00
      48024     87.500     5.7345     5.7359     0.0014    1.13807    1.13804          1     0.0570     2.1154      20.39     0.3856     0.2649  1.000e-12  0.2661000    10.5337    10.5330    -0.0007     8.2896     8.2890     86.677     88.562      0.643    1444.25    1444.25  0.000e+00
      48044     88.000     5.7373     5.7387     0.0014    1.13872    1.13869          1     0.0513     2.0947      19.82     0.3983     0.2657  1.000e-12  0.2440000    10.5392    10.5385    -0.0007     8.2938     8.2931     87.172     89.067      0.559    1444.28    1444.28  0.000e+00
      48068     88.500     5.7392     5.7407     0.0015    1.13914    1.13912          1     0.0550     2.0697      19.20     0.3798     0.2663  1.000e-12  0.2525000    10.5428    10.5421    -0.0007     8.2965     8.2959     87.668     89.573      0.497    1444.30    1444.30  0.000e+00
      48092     89.000     5.7439     5.7453     0.0014    1.14020    1.14019          1     0.0537     2.0426      18.66     0.3732     0.2800  1.000e-12  0.2533000    10.5517    10.5512    -0.0005     8.3033     8.3028     88.163     90.078      0.514    1444.33    1444.34  0.000e+00
      48114     89.500     5.7498     5.7512     0.0014    1.14142    1.14141          1     0.0546     2.0222      18.16     0.3741     0.2789  1.000e-12  0.2453000    10.5621    10.5614    -0.0006     8.3111     8.3105     88.658     90.583      0.545    1444.38    1444.39  0.000e+00
      48136     90.000     5.7543     5.7556     0.0013    1.14233    1.14230          1     0.0535     2.0003      17.61     0.3681     0.2688  1.000e-12  0.2384000    10.5696    10.5689    -0.0007     8.3168     8.3162     89.153     91.088      0.533    1444.42    1444.42  0.000e+00
      48159     90.500     5.7608     5.7622     0.0014    1.14307    1.14305          1     0.0546     1.9793      17.13     0.3643     0.2560  1.000e-12  0.2326000    10.5749    10.5743    -0.0006     8.3205     8.3200     89.648     91.593      0.531    1444.46    1444.47  0.000e+00
      48181     91.000     5.7746     5.7753     0.0008    1.14628    1.14621          1     0.0529     1.9602      16.61     0.3741     0.2705  1.000e-12  0.2299000    10.6026    10.6016    -0.0009     8.3415     8.3407     90.144     92.098      0.598    1444.56    1444.56  0.000e+00
      48200     91.500     5.7810     5.7823     0.0013    1.14819    1.14813          1     0.0519     1.9424      16.20     0.3736     0.3068  1.000e-12  0.2364000    10.6195    10.6186    -0.0010     8.3545     8.3537     90.639     92.603      0.676    1444.62    1444.62  0.000e+00
      48217     92.000     5.7843     5.7858     0.0016    1.14883    1.14879          1     0.0533     1.9271      15.68     0.3939     0.2372  1.000e-12  0.2448000    10.6248    10.6239    -0.0008     8.3584     8.3577     91.134     93.108      0.697    1444.65    1444.65  0.000e+00
      48234     92.500     5.7848     5.7863     0.0015    1.14902    1.14899          1     0.0534     1.9098      15.17     0.3959     0.2395  1.000e-12  0.2399000    10.6264    10.6257    -0.0008     8.3597     8.3590     91.629     93.613      0.636    1444.66    1444.67  0.000e+00
      48255     93.000     5.7859     5.7874     0.0015    1.14925    1.14923          1     0.0507     1.8919      14.62     0.3856     0.2561  1.000e-12  0.2185000    10.6283    10.6276    -0.0007     8.3612     8.3605     92.124     94.118      0.486    1444.68    1444.68  0.000e+00
      48288     93.500     5.7884     5.7902     0.0018    1.14982    1.14985          1     0.0493     1.8665      13.82     0.3858     0.2941  1.000e-12  0.2233000    10.6331    10.6328    -0.0003     8.3648     8.3644     92.619     94.623      0.331    1444.70    1444.71  0.000e+00
      48321     94.000     5.7920     5.7936     0.0016    1.15062    1.15062          1     0.0499     1.8391      13.68     0.3591     0.2648  1.000e-12  0.2219000    10.6399    10.6393    -0.0006     8.3699     8.3694     93.115     95.128      0.533    1444.73    1444.74  0.000e+00
      48339     94.500     5.7943     5.7960     0.0017    1.15120    1.15118          1     0.0489     1.8243      13.85     0.3531     0.2462  1.000e-12  0.2373000    10.6449    10.6442    -0.0007     8.3737     8.3730     93.610     95.633      0.774    1444.76    1444.76  0.000e+00
      48353     95.000     5.7969     5.7985     0.0017    1.15177    1.15173          1     0.0468     1.8152      13.26     0.3625     0.2480  1.000e-12  0.2596000    10.6497    10.6488    -0.0009     8.3773     8.3765     94.105     96.138      0.896    1444.78    1444.79  0.000e+00
      48365     95.500     5.7985     5.8004     0.0018    1.15217    1.15217          1     0.0492     1.8027      12.89     0.3831     0.2494  1.000e-12  0.2437000    10.6531    10.6524    -0.0006     8.3799     8.3793     94.600     96.643      0.909    1444.80    1444.81  0.000e+00
      48379     96.000     5.7999     5.8018     0.0019    1.15247    1.15248          1     0.0494     1.7927      12.52     0.4078     0.2511  1.000e-12  0.2231000    10.6555    10.6550    -0.0005     8.3817     8.3812     95.095     97.148      0.790    1444.82    1444.82  0.000e+00
      48399     96.500     5.8010     5.8028     0.0018    1.15275    1.15275          1     0.0489     1.7772      11.94     0.3914     0.2809  1.000e-12  0.2217000    10.6579    10.6573    -0.0006     8.3836     8.3830     95.590     97.653      0.463    1444.83    1444.84  0.000e+00
      48448     97.000     5.8007     5.8030     0.0023    1.15272    1.15282          1     0.0495     1.7427      11.16     0.3935     0.2082  1.000e-12  0.2116000    10.6576    10.6578     0.0003     8.3833     8.3834     96.086     98.158      0.375    1444.84    1444.85  0.000e+00
      48472     97.500     5.8045     5.8061     0.0017    1.15386    1.15384          1     0.0462     1.7230      10.81     0.3994     0.2123  1.000e-12  0.2179000    10.6677    10.6670    -0.0007     8.3911     8.3904     96.581     98.663      0.736    1444.88    1444.88  0.000e+00
      48485     98.000     5.8043     5.8060     0.0018    1.15386    1.15383          1     0.0484     1.7117      10.45     0.3993     0.2350  1.000e-12  0.2234000    10.6676    10.6669    -0.0008     8.3910     8.3903     97.076     99.168      0.926    1444.88    1444.89  0.000e+00
      48497     98.500     5.8044     5.8062     0.0018    1.15386    1.15385          1     0.0504     1.7060      10.02     0.3869     0.2383  1.000e-12  0.2520000    10.6675    10.6669    -0.0007     8.3909     8.3903     97.571     99.673      1.004    1444.89    1444.90  0.000e+00
      48508     99.000     5.8044     5.8061     0.0017    1.15386    1.15385          1     0.0494     1.6981       9.57     0.3845     0.2468  1.000e-12  0.2597000    10.6675    10.6668    -0.0007     8.3909     8.3903     98.066    100.178      0.957    1444.90    1444.91  0.000e+00
      48522     99.500     5.8043     5.8060     0.0017    1.15387    1.15386          1     0.0422     1.6916       9.00     0.4076     0.2629  1.000e-12  0.2648000    10.6675    10.6668    -0.0007     8.3909     8.3903     98.561    100.684      0.750    1444.91    1444.91  0.000e+00
      48559    100.000     5.8024     5.8048     0.0024    1.15343    1.15356          1     0.0445     1.6655       8.17     0.4117     0.2716  1.000e-12  0.2568000    10.6636    10.6642     0.0006     8.3880     8.3883     99.057    101.189      0.358    1444.90    1444.91  0.000e+00
      48611    100.500     5.8024     5.8043     0.0019    1.15346    1.15347          1     0.0495     1.6298       7.57     0.3814     0.2765  1.000e-12  0.2273000    10.6638    10.6633    -0.0005     8.3881     8.3876     99.552    101.694      0.581    1444.91    1444.92  0.000e+00
      48625    101.000     5.8046     5.8062     0.0016    1.15390    1.15388          1     0.0425     1.6220       7.25     0.4236     0.2850  1.000e-12  0.3386000    10.6674    10.6668    -0.0007     8.3908     8.3902    100.047    102.199      0.858    1444.93    1444.94  0.000e+00
      48638    101.500     5.8045     5.8062     0.0017    1.15392    1.15390          1     0.0396     1.6148       6.89     0.4366     0.2924  1.000e-12  0.3668000    10.6675    10.6668    -0.0007     8.3909     8.3903    100.542    102.704      0.997    1444.94    1444.95  0.000e+00
      48649    102.000     5.8044     5.8061     0.0017    1.15393    1.15392          1     0.0476     1.6083       6.44     0.4147     0.2908  1.000e-12  0.3002000    10.6677    10.6670    -0.0006     8.3910     8.3904    101.037    103.209      1.035    1444.95    1444.95  0.000e+00
      48660    102.500     5.8044     5.8062     0.0018    1.15395    1.15394          1     0.0475     1.6020       5.97     0.4100     0.2502  1.000e-12  0.2742000    10.6677    10.6670    -0.0007     8.3911     8.3904    101.532    103.714      0.962    1444.96    1444.96  0.000e+00
      48674    103.000     5.8044     5.8061     0.0017    1.15395    1.15394          1     0.0443     1.5941       5.38     0.4171     0.2502  1.000e-12  0.2868000    10.6676    10.6670    -0.0006     8.3910     8.3904    102.028    104.219      0.724    1444.96    1444.97  0.000e+00
      48750    103.500     5.8034     5.8052     0.0019    1.15369    1.15371          1     0.0425     1.5485       4.56     0.4186     0.2719  1.000e-12  0.2717000    10.6653    10.6649    -0.0004     8.3892     8.3888    102.523    104.724      0.388    1444.96    1444.97  0.000e+00
      48862    104.000     5.8021     5.8043     0.0022    1.15339    1.15347          1     0.0447     1.4868       3.69     0.3972     0.3119  1.000e-12  0.2315000    10.6626    10.6627     0.0001     8.3872     8.3871    103.018    105.229     -0.163    1444.96    1444.97  0.000e+00
