ctdpy/tests/etc/all_smhi_bas_2018/SBE09_1044_20180128_1413_34_02_0025.cnv
* Sea-Bird SBE 9 Data File:
* FileName = C:\ctd\temp\2018\ME18D025.hex
* Software Version Seasave V 7.26.6.26
* Temperature SN = 5351
* Conductivity SN = 3941
* Number of Bytes Per Scan = 41
* Number of Voltage Words = 4
* Number of Scans Averaged by the Deck Unit = 1
* NMEA Latitude = 57 04.47 N
* NMEA Longitude = 019 50.57 E
* NMEA UTC (Time) = Jan 28 2018  14:14:00
* NMEA baud rate = 4800
** Station:  BY11
** Operator:  JKro
** Ship: MERI
** Average sound velocity: 1445.34 m/s
** True-depth calculation Sun, 28 Jan 2018 19:19:48 +0000
** CTD Python Module SMHI /ver 3-12/ feb 2012 
** LIMS Job: 20183402-0025
** Cruise: SMHI-01-2018
** Latitude [GG MM.mm N] :
** Longitude [GG MM.mm E]:
# nquan = 26
# nvalues = 397                         
# units = specified
# name 0 = scan: Scan Count
# name 1 = prDM: Pressure, Digiquartz [db]
# name 2 = t090C: Temperature [ITS-90, deg C]
# name 3 = t190C: Temperature, 2 [ITS-90, deg C]
# name 4 = T2-T190C: Temperature Difference, 2 - 1 [ITS-90, deg C]
# name 5 = c0S/m: Conductivity [S/m]
# name 6 = c1S/m: Conductivity, 2 [S/m]
# name 7 = pumps: Pump Status
# name 8 = sbeox0ML/L: Oxygen, SBE 43 [ml/l]
# name 9 = sbeox1ML/L: Oxygen, SBE 43, 2 [ml/l]
# name 10 = altM: Altimeter [m]
# name 11 = flECO-AFL: Chl-a Fluorescence, WET Labs ECO-AFL/FL [mg/m^3]
# name 12 = flECO-AFL1: Phycocyanin Fluorescence, WET Labs ECO-AFL/FL, 2 [mg/m^3]
# name 13 = par: PAR/Irradiance, Biospherical/Lico [µE/(cm^2*s)]
# name 14 = turbWETntu0: Turbidity, WET Labs ECO [NTU]
# name 15 = sal00: Salinity, Practical [PSU]
# name 16 = sal11: Salinity, Practical, 2 [PSU]
# name 17 = secS-priS: Salinity, Practical, Difference, 2 - 1 [PSU]
# name 18 = sigma-t00: Density [sigma-t, Kg/m^3 ]
# name 19 = sigma-t11: Density, 2 [sigma-t, Kg/m^3 ]
# name 20 = depSM: Depth [salt water, m], lat = 57.0745
# name 21 = depFM: Depth [true depth, m], lat = 57.0745
# name 22 = dz/dtM: Descent Rate [m/s], WS = 2
# name 23 = svCM: Sound Velocity [Chen-Millero, m/s]
# name 24 = svCM1: Sound Velocity, 2 [Chen-Millero, m/s]
# name 25 = flag: flag
# span 0 =      16306,      31841       
# span 1 =      2.000,    200.000       
# span 2 =     4.6889,     6.9010       
# span 3 =     4.6898,     6.9017       
# span 4 =    -0.0133,     0.0336       
# span 5 =   0.796178,   1.451769       
# span 6 =   0.796141,   1.451794       
# span 7 =          1,          1       
# span 8 =    0.00468,    8.07072       
# span 9 =    0.02215,    8.03297       
# span 10 =       4.32,      99.07      
# span 11 =     0.2471,     0.4517      
# span 12 =     0.2282,     0.3963      
# span 13 = -2.319e-06, 1.2339e+01      
# span 14 =     0.0995,     0.5891      
# span 15 =     7.4072,    13.2239      
# span 16 =     7.4067,    13.2239      
# span 17 =    -0.0235,     0.0690      
# span 18 =     5.8667,    10.3224      
# span 19 =     5.8665,    10.3224      
# span 20 =      1.982,    198.066      
# span 21 =      2.025,    202.029      
# span 22 =     -0.205,      1.082      
# span 23 =    1434.43,    1454.34      
# span 24 =    1434.43,    1454.34      
# span 25 = 0.0000e+00, 0.0000e+00      
# interval = decibars: 0.5              
# start_time = Jan 28 2018 14:14:00 [NMEA time, first data scan]
# bad_flag = -9.990e-29
*END*
[from data line 279]
      24438    141.500     6.8130     6.8134     0.0004    1.40694    1.40690          1     0.1190     0.1427      64.91     0.2902     0.3170  1.000e-12  0.1343000    12.8264    12.8258    -0.0005    10.0177    10.0172    140.152    143.048      0.514    1452.54    1452.54  0.000e+00
      24487    142.000     6.8118     6.8145     0.0026    1.40660    1.40733          1     0.1090     0.1371      64.15     0.2765     0.3400  1.000e-12  0.1301000    12.8233    12.8296     0.0062    10.0154    10.0201    140.647    143.552      0.256    1452.54    1452.56  0.000e+00
      24533    142.500     6.8173     6.8182     0.0009    1.40882    1.40891          1     0.0820     0.1161      63.72     0.2879     0.3604  1.000e-12  0.1245000    12.8432    12.8437     0.0005    10.0305    10.0308    141.142    144.057      0.454    1452.59    1452.60  0.000e+00
      24555    143.000     6.8206     6.8212     0.0005    1.41011    1.41008          1     0.0678     0.1026      63.22     0.2966     0.2998  1.000e-12  0.1346000    12.8546    12.8541    -0.0005    10.0392    10.0388    141.637    144.561      0.494    1452.63    1452.63  0.000e+00
      24585    143.500     6.8226     6.8230     0.0004    1.41100    1.41093          1     0.0625     0.0932      62.74     0.2786     0.2968  1.000e-12  0.1471000    12.8625    12.8617    -0.0008    10.0452    10.0446    142.132    145.065      0.351    1452.66    1452.66  0.000e+00
      24620    144.000     6.8233     6.8237     0.0005    1.41129    1.41127          1     0.0596     0.0859      62.15     0.2713     0.3210  1.000e-12  0.1419000    12.8651    12.8646    -0.0004    10.0472    10.0469    142.627    145.569      0.440    1452.67    1452.67  0.000e+00
      24642    144.500     6.8253     6.8258     0.0005    1.41201    1.41199          1     0.0547     0.0819      61.67     0.2732     0.3217  1.000e-12  0.1412000    12.8713    12.8709    -0.0003    10.0519    10.0516    143.122    146.073      0.639    1452.69    1452.70  0.000e+00
      24659    145.000     6.8278     6.8284     0.0006    1.41270    1.41268          1     0.0435     0.0737      61.26     0.2609     0.2888  1.000e-12  0.1382000    12.8771    12.8766    -0.0004    10.0563    10.0559    143.617    146.578      0.710    1452.72    1452.72  0.000e+00
      24676    145.500     6.8306     6.8310     0.0004    1.41366    1.41359          1     0.0293     0.0636      60.76     0.2603     0.2437  1.000e-12  0.1541000    12.8854    12.8846    -0.0008    10.0626    10.0619    144.112    147.082      0.610    1452.75    1452.75  0.000e+00
      24731    146.000     6.8294     6.8312     0.0018    1.41337    1.41384          1     0.0326     0.0663      59.98     0.2857     0.3024  1.000e-12  0.1959000    12.8828    12.8868     0.0040    10.0607    10.0637    144.607    147.586      0.356    1452.75    1452.76  0.000e+00
      24784    146.500     6.8331     6.8335     0.0004    1.41483    1.41471          1     0.0512     0.0799      59.52     0.3096     0.2873  1.000e-12  0.1912000    12.8958    12.8945    -0.0013    10.0706    10.0695    145.102    148.090      0.679    1452.79    1452.79  0.000e+00
      24798    147.000     6.8371     6.8377     0.0006    1.41638    1.41635          1     0.0521     0.0767      59.21     0.2672     0.3020  1.000e-12  0.2010000    12.9095    12.9090    -0.0005    10.0810    10.0805    145.597    148.594      0.855    1452.83    1452.83  0.000e+00
      24811    147.500     6.8399     6.8406     0.0006    1.41760    1.41756          1     0.0437     0.0692      58.76     0.2612     0.3052  1.000e-12  0.2024000    12.9204    12.9198    -0.0006    10.0893    10.0888    146.092    149.099      0.897    1452.86    1452.87  0.000e+00
      24824    148.000     6.8439     6.8443     0.0004    1.41891    1.41887          1     0.0301     0.0558      58.27     0.2932     0.3176  1.000e-12  0.1874000    12.9318    12.9312    -0.0005    10.0979    10.0975    146.587    149.603      0.810    1452.90    1452.90  0.000e+00
      24845    148.500     6.8453     6.8462     0.0008    1.41949    1.41960          1     0.0184     0.0440      57.66     0.2971     0.3059  1.000e-12  0.1850000    12.9368    12.9376     0.0008    10.1018    10.1023    147.082    150.107      0.502    1452.92    1452.93  0.000e+00
      24938    149.000     6.8389     6.8455     0.0066    1.41720    1.41933          1     0.0170     0.0623      56.96     0.2852     0.2870  1.000e-12  0.1866000    12.9165    12.9351     0.0186    10.0864    10.1004    147.577    150.611      0.744    1452.88    1452.93  0.000e+00
      24950    149.500     6.8479     6.8489     0.0009    1.42064    1.42074          1     0.0151     0.0512      56.64     0.2941     0.2811  1.000e-12  0.1657000    12.9470    12.9477     0.0006    10.1096    10.1100    148.072    151.115      0.921    1452.96    1452.97  0.000e+00
      24962    150.000     6.8505     6.8510     0.0004    1.42180    1.42175          1     0.0123     0.0425      56.24     0.2970     0.2706  1.000e-12  0.1612000    12.9574    12.9568    -0.0007    10.1175    10.1169    148.568    151.619      0.946    1452.99    1453.00  0.000e+00
      24975    150.500     6.8520     6.8526     0.0006    1.42284    1.42280          1     0.0135     0.0364      55.74     0.2890     0.3020  1.000e-12  0.1563000    12.9670    12.9664    -0.0006    10.1249    10.1244    149.063    152.124      0.826    1453.02    1453.02  0.000e+00
      25004    151.000     6.8516     6.8531     0.0015    1.42277    1.42313          1     0.0149     0.0376      55.02     0.2904     0.3224  1.000e-12  0.1562000    12.9664    12.9693     0.0029    10.1245    10.1267    149.558    152.628      0.449    1453.03    1453.04  0.000e+00
      25086    151.500     6.8461     6.8526     0.0065    1.42020    1.42296          1     0.0174     0.0430      54.28     0.2973     0.3176  1.000e-12  0.1562000    12.9430    12.9678     0.0248    10.1065    10.1255    150.053    153.132      0.422    1452.98    1453.04  0.000e+00
      25104    152.000     6.8535     6.8557     0.0022    1.42373    1.42441          1     0.0163     0.0415      53.93     0.3063     0.3120  1.000e-12  0.2080000    12.9749    12.9808     0.0059    10.1310    10.1354    150.548    153.636      0.661    1453.06    1453.08  0.000e+00
      25121    152.500     6.8566     6.8571     0.0006    1.42492    1.42488          1     0.0171     0.0408      53.52     0.3091     0.3035  1.000e-12  0.2059000    12.9854    12.9848    -0.0006    10.1390    10.1385    151.043    154.140      0.745    1453.10    1453.10  0.000e+00
      25136    153.000     6.8581     6.8586     0.0006    1.42557    1.42553          1     0.0137     0.0386      53.07     0.3091     0.2790  1.000e-12  0.1560000    12.9912    12.9906    -0.0006    10.1434    10.1429    151.538    154.644      0.742    1453.12    1453.12  0.000e+00
      25153    153.500     6.8604     6.8609     0.0005    1.42669    1.42665          1     0.0147     0.0345      52.55     0.3013     0.2843  1.000e-12  0.2020000    13.0013    13.0006    -0.0006    10.1511    10.1506    152.033    155.149      0.637    1453.15    1453.15  0.000e+00
      25194    154.000     6.8615     6.8632     0.0017    1.42731    1.42790          1     0.0141     0.0352      51.85     0.3063     0.3040  1.000e-12  0.3208000    13.0069    13.0120     0.0051    10.1554    10.1593    152.528    155.653      0.368    1453.17    1453.18  0.000e+00
      25274    154.500     6.8592     6.8627     0.0035    1.42639    1.42772          1     0.0143     0.0382      51.19     0.2969     0.2973  1.000e-12  0.4034000    12.9985    13.0104     0.0118    10.1490    10.1580    153.023    156.157      0.631    1453.15    1453.18  0.000e+00
      25285    155.000     6.8659     6.8664     0.0005    1.42972    1.42968          1     0.0131     0.0374      50.91     0.3227     0.3073  1.000e-12  0.5034000    13.0288    13.0282    -0.0005    10.1722    10.1718    153.518    156.661      0.898    1453.23    1453.23  0.000e+00
      25297    155.500     6.8668     6.8674     0.0006    1.43003    1.43000          1     0.0141     0.0384      50.54     0.3213     0.3204  1.000e-12  0.5013000    13.0314    13.0309    -0.0006    10.1743    10.1738    154.013    157.165      0.997    1453.24    1453.24  0.000e+00
      25308    156.000     6.8681     6.8686     0.0005    1.43054    1.43050          1     0.0151     0.0379      50.11     0.3102     0.3185  1.000e-12  0.4744000    13.0359    13.0352    -0.0006    10.1776    10.1771    154.508    157.669      0.954    1453.26    1453.26  0.000e+00
      25322    156.500     6.8715     6.8720     0.0005    1.43163    1.43160          1     0.0147     0.0349      49.57     0.3084     0.3174  1.000e-12  0.4685000    13.0453    13.0447    -0.0005    10.1847    10.1843    155.003    158.173      0.740    1453.30    1453.30  0.000e+00
      25383    157.000     6.8664     6.8728     0.0063    1.42960    1.43181          1     0.0140     0.0368      48.67     0.2978     0.3216  1.000e-12  0.3680000    13.0270    13.0464     0.0194    10.1708    10.1855    155.498    158.678      0.325    1453.26    1453.31  0.000e+00
      25442    157.500     6.8693     6.8727     0.0035    1.43069    1.43168          1     0.0129     0.0374      48.11     0.3186     0.3284  1.000e-12  0.3309000    13.0366    13.0450     0.0085    10.1781    10.1845    155.993    159.182      0.481    1453.29    1453.32  0.000e+00
      25462    158.000     6.8755     6.8754    -0.0001    1.43316    1.43294          1     0.0142     0.0343      47.73     0.3314     0.3173  1.000e-12  0.3420000    13.0585    13.0563    -0.0022    10.1948    10.1931    156.488    159.686      0.595    1453.35    1453.35  0.000e+00
      25481    158.500     6.8776     6.8781     0.0005    1.43417    1.43413          1     0.0126     0.0325      47.27     0.3280     0.3203  1.000e-12  0.3735000    13.0676    13.0671    -0.0006    10.2018    10.2013    156.983    160.190      0.612    1453.38    1453.38  0.000e+00
      25501    159.000     6.8804     6.8810     0.0006    1.43506    1.43502          1     0.0132     0.0339      46.78     0.3214     0.3082  1.000e-12  0.3937000    13.0752    13.0747    -0.0006    10.2075    10.2070    157.478    160.694      0.601    1453.41    1453.41  0.000e+00
      25521    159.500     6.8822     6.8828     0.0006    1.43567    1.43563          1     0.0124     0.0343      46.28     0.3213     0.3095  1.000e-12  0.3455000    13.0804    13.0799    -0.0006    10.2115    10.2110    157.973    161.198      0.592    1453.43    1453.44  0.000e+00
      25542    160.000     6.8809     6.8814     0.0005    1.43616    1.43611          1     0.0122     0.0332      45.77     0.3105     0.3149  1.000e-12  0.3057000    13.0857    13.0850    -0.0006    10.2157    10.2151    158.468    161.702      0.518    1453.44    1453.44  0.000e+00
      25600    160.500     6.8797     6.8811     0.0013    1.43575    1.43658          1     0.0106     0.0352      45.02     0.3122     0.3015  1.000e-12  0.4356000    13.0820    13.0897     0.0077    10.2129    10.2188    158.963    162.206      0.312    1453.44    1453.46  0.000e+00
      25651    161.000     6.8811     6.8822     0.0011    1.43651    1.43727          1     0.0132     0.0324      44.60     0.3343     0.3219  1.000e-12  0.4496000    13.0888    13.0960     0.0071    10.2181    10.2237    159.458    162.711      0.625    1453.46    1453.48  0.000e+00
      25666    161.500     6.8831     6.8836     0.0005    1.43800    1.43798          1     0.0115     0.0313      44.24     0.3229     0.3205  1.000e-12  0.4643000    13.1028    13.1023    -0.0004    10.2289    10.2285    159.953    163.215      0.724    1453.50    1453.50  0.000e+00
      25683    162.000     6.8849     6.8854     0.0006    1.43864    1.43860          1     0.0105     0.0314      43.78     0.3213     0.3286  1.000e-12  0.4717000    13.1083    13.1077    -0.0006    10.2331    10.2326    160.448    163.719      0.655    1453.52    1453.52  0.000e+00
      25705    162.500     6.8853     6.8858     0.0005    1.43951    1.43949          1     0.0126     0.0349      43.19     0.3277     0.3295  1.000e-12  0.4945000    13.1166    13.1163    -0.0004    10.2396    10.2393    160.943    164.223      0.462    1453.54    1453.54  0.000e+00
      25739    163.000     6.8872     6.8877     0.0005    1.44056    1.44054          1     0.0125     0.0330      42.53     0.3323     0.2880  1.000e-12  0.5079000    13.1261    13.1258    -0.0004    10.2469    10.2466    161.438    164.727      0.324    1453.57    1453.57  0.000e+00
      25772    163.500     6.8876     6.8880     0.0005    1.44122    1.44118          1     0.0104     0.0316      41.99     0.3321     0.2458  1.000e-12  0.4915000    13.1324    13.1319    -0.0006    10.2518    10.2513    161.933    165.231      0.438    1453.58    1453.58  0.000e+00
      25797    164.000     6.8871     6.8876     0.0006    1.44205    1.44201          1     0.0117     0.0326      41.54     0.3335     0.3170  1.000e-12  0.5327000    13.1407    13.1401    -0.0006    10.2584    10.2578    162.428    165.735      0.493    1453.60    1453.60  0.000e+00
      25831    164.500     6.8879     6.8885     0.0006    1.44259    1.44271          1     0.0107     0.0326      40.94     0.3513     0.3137  1.000e-12  0.5891000    13.1456    13.1466     0.0010    10.2621    10.2628    162.923    166.239      0.336    1453.62    1453.62  0.000e+00
      25905    165.000     6.8881     6.8887     0.0006    1.44240    1.44258          1     0.0086     0.0326      40.35     0.3695     0.3231  1.000e-12  0.5550000    13.1436    13.1451     0.0015    10.2605    10.2617    163.418    166.743      0.598    1453.62    1453.63  0.000e+00
      25914    165.500     6.8901     6.8906     0.0005    1.44365    1.44361          1     0.0084     0.0326      40.10     0.3607     0.3132  1.000e-12  0.5628000    13.1550    13.1545    -0.0006    10.2694    10.2689    163.913    167.248      0.919    1453.66    1453.66  0.000e+00
      25926    166.000     6.8903     6.8909     0.0006    1.44384    1.44381          1     0.0098     0.0326      39.74     0.3463     0.3044  1.000e-12  0.5683000    13.1568    13.1563    -0.0005    10.2707    10.2702    164.408    167.752      1.014    1453.67    1453.67  0.000e+00
      25937    166.500     6.8905     6.8911     0.0006    1.44412    1.44409          1     0.0103     0.0326      39.34     0.3425     0.3062  1.000e-12  0.5682000    13.1594    13.1588    -0.0006    10.2727    10.2722    164.903    168.256      0.963    1453.68    1453.68  0.000e+00
      25950    167.000     6.8907     6.8912     0.0005    1.44437    1.44434          1     0.0109     0.0326      38.81     0.3221     0.3186  1.000e-12  0.5669000    13.1616    13.1611    -0.0005    10.2745    10.2740    165.398    168.760      0.738    1453.69    1453.69  0.000e+00
      26009    167.500     6.8894     6.8908     0.0015    1.44354    1.44414          1     0.0114     0.0326      37.91     0.3354     0.3151  1.000e-12  0.5549000    13.1539    13.1592     0.0053    10.2685    10.2726    165.893    169.264      0.349    1453.68    1453.70  0.000e+00
      26071    168.000     6.8898     6.8904     0.0007    1.44373    1.44378          1     0.0122     0.0314      37.37     0.3530     0.2973  1.000e-12  0.5483000    13.1554    13.1557     0.0003    10.2696    10.2698    166.388    169.768      0.552    1453.69    1453.70  0.000e+00
      26089    168.500     6.8915     6.8920     0.0005    1.44486    1.44480          1     0.0097     0.0323      37.02     0.3581     0.2855  1.000e-12  0.5603000    13.1659    13.1651    -0.0008    10.2777    10.2771    166.883    170.272      0.698    1453.72    1453.72  0.000e+00
