ctdpy/tests/etc/all_smhi_bas_2018/SBE09_1044_20180129_0926_34_02_0030.cnv
* Sea-Bird SBE 9 Data File:
* FileName = C:\ctd\temp\2018\ME18D030.hex
* Software Version Seasave V 7.26.6.26
* Temperature SN = 5351
* Conductivity SN = 3941
* Number of Bytes Per Scan = 41
* Number of Voltage Words = 4
* Number of Scans Averaged by the Deck Unit = 1
* NMEA Latitude = 57 59.88 N
* NMEA Longitude = 019 52.76 E
* NMEA UTC (Time) = Jan 29 2018  09:26:30
* NMEA baud rate = 4800
** Station:  BY20
** Operator:  SSip
** Ship: MERI
** Average sound velocity: 1444.28 m/s
** True-depth calculation Mon, 29 Jan 2018 11:02:07 +0000
** CTD Python Module SMHI /ver 3-12/ feb 2012 
** LIMS Job: 20183402-0030
** Cruise: SMHI-01-2018
** Latitude [GG MM.mm N] :
** Longitude [GG MM.mm E]:
# nquan = 26
# nvalues = 378                         
# units = specified
# name 0 = scan: Scan Count
# name 1 = prDM: Pressure, Digiquartz [db]
# name 2 = t090C: Temperature [ITS-90, deg C]
# name 3 = t190C: Temperature, 2 [ITS-90, deg C]
# name 4 = T2-T190C: Temperature Difference, 2 - 1 [ITS-90, deg C]
# name 5 = c0S/m: Conductivity [S/m]
# name 6 = c1S/m: Conductivity, 2 [S/m]
# name 7 = pumps: Pump Status
# name 8 = sbeox0ML/L: Oxygen, SBE 43 [ml/l]
# name 9 = sbeox1ML/L: Oxygen, SBE 43, 2 [ml/l]
# name 10 = altM: Altimeter [m]
# name 11 = flECO-AFL: Chl-a Fluorescence, WET Labs ECO-AFL/FL [mg/m^3]
# name 12 = flECO-AFL1: Phycocyanin Fluorescence, WET Labs ECO-AFL/FL, 2 [mg/m^3]
# name 13 = par: PAR/Irradiance, Biospherical/Lico [µE/(cm^2*s)]
# name 14 = turbWETntu0: Turbidity, WET Labs ECO [NTU]
# name 15 = sal00: Salinity, Practical [PSU]
# name 16 = sal11: Salinity, Practical, 2 [PSU]
# name 17 = secS-priS: Salinity, Practical, Difference, 2 - 1 [PSU]
# name 18 = sigma-t00: Density [sigma-t, Kg/m^3 ]
# name 19 = sigma-t11: Density, 2 [sigma-t, Kg/m^3 ]
# name 20 = depSM: Depth [salt water, m], lat = 57.998
# name 21 = depFM: Depth [true depth, m], lat = 57.998
# name 22 = dz/dtM: Descent Rate [m/s], WS = 2
# name 23 = svCM: Sound Velocity [Chen-Millero, m/s]
# name 24 = svCM1: Sound Velocity, 2 [Chen-Millero, m/s]
# name 25 = flag: flag
# span 0 =      11872,      20777       
# span 1 =      2.000,    190.500       
# span 2 =     4.6756,     6.8041       
# span 3 =     4.6763,     6.8044       
# span 4 =    -0.0175,     0.0749       
# span 5 =   0.790855,   1.405748       
# span 6 =   0.790811,   1.405725       
# span 7 =          1,          1       
# span 8 =    0.00873,    8.08276       
# span 9 =    0.03000,    8.03389       
# span 10 =       4.74,     100.24      
# span 11 =     0.2668,     0.3953      
# span 12 =     0.2405,     0.4631      
# span 13 = 1.0000e-12, 4.7678e+01      
# span 14 =     0.1187,     2.0100      
# span 15 =     7.3556,    12.8081      
# span 16 =     7.3555,    12.8077      
# span 17 =    -0.0430,     0.0234      
# span 18 =     5.8250,    10.0040      
# span 19 =     5.8241,    10.0037      
# span 20 =      1.981,    188.648      
# span 21 =      2.025,    192.491      
# span 22 =     -0.057,      1.316      
# span 23 =    1434.31,    1453.26      
# span 24 =    1434.32,    1453.26      
# span 25 = 0.0000e+00, 0.0000e+00      
# interval = decibars: 0.5              
# start_time = Jan 29 2018 09:26:31 [NMEA time, first data scan]
# bad_flag = -9.990e-29
*END*
[from data line 223]
      16911    113.500     6.3961     6.3955    -0.0007    1.28151    1.28133          1     0.1054     0.1241      83.72     0.2928     0.2899  1.000e-12  0.1930000    11.7399    11.7383    -0.0015     9.1959     9.1947    112.417    114.821      0.541    1448.99    1448.98  0.000e+00
      16930    114.000     6.4158     6.4154    -0.0003    1.28650    1.28634          1     0.1269     0.1492      83.02     0.2847     0.3324  1.000e-12  0.1936000    11.7824    11.7809    -0.0015     9.2279     9.2268    112.912    115.326      0.664    1449.13    1449.13  0.000e+00
      16947    114.500     6.4359     6.4360     0.0001    1.29143    1.29137          1     0.1354     0.1554      82.55     0.2847     0.3257  1.000e-12  0.2078000    11.8243    11.8237    -0.0006     9.2594     9.2589    113.407    115.830      0.716    1449.28    1449.28  0.000e+00
      16964    115.000     6.4376     6.4376    -0.0001    1.29242    1.29239          1     0.1359     0.1559      82.01     0.3052     0.3175  1.000e-12  0.1844000    11.8334    11.8331    -0.0004     9.2664     9.2662    113.903    116.335      0.692    1449.31    1449.30  0.000e+00
      16982    115.500     6.4381     6.4382     0.0002    1.29323    1.29321          1     0.1371     0.1666      81.54     0.3036     0.3177  1.000e-12  0.1852000    11.8411    11.8409    -0.0002     9.2724     9.2722    114.398    116.839      0.600    1449.32    1449.32  0.000e+00
      17005    116.000     6.4443     6.4441    -0.0002    1.29527    1.29516          1     0.1356     0.1526      80.88     0.2884     0.3163  1.000e-12  0.1891000    11.8591    11.8580    -0.0010     9.2861     9.2853    114.893    117.344      0.462    1449.38    1449.38  0.000e+00
      17038    116.500     6.4518     6.4518     0.0001    1.29771    1.29756          1     0.1202     0.1469      80.21     0.2879     0.3180  1.000e-12  0.1874000    11.8806    11.8791    -0.0015     9.3025     9.3013    115.388    117.849      0.324    1449.45    1449.45  0.000e+00
      17076    117.000     6.4608     6.4605    -0.0003    1.29991    1.29977          1     0.0853     0.1184      79.72     0.2857     0.2964  1.000e-12  0.1967000    11.8992    11.8978    -0.0013     9.3164     9.3154    115.883    118.353      0.381    1449.52    1449.51  0.000e+00
      17101    117.500     6.4689     6.4689    -0.0000    1.30184    1.30178          1     0.0782     0.1096      79.33     0.2847     0.2939  1.000e-12  0.1907000    11.9153    11.9147    -0.0006     9.3285     9.3280    116.378    118.858      0.624    1449.58    1449.58  0.000e+00
      17118    118.000     6.4743     6.4745     0.0002    1.30344    1.30338          1     0.0949     0.1273      78.92     0.2969     0.3198  1.000e-12  0.1921000    11.9293    11.9286    -0.0007     9.3391     9.3385    116.873    119.362      0.810    1449.63    1449.63  0.000e+00
      17131    118.500     6.4843     6.4845     0.0003    1.30635    1.30631          1     0.1110     0.1382      78.52     0.2960     0.3198  1.000e-12  0.1924000    11.9545    11.9540    -0.0005     9.3582     9.3578    117.368    119.867      0.912    1449.71    1449.71  0.000e+00
      17143    119.000     6.4920     6.4922     0.0002    1.30869    1.30863          1     0.1153     0.1396      78.12     0.2848     0.3192  1.000e-12  0.2028000    11.9748    11.9742    -0.0006     9.3736     9.3731    117.863    120.371      0.926    1449.77    1449.77  0.000e+00
      17156    119.500     6.5005     6.5006     0.0000    1.31067    1.31059          1     0.1115     0.1362      77.62     0.2838     0.3201  1.000e-12  0.2017000    11.9914    11.9906    -0.0008     9.3860     9.3854    118.358    120.876      0.841    1449.84    1449.84  0.000e+00
      17173    120.000     6.5049     6.5052     0.0004    1.31160    1.31154          1     0.1044     0.1329      77.00     0.2731     0.3188  1.000e-12  0.1974000    11.9990    11.9983    -0.0007     9.3916     9.3910    118.853    121.380      0.599    1449.87    1449.87  0.000e+00
      17238    120.500     6.5034     6.4959    -0.0074    1.31134    1.30941          1     0.0981     0.1203      79.23     0.3110     0.3180  1.000e-12  0.1913000    11.9968    11.9804    -0.0165     9.3901     9.3776    119.349    121.885      0.402    1449.87    1449.82  0.000e+00
      17271    121.000     6.5235     6.5106    -0.0130    1.31658    1.31348          1     0.0753     0.1056      93.01     0.2976     0.3003  1.000e-12  0.2026000    12.0415    12.0153    -0.0262     9.4237     9.4040    119.844    122.389      0.866    1450.02    1449.94  0.000e+00
      17282    121.500     6.5422     6.5424     0.0003    1.32238    1.32232          1     0.0601     0.0944      74.85     0.2969     0.3067  1.000e-12  0.2029000    12.0923    12.0916    -0.0007     9.4622     9.4617    120.339    122.894      1.060    1450.17    1450.17  0.000e+00
      17293    122.000     6.5650     6.5649    -0.0001    1.33010    1.32989          1     0.0509     0.0857      75.10     0.2969     0.3160  1.000e-12  0.2079000    12.1605    12.1585    -0.0020     9.5141     9.5125    120.834    123.398      1.127    1450.36    1450.36  0.000e+00
      17303    122.500     6.5874     6.5873    -0.0001    1.33604    1.33591          1     0.0500     0.0810      74.83     0.2969     0.3184  1.000e-12  0.2093000    12.2113    12.2101    -0.0012     9.5523     9.5513    121.329    123.903      1.082    1450.53    1450.52  0.000e+00
      17314    123.000     6.5950     6.5953     0.0002    1.33771    1.33766          1     0.0542     0.0835      74.17     0.2802     0.3025  1.000e-12  0.2115000    12.2250    12.2244    -0.0005     9.5624     9.5620    121.824    124.407      0.906    1450.58    1450.58  0.000e+00
      17332    123.500     6.5965     6.5967     0.0002    1.33821    1.33806          1     0.0567     0.0914      73.28     0.2668     0.2946  1.000e-12  0.2182000    12.2293    12.2278    -0.0015     9.5657     9.5645    122.319    124.912      0.503    1450.60    1450.60  0.000e+00
      17390    124.000     6.5639     6.5553    -0.0086    1.32929    1.32652          1     0.0634     0.0877      72.36     0.2838     0.3286  1.000e-12  0.2244000    12.1525    12.1282    -0.0244     9.5079     9.4894    122.814    125.416      0.303    1450.38    1450.31  0.000e+00
      17421    124.500     6.6013     6.5838    -0.0175    1.33957    1.33459          1     0.0620     0.0915      72.00     0.2798     0.3301  1.000e-12  0.2193000    12.2409    12.1979    -0.0430     9.5744     9.5420    123.309    125.921      0.501    1450.65    1450.53  0.000e+00
      17442    125.000     6.6166     6.6165    -0.0002    1.34290    1.34285          1     0.0491     0.0796      71.55     0.2792     0.3065  1.000e-12  0.2217000    12.2682    12.2678    -0.0004     9.5948     9.5945    123.804    126.425      0.605    1450.76    1450.76  0.000e+00
      17461    125.500     6.6287     6.6284    -0.0003    1.34616    1.34605          1     0.0387     0.0702      91.19     0.2738     0.2837  1.000e-12  0.2206000    12.2961    12.2951    -0.0010     9.6158     9.6150    124.299    126.930      0.681    1450.85    1450.85  0.000e+00
      17477    126.000     6.6355     6.6355     0.0000    1.34817    1.34808          1     0.0360     0.0651      70.77     0.2846     0.2734  1.000e-12  0.2081000    12.3134    12.3125    -0.0008     9.6288     9.6281    124.794    127.434      0.721    1450.91    1450.91  0.000e+00
      17494    126.500     6.6415     6.6415     0.0001    1.34979    1.34973          1     0.0323     0.0634      70.25     0.2918     0.2791  1.000e-12  0.2130000    12.3272    12.3266    -0.0006     9.6392     9.6387    125.289    127.938      0.699    1450.96    1450.96  0.000e+00
      17512    127.000     6.6444     6.6446     0.0002    1.35049    1.35048          1     0.0277     0.0603      69.76     0.2926     0.2996  1.000e-12  0.2112000    12.3329    12.3328    -0.0002     9.6435     9.6433    125.784    128.443      0.594    1450.99    1450.99  0.000e+00
      17537    127.500     6.6476     6.6478     0.0002    1.35139    1.35138          1     0.0227     0.0544      69.07     0.2806     0.3294  1.000e-12  0.1949000    12.3406    12.3404    -0.0002     9.6492     9.6491    126.279    128.947      0.414    1451.02    1451.02  0.000e+00
      17572    128.000     6.6515     6.6518     0.0003    1.35234    1.35229          1     0.0232     0.0510      68.36     0.2971     0.3201  1.000e-12  0.2045000    12.3485    12.3480    -0.0006     9.6552     9.6547    126.775    129.452      0.337    1451.05    1451.05  0.000e+00
      17604    128.500     6.6537     6.6540     0.0003    1.35289    1.35284          1     0.0286     0.0545      67.83     0.2969     0.3181  1.000e-12  0.1929000    12.3530    12.3525    -0.0006     9.6585     9.6581    127.270    129.956      0.434    1451.08    1451.08  0.000e+00
      17629    129.000     6.6559     6.6560     0.0001    1.35335    1.35332          1     0.0245     0.0511      67.37     0.2969     0.3245  1.000e-12  0.2167000    12.3567    12.3563    -0.0004     9.6613     9.6609    127.765    130.460      0.536    1451.10    1451.10  0.000e+00
      17650    129.500     6.6579     6.6581     0.0001    1.35383    1.35380          1     0.0217     0.0510      66.88     0.2889     0.3032  1.000e-12  0.1966000    12.3606    12.3603    -0.0003     9.6642     9.6639    128.260    130.965      0.603    1451.12    1451.12  0.000e+00
      17669    130.000     6.6605     6.6606     0.0000    1.35468    1.35462          1     0.0253     0.0522      66.39     0.2892     0.2623  1.000e-12  0.1914000    12.3679    12.3674    -0.0006     9.6697     9.6693    128.755    131.469      0.635    1451.15    1451.15  0.000e+00
      17687    130.500     6.6629     6.6631     0.0002    1.35542    1.35541          1     0.0310     0.0544      65.92     0.2968     0.3125  1.000e-12  0.2035000    12.3744    12.3742    -0.0002     9.6746     9.6744    129.250    131.974      0.638    1451.17    1451.17  0.000e+00
      17707    131.000     6.6648     6.6650     0.0002    1.35602    1.35599          1     0.0299     0.0550      65.32     0.2975     0.2967  1.000e-12  0.1978000    12.3796    12.3792    -0.0004     9.6785     9.6782    129.745    132.478      0.576    1451.20    1451.20  0.000e+00
      17731    131.500     6.6694     6.6697     0.0003    1.35725    1.35722          1     0.0240     0.0517      65.10     0.2873     0.2951  1.000e-12  0.1916000    12.3899    12.3895    -0.0004     9.6863     9.6860    130.240    132.982      0.411    1451.24    1451.24  0.000e+00
      17769    132.000     6.6705     6.6707     0.0003    1.35765    1.35759          1     0.0265     0.0476      64.53     0.2808     0.2835  1.000e-12  0.1833000    12.3934    12.3927    -0.0007     9.6889     9.6884    130.735    133.487      0.312    1451.25    1451.25  0.000e+00
      17800    132.500     6.6723     6.6726     0.0003    1.35807    1.35803          1     0.0266     0.0584      64.30     0.2785     0.2875  1.000e-12  0.1851000    12.3967    12.3963    -0.0004     9.6914     9.6911    131.230    133.991      0.498    1451.27    1451.27  0.000e+00
      17821    133.000     6.6752     6.6752     0.0001    1.35876    1.35869          1     0.0275     0.0527      64.03     0.2848     0.3161  1.000e-12  0.2013000    12.4024    12.4018    -0.0007     9.6957     9.6952    131.725    134.495      0.601    1451.30    1451.30  0.000e+00
      17841    133.500     6.6765     6.6768     0.0003    1.35970    1.35966          1     0.0364     0.0560      63.67     0.2853     0.2950  1.000e-12  0.2219000    12.4111    12.4106    -0.0005     9.7024     9.7020    132.220    135.000      0.596    1451.32    1451.32  0.000e+00
      17862    134.000     6.6770     6.6773     0.0003    1.36058    1.36054          1     0.0489     0.0685      63.25     0.2852     0.2927  1.000e-12  0.1975000    12.4196    12.4191    -0.0006     9.7091     9.7086    132.715    135.504      0.513    1451.34    1451.35  0.000e+00
      17888    134.500     6.6792     6.6794     0.0002    1.36124    1.36119          1     0.0507     0.0736      62.70     0.2965     0.3150  1.000e-12  0.2204000    12.4252    12.4247    -0.0005     9.7133     9.7128    133.210    136.009      0.452    1451.37    1451.37  0.000e+00
      17914    135.000     6.6825     6.6826     0.0001    1.36180    1.36175          1     0.0428     0.0683      62.10     0.2969     0.3293  1.000e-12  0.2340000    12.4295    12.4289    -0.0005     9.7164     9.7159    133.705    136.513      0.521    1451.40    1451.40  0.000e+00
      17935    135.500     6.6837     6.6839     0.0002    1.36216    1.36213          1     0.0380     0.0613      61.55     0.2865     0.3271  1.000e-12  0.2130000    12.4325    12.4321    -0.0004     9.7187     9.7183    134.200    137.017      0.568    1451.41    1451.41  0.000e+00
      17957    136.000     6.6837     6.6840     0.0003    1.36223    1.36219          1     0.0385     0.0565      60.93     0.2769     0.3032  1.000e-12  0.2182000    12.4331    12.4326    -0.0005     9.7191     9.7187    134.695    137.522      0.488    1451.42    1451.42  0.000e+00
      17989    136.500     6.6834     6.6838     0.0004    1.36226    1.36223          1     0.0401     0.0678      59.98     0.2774     0.2974  1.000e-12  0.2208000    12.4334    12.4329    -0.0005     9.7194     9.7190    135.190    138.026      0.307    1451.43    1451.43  0.000e+00
      18031    137.000     6.6832     6.6837     0.0005    1.36235    1.36233          1     0.0445     0.0663      59.25     0.2987     0.2625  1.000e-12  0.2350000    12.4343    12.4338    -0.0004     9.7201     9.7197    135.685    138.530      0.375    1451.44    1451.44  0.000e+00
      18056    137.500     6.6836     6.6838     0.0002    1.36267    1.36264          1     0.0452     0.0669      58.92     0.2969     0.2982  1.000e-12  0.2568000    12.4371    12.4368    -0.0004     9.7223     9.7220    136.180    139.035      0.599    1451.45    1451.45  0.000e+00
      18073    138.000     6.6900     6.6897    -0.0003    1.36395    1.36382          1     0.0353     0.0611      58.48     0.2961     0.3222  1.000e-12  0.2765000    12.4474    12.4462    -0.0012     9.7298     9.7290    136.676    139.539      0.749    1451.50    1451.49  0.000e+00
      18088    138.500     6.6974     6.6978     0.0004    1.36507    1.36504          1     0.0259     0.0504      58.09     0.2846     0.3490  1.000e-12  0.2454000    12.4557    12.4552    -0.0004     9.7358     9.7354    137.171    140.043      0.828    1451.55    1451.55  0.000e+00
      18102    139.000     6.6995     6.6998     0.0004    1.36543    1.36539          1     0.0205     0.0472      57.72     0.2873     0.3147  1.000e-12  0.2330000    12.4584    12.4579    -0.0005     9.7377     9.7373    137.666    140.548      0.824    1451.57    1451.57  0.000e+00
      18117    139.500     6.7005     6.7008     0.0003    1.36561    1.36558          1     0.0195     0.0500      57.35     0.2966     0.3040  1.000e-12  0.1917000    12.4598    12.4593    -0.0004     9.7388     9.7384    138.161    141.052      0.706    1451.58    1451.58  0.000e+00
      18151    140.000     6.6995     6.6989    -0.0007    1.36547    1.36519          1     0.0182     0.0497      56.80     0.2878     0.3127  1.000e-12  0.1885000    12.4586    12.4561    -0.0025     9.7379     9.7360    138.656    141.557      0.382    1451.58    1451.58  0.000e+00
      18220    140.500     6.6972     6.6942    -0.0029    1.36508    1.36439          1     0.0233     0.0488      56.32     0.3068     0.3207  1.000e-12  0.1911000    12.4555    12.4497    -0.0058     9.7357     9.7314    139.151    142.061      0.524    1451.58    1451.56  0.000e+00
