ctdpy/tests/etc/all_smhi_bas_2018/SBE09_1044_20180125_1028_34_02_0007.cnv
* Sea-Bird SBE 9 Data File:
* FileName = C:\ctd\temp\2018\ME18D007.hex
* Software Version Seasave V 7.26.6.26
* Temperature SN = 5351
* Conductivity SN = 3941
* Number of Bytes Per Scan = 41
* Number of Voltage Words = 4
* Number of Scans Averaged by the Deck Unit = 1
* NMEA Latitude = 56 07.92 N
* NMEA Longitude = 011 09.46 E
* NMEA UTC (Time) = Jan 25 2018  10:28:35
* NMEA baud rate = 4800
** Station:  925 Kattegatt SW
** Operator:  SSip
** Ship: MERI
** Average sound velocity: 1467.02 m/s
** True-depth calculation Sat, 27 Jan 2018 18:53:12 +0000
** CTD Python Module SMHI /ver 3-12/ feb 2012 
** LIMS Job: 20183402-0007
** Cruise: SMHI-01-2018
** Latitude [GG MM.mm N] :
** Longitude [GG MM.mm E]:
# nquan = 26
# nvalues = 87                          
# units = specified
# name 0 = scan: Scan Count
# name 1 = prDM: Pressure, Digiquartz [db]
# name 2 = t090C: Temperature [ITS-90, deg C]
# name 3 = t190C: Temperature, 2 [ITS-90, deg C]
# name 4 = T2-T190C: Temperature Difference, 2 - 1 [ITS-90, deg C]
# name 5 = c0S/m: Conductivity [S/m]
# name 6 = c1S/m: Conductivity, 2 [S/m]
# name 7 = pumps: Pump Status
# name 8 = sbeox0ML/L: Oxygen, SBE 43 [ml/l]
# name 9 = sbeox1ML/L: Oxygen, SBE 43, 2 [ml/l]
# name 10 = altM: Altimeter [m]
# name 11 = flECO-AFL: Chl-a Fluorescence, WET Labs ECO-AFL/FL [mg/m^3]
# name 12 = flECO-AFL1: Phycocyanin Fluorescence, WET Labs ECO-AFL/FL, 2 [mg/m^3]
# name 13 = par: PAR/Irradiance, Biospherical/Lico [µE/(cm^2*s)]
# name 14 = turbWETntu0: Turbidity, WET Labs ECO [NTU]
# name 15 = sal00: Salinity, Practical [PSU]
# name 16 = sal11: Salinity, Practical, 2 [PSU]
# name 17 = secS-priS: Salinity, Practical, Difference, 2 - 1 [PSU]
# name 18 = sigma-t00: Density [sigma-t, Kg/m^3 ]
# name 19 = sigma-t11: Density, 2 [sigma-t, Kg/m^3 ]
# name 20 = depSM: Depth [salt water, m], lat = 56.132
# name 21 = depFM: Depth [true depth, m], lat = 56.132
# name 22 = dz/dtM: Descent Rate [m/s], WS = 2
# name 23 = svCM: Sound Velocity [Chen-Millero, m/s]
# name 24 = svCM1: Sound Velocity, 2 [Chen-Millero, m/s]
# name 25 = flag: flag
# span 0 =       4365,      30578       
# span 1 =      1.000,     44.000       
# span 2 =     3.2868,     7.3149       
# span 3 =     3.2869,     7.3144       
# span 4 =    -0.0491,     0.0470       
# span 5 =   1.491189,   3.254457       
# span 6 =   1.491528,   3.254177       
# span 7 =          1,          1       
# span 8 =    5.79646,    8.15310       
# span 9 =    5.84113,    8.14218       
# span 10 =       3.22,      46.44      
# span 11 =     0.1793,     0.8217      
# span 12 =     0.2123,     0.3609      
# span 13 = -1.590e-05, 5.2153e+02      
# span 14 =     0.2774,     1.9010      
# span 15 =    15.2193,    31.6854      
# span 16 =    15.2226,    31.6828      
# span 17 =    -0.1928,     0.1509      
# span 18 =    12.1177,    24.7668      
# span 19 =    12.1203,    24.7648      
# span 20 =      0.992,     43.594      
# span 21 =      1.006,     43.870      
# span 22 =     -0.239,      0.608      
# span 23 =    1438.17,    1476.46      
# span 24 =    1438.18,    1476.45      
# span 25 = 0.0000e+00, 0.0000e+00      
# interval = decibars: 0.5              
# start_time = Jan 25 2018 10:28:36 [NMEA time, first data scan]
# bad_flag = -9.990e-29
*END*
[from data line 56]
       5678     29.000     7.2078     7.2085     0.0007    3.19238    3.19231          1     5.8743     5.8798      19.09     0.2108     0.2913  1.000e-12  1.6948000    31.1197    31.1183    -0.0014    24.3363    24.3351     28.734     28.959      0.554    1475.09    1475.09  0.000e+00
       5700     29.500     7.2048     7.2047    -0.0001    3.19352    3.19332          1     5.8737     5.8867      18.60     0.1869     0.2705  1.000e-12  1.7649000    31.1345    31.1324    -0.0020    24.3483    24.3467     29.229     29.456      0.557    1475.11    1475.10  0.000e+00
       5721     30.000     7.2064     7.2071     0.0007    3.19873    3.19908          1     5.8999     5.8881      18.11     0.1975     0.2688  1.000e-12  1.7125000    31.1891    31.1922     0.0031    24.3910    24.3934     29.725     29.953      0.561    1475.19    1475.19  0.000e+00
       5743     30.500     7.2121     7.2126     0.0004    3.20674    3.20675          1     5.9265     5.8865      17.60     0.1998     0.2585  1.000e-12  1.7576000    31.2702    31.2699    -0.0003    24.4541    24.4537     30.220     30.450      0.558    1475.32    1475.32  0.000e+00
       5764     31.000     7.2209     7.2212     0.0003    3.21667    3.21652          1     5.9314     5.8862      17.09     0.2045     0.2470  1.000e-12  1.7944000    31.3692    31.3673    -0.0019    24.5308    24.5292     30.715     30.947      0.560    1475.49    1475.48  0.000e+00
       5786     31.500     7.2232     7.2237     0.0005    3.21872    3.21881          1     5.9242     5.8927      16.59     0.2019     0.2686  1.000e-12  1.8143000    31.3890    31.3895     0.0006    24.5460    24.5463     31.211     31.445      0.541    1475.53    1475.53  0.000e+00
       5809     32.000     7.2243     7.2246     0.0002    3.21954    3.21964          1     5.9138     5.8952      16.08     0.1793     0.3059  1.000e-12  1.8403000    31.3966    31.3975     0.0009    24.5518    24.5525     31.706     31.942      0.528    1475.55    1475.55  0.000e+00
       5831     32.500     7.2251     7.2261     0.0010    3.22013    3.22044          1     5.9162     5.9000      15.59     0.1994     0.3118  1.000e-12  1.8141000    31.4020    31.4044     0.0024    24.5560    24.5578     32.201     32.439      0.560    1475.57    1475.57  0.000e+00
       5852     33.000     7.2251     7.2257     0.0006    3.22015    3.22026          1     5.9185     5.9024      15.12     0.1875     0.2689  1.000e-12  1.8382000    31.4020    31.4027     0.0007    24.5560    24.5565     32.697     32.936      0.589    1475.58    1475.58  0.000e+00
       5872     33.500     7.2281     7.2279    -0.0002    3.22217    3.22176          1     5.9120     5.8965      14.60     0.2045     0.2686  1.000e-12  1.8862000    31.4209    31.4167    -0.0043    24.5705    24.5672     33.192     33.433      0.559    1475.62    1475.61  0.000e+00
       5895     34.000     7.2302     7.2310     0.0007    3.22359    3.22385          1     5.9078     5.9003      14.06     0.1978     0.2496  1.000e-12  1.8555000    31.4342    31.4362     0.0021    24.5806    24.5821     33.687     33.930      0.505    1475.65    1475.66  0.000e+00
       5919     34.500     7.2312     7.2314     0.0002    3.22430    3.22413          1     5.9099     5.9086      13.55     0.2007     0.2959  1.000e-12  1.8155000    31.4406    31.4387    -0.0019    24.5855    24.5840     34.183     34.427      0.511    1475.67    1475.67  0.000e+00
       5942     35.000     7.2304     7.2311     0.0007    3.22366    3.22384          1     5.9075     5.9101      13.06     0.1969     0.3242  1.000e-12  1.8451000    31.4342    31.4355     0.0013    24.5806    24.5815     34.678     34.924      0.567    1475.67    1475.67  0.000e+00
       5962     35.500     7.2298     7.2301     0.0002    3.22333    3.22318          1     5.9076     5.9042      12.57     0.1813     0.3115  1.000e-12  1.8741000    31.4310    31.4291    -0.0019    24.5781    24.5766     35.174     35.421      0.592    1475.67    1475.67  0.000e+00
       5982     36.000     7.2325     7.2331     0.0006    3.22521    3.22525          1     5.9102     5.8951      12.09     0.2105     0.2874  1.000e-12  1.7032000    31.4486    31.4485    -0.0001    24.5916    24.5915     35.669     35.918      0.571    1475.71    1475.71  0.000e+00
       6004     36.500     7.2355     7.2360     0.0006    3.22688    3.22694          1     5.9165     5.8872      11.58     0.1901     0.3153  1.000e-12  1.7322000    31.4637    31.4638     0.0001    24.6031    24.6031     36.164     36.415      0.534    1475.75    1475.75  0.000e+00
       6027     37.000     7.2361     7.2365     0.0003    3.22714    3.22716          1     5.9178     5.8895      11.04     0.1870     0.2829  1.000e-12  1.8448000    31.4657    31.4656    -0.0000    24.6046    24.6045     36.660     36.912      0.515    1475.76    1475.76  0.000e+00
       6051     37.500     7.2365     7.2373     0.0007    3.22732    3.22747          1     5.9225     5.8996      10.49     0.1798     0.2922  1.000e-12  1.8031000    31.4670    31.4680     0.0010    24.6056    24.6062     37.155     37.409      0.535    1475.77    1475.78  0.000e+00
       6072     38.000     7.2367     7.2366    -0.0000    3.22715    3.22689          1     5.9144     5.8911       9.74     0.1812     0.2962  1.000e-12  1.8186000    31.4648    31.4621    -0.0027    24.6038    24.6017     37.650     37.906      0.557    1475.78    1475.78  0.000e+00
       6094     38.500     7.2382     7.2388     0.0005    3.22775    3.22785          1     5.9016     5.8915       8.03     0.1876     0.2832  1.000e-12  1.8645000    31.4697    31.4703     0.0006    24.6074    24.6078     38.146     38.403      0.549    1475.80    1475.80  0.000e+00
       6116     39.000     7.2404     7.2420     0.0015    3.22851    3.22920          1     5.9076     5.8974       8.10     0.1875     0.2731  1.000e-12  1.8644000    31.4757    31.4816     0.0060    24.6119    24.6163     38.641     38.900      0.526    1475.83    1475.84  0.000e+00
       6139     39.500     7.2348     7.2367     0.0019    3.22606    3.22674          1     5.9062     5.8936       8.03     0.1881     0.3321  1.000e-12  1.8599000    31.4541    31.4597     0.0056    24.5957    24.5998     39.136     39.397      0.524    1475.78    1475.80  0.000e+00
       6162     40.000     7.2335     7.2416     0.0082    3.22539    3.22897          1     5.9010     5.8990       7.98     0.1875     0.2768  1.000e-12  1.8199000    31.4478    31.4791     0.0313    24.5909    24.6144     39.632     39.894      0.528    1475.78    1475.85  0.000e+00
       6185     40.500     7.2366     7.2373     0.0007    3.22702    3.22720          1     5.9010     5.9061       7.57     0.1881     0.2943  1.000e-12  1.6960000    31.4624    31.4636     0.0012    24.6020    24.6028     40.127     40.391      0.505    1475.82    1475.82  0.000e+00
       6210     41.000     7.2444     7.2454     0.0010    3.23058    3.23093          1     5.9044     5.9052       7.05     0.2304     0.3121  1.000e-12  1.8347000    31.4934    31.4963     0.0029    24.6253    24.6274     40.622     40.888      0.483    1475.89    1475.90  0.000e+00
       6234     41.500     7.2561     7.2596     0.0034    3.23612    3.23728          1     5.9149     5.9047       6.26     0.1819     0.3178  1.000e-12  1.9010000    31.5424    31.5517     0.0093    24.6622    24.6691     41.118     41.385      0.506    1476.01    1476.04  0.000e+00
       6257     42.000     7.2636     7.2696     0.0061    3.23949    3.24179          1     5.9272     5.9088       5.19     0.1950     0.2932  1.000e-12  1.8487000    31.5717    31.5911     0.0193    24.6843    24.6987     41.613     41.882      0.538    1476.08    1476.13  0.000e+00
       6279     42.500     7.2684     7.2702     0.0017    3.24137    3.24195          1     5.9177     5.9002       4.74     0.1918     0.2607  1.000e-12  1.8299000    31.5874    31.5920     0.0047    24.6959    24.6994     42.108     42.379      0.502    1476.13    1476.14  0.000e+00
      15991     43.000     7.2876     7.2869    -0.0007    3.24692    3.24657          1     5.8930     5.8901       4.20     0.1834     0.2733  1.000e-12  1.8249000    31.6295    31.6263    -0.0032    24.7265    24.7241     42.604     42.876      0.326    1476.27    1476.26  0.000e+00
      30213     43.500     7.3139     7.3135    -0.0004    3.25412    3.25387          1     5.8766     5.8411       3.86     0.1870     0.3028  1.000e-12  1.8357000    31.6830    31.6806    -0.0024    24.7650    24.7632     43.099     43.373      0.353    1476.44    1476.44  0.000e+00
      30578     44.000     7.3149     7.3144    -0.0005    3.25446    3.25418          1     5.8641     5.8854       3.22     0.1912     0.3126  1.000e-12  1.7341000    31.6854    31.6828    -0.0026    24.7668    24.7648     43.594     43.870      0.091    1476.46    1476.45  0.000e+00
