ctdpy/tests/etc/all_smhi_bas_2018/SBE09_1044_20180416_1652_34_07_0008.cnv
* Sea-Bird SBE 9 Data File:
* FileName = C:\ctd\temp\2018\AU18D008.hex
* Software Version Seasave V 7.26.6.26
* Temperature SN = 5351
* Conductivity SN = 3941
* Number of Bytes Per Scan = 41
* Number of Voltage Words = 4
* Number of Scans Averaged by the Deck Unit = 1
* NMEA Latitude = 57 11.56 N
* NMEA Longitude = 011 39.49 E
* NMEA UTC (Time) = Apr 16 2018  16:52:32
* NMEA baud rate = 4800
** Station:  Fladen
** Operator:  SSip
** Ship: AURA
** Average sound velocity: 1474.36 m/s
** True-depth calculation Mon, 16 Apr 2018 18:20:44 +0000
** CTD Python Module SMHI /ver 3-12/ feb 2012 
** LIMS Job: 20183407-0008
** Cruise: SMHI-01-2018
** Latitude [GG MM.mm N] :
** Longitude [GG MM.mm E]:
# nquan = 26
# nvalues = 160                         
# units = specified
# name 0 = scan: Scan Count
# name 1 = prDM: Pressure, Digiquartz [db]
# name 2 = t090C: Temperature [ITS-90, deg C]
# name 3 = t190C: Temperature, 2 [ITS-90, deg C]
# name 4 = T2-T190C: Temperature Difference, 2 - 1 [ITS-90, deg C]
# name 5 = c0S/m: Conductivity [S/m]
# name 6 = c1S/m: Conductivity, 2 [S/m]
# name 7 = pumps: Pump Status
# name 8 = sbeox0ML/L: Oxygen, SBE 43 [ml/l]
# name 9 = sbeox1ML/L: Oxygen, SBE 43, 2 [ml/l]
# name 10 = altM: Altimeter [m]
# name 11 = flECO-AFL: Chl-a Fluorescence, WET Labs ECO-AFL/FL [mg/m^3]
# name 12 = flECO-AFL1: Phycocyanin Fluorescence, WET Labs ECO-AFL/FL, 2 [mg/m^3]
# name 13 = par: PAR/Irradiance, Biospherical/Lico [µE/(cm^2*s)]
# name 14 = turbWETntu0: Turbidity, WET Labs ECO [NTU]
# name 15 = sal00: Salinity, Practical [PSU]
# name 16 = sal11: Salinity, Practical, 2 [PSU]
# name 17 = secS-priS: Salinity, Practical, Difference, 2 - 1 [PSU]
# name 18 = sigma-t00: Density [sigma-t, Kg/m^3 ]
# name 19 = sigma-t11: Density, 2 [sigma-t, Kg/m^3 ]
# name 20 = depSM: Depth [salt water, m], lat = 57.1927
# name 21 = depFM: Depth [true depth, m], lat = 57.1927
# name 22 = dz/dtM: Descent Rate [m/s], WS = 2
# name 23 = svCM: Sound Velocity [Chen-Millero, m/s]
# name 24 = svCM1: Sound Velocity, 2 [Chen-Millero, m/s]
# name 25 = flag: flag
# span 0 =       5584,       8999       
# span 1 =      0.500,     80.000       
# span 2 =     4.2095,     6.9486       
# span 3 =     4.2157,     6.9493       
# span 4 =    -0.3650,     0.0654       
# span 5 =   1.955889,   3.515926       
# span 6 =   1.955936,   3.515979       
# span 7 =          1,          1       
# span 8 =    5.42621,    8.26401       
# span 9 =    5.34231,    8.22272       
# span 10 =       3.86,      96.31      
# span 11 =     0.0588,     9.3511      
# span 12 =     0.1334,     1.4011      
# span 13 = -1.544e-06, 5.3031e+02      
# span 14 =     0.4201,     1.4843      
# span 15 =    19.4247,    34.8770      
# span 16 =    19.4504,    34.8769      
# span 17 =    -0.1604,     0.0396      
# span 18 =    15.1884,    27.3296      
# span 19 =    15.2522,    27.3294      
# span 20 =      0.495,     79.249      
# span 21 =      0.502,     79.451      
# span 22 =     -0.307,      0.666      
# span 23 =    1448.99,    1479.60      
# span 24 =    1449.00,    1479.60      
# span 25 = 0.0000e+00, 0.0000e+00      
# interval = decibars: 0.5              
# start_time = Apr 16 2018 16:52:32 [NMEA time, first data scan]
# bad_flag = -9.990e-29
*END*
[from data line 112]
       7932     56.500     6.9454     6.9460     0.0006    3.51261    3.51268          1     5.5729     5.5027      27.22     0.0701     0.2380  1.000e-12  0.9376000    34.8522    34.8523     0.0001    27.3100    27.3100     55.973     56.152      0.577    1479.19    1479.19  0.000e+00
       7953     57.000     6.9458     6.9465     0.0006    3.51276    3.51284          1     5.5636     5.4978      26.71     0.0672     0.2335  1.000e-12  0.9408000    34.8532    34.8533     0.0002    27.3107    27.3107     56.468     56.648      0.577    1479.20    1479.20  0.000e+00
       7974     57.500     6.9461     6.9467     0.0006    3.51285    3.51292          1     5.5547     5.4930      26.21     0.0620     0.2073  1.000e-12  0.9447000    34.8536    34.8537     0.0002    27.3109    27.3110     56.963     57.143      0.586    1479.21    1479.21  0.000e+00
       7994     58.000     6.9468     6.9473     0.0005    3.51301    3.51307          1     5.5539     5.4976      25.67     0.0601     0.2071  1.000e-12  0.9498000    34.8544    34.8545     0.0001    27.3115    27.3116     57.458     57.639      0.593    1479.22    1479.22  0.000e+00
       8014     58.500     6.9476     6.9482     0.0006    3.51323    3.51329          1     5.5582     5.5015      25.22     0.0661     0.2071  1.000e-12  0.9443000    34.8558    34.8558     0.0001    27.3125    27.3124     57.954     58.135      0.591    1479.23    1479.24  0.000e+00
       8035     59.000     6.9483     6.9489     0.0006    3.51344    3.51350          1     5.5573     5.4847      24.73     0.0758     0.2140  1.000e-12  0.9507000    34.8571    34.8572     0.0000    27.3135    27.3134     58.449     58.630      0.582    1479.25    1479.25  0.000e+00
       8056     59.500     6.9486     6.9492     0.0006    3.51356    3.51363          1     5.5549     5.4728      24.32     0.0782     0.2338  1.000e-12  0.9661000    34.8579    34.8580     0.0002    27.3140    27.3140     58.944     59.126      0.571    1479.26    1479.26  0.000e+00
       8077     60.000     6.9486     6.9493     0.0006    3.51366    3.51374          1     5.5487     5.4720      23.72     0.0788     0.2686  1.000e-12  0.9780000    34.8587    34.8590     0.0002    27.3147    27.3148     59.439     59.622      0.570    1479.27    1479.27  0.000e+00
       8098     60.500     6.9482     6.9488     0.0006    3.51370    3.51378          1     5.5416     5.4737      23.26     0.0771     0.1641  1.000e-12  0.9676000    34.8594    34.8595     0.0001    27.3153    27.3153     59.935     60.118      0.583    1479.27    1479.28  0.000e+00
       8118     61.000     6.9479     6.9485     0.0006    3.51371    3.51377          1     5.5414     5.4807      22.69     0.0889     0.2125  1.000e-12  0.9621000    34.8595    34.8596     0.0001    27.3154    27.3154     60.430     60.613      0.599    1479.28    1479.28  0.000e+00
       8138     61.500     6.9468     6.9474     0.0006    3.51367    3.51373          1     5.5397     5.4813      22.23     0.0850     0.2093  1.000e-12  0.9708000    34.8599    34.8600     0.0001    27.3158    27.3158     60.925     61.109      0.600    1479.29    1479.29  0.000e+00
       8158     62.000     6.9446     6.9457     0.0010    3.51354    3.51363          1     5.5356     5.4729      21.81     0.0777     0.1857  1.000e-12  0.9782000    34.8604    34.8604    -0.0000    27.3166    27.3164     61.420     61.605      0.581    1479.29    1479.29  0.000e+00
       8179     62.500     6.9400     6.9416     0.0016    3.51334    3.51344          1     5.5299     5.4583      21.36     0.0736     0.2462  1.000e-12  0.9799000    34.8627    34.8622    -0.0005    27.3190    27.3184     61.916     62.101      0.564    1479.28    1479.28  0.000e+00
       8201     63.000     6.9358     6.9366     0.0009    3.51327    3.51334          1     5.5153     5.4408      20.92     0.0588     0.2104  1.000e-12  0.9629000    34.8659    34.8659    -0.0000    27.3221    27.3219     62.411     62.596      0.565    1479.28    1479.28  0.000e+00
       8222     63.500     6.9311     6.9320     0.0008    3.51297    3.51305          1     5.4974     5.4314      20.47     0.0704     0.1969  1.000e-12  1.0045000    34.8670    34.8670    -0.0000    27.3237    27.3235     62.906     63.092      0.578    1479.27    1479.27  0.000e+00
       8242     64.000     6.9321     6.9327     0.0006    3.51322    3.51330          1     5.4870     5.4119      19.98     0.0678     0.1695  1.000e-12  1.0547000    34.8686    34.8689     0.0003    27.3248    27.3249     63.401     63.588      0.591    1479.28    1479.28  0.000e+00
       8262     64.500     6.9374     6.9380     0.0006    3.51406    3.51412          1     5.4786     5.3875      19.44     0.0733     0.1439  1.000e-12  1.1293000    34.8722    34.8723     0.0001    27.3269    27.3268     63.897     64.083      0.593    1479.31    1479.32  0.000e+00
       8283     65.000     6.9406     6.9409     0.0004    3.51452    3.51456          1     5.4661     5.3866      18.85     0.0814     0.2292  1.000e-12  1.1799000    34.8739    34.8740     0.0001    27.3277    27.3277     64.392     64.579      0.582    1479.34    1479.34  0.000e+00
       8303     65.500     6.9419     6.9426     0.0007    3.51474    3.51481          1     5.4570     5.3915      18.40     0.0904     0.2432  1.000e-12  1.1573000    34.8746    34.8748     0.0001    27.3281    27.3282     64.887     65.075      0.567    1479.35    1479.35  0.000e+00
       8325     66.000     6.9427     6.9433     0.0006    3.51487    3.51493          1     5.4523     5.3902      17.90     0.0789     0.2044  1.000e-12  1.1815000    34.8751    34.8751     0.0000    27.3284    27.3283     65.382     65.571      0.560    1479.36    1479.37  0.000e+00
       8346     66.500     6.9434     6.9440     0.0005    3.51498    3.51503          1     5.4482     5.3906      17.44     0.0883     0.1719  1.000e-12  1.2362000    34.8753    34.8753    -0.0000    27.3285    27.3284     65.878     66.066      0.565    1479.37    1479.38  0.000e+00
       8367     67.000     6.9435     6.9442     0.0007    3.51503    3.51510          1     5.4461     5.3828      16.96     0.0828     0.1680  1.000e-12  1.2435000    34.8755    34.8756     0.0001    27.3286    27.3286     66.373     66.562      0.572    1479.38    1479.39  0.000e+00
       8388     67.500     6.9445     6.9450     0.0006    3.51516    3.51522          1     5.4477     5.3735      16.48     0.0841     0.2068  1.000e-12  1.2853000    34.8757    34.8758     0.0001    27.3286    27.3286     66.868     67.058      0.576    1479.39    1479.40  0.000e+00
       8409     68.000     6.9447     6.9454     0.0007    3.51525    3.51530          1     5.4475     5.3712      15.99     0.0823     0.2566  1.000e-12  1.3439000    34.8762    34.8761    -0.0001    27.3289    27.3288     67.363     67.554      0.578    1479.40    1479.41  0.000e+00
       8430     68.500     6.9449     6.9456     0.0007    3.51529    3.51537          1     5.4427     5.3764      15.51     0.0588     0.2277  1.000e-12  1.3386000    34.8762    34.8763     0.0001    27.3289    27.3289     67.859     68.049      0.579    1479.41    1479.42  0.000e+00
       8450     69.000     6.9450     6.9458     0.0008    3.51533    3.51539          1     5.4368     5.3771      14.99     0.0898     0.2057  1.000e-12  1.3403000    34.8763    34.8762    -0.0001    27.3290    27.3288     68.354     68.545      0.576    1479.42    1479.43  0.000e+00
       8471     69.500     6.9451     6.9459     0.0007    3.51536    3.51543          1     5.4359     5.3752      14.56     0.0904     0.2091  1.000e-12  1.3702000    34.8763    34.8763     0.0001    27.3290    27.3289     68.849     69.041      0.567    1479.43    1479.43  0.000e+00
       8493     70.000     6.9453     6.9460     0.0007    3.51540    3.51548          1     5.4333     5.3717      14.06     0.0847     0.2210  1.000e-12  1.3835000    34.8763    34.8764     0.0002    27.3289    27.3290     69.344     69.536      0.561    1479.44    1479.44  0.000e+00
       8514     70.500     6.9454     6.9460     0.0006    3.51543    3.51550          1     5.4396     5.3753      13.54     0.0817     0.2429  1.000e-12  1.3688000    34.8762    34.8764     0.0001    27.3289    27.3289     69.839     70.032      0.565    1479.45    1479.45  0.000e+00
       8535     71.000     6.9454     6.9461     0.0007    3.51546    3.51554          1     5.4455     5.3760      13.13     0.0894     0.2209  1.000e-12  1.3534000    34.8763    34.8764     0.0001    27.3290    27.3289     70.335     70.528      0.572    1479.46    1479.46  0.000e+00
       8556     71.500     6.9455     6.9462     0.0007    3.51550    3.51557          1     5.4439     5.3780      12.64     0.0899     0.2161  1.000e-12  1.4171000    34.8764    34.8764    -0.0000    27.3290    27.3289     70.830     71.024      0.571    1479.47    1479.47  0.000e+00
       8577     72.000     6.9455     6.9463     0.0008    3.51552    3.51559          1     5.4386     5.3849      12.14     0.0717     0.2233  1.000e-12  1.3840000    34.8764    34.8764    -0.0000    27.3290    27.3289     71.325     71.519      0.565    1479.47    1479.48  0.000e+00
       8599     72.500     6.9457     6.9464     0.0007    3.51556    3.51562          1     5.4307     5.3814      11.67     0.0749     0.1924  1.000e-12  1.3906000    34.8764    34.8763    -0.0001    27.3290    27.3288     71.820     72.015      0.560    1479.48    1479.49  0.000e+00
       8620     73.000     6.9455     6.9463     0.0008    3.51559    3.51566          1     5.4286     5.3788      11.15     0.0923     0.2289  1.000e-12  1.3847000    34.8766    34.8766    -0.0001    27.3292    27.3290     72.316     72.511      0.558    1479.49    1479.49  0.000e+00
       8642     73.500     6.9453     6.9461     0.0008    3.51559    3.51566          1     5.4318     5.3728      10.71     0.1028     0.2397  1.000e-12  1.3858000    34.8767    34.8766    -0.0000    27.3293    27.3291     72.811     73.006      0.560    1479.50    1479.50  0.000e+00
       8663     74.000     6.9454     6.9461     0.0008    3.51563    3.51569          1     5.4332     5.3604      10.22     0.1039     0.2381  1.000e-12  1.4176000    34.8767    34.8766    -0.0001    27.3293    27.3291     73.306     73.502      0.565    1479.51    1479.51  0.000e+00
       8684     74.500     6.9453     6.9460     0.0007    3.51564    3.51572          1     5.4289     5.3622       9.71     0.1138     0.2285  1.000e-12  1.4843000    34.8766    34.8767     0.0001    27.3292    27.3292     73.801     73.998      0.565    1479.51    1479.52  0.000e+00
       8705     75.000     6.9453     6.9460     0.0007    3.51566    3.51573          1     5.4272     5.3669       9.19     0.1027     0.2234  1.000e-12  1.4402000    34.8767    34.8767     0.0000    27.3293    27.3292     74.296     74.494      0.554    1479.52    1479.53  0.000e+00
       8727     75.500     6.9453     6.9460     0.0007    3.51569    3.51575          1     5.4342     5.3674       8.66     0.1016     0.2445  1.000e-12  1.4513000    34.8767    34.8767    -0.0000    27.3293    27.3292     74.792     74.989      0.539    1479.53    1479.53  0.000e+00
       8750     76.000     6.9453     6.9460     0.0007    3.51572    3.51579          1     5.4393     5.3642       8.15     0.0946     0.2615  1.000e-12  1.4437000    34.8768    34.8768     0.0000    27.3294    27.3293     75.287     75.485      0.524    1479.54    1479.54  0.000e+00
       8773     76.500     6.9454     6.9461     0.0008    3.51557    3.51582          1     5.4391     5.3628       7.65     0.0834     0.2217  1.000e-12  1.4457000    34.8748    34.8768     0.0020    27.3278    27.3292     75.782     75.981      0.512    1479.54    1479.55  0.000e+00
       8797     77.000     6.9452     6.9460     0.0008    3.51576    3.51583          1     5.4331     5.3671       7.15     0.0840     0.2167  1.000e-12  1.4630000    34.8768    34.8768    -0.0000    27.3294    27.3292     76.277     76.476      0.508    1479.56    1479.56  0.000e+00
       8820     77.500     6.9452     6.9459     0.0007    3.51578    3.51584          1     5.4303     5.3559       6.66     0.0903     0.2448  1.000e-12  1.4801000    34.8768    34.8768    -0.0001    27.3294    27.3293     76.773     76.972      0.503    1479.56    1479.57  0.000e+00
       8845     78.000     6.9451     6.9459     0.0008    3.51581    3.51587          1     5.4294     5.3423       6.16     0.0898     0.2307  1.000e-12  1.4831000    34.8769    34.8768    -0.0001    27.3295    27.3293     77.268     77.468      0.481    1479.57    1479.57  0.000e+00
       8870     78.500     6.9453     6.9461     0.0008    3.51584    3.51591          1     5.4293     5.3508       5.66     0.0907     0.2055  1.000e-12  1.4707000    34.8768    34.8768    -0.0000    27.3294    27.3292     77.763     77.964      0.455    1479.58    1479.58  0.000e+00
       8898     79.000     6.9453     6.9461     0.0007    3.51587    3.51594          1     5.4266     5.3681       5.17     0.0950     0.2072  1.000e-12  1.4696000    34.8768    34.8769     0.0001    27.3294    27.3294     78.258     78.459      0.437    1479.59    1479.59  0.000e+00
       8926     79.500     6.9455     6.9463     0.0008    3.51591    3.51598          1     5.4262     5.3643       4.72     0.1022     0.1845  1.000e-12  1.4651000    34.8769    34.8768    -0.0000    27.3294    27.3293     78.753     78.955      0.379    1479.60    1479.60  0.000e+00
       8999     80.000     6.9453     6.9458     0.0005    3.51593    3.51595          1     5.4386     5.3656       3.86     0.1126     0.2166  1.000e-12  1.3763000    34.8770    34.8768    -0.0002    27.3296    27.3293     79.249     79.451     -0.307    1479.60    1479.60  0.000e+00
