ctdpy/tests/etc/all_smhi_bas_2018/SBE09_1044_20181205_1414_34_01_0153.cnv
* Sea-Bird SBE 9 Data File:
* FileName = C:\ctd\temp\ar18d153.hex
* Software Version Seasave V 7.26.7.107
* Temperature SN = 5351
* Conductivity SN = 3941
* Number of Bytes Per Scan = 41
* Number of Voltage Words = 4
* Number of Scans Averaged by the Deck Unit = 1
* NMEA Latitude = 57 18.72 N
* NMEA Longitude = 020 04.60 E
* NMEA UTC (Time) = Dec 05 2018  14:14:07
* NMEA baud rate = 4800
** Station:  BY15
** Operator:  ASkj
** Ship: ARANDA
** Average sound velocity: 1447.48 m/s
** True-depth calculation Sun, 09 Dec 2018 13:44:51 +0000
** CTD Python Module SMHI /ver 3-12/ feb 2012 
** LIMS Job: 20183401-0153
** Cruise: SMHI-7-2018
** Latitude [GG MM.mm N]:
** Longitude [GG MM.mm E]
# nquan = 26
# nvalues = 463                         
# units = specified
# name 0 = scan: Scan Count
# name 1 = prDM: Pressure, Digiquartz [db]
# name 2 = t090C: Temperature [ITS-90, deg C]
# name 3 = t190C: Temperature, 2 [ITS-90, deg C]
# name 4 = T2-T190C: Temperature Difference, 2 - 1 [ITS-90, deg C]
# name 5 = c0S/m: Conductivity [S/m]
# name 6 = c1S/m: Conductivity, 2 [S/m]
# name 7 = pumps: Pump Status
# name 8 = sbeox0ML/L: Oxygen, SBE 43 [ml/l]
# name 9 = sbeox1ML/L: Oxygen, SBE 43, 2 [ml/l]
# name 10 = altM: Altimeter [m]
# name 11 = flECO-AFL: Chl-a Fluorescence, WET Labs ECO-AFL/FL [mg/m^3]
# name 12 = flECO-AFL1: Phycocyanin Fluorescence, WET Labs ECO-AFL/FL, 2 [mg/m^3]
# name 13 = par: PAR/Irradiance, Biospherical/Lico [µE/(cm^2*s)]
# name 14 = turbWETntu0: Turbidity, WET Labs ECO [NTU]
# name 15 = sal00: Salinity, Practical [PSU]
# name 16 = sal11: Salinity, Practical, 2 [PSU]
# name 17 = secS-priS: Salinity, Practical, Difference, 2 - 1 [PSU]
# name 18 = sigma-t00: Density [sigma-t, Kg/m^3 ]
# name 19 = sigma-t11: Density, 2 [sigma-t, Kg/m^3 ]
# name 20 = depSM: Depth [salt water, m], lat = 57.312
# name 21 = depFM: Depth [true depth, m], lat = 57.312
# name 22 = dz/dtM: Descent Rate [m/s], WS = 2
# name 23 = svCM: Sound Velocity [Chen-Millero, m/s]
# name 24 = svCM1: Sound Velocity, 2 [Chen-Millero, m/s]
# name 25 = flag: flag
# span 0 =      11503,      26652       
# span 1 =      1.000,    232.000       
# span 2 =     3.8557,     6.8879       
# span 3 =     3.8576,     6.8890       
# span 4 =    -0.0951,     0.0737       
# span 5 =   0.801637,   1.447452       
# span 6 =   0.801771,   1.447550       
# span 7 =          1,          1       
# span 8 =    0.01766,    7.94317       
# span 9 =    1.45055,    6.31090       
# span 10 =       0.00,      98.95      
# span 11 =     0.2221,     0.5713      
# span 12 =     0.1403,     0.3237      
# span 13 = 1.0000e-12, 3.8802e+00      
# span 14 =     0.1292,     0.7247      
# span 15 =     7.2199,    13.1797      
# span 16 =     7.2196,    13.1801      
# span 17 =    -0.1081,     0.0938      
# span 18 =     5.6490,    10.2889      
# span 19 =     5.6487,    10.2891      
# span 20 =      0.992,    229.734      
# span 21 =      1.013,    234.340      
# span 22 =     -0.112,      1.792      
# span 23 =    1431.93,    1454.74      
# span 24 =    1431.94,    1454.75      
# span 25 = 0.0000e+00, 0.0000e+00      
# interval = decibars: 0.5              
# start_time = Dec 05 2018 14:14:07 [NMEA time, first data scan]
# bad_flag = -9.990e-29
*END*
[from data line 112]
      14429     57.000     6.0920     6.0809    -0.0112    0.81208    0.81205          1     7.9004     5.8120      70.04     0.4852     0.1841  1.000e-12  0.2182000     7.2497     7.2518     0.0020     5.6806     5.6828     56.467     57.730      0.851    1441.15    1441.10  0.000e+00
      14442     57.500     6.0553     6.0559     0.0002    0.81201    0.81202          1     7.8013     5.7971      69.34     0.4727     0.3052  1.000e-12  0.2227000     7.2568     7.2568     0.0000     5.6881     5.6882     56.962     58.237      0.947    1441.01    1441.01  0.000e+00
      14454     58.000     6.0419     6.0424     0.0003    0.81198    0.81197          1     7.6288     5.7268      98.70     0.4835     0.3065  1.000e-12  0.2165000     7.2593     7.2591    -0.0001     5.6909     5.6907     57.458     58.743      0.968    1440.96    1440.96  0.000e+00
      14466     58.500     6.0253     6.0240    -0.0012    0.81193    0.81195          1     7.5081     5.7038      97.66     0.4877     0.2911  1.000e-12  0.2156000     7.2624     7.2628     0.0004     5.6942     5.6946     57.953     59.250      0.924    1440.90    1440.90  0.000e+00
      14480     59.000     5.8982     5.9254     0.0270    0.81167    0.81170          1     7.4742     5.7314      97.67     0.4794     0.2887  1.000e-12  0.2209000     7.2871     7.2816    -0.0055     5.7203     5.7146     58.448     59.756      0.807    1440.39    1440.50  0.000e+00
      14497     59.500     5.4845     5.5035     0.0195    0.81071    0.81074          1     7.5090     5.8057      97.68     0.4497     0.2468  1.000e-12  0.2193000     7.3677     7.3638    -0.0038     5.8043     5.8003     58.943     60.262      0.574    1438.71    1438.79  0.000e+00
      14548     60.000     5.6977     5.5991    -0.0951    0.81142    0.81124          1     7.4326     5.9643      97.76     0.4354     0.2489  1.000e-12  0.2101000     7.3281     7.3477     0.0196     5.7626     5.7830     59.439     60.769      0.340    1439.60    1439.19  0.000e+00
      14586     60.500     4.9563     5.0010     0.0398    0.80812    0.80841          1     6.9210     6.0104      97.66     0.4555     0.2314  1.000e-12  0.2045000     7.4591     7.4520    -0.0072     5.8992     5.8917     59.934     61.275      0.746    1436.54    1436.72  0.000e+00
      14599     61.000     4.5465     4.5704     0.0239    0.80476    0.80496          1     6.6726     5.9764      97.71     0.4452     0.2636  1.000e-12  0.2046000     7.5180     7.5146    -0.0034     5.9606     5.9571     60.429     61.781      0.962    1434.81    1434.91  0.000e+00
      14610     61.500     4.1323     4.1437     0.0111    0.80164    0.80177          1     6.4517     5.9647      97.67     0.2962     0.2643  1.000e-12  0.1983000     7.5815     7.5802    -0.0013     6.0234     6.0220     60.925     62.287      1.027    1433.05    1433.10  0.000e+00
      14621     62.000     3.8898     3.8943     0.0046    0.80202    0.80197          1     6.2999     5.9788      97.67     0.2969     0.1958  1.000e-12  0.1989000     7.6417     7.6401    -0.0016     6.0774     6.0761     61.420     62.794      0.962    1432.04    1432.06  0.000e+00
      14635     62.500     3.8557     3.8576     0.0019    0.80394    0.80395          1     6.1954     6.0156      97.67     0.2349     0.1786  1.000e-12  0.1725000     7.6693     7.6689    -0.0003     6.1002     6.0998     61.915     63.300      0.741    1431.93    1431.94  0.000e+00
      14666     63.000     3.9899     4.0003     0.0106    0.80584    0.80549          1     6.0919     5.9620      86.19     0.2369     0.2156  1.000e-12  0.1653000     7.6573     7.6512    -0.0060     6.0872     6.0821     62.410     63.806      0.336    1432.53    1432.57  0.000e+00
      14712     63.500     4.0252     3.9350    -0.0902    0.80842    0.80821          1     5.9901     5.8616      98.67     0.2791     0.2086  1.000e-12  0.1787000     7.6754     7.6943     0.0189     6.1008     6.1181     62.905     64.312      0.462    1432.72    1432.34  0.000e+00
      14730     64.000     3.8807     3.8835     0.0027    0.81523    0.81495          1     5.7726     5.8294      97.67     0.2688     0.2264  1.000e-12  0.1753000     7.7789     7.7754    -0.0035     6.1867     6.1839     63.401     64.818      0.699    1432.21    1432.22  0.000e+00
      14746     64.500     3.8858     3.8869     0.0011    0.82071    0.82046          1     5.5509     5.7903      97.69     0.2386     0.2099  1.000e-12  0.1678000     7.8338     7.8310    -0.0029     6.2303     6.2280     63.896     65.324      0.778    1432.31    1432.31  0.000e+00
      14761     65.000     3.9018     3.9008    -0.0011    0.82557    0.82525          1     5.3124     5.7631      97.67     0.2221     0.1625  1.000e-12  0.1686000     7.8798     7.8767    -0.0031     6.2664     6.2640     64.391     65.831      0.764    1432.45    1432.44  0.000e+00
      14777     65.500     3.9968     3.9915    -0.0051    0.83470    0.83408          1     5.0329     5.7293      97.68     0.2230     0.1809  1.000e-12  0.1613000     7.9503     7.9451    -0.0052     6.3200     6.3160     64.886     66.337      0.671    1432.98    1432.95  0.000e+00
      14798     66.000     4.0515     4.0483    -0.0032    0.84189    0.84138          1     4.7176     5.6952      77.32     0.2464     0.2023  1.000e-12  0.1446000     8.0104     8.0060    -0.0044     6.3663     6.3629     65.382     66.843      0.516    1433.31    1433.29  0.000e+00
      14826     66.500     4.1453     4.1435    -0.0020    0.85287    0.85203          1     4.3747     5.6438      85.26     0.2678     0.1944  1.000e-12  0.1387000     8.0995     8.0914    -0.0081     6.4344     6.4281     65.877     67.349      0.400    1433.85    1433.83  0.000e+00
      14856     67.000     4.1935     4.1908    -0.0027    0.86210    0.86154          1     4.0928     5.5791      97.97     0.2791     0.1958  1.000e-12  0.1475000     8.1818     8.1767    -0.0051     6.4983     6.4943     66.372     67.855      0.453    1434.18    1434.16  0.000e+00
      14880     67.500     4.1920     4.1927     0.0008    0.86776    0.86741          1     3.8617     5.5317      97.66     0.2636     0.2324  1.000e-12  0.1536000     8.2399     8.2361    -0.0037     6.5444     6.5415     66.867     68.361      0.533    1434.26    1434.26  0.000e+00
      14901     68.000     4.2257     4.2258     0.0001    0.87994    0.87971          1     3.6038     5.4765      97.68     0.2497     0.2268  1.000e-12  0.1489000     8.3557     8.3533    -0.0024     6.6353     6.6334     67.363     68.867      0.558    1434.56    1434.56  0.000e+00
      14923     68.500     4.2423     4.2427     0.0003    0.88319    0.88308          1     3.3975     5.4190      49.91     0.2728     0.1815  1.000e-12  0.1431000     8.3846     8.3834    -0.0012     6.6578     6.6567     67.858     69.373      0.543    1434.68    1434.68  0.000e+00
      14945     69.000     4.2681     4.2696     0.0014    0.88745    0.88750          1     3.2446     5.3569      98.79     0.2725     0.2448  1.000e-12  0.1544000     8.4214     8.4216     0.0002     6.6862     6.6863     68.353     69.878      0.534    1434.85    1434.86  0.000e+00
      14967     69.500     4.3223     4.3191    -0.0032    0.89481    0.89438          1     3.0800     5.2950      97.67     0.2825     0.2430  1.000e-12  0.1549000     8.4825     8.4789    -0.0036     6.7328     6.7301     68.848     70.384      0.596    1435.18    1435.16  0.000e+00
      14986     70.000     4.3756     4.3746    -0.0010    0.90297    0.90259          1     2.9009     5.2445      97.68     0.2667     0.2217  1.000e-12  0.1538000     8.5519     8.5483    -0.0036     6.7861     6.7833     69.344     70.890      0.672    1435.51    1435.51  0.000e+00
      15003     70.500     4.4026     4.4023    -0.0004    0.90856    0.90824          1     2.7130     5.2031      97.69     0.2509     0.2034  1.000e-12  0.1558000     8.6018     8.5986    -0.0032     6.8248     6.8222     69.839     71.396      0.693    1435.71    1435.70  0.000e+00
      15021     71.000     4.4397     4.4390    -0.0007    0.91568    0.91536          1     2.5201     5.1744      97.68     0.2651     0.1631  1.000e-12  0.1500000     8.6645     8.6614    -0.0030     6.8732     6.8708     70.334     71.902      0.646    1435.96    1435.95  0.000e+00
      15041     71.500     4.4856     4.4850    -0.0005    0.92287    0.92246          1     2.3126     5.1021      54.39     0.2656     0.1722  1.000e-12  0.1492000     8.7255     8.7215    -0.0040     6.9200     6.9168     70.829     72.408      0.503    1436.25    1436.24  0.000e+00
      15077     72.000     4.5093     4.4944    -0.0150    0.92635    0.92325          1     2.1137     4.9682      95.22     0.2848     0.1851  1.000e-12  0.1564000     8.7546     8.7270    -0.0276     6.9421     6.9208     71.324     72.913      0.277    1436.40    1436.30  0.000e+00
      15121     72.500     4.5851     4.5704    -0.0143    0.94013    0.93685          1     1.7700     4.8153      97.67     0.2920     0.2180  1.000e-12  0.1530000     8.8744     8.8449    -0.0295     7.0342     7.0114     71.820     73.419      0.458    1436.90    1436.79  0.000e+00
      15139     73.000     4.6972     4.6938    -0.0034    0.95846    0.95794          1     1.3230     4.7498      96.43     0.2781     0.2136  1.000e-12  0.1588000     9.0303     9.0259    -0.0044     7.1533     7.1500     72.315     73.925      0.760    1437.60    1437.58  0.000e+00
      15153     73.500     4.7540     4.7535    -0.0005    0.96834    0.96798          1     1.0047     4.7122      21.73     0.2725     0.2071  1.000e-12  0.1683000     9.1148     9.1114    -0.0035     7.2180     7.2153     72.810     74.430      0.930    1437.97    1437.96  0.000e+00
      15165     74.000     4.7994     4.7993    -0.0001    0.97502    0.97478          1     0.7544     4.7030      38.17     0.2976     0.1979  1.000e-12  0.1739000     9.1700     9.1676    -0.0024     7.2598     7.2579     73.305     74.936      1.024    1438.24    1438.24  0.000e+00
      15176     74.500     4.8570     4.8567    -0.0002    0.98270    0.98248          1     0.5644     4.6792      97.79     0.3213     0.1778  1.000e-12  0.1823000     9.2318     9.2296    -0.0022     7.3062     7.3045     73.801     75.442      1.042    1438.58    1438.58  0.000e+00
      15187     75.000     4.8924     4.8931     0.0007    0.98785    0.98774          1     0.4184     4.6571      97.68     0.3123     0.1783  1.000e-12  0.1843000     9.2739     9.2726    -0.0013     7.3380     7.3370     74.296     75.947      0.976    1438.80    1438.80  0.000e+00
      15200     75.500     4.9187     4.9179    -0.0008    0.99148    0.99123          1     0.3185     4.6199      97.70     0.2975     0.2046  1.000e-12  0.1926000     9.3032     9.3009    -0.0023     7.3600     7.3583     74.791     76.453      0.784    1438.96    1438.96  0.000e+00
      15242     76.000     4.9543     4.9153    -0.0377    0.99587    0.98936          1     0.4420     4.4420      97.67     0.3055     0.2085  1.000e-12  0.1993000     9.3375     9.2825    -0.0550     7.3856     7.3437     75.286     76.958      0.535    1439.17    1438.93  0.000e+00
      15312     76.500     4.9117     4.8481    -0.0625    0.98941    0.97986          1     0.6608     4.1340      97.70     0.3093     0.2225  1.000e-12  0.1804000     9.2841     9.2051    -0.0789     7.3452     7.2855     75.781     77.464      1.122    1438.92    1438.54  0.000e+00
      15318     77.000     4.9892     5.0657     0.0737    1.00390    1.01532          1     0.5039     4.1332      97.70     0.3119     0.2218  1.000e-12  0.2010000     9.4084     9.5022     0.0938     7.4400     7.5107     76.277     77.969      1.281    1439.43    1439.88  0.000e+00
      15327     77.500     5.1804     5.1806     0.0006    1.03171    1.03147          1     0.3881     4.1238      97.73     0.3105     0.2299  1.000e-12  0.2161000     9.6345     9.6320    -0.0025     7.6099     7.6079     76.772     78.475      1.341    1440.56    1440.55  0.000e+00
      15336     78.000     5.2365     5.2359    -0.0006    1.03888    1.03863          1     0.2905     4.0972      85.13     0.3091     0.2303  1.000e-12  0.2164000     9.6905     9.6881    -0.0024     7.6513     7.6495     77.267     78.980      1.313    1440.88    1440.87  0.000e+00
      15345     78.500     5.2494     5.2497     0.0002    1.04078    1.04059          1     0.2133     4.0743      14.06     0.3353     0.2264  1.000e-12  0.2549000     9.7057     9.7038    -0.0019     7.6627     7.6612     77.762     79.486      1.185    1440.96    1440.96  0.000e+00
      15356     79.000     5.2847     5.2815    -0.0032    1.04727    1.04658          1     0.1590     4.0385      32.88     0.3464     0.1968  1.000e-12  0.2724000     9.7606     9.7546    -0.0061     7.7043     7.6997     78.257     79.991      0.925    1441.19    1441.17  0.000e+00
      15395     79.500     5.2285     5.2232    -0.0060    1.03728    1.03618          1     0.2454     3.8940      81.58     0.3153     0.2118  1.000e-12  0.2633000     9.6760     9.6664    -0.0096     7.6401     7.6328     78.753     80.496      0.429    1440.85    1440.82  0.000e+00
      15452     80.000     5.2169     5.1226    -0.0927    1.03477    1.02135          1     0.3345     3.6898      97.99     0.3096     0.2326  1.000e-12  0.2411000     9.6544     9.5464    -0.1081     7.6238     7.5430     79.248     81.002      0.559    1440.78    1440.23  0.000e+00
      15469     80.500     5.3267     5.3068    -0.0202    1.05282    1.04910          1     0.2361     3.6397      63.98     0.3148     0.2068  1.000e-12  0.2536000     9.8038     9.7723    -0.0315     7.7362     7.7124     79.743     81.507      0.737    1441.46    1441.33  0.000e+00
      15484     81.000     5.4369     5.4335    -0.0039    1.06848    1.06798          1     0.1728     3.5983      62.84     0.3223     0.2071  1.000e-12  0.2717000     9.9285     9.9246    -0.0040     7.8290     7.8261     80.238     82.013      0.805    1442.10    1442.08  0.000e+00
      15499     81.500     5.5010     5.4974    -0.0036    1.07880    1.07807          1     0.1357     3.5609      98.54     0.3150     0.2071  1.000e-12  0.3356000    10.0128    10.0066    -0.0062     7.8921     7.8873     80.733     82.518      0.834    1442.49    1442.47  0.000e+00
      15513     82.000     5.5534     5.5533    -0.0001    1.08663    1.08645          1     0.1220     3.5363      97.71     0.3099     0.2198  1.000e-12  0.3652000    10.0756    10.0738    -0.0018     7.9387     7.9373     81.229     83.023      0.830    1442.80    1442.80  0.000e+00
      15528     82.500     5.5588     5.5594     0.0006    1.08744    1.08736          1     0.1160     3.5009      97.71     0.3131     0.2189  1.000e-12  0.4305000    10.0819    10.0810    -0.0009     7.9434     7.9426     81.724     83.528      0.754    1442.84    1442.84  0.000e+00
      15546     83.000     5.5738     5.5741     0.0003    1.08998    1.08984          1     0.1149     3.4424      97.67     0.3103     0.2072  1.000e-12  0.4424000    10.1028    10.1013    -0.0015     7.9590     7.9579     82.219     84.034      0.517    1442.94    1442.94  0.000e+00
      15595     83.500     5.4944     5.5156     0.0208    1.07819    1.08109          1     0.1224     3.3117      84.33     0.3183     0.2520  1.000e-12  0.4094000    10.0083    10.0311     0.0227     7.8888     7.9056     82.714     84.539      0.325    1442.49    1442.61  0.000e+00
      15627     84.000     5.6115     5.6123     0.0009    1.09642    1.09634          1     0.1212     3.2338      98.15     0.3305     0.2911  1.000e-12  0.3875000    10.1556    10.1546    -0.0010     7.9986     7.9978     83.209     85.044      0.658    1443.19    1443.19  0.000e+00
