ctdpy/tests/etc/all_smhi_bas_2018/SBE09_1044_20180129_1434_34_02_0031.cnv
* Sea-Bird SBE 9 Data File:
* FileName = C:\ctd\temp\2018\ME18D031.hex
* Software Version Seasave V 7.26.6.26
* Temperature SN = 5351
* Conductivity SN = 3941
* Number of Bytes Per Scan = 41
* Number of Voltage Words = 4
* Number of Scans Averaged by the Deck Unit = 1
* NMEA Latitude = 58 26.52 N
* NMEA Longitude = 020 20.04 E
* NMEA UTC (Time) = Jan 29 2018  14:34:38
* NMEA baud rate = 4800
** Station:  BY21
** Operator:  SSip
** Ship: MERI
** Average sound velocity: 1439.03 m/s
** True-depth calculation Mon, 29 Jan 2018 16:10:53 +0000
** CTD Python Module SMHI /ver 3-12/ feb 2012 
** LIMS Job: 20183402-0031
** Cruise: SMHI-01-2018
** Latitude [GG MM.mm N] :
** Longitude [GG MM.mm E]:
# nquan = 26
# nvalues = 233                         
# units = specified
# name 0 = scan: Scan Count
# name 1 = prDM: Pressure, Digiquartz [db]
# name 2 = t090C: Temperature [ITS-90, deg C]
# name 3 = t190C: Temperature, 2 [ITS-90, deg C]
# name 4 = T2-T190C: Temperature Difference, 2 - 1 [ITS-90, deg C]
# name 5 = c0S/m: Conductivity [S/m]
# name 6 = c1S/m: Conductivity, 2 [S/m]
# name 7 = pumps: Pump Status
# name 8 = sbeox0ML/L: Oxygen, SBE 43 [ml/l]
# name 9 = sbeox1ML/L: Oxygen, SBE 43, 2 [ml/l]
# name 10 = altM: Altimeter [m]
# name 11 = flECO-AFL: Chl-a Fluorescence, WET Labs ECO-AFL/FL [mg/m^3]
# name 12 = flECO-AFL1: Phycocyanin Fluorescence, WET Labs ECO-AFL/FL, 2 [mg/m^3]
# name 13 = par: PAR/Irradiance, Biospherical/Lico [µE/(cm^2*s)]
# name 14 = turbWETntu0: Turbidity, WET Labs ECO [NTU]
# name 15 = sal00: Salinity, Practical [PSU]
# name 16 = sal11: Salinity, Practical, 2 [PSU]
# name 17 = secS-priS: Salinity, Practical, Difference, 2 - 1 [PSU]
# name 18 = sigma-t00: Density [sigma-t, Kg/m^3 ]
# name 19 = sigma-t11: Density, 2 [sigma-t, Kg/m^3 ]
# name 20 = depSM: Depth [salt water, m], lat = 58.442
# name 21 = depFM: Depth [true depth, m], lat = 58.442
# name 22 = dz/dtM: Descent Rate [m/s], WS = 2
# name 23 = svCM: Sound Velocity [Chen-Millero, m/s]
# name 24 = svCM1: Sound Velocity, 2 [Chen-Millero, m/s]
# name 25 = flag: flag
# span 0 =       7620,      12821       
# span 1 =      1.000,    117.000       
# span 2 =     4.6057,     6.3101       
# span 3 =     4.6062,     6.3103       
# span 4 =    -0.0429,     0.0333       
# span 5 =   0.788256,   1.256704       
# span 6 =   0.788268,   1.256658       
# span 7 =          1,          1       
# span 8 =    0.02895,    8.09456       
# span 9 =    0.04971,    8.06308       
# span 10 =       2.79,      98.80      
# span 11 =     0.2726,     0.3825      
# span 12 =     0.2687,     0.5451      
# span 13 = -2.903e-06, 1.8245e+01      
# span 14 =     0.1070,     0.9761      
# span 15 =     7.3460,    11.5226      
# span 16 =     7.3458,    11.5221      
# span 17 =    -0.0171,     0.0020      
# span 18 =     5.8185,     9.0311      
# span 19 =     5.8192,     9.0307      
# span 20 =      0.991,    115.879      
# span 21 =      1.013,    118.357      
# span 22 =     -0.228,      0.824      
# span 23 =    1433.97,    1448.41      
# span 24 =    1433.97,    1448.40      
# span 25 = 0.0000e+00, 0.0000e+00      
# interval = decibars: 0.5              
# start_time = Jan 29 2018 14:34:38 [NMEA time, first data scan]
# bad_flag = -9.990e-29
*END*
[from data line 56]
       8967     29.000     4.6064     4.6068     0.0004    0.78864    0.78861          1     8.0708     8.0152      95.53     0.3356     0.3145  1.000e-12  0.1199000     7.3472     7.3469    -0.0004     5.8232     5.8229     28.728     29.367      0.654    1434.35    1434.35  0.000e+00
       8985     29.500     4.6064     4.6068     0.0004    0.78865    0.78862          1     8.0698     8.0163      95.04     0.3258     0.3453  1.000e-12  0.1240000     7.3473     7.3469    -0.0004     5.8233     5.8229     29.223     29.873      0.683    1434.36    1434.36  0.000e+00
       9002     30.000     4.6065     4.6068     0.0003    0.78866    0.78863          1     8.0718     8.0166      94.57     0.3294     0.3327  1.000e-12  0.1254000     7.3473     7.3469    -0.0004     5.8233     5.8229     29.719     30.379      0.638    1434.37    1434.37  0.000e+00
       9023     30.500     4.6065     4.6069     0.0004    0.78867    0.78864          1     8.0691     8.0234      94.01     0.3335     0.3466  1.000e-12  0.1212000     7.3473     7.3469    -0.0004     5.8233     5.8230     30.214     30.886      0.540    1434.37    1434.38  0.000e+00
       9048     31.000     4.6064     4.6069     0.0005    0.78867    0.78864          1     8.0670     8.0250      93.40     0.3299     0.3072  1.000e-12  0.1232000     7.3473     7.3469    -0.0004     5.8233     5.8229     30.709     31.392      0.466    1434.38    1434.38  0.000e+00
       9074     31.500     4.6064     4.6068     0.0003    0.78867    0.78864          1     8.0709     8.0192      92.84     0.3325     0.2735  1.000e-12  0.1280000     7.3473     7.3468    -0.0004     5.8233     5.8229     31.205     31.898      0.504    1434.39    1434.39  0.000e+00
       9095     32.000     4.6068     4.6070     0.0003    0.78869    0.78865          1     8.0667     8.0111      92.34     0.3427     0.3172  1.000e-12  0.1258000     7.3472     7.3468    -0.0004     5.8232     5.8229     31.700     32.405      0.612    1434.40    1434.40  0.000e+00
       9113     32.500     4.6068     4.6072     0.0004    0.78870    0.78867          1     8.0631     8.0055      91.85     0.3510     0.3141  1.000e-12  0.1304000     7.3472     7.3469    -0.0004     5.8232     5.8229     32.195     32.911      0.697    1434.41    1434.41  0.000e+00
       9130     33.000     4.6068     4.6070     0.0002    0.78870    0.78867          1     8.0686     8.0092      91.38     0.3501     0.3260  1.000e-12  0.1255000     7.3473     7.3469    -0.0003     5.8233     5.8230     32.690     33.417      0.712    1434.42    1434.42  0.000e+00
       9147     33.500     4.6069     4.6071     0.0003    0.78871    0.78868          1     8.0697     8.0211      90.86     0.3486     0.3301  1.000e-12  0.1270000     7.3473     7.3469    -0.0003     5.8232     5.8230     33.186     33.923      0.654    1434.42    1434.42  0.000e+00
       9167     34.000     4.6067     4.6073     0.0006    0.78871    0.78869          1     8.0695     8.0279      90.27     0.3458     0.3284  1.000e-12  0.1300000     7.3473     7.3469    -0.0004     5.8232     5.8229     33.681     34.430      0.546    1434.43    1434.43  0.000e+00
       9192     34.500     4.6069     4.6077     0.0008    0.78873    0.78871          1     8.0760     8.0280      89.68     0.3607     0.3487  1.000e-12  0.1265000     7.3473     7.3469    -0.0003     5.8233     5.8230     34.176     34.936      0.456    1434.44    1434.44  0.000e+00
       9219     35.000     4.6068     4.6072     0.0005    0.78873    0.78871          1     8.0715     8.0271      89.18     0.3488     0.3750  1.000e-12  0.1392000     7.3473     7.3469    -0.0003     5.8233     5.8230     34.671     35.442      0.469    1434.45    1434.45  0.000e+00
       9243     35.500     4.6070     4.6074     0.0004    0.78874    0.78871          1     8.0698     8.0183      88.68     0.3491     0.3320  1.000e-12  0.1238000     7.3472     7.3469    -0.0004     5.8232     5.8229     35.167     35.949      0.560    1434.46    1434.46  0.000e+00
       9262     36.000     4.6070     4.6075     0.0004    0.78875    0.78872          1     8.0731     8.0226      88.20     0.3485     0.3227  1.000e-12  0.1183000     7.3473     7.3469    -0.0004     5.8232     5.8229     35.662     36.455      0.640    1434.46    1434.47  0.000e+00
       9280     36.500     4.6072     4.6075     0.0003    0.78876    0.78873          1     8.0750     8.0340      87.73     0.3478     0.3327  1.000e-12  0.1256000     7.3472     7.3469    -0.0003     5.8232     5.8230     36.157     36.961      0.666    1434.47    1434.47  0.000e+00
       9298     37.000     4.6071     4.6075     0.0004    0.78877    0.78874          1     8.0813     8.0125      87.19     0.3452     0.3616  1.000e-12  0.1365000     7.3473     7.3469    -0.0004     5.8233     5.8230     36.652     37.468      0.625    1434.48    1434.48  0.000e+00
       9319     37.500     4.6071     4.6076     0.0005    0.78877    0.78875          1     8.0837     8.0139      86.60     0.3419     0.3189  7.002e-08  0.1531000     7.3473     7.3470    -0.0003     5.8233     5.8230     37.148     37.974      0.537    1434.49    1434.49  0.000e+00
       9344     38.000     4.6070     4.6075     0.0005    0.78878    0.78875          1     8.0729     8.0230      85.97     0.3624     0.3383  6.263e-06  0.1309000     7.3473     7.3469    -0.0004     5.8233     5.8229     37.643     38.480      0.486    1434.50    1434.50  0.000e+00
       9368     38.500     4.6074     4.6076     0.0002    0.78879    0.78875          1     8.0695     8.0238      85.50     0.3585     0.3273 -1.683e-07  0.1351000     7.3473     7.3468    -0.0004     5.8232     5.8229     38.138     38.987      0.568    1434.51    1434.51  0.000e+00
       9387     39.000     4.6074     4.6077     0.0003    0.78880    0.78877          1     8.0739     8.0235      85.02     0.3204     0.3235  1.000e-12  0.1303000     7.3473     7.3470    -0.0003     5.8233     5.8230     38.634     39.493      0.657    1434.51    1434.51  0.000e+00
       9404     39.500     4.6072     4.6077     0.0005    0.78880    0.78878          1     8.0749     8.0150      84.53     0.3266     0.3325  1.000e-12  0.1262000     7.3473     7.3470    -0.0003     5.8233     5.8230     39.129     39.999      0.659    1434.52    1434.52  0.000e+00
       9423     40.000     4.6071     4.6076     0.0004    0.78880    0.78877          1     8.0743     8.0186      83.98     0.3473     0.3058  1.000e-12  0.1253000     7.3472     7.3469    -0.0004     5.8232     5.8229     39.624     40.506      0.556    1434.53    1434.53  0.000e+00
       9450     40.500     4.6069     4.6075     0.0006    0.78881    0.78878          1     8.0683     8.0108      83.36     0.3718     0.3490  1.000e-12  0.1317000     7.3473     7.3469    -0.0004     5.8233     5.8229     40.119     41.012      0.389    1434.53    1434.54  0.000e+00
       9484     41.000     4.6069     4.6075     0.0006    0.78882    0.78879          1     8.0659     8.0035      82.81     0.3534     0.3129  1.000e-12  0.1440000     7.3473     7.3469    -0.0004     5.8233     5.8230     40.615     41.518      0.446    1434.54    1434.54  0.000e+00
       9505     41.500     4.6072     4.6076     0.0004    0.78882    0.78879          1     8.0618     8.0033      82.41     0.3589     0.2841  1.000e-12  0.1412000     7.3472     7.3469    -0.0004     5.8232     5.8229     41.110     42.025      0.654    1434.55    1434.55  0.000e+00
       9522     42.000     4.6069     4.6076     0.0007    0.78882    0.78880          1     8.0644     8.0059      82.10     0.3611     0.3046  1.000e-12  0.1252000     7.3472     7.3469    -0.0003     5.8232     5.8230     41.605     42.531      0.756    1434.56    1434.56  0.000e+00
       9537     42.500     4.6067     4.6074     0.0007    0.78882    0.78880          1     8.0695     8.0101      96.50     0.3604     0.3198  1.000e-12  0.1227000     7.3472     7.3469    -0.0003     5.8232     5.8229     42.100     43.037      0.761    1434.57    1434.57  0.000e+00
       9553     43.000     4.6069     4.6074     0.0005    0.78884    0.78880          1     8.0721     8.0237      98.53     0.3637     0.3158  1.000e-12  0.1287000     7.3473     7.3468    -0.0004     5.8233     5.8229     42.596     43.544      0.697    1434.57    1434.58  0.000e+00
       9572     43.500     4.6070     4.6075     0.0004    0.78884    0.78882          1     8.0774     8.0267      98.50     0.3627     0.3463  1.000e-12  0.1487000     7.3472     7.3469    -0.0003     5.8232     5.8229     43.091     44.050      0.594    1434.58    1434.58  0.000e+00
       9594     44.000     4.6071     4.6076     0.0005    0.78885    0.78883          1     8.0774     8.0237      95.39     0.3611     0.3687  1.000e-12  0.2635000     7.3473     7.3469    -0.0004     5.8233     5.8229     43.586     44.556      0.498    1434.59    1434.59  0.000e+00
       9621     44.500     4.6071     4.6077     0.0006    0.78886    0.78884          1     8.0740     8.0247      78.96     0.3521     0.3244  1.000e-12  0.1372000     7.3473     7.3470    -0.0003     5.8232     5.8230     44.081     45.063      0.421    1434.60    1434.60  0.000e+00
       9650     45.000     4.6068     4.6074     0.0007    0.78886    0.78884          1     8.0743     8.0191      78.53     0.3420     0.3210  1.000e-12  0.1355000     7.3473     7.3469    -0.0004     5.8233     5.8230     44.577     45.569      0.434    1434.61    1434.61  0.000e+00
       9676     45.500     4.6068     4.6072     0.0004    0.78886    0.78883          1     8.0659     8.0103      78.08     0.3540     0.3638  1.000e-12  0.1248000     7.3472     7.3469    -0.0004     5.8232     5.8229     45.072     46.075      0.539    1434.61    1434.61  0.000e+00
       9696     46.000     4.6070     4.6072     0.0002    0.78888    0.78885          1     8.0603     8.0161      77.60     0.3402     0.3620  1.000e-12  0.1296000     7.3473     7.3469    -0.0004     5.8232     5.8230     45.567     46.581      0.634    1434.62    1434.62  0.000e+00
       9714     46.500     4.6085     4.6075    -0.0009    0.78893    0.78886          1     8.0628     8.0167      77.30     0.3410     0.3486  1.000e-12  0.1326000     7.3474     7.3469    -0.0005     5.8233     5.8229     46.062     47.088      0.684    1434.64    1434.63  0.000e+00
       9731     47.000     4.6116     4.6117     0.0001    0.78903    0.78899          1     8.0670     8.0208      76.79     0.3407     0.3297  1.000e-12  0.1319000     7.3476     7.3472    -0.0004     5.8234     5.8231     46.557     47.594      0.699    1434.66    1434.66  0.000e+00
       9748     47.500     4.6096     4.6109     0.0013    0.78898    0.78897          1     8.0711     8.0213      76.33     0.3400     0.3206  1.000e-12  0.1178000     7.3474     7.3471    -0.0003     5.8233     5.8230     47.053     48.100      0.688    1434.66    1434.66  0.000e+00
       9766     48.000     4.6106     4.6114     0.0008    0.78901    0.78900          1     8.0703     8.0259      75.61     0.3335     0.3507  1.000e-12  0.1131000     7.3475     7.3472    -0.0003     5.8233     5.8230     47.548     48.607      0.649    1434.67    1434.67  0.000e+00
       9785     48.500     4.6105     4.6115     0.0009    0.78902    0.78901          1     8.0648     8.0269      74.87     0.3418     0.3260  1.000e-12  0.1275000     7.3475     7.3472    -0.0003     5.8233     5.8231     48.043     49.113      0.549    1434.68    1434.68  0.000e+00
       9812     49.000     4.6113     4.6120     0.0008    0.78905    0.78903          1     8.0641     8.0171      74.03     0.3571     0.3261  1.000e-12  0.1391000     7.3476     7.3473    -0.0003     5.8234     5.8231     48.538     49.619      0.379    1434.69    1434.69  0.000e+00
       9848     49.500     4.6116     4.6121     0.0005    0.78907    0.78904          1     8.0523     8.0096      73.37     0.3439     0.3596  1.000e-12  0.1194000     7.3477     7.3473    -0.0004     5.8234     5.8231     49.034     50.126      0.382    1434.70    1434.70  0.000e+00
       9874     50.000     4.6118     4.6124     0.0006    0.78907    0.78904          1     8.0462     7.9983      72.74     0.3825     0.3283  1.000e-12  0.1306000     7.3476     7.3472    -0.0004     5.8234     5.8230     49.529     50.632      0.580    1434.71    1434.71  0.000e+00
       9892     50.500     4.6112     4.6113     0.0001    0.78906    0.78902          1     8.0507     8.0069      72.40     0.3479     0.3201  1.000e-12  0.1258000     7.3475     7.3471    -0.0004     5.8233     5.8230     50.024     51.138      0.716    1434.71    1434.71  0.000e+00
       9907     51.000     4.6105     4.6109     0.0004    0.78905    0.78902          1     8.0580     8.0199      71.99     0.3312     0.3139  1.000e-12  0.1259000     7.3475     7.3471    -0.0004     5.8233     5.8230     50.519     51.645      0.776    1434.72    1434.72  0.000e+00
       9923     51.500     4.6103     4.6107     0.0004    0.78904    0.78902          1     8.0654     8.0211      71.72     0.3192     0.3162  1.000e-12  0.1308000     7.3474     7.3472    -0.0002     5.8232     5.8230     51.015     52.151      0.762    1434.72    1434.73  0.000e+00
       9939     52.000     4.6101     4.6105     0.0005    0.78905    0.78901          1     8.0705     8.0210      71.19     0.3311     0.3180  1.000e-12  0.1244000     7.3475     7.3471    -0.0005     5.8233     5.8230     51.510     52.657      0.665    1434.73    1434.73  0.000e+00
       9960     52.500     4.6102     4.6106     0.0004    0.78905    0.78902          1     8.0672     8.0127      71.61     0.3466     0.3267  1.000e-12  0.1216000     7.3474     7.3470    -0.0004     5.8233     5.8229     52.005     53.164      0.506    1434.74    1434.74  0.000e+00
       9988     53.000     4.6095     4.6101     0.0006    0.78904    0.78902          1     8.0670     8.0044      83.06     0.3471     0.3339  1.000e-12  0.1276000     7.3474     7.3470    -0.0004     5.8233     5.8230     52.500     53.670      0.445    1434.74    1434.75  0.000e+00
      10013     53.500     4.6092     4.6106     0.0015    0.78904    0.78904          1     8.0708     8.0141      69.65     0.3603     0.3167  7.467e-06  0.1246000     7.3474     7.3471    -0.0003     5.8233     5.8230     52.995     54.176      0.524    1434.75    1434.76  0.000e+00
      10034     54.000     4.6100     4.6105     0.0005    0.78907    0.78904          1     8.0690     8.0150      69.36     0.3463     0.3169 -3.053e-08  0.1235000     7.3474     7.3470    -0.0004     5.8233     5.8229     53.491     54.683      0.561    1434.76    1434.76  0.000e+00
      10056     54.500     4.6098     4.6102     0.0004    0.78907    0.78904          1     8.0680     8.0185      68.78     0.3293     0.3316  5.822e-11  0.1185000     7.3474     7.3470    -0.0004     5.8232     5.8229     53.986     55.189      0.513    1434.77    1434.77  0.000e+00
      10081     55.000     4.6098     4.6105     0.0006    0.78908    0.78906          1     8.0614     8.0050      68.21     0.3406     0.3004  1.000e-12  0.1244000     7.3475     7.3471    -0.0003     5.8233     5.8230     54.481     55.695      0.461    1434.78    1434.78  0.000e+00
      10107     55.500     4.6108     4.6114     0.0006    0.78912    0.78909          1     8.0567     7.9979      67.72     0.3763     0.3223  1.000e-12  0.1175000     7.3475     7.3471    -0.0004     5.8233     5.8230     54.976     56.202      0.532    1434.79    1434.79  0.000e+00
      10127     56.000     4.6114     4.6119     0.0005    0.78913    0.78911          1     8.0508     7.9989      67.30     0.3296     0.3313  1.000e-12  0.1296000     7.3475     7.3472    -0.0003     5.8232     5.8230     55.472     56.708      0.659    1434.80    1434.80  0.000e+00
