ctdpy/tests/etc/all_smhi_bas_2018/SBE09_0827_20181007_1524_26_01_1037.cnv
* Sea-Bird SBE 9 Data File:
* FileName = D:\CTD_SBE911\DAT\26DA.2018.10.37.hex
* Software Version Seasave V 7.21d
* Temperature SN = 4548
* Conductivity SN = 3062
* Number of Bytes Per Scan = 48
* Number of Voltage Words = 5
* Number of Scans Averaged by the Deck Unit = 1
* NMEA Latitude = 58 16.44 N
* NMEA Longitude = 018 30.83 E
* NMEA UTC (Time) = Oct 07 2018  15:26:47
* NMEA baud rate = 4800
** Ship: DANA
** Average sound velocity: 1442.73 m/s
** True-depth calculation Thu, 28 Mar 2019 12:20:44 +0000
** CTD Python Module SMHI /ver 3-12/ feb 2012 
** LIMS Job: 20182601-1037
**  20 W Gotska Sandön
** Operator: Christian
** Cruise: 10/2018
# nquan = 26
# nvalues = 157                         
# units = specified
# name 0 = scan: Scan Count
# name 1 = prDM: Pressure, Digiquartz [db]
# name 2 = t090C: Temperature [ITS-90, deg C]
# name 3 = t190C: Temperature, 2 [ITS-90, deg C]
# name 4 = T2-T190C: Temperature Difference, 2 - 1 [ITS-90, deg C]
# name 5 = c0S/m: Conductivity [S/m]
# name 6 = c1S/m: Conductivity, 2 [S/m]
# name 7 = pumps: Pump Status
# name 8 = sbeox1ML/L: Oxygen, SBE 43, 2 [ml/l]
# name 9 = sbeox0ML/L: Oxygen, SBE 43 [ml/l]
# name 10 = altM: Altimeter [m]
# name 11 = chloroflTC0: Chlorophyll, Turner Cyclops [ug/l]
# name 12 = cpar: CPAR/Corrected Irradiance [%]
# name 13 = par: PAR/Irradiance, Biospherical/Lico [µE/(cm^2*s)]
# name 14 = spar: SPAR, Biospherical/Licor
# name 15 = sal00: Salinity, Practical [PSU]
# name 16 = sal11: Salinity, Practical, 2 [PSU]
# name 17 = secS-priS: Salinity, Practical, Difference, 2 - 1 [PSU]
# name 18 = sigma-t00: Density [sigma-t, kg/m^3 ]
# name 19 = sigma-t11: Density, 2 [sigma-t, kg/m^3 ]
# name 20 = depSM: Depth [salt water, m], lat = 58.274
# name 21 = depFM: Depth [true depth, m], lat = 58.274
# name 22 = dz/dtM: Descent Rate [m/s], WS = 2
# name 23 = svCM: Sound Velocity [Chen-Millero, m/s]
# name 24 = svCM1: Sound Velocity, 2 [Chen-Millero, m/s]
# name 25 = flag: flag
# span 0 =        179,       8970       
# span 1 =      1.000,     79.000       
# span 2 =     3.6100,    10.5209       
# span 3 =     3.6168,    10.5210       
# span 4 =    -0.1716,     0.0995       
# span 5 =   0.767415,   1.149409       
# span 6 =   0.767857,   1.145405       
# span 7 =          1,          1       
# span 8 =     0.0524,     7.7639       
# span 9 =     0.0533,     7.3099       
# span 10 =       1.16,      10.00      
# span 11 =     0.0158,     0.0341      
# span 12 = -1.493e-06, 4.6641e+00      
# span 13 = -5.169e-06, 1.5513e+01      
# span 14 = 3.2788e+02, 3.9283e+02      
# span 15 =     6.9513,    10.6263      
# span 16 =     6.9513,    10.5922      
# span 17 =    -0.1962,     0.0202      
# span 18 =     5.0737,     8.3584      
# span 19 =     5.0737,     8.3327      
# span 20 =      0.991,     78.251      
# span 21 =      1.013,     79.953      
# span 22 =     -0.090,      0.465      
# span 23 =    1430.08,    1458.09      
# span 24 =    1430.10,    1458.09      
# span 25 = 0.0000e+00, 0.0000e+00      
# interval = decibars: 0.5              
# start_time = Oct 07 2018 15:26:48 [NMEA time, first data scan]
# bad_flag = -9.990e-29
*END*
[from data line 112]
       5463     57.000     4.9802     4.9263    -0.0543    1.00426    0.99526          1     1.0094     1.1492       9.96     0.0167  2.650e-13  1.000e-12  3.776e+02     9.4182     9.3423    -0.0759     7.4482     7.3906     56.463     57.723      0.240    1439.08    1438.75  0.000e+00
       5517     57.500     5.0305     4.9739    -0.0565    1.01299    1.00330          1     0.8785     1.0269       9.96     0.0166  2.562e-13  1.000e-12  3.903e+02     9.4920     9.4101    -0.0819     7.5043     7.4422     56.958     58.229      0.360    1439.40    1439.05  0.000e+00
       5548     58.000     5.0868     5.0319    -0.0548    1.02243    1.01291          1     0.7756     0.9349       9.96     0.0165  2.622e-13  1.000e-12  3.815e+02     9.5712     9.4907    -0.0805     7.5643     7.5032     57.453     58.734      0.314    1439.76    1439.42  0.000e+00
       5629     58.500     5.1148     5.0832    -0.0316    1.02727    1.02161          1     0.7055     0.7581       9.96     0.0166  2.764e-13  1.000e-12  3.618e+02     9.6119     9.5638    -0.0480     7.5951     7.5587     57.948     59.240      0.282    1439.94    1439.74  0.000e+00
       5666     59.000     5.1418     5.1123    -0.0294    1.03213    1.02720          1     0.6466     0.7029       9.96     0.0162  2.774e-13  1.000e-12  3.605e+02     9.6530     9.6118    -0.0412     7.6264     7.5952     58.444     59.745      0.424    1440.12    1439.94  0.000e+00
       5697     59.500     5.1895     5.1572    -0.0323    1.03927    1.03377          1     0.5681     0.6409       9.96     0.0163  2.797e-13  1.000e-12  3.575e+02     9.7111     9.6650    -0.0461     7.6700     7.6351     58.939     60.251      0.285    1440.41    1440.21  0.000e+00
       5765     60.000     5.2008     5.1798    -0.0210    1.04107    1.03770          1     0.5191     0.5380       9.96     0.0163  2.596e-13  1.000e-12  3.853e+02     9.7258     9.6980    -0.0279     7.6810     7.6600     59.434     60.756      0.306    1440.48    1440.36  0.000e+00
       5794     60.500     5.2349     5.1960    -0.0389    1.04687    1.04038          1     0.4601     0.5132       9.96     0.0169  2.546e-13  1.000e-12  3.928e+02     9.7743     9.7202    -0.0541     7.7176     7.6768     59.929     61.261      0.419    1440.70    1440.46  0.000e+00
       5828     61.000     5.2826     5.2485    -0.0340    1.05489    1.04884          1     0.3656     0.4601       9.96     0.0158  2.594e-13  1.000e-12  3.856e+02     9.8409     9.7900    -0.0509     7.7678     7.7293     60.424     61.767      0.253    1441.00    1440.79  0.000e+00
       5912     61.500     5.3702     5.3121    -0.0581    1.07024    1.05976          1     0.1909     0.3397       9.96     0.0163  2.764e-13  1.000e-12  3.619e+02     9.9693     9.8811    -0.0882     7.8647     7.7981     60.920     62.272      0.252    1441.55    1441.19  0.000e+00
       5955     62.000     5.4074     5.3457    -0.0617    1.07658    1.06705          1     0.1496     0.2293       9.96     0.0163  2.850e-13  1.000e-12  3.509e+02    10.0218     9.9444    -0.0774     7.9042     7.8463     61.415     62.777      0.263    1441.79    1441.42  0.000e+00
       5999     62.500     5.4264     5.3832    -0.0433    1.07987    1.07290          1     0.1536     0.1847       9.96     0.0161  2.781e-13  1.000e-12  3.596e+02    10.0491     9.9920    -0.0571     7.9247     7.8819     61.910     63.283      0.304    1441.91    1441.65  0.000e+00
       6037     63.000     5.4363     5.4114    -0.0249    1.08165    1.07795          1     0.1416     0.1531       9.96     0.0165  2.730e-13  1.000e-12  3.664e+02    10.0640    10.0342    -0.0298     7.9359     7.9137     62.405     63.788      0.302    1441.98    1441.84  0.000e+00
       6081     63.500     5.4385     5.4203    -0.0182    1.08193    1.07956          1     0.1335     0.1323       9.96     0.0161  2.638e-13  1.000e-12  3.791e+02    10.0660    10.0476    -0.0184     7.9374     7.9239     62.900     64.293      0.267    1442.00    1441.90  0.000e+00
       6122     64.000     5.4494     5.4315    -0.0178    1.08392    1.08113          1     0.1312     0.1200       9.96     0.0164  2.616e-13  1.000e-12  3.823e+02    10.0826    10.0600    -0.0226     7.9499     7.9330     63.396     64.798      0.300    1442.08    1441.97  0.000e+00
       6167     64.500     5.4732     5.4473    -0.0259    1.08818    1.08408          1     0.1303     0.1129       9.96     0.0165  2.677e-13  1.000e-12  3.736e+02    10.1182    10.0848    -0.0333     7.9767     7.9518     63.891     65.304      0.231    1442.23    1442.08  0.000e+00
       6223     65.000     5.4914     5.4632    -0.0283    1.09145    1.08666          1     0.1221     0.1043       9.96     0.0167  2.792e-13  1.000e-12  3.581e+02    10.1454    10.1057    -0.0396     7.9972     7.9674     64.386     65.809      0.235    1442.35    1442.18  0.000e+00
       6265     65.500     5.4931     5.4727    -0.0204    1.09173    1.08845          1     0.1208     0.0979       9.96     0.0168  2.836e-13  1.000e-12  3.526e+02    10.1476    10.1208    -0.0267     7.9988     7.9788     64.881     66.314      0.327    1442.37    1442.25  0.000e+00
       6303     66.000     5.4942     5.4874    -0.0068    1.09191    1.09089          1     0.1183     0.0965       9.96     0.0169  2.833e-13  1.000e-12  3.530e+02    10.1489    10.1408    -0.0081     7.9998     7.9938     65.376     66.819      0.269    1442.39    1442.35  0.000e+00
       6356     66.500     5.4957     5.4902    -0.0056    1.09222    1.09144          1     0.1151     0.0931       9.96     0.0169  2.697e-13  1.000e-12  3.708e+02    10.1515    10.1453    -0.0062     8.0018     7.9972     65.872     67.325      0.284    1442.40    1442.37  0.000e+00
       6387     67.000     5.5007     5.4936    -0.0071    1.09323    1.09198          1     0.1170     0.0941       9.96     0.0174  2.612e-13  1.000e-12  3.829e+02    10.1601    10.1497    -0.0104     8.0083     8.0004     66.367     67.830      0.452    1442.44    1442.40  0.000e+00
       6414     67.500     5.5037     5.4990    -0.0047    1.09374    1.09286          1     0.1083     0.0904       9.96     0.0171  2.627e-13  1.000e-12  3.808e+02    10.1642    10.1568    -0.0074     8.0114     8.0058     66.862     68.335      0.349    1442.47    1442.44  0.000e+00
       6487     68.000     5.5046     5.5015    -0.0031    1.09391    1.09341          1     0.1071     0.0870       9.96     0.0171  2.690e-13  1.000e-12  3.717e+02    10.1656    10.1614    -0.0041     8.0124     8.0093     67.357     68.840      0.272    1442.48    1442.47  0.000e+00
       6524     68.500     5.5078     5.5043    -0.0035    1.09444    1.09392          1     0.1098     0.0866       9.96     0.0170  2.735e-13  1.000e-12  3.656e+02    10.1698    10.1656    -0.0042     8.0156     8.0125     67.852     69.345      0.400    1442.51    1442.49  0.000e+00
       6556     69.000     5.5121     5.5088    -0.0033    1.09516    1.09461          1     0.1017     0.0860       9.96     0.0170  2.826e-13  1.000e-12  3.538e+02    10.1757    10.1711    -0.0046     8.0200     8.0165     68.348     69.851      0.283    1442.54    1442.52  0.000e+00
       6629     69.500     5.5135     5.5112    -0.0024    1.09547    1.09502          1     0.0984     0.0825       9.96     0.0170  2.768e-13  1.000e-12  3.614e+02    10.1782    10.1744    -0.0038     8.0219     8.0190     68.843     70.356      0.321    1442.56    1442.55  0.000e+00
       6657     70.000     5.5179     5.5162    -0.0017    1.09635    1.09597          1     0.0945     0.0806       9.96     0.0169  2.689e-13  1.000e-12  3.719e+02    10.1856    10.1823    -0.0033     8.0275     8.0250     69.338     70.861      0.465    1442.60    1442.59  0.000e+00
       6686     70.500     5.5238     5.5180    -0.0058    1.09741    1.09641          1     0.0984     0.0796       9.67     0.0169  2.697e-13  1.000e-12  3.708e+02    10.1943    10.1861    -0.0083     8.0341     8.0279     69.833     71.366      0.322    1442.64    1442.61  0.000e+00
       6752     71.000     5.5382     5.5263    -0.0118    1.10007    1.09772          1     0.0920     0.0793       9.16     0.0167  2.656e-13  1.000e-12  3.765e+02    10.2166    10.1967    -0.0199     8.0508     8.0358     70.328     71.871      0.230    1442.74    1442.67  0.000e+00
       6796     71.500     5.5558     5.5453    -0.0105    1.10309    1.10136          1     0.0936     0.0764       8.66     0.0170  2.710e-13  1.000e-12  3.691e+02    10.2414    10.2272    -0.0142     8.0694     8.0588     70.824     72.377      0.314    1442.86    1442.79  0.000e+00
       6840     72.000     5.5646     5.5516    -0.0129    1.10441    1.10242          1     0.0935     0.0773       8.13     0.0171  2.825e-13  1.000e-12  3.540e+02    10.2519    10.2359    -0.0160     8.0772     8.0653     71.319     72.882      0.221    1442.92    1442.84  0.000e+00
       6914     72.500     5.5724     5.5667    -0.0057    1.10591    1.10478          1     0.0845     0.0743       7.65     0.0171  2.883e-13  1.000e-12  3.469e+02    10.2645    10.2549    -0.0096     8.0867     8.0794     71.814     73.387      0.308    1442.97    1442.94  0.000e+00
       6943     73.000     5.5832     5.5822    -0.0010    1.10795    1.10765          1     0.0883     0.0733       7.16     0.0169  2.778e-13  1.000e-12  3.600e+02    10.2815    10.2788    -0.0027     8.0995     8.0974     72.309     73.892      0.409    1443.05    1443.04  0.000e+00
       6976     73.500     5.6167     5.5902    -0.0265    1.11305    1.10904          1     0.0886     0.0754       6.59     0.0168  2.766e-13  1.000e-12  3.616e+02    10.3222    10.2902    -0.0319     8.1297     8.1060     72.804     74.397      0.288    1443.25    1443.10  0.000e+00
       7039     74.000     5.6603     5.6236    -0.0366    1.12154    1.11477          1     0.0852     0.0730       6.08     0.0170  2.658e-13  1.000e-12  3.763e+02    10.3938    10.3373    -0.0565     8.1836     8.1412     73.299     74.903      0.287    1443.54    1443.31  0.000e+00
       7073     74.500     5.6826     5.6780    -0.0046    1.12617    1.12507          1     0.0800     0.0725       5.61     0.0171  2.634e-13  1.000e-12  3.796e+02    10.4331    10.4235    -0.0096     8.2134     8.2061     73.795     75.408      0.387    1443.69    1443.66  0.000e+00
       7108     75.000     5.7135     5.7129    -0.0008    1.13194    1.13161          1     0.0840     0.0735       5.03     0.0170  2.702e-13  1.000e-12  3.701e+02    10.4812    10.4780    -0.0032     8.2494     8.2470     74.290     75.913      0.240    1443.89    1443.88  0.000e+00
       7183     75.500     5.7232     5.7017    -0.0215    1.13381    1.12993          1     0.0815     0.0706       4.51     0.0170  2.740e-13  1.000e-12  3.649e+02    10.4968    10.4646    -0.0322     8.2612     8.2370     74.785     76.418      0.282    1443.96    1443.83  0.000e+00
       7218     76.000     5.7372     5.7340    -0.0032    1.13633    1.13583          1     0.0794     0.0693       3.98     0.0171  2.760e-13  1.000e-12  3.623e+02    10.5175    10.5134    -0.0041     8.2767     8.2737     75.280     76.923      0.279    1444.05    1444.04  0.000e+00
       7274     76.500     5.7404     5.7291    -0.0112    1.13691    1.13488          1     0.0784     0.0669       3.46     0.0170  2.745e-13  1.000e-12  3.644e+02    10.5221    10.5054    -0.0168     8.2802     8.2676     75.775     77.428      0.245    1444.08    1444.01  0.000e+00
       7316     77.000     5.7450     5.7440    -0.0010    1.13767    1.13741          1     0.0775     0.0673       2.98     0.0170  2.732e-13  1.000e-12  3.660e+02    10.5283    10.5260    -0.0023     8.2847     8.2830     76.271     77.933      0.328    1444.12    1444.11  0.000e+00
       7360     77.500     5.7539     5.7492    -0.0048    1.13909    1.13844          1     0.0782     0.0668       2.42     0.0170  2.741e-13  1.000e-12  3.649e+02    10.5396    10.5345    -0.0051     8.2931     8.2894     76.766     78.438      0.219    1444.18    1444.15  0.000e+00
       7418     78.000     5.7571     5.7541    -0.0030    1.13993    1.13936          1     0.0770     0.0688       1.96     0.0171  2.783e-13  1.000e-12  3.593e+02    10.5469    10.5421    -0.0048     8.2987     8.2951     77.261     78.943      0.250    1444.21    1444.19  0.000e+00
       7541     78.500     5.7699     5.7681    -0.0017    1.14214    1.14182          1     0.0719     0.0645       1.45     0.0170  2.851e-13  1.000e-12  3.507e+02    10.5649    10.5622    -0.0027     8.3121     8.3101     77.756     79.448      0.231    1444.29    1444.28  0.000e+00
       8970     79.000     5.8053     5.7864    -0.0189    1.14941    1.14541          1     0.0524     0.0533       1.16     0.0171  2.858e-13  1.000e-12  3.499e+02    10.6263    10.5922    -0.0341     8.3584     8.3327     78.251     79.953     -0.090    1444.53    1444.41  0.000e+00
