ctdpy/tests/etc/all_smhi_bas_2018/SBE09_1044_20180315_1740_34_02_0059.cnv
* Sea-Bird SBE 9 Data File:
* FileName = C:\ctd\temp\2018\ME18D059.hex
* Software Version Seasave V 7.26.6.26
* Temperature SN = 5351
* Conductivity SN = 3941
* Number of Bytes Per Scan = 41
* Number of Voltage Words = 4
* Number of Scans Averaged by the Deck Unit = 1
* NMEA Latitude = 55 37.08 N
* NMEA Longitude = 014 52.00 E
* NMEA UTC (Time) = Mar 15 2018  17:40:51
* NMEA baud rate = 4800
** Station:  Hanöbukten
** Operator:  obac
** Ship: MERI
** Average sound velocity: 1430.52 m/s
** True-depth calculation Thu, 15 Mar 2018 18:31:21 +0000
** CTD Python Module SMHI /ver 3-12/ feb 2012 
** LIMS Job: 20183402-0059
** Cruise: SMHI-02-2018
** Latitude [GG MM.mm N] :
** Longitude [GG MM.mm E]:
# nquan = 26
# nvalues = 149                         
# units = specified
# name 0 = scan: Scan Count
# name 1 = prDM: Pressure, Digiquartz [db]
# name 2 = t090C: Temperature [ITS-90, deg C]
# name 3 = t190C: Temperature, 2 [ITS-90, deg C]
# name 4 = T2-T190C: Temperature Difference, 2 - 1 [ITS-90, deg C]
# name 5 = c0S/m: Conductivity [S/m]
# name 6 = c1S/m: Conductivity, 2 [S/m]
# name 7 = pumps: Pump Status
# name 8 = sbeox0ML/L: Oxygen, SBE 43 [ml/l]
# name 9 = sbeox1ML/L: Oxygen, SBE 43, 2 [ml/l]
# name 10 = altM: Altimeter [m]
# name 11 = flECO-AFL: Chl-a Fluorescence, WET Labs ECO-AFL/FL [mg/m^3]
# name 12 = flECO-AFL1: Phycocyanin Fluorescence, WET Labs ECO-AFL/FL, 2 [mg/m^3]
# name 13 = par: PAR/Irradiance, Biospherical/Lico [µE/(cm^2*s)]
# name 14 = turbWETntu0: Turbidity, WET Labs ECO [NTU]
# name 15 = sal00: Salinity, Practical [PSU]
# name 16 = sal11: Salinity, Practical, 2 [PSU]
# name 17 = secS-priS: Salinity, Practical, Difference, 2 - 1 [PSU]
# name 18 = sigma-t00: Density [sigma-t, Kg/m^3 ]
# name 19 = sigma-t11: Density, 2 [sigma-t, Kg/m^3 ]
# name 20 = depSM: Depth [salt water, m], lat = 55.618
# name 21 = depFM: Depth [true depth, m], lat = 55.618
# name 22 = dz/dtM: Descent Rate [m/s], WS = 2
# name 23 = svCM: Sound Velocity [Chen-Millero, m/s]
# name 24 = svCM1: Sound Velocity, 2 [Chen-Millero, m/s]
# name 25 = flag: flag
# span 0 =      12965,      18255       
# span 1 =      1.000,     75.000       
# span 2 =     2.2892,     8.0203       
# span 3 =     2.2896,     8.0213       
# span 4 =    -0.1111,     0.0285       
# span 5 =   0.741505,   1.748324       
# span 6 =   0.741487,   1.745593       
# span 7 =          1,          1       
# span 8 =    0.19667,    8.87964       
# span 9 =    0.21430,    8.67824       
# span 10 =       0.39,     103.02      
# span 11 =     0.3034,     0.9817      
# span 12 =     0.2674,     0.5529      
# span 13 = -1.430e-04, 6.9905e-01      
# span 14 =     0.1555,     1.8372      
# span 15 =     7.3906,    15.8353      
# span 16 =     7.3903,    15.7988      
# span 17 =    -0.0551,     0.0095      
# span 18 =     5.8948,    12.2935      
# span 19 =     5.8945,    12.2627      
# span 20 =      0.991,     74.307      
# span 21 =      1.013,     75.871      
# span 22 =     -0.592,      1.169      
# span 23 =    1423.44,    1459.28      
# span 24 =    1423.44,    1459.29      
# span 25 = 0.0000e+00, 0.0000e+00      
# interval = decibars: 0.5              
# start_time = Mar 15 2018 17:40:51 [NMEA time, first data scan]
# bad_flag = -9.990e-29
*END*
      12965      1.000     2.3357     2.3433     0.0077    0.74264    0.74277          1     8.8578     8.6549       0.39     0.9074     0.3667  4.986e-01  0.1959000     7.3925     7.3921    -0.0004     5.8963     5.8960      0.991      1.013      0.103    1423.62    1423.65  0.000e+00
      12987      1.500     2.3090     2.3174     0.0084    0.74197    0.74211          1     8.8521     8.6573       3.01     0.9074     0.4156  6.990e-01  0.1851000     7.3914     7.3910    -0.0004     5.8954     5.8951      1.486      1.519      0.440    1423.50    1423.54  0.000e+00
      13075      2.000     2.3382     2.3272    -0.0110    0.74264    0.74234          1     8.8752     8.6700      78.25     0.9166     0.4181  2.332e-01  1.8372000     7.3918     7.3911    -0.0006     5.8957     5.8952      1.982      2.025      0.352    1423.64    1423.59  0.000e+00
      13410      2.500     2.3110     2.3124     0.0015    0.74197    0.74197          1     8.8784     8.6754      26.98     0.9102     0.4228  4.351e-02  0.2871000     7.3908     7.3906    -0.0003     5.8949     5.8947      2.477      2.531      0.223    1423.52    1423.53  0.000e+00
      13791      3.000     2.2961     2.2970     0.0008    0.74164    0.74163          1     8.8746     8.6718       1.87     0.8941     0.4079  3.200e-02  0.1895000     7.3908     7.3905    -0.0003     5.8949     5.8946      2.973      3.038      0.498    1423.46    1423.46  0.000e+00
      13789      3.500     2.2900     2.2904     0.0003    0.74151    0.74149          1     8.8752     8.6631       4.57     0.8938     0.3996  1.833e-02  0.1924000     7.3907     7.3904    -0.0003     5.8948     5.8945      3.468      3.544      0.657    1423.44    1423.44  0.000e+00
      13810      4.000     2.2897     2.2904     0.0006    0.74150    0.74149          1     8.8766     8.6622      26.66     0.8825     0.4005  1.256e-02  0.2037000     7.3906     7.3904    -0.0003     5.8948     5.8946      3.964      4.050      0.471    1423.45    1423.45  0.000e+00
      13857      4.500     2.2903     2.2910     0.0007    0.74153    0.74152          1     8.8786     8.6782     103.02     0.9038     0.3920  4.204e-03  0.1978000     7.3907     7.3904    -0.0003     5.8948     5.8946      4.459      4.557      0.244    1423.46    1423.46  0.000e+00
      13909      5.000     2.2902     2.2906     0.0004    0.74154    0.74152          1     8.8796     8.6684      98.71     0.9201     0.3939 -1.430e-04  0.1845000     7.3908     7.3905    -0.0004     5.8949     5.8946      4.955      5.063      0.500    1423.47    1423.47  0.000e+00
      13929      5.500     2.2898     2.2906     0.0007    0.74153    0.74153          1     8.8752     8.6637      98.71     0.9196     0.3481  2.509e-11  0.2087000     7.3907     7.3905    -0.0002     5.8948     5.8946      5.450      5.569      0.565    1423.47    1423.47  0.000e+00
      13951      6.000     2.2896     2.2905     0.0009    0.74153    0.74153          1     8.8734     8.6703      98.71     0.9350     0.4112  1.000e-12  0.2051000     7.3907     7.3904    -0.0003     5.8948     5.8946      5.946      6.075      0.521    1423.48    1423.48  0.000e+00
      13976      6.500     2.2893     2.2902     0.0008    0.74153    0.74152          1     8.8696     8.6750      98.71     0.9510     0.4530  1.000e-12  0.2029000     7.3907     7.3903    -0.0003     5.8948     5.8945      6.441      6.582      0.400    1423.49    1423.49  0.000e+00
      14025      7.000     2.2895     2.2900     0.0005    0.74155    0.74152          1     8.8674     8.6703      98.71     0.9420     0.4000  1.000e-12  0.1979000     7.3907     7.3903    -0.0004     5.8948     5.8945      6.936      7.088      0.272    1423.49    1423.50  0.000e+00
      14061      7.500     2.2897     2.2903     0.0006    0.74157    0.74154          1     8.8564     8.6630      98.71     0.9087     0.3908  1.000e-12  0.1928000     7.3908     7.3904    -0.0004     5.8949     5.8946      7.432      7.594      0.580    1423.50    1423.51  0.000e+00
      14077      8.000     2.2899     2.2906     0.0007    0.74158    0.74156          1     8.8597     8.6631      98.71     0.9140     0.3993  1.000e-12  0.1991000     7.3908     7.3905    -0.0004     5.8949     5.8946      7.927      8.101      0.737    1423.51    1423.51  0.000e+00
      14092      8.500     2.2901     2.2907     0.0006    0.74160    0.74157          1     8.8671     8.6673      98.71     0.9196     0.4097  1.000e-12  0.2037000     7.3909     7.3905    -0.0004     5.8950     5.8946      8.423      8.607      0.721    1423.52    1423.52  0.000e+00
      14111      9.000     2.2895     2.2900     0.0006    0.74159    0.74157          1     8.8750     8.6710      98.71     0.9196     0.4469  1.000e-12  0.1870000     7.3909     7.3906    -0.0003     5.8950     5.8947      8.918      9.113      0.520    1423.52    1423.53  0.000e+00
      14154      9.500     2.2895     2.2902     0.0007    0.74160    0.74157          1     8.8716     8.6692      98.71     0.9817     0.4004  1.000e-12  0.1930000     7.3909     7.3905    -0.0004     5.8949     5.8946      9.414      9.619      0.272    1423.53    1423.54  0.000e+00
      14192     10.000     2.2893     2.2896     0.0003    0.74160    0.74157          1     8.8682     8.6621      98.71     0.9563     0.3638  1.000e-12  0.1972000     7.3909     7.3906    -0.0004     5.8950     5.8947      9.909     10.126      0.537    1423.54    1423.54  0.000e+00
      14210     10.500     2.2892     2.2901     0.0009    0.74160    0.74159          1     8.8718     8.6624      98.71     0.9362     0.3663  1.000e-12  0.1908000     7.3909     7.3906    -0.0003     5.8949     5.8947     10.405     10.632      0.693    1423.55    1423.55  0.000e+00
      14226     11.000     2.2911     2.2920     0.0010    0.74166    0.74164          1     8.8709     8.6642      98.71     0.9296     0.3778  1.000e-12  0.1928000     7.3910     7.3906    -0.0004     5.8950     5.8947     10.900     11.138      0.703    1423.57    1423.57  0.000e+00
      14244     11.500     2.2916     2.2922     0.0005    0.74168    0.74165          1     8.8694     8.6643      98.71     0.9204     0.5529  1.000e-12  0.1969000     7.3910     7.3906    -0.0004     5.8951     5.8947     11.395     11.645      0.588    1423.58    1423.58  0.000e+00
      14273     12.000     2.2916     2.2919     0.0003    0.74168    0.74165          1     8.8649     8.6607      98.71     0.9430     0.4283  1.000e-12  0.1960000     7.3909     7.3906    -0.0004     5.8950     5.8947     11.891     12.151      0.344    1423.58    1423.58  0.000e+00
      14316     12.500     2.2912     2.2920     0.0008    0.74168    0.74166          1     8.8594     8.6624      98.71     0.9072     0.3696  1.000e-12  0.1951000     7.3909     7.3906    -0.0003     5.8950     5.8947     12.386     12.657      0.336    1423.59    1423.59  0.000e+00
      14342     13.000     2.2904     2.2923     0.0019    0.74164    0.74168          1     8.8656     8.6593      98.71     0.9080     0.3844  1.000e-12  0.1927000     7.3907     7.3906    -0.0000     5.8948     5.8948     12.882     13.163      0.591    1423.59    1423.60  0.000e+00
      14360     13.500     2.2930     2.2959     0.0029    0.74179    0.74189          1     8.8654     8.6544      98.71     0.8997     0.3931  1.000e-12  0.1998000     7.3916     7.3920     0.0004     5.8955     5.8958     13.377     13.670      0.695    1423.61    1423.63  0.000e+00
      14377     14.000     2.2958     2.3005     0.0047    0.74194    0.74211          1     8.8643     8.6590      98.71     0.8972     0.3928  1.000e-12  0.2059000     7.3925     7.3932     0.0008     5.8962     5.8968     13.873     14.176      0.665    1423.64    1423.66  0.000e+00
      14397     14.500     2.2962     2.2949    -0.0014    0.74195    0.74184          1     8.8603     8.6680      98.71     0.8958     0.3948  1.000e-12  0.2088000     7.3924     7.3915    -0.0009     5.8962     5.8954     14.368     14.682      0.507    1423.64    1423.64  0.000e+00
      14430     15.000     2.3130     2.3068    -0.0062    0.74283    0.74238          1     8.8579     8.6660      86.35     0.9135     0.3539  1.000e-12  0.1952000     7.3978     7.3944    -0.0034     5.9005     5.8978     14.863     15.189      0.323    1423.74    1423.70  0.000e+00
      14465     15.500     2.3158     2.3186     0.0028    0.74293    0.74299          1     8.8552     8.6473      99.23     0.9130     0.3550  1.000e-12  0.1925000     7.3982     7.3981    -0.0001     5.9008     5.9008     15.359     15.695      0.459    1423.76    1423.77  0.000e+00
      14486     16.000     2.3189     2.3189    -0.0000    0.74311    0.74305          1     8.8336     8.6418      98.71     0.9093     0.4068  1.000e-12  0.1938000     7.3993     7.3987    -0.0006     5.9017     5.9012     15.854     16.201      0.611    1423.78    1423.78  0.000e+00
      14505     16.500     2.3201     2.3172    -0.0028    0.74314    0.74297          1     8.8245     8.6469      98.71     0.9049     0.4090  1.000e-12  0.1932000     7.3993     7.3982    -0.0011     5.9017     5.9008     16.350     16.707      0.622    1423.80    1423.78  0.000e+00
      14525     17.000     2.3012     2.3049     0.0036    0.74220    0.74235          1     8.8334     8.6586      98.71     0.8955     0.4072  1.000e-12  0.1991000     7.3935     7.3943     0.0009     5.8971     5.8977     16.845     17.214      0.534    1423.71    1423.73  0.000e+00
      14550     17.500     2.2954     2.3114     0.0161    0.74193    0.74261          1     8.8530     8.6589      98.71     0.8985     0.4176  1.000e-12  0.2200000     7.3919     7.3955     0.0036     5.8958     5.8987     17.341     17.720      0.477    1423.69    1423.77  0.000e+00
      14575     18.000     2.3073     2.3195     0.0121    0.74261    0.74304          1     8.8538     8.6453      98.71     0.9203     0.3864  1.000e-12  0.2045000     7.3963     7.3981     0.0017     5.8993     5.9007     17.836     18.226      0.524    1423.76    1423.81  0.000e+00
      14596     18.500     2.3174     2.3229     0.0055    0.74315    0.74338          1     8.8430     8.6440      98.71     0.9080     0.3690  1.000e-12  0.2277000     7.3997     7.4009     0.0012     5.9021     5.9030     18.331     18.732      0.549    1423.82    1423.84  0.000e+00
      14619     19.000     2.3206     2.3203    -0.0002    0.74334    0.74324          1     8.8468     8.6570      84.37     0.8877     0.3996  1.000e-12  0.2101000     7.4009     7.3999    -0.0010     5.9030     5.9022     18.827     19.239      0.495    1423.84    1423.84  0.000e+00
      14646     19.500     2.3331     2.3335     0.0005    0.74400    0.74402          1     8.8321     8.6326      49.46     0.8935     0.4314  1.000e-12  0.2189000     7.4050     7.4051     0.0001     5.9063     5.9064     19.322     19.745      0.422    1423.91    1423.91  0.000e+00
      14674     20.000     2.3594     2.3628     0.0034    0.74544    0.74560          1     8.8228     8.6197      73.75     0.8952     0.3738  1.000e-12  0.2973000     7.4142     7.4151     0.0009     5.9137     5.9144     19.818     20.251      0.479    1424.05    1424.07  0.000e+00
      14696     20.500     2.3586     2.3655     0.0074    0.74541    0.74572          1     8.8372     8.6154      98.65     0.8830     0.4312  1.000e-12  0.2051000     7.4139     7.4156     0.0017     5.9135     5.9148     20.313     20.758      0.583    1424.06    1424.09  0.000e+00
      14716     21.000     2.4059     2.4349     0.0285    0.74790    0.74943          1     8.8122     8.5904      85.80     0.8513     0.3797  1.000e-12  0.1953000     7.4293     7.4388     0.0095     5.9258     5.9334     20.809     21.264      0.606    1424.31    1424.46  0.000e+00
      14736     21.500     2.4561     2.4569     0.0009    0.75059    0.75062          1     8.7949     8.5835      81.79     0.8250     0.4226  1.000e-12  0.1940000     7.4462     7.4464     0.0001     5.9393     5.9394     21.304     21.770      0.556    1424.57    1424.58  0.000e+00
      14759     22.000     2.4533     2.4527    -0.0006    0.75052    0.75042          1     8.7823     8.5762      98.67     0.8177     0.4027  1.000e-12  0.1833000     7.4461     7.4451    -0.0010     5.9392     5.9384     21.799     22.276      0.531    1424.57    1424.56  0.000e+00
      14781     22.500     2.4806     2.4875     0.0069    0.75192    0.75227          1     8.7766     8.5728      98.71     0.8446     0.3660  1.000e-12  0.1739000     7.4545     7.4566     0.0021     5.9459     5.9475     22.295     22.783      0.532    1424.71    1424.75  0.000e+00
      14804     23.000     2.4781     2.4767    -0.0015    0.75179    0.75164          1     8.7671     8.5540      98.71     0.8332     0.3525  1.000e-12  0.1856000     7.4536     7.4524    -0.0012     5.9452     5.9442     22.790     23.289      0.496    1424.71    1424.70  0.000e+00
      14830     23.500     2.4803     2.4784    -0.0020    0.75187    0.75167          1     8.7697     8.5734      63.27     0.8560     0.3700  1.000e-12  0.1800000     7.4539     7.4522    -0.0017     5.9454     5.9441     23.286     23.795      0.454    1424.73    1424.72  0.000e+00
      14857     24.000     2.4638     2.4432    -0.0206    0.75093    0.74972          1     8.7571     8.5763      51.89     0.8341     0.3859  1.000e-12  0.1950000     7.4477     7.4396    -0.0081     5.9405     5.9340     23.781     24.301      0.478    1424.65    1424.54  0.000e+00
      14880     24.500     2.4609     2.4761     0.0153    0.75075    0.75145          1     8.7373     8.5584      98.80     0.8336     0.4036  1.000e-12  0.2166000     7.4464     7.4503     0.0039     5.9394     5.9425     24.276     24.808      0.547    1424.64    1424.72  0.000e+00
      14901     25.000     2.4430     2.4440     0.0008    0.74979    0.74977          1     8.7750     8.5851      58.39     0.8231     0.3910  1.000e-12  0.1847000     7.4402     7.4399    -0.0004     5.9345     5.9342     24.772     25.314      0.559    1424.56    1424.56  0.000e+00
      14923     25.500     2.4551     2.4624     0.0073    0.75033    0.75080          1     8.7748     8.5661      79.38     0.8559     0.4040  1.000e-12  0.2057000     7.4431     7.4464     0.0032     5.9368     5.9394     25.267     25.820      0.499    1424.63    1424.66  0.000e+00
      14950     26.000     2.5501     2.5506     0.0005    0.75565    0.75564          1     8.7433     8.5330      98.76     0.8421     0.3936  1.000e-12  0.1885000     7.4773     7.4771    -0.0002     5.9640     5.9639     25.763     26.326      0.428    1425.12    1425.12  0.000e+00
      14978     26.500     2.5744     2.5720    -0.0022    0.75692    0.75691          1     8.7292     8.5097      98.68     0.8125     0.3607  1.000e-12  0.1691000     7.4851     7.4854     0.0003     5.9702     5.9704     26.258     26.833      0.503    1425.25    1425.24  0.000e+00
      14999     27.000     2.6501     2.6550     0.0046    0.76140    0.76170          1     8.6934     8.4818      98.69     0.7837     0.4016  1.000e-12  0.1670000     7.5147     7.5168     0.0021     5.9935     5.9952     26.753     27.339      0.686    1425.65    1425.68  0.000e+00
      15014     27.500     2.6612     2.6608    -0.0004    0.76211    0.76199          1     8.6790     8.4666      98.69     0.7706     0.3926  1.000e-12  0.1656000     7.5195     7.5184    -0.0011     5.9973     5.9964     27.249     27.845      0.777    1425.72    1425.71  0.000e+00
      15029     28.000     2.6623     2.6611    -0.0012    0.76215    0.76205          1     8.6630     8.4535      98.70     0.7377     0.3485  1.000e-12  0.1565000     7.5196     7.5189    -0.0007     5.9974     5.9968     27.744     28.351      0.707    1425.73    1425.72  0.000e+00
