ctdpy/tests/etc/all_smhi_bas_2018/SBE09_0827_20181123_0601_26_01_1224.cnv
* Sea-Bird SBE 9 Data File:
* FileName = D:\CTD_SBE911\DAT\26DA.2018.12.24.hex
* Software Version Seasave V 7.21d
* Temperature SN = 4548
* Conductivity SN = 3062
* Number of Bytes Per Scan = 48
* Number of Voltage Words = 5
* Number of Scans Averaged by the Deck Unit = 1
* NMEA Latitude = 57 34.36 N
* NMEA Longitude = 019 11.95 E
* NMEA UTC (Time) = Nov 23 2018  06:02:03
* NMEA baud rate = 4800
** Ship: DANA
** Average sound velocity: 1445.82 m/s
** True-depth calculation Tue, 02 Apr 2019 12:13:16 +0000
** CTD Python Module SMHI /ver 3-12/ feb 2012 
** LIMS Job: 20182601-1224
** Operator: Ronny
** Cruise: 12/2018
# nquan = 26
# nvalues = 97                          
# units = specified
# name 0 = scan: Scan Count
# name 1 = prDM: Pressure, Digiquartz [db]
# name 2 = t090C: Temperature [ITS-90, deg C]
# name 3 = t190C: Temperature, 2 [ITS-90, deg C]
# name 4 = T2-T190C: Temperature Difference, 2 - 1 [ITS-90, deg C]
# name 5 = c0S/m: Conductivity [S/m]
# name 6 = c1S/m: Conductivity, 2 [S/m]
# name 7 = pumps: Pump Status
# name 8 = sbeox1ML/L: Oxygen, SBE 43, 2 [ml/l]
# name 9 = sbeox0ML/L: Oxygen, SBE 43 [ml/l]
# name 10 = altM: Altimeter [m]
# name 11 = chloroflTC0: Chlorophyll, Turner Cyclops [ug/l]
# name 12 = cpar: CPAR/Corrected Irradiance [%]
# name 13 = par: PAR/Irradiance, Biospherical/Lico [µE/(cm^2*s)]
# name 14 = spar: SPAR, Biospherical/Licor
# name 15 = sal00: Salinity, Practical [PSU]
# name 16 = sal11: Salinity, Practical, 2 [PSU]
# name 17 = secS-priS: Salinity, Practical, Difference, 2 - 1 [PSU]
# name 18 = sigma-t00: Density [sigma-t, kg/m^3 ]
# name 19 = sigma-t11: Density, 2 [sigma-t, kg/m^3 ]
# name 20 = depSM: Depth [salt water, m], lat = 57.5727
# name 21 = depFM: Depth [true depth, m], lat = 57.5727
# name 22 = dz/dtM: Descent Rate [m/s], WS = 2
# name 23 = svCM: Sound Velocity [Chen-Millero, m/s]
# name 24 = svCM1: Sound Velocity, 2 [Chen-Millero, m/s]
# name 25 = flag: flag
# span 0 =        261,       4830       
# span 1 =      1.000,     49.000       
# span 2 =     3.9175,     8.1413       
# span 3 =     3.9074,     8.1422       
# span 4 =    -0.0860,     0.0085       
# span 5 =   0.790492,   0.841113       
# span 6 =   0.790882,   0.841132       
# span 7 =          1,          1       
# span 8 =     6.0600,     7.4962       
# span 9 =     6.2048,     7.7292       
# span 10 =       1.36,       9.96      
# span 11 =     0.0159,     0.0219      
# span 12 = 4.9241e-11, 4.9241e-11      
# span 13 = 1.0000e-12, 1.0000e-12      
# span 14 = 2.0308e+00, 2.0308e+00      
# span 15 =     7.0573,     7.6252      
# span 16 =     7.0573,     7.6282      
# span 17 =    -0.0005,     0.0152      
# span 18 =     5.4080,     6.0628      
# span 19 =     5.4081,     6.0652      
# span 20 =      0.991,     48.542      
# span 21 =      1.013,     49.635      
# span 22 =      0.143,      0.292      
# span 23 =    1431.80,    1449.10      
# span 24 =    1431.74,    1449.11      
# span 25 = 0.0000e+00, 0.0000e+00      
# interval = decibars: 0.5              
# start_time = Nov 23 2018 06:02:03 [NMEA time, first data scan]
# bad_flag = -9.990e-29
*END*
[from data line 56]
       2944     29.000     8.1399     8.1400     0.0001    0.84077    0.84076          1     7.4492     7.6785       9.96     0.0213  4.924e-11  1.000e-12  2.031e+00     7.0957     7.0955    -0.0002     5.4190     5.4189     28.730     29.379      0.262    1449.07    1449.07  0.000e+00
       2992     29.500     8.1398     8.1408     0.0011    0.84080    0.84081          1     7.4520     7.6813       9.96     0.0212  4.924e-11  1.000e-12  2.031e+00     7.0959     7.0958    -0.0001     5.4192     5.4190     29.226     29.885      0.257    1449.08    1449.08  0.000e+00
       3035     30.000     8.1410     8.1422     0.0012    0.84086    0.84088          1     7.4353     7.6732       9.96     0.0210  4.924e-11  1.000e-12  2.031e+00     7.0962     7.0961    -0.0001     5.4193     5.4191     29.721     30.392      0.284    1449.09    1449.10  0.000e+00
       3080     30.500     8.1412     8.1419     0.0007    0.84095    0.84097          1     7.4453     7.6734       9.96     0.0207  4.924e-11  1.000e-12  2.031e+00     7.0969     7.0969     0.0000     5.4199     5.4198     30.216     30.898      0.244    1449.10    1449.10  0.000e+00
       3131     31.000     8.1324     8.1343     0.0019    0.84080    0.84085          1     7.4466     7.6748       9.96     0.0196  4.924e-11  1.000e-12  2.031e+00     7.0972     7.0973     0.0001     5.4208     5.4207     30.712     31.405      0.252    1449.07    1449.08  0.000e+00
       3175     31.500     8.1257     8.1261     0.0003    0.84064    0.84064          1     7.4482     7.6704       9.96     0.0197  4.924e-11  1.000e-12  2.031e+00     7.0971     7.0970    -0.0001     5.4213     5.4212     31.207     31.911      0.271    1449.05    1449.06  0.000e+00
       3223     32.000     8.1230     8.1232     0.0001    0.84062    0.84062          1     7.4510     7.6823       9.96     0.0202  4.924e-11  1.000e-12  2.031e+00     7.0974     7.0973    -0.0000     5.4217     5.4217     31.702     32.418      0.232    1449.05    1449.05  0.000e+00
       3272     32.500     8.1250     8.1262     0.0012    0.84083    0.84086          1     7.4349     7.6767       9.96     0.0206  4.924e-11  1.000e-12  2.031e+00     7.0988     7.0988     0.0001     5.4226     5.4226     32.197     32.924      0.276    1449.07    1449.07  0.000e+00
       3313     33.000     8.1277     8.1281     0.0004    0.84100    0.84101          1     7.4261     7.6733       9.96     0.0207  4.924e-11  1.000e-12  2.031e+00     7.0998     7.0997    -0.0001     5.4232     5.4231     32.693     33.431      0.292    1449.09    1449.09  0.000e+00
       3358     33.500     8.1290     8.1297     0.0007    0.84111    0.84113          1     7.4416     7.6734       9.96     0.0201  4.924e-11  1.000e-12  2.031e+00     7.1005     7.1005     0.0000     5.4236     5.4236     33.188     33.937      0.242    1449.10    1449.11  0.000e+00
       3410     34.000     8.1228     8.1224    -0.0004    0.84103    0.84103          1     7.4579     7.6679       9.96     0.0197  4.924e-11  1.000e-12  2.031e+00     7.1009     7.1010     0.0000     5.4245     5.4246     33.683     34.444      0.245    1449.09    1449.09  0.000e+00
       3455     34.500     8.1151     8.1143    -0.0007    0.84092    0.84091          1     7.4458     7.6695       9.96     0.0196  4.924e-11  1.000e-12  2.031e+00     7.1014     7.1014     0.0000     5.4255     5.4256     34.179     34.950      0.266    1449.06    1449.06  0.000e+00
       3502     35.000     8.1102     8.1096    -0.0005    0.84087    0.84087          1     7.4199     7.6616       9.96     0.0198  4.924e-11  1.000e-12  2.031e+00     7.1019     7.1020     0.0000     5.4263     5.4264     34.674     35.457      0.248    1449.05    1449.05  0.000e+00
       3550     35.500     8.1003     8.0998    -0.0005    0.84076    0.84075          1     7.4291     7.6658       9.96     0.0196  4.924e-11  1.000e-12  2.031e+00     7.1028     7.1028     0.0000     5.4278     5.4279     35.169     35.963      0.256    1449.02    1449.02  0.000e+00
       3596     36.000     8.0642     8.0564    -0.0077    0.84025    0.84018          1     7.4255     7.6378       9.96     0.0195  4.924e-11  1.000e-12  2.031e+00     7.1055     7.1063     0.0009     5.4329     5.4342     35.665     36.470      0.269    1448.88    1448.85  0.000e+00
       3640     36.500     8.0168     8.0099    -0.0070    0.83959    0.83952          1     7.4009     7.6226       9.96     0.0195  4.924e-11  1.000e-12  2.031e+00     7.1089     7.1097     0.0008     5.4394     5.4406     36.160     36.976      0.265    1448.70    1448.68  0.000e+00
       3687     37.000     8.0045     8.0006    -0.0039    0.83946    0.83943          1     7.3869     7.6150       9.96     0.0197  4.924e-11  1.000e-12  2.031e+00     7.1102     7.1108     0.0005     5.4414     5.4422     36.655     37.483      0.256    1448.66    1448.65  0.000e+00
       3733     37.500     7.9234     7.9099    -0.0135    0.83827    0.83815          1     7.3815     7.5741       9.96     0.0195  4.924e-11  1.000e-12  2.031e+00     7.1158     7.1174     0.0017     5.4522     5.4546     37.150     37.989      0.250    1448.35    1448.29  0.000e+00
       3785     38.000     7.8293     7.8121    -0.0175    0.83691    0.83679          1     7.3460     7.4765       9.96     0.0195  4.924e-11  1.000e-12  2.031e+00     7.1224     7.1248     0.0023     5.4649     5.4681     37.646     38.496      0.237    1447.98    1447.91  0.000e+00
       3829     38.500     7.5537     7.4953    -0.0579    0.83361    0.83321          1     7.1432     7.2574       9.96     0.0195  4.924e-11  1.000e-12  2.031e+00     7.1484     7.1567     0.0083     5.5063     5.5171     38.141     39.002      0.292    1446.88    1446.65  0.000e+00
       3873     39.000     7.3413     7.2888    -0.0526    0.83168    0.83132          1     6.9688     7.1471       9.96     0.0194  4.924e-11  1.000e-12  2.031e+00     7.1742     7.1818     0.0075     5.5421     5.5518     38.636     39.509      0.246    1446.04    1445.83  0.000e+00
       3924     39.500     7.2718     7.2428    -0.0289    0.83127    0.83111          1     6.9497     7.1280       9.96     0.0186  4.924e-11  1.000e-12  2.031e+00     7.1848     7.1893     0.0045     5.5554     5.5610     39.132     40.015      0.255    1445.77    1445.66  0.000e+00
       3968     40.000     7.1720     7.1413    -0.0308    0.83061    0.83058          1     6.9343     7.0839       9.96     0.0184  4.924e-11  1.000e-12  2.031e+00     7.1993     7.2054     0.0061     5.5738     5.5807     39.627     40.522      0.271    1445.38    1445.26  0.000e+00
       4015     40.500     6.9357     6.8965    -0.0390    0.82888    0.82876          1     6.9884     7.0965       9.96     0.0179  4.924e-11  1.000e-12  2.031e+00     7.2325     7.2396     0.0071     5.6159     5.6241     40.122     41.028      0.247    1444.44    1444.29  0.000e+00
       4064     41.000     6.5245     6.4923    -0.0327    0.82484    0.82504          1     6.9003     6.9034       9.82     0.0171  4.924e-11  1.000e-12  2.031e+00     7.2814     7.2901     0.0088     5.6801     5.6889     40.617     41.535      0.245    1442.77    1442.65  0.000e+00
       4114     41.500     5.6976     5.6108    -0.0860    0.81514    0.81475          1     6.7323     6.7933       9.33     0.0170  4.924e-11  1.000e-12  2.031e+00     7.3664     7.3816     0.0152     5.7930     5.8093     41.113     42.041      0.239    1439.35    1439.00  0.000e+00
       4160     42.000     5.4004     5.3578    -0.0425    0.81100    0.81084          1     6.6843     6.8076       8.80     0.0169  4.924e-11  1.000e-12  2.031e+00     7.3912     7.3990     0.0078     5.8268     5.8349     41.608     42.547      0.284    1438.10    1437.93  0.000e+00
       4204     42.500     5.2652     5.2184    -0.0470    0.80922    0.80890          1     6.6960     6.8375       8.27     0.0165  4.924e-11  1.000e-12  2.031e+00     7.4035     7.4107     0.0072     5.8425     5.8502     42.103     43.054      0.252    1437.54    1437.34  0.000e+00
       4253     43.000     5.0840     5.0623    -0.0219    0.80607    0.80622          1     6.6994     6.8614       7.73     0.0162  4.924e-11  1.000e-12  2.031e+00     7.4126     7.4188     0.0063     5.8572     5.8631     42.599     43.560      0.244    1436.76    1436.67  0.000e+00
       4302     43.500     4.8969     4.8610    -0.0357    0.80247    0.80221          1     6.7644     6.9415       7.20     0.0159  4.924e-11  1.000e-12  2.031e+00     7.4185     7.4240     0.0055     5.8693     5.8750     43.094     44.066      0.249    1435.96    1435.80  0.000e+00
       4350     44.000     4.8799     4.8706    -0.0093    0.80411    0.80421          1     6.7673     6.9095       6.68     0.0159  4.924e-11  1.000e-12  2.031e+00     7.4385     7.4416     0.0031     5.8858     5.8887     43.589     44.573      0.249    1435.91    1435.88  0.000e+00
       4399     44.500     4.6852     4.6438    -0.0415    0.80081    0.80060          1     6.6925     6.8381       6.14     0.0159  4.924e-11  1.000e-12  2.031e+00     7.4493     7.4565     0.0073     5.9013     5.9085     44.084     45.079      0.237    1435.07    1434.90  0.000e+00
       4451     45.000     4.4096     4.3690    -0.0407    0.79664    0.79638          1     6.7347     6.8814       5.60     0.0159  4.924e-11  1.000e-12  2.031e+00     7.4697     7.4762     0.0065     5.9267     5.9331     44.580     45.585      0.245    1433.88    1433.71  0.000e+00
       4496     45.500     4.2591     4.2359    -0.0231    0.79419    0.79422          1     6.7173     6.8879       5.09     0.0159  4.924e-11  1.000e-12  2.031e+00     7.4790     7.4846     0.0056     5.9386     5.9437     45.075     46.091      0.270    1433.23    1433.14  0.000e+00
       4542     46.000     4.1730     4.1567    -0.0163    0.79407    0.79419          1     6.7057     6.8652       4.56     0.0159  4.924e-11  1.000e-12  2.031e+00     7.4973     7.5023     0.0050     5.9555     5.9599     45.570     46.598      0.248    1432.88    1432.81  0.000e+00
       4591     46.500     4.0800     4.0477    -0.0321    0.79249    0.79229          1     6.6502     6.8131       4.03     0.0159  4.924e-11  1.000e-12  2.031e+00     7.5025     7.5079     0.0054     5.9621     5.9672     46.066     47.104      0.260    1432.48    1432.34  0.000e+00
       4638     47.000     3.9232     3.9074    -0.0159    0.79049    0.79088          1     6.6424     6.8127       3.49     0.0159  4.924e-11  1.000e-12  2.031e+00     7.5181     7.5257     0.0076     5.9784     5.9849     46.561     47.610      0.239    1431.80    1431.74  0.000e+00
       4687     47.500     3.9175     3.9079    -0.0095    0.79419    0.79444          1     6.4918     6.6366       2.96     0.0159  4.924e-11  1.000e-12  2.031e+00     7.5572     7.5619     0.0048     6.0096     6.0136     47.056     48.116      0.257    1431.83    1431.79  0.000e+00
       4732     48.000     3.9293     3.9277    -0.0016    0.79803    0.79838          1     6.2963     6.4130       2.44     0.0159  4.924e-11  1.000e-12  2.031e+00     7.5935     7.5975     0.0039     6.0383     6.0414     47.551     48.623      0.269    1431.94    1431.94  0.000e+00
       4780     48.500     3.9412     3.9408    -0.0004    0.80035    0.80081          1     6.1411     6.2660       1.89     0.0159  4.924e-11  1.000e-12  2.031e+00     7.6145     7.6193     0.0048     6.0546     6.0584     48.047     49.129      0.240    1432.03    1432.03  0.000e+00
       4830     49.000     3.9543     3.9531    -0.0013    0.80170    0.80197          1     6.0600     6.2048       1.36     0.0159  4.924e-11  1.000e-12  2.031e+00     7.6252     7.6282     0.0030     6.0628     6.0652     48.542     49.635      0.206    1432.11    1432.11  0.000e+00
