ctdpy/tests/etc/all_smhi_bas_2018/SBE09_0827_20181122_0936_26_01_1220.cnv
* Sea-Bird SBE 9 Data File:
* FileName = D:\CTD_SBE911\DAT\26DA.2018.12.20.hex
* Software Version Seasave V 7.21d
* Temperature SN = 4548
* Conductivity SN = 3062
* Number of Bytes Per Scan = 48
* Number of Voltage Words = 5
* Number of Scans Averaged by the Deck Unit = 1
* NMEA Latitude = 57 13.88 N
* NMEA Longitude = 019 05.90 E
* NMEA UTC (Time) = Nov 22 2018  09:37:02
* NMEA baud rate = 4800
** Ship: DANA
** Average sound velocity: 1444.34 m/s
** True-depth calculation Tue, 02 Apr 2019 12:12:59 +0000
** CTD Python Module SMHI /ver 3-12/ feb 2012 
** LIMS Job: 20182601-1220
** Operator: Ronny
** Cruise: 12/2018
# nquan = 26
# nvalues = 178                         
# units = specified
# name 0 = scan: Scan Count
# name 1 = prDM: Pressure, Digiquartz [db]
# name 2 = t090C: Temperature [ITS-90, deg C]
# name 3 = t190C: Temperature, 2 [ITS-90, deg C]
# name 4 = T2-T190C: Temperature Difference, 2 - 1 [ITS-90, deg C]
# name 5 = c0S/m: Conductivity [S/m]
# name 6 = c1S/m: Conductivity, 2 [S/m]
# name 7 = pumps: Pump Status
# name 8 = sbeox1ML/L: Oxygen, SBE 43, 2 [ml/l]
# name 9 = sbeox0ML/L: Oxygen, SBE 43 [ml/l]
# name 10 = altM: Altimeter [m]
# name 11 = chloroflTC0: Chlorophyll, Turner Cyclops [ug/l]
# name 12 = cpar: CPAR/Corrected Irradiance [%]
# name 13 = par: PAR/Irradiance, Biospherical/Lico [µE/(cm^2*s)]
# name 14 = spar: SPAR, Biospherical/Licor
# name 15 = sal00: Salinity, Practical [PSU]
# name 16 = sal11: Salinity, Practical, 2 [PSU]
# name 17 = secS-priS: Salinity, Practical, Difference, 2 - 1 [PSU]
# name 18 = sigma-t00: Density [sigma-t, kg/m^3 ]
# name 19 = sigma-t11: Density, 2 [sigma-t, kg/m^3 ]
# name 20 = depSM: Depth [salt water, m], lat = 57.2313
# name 21 = depFM: Depth [true depth, m], lat = 57.2313
# name 22 = dz/dtM: Descent Rate [m/s], WS = 2
# name 23 = svCM: Sound Velocity [Chen-Millero, m/s]
# name 24 = svCM1: Sound Velocity, 2 [Chen-Millero, m/s]
# name 25 = flag: flag
# span 0 =        240,       8599       
# span 1 =      1.000,     89.500       
# span 2 =     3.8131,     8.3719       
# span 3 =     3.8077,     8.3727       
# span 4 =    -0.1782,     0.0327       
# span 5 =   0.791609,   1.159749       
# span 6 =   0.791487,   1.160019       
# span 7 =          1,          1       
# span 8 =     0.0999,     7.4469       
# span 9 =     0.0535,     7.6747       
# span 10 =       1.02,       9.99      
# span 11 =     0.0157,     0.0222      
# span 12 = 3.8171e-13, 7.5475e+00      
# span 13 = 1.0000e-12, 1.9007e+01      
# span 14 = 2.4979e+02, 2.6198e+02      
# span 15 =     7.1058,    10.6889      
# span 16 =     7.1058,    10.6907      
# span 17 =    -0.0012,     0.0344      
# span 18 =     5.4121,     8.4002      
# span 19 =     5.4120,     8.4014      
# span 20 =      0.991,     88.657      
# span 21 =      1.013,     90.598      
# span 22 =      0.115,      0.310      
# span 23 =    1431.62,    1450.16      
# span 24 =    1431.62,    1450.15      
# span 25 = 0.0000e+00, 0.0000e+00      
# interval = decibars: 0.5              
# start_time = Nov 22 2018 09:37:03 [NMEA time, first data scan]
# bad_flag = -9.990e-29
*END*
[from data line 112]
       5436     57.000     3.8461     3.8333    -0.0128    0.79573    0.79579          1     6.4265     6.5850       9.96     0.0157  3.922e-13  1.000e-12  2.550e+02     7.5882     7.5918     0.0036     6.0359     6.0391     56.468     57.739      0.258    1431.70    1431.64  0.000e+00
       5485     57.500     3.8131     3.8077    -0.0054    0.79983    0.80139          1     6.2240     6.3601       9.96     0.0159  3.912e-13  1.000e-12  2.557e+02     7.6378     7.6551     0.0173     6.0762     6.0900     56.963     58.245      0.231    1431.62    1431.62  0.000e+00
       5536     58.000     3.8265     3.8252    -0.0014    0.80498    0.80563          1     5.9075     6.0453       9.96     0.0159  3.908e-13  1.000e-12  2.559e+02     7.6875     7.6944     0.0070     6.1153     6.1209     57.458     58.752      0.243    1431.75    1431.76  0.000e+00
       5583     58.500     3.8455     3.8485     0.0030    0.80781    0.80836          1     5.8085     5.9309       9.96     0.0159  3.908e-13  1.000e-12  2.559e+02     7.7120     7.7169     0.0049     6.1344     6.1382     57.953     59.258      0.266    1431.88    1431.90  0.000e+00
       5630     59.000     3.8725     3.8745     0.0020    0.81214    0.81299          1     5.6930     5.8017       9.96     0.0159  3.908e-13  1.000e-12  2.559e+02     7.7499     7.7581     0.0082     6.1639     6.1704     58.449     59.764      0.240    1432.06    1432.08  0.000e+00
       5682     59.500     3.8773     3.8768    -0.0005    0.81484    0.81530          1     5.5642     5.6744       9.96     0.0159  3.908e-13  1.000e-12  2.559e+02     7.7763     7.7812     0.0049     6.1848     6.1887     58.944     60.270      0.233    1432.12    1432.12  0.000e+00
       5731     60.000     3.8634     3.8581    -0.0053    0.81731    0.81778          1     5.4527     5.5646       9.96     0.0158  3.908e-13  1.000e-12  2.559e+02     7.8050     7.8110     0.0060     6.2079     6.2128     59.439     60.776      0.252    1432.10    1432.09  0.000e+00
       5779     60.500     3.8610     3.8639     0.0029    0.82206    0.82337          1     5.3062     5.4078       9.96     0.0159  3.908e-13  1.000e-12  2.559e+02     7.8542     7.8670     0.0128     6.2471     6.2572     59.934     61.282      0.248    1432.16    1432.19  0.000e+00
       5826     61.000     3.9110     3.9216     0.0106    0.83050    0.83196          1     5.0591     5.1451       9.96     0.0159  3.908e-13  1.000e-12  2.559e+02     7.9287     7.9411     0.0124     6.3051     6.3146     60.430     61.788      0.263    1432.49    1432.56  0.000e+00
       5870     61.500     3.9463     3.9504     0.0041    0.83596    0.83680          1     4.8603     4.9416       9.96     0.0159  3.908e-13  1.000e-12  2.559e+02     7.9760     7.9836     0.0076     6.3418     6.3477     60.925     62.294      0.270    1432.72    1432.75  0.000e+00
       5917     62.000     3.9560     3.9578     0.0018    0.83875    0.83927          1     4.7373     4.8408       9.96     0.0159  3.908e-13  1.000e-12  2.559e+02     8.0023     8.0071     0.0049     6.3624     6.3662     61.420     62.801      0.250    1432.81    1432.82  0.000e+00
       5966     62.500     3.9764     3.9881     0.0116    0.84267    0.84421          1     4.6560     4.7361       9.96     0.0159  3.908e-13  1.000e-12  2.559e+02     8.0374     8.0503     0.0129     6.3897     6.3997     61.915     63.307      0.243    1432.95    1433.02  0.000e+00
       6015     63.000     4.0337     4.0476     0.0140    0.85177    0.85366          1     4.4160     4.4857       9.96     0.0158  3.908e-13  1.000e-12  2.559e+02     8.1164     8.1323     0.0158     6.4510     6.4632     62.411     63.813      0.243    1433.32    1433.40  0.000e+00
       6065     63.500     4.1020     4.1217     0.0196    0.86282    0.86541          1     4.0963     4.1555       9.96     0.0159  3.908e-13  1.000e-12  2.559e+02     8.2126     8.2341     0.0215     6.5254     6.5419     62.906     64.319      0.247    1433.76    1433.87  0.000e+00
       6111     64.000     4.1476     4.1645     0.0171    0.86992    0.87232          1     3.8427     3.9119       9.96     0.0158  3.908e-13  1.000e-12  2.559e+02     8.2736     8.2939     0.0203     6.5726     6.5881     63.401     64.825      0.262    1434.05    1434.15  0.000e+00
       6157     64.500     4.1792     4.1961     0.0169    0.87531    0.87782          1     3.6714     3.7447       9.96     0.0159  3.908e-13  1.000e-12  2.559e+02     8.3207     8.3421     0.0213     6.6090     6.6255     63.896     65.330      0.265    1434.26    1434.36  0.000e+00
       6204     65.000     4.1990     4.2102     0.0112    0.87846    0.88011          1     3.5578     3.6424       9.96     0.0159  3.908e-13  1.000e-12  2.559e+02     8.3478     8.3618     0.0140     6.6299     6.6407     64.392     65.836      0.241    1434.39    1434.46  0.000e+00
       6254     65.500     4.2203     4.2297     0.0095    0.88189    0.88306          1     3.4804     3.5452       9.96     0.0159  3.908e-13  1.000e-12  2.559e+02     8.3773     8.3870     0.0096     6.6527     6.6600     64.887     66.342      0.245    1434.53    1434.58  0.000e+00
       6303     66.000     4.2871     4.3022     0.0149    0.89395    0.89610          1     3.2440     3.2295       9.96     0.0159  3.908e-13  1.000e-12  2.559e+02     8.4833     8.5014     0.0180     6.7347     6.7485     65.382     66.848      0.235    1434.97    1435.06  0.000e+00
       6356     66.500     4.3986     4.4140     0.0154    0.91401    0.91574          1     2.6882     2.6213       9.96     0.0159  3.908e-13  1.000e-12  2.559e+02     8.6590     8.6725     0.0135     6.8702     6.8804     65.877     67.354      0.232    1435.70    1435.79  0.000e+00
       6405     67.000     4.5047     4.5306     0.0260    0.92952    0.93255          1     2.2010     2.1451       9.96     0.0159  3.906e-13  1.000e-12  2.560e+02     8.7889     8.8128     0.0239     6.9695     6.9875     66.373     67.860      0.253    1436.35    1436.49  0.000e+00
       6452     67.500     4.5935     4.6113     0.0178    0.94215    0.94406          1     1.8987     1.8622       9.96     0.0159  3.888e-13  1.000e-12  2.572e+02     8.8936     8.9081     0.0146     7.0491     7.0600     66.868     68.365      0.253    1436.88    1436.98  0.000e+00
       6501     68.000     4.6243     4.6318     0.0076    0.94579    0.94649          1     1.8070     1.7904       9.96     0.0159  3.879e-13  1.000e-12  2.578e+02     8.9222     8.9272     0.0050     7.0706     7.0743     67.363     68.871      0.245    1437.06    1437.10  0.000e+00
       6550     68.500     4.6327     4.6406     0.0080    0.94659    0.94729          1     1.8154     1.8148       9.96     0.0159  3.878e-13  1.000e-12  2.579e+02     8.9279     8.9328     0.0049     7.0748     7.0784     67.858     69.377      0.238    1437.11    1437.15  0.000e+00
       6602     69.000     4.6470     4.6555     0.0085    0.94802    0.94869          1     1.8075     1.8208       9.96     0.0159  3.877e-13  1.000e-12  2.579e+02     8.9385     8.9430     0.0045     7.0827     7.0859     68.354     69.883      0.233    1437.20    1437.24  0.000e+00
       6652     69.500     4.6908     4.7063     0.0155    0.95417    0.95601          1     1.7239     1.7314       9.96     0.0159  3.877e-13  1.000e-12  2.579e+02     8.9890     9.0034     0.0144     7.1209     7.1317     68.849     70.388      0.245    1437.46    1437.55  0.000e+00
       6700     70.000     4.7417     4.7561     0.0145    0.96284    0.96479          1     1.5285     1.5284       9.96     0.0159  3.877e-13  1.000e-12  2.579e+02     9.0630     9.0788     0.0159     7.1774     7.1894     69.344     70.894      0.256    1437.79    1437.87  0.000e+00
       6747     70.500     4.7842     4.7933     0.0090    0.96895    0.96990          1     1.3884     1.3819       9.96     0.0159  3.877e-13  1.000e-12  2.579e+02     9.1132     9.1203     0.0071     7.2155     7.2207     69.839     71.400      0.256    1438.05    1438.10  0.000e+00
       6793     71.000     4.8057     4.8140     0.0083    0.97194    0.97286          1     1.3363     1.3241       9.96     0.0159  3.877e-13  1.000e-12  2.579e+02     9.1375     9.1446     0.0071     7.2338     7.2391     70.334     71.905      0.257    1438.18    1438.23  0.000e+00
       6842     71.500     4.8484     4.8655     0.0170    0.97918    0.98151          1     1.2108     1.1941       9.96     0.0159  3.877e-13  1.000e-12  2.579e+02     9.1990     9.2178     0.0189     7.2807     7.2948     70.830     72.411      0.243    1438.46    1438.56  0.000e+00
       6892     72.000     4.8933     4.9161     0.0228    0.98731    0.99049          1     1.0362     1.0329       9.96     0.0159  3.877e-13  1.000e-12  2.579e+02     9.2687     9.2945     0.0258     7.3339     7.3533     71.325     72.916      0.233    1438.75    1438.88  0.000e+00
       6943     72.500     4.9529     4.9721     0.0192    0.99711    0.99946          1     0.8599     0.8485       9.96     0.0159  3.877e-13  1.000e-12  2.579e+02     9.3511     9.3693     0.0183     7.3964     7.4100     71.820     73.422      0.245    1439.12    1439.23  0.000e+00
       6990     73.000     5.0165     5.0434     0.0269    1.00751    1.01127          1     0.6764     0.6586       9.96     0.0159  3.877e-13  1.000e-12  2.579e+02     9.4381     9.4684     0.0303     7.4623     7.4851     72.315     73.927      0.264    1439.52    1439.68  0.000e+00
       7036     73.500     5.0729     5.1049     0.0320    1.01718    1.02150          1     0.4916     0.4758       9.96     0.0159  3.877e-13  1.000e-12  2.579e+02     9.5196     9.5540     0.0344     7.5242     7.5499     72.811     74.433      0.255    1439.88    1440.06  0.000e+00
       7083     74.000     5.1320     5.1593     0.0273    1.02682    1.03004          1     0.3476     0.3258       9.96     0.0159  3.877e-13  1.000e-12  2.579e+02     9.5998     9.6244     0.0246     7.5848     7.6029     73.306     74.938      0.258    1440.25    1440.40  0.000e+00
       7130     74.500     5.2207     5.2534     0.0327    1.04006    1.04419          1     0.2422     0.2139       9.96     0.0159  3.877e-13  1.000e-12  2.580e+02     9.7074     9.7395     0.0320     7.6655     7.6892     73.801     75.444      0.251    1440.78    1440.96  0.000e+00
       7180     75.000     5.2783     5.3105     0.0322    1.04890    1.05310          1     0.1407     0.1294       9.96     0.0159  3.873e-13  1.000e-12  2.582e+02     9.7796     9.8123     0.0328     7.7196     7.7439     74.296     75.949      0.231    1441.13    1441.31  0.000e+00
       7230     75.500     5.3169     5.3366     0.0197    1.05465    1.05684          1     0.1302     0.1067       9.96     0.0159  3.861e-13  1.000e-12  2.590e+02     9.8260     9.8423     0.0162     7.7543     7.7661     74.791     76.454      0.248    1441.36    1441.47  0.000e+00
       7279     76.000     5.3572     5.3717     0.0145    1.06045    1.06213          1     0.1336     0.1028       9.96     0.0159  3.849e-13  1.000e-12  2.598e+02     9.8724     9.8849     0.0125     7.7888     7.7980     75.287     76.960      0.254    1441.60    1441.68  0.000e+00
       7325     76.500     5.3892     5.4055     0.0163    1.06579    1.06772          1     0.1338     0.1052       9.96     0.0160  3.847e-13  1.000e-12  2.599e+02     9.9165     9.9310     0.0145     7.8220     7.8326     75.782     77.465      0.256    1441.81    1441.89  0.000e+00
       7372     77.000     5.4357     5.4504     0.0146    1.07287    1.07455          1     0.1284     0.1032       9.96     0.0159  3.847e-13  1.000e-12  2.599e+02     9.9736     9.9861     0.0125     7.8646     7.8737     76.277     77.970      0.249    1442.09    1442.17  0.000e+00
       7422     77.500     5.4725     5.4827     0.0103    1.07849    1.07967          1     0.1230     0.0983       9.96     0.0161  3.847e-13  1.000e-12  2.599e+02    10.0189    10.0277     0.0088     7.8984     7.9048     76.772     78.476      0.240    1442.31    1442.37  0.000e+00
       7472     78.000     5.5046     5.5117     0.0070    1.08514    1.08593          1     0.1242     0.0961       9.96     0.0160  3.847e-13  1.000e-12  2.599e+02    10.0759    10.0817     0.0058     7.9416     7.9458     77.268     78.981      0.237    1442.53    1442.57  0.000e+00
       7523     78.500     5.5271     5.5315     0.0044    1.08897    1.08926          1     0.1196     0.0883       9.96     0.0160  3.847e-13  1.000e-12  2.599e+02    10.1074    10.1090     0.0016     7.9653     7.9663     77.763     79.486      0.239    1442.67    1442.70  0.000e+00
       7572     79.000     5.5549     5.5645     0.0096    1.09351    1.09448          1     0.1210     0.0874       9.96     0.0161  3.847e-13  1.000e-12  2.599e+02    10.1444    10.1513     0.0068     7.9930     7.9978     78.258     79.991      0.247    1442.85    1442.90  0.000e+00
       7621     79.500     5.6021     5.6154     0.0133    1.10076    1.10226          1     0.1141     0.0824       9.96     0.0160  3.847e-13  1.000e-12  2.599e+02    10.2027    10.2136     0.0110     8.0363     8.0441     78.753     80.497      0.247    1443.13    1443.20  0.000e+00
       7669     80.000     5.6387     5.6457     0.0070    1.10652    1.10712          1     0.1151     0.0798       9.96     0.0160  3.847e-13  1.000e-12  2.599e+02    10.2490    10.2529     0.0039     8.0707     8.0734     79.248     81.002      0.248    1443.36    1443.39  0.000e+00
       7718     80.500     5.6442     5.6466     0.0024    1.10733    1.10743          1     0.1143     0.0786       9.96     0.0160  3.847e-13  1.000e-12  2.599e+02    10.2554    10.2557     0.0003     8.0755     8.0756     79.744     81.507      0.241    1443.40    1443.41  0.000e+00
       7769     81.000     5.6451     5.6468     0.0017    1.10780    1.10780          1     0.1154     0.0740       9.84     0.0162  3.847e-13  1.000e-12  2.599e+02    10.2598    10.2592    -0.0006     8.0788     8.0783     80.239     82.012      0.233    1443.41    1443.42  0.000e+00
       7819     81.500     5.6750     5.6827     0.0077    1.11459    1.11540          1     0.1120     0.0747       9.35     0.0161  3.847e-13  1.000e-12  2.599e+02    10.3184    10.3241     0.0057     8.1233     8.1274     80.734     82.517      0.244    1443.63    1443.67  0.000e+00
       7869     82.000     5.7266     5.7402     0.0136    1.12416    1.12598          1     0.1063     0.0686       8.81     0.0161  3.847e-13  1.000e-12  2.599e+02    10.3981    10.4121     0.0140     8.1832     8.1934     81.229     83.023      0.237    1443.95    1444.03  0.000e+00
       7918     82.500     5.7707     5.7828     0.0121    1.13178    1.13341          1     0.1082     0.0712       8.29     0.0161  3.847e-13  1.000e-12  2.599e+02    10.4604    10.4730     0.0126     8.2297     8.2389     81.724     83.528      0.252    1444.23    1444.30  0.000e+00
       7965     83.000     5.7951     5.8084     0.0132    1.13652    1.13844          1     0.1087     0.0655       7.76     0.0161  3.847e-13  1.000e-12  2.599e+02    10.5001    10.5151     0.0150     8.2595     8.2706     82.220     84.033      0.250    1444.39    1444.47  0.000e+00
       8014     83.500     5.8147     5.8241     0.0094    1.14031    1.14162          1     0.1042     0.0658       7.23     0.0163  3.847e-13  1.000e-12  2.599e+02    10.5318    10.5419     0.0101     8.2833     8.2907     82.715     84.538      0.242    1444.53    1444.58  0.000e+00
       8064     84.000     5.8395     5.8473     0.0078    1.14455    1.14536          1     0.1053     0.0666       6.74     0.0161  3.847e-13  1.000e-12  2.599e+02    10.5662    10.5719     0.0056     8.3090     8.3129     83.210     85.043      0.241    1444.68    1444.72  0.000e+00
