ctdpy/tests/etc/all_smhi_bas_2018/SBE09_1044_20180129_1434_34_02_0031.cnv
* Sea-Bird SBE 9 Data File:
* FileName = C:\ctd\temp\2018\ME18D031.hex
* Software Version Seasave V 7.26.6.26
* Temperature SN = 5351
* Conductivity SN = 3941
* Number of Bytes Per Scan = 41
* Number of Voltage Words = 4
* Number of Scans Averaged by the Deck Unit = 1
* NMEA Latitude = 58 26.52 N
* NMEA Longitude = 020 20.04 E
* NMEA UTC (Time) = Jan 29 2018  14:34:38
* NMEA baud rate = 4800
** Station:  BY21
** Operator:  SSip
** Ship: MERI
** Average sound velocity: 1439.03 m/s
** True-depth calculation Mon, 29 Jan 2018 16:10:53 +0000
** CTD Python Module SMHI /ver 3-12/ feb 2012 
** LIMS Job: 20183402-0031
** Cruise: SMHI-01-2018
** Latitude [GG MM.mm N] :
** Longitude [GG MM.mm E]:
# nquan = 26
# nvalues = 233                         
# units = specified
# name 0 = scan: Scan Count
# name 1 = prDM: Pressure, Digiquartz [db]
# name 2 = t090C: Temperature [ITS-90, deg C]
# name 3 = t190C: Temperature, 2 [ITS-90, deg C]
# name 4 = T2-T190C: Temperature Difference, 2 - 1 [ITS-90, deg C]
# name 5 = c0S/m: Conductivity [S/m]
# name 6 = c1S/m: Conductivity, 2 [S/m]
# name 7 = pumps: Pump Status
# name 8 = sbeox0ML/L: Oxygen, SBE 43 [ml/l]
# name 9 = sbeox1ML/L: Oxygen, SBE 43, 2 [ml/l]
# name 10 = altM: Altimeter [m]
# name 11 = flECO-AFL: Chl-a Fluorescence, WET Labs ECO-AFL/FL [mg/m^3]
# name 12 = flECO-AFL1: Phycocyanin Fluorescence, WET Labs ECO-AFL/FL, 2 [mg/m^3]
# name 13 = par: PAR/Irradiance, Biospherical/Lico [µE/(cm^2*s)]
# name 14 = turbWETntu0: Turbidity, WET Labs ECO [NTU]
# name 15 = sal00: Salinity, Practical [PSU]
# name 16 = sal11: Salinity, Practical, 2 [PSU]
# name 17 = secS-priS: Salinity, Practical, Difference, 2 - 1 [PSU]
# name 18 = sigma-t00: Density [sigma-t, Kg/m^3 ]
# name 19 = sigma-t11: Density, 2 [sigma-t, Kg/m^3 ]
# name 20 = depSM: Depth [salt water, m], lat = 58.442
# name 21 = depFM: Depth [true depth, m], lat = 58.442
# name 22 = dz/dtM: Descent Rate [m/s], WS = 2
# name 23 = svCM: Sound Velocity [Chen-Millero, m/s]
# name 24 = svCM1: Sound Velocity, 2 [Chen-Millero, m/s]
# name 25 = flag: flag
# span 0 =       7620,      12821       
# span 1 =      1.000,    117.000       
# span 2 =     4.6057,     6.3101       
# span 3 =     4.6062,     6.3103       
# span 4 =    -0.0429,     0.0333       
# span 5 =   0.788256,   1.256704       
# span 6 =   0.788268,   1.256658       
# span 7 =          1,          1       
# span 8 =    0.02895,    8.09456       
# span 9 =    0.04971,    8.06308       
# span 10 =       2.79,      98.80      
# span 11 =     0.2726,     0.3825      
# span 12 =     0.2687,     0.5451      
# span 13 = -2.903e-06, 1.8245e+01      
# span 14 =     0.1070,     0.9761      
# span 15 =     7.3460,    11.5226      
# span 16 =     7.3458,    11.5221      
# span 17 =    -0.0171,     0.0020      
# span 18 =     5.8185,     9.0311      
# span 19 =     5.8192,     9.0307      
# span 20 =      0.991,    115.879      
# span 21 =      1.013,    118.357      
# span 22 =     -0.228,      0.824      
# span 23 =    1433.97,    1448.41      
# span 24 =    1433.97,    1448.40      
# span 25 = 0.0000e+00, 0.0000e+00      
# interval = decibars: 0.5              
# start_time = Jan 29 2018 14:34:38 [NMEA time, first data scan]
# bad_flag = -9.990e-29
*END*
[from data line 112]
      10160     57.000     4.6121     4.6125     0.0004    0.78917    0.78914          1     8.0646     8.0053      98.80     0.3390     0.3462  1.000e-12  0.1188000     7.3476     7.3472    -0.0004     5.8233     5.8230     56.462     57.721      0.726    1434.82    1434.82  0.000e+00
      10177     57.500     4.6119     4.6123     0.0004    0.78917    0.78915          1     8.0692     8.0139      75.98     0.3380     0.3992  1.000e-12  0.1167000     7.3476     7.3473    -0.0003     5.8234     5.8231     56.957     58.227      0.646    1434.83    1434.83  0.000e+00
      10198     58.000     4.6118     4.6122     0.0004    0.78918    0.78916          1     8.0647     8.0215      65.43     0.3530     0.3746  1.000e-12  0.1180000     7.3476     7.3473    -0.0003     5.8234     5.8231     57.452     58.733      0.510    1434.83    1434.83  0.000e+00
      10226     58.500     4.6113     4.6122     0.0009    0.78918    0.78916          1     8.0637     8.0305      78.94     0.3564     0.3244  1.000e-12  0.1353000     7.3476     7.3473    -0.0004     5.8234     5.8231     57.948     59.239      0.408    1434.84    1434.84  0.000e+00
      10255     59.000     4.6116     4.6125     0.0009    0.78919    0.78917          1     8.0604     8.0174      63.87     0.3509     0.3116  1.000e-12  0.1221000     7.3476     7.3473    -0.0003     5.8234     5.8231     58.443     59.746      0.466    1434.85    1434.85  0.000e+00
      10278     59.500     4.6113     4.6116     0.0003    0.78919    0.78916          1     8.0506     8.0136      85.57     0.3319     0.3094  1.000e-12  0.1222000     7.3476     7.3472    -0.0004     5.8234     5.8231     58.938     60.252      0.572    1434.86    1434.86  0.000e+00
      10297     60.000     4.6111     4.6114     0.0003    0.78917    0.78915          1     8.0539     8.0108      63.10     0.3382     0.3150  1.000e-12  0.1222000     7.3475     7.3472    -0.0003     5.8233     5.8231     59.433     60.758      0.635    1434.86    1434.86  0.000e+00
      10316     60.500     4.6113     4.6122     0.0010    0.78920    0.78919          1     8.0597     8.0035      62.55     0.3501     0.3174  1.000e-12  0.1205000     7.3476     7.3473    -0.0004     5.8234     5.8231     59.928     61.265      0.637    1434.87    1434.88  0.000e+00
      10335     61.000     4.6120     4.6121     0.0001    0.78923    0.78919          1     8.0603     8.0004      62.20     0.3398     0.3269  1.000e-12  0.1363000     7.3477     7.3473    -0.0004     5.8234     5.8231     60.424     61.771      0.591    1434.88    1434.88  0.000e+00
      10357     61.500     4.6132     4.6139     0.0007    0.78928    0.78926          1     8.0593     8.0015      61.70     0.3408     0.3248  1.000e-12  0.1211000     7.3479     7.3475    -0.0004     5.8235     5.8232     60.919     62.277      0.547    1434.90    1434.90  0.000e+00
      10379     62.000     4.6155     4.6158     0.0002    0.78937    0.78934          1     8.0525     8.0051      61.11     0.3495     0.3232  1.000e-12  0.1220000     7.3482     7.3478    -0.0004     5.8237     5.8234     61.414     62.784      0.534    1434.91    1434.92  0.000e+00
      10401     62.500     4.6121     4.6124     0.0003    0.78926    0.78922          1     8.0479     8.0170      60.49     0.3425     0.3354  1.000e-12  0.1317000     7.3478     7.3473    -0.0004     5.8235     5.8231     61.909     63.290      0.540    1434.90    1434.91  0.000e+00
      10423     63.000     4.6111     4.6115     0.0004    0.78922    0.78919          1     8.0583     8.0207      59.95     0.3381     0.3468  1.000e-12  0.1259000     7.3475     7.3472    -0.0004     5.8233     5.8230     62.404     63.796      0.565    1434.91    1434.91  0.000e+00
      10444     63.500     4.6114     4.6117     0.0003    0.78923    0.78921          1     8.0683     8.0188      59.44     0.3372     0.3480  1.000e-12  0.1140000     7.3475     7.3472    -0.0003     5.8233     5.8230     62.900     64.303      0.605    1434.92    1434.92  0.000e+00
      10463     64.000     4.6164     4.6150    -0.0014    0.78942    0.78933          1     8.0686     8.0135      59.00     0.3393     0.3490  1.000e-12  0.1228000     7.3482     7.3476    -0.0006     5.8237     5.8233     63.395     64.809      0.615    1434.95    1434.94  0.000e+00
      10483     64.500     4.6173     4.6180     0.0008    0.78946    0.78944          1     8.0633     8.0099      58.48     0.3516     0.3396  1.000e-12  0.1287000     7.3483     7.3480    -0.0003     5.8237     5.8235     63.890     65.315      0.550    1434.96    1434.96  0.000e+00
      10508     65.000     4.6196     4.6202     0.0005    0.78955    0.78952          1     8.0534     8.0130      57.85     0.3525     0.3197  1.000e-12  0.1117000     7.3487     7.3483    -0.0004     5.8240     5.8236     64.385     65.822      0.435    1434.98    1434.98  0.000e+00
      10537     65.500     4.6201     4.6207     0.0006    0.78958    0.78955          1     8.0509     8.0119      57.26     0.3538     0.3164  1.000e-12  0.1232000     7.3488     7.3484    -0.0004     5.8240     5.8237     64.880     66.328      0.468    1434.99    1434.99  0.000e+00
      10560     66.000     4.6212     4.6215     0.0002    0.78961    0.78958          1     8.0453     8.0106      56.84     0.3614     0.3209  1.000e-12  0.1399000     7.3488     7.3484    -0.0004     5.8240     5.8237     65.375     66.834      0.607    1435.00    1435.00  0.000e+00
      10578     66.500     4.6251     4.6247    -0.0004    0.78978    0.78972          1     8.0470     8.0024      56.39     0.3477     0.3311  1.000e-12  0.1347000     7.3495     7.3491    -0.0004     5.8244     5.8241     65.871     67.341      0.675    1435.03    1435.03  0.000e+00
      10595     67.000     4.6284     4.6285     0.0000    0.78992    0.78988          1     8.0467     7.9917      55.90     0.3279     0.3235  1.000e-12  0.1254000     7.3501     7.3498    -0.0004     5.8248     5.8245     66.366     67.847      0.671    1435.05    1435.05  0.000e+00
      10613     67.500     4.6366     4.6358    -0.0008    0.79029    0.79022          1     8.0453     7.9937      55.36     0.3296     0.3050  1.000e-12  0.1363000     7.3520     7.3514    -0.0006     5.8260     5.8256     66.861     68.353      0.631    1435.10    1435.10  0.000e+00
      10633     68.000     4.6454     4.6454     0.0000    0.79072    0.79069          1     8.0288     7.9899      54.78     0.3390     0.2712  1.000e-12  0.1229000     7.3543     7.3539    -0.0003     5.8275     5.8273     67.356     68.860      0.576    1435.15    1435.15  0.000e+00
      10656     68.500     4.6634     4.6634     0.0000    0.79184    0.79182          1     7.9725     7.9485      54.21     0.3254     0.2716  1.000e-12  0.1180000     7.3614     7.3612    -0.0002     5.8325     5.8324     67.851     69.366      0.495    1435.25    1435.25  0.000e+00
      10683     69.000     4.6774     4.6776     0.0002    0.79310    0.79305          1     7.8806     7.8531      53.60     0.3109     0.3261  1.000e-12  0.1255000     7.3708     7.3702    -0.0005     5.8395     5.8391     68.347     69.872      0.434    1435.33    1435.33  0.000e+00
      10710     69.500     4.6988     4.6966    -0.0022    0.79437    0.79425          1     7.8345     7.8330      53.09     0.3080     0.3152  1.000e-12  0.1228000     7.3787     7.3780    -0.0007     5.8450     5.8445     68.842     70.379      0.512    1435.44    1435.43  0.000e+00
      10730     70.000     4.7979     4.7901    -0.0077    0.80374    0.80334          1     7.4672     7.5426      52.69     0.3072     0.3300  1.000e-12  0.1287000     7.4497     7.4475    -0.0022     5.8977     5.8962     69.337     70.885      0.630    1435.98    1435.94  0.000e+00
      10748     70.500     5.0413     5.0340    -0.0073    0.83393    0.83340          1     6.8018     7.0024      52.27     0.3062     0.3182  1.000e-12  0.1437000     7.6944     7.6908    -0.0036     6.0820     6.0795     69.832     71.391      0.680    1437.37    1437.33  0.000e+00
      10766     71.000     5.1440     5.1422    -0.0019    0.85454    0.85433          1     5.9649     6.2977      51.84     0.2948     0.3003  1.000e-12  0.1553000     7.8748     7.8730    -0.0017     6.2204     6.2191     70.327     71.897      0.650    1438.06    1438.05  0.000e+00
      10785     71.500     5.2390     5.2326    -0.0064    0.88980    0.88791          1     4.7788     5.2761      51.18     0.3035     0.3140  1.000e-12  0.1552000     8.2013     8.1842    -0.0171     6.4744     6.4612     70.823     72.403      0.570    1438.90    1438.85  0.000e+00
      10808     72.000     5.3736     5.3690    -0.0047    0.94425    0.94292          1     3.1235     3.8676      65.47     0.3010     0.3268  1.000e-12  0.1446000     8.7077     8.6956    -0.0121     6.8682     6.8589     71.318     72.909      0.501    1440.13    1440.10  0.000e+00
      10833     72.500     5.5852     5.5849    -0.0003    0.99279    0.99236          1     1.5683     2.4894      60.30     0.2786     0.3194  1.000e-12  0.1363000     9.1332     9.1289    -0.0042     7.1933     7.1901     71.813     73.415      0.479    1441.60    1441.59  0.000e+00
      10858     73.000     5.7074     5.7099     0.0025    1.01661    1.01688          1     0.7880     1.7231      49.30     0.2770     0.3055  1.000e-12  0.1265000     9.3357     9.3377     0.0020     7.3465     7.3480     72.308     73.920      0.506    1442.39    1442.40  0.000e+00
      10881     73.500     5.7554     5.7549    -0.0004    1.02845    1.02829          1     0.6464     1.4456      48.98     0.2803     0.2798  1.000e-12  0.1225000     9.4394     9.4380    -0.0014     7.4257     7.4246     72.803     74.426      0.564    1442.73    1442.73  0.000e+00
      10901     74.000     5.7668     5.7665    -0.0003    1.03274    1.03261          1     0.7786     1.4096      48.49     0.2726     0.2722  1.000e-12  0.1314000     9.4787     9.4774    -0.0013     7.4560     7.4550     73.298     74.931      0.625    1442.84    1442.84  0.000e+00
      10919     74.500     5.7946     5.7943    -0.0003    1.05054    1.05058          1     0.9636     1.4570      47.98     0.2790     0.3001  1.000e-12  0.1432000     9.6469     9.6473     0.0004     7.5870     7.5874     73.794     75.437      0.662    1443.18    1443.18  0.000e+00
      10937     75.000     5.7879     5.7899     0.0019    1.05997    1.05985          1     0.9819     1.3884      47.45     0.2828     0.3122  1.000e-12  0.1495000     9.7422     9.7404    -0.0017     7.6626     7.6611     74.289     75.942      0.650    1443.28    1443.28  0.000e+00
      10956     75.500     5.7349     5.7359     0.0010    1.07075    1.07041          1     0.8047     1.1818      46.91     0.2846     0.3167  1.000e-12  0.1494000     9.8645     9.8608    -0.0037     7.7620     7.7591     74.784     76.448      0.574    1443.21    1443.21  0.000e+00
      10980     76.000     5.7608     5.7601    -0.0007    1.08153    1.08122          1     0.6532     0.9878      46.31     0.2861     0.3199  1.000e-12  0.1464000     9.9640     9.9612    -0.0029     7.8390     7.8368     75.279     76.953      0.466    1443.46    1443.45  0.000e+00
      11007     76.500     5.7822     5.7819    -0.0002    1.08704    1.08679          1     0.6383     0.9155      45.69     0.2871     0.3309  1.000e-12  0.1498000    10.0124    10.0099    -0.0025     7.8759     7.8740     75.774     77.458      0.465    1443.62    1443.61  0.000e+00
      11031     77.000     5.8017     5.8021     0.0004    1.09410    1.09396          1     0.6333     0.8718      45.21     0.2886     0.3183  1.000e-12  0.1476000    10.0767    10.0752    -0.0015     7.9254     7.9242     76.269     77.964      0.552    1443.79    1443.79  0.000e+00
      11051     77.500     5.8106     5.8101    -0.0004    1.09849    1.09834          1     0.6257     0.8299      44.77     0.2835     0.2717  1.000e-12  0.1671000    10.1176    10.1162    -0.0014     7.9571     7.9560     76.765     78.469      0.576    1443.89    1443.89  0.000e+00
      11073     78.000     5.8158     5.8164     0.0006    1.10096    1.10087          1     0.6076     0.7754      44.14     0.2836     0.3118  1.000e-12  0.1734000    10.1405    10.1395    -0.0010     7.9749     7.9740     77.260     78.974      0.545    1443.95    1443.95  0.000e+00
      11095     78.500     5.8059     5.8063     0.0004    1.10259    1.10248          1     0.5593     0.7151      43.54     0.2847     0.3062  1.000e-12  0.1722000    10.1596    10.1583    -0.0012     7.9905     7.9895     77.755     79.479      0.550    1443.94    1443.94  0.000e+00
      11116     79.000     5.8077     5.8078     0.0001    1.10596    1.10579          1     0.5156     0.6594      42.93     0.3081     0.3154  1.000e-12  0.1696000    10.1924    10.1907    -0.0017     8.0163     8.0150     78.250     79.985      0.618    1443.99    1443.99  0.000e+00
      11134     79.500     5.8248     5.8242    -0.0006    1.11103    1.11088          1     0.5047     0.6339      42.33     0.3145     0.3309  1.000e-12  0.1728000    10.2377    10.2364    -0.0013     8.0509     8.0499     78.745     80.490      0.675    1444.13    1444.13  0.000e+00
      11152     80.000     5.8374     5.8370    -0.0005    1.11640    1.11614          1     0.5015     0.6176      41.62     0.2972     0.3166  1.000e-12  0.1917000    10.2872    10.2847    -0.0025     8.0892     8.0873     79.240     80.995      0.674    1444.26    1444.25  0.000e+00
      11170     80.500     5.8523     5.8518    -0.0005    1.12129    1.12118          1     0.4781     0.5847      40.88     0.2975     0.3263  1.000e-12  0.1818000    10.3312    10.3302    -0.0009     8.1230     8.1223     79.736     81.500      0.599    1444.38    1444.38  0.000e+00
      11193     81.000     5.8611     5.8612     0.0001    1.12306    1.12296          1     0.4438     0.5443      40.24     0.3047     0.3303  1.000e-12  0.1947000    10.3461    10.3450    -0.0011     8.1342     8.1333     80.231     82.005      0.480    1444.45    1444.45  0.000e+00
      11221     81.500     5.8696     5.8699     0.0003    1.12621    1.12593          1     0.3869     0.4884      39.64     0.3179     0.3233  1.000e-12  0.2336000    10.3747    10.3717    -0.0030     8.1562     8.1539     80.726     82.510      0.431    1444.53    1444.53  0.000e+00
      11247     82.000     5.8682     5.8692     0.0010    1.13020    1.13007          1     0.2951     0.3990      39.09     0.3308     0.3178  1.000e-12  0.2714000    10.4148    10.4131    -0.0016     8.1879     8.1866     81.221     83.016      0.479    1444.58    1444.58  0.000e+00
      11271     82.500     5.8721     5.8719    -0.0002    1.13474    1.13450          1     0.2221     0.3265      38.70     0.3074     0.3155  1.000e-12  0.2603000    10.4586    10.4562    -0.0024     8.2222     8.2203     81.716     83.521      0.534    1444.66    1444.66  0.000e+00
      11292     83.000     5.8918     5.8913    -0.0004    1.14377    1.14350          1     0.1575     0.2718      38.20     0.3103     0.3115  1.000e-12  0.2631000    10.5423    10.5398    -0.0025     8.2869     8.2850     82.211     84.026      0.591    1444.86    1444.86  0.000e+00
      11312     83.500     5.9205     5.9197    -0.0008    1.15143    1.15121          1     0.1282     0.2297      37.71     0.3194     0.3021  1.000e-12  0.2653000    10.6095    10.6076    -0.0020     8.3381     8.3366     82.706     84.531      0.652    1445.08    1445.07  0.000e+00
      11329     84.000     5.9272     5.9270    -0.0002    1.15338    1.15326          1     0.1241     0.2228      37.31     0.3089     0.3131  1.000e-12  0.2443000    10.6267    10.6256    -0.0011     8.3512     8.3504     83.202     85.036      0.704    1445.13    1445.13  0.000e+00
