ctdpy/tests/etc/all_smhi_bas_2018/SBE09_0827_20180825_1003_26_01_0893.cnv
* Sea-Bird SBE 9 Data File:
* FileName = D:\CTD_SBE911\DAT\26DA.2018.8.93.hex
* Software Version Seasave V 7.21d
* Temperature SN = 034605
* Conductivity SN = 041844
* Number of Bytes Per Scan = 48
* Number of Voltage Words = 5
* Number of Scans Averaged by the Deck Unit = 1
* NMEA Latitude = 58 05.09 N
* NMEA Longitude = 011 07.73 E
* NMEA UTC (Time) = Aug 25 2018  10:05:28
* NMEA baud rate = 4800
** Ship: DANA
** Average sound velocity: 1501.93 m/s
** True-depth calculation Thu, 28 Mar 2019 09:27:26 +0000
** CTD Python Module SMHI /ver 3-12/ feb 2012 
** LIMS Job: 20182601-0893
**  APOTEKET SYD
** Operator: Christian
** Cruise: 08/2018
# nquan = 26
# nvalues = 207                         
# units = specified
# name 0 = scan: Scan Count
# name 1 = prDM: Pressure, Digiquartz [db]
# name 2 = t090C: Temperature [ITS-90, deg C]
# name 3 = t190C: Temperature, 2 [ITS-90, deg C]
# name 4 = T2-T190C: Temperature Difference, 2 - 1 [ITS-90, deg C]
# name 5 = c0S/m: Conductivity [S/m]
# name 6 = c1S/m: Conductivity, 2 [S/m]
# name 7 = pumps: Pump Status
# name 8 = sbeox1ML/L: Oxygen, SBE 43, 2 [ml/l]
# name 9 = sbeox0ML/L: Oxygen, SBE 43 [ml/l]
# name 10 = altM: Altimeter [m]
# name 11 = chloroflTC0: Chlorophyll, Turner Cyclops [ug/l]
# name 12 = cpar: CPAR/Corrected Irradiance [%]
# name 13 = par: PAR/Irradiance, Biospherical/Lico [µE/(cm^2*s)]
# name 14 = spar: SPAR, Biospherical/Licor
# name 15 = sal00: Salinity, Practical [PSU]
# name 16 = sal11: Salinity, Practical, 2 [PSU]
# name 17 = secS-priS: Salinity, Practical, Difference, 2 - 1 [PSU]
# name 18 = sigma-t00: Density [sigma-t, kg/m^3 ]
# name 19 = sigma-t11: Density, 2 [sigma-t, kg/m^3 ]
# name 20 = depSM: Depth [salt water, m], lat = 58.0848
# name 21 = depFM: Depth [true depth, m], lat = 58.0848
# name 22 = dz/dtM: Descent Rate [m/s], WS = 2
# name 23 = svCM: Sound Velocity [Chen-Millero, m/s]
# name 24 = svCM1: Sound Velocity, 2 [Chen-Millero, m/s]
# name 25 = flag: flag
# span 0 =         66,       9951       
# span 1 =      1.500,    104.500       
# span 2 =     7.6818,    17.7126       
# span 3 =     7.6796,    17.7104       
# span 4 =    -0.4211,     0.1085       
# span 5 =   3.591448,   4.278017       
# span 6 =   3.591771,   4.277647       
# span 7 =          1,          1       
# span 8 =     5.2033,     6.0389       
# span 9 =     4.9550,     6.1363       
# span 10 =       1.97,       9.98      
# span 11 =     0.0355,     0.3083      
# span 12 = -6.444e-06, 1.2050e+01      
# span 13 = -1.508e-04, 2.3107e+02      
# span 14 = 1.7031e+03, 2.4405e+03      
# span 15 =    32.0864,    34.9470      
# span 16 =    32.0900,    34.9617      
# span 17 =    -0.0733,     0.1547      
# span 18 =    23.2341,    27.2795      
# span 19 =    23.2363,    27.2886      
# span 20 =      1.486,    103.505      
# span 21 =      1.493,    103.849      
# span 22 =      0.020,      0.541      
# span 23 =    1482.92,    1512.70      
# span 24 =    1482.92,    1512.69      
# span 25 = 0.0000e+00, 0.0000e+00      
# interval = decibars: 0.5              
# start_time = Aug 25 2018 10:05:28 [NMEA time, first data scan]
# bad_flag = -9.990e-29
*END*
         66      1.500    17.1918    17.1916    -0.0003    4.17193    4.17232          1     5.6746     5.4997       9.98     0.1279  1.205e+01  2.311e+02  1.913e+03    32.0875    32.0910     0.0035    23.2353    23.2381      1.486      1.493      0.222    1510.10    1510.10  0.000e+00
        235      2.000    17.1924    17.1917    -0.0006    4.17198    4.17232          1     5.6839     5.5008       9.98     0.1288  8.385e+00  1.788e+02  2.131e+03    32.0873    32.0907     0.0034    23.2350    23.2378      1.981      1.991      0.359    1510.11    1510.11  0.000e+00
        290      2.500    17.1937    17.1928    -0.0008    4.17209    4.17241          1     5.7108     5.4964       9.98     0.1290  9.308e+00  2.076e+02  2.230e+03    32.0870    32.0904     0.0034    23.2345    23.2373      2.477      2.489      0.535    1510.12    1510.12  0.000e+00
        335      3.000    17.1940    17.1943     0.0003    4.17217    4.17254          1     5.7112     5.4891       9.98     0.1310  7.097e+00  1.525e+02  2.150e+03    32.0873    32.0902     0.0030    23.2346    23.2368      2.972      2.986      0.333    1510.13    1510.13  0.000e+00
        402      3.500    17.1967    17.1958    -0.0009    4.17246    4.17268          1     5.6662     5.4839       9.98     0.1307  6.733e+00  1.333e+02  1.980e+03    32.0874    32.0900     0.0026    23.2341    23.2363      3.468      3.484      0.410    1510.15    1510.15  0.000e+00
        428      4.000    17.1963    17.1967     0.0004    4.17244    4.17284          1     5.6899     5.4963       9.98     0.1262  5.993e+00  1.118e+02  1.864e+03    32.0874    32.0906     0.0032    23.2342    23.2365      3.963      3.982      0.386    1510.16    1510.16  0.000e+00
        480      4.500    17.1943    17.1941    -0.0002    4.17221    4.17272          1     5.7045     5.4921       9.98     0.1240  6.486e+00  1.102e+02  1.703e+03    32.0869    32.0914     0.0045    23.2342    23.2377      4.458      4.479      0.261    1510.16    1510.16  0.000e+00
        521      5.000    17.1916    17.1913    -0.0003    4.17193    4.17244          1     5.6962     5.4961       9.98     0.1292  6.119e+00  1.065e+02  1.739e+03    32.0864    32.0910     0.0046    23.2345    23.2381      4.954      4.977      0.453    1510.15    1510.16  0.000e+00
        547      5.500    17.1881    17.1860    -0.0022    4.17168    4.17211          1     5.7176     5.5047       9.98     0.1304  5.673e+00  1.070e+02  1.893e+03    32.0868    32.0922     0.0054    23.2356    23.2403      5.449      5.475      0.340    1510.15    1510.15  0.000e+00
        636      6.000    17.1850    17.1850    -0.0001    4.17139    4.17193          1     5.6919     5.4825       9.98     0.1377  4.423e+00  1.068e+02  2.405e+03    32.0866    32.0913     0.0046    23.2362    23.2398      5.944      5.972      0.366    1510.15    1510.16  0.000e+00
        656      6.500    17.1802    17.1795    -0.0007    4.17115    4.17157          1     5.7217     5.4932       9.98     0.1397  4.090e+00  9.800e+01  2.396e+03    32.0883    32.0924     0.0041    23.2386    23.2419      6.440      6.470      0.468    1510.15    1510.15  0.000e+00
        711      7.000    17.1799    17.1789    -0.0010    4.17188    4.17208          1     5.7190     5.4996       9.98     0.1481  4.070e+00  9.627e+01  2.366e+03    32.0946    32.0971     0.0025    23.2436    23.2457      6.935      6.968      0.282    1510.16    1510.16  0.000e+00
        762      7.500    17.2006    17.2231     0.0225    4.17754    4.17822          1     5.6871     5.4723       9.98     0.1589  3.624e+00  8.555e+01  2.361e+03    32.1265    32.1144    -0.0120    23.2631    23.2486      7.430      7.466      0.327    1510.27    1510.32  0.000e+00
        815      8.000    17.3333    17.4377     0.1041    4.20675    4.21564          1     5.6729     5.4319       9.98     0.1946  3.237e+00  7.619e+01  2.353e+03    32.2707    32.2639    -0.0068    23.3423    23.3124      7.926      7.963      0.243    1510.84    1511.15  0.000e+00
        855      8.500    17.6802    17.6764    -0.0036    4.26903    4.26006          1     5.6675     5.3741       9.98     0.2318  3.040e+00  7.095e+01  2.334e+03    32.5256    32.4523    -0.0733    23.4550    23.3998      8.421      8.461      0.390    1512.17    1512.08  0.000e+00
        890      9.000    17.6871    17.6934     0.0063    4.27024    4.26844          1     5.6512     5.3619       9.98     0.2762  2.800e+00  6.527e+01  2.332e+03    32.5302    32.5099    -0.0203    23.4569    23.4399      8.916      8.958      0.274    1512.21    1512.20  0.000e+00
        949      9.500    17.6844    17.6971     0.0126    4.27030    4.27060          1     5.6513     5.3532       9.98     0.2865  2.574e+00  5.985e+01  2.325e+03    32.5327    32.5251    -0.0076    23.4594    23.4506      9.412      9.456      0.210    1512.21    1512.24  0.000e+00
       1006     10.000    17.6909    17.6971     0.0062    4.27149    4.27131          1     5.5986     5.3361       9.98     0.2932  2.231e+00  5.155e+01  2.311e+03    32.5375    32.5310    -0.0065    23.4616    23.4551      9.907      9.954      0.243    1512.25    1512.26  0.000e+00
       1046     10.500    17.6974    17.6971    -0.0002    4.27232    4.27159          1     5.5863     5.3425       9.98     0.3037  1.938e+00  4.506e+01  2.324e+03    32.5392    32.5332    -0.0060    23.4613    23.4568     10.402     10.451      0.335    1512.27    1512.27  0.000e+00
       1084     11.000    17.6964    17.6956    -0.0009    4.27246    4.27162          1     5.5886     5.3535       9.98     0.3083  1.651e+00  3.861e+01  2.338e+03    32.5410    32.5345    -0.0065    23.4629    23.4582     10.898     10.949      0.246    1512.28    1512.27  0.000e+00
       1157     11.500    17.6960    17.6903    -0.0057    4.27247    4.27043          1     5.6258     5.3351       9.98     0.3004  1.506e+00  3.541e+01  2.352e+03    32.5412    32.5283    -0.0129    23.4632    23.4547     11.393     11.446      0.325    1512.29    1512.26  0.000e+00
       1184     12.000    17.6968    17.6961    -0.0007    4.27277    4.27239          1     5.6181     5.3236       9.98     0.2928  1.298e+00  3.060e+01  2.358e+03    32.5429    32.5403    -0.0026    23.4643    23.4624     11.888     11.944      0.405    1512.30    1512.30  0.000e+00
       1222     12.500    17.6965    17.6952    -0.0014    4.27274    4.27248          1     5.6096     5.3287       9.98     0.2975  1.179e+00  2.786e+01  2.363e+03    32.5427    32.5416    -0.0011    23.4642    23.4637     12.384     12.442      0.228    1512.31    1512.30  0.000e+00
       1287     13.000    17.6970    17.6947    -0.0023    4.27283    4.27221          1     5.6117     5.3336       9.98     0.2976  1.078e+00  2.545e+01  2.362e+03    32.5430    32.5395    -0.0035    23.4643    23.4622     12.879     12.939      0.247    1512.32    1512.31  0.000e+00
       1333     13.500    17.6968    17.6964    -0.0003    4.27292    4.27273          1     5.6271     5.3260       9.98     0.2979  8.929e-01  2.107e+01  2.360e+03    32.5437    32.5423    -0.0013    23.4649    23.4639     13.374     13.437      0.225    1512.33    1512.32  0.000e+00
       1397     14.000    17.6980    17.6965    -0.0014    4.27337    4.27283          1     5.5954     5.3057       9.98     0.2949  8.128e-01  1.916e+01  2.358e+03    32.5464    32.5429    -0.0035    23.4667    23.4644     13.870     13.934      0.293    1512.34    1512.33  0.000e+00
       1428     14.500    17.7056    17.7042    -0.0014    4.27487    4.27426          1     5.6007     5.2891       9.98     0.2844  7.585e-01  1.788e+01  2.358e+03    32.5528    32.5488    -0.0041    23.4698    23.4670     14.365     14.432      0.370    1512.38    1512.37  0.000e+00
       1484     15.000    17.7064    17.7009    -0.0055    4.27513    4.27404          1     5.5953     5.2976       9.98     0.2831  6.450e-01  1.518e+01  2.353e+03    32.5542    32.5494    -0.0048    23.4706    23.4683     14.860     14.930      0.248    1512.39    1512.37  0.000e+00
       1533     15.500    17.7076    17.7069    -0.0007    4.27531    4.27505          1     5.5806     5.2987       9.98     0.2800  6.041e-01  1.418e+01  2.348e+03    32.5547    32.5530    -0.0016    23.4707    23.4696     15.356     15.427      0.371    1512.41    1512.40  0.000e+00
       1569     16.000    17.7071    17.7065    -0.0006    4.27527    4.27534          1     5.6174     5.3070       9.98     0.2778  5.329e-01  1.249e+01  2.344e+03    32.5546    32.5556     0.0010    23.4707    23.4717     15.851     15.925      0.248    1512.41    1512.41  0.000e+00
       1636     16.500    17.7064    17.7055    -0.0009    4.27521    4.27517          1     5.5831     5.2879       9.98     0.2652  4.772e-01  1.119e+01  2.346e+03    32.5545    32.5548     0.0004    23.4708    23.4713     16.346     16.422      0.328    1512.42    1512.42  0.000e+00
       1666     17.000    17.7052    17.7035    -0.0016    4.27501    4.27508          1     5.5850     5.3041       9.98     0.2547  4.429e-01  1.040e+01  2.349e+03    32.5535    32.5554     0.0019    23.4704    23.4722     16.842     16.920      0.326    1512.42    1512.42  0.000e+00
       1728     17.500    17.7010    17.7020     0.0009    4.27454    4.27481          1     5.5915     5.2891       9.98     0.2677  3.970e-01  9.328e+00  2.350e+03    32.5526    32.5542     0.0015    23.4707    23.4717     17.337     17.418      0.262    1512.42    1512.42  0.000e+00
       1774     18.000    17.7004    17.6995    -0.0008    4.27452    4.27448          1     5.5885     5.2918       9.98     0.2558  3.471e-01  8.156e+00  2.350e+03    32.5528    32.5531     0.0003    23.4710    23.4715     17.832     17.915      0.277    1512.42    1512.42  0.000e+00
       1821     18.500    17.7012    17.6992    -0.0020    4.27463    4.27446          1     5.5966     5.2870       9.98     0.2531  3.248e-01  7.634e+00  2.350e+03    32.5529    32.5531     0.0001    23.4709    23.4715     18.328     18.413      0.282    1512.43    1512.43  0.000e+00
       1855     19.000    17.6987    17.6980    -0.0007    4.27431    4.27435          1     5.5868     5.2896       9.98     0.2364  2.959e-01  6.945e+00  2.347e+03    32.5520    32.5529     0.0009    23.4708    23.4716     18.823     18.910      0.374    1512.43    1512.43  0.000e+00
       1908     19.500    17.6991    17.6981    -0.0010    4.27443    4.27440          1     5.5650     5.2952       9.98     0.2412  2.601e-01  6.104e+00  2.347e+03    32.5525    32.5531     0.0006    23.4711    23.4717     19.318     19.408      0.262    1512.44    1512.44  0.000e+00
       1962     20.000    17.6992    17.6981    -0.0012    4.27440    4.27439          1     5.5570     5.2995       9.98     0.2408  2.326e-01  5.466e+00  2.350e+03    32.5520    32.5528     0.0008    23.4707    23.4716     19.814     19.905      0.403    1512.45    1512.45  0.000e+00
       1990     20.500    17.6986    17.6979    -0.0008    4.27435    4.27437          1     5.5886     5.2932       9.98     0.2393  2.093e-01  4.921e+00  2.351e+03    32.5519    32.5527     0.0008    23.4707    23.4715     20.309     20.403      0.350    1512.46    1512.46  0.000e+00
       2049     21.000    17.6995    17.6977    -0.0018    4.27451    4.27443          1     5.5731     5.3007       9.98     0.2570  1.892e-01  4.434e+00  2.344e+03    32.5524    32.5531     0.0007    23.4709    23.4719     20.804     20.901      0.246    1512.47    1512.47  0.000e+00
       2095     21.500    17.7023    17.6988    -0.0034    4.27497    4.27460          1     5.5888     5.2955       9.98     0.2461  1.685e-01  3.938e+00  2.337e+03    32.5539    32.5534    -0.0005    23.4714    23.4719     21.299     21.398      0.271    1512.49    1512.48  0.000e+00
       2151     22.000    17.7051    17.7000    -0.0051    4.27534    4.27476          1     5.5925     5.2989       9.98     0.2512  1.483e-01  3.474e+00  2.343e+03    32.5546    32.5538    -0.0008    23.4712    23.4718     21.795     21.896      0.266    1512.51    1512.49  0.000e+00
       2185     22.500    17.7029    17.7018    -0.0012    4.27505    4.27504          1     5.5621     5.2958       9.98     0.2366  1.409e-01  3.310e+00  2.349e+03    32.5537    32.5545     0.0008    23.4711    23.4720     22.290     22.393      0.484    1512.51    1512.50  0.000e+00
       2208     23.000    17.6978    17.6993     0.0015    4.27431    4.27483          1     5.5796     5.2858       9.98     0.2616  1.277e-01  3.000e+00  2.350e+03    32.5514    32.5545     0.0032    23.4705    23.4726     22.785     22.891      0.456    1512.50    1512.51  0.000e+00
       2269     23.500    17.6963    17.6982     0.0019    4.27414    4.27470          1     5.5754     5.2788       9.98     0.2595  1.150e-01  2.699e+00  2.346e+03    32.5508    32.5542     0.0033    23.4705    23.4726     23.281     23.389      0.272    1512.50    1512.51  0.000e+00
       2322     24.000    17.6985    17.6977    -0.0008    4.27447    4.27456          1     5.5745     5.2641       9.98     0.2500  1.009e-01  2.367e+00  2.346e+03    32.5517    32.5531     0.0014    23.4706    23.4719     23.776     23.886      0.412    1512.52    1512.52  0.000e+00
       2351     24.500    17.6978    17.6977    -0.0000    4.27438    4.27456          1     5.6053     5.2857       9.97     0.2478  8.910e-02  2.091e+00  2.347e+03    32.5514    32.5530     0.0015    23.4706    23.4718     24.271     24.384      0.355    1512.52    1512.52  0.000e+00
       2394     25.000    17.6978    17.6976    -0.0001    4.27439    4.27458          1     5.6087     5.2940       9.10     0.2441  8.424e-02  1.977e+00  2.347e+03    32.5513    32.5530     0.0017    23.4705    23.4718     24.767     24.881      0.260    1512.53    1512.53  0.000e+00
       2437     25.500    17.6971    17.6974     0.0003    4.27431    4.27459          1     5.5962     5.2824       5.09     0.2587  7.815e-02  1.832e+00  2.345e+03    32.5510    32.5531     0.0021    23.4704    23.4719     25.262     25.379      0.255    1512.54    1512.54  0.000e+00
       2503     26.000    17.6973    17.6971    -0.0002    4.27435    4.27456          1     5.5770     5.2764       9.39     0.2612  6.675e-02  1.565e+00  2.345e+03    32.5510    32.5529     0.0019    23.4704    23.4719     25.757     25.877      0.286    1512.55    1512.55  0.000e+00
       2538     26.500    17.6974    17.6969    -0.0005    4.27437    4.27457          1     5.5781     5.2707       9.97     0.2277  5.976e-02  1.403e+00  2.348e+03    32.5509    32.5530     0.0021    23.4703    23.4720     26.253     26.374      0.480    1512.55    1512.56  0.000e+00
       2561     27.000    17.7028    17.6994    -0.0034    4.27545    4.27491          1     5.5777     5.2886       9.97     0.2397  5.440e-02  1.277e+00  2.348e+03    32.5556    32.5537    -0.0019    23.4726    23.4720     26.748     26.872      0.464    1512.58    1512.57  0.000e+00
       2623     27.500    17.7052    17.7002    -0.0050    4.27598    4.27518          1     5.5984     5.2909       9.97     0.2367  4.961e-02  1.162e+00  2.343e+03    32.5580    32.5552    -0.0028    23.4738    23.4729     27.243     27.369      0.251    1512.60    1512.58  0.000e+00
       2680     28.000    17.7053    17.7034    -0.0019    4.27608    4.27585          1     5.5952     5.2785       9.97     0.2301  4.265e-02  9.989e-01  2.342e+03    32.5585    32.5581    -0.0004    23.4742    23.4744     27.738     27.867      0.353    1512.61    1512.60  0.000e+00
       2716     28.500    17.7050    17.7043    -0.0007    4.27606    4.27611          1     5.5910     5.2691       9.97     0.2300  3.825e-02  8.971e-01  2.345e+03    32.5585    32.5594     0.0009    23.4743    23.4751     28.234     28.364      0.315    1512.62    1512.62  0.000e+00
