ctdpy/tests/etc/all_smhi_bas_2018/SBE09_0827_20181121_0609_26_01_1207.cnv
* Sea-Bird SBE 9 Data File:
* FileName = D:\CTD_SBE911\DAT\26DA.2018.12.7.hex
* Software Version Seasave V 7.21d
* Temperature SN = 4548
* Conductivity SN = 3062
* Number of Bytes Per Scan = 48
* Number of Voltage Words = 5
* Number of Scans Averaged by the Deck Unit = 1
* NMEA Latitude = 55 41.50 N
* NMEA Longitude = 014 25.53 E
* NMEA UTC (Time) = Nov 21 2018  06:09:14
* NMEA baud rate = 4800
** Ship: DANA
** Average sound velocity: 1448.08 m/s
** True-depth calculation Tue, 02 Apr 2019 12:12:02 +0000
** CTD Python Module SMHI /ver 3-12/ feb 2012 
** LIMS Job: 20182601-1207
** Operator: Ronny
** Cruise: 12/2018
# nquan = 26
# nvalues = 77                          
# units = specified
# name 0 = scan: Scan Count
# name 1 = prDM: Pressure, Digiquartz [db]
# name 2 = t090C: Temperature [ITS-90, deg C]
# name 3 = t190C: Temperature, 2 [ITS-90, deg C]
# name 4 = T2-T190C: Temperature Difference, 2 - 1 [ITS-90, deg C]
# name 5 = c0S/m: Conductivity [S/m]
# name 6 = c1S/m: Conductivity, 2 [S/m]
# name 7 = pumps: Pump Status
# name 8 = sbeox1ML/L: Oxygen, SBE 43, 2 [ml/l]
# name 9 = sbeox0ML/L: Oxygen, SBE 43 [ml/l]
# name 10 = altM: Altimeter [m]
# name 11 = chloroflTC0: Chlorophyll, Turner Cyclops [ug/l]
# name 12 = cpar: CPAR/Corrected Irradiance [%]
# name 13 = par: PAR/Irradiance, Biospherical/Lico [µE/(cm^2*s)]
# name 14 = spar: SPAR, Biospherical/Licor
# name 15 = sal00: Salinity, Practical [PSU]
# name 16 = sal11: Salinity, Practical, 2 [PSU]
# name 17 = secS-priS: Salinity, Practical, Difference, 2 - 1 [PSU]
# name 18 = sigma-t00: Density [sigma-t, kg/m^3 ]
# name 19 = sigma-t11: Density, 2 [sigma-t, kg/m^3 ]
# name 20 = depSM: Depth [salt water, m], lat = 55.6917
# name 21 = depFM: Depth [true depth, m], lat = 55.6917
# name 22 = dz/dtM: Descent Rate [m/s], WS = 2
# name 23 = svCM: Sound Velocity [Chen-Millero, m/s]
# name 24 = svCM1: Sound Velocity, 2 [Chen-Millero, m/s]
# name 25 = flag: flag
# span 0 =        174,       4108       
# span 1 =      1.500,     39.500       
# span 2 =     7.7755,     7.7837       
# span 3 =     7.7761,     7.7844       
# span 4 =    -0.0008,     0.0025       
# span 5 =   0.886313,   0.886981       
# span 6 =   0.886314,   0.886983       
# span 7 =          1,          1       
# span 8 =     7.4332,     7.4689       
# span 9 =     7.6672,     7.6895       
# span 10 =       1.65,       9.96      
# span 11 =     0.0268,     0.0293      
# span 12 = 4.9241e-11, 4.9241e-11      
# span 13 = 1.0000e-12, 1.0000e-12      
# span 14 = 2.0308e+00, 2.0308e+00      
# span 15 =     7.5905,     7.5916      
# span 16 =     7.5904,     7.5915      
# span 17 =    -0.0003,     0.0004      
# span 18 =     5.8354,     5.8367      
# span 19 =     5.8353,     5.8367      
# span 20 =      1.486,     39.138      
# span 21 =      1.519,     39.999      
# span 22 =     -0.016,      0.671      
# span 23 =    1447.76,    1448.39      
# span 24 =    1447.76,    1448.40      
# span 25 = 0.0000e+00, 0.0000e+00      
# interval = decibars: 0.5              
# start_time = Nov 21 2018 06:09:14 [NMEA time, first data scan]
# bad_flag = -9.990e-29
*END*
        174      1.500     7.7773     7.7777     0.0005    0.88633    0.88633          1     7.4397     7.6712       9.96     0.0271  4.924e-11  1.000e-12  2.031e+00     7.5915     7.5914    -0.0001     5.8365     5.8364      1.486      1.519      0.424    1447.76    1447.76  0.000e+00
        219      2.000     7.7764     7.7765     0.0001    0.88632    0.88631          1     7.4350     7.6757       9.96     0.0269  4.924e-11  1.000e-12  2.031e+00     7.5915     7.5915    -0.0000     5.8366     5.8365      1.982      2.025      0.457    1447.77    1447.77  0.000e+00
        392      2.500     7.7755     7.7761     0.0005    0.88631    0.88632          1     7.4482     7.6733       9.96     0.0276  4.924e-11  1.000e-12  2.031e+00     7.5916     7.5915    -0.0000     5.8367     5.8367      2.477      2.532      0.487    1447.77    1447.77  0.000e+00
        462      3.000     7.7759     7.7765     0.0006    0.88633    0.88634          1     7.4525     7.6714       9.96     0.0268  4.924e-11  1.000e-12  2.031e+00     7.5916     7.5915    -0.0001     5.8367     5.8366      2.973      3.038      0.671    1447.78    1447.78  0.000e+00
        481      3.500     7.7758     7.7762     0.0005    0.88633    0.88634          1     7.4622     7.6786       9.96     0.0269  4.924e-11  1.000e-12  2.031e+00     7.5916     7.5915    -0.0001     5.8367     5.8366      3.468      3.544      0.524    1447.79    1447.79  0.000e+00
        573      4.000     7.7760     7.7766     0.0006    0.88635    0.88635          1     7.4545     7.6827       9.96     0.0275  4.924e-11  1.000e-12  2.031e+00     7.5916     7.5915    -0.0001     5.8367     5.8365      3.964      4.051      0.293    1447.80    1447.80  0.000e+00
        613      4.500     7.7764     7.7766     0.0003    0.88635    0.88635          1     7.4439     7.6782       9.96     0.0278  4.924e-11  1.000e-12  2.031e+00     7.5915     7.5914    -0.0001     5.8366     5.8365      4.459      4.557      0.548    1447.81    1447.81  0.000e+00
        633      5.000     7.7760     7.7765     0.0005    0.88636    0.88635          1     7.4602     7.6738       9.96     0.0277  4.924e-11  1.000e-12  2.031e+00     7.5916     7.5915    -0.0001     5.8367     5.8365      4.955      5.063      0.516    1447.81    1447.82  0.000e+00
        671      5.500     7.7763     7.7768     0.0006    0.88637    0.88637          1     7.4646     7.6716       9.96     0.0273  4.924e-11  1.000e-12  2.031e+00     7.5916     7.5914    -0.0001     5.8366     5.8365      5.450      5.569      0.289    1447.82    1447.82  0.000e+00
        746      6.000     7.7764     7.7770     0.0006    0.88638    0.88638          1     7.4414     7.6693       9.96     0.0276  4.924e-11  1.000e-12  2.031e+00     7.5916     7.5915    -0.0001     5.8366     5.8365      5.946      6.076      0.426    1447.83    1447.83  0.000e+00
        767      6.500     7.7766     7.7770     0.0005    0.88639    0.88639          1     7.4379     7.6717       9.96     0.0268  4.924e-11  1.000e-12  2.031e+00     7.5916     7.5915    -0.0001     5.8366     5.8365      6.441      6.582      0.445    1447.84    1447.84  0.000e+00
        847      7.000     7.7787     7.7788     0.0001    0.88642    0.88642          1     7.4469     7.6823       9.96     0.0278  4.924e-11  1.000e-12  2.031e+00     7.5913     7.5913    -0.0000     5.8363     5.8363      6.936      7.088      0.351    1447.86    1447.86  0.000e+00
        885      7.500     7.7792     7.7818     0.0025    0.88644    0.88648          1     7.4493     7.6801       9.96     0.0272  4.924e-11  1.000e-12  2.031e+00     7.5914     7.5912    -0.0002     5.8363     5.8359      7.432      7.595      0.445    1447.87    1447.88  0.000e+00
        937      8.000     7.7829     7.7837     0.0008    0.88650    0.88652          1     7.4518     7.6780       9.96     0.0269  4.924e-11  1.000e-12  2.031e+00     7.5911     7.5910    -0.0001     5.8357     5.8356      7.927      8.101      0.267    1447.89    1447.89  0.000e+00
        987      8.500     7.7823     7.7824     0.0001    0.88649    0.88648          1     7.4593     7.6773       9.96     0.0271  4.924e-11  1.000e-12  2.031e+00     7.5910     7.5909    -0.0001     5.8357     5.8356      8.423      8.607      0.469    1447.89    1447.89  0.000e+00
       1009      9.000     7.7810     7.7807    -0.0003    0.88645    0.88644          1     7.4666     7.6821       9.96     0.0269  4.924e-11  1.000e-12  2.031e+00     7.5909     7.5908    -0.0001     5.8357     5.8357      8.918      9.114      0.515    1447.90    1447.89  0.000e+00
       1059      9.500     7.7804     7.7805     0.0001    0.88644    0.88643          1     7.4569     7.6847       9.96     0.0274  4.924e-11  1.000e-12  2.031e+00     7.5908     7.5907    -0.0001     5.8357     5.8356      9.414      9.620      0.299    1447.90    1447.90  0.000e+00
       1159     10.000     7.7802     7.7812     0.0010    0.88644    0.88645          1     7.4576     7.6799       9.96     0.0281  4.924e-11  1.000e-12  2.031e+00     7.5908     7.5907    -0.0001     5.8357     5.8356      9.909     10.126      0.380    1447.91    1447.91  0.000e+00
       1183     10.500     7.7808     7.7814     0.0006    0.88645    0.88646          1     7.4651     7.6895       9.96     0.0291  4.924e-11  1.000e-12  2.031e+00     7.5907     7.5907    -0.0001     5.8356     5.8355     10.404     10.633      0.368    1447.92    1447.92  0.000e+00
       1264     11.000     7.7817     7.7824     0.0006    0.88648    0.88649          1     7.4528     7.6831       9.96     0.0272  4.924e-11  1.000e-12  2.031e+00     7.5908     7.5907    -0.0001     5.8356     5.8355     10.900     11.139      0.314    1447.93    1447.93  0.000e+00
       1295     11.500     7.7813     7.7816     0.0002    0.88648    0.88648          1     7.4532     7.6803       9.96     0.0269  4.924e-11  1.000e-12  2.031e+00     7.5908     7.5907    -0.0000     5.8356     5.8356     11.395     11.645      0.526    1447.94    1447.94  0.000e+00
       1319     12.000     7.7817     7.7822     0.0005    0.88650    0.88650          1     7.4674     7.6766       9.96     0.0269  4.924e-11  1.000e-12  2.031e+00     7.5908     7.5907    -0.0001     5.8356     5.8355     11.891     12.152      0.417    1447.95    1447.95  0.000e+00
       1383     12.500     7.7825     7.7829     0.0003    0.88653    0.88653          1     7.4592     7.6754       9.96     0.0274  4.924e-11  1.000e-12  2.031e+00     7.5909     7.5908    -0.0001     5.8356     5.8355     12.386     12.658      0.251    1447.96    1447.96  0.000e+00
       1426     13.000     7.7818     7.7823     0.0004    0.88652    0.88652          1     7.4594     7.6865       9.96     0.0273  4.924e-11  1.000e-12  2.031e+00     7.5908     7.5907    -0.0001     5.8356     5.8355     12.882     13.164      0.295    1447.96    1447.97  0.000e+00
       1502     13.500     7.7817     7.7824     0.0006    0.88652    0.88653          1     7.4562     7.6798       9.96     0.0270  4.924e-11  1.000e-12  2.031e+00     7.5908     7.5907    -0.0000     5.8356     5.8355     13.377     13.670      0.268    1447.97    1447.97  0.000e+00
       1541     14.000     7.7821     7.7826     0.0004    0.88653    0.88654          1     7.4619     7.6812       9.96     0.0274  4.924e-11  1.000e-12  2.031e+00     7.5908     7.5907    -0.0000     5.8356     5.8355     13.872     14.177      0.351    1447.98    1447.98  0.000e+00
       1578     14.500     7.7823     7.7831     0.0008    0.88656    0.88657          1     7.4588     7.6812       9.96     0.0277  4.924e-11  1.000e-12  2.031e+00     7.5909     7.5909    -0.0000     5.8356     5.8356     14.368     14.683      0.291    1447.99    1447.99  0.000e+00
       1622     15.000     7.7829     7.7836     0.0007    0.88660    0.88661          1     7.4477     7.6672       9.96     0.0270  4.924e-11  1.000e-12  2.031e+00     7.5911     7.5910    -0.0001     5.8358     5.8357     14.863     15.189      0.296    1448.00    1448.00  0.000e+00
       1658     15.500     7.7833     7.7839     0.0006    0.88665    0.88667          1     7.4449     7.6694       9.96     0.0277  4.924e-11  1.000e-12  2.031e+00     7.5914     7.5914    -0.0000     5.8360     5.8359     15.359     15.696      0.330    1448.01    1448.01  0.000e+00
       1699     16.000     7.7834     7.7840     0.0006    0.88665    0.88664          1     7.4524     7.6690       9.96     0.0273  4.924e-11  1.000e-12  2.031e+00     7.5913     7.5911    -0.0002     5.8359     5.8357     15.854     16.202      0.272    1448.02    1448.02  0.000e+00
       1744     16.500     7.7832     7.7838     0.0006    0.88661    0.88661          1     7.4591     7.6782       9.96     0.0283  4.924e-11  1.000e-12  2.031e+00     7.5909     7.5908    -0.0001     5.8356     5.8355     16.350     16.708      0.240    1448.02    1448.03  0.000e+00
       1808     17.000     7.7826     7.7818    -0.0008    0.88658    0.88654          1     7.4507     7.6810       9.96     0.0273  4.924e-11  1.000e-12  2.031e+00     7.5908     7.5905    -0.0003     5.8355     5.8354     16.845     17.215      0.253    1448.03    1448.03  0.000e+00
       1849     17.500     7.7809     7.7811     0.0003    0.88652    0.88653          1     7.4608     7.6779       9.96     0.0292  4.924e-11  1.000e-12  2.031e+00     7.5905     7.5905    -0.0001     5.8355     5.8354     17.341     17.721      0.346    1448.03    1448.03  0.000e+00
       1885     18.000     7.7820     7.7826     0.0006    0.88658    0.88659          1     7.4593     7.6770       9.96     0.0284  4.924e-11  1.000e-12  2.031e+00     7.5908     7.5907    -0.0001     5.8356     5.8355     17.836     18.227      0.310    1448.04    1448.05  0.000e+00
       1924     18.500     7.7822     7.7829     0.0007    0.88661    0.88662          1     7.4571     7.6808       9.96     0.0283  4.924e-11  1.000e-12  2.031e+00     7.5909     7.5909    -0.0000     5.8357     5.8356     18.331     18.734      0.332    1448.05    1448.06  0.000e+00
       1958     19.000     7.7813     7.7812    -0.0001    0.88658    0.88656          1     7.4608     7.6847       9.96     0.0281  4.924e-11  1.000e-12  2.031e+00     7.5908     7.5906    -0.0002     5.8356     5.8355     18.827     19.240      0.332    1448.06    1448.06  0.000e+00
       2001     19.500     7.7808     7.7813     0.0005    0.88657    0.88657          1     7.4654     7.6861       9.96     0.0281  4.924e-11  1.000e-12  2.031e+00     7.5907     7.5906    -0.0001     5.8356     5.8355     19.322     19.746      0.245    1448.06    1448.06  0.000e+00
       2052     20.000     7.7812     7.7817     0.0005    0.88660    0.88660          1     7.4578     7.6779       9.96     0.0285  4.924e-11  1.000e-12  2.031e+00     7.5908     7.5907    -0.0001     5.8357     5.8356     19.818     20.253      0.241    1448.07    1448.08  0.000e+00
       2102     20.500     7.7809     7.7815     0.0006    0.88660    0.88661          1     7.4527     7.6765       9.96     0.0274  4.924e-11  1.000e-12  2.031e+00     7.5908     7.5908    -0.0001     5.8357     5.8356     20.313     20.759      0.258    1448.08    1448.08  0.000e+00
       2141     21.000     7.7819     7.7817    -0.0002    0.88666    0.88662          1     7.4379     7.6702       9.96     0.0269  4.924e-11  1.000e-12  2.031e+00     7.5911     7.5908    -0.0003     5.8358     5.8356     20.808     21.265      0.363    1448.09    1448.09  0.000e+00
       2173     21.500     7.7809     7.7812     0.0003    0.88661    0.88661          1     7.4446     7.6804       9.96     0.0269  4.924e-11  1.000e-12  2.031e+00     7.5908     7.5907    -0.0001     5.8357     5.8356     21.304     21.771      0.336    1448.09    1448.10  0.000e+00
       2224     22.000     7.7808     7.7813     0.0006    0.88662    0.88662          1     7.4527     7.6791       9.96     0.0274  4.924e-11  1.000e-12  2.031e+00     7.5908     7.5907    -0.0001     5.8357     5.8356     21.799     22.278      0.221    1448.10    1448.11  0.000e+00
       2272     22.500     7.7811     7.7814     0.0003    0.88664    0.88663          1     7.4549     7.6754       9.96     0.0273  4.924e-11  1.000e-12  2.031e+00     7.5909     7.5908    -0.0002     5.8358     5.8356     22.295     22.784      0.402    1448.11    1448.11  0.000e+00
       2297     23.000     7.7811     7.7814     0.0004    0.88663    0.88662          1     7.4526     7.6809       9.96     0.0269  4.924e-11  1.000e-12  2.031e+00     7.5908     7.5906    -0.0002     5.8357     5.8355     22.790     23.290      0.424    1448.12    1448.12  0.000e+00
       2352     23.500     7.7806     7.7812     0.0006    0.88662    0.88664          1     7.4521     7.6828       9.96     0.0273  4.924e-11  1.000e-12  2.031e+00     7.5908     7.5908    -0.0000     5.8357     5.8356     23.285     23.797      0.232    1448.13    1448.13  0.000e+00
       2415     24.000     7.7805     7.7811     0.0006    0.88664    0.88665          1     7.4686     7.6774       9.96     0.0272  4.924e-11  1.000e-12  2.031e+00     7.5909     7.5908    -0.0001     5.8358     5.8357     23.781     24.303      0.372    1448.13    1448.14  0.000e+00
       2442     24.500     7.7806     7.7811     0.0005    0.88666    0.88666          1     7.4620     7.6782       9.96     0.0269  4.924e-11  1.000e-12  2.031e+00     7.5910     7.5909    -0.0001     5.8358     5.8357     24.276     24.809      0.437    1448.14    1448.14  0.000e+00
       2472     25.000     7.7805     7.7810     0.0004    0.88665    0.88665          1     7.4604     7.6762       9.96     0.0269  4.924e-11  1.000e-12  2.031e+00     7.5909     7.5907    -0.0002     5.8358     5.8356     24.772     25.316      0.319    1448.15    1448.15  0.000e+00
       2546     25.500     7.7803     7.7810     0.0007    0.88665    0.88666          1     7.4575     7.6787       9.96     0.0275  4.924e-11  1.000e-12  2.031e+00     7.5908     7.5908    -0.0000     5.8357     5.8357     25.267     25.822      0.276    1448.16    1448.16  0.000e+00
       2583     26.000     7.7806     7.7810     0.0005    0.88666    0.88666          1     7.4676     7.6851       9.96     0.0279  4.924e-11  1.000e-12  2.031e+00     7.5908     7.5907    -0.0001     5.8357     5.8356     25.762     26.328      0.396    1448.17    1448.17  0.000e+00
       2618     26.500     7.7806     7.7812     0.0006    0.88668    0.88668          1     7.4595     7.6773       9.96     0.0270  4.924e-11  1.000e-12  2.031e+00     7.5909     7.5908    -0.0001     5.8358     5.8357     26.258     26.835      0.286    1448.17    1448.18  0.000e+00
       2666     27.000     7.7807     7.7812     0.0006    0.88670    0.88670          1     7.4634     7.6755       9.96     0.0279  4.924e-11  1.000e-12  2.031e+00     7.5910     7.5909    -0.0001     5.8359     5.8358     26.753     27.341      0.223    1448.18    1448.18  0.000e+00
       2754     27.500     7.7807     7.7813     0.0006    0.88671    0.88671          1     7.4594     7.6822       9.96     0.0274  4.924e-11  1.000e-12  2.031e+00     7.5910     7.5909    -0.0001     5.8359     5.8357     27.249     27.847      0.239    1448.19    1448.19  0.000e+00
       2798     28.000     7.7809     7.7816     0.0007    0.88671    0.88670          1     7.4644     7.6821       9.96     0.0269  4.924e-11  1.000e-12  2.031e+00     7.5909     7.5907    -0.0002     5.8358     5.8355     27.744     28.354      0.448    1448.20    1448.20  0.000e+00
       2823     28.500     7.7811     7.7817     0.0006    0.88669    0.88670          1     7.4611     7.6810       9.96     0.0269  4.924e-11  1.000e-12  2.031e+00     7.5907     7.5906    -0.0001     5.8356     5.8355     28.239     28.860      0.410    1448.21    1448.21  0.000e+00
