ctdpy/tests/etc/all_smhi_bas_2018/SBE09_1044_20180318_0435_34_02_0063.cnv
* Sea-Bird SBE 9 Data File:
* FileName = C:\ctd\temp\2018\ME18D063.hex
* Software Version Seasave V 7.26.6.26
* Temperature SN = 5351
* Conductivity SN = 3941
* Number of Bytes Per Scan = 41
* Number of Voltage Words = 4
* Number of Scans Averaged by the Deck Unit = 1
* NMEA Latitude = 55 22.98 N
* NMEA Longitude = 015 20.02 E
* NMEA UTC (Time) = Mar 18 2018  04:35:17
* NMEA baud rate = 4800
** Station:  BY4
** Operator:  Mhan
** Ship: MERI
** Average sound velocity: 1433.39 m/s
** True-depth calculation Sun, 18 Mar 2018 05:22:27 +0000
** CTD Python Module SMHI /ver 3-12/ feb 2012 
** LIMS Job: 20183402-0063
** Cruise: SMHI-02-2018
** Latitude [GG MM.mm N] :
** Longitude [GG MM.mm E]:
# nquan = 26
# nvalues = 175                         
# units = specified
# name 0 = scan: Scan Count
# name 1 = prDM: Pressure, Digiquartz [db]
# name 2 = t090C: Temperature [ITS-90, deg C]
# name 3 = t190C: Temperature, 2 [ITS-90, deg C]
# name 4 = T2-T190C: Temperature Difference, 2 - 1 [ITS-90, deg C]
# name 5 = c0S/m: Conductivity [S/m]
# name 6 = c1S/m: Conductivity, 2 [S/m]
# name 7 = pumps: Pump Status
# name 8 = sbeox0ML/L: Oxygen, SBE 43 [ml/l]
# name 9 = sbeox1ML/L: Oxygen, SBE 43, 2 [ml/l]
# name 10 = altM: Altimeter [m]
# name 11 = flECO-AFL: Chl-a Fluorescence, WET Labs ECO-AFL/FL [mg/m^3]
# name 12 = flECO-AFL1: Phycocyanin Fluorescence, WET Labs ECO-AFL/FL, 2 [mg/m^3]
# name 13 = par: PAR/Irradiance, Biospherical/Lico [µE/(cm^2*s)]
# name 14 = turbWETntu0: Turbidity, WET Labs ECO [NTU]
# name 15 = sal00: Salinity, Practical [PSU]
# name 16 = sal11: Salinity, Practical, 2 [PSU]
# name 17 = secS-priS: Salinity, Practical, Difference, 2 - 1 [PSU]
# name 18 = sigma-t00: Density [sigma-t, Kg/m^3 ]
# name 19 = sigma-t11: Density, 2 [sigma-t, Kg/m^3 ]
# name 20 = depSM: Depth [salt water, m], lat = 55.383
# name 21 = depFM: Depth [true depth, m], lat = 55.383
# name 22 = dz/dtM: Descent Rate [m/s], WS = 2
# name 23 = svCM: Sound Velocity [Chen-Millero, m/s]
# name 24 = svCM1: Sound Velocity, 2 [Chen-Millero, m/s]
# name 25 = flag: flag
# span 0 =       5233,       9459       
# span 1 =      1.000,     88.000       
# span 2 =     2.1392,     8.3667       
# span 3 =     2.1384,     8.3673       
# span 4 =    -0.0584,     0.0275       
# span 5 =   0.741814,   1.816997       
# span 6 =   0.741770,   1.817028       
# span 7 =          1,          1       
# span 8 =    0.06500,    8.91156       
# span 9 =    0.06173,    8.92265       
# span 10 =       1.90,      98.72      
# span 11 =     0.2531,     0.9928      
# span 12 =     0.2617,     0.4564      
# span 13 = -8.262e-05, 1.0255e+00      
# span 14 =     0.1727,     0.9031      
# span 15 =     7.4294,    16.8910      
# span 16 =     7.4292,    16.8912      
# span 17 =    -0.0856,     0.0202      
# span 18 =     5.9253,    13.1968      
# span 19 =     5.9252,    13.1969      
# span 20 =      0.991,     87.185      
# span 21 =      1.013,     88.943      
# span 22 =      0.022,      1.108      
# span 23 =    1422.75,    1460.20      
# span 24 =    1422.75,    1460.20      
# span 25 = 0.0000e+00, 0.0000e+00      
# interval = decibars: 0.5              
# start_time = Mar 18 2018 04:35:17 [NMEA time, first data scan]
# bad_flag = -9.990e-29
*END*
[from data line 112]
       7822     57.000     2.2113     2.2117     0.0004    0.74575    0.74573          1     8.8537     8.8768      34.14     0.8219     0.3751  1.000e-12  0.1872000     7.4469     7.4466    -0.0002     5.9396     5.9394     56.477     57.714      0.900    1423.98    1423.99  0.000e+00
       7838     57.500     2.2142     2.2141    -0.0001    0.74595    0.74590          1     8.8502     8.8755      33.40     0.8214     0.4047  1.000e-12  0.2035000     7.4482     7.4478    -0.0004     5.9407     5.9403     56.972     58.221      0.597    1424.01    1424.01  0.000e+00
       7904     58.000     2.2229     2.2191    -0.0038    0.74652    0.74624          1     8.7419     8.7442      31.96     0.8397     0.4048  1.000e-12  0.1818000     7.4523     7.4501    -0.0022     5.9439     5.9422     57.467     58.727      0.346    1424.06    1424.04  0.000e+00
       7932     58.500     2.2379     2.2355    -0.0022    0.74759    0.74734          1     8.7280     8.7072      31.67     0.8385     0.4338  1.000e-12  0.1872000     7.4602     7.4580    -0.0021     5.9503     5.9486     57.963     59.233      0.662    1424.15    1424.14  0.000e+00
       7948     59.000     2.3365     2.3284    -0.0081    0.75397    0.75342          1     8.7891     8.7310      31.31     0.8342     0.3657  1.000e-12  0.1905000     7.5050     7.5011    -0.0039     5.9863     5.9832     58.458     59.739      0.761    1424.68    1424.64  0.000e+00
       7963     59.500     2.4092     2.3898    -0.0194    0.75909    0.75785          1     8.7318     8.6303      30.77     0.7624     0.3734  1.000e-12  0.1863000     7.5424     7.5337    -0.0086     6.0162     6.0093     58.953     60.246      0.762    1425.07    1424.97  0.000e+00
       7979     60.000     2.7988     2.7764    -0.0224    0.78924    0.78766          1     8.5236     8.3641      30.41     0.7253     0.3957  1.000e-12  0.1984000     7.7689     7.7575    -0.0114     6.1955     6.1866     59.449     60.752      0.710    1427.19    1427.07  0.000e+00
       7997     60.500     3.0809     3.0777    -0.0032    0.81696    0.81642          1     8.2208     7.9882      29.77     0.6621     0.4188  1.000e-12  0.2222000     7.9919     7.9870    -0.0049     6.3708     6.3669     59.944     61.258      0.625    1428.79    1428.77  0.000e+00
       8019     61.000     3.2406     3.2317    -0.0089    0.83293    0.83157          1     7.7870     7.6094      29.20     0.5981     0.3651  1.000e-12  0.2590000     8.1195     8.1075    -0.0120     6.4703     6.4609     60.439     61.764      0.476    1429.70    1429.64  0.000e+00
       8059     61.500     3.4394     3.4670     0.0275    0.85561    0.85823          1     7.1787     7.0369      28.39     0.5376     0.3400  1.000e-12  0.2427000     8.3062     8.3263     0.0202     6.6156     6.6310     60.935     62.270      0.254    1430.85    1431.00  0.000e+00
       8102     62.000     3.7701     3.7612    -0.0086    0.88811    0.88667          1     6.7973     6.5837      27.93     0.5480     0.3274  1.000e-12  0.2334000     8.5584     8.5459    -0.0125     6.8090     6.7993     61.430     62.776      0.496    1432.69    1432.63  0.000e+00
       8120     62.500     4.1191     4.1019    -0.0175    0.94028    0.93650          1     6.6606     6.3298      27.55     0.5051     0.3583  1.000e-12  0.2738000     9.0034     8.9691    -0.0343     7.1524     7.1257     61.925     63.282      0.724    1434.83    1434.71  0.000e+00
       8135     63.000     4.6874     4.6483    -0.0388    1.10366    1.09416          1     6.1639     5.7309      27.08     0.4861     0.4093  1.000e-12  0.2825000    10.5175    10.4319    -0.0856     8.3306     8.2645     62.421     63.787      0.790    1439.29    1439.01  0.000e+00
       8150     63.500     5.5889     5.5389    -0.0499    1.23771    1.23266          1     5.4806     4.9858      26.76     0.4718     0.3709  1.000e-12  0.2916000    11.5856    11.5516    -0.0341     9.1264     9.1025     62.916     64.292      0.725    1444.56    1444.30  0.000e+00
       8169     64.000     6.2366     6.2177    -0.0189    1.31753    1.31496          1     4.6287     4.1803      26.13     0.3559     0.3382  1.000e-12  0.3733000    12.1635    12.1445    -0.0189     9.5401     9.5266     63.411     64.796      0.547    1448.06    1447.95  0.000e+00
       8198     64.500     6.6409     6.5824    -0.0584    1.37346    1.36688          1     3.6233     3.2770      25.70     0.3380     0.3244  1.000e-12  0.3894000    12.5735    12.5297    -0.0438     9.8323     9.8024     63.906     65.301      0.370    1450.27    1449.97  0.000e+00
       8231     65.000     7.2626     7.2475    -0.0151    1.45263    1.44960          1     2.8548     2.6059      25.21     0.2964     0.2925  1.000e-12  0.4040000    13.1217    13.0978    -0.0239    10.2111    10.1937     64.402     65.805      0.418    1453.53    1453.44  0.000e+00
       8257     65.500     8.2015     8.2166     0.0148    1.53797    1.53814          1     2.2839     2.0781      24.26     0.2891     0.2811  1.000e-12  0.4022000    13.5907    13.5865    -0.0042    10.4905    10.4857     64.897     66.309      0.524    1457.92    1457.97  0.000e+00
       8278     66.000     8.2579     8.2732     0.0152    1.58221    1.58246          1     1.9426     1.7692      24.03     0.2631     0.3131  1.000e-12  0.3692000    13.9938    13.9901    -0.0037    10.7998    10.7954     65.392     66.813      0.565    1458.65    1458.71  0.000e+00
       8299     66.500     8.1076     8.0982    -0.0093    1.60629    1.60538          1     1.6721     1.5267      23.49     0.2697     0.3387  1.000e-12  0.3450000    14.2856    14.2806    -0.0049    11.0430    11.0401     65.888     67.317      0.533    1458.42    1458.37  0.000e+00
       8324     67.000     8.3047     8.2972    -0.0074    1.64304    1.64221          1     1.4415     1.3581      22.57     0.2939     0.3211  1.000e-12  0.3553000    14.5593    14.5543    -0.0050    11.2367    11.2335     66.383     67.820      0.432    1459.55    1459.51  0.000e+00
       8354     67.500     8.3593     8.3593    -0.0001    1.66093    1.66053          1     1.3528     1.3354      22.00     0.2938     0.3472  1.000e-12  0.2879000    14.7088    14.7050    -0.0038    11.3476    11.3447     66.878     68.324      0.448    1459.96    1459.95  0.000e+00
       8378     68.000     8.3667     8.3673     0.0006    1.67880    1.67831          1     1.3324     1.3160      21.61     0.2631     0.2927  1.000e-12  0.2716000    14.8777    14.8728    -0.0050    11.4787    11.4748     67.374     68.827      0.578    1460.20    1460.20  0.000e+00
       8397     68.500     8.2821     8.2869     0.0048    1.69968    1.69926          1     1.2726     1.2327      21.09     0.2685     0.3193  1.000e-12  0.2341000    15.1152    15.1091    -0.0061    11.6731    11.6678     67.869     69.331      0.634    1460.16    1460.18  0.000e+00
       8416     69.000     8.1373     8.1437     0.0064    1.71426    1.71386          1     1.1861     1.1387      20.62     0.2572     0.3163  1.000e-12  0.2096000    15.3190    15.3123    -0.0067    11.8474    11.8415     68.364     69.834      0.594    1459.85    1459.86  0.000e+00
       8438     69.500     8.0284     8.0318     0.0034    1.72228    1.72208          1     1.0812     1.0301      19.99     0.2617     0.3178  1.000e-12  0.1921000    15.4446    15.4411    -0.0035    11.9568    11.9537     68.860     70.337      0.494    1459.58    1459.59  0.000e+00
       8465     70.000     7.9379     7.9410     0.0031    1.72825    1.72802          1     0.9603     0.9172      19.39     0.2729     0.3181  1.000e-12  0.2093000    15.5427    15.5391    -0.0036    12.0428    12.0397     69.355     70.841      0.423    1459.34    1459.35  0.000e+00
       8494     70.500     7.8260     7.8291     0.0032    1.73430    1.73421          1     0.9123     0.8921      18.89     0.2531     0.3263  1.000e-12  0.2247000    15.6517    15.6494    -0.0023    12.1394    12.1373     69.850     71.344      0.407    1459.04    1459.05  0.000e+00
       8525     71.000     7.7126     7.7152     0.0026    1.74033    1.74024          1     0.8626     0.8339      18.37     0.2570     0.3205  1.000e-12  0.1942000    15.7618    15.7597    -0.0021    12.2369    12.2350     70.346     71.847      0.372    1458.73    1458.73  0.000e+00
       8557     71.500     7.6013     7.6044     0.0031    1.74703    1.74689          1     0.7679     0.7242      17.91     0.2836     0.2716  1.000e-12  0.1903000    15.8782    15.8754    -0.0028    12.3390    12.3365     70.841     72.350      0.463    1458.43    1458.44  0.000e+00
       8578     72.000     7.4749     7.4769     0.0019    1.75310    1.75304          1     0.6455     0.5699      17.56     0.2602     0.3805  1.000e-12  0.1977000    15.9961    15.9946    -0.0015    12.4437    12.4423     71.336     72.853      0.701    1458.07    1458.08  0.000e+00
       8593     72.500     7.3683     7.3681    -0.0002    1.76131    1.76122          1     0.5185     0.4141      17.20     0.2603     0.3432  1.000e-12  0.2060000    16.1269    16.1261    -0.0008    12.5564    12.5558     71.831     73.356      0.858    1457.81    1457.81  0.000e+00
       8606     73.000     7.2887     7.2889     0.0002    1.76936    1.76931          1     0.3953     0.2828      16.72     0.2603     0.3025  1.000e-12  0.2167000    16.2442    16.2436    -0.0006    12.6560    12.6555     72.327     73.859      0.892    1457.64    1457.64  0.000e+00
       8619     73.500     7.2411     7.2413     0.0002    1.77555    1.77548          1     0.2900     0.1920      16.22     0.2670     0.3020  1.000e-12  0.2379000    16.3283    16.3275    -0.0008    12.7264    12.7258     72.822     74.362      0.776    1457.56    1457.56  0.000e+00
       8658     74.000     7.2966     7.2907    -0.0060    1.76392    1.76467          1     0.3932     0.3492      15.44     0.2728     0.3012  1.000e-12  0.2683000    16.1868    16.1970     0.0102    12.6102    12.6187     73.317     74.865      0.409    1457.62    1457.61  0.000e+00
       8721     74.500     7.3789     7.3744    -0.0043    1.75176    1.75215          1     0.5405     0.4292      14.84     0.2724     0.2976  1.000e-12  0.2750000    16.0264    16.0324     0.0060    12.4767    12.4818     73.813     75.368      0.625    1457.76    1457.75  0.000e+00
       8733     75.000     7.2406     7.2351    -0.0056    1.78469    1.78553          1     0.3367     0.2122      14.53     0.2725     0.2617  1.000e-12  0.2865000    16.4197    16.4307     0.0110    12.7981    12.8072     74.308     75.871      0.894    1457.70    1457.69  0.000e+00
       8745     75.500     7.2148     7.2151     0.0003    1.78672    1.78669          1     0.2152     0.1184      14.19     0.2850     0.2683  1.000e-12  0.3190000    16.4521    16.4516    -0.0004    12.8259    12.8255     74.803     76.374      1.015    1457.64    1457.64  0.000e+00
       8756     76.000     7.2061     7.2063     0.0002    1.78731    1.78731          1     0.1481     0.0811      13.78     0.3100     0.3187  1.000e-12  0.3858000    16.4621    16.4620    -0.0001    12.8345    12.8344     75.299     76.876      1.026    1457.63    1457.63  0.000e+00
       8768     76.500     7.2021     7.2023     0.0002    1.78780    1.78781          1     0.1180     0.0702      13.44     0.3072     0.3164  1.000e-12  0.3957000    16.4687    16.4688     0.0001    12.8401    12.8401     75.794     77.379      0.913    1457.63    1457.63  0.000e+00
       8784     77.000     7.1975     7.1976     0.0001    1.78794    1.78794          1     0.1056     0.0859      12.90     0.2976     0.3043  1.000e-12  0.4401000    16.4722    16.4722     0.0000    12.8433    12.8433     76.289     77.882      0.611    1457.62    1457.62  0.000e+00
       8847     77.500     7.2203     7.2274     0.0070    1.78287    1.78145          1     0.1931     0.1664      12.13     0.3118     0.3135  1.000e-12  0.4164000    16.4105    16.3929    -0.0176    12.7928    12.7783     76.784     78.385      0.311    1457.64    1457.65  0.000e+00
       8888     78.000     7.2129     7.2124    -0.0003    1.78438    1.78496          1     0.1629     0.1270      11.80     0.3097     0.2802  1.000e-12  0.4001000    16.4290    16.4350     0.0060    12.8080    12.8127     77.280     78.888      0.646    1457.65    1457.65  0.000e+00
       8902     78.500     7.1859     7.1892     0.0033    1.78822    1.78787          1     0.1246     0.0979      11.34     0.3091     0.2687  1.000e-12  0.4126000    16.4802    16.4751    -0.0051    12.8507    12.8464     77.775     79.390      0.861    1457.61    1457.62  0.000e+00
       8915     79.000     7.1812     7.1812     0.0000    1.78872    1.78873          1     0.1060     0.0842      10.65     0.3100     0.2703  1.000e-12  0.4178000    16.4873    16.4874     0.0001    12.8567    12.8567     78.270     79.893      0.946    1457.61    1457.61  0.000e+00
       8927     79.500     7.1741     7.1742     0.0001    1.78919    1.78920          1     0.0965     0.0798       9.94     0.3022     0.2710  1.000e-12  0.4260000    16.4953    16.4953     0.0000    12.8636    12.8636     78.766     80.396      0.918    1457.59    1457.60  0.000e+00
       8941     80.000     7.1736     7.1738     0.0002    1.78979    1.78979          1     0.0915     0.0800       9.43     0.2979     0.2988  1.000e-12  0.4313000    16.5014    16.5012    -0.0001    12.8684    12.8683     79.261     80.899      0.754    1457.61    1457.61  0.000e+00
       8963     80.500     7.1712     7.1711    -0.0000    1.78991    1.78998          1     0.0954     0.0860       8.71     0.2974     0.3037  1.000e-12  0.4246000    16.5036    16.5043     0.0007    12.8704    12.8710     79.756     81.402      0.382    1457.61    1457.61  0.000e+00
       9030     81.000     7.1821     7.1833     0.0012    1.78790    1.78776          1     0.1190     0.0992       7.97     0.2917     0.3033  1.000e-12  0.4136000    16.4781    16.4761    -0.0020    12.8494    12.8477     80.251     81.904      0.374    1457.63    1457.63  0.000e+00
       9052     81.500     7.1670     7.1693     0.0024    1.79062    1.79023          1     0.1010     0.0878       7.65     0.2955     0.3139  1.000e-12  0.4354000    16.5124    16.5074    -0.0050    12.8777    12.8736     80.747     82.407      0.665    1457.62    1457.62  0.000e+00
       9067     82.000     7.1616     7.1616     0.0000    1.79071    1.79071          1     0.0927     0.0816       7.24     0.3090     0.2939  1.000e-12  0.4557000    16.5158    16.5159     0.0000    12.8809    12.8809     81.242     82.910      0.745    1457.61    1457.61  0.000e+00
       9083     82.500     7.1583     7.1584     0.0001    1.79080    1.79080          1     0.0910     0.0795       6.75     0.2993     0.2864  1.000e-12  0.4205000    16.5181    16.5181     0.0000    12.8830    12.8830     81.737     83.413      0.702    1457.61    1457.61  0.000e+00
       9103     83.000     7.1569     7.1569     0.0000    1.79117    1.79119          1     0.0872     0.0772       6.16     0.2980     0.3159  1.000e-12  0.4043000    16.5224    16.5226     0.0001    12.8865    12.8866     82.233     83.916      0.534    1457.62    1457.62  0.000e+00
       9132     83.500     7.1552     7.1551    -0.0001    1.79135    1.79137          1     0.0831     0.0781       5.61     0.2911     0.2922  1.000e-12  0.3963000    16.5249    16.5251     0.0002    12.8886    12.8888     82.728     84.418      0.364    1457.62    1457.62  0.000e+00
       9165     84.000     7.1454     7.1445    -0.0009    1.79147    1.79152          1     0.0838     0.0730       5.13     0.2864     0.2763  1.000e-12  0.4001000    16.5306    16.5316     0.0009    12.8940    12.8948     83.223     84.921      0.400    1457.59    1457.59  0.000e+00
