ctdpy/tests/etc/all_smhi_bas_2018/SBE09_0827_20181004_0410_26_01_1005.cnv
* Sea-Bird SBE 9 Data File:
* FileName = D:\CTD_SBE911\DAT\26DA.2018.10.5.hex
* Software Version Seasave V 7.21d
* Temperature SN = 4548
* Conductivity SN = 3062
* Number of Bytes Per Scan = 48
* Number of Voltage Words = 5
* Number of Scans Averaged by the Deck Unit = 1
* NMEA Latitude = 55 43.00 N
* NMEA Longitude = 014 43.00 E
* NMEA UTC (Time) = Oct 04 2018  04:12:55
* NMEA baud rate = 4800
** Ship: DANA
** Average sound velocity: 1447.27 m/s
** True-depth calculation Thu, 28 Mar 2019 12:16:37 +0000
** CTD Python Module SMHI /ver 3-12/ feb 2012 
** LIMS Job: 20182601-1005
** Operator: Christian
** Cruise: 10/2018
# nquan = 26
# nvalues = 103                         
# units = specified
# name 0 = scan: Scan Count
# name 1 = prDM: Pressure, Digiquartz [db]
# name 2 = t090C: Temperature [ITS-90, deg C]
# name 3 = t190C: Temperature, 2 [ITS-90, deg C]
# name 4 = T2-T190C: Temperature Difference, 2 - 1 [ITS-90, deg C]
# name 5 = c0S/m: Conductivity [S/m]
# name 6 = c1S/m: Conductivity, 2 [S/m]
# name 7 = pumps: Pump Status
# name 8 = sbeox1ML/L: Oxygen, SBE 43, 2 [ml/l]
# name 9 = sbeox0ML/L: Oxygen, SBE 43 [ml/l]
# name 10 = altM: Altimeter [m]
# name 11 = chloroflTC0: Chlorophyll, Turner Cyclops [ug/l]
# name 12 = cpar: CPAR/Corrected Irradiance [%]
# name 13 = par: PAR/Irradiance, Biospherical/Lico [µE/(cm^2*s)]
# name 14 = spar: SPAR, Biospherical/Licor
# name 15 = sal00: Salinity, Practical [PSU]
# name 16 = sal11: Salinity, Practical, 2 [PSU]
# name 17 = secS-priS: Salinity, Practical, Difference, 2 - 1 [PSU]
# name 18 = sigma-t00: Density [sigma-t, kg/m^3 ]
# name 19 = sigma-t11: Density, 2 [sigma-t, kg/m^3 ]
# name 20 = depSM: Depth [salt water, m], lat = 55.7167
# name 21 = depFM: Depth [true depth, m], lat = 55.7167
# name 22 = dz/dtM: Descent Rate [m/s], WS = 2
# name 23 = svCM: Sound Velocity [Chen-Millero, m/s]
# name 24 = svCM1: Sound Velocity, 2 [Chen-Millero, m/s]
# name 25 = flag: flag
# span 0 =        300,       4963       
# span 1 =      1.500,     52.500       
# span 2 =     5.6483,     8.3255       
# span 3 =     5.6738,     8.3956       
# span 4 =    -0.1052,     0.4277       
# span 5 =   0.912114,   1.252493       
# span 6 =   0.912308,   1.260692       
# span 7 =          1,          1       
# span 8 =     3.8383,     7.5452       
# span 9 =     3.5922,     7.0477       
# span 10 =       0.80,       9.96      
# span 11 =     0.0000,     0.0000      
# span 12 = 4.9241e-11, 4.9241e-11      
# span 13 = 1.0000e-12, 1.0000e-12      
# span 14 = 2.0308e+00, 2.0308e+00      
# span 15 =     7.8755,    10.8441      
# span 16 =     7.8742,    10.8993      
# span 17 =    -0.1501,     0.0552      
# span 18 =     6.0692,     8.3332      
# span 19 =     6.0679,     8.3697      
# span 20 =      1.486,     52.017      
# span 21 =      1.519,     53.117      
# span 22 =      0.128,      0.512      
# span 23 =    1440.55,    1454.82      
# span 24 =    1440.76,    1455.18      
# span 25 = 0.0000e+00, 0.0000e+00      
# interval = decibars: 0.5              
# start_time = Oct 04 2018 04:12:55 [NMEA time, first data scan]
# bad_flag = -9.990e-29
*END*
[from data line 56]
       2847     29.500     6.9035     6.9429     0.0395    0.91263    0.91269          1     6.9988     6.9091       9.96     0.0000  4.924e-11  1.000e-12  2.031e+00     8.0304     8.0218    -0.0085     6.2451     6.2357     29.230     29.864      0.439    1445.13    1445.29  0.000e+00
       2886     30.000     6.5070     6.7298     0.2232    0.91729    0.91498          1     6.5636     6.7138       9.96     0.0000  4.924e-11  1.000e-12  2.031e+00     8.1689     8.0936    -0.0753     6.3797     6.3063     29.726     30.370      0.249    1443.64    1444.49  0.000e+00
       2935     30.500     5.7923     6.2209     0.4277    0.92745    0.92283          1     6.0120     6.2607       9.96     0.0000  4.924e-11  1.000e-12  2.031e+00     8.4415     8.2914    -0.1501     6.6367     6.4937     30.221     30.876      0.328    1440.95    1442.59  0.000e+00
       2971     31.000     5.6563     5.8197     0.1638    0.93827    0.93370          1     5.7930     5.9017       9.96     0.0000  4.924e-11  1.000e-12  2.031e+00     8.5821     8.4958    -0.0862     6.7548     6.6780     30.716     31.382      0.271    1440.55    1441.14  0.000e+00
       3026     31.500     5.6483     5.7146     0.0662    0.94757    0.94161          1     5.7118     5.6040       9.96     0.0000  4.924e-11  1.000e-12  2.031e+00     8.6756     8.5999    -0.0757     6.8290     6.7658     31.212     31.887      0.261    1440.64    1440.83  0.000e+00
       3069     32.000     5.6582     5.6738     0.0157    0.95164    0.94834          1     5.7090     5.4913       9.96     0.0000  4.924e-11  1.000e-12  2.031e+00     8.7132     8.6766    -0.0366     6.8581     6.8284     31.707     32.393      0.225    1440.74    1440.76  0.000e+00
       3137     32.500     5.7210     5.7070    -0.0138    0.95681    0.95445          1     5.7035     5.3530       9.96     0.0000  4.924e-11  1.000e-12  2.031e+00     8.7477     8.7281    -0.0196     6.8820     6.8673     32.202     32.899      0.276    1441.06    1440.97  0.000e+00
       3169     33.000     5.9270     5.9215    -0.0056    0.96785    0.96656          1     5.6920     5.3149       9.96     0.0000  4.924e-11  1.000e-12  2.031e+00     8.8026     8.7913    -0.0113     6.9139     6.9053     32.698     33.405      0.367    1442.02    1441.98  0.000e+00
       3203     33.500     6.2720     6.2525    -0.0195    0.98387    0.98168          1     5.7385     5.3447       9.96     0.0000  4.924e-11  1.000e-12  2.031e+00     8.8689     8.8527    -0.0162     6.9455     6.9339     33.193     33.911      0.331    1443.58    1443.48  0.000e+00
       3243     34.000     6.7226     6.6972    -0.0252    1.00482    1.00215          1     5.6234     5.3036       9.96     0.0000  4.924e-11  1.000e-12  2.031e+00     8.9538     8.9348    -0.0190     6.9830     6.9699     33.689     34.416      0.283    1445.60    1445.47  0.000e+00
       3288     34.500     6.6644     6.6404    -0.0241    1.01260    1.00502          1     5.4866     5.2181       9.96     0.0000  4.924e-11  1.000e-12  2.031e+00     9.0439     8.9772    -0.0667     7.0578     7.0071     34.184     34.922      0.237    1445.47    1445.29  0.000e+00
       3342     35.000     6.6691     6.6097    -0.0592    1.02174    1.00960          1     5.3778     5.1319       9.96     0.0000  4.924e-11  1.000e-12  2.031e+00     9.1305     9.0293    -0.1013     7.1257     7.0501     34.679     35.428      0.240    1445.61    1445.24  0.000e+00
       3388     35.500     6.7817     6.6762    -0.1052    1.03372    1.02152          1     5.3218     5.0831       9.96     0.0000  4.924e-11  1.000e-12  2.031e+00     9.2156     9.1264    -0.0891     7.1847     7.1220     35.175     35.933      0.275    1446.20    1445.64  0.000e+00
       3434     36.000     6.9969     6.9100    -0.0865    1.05131    1.04364          1     5.2013     4.9961       9.96     0.0000  4.924e-11  1.000e-12  2.031e+00     9.3263     9.2762    -0.0501     7.2563     7.2233     35.670     36.439      0.253    1447.24    1446.82  0.000e+00
       3481     36.500     6.9397     6.9359    -0.0036    1.05343    1.05271          1     5.1187     4.8681       9.96     0.0000  4.924e-11  1.000e-12  2.031e+00     9.3621     9.3563    -0.0059     7.2886     7.2843     36.166     36.945      0.270    1447.06    1447.03  0.000e+00
       3519     37.000     6.8768     6.8793     0.0025    1.05272    1.05275          1     5.0925     4.8141       9.96     0.0000  4.924e-11  1.000e-12  2.031e+00     9.3723     9.3720    -0.0003     7.3011     7.3007     36.661     37.450      0.387    1446.82    1446.83  0.000e+00
       3547     37.500     6.8416     6.8453     0.0037    1.05221    1.05217          1     5.0846     4.7924       9.96     0.0000  4.924e-11  1.000e-12  2.031e+00     9.3770     9.3755    -0.0014     7.3073     7.3059     37.156     37.956      0.392    1446.68    1446.70  0.000e+00
       3603     38.000     6.8275     6.8313     0.0038    1.05218    1.05187          1     5.0800     4.7727       9.96     0.0000  4.924e-11  1.000e-12  2.031e+00     9.3805     9.3765    -0.0040     7.3111     7.3076     37.652     38.461      0.224    1446.64    1446.65  0.000e+00
       3659     38.500     6.8353     6.8345    -0.0008    1.05347    1.05318          1     5.0760     4.7567       9.96     0.0000  4.924e-11  1.000e-12  2.031e+00     9.3906     9.3880    -0.0026     7.3185     7.3165     38.147     38.967      0.344    1446.69    1446.68  0.000e+00
       3693     39.000     6.8582     6.8481    -0.0101    1.05548    1.05458          1     5.0752     4.7522       9.96     0.0000  4.924e-11  1.000e-12  2.031e+00     9.4036     9.3977    -0.0060     7.3271     7.3231     38.642     39.472      0.296    1446.81    1446.76  0.000e+00
       3744     39.500     6.8729     6.8619    -0.0109    1.05677    1.05585          1     5.0693     4.7498       9.96     0.0000  4.924e-11  1.000e-12  2.031e+00     9.4119     9.4060    -0.0058     7.3325     7.3287     39.138     39.978      0.244    1446.89    1446.84  0.000e+00
       3785     40.000     6.8764     6.8747    -0.0017    1.05713    1.05694          1     5.0633     4.7466       9.96     0.0000  4.924e-11  1.000e-12  2.031e+00     9.4143     9.4130    -0.0013     7.3341     7.3332     39.633     40.484      0.336    1446.92    1446.91  0.000e+00
       3821     40.500     6.8797     6.8765    -0.0032    1.05755    1.05724          1     5.0668     4.7409       9.96     0.0000  4.924e-11  1.000e-12  2.031e+00     9.4174     9.4152    -0.0021     7.3363     7.3349     40.129     40.989      0.323    1446.94    1446.92  0.000e+00
       3861     41.000     6.8777     6.8773    -0.0004    1.05786    1.05760          1     5.0468     4.7364       9.96     0.0000  4.924e-11  1.000e-12  2.031e+00     9.4209     9.4184    -0.0024     7.3392     7.3373     40.624     41.495      0.267    1446.94    1446.94  0.000e+00
       3914     41.500     6.8737     6.8761     0.0024    1.05810    1.05785          1     5.0318     4.7243       9.96     0.0000  4.924e-11  1.000e-12  2.031e+00     9.4241     9.4211    -0.0030     7.3420     7.3395     41.119     42.000      0.209    1446.94    1446.95  0.000e+00
       3968     42.000     6.8761     6.8763     0.0002    1.05883    1.05848          1     5.0284     4.7136       9.96     0.0000  4.924e-11  1.000e-12  2.031e+00     9.4305     9.4270    -0.0035     7.3468     7.3441     41.615     42.506      0.270    1446.97    1446.96  0.000e+00
       4006     42.500     6.8914     6.8869    -0.0045    1.06065    1.06000          1     5.0202     4.7031       9.96     0.0000  4.924e-11  1.000e-12  2.031e+00     9.4437     9.4386    -0.0051     7.3561     7.3525     42.110     43.011      0.344    1447.05    1447.03  0.000e+00
       4045     43.000     6.9322     6.9037    -0.0285    1.06563    1.06202          1     4.9947     4.6924       9.96     0.0000  4.924e-11  1.000e-12  2.031e+00     9.4801     9.4534    -0.0267     7.3818     7.3629     42.605     43.517      0.264    1447.28    1447.12  0.000e+00
       4095     43.500     6.9296     6.9290    -0.0007    1.06509    1.06497          1     4.9932     4.6778       9.96     0.0000  4.924e-11  1.000e-12  2.031e+00     9.4757     9.4746    -0.0010     7.3785     7.3777     43.101     44.022      0.298    1447.27    1447.27  0.000e+00
       4129     44.000     6.9288     6.9278    -0.0010    1.06496    1.06485          1     4.9921     4.6651       9.72     0.0000  4.924e-11  1.000e-12  2.031e+00     9.4745     9.4738    -0.0007     7.3776     7.3771     43.596     44.528      0.353    1447.27    1447.27  0.000e+00
       4176     44.500     6.9499     6.9323    -0.0177    1.06734    1.06539          1     4.9741     4.6542       9.16     0.0000  4.924e-11  1.000e-12  2.031e+00     9.4914     9.4777    -0.0138     7.3894     7.3798     44.091     45.034      0.222    1447.39    1447.30  0.000e+00
       4236     45.000     7.0540     7.0563     0.0024    1.08007    1.07977          1     4.8926     4.6066       8.64     0.0000  4.924e-11  1.000e-12  2.031e+00     9.5846     9.5811    -0.0035     7.4549     7.4519     44.587     45.539      0.235    1447.95    1447.95  0.000e+00
       4282     45.500     7.1128     7.1070    -0.0058    1.08650    1.08531          1     4.8357     4.5459       8.14     0.0000  4.924e-11  1.000e-12  2.031e+00     9.6297     9.6200    -0.0097     7.4858     7.4786     45.082     46.045      0.309    1448.26    1448.22  0.000e+00
       4318     46.000     7.2706     7.2922     0.0217    1.10767    1.10745          1     4.7245     4.4788       7.61     0.0000  4.924e-11  1.000e-12  2.031e+00     9.7874     9.7791    -0.0082     7.5973     7.5891     45.577     46.550      0.318    1449.11    1449.19  0.000e+00
       4363     46.500     7.4707     7.4988     0.0278    1.13818    1.13867          1     4.4974     4.2829       7.05     0.0000  4.924e-11  1.000e-12  2.031e+00    10.0209    10.0176    -0.0033     7.7644     7.7596     46.073     47.055      0.251    1450.24    1450.35  0.000e+00
       4408     47.000     7.7380     7.7133    -0.0244    1.17228    1.16778          1     4.2754     4.1234       6.54     0.0000  4.924e-11  1.000e-12  2.031e+00    10.2666    10.2311    -0.0354     7.9346     7.9089     46.568     47.561      0.286    1451.65    1451.50  0.000e+00
       4445     47.500     7.8846     7.8975     0.0129    1.19155    1.19127          1     4.1563     4.0093       6.05     0.0000  4.924e-11  1.000e-12  2.031e+00    10.4052    10.3987    -0.0065     8.0303     8.0241     47.064     48.066      0.357    1452.42    1452.47  0.000e+00
       4480     48.000     8.0393     8.0788     0.0397    1.21346    1.21678          1     4.0493     3.8723       5.49     0.0000  4.924e-11  1.000e-12  2.031e+00    10.5655    10.5849     0.0194     8.1420     8.1536     47.559     48.571      0.268    1453.26    1453.44  0.000e+00
       4563     48.500     8.0738     8.0846     0.0103    1.21808    1.21815          1     4.0376     3.8173       4.95     0.0000  4.924e-11  1.000e-12  2.031e+00    10.5984    10.5958    -0.0026     8.1645     8.1615     48.054     49.076      0.270    1453.44    1453.48  0.000e+00
       4596     49.000     8.1343     8.1306    -0.0036    1.22543    1.22447          1     3.9873     3.7731       4.49     0.0000  4.924e-11  1.000e-12  2.031e+00    10.6491    10.6413    -0.0078     8.1987     8.1929     48.550     49.581      0.452    1453.76    1453.74  0.000e+00
       4624     49.500     8.1412     8.1494     0.0082    1.22680    1.22703          1     3.9760     3.7487       3.96     0.0000  4.924e-11  1.000e-12  2.031e+00    10.6599    10.6595    -0.0003     8.2064     8.2054     49.045     50.087      0.358    1453.81    1453.84  0.000e+00
       4694     50.000     8.1464     8.1706     0.0241    1.22819    1.23018          1     3.9694     3.7330       3.38     0.0000  4.924e-11  1.000e-12  2.031e+00    10.6713    10.6826     0.0113     8.2149     8.2215     49.540     50.592      0.291    1453.85    1453.96  0.000e+00
       4732     50.500     8.2082     8.2177     0.0096    1.23564    1.23623          1     3.9395     3.7068       2.94     0.0000  4.924e-11  1.000e-12  2.031e+00    10.7224    10.7250     0.0027     8.2491     8.2503     50.036     51.097      0.465    1454.17    1454.21  0.000e+00
       4760     51.000     8.2117     8.2323     0.0207    1.23625    1.23831          1     3.9218     3.6836       2.38     0.0000  4.924e-11  1.000e-12  2.031e+00    10.7269    10.7399     0.0130     8.2523     8.2606     50.531     51.602      0.308    1454.20    1454.30  0.000e+00
       4845     51.500     8.2433     8.2478     0.0045    1.24059    1.24028          1     3.9037     3.6663       1.83     0.0000  4.924e-11  1.000e-12  2.031e+00    10.7579    10.7537    -0.0042     8.2736     8.2699     51.026     52.107      0.296    1454.37    1454.39  0.000e+00
       4874     52.000     8.2773     8.3113     0.0339    1.24564    1.24888          1     3.8749     3.6422       1.34     0.0000  4.924e-11  1.000e-12  2.031e+00    10.7948    10.8147     0.0199     8.2992     8.3116     51.522     52.612      0.399    1454.56    1454.72  0.000e+00
       4963     52.500     8.3255     8.3956     0.0700    1.25249    1.26069          1     3.8383     3.5922       0.80     0.0000  4.924e-11  1.000e-12  2.031e+00    10.8441    10.8993     0.0552     8.3332     8.3697     52.017     53.117      0.128    1454.82    1455.18  0.000e+00
