ctdpy/tests/etc/all_smhi_bas_2018/SBE09_1044_20180418_0025_34_07_0015.cnv
* Sea-Bird SBE 9 Data File:
* FileName = C:\ctd\temp\2018\AU18D015.hex
* Software Version Seasave V 7.26.6.26
* Temperature SN = 5351
* Conductivity SN = 3941
* Number of Bytes Per Scan = 41
* Number of Voltage Words = 4
* Number of Scans Averaged by the Deck Unit = 1
* NMEA Latitude = 55 15.00 N
* NMEA Longitude = 015 59.06 E
* NMEA UTC (Time) = Apr 18 2018  00:25:46
* NMEA baud rate = 4800
** Station:  BY5
** Operator:  SSip
** Ship: AURA
** Average sound velocity: 1434.06 m/s
** True-depth calculation Wed, 18 Apr 2018 01:09:48 +0000
** CTD Python Module SMHI /ver 3-12/ feb 2012 
** LIMS Job: 20183407-0015
** Cruise: SMHI-01-2018
** Latitude [GG MM.mm N] :
** Longitude [GG MM.mm E]:
# nquan = 26
# nvalues = 165                         
# units = specified
# name 0 = scan: Scan Count
# name 1 = prDM: Pressure, Digiquartz [db]
# name 2 = t090C: Temperature [ITS-90, deg C]
# name 3 = t190C: Temperature, 2 [ITS-90, deg C]
# name 4 = T2-T190C: Temperature Difference, 2 - 1 [ITS-90, deg C]
# name 5 = c0S/m: Conductivity [S/m]
# name 6 = c1S/m: Conductivity, 2 [S/m]
# name 7 = pumps: Pump Status
# name 8 = sbeox0ML/L: Oxygen, SBE 43 [ml/l]
# name 9 = sbeox1ML/L: Oxygen, SBE 43, 2 [ml/l]
# name 10 = altM: Altimeter [m]
# name 11 = flECO-AFL: Chl-a Fluorescence, WET Labs ECO-AFL/FL [mg/m^3]
# name 12 = flECO-AFL1: Phycocyanin Fluorescence, WET Labs ECO-AFL/FL, 2 [mg/m^3]
# name 13 = par: PAR/Irradiance, Biospherical/Lico [µE/(cm^2*s)]
# name 14 = turbWETntu0: Turbidity, WET Labs ECO [NTU]
# name 15 = sal00: Salinity, Practical [PSU]
# name 16 = sal11: Salinity, Practical, 2 [PSU]
# name 17 = secS-priS: Salinity, Practical, Difference, 2 - 1 [PSU]
# name 18 = sigma-t00: Density [sigma-t, Kg/m^3 ]
# name 19 = sigma-t11: Density, 2 [sigma-t, Kg/m^3 ]
# name 20 = depSM: Depth [salt water, m], lat = 55.25
# name 21 = depFM: Depth [true depth, m], lat = 55.25
# name 22 = dz/dtM: Descent Rate [m/s], WS = 2
# name 23 = svCM: Sound Velocity [Chen-Millero, m/s]
# name 24 = svCM1: Sound Velocity, 2 [Chen-Millero, m/s]
# name 25 = flag: flag
# span 0 =       5889,       9715       
# span 1 =      1.000,     83.000       
# span 2 =     2.2017,     8.3695       
# span 3 =     2.2015,     8.3696       
# span 4 =    -0.0518,     0.0255       
# span 5 =   0.767921,   1.811382       
# span 6 =   0.767903,   1.811338       
# span 7 =          1,          1       
# span 8 =    0.10273,    9.54440       
# span 9 =    0.08073,    9.40675       
# span 10 =       3.99,      97.82      
# span 11 =     0.2843,     2.4838      
# span 12 =     0.1634,     0.7651      
# span 13 = 1.0000e-12, 2.2132e+00      
# span 14 =     0.1501,     0.5067      
# span 15 =     7.5553,    16.8067      
# span 16 =     7.5552,    16.8057      
# span 17 =    -0.0173,     0.0096      
# span 18 =     6.0236,    13.1251      
# span 19 =     6.0231,    13.1242      
# span 20 =      0.991,     82.234      
# span 21 =      1.012,     83.912      
# span 22 =     -0.207,      0.600      
# span 23 =    1424.40,    1459.76      
# span 24 =    1424.40,    1459.77      
# span 25 = 0.0000e+00, 0.0000e+00      
# interval = decibars: 0.5              
# start_time = Apr 18 2018 00:25:47 [NMEA time, first data scan]
# bad_flag = -9.990e-29
*END*
[from data line 56]
       7203     29.000     2.9133     2.9173     0.0039    0.77118    0.77124          1     9.2352     9.1090      97.60     0.7244     0.3137  1.000e-12  0.1968000     7.5556     7.5553    -0.0003     6.0246     6.0243     28.736     29.361      0.555    1426.96    1426.97  0.000e+00
       7224     29.500     2.9345     2.9314    -0.0025    0.77170    0.77162          1     9.2421     9.1187      97.57     0.7243     0.3023  1.000e-12  0.2023000     7.5560     7.5559    -0.0001     6.0247     6.0247     29.231     29.867      0.559    1427.06    1427.05  0.000e+00
       7246     30.000     2.9118     2.9298     0.0177    0.77123    0.77157          1     9.2499     9.1181      97.54     0.7084     0.3168  1.000e-12  0.2121000     7.5564     7.5557    -0.0006     6.0252     6.0245     29.727     30.373      0.539    1426.96    1427.05  0.000e+00
       7269     30.500     2.9310     2.9307    -0.0003    0.77169    0.77164          1     9.2555     9.1108      97.55     0.6535     0.3022  1.000e-12  0.2144000     7.5566     7.5561    -0.0005     6.0252     6.0249     30.222     30.879      0.524    1427.06    1427.06  0.000e+00
       7292     31.000     2.9211     2.9243     0.0031    0.77150    0.77152          1     9.2441     9.1131      97.53     0.6625     0.2763  1.000e-12  0.1916000     7.5569     7.5563    -0.0006     6.0255     6.0250     30.718     31.386      0.520    1427.02    1427.04  0.000e+00
       7315     31.500     2.9024     2.8972    -0.0051    0.77109    0.77092          1     9.2258     9.1139      70.87     0.6156     0.3088  1.000e-12  0.2031000     7.5569     7.5563    -0.0006     6.0257     6.0253     31.213     31.892      0.527    1426.95    1426.92  0.000e+00
       7337     32.000     2.8602     2.8688     0.0084    0.77016    0.77028          1     9.2094     9.0950      97.81     0.6791     0.3045  1.000e-12  0.1817000     7.5570     7.5562    -0.0007     6.0261     6.0254     31.708     32.398      0.548    1426.76    1426.80  0.000e+00
       7359     32.500     2.8298     2.8286    -0.0012    0.76942    0.76935          1     9.1878     9.0667      97.56     0.6876     0.2636  1.000e-12  0.1793000     7.5563     7.5558    -0.0004     6.0258     6.0254     32.204     32.904      0.558    1426.63    1426.62  0.000e+00
       7380     33.000     2.8060     2.8070     0.0011    0.76891    0.76888          1     9.1747     9.0431      97.64     0.6563     0.2409  1.000e-12  0.1835000     7.5565     7.5559    -0.0006     6.0261     6.0256     32.699     33.410      0.539    1426.52    1426.53  0.000e+00
       7403     33.500     2.7932     2.7957     0.0025    0.76863    0.76865          1     9.1509     9.0288      89.93     0.6131     0.2434  1.000e-12  0.1799000     7.5565     7.5560    -0.0005     6.0262     6.0258     33.195     33.917      0.522    1426.47    1426.48  0.000e+00
       7426     34.000     2.7901     2.7915     0.0013    0.76860    0.76859          1     9.1340     9.0219      55.47     0.5948     0.2818  1.000e-12  0.1743000     7.5568     7.5564    -0.0004     6.0264     6.0261     33.690     34.423      0.532    1426.47    1426.47  0.000e+00
       7448     34.500     2.7748     2.7751     0.0003    0.76830    0.76826          1     9.1323     9.0187      79.92     0.5851     0.2403  1.000e-12  0.1727000     7.5572     7.5567    -0.0005     6.0268     6.0265     34.185     34.929      0.539    1426.40    1426.40  0.000e+00
       7471     35.000     2.7680     2.7676    -0.0004    0.76817    0.76812          1     9.1327     9.0152      54.30     0.4681     0.2627  1.000e-12  0.1655000     7.5574     7.5569    -0.0005     6.0271     6.0267     34.681     35.435      0.533    1426.38    1426.38  0.000e+00
       7493     35.500     2.7639     2.7622    -0.0016    0.76812    0.76803          1     9.1289     9.0080      66.38     0.5161     0.2999  1.000e-12  0.1545000     7.5577     7.5572    -0.0005     6.0273     6.0269     35.176     35.942      0.535    1426.37    1426.36  0.000e+00
       7515     36.000     2.7612     2.7623     0.0010    0.76811    0.76808          1     9.1245     9.0008      95.46     0.4191     0.3088  1.000e-12  0.1763000     7.5581     7.5576    -0.0005     6.0277     6.0273     35.672     36.448      0.543    1426.36    1426.37  0.000e+00
       7537     36.500     2.7634     2.7641     0.0008    0.76820    0.76818          1     9.1287     9.0008      52.84     0.4677     0.2844  1.000e-12  0.1593000     7.5585     7.5581    -0.0004     6.0280     6.0277     36.167     36.954      0.539    1426.38    1426.39  0.000e+00
       7560     37.000     2.7723     2.7778     0.0053    0.76848    0.76859          1     9.1214     8.9945      77.69     0.4721     0.2744  1.000e-12  0.1555000     7.5594     7.5592    -0.0001     6.0286     6.0284     36.662     37.460      0.530    1426.43    1426.46  0.000e+00
       7583     37.500     2.8001     2.8008     0.0008    0.76926    0.76925          1     9.1192     8.9828      52.27     0.4522     0.2732  1.000e-12  0.1742000     7.5609     7.5606    -0.0003     6.0296     6.0294     37.158     37.966      0.528    1426.57    1426.57  0.000e+00
       7605     38.000     2.8035     2.8048     0.0013    0.76940    0.76939          1     9.1207     8.9858      51.46     0.4677     0.2830  1.000e-12  0.1860000     7.5616     7.5611    -0.0004     6.0302     6.0298     37.653     38.473      0.531    1426.60    1426.60  0.000e+00
       7628     38.500     2.8016     2.8030     0.0014    0.76939    0.76937          1     9.1187     8.9871      94.30     0.5214     0.2969  1.000e-12  0.1749000     7.5618     7.5613    -0.0005     6.0303     6.0299     38.149     38.979      0.526    1426.60    1426.60  0.000e+00
       7651     39.000     2.8035     2.8053     0.0019    0.76948    0.76949          1     9.1110     8.9797      97.59     0.5362     0.2632  1.000e-12  0.1792000     7.5622     7.5619    -0.0004     6.0307     6.0304     38.644     39.485      0.526    1426.61    1426.62  0.000e+00
       7674     39.500     2.7904     2.7919     0.0015    0.76929    0.76928          1     9.1030     8.9823      97.62     0.4695     0.2413  1.000e-12  0.1609000     7.5633     7.5628    -0.0005     6.0316     6.0312     39.139     39.991      0.532    1426.56    1426.57  0.000e+00
       7696     40.000     2.7638     2.7680     0.0042    0.76870    0.76874          1     9.1115     8.9936      97.61     0.4716     0.2908  1.000e-12  0.1613000     7.5632     7.5627    -0.0005     6.0317     6.0313     39.635     40.497      0.523    1426.45    1426.47  0.000e+00
       7720     40.500     2.7388     2.7402     0.0014    0.76821    0.76819          1     9.1230     9.0081      97.64     0.4414     0.3011  1.000e-12  0.1675000     7.5639     7.5633    -0.0006     6.0324     6.0319     40.130     41.004      0.509    1426.34    1426.35  0.000e+00
       7743     41.000     2.7336     2.7351     0.0015    0.76812    0.76811          1     9.1305     9.0153      97.63     0.4158     0.3308  1.000e-12  0.1585000     7.5641     7.5636    -0.0004     6.0326     6.0322     40.626     41.510      0.522    1426.32    1426.33  0.000e+00
       7765     41.500     2.7330     2.7337     0.0007    0.76813    0.76810          1     9.1365     9.0009      97.67     0.4345     0.3180  1.000e-12  0.1723000     7.5643     7.5638    -0.0005     6.0328     6.0324     41.121     42.016      0.532    1426.33    1426.33  0.000e+00
       7788     42.000     2.7317     2.7329     0.0013    0.76813    0.76811          1     9.1333     8.9907      97.67     0.4884     0.2767  1.000e-12  0.1697000     7.5645     7.5640    -0.0005     6.0329     6.0325     41.616     42.522      0.516    1426.33    1426.33  0.000e+00
       7812     42.500     2.7208     2.7249     0.0040    0.76798    0.76801          1     9.1371     8.9984      97.66     0.5186     0.2955  1.000e-12  0.1617000     7.5654     7.5648    -0.0006     6.0337     6.0332     42.112     43.029      0.517    1426.29    1426.31  0.000e+00
       7835     43.000     2.7144     2.7160     0.0016    0.76792    0.76791          1     9.1479     9.0164      97.70     0.4931     0.2797  1.000e-12  0.1622000     7.5663     7.5658    -0.0005     6.0344     6.0340     42.607     43.535      0.525    1426.27    1426.28  0.000e+00
       7858     43.500     2.7120     2.7131     0.0012    0.76792    0.76790          1     9.1414     9.0089      79.44     0.4673     0.2543  1.000e-12  0.1717000     7.5668     7.5663    -0.0005     6.0349     6.0345     43.102     44.041      0.517    1426.27    1426.27  0.000e+00
       7881     44.000     2.7085     2.7098     0.0013    0.76795    0.76793          1     9.1337     9.0040      45.67     0.4673     0.2789  1.000e-12  0.1810000     7.5678     7.5673    -0.0004     6.0357     6.0353     43.598     44.547      0.502    1426.26    1426.26  0.000e+00
       7905     44.500     2.6898     2.6915     0.0016    0.76813    0.76810          1     9.1297     9.0064      59.56     0.5149     0.3008  1.000e-12  0.1562000     7.5741     7.5734    -0.0007     6.0408     6.0403     44.093     45.053      0.496    1426.19    1426.20  0.000e+00
       7929     45.000     2.6761     2.6773     0.0013    0.76820    0.76818          1     9.1336     9.0047      58.73     0.5004     0.3056  1.000e-12  0.1617000     7.5780     7.5775    -0.0005     6.0440     6.0436     44.589     45.560      0.502    1426.14    1426.14  0.000e+00
       7953     45.500     2.6675     2.6684     0.0009    0.76826    0.76825          1     9.1331     8.9955      44.73     0.6742     0.3191  1.000e-12  0.1737000     7.5806     7.5802    -0.0004     6.0461     6.0458     45.084     46.066      0.506    1426.11    1426.11  0.000e+00
       7977     46.000     2.6635     2.6651     0.0017    0.76828    0.76827          1     9.1324     8.9995      43.96     0.4465     0.3313  1.000e-12  0.1625000     7.5817     7.5812    -0.0005     6.0470     6.0466     45.579     46.572      0.517    1426.10    1426.10  0.000e+00
       8000     46.500     2.6549     2.6577     0.0028    0.76823    0.76822          1     9.1308     9.0062      42.96     0.4339     0.2815  1.000e-12  0.1501000     7.5831     7.5824    -0.0007     6.0482     6.0476     46.075     47.078      0.519    1426.07    1426.08  0.000e+00
       8023     47.000     2.6493     2.6506     0.0013    0.76825    0.76823          1     9.1233     9.0013      42.02     0.4503     0.2950  1.000e-12  0.1802000     7.5846     7.5841    -0.0005     6.0494     6.0490     46.570     47.584      0.515    1426.05    1426.06  0.000e+00
       8046     47.500     2.6443     2.6455     0.0012    0.76827    0.76826          1     9.1233     9.0036      41.45     0.4719     0.2938  1.000e-12  0.1878000     7.5860     7.5855    -0.0005     6.0505     6.0502     47.065     48.091      0.512    1426.04    1426.04  0.000e+00
       8070     48.000     2.6369     2.6383     0.0013    0.76839    0.76837          1     9.1265     8.9974      40.94     0.5016     0.2820  1.000e-12  0.2106000     7.5889     7.5883    -0.0005     6.0528     6.0524     47.561     48.597      0.517    1426.02    1426.02  0.000e+00
       8093     48.500     2.6249     2.6263     0.0015    0.76851    0.76849          1     9.1198     8.9928      40.48     0.5959     0.2582  1.000e-12  0.2080000     7.5929     7.5924    -0.0005     6.0562     6.0557     48.056     49.103      0.522    1425.97    1425.98  0.000e+00
       8116     49.000     2.6085     2.6099     0.0014    0.76870    0.76869          1     9.1113     8.9895      40.04     0.6279     0.2442  1.000e-12  0.1902000     7.5988     7.5983    -0.0005     6.0609     6.0606     48.551     49.609      0.525    1425.91    1425.92  0.000e+00
       8139     49.500     2.5973     2.5989     0.0016    0.76882    0.76880          1     9.1121     8.9947      39.68     0.5219     0.2995  1.000e-12  0.2000000     7.6027     7.6021    -0.0006     6.0640     6.0636     49.047     50.115      0.530    1425.87    1425.88  0.000e+00
       8161     50.000     2.5893     2.5903     0.0011    0.76895    0.76893          1     9.1245     8.9968      39.09     0.5380     0.2425  1.000e-12  0.2048000     7.6059     7.6055    -0.0004     6.0667     6.0663     49.542     50.622      0.527    1425.85    1425.85  0.000e+00
       8184     50.500     2.5802     2.5816     0.0014    0.76900    0.76899          1     9.1352     9.0136      38.49     0.5059     0.3085  1.000e-12  0.1617000     7.6085     7.6080    -0.0005     6.0688     6.0684     50.038     51.128      0.513    1425.82    1425.82  0.000e+00
       8208     51.000     2.5525     2.5551     0.0026    0.76909    0.76907          1     9.0809     8.9750      37.85     0.5056     0.3147  1.000e-12  0.1732000     7.6160     7.6152    -0.0008     6.0749     6.0742     50.533     51.634      0.508    1425.71    1425.72  0.000e+00
       8231     51.500     2.4727     2.4782     0.0055    0.77041    0.77034          1     9.0427     8.9604      37.17     0.4722     0.3064  1.000e-12  0.1683000     7.6491     7.6471    -0.0021     6.1015     6.0999     51.028     52.140      0.522    1425.39    1425.41  0.000e+00
       8254     52.000     2.2986     2.3023     0.0038    0.77287    0.77283          1     9.0090     8.9337      36.54     0.5270     0.2936  1.000e-12  0.1870000     7.7175     7.7162    -0.0013     6.1563     6.1552     51.524     52.646      0.537    1424.67    1424.68  0.000e+00
       8276     52.500     2.2504     2.2525     0.0021    0.77561    0.77553          1     8.9985     8.9259      36.00     0.5164     0.2702  1.000e-12  0.1957000     7.7586     7.7572    -0.0014     6.1891     6.1880     52.019     53.153      0.539    1424.51    1424.51  0.000e+00
       8299     53.000     2.2017     2.2015    -0.0002    0.78262    0.78252          1     8.9829     8.8951      35.50     0.4928     0.2550  1.000e-12  0.2412000     7.8459     7.8449    -0.0010     6.2589     6.2581     52.514     53.659      0.523    1424.40    1424.40  0.000e+00
       8322     53.500     2.2288     2.2286    -0.0002    0.78933    0.78916          1     8.9121     8.7996      34.96     0.5137     0.2955  1.000e-12  0.2636000     7.9113     7.9095    -0.0018     6.3113     6.3098     53.010     54.165      0.505    1424.62    1424.62  0.000e+00
       8346     54.000     2.2058     2.2093     0.0034    0.79377    0.79361          1     8.8659     8.7207      68.50     0.5304     0.2609  1.000e-12  0.2496000     7.9649     7.9623    -0.0026     6.3542     6.3521     53.505     54.671      0.510    1424.59    1424.60  0.000e+00
       8369     54.500     2.2025     2.2024    -0.0001    0.79892    0.79879          1     8.8324     8.6734      33.83     0.4898     0.3004  1.000e-12  0.2440000     8.0211     8.0198    -0.0013     6.3991     6.3981     54.000     55.177      0.528    1424.65    1424.65  0.000e+00
       8391     55.000     2.2532     2.2537     0.0005    0.80455    0.80446          1     8.7923     8.6209      33.55     0.4768     0.3134  1.000e-12  0.2243000     8.0689     8.0678    -0.0011     6.4374     6.4365     54.496     55.683      0.532    1424.96    1424.96  0.000e+00
       8414     55.500     2.3105     2.3098    -0.0008    0.81049    0.81037          1     8.7609     8.5706      32.98     0.5158     0.2777  1.000e-12  0.2408000     8.1181     8.1171    -0.0011     6.4768     6.4759     54.991     56.189      0.530    1425.30    1425.30  0.000e+00
       8437     56.000     2.3851     2.3826    -0.0024    0.81571    0.81553          1     8.7102     8.5136      32.41     0.4584     0.2661  1.000e-12  0.2354000     8.1551     8.1538    -0.0013     6.5062     6.5052     55.486     56.695      0.530    1425.71    1425.69  0.000e+00
