ctdpy/tests/etc/all_smhi_bas_2018/SBE09_0827_20180905_0601_26_01_0962.cnv
* Sea-Bird SBE 9 Data File:
* FileName = D:\CTD_SBE911\DAT\26DA.2018.9.12.hex
* Software Version Seasave V 7.21d
* Temperature SN = 034605
* Conductivity SN = 041844
* Number of Bytes Per Scan = 48
* Number of Voltage Words = 5
* Number of Scans Averaged by the Deck Unit = 1
* NMEA Latitude = 58 01.10 N
* NMEA Longitude = 017 58.90 E
* NMEA UTC (Time) = Sep 05 2018  06:04:19
* NMEA baud rate = 4800
** Ship: DANA
** Average sound velocity: 1447.67 m/s
** True-depth calculation Wed, 03 Apr 2019 09:29:24 +0000
** CTD Python Module SMHI /ver 3-12/ feb 2012 
** LIMS Job: 20182601-0962
**  BY32 NORRKØPINGSDJUPET
** Operator: Christian
** Cruise: 09/2018
# nquan = 26
# nvalues = 400                         
# units = specified
# name 0 = scan: Scan Count
# name 1 = prDM: Pressure, Digiquartz [db]
# name 2 = t090C: Temperature [ITS-90, deg C]
# name 3 = t190C: Temperature, 2 [ITS-90, deg C]
# name 4 = T2-T190C: Temperature Difference, 2 - 1 [ITS-90, deg C]
# name 5 = c0S/m: Conductivity [S/m]
# name 6 = c1S/m: Conductivity, 2 [S/m]
# name 7 = pumps: Pump Status
# name 8 = sbeox1ML/L: Oxygen, SBE 43, 2 [ml/l]
# name 9 = sbeox0ML/L: Oxygen, SBE 43 [ml/l]
# name 10 = altM: Altimeter [m]
# name 11 = chloroflTC0: Chlorophyll, Turner Cyclops [ug/l]
# name 12 = cpar: CPAR/Corrected Irradiance [%]
# name 13 = par: PAR/Irradiance, Biospherical/Lico [µE/(cm^2*s)]
# name 14 = spar: SPAR, Biospherical/Licor
# name 15 = sal00: Salinity, Practical [PSU]
# name 16 = sal11: Salinity, Practical, 2 [PSU]
# name 17 = secS-priS: Salinity, Practical, Difference, 2 - 1 [PSU]
# name 18 = sigma-t00: Density [sigma-t, kg/m^3 ]
# name 19 = sigma-t11: Density, 2 [sigma-t, kg/m^3 ]
# name 20 = depSM: Depth [salt water, m], lat = 58.0183
# name 21 = depFM: Depth [true depth, m], lat = 58.0183
# name 22 = dz/dtM: Descent Rate [m/s], WS = 2
# name 23 = svCM: Sound Velocity [Chen-Millero, m/s]
# name 24 = svCM1: Sound Velocity, 2 [Chen-Millero, m/s]
# name 25 = flag: flag
# span 0 =        187,      15071       
# span 1 =      1.000,    200.500       
# span 2 =     3.3985,    18.5578       
# span 3 =     3.3951,    18.5577       
# span 4 =    -1.6379,     0.0385       
# span 5 =   0.758848,   1.204208       
# span 6 =   0.758496,   1.203690       
# span 7 =          1,          1       
# span 8 =     0.0390,     7.5429       
# span 9 =     0.0245,     7.8666       
# span 10 =       1.48,       9.98      
# span 11 =     0.0424,     0.2802      
# span 12 = 7.5052e-14, 1.6506e+00      
# span 13 = 1.0000e-12, 2.0458e+01      
# span 14 = 1.0649e+03, 1.3325e+03      
# span 15 =     6.7035,    11.0736      
# span 16 =     6.7238,    11.0687      
# span 17 =    -0.0082,     0.1542      
# span 18 =     3.6455,     8.6957      
# span 19 =     3.6427,     8.6919      
# span 20 =      0.990,    198.545      
# span 21 =      1.015,    202.744      
# span 22 =     -0.053,      0.570      
# span 23 =    1429.40,    1485.75      
# span 24 =    1429.37,    1485.74      
# span 25 = 0.0000e+00, 0.0000e+00      
# interval = decibars: 0.5              
# start_time = Sep 05 2018 06:04:19 [NMEA time, first data scan]
# bad_flag = -9.990e-29
*END*
[from data line 112]
       5504     57.000     3.4182     3.4079    -0.0103    0.76459    0.76396          1     7.4816     7.7889       9.97     0.0439  7.694e-14  1.000e-12  1.300e+03     7.3661     7.3619    -0.0042     5.8674     5.8642     56.464     57.777      0.238    1429.47    1429.42  0.000e+00
       5547     57.500     3.3996     3.3951    -0.0045    0.76460    0.76406          1     7.4696     7.7710       9.97     0.0433  7.677e-14  1.000e-12  1.303e+03     7.3703     7.3657    -0.0046     5.8711     5.8675     56.959     58.283      0.261    1429.40    1429.37  0.000e+00
       5600     58.000     3.4121     3.4114    -0.0007    0.76550    0.76496          1     7.4382     7.7358       9.97     0.0433  7.672e-14  1.000e-12  1.304e+03     7.3767     7.3713    -0.0053     5.8759     5.8717     57.454     58.789      0.225    1429.47    1429.46  0.000e+00
       5647     58.500     3.4325     3.4400     0.0076    0.76670    0.76621          1     7.4228     7.7120       9.97     0.0437  7.677e-14  1.000e-12  1.303e+03     7.3845     7.3776    -0.0069     5.8818     5.8762     57.950     59.296      0.275    1429.58    1429.61  0.000e+00
       5693     59.000     3.5320     3.5593     0.0273    0.76973    0.76954          1     7.4071     7.6631       9.97     0.0438  7.674e-14  1.000e-12  1.303e+03     7.3929     7.3847    -0.0082     5.8869     5.8799     58.445     59.802      0.238    1430.05    1430.17  0.000e+00
       5744     59.500     3.5624     3.5597    -0.0027    0.77099    0.77038          1     7.3407     7.5795       9.97     0.0424  7.680e-14  1.000e-12  1.302e+03     7.3990     7.3933    -0.0057     5.8912     5.8867     58.940     60.308      0.249    1430.21    1430.19  0.000e+00
       5791     60.000     3.5403     3.5364    -0.0039    0.77104    0.77039          1     7.2771     7.5356       9.97     0.0433  7.670e-14  1.000e-12  1.304e+03     7.4045     7.3986    -0.0059     5.8960     5.8914     59.435     60.814      0.249    1430.12    1430.10  0.000e+00
       5840     60.500     3.5497     3.5540     0.0042    0.77184    0.77126          1     7.2653     7.5123       9.97     0.0431  7.670e-14  1.000e-12  1.304e+03     7.4105     7.4035    -0.0070     5.9006     5.8949     59.930     61.321      0.250    1430.18    1430.19  0.000e+00
       5889     61.000     3.5580     3.5525    -0.0055    0.77267    0.77209          1     7.2211     7.4427       9.97     0.0426  7.656e-14  1.000e-12  1.306e+03     7.4171     7.4123    -0.0047     5.9057     5.9020     60.426     61.827      0.236    1430.23    1430.20  0.000e+00
       5939     61.500     3.4926     3.4802    -0.0125    0.77192    0.77124          1     7.1732     7.4327       9.97     0.0436  7.646e-14  1.000e-12  1.308e+03     7.4242     7.4201    -0.0042     5.9125     5.9094     60.921     62.333      0.252    1429.95    1429.89  0.000e+00
       5984     62.000     3.4882     3.4842    -0.0041    0.77276    0.77221          1     7.1517     7.3632       9.97     0.0436  7.644e-14  1.000e-12  1.308e+03     7.4339     7.4290    -0.0048     5.9202     5.9165     61.416     62.840      0.264    1429.95    1429.93  0.000e+00
       6033     62.500     3.4822     3.4762    -0.0060    0.77343    0.77289          1     7.0856     7.3195       9.97     0.0447  7.625e-14  1.000e-12  1.311e+03     7.4420     7.4379    -0.0042     5.9269     5.9237     61.911     63.346      0.240    1429.94    1429.91  0.000e+00
       6081     63.000     3.4798     3.4757    -0.0041    0.77438    0.77383          1     7.0557     7.3015       9.97     0.0439  7.625e-14  1.000e-12  1.311e+03     7.4524     7.4476    -0.0048     5.9352     5.9314     62.407     63.852      0.261    1429.96    1429.93  0.000e+00
       6128     63.500     3.4559     3.4439    -0.0120    0.77466    0.77408          1     7.0081     7.2344       9.97     0.0446  7.625e-14  1.000e-12  1.312e+03     7.4607     7.4575    -0.0033     5.9422     5.9398     62.902     64.358      0.243    1429.87    1429.81  0.000e+00
       6179     64.000     3.4112     3.3998    -0.0114    0.77547    0.77497          1     6.9415     7.1601       9.97     0.0445  7.610e-14  1.000e-12  1.314e+03     7.4793     7.4767    -0.0026     5.9577     5.9558     63.397     64.865      0.242    1429.69    1429.64  0.000e+00
       6224     64.500     3.3985     3.3959    -0.0026    0.77846    0.77815          1     6.8672     7.0251       9.97     0.0438  7.608e-14  1.000e-12  1.314e+03     7.5132     7.5105    -0.0027     5.9849     5.9828     63.892     65.371      0.277    1429.69    1429.67  0.000e+00
       6271     65.000     3.4205     3.4262     0.0057    0.78120    0.78128          1     6.7371     6.8983       9.97     0.0433  7.598e-14  1.000e-12  1.316e+03     7.5364     7.5358    -0.0005     6.0030     6.0025     64.387     65.877      0.235    1429.83    1429.85  0.000e+00
       6322     65.500     3.4629     3.4687     0.0059    0.78426    0.78387          1     6.6097     6.7765       9.97     0.0428  7.599e-14  1.000e-12  1.316e+03     7.5581     7.5527    -0.0054     6.0196     6.0152     64.883     66.383      0.261    1430.05    1430.07  0.000e+00
       6364     66.000     3.5004     3.5101     0.0097    0.78824    0.78795          1     6.5179     6.6391       9.97     0.0432  7.592e-14  1.000e-12  1.317e+03     7.5904     7.5852    -0.0053     6.0447     6.0403     65.378     66.890      0.277    1430.28    1430.31  0.000e+00
       6414     66.500     3.5480     3.5616     0.0135    0.79326    0.79369          1     6.3596     6.4406       9.97     0.0434  7.580e-14  1.000e-12  1.319e+03     7.6311     7.6324     0.0013     6.0762     6.0770     65.873     67.396      0.226    1430.55    1430.62  0.000e+00
       6463     67.000     3.5923     3.6033     0.0110    0.80017    0.80020          1     6.1543     6.1995       9.97     0.0438  7.582e-14  1.000e-12  1.319e+03     7.6920     7.6897    -0.0023     6.1239     6.1218     66.368     67.902      0.268    1430.84    1430.89  0.000e+00
       6509     67.500     3.6428     3.6559     0.0131    0.80690    0.80726          1     5.9422     5.9401       9.97     0.0436  7.557e-14  1.000e-12  1.323e+03     7.7494     7.7500     0.0006     6.1685     6.1688     66.863     68.408      0.245    1431.15    1431.21  0.000e+00
       6558     68.000     3.7118     3.7372     0.0254    0.81826    0.81959          1     5.6717     5.5671       9.97     0.0445  7.552e-14  1.000e-12  1.324e+03     7.8500     7.8575     0.0075     6.2471     6.2525     67.359     68.914      0.255    1431.60    1431.73  0.000e+00
       6603     68.500     3.7889     3.8041     0.0151    0.82809    0.82842          1     5.3558     5.2353       9.97     0.0440  7.558e-14  1.000e-12  1.323e+03     7.9325     7.9323    -0.0002     6.3110     6.3104     67.854     69.420      0.260    1432.07    1432.13  0.000e+00
       6654     69.000     3.8161     3.8241     0.0080    0.83127    0.83134          1     5.0657     5.0839       9.97     0.0453  7.560e-14  1.000e-12  1.323e+03     7.9585     7.9574    -0.0012     6.3310     6.3299     68.349     69.926      0.233    1432.23    1432.26  0.000e+00
       6700     69.500     3.8314     3.8386     0.0072    0.83315    0.83287          1     4.9610     5.0429       9.97     0.0447  7.564e-14  1.000e-12  1.322e+03     7.9741     7.9695    -0.0046     6.3430     6.3392     68.844     70.432      0.286    1432.33    1432.35  0.000e+00
       6744     70.000     3.8684     3.8835     0.0151    0.83791    0.83815          1     4.8804     4.9197       9.97     0.0436  7.564e-14  1.000e-12  1.322e+03     8.0139     8.0127    -0.0012     6.3738     6.3725     69.339     70.938      0.247    1432.55    1432.62  0.000e+00
       6794     70.500     3.9438     3.9713     0.0275    0.84908    0.85031          1     4.6986     4.5849       9.97     0.0446  7.575e-14  1.000e-12  1.320e+03     8.1100     8.1158     0.0057     6.4483     6.4521     69.835     71.444      0.242    1433.02    1433.16  0.000e+00
       6844     71.000     4.0273     4.0465     0.0192    0.86019    0.86100          1     4.3494     4.1901       9.97     0.0446  7.565e-14  1.000e-12  1.322e+03     8.2031     8.2067     0.0035     6.5200     6.5223     70.330     71.950      0.241    1433.53    1433.62  0.000e+00
       6893     71.500     4.0684     4.0876     0.0192    0.86635    0.86671          1     4.0535     3.9754       9.97     0.0459  7.560e-14  1.000e-12  1.323e+03     8.2559     8.2547    -0.0012     6.5608     6.5593     70.825     72.456      0.242    1433.79    1433.87  0.000e+00
       6944     72.000     4.1728     4.2073     0.0345    0.88113    0.88304          1     3.7945     3.5541       9.97     0.0466  7.556e-14  1.000e-12  1.323e+03     8.3807     8.3915     0.0108     6.6568     6.6643     71.320     72.962      0.230    1434.42    1434.59  0.000e+00
       6996     72.500     4.2810     4.3090     0.0280    0.89751    0.89873          1     3.3367     3.0171       9.97     0.0460  7.552e-14  1.000e-12  1.324e+03     8.5204     8.5255     0.0051     6.7642     6.7674     71.815     73.468      0.241    1435.09    1435.22  0.000e+00
       7043     73.000     4.3540     4.3817     0.0276    0.90866    0.90952          1     2.9502     2.6815       9.97     0.0471  7.552e-14  1.000e-12  1.324e+03     8.6151     8.6166     0.0015     6.8370     6.8372     72.311     73.974      0.270    1435.55    1435.67  0.000e+00
       7089     73.500     4.4194     4.4418     0.0225    0.91851    0.91934          1     2.6489     2.4500       9.97     0.0476  7.554e-14  1.000e-12  1.324e+03     8.6983     8.7008     0.0025     6.9007     6.9019     72.806     74.480      0.240    1435.95    1436.06  0.000e+00
       7139     74.000     4.4857     4.5213     0.0355    0.92788    0.92945          1     2.3981     2.2147       9.97     0.0475  7.564e-14  1.000e-12  1.322e+03     8.7761     8.7827     0.0066     6.9600     6.9639     73.301     74.986      0.269    1436.36    1436.52  0.000e+00
       7181     74.500     4.5834     4.6218     0.0384    0.94269    0.94480          1     2.1428     1.8535       9.97     0.0485  7.569e-14  1.000e-12  1.321e+03     8.9006     8.9117     0.0111     7.0550     7.0624     73.796     75.491      0.262    1436.96    1437.14  0.000e+00
       7235     75.000     4.6685     4.7020     0.0335    0.95505    0.95718          1     1.7335     1.4926       9.97     0.0488  7.585e-14  1.000e-12  1.318e+03     9.0031     9.0156     0.0125     7.1330     7.1415     74.291     75.997      0.215    1437.47    1437.63  0.000e+00
       7283     75.500     4.7721     4.8008     0.0287    0.97047    0.97117          1     1.4302     1.1372       9.97     0.0482  7.582e-14  1.000e-12  1.319e+03     9.1311     9.1303    -0.0008     7.2301     7.2283     74.787     76.503      0.274    1438.10    1438.22  0.000e+00
       7332     76.000     4.8398     4.8640     0.0242    0.98042    0.98175          1     1.1464     0.9642       9.97     0.0480  7.581e-14  1.000e-12  1.319e+03     9.2132     9.2199     0.0067     7.2923     7.2965     75.282     77.008      0.219    1438.51    1438.62  0.000e+00
       7385     76.500     4.8825     4.8974     0.0149    0.98698    0.98698          1     0.9874     0.9069       9.97     0.0480  7.599e-14  1.000e-12  1.316e+03     9.2677     9.2635    -0.0042     7.3335     7.3296     75.777     77.514      0.266    1438.77    1438.83  0.000e+00
       7428     77.000     4.9145     4.9366     0.0221    0.99119    0.99214          1     0.9197     0.8490       9.97     0.0484  7.607e-14  1.000e-12  1.315e+03     9.3012     9.3047     0.0035     7.3586     7.3604     76.272     78.019      0.262    1438.97    1439.07  0.000e+00
       7476     77.500     4.9711     4.9975     0.0264    1.00042    1.00185          1     0.8108     0.7038       9.97     0.0488  7.624e-14  1.000e-12  1.312e+03     9.3785     9.3855     0.0070     7.4173     7.4216     76.767     78.525      0.252    1439.32    1439.44  0.000e+00
       7524     78.000     5.0380     5.0612     0.0232    1.01137    1.01236          1     0.6421     0.5034       9.97     0.0490  7.638e-14  1.000e-12  1.309e+03     9.4701     9.4736     0.0034     7.4867     7.4883     77.262     79.030      0.243    1439.74    1439.84  0.000e+00
       7575     78.500     5.1204     5.1499     0.0294    1.02545    1.02721          1     0.4660     0.3225       9.97     0.0496  7.641e-14  1.000e-12  1.309e+03     9.5885     9.5978     0.0093     7.5764     7.5823     77.758     79.536      0.240    1440.25    1440.39  0.000e+00
       7624     79.000     5.1895     5.2280     0.0385    1.03687    1.03996          1     0.2983     0.1905       9.97     0.0491  7.634e-14  1.000e-12  1.310e+03     9.6836     9.7036     0.0199     7.6482     7.6621     78.253     80.041      0.238    1440.68    1440.88  0.000e+00
       7676     79.500     5.2597     5.2841     0.0244    1.04924    1.05067          1     0.1830     0.1346       9.97     0.0505  7.639e-14  1.000e-12  1.309e+03     9.7877     9.7949     0.0073     7.7269     7.7314     78.748     80.547      0.238    1441.13    1441.24  0.000e+00
       7722     80.000     5.3079     5.3328     0.0248    1.05729    1.05840          1     0.1550     0.1385       9.97     0.0512  7.634e-14  1.000e-12  1.310e+03     9.8544     9.8582     0.0038     7.7772     7.7789     79.243     81.052      0.268    1441.43    1441.54  0.000e+00
       7769     80.500     5.3645     5.3910     0.0265    1.06734    1.06875          1     0.1446     0.1396       9.97     0.0522  7.650e-14  1.000e-12  1.307e+03     9.9386     9.9449     0.0063     7.8408     7.8444     79.738     81.557      0.246    1441.79    1441.91  0.000e+00
       7818     81.000     5.4159     5.4366     0.0207    1.07587    1.07698          1     0.1352     0.1384       9.97     0.0520  7.660e-14  1.000e-12  1.305e+03    10.0089    10.0139     0.0049     7.8936     7.8964     80.234     82.063      0.247    1442.11    1442.21  0.000e+00
       7868     81.500     5.4652     5.4852     0.0200    1.08437    1.08549          1     0.1292     0.1332       9.97     0.0524  7.664e-14  1.000e-12  1.305e+03    10.0793    10.0846     0.0053     7.9465     7.9496     80.729     82.568      0.234    1442.42    1442.51  0.000e+00
       7918     82.000     5.5081     5.5207     0.0125    1.09255    1.09277          1     0.1263     0.1325       9.97     0.0530  7.682e-14  1.000e-12  1.302e+03    10.1485    10.1468    -0.0016     7.9987     7.9967     81.224     83.073      0.245    1442.70    1442.75  0.000e+00
       7969     82.500     5.5369     5.5478     0.0108    1.09754    1.09752          1     0.1190     0.1251       9.97     0.0526  7.682e-14  1.000e-12  1.302e+03    10.1897    10.1862    -0.0035     8.0296     8.0263     81.719     83.578      0.223    1442.89    1442.93  0.000e+00
       8023     83.000     5.5700     5.5839     0.0139    1.10350    1.10377          1     0.1163     0.1205       9.97     0.0529  7.689e-14  1.000e-12  1.300e+03    10.2392    10.2377    -0.0016     8.0669     8.0649     82.214     84.084      0.239    1443.10    1443.16  0.000e+00
       8070     83.500     5.5962     5.6037     0.0075    1.10818    1.10791          1     0.1097     0.1102       9.97     0.0527  7.682e-14  1.000e-12  1.302e+03    10.2780    10.2731    -0.0049     8.0960     8.0917     82.709     84.589      0.254    1443.27    1443.29  0.000e+00
       8119     84.000     5.6073     5.6125     0.0052    1.11008    1.10956          1     0.1092     0.1124       9.97     0.0530  7.693e-14  1.000e-12  1.300e+03    10.2936    10.2867    -0.0069     8.1077     8.1020     83.205     85.094      0.233    1443.34    1443.36  0.000e+00
