ctdpy/tests/etc/all_smhi_bas_2018/SBE09_1044_20181114_0638_34_01_0144.cnv
* Sea-Bird SBE 9 Data File:
* FileName = C:\ctd\temp\ar18d144.hex
* Software Version Seasave V 7.26.7.107
* Temperature SN = 5351
* Conductivity SN = 3941
* Number of Bytes Per Scan = 41
* Number of Voltage Words = 4
* Number of Scans Averaged by the Deck Unit = 1
* NMEA Latitude = 57 07.03 N
* NMEA Longitude = 017 40.14 E
* NMEA UTC (Time) = Nov 14 2018  06:38:43
* NMEA baud rate = 4800
** Station:  BY38
** Operator:  JKro
** Ship: ARANDA
** Average sound velocity: 1441.30 m/s
** True-depth calculation Wed, 14 Nov 2018 08:01:21 +0000
** CTD Python Module SMHI /ver 3-12/ feb 2012 
** LIMS Job: 20183401-0144
** Cruise: SMHI-6-2018
** Latitude [GG MM.mm N]:
** Longitude [GG MM.mm E]
# nquan = 26
# nvalues = 208                         
# units = specified
# name 0 = scan: Scan Count
# name 1 = prDM: Pressure, Digiquartz [db]
# name 2 = t090C: Temperature [ITS-90, deg C]
# name 3 = t190C: Temperature, 2 [ITS-90, deg C]
# name 4 = T2-T190C: Temperature Difference, 2 - 1 [ITS-90, deg C]
# name 5 = c0S/m: Conductivity [S/m]
# name 6 = c1S/m: Conductivity, 2 [S/m]
# name 7 = pumps: Pump Status
# name 8 = sbeox0ML/L: Oxygen, SBE 43 [ml/l]
# name 9 = sbeox1ML/L: Oxygen, SBE 43, 2 [ml/l]
# name 10 = altM: Altimeter [m]
# name 11 = flECO-AFL: Chl-a Fluorescence, WET Labs ECO-AFL/FL [mg/m^3]
# name 12 = flECO-AFL1: Phycocyanin Fluorescence, WET Labs ECO-AFL/FL, 2 [mg/m^3]
# name 13 = par: PAR/Irradiance, Biospherical/Lico [µE/(cm^2*s)]
# name 14 = turbWETntu0: Turbidity, WET Labs ECO [NTU]
# name 15 = sal00: Salinity, Practical [PSU]
# name 16 = sal11: Salinity, Practical, 2 [PSU]
# name 17 = secS-priS: Salinity, Practical, Difference, 2 - 1 [PSU]
# name 18 = sigma-t00: Density [sigma-t, Kg/m^3 ]
# name 19 = sigma-t11: Density, 2 [sigma-t, Kg/m^3 ]
# name 20 = depSM: Depth [salt water, m], lat = 57.1172
# name 21 = depFM: Depth [true depth, m], lat = 57.1172
# name 22 = dz/dtM: Descent Rate [m/s], WS = 2
# name 23 = svCM: Sound Velocity [Chen-Millero, m/s]
# name 24 = svCM1: Sound Velocity, 2 [Chen-Millero, m/s]
# name 25 = flag: flag
# span 0 =      28963,      36812       
# span 1 =      1.000,    104.500       
# span 2 =     4.2062,     7.6749       
# span 3 =     4.2081,     7.6764       
# span 4 =    -0.0830,     0.0146       
# span 5 =   0.807353,   1.122318       
# span 6 =   0.807448,   1.124749       
# span 7 =          1,          1       
# span 8 =    0.02394,    7.70955       
# span 9 =    0.06105,    7.33501       
# span 10 =       2.60,      98.75      
# span 11 =     0.2352,     1.0692      
# span 12 =     0.1190,     0.3615      
# span 13 = -1.322e-05, 9.9488e+01      
# span 14 =     0.1636,     2.8574      
# span 15 =     7.0527,    10.4026      
# span 16 =     7.0523,    10.4225      
# span 17 =    -0.0176,     0.0199      
# span 18 =     5.4222,     8.1918      
# span 19 =     5.4218,     8.2067      
# span 20 =      0.991,    103.512      
# span 21 =      1.013,    105.745      
# span 22 =     -0.208,      0.756      
# span 23 =    1433.67,    1447.00      
# span 24 =    1433.68,    1447.00      
# span 25 = 0.0000e+00, 0.0000e+00      
# interval = decibars: 0.5              
# start_time = Nov 14 2018 06:38:43 [NMEA time, first data scan]
# bad_flag = -9.990e-29
*END*
[from data line 112]
      31578     57.000     4.4584     4.4599     0.0015    0.90223    0.90216          1     2.9488     3.0269      52.40     0.2852     0.2244  1.000e-12  0.2190000     8.5249     8.5238    -0.0010     6.7619     6.7610     56.468     57.726      0.637    1435.64    1435.65  0.000e+00
      31604     57.500     4.4524     4.4585     0.0061    0.90483    0.90521          1     2.8120     2.8779      51.83     0.2671     0.2228  1.000e-12  0.2246000     8.5528     8.5551     0.0023     6.7842     6.7858     56.963     58.231      0.385    1435.66    1435.69  0.000e+00
      31641     58.000     4.4768     4.4821     0.0054    0.90805    0.90884          1     2.7288     2.7599      51.12     0.2940     0.1779  1.000e-12  0.2191000     8.5791     8.5858     0.0066     6.8042     6.8093     57.459     58.737      0.425    1435.81    1435.84  0.000e+00
      31662     58.500     4.4669     4.4690     0.0020    0.91214    0.91217          1     2.7165     2.7451      50.75     0.2919     0.2398  1.000e-12  0.2227000     8.6233     8.6230    -0.0003     6.8396     6.8393     57.954     59.243      0.690    1435.83    1435.84  0.000e+00
      31677     59.000     4.4813     4.4822     0.0009    0.91484    0.91474          1     2.6888     2.7121      50.42     0.2668     0.2357  1.000e-12  0.2166000     8.6469     8.6456    -0.0013     6.8578     6.8567     58.449     59.749      0.756    1435.93    1435.94  0.000e+00
      31693     59.500     4.4871     4.4884     0.0014    0.91591    0.91585          1     2.6485     2.6668      49.86     0.2770     0.2079  1.000e-12  0.2083000     8.6562     8.6553    -0.0009     6.8649     6.8642     58.944     60.255      0.660    1435.98    1435.98  0.000e+00
      31717     60.000     4.4898     4.4919     0.0021    0.91757    0.91774          1     2.6050     2.6140      49.26     0.2896     0.2267  1.000e-12  0.2052000     8.6723     8.6734     0.0011     6.8776     6.8784     59.440     60.761      0.416    1436.02    1436.03  0.000e+00
      31753     60.500     4.5160     4.5231     0.0070    0.92059    0.92128          1     2.4698     2.4700      48.64     0.2619     0.2245  1.000e-12  0.2105000     8.6960     8.7011     0.0051     6.8955     6.8993     59.935     61.266      0.407    1436.17    1436.21  0.000e+00
      31775     61.000     4.5999     4.6022     0.0023    0.92730    0.92739          1     2.2512     2.2855      48.24     0.2940     0.2067  1.000e-12  0.2276000     8.7420     8.7423     0.0003     6.9288     6.9289     60.430     61.772      0.643    1436.61    1436.62  0.000e+00
      31792     61.500     4.5833     4.5847     0.0015    0.93010    0.93004          1     2.1323     2.1898      47.77     0.2893     0.1934  1.000e-12  0.2431000     8.7748     8.7737    -0.0011     6.9554     6.9545     60.925     62.278      0.703    1436.59    1436.59  0.000e+00
      31809     62.000     4.6032     4.6050     0.0018    0.93239    0.93238          1     2.0679     2.1420      47.32     0.2841     0.2138  1.000e-12  0.2508000     8.7927     8.7921    -0.0006     6.9688     6.9683     61.421     62.784      0.621    1436.71    1436.71  0.000e+00
      31833     62.500     4.6279     4.6303     0.0024    0.93459    0.93466          1     1.9948     2.0615      46.72     0.2855     0.2377  1.000e-12  0.2300000     8.8084     8.8084     0.0000     6.9803     6.9802     61.916     63.289      0.440    1436.84    1436.85  0.000e+00
      31864     63.000     4.6617     4.6626     0.0010    0.93771    0.93788          1     1.8901     1.9549      46.04     0.3019     0.2338  1.000e-12  0.2282000     8.8309     8.8324     0.0015     6.9968     6.9980     62.411     63.795      0.402    1437.03    1437.04  0.000e+00
      31890     63.500     4.6667     4.6701     0.0034    0.94067    0.94081          1     1.8040     1.8631      45.59     0.3088     0.2347  1.000e-12  0.2277000     8.8595     8.8600     0.0005     7.0193     7.0196     62.906     64.301      0.535    1437.10    1437.11  0.000e+00
      31911     64.000     4.7068     4.7086     0.0018    0.94529    0.94530          1     1.7099     1.7763      45.10     0.3066     0.2362  1.000e-12  0.2258000     8.8955     8.8952    -0.0004     7.0462     7.0459     63.402     64.807      0.583    1437.33    1437.33  0.000e+00
      31932     64.500     4.6927     4.6944     0.0017    0.94765    0.94766          1     1.6342     1.7064      44.64     0.2843     0.1948  1.000e-12  0.2716000     8.9231     8.9228    -0.0004     7.0686     7.0683     63.897     65.312      0.526    1437.31    1437.31  0.000e+00
      31957     65.000     4.6967     4.6985     0.0018    0.94954    0.94957          1     1.5766     1.6490      44.06     0.3072     0.2230  1.000e-12  0.2706000     8.9411     8.9409    -0.0002     7.0828     7.0826     64.392     65.818      0.451    1437.36    1437.36  0.000e+00
      31984     65.500     4.7080     4.7095     0.0016    0.95110    0.95109          1     1.5208     1.5841      43.56     0.2848     0.1454  1.000e-12  0.2528000     8.9538     8.9534    -0.0005     7.0924     7.0919     64.888     66.324      0.493    1437.43    1437.44  0.000e+00
      32006     66.000     4.7197     4.7207     0.0010    0.95253    0.95249          1     1.4689     1.5341      43.12     0.3211     0.1190  1.000e-12  0.2655000     8.9651     8.9644    -0.0007     7.1008     7.1002     65.383     66.829      0.558    1437.51    1437.51  0.000e+00
      32027     66.500     4.7280     4.7294     0.0014    0.95413    0.95410          1     1.4240     1.4872      42.56     0.3020     0.2364  1.000e-12  0.2819000     8.9790     8.9784    -0.0006     7.1115     7.1109     65.878     67.335      0.543    1437.57    1437.57  0.000e+00
      32051     67.000     4.7429     4.7446     0.0018    0.95600    0.95597          1     1.3544     1.4174      42.06     0.2984     0.2421  1.000e-12  0.2811000     8.9939     8.9931    -0.0008     7.1227     7.1220     66.373     67.841      0.472    1437.66    1437.67  0.000e+00
      32079     67.500     4.7714     4.7721     0.0007    0.96023    0.96012          1     1.2270     1.3065      41.47     0.2877     0.1936  1.000e-12  0.2855000     9.0288     9.0276    -0.0012     7.1492     7.1482     66.868     68.346      0.427    1437.84    1437.84  0.000e+00
      32106     68.000     4.8254     4.8272     0.0017    0.96896    0.96895          1     1.0523     1.1566      40.93     0.2952     0.2189  1.000e-12  0.2861000     9.1025     9.1018    -0.0006     7.2052     7.2046     67.364     68.852      0.481    1438.18    1438.18  0.000e+00
      32129     68.500     4.8514     4.8485    -0.0029    0.97130    0.97091          1     0.9388     1.0543      40.46     0.2883     0.2062  1.000e-12  0.2883000     9.1189     9.1157    -0.0031     7.2171     7.2148     67.859     69.358      0.568    1438.32    1438.30  0.000e+00
      32149     69.000     4.8597     4.8596    -0.0001    0.97190    0.97179          1     0.9003     1.0054      39.50     0.2859     0.1923  1.000e-12  0.3007000     9.1226     9.1215    -0.0012     7.2198     7.2188     68.354     69.863      0.592    1438.37    1438.37  0.000e+00
      32170     69.500     4.8734     4.8745     0.0011    0.97289    0.97286          1     0.8826     0.9808      39.39     0.2942     0.2051  1.000e-12  0.3044000     9.1288     9.1282    -0.0006     7.2240     7.2235     68.849     70.369      0.519    1438.45    1438.45  0.000e+00
      32197     70.000     4.8856     4.8875     0.0019    0.97413    0.97413          1     0.8642     0.9477      38.86     0.3161     0.2528  1.000e-12  0.2900000     9.1379     9.1374    -0.0005     7.2307     7.2302     69.345     70.874      0.407    1438.52    1438.52  0.000e+00
      32227     70.500     4.8895     4.8908     0.0013    0.97569    0.97571          1     0.8186     0.8957      38.35     0.3242     0.2207  1.000e-12  0.2619000     9.1525     9.1523    -0.0002     7.2421     7.2419     69.840     71.380      0.461    1438.56    1438.57  0.000e+00
      32250     71.000     4.8968     4.8980     0.0012    0.97980    0.97972          1     0.7534     0.8353      37.87     0.3231     0.2228  1.000e-12  0.2561000     9.1919     9.1908    -0.0011     7.2730     7.2720     70.335     71.886      0.583    1438.65    1438.66  0.000e+00
      32269     71.500     4.9224     4.9235     0.0011    0.98505    0.98494          1     0.6690     0.7594      37.40     0.3188     0.2338  1.000e-12  0.2679000     9.2378     9.2364    -0.0014     7.3082     7.3070     70.830     72.391      0.609    1438.83    1438.83  0.000e+00
      32289     72.000     4.9526     4.9534     0.0008    0.98884    0.98875          1     0.5577     0.6645      36.84     0.3001     0.2222  1.000e-12  0.2797000     9.2677     9.2665    -0.0011     7.3305     7.3295     71.326     72.897      0.517    1439.01    1439.01  0.000e+00
      32317     72.500     4.9726     4.9745     0.0019    0.99292    0.99298          1     0.4220     0.5448      36.24     0.2906     0.2407  1.000e-12  0.2698000     9.3032     9.3032     0.0000     7.3577     7.3576     71.821     73.402      0.406    1439.15    1439.16  0.000e+00
      32346     73.000     4.9951     4.9969     0.0017    0.99637    0.99644          1     0.3163     0.4416      35.65     0.3015     0.1938  1.000e-12  0.2318000     9.3317     9.3319     0.0002     7.3792     7.3793     72.316     73.908      0.461    1439.29    1439.30  0.000e+00
      32370     73.500     5.0109     5.0122     0.0013    0.99828    0.99827          1     0.2637     0.3865      35.23     0.2992     0.1924  1.000e-12  0.2309000     9.3464     9.3460    -0.0004     7.3901     7.3897     72.811     74.413      0.559    1439.39    1439.39  0.000e+00
      32390     74.000     5.0216     5.0234     0.0018    0.99958    0.99959          1     0.2332     0.3483      34.75     0.2998     0.2185  1.000e-12  0.2472000     9.3564     9.3560    -0.0004     7.3975     7.3972     73.307     74.919      0.574    1439.46    1439.46  0.000e+00
      32412     74.500     5.0365     5.0388     0.0023    1.00107    1.00111          1     0.2063     0.3176      34.23     0.3128     0.2376  1.000e-12  0.2205000     9.3672     9.3670    -0.0002     7.4054     7.4051     73.802     75.424      0.495    1439.54    1439.55  0.000e+00
      32440     75.000     5.0653     5.0672     0.0019    1.00264    1.00266          1     0.1938     0.2989      33.67     0.3341     0.2326  1.000e-12  0.2106000     9.3749     9.3745    -0.0004     7.4102     7.4097     74.297     75.930      0.401    1439.69    1439.69  0.000e+00
      32469     75.500     5.0759     5.0773     0.0013    1.00337    1.00335          1     0.1890     0.2824      33.09     0.3123     0.1936  1.000e-12  0.2038000     9.3791     9.3786    -0.0006     7.4130     7.4125     74.792     76.435      0.504    1439.75    1439.75  0.000e+00
      32489     76.000     5.0797     5.0809     0.0012    1.00424    1.00421          1     0.1761     0.2677      32.74     0.3246     0.2055  1.000e-12  0.2033000     9.3867     9.3862    -0.0006     7.4188     7.4183     75.287     76.941      0.629    1439.78    1439.79  0.000e+00
      32507     76.500     5.0794     5.0809     0.0014    1.00489    1.00489          1     0.1568     0.2479      32.20     0.3267     0.2473  1.000e-12  0.2164000     9.3933     9.3929    -0.0004     7.4241     7.4236     75.783     77.447      0.618    1439.80    1439.80  0.000e+00
      32530     77.000     5.0923     5.0936     0.0014    1.00647    1.00649          1     0.1321     0.2227      31.61     0.3208     0.2331  1.000e-12  0.2101000     9.4055     9.4053    -0.0002     7.4331     7.4329     76.278     77.952      0.439    1439.87    1439.88  0.000e+00
      32565     77.500     5.1045     5.1069     0.0024    1.00772    1.00786          1     0.1052     0.1927      30.94     0.3316     0.1452  1.000e-12  0.1975000     9.4146     9.4153     0.0008     7.4397     7.4401     76.773     78.458      0.362    1439.95    1439.96  0.000e+00
      32592     78.000     5.1144     5.1157     0.0013    1.00893    1.00892          1     0.0866     0.1723      30.48     0.3252     0.2430  1.000e-12  0.2033000     9.4239     9.4235    -0.0004     7.4466     7.4462     77.268     78.963      0.566    1440.01    1440.02  0.000e+00
      32610     78.500     5.1166     5.1180     0.0014    1.00931    1.00929          1     0.0780     0.1656      30.12     0.3254     0.2218  1.000e-12  0.2125000     9.4270     9.4264    -0.0006     7.4489     7.4484     77.764     79.469      0.616    1440.03    1440.04  0.000e+00
      32631     79.000     5.1168     5.1180     0.0012    1.00975    1.00974          1     0.0719     0.1567      29.46     0.3380     0.1963  1.000e-12  0.2022000     9.4313     9.4309    -0.0004     7.4523     7.4519     78.259     79.974      0.492    1440.05    1440.05  0.000e+00
      32666     79.500     5.1048     5.1040    -0.0008    1.00986    1.00990          1     0.0742     0.1515      28.83     0.3514     0.2170  1.000e-12  0.1986000     9.4358     9.4364     0.0006     7.4564     7.4569     78.754     80.480      0.306    1440.01    1440.00  0.000e+00
      32701     80.000     5.0932     5.0949     0.0018    1.01064    1.01068          1     0.0707     0.1470      28.33     0.3505     0.2291  1.000e-12  0.2113000     9.4468     9.4467    -0.0001     7.4657     7.4655     79.249     80.985      0.468    1439.98    1439.99  0.000e+00
      32722     80.500     5.0932     5.0941     0.0009    1.01128    1.01129          1     0.0726     0.1427      27.91     0.3392     0.2240  1.000e-12  0.2846000     9.4532     9.4530    -0.0002     7.4707     7.4706     79.744     81.491      0.586    1439.99    1440.00  0.000e+00
      32742     81.000     5.0914     5.0930     0.0016    1.01157    1.01159          1     0.0714     0.1424      27.23     0.3472     0.2638  1.000e-12  0.3161000     9.4565     9.4562    -0.0002     7.4734     7.4731     80.240     81.996      0.554    1440.00    1440.01  0.000e+00
      32769     81.500     5.0972     5.0997     0.0025    1.01227    1.01233          1     0.0698     0.1404      26.53     0.3601     0.2782  1.000e-12  0.3307000     9.4619     9.4618    -0.0001     7.4774     7.4772     80.735     82.502      0.365    1440.04    1440.05  0.000e+00
      32812     82.000     5.1036     5.1054     0.0018    1.01295    1.01302          1     0.0653     0.1363      26.14     0.3653     0.2892  1.000e-12  0.4027000     9.4668     9.4670     0.0003     7.4810     7.4811     81.230     83.007      0.319    1440.08    1440.09  0.000e+00
      32839     82.500     5.1116     5.1135     0.0020    1.01500    1.01509          1     0.0675     0.1320      25.77     0.3653     0.2138  1.000e-12  0.4813000     9.4851     9.4855     0.0004     7.4951     7.4953     81.725     83.512      0.555    1440.15    1440.16  0.000e+00
      32858     83.000     5.1206     5.1221     0.0015    1.01766    1.01765          1     0.0656     0.1318      25.39     0.3720     0.2377  1.000e-12  0.7218000     9.5092     9.5087    -0.0005     7.5138     7.5133     82.220     84.018      0.587    1440.22    1440.23  0.000e+00
      32882     83.500     5.1287     5.1304     0.0018    1.02030    1.02036          1     0.0660     0.1290      24.83     0.3745     0.2820  1.000e-12  1.2974000     9.5335     9.5336     0.0001     7.5325     7.5325     82.716     84.523      0.415    1440.30    1440.31  0.000e+00
      32926     84.000     5.1305     5.1333     0.0028    1.02116    1.02168          1     0.0616     0.1266      24.17     0.3874     0.2731  1.000e-12  1.8794000     9.5415     9.5460     0.0044     7.5388     7.5422     83.211     85.029      0.252    1440.33    1440.34  0.000e+00
