ctdpy/tests/etc/all_smhi_bas_2018/SBE09_0827_20180827_1833_26_01_0918.cnv
* Sea-Bird SBE 9 Data File:
* FileName = D:\CTD_SBE911\DAT\26DA.2018.8.118.hex
* Software Version Seasave V 7.21d
* Temperature SN = 034605
* Conductivity SN = 041844
* Number of Bytes Per Scan = 48
* Number of Voltage Words = 5
* Number of Scans Averaged by the Deck Unit = 1
* NMEA Latitude = 56 40.05 N
* NMEA Longitude = 012 06.76 E
* NMEA UTC (Time) = Aug 27 2018  18:35:41
* NMEA baud rate = 4800
** Ship: DANA
** Average sound velocity: 1492.67 m/s
** True-depth calculation Thu, 28 Mar 2019 09:53:47 +0000
** CTD Python Module SMHI /ver 3-12/ feb 2012 
** LIMS Job: 20182601-0918
**  ANHOLT E
** Operator: Christian
** Cruise: 08/2018
# nquan = 26
# nvalues = 102                         
# units = specified
# name 0 = scan: Scan Count
# name 1 = prDM: Pressure, Digiquartz [db]
# name 2 = t090C: Temperature [ITS-90, deg C]
# name 3 = t190C: Temperature, 2 [ITS-90, deg C]
# name 4 = T2-T190C: Temperature Difference, 2 - 1 [ITS-90, deg C]
# name 5 = c0S/m: Conductivity [S/m]
# name 6 = c1S/m: Conductivity, 2 [S/m]
# name 7 = pumps: Pump Status
# name 8 = sbeox1ML/L: Oxygen, SBE 43, 2 [ml/l]
# name 9 = sbeox0ML/L: Oxygen, SBE 43 [ml/l]
# name 10 = altM: Altimeter [m]
# name 11 = chloroflTC0: Chlorophyll, Turner Cyclops [ug/l]
# name 12 = cpar: CPAR/Corrected Irradiance [%]
# name 13 = par: PAR/Irradiance, Biospherical/Lico [µE/(cm^2*s)]
# name 14 = spar: SPAR, Biospherical/Licor
# name 15 = sal00: Salinity, Practical [PSU]
# name 16 = sal11: Salinity, Practical, 2 [PSU]
# name 17 = secS-priS: Salinity, Practical, Difference, 2 - 1 [PSU]
# name 18 = sigma-t00: Density [sigma-t, kg/m^3 ]
# name 19 = sigma-t11: Density, 2 [sigma-t, kg/m^3 ]
# name 20 = depSM: Depth [salt water, m], lat = 56.6675
# name 21 = depFM: Depth [true depth, m], lat = 56.6675
# name 22 = dz/dtM: Descent Rate [m/s], WS = 2
# name 23 = svCM: Sound Velocity [Chen-Millero, m/s]
# name 24 = svCM1: Sound Velocity, 2 [Chen-Millero, m/s]
# name 25 = flag: flag
# span 0 =         44,       6202       
# span 1 =      2.000,     52.500       
# span 2 =     7.5811,    18.5164       
# span 3 =     7.5831,    18.3556       
# span 4 =    -0.2202,     1.5455       
# span 5 =   3.187620,   3.946763       
# span 6 =   3.188091,   3.948335       
# span 7 =          1,          1       
# span 8 =     3.6908,     6.0027       
# span 9 =     3.7544,     5.6946       
# span 10 =       2.73,      10.12      
# span 11 =     0.0461,     0.2480      
# span 12 = 4.9241e-11, 4.9241e-11      
# span 13 = 1.0000e-12, 1.0000e-12      
# span 14 = 2.0308e+00, 2.0308e+00      
# span 15 =    23.3952,    33.9390      
# span 16 =    23.3992,    33.9655      
# span 17 =    -2.1528,     0.0655      
# span 18 =    16.4313,    26.5014      
# span 19 =    16.4345,    26.5177      
# span 20 =      1.982,     52.013      
# span 21 =      2.004,     52.287      
# span 22 =     -0.039,      0.660      
# span 23 =    1480.31,    1509.90      
# span 24 =    1480.36,    1508.38      
# span 25 = 0.0000e+00, 0.0000e+00      
# interval = decibars: 0.5              
# start_time = Aug 27 2018 18:35:42 [NMEA time, first data scan]
# bad_flag = -9.990e-29
*END*
         44      2.000    17.8988    17.8976    -0.0012    3.18914    3.18935          1     5.9841     5.6916       4.74     0.1692  4.924e-11  1.000e-12  2.031e+00    23.4071    23.4095     0.0025    16.4399    16.4420      1.982      2.004      0.287    1502.39    1502.39  0.000e+00
        198      2.500    17.8986    17.8977    -0.0010    3.18928    3.18954          1     5.9470     5.6843       3.77     0.1576  4.924e-11  1.000e-12  2.031e+00    23.4083    23.4109     0.0026    16.4408    16.4431      2.477      2.505      0.331    1502.40    1502.40  0.000e+00
        394      3.000    17.8990    17.8982    -0.0008    3.18934    3.18969          1     5.9550     5.6946       6.61     0.1657  4.924e-11  1.000e-12  2.031e+00    23.4084    23.4117     0.0033    16.4408    16.4435      2.973      3.006      0.300    1502.41    1502.41  0.000e+00
        439      3.500    17.8991    17.8983    -0.0008    3.18947    3.18978          1     5.9740     5.6740       4.67     0.1655  4.924e-11  1.000e-12  2.031e+00    23.4092    23.4121     0.0029    16.4414    16.4438      3.468      3.507      0.369    1502.42    1502.42  0.000e+00
        484      4.000    17.8994    17.8984    -0.0010    3.18936    3.18980          1     5.9883     5.6702       8.81     0.1640  4.924e-11  1.000e-12  2.031e+00    23.4080    23.4122     0.0041    16.4405    16.4439      3.963      4.008      0.216    1502.43    1502.43  0.000e+00
        550      4.500    17.8992    17.8983    -0.0009    3.18939    3.18973          1     5.9345     5.6612       9.89     0.1566  4.924e-11  1.000e-12  2.031e+00    23.4083    23.4115     0.0033    16.4407    16.4434      4.459      4.509      0.303    1502.43    1502.43  0.000e+00
        581      5.000    17.8979    17.8965    -0.0014    3.18841    3.18864          1     5.8842     5.6705       9.97     0.1542  4.924e-11  1.000e-12  2.031e+00    23.4010    23.4036     0.0026    16.4354    16.4378      4.954      5.010      0.444    1502.43    1502.43  0.000e+00
        627      5.500    17.8966    17.8961    -0.0004    3.18762    3.18809          1     5.9378     5.6805       7.47     0.1762  4.924e-11  1.000e-12  2.031e+00    23.3952    23.3992     0.0041    16.4313    16.4345      5.450      5.511      0.287    1502.43    1502.43  0.000e+00
        686      6.000    17.8972    17.8969    -0.0002    3.18799    3.18864          1     5.9188     5.6926       2.96     0.1636  4.924e-11  1.000e-12  2.031e+00    23.3977    23.4030     0.0054    16.4331    16.4372      5.945      6.012      0.531    1502.44    1502.44  0.000e+00
        706      6.500    17.8973    17.8965    -0.0008    3.18812    3.18853          1     5.9309     5.6865       8.46     0.1745  4.924e-11  1.000e-12  2.031e+00    23.3986    23.4023     0.0038    16.4337    16.4368      6.440      6.513      0.470    1502.45    1502.45  0.000e+00
        771      7.000    17.8973    17.8961    -0.0012    3.18899    3.18896          1     5.9771     5.6851      10.12     0.1810  4.924e-11  1.000e-12  2.031e+00    23.4055    23.4059     0.0004    16.4390    16.4396      6.936      7.014      0.403    1502.46    1502.46  0.000e+00
        808      7.500    17.8982    17.8973    -0.0009    3.19003    3.18969          1     5.9857     5.6906       9.97     0.1654  4.924e-11  1.000e-12  2.031e+00    23.4132    23.4110    -0.0022    16.4447    16.4432      7.431      7.515      0.660    1502.48    1502.48  0.000e+00
        829      8.000    17.8979    17.8972    -0.0007    3.19163    3.19146          1     5.9775     5.6891       9.97     0.1766  4.924e-11  1.000e-12  2.031e+00    23.4262    23.4253    -0.0009    16.4546    16.4541      7.927      8.017      0.469    1502.51    1502.50  0.000e+00
        907      8.500    17.8973    17.8968    -0.0006    3.19383    3.19312          1     5.9714     5.6749       9.97     0.1695  4.924e-11  1.000e-12  2.031e+00    23.4443    23.4388    -0.0054    16.4686    16.4645      8.422      8.518      0.421    1502.53    1502.53  0.000e+00
        931      9.000    17.8955    17.8950    -0.0006    3.19793    3.19582          1     5.9669     5.6729       9.97     0.1608  4.924e-11  1.000e-12  2.031e+00    23.4784    23.4616    -0.0168    16.4950    16.4823      8.917      9.019      0.568    1502.57    1502.55  0.000e+00
        978      9.500    17.8944    17.8943    -0.0000    3.19987    3.19819          1     5.9984     5.6624       9.97     0.1694  4.924e-11  1.000e-12  2.031e+00    23.4946    23.4811    -0.0136    16.5076    16.4973      9.413      9.520      0.336    1502.60    1502.58  0.000e+00
       1043     10.000    17.8897    17.8923     0.0025    3.21007    3.20155          1     5.9712     5.6710       9.97     0.1678  4.924e-11  1.000e-12  2.031e+00    23.5799    23.5093    -0.0706    16.5736    16.5193      9.908     10.021      0.466    1502.69    1502.62  0.000e+00
       1068     10.500    17.8906    17.8895    -0.0012    3.21778    3.20812          1     5.9498     5.6758       9.97     0.1784  4.924e-11  1.000e-12  2.031e+00    23.6418    23.5641    -0.0778    16.6206    16.5616     10.404     10.521      0.361    1502.77    1502.68  0.000e+00
       1142     11.000    17.9190    17.9231     0.0041    3.25780    3.25980          1     6.0027     5.6565       9.97     0.1755  4.924e-11  1.000e-12  2.031e+00    23.9500    23.9639     0.0139    16.8491    16.8587     10.899     11.022      0.316    1503.21    1503.24  0.000e+00
       1176     11.500    17.9056    17.9147     0.0089    3.25136    3.26008          1     5.9244     5.6765       9.97     0.2165  4.924e-11  1.000e-12  2.031e+00    23.9054    23.9709     0.0655    16.8181    16.8660     11.394     11.523      0.439    1503.13    1503.23  0.000e+00
       1207     12.000    17.9550    17.9167    -0.0381    3.28206    3.25385          1     5.5910     5.6580       9.97     0.1787  4.924e-11  1.000e-12  2.031e+00    24.1256    23.9190    -0.2066    16.9747    16.8260     11.890     12.024      0.293    1503.54    1503.19  0.000e+00
       1270     12.500    18.0042    18.0008    -0.0034    3.31128    3.29490          1     5.8629     5.6302       9.97     0.1633  4.924e-11  1.000e-12  2.031e+00    24.3338    24.2029    -0.1309    17.1221    17.0231     12.385     12.525      0.303    1503.93    1503.77  0.000e+00
       1301     13.000    18.0861    18.0442    -0.0420    3.36148    3.33161          1     5.9233     5.6301       9.97     0.1628  4.924e-11  1.000e-12  2.031e+00    24.6924    24.4750    -0.2174    17.3767    17.2206     12.881     13.025      0.446    1504.59    1504.22  0.000e+00
       1332     13.500    18.1534    18.1252    -0.0283    3.39564    3.37837          1     5.9292     5.6007       9.97     0.1746  4.924e-11  1.000e-12  2.031e+00    24.9293    24.8061    -0.1232    17.5417    17.4544     13.376     13.526      0.269    1505.07    1504.84  0.000e+00
       1409     14.000    18.1559    18.1493    -0.0066    3.41305    3.40167          1     5.9232     5.5767       9.97     0.1761  4.924e-11  1.000e-12  2.031e+00    25.0690    24.9806    -0.0884    17.6476    17.5817     13.871     14.026      0.329    1505.24    1505.12  0.000e+00
       1438     14.500    18.1836    18.1560    -0.0275    3.43978    3.41431          1     5.9118     5.5540       9.97     0.1852  4.924e-11  1.000e-12  2.031e+00    25.2691    25.0790    -0.1901    17.7937    17.6552     14.367     14.527      0.307    1505.56    1505.26  0.000e+00
       1510     15.000    18.1753    18.1654    -0.0100    3.45104    3.43180          1     5.8474     5.4319       9.97     0.1748  4.924e-11  1.000e-12  2.031e+00    25.3658    25.2154    -0.1504    17.8693    17.7570     14.862     15.027      0.276    1505.65    1505.45  0.000e+00
       1550     15.500    18.3576    18.2102    -0.1474    3.61190    3.47216          1     5.7892     5.3069       9.97     0.1897  4.924e-11  1.000e-12  2.031e+00    26.5604    25.5158    -1.0447    18.7372    17.9755     15.358     15.527      0.325    1507.55    1505.93  0.000e+00
       1592     16.000    18.5164    18.2958    -0.2202    3.82831    3.54699          1     5.7464     5.1945       9.97     0.2163  4.924e-11  1.000e-12  2.031e+00    28.2239    26.0712    -2.1528    19.9678    18.3789     15.853     16.027      0.271    1509.90    1506.82  0.000e+00
       1633     16.500    18.1520    18.3556     0.2034    3.84601    3.64586          1     5.7023     5.1091       9.97     0.2480  4.924e-11  1.000e-12  2.031e+00    28.6211    26.8391    -1.7820    20.3578    18.9502     16.348     16.526      0.312    1509.28    1507.87  0.000e+00
       1671     17.000    17.7279    18.3413     0.6134    3.86491    3.67615          1     5.6493     5.0452       9.97     0.2355  4.924e-11  1.000e-12  2.031e+00    29.0775    27.0955    -1.9820    20.8063    19.1491     16.844     17.025      0.281    1508.54    1508.13  0.000e+00
       1722     17.500    17.0418    18.1047     1.0631    3.88923    3.75893          1     5.5591     4.9446       9.97     0.2399  4.924e-11  1.000e-12  2.031e+00    29.7804    27.9344    -1.8460    21.5030    19.8449     17.339     17.524      0.239    1507.28    1508.38  0.000e+00
       1766     18.000    16.2624    17.8084     1.5455    3.90737    3.80476          1     5.5216     4.9295       9.97     0.2345  4.924e-11  1.000e-12  2.031e+00    30.5217    28.5177    -2.0040    22.2476    20.3599     17.834     18.022      0.265    1505.74    1508.16  0.000e+00
       1821     18.500    15.9276    17.1746     1.2471    3.91068    3.85730          1     5.4093     4.9350       9.97     0.2297  4.924e-11  1.000e-12  2.031e+00    30.8084    29.4131    -1.3953    22.5421    21.1913     18.330     18.520      0.213    1505.04    1507.28  0.000e+00
       1871     19.000    15.6319    16.6345     1.0031    3.92978    3.89497          1     5.3200     4.8996       9.97     0.2067  4.924e-11  1.000e-12  2.031e+00    31.2079    30.1315    -1.0764    22.9140    21.8648     18.825     19.018      0.295    1504.58    1506.46  0.000e+00
       1911     19.500    15.4784    16.2315     0.7532    3.93986    3.91384          1     5.2471     4.8949       9.97     0.1981  4.924e-11  1.000e-12  2.031e+00    31.4191    30.6011    -0.8180    23.1098    22.3154     19.321     19.516      0.272    1504.35    1505.76  0.000e+00
       1957     20.000    15.2538    15.8792     0.6254    3.94676    3.92971          1     5.1726     4.8524       9.97     0.1734  4.924e-11  1.000e-12  2.031e+00    31.6606    31.0125    -0.6480    23.3443    22.7095     19.816     20.014      0.281    1503.93    1505.15  0.000e+00
       1995     20.500    14.9983    15.6159     0.6175    3.94079    3.94271          1     5.1157     4.8731       9.97     0.1758  4.924e-11  1.000e-12  2.031e+00    31.8139    31.3345    -0.4794    23.5173    23.0148     20.311     20.511      0.338    1503.30    1504.70  0.000e+00
       2033     21.000    14.7479    15.4183     0.6705    3.93208    3.94702          1     5.1054     4.8599       9.97     0.1570  4.924e-11  1.000e-12  2.031e+00    31.9398    31.5303    -0.4095    23.6675    23.2084     20.807     21.009      0.277    1502.65    1504.31  0.000e+00
       2083     21.500    14.1675    15.1564     0.9886    3.89175    3.94834          1     5.0976     4.8712       9.97     0.1345  4.924e-11  1.000e-12  2.031e+00    32.0513    31.7528    -0.2985    23.8749    23.4363     21.302     21.506      0.243    1500.91    1503.75  0.000e+00
       2126     22.000    13.7435    14.9342     1.1913    3.86358    3.93972          1     5.1084     4.8914       9.97     0.1188  4.924e-11  1.000e-12  2.031e+00    32.1452    31.8560    -0.2893    24.0341    23.5633     21.797     22.004      0.279    1499.65    1503.17  0.000e+00
       2176     22.500    13.4193    14.5001     1.0803    3.84954    3.91766          1     5.0618     4.9399       9.97     0.0999  4.924e-11  1.000e-12  2.031e+00    32.2876    32.0124    -0.2752    24.2095    23.7756     22.293     22.501      0.231    1498.75    1501.96  0.000e+00
       2221     23.000    13.1997    14.0241     0.8245    3.83366    3.89280          1     5.0316     4.9728       9.97     0.0895  4.924e-11  1.000e-12  2.031e+00    32.3250    32.1799    -0.1451    24.2821    24.0036     22.788     22.998      0.277    1498.07    1500.62  0.000e+00
       2269     23.500    13.0977    13.7770     0.6794    3.82308    3.87722          1     5.0798     4.9939       9.97     0.0874  4.924e-11  1.000e-12  2.031e+00    32.3121    32.2430    -0.0692    24.2922    24.1029     23.283     23.495      0.259    1497.72    1499.89  0.000e+00
       2307     24.000    13.0316    13.4348     0.4032    3.81845    3.85568          1     5.0861     4.9295       9.97     0.0859  4.924e-11  1.000e-12  2.031e+00    32.3247    32.3312     0.0065    24.3149    24.2400     23.779     23.993      0.347    1497.53    1498.88  0.000e+00
       2346     24.500    12.6805    13.2997     0.6191    3.79811    3.84478          1     5.0896     4.8747       9.97     0.0902  4.924e-11  1.000e-12  2.031e+00    32.4327    32.3437    -0.0890    24.4668    24.2767     24.274     24.490      0.270    1496.48    1498.45  0.000e+00
       2393     25.000    12.4205    13.0340     0.6136    3.78207    3.82994          1     5.0494     4.8628       9.97     0.0900  4.924e-11  1.000e-12  2.031e+00    32.5039    32.4307    -0.0733    24.5718    24.3964     24.770     24.987      0.290    1495.69    1497.68  0.000e+00
       2430     25.500    12.1924    12.7855     0.5932    3.76787    3.81275          1     5.0558     4.8687       9.97     0.0826  4.924e-11  1.000e-12  2.031e+00    32.5656    32.4810    -0.0846    24.6628    24.4839     25.265     25.484      0.304    1495.00    1496.91  0.000e+00
       2477     26.000    11.9704    12.6323     0.6617    3.75060    3.80344          1     5.0007     4.9271       9.97     0.0898  4.924e-11  1.000e-12  2.031e+00    32.5924    32.5244    -0.0680    24.7252    24.5471     25.760     25.981      0.236    1494.28    1496.45  0.000e+00
       2524     26.500    11.6109    12.3646     0.7544    3.72695    3.78649          1     5.0158     4.8537       9.97     0.0807  4.924e-11  1.000e-12  2.031e+00    32.6780    32.5942    -0.0839    24.8580    24.6524     26.256     26.478      0.278    1493.14    1495.63  0.000e+00
       2567     27.000    10.8190    12.1015     1.2820    3.66902    3.76827          1     5.0159     4.8224       9.97     0.0745  4.924e-11  1.000e-12  2.031e+00    32.8111    32.6481    -0.1630    25.1031    24.7439     26.751     26.975      0.266    1490.54    1494.81  0.000e+00
       2614     27.500    10.5216    11.7037     1.1818    3.64505    3.74187          1     4.9987     4.8032       9.97     0.0759  4.924e-11  1.000e-12  2.031e+00    32.8389    32.7413    -0.0976    25.1764    24.8901     27.246     27.471      0.248    1489.52    1493.56  0.000e+00
       2660     28.000    10.3791    11.3498     0.9704    3.63922    3.71554          1     4.9958     4.7799       9.97     0.0679  4.924e-11  1.000e-12  2.031e+00    32.9088    32.7969    -0.1120    25.2554    24.9978     27.742     27.968      0.299    1489.11    1492.40  0.000e+00
       2698     28.500    10.2881    10.9971     0.7095    3.63496    3.69162          1     4.9412     4.7893       9.97     0.0629  4.924e-11  1.000e-12  2.031e+00    32.9482    32.8752    -0.0730    25.3016    25.1217     28.237     28.465      0.285    1488.84    1491.27  0.000e+00
       2749     29.000    10.2510    10.7102     0.4594    3.63257    3.67237          1     4.8950     4.8082       9.97     0.0585  4.924e-11  1.000e-12  2.031e+00    32.9575    32.9414    -0.0162    25.3152    25.2236     28.732     28.962      0.235    1488.73    1490.34  0.000e+00
