ctdpy/tests/etc/all_smhi_bas_2018/SBE09_0827_20180825_1003_26_01_0893.cnv
* Sea-Bird SBE 9 Data File:
* FileName = D:\CTD_SBE911\DAT\26DA.2018.8.93.hex
* Software Version Seasave V 7.21d
* Temperature SN = 034605
* Conductivity SN = 041844
* Number of Bytes Per Scan = 48
* Number of Voltage Words = 5
* Number of Scans Averaged by the Deck Unit = 1
* NMEA Latitude = 58 05.09 N
* NMEA Longitude = 011 07.73 E
* NMEA UTC (Time) = Aug 25 2018  10:05:28
* NMEA baud rate = 4800
** Ship: DANA
** Average sound velocity: 1501.93 m/s
** True-depth calculation Thu, 28 Mar 2019 09:27:26 +0000
** CTD Python Module SMHI /ver 3-12/ feb 2012 
** LIMS Job: 20182601-0893
**  APOTEKET SYD
** Operator: Christian
** Cruise: 08/2018
# nquan = 26
# nvalues = 207                         
# units = specified
# name 0 = scan: Scan Count
# name 1 = prDM: Pressure, Digiquartz [db]
# name 2 = t090C: Temperature [ITS-90, deg C]
# name 3 = t190C: Temperature, 2 [ITS-90, deg C]
# name 4 = T2-T190C: Temperature Difference, 2 - 1 [ITS-90, deg C]
# name 5 = c0S/m: Conductivity [S/m]
# name 6 = c1S/m: Conductivity, 2 [S/m]
# name 7 = pumps: Pump Status
# name 8 = sbeox1ML/L: Oxygen, SBE 43, 2 [ml/l]
# name 9 = sbeox0ML/L: Oxygen, SBE 43 [ml/l]
# name 10 = altM: Altimeter [m]
# name 11 = chloroflTC0: Chlorophyll, Turner Cyclops [ug/l]
# name 12 = cpar: CPAR/Corrected Irradiance [%]
# name 13 = par: PAR/Irradiance, Biospherical/Lico [µE/(cm^2*s)]
# name 14 = spar: SPAR, Biospherical/Licor
# name 15 = sal00: Salinity, Practical [PSU]
# name 16 = sal11: Salinity, Practical, 2 [PSU]
# name 17 = secS-priS: Salinity, Practical, Difference, 2 - 1 [PSU]
# name 18 = sigma-t00: Density [sigma-t, kg/m^3 ]
# name 19 = sigma-t11: Density, 2 [sigma-t, kg/m^3 ]
# name 20 = depSM: Depth [salt water, m], lat = 58.0848
# name 21 = depFM: Depth [true depth, m], lat = 58.0848
# name 22 = dz/dtM: Descent Rate [m/s], WS = 2
# name 23 = svCM: Sound Velocity [Chen-Millero, m/s]
# name 24 = svCM1: Sound Velocity, 2 [Chen-Millero, m/s]
# name 25 = flag: flag
# span 0 =         66,       9951       
# span 1 =      1.500,    104.500       
# span 2 =     7.6818,    17.7126       
# span 3 =     7.6796,    17.7104       
# span 4 =    -0.4211,     0.1085       
# span 5 =   3.591448,   4.278017       
# span 6 =   3.591771,   4.277647       
# span 7 =          1,          1       
# span 8 =     5.2033,     6.0389       
# span 9 =     4.9550,     6.1363       
# span 10 =       1.97,       9.98      
# span 11 =     0.0355,     0.3083      
# span 12 = -6.444e-06, 1.2050e+01      
# span 13 = -1.508e-04, 2.3107e+02      
# span 14 = 1.7031e+03, 2.4405e+03      
# span 15 =    32.0864,    34.9470      
# span 16 =    32.0900,    34.9617      
# span 17 =    -0.0733,     0.1547      
# span 18 =    23.2341,    27.2795      
# span 19 =    23.2363,    27.2886      
# span 20 =      1.486,    103.505      
# span 21 =      1.493,    103.849      
# span 22 =      0.020,      0.541      
# span 23 =    1482.92,    1512.70      
# span 24 =    1482.92,    1512.69      
# span 25 = 0.0000e+00, 0.0000e+00      
# interval = decibars: 0.5              
# start_time = Aug 25 2018 10:05:28 [NMEA time, first data scan]
# bad_flag = -9.990e-29
*END*
[from data line 112]
       5301     57.500    14.2470    14.0231    -0.2239    4.05175    4.04335          1     5.3111     5.1067       9.97     0.1031  4.212e-14  1.000e-12  2.374e+03    33.4405    33.5575     0.1170    24.9305    25.0676     56.959     57.213      0.281    1503.40    1502.81  0.000e+00
       5352     58.000    14.0416    13.8534    -0.1884    4.03922    4.03244          1     5.3392     5.1665       9.97     0.1230  4.200e-14  1.000e-12  2.381e+03    33.5030    33.6044     0.1014    25.0217    25.1391     57.454     57.710      0.245    1502.81    1502.32  0.000e+00
       5391     58.500    13.8779    13.6561    -0.2218    4.02906    4.02066          1     5.3681     5.2072       9.97     0.1005  4.189e-14  1.000e-12  2.387e+03    33.5513    33.6676     0.1163    25.0929    25.2284     57.949     58.206      0.338    1502.34    1501.75  0.000e+00
       5433     59.000    13.7068    13.5083    -0.1983    4.01769    4.00902          1     5.4109     5.2313       9.97     0.1060  4.268e-14  1.000e-12  2.344e+03    33.5951    33.6885     0.0934    25.1620    25.2748     58.444     58.703      0.242    1501.84    1501.30  0.000e+00
       5483     59.500    13.5061    13.3941    -0.1122    4.00566    4.00488          1     5.4247     5.2948       9.97     0.0992  4.739e-14  1.000e-12  2.111e+03    33.6589    33.7506     0.0917    25.2524    25.3460     58.940     59.200      0.291    1501.27    1501.00  0.000e+00
       5529     60.000    13.3540    13.2143    -0.1397    3.99803    3.99458          1     5.4852     5.3413       9.97     0.1066  4.843e-14  1.000e-12  2.066e+03    33.7214    33.8128     0.0915    25.3315    25.4304     59.435     59.697      0.221    1500.85    1500.49  0.000e+00
       5582     60.500    13.1896    13.0899    -0.0996    3.98836    3.98775          1     5.5243     5.3606       9.97     0.0983  4.682e-14  1.000e-12  2.136e+03    33.7759    33.8589     0.0830    25.4068    25.4910     59.930     60.193      0.295    1500.37    1500.14  0.000e+00
       5632     61.000    13.0583    12.9617    -0.0964    3.98120    3.97922          1     5.5271     5.3562       9.97     0.0944  4.526e-14  1.000e-12  2.213e+03    33.8248    33.8924     0.0675    25.4709    25.5424     60.425     60.690      0.236    1500.00    1499.76  0.000e+00
       5685     61.500    12.9192    12.8024    -0.1168    3.97038    3.96915          1     5.4978     5.3254       9.97     0.0883  4.217e-14  1.000e-12  2.371e+03    33.8462    33.9392     0.0930    25.5151    25.6102     60.921     61.187      0.438    1499.57    1499.29  0.000e+00
       5707     62.000    12.7662    12.5345    -0.2316    3.95760    3.94753          1     5.4750     5.2951       9.97     0.0925  4.206e-14  1.000e-12  2.378e+03    33.8613    33.9736     0.1123    25.5569    25.6893     61.416     61.683      0.507    1499.09    1498.44  0.000e+00
       5741     62.500    12.5971    12.3969    -0.1997    3.94299    3.93071          1     5.4468     5.2833       9.97     0.0976  4.194e-14  1.000e-12  2.384e+03    33.8734    33.9360     0.0626    25.5994    25.6868     61.911     62.180      0.301    1498.54    1497.94  0.000e+00
       5820     63.000    12.4076    12.1465    -0.2609    3.91976    3.90409          1     5.3648     5.2093       9.97     0.0859  4.216e-14  1.000e-12  2.372e+03    33.8208    33.9056     0.0848    25.5953    25.7113     62.406     62.676      0.339    1497.84    1497.06  0.000e+00
       5848     63.500    12.1540    12.0365    -0.1176    3.89675    3.89110          1     5.3362     5.1910       9.97     0.0847  4.221e-14  1.000e-12  2.369e+03    33.8275    33.8792     0.0517    25.6493    25.7117     62.901     63.173      0.316    1497.00    1496.66  0.000e+00
       5912     64.000    12.0809    12.0571    -0.0238    3.89293    3.89561          1     5.3724     5.2788       9.97     0.0797  4.236e-14  1.000e-12  2.360e+03    33.8566    33.9041     0.0475    25.6857    25.7271     63.397     63.669      0.291    1496.79    1496.77  0.000e+00
       5945     64.500    12.0796    12.0355    -0.0441    3.89751    3.90058          1     5.4211     5.3355       9.97     0.0759  4.230e-14  1.000e-12  2.364e+03    33.9019    33.9718     0.0699    25.7212    25.7838     63.892     64.166      0.377    1496.85    1496.78  0.000e+00
       6011     65.000    12.0266    11.9694    -0.0571    3.89609    3.89551          1     5.4295     5.3795       9.97     0.0855  4.200e-14  1.000e-12  2.381e+03    33.9361    33.9826     0.0464    25.7578    25.8047     64.387     64.662      0.308    1496.72    1496.58  0.000e+00
       6050     65.500    12.0063    12.0503     0.0440    3.89795    3.90421          1     5.4546     5.4461       9.97     0.0801  4.195e-14  1.000e-12  2.384e+03    33.9724    33.9931     0.0207    25.7898    25.7975     64.882     65.159      0.541    1496.70    1496.87  0.000e+00
       6072     66.000    12.0864    12.1950     0.1085    3.91258    3.92773          1     5.5447     5.5399       9.97     0.0860  4.210e-14  1.000e-12  2.375e+03    34.0413    34.0890     0.0478    25.8281    25.8444     65.377     65.655      0.430    1497.06    1497.49  0.000e+00
       6139     66.500    12.1757    12.1972     0.0215    3.92666    3.93303          1     5.7051     5.5966       9.97     0.0851  4.211e-14  1.000e-12  2.375e+03    34.0961    34.1382     0.0421    25.8536    25.8822     65.873     66.152      0.271    1497.44    1497.57  0.000e+00
       6185     67.000    12.1650    12.1205    -0.0444    3.92854    3.92743          1     5.7100     5.5862       9.97     0.0770  4.196e-14  1.000e-12  2.383e+03    34.1239    34.1538     0.0299    25.8772    25.9089     66.368     66.648      0.286    1497.45    1497.33  0.000e+00
       6236     67.500    12.0749    11.9751    -0.1001    3.92109    3.91668          1     5.6672     5.4998       9.97     0.0710  4.198e-14  1.000e-12  2.382e+03    34.1337    34.1823     0.0486    25.9020    25.9587     66.863     67.145      0.244    1497.16    1496.88  0.000e+00
       6275     68.000    11.8541    11.6207    -0.2331    3.90013    3.88569          1     5.5603     5.3716       9.97     0.0640  4.193e-14  1.000e-12  2.385e+03    34.1316    34.2051     0.0735    25.9422    26.0429     67.358     67.641      0.301    1496.41    1495.69  0.000e+00
       6338     68.500    11.6496    11.5131    -0.1362    3.88091    3.87281          1     5.4281     5.3125       9.97     0.0534  4.179e-14  1.000e-12  2.393e+03    34.1314    34.1778     0.0463    25.9803    26.0417     67.853     68.137      0.246    1495.71    1495.30  0.000e+00
       6380     69.000    11.5083    11.4683    -0.0402    3.86966    3.86984          1     5.3990     5.3047       9.97     0.0503  4.165e-14  1.000e-12  2.401e+03    34.1509    34.1897     0.0388    26.0217    26.0592     68.349     68.634      0.419    1495.26    1495.17  0.000e+00
       6408     69.500    11.4678    11.4244    -0.0433    3.86701    3.86717          1     5.4072     5.3124       9.97     0.0524  4.157e-14  1.000e-12  2.405e+03    34.1621    34.2038     0.0417    26.0379    26.0783     68.844     69.130      0.374    1495.14    1495.04  0.000e+00
       6451     70.000    11.4443    11.4212    -0.0231    3.86617    3.86893          1     5.4222     5.3232       9.97     0.0510  4.156e-14  1.000e-12  2.406e+03    34.1753    34.2238     0.0486    26.0524    26.0944     69.339     69.626      0.208    1495.08    1495.06  0.000e+00
       6534     70.500    11.4252    11.4066    -0.0186    3.86990    3.87141          1     5.4739     5.4099       9.97     0.0499  4.236e-14  1.000e-12  2.361e+03    34.2295    34.2617     0.0322    26.0981    26.1266     69.834     70.123      0.237    1495.09    1495.06  0.000e+00
       6576     71.000    11.3696    11.3189    -0.0507    3.86926    3.86926          1     5.4771     5.4327       9.97     0.0495  4.288e-14  1.000e-12  2.332e+03    34.2745    34.3217     0.0472    26.1433    26.1894     70.329     70.619      0.352    1494.96    1494.84  0.000e+00
       6611     71.500    11.2987    11.1434    -0.1552    3.86505    3.85826          1     5.4960     5.4199       9.97     0.0488  4.386e-14  1.000e-12  2.280e+03    34.2987    34.3760     0.0774    26.1751    26.2636     70.825     71.115      0.306    1494.75    1494.30  0.000e+00
       6660     72.000    11.1691    11.0725    -0.0964    3.85486    3.84960          1     5.5015     5.3984       9.97     0.0503  4.526e-14  1.000e-12  2.209e+03    34.3181    34.3560     0.0378    26.2139    26.2609     71.320     71.612      0.218    1494.33    1494.04  0.000e+00
       6708     72.500    11.0629    11.0266    -0.0365    3.84584    3.84505          1     5.4772     5.3637       9.97     0.0493  4.419e-14  1.000e-12  2.263e+03    34.3274    34.3535     0.0260    26.2404    26.2672     71.815     72.108      0.323    1493.98    1493.88  0.000e+00
       6742     73.000    11.0118    10.9461    -0.0657    3.84064    3.83761          1     5.4354     5.3444       9.97     0.0505  4.268e-14  1.000e-12  2.343e+03    34.3231    34.3544     0.0313    26.2462    26.2824     72.310     72.604      0.325    1493.80    1493.61  0.000e+00
       6788     73.500    10.9653    10.8883    -0.0770    3.83565    3.83111          1     5.3983     5.3091       9.97     0.0477  4.172e-14  1.000e-12  2.397e+03    34.3166    34.3435     0.0268    26.2496    26.2843     72.805     73.100      0.230    1493.64    1493.40  0.000e+00
       6837     74.000    10.8968    10.8486    -0.0482    3.83018    3.82900          1     5.3774     5.3059       9.97     0.0467  4.144e-14  1.000e-12  2.413e+03    34.3259    34.3593     0.0334    26.2691    26.3037     73.301     73.597      0.244    1493.42    1493.29  0.000e+00
       6915     74.500    10.8289    10.7735    -0.0554    3.82411    3.82228          1     5.3544     5.3005       9.97     0.0487  4.144e-14  1.000e-12  2.413e+03    34.3287    34.3624     0.0338    26.2834    26.3195     73.796     74.093      0.319    1493.19    1493.03  0.000e+00
       6943     75.000    10.7781    10.7206    -0.0574    3.82048    3.81883          1     5.3473     5.2823       9.97     0.0496  4.139e-14  1.000e-12  2.416e+03    34.3398    34.3773     0.0374    26.3011    26.3405     74.291     74.589      0.419    1493.03    1492.87  0.000e+00
       6981     75.500    10.7273    10.6748    -0.0527    3.81707    3.81595          1     5.3595     5.2876       9.97     0.0502  4.132e-14  1.000e-12  2.420e+03    34.3531    34.3913     0.0382    26.3205    26.3595     74.786     75.085      0.237    1492.88    1492.74  0.000e+00
       7040     76.000    10.6669    10.6248    -0.0422    3.81423    3.81425          1     5.3810     5.3027       9.97     0.0466  4.136e-14  1.000e-12  2.418e+03    34.3811    34.4211     0.0400    26.3530    26.3916     75.281     75.581      0.343    1492.71    1492.60  0.000e+00
       7067     76.500    10.6219    10.5315    -0.0904    3.81185    3.80890          1     5.3690     5.3027       9.97     0.0469  4.159e-14  1.000e-12  2.404e+03    34.3994    34.4551     0.0556    26.3752    26.4345     75.776     76.078      0.393    1492.58    1492.32  0.000e+00
       7114     77.000    10.5377    10.3883    -0.1493    3.80563    3.79800          1     5.3503     5.2958       9.97     0.0490  4.291e-14  1.000e-12  2.332e+03    34.4160    34.4805     0.0645    26.4030    26.4794     76.272     76.574      0.221    1492.31    1491.85  0.000e+00
       7174     77.500    10.3354    10.2542    -0.0814    3.79071    3.78773          1     5.3408     5.2553       9.97     0.0454  4.601e-14  1.000e-12  2.173e+03    34.4565    34.5035     0.0470    26.4699    26.5206     76.767     77.070      0.231    1491.64    1491.41  0.000e+00
       7247     78.000    10.2520    10.1805    -0.0713    3.78458    3.78178          1     5.3180     5.2497       9.97     0.0473  4.568e-14  1.000e-12  2.189e+03    34.4735    34.5130     0.0395    26.4976    26.5407     77.262     77.566      0.279    1491.38    1491.17  0.000e+00
       7282     78.500    10.1746    10.1404    -0.0343    3.77876    3.77852          1     5.3111     5.2408       9.97     0.0472  4.545e-14  1.000e-12  2.200e+03    34.4877    34.5177     0.0300    26.5221    26.5513     77.757     78.062      0.398    1491.13    1491.04  0.000e+00
       7321     79.000    10.1525    10.1084    -0.0441    3.77718    3.77591          1     5.2949     5.2518       9.97     0.0486  4.703e-14  1.000e-12  2.127e+03    34.4924    34.5215     0.0291    26.5295    26.5597     78.252     78.558      0.253    1491.06    1490.94  0.000e+00
       7369     79.500    10.1157    10.0642    -0.0514    3.77425    3.77237          1     5.2788     5.2380       9.97     0.0453  4.900e-14  1.000e-12  2.041e+03    34.4975    34.5273     0.0298    26.5398    26.5719     78.748     79.054      0.328    1490.94    1490.80  0.000e+00
       7404     80.000    10.0697    10.0224    -0.0473    3.77076    3.76942          1     5.2691     5.2279       9.97     0.0487  4.964e-14  1.000e-12  2.015e+03    34.5055    34.5370     0.0315    26.5539    26.5865     79.243     79.550      0.290    1490.80    1490.66  0.000e+00
       7450     80.500    10.0353     9.9826    -0.0527    3.76804    3.76668          1     5.2629     5.2218       9.97     0.0451  4.847e-14  1.000e-12  2.063e+03    34.5103    34.5468     0.0365    26.5635    26.6010     79.738     80.047      0.270    1490.69    1490.54  0.000e+00
       7499     81.000     9.9916     9.9611    -0.0306    3.76635    3.76737          1     5.2883     5.2616       9.97     0.0439  4.595e-14  1.000e-12  2.176e+03    34.5346    34.5743     0.0397    26.5899    26.6261     80.233     80.543      0.213    1490.57    1490.51  0.000e+00
       7555     81.500     9.9692     9.9524    -0.0167    3.76763    3.76942          1     5.3600     5.3568       9.97     0.0434  4.598e-14  1.000e-12  2.175e+03    34.5689    34.6033     0.0344    26.6206    26.6503     80.728     81.039      0.292    1490.54    1490.52  0.000e+00
       7590     82.000     9.9643     9.9643    -0.0000    3.77028    3.77353          1     5.4248     5.4398       9.97     0.0426  4.639e-14  1.000e-12  2.156e+03    34.6004    34.6337     0.0333    26.6460    26.6720     81.223     81.535      0.351    1490.57    1490.61  0.000e+00
       7627     82.500     9.9694     9.9625    -0.0069    3.77249    3.77558          1     5.5070     5.4950       9.97     0.0430  4.627e-14  1.000e-12  2.161e+03    34.6179    34.6562     0.0383    26.6588    26.6899     81.719     82.031      0.280    1490.61    1490.63  0.000e+00
       7677     83.000     9.9672     9.9529    -0.0142    3.77455    3.77613          1     5.5686     5.5531       9.97     0.0444  4.640e-14  1.000e-12  2.155e+03    34.6410    34.6707     0.0298    26.6772    26.7029     82.214     82.527      0.226    1490.64    1490.63  0.000e+00
       7733     83.500     9.9759     9.9899     0.0140    3.77875    3.78101          1     5.6467     5.6681       9.97     0.0437  4.527e-14  1.000e-12  2.209e+03    34.6754    34.6850     0.0096    26.7026    26.7077     82.709     83.023      0.220    1490.72    1490.79  0.000e+00
       7777     84.000    10.0368    10.0309    -0.0064    3.78761    3.78873          1     5.7206     5.7506       9.97     0.0423  4.411e-14  1.000e-12  2.267e+03    34.7071    34.7243     0.0172    26.7169    26.7314     83.204     83.519      0.396    1490.99    1490.99  0.000e+00
       7804     84.500     9.9267     9.7016    -0.2246    3.77655    3.76333          1     5.7225     5.6499       9.97     0.0429  4.382e-14  1.000e-12  2.282e+03    34.6996    34.7809     0.0813    26.7298    26.8313     83.699     84.015      0.390    1490.59    1489.88  0.000e+00
