ctdpy/tests/etc/all_smhi_bas_2018/SBE09_1044_20180921_0535_34_01_0035.cnv
* Sea-Bird SBE 9 Data File:
* FileName = C:\ctd\temp\2018\AR18D035.hex
* Software Version Seasave V 7.26.6.26
* Temperature SN = 5351
* Conductivity SN = 3941
* Number of Bytes Per Scan = 41
* Number of Voltage Words = 4
* Number of Scans Averaged by the Deck Unit = 1
* NMEA Latitude = 58 52.91 N
* NMEA Longitude = 020 19.67 E
* NMEA UTC (Time) = Sep 21 2018  05:35:34
* NMEA baud rate = 4800
** Station:  BY29/LL19
** Operator:  Obac
** Ship: ARANDA
** Average sound velocity: 1449.91 m/s
** True-depth calculation Fri, 21 Sep 2018 06:01:31 +0000
** CTD Python Module SMHI /ver 3-12/ feb 2012 
** LIMS Job: 20183401-0035
** Cruise: SMHI-02-2018
** Latitude [GG MM.mm N] :
** Longitude [GG MM.mm E]:
# nquan = 26
# nvalues = 342                         
# units = specified
# name 0 = scan: Scan Count
# name 1 = prDM: Pressure, Digiquartz [db]
# name 2 = t090C: Temperature [ITS-90, deg C]
# name 3 = t190C: Temperature, 2 [ITS-90, deg C]
# name 4 = T2-T190C: Temperature Difference, 2 - 1 [ITS-90, deg C]
# name 5 = c0S/m: Conductivity [S/m]
# name 6 = c1S/m: Conductivity, 2 [S/m]
# name 7 = pumps: Pump Status
# name 8 = sbeox0ML/L: Oxygen, SBE 43 [ml/l]
# name 9 = sbeox1ML/L: Oxygen, SBE 43, 2 [ml/l]
# name 10 = altM: Altimeter [m]
# name 11 = flECO-AFL: Chl-a Fluorescence, WET Labs ECO-AFL/FL [mg/m^3]
# name 12 = flECO-AFL1: Phycocyanin Fluorescence, WET Labs ECO-AFL/FL, 2 [mg/m^3]
# name 13 = par: PAR/Irradiance, Biospherical/Lico [µE/(cm^2*s)]
# name 14 = turbWETntu0: Turbidity, WET Labs ECO [NTU]
# name 15 = sal00: Salinity, Practical [PSU]
# name 16 = sal11: Salinity, Practical, 2 [PSU]
# name 17 = secS-priS: Salinity, Practical, Difference, 2 - 1 [PSU]
# name 18 = sigma-t00: Density [sigma-t, Kg/m^3 ]
# name 19 = sigma-t11: Density, 2 [sigma-t, Kg/m^3 ]
# name 20 = depSM: Depth [salt water, m], lat = 58.8818
# name 21 = depFM: Depth [true depth, m], lat = 58.8818
# name 22 = dz/dtM: Descent Rate [m/s], WS = 2
# name 23 = svCM: Sound Velocity [Chen-Millero, m/s]
# name 24 = svCM1: Sound Velocity, 2 [Chen-Millero, m/s]
# name 25 = flag: flag
# span 0 =       8659,      16146       
# span 1 =      2.000,    172.500       
# span 2 =     3.2427,    16.0243       
# span 3 =     3.2472,    16.0244       
# span 4 =    -0.1002,     0.0983       
# span 5 =   0.744321,   1.284233       
# span 6 =   0.744272,   1.284200       
# span 7 =          1,          1       
# span 8 =    0.02094,    7.35295       
# span 9 =    0.93597,   12.82083       
# span 10 =       2.41,      99.22      
# span 11 =     0.2184,     1.1794      
# span 12 =     0.1388,     0.5569      
# span 13 = -2.094e-05, 9.7096e+01      
# span 14 =     0.1621,     1.7086      
# span 15 =     6.3194,    11.7550      
# span 16 =     6.3192,    11.7543      
# span 17 =    -0.0166,     0.0031      
# span 18 =     3.8013,     9.2076      
# span 19 =     3.8008,     9.2070      
# span 20 =      1.981,    170.818      
# span 21 =      2.029,    174.457      
# span 22 =     -0.135,      0.879      
# span 23 =    1428.54,    1477.49      
# span 24 =    1428.56,    1477.49      
# span 25 = 0.0000e+00, 0.0000e+00      
# interval = decibars: 0.5              
# start_time = Sep 21 2018 05:35:34 [NMEA time, first data scan]
# bad_flag = -9.990e-29
*END*
[from data line 168]
      12361     86.000     5.7936     5.7950     0.0013    1.13747    1.13742          1     0.0831     3.2326      92.42     0.3144     0.2099  1.000e-12  0.3041000    10.5096    10.5086    -0.0010     8.2671     8.2662     85.179     87.129      0.784    1444.45    1444.45  0.000e+00
      12378     86.500     5.8000     5.8017     0.0017    1.13865    1.13858          1     0.0840     3.2136      91.92     0.3244     0.2126  1.000e-12  0.2990000    10.5192    10.5180    -0.0012     8.2743     8.2733     85.674     87.634      0.599    1444.49    1444.50  0.000e+00
      12406     87.000     5.8184     5.8196     0.0012    1.14296    1.14280          1     0.0809     3.1776      91.16     0.3270     0.2777  1.000e-12  0.2694000    10.5564    10.5545    -0.0019     8.3025     8.3009     86.169     88.139      0.391    1444.63    1444.63  0.000e+00
      12436     87.500     5.8312     5.8321     0.0009    1.14520    1.14508          1     0.0794     3.1406      90.51     0.3386     0.2359  1.000e-12  0.2547000    10.5746    10.5731    -0.0015     8.3161     8.3149     86.664     88.644      0.530    1444.71    1444.72  0.000e+00
      12455     88.000     5.8393     5.8410     0.0016    1.14701    1.14697          1     0.0768     3.1186      42.97     0.3296     0.1781  1.000e-12  0.2537000    10.5901    10.5892    -0.0009     8.3278     8.3270     87.160     89.149      0.684    1444.78    1444.78  0.000e+00
      12471     88.500     5.8512     5.8524     0.0012    1.14964    1.14954          1     0.0739     3.0966      55.86     0.3364     0.2615  1.000e-12  0.2549000    10.6125    10.6111    -0.0014     8.3447     8.3436     87.655     89.654      0.707    1444.86    1444.87  0.000e+00
      12489     89.000     5.8746     5.8757     0.0011    1.15402    1.15391          1     0.0738     3.0749      87.80     0.3531     0.2500  1.000e-12  0.2541000    10.6487    10.6473    -0.0015     8.3718     8.3706     88.150     90.159      0.602    1445.02    1445.02  0.000e+00
      12513     89.500     5.8903     5.8918     0.0015    1.15708    1.15701          1     0.0727     3.0423      88.71     0.3274     0.2417  1.000e-12  0.2469000    10.6742    10.6730    -0.0011     8.3909     8.3899     88.645     90.664      0.437    1445.12    1445.13  0.000e+00
      12542     90.000     5.9068     5.9078     0.0010    1.16025    1.16009          1     0.0655     3.0080      88.22     0.3272     0.2204  1.000e-12  0.2353000    10.7005    10.6985    -0.0020     8.4106     8.4090     89.140     91.169      0.510    1445.24    1445.24  0.000e+00
      12562     90.500     5.9203     5.9216     0.0013    1.16282    1.16275          1     0.0648     2.9864      87.99     0.3375     0.1987  1.000e-12  0.2368000    10.7217    10.7206    -0.0011     8.4265     8.4256     89.635     91.674      0.688    1445.33    1445.33  0.000e+00
      12578     91.000     5.9320     5.9337     0.0017    1.16487    1.16481          1     0.0696     2.9663      97.11     0.3289     0.2514  1.000e-12  0.2172000    10.7383    10.7372    -0.0011     8.4389     8.4379     90.130     92.179      0.743    1445.41    1445.41  0.000e+00
      12594     91.500     5.9389     5.9405     0.0016    1.16601    1.16598          1     0.0669     2.9461      38.44     0.3271     0.2366  1.000e-12  0.2058000    10.7474    10.7466    -0.0008     8.4456     8.4448     90.625     92.684      0.677    1445.45    1445.46  0.000e+00
      12614     92.000     5.9418     5.9433     0.0016    1.16684    1.16680          1     0.0648     2.9215      65.23     0.3044     0.2142  1.000e-12  0.2040000    10.7547    10.7538    -0.0009     8.4512     8.4504     91.120     93.189      0.537    1445.48    1445.49  0.000e+00
      12639     92.500     5.9448     5.9465     0.0017    1.16769    1.16764          1     0.0641     2.8909      85.79     0.3160     0.1945  1.000e-12  0.2184000    10.7620    10.7610    -0.0010     8.4567     8.4558     91.616     93.694      0.516    1445.51    1445.52  0.000e+00
      12660     93.000     5.9505     5.9520     0.0014    1.16910    1.16902          1     0.0649     2.8646      84.96     0.3246     0.2072  1.000e-12  0.2162000    10.7742    10.7730    -0.0012     8.4659     8.4649     92.111     94.199      0.605    1445.56    1445.57  0.000e+00
      12679     93.500     5.9551     5.9566     0.0015    1.17043    1.17038          1     0.0588     2.8426      84.52     0.3279     0.1819  1.000e-12  0.2132000    10.7859    10.7849    -0.0010     8.4749     8.4740     92.606     94.704      0.593    1445.60    1445.61  0.000e+00
      12702     94.000     5.9589     5.9603     0.0015    1.17143    1.17137          1     0.0599     2.8152      83.97     0.3265     0.2149  1.000e-12  0.2106000    10.7946    10.7935    -0.0010     8.4815     8.4806     93.101     95.209      0.478    1445.64    1445.64  0.000e+00
      12730     94.500     5.9625     5.9640     0.0015    1.17249    1.17241          1     0.0616     2.7818      83.38     0.3426     0.1979  1.000e-12  0.2103000    10.8039    10.8027    -0.0012     8.4886     8.4875     93.596     95.714      0.475    1445.67    1445.68  0.000e+00
      12751     95.000     5.9686     5.9699     0.0013    1.17371    1.17365          1     0.0625     2.7574      82.88     0.3396     0.1990  1.000e-12  0.2101000    10.8140    10.8129    -0.0010     8.4961     8.4952     94.091     96.219      0.654    1445.72    1445.72  0.000e+00
      12768     95.500     5.9724     5.9739     0.0015    1.17455    1.17451          1     0.0605     2.7369      82.50     0.3166     0.2229  1.000e-12  0.2113000    10.8211    10.8201    -0.0009     8.5015     8.5007     94.586     96.724      0.751    1445.76    1445.76  0.000e+00
      12783     96.000     5.9760     5.9775     0.0014    1.17538    1.17533          1     0.0597     2.7174      82.12     0.3153     0.2465  1.000e-12  0.2025000    10.8281    10.8271    -0.0009     8.5068     8.5060     95.081     97.229      0.724    1445.79    1445.79  0.000e+00
      12801     96.500     5.9807     5.9821     0.0014    1.17645    1.17638          1     0.0552     2.6964      81.55     0.3194     0.2309  1.000e-12  0.1998000    10.8372    10.8361    -0.0011     8.5136     8.5127     95.576     97.734      0.574    1445.82    1445.83  0.000e+00
      12828     97.000     5.9848     5.9861     0.0013    1.17752    1.17743          1     0.0539     2.6673      80.74     0.3379     0.2276  1.000e-12  0.2026000    10.8464    10.8450    -0.0013     8.5206     8.5195     96.072     98.239      0.414    1445.86    1445.87  0.000e+00
      12856     97.500     5.9912     5.9924     0.0012    1.17891    1.17883          1     0.0571     2.6340      80.20     0.3483     0.2273  1.000e-12  0.1988000    10.8581    10.8569    -0.0012     8.5295     8.5284     96.567     98.744      0.542    1445.91    1445.92  0.000e+00
      12875     98.000     5.9965     5.9978     0.0013    1.18019    1.18013          1     0.0541     2.6126      79.85     0.3408     0.2055  1.000e-12  0.1981000    10.8690    10.8680    -0.0011     8.5378     8.5368     97.062     99.249      0.691    1445.96    1445.96  0.000e+00
      12891     98.500     6.0002     6.0017     0.0015    1.18102    1.18098          1     0.0541     2.5923      79.34     0.3545     0.1929  1.000e-12  0.1903000    10.8761    10.8752    -0.0009     8.5430     8.5422     97.557     99.754      0.726    1445.99    1445.99  0.000e+00
      12908     99.000     6.0024     6.0039     0.0014    1.18152    1.18149          1     0.0510     2.5762      78.82     0.3396     0.2355  1.000e-12  0.1990000    10.8802    10.8794    -0.0008     8.5462     8.5454     98.052    100.259      0.662    1446.01    1446.02  0.000e+00
      12928     99.500     6.0047     6.0061     0.0014    1.18205    1.18199          1     0.0494     2.5539      78.28     0.3261     0.2693  1.000e-12  0.2022000    10.8846    10.8836    -0.0010     8.5495     8.5486     98.547    100.764      0.538    1446.04    1446.04  0.000e+00
      12954    100.000     6.0065     6.0082     0.0017    1.18253    1.18249          1     0.0533     2.5250      77.68     0.3321     0.2434  1.000e-12  0.1957000    10.8888    10.8878    -0.0010     8.5526     8.5518     99.042    101.269      0.462    1446.06    1446.06  0.000e+00
      12979    100.500     6.0086     6.0101     0.0015    1.18295    1.18292          1     0.0534     2.4968      77.06     0.3418     0.2212  1.000e-12  0.1953000    10.8922    10.8914    -0.0008     8.5552     8.5544     99.537    101.774      0.538    1446.08    1446.08  0.000e+00
      12999    101.000     6.0112     6.0126     0.0014    1.18346    1.18341          1     0.0531     2.4740      76.65     0.3547     0.2218  1.000e-12  0.2048000    10.8963    10.8954    -0.0009     8.5583     8.5575    100.032    102.279      0.641    1446.10    1446.11  0.000e+00
      13016    101.500     6.0171     6.0183     0.0012    1.18473    1.18465          1     0.0514     2.4591      76.34     0.3262     0.2401  1.000e-12  0.1996000    10.9070    10.9058    -0.0012     8.5663     8.5653    100.527    102.784      0.659    1446.15    1446.15  0.000e+00
      13035    102.000     6.0292     6.0303     0.0011    1.18722    1.18716          1     0.0498     2.4391      75.47     0.3376     0.2576  1.000e-12  0.2014000    10.9278    10.9268    -0.0010     8.5819     8.5810    101.022    103.288      0.601    1446.23    1446.24  0.000e+00
      13057    102.500     6.0353     6.0367     0.0014    1.18852    1.18847          1     0.0446     2.4148      74.94     0.3468     0.2710  1.000e-12  0.1987000    10.9386    10.9376    -0.0010     8.5900     8.5892    101.518    103.793      0.523    1446.28    1446.29  0.000e+00
      13081    103.000     6.0395     6.0410     0.0015    1.18950    1.18947          1     0.0473     2.3911      87.85     0.3304     0.2360  1.000e-12  0.1915000    10.9470    10.9462    -0.0008     8.5964     8.5956    102.013    104.298      0.503    1446.32    1446.32  0.000e+00
      13104    103.500     6.0430     6.0444     0.0014    1.19037    1.19032          1     0.0481     2.3677      73.59     0.3380     0.2515  1.000e-12  0.1991000    10.9543    10.9534    -0.0010     8.6019     8.6011    102.508    104.803      0.589    1446.35    1446.35  0.000e+00
      13123    104.000     6.0483     6.0496     0.0013    1.19162    1.19157          1     0.0477     2.3482      73.65     0.3149     0.2495  1.000e-12  0.2053000    10.9651    10.9641    -0.0009     8.6100     8.6092    103.003    105.308      0.696    1446.39    1446.40  0.000e+00
      13139    104.500     6.0518     6.0532     0.0014    1.19244    1.19239          1     0.0473     2.3333      73.16     0.3160     0.2447  1.000e-12  0.1940000    10.9719    10.9710    -0.0010     8.6152     8.6143    103.498    105.813      0.721    1446.43    1446.43  0.000e+00
      13156    105.000     6.0575     6.0586     0.0011    1.19359    1.19352          1     0.0490     2.3161      72.67     0.3155     0.2355  1.000e-12  0.1869000    10.9815    10.9804    -0.0010     8.6223     8.6215    103.993    106.318      0.623    1446.47    1446.47  0.000e+00
      13181    105.500     6.0612     6.0627     0.0015    1.19440    1.19433          1     0.0472     2.2909      72.09     0.3306     0.1889  1.000e-12  0.1806000    10.9882    10.9870    -0.0012     8.6274     8.6264    104.488    106.823      0.414    1446.50    1446.51  0.000e+00
      13213    106.000     6.0642     6.0653     0.0012    1.19536    1.19524          1     0.0482     2.2611      71.39     0.3381     0.2104  1.000e-12  0.1781000    10.9967    10.9951    -0.0016     8.6339     8.6326    104.983    107.328      0.455    1446.53    1446.54  0.000e+00
      13234    106.500     6.0715     6.0727     0.0011    1.19714    1.19705          1     0.0483     2.2408      70.94     0.3348     0.2229  1.000e-12  0.1913000    11.0120    11.0106    -0.0014     8.6455     8.6443    105.478    107.833      0.677    1446.59    1446.59  0.000e+00
      13250    107.000     6.0766     6.0781     0.0015    1.19844    1.19839          1     0.0466     2.2273      70.57     0.3271     0.2313  1.000e-12  0.1870000    11.0231    11.0221    -0.0010     8.6539     8.6530    105.973    108.338      0.760    1446.64    1446.64  0.000e+00
      13265    107.500     6.0829     6.0845     0.0017    1.19990    1.19988          1     0.0420     2.2133      70.31     0.3199     0.2329  1.000e-12  0.1942000    11.0355    11.0347    -0.0008     8.6632     8.6625    106.468    108.843      0.720    1446.69    1446.69  0.000e+00
      13284    108.000     6.0872     6.0889     0.0016    1.20098    1.20094          1     0.0444     2.1949      69.66     0.3110     0.3025  1.000e-12  0.1979000    11.0447    11.0438    -0.0009     8.6702     8.6694    106.963    109.347      0.586    1446.72    1446.73  0.000e+00
      13307    108.500     6.0912     6.0926     0.0015    1.20191    1.20187          1     0.0440     2.1728      68.97     0.3076     0.2295  1.000e-12  0.1906000    11.0526    11.0518    -0.0009     8.6762     8.6754    107.458    109.852      0.501    1446.76    1446.76  0.000e+00
      13331    109.000     6.0941     6.0956     0.0015    1.20250    1.20245          1     0.0418     2.1520      68.52     0.3121     0.2066  1.000e-12  0.1805000    11.0574    11.0564    -0.0011     8.6798     8.6788    107.954    110.357      0.552    1446.78    1446.79  0.000e+00
      13351    109.500     6.0974     6.0990     0.0015    1.20332    1.20328          1     0.0426     2.1333      68.09     0.3255     0.2177  1.000e-12  0.1744000    11.0644    11.0635    -0.0010     8.6850     8.6842    108.449    110.862      0.574    1446.82    1446.82  0.000e+00
      13373    110.000     6.1029     6.1045     0.0015    1.20466    1.20459          1     0.0445     2.1162      67.46     0.3252     0.2318  1.000e-12  0.1846000    11.0758    11.0747    -0.0012     8.6937     8.6927    108.944    111.367      0.543    1446.86    1446.87  0.000e+00
      13395    110.500     6.1087     6.1102     0.0014    1.20648    1.20642          1     0.0430     2.0996      66.83     0.3266     0.2183  1.000e-12  0.1920000    11.0919    11.0909    -0.0011     8.7060     8.7050    109.439    111.872      0.535    1446.91    1446.92  0.000e+00
      13417    111.000     6.1136     6.1152     0.0016    1.20761    1.20755          1     0.0424     2.0803      66.44     0.3356     0.1768  1.000e-12  0.2002000    11.1014    11.1004    -0.0011     8.7131     8.7122    109.934    112.377      0.597    1446.96    1446.96  0.000e+00
      13436    111.500     6.1177     6.1191     0.0014    1.20833    1.20828          1     0.0434     2.0623      65.97     0.3377     0.2452  1.000e-12  0.2027000    11.1072    11.1063    -0.0009     8.7174     8.7165    110.429    112.882      0.653    1446.99    1446.99  0.000e+00
      13454    112.000     6.1209     6.1225     0.0015    1.20900    1.20897          1     0.0433     2.0483      65.35     0.3055     0.2502  1.000e-12  0.1865000    11.1127    11.1119    -0.0008     8.7215     8.7208    110.924    113.386      0.645    1447.02    1447.02  0.000e+00
      13473    112.500     6.1222     6.1237     0.0016    1.20937    1.20934          1     0.0448     2.0334      64.79     0.3231     0.2227  1.000e-12  0.1868000    11.1159    11.1150    -0.0008     8.7239     8.7231    111.419    113.891      0.574    1447.03    1447.04  0.000e+00
