ctdpy/tests/etc/all_smhi_bas_2018/SBE09_1044_20181206_1457_34_01_0158.cnv
* Sea-Bird SBE 9 Data File:
* FileName = C:\ctd\temp\ar18d158.hex
* Software Version Seasave V 7.26.7.107
* Temperature SN = 5351
* Conductivity SN = 3941
* Number of Bytes Per Scan = 41
* Number of Voltage Words = 4
* Number of Scans Averaged by the Deck Unit = 1
* NMEA Latitude = 55 23.00 N
* NMEA Longitude = 015 20.03 E
* NMEA UTC (Time) = Dec 06 2018  14:57:31
* NMEA baud rate = 4800
** Station:  BY4
** Operator:  ASkj
** Ship: ARANDA
** Average sound velocity: 1456.51 m/s
** True-depth calculation Sun, 09 Dec 2018 14:58:52 +0000
** CTD Python Module SMHI /ver 3-12/ feb 2012 
** LIMS Job: 20183401-0158
** Cruise: SMHI-7-2018
** Latitude [GG MM.mm N]:
** Longitude [GG MM.mm E]
# nquan = 26
# nvalues = 165                         
# units = specified
# name 0 = scan: Scan Count
# name 1 = prDM: Pressure, Digiquartz [db]
# name 2 = t090C: Temperature [ITS-90, deg C]
# name 3 = t190C: Temperature, 2 [ITS-90, deg C]
# name 4 = T2-T190C: Temperature Difference, 2 - 1 [ITS-90, deg C]
# name 5 = c0S/m: Conductivity [S/m]
# name 6 = c1S/m: Conductivity, 2 [S/m]
# name 7 = pumps: Pump Status
# name 8 = sbeox0ML/L: Oxygen, SBE 43 [ml/l]
# name 9 = sbeox1ML/L: Oxygen, SBE 43, 2 [ml/l]
# name 10 = altM: Altimeter [m]
# name 11 = flECO-AFL: Chl-a Fluorescence, WET Labs ECO-AFL/FL [mg/m^3]
# name 12 = flECO-AFL1: Phycocyanin Fluorescence, WET Labs ECO-AFL/FL, 2 [mg/m^3]
# name 13 = par: PAR/Irradiance, Biospherical/Lico [µE/(cm^2*s)]
# name 14 = turbWETntu0: Turbidity, WET Labs ECO [NTU]
# name 15 = sal00: Salinity, Practical [PSU]
# name 16 = sal11: Salinity, Practical, 2 [PSU]
# name 17 = secS-priS: Salinity, Practical, Difference, 2 - 1 [PSU]
# name 18 = sigma-t00: Density [sigma-t, Kg/m^3 ]
# name 19 = sigma-t11: Density, 2 [sigma-t, Kg/m^3 ]
# name 20 = depSM: Depth [salt water, m], lat = 55.3833
# name 21 = depFM: Depth [true depth, m], lat = 55.3833
# name 22 = dz/dtM: Descent Rate [m/s], WS = 2
# name 23 = svCM: Sound Velocity [Chen-Millero, m/s]
# name 24 = svCM1: Sound Velocity, 2 [Chen-Millero, m/s]
# name 25 = flag: flag
# span 0 =      19620,      23890       
# span 1 =      2.000,     84.000       
# span 2 =     7.4970,    11.7154       
# span 3 =     7.4981,    11.7215       
# span 4 =    -0.0799,     0.2640       
# span 5 =   0.896573,   2.028786       
# span 6 =   0.896567,   2.029069       
# span 7 =          1,          1       
# span 8 =    0.07642,    7.76643       
# span 9 =    0.09847,    7.78627       
# span 10 =       5.00,      98.22      
# span 11 =     0.2165,     1.1981      
# span 12 =     0.1570,     0.4239      
# span 13 = 1.0000e-12, 5.6169e-02      
# span 14 =     0.1734,     0.7300      
# span 15 =     7.7472,    17.2650      
# span 16 =     7.7468,    17.2658      
# span 17 =    -0.1298,     0.5143      
# span 18 =     5.9794,    13.0874      
# span 19 =     5.9789,    13.0874      
# span 20 =      1.982,     83.223      
# span 21 =      2.025,     84.857      
# span 22 =     -0.166,      1.084      
# span 23 =    1446.86,    1472.65      
# span 24 =    1446.88,    1472.64      
# span 25 = 0.0000e+00, 0.0000e+00      
# interval = decibars: 0.5              
# start_time = Dec 06 2018 14:57:31 [NMEA time, first data scan]
# bad_flag = -9.990e-29
*END*
      19620      2.000     7.5113     7.5154     0.0041    0.89688    0.89695          1     7.7527     7.7851      97.49     1.1334     0.3580  4.727e-02  0.2305000     7.7476     7.7473    -0.0003     5.9794     5.9789      1.982      2.025      0.382    1446.87    1446.89  0.000e+00
      19643      2.500     7.5069     7.5112     0.0043    0.89676    0.89684          1     7.7581     7.7863      97.48     1.1981     0.3362  5.617e-02  0.2697000     7.7474     7.7472    -0.0002     5.9796     5.9791      2.477      2.531      0.463    1446.86    1446.88  0.000e+00
      19705      3.000     7.5094     7.5099     0.0004    0.89685    0.89682          1     7.7622     7.7761      97.50     1.1625     0.3577  1.500e-02  0.2292000     7.7476     7.7473    -0.0003     5.9795     5.9793      2.973      3.037      0.307    1446.88    1446.88  0.000e+00
      19741      3.500     7.5084     7.5085     0.0001    0.89682    0.89678          1     7.7604     7.7721      97.49     1.1191     0.3234  1.633e-03  0.2406000     7.7475     7.7470    -0.0004     5.9796     5.9792      3.468      3.544      0.583    1446.88    1446.88  0.000e+00
      19760      4.000     7.5055     7.5059     0.0004    0.89675    0.89672          1     7.7571     7.7713      97.49     1.0942     0.3648  2.899e-05  0.2448000     7.7474     7.7470    -0.0004     5.9797     5.9794      3.964      4.050      0.603    1446.88    1446.88  0.000e+00
      19781      4.500     7.5034     7.5058     0.0024    0.89670    0.89672          1     7.7575     7.7687      94.82     1.0664     0.3364  9.449e-12  0.2449000     7.7473     7.7470    -0.0003     5.9798     5.9794      4.459      4.556      0.502    1446.87    1446.88  0.000e+00
      19808      5.000     7.5009     7.5041     0.0033    0.89663    0.89669          1     7.7664     7.7741      87.49     1.0676     0.3220  1.000e-12  0.2509000     7.7473     7.7470    -0.0002     5.9800     5.9795      4.955      5.062      0.482    1446.87    1446.89  0.000e+00
      19830      5.500     7.5052     7.5058     0.0006    0.89676    0.89674          1     7.7604     7.7779      97.40     1.0795     0.3285  1.000e-12  0.2539000     7.7474     7.7471    -0.0003     5.9797     5.9794      5.450      5.569      0.577    1446.90    1446.90  0.000e+00
      19850      6.000     7.5029     7.5057     0.0028    0.89671    0.89674          1     7.7574     7.7820      97.48     1.0593     0.3420  1.000e-12  0.2477000     7.7474     7.7470    -0.0003     5.9799     5.9794      5.946      6.075      0.556    1446.90    1446.91  0.000e+00
      19875      6.500     7.4986     7.5004     0.0019    0.89660    0.89661          1     7.7577     7.7803      96.90     1.0602     0.3523  1.000e-12  0.2424000     7.7473     7.7469    -0.0003     5.9801     5.9797      6.441      6.581      0.431    1446.89    1446.89  0.000e+00
      19905      7.000     7.4970     7.4981     0.0011    0.89657    0.89657          1     7.7585     7.7783      90.40     1.0842     0.3467  1.000e-12  0.2528000     7.7473     7.7470    -0.0003     5.9803     5.9800      6.937      7.087      0.473    1446.89    1446.89  0.000e+00
      19926      7.500     7.4979     7.4988     0.0010    0.89660    0.89658          1     7.7571     7.7794      66.54     1.0719     0.3380  1.000e-12  0.2353000     7.7473     7.7469    -0.0004     5.9802     5.9799      7.432      7.594      0.641    1446.90    1446.90  0.000e+00
      19943      8.000     7.4978     7.4988     0.0010    0.89661    0.89661          1     7.7620     7.7761      24.09     1.0646     0.3511  1.000e-12  0.2448000     7.7473     7.7471    -0.0002     5.9802     5.9800      7.927      8.100      0.675    1446.91    1446.91  0.000e+00
      19962      8.500     7.4978     7.4992     0.0014    0.89662    0.89660          1     7.7653     7.7702      59.57     1.0504     0.3243  1.000e-12  0.2472000     7.7473     7.7469    -0.0004     5.9802     5.9798      8.423      8.606      0.554    1446.92    1446.92  0.000e+00
      19993      9.000     7.4980     7.4992     0.0012    0.89663    0.89662          1     7.7588     7.7737      94.59     1.0226     0.3294  1.000e-12  0.2298000     7.7473     7.7470    -0.0003     5.9802     5.9799      8.918      9.112      0.331    1446.92    1446.93  0.000e+00
      20030      9.500     7.4987     7.4994     0.0007    0.89665    0.89664          1     7.7529     7.7769      88.38     1.0332     0.3465  1.000e-12  0.2273000     7.7473     7.7470    -0.0002     5.9801     5.9799      9.414      9.619      0.465    1446.94    1446.94  0.000e+00
      20050     10.000     7.4985     7.4991     0.0006    0.89665    0.89663          1     7.7554     7.7753      97.58     1.0580     0.2924  1.000e-12  0.2340000     7.7473     7.7470    -0.0003     5.9802     5.9799      9.909     10.125      0.714    1446.94    1446.94  0.000e+00
      20064     10.500     7.4986     7.4995     0.0009    0.89666    0.89666          1     7.7570     7.7761      56.49     1.0461     0.2981  1.000e-12  0.2317000     7.7473     7.7471    -0.0002     5.9802     5.9799     10.405     10.631      0.828    1446.95    1446.95  0.000e+00
      20078     11.000     7.4991     7.5006     0.0014    0.89668    0.89668          1     7.7563     7.7759      77.00     1.0240     0.3073  1.000e-12  0.2238000     7.7473     7.7470    -0.0003     5.9801     5.9797     10.900     11.137      0.812    1446.96    1446.97  0.000e+00
      20094     11.500     7.4998     7.5014     0.0016    0.89670    0.89670          1     7.7592     7.7752      96.75     1.0299     0.3183  1.000e-12  0.2330000     7.7473     7.7469    -0.0004     5.9801     5.9796     11.396     11.644      0.654    1446.97    1446.98  0.000e+00
      20120     12.000     7.5006     7.5016     0.0010    0.89672    0.89671          1     7.7615     7.7687      51.85     1.0402     0.3491  1.000e-12  0.2438000     7.7473     7.7469    -0.0004     5.9800     5.9796     11.891     12.150      0.400    1446.98    1446.99  0.000e+00
      20154     12.500     7.5008     7.5022     0.0013    0.89673    0.89674          1     7.7560     7.7643      69.70     1.0464     0.3305  1.000e-12  0.2338000     7.7472     7.7470    -0.0003     5.9799     5.9796     12.387     12.656      0.405    1446.99    1447.00  0.000e+00
      20179     13.000     7.5004     7.5019     0.0015    0.89673    0.89672          1     7.7606     7.7684      98.22     1.0702     0.3356  1.000e-12  0.2525000     7.7473     7.7468    -0.0004     5.9800     5.9796     12.882     13.162      0.566    1447.00    1447.00  0.000e+00
      20197     13.500     7.4997     7.5008     0.0011    0.89672    0.89673          1     7.7616     7.7712      43.00     1.0403     0.3285  1.000e-12  0.2383000     7.7473     7.7471    -0.0002     5.9800     5.9798     13.377     13.669      0.687    1447.00    1447.01  0.000e+00
      20214     14.000     7.5013     7.5023     0.0010    0.89682    0.89680          1     7.7617     7.7712      39.36     1.0247     0.3242  1.000e-12  0.2303000     7.7477     7.7474    -0.0004     5.9803     5.9799     13.873     14.175      0.727    1447.02    1447.02  0.000e+00
      20230     14.500     7.5017     7.5029     0.0012    0.89684    0.89683          1     7.7608     7.7788      70.12     1.0436     0.3235  1.000e-12  0.2402000     7.7478     7.7474    -0.0004     5.9803     5.9799     14.368     14.681      0.660    1447.03    1447.03  0.000e+00
      20251     15.000     7.5011     7.5023     0.0012    0.89682    0.89683          1     7.7570     7.7801      96.30     1.0674     0.3402  1.000e-12  0.2473000     7.7477     7.7475    -0.0002     5.9803     5.9800     14.864     15.187      0.501    1447.03    1447.04  0.000e+00
      20281     15.500     7.5013     7.5021     0.0008    0.89683    0.89681          1     7.7554     7.7681      86.90     1.0524     0.3413  1.000e-12  0.2339000     7.7477     7.7473    -0.0004     5.9802     5.9799     15.359     15.693      0.381    1447.04    1447.05  0.000e+00
      20311     16.000     7.5016     7.5028     0.0012    0.89686    0.89686          1     7.7541     7.7707      74.32     1.0494     0.3387  1.000e-12  0.2423000     7.7478     7.7476    -0.0003     5.9803     5.9800     15.855     16.200      0.493    1447.05    1447.06  0.000e+00
      20332     16.500     7.5018     7.5028     0.0011    0.89685    0.89684          1     7.7505     7.7635      80.47     1.0881     0.3371  1.000e-12  0.2365000     7.7476     7.7472    -0.0004     5.9802     5.9798     16.350     16.706      0.672    1447.06    1447.06  0.000e+00
      20348     17.000     7.5019     7.5027     0.0009    0.89686    0.89685          1     7.7512     7.7654      97.04     1.0723     0.3361  1.000e-12  0.2357000     7.7476     7.7473    -0.0003     5.9801     5.9799     16.846     17.212      0.767    1447.07    1447.07  0.000e+00
      20363     17.500     7.5019     7.5028     0.0008    0.89686    0.89687          1     7.7589     7.7703      87.37     1.0608     0.3373  1.000e-12  0.2369000     7.7475     7.7474    -0.0001     5.9801     5.9799     17.341     17.718      0.757    1447.08    1447.08  0.000e+00
      20379     18.000     7.5019     7.5029     0.0010    0.89687    0.89686          1     7.7583     7.7710      73.94     1.0690     0.3531  1.000e-12  0.2407000     7.7476     7.7473    -0.0003     5.9801     5.9798     17.836     18.225      0.635    1447.09    1447.09  0.000e+00
      20403     18.500     7.5017     7.5029     0.0012    0.89688    0.89687          1     7.7521     7.7706      73.50     1.0802     0.3663  1.000e-12  0.2496000     7.7477     7.7473    -0.0004     5.9802     5.9798     18.332     18.731      0.461    1447.09    1447.10  0.000e+00
      20432     19.000     7.5017     7.5029     0.0012    0.89689    0.89689          1     7.7512     7.7720      51.29     1.0735     0.3355  1.000e-12  0.2585000     7.7477     7.7474    -0.0003     5.9802     5.9799     18.827     19.237      0.425    1447.10    1447.10  0.000e+00
      20458     19.500     7.5018     7.5030     0.0012    0.89690    0.89689          1     7.7520     7.7777      70.99     1.1032     0.3205  1.000e-12  0.2295000     7.7477     7.7473    -0.0004     5.9802     5.9798     19.323     19.743      0.509    1447.11    1447.11  0.000e+00
      20480     20.000     7.5021     7.5031     0.0010    0.89693    0.89693          1     7.7553     7.7736      70.93     1.0724     0.3518  1.000e-12  0.2314000     7.7478     7.7476    -0.0002     5.9803     5.9800     19.818     20.250      0.565    1447.12    1447.12  0.000e+00
      20500     20.500     7.5023     7.5031     0.0008    0.89694    0.89694          1     7.7569     7.7649      70.47     1.0725     0.3744  1.000e-12  0.2328000     7.7478     7.7477    -0.0001     5.9803     5.9801     20.313     20.756      0.565    1447.13    1447.13  0.000e+00
      20522     21.000     7.5022     7.5032     0.0010    0.89695    0.89694          1     7.7558     7.7604      70.71     1.0860     0.3237  1.000e-12  0.2321000     7.7478     7.7476    -0.0003     5.9803     5.9800     20.809     21.262      0.546    1447.13    1447.14  0.000e+00
      20544     21.500     7.5023     7.5034     0.0010    0.89696    0.89695          1     7.7541     7.7654      97.35     1.0999     0.3230  1.000e-12  0.2385000     7.7478     7.7475    -0.0003     5.9803     5.9800     21.304     21.768      0.552    1447.14    1447.15  0.000e+00
      20566     22.000     7.5023     7.5032     0.0009    0.89697    0.89697          1     7.7526     7.7692      75.88     1.1188     0.3731  1.000e-12  0.2298000     7.7479     7.7477    -0.0002     5.9803     5.9801     21.800     22.275      0.579    1447.15    1447.15  0.000e+00
      20586     22.500     7.5022     7.5032     0.0010    0.89696    0.89696          1     7.7488     7.7779      68.05     1.0957     0.3906  1.000e-12  0.2413000     7.7478     7.7476    -0.0002     5.9803     5.9800     22.295     22.781      0.597    1447.16    1447.16  0.000e+00
      20606     23.000     7.5023     7.5033     0.0010    0.89697    0.89696          1     7.7474     7.7833      91.20     1.0976     0.3751  1.000e-12  0.2296000     7.7477     7.7475    -0.0003     5.9802     5.9799     22.791     23.287      0.569    1447.17    1447.17  0.000e+00
      20628     23.500     7.5024     7.5035     0.0012    0.89694    0.89694          1     7.7436     7.7756      82.01     1.0937     0.3207  1.000e-12  0.2314000     7.7475     7.7472    -0.0003     5.9800     5.9797     23.286     23.793      0.528    1447.17    1447.18  0.000e+00
      20651     24.000     7.5024     7.5035     0.0011    0.89695    0.89696          1     7.7469     7.7664      73.20     1.0965     0.3642  1.000e-12  0.2396000     7.7475     7.7473    -0.0002     5.9800     5.9798     23.782     24.300      0.537    1447.18    1447.19  0.000e+00
      20673     24.500     7.5026     7.5036     0.0010    0.89696    0.89695          1     7.7484     7.7690      97.30     1.0987     0.3669  1.000e-12  0.2363000     7.7474     7.7472    -0.0003     5.9800     5.9797     24.277     24.806      0.568    1447.19    1447.19  0.000e+00
      20694     25.000     7.5026     7.5037     0.0011    0.89697    0.89696          1     7.7477     7.7711      69.08     1.1102     0.3751  1.000e-12  0.2362000     7.7475     7.7471    -0.0003     5.9800     5.9796     24.772     25.312      0.546    1447.20    1447.20  0.000e+00
      20718     25.500     7.5027     7.5038     0.0011    0.89699    0.89700          1     7.7504     7.7726      96.09     1.0708     0.3824  1.000e-12  0.2406000     7.7476     7.7474    -0.0002     5.9801     5.9798     25.268     25.818      0.471    1447.21    1447.21  0.000e+00
      20744     26.000     7.5027     7.5038     0.0011    0.89701    0.89700          1     7.7523     7.7753      74.57     1.1069     0.3747  1.000e-12  0.2232000     7.7476     7.7473    -0.0003     5.9801     5.9798     25.763     26.325      0.463    1447.22    1447.22  0.000e+00
      20769     26.500     7.5027     7.5038     0.0011    0.89701    0.89700          1     7.7512     7.7745      58.48     1.1089     0.3790  1.000e-12  0.2227000     7.7477     7.7473    -0.0003     5.9801     5.9798     26.259     26.831      0.549    1447.22    1447.23  0.000e+00
      20789     27.000     7.5027     7.5038     0.0011    0.89701    0.89700          1     7.7503     7.7747      63.73     1.0636     0.3954  1.000e-12  0.2349000     7.7476     7.7472    -0.0003     5.9801     5.9797     26.754     27.337      0.629    1447.23    1447.24  0.000e+00
      20807     27.500     7.5026     7.5037     0.0011    0.89701    0.89701          1     7.7507     7.7734      63.38     1.0777     0.3237  1.000e-12  0.2388000     7.7475     7.7473    -0.0002     5.9800     5.9798     27.249     27.843      0.648    1447.24    1447.24  0.000e+00
      20826     28.000     7.5027     7.5037     0.0010    0.89702    0.89702          1     7.7488     7.7742      64.78     1.0925     0.3387  1.000e-12  0.2438000     7.7475     7.7473    -0.0003     5.9800     5.9797     27.745     28.350      0.596    1447.25    1447.25  0.000e+00
      20848     28.500     7.5029     7.5040     0.0011    0.89704    0.89702          1     7.7464     7.7746      80.49     1.0712     0.3507  1.000e-12  0.2530000     7.7476     7.7472    -0.0004     5.9800     5.9797     28.240     28.856      0.524    1447.26    1447.26  0.000e+00
      20872     29.000     7.5028     7.5038     0.0010    0.89704    0.89703          1     7.7479     7.7740      61.62     1.0676     0.3579  1.000e-12  0.2350000     7.7476     7.7472    -0.0004     5.9801     5.9797     28.736     29.362      0.507    1447.26    1447.27  0.000e+00
