ctdpy/tests/etc/all_smhi_bas_2018/SBE09_0827_20180904_2238_26_01_0961.cnv
* Sea-Bird SBE 9 Data File:
* FileName = D:\CTD_SBE911\DAT\26DA.2018.9.11.hex
* Software Version Seasave V 7.21d
* Temperature SN = 034605
* Conductivity SN = 041844
* Number of Bytes Per Scan = 48
* Number of Voltage Words = 5
* Number of Scans Averaged by the Deck Unit = 1
* NMEA Latitude = 57 59.91 N
* NMEA Longitude = 019 52.90 E
* NMEA UTC (Time) = Sep 04 2018  22:41:21
* NMEA baud rate = 4800
** Ship: DANA
** Average sound velocity: 1450.27 m/s
** True-depth calculation Wed, 03 Apr 2019 09:29:03 +0000
** CTD Python Module SMHI /ver 3-12/ feb 2012 
** LIMS Job: 20182601-0961
**  BY20
** Operator: Christian JKro
** Cruise: 09/2018
# nquan = 26
# nvalues = 382                         
# units = specified
# name 0 = scan: Scan Count
# name 1 = prDM: Pressure, Digiquartz [db]
# name 2 = t090C: Temperature [ITS-90, deg C]
# name 3 = t190C: Temperature, 2 [ITS-90, deg C]
# name 4 = T2-T190C: Temperature Difference, 2 - 1 [ITS-90, deg C]
# name 5 = c0S/m: Conductivity [S/m]
# name 6 = c1S/m: Conductivity, 2 [S/m]
# name 7 = pumps: Pump Status
# name 8 = sbeox1ML/L: Oxygen, SBE 43, 2 [ml/l]
# name 9 = sbeox0ML/L: Oxygen, SBE 43 [ml/l]
# name 10 = altM: Altimeter [m]
# name 11 = chloroflTC0: Chlorophyll, Turner Cyclops [ug/l]
# name 12 = cpar: CPAR/Corrected Irradiance [%]
# name 13 = par: PAR/Irradiance, Biospherical/Lico [µE/(cm^2*s)]
# name 14 = spar: SPAR, Biospherical/Licor
# name 15 = sal00: Salinity, Practical [PSU]
# name 16 = sal11: Salinity, Practical, 2 [PSU]
# name 17 = secS-priS: Salinity, Practical, Difference, 2 - 1 [PSU]
# name 18 = sigma-t00: Density [sigma-t, kg/m^3 ]
# name 19 = sigma-t11: Density, 2 [sigma-t, kg/m^3 ]
# name 20 = depSM: Depth [salt water, m], lat = 57.9985
# name 21 = depFM: Depth [true depth, m], lat = 57.9985
# name 22 = dz/dtM: Descent Rate [m/s], WS = 2
# name 23 = svCM: Sound Velocity [Chen-Millero, m/s]
# name 24 = svCM1: Sound Velocity, 2 [Chen-Millero, m/s]
# name 25 = flag: flag
# span 0 =        100,      15790       
# span 1 =      1.500,    192.000       
# span 2 =     3.1916,    18.5020       
# span 3 =     3.1935,    18.5010       
# span 4 =    -1.0574,     0.2673       
# span 5 =   0.747061,   1.392472       
# span 6 =   0.748013,   1.391997       
# span 7 =          1,          1       
# span 8 =     0.0309,     7.4722       
# span 9 =     0.0190,     7.7783       
# span 10 =       1.64,      10.02      
# span 11 =     0.0442,     0.2522      
# span 12 = -1.252e+02, 1.4356e+04      
# span 13 = 1.0000e-12, 1.0000e-12      
# span 14 = 1.7393e+00, 2.0333e+00      
# span 15 =     6.3963,    12.6960      
# span 16 =     6.3963,    12.6917      
# span 17 =    -0.2025,     0.1432      
# span 18 =     3.3816,     9.9202      
# span 19 =     3.3790,     9.9169      
# span 20 =      1.486,    190.132      
# span 21 =      1.523,    194.038      
# span 22 =     -0.253,      0.606      
# span 23 =    1427.98,    1485.16      
# span 24 =    1427.99,    1485.16      
# span 25 = 0.0000e+00, 0.0000e+00      
# interval = decibars: 0.5              
# start_time = Sep 04 2018 22:41:21 [NMEA time, first data scan]
# bad_flag = -9.990e-29
*END*
[from data line 112]
       5599     57.500     3.7748     3.7825     0.0076    0.83635    0.83554          1     4.8669     4.7281       9.97     0.0449  4.924e-11  1.000e-12  2.031e+00     8.0227     8.0125    -0.0102     6.3830     6.3747     56.959     58.285      0.214    1431.94    1431.97  0.000e+00
       5654     58.000     3.8201     3.8285     0.0085    0.84185    0.84167          1     4.6567     4.6273       9.97     0.0447  4.924e-11  1.000e-12  2.031e+00     8.0682     8.0642    -0.0040     6.4181     6.4148     57.454     58.791      0.265    1432.21    1432.25  0.000e+00
       5696     58.500     3.8575     3.8595     0.0020    0.84643    0.84546          1     4.5280     4.4918       9.97     0.0455  3.658e+00  1.000e-12  2.031e+00     8.1060     8.0955    -0.0105     6.4472     6.4389     57.950     59.297      0.262    1432.44    1432.44  0.000e+00
       5747     59.000     3.9158     3.9158    -0.0001    0.85212    0.85043          1     4.3766     4.3388       9.97     0.0462  1.984e+03  1.000e-12  1.990e+00     8.1499     8.1325    -0.0174     6.4807     6.4669     58.445     59.803      0.236    1432.77    1432.75  0.000e+00
       5792     59.500     4.0362     4.0277    -0.0084    0.86144    0.85922          1     4.2406     4.1147       9.97     0.0462 -3.012e+01  1.000e-12  2.031e+00     8.2155     8.1948    -0.0206     6.5296     6.5134     58.940     60.309      0.300    1433.40    1433.34  0.000e+00
       5832     60.000     4.0954     4.0935    -0.0019    0.86921    0.86711          1     4.0580     3.8762       9.97     0.0464  4.924e-11  1.000e-12  2.031e+00     8.2801     8.2591    -0.0210     6.5792     6.5626     59.435     60.815      0.268    1433.76    1433.72  0.000e+00
       5885     60.500     4.1454     4.1464     0.0010    0.87547    0.87348          1     3.8008     3.6562       9.97     0.0465  4.924e-11  1.000e-12  2.031e+00     8.3315     8.3109    -0.0207     6.6186     6.6022     59.931     61.321      0.229    1434.06    1434.03  0.000e+00
       5929     61.000     4.2514     4.2409    -0.0105    0.89194    0.88796          1     3.6010     3.2438       9.97     0.0455  8.033e-04  1.000e-12  2.031e+00     8.4728     8.4348    -0.0380     6.7274     6.6976     60.426     61.827      0.288    1434.72    1434.62  0.000e+00
       5978     61.500     4.3236     4.2980    -0.0256    0.90126    0.89569          1     3.2391     2.8955       9.97     0.0468  1.780e+03  1.000e-12  1.995e+00     8.5492     8.4990    -0.0502     6.7857     6.7467     60.921     62.332      0.210    1435.15    1434.97  0.000e+00
       6035     62.000     4.3900     4.3795    -0.0105    0.90978    0.90678          1     2.9711     2.6539       9.97     0.0461 -8.648e+01  1.000e-12  2.033e+00     8.6188     8.5909    -0.0279     6.8387     6.8170     61.416     62.838      0.265    1435.54    1435.46  0.000e+00
       6074     62.500     4.4788     4.4609    -0.0180    0.92233    0.91787          1     2.7438     2.3338       9.97     0.0462  4.924e-11  1.000e-12  2.031e+00     8.7232     8.6826    -0.0407     6.9184     6.8868     61.911     63.344      0.286    1436.07    1435.94  0.000e+00
       6124     63.000     4.5919     4.5340    -0.0580    0.93597    0.92667          1     2.3957     1.8836       9.97     0.0468  1.935e-05  1.000e-12  2.031e+00     8.8319     8.7527    -0.0792     7.0003     6.9397     62.407     63.850      0.221    1436.72    1436.37  0.000e+00
       6173     63.500     4.6353     4.6163    -0.0190    0.94536    0.94106          1     2.1112     1.5612       9.97     0.0479  4.972e+03  1.000e-12  1.930e+00     8.9155     8.8769    -0.0386     7.0649     7.0351     62.902     64.355      0.290    1437.03    1436.90  0.000e+00
       6213     64.000     4.7002     4.6724    -0.0279    0.95365    0.94909          1     1.7974     1.3619       9.97     0.0482  1.745e+02  1.000e-12  2.027e+00     8.9820     8.9433    -0.0387     7.1150     7.0855     63.397     64.861      0.270    1437.41    1437.24  0.000e+00
       6267     64.500     4.7499     4.6806    -0.0693    0.96061    0.95078          1     1.5429     1.1678       9.97     0.0501  1.298e-07  1.000e-12  2.031e+00     9.0390     8.9581    -0.0809     7.1581     7.0968     63.892     65.367      0.216    1437.71    1437.30  0.000e+00
       6314     65.000     4.7790     4.7628    -0.0162    0.96638    0.96293          1     1.3868     0.9143       9.97     0.0479  2.478e+03  1.000e-12  1.980e+00     9.0895     9.0589    -0.0305     7.1969     7.1734     64.388     65.872      0.290    1437.91    1437.80  0.000e+00
       6362     65.500     4.8368     4.7627    -0.0743    0.97284    0.96306          1     1.0898     0.8025       9.97     0.0486  2.250e+01  1.000e-12  2.030e+00     9.1389     9.0602    -0.0787     7.2336     7.1744     64.883     66.378      0.216    1438.23    1437.81  0.000e+00
       6416     66.000     4.9530     4.9015    -0.0515    0.98722    0.97832          1     1.0204     0.5140       9.97     0.0494  2.332e+03  1.000e-12  1.983e+00     9.2521     9.1764    -0.0757     7.3181     7.2605     65.378     66.884      0.268    1438.90    1438.57  0.000e+00
       6459     66.500     5.0446     4.9782    -0.0664    1.00102    0.99144          1     0.7390     0.2601       9.97     0.0499  2.002e+01  1.000e-12  2.030e+00     9.3657     9.2877    -0.0780     7.4038     7.3451     65.873     67.389      0.268    1439.45    1439.06  0.000e+00
       6506     67.000     5.0941     4.9644    -0.1296    1.00905    0.99051          1     0.5075     0.1396       9.97     0.0493  4.921e-11  1.000e-12  2.031e+00     9.4327     9.2821    -0.1506     7.4544     7.3413     66.368     67.895      0.249    1439.76    1439.00  0.000e+00
       6552     67.500     5.1511     5.0526    -0.0985    1.01779    1.00153          1     0.4449     0.1215       9.97     0.0495  4.924e-11  1.000e-12  2.031e+00     9.5045     9.3685    -0.1360     7.5085     7.4056     66.864     68.400      0.280    1440.11    1439.50  0.000e+00
       6596     68.000     5.2276     5.1006    -0.1271    1.02822    1.01014          1     0.3254     0.1346       9.97     0.0500  4.924e-11  1.000e-12  2.031e+00     9.5874     9.4417    -0.1458     7.5704     7.4613     67.359     68.906      0.252    1440.55    1439.81  0.000e+00
       6648     68.500     5.2981     5.1549    -0.1431    1.03913    1.01771          1     0.2262     0.1426       9.97     0.0499  1.178e-07  1.000e-12  2.031e+00     9.6767     9.5024    -0.1743     7.6373     7.5067     67.854     69.411      0.224    1440.98    1440.14  0.000e+00
       6697     69.000     5.3661     5.2344    -0.1317    1.05102    1.02946          1     0.1868     0.1389       9.97     0.0503  4.749e+03  1.000e-12  1.934e+00     9.7762     9.5978    -0.1784     7.7124     7.5782     68.349     69.916      0.275    1441.41    1440.61  0.000e+00
       6744     69.500     5.4350     5.2850    -0.1499    1.06247    1.03794          1     0.1619     0.1333       9.97     0.0534  1.912e+03  1.000e-12  1.992e+00     9.8708     9.6683    -0.2025     7.7835     7.6314     68.844     70.422      0.220    1441.83    1440.93  0.000e+00
       6799     70.000     5.4966     5.3851    -0.1114    1.07251    1.05219          1     0.1446     0.1303       9.97     0.0516  2.529e+03  1.000e-12  1.979e+00     9.9531     9.7822    -0.1709     7.8452     7.7162     69.340     70.927      0.285    1442.21    1441.51  0.000e+00
       6834     70.500     5.5408     5.4639    -0.0769    1.07915    1.06625          1     0.1370     0.1271       9.97     0.0508  3.854e+01  1.000e-12  2.030e+00    10.0064     9.9000    -0.1064     7.8848     7.8050     69.835     71.432      0.331    1442.48    1442.01  0.000e+00
       6878     71.000     5.5628     5.4737    -0.0891    1.08366    1.06869          1     0.1340     0.1201       9.97     0.0517  3.333e-08  1.000e-12  2.031e+00    10.0448     9.9215    -0.1233     7.9139     7.8215     70.330     71.938      0.230    1442.63    1442.09  0.000e+00
       6930     71.500     5.5840     5.5167    -0.0672    1.08768    1.07475          1     0.1219     0.1127       9.97     0.0512  4.924e-11  1.000e-12  2.031e+00    10.0787     9.9693    -0.1094     7.9394     7.8569     70.825     72.443      0.291    1442.77    1442.34  0.000e+00
       6967     72.000     5.6131     5.5523    -0.0609    1.09236    1.08185          1     0.1186     0.1117       9.97     0.0516  4.924e-11  1.000e-12  2.031e+00    10.1166    10.0297    -0.0868     7.9677     7.9026     71.320     72.948      0.297    1442.95    1442.58  0.000e+00
       7022     72.500     5.6354     5.5756    -0.0599    1.09636    1.08559          1     0.1144     0.1059       9.97     0.0520  2.656e+03  1.000e-12  1.977e+00    10.1498    10.0601    -0.0897     7.9926     7.9252     71.816     73.453      0.212    1443.10    1442.73  0.000e+00
       7072     73.000     5.6592     5.6117    -0.0474    1.10026    1.09182          1     0.1079     0.1036       9.97     0.0511  2.860e+03  1.000e-12  1.973e+00    10.1815    10.1115    -0.0701     8.0163     7.9638     72.311     73.959      0.330    1443.25    1442.96  0.000e+00
       7108     73.500     5.6776     5.6321    -0.0455    1.10361    1.09537          1     0.1096     0.0985       9.97     0.0509  2.401e+03  1.000e-12  1.982e+00    10.2093    10.1407    -0.0686     8.0372     7.9857     72.806     74.464      0.282    1443.37    1443.09  0.000e+00
       7161     74.000     5.6931     5.6524    -0.0406    1.10714    1.09870          1     0.1051     0.0955       9.97     0.0516  4.202e+03  1.000e-12  1.946e+00    10.2398    10.1678    -0.0720     8.0603     8.0059     73.301     74.969      0.229    1443.48    1443.22  0.000e+00
       7204     74.500     5.7159     5.6750    -0.0409    1.11235    1.10309          1     0.1016     0.0926       9.97     0.0514 -8.462e+01  1.000e-12  2.033e+00    10.2847    10.2048    -0.0800     8.0944     8.0338     73.796     75.474      0.336    1443.65    1443.37  0.000e+00
       7240     75.000     5.7398     5.6860    -0.0538    1.11786    1.10583          1     0.0987     0.0900       9.97     0.0507  2.436e+03  1.000e-12  1.981e+00    10.3323    10.2286    -0.1037     8.1306     8.0519     74.291     75.979      0.302    1443.82    1443.46  0.000e+00
       7290     75.500     5.7659     5.7031    -0.0628    1.12232    1.10934          1     0.1012     0.0874       9.97     0.0510  5.328e+03  1.000e-12  1.923e+00    10.3688    10.2584    -0.1104     8.1578     8.0744     74.787     76.485      0.216    1443.98    1443.57  0.000e+00
       7338     76.000     5.8006     5.7242    -0.0764    1.12752    1.11358          1     0.0956     0.0859       9.97     0.0519  1.816e+01  1.000e-12  2.030e+00    10.4099    10.2943    -0.1156     8.1881     8.1015     75.282     76.990      0.298    1444.19    1443.72  0.000e+00
       7379     76.500     5.8213     5.7495    -0.0718    1.13216    1.11809          1     0.0931     0.0831       9.97     0.0512  5.089e+00  1.000e-12  2.031e+00    10.4497    10.3314    -0.1183     8.2182     8.1293     75.777     77.495      0.257    1444.34    1443.88  0.000e+00
       7430     77.000     5.8262     5.7816    -0.0445    1.13486    1.12392          1     0.0906     0.0813       9.97     0.0523  4.924e-11  1.000e-12  2.031e+00    10.4750    10.3796    -0.0953     8.2379     8.1654     76.272     78.000      0.246    1444.40    1444.09  0.000e+00
       7474     77.500     5.8381     5.7962    -0.0419    1.13780    1.12753          1     0.0906     0.0803       9.97     0.0517  1.328e-01  1.000e-12  2.031e+00    10.5005    10.4111    -0.0895     8.2573     8.1893     76.767     78.505      0.279    1444.49    1444.20  0.000e+00
       7518     78.000     5.8521     5.8069    -0.0452    1.14020    1.13030          1     0.0886     0.0787       9.97     0.0515  2.285e+03  1.000e-12  1.984e+00    10.5200    10.4353    -0.0847     8.2718     8.2078     77.263     79.010      0.276    1444.58    1444.28  0.000e+00
       7560     78.500     5.8564     5.8245    -0.0319    1.14101    1.13353          1     0.0838     0.0743       9.97     0.0520  8.129e+00  1.000e-12  2.031e+00    10.5267    10.4619    -0.0647     8.2768     8.2277     77.758     79.515      0.287    1444.62    1444.40  0.000e+00
       7604     79.000     5.8636     5.8355    -0.0281    1.14223    1.13649          1     0.0859     0.0756       9.97     0.0518  1.359e+02  1.000e-12  2.028e+00    10.5364    10.4879    -0.0485     8.2840     8.2475     78.253     80.020      0.260    1444.67    1444.49  0.000e+00
       7651     79.500     5.8855     5.8431    -0.0424    1.14569    1.13791          1     0.0847     0.0743       9.97     0.0516  6.419e+03  1.000e-12  1.900e+00    10.5640    10.4997    -0.0643     8.3044     8.2563     78.748     80.525      0.260    1444.80    1444.54  0.000e+00
       7696     80.000     5.8972     5.8534    -0.0438    1.14889    1.13963          1     0.0854     0.0738       9.97     0.0528  6.005e+01  1.000e-12  2.030e+00    10.5921    10.5135    -0.0786     8.3259     8.2666     79.243     81.031      0.267    1444.90    1444.61  0.000e+00
       7743     80.500     5.8888     5.8757    -0.0131    1.14962    1.14408          1     0.0838     0.0681       9.97     0.0515  4.924e-11  1.000e-12  2.031e+00    10.6019    10.5509    -0.0510     8.3341     8.2947     79.738     81.536      0.245    1444.88    1444.76  0.000e+00
       7791     81.000     5.9130     5.8823    -0.0307    1.15236    1.14654          1     0.0803     0.0693       9.97     0.0518  4.924e-11  1.000e-12  2.031e+00    10.6215    10.5732    -0.0483     8.3480     8.3119     80.234     82.041      0.256    1445.02    1444.83  0.000e+00
       7836     81.500     5.9285     5.8909    -0.0376    1.15515    1.14804          1     0.0806     0.0688       9.97     0.0522  4.924e-11  1.000e-12  2.031e+00    10.6443    10.5854    -0.0589     8.3650     8.3209     80.729     82.546      0.276    1445.12    1444.89  0.000e+00
       7879     82.000     5.9440     5.9095    -0.0344    1.15743    1.15090          1     0.0789     0.0673       9.97     0.0517  4.924e-11  1.000e-12  2.031e+00    10.6621    10.6079    -0.0541     8.3780     8.3376     81.224     83.051      0.274    1445.22    1445.00  0.000e+00
       7926     82.500     5.9421     5.9233    -0.0189    1.15888    1.15335          1     0.0803     0.0661       9.97     0.0508  4.924e-11  1.000e-12  2.031e+00    10.6770    10.6279    -0.0491     8.3899     8.3525     81.719     83.556      0.247    1445.24    1445.09  0.000e+00
       7974     83.000     5.9401     5.9299    -0.0102    1.16048    1.15525          1     0.0790     0.0670       9.97     0.0506  4.924e-11  1.000e-12  2.031e+00    10.6935    10.6446    -0.0489     8.4031     8.3652     82.214     84.061      0.252    1445.26    1445.15  0.000e+00
       8022     83.500     5.9455     5.9323    -0.0133    1.16239    1.15682          1     0.0797     0.0649       9.97     0.0508  2.032e+03  1.000e-12  1.990e+00    10.7107    10.6595    -0.0513     8.4163     8.3767     82.709     84.566      0.247    1445.31    1445.19  0.000e+00
       8072     84.000     5.9588     5.9360    -0.0228    1.16512    1.15836          1     0.0792     0.0642       9.97     0.0507 -1.629e+01  1.000e-12  2.031e+00    10.7336    10.6735    -0.0601     8.4335     8.3876     83.205     85.071      0.235    1445.40    1445.23  0.000e+00
       8121     84.500     5.9754     5.9465    -0.0289    1.16808    1.16086          1     0.0796     0.0603       9.97     0.0506  4.924e-11  1.000e-12  2.031e+00    10.7577    10.6950    -0.0627     8.4514     8.4038     83.700     85.576      0.270    1445.51    1445.31  0.000e+00
