ctdpy/tests/etc/all_smhi_bas_2018/SBE09_0827_20180228_1118_26_01_0333.cnv
* Sea-Bird SBE 9 Data File:
* FileName = D:\CTD_SBE911\DAT\26DA.2018.3.33.hex
* Software Version Seasave V 7.21d
* Temperature SN = 034757
* Conductivity SN = 041844
* Number of Bytes Per Scan = 48
* Number of Voltage Words = 5
* Number of Scans Averaged by the Deck Unit = 1
* NMEA Latitude = 57 01.87 N
* NMEA Longitude = 017 54.21 E
* NMEA UTC (Time) = Feb 28 2018  11:19:10
* NMEA baud rate = 4800
** Ship: DANA
** Average sound velocity: 1428.66 m/s
** True-depth calculation Tue, 02 Apr 2019 12:08:13 +0000
** CTD Python Module SMHI /ver 3-12/ feb 2012 
** LIMS Job: 20182601-0333
** Operator:
** Cruise: 02/2018
# nquan = 26
# nvalues = 151                         
# units = specified
# name 0 = scan: Scan Count
# name 1 = prDM: Pressure, Digiquartz [db]
# name 2 = t090C: Temperature [ITS-90, deg C]
# name 3 = t190C: Temperature, 2 [ITS-90, deg C]
# name 4 = T2-T190C: Temperature Difference, 2 - 1 [ITS-90, deg C]
# name 5 = c0S/m: Conductivity [S/m]
# name 6 = c1S/m: Conductivity, 2 [S/m]
# name 7 = pumps: Pump Status
# name 8 = sbeox1ML/L: Oxygen, SBE 43, 2 [ml/l]
# name 9 = sbeox0ML/L: Oxygen, SBE 43 [ml/l]
# name 10 = altM: Altimeter [m]
# name 11 = chloroflTC0: Chlorophyll, Turner Cyclops [ug/l]
# name 12 = cpar: CPAR/Corrected Irradiance [%]
# name 13 = par: PAR/Irradiance, Biospherical/Lico [µE/(cm^2*s)]
# name 14 = spar: SPAR, Biospherical/Licor
# name 15 = sal00: Salinity, Practical [PSU]
# name 16 = sal11: Salinity, Practical, 2 [PSU]
# name 17 = secS-priS: Salinity, Practical, Difference, 2 - 1 [PSU]
# name 18 = sigma-t00: Density [sigma-t, kg/m^3 ]
# name 19 = sigma-t11: Density, 2 [sigma-t, kg/m^3 ]
# name 20 = depSM: Depth [salt water, m], lat = 57.0312
# name 21 = depFM: Depth [true depth, m], lat = 57.0312
# name 22 = dz/dtM: Descent Rate [m/s], WS = 2
# name 23 = svCM: Sound Velocity [Chen-Millero, m/s]
# name 24 = svCM1: Sound Velocity, 2 [Chen-Millero, m/s]
# name 25 = flag: flag
# span 0 =        164,       7734       
# span 1 =      2.000,     77.000       
# span 2 =     2.4258,     5.1039       
# span 3 =     2.4226,     5.1042       
# span 4 =    -0.0203,     0.5340       
# span 5 =   0.735911,   0.929969       
# span 6 =   0.735168,   0.929257       
# span 7 =          1,          1       
# span 8 =     2.6595,     8.6820       
# span 9 =     2.6005,     8.6341       
# span 10 =       1.37,      10.00      
# span 11 =     0.0111,     0.0146      
# span 12 = -2.003e-04, 7.8753e+00      
# span 13 = -1.029e-03, 3.7264e+01      
# span 14 = 4.7318e+02, 5.5047e+02      
# span 15 =     7.2993,     8.6438      
# span 16 =     7.2918,     8.6365      
# span 17 =    -0.0258,     0.0884      
# span 18 =     5.8218,     6.8318      
# span 19 =     5.8158,     6.8261      
# span 20 =      1.982,     76.278      
# span 21 =      2.025,     77.954      
# span 22 =     -0.125,      0.613      
# span 23 =    1423.96,    1438.81      
# span 24 =    1423.95,    1438.80      
# span 25 = 0.0000e+00, 0.0000e+00      
# interval = decibars: 0.5              
# start_time = Feb 28 2018 11:19:11 [NMEA time, first data scan]
# bad_flag = -9.990e-29
*END*
[from data line 112]
       5447     58.000     5.0426     5.0872     0.0447    0.87701    0.87953          1     4.8720     4.5065       9.95     0.0122  1.847e-13  1.000e-12  5.413e+02     8.1242     8.1385     0.0142     6.4221     6.4314     57.459     58.732      0.309    1437.73    1437.94  0.000e+00
       5494     58.500     5.0514     5.0706     0.0191    0.88195    0.88223          1     4.5364     4.3396       9.95     0.0122  1.844e-13  1.000e-12  5.423e+02     8.1712     8.1693    -0.0019     6.4589     6.4566     57.954     59.238      0.268    1437.83    1437.91  0.000e+00
       5530     59.000     5.0397     5.0451     0.0054    0.88782    0.88982          1     4.3849     4.1253       9.95     0.0122  1.844e-13  1.000e-12  5.422e+02     8.2326     8.2511     0.0185     6.5079     6.5223     58.450     59.744      0.353    1437.87    1437.91  0.000e+00
       5582     59.500     5.0573     5.0803     0.0230    0.89766    0.89956          1     4.0245     3.7993       9.95     0.0124  1.841e-13  1.000e-12  5.432e+02     8.3263     8.3395     0.0132     6.5813     6.5908     58.945     60.250      0.239    1438.07    1438.19  0.000e+00
       5644     60.000     5.0431     5.0386    -0.0045    0.90346    0.90304          1     3.7404     3.5602       9.95     0.0123  1.837e-13  1.000e-12  5.443e+02     8.3877     8.3847    -0.0030     6.6305     6.6283     59.440     60.756      0.431    1438.09    1438.07  0.000e+00
       5666     60.500     5.0398     5.0506     0.0108    0.90624    0.90610          1     3.6582     3.4634       9.95     0.0126  1.837e-13  1.000e-12  5.443e+02     8.4162     8.4121    -0.0041     6.6532     6.6495     59.935     61.262      0.481    1438.12    1438.17  0.000e+00
       5706     61.000     5.0581     5.0887     0.0307    0.91103    0.91630          1     3.4360     3.2822       9.95     0.0124  1.836e-13  1.000e-12  5.448e+02     8.4595     8.5043     0.0448     6.6866     6.7207     60.431     61.768      0.269    1438.27    1438.46  0.000e+00
       5799     61.500     5.1039     5.1042     0.0004    0.92585    0.92560          1     2.9882     2.8521       9.95     0.0134  1.824e-13  1.000e-12  5.483e+02     8.5958     8.5932    -0.0025     6.7924     6.7904     60.926     62.273      0.361    1438.65    1438.65  0.000e+00
       5821     62.000     5.0936     5.0789    -0.0147    0.92753    0.92708          1     2.9041     2.7699       9.95     0.0133  1.824e-13  1.000e-12  5.483e+02     8.6152     8.6145    -0.0007     6.8082     6.8083     61.421     62.779      0.545    1438.64    1438.57  0.000e+00
       5842     62.500     5.0817     5.0792    -0.0024    0.92798    0.92719          1     2.8453     2.7334       9.95     0.0134  1.823e-13  1.000e-12  5.484e+02     8.6227     8.6154    -0.0072     6.8146     6.8090     61.916     63.285      0.561    1438.60    1438.58  0.000e+00
       5866     63.000     5.0791     5.0806     0.0015    0.92808    0.92722          1     2.8100     2.7225       9.95     0.0134  1.817e-13  1.000e-12  5.504e+02     8.6242     8.6152    -0.0090     6.8160     6.8088     62.412     63.791      0.359    1438.60    1438.59  0.000e+00
       5990     63.500     5.0742     5.0753     0.0011    0.92830    0.92736          1     2.7729     2.7362       9.95     0.0138  1.820e-13  1.000e-12  5.494e+02     8.6277     8.6180    -0.0097     6.8189     6.8112     62.907     64.297      0.256    1438.59    1438.59  0.000e+00
       6026     64.000     5.0713     5.0722     0.0009    0.92854    0.92762          1     2.7632     2.7265       9.95     0.0134  1.817e-13  1.000e-12  5.504e+02     8.6307     8.6213    -0.0094     6.8215     6.8140     63.402     64.803      0.475    1438.59    1438.58  0.000e+00
       6047     64.500     5.0681     5.0676    -0.0004    0.92876    0.92810          1     2.7545     2.7156       9.95     0.0135  1.817e-13  1.000e-12  5.504e+02     8.6337     8.6272    -0.0065     6.8239     6.8189     63.898     65.308      0.590    1438.59    1438.58  0.000e+00
       6067     65.000     5.0674     5.0677     0.0003    0.92890    0.92815          1     2.7417     2.7026       9.95     0.0135  1.817e-13  1.000e-12  5.504e+02     8.6352     8.6277    -0.0075     6.8251     6.8192     64.393     65.814      0.547    1438.59    1438.59  0.000e+00
       6129     65.500     5.0659     5.0676     0.0018    0.92898    0.92825          1     2.7210     2.6928       9.95     0.0137  1.817e-13  1.000e-12  5.505e+02     8.6364     8.6285    -0.0078     6.8262     6.8199     64.888     66.320      0.317    1438.60    1438.60  0.000e+00
       6201     66.000     5.0665     5.0677     0.0012    0.92910    0.92828          1     2.7082     2.6827       9.95     0.0140  1.817e-13  1.000e-12  5.504e+02     8.6373     8.6288    -0.0085     6.8269     6.8201     65.383     66.826      0.407    1438.61    1438.60  0.000e+00
       6231     66.500     5.0670     5.0679     0.0009    0.92913    0.92837          1     2.7084     2.6809       9.95     0.0146  1.817e-13  1.000e-12  5.504e+02     8.6374     8.6295    -0.0079     6.8269     6.8207     65.878     67.332      0.373    1438.62    1438.61  0.000e+00
       6268     67.000     5.0672     5.0683     0.0012    0.92924    0.92857          1     2.7060     2.6773       9.95     0.0143  1.818e-13  1.000e-12  5.502e+02     8.6384     8.6314    -0.0070     6.8277     6.8221     66.374     67.837      0.267    1438.63    1438.63  0.000e+00
       6346     67.500     5.0672     5.0682     0.0011    0.92937    0.92862          1     2.6929     2.6599       9.95     0.0135  1.822e-13  1.000e-12  5.489e+02     8.6396     8.6318    -0.0077     6.8286     6.8225     66.869     68.343      0.291    1438.64    1438.63  0.000e+00
       6382     68.000     5.0677     5.0684     0.0006    0.92943    0.92864          1     2.6938     2.6647       9.95     0.0136  1.824e-13  1.000e-12  5.483e+02     8.6400     8.6319    -0.0080     6.8289     6.8225     67.364     68.849      0.458    1438.65    1438.64  0.000e+00
       6409     68.500     5.0679     5.0684     0.0005    0.92943    0.92867          1     2.6921     2.6572       9.94     0.0140  1.824e-13  1.000e-12  5.483e+02     8.6398     8.6321    -0.0077     6.8288     6.8227     67.859     69.355      0.384    1438.66    1438.65  0.000e+00
       6457     69.000     5.0676     5.0683     0.0007    0.92942    0.92865          1     2.6917     2.6588       9.64     0.0142  1.826e-13  1.000e-12  5.478e+02     8.6397     8.6319    -0.0079     6.8287     6.8225     68.355     69.861      0.217    1438.67    1438.66  0.000e+00
       6508     69.500     5.0679     5.0687     0.0008    0.92946    0.92876          1     2.6934     2.6517       9.13     0.0142  1.831e-13  1.000e-12  5.461e+02     8.6399     8.6327    -0.0072     6.8289     6.8232     68.850     70.367      0.242    1438.68    1438.67  0.000e+00
       6588     70.000     5.0680     5.0691     0.0011    0.92957    0.92887          1     2.6863     2.6457       8.61     0.0137  1.841e-13  1.000e-12  5.432e+02     8.6409     8.6337    -0.0073     6.8297     6.8239     69.345     70.872      0.264    1438.69    1438.68  0.000e+00
       6627     70.500     5.0693     5.0701     0.0008    0.92975    0.92900          1     2.6858     2.6337       8.11     0.0145  1.844e-13  1.000e-12  5.422e+02     8.6424     8.6347    -0.0077     6.8308     6.8246     69.840     71.378      0.447    1438.70    1438.70  0.000e+00
       6652     71.000     5.0702     5.0704     0.0003    0.92989    0.92913          1     2.6802     2.6297       7.57     0.0143  1.844e-13  1.000e-12  5.422e+02     8.6434     8.6358    -0.0077     6.8316     6.8255     70.336     71.884      0.466    1438.71    1438.70  0.000e+00
       6682     71.500     5.0702     5.0709     0.0007    0.92990    0.92921          1     2.6692     2.6265       7.05     0.0140  1.846e-13  1.000e-12  5.419e+02     8.6435     8.6364    -0.0071     6.8316     6.8260     70.831     72.390      0.306    1438.72    1438.72  0.000e+00
       6761     72.000     5.0700     5.0708     0.0008    0.92993    0.92922          1     2.6675     2.6189       6.55     0.0143  1.856e-13  1.000e-12  5.389e+02     8.6437     8.6364    -0.0073     6.8318     6.8260     71.326     72.896      0.292    1438.73    1438.72  0.000e+00
       6796     72.500     5.0705     5.0708     0.0003    0.92995    0.92924          1     2.6691     2.6233       6.06     0.0139  1.863e-13  1.000e-12  5.369e+02     8.6438     8.6365    -0.0073     6.8318     6.8261     71.821     73.401      0.453    1438.74    1438.73  0.000e+00
       6823     73.000     5.0705     5.0706     0.0001    0.92995    0.92922          1     2.6668     2.6255       5.54     0.0141  1.865e-13  1.000e-12  5.361e+02     8.6437     8.6363    -0.0074     6.8317     6.8259     72.317     73.907      0.361    1438.75    1438.74  0.000e+00
       6932     73.500     5.0699     5.0707     0.0008    0.92994    0.92925          1     2.6646     2.6236       4.99     0.0133  1.888e-13  1.000e-12  5.297e+02     8.6437     8.6365    -0.0072     6.8318     6.8261     72.812     74.413      0.348    1438.75    1438.75  0.000e+00
       6952     74.000     5.0705     5.0709     0.0004    0.92997    0.92926          1     2.6657     2.6212       4.50     0.0137  1.890e-13  1.000e-12  5.291e+02     8.6437     8.6365    -0.0072     6.8318     6.8261     73.307     74.919      0.613    1438.76    1438.75  0.000e+00
       6970     74.500     5.0704     5.0706     0.0001    0.92996    0.92923          1     2.6654     2.6182       4.00     0.0139  1.894e-13  1.000e-12  5.280e+02     8.6436     8.6362    -0.0074     6.8317     6.8258     73.802     75.425      0.591    1438.77    1438.76  0.000e+00
       7012     75.000     5.0701     5.0705     0.0004    0.92995    0.92923          1     2.6625     2.6182       3.45     0.0145  1.896e-13  1.000e-12  5.274e+02     8.6435     8.6362    -0.0073     6.8316     6.8258     74.297     75.931      0.320    1438.78    1438.77  0.000e+00
       7091     75.500     5.0704     5.0705     0.0001    0.92996    0.92924          1     2.6595     2.6099       2.92     0.0145  1.908e-13  1.000e-12  5.241e+02     8.6435     8.6362    -0.0073     6.8316     6.8258     74.793     76.436      0.306    1438.79    1438.78  0.000e+00
       7283     76.000     5.0704     5.0705     0.0001    0.92995    0.92925          1     2.6621     2.6086       2.42     0.0138  1.936e-13  1.000e-12  5.165e+02     8.6432     8.6363    -0.0070     6.8314     6.8259     75.288     76.942      0.312    1438.79    1438.78  0.000e+00
       7565     76.500     5.0704     5.0704    -0.0000    0.92994    0.92923          1     2.6601     2.6078       1.89     0.0146  1.984e-13  1.000e-12  5.041e+02     8.6431     8.6360    -0.0071     6.8313     6.8257     75.783     77.448      0.279    1438.80    1438.79  0.000e+00
       7734     77.000     5.0702     5.0702     0.0001    0.92992    0.92923          1     2.6619     2.6005       1.37     0.0137  2.013e-13  1.000e-12  4.966e+02     8.6429     8.6359    -0.0069     6.8311     6.8256     76.278     77.954     -0.125    1438.81    1438.80  0.000e+00
