ctdpy/tests/etc/all_smhi_bas_2018/SBE09_1044_20180203_2209_34_02_0056.cnv
* Sea-Bird SBE 9 Data File:
* FileName = C:\ctd\temp\2018\ME18D056.hex
* Software Version Seasave V 7.26.6.26
* Temperature SN = 5351
* Conductivity SN = 3941
* Number of Bytes Per Scan = 41
* Number of Voltage Words = 4
* Number of Scans Averaged by the Deck Unit = 1
* NMEA Latitude = 58 16.04 N
* NMEA Longitude = 010 43.44 E
* NMEA UTC (Time) = Feb 03 2018  22:09:49
* NMEA baud rate = 4800
** Station:  A16
** Operator:  SSip
** Ship: MERI
** Average sound velocity: 1477.66 m/s
** True-depth calculation Sun, 04 Feb 2018 01:43:40 +0000
** CTD Python Module SMHI /ver 3-12/ feb 2012 
** LIMS Job: 20183402-0056
** Cruise: SMHI-01-2018
** Latitude [GG MM.mm N] :
** Longitude [GG MM.mm E]:
# nquan = 26
# nvalues = 398                         
# units = specified
# name 0 = scan: Scan Count
# name 1 = prDM: Pressure, Digiquartz [db]
# name 2 = t090C: Temperature [ITS-90, deg C]
# name 3 = t190C: Temperature, 2 [ITS-90, deg C]
# name 4 = T2-T190C: Temperature Difference, 2 - 1 [ITS-90, deg C]
# name 5 = c0S/m: Conductivity [S/m]
# name 6 = c1S/m: Conductivity, 2 [S/m]
# name 7 = pumps: Pump Status
# name 8 = sbeox0ML/L: Oxygen, SBE 43 [ml/l]
# name 9 = sbeox1ML/L: Oxygen, SBE 43, 2 [ml/l]
# name 10 = altM: Altimeter [m]
# name 11 = flECO-AFL: Chl-a Fluorescence, WET Labs ECO-AFL/FL [mg/m^3]
# name 12 = flECO-AFL1: Phycocyanin Fluorescence, WET Labs ECO-AFL/FL, 2 [mg/m^3]
# name 13 = par: PAR/Irradiance, Biospherical/Lico [µE/(cm^2*s)]
# name 14 = turbWETntu0: Turbidity, WET Labs ECO [NTU]
# name 15 = sal00: Salinity, Practical [PSU]
# name 16 = sal11: Salinity, Practical, 2 [PSU]
# name 17 = secS-priS: Salinity, Practical, Difference, 2 - 1 [PSU]
# name 18 = sigma-t00: Density [sigma-t, Kg/m^3 ]
# name 19 = sigma-t11: Density, 2 [sigma-t, Kg/m^3 ]
# name 20 = depSM: Depth [salt water, m], lat = 58.2673
# name 21 = depFM: Depth [true depth, m], lat = 58.2673
# name 22 = dz/dtM: Descent Rate [m/s], WS = 2
# name 23 = svCM: Sound Velocity [Chen-Millero, m/s]
# name 24 = svCM1: Sound Velocity, 2 [Chen-Millero, m/s]
# name 25 = flag: flag
# span 0 =       3533,      11442       
# span 1 =      1.500,    200.000       
# span 2 =     4.4074,     7.1306       
# span 3 =     4.4070,     7.1302       
# span 4 =    -0.1439,     0.0343       
# span 5 =   2.923300,   3.527743       
# span 6 =   2.923380,   3.527848       
# span 7 =          1,          1       
# span 8 =    6.05426,    7.00694       
# span 9 =    6.07067,    7.01260       
# span 10 =       1.46,     100.13      
# span 11 =     0.1031,     0.9325      
# span 12 =     0.2378,     0.4356      
# span 13 = -2.806e-05, 1.7245e-01      
# span 14 =     0.2398,     1.2129      
# span 15 =    30.6836,    34.9233      
# span 16 =    30.6851,    34.9246      
# span 17 =    -0.1361,     0.0448      
# span 18 =    24.3124,    27.4269      
# span 19 =    24.3134,    27.4279      
# span 20 =      1.486,    198.046      
# span 21 =      1.492,    198.340      
# span 22 =     -0.008,      1.289      
# span 23 =    1462.82,    1479.89      
# span 24 =    1462.82,    1479.90      
# span 25 = 0.0000e+00, 0.0000e+00      
# interval = decibars: 0.5              
# start_time = Feb 03 2018 22:09:50 [NMEA time, first data scan]
# bad_flag = -9.990e-29
*END*
       3533      1.500     4.4107     4.4096    -0.0011    2.92362    2.92364          1     6.9728     7.0126       1.56     0.8107     0.3948  1.724e-01  0.5220000    30.6892    30.6904     0.0012    24.3193    24.3204      1.486      1.492      0.235    1462.82    1462.82  0.000e+00
       3570      2.000     4.4074     4.4070    -0.0003    2.92330    2.92338          1     6.9752     7.0086       1.53     0.7969     0.3682  1.069e-01  0.5319000    30.6883    30.6895     0.0012    24.3190    24.3200      1.981      1.989      0.845    1462.82    1462.82  0.000e+00
       3580      2.500     4.4114     4.4100    -0.0015    2.92364    2.92364          1     6.9861     7.0021       1.46     0.8427     0.3698  9.159e-02  0.5877000    30.6883    30.6896     0.0013    24.3185    24.3197      2.477      2.486      1.007    1462.84    1462.84  0.000e+00
       3590      3.000     4.4158     4.4105    -0.0053    2.92408    2.92372          1     6.9969     6.9990      84.16     0.8550     0.3730  8.621e-02  0.5990000    30.6891    30.6898     0.0007    24.3187    24.3198      2.972      2.983      0.953    1462.87    1462.85  0.000e+00
       3605      3.500     4.4203     4.4162    -0.0041    2.92445    2.92421          1     7.0069     6.9959      98.66     0.8030     0.3824  6.349e-02  0.6084000    30.6889    30.6899     0.0010    24.3181    24.3194      3.467      3.480      0.758    1462.90    1462.88  0.000e+00
       3623      4.000     4.4241     4.4222    -0.0018    2.92484    2.92479          1     7.0016     6.9914      98.68     0.8063     0.4026  3.071e-02  0.6067000    30.6897    30.6907     0.0010    24.3184    24.3194      3.963      3.977      0.670    1462.92    1462.91  0.000e+00
       3641      4.500     4.4279     4.4284     0.0005    2.92502    2.92518          1     6.9910     6.9800      98.68     0.8537     0.3814  2.796e-02  0.5983000    30.6879    30.6894     0.0014    24.3166    24.3177      4.458      4.475      0.673    1462.94    1462.95  0.000e+00
       3659      5.000     4.4304     4.4298    -0.0005    2.92520    2.92526          1     6.9922     6.9783      98.68     0.8884     0.3870  1.671e-05  0.5780000    30.6874    30.6887     0.0012    24.3160    24.3170      4.953      4.972      0.743    1462.96    1462.96  0.000e+00
       3674      5.500     4.4265     4.4281     0.0016    2.92512    2.92531          1     6.9950     6.9846      98.68     0.8855     0.4071 -2.806e-05  0.5778000    30.6899    30.6907     0.0007    24.3183    24.3188      5.449      5.469      0.854    1462.95    1462.97  0.000e+00
       3687      6.000     4.4365     4.4374     0.0011    2.92541    2.92560          1     6.9882     6.9878      98.68     0.8437     0.4196  1.000e-12  0.5931000    30.6836    30.6851     0.0014    24.3124    24.3134      5.944      5.966      0.975    1463.00    1463.00  0.000e+00
       3699      6.500     4.4433     4.4503     0.0069    2.92624    2.92716          1     6.9764     6.9807      98.68     0.8431     0.4356  1.000e-12  0.5916000    30.6867    30.6909     0.0042    24.3142    24.3167      6.440      6.463      1.061    1463.04    1463.07  0.000e+00
       3709      7.000     4.4531     4.4523    -0.0007    2.92744    2.92740          1     6.9711     6.9769      98.68     0.8330     0.4286  1.000e-12  0.5804000    30.6913    30.6916     0.0004    24.3168    24.3171      6.935      6.960      1.107    1463.09    1463.09  0.000e+00
       3720      7.500     4.4551     4.4560     0.0009    2.92773    2.92793          1     6.9711     6.9690      98.68     0.8274     0.3851  1.000e-12  0.5829000    30.6925    30.6940     0.0015    24.3176    24.3186      7.430      7.458      1.101    1463.11    1463.12  0.000e+00
       3731      8.000     4.4561     4.4548    -0.0012    2.92786    2.92780          1     6.9800     6.9698      98.68     0.8065     0.3895  1.000e-12  0.5800000    30.6928    30.6933     0.0005    24.3177    24.3182      7.925      7.955      1.019    1463.12    1463.12  0.000e+00
       3743      8.500     4.4559     4.4547    -0.0011    2.92787    2.92778          1     6.9917     6.9691      98.68     0.7971     0.4019  1.000e-12  0.5814000    30.6929    30.6930     0.0001    24.3178    24.3180      8.421      8.452      0.829    1463.13    1463.13  0.000e+00
       3763      9.000     4.4563     4.4583     0.0020    2.92801    2.92842          1     6.9937     6.9628      98.68     0.8172     0.4112  1.000e-12  0.5760000    30.6939    30.6967     0.0029    24.3186    24.3206      8.916      8.949      0.541    1463.14    1463.15  0.000e+00
       3790      9.500     4.4615     4.4608    -0.0007    2.92875    2.92873          1     6.9652     6.9402      98.68     0.9191     0.4220  1.000e-12  0.5701000    30.6974    30.6978     0.0005    24.3208    24.3212      9.412      9.446      0.512    1463.18    1463.17  0.000e+00
       3809     10.000     4.4628     4.4629     0.0002    2.92904    2.92907          1     6.9786     6.9542      98.68     0.9325     0.4236  1.000e-12  0.5669000    30.6992    30.6996     0.0003    24.3222    24.3224      9.907      9.944      0.743    1463.20    1463.19  0.000e+00
       3823     10.500     4.4604     4.4613     0.0007    2.92878    2.92897          1     6.9892     6.9609      98.68     0.9318     0.3951  1.000e-12  0.5678000    30.6983    30.6997     0.0014    24.3217    24.3227     10.402     10.441      0.900    1463.19    1463.20  0.000e+00
       3836     11.000     4.4523     4.4499    -0.0025    2.92797    2.92768          1     6.9991     6.9614      98.68     0.8416     0.3917  1.000e-12  0.5790000    30.6962    30.6950    -0.0011    24.3208    24.3201     10.898     10.938      0.948    1463.16    1463.15  0.000e+00
       3848     11.500     4.4833     4.5175     0.0343    2.93430    2.94093          1     6.9907     6.9521      98.68     0.8267     0.3554  1.000e-12  0.5809000    30.7403    30.7851     0.0448    24.3527    24.3848     11.393     11.435      0.877    1463.36    1463.56  0.000e+00
       3863     12.000     4.4833     4.5040     0.0206    2.93429    2.93749          1     6.9949     6.9512      98.68     0.8011     0.3496  1.000e-12  0.5605000    30.7399    30.7577     0.0178    24.3524    24.3644     11.888     11.932      0.701    1463.36    1463.47  0.000e+00
       3885     12.500     4.4651     4.4675     0.0024    2.93065    2.93112          1     6.9531     6.9035      98.68     0.8265     0.3816  1.000e-12  0.5655000    30.7145    30.7178     0.0033    24.3341    24.3364     12.383     12.429      0.493    1463.26    1463.28  0.000e+00
       3913     13.000     4.4586     4.4558    -0.0030    2.92965    2.92942          1     6.8710     6.8299      98.68     0.9227     0.3394  1.000e-12  0.5817000    30.7088    30.7088    -0.0000    24.3302    24.3305     12.879     12.927      0.470    1463.24    1463.23  0.000e+00
       3935     13.500     4.4583     4.4595     0.0014    2.92942    2.92963          1     6.9206     6.9126      98.67     0.9294     0.4222  1.000e-12  0.5816000    30.7062    30.7075     0.0014    24.3281    24.3291     13.374     13.424      0.660    1463.24    1463.25  0.000e+00
       3951     14.000     4.5537     4.5709     0.0172    2.94771    2.95122          1     6.9416     6.9696      98.67     0.9073     0.3565  1.000e-12  0.5761000    30.8283    30.8528     0.0245    24.4155    24.4331     13.870     13.921      0.805    1463.80    1463.90  0.000e+00
       3965     14.500     4.7822     4.8149     0.0325    2.99069    2.99660          1     6.8489     6.9119      98.67     0.8008     0.3296  1.000e-12  0.5683000    31.1093    31.1466     0.0372    24.6149    24.6409     14.365     14.418      0.862    1465.11    1465.30  0.000e+00
       3979     15.000     5.0599     5.0807     0.0219    3.04067    3.04392          1     6.7413     6.8023      98.67     0.7870     0.3427  1.000e-12  0.5617000    31.4209    31.4385     0.0176    24.8323    24.8441     14.860     14.915      0.833    1466.66    1466.77  0.000e+00
       3994     15.500     5.2639     5.2868     0.0223    3.07771    3.08201          1     6.6721     6.7443      98.67     0.6661     0.3455  1.000e-12  0.4870000    31.6502    31.6774     0.0273    24.9914    25.0105     15.355     15.412      0.721    1467.80    1467.92  0.000e+00
       4013     16.000     5.2978     5.2974    -0.0006    3.08183    3.08264          1     6.6646     6.7090      98.67     0.6159     0.3473  1.000e-12  0.4571000    31.6647    31.6744     0.0097    24.9992    25.0069     15.851     15.909      0.540    1467.96    1467.97  0.000e+00
       4040     16.500     5.4939     5.4866    -0.0072    3.11891    3.11678          1     6.6125     6.6543      98.67     0.5986     0.3847  1.000e-12  0.4296000    31.8985    31.8813    -0.0173    25.1618    25.1490     16.346     16.406      0.423    1469.06    1469.01  0.000e+00
       4068     17.000     5.8569     5.7134    -0.1439    3.18249    3.15819          1     6.5514     6.5686      98.66     0.5936     0.3272  1.000e-12  0.3919000    32.2694    32.1333    -0.1361    25.4126    25.3222     16.841     16.902      0.525    1471.00    1470.25  0.000e+00
       4088     17.500     5.9856     5.9605    -0.0243    3.20717    3.20199          1     6.5156     6.5508      98.66     0.5162     0.3493  1.000e-12  0.3550000    32.4231    32.3890    -0.0340    25.5185    25.4947     17.337     17.399      0.650    1471.72    1471.58  0.000e+00
       4105     18.000     6.1134     6.1353     0.0215    3.23521    3.24073          1     6.4645     6.5049      98.66     0.4520     0.3142  1.000e-12  0.3375000    32.6136    32.6541     0.0406    25.6532    25.6826     17.832     17.895      0.706    1472.48    1472.62  0.000e+00
       4121     18.500     6.3005     6.2977    -0.0029    3.28184    3.28090          1     6.4147     6.4408      98.66     0.3986     0.2836  1.000e-12  0.3269000    32.9528    32.9451    -0.0078    25.8977    25.8919     18.327     18.392      0.707    1473.65    1473.63  0.000e+00
       4139     19.000     6.3948     6.3915    -0.0032    3.30771    3.30743          1     6.4012     6.4179      98.66     0.3539     0.3364  1.000e-12  0.3076000    33.1489    33.1489     0.0000    26.0403    26.0408     18.823     18.888      0.683    1474.28    1474.27  0.000e+00
       4157     19.500     6.4361     6.4344    -0.0017    3.31502    3.31487          1     6.3823     6.4059      98.66     0.3210     0.3284  1.000e-12  0.2913000    33.1897    33.1896    -0.0000    26.0672    26.0674     19.318     19.385      0.668    1474.50    1474.50  0.000e+00
       4175     20.000     6.5008     6.5025     0.0017    3.33257    3.33309          1     6.3529     6.3842      98.66     0.3302     0.3144  1.000e-12  0.2962000    33.3210    33.3251     0.0041    26.1625    26.1654     19.813     19.881      0.659    1474.93    1474.95  0.000e+00
       4193     20.500     6.5923     6.5918    -0.0005    3.36876    3.36864          1     6.3486     6.3632      98.66     0.2873     0.3270  1.000e-12  0.2829000    33.6324    33.6315    -0.0009    26.3961    26.3954     20.309     20.377      0.612    1475.69    1475.69  0.000e+00
       4215     21.000     6.5997     6.5993    -0.0004    3.37636    3.37651          1     6.3647     6.3517      98.66     0.2530     0.3062  1.000e-12  0.2782000    33.7090    33.7111     0.0021    26.4555    26.4572     20.804     20.873      0.523    1475.83    1475.83  0.000e+00
       4239     21.500     6.6219     6.6218    -0.0001    3.38695    3.38719          1     6.3653     6.3533      98.65     0.2357     0.3376  1.000e-12  0.2771000    33.8042    33.8069     0.0027    26.5277    26.5298     21.299     21.369      0.487    1476.04    1476.04  0.000e+00
       4263     22.000     6.6313     6.6308    -0.0004    3.38963    3.38971          1     6.3573     6.3545      98.66     0.2410     0.3445  1.000e-12  0.2738000    33.8244    33.8257     0.0013    26.5423    26.5434     21.794     21.866      0.556    1476.11    1476.11  0.000e+00
       4283     22.500     6.6307     6.6302    -0.0004    3.39078    3.39078          1     6.3454     6.3432      98.64     0.2462     0.3336  1.000e-12  0.2723000    33.8374    33.8379     0.0005    26.5527    26.5531     22.290     22.362      0.663    1476.13    1476.13  0.000e+00
       4300     23.000     6.6272     6.6271    -0.0000    3.39155    3.39162          1     6.3504     6.3352      98.64     0.2235     0.3585  1.000e-12  0.2722000    33.8492    33.8500     0.0008    26.5624    26.5630     22.785     22.858      0.723    1476.14    1476.14  0.000e+00
       4316     23.500     6.6204     6.6196    -0.0009    3.39557    3.39563          1     6.3589     6.3425      98.63     0.2358     0.3435  1.000e-12  0.2768000    33.9002    33.9018     0.0016    26.6035    26.6049     23.280     23.354      0.718    1476.19    1476.19  0.000e+00
       4333     24.000     6.6028     6.6022    -0.0006    3.40009    3.40027          1     6.3628     6.3439      98.63     0.2459     0.3386  1.000e-12  0.2861000    33.9676    33.9701     0.0026    26.6590    26.6611     23.776     23.850      0.681    1476.21    1476.21  0.000e+00
       4351     24.500     6.6126     6.6122    -0.0004    3.40872    3.40884          1     6.3671     6.3396      98.63     0.2127     0.4012  1.000e-12  0.3141000    34.0533    34.0551     0.0019    26.7253    26.7268     24.271     24.346      0.623    1476.37    1476.37  0.000e+00
       4372     25.000     6.6164     6.6162    -0.0002    3.41636    3.41644          1     6.3633     6.3386      98.63     0.2114     0.3853  1.000e-12  0.3183000    34.1340    34.1351     0.0011    26.7884    26.7893     24.766     24.842      0.525    1476.49    1476.49  0.000e+00
       4397     25.500     6.6215     6.6211    -0.0004    3.42110    3.42122          1     6.3647     6.3455      98.64     0.2114     0.3618  1.000e-12  0.3155000    34.1813    34.1830     0.0017    26.8251    26.8264     25.262     25.338      0.491    1476.58    1476.58  0.000e+00
       4420     26.000     6.6410     6.6402    -0.0008    3.42885    3.42898          1     6.3713     6.3416      98.63     0.2114     0.3633  1.000e-12  0.3121000    34.2475    34.2498     0.0023    26.8747    26.8766     25.757     25.834      0.569    1476.74    1476.75  0.000e+00
       4440     26.500     6.6645     6.6645    -0.0001    3.43701    3.43718          1     6.3587     6.3289      98.64     0.2072     0.3512  1.000e-12  0.3131000    34.3142    34.3161     0.0019    26.9241    26.9256     26.252     26.330      0.601    1476.93    1476.93  0.000e+00
       4460     27.000     6.6715     6.6711    -0.0004    3.44162    3.44172          1     6.3409     6.3211      98.63     0.2005     0.3300  1.000e-12  0.3119000    34.3581    34.3596     0.0015    26.9578    26.9591     26.747     26.826      0.598    1477.02    1477.02  0.000e+00
       4480     27.500     6.6725     6.6727     0.0002    3.44223    3.44256          1     6.3282     6.3159      98.63     0.1759     0.3895  1.000e-12  0.3021000    34.3636    34.3671     0.0034    26.9620    26.9647     27.243     27.322      0.635    1477.04    1477.04  0.000e+00
       4498     28.000     6.6820     6.6815    -0.0004    3.44481    3.44489          1     6.3228     6.3102      98.64     0.1770     0.3500  1.000e-12  0.2942000    34.3824    34.3837     0.0013    26.9756    26.9767     27.738     27.817      0.719    1477.11    1477.11  0.000e+00
       4514     28.500     6.6926     6.6944     0.0018    3.44706    3.44757          1     6.3271     6.3052      98.65     0.1772     0.3152  1.000e-12  0.2916000    34.3965    34.4003     0.0039    26.9852    26.9880     28.233     28.313      0.799    1477.17    1477.19  0.000e+00
