ctdpy/tests/etc/all_smhi_bas_2018/SBE09_1044_20180924_0440_34_01_0045.cnv
* Sea-Bird SBE 9 Data File:
* FileName = C:\ctd\temp\2018\AR18D045.hex
* Software Version Seasave V 7.26.6.26
* Temperature SN = 5351
* Conductivity SN = 3941
* Number of Bytes Per Scan = 41
* Number of Voltage Words = 4
* Number of Scans Averaged by the Deck Unit = 1
* NMEA Latitude = 58 16.03 N
* NMEA Longitude = 010 43.46 E
* NMEA UTC (Time) = Sep 24 2018  04:40:12
* NMEA baud rate = 4800
** Station:  Å16
** Operator:  Obac
** Ship: ARANDA
** Average sound velocity: 1488.62 m/s
** True-depth calculation Mon, 24 Sep 2018 06:38:13 +0000
** CTD Python Module SMHI /ver 3-12/ feb 2012 
** LIMS Job: 20183401-0045
** Cruise: SMHI-02-2018
** Latitude [GG MM.mm N] :
** Longitude [GG MM.mm E]:
# nquan = 26
# nvalues = 401                         
# units = specified
# name 0 = scan: Scan Count
# name 1 = prDM: Pressure, Digiquartz [db]
# name 2 = t090C: Temperature [ITS-90, deg C]
# name 3 = t190C: Temperature, 2 [ITS-90, deg C]
# name 4 = T2-T190C: Temperature Difference, 2 - 1 [ITS-90, deg C]
# name 5 = c0S/m: Conductivity [S/m]
# name 6 = c1S/m: Conductivity, 2 [S/m]
# name 7 = pumps: Pump Status
# name 8 = sbeox0ML/L: Oxygen, SBE 43 [ml/l]
# name 9 = sbeox1ML/L: Oxygen, SBE 43, 2 [ml/l]
# name 10 = altM: Altimeter [m]
# name 11 = flECO-AFL: Chl-a Fluorescence, WET Labs ECO-AFL/FL [mg/m^3]
# name 12 = flECO-AFL1: Phycocyanin Fluorescence, WET Labs ECO-AFL/FL, 2 [mg/m^3]
# name 13 = par: PAR/Irradiance, Biospherical/Lico [µE/(cm^2*s)]
# name 14 = turbWETntu0: Turbidity, WET Labs ECO [NTU]
# name 15 = sal00: Salinity, Practical [PSU]
# name 16 = sal11: Salinity, Practical, 2 [PSU]
# name 17 = secS-priS: Salinity, Practical, Difference, 2 - 1 [PSU]
# name 18 = sigma-t00: Density [sigma-t, Kg/m^3 ]
# name 19 = sigma-t11: Density, 2 [sigma-t, Kg/m^3 ]
# name 20 = depSM: Depth [salt water, m], lat = 58.2672
# name 21 = depFM: Depth [true depth, m], lat = 58.2672
# name 22 = dz/dtM: Descent Rate [m/s], WS = 2
# name 23 = svCM: Sound Velocity [Chen-Millero, m/s]
# name 24 = svCM1: Sound Velocity, 2 [Chen-Millero, m/s]
# name 25 = flag: flag
# span 0 =       9318,      18366       
# span 1 =      2.000,    202.000       
# span 2 =     6.7818,    14.8450       
# span 3 =     6.7833,    14.8458       
# span 4 =    -0.0181,     0.0556       
# span 5 =   3.527833,   4.233862       
# span 6 =   3.527891,   4.233848       
# span 7 =          1,          1       
# span 8 =    4.70301,    5.82411       
# span 9 =    3.24444,    4.41454       
# span 10 =       2.98,      99.78      
# span 11 =     0.0757,     1.0280      
# span 12 =     0.1377,     0.3521      
# span 13 = 1.0000e-12, 1.8114e+00      
# span 14 =     0.1635,     1.5385      
# span 15 =    33.0684,    35.1153      
# span 16 =    33.0682,    35.1146      
# span 17 =    -0.0148,     0.0096      
# span 18 =    24.7735,    27.5398      
# span 19 =    24.7733,    27.5387      
# span 20 =      1.981,    200.026      
# span 21 =      1.988,    200.389      
# span 22 =      0.012,      1.277      
# span 23 =    1481.19,    1506.30      
# span 24 =    1481.20,    1506.30      
# span 25 = 0.0000e+00, 0.0000e+00      
# interval = decibars: 0.5              
# start_time = Sep 24 2018 04:40:12 [NMEA time, first data scan]
# bad_flag = -9.990e-29
*END*
[from data line 168]
      13263     86.000     8.9374     8.9407     0.0033    3.70424    3.70454          1     5.1774     3.3615      97.38     0.3102     0.2358  1.000e-12  0.3811000    34.9111    34.9110    -0.0001    27.0586    27.0579     85.183     85.386      1.047    1487.27    1487.28  0.000e+00
      13274     86.500     8.8745     8.8821     0.0076    3.69765    3.69833          1     5.1288     3.3642      97.38     0.2967     0.2392  1.000e-12  0.3899000    34.9034    34.9032    -0.0002    27.0626    27.0613     85.678     85.882      1.024    1487.04    1487.07  0.000e+00
      13286     87.000     8.8309     8.8325     0.0016    3.69353    3.69361          1     5.0972     3.3649      97.37     0.2850     0.2649  1.000e-12  0.3957000    34.9028    34.9021    -0.0007    27.0691    27.0683     86.174     86.378      0.883    1486.89    1486.89  0.000e+00
      13303     87.500     8.8375     8.8391     0.0016    3.69457    3.69466          1     5.0913     3.3651      97.35     0.2776     0.2716  1.000e-12  0.4339000    34.9070    34.9064    -0.0006    27.0713    27.0706     86.669     86.874      0.596    1486.92    1486.93  0.000e+00
      13339     88.000     8.8391     8.8454     0.0063    3.69487    3.69559          1     5.1031     3.3776      97.36     0.3044     0.2491  1.000e-12  0.4375000    34.9085    34.9097     0.0013    27.0722    27.0722     87.164     87.370      0.268    1486.94    1486.96  0.000e+00
      13382     88.500     8.8020     8.8081     0.0062    3.69102    3.69162          1     5.0640     3.3892      97.37     0.2826     0.2493  1.000e-12  0.3994000    34.9042    34.9045     0.0004    27.0747    27.0741     87.659     87.866      0.471    1486.81    1486.83  0.000e+00
      13401     89.000     8.7739     8.7785     0.0045    3.68809    3.68853          1     5.0273     3.3872      97.38     0.2899     0.2781  1.000e-12  0.4288000    34.9008    34.9008     0.0001    27.0765    27.0759     88.154     88.361      0.720    1486.71    1486.72  0.000e+00
      13415     89.500     8.7583     8.7623     0.0041    3.68644    3.68674          1     4.9995     3.3909      97.39     0.3095     0.2080  1.000e-12  0.4528000    34.8986    34.8977    -0.0009    27.0773    27.0760     88.649     88.857      0.852    1486.65    1486.67  0.000e+00
      13428     90.000     8.7194     8.7237     0.0044    3.68272    3.68303          1     4.9794     3.3924      97.38     0.3169     0.2085  1.000e-12  0.4685000    34.8973    34.8964    -0.0010    27.0825    27.0810     89.145     89.353      0.894    1486.52    1486.53  0.000e+00
      13442     90.500     8.6798     8.6846     0.0048    3.67939    3.67970          1     4.9594     3.3908      97.36     0.3221     0.2343  1.000e-12  0.4763000    34.9010    34.8996    -0.0014    27.0916    27.0897     89.640     89.849      0.851    1486.38    1486.40  0.000e+00
      13457     91.000     8.6545     8.6570     0.0025    3.67710    3.67727          1     4.9419     3.4014      97.39     0.3122     0.2558  1.000e-12  0.5034000    34.9016    34.9008    -0.0007    27.0960    27.0951     90.135     90.345      0.715    1486.30    1486.31  0.000e+00
      13478     91.500     8.6453     8.6480     0.0027    3.67628    3.67647          1     4.9390     3.4059      97.37     0.2967     0.2881  1.000e-12  0.5193000    34.9016    34.9011    -0.0005    27.0975    27.0967     90.630     90.841      0.456    1486.27    1486.28  0.000e+00
      13524     92.000     8.6300     8.6393     0.0096    3.67510    3.67590          1     4.9580     3.4034      97.37     0.3108     0.2507  1.000e-12  0.4855000    34.9041    34.9033    -0.0008    27.1018    27.0998     91.125     91.337      0.273    1486.22    1486.26  0.000e+00
      13557     92.500     8.6236     8.6296     0.0059    3.67467    3.67508          1     4.9671     3.4021      97.39     0.3231     0.2488  1.000e-12  0.4852000    34.9056    34.9040    -0.0016    27.1040    27.1018     91.620     91.832      0.620    1486.21    1486.23  0.000e+00
      13573     93.000     8.6224     8.6248     0.0024    3.67462    3.67477          1     4.9657     3.4027      97.39     0.3213     0.2080  1.000e-12  0.5108000    34.9060    34.9052    -0.0008    27.1046    27.1036     92.115     92.328      0.844    1486.22    1486.22  0.000e+00
      13586     93.500     8.6225     8.6243     0.0018    3.67468    3.67477          1     4.9658     3.4045      97.38     0.2854     0.2107  1.000e-12  0.5514000    34.9063    34.9055    -0.0008    27.1048    27.1038     92.611     92.824      0.963    1486.23    1486.23  0.000e+00
      13597     94.000     8.6213     8.6233     0.0019    3.67464    3.67477          1     4.9667     3.4063      97.41     0.2857     0.3029  1.000e-12  0.5529000    34.9069    34.9063    -0.0006    27.1054    27.1046     93.106     93.320      0.996    1486.23    1486.24  0.000e+00
      13609     94.500     8.6213     8.6231     0.0018    3.67468    3.67476          1     4.9663     3.4048      97.39     0.3164     0.3082  1.000e-12  0.5021000    34.9070    34.9061    -0.0009    27.1055    27.1045     93.601     93.816      0.937    1486.24    1486.24  0.000e+00
      13623     95.000     8.6227     8.6251     0.0024    3.67484    3.67502          1     4.9647     3.4011      97.38     0.3204     0.2589  1.000e-12  0.5002000    34.9071    34.9066    -0.0005    27.1053    27.1046     94.096     94.311      0.757    1486.25    1486.26  0.000e+00
      13645     95.500     8.6267     8.6281     0.0014    3.67534    3.67540          1     4.9630     3.3985      63.36     0.2900     0.2331  1.000e-12  0.5772000    34.9082    34.9075    -0.0007    27.1056    27.1048     94.591     94.807      0.391    1486.28    1486.28  0.000e+00
      13702     96.000     8.6266     8.6294     0.0028    3.67542    3.67553          1     4.9755     3.4080      99.02     0.3063     0.2049  1.000e-12  0.4881000    34.9089    34.9073    -0.0015    27.1061    27.1045     95.086     95.303      0.363    1486.29    1486.29  0.000e+00
      13723     96.500     8.6269     8.6284     0.0015    3.67554    3.67558          1     4.9645     3.4069      97.38     0.3228     0.2512  1.000e-12  0.5097000    34.9096    34.9085    -0.0011    27.1067    27.1056     95.581     95.799      0.677    1486.30    1486.30  0.000e+00
      13739     97.000     8.6260     8.6275     0.0015    3.67556    3.67564          1     4.9631     3.4043      97.40     0.2898     0.2658  1.000e-12  0.5092000    34.9105    34.9099    -0.0007    27.1075    27.1067     96.076     96.295      0.785    1486.30    1486.31  0.000e+00
      13753     97.500     8.6240     8.6252     0.0011    3.67553    3.67557          1     4.9688     3.4046      97.40     0.2846     0.2372  1.000e-12  0.5098000    34.9119    34.9112    -0.0007    27.1089    27.1082     96.572     96.791      0.777    1486.30    1486.31  0.000e+00
      13770     98.000     8.6211     8.6227     0.0016    3.67537    3.67544          1     4.9719     3.4057      97.40     0.2854     0.2337  1.000e-12  0.5156000    34.9128    34.9121    -0.0007    27.1100    27.1092     97.067     97.286      0.679    1486.30    1486.31  0.000e+00
      13790     98.500     8.6200     8.6215     0.0015    3.67530    3.67536          1     4.9703     3.4060      97.39     0.2779     0.2339  1.000e-12  0.4860000    34.9130    34.9122    -0.0008    27.1104    27.1095     97.562     97.782      0.539    1486.31    1486.31  0.000e+00
      13815     99.000     8.6192     8.6210     0.0018    3.67526    3.67535          1     4.9683     3.4067      97.39     0.2924     0.2242  1.000e-12  0.4810000    34.9131    34.9123    -0.0008    27.1106    27.1097     98.057     98.278      0.487    1486.31    1486.32  0.000e+00
      13838     99.500     8.6188     8.6208     0.0020    3.67527    3.67538          1     4.9727     3.4058      97.41     0.2888     0.2502  1.000e-12  0.5036000    34.9133    34.9125    -0.0008    27.1108    27.1099     98.552     98.774      0.559    1486.32    1486.33  0.000e+00
      13858    100.000     8.6211     8.6221     0.0010    3.67559    3.67559          1     4.9810     3.4037      97.40     0.2908     0.2619  1.000e-12  0.5193000    34.9142    34.9133    -0.0009    27.1112    27.1103     99.047     99.270      0.594    1486.34    1486.34  0.000e+00
      13879    100.500     8.6237     8.6261     0.0024    3.67595    3.67618          1     4.9867     3.4036      97.40     0.3008     0.2506  1.000e-12  0.5214000    34.9152    34.9153     0.0001    27.1115    27.1112     99.542     99.766      0.560    1486.36    1486.37  0.000e+00
      13901    101.000     8.6252     8.6267     0.0015    3.67620    3.67627          1     4.9852     3.4068      97.40     0.3106     0.2407  1.000e-12  0.4986000    34.9162    34.9154    -0.0007    27.1121    27.1112    100.037    100.261      0.511    1486.37    1486.38  0.000e+00
      13925    101.500     8.6259     8.6274     0.0015    3.67633    3.67638          1     4.9948     3.4111      97.39     0.3091     0.2522  1.000e-12  0.5364000    34.9166    34.9156    -0.0010    27.1123    27.1113    100.532    100.757      0.505    1486.38    1486.39  0.000e+00
      13949    102.000     8.6292     8.6302     0.0010    3.67680    3.67677          1     5.0020     3.4154      97.39     0.2725     0.2600  1.000e-12  0.4875000    34.9181    34.9168    -0.0013    27.1129    27.1117    101.028    101.253      0.515    1486.41    1486.41  0.000e+00
      13972    102.500     8.6291     8.6310     0.0019    3.67714    3.67722          1     5.0194     3.4186      97.40     0.2865     0.2216  1.000e-12  0.5191000    34.9215    34.9205    -0.0010    27.1156    27.1145    101.523    101.749      0.553    1486.42    1486.42  0.000e+00
      13992    103.000     8.6158     8.6183     0.0025    3.67673    3.67686          1     5.0572     3.4234      97.41     0.2786     0.2751  1.000e-12  0.5117000    34.9301    34.9290    -0.0012    27.1245    27.1232    102.018    102.245      0.581    1486.39    1486.40  0.000e+00
      14013    103.500     8.5921     8.5950     0.0029    3.67558    3.67569          1     5.0860     3.4309      97.41     0.2699     0.2788  1.000e-12  0.5417000    34.9411    34.9394    -0.0017    27.1368    27.1350    102.513    102.741      0.558    1486.32    1486.33  0.000e+00
      14036    104.000     8.5581     8.5650     0.0069    3.67322    3.67373          1     5.1043     3.4345      97.40     0.2766     0.2580  1.000e-12  0.5919000    34.9496    34.9482    -0.0014    27.1488    27.1466    103.008    103.236      0.537    1486.21    1486.24  0.000e+00
      14058    104.500     8.5159     8.5186     0.0028    3.66959    3.66975          1     5.0956     3.4322      97.39     0.3019     0.2496  1.000e-12  0.6175000    34.9525    34.9516    -0.0009    27.1577    27.1565    103.503    103.732      0.578    1486.07    1486.08  0.000e+00
      14077    105.000     8.4943     8.4972     0.0029    3.66762    3.66779          1     5.0800     3.4310      97.40     0.3105     0.2955  1.000e-12  0.5455000    34.9529    34.9517    -0.0012    27.1613    27.1599    103.998    104.228      0.632    1485.99    1486.01  0.000e+00
      14096    105.500     8.4837     8.4825    -0.0011    3.66659    3.66639          1     5.0786     3.4290      97.41     0.2811     0.2530  1.000e-12  0.5601000    34.9522    34.9513    -0.0009    27.1624    27.1618    104.493    104.724      0.651    1485.96    1485.96  0.000e+00
      14114    106.000     8.4814     8.4842     0.0028    3.66637    3.66656          1     5.0774     3.4235      97.40     0.2789     0.2466  1.000e-12  0.5617000    34.9519    34.9510    -0.0009    27.1625    27.1614    104.988    105.220      0.625    1485.96    1485.97  0.000e+00
      14134    106.500     8.4823     8.4843     0.0020    3.66649    3.66660          1     5.0750     3.4247      97.39     0.2814     0.2456  1.000e-12  0.5488000    34.9520    34.9511    -0.0008    27.1625    27.1615    105.483    105.715      0.542    1485.97    1485.98  0.000e+00
      14161    107.000     8.4814     8.4828     0.0015    3.66640    3.66650          1     5.0684     3.4325      97.39     0.2636     0.2382  1.000e-12  0.5278000    34.9517    34.9513    -0.0004    27.1624    27.1619    105.979    106.211      0.403    1485.98    1485.98  0.000e+00
      14193    107.500     8.4779     8.4801     0.0023    3.66612    3.66626          1     5.0701     3.4236      97.40     0.2749     0.2575  1.000e-12  0.5293000    34.9520    34.9513    -0.0007    27.1631    27.1622    106.474    106.707      0.410    1485.97    1485.98  0.000e+00
      14218    108.000     8.4779     8.4802     0.0023    3.66615    3.66628          1     5.0595     3.4289      97.41     0.2793     0.2471  1.000e-12  0.5274000    34.9520    34.9512    -0.0009    27.1632    27.1621    106.969    107.203      0.587    1485.98    1485.99  0.000e+00
      14236    108.500     8.4712     8.4721     0.0010    3.66553    3.66554          1     5.0469     3.4348      97.41     0.2732     0.2215  1.000e-12  0.5381000    34.9519    34.9511    -0.0008    27.1641    27.1633    107.464    107.699      0.703    1485.97    1485.97  0.000e+00
      14252    109.000     8.4683     8.4698     0.0015    3.66533    3.66539          1     5.0478     3.4377      97.41     0.2545     0.2326  1.000e-12  0.5176000    34.9523    34.9515    -0.0008    27.1649    27.1640    107.959    108.194      0.740    1485.96    1485.97  0.000e+00
      14268    109.500     8.4662     8.4680     0.0019    3.66527    3.66536          1     5.0611     3.4393      97.41     0.2636     0.2388  1.000e-12  0.5502000    34.9536    34.9528    -0.0008    27.1662    27.1653    108.454    108.690      0.697    1485.97    1485.97  0.000e+00
      14287    110.000     8.4647     8.4662     0.0016    3.66520    3.66526          1     5.0755     3.4404      97.40     0.2772     0.2472  1.000e-12  0.5782000    34.9541    34.9533    -0.0008    27.1669    27.1660    108.949    109.186      0.557    1485.97    1485.97  0.000e+00
      14316    110.500     8.4623     8.4621    -0.0002    3.66506    3.66500          1     5.0727     3.4446      97.40     0.2851     0.2313  1.000e-12  0.5598000    34.9547    34.9543    -0.0004    27.1677    27.1674    109.444    109.682      0.355    1485.97    1485.97  0.000e+00
      14351    111.000     8.4531     8.4561     0.0031    3.66446    3.66464          1     5.0699     3.4555      68.28     0.3036     0.2356  1.000e-12  0.5494000    34.9573    34.9561    -0.0012    27.1712    27.1698    109.939    110.178      0.462    1485.95    1485.96  0.000e+00
      14372    111.500     8.4463     8.4472     0.0009    3.66405    3.66409          1     5.0711     3.4573      97.41     0.2883     0.2284  1.000e-12  0.5875000    34.9594    34.9589    -0.0005    27.1739    27.1733    110.434    110.673      0.688    1485.93    1485.93  0.000e+00
      14387    112.000     8.4431     8.4448     0.0017    3.66387    3.66396          1     5.0785     3.4531      97.42     0.2743     0.2500  1.000e-12  0.6121000    34.9605    34.9597    -0.0007    27.1752    27.1743    110.930    111.169      0.808    1485.93    1485.94  0.000e+00
      14402    112.500     8.4354     8.4372     0.0018    3.66336    3.66344          1     5.0843     3.4488      97.41     0.2742     0.2409  1.000e-12  0.5966000    34.9624    34.9615    -0.0009    27.1779    27.1769    111.425    111.665      0.838    1485.91    1485.92  0.000e+00
