ctdpy/tests/etc/all_smhi_bas_2018/SBE09_0827_20180126_1600_26_01_0220.cnv
* Sea-Bird SBE 9 Data File:
* FileName = D:\CTD_SBE911\DAT\26DA.2018.1.120.hex
* Software Version Seasave V 7.21d
* Temperature SN = 034757
* Conductivity SN = 041844
* Number of Bytes Per Scan = 48
* Number of Voltage Words = 5
* Number of Scans Averaged by the Deck Unit = 1
* NMEA Latitude = 57 10.60 N
* NMEA Longitude = 011 39.44 E
* NMEA UTC (Time) = Jan 26 2018  16:00:30
* NMEA baud rate = 4800
** Ship: DANA
** Average sound velocity: 1471.25 m/s
** True-depth calculation Thu, 28 Mar 2019 08:31:54 +0000
** CTD Python Module SMHI /ver 3-12/ feb 2012 
** LIMS Job: 20182601-0220
** Fladen
** Operator: Ronny Sørensen
** Cruise: 01/2018
# nquan = 26
# nvalues = 133                         
# units = specified
# name 0 = scan: Scan Count
# name 1 = prDM: Pressure, Digiquartz [db]
# name 2 = t090C: Temperature [ITS-90, deg C]
# name 3 = t190C: Temperature, 2 [ITS-90, deg C]
# name 4 = T2-T190C: Temperature Difference, 2 - 1 [ITS-90, deg C]
# name 5 = c0S/m: Conductivity [S/m]
# name 6 = c1S/m: Conductivity, 2 [S/m]
# name 7 = pumps: Pump Status
# name 8 = sbeox1ML/L: Oxygen, SBE 43, 2 [ml/l]
# name 9 = sbeox0ML/L: Oxygen, SBE 43 [ml/l]
# name 10 = altM: Altimeter [m]
# name 11 = chloroflTC0: Chlorophyll, Turner Cyclops [ug/l]
# name 12 = cpar: CPAR/Corrected Irradiance [%]
# name 13 = par: PAR/Irradiance, Biospherical/Lico [µE/(cm^2*s)]
# name 14 = spar: SPAR, Biospherical/Licor
# name 15 = sal00: Salinity, Practical [PSU]
# name 16 = sal11: Salinity, Practical, 2 [PSU]
# name 17 = secS-priS: Salinity, Practical, Difference, 2 - 1 [PSU]
# name 18 = sigma-t00: Density [sigma-t, kg/m^3 ]
# name 19 = sigma-t11: Density, 2 [sigma-t, kg/m^3 ]
# name 20 = depSM: Depth [salt water, m], lat = 57.1767
# name 21 = depFM: Depth [true depth, m], lat = 57.1767
# name 22 = dz/dtM: Descent Rate [m/s], WS = 2
# name 23 = svCM: Sound Velocity [Chen-Millero, m/s]
# name 24 = svCM1: Sound Velocity, 2 [Chen-Millero, m/s]
# name 25 = flag: flag
# span 0 =        330,       9052       
# span 1 =      1.500,     67.500       
# span 2 =     4.3906,     7.3469       
# span 3 =     4.3985,     7.3487       
# span 4 =    -0.4834,     0.3278       
# span 5 =   2.197123,   3.473322       
# span 6 =   2.203493,   3.473994       
# span 7 =          1,          1       
# span 8 =     5.6285,     7.1378       
# span 9 =     5.8290,     7.2891       
# span 10 =       0.02,       9.96      
# span 11 =     0.0194,     0.0577      
# span 12 = 4.9241e-11, 7.0571e+04      
# span 13 = 1.0000e-12, 1.0000e-12      
# span 14 = 5.9763e-01, 2.0308e+00      
# span 15 =    22.4057,    34.0153      
# span 16 =    22.4818,    34.0210      
# span 17 =    -1.4191,     0.0761      
# span 18 =    17.7521,    26.5949      
# span 19 =    17.8129,    26.5991      
# span 20 =      1.486,     66.868      
# span 21 =      1.501,     67.091      
# span 22 =     -0.290,      0.396      
# span 23 =    1452.37,    1479.87      
# span 24 =    1452.43,    1479.88      
# span 25 = 0.0000e+00, 0.0000e+00      
# interval = decibars: 0.5              
# start_time = Jan 26 2018 16:00:31 [NMEA time, first data scan]
# bad_flag = -9.990e-29
*END*
[from data line 56]
       3232     29.500     5.7561     5.7574     0.0013    3.25758    3.25731          1     6.1435     6.3270       9.95     0.0427  4.924e-11  1.000e-12  2.031e+00    33.2072    33.2028    -0.0044    26.1659    26.1623     29.227     29.381      0.247    1471.99    1471.99  0.000e+00
       3283     30.000     5.7562     5.7557    -0.0006    3.25786    3.25774          1     6.0695     6.3162       9.95     0.0427  4.924e-11  1.000e-12  2.031e+00    33.2100    33.2091    -0.0009    26.1681    26.1675     29.722     29.878      0.223    1472.00    1472.00  0.000e+00
       3337     30.500     5.7705     5.7596    -0.0109    3.25973    3.25807          1     6.1122     6.3155       9.95     0.0425  4.924e-11  1.000e-12  2.031e+00    33.2167    33.2088    -0.0079    26.1717    26.1668     30.217     30.374      0.233    1472.07    1472.02  0.000e+00
       3387     31.000     5.8698     5.8390    -0.0308    3.27177    3.26613          1     6.1016     6.2784       9.95     0.0427  4.924e-11  1.000e-12  2.031e+00    33.2545    33.2212    -0.0333    26.1895    26.1669     30.713     30.870      0.240    1472.53    1472.36  0.000e+00
       3439     31.500     5.9033     5.8908    -0.0124    3.27596    3.27315          1     6.0972     6.2759       9.95     0.0426  4.924e-11  1.000e-12  2.031e+00    33.2686    33.2491    -0.0194    26.1965    26.1827     31.208     31.366      0.213    1472.69    1472.61  0.000e+00
       3498     32.000     5.9501     5.9400    -0.0102    3.28264    3.27966          1     6.1076     6.2584       9.95     0.0427  4.924e-11  1.000e-12  2.031e+00    33.2973    33.2738    -0.0235    26.2134    26.1961     31.703     31.863      0.203    1472.92    1472.85  0.000e+00
       3557     32.500     5.9487     5.9441    -0.0046    3.28295    3.28178          1     6.0840     6.2606       9.95     0.0427  4.924e-11  1.000e-12  2.031e+00    33.3019    33.2934    -0.0086    26.2173    26.2111     32.198     32.359      0.220    1472.93    1472.90  0.000e+00
       3607     33.000     5.9952     5.9756    -0.0195    3.28874    3.28493          1     6.0715     6.2514       9.95     0.0431  4.924e-11  1.000e-12  2.031e+00    33.3210    33.2975    -0.0235    26.2266    26.2104     32.694     32.855      0.240    1473.15    1473.04  0.000e+00
       3661     33.500     6.0235     6.0169    -0.0066    3.29229    3.29042          1     6.0806     6.2403       9.95     0.0425  4.924e-11  1.000e-12  2.031e+00    33.3328    33.3182    -0.0145    26.2324    26.2217     33.189     33.351      0.208    1473.28    1473.24  0.000e+00
       3720     34.000     6.0294     6.0269    -0.0024    3.29323    3.29220          1     6.0322     6.2211       9.95     0.0426  4.924e-11  1.000e-12  2.031e+00    33.3373    33.3282    -0.0091    26.2352    26.2283     33.684     33.848      0.202    1473.32    1473.30  0.000e+00
       3779     34.500     6.0699     6.0573    -0.0126    3.29879    3.29587          1     6.0160     6.2269       9.95     0.0425  4.924e-11  1.000e-12  2.031e+00    33.3596    33.3391    -0.0204    26.2477    26.2332     34.180     34.344      0.199    1473.51    1473.44  0.000e+00
       3843     35.000     6.0966     6.0922    -0.0044    3.30200    3.30049          1     6.0151     6.2142       9.95     0.0426  4.924e-11  1.000e-12  2.031e+00    33.3690    33.3565    -0.0126    26.2519    26.2425     34.675     34.840      0.195    1473.64    1473.61  0.000e+00
       3901     35.500     6.1086     6.1064    -0.0022    3.30358    3.30264          1     6.0093     6.2217       9.95     0.0427  4.924e-11  1.000e-12  2.031e+00    33.3747    33.3663    -0.0084    26.2549    26.2485     35.170     35.336      0.210    1473.70    1473.69  0.000e+00
       3964     36.000     6.1239     6.1186    -0.0053    3.30573    3.30426          1     5.9841     6.2145       9.95     0.0426  4.924e-11  1.000e-12  2.031e+00    33.3835    33.3722    -0.0113    26.2599    26.2516     35.666     35.833      0.184    1473.78    1473.75  0.000e+00
       4025     36.500     6.1414     6.1361    -0.0054    3.30818    3.30671          1     5.9788     6.2032       9.95     0.0423  4.924e-11  1.000e-12  2.031e+00    33.3933    33.3822    -0.0112    26.2654    26.2573     36.161     36.329      0.206    1473.87    1473.84  0.000e+00
       4087     37.000     6.1743     6.1634    -0.0109    3.31330    3.31052          1     6.0151     6.1920       9.95     0.0422  4.924e-11  1.000e-12  2.031e+00    33.4181    33.3977    -0.0204    26.2809    26.2661     36.656     36.825      0.176    1474.04    1473.98  0.000e+00
       4159     37.500     6.1784     6.1770    -0.0014    3.31384    3.31327          1     6.0226     6.2029       9.95     0.0415  4.924e-11  1.000e-12  2.031e+00    33.4198    33.4148    -0.0050    26.2817    26.2779     37.152     37.321      0.169    1474.07    1474.06  0.000e+00
       4224     38.000     6.1780     6.1770    -0.0011    3.31374    3.31334          1     5.9760     6.1971       9.95     0.0415  4.924e-11  1.000e-12  2.031e+00    33.4189    33.4153    -0.0035    26.2810    26.2784     37.647     37.818      0.204    1474.08    1474.07  0.000e+00
       4285     38.500     6.1937     6.1898    -0.0039    3.31624    3.31507          1     5.9516     6.1899       9.95     0.0415  4.924e-11  1.000e-12  2.031e+00    33.4311    33.4219    -0.0092    26.2887    26.2819     38.142     38.314      0.186    1474.16    1474.14  0.000e+00
       4361     39.000     6.1778     6.1774    -0.0003    3.31393    3.31392          1     5.9654     6.1937       9.95     0.0421  4.924e-11  1.000e-12  2.031e+00    33.4207    33.4209     0.0002    26.2825    26.2827     38.638     38.810      0.164    1474.09    1474.09  0.000e+00
       4428     39.500     6.1833     6.1780    -0.0053    3.31490    3.31379          1     5.9525     6.1918       9.95     0.0417  4.924e-11  1.000e-12  2.031e+00    33.4260    33.4186    -0.0073    26.2859    26.2808     39.133     39.306      0.210    1474.13    1474.10  0.000e+00
       4502     40.000     6.1978     6.1936    -0.0042    3.31700    3.31617          1     5.9452     6.1808       9.95     0.0417  4.924e-11  1.000e-12  2.031e+00    33.4349    33.4297    -0.0052    26.2911    26.2876     39.628     39.802      0.166    1474.21    1474.19  0.000e+00
       4580     40.500     6.2189     6.2125    -0.0064    3.31991    3.31866          1     5.9812     6.1768       9.95     0.0415  5.018e-11  1.000e-12  2.031e+00    33.4464    33.4387    -0.0076    26.2975    26.2923     40.124     40.299      0.175    1474.31    1474.28  0.000e+00
       4651     41.000     6.2178     6.2186     0.0006    3.31985    3.31979          1     5.9750     6.1783       9.95     0.0420  7.057e+04  1.000e-12  5.976e-01    33.4465    33.4452    -0.0013    26.2977    26.2966     40.619     40.795      0.156    1474.32    1474.32  0.000e+00
       4739     41.500     6.2215     6.2202    -0.0013    3.32029    3.32003          1     5.9650     6.1824       9.95     0.0419  1.019e+04  1.000e-12  1.824e+00    33.4476    33.4459    -0.0018    26.2982    26.2970     41.114     41.291      0.160    1474.34    1474.33  0.000e+00
       4811     42.000     6.2409     6.2339    -0.0071    3.32300    3.32161          1     5.9718     6.1811       9.95     0.0418  3.872e-06  1.000e-12  2.031e+00    33.4584    33.4499    -0.0085    26.3043    26.2984     41.609     41.787      0.182    1474.44    1474.40  0.000e+00
       4877     42.500     6.2545     6.2507    -0.0038    3.32480    3.32399          1     5.9598     6.1699       9.95     0.0419  4.924e-11  1.000e-12  2.031e+00    33.4649    33.4597    -0.0053    26.3077    26.3040     42.105     42.284      0.189    1474.51    1474.49  0.000e+00
       4937     43.000     6.2660     6.2595    -0.0065    3.32648    3.32520          1     5.9771     6.1587       9.95     0.0418  4.924e-11  1.000e-12  2.031e+00    33.4721    33.4643    -0.0078    26.3119    26.3065     42.600     42.780      0.201    1474.57    1474.54  0.000e+00
       4995     43.500     6.2857     6.2792    -0.0065    3.32918    3.32782          1     5.9403     6.1569       9.95     0.0415  4.924e-11  1.000e-12  2.031e+00    33.4826    33.4738    -0.0088    26.3177    26.3115     43.095     43.276      0.242    1474.67    1474.64  0.000e+00
       5040     44.000     6.3055     6.2922    -0.0134    3.33197    3.32956          1     5.8928     6.1422       9.95     0.0416  4.924e-11  1.000e-12  2.031e+00    33.4940    33.4802    -0.0138    26.3241    26.3149     43.591     43.772      0.274    1474.77    1474.70  0.000e+00
       5087     44.500     6.3398     6.3227    -0.0171    3.33670    3.33319          1     5.9242     6.1284       9.95     0.0415  4.924e-11  1.000e-12  2.031e+00    33.5127    33.4904    -0.0223    26.3345    26.3191     44.086     44.268      0.249    1474.94    1474.85  0.000e+00
       5132     45.000     6.4289     6.3979    -0.0309    3.34841    3.34186          1     5.9422     6.1008       9.95     0.0415  4.924e-11  1.000e-12  2.031e+00    33.5551    33.5128    -0.0423    26.3564    26.3270     44.581     44.765      0.279    1475.35    1475.18  0.000e+00
       5174     45.500     6.4967     6.4785    -0.0182    3.35692    3.35234          1     5.9498     6.0878       9.95     0.0416  4.924e-11  1.000e-12  2.031e+00    33.5827    33.5498    -0.0330    26.3694    26.3458     45.077     45.261      0.285    1475.66    1475.55  0.000e+00
       5216     46.000     6.5019     6.4960    -0.0059    3.35756    3.35576          1     5.8922     6.0930       9.95     0.0425  4.924e-11  1.000e-12  2.031e+00    33.5845    33.5703    -0.0142    26.3701    26.3597     45.572     45.757      0.303    1475.69    1475.65  0.000e+00
       5254     46.500     6.5074     6.5018    -0.0056    3.35830    3.35667          1     5.8805     6.0968       9.95     0.0420  4.924e-11  1.000e-12  2.031e+00    33.5871    33.5745    -0.0126    26.3714    26.3622     46.067     46.253      0.319    1475.73    1475.69  0.000e+00
       5291     47.000     6.5200     6.5148    -0.0053    3.35992    3.35836          1     5.8682     6.0863       9.95     0.0417  4.924e-11  1.000e-12  2.031e+00    33.5923    33.5802    -0.0121    26.3739    26.3651     46.562     46.749      0.319    1475.79    1475.76  0.000e+00
       5330     47.500     6.5287     6.5237    -0.0050    3.36105    3.35959          1     5.8927     6.0788       9.95     0.0420  4.924e-11  1.000e-12  2.031e+00    33.5961    33.5849    -0.0112    26.3758    26.3676     47.058     47.246      0.298    1475.84    1475.80  0.000e+00
       5370     48.000     6.5367     6.5334    -0.0033    3.36209    3.36092          1     5.9309     6.0847       9.95     0.0416  4.924e-11  1.000e-12  2.031e+00    33.5995    33.5899    -0.0096    26.3774    26.3703     47.553     47.742      0.323    1475.88    1475.86  0.000e+00
       5405     48.500     6.5396     6.5371    -0.0025    3.36242    3.36159          1     5.9667     6.0878       9.95     0.0424  4.924e-11  1.000e-12  2.031e+00    33.6001    33.5933    -0.0068    26.3775    26.3725     48.048     48.238      0.357    1475.90    1475.88  0.000e+00
       5437     49.000     6.5448     6.5399    -0.0049    3.36339    3.36196          1     5.9511     6.0836       9.95     0.0424  4.924e-11  1.000e-12  2.031e+00    33.6054    33.5944    -0.0110    26.3810    26.3730     48.543     48.734      0.373    1475.94    1475.91  0.000e+00
       5470     49.500     6.6005     6.5804    -0.0201    3.37072    3.36622          1     5.9370     6.0664       9.95     0.0424  4.924e-11  1.000e-12  2.031e+00    33.6316    33.6016    -0.0300    26.3944    26.3734     49.039     49.230      0.350    1476.20    1476.08  0.000e+00
       5505     50.000     6.6674     6.6314    -0.0361    3.38004    3.37220          1     5.9072     6.0310       9.95     0.0418  4.924e-11  1.000e-12  2.031e+00    33.6687    33.6175    -0.0512    26.4147    26.3791     49.534     49.726      0.351    1476.52    1476.31  0.000e+00
       5539     50.500     6.7071     6.6936    -0.0135    3.38488    3.38107          1     5.9325     6.0253       9.95     0.0427  4.924e-11  1.000e-12  2.031e+00    33.6830    33.6542    -0.0288    26.4207    26.3999     50.029     50.223      0.352    1476.70    1476.61  0.000e+00
       5573     51.000     6.7198     6.7137    -0.0061    3.38648    3.38422          1     5.9105     6.0251       9.95     0.0426  4.924e-11  1.000e-12  2.031e+00    33.6879    33.6689    -0.0190    26.4230    26.4088     50.525     50.719      0.362    1476.76    1476.71  0.000e+00
       5605     51.500     6.7346     6.7238    -0.0107    3.38856    3.38583          1     5.9023     6.0286       9.95     0.0425  4.924e-11  1.000e-12  2.031e+00    33.6961    33.6765    -0.0196    26.4274    26.4134     51.020     51.215      0.396    1476.84    1476.77  0.000e+00
       5635     52.000     6.7436     6.7408    -0.0027    3.38959    3.38809          1     5.8952     6.0291       9.95     0.0434  4.924e-11  1.000e-12  2.031e+00    33.6983    33.6844    -0.0139    26.4280    26.4174     51.515     51.711      0.383    1476.88    1476.85  0.000e+00
       5668     52.500     6.7514     6.7479    -0.0035    3.39071    3.38925          1     5.8853     6.0229       9.95     0.0427  4.924e-11  1.000e-12  2.031e+00    33.7028    33.6901    -0.0127    26.4305    26.4209     52.010     52.207      0.334    1476.93    1476.90  0.000e+00
       5705     53.000     6.7797     6.7674    -0.0123    3.39459    3.39168          1     5.9216     6.0186       9.95     0.0427  4.924e-11  1.000e-12  2.031e+00    33.7175    33.6975    -0.0200    26.4383    26.4241     52.506     52.703      0.342    1477.06    1476.99  0.000e+00
       5738     53.500     6.7868     6.7826    -0.0042    3.39542    3.39396          1     5.9361     6.0155       9.95     0.0434  4.924e-11  1.000e-12  2.031e+00    33.7194    33.7075    -0.0120    26.4389    26.4300     53.001     53.199      0.369    1477.10    1477.07  0.000e+00
       5771     54.000     6.8158     6.7981    -0.0177    3.39949    3.39565          1     5.9053     5.9933       9.95     0.0434  4.924e-11  1.000e-12  2.031e+00    33.7356    33.7106    -0.0250    26.4477    26.4304     53.496     53.696      0.372    1477.24    1477.14  0.000e+00
       5803     54.500     6.8361     6.8251    -0.0110    3.40220    3.39944          1     5.8701     5.9888       9.95     0.0438  4.924e-11  1.000e-12  2.031e+00    33.7451    33.7256    -0.0195    26.4525    26.4385     53.992     54.192      0.363    1477.34    1477.28  0.000e+00
       5836     55.000     6.8636     6.8479    -0.0157    3.40601    3.40234          1     5.8681     5.9847       9.95     0.0440  4.924e-11  1.000e-12  2.031e+00    33.7598    33.7349    -0.0249    26.4603    26.4428     54.487     54.688      0.371    1477.48    1477.39  0.000e+00
       5868     55.500     6.8821     6.8744    -0.0077    3.40859    3.40612          1     5.8556     5.9828       9.95     0.0445  4.924e-11  1.000e-12  2.031e+00    33.7698    33.7502    -0.0196    26.4657    26.4513     54.982     55.184      0.373    1477.57    1477.52  0.000e+00
       5902     56.000     6.8900     6.8840    -0.0060    3.40988    3.40796          1     5.8421     5.9779       9.95     0.0440  4.924e-11  1.000e-12  2.031e+00    33.7760    33.7608    -0.0153    26.4696    26.4583     55.477     55.680      0.337    1477.62    1477.57  0.000e+00
       5938     56.500     6.9059     6.8971    -0.0087    3.41181    3.40975          1     5.8245     5.9850       9.95     0.0441  4.924e-11  1.000e-12  2.031e+00    33.7813    33.7672    -0.0141    26.4716    26.4617     55.973     56.176      0.343    1477.69    1477.64  0.000e+00
