ctdpy/tests/etc/all_smhi_bas_2018/SBE09_1044_20180201_2334_34_02_0044.cnv
* Sea-Bird SBE 9 Data File:
* FileName = C:\ctd\temp\2018\ME18D044.hex
* Software Version Seasave V 7.26.6.26
* Temperature SN = 5351
* Conductivity SN = 3941
* Number of Bytes Per Scan = 41
* Number of Voltage Words = 4
* Number of Scans Averaged by the Deck Unit = 1
* NMEA Latitude = 55 48.03 N
* NMEA Longitude = 015 20.07 E
* NMEA UTC (Time) = Feb 01 2018  23:34:19
* NMEA baud rate = 4800
** Station:  Hanöbukten KBV
** Operator:  JKro
** Ship: MERI
** Average sound velocity: 1435.14 m/s
** True-depth calculation Fri, 02 Feb 2018 00:14:52 +0000
** CTD Python Module SMHI /ver 3-12/ feb 2012 
** LIMS Job: 20183402-0044
** Cruise: SMHI-01-2018
** Latitude [GG MM.mm N] :
** Longitude [GG MM.mm E]:
# nquan = 26
# nvalues = 103                         
# units = specified
# name 0 = scan: Scan Count
# name 1 = prDM: Pressure, Digiquartz [db]
# name 2 = t090C: Temperature [ITS-90, deg C]
# name 3 = t190C: Temperature, 2 [ITS-90, deg C]
# name 4 = T2-T190C: Temperature Difference, 2 - 1 [ITS-90, deg C]
# name 5 = c0S/m: Conductivity [S/m]
# name 6 = c1S/m: Conductivity, 2 [S/m]
# name 7 = pumps: Pump Status
# name 8 = sbeox0ML/L: Oxygen, SBE 43 [ml/l]
# name 9 = sbeox1ML/L: Oxygen, SBE 43, 2 [ml/l]
# name 10 = altM: Altimeter [m]
# name 11 = flECO-AFL: Chl-a Fluorescence, WET Labs ECO-AFL/FL [mg/m^3]
# name 12 = flECO-AFL1: Phycocyanin Fluorescence, WET Labs ECO-AFL/FL, 2 [mg/m^3]
# name 13 = par: PAR/Irradiance, Biospherical/Lico [µE/(cm^2*s)]
# name 14 = turbWETntu0: Turbidity, WET Labs ECO [NTU]
# name 15 = sal00: Salinity, Practical [PSU]
# name 16 = sal11: Salinity, Practical, 2 [PSU]
# name 17 = secS-priS: Salinity, Practical, Difference, 2 - 1 [PSU]
# name 18 = sigma-t00: Density [sigma-t, Kg/m^3 ]
# name 19 = sigma-t11: Density, 2 [sigma-t, Kg/m^3 ]
# name 20 = depSM: Depth [salt water, m], lat = 55.8005
# name 21 = depFM: Depth [true depth, m], lat = 55.8005
# name 22 = dz/dtM: Descent Rate [m/s], WS = 2
# name 23 = svCM: Sound Velocity [Chen-Millero, m/s]
# name 24 = svCM1: Sound Velocity, 2 [Chen-Millero, m/s]
# name 25 = flag: flag
# span 0 =      14320,      18148       
# span 1 =      1.000,     52.000       
# span 2 =     4.5644,     6.2084       
# span 3 =     4.5650,     6.2013       
# span 4 =    -0.0116,     0.0103       
# span 5 =   0.801028,   1.074074       
# span 6 =   0.801027,   1.073752       
# span 7 =          1,          1       
# span 8 =    1.01424,    8.14126       
# span 9 =    1.16714,    8.10726       
# span 10 =       2.93,      55.72      
# span 11 =     0.3036,     0.7195      
# span 12 =     0.2753,     0.4582      
# span 13 = -8.006e-05, 2.8553e-01      
# span 14 =     0.1486,     0.3008      
# span 15 =     7.4845,     9.7644      
# span 16 =     7.4840,     9.7632      
# span 17 =    -0.0245,     0.0040      
# span 18 =     5.9334,     7.6548      
# span 19 =     5.9330,     7.6543      
# span 20 =      0.991,     51.521      
# span 21 =      1.013,     52.644      
# span 22 =      0.215,      0.598      
# span 23 =    1433.90,    1444.74      
# span 24 =    1433.90,    1444.70      
# span 25 = 0.0000e+00, 0.0000e+00      
# interval = decibars: 0.5              
# start_time = Feb 01 2018 23:34:20 [NMEA time, first data scan]
# bad_flag = -9.990e-29
*END*
      14320      1.000     4.5644     4.5661     0.0017    0.80103    0.80103          1     8.1101     8.0921      55.72     0.6876     0.3462  2.855e-01  0.2403000     7.4846     7.4842    -0.0004     5.9335     5.9331      0.991      1.013      0.467    1433.90    1433.90  0.000e+00
      14338      1.500     4.5648     4.5663     0.0015    0.80105    0.80104          1     8.1230     8.0956      55.59     0.6876     0.3478  3.710e-02  0.2468000     7.4846     7.4842    -0.0005     5.9335     5.9331      1.486      1.519      0.598    1433.91    1433.91  0.000e+00
      14377      2.000     4.5650     4.5661     0.0011    0.80106    0.80104          1     8.1246     8.0936      55.05     0.6876     0.3789  3.659e-03  0.2388000     7.4846     7.4841    -0.0005     5.9335     5.9331      1.982      2.025      0.320    1433.92    1433.92  0.000e+00
      14419      2.500     4.5656     4.5660     0.0004    0.80108    0.80104          1     8.1143     8.0901      54.46     0.6660     0.3855 -5.583e-05  0.2674000     7.4846     7.4841    -0.0005     5.9335     5.9331      2.477      2.531      0.393    1433.93    1433.93  0.000e+00
      14447      3.000     4.5658     4.5664     0.0006    0.80109    0.80106          1     8.1178     8.0946      54.02     0.6881     0.3783  9.988e-13  0.2539000     7.4846     7.4841    -0.0005     5.9335     5.9331      2.973      3.038      0.459    1433.94    1433.94  0.000e+00
      14476      3.500     4.5655     4.5665     0.0011    0.80109    0.80107          1     8.1247     8.0961      53.49     0.6876     0.3907  1.163e-02  0.2498000     7.4846     7.4842    -0.0005     5.9335     5.9331      3.468      3.544      0.320    1433.94    1433.95  0.000e+00
      14524      4.000     4.5654     4.5663     0.0009    0.80109    0.80107          1     8.1215     8.0904      52.76     0.6894     0.3709  2.618e-03  0.2487000     7.4846     7.4841    -0.0005     5.9335     5.9331      3.964      4.050      0.277    1433.95    1433.95  0.000e+00
      14560      4.500     4.5646     4.5650     0.0004    0.80108    0.80104          1     8.1222     8.0884      52.35     0.7061     0.3551  1.347e-04  0.2501000     7.4845     7.4841    -0.0004     5.9335     5.9331      4.459      4.556      0.346    1433.95    1433.95  0.000e+00
      14593      5.000     4.5656     4.5650    -0.0007    0.80112    0.80105          1     8.1331     8.0966      51.96     0.7195     0.3313  7.803e-04  0.2397000     7.4846     7.4841    -0.0005     5.9335     5.9331      4.955      5.063      0.375    1433.97    1433.96  0.000e+00
      14628      5.500     4.5664     4.5669     0.0006    0.80114    0.80111          1     8.1192     8.1018      51.37     0.6794     0.3989  2.554e-03  0.2627000     7.4846     7.4842    -0.0005     5.9335     5.9331      5.450      5.569      0.298    1433.98    1433.98  0.000e+00
      14670      6.000     4.5664     4.5672     0.0008    0.80115    0.80112          1     8.1109     8.0916      50.70     0.6666     0.3943 -8.006e-05  0.2488000     7.4847     7.4841    -0.0005     5.9335     5.9331      5.945      6.075      0.325    1433.99    1433.99  0.000e+00
      14705      6.500     4.5664     4.5672     0.0008    0.80115    0.80113          1     8.1121     8.1002      50.36     0.6747     0.3538  1.000e-12  0.2613000     7.4846     7.4841    -0.0005     5.9335     5.9331      6.441      6.581      0.313    1433.99    1434.00  0.000e+00
      14743      7.000     4.5664     4.5673     0.0009    0.80116    0.80114          1     8.1324     8.1019      49.90     0.6928     0.3430  1.000e-12  0.2903000     7.4846     7.4842    -0.0004     5.9335     5.9331      6.936      7.088      0.372    1434.00    1434.00  0.000e+00
      14771      7.500     4.5667     4.5674     0.0008    0.80117    0.80114          1     8.1244     8.1040      49.35     0.6781     0.3491  1.000e-12  0.2456000     7.4846     7.4841    -0.0005     5.9335     5.9331      7.432      7.594      0.421    1434.01    1434.01  0.000e+00
      14808      8.000     4.5665     4.5673     0.0008    0.80118    0.80115          1     8.1188     8.0977      48.69     0.6708     0.3631  1.000e-12  0.2471000     7.4846     7.4842    -0.0005     5.9335     5.9331      7.927      8.100      0.266    1434.02    1434.02  0.000e+00
      14856      8.500     4.5665     4.5674     0.0009    0.80118    0.80115          1     8.1212     8.1045      48.16     0.6532     0.4043  1.000e-12  0.2434000     7.4846     7.4841    -0.0005     5.9335     5.9331      8.423      8.607      0.321    1434.02    1434.03  0.000e+00
      14886      9.000     4.5664     4.5673     0.0008    0.80119    0.80116          1     8.1184     8.1015      47.83     0.6709     0.4081  1.000e-12  0.2695000     7.4846     7.4841    -0.0005     5.9335     5.9331      8.918      9.113      0.395    1434.03    1434.04  0.000e+00
      14920      9.500     4.5663     4.5672     0.0010    0.80118    0.80116          1     8.1182     8.0969      47.25     0.6800     0.3937  1.000e-12  0.2689000     7.4846     7.4841    -0.0005     5.9334     5.9330      9.413      9.619      0.323    1434.04    1434.04  0.000e+00
      14960     10.000     4.5659     4.5667     0.0008    0.80118    0.80115          1     8.1257     8.1016      46.15     0.6700     0.3374  1.000e-12  0.2661000     7.4846     7.4841    -0.0005     5.9335     5.9331      9.909     10.125      0.313    1434.05    1434.05  0.000e+00
      14996     10.500     4.5657     4.5667     0.0010    0.80119    0.80116          1     8.1413     8.1042      45.66     0.6590     0.3938  1.000e-12  0.2856000     7.4846     7.4841    -0.0005     5.9335     5.9331     10.404     10.632      0.309    1434.05    1434.06  0.000e+00
      15038     11.000     4.5656     4.5662     0.0006    0.80119    0.80115          1     8.1260     8.1073      45.52     0.6342     0.3410  1.000e-12  0.2394000     7.4845     7.4840    -0.0005     5.9335     5.9330     10.900     11.138      0.295    1434.06    1434.06  0.000e+00
      15074     11.500     4.5656     4.5665     0.0009    0.80120    0.80117          1     8.1179     8.0928      45.15     0.6586     0.3438  1.000e-12  0.2555000     7.4846     7.4841    -0.0005     5.9335     5.9331     11.395     11.644      0.377    1434.07    1434.07  0.000e+00
      15106     12.000     4.5652     4.5666     0.0015    0.80119    0.80118          1     8.1178     8.0916      44.59     0.6465     0.3890  1.000e-12  0.2615000     7.4846     7.4841    -0.0004     5.9335     5.9331     11.891     12.150      0.336    1434.08    1434.08  0.000e+00
      15149     12.500     4.5652     4.5664     0.0012    0.80120    0.80118          1     8.1203     8.0796      43.96     0.6744     0.3621  1.000e-12  0.2511000     7.4846     7.4841    -0.0005     5.9335     5.9331     12.386     12.657      0.256    1434.08    1434.09  0.000e+00
      15192     13.000     4.5661     4.5667     0.0006    0.80124    0.80119          1     8.1181     8.0805      43.53     0.6326     0.3615  1.000e-12  0.2481000     7.4847     7.4841    -0.0006     5.9335     5.9330     12.881     13.163      0.333    1434.10    1434.10  0.000e+00
      15225     13.500     4.5663     4.5670     0.0007    0.80125    0.80121          1     8.1195     8.0700      43.10     0.6572     0.3943  1.000e-12  0.2592000     7.4846     7.4841    -0.0005     5.9335     5.9331     13.377     13.669      0.367    1434.10    1434.11  0.000e+00
      15259     14.000     4.5666     4.5674     0.0008    0.80126    0.80122          1     8.1251     8.0734      42.56     0.6711     0.3660  1.000e-12  0.2727000     7.4846     7.4841    -0.0005     5.9335     5.9330     13.872     14.175      0.336    1434.11    1434.12  0.000e+00
      15299     14.500     4.5663     4.5673     0.0010    0.80125    0.80123          1     8.1271     8.0710      41.92     0.6691     0.4035  1.000e-12  0.2558000     7.4846     7.4841    -0.0005     5.9335     5.9330     14.368     14.682      0.269    1434.12    1434.12  0.000e+00
      15343     15.000     4.5659     4.5666     0.0008    0.80125    0.80122          1     8.1277     8.0765      41.08     0.6659     0.4282  1.000e-12  0.2397000     7.4846     7.4841    -0.0004     5.9335     5.9331     14.863     15.188      0.310    1434.13    1434.13  0.000e+00
      15378     15.500     4.5657     4.5665     0.0008    0.80125    0.80122          1     8.1243     8.0732      40.86     0.6582     0.3367  1.000e-12  0.2476000     7.4845     7.4841    -0.0005     5.9335     5.9331     15.359     15.694      0.368    1434.13    1434.14  0.000e+00
      15411     16.000     4.5661     4.5669     0.0008    0.80128    0.80124          1     8.1245     8.0714      40.41     0.6665     0.3992  1.000e-12  0.2595000     7.4846     7.4842    -0.0005     5.9335     5.9331     15.854     16.200      0.326    1434.14    1434.15  0.000e+00
      15453     16.500     4.5664     4.5670     0.0006    0.80129    0.80126          1     8.1317     8.0607      39.78     0.6637     0.3915  1.000e-12  0.2593000     7.4847     7.4842    -0.0005     5.9335     5.9331     16.349     16.707      0.281    1434.15    1434.15  0.000e+00
      15491     17.000     4.5665     4.5674     0.0009    0.80130    0.80127          1     8.1151     8.0745      39.33     0.6524     0.3619  1.000e-12  0.2600000     7.4847     7.4842    -0.0005     5.9336     5.9331     16.845     17.213      0.340    1434.16    1434.16  0.000e+00
      15528     17.500     4.5664     4.5674     0.0009    0.80131    0.80128          1     8.1144     8.0840      38.84     0.6686     0.3858  1.000e-12  0.2559000     7.4847     7.4842    -0.0005     5.9335     5.9331     17.340     17.719      0.292    1434.17    1434.17  0.000e+00
      15570     18.000     4.5662     4.5673     0.0011    0.80130    0.80128          1     8.1164     8.0799      38.30     0.6756     0.3948  1.000e-12  0.2567000     7.4846     7.4841    -0.0005     5.9335     5.9331     17.836     18.226      0.319    1434.17    1434.18  0.000e+00
      15603     18.500     4.5669     4.5676     0.0007    0.80133    0.80129          1     8.1183     8.0767      37.85     0.6657     0.3832  1.000e-12  0.2678000     7.4847     7.4842    -0.0005     5.9335     5.9331     18.331     18.732      0.392    1434.19    1434.19  0.000e+00
      15637     19.000     4.5669     4.5676     0.0007    0.80134    0.80131          1     8.1217     8.0695      37.30     0.6443     0.3857  1.000e-12  0.2661000     7.4847     7.4842    -0.0005     5.9336     5.9331     18.827     19.238      0.292    1434.19    1434.20  0.000e+00
      15689     19.500     4.5671     4.5679     0.0009    0.80136    0.80133          1     8.1334     8.0784      36.67     0.6458     0.3613  1.000e-12  0.2440000     7.4847     7.4843    -0.0005     5.9336     5.9332     19.322     19.744      0.260    1434.20    1434.20  0.000e+00
      15722     20.000     4.5672     4.5681     0.0009    0.80136    0.80134          1     8.1302     8.0830      36.30     0.6511     0.3964  1.000e-12  0.2417000     7.4847     7.4843    -0.0005     5.9336     5.9332     19.817     20.251      0.431    1434.21    1434.21  0.000e+00
      15749     20.500     4.5670     4.5677     0.0007    0.80136    0.80133          1     8.1283     8.0709      35.87     0.6554     0.3901  1.000e-12  0.2649000     7.4847     7.4842    -0.0005     5.9336     5.9331     20.313     20.757      0.401    1434.22    1434.22  0.000e+00
      15791     21.000     4.5669     4.5677     0.0008    0.80137    0.80134          1     8.1192     8.0683      35.16     0.6693     0.3747  1.000e-12  0.2743000     7.4847     7.4843    -0.0005     5.9336     5.9332     20.808     21.263      0.230    1434.22    1434.23  0.000e+00
      15844     21.500     4.5674     4.5682     0.0008    0.80140    0.80137          1     8.1085     8.0724      34.59     0.6639     0.3754  1.000e-12  0.2800000     7.4849     7.4843    -0.0005     5.9337     5.9332     21.304     21.769      0.331    1434.23    1434.24  0.000e+00
      15872     22.000     4.5671     4.5681     0.0010    0.80139    0.80137          1     8.1078     8.0700      34.22     0.6617     0.3941  1.000e-12  0.2776000     7.4847     7.4843    -0.0004     5.9336     5.9332     21.799     22.276      0.453    1434.24    1434.25  0.000e+00
      15899     22.500     4.5672     4.5681     0.0008    0.80140    0.80138          1     8.1227     8.0730      33.71     0.6616     0.3690  1.000e-12  0.2665000     7.4848     7.4844    -0.0004     5.9336     5.9332     22.294     22.782      0.391    1434.25    1434.25  0.000e+00
      15944     23.000     4.5671     4.5682     0.0010    0.80141    0.80139          1     8.1115     8.0732      33.03     0.6564     0.3607  1.000e-12  0.2621000     7.4848     7.4844    -0.0005     5.9336     5.9332     22.790     23.288      0.217    1434.26    1434.26  0.000e+00
      15996     23.500     4.5673     4.5683     0.0010    0.80142    0.80140          1     8.1191     8.0737      32.54     0.6600     0.3558  1.000e-12  0.2708000     7.4848     7.4844    -0.0005     5.9336     5.9332     23.285     23.794      0.336    1434.27    1434.27  0.000e+00
      16024     24.000     4.5673     4.5680     0.0007    0.80142    0.80139          1     8.1186     8.0617      32.14     0.6730     0.4122  1.000e-12  0.2497000     7.4848     7.4843    -0.0005     5.9336     5.9332     23.781     24.301      0.466    1434.27    1434.28  0.000e+00
      16050     24.500     4.5674     4.5680     0.0006    0.80143    0.80139          1     8.1145     8.0626      31.65     0.6544     0.3435  1.000e-12  0.2465000     7.4847     7.4843    -0.0005     5.9335     5.9332     24.276     24.807      0.405    1434.28    1434.28  0.000e+00
      16097     25.000     4.5674     4.5681     0.0008    0.80144    0.80141          1     8.1130     8.0791      30.91     0.6587     0.4025  1.000e-12  0.2526000     7.4848     7.4843    -0.0005     5.9336     5.9332     24.771     25.313      0.230    1434.29    1434.29  0.000e+00
      16147     25.500     4.5672     4.5681     0.0009    0.80144    0.80141          1     8.1275     8.0859      30.42     0.6593     0.4069  1.000e-12  0.2527000     7.4847     7.4843    -0.0004     5.9336     5.9332     25.267     25.820      0.383    1434.30    1434.30  0.000e+00
      16172     26.000     4.5672     4.5681     0.0009    0.80144    0.80141          1     8.1352     8.0775      30.01     0.6390     0.3749  1.000e-12  0.2570000     7.4847     7.4842    -0.0004     5.9335     5.9331     25.762     26.326      0.450    1434.30    1434.31  0.000e+00
      16204     26.500     4.5672     4.5680     0.0007    0.80145    0.80142          1     8.1327     8.0674      29.44     0.6598     0.3646  1.000e-12  0.2558000     7.4847     7.4842    -0.0005     5.9336     5.9331     26.258     26.832      0.304    1434.31    1434.32  0.000e+00
      16255     27.000     4.5670     4.5678     0.0007    0.80145    0.80142          1     8.1228     8.0827      28.55     0.6872     0.3643  1.000e-12  0.2530000     7.4847     7.4843    -0.0005     5.9336     5.9332     26.753     27.338      0.250    1434.32    1434.32  0.000e+00
      16291     27.500     4.5671     4.5678     0.0007    0.80146    0.80143          1     8.1242     8.0722      26.81     0.6458     0.3519  1.000e-12  0.2661000     7.4847     7.4842    -0.0005     5.9336     5.9332     27.248     27.845      0.390    1434.33    1434.33  0.000e+00
      16323     28.000     4.5669     4.5675     0.0006    0.80146    0.80142          1     8.1163     8.0736      26.03     0.6603     0.3778  1.000e-12  0.2546000     7.4847     7.4842    -0.0005     5.9336     5.9331     27.744     28.351      0.334    1434.34    1434.34  0.000e+00
