ctdpy/tests/etc/all_smhi_bas_2018/SBE09_0827_20181006_0434_26_01_1023.cnv
* Sea-Bird SBE 9 Data File:
* FileName = D:\CTD_SBE911\DAT\26DA.2018.10.23.hex
* Software Version Seasave V 7.21d
* Temperature SN = 4548
* Conductivity SN = 3062
* Number of Bytes Per Scan = 48
* Number of Voltage Words = 5
* Number of Scans Averaged by the Deck Unit = 1
* NMEA Latitude = 57 16.51 N
* NMEA Longitude = 017 32.14 E
* NMEA UTC (Time) = Oct 06 2018  04:36:38
* NMEA baud rate = 4800
** Ship: DANA
** Average sound velocity: 1451.73 m/s
** True-depth calculation Thu, 28 Mar 2019 12:18:34 +0000
** CTD Python Module SMHI /ver 3-12/ feb 2012 
** LIMS Job: 20182601-1023
** Operator: Christian
** Cruise: 10/2018
# nquan = 26
# nvalues = 160                         
# units = specified
# name 0 = scan: Scan Count
# name 1 = prDM: Pressure, Digiquartz [db]
# name 2 = t090C: Temperature [ITS-90, deg C]
# name 3 = t190C: Temperature, 2 [ITS-90, deg C]
# name 4 = T2-T190C: Temperature Difference, 2 - 1 [ITS-90, deg C]
# name 5 = c0S/m: Conductivity [S/m]
# name 6 = c1S/m: Conductivity, 2 [S/m]
# name 7 = pumps: Pump Status
# name 8 = sbeox1ML/L: Oxygen, SBE 43, 2 [ml/l]
# name 9 = sbeox0ML/L: Oxygen, SBE 43 [ml/l]
# name 10 = altM: Altimeter [m]
# name 11 = chloroflTC0: Chlorophyll, Turner Cyclops [ug/l]
# name 12 = cpar: CPAR/Corrected Irradiance [%]
# name 13 = par: PAR/Irradiance, Biospherical/Lico [µE/(cm^2*s)]
# name 14 = spar: SPAR, Biospherical/Licor
# name 15 = sal00: Salinity, Practical [PSU]
# name 16 = sal11: Salinity, Practical, 2 [PSU]
# name 17 = secS-priS: Salinity, Practical, Difference, 2 - 1 [PSU]
# name 18 = sigma-t00: Density [sigma-t, kg/m^3 ]
# name 19 = sigma-t11: Density, 2 [sigma-t, kg/m^3 ]
# name 20 = depSM: Depth [salt water, m], lat = 57.2752
# name 21 = depFM: Depth [true depth, m], lat = 57.2752
# name 22 = dz/dtM: Descent Rate [m/s], WS = 2
# name 23 = svCM: Sound Velocity [Chen-Millero, m/s]
# name 24 = svCM1: Sound Velocity, 2 [Chen-Millero, m/s]
# name 25 = flag: flag
# span 0 =         -3,       9072       
# span 1 =      1.000,     80.500       
# span 2 =     4.1253,    12.6165       
# span 3 =     4.1107,    12.6167       
# span 4 =    -0.4429,     0.0493       
# span 5 =   0.790241,   1.127116       
# span 6 =   0.790020,   1.127115       
# span 7 =          1,          1       
# span 8 =     0.0460,     7.2496       
# span 9 =     0.0535,     6.7998       
# span 10 =       0.74,       9.97      
# span 11 =     0.0159,     0.0280      
# span 12 = 4.9241e-11, 4.9241e-11      
# span 13 = 1.0000e-12, 1.0000e-12      
# span 14 = 2.0308e+00, 2.0308e+00      
# span 15 =     6.8592,    10.4447      
# span 16 =     6.8595,    10.4445      
# span 17 =    -0.0002,     0.0622      
# span 18 =     4.7393,     8.2231      
# span 19 =     4.7395,     8.2229      
# span 20 =      0.991,     79.743      
# span 21 =      1.014,     81.510      
# span 22 =     -0.175,      0.524      
# span 23 =    1432.78,    1466.09      
# span 24 =    1432.65,    1466.09      
# span 25 = 0.0000e+00, 0.0000e+00      
# interval = decibars: 0.5              
# start_time = Oct 06 2018 04:36:38 [NMEA time, first data scan]
# bad_flag = -9.990e-29
*END*
[from data line 56]
       2814     29.000    12.6153    12.6154     0.0001    0.91305    0.91310          1     6.8896     6.4395       9.97     0.0256  4.924e-11  1.000e-12  2.031e+00     6.8598     6.8601     0.0003     4.7399     4.7401     28.731     29.398      0.244    1466.07    1466.07  0.000e+00
       2855     29.500    12.6151    12.6149    -0.0002    0.91307    0.91310          1     6.8954     6.4232       9.97     0.0255  4.924e-11  1.000e-12  2.031e+00     6.8599     6.8602     0.0003     4.7400     4.7402     29.226     29.905      0.365    1466.07    1466.07  0.000e+00
       2895     30.000    12.6145    12.6156     0.0011    0.91306    0.91309          1     6.9023     6.4264       9.97     0.0258  4.924e-11  1.000e-12  2.031e+00     6.8599     6.8600     0.0001     4.7401     4.7400     29.722     30.412      0.243    1466.08    1466.08  0.000e+00
       2948     30.500    12.6147    12.6140    -0.0007    0.91307    0.91310          1     6.8897     6.4287       9.97     0.0255  4.924e-11  1.000e-12  2.031e+00     6.8599     6.8602     0.0004     4.7400     4.7404     30.217     30.919      0.311    1466.09    1466.08  0.000e+00
       2981     31.000    12.6140    12.6133    -0.0007    0.91307    0.91310          1     6.8893     6.4282       9.97     0.0256  4.924e-11  1.000e-12  2.031e+00     6.8600     6.8603     0.0003     4.7402     4.7406     30.712     31.426      0.337    1466.09    1466.09  0.000e+00
       3028     31.500    12.6090    12.6063    -0.0026    0.91300    0.91301          1     6.8914     6.4249       9.97     0.0254  4.924e-11  1.000e-12  2.031e+00     6.8603     6.8608     0.0005     4.7411     4.7419     31.208     31.933      0.228    1466.08    1466.07  0.000e+00
       3075     32.000    12.6027    12.6009    -0.0018    0.91292    0.91293          1     6.8959     6.4312       9.97     0.0251  4.924e-11  1.000e-12  2.031e+00     6.8607     6.8611     0.0004     4.7423     4.7428     31.703     32.439      0.288    1466.07    1466.06  0.000e+00
       3121     32.500    12.5908    12.5746    -0.0162    0.91271    0.91249          1     6.8941     6.4343       9.97     0.0245  4.924e-11  1.000e-12  2.031e+00     6.8611     6.8622     0.0011     4.7443     4.7474     32.198     32.946      0.236    1466.04    1465.98  0.000e+00
       3168     33.000    12.5511    12.5320    -0.0190    0.91197    0.91177          1     6.9211     6.4493       9.97     0.0246  4.924e-11  1.000e-12  2.031e+00     6.8623     6.8641     0.0018     4.7506     4.7546     32.694     33.453      0.300    1465.90    1465.83  0.000e+00
       3206     33.500    12.5087    12.4877    -0.0211    0.91128    0.91102          1     7.0283     6.5312       9.97     0.0242  4.924e-11  1.000e-12  2.031e+00     6.8643     6.8660     0.0017     4.7580     4.7622     33.189     33.960      0.304    1465.75    1465.68  0.000e+00
       3248     34.000    12.3217    12.1475    -0.1738    0.90771    0.90523          1     6.9667     6.5769       9.97     0.0229  4.924e-11  1.000e-12  2.031e+00     6.8692     6.8808     0.0115     4.7871     4.8191     33.684     34.467      0.277    1465.08    1464.45  0.000e+00
       3291     34.500    11.1913    10.7489    -0.4429    0.88796    0.88197          1     6.8985     6.5010       9.97     0.0214  4.924e-11  1.000e-12  2.031e+00     6.9145     6.9471     0.0326     4.9653     5.0426     34.180     34.974      0.286    1460.92    1459.27  0.000e+00
       3334     35.000    10.0408     9.8092    -0.2314    0.86862    0.86564          1     7.0765     6.6806       9.97     0.0201  4.924e-11  1.000e-12  2.031e+00     6.9676     6.9863     0.0187     5.1388     5.1779     34.675     35.480      0.269    1456.58    1455.70  0.000e+00
       3380     35.500     9.5945     9.4035    -0.1912    0.86120    0.85869          1     7.1268     6.7311       9.97     0.0195  4.924e-11  1.000e-12  2.031e+00     6.9891     7.0043     0.0152     5.2021     5.2331     35.170     35.987      0.249    1454.87    1454.14  0.000e+00
       3431     36.000     9.2660     9.1548    -0.1111    0.85605    0.85481          1     7.1532     6.7160       9.97     0.0195  4.924e-11  1.000e-12  2.031e+00     7.0079     7.0187     0.0109     5.2494     5.2685     35.665     36.494      0.229    1453.60    1453.17  0.000e+00
       3479     36.500     9.1295     9.0650    -0.0646    0.85424    0.85389          1     7.1678     6.7224       9.97     0.0194  4.924e-11  1.000e-12  2.031e+00     7.0185     7.0282     0.0096     5.2708     5.2845     36.161     37.000      0.278    1453.08    1452.84  0.000e+00
       3522     37.000     8.9771     8.8996    -0.0773    0.85186    0.85125          1     7.1869     6.7434       9.97     0.0194  4.924e-11  1.000e-12  2.031e+00     7.0274     7.0373     0.0099     5.2921     5.3070     36.656     37.507      0.275    1452.49    1452.20  0.000e+00
       3564     37.500     8.7972     8.7168    -0.0807    0.84880    0.84806          1     7.1322     6.7054       9.97     0.0195  4.924e-11  1.000e-12  2.031e+00     7.0356     7.0449     0.0093     5.3150     5.3295     37.151     38.013      0.296    1451.79    1451.48  0.000e+00
       3607     38.000     8.5488     8.4807    -0.0680    0.84425    0.84364          1     7.1211     6.6860       9.97     0.0195  4.924e-11  1.000e-12  2.031e+00     7.0442     7.0522     0.0080     5.3439     5.3561     37.647     38.520      0.255    1450.81    1450.54  0.000e+00
       3656     38.500     8.4604     8.4194    -0.0409    0.84290    0.84269          1     7.1216     6.6794       9.97     0.0195  4.924e-11  1.000e-12  2.031e+00     7.0496     7.0558     0.0062     5.3559     5.3643     38.142     39.027      0.258    1450.47    1450.31  0.000e+00
       3699     39.000     8.4287     8.4075    -0.0212    0.84272    0.84281          1     7.1332     6.6819       9.97     0.0195  4.924e-11  1.000e-12  2.031e+00     7.0542     7.0592     0.0051     5.3622     5.3680     38.637     39.533      0.276    1450.35    1450.27  0.000e+00
       3747     39.500     8.4113     8.3959    -0.0154    0.84284    0.84299          1     7.1503     6.6932       9.97     0.0195  4.924e-11  1.000e-12  2.031e+00     7.0588     7.0631     0.0044     5.3673     5.3720     39.133     40.040      0.240    1450.30    1450.24  0.000e+00
       3796     40.000     8.3776     8.3626    -0.0150    0.84267    0.84278          1     7.1982     6.7221       9.97     0.0195  4.924e-11  1.000e-12  2.031e+00     7.0639     7.0678     0.0039     5.3742     5.3785     39.628     40.546      0.270    1450.17    1450.12  0.000e+00
       3835     40.500     8.3119     8.2685    -0.0434    0.84159    0.84125          1     7.2344     6.7545       9.97     0.0195  4.924e-11  1.000e-12  2.031e+00     7.0673     7.0728     0.0056     5.3824     5.3904     40.123     41.053      0.337    1449.92    1449.75  0.000e+00
       3872     41.000     8.1581     8.0856    -0.0726    0.83879    0.83793          1     7.2496     6.7998       9.97     0.0195  4.924e-11  1.000e-12  2.031e+00     7.0727     7.0795     0.0068     5.3995     5.4108     40.618     41.559      0.284    1449.31    1449.02  0.000e+00
       3920     41.500     7.8167     7.6758    -0.1404    0.83217    0.83015          1     7.1848     6.7581       9.97     0.0193  4.924e-11  1.000e-12  2.031e+00     7.0812     7.0913     0.0101     5.4334     5.4522     41.114     42.066      0.243    1447.93    1447.36  0.000e+00
       3966     42.000     7.4400     7.3647    -0.0757    0.82522    0.82440          1     7.2093     6.7672       9.97     0.0196  4.924e-11  1.000e-12  2.031e+00     7.0938     7.1016     0.0078     5.4719     5.4835     41.609     42.572      0.259    1446.40    1446.09  0.000e+00
       4017     42.500     7.3255     7.2695    -0.0559    0.82359    0.82310          1     7.2022     6.7704       9.97     0.0197  4.924e-11  1.000e-12  2.031e+00     7.1021     7.1090     0.0069     5.4867     5.4961     42.104     43.079      0.239    1445.94    1445.71  0.000e+00
       4060     43.000     7.2496     7.2297    -0.0200    0.82281    0.82292          1     7.2029     6.7619       9.97     0.0194  4.924e-11  1.000e-12  2.031e+00     7.1103     7.1155     0.0051     5.4985     5.5040     42.600     43.585      0.305    1445.64    1445.56  0.000e+00
       4103     43.500     7.2451     7.2253    -0.0199    0.82385    0.82414          1     7.1901     6.7355       9.97     0.0186  4.924e-11  1.000e-12  2.031e+00     7.1209     7.1277     0.0068     5.5071     5.5138     43.095     44.092      0.251    1445.64    1445.57  0.000e+00
       4149     44.000     7.2489     7.2448    -0.0041    0.82630    0.82741          1     7.1427     6.7207       9.97     0.0191  4.924e-11  1.000e-12  2.031e+00     7.1428     7.1539     0.0111     5.5240     5.5331     43.590     44.598      0.304    1445.70    1445.69  0.000e+00
       4185     44.500     7.1847     7.0982    -0.0863    0.82974    0.83011          1     6.9935     6.5987       9.97     0.0183  4.924e-11  1.000e-12  2.031e+00     7.1880     7.2096     0.0215     5.5640     5.5869     44.086     45.105      0.328    1445.49    1445.16  0.000e+00
       4228     45.000     6.9392     6.8610    -0.0783    0.82859    0.82833          1     7.0265     6.6199       9.97     0.0181  4.924e-11  1.000e-12  2.031e+00     7.2284     7.2424     0.0140     5.6125     5.6287     44.581     45.611      0.239    1444.52    1444.21  0.000e+00
       4284     45.500     6.4897     6.3392    -0.1507    0.82582    0.82441          1     6.8739     6.5659       9.97     0.0175  4.924e-11  1.000e-12  2.031e+00     7.2975     7.3162     0.0188     5.6948     5.7179     45.076     46.118      0.232    1442.72    1442.10  0.000e+00
       4327     46.000     5.3101     4.9896    -0.3205    0.80360    0.79939          1     6.9021     6.5220       9.97     0.0173  4.924e-11  1.000e-12  2.031e+00     7.3379     7.3670     0.0291     5.7875     5.8244     45.571     46.624      0.312    1437.70    1436.33  0.000e+00
       4369     46.500     4.6223     4.4225    -0.1996    0.79206    0.79002          1     6.9692     6.6351       9.97     0.0166  4.924e-11  1.000e-12  2.031e+00     7.3756     7.3999     0.0243     5.8450     5.8708     46.067     47.130      0.246    1434.73    1433.88  0.000e+00
       4420     47.000     4.3659     4.2777    -0.0880    0.79024    0.79002          1     6.9021     6.5478       9.97     0.0171  4.924e-11  1.000e-12  2.031e+00     7.4148     7.4324     0.0177     5.8844     5.9010     46.562     47.637      0.268    1433.65    1433.28  0.000e+00
       4458     47.500     4.2300     4.1799    -0.0502    0.79038    0.79098          1     6.8392     6.4649       9.97     0.0170  4.924e-11  1.000e-12  2.031e+00     7.4468     7.4642     0.0174     5.9138     5.9291     47.057     48.143      0.331    1433.09    1432.89  0.000e+00
       4498     48.000     4.1713     4.1115    -0.0597    0.79328    0.79425          1     6.6913     6.3340       9.97     0.0167  4.924e-11  1.000e-12  2.031e+00     7.4895     7.5130     0.0236     5.9493     5.9696     47.553     48.649      0.259    1432.89    1432.65  0.000e+00
       4553     48.500     4.1253     4.1107    -0.0147    0.79863    0.80032          1     6.4664     6.1346       9.97     0.0161  4.924e-11  1.000e-12  2.031e+00     7.5542     7.5748     0.0206     6.0020     6.0187     48.048     49.155      0.218    1432.78    1432.74  0.000e+00
       4599     49.000     4.2210     4.2251     0.0041    0.80890    0.81139          1     6.1544     5.8951       9.97     0.0162  4.924e-11  1.000e-12  2.031e+00     7.6363     7.6606     0.0243     6.0646     6.0837     48.543     49.662      0.305    1433.32    1433.37  0.000e+00
       4641     49.500     4.2122     4.1899    -0.0222    0.81523    0.81738          1     5.9008     5.6364       9.97     0.0164  4.924e-11  1.000e-12  2.031e+00     7.7026     7.7296     0.0271     6.1174     6.1395     49.038     50.168      0.229    1433.37    1433.31  0.000e+00
       4702     50.000     4.1874     4.1766    -0.0109    0.81939    0.82067          1     5.7657     5.4415       9.97     0.0163  4.924e-11  1.000e-12  2.031e+00     7.7506     7.7661     0.0156     6.1562     6.1689     49.534     50.674      0.288    1433.33    1433.30  0.000e+00
       4735     50.500     4.1833     4.1751    -0.0082    0.82301    0.82422          1     5.6410     5.3754       9.97     0.0161  4.924e-11  1.000e-12  2.031e+00     7.7883     7.8026     0.0143     6.1863     6.1978     50.029     51.180      0.367    1433.37    1433.35  0.000e+00
       4775     51.000     4.1873     4.1827    -0.0046    0.82658    0.82882          1     5.5213     5.2458       9.97     0.0160  4.924e-11  1.000e-12  2.031e+00     7.8236     7.8475     0.0239     6.2141     6.2333     50.524     51.686      0.243    1433.44    1433.45  0.000e+00
       4830     51.500     4.1972     4.1943    -0.0028    0.83184    0.83316          1     5.3576     5.0759       9.97     0.0159  4.924e-11  1.000e-12  2.031e+00     7.8747     7.8888     0.0141     6.2545     6.2657     51.019     52.192      0.247    1433.56    1433.56  0.000e+00
       4872     52.000     4.2085     4.2055    -0.0031    0.83584    0.83671          1     5.2241     4.9718       9.97     0.0163  4.924e-11  1.000e-12  2.031e+00     7.9126     7.9222     0.0096     6.2842     6.2919     51.515     52.698      0.281    1433.67    1433.66  0.000e+00
       4922     52.500     4.2163     4.2153    -0.0010    0.83871    0.83978          1     5.1188     4.8516       9.97     0.0164  4.924e-11  1.000e-12  2.031e+00     7.9398     7.9510     0.0112     6.3056     6.3145     52.010     53.204      0.224    1433.74    1433.75  0.000e+00
       4971     53.000     4.2253     4.2236    -0.0017    0.84191    0.84260          1     5.0140     4.7522       9.97     0.0162  4.924e-11  1.000e-12  2.031e+00     7.9701     7.9776     0.0075     6.3294     6.3354     52.505     53.711      0.261    1433.83    1433.83  0.000e+00
       5018     53.500     4.2291     4.2269    -0.0023    0.84372    0.84425          1     4.9448     4.6786       9.97     0.0160  4.924e-11  1.000e-12  2.031e+00     7.9876     7.9936     0.0060     6.3431     6.3479     53.001     54.217      0.267    1433.88    1433.88  0.000e+00
       5057     54.000     4.2362     4.2337    -0.0024    0.84534    0.84598          1     4.8935     4.6308       9.97     0.0160  4.924e-11  1.000e-12  2.031e+00     8.0023     8.0094     0.0071     6.3546     6.3603     53.496     54.723      0.352    1433.94    1433.93  0.000e+00
       5091     54.500     4.2479     4.2575     0.0096    0.84894    0.85138          1     4.8013     4.5513       9.97     0.0160  4.924e-11  1.000e-12  2.031e+00     8.0360     8.0585     0.0225     6.3810     6.3985     53.991     55.229      0.280    1434.04    1434.11  0.000e+00
       5163     55.000     4.3087     4.3390     0.0303    0.85937    0.86170          1     4.5526     4.2885       9.97     0.0159  4.924e-11  1.000e-12  2.031e+00     8.1271     8.1433     0.0162     6.4514     6.4632     54.486     55.735      0.290    1434.44    1434.59  0.000e+00
       5197     55.500     4.4180     4.4041    -0.0138    0.87123    0.87338          1     4.3547     4.1702       9.97     0.0161  4.924e-11  1.000e-12  2.031e+00     8.2204     8.2457     0.0253     6.5219     6.5424     54.982     56.241      0.367    1435.05    1435.02  0.000e+00
       5242     56.000     4.3403     4.3030    -0.0373    0.87374    0.87545          1     4.1574     3.9572       9.97     0.0167  4.924e-11  1.000e-12  2.031e+00     8.2653     8.2921     0.0268     6.5600     6.5824     55.477     56.747      0.231    1434.77    1434.64  0.000e+00
