ctdpy/tests/etc/all_smhi_bas_2018/SBE09_1044_20181207_0008_34_01_0160.cnv
* Sea-Bird SBE 9 Data File:
* FileName = C:\ctd\temp\ar18d160.hex
* Software Version Seasave V 7.26.7.107
* Temperature SN = 5351
* Conductivity SN = 3941
* Number of Bytes Per Scan = 41
* Number of Voltage Words = 4
* Number of Scans Averaged by the Deck Unit = 1
* NMEA Latitude = 55 00.98 N
* NMEA Longitude = 013 18.06 E
* NMEA UTC (Time) = Dec 07 2018  00:08:53
* NMEA baud rate = 4800
** Station:  BY1
** Operator:  JKro
** Ship: ARANDA
** Average sound velocity: 1449.10 m/s
** True-depth calculation Sun, 09 Dec 2018 15:04:12 +0000
** CTD Python Module SMHI /ver 3-12/ feb 2012 
** LIMS Job: 20183401-0160
** Cruise: SMHI-7-2018
** Latitude [GG MM.mm N]:
** Longitude [GG MM.mm E]
# nquan = 26
# nvalues = 79                          
# units = specified
# name 0 = scan: Scan Count
# name 1 = prDM: Pressure, Digiquartz [db]
# name 2 = t090C: Temperature [ITS-90, deg C]
# name 3 = t190C: Temperature, 2 [ITS-90, deg C]
# name 4 = T2-T190C: Temperature Difference, 2 - 1 [ITS-90, deg C]
# name 5 = c0S/m: Conductivity [S/m]
# name 6 = c1S/m: Conductivity, 2 [S/m]
# name 7 = pumps: Pump Status
# name 8 = sbeox0ML/L: Oxygen, SBE 43 [ml/l]
# name 9 = sbeox1ML/L: Oxygen, SBE 43, 2 [ml/l]
# name 10 = altM: Altimeter [m]
# name 11 = flECO-AFL: Chl-a Fluorescence, WET Labs ECO-AFL/FL [mg/m^3]
# name 12 = flECO-AFL1: Phycocyanin Fluorescence, WET Labs ECO-AFL/FL, 2 [mg/m^3]
# name 13 = par: PAR/Irradiance, Biospherical/Lico [µE/(cm^2*s)]
# name 14 = turbWETntu0: Turbidity, WET Labs ECO [NTU]
# name 15 = sal00: Salinity, Practical [PSU]
# name 16 = sal11: Salinity, Practical, 2 [PSU]
# name 17 = secS-priS: Salinity, Practical, Difference, 2 - 1 [PSU]
# name 18 = sigma-t00: Density [sigma-t, Kg/m^3 ]
# name 19 = sigma-t11: Density, 2 [sigma-t, Kg/m^3 ]
# name 20 = depSM: Depth [salt water, m], lat = 55.0163
# name 21 = depFM: Depth [true depth, m], lat = 55.0163
# name 22 = dz/dtM: Descent Rate [m/s], WS = 2
# name 23 = svCM: Sound Velocity [Chen-Millero, m/s]
# name 24 = svCM1: Sound Velocity, 2 [Chen-Millero, m/s]
# name 25 = flag: flag
# span 0 =      24290,      28851       
# span 1 =      1.500,     40.500       
# span 2 =     7.1524,     8.4644       
# span 3 =     7.1535,     8.4647       
# span 4 =    -0.0247,     0.0168       
# span 5 =   0.974539,   2.643041       
# span 6 =   0.974519,   2.638302       
# span 7 =          1,          1       
# span 8 =    6.21498,    7.81733       
# span 9 =    6.22099,    7.83394       
# span 10 =       2.73,      42.53      
# span 11 =     0.5249,     1.0575      
# span 12 =     0.2329,     0.3938      
# span 13 = -1.513e-04, 1.3988e-02      
# span 14 =     0.3598,     4.5055      
# span 15 =     8.5362,    24.3735      
# span 16 =     8.5357,    24.3240      
# span 17 =    -0.0624,     0.2974      
# span 18 =     6.6177,    18.8833      
# span 19 =     6.6173,    18.8444      
# span 20 =      1.486,     40.131      
# span 21 =      1.518,     40.946      
# span 22 =     -0.084,      0.773      
# span 23 =    1446.80,    1471.78      
# span 24 =    1446.81,    1471.74      
# span 25 = 0.0000e+00, 0.0000e+00      
# interval = decibars: 0.5              
# start_time = Dec 07 2018 00:08:54 [NMEA time, first data scan]
# bad_flag = -9.990e-29
*END*
      24290      1.500     7.2666     7.2625    -0.0041    0.97517    0.97506          1     7.8147     7.8275      42.43     0.9319     0.3758  8.665e-03  0.3836000     8.5382     8.5382     0.0000     6.6179     6.6183      1.486      1.518      0.307    1446.83    1446.81  0.000e+00
      24305      2.000     7.2670     7.2667    -0.0004    0.97516    0.97514          1     7.8138     7.8252      42.53     0.9246     0.3371 -1.513e-04  0.4019000     8.5380     8.5378    -0.0001     6.6177     6.6176      1.982      2.024      0.773    1446.84    1446.84  0.000e+00
      24357      2.500     7.2647     7.2638    -0.0010    0.97512    0.97510          1     7.8145     7.8236      42.45     0.9148     0.3303  5.509e-03  0.4016000     8.5381     8.5382     0.0000     6.6180     6.6181      2.477      2.530      0.536    1446.84    1446.84  0.000e+00
      24617      3.000     7.2533     7.2560     0.0027    0.97486    0.97498          1     7.8166     7.8267      22.34     0.9598     0.3353  1.399e-02  0.3686000     8.5384     8.5388     0.0004     6.6191     6.6192      2.973      3.036      0.261    1446.80    1446.81  0.000e+00
      24653      3.500     7.2548     7.2583     0.0035    0.97503    0.97521          1     7.8151     7.8262      28.55     0.9721     0.3482  7.991e-03  0.3771000     8.5395     8.5404     0.0008     6.6198     6.6202      3.468      3.541      0.463    1446.82    1446.83  0.000e+00
      24687      4.000     7.2546     7.2570     0.0024    0.97509    0.97514          1     7.8105     7.8339      23.78     0.9653     0.2870  3.748e-04  0.4000000     8.5401     8.5400    -0.0001     6.6203     6.6201      3.964      4.047      0.318    1446.82    1446.83  0.000e+00
      24726      4.500     7.2555     7.2582     0.0027    0.97520    0.97532          1     7.8060     7.8222      33.92     0.9838     0.3512 -6.136e-06  0.3804000     8.5409     8.5413     0.0004     6.6208     6.6210      4.459      4.553      0.465    1446.84    1446.85  0.000e+00
      24750      5.000     7.2542     7.2575     0.0034    0.97509    0.97523          1     7.8080     7.8260      38.00     0.9665     0.3398  1.000e-12  0.3963000     8.5401     8.5405     0.0005     6.6203     6.6204      4.955      5.059      0.365    1446.84    1446.85  0.000e+00
      24811      5.500     7.2490     7.2528     0.0038    0.97473    0.97491          1     7.8153     7.8266      39.19     0.9702     0.3767  1.000e-12  0.3660000     8.5379     8.5386     0.0007     6.6190     6.6193      5.450      5.565      0.423    1446.82    1446.84  0.000e+00
      24829      6.000     7.2477     7.2497     0.0020    0.97458    0.97463          1     7.8144     7.8276      28.67     0.9599     0.3071  1.000e-12  0.3878000     8.5368     8.5367    -0.0001     6.6182     6.6180      5.946      6.071      0.612    1446.82    1446.83  0.000e+00
      24850      6.500     7.2481     7.2492     0.0011    0.97454    0.97452          1     7.8163     7.8253      30.38     0.9539     0.3177  1.000e-12  0.4033000     8.5362     8.5357    -0.0005     6.6177     6.6173      6.441      6.577      0.464    1446.83    1446.84  0.000e+00
      24895      7.000     7.2479     7.2496     0.0017    0.97456    0.97459          1     7.8173     7.8337      36.78     0.9851     0.3437  1.000e-12  0.3891000     8.5364     8.5362    -0.0001     6.6179     6.6176      6.937      7.083      0.268    1446.84    1446.85  0.000e+00
      24929      7.500     7.2723     7.2874     0.0150    0.97683    0.97812          1     7.8077     7.8198      37.15     0.9937     0.3391  1.000e-12  0.3997000     8.5517     8.5601     0.0084     6.6281     6.6335      7.432      7.589      0.522    1446.97    1447.04  0.000e+00
      24949      8.000     7.3051     7.3035    -0.0016    0.97987    0.97955          1     7.8004     7.8048      36.78     0.9942     0.3206  1.000e-12  0.4245000     8.5722     8.5695    -0.0027     6.6417     6.6397      7.928      8.095      0.588    1447.14    1447.13  0.000e+00
      24970      8.500     7.2812     7.2910     0.0097    0.97780    0.97847          1     7.7963     7.8096      36.30     0.9754     0.3357  1.000e-12  0.4028000     8.5584     8.5624     0.0039     6.6327     6.6350      8.423      8.601      0.480    1447.03    1447.07  0.000e+00
      25010      9.000     7.2934     7.2912    -0.0021    0.97858    0.97870          1     7.8009     7.8164      35.65     0.9891     0.3938  1.000e-12  0.3991000     8.5628     8.5645     0.0017     6.6352     6.6367      8.919      9.107      0.276    1447.09    1447.09  0.000e+00
      25049      9.500     7.2954     7.2950    -0.0004    0.97891    0.97884          1     7.7953     7.8123      35.13     1.0575     0.3780  1.000e-12  0.4468000     8.5653     8.5647    -0.0006     6.6370     6.6366      9.414      9.612      0.515    1447.11    1447.11  0.000e+00
      25068     10.000     7.2904     7.2945     0.0040    0.97843    0.97868          1     7.7976     7.8153      34.73     1.0103     0.3670  1.000e-12  0.4096000     8.5619     8.5633     0.0014     6.6347     6.6355      9.910     10.118      0.626    1447.10    1447.11  0.000e+00
      25087     10.500     7.2773     7.2779     0.0006    0.97764    0.97748          1     7.7977     7.8213      34.27     0.9627     0.3302  1.000e-12  0.3961000     8.5576     8.5560    -0.0017     6.6324     6.6310     10.405     10.624      0.535    1447.04    1447.04  0.000e+00
      25119     11.000     7.2749     7.2713    -0.0036    0.97727    0.97671          1     7.7948     7.8179      33.62     0.9690     0.3335  1.000e-12  0.3956000     8.5547     8.5503    -0.0044     6.6302     6.6271     10.901     11.130      0.317    1447.04    1447.02  0.000e+00
      25157     11.500     7.2774     7.2799     0.0025    0.97769    0.97792          1     7.8032     7.8101      31.59     1.0061     0.3268  1.000e-12  0.3930000     8.5580     8.5595     0.0015     6.6326     6.6336     11.396     11.636      0.419    1447.06    1447.07  0.000e+00
      25181     12.000     7.3063     7.2955    -0.0109    0.97894    0.97871          1     7.8021     7.8073       6.54     0.9824     0.3257  1.000e-12  0.4039000     8.5626     8.5631     0.0005     6.6341     6.6353     11.891     12.142      0.528    1447.19    1447.15  0.000e+00
      25204     12.500     7.3158     7.3184     0.0026    0.97928    0.98002          1     7.8031     7.8118      10.98     0.9600     0.3370  1.000e-12  0.3946000     8.5633     8.5696     0.0063     6.6339     6.6387     12.387     12.648      0.494    1447.24    1447.26  0.000e+00
      25231     13.000     7.3300     7.3311     0.0010    0.98123    0.98155          1     7.7909     7.7968      17.05     0.9457     0.3516  1.000e-12  0.3958000     8.5781     8.5809     0.0028     6.6444     6.6465     12.882     13.154      0.395    1447.33    1447.34  0.000e+00
      25265     13.500     7.3163     7.3182     0.0018    0.98076    0.98069          1     7.7831     7.7894      27.58     0.9519     0.3717  1.000e-12  0.3998000     8.5770     8.5759    -0.0011     6.6446     6.6436     13.378     13.660      0.333    1447.28    1447.28  0.000e+00
      25300     14.000     7.3146     7.3094    -0.0052    0.98156    0.98068          1     7.7781     7.7917      29.69     0.9422     0.3920  1.000e-12  0.3770000     8.5849     8.5778    -0.0070     6.6509     6.6458     13.873     14.166      0.400    1447.29    1447.26  0.000e+00
      25326     14.500     7.3359     7.3204    -0.0153    0.98543    0.98221          1     7.7739     7.8018      14.05     0.9376     0.3824  1.000e-12  0.4324000     8.6160     8.5895    -0.0265     6.6737     6.6542     14.369     14.672      0.494    1447.42    1447.33  0.000e+00
      25350     15.000     7.3343     7.3252    -0.0091    0.98512    0.98343          1     7.7672     7.7946      25.77     0.9488     0.3194  1.000e-12  0.4153000     8.6134     8.5997    -0.0137     6.6718     6.6618     14.864     15.177      0.455    1447.42    1447.37  0.000e+00
      25381     15.500     7.3504     7.3517     0.0014    0.98762    0.98763          1     7.7639     7.7783      28.97     0.8915     0.3208  1.000e-12  0.3991000     8.6329     8.6326    -0.0003     6.6859     6.6856     15.360     15.683      0.376    1447.52    1447.53  0.000e+00
      25412     16.000     7.3504     7.3516     0.0011    0.98769    0.98767          1     7.7581     7.7673      28.47     0.8778     0.3209  1.000e-12  0.3856000     8.6334     8.6330    -0.0004     6.6863     6.6859     15.855     16.189      0.438    1447.53    1447.53  0.000e+00
      25437     16.500     7.3478     7.3513     0.0035    0.98773    0.98779          1     7.7489     7.7609      27.97     0.8911     0.3023  1.000e-12  0.3925000     8.6344     8.6342    -0.0003     6.6873     6.6868     16.351     16.695      0.471    1447.53    1447.54  0.000e+00
      25464     17.000     7.3168     7.3200     0.0033    0.98678    0.98683          1     7.7576     7.7717      27.43     0.8832     0.2848  1.000e-12  0.4041000     8.6331     8.6328    -0.0003     6.6886     6.6881     16.846     17.201      0.394    1447.40    1447.42  0.000e+00
      25496     17.500     7.3136     7.3150     0.0014    0.98671    0.98672          1     7.7670     7.7814      26.87     0.8900     0.3139  1.000e-12  0.4008000     8.6332     8.6330    -0.0002     6.6889     6.6886     17.341     17.707      0.415    1447.40    1447.41  0.000e+00
      25522     18.000     7.3172     7.3183     0.0011    0.98704    0.98703          1     7.7685     7.7826      26.44     0.8645     0.3151  1.000e-12  0.3985000     8.6354     8.6350    -0.0004     6.6903     6.6900     17.837     18.213      0.483    1447.42    1447.43  0.000e+00
      25548     18.500     7.3141     7.3161     0.0021    0.98713    0.98714          1     7.7607     7.7826      25.88     0.8545     0.2684  1.000e-12  0.4144000     8.6369     8.6365    -0.0004     6.6918     6.6913     18.332     18.719      0.396    1447.42    1447.43  0.000e+00
      25583     19.000     7.2971     7.3001     0.0030    0.98663    0.98668          1     7.7689     7.7898      25.33     0.8907     0.2876  1.000e-12  0.4301000     8.6363     8.6361    -0.0003     6.6926     6.6922     18.828     19.225      0.354    1447.36    1447.37  0.000e+00
      25613     19.500     7.2890     7.2898     0.0008    0.98641    0.98637          1     7.7756     7.7931       5.50     0.8858     0.3222  1.000e-12  0.3933000     8.6362     8.6357    -0.0005     6.6931     6.6927     19.323     19.730      0.458    1447.33    1447.34  0.000e+00
      25637     20.000     7.2894     7.2902     0.0008    0.98647    0.98645          1     7.7766     7.7837       4.39     0.8490     0.3230  1.000e-12  0.3952000     8.6366     8.6362    -0.0004     6.6934     6.6930     19.819     20.236      0.502    1447.34    1447.35  0.000e+00
      25662     20.500     7.2865     7.2872     0.0007    0.98642    0.98637          1     7.7745     7.7834       3.99     0.8702     0.3428  1.000e-12  0.3860000     8.6367     8.6361    -0.0006     6.6937     6.6932     20.314     20.742      0.444    1447.34    1447.34  0.000e+00
      25692     21.000     7.2860     7.2871     0.0012    0.98643    0.98641          1     7.7763     7.7918      12.85     0.8857     0.3381  1.000e-12  0.3910000     8.6369     8.6365    -0.0004     6.6939     6.6935     20.810     21.248      0.384    1447.35    1447.35  0.000e+00
      25722     21.500     7.2830     7.2869     0.0038    0.98634    0.98643          1     7.7690     7.7953      19.23     0.8975     0.3608  1.000e-12  0.4194000     8.6368     8.6366    -0.0001     6.6940     6.6936     21.305     21.754      0.424    1447.34    1447.36  0.000e+00
      25749     22.000     7.2805     7.2837     0.0032    0.98627    0.98633          1     7.7692     7.7928       7.06     0.8899     0.3200  1.000e-12  0.4247000     8.6366     8.6364    -0.0002     6.6941     6.6937     21.800     22.260      0.469    1447.34    1447.35  0.000e+00
      25775     22.500     7.2764     7.2788     0.0024    0.98613    0.98617          1     7.7729     7.7822      12.39     0.8884     0.3216  1.000e-12  0.4154000     8.6363     8.6361    -0.0002     6.6941     6.6938     22.296     22.766      0.435    1447.33    1447.34  0.000e+00
      25806     23.000     7.2773     7.2786     0.0013    0.98620    0.98620          1     7.7791     7.7922      16.66     0.8958     0.3021  1.000e-12  0.4066000     8.6367     8.6363    -0.0004     6.6944     6.6940     22.791     23.272      0.360    1447.34    1447.35  0.000e+00
      25839     23.500     7.2840     7.2833    -0.0007    0.98652    0.98642          1     7.7734     7.7942       9.07     0.8943     0.3199  1.000e-12  0.4266000     8.6380     8.6372    -0.0008     6.6949     6.6943     23.287     23.777      0.423    1447.38    1447.38  0.000e+00
      25863     24.000     7.2824     7.2834     0.0010    0.98658    0.98656          1     7.7672     7.7908      14.59     0.8832     0.3454  1.000e-12  0.3845000     8.6388     8.6384    -0.0004     6.6957     6.6953     23.782     24.283      0.516    1447.38    1447.39  0.000e+00
      25887     24.500     7.2589     7.2606     0.0017    0.98594    0.98596          1     7.7716     7.7865      19.36     0.8603     0.3317  1.000e-12  0.4164000     8.6386     8.6383    -0.0003     6.6973     6.6969     24.278     24.789      0.453    1447.29    1447.30  0.000e+00
      25918     25.000     7.2522     7.2536     0.0014    0.98584    0.98584          1     7.7814     7.7937      19.05     0.8822     0.3134  1.000e-12  0.4137000     8.6393     8.6388    -0.0004     6.6983     6.6979     24.773     25.295      0.362    1447.27    1447.28  0.000e+00
      25949     25.500     7.2530     7.2543     0.0013    0.98600    0.98600          1     7.7842     7.7991      18.57     0.8871     0.3509  1.000e-12  0.4067000     8.6405     8.6401    -0.0003     6.6991     6.6988     25.269     25.801      0.471    1447.29    1447.29  0.000e+00
      25971     26.000     7.2434     7.2446     0.0013    0.98581    0.98580          1     7.7855     7.8036      18.15     0.8874     0.3317  1.000e-12  0.3966000     8.6410     8.6406    -0.0004     6.7003     6.6999     25.764     26.307      0.537    1447.25    1447.26  0.000e+00
      25994     26.500     7.2421     7.2434     0.0014    0.98599    0.98598          1     7.7845     7.8001      17.61     0.8552     0.3217  1.000e-12  0.4223000     8.6430     8.6425    -0.0004     6.7019     6.7015     26.259     26.813      0.478    1447.26    1447.27  0.000e+00
      26025     27.000     7.2339     7.2354     0.0016    0.98606    0.98606          1     7.7799     7.7983      17.01     0.8449     0.3897  1.000e-12  0.4202000     8.6456     8.6452    -0.0004     6.7046     6.7042     26.755     27.319      0.342    1447.24    1447.24  0.000e+00
      26064     27.500     7.2332     7.2340     0.0008    0.98630    0.98627          1     7.7871     7.8098      16.44     0.8228     0.2918  1.000e-12  0.4024000     8.6479     8.6475    -0.0004     6.7065     6.7061     27.250     27.824      0.345    1447.24    1447.25  0.000e+00
      26092     28.000     7.2378     7.2389     0.0011    0.98655    0.98655          1     7.7857     7.8059      15.99     0.8093     0.3137  1.000e-12  0.3847000     8.6492     8.6488    -0.0003     6.7071     6.7068     27.746     28.330      0.486    1447.27    1447.28  0.000e+00
      26115     28.500     7.2354     7.2372     0.0018    0.98649    0.98650          1     7.7815     7.8115      15.54     0.7883     0.3492  1.000e-12  0.4122000     8.6491     8.6487    -0.0004     6.7072     6.7068     28.241     28.836      0.508    1447.27    1447.28  0.000e+00
