ctdpy/tests/etc/all_smhi_bas_2018/SBE09_1044_20180924_0225_34_01_0044.cnv
* Sea-Bird SBE 9 Data File:
* FileName = C:\ctd\temp\2018\AR18D044.hex
* Software Version Seasave V 7.26.6.26
* Temperature SN = 5351
* Conductivity SN = 3941
* Number of Bytes Per Scan = 41
* Number of Voltage Words = 4
* Number of Scans Averaged by the Deck Unit = 1
* NMEA Latitude = 58 17.07 N
* NMEA Longitude = 010 30.26 E
* NMEA UTC (Time) = Sep 24 2018  02:25:02
* NMEA baud rate = 4800
** Station:  Å17
** Operator:  Obac
** Ship: ARANDA
** Average sound velocity: 1483.92 m/s
** True-depth calculation Mon, 24 Sep 2018 03:53:07 +0000
** CTD Python Module SMHI /ver 3-12/ feb 2012 
** LIMS Job: 20183401-0044
** Cruise: SMHI-02-2018
** Latitude [GG MM.mm N] :
** Longitude [GG MM.mm E]:
# nquan = 26
# nvalues = 699                         
# units = specified
# name 0 = scan: Scan Count
# name 1 = prDM: Pressure, Digiquartz [db]
# name 2 = t090C: Temperature [ITS-90, deg C]
# name 3 = t190C: Temperature, 2 [ITS-90, deg C]
# name 4 = T2-T190C: Temperature Difference, 2 - 1 [ITS-90, deg C]
# name 5 = c0S/m: Conductivity [S/m]
# name 6 = c1S/m: Conductivity, 2 [S/m]
# name 7 = pumps: Pump Status
# name 8 = sbeox0ML/L: Oxygen, SBE 43 [ml/l]
# name 9 = sbeox1ML/L: Oxygen, SBE 43, 2 [ml/l]
# name 10 = altM: Altimeter [m]
# name 11 = flECO-AFL: Chl-a Fluorescence, WET Labs ECO-AFL/FL [mg/m^3]
# name 12 = flECO-AFL1: Phycocyanin Fluorescence, WET Labs ECO-AFL/FL, 2 [mg/m^3]
# name 13 = par: PAR/Irradiance, Biospherical/Lico [µE/(cm^2*s)]
# name 14 = turbWETntu0: Turbidity, WET Labs ECO [NTU]
# name 15 = sal00: Salinity, Practical [PSU]
# name 16 = sal11: Salinity, Practical, 2 [PSU]
# name 17 = secS-priS: Salinity, Practical, Difference, 2 - 1 [PSU]
# name 18 = sigma-t00: Density [sigma-t, Kg/m^3 ]
# name 19 = sigma-t11: Density, 2 [sigma-t, Kg/m^3 ]
# name 20 = depSM: Depth [salt water, m], lat = 58.2845
# name 21 = depFM: Depth [true depth, m], lat = 58.2845
# name 22 = dz/dtM: Descent Rate [m/s], WS = 2
# name 23 = svCM: Sound Velocity [Chen-Millero, m/s]
# name 24 = svCM1: Sound Velocity, 2 [Chen-Millero, m/s]
# name 25 = flag: flag
# span 0 =      31822,      46290       
# span 1 =      2.000,    351.000       
# span 2 =     6.2336,    13.9834       
# span 3 =     6.2359,    13.9827       
# span 4 =    -0.1679,     0.1369       
# span 5 =   3.487019,   3.962252       
# span 6 =   3.487131,   3.962391       
# span 7 =          1,          1       
# span 8 =    5.49261,    6.26747       
# span 9 =    3.52079,    4.11344       
# span 10 =       0.00,      99.50      
# span 11 =     0.0157,     0.9418      
# span 12 =     0.1335,     0.3260      
# span 13 = 1.0000e-12, 1.0000e-12      
# span 14 =     0.1078,     0.7324      
# span 15 =    32.5937,    35.1561      
# span 16 =    32.5931,    35.1548      
# span 17 =    -0.0135,     0.2352      
# span 18 =    24.3321,    27.6386      
# span 19 =    24.3314,    27.6374      
# span 20 =      1.981,    347.445      
# span 21 =      1.989,    348.058      
# span 22 =     -0.253,      1.278      
# span 23 =    1479.84,    1500.96      
# span 24 =    1479.84,    1500.98      
# span 25 = 0.0000e+00, 0.0000e+00      
# interval = decibars: 0.5              
# start_time = Sep 24 2018 02:25:02 [NMEA time, first data scan]
# bad_flag = -9.990e-29
*END*
[from data line 56]
      33076     30.000    13.8667    13.8687     0.0019    3.92820    3.92832          1     5.7585     3.5706      97.34     0.8993     0.2855  1.000e-12  0.2181000    32.6366    32.6361    -0.0005    24.3886    24.3878     29.719     29.830      0.774    1500.76    1500.77  0.000e+00
      33089     30.500    13.8689    13.8792     0.0097    3.92827    3.92881          1     5.7515     3.5758      97.36     0.8980     0.3256  1.000e-12  0.2263000    32.6352    32.6315    -0.0037    24.3871    24.3821     30.214     30.327      0.935    1500.77    1500.80  0.000e+00
      33101     31.000    13.7699    13.7737     0.0043    3.92285    3.92310          1     5.7555     3.5780      97.34     0.8952     0.3034  1.000e-12  0.2286000    32.6690    32.6681    -0.0009    24.4335    24.4320     30.710     30.824      1.000    1500.50    1500.51  0.000e+00
      33112     31.500    13.6727    13.6753     0.0028    3.91790    3.91808          1     5.7622     3.5762      97.35     0.8952     0.2806  1.000e-12  0.2320000    32.7057    32.7052    -0.0006    24.4816    24.4806     31.205     31.321      0.958    1500.23    1500.24  0.000e+00
      33126     32.000    13.6029    13.6052     0.0022    3.91426    3.91439          1     5.7693     3.5701      97.34     0.8952     0.2795  1.000e-12  0.2369000    32.7314    32.7306    -0.0007    24.5156    24.5145     31.700     31.818      0.785    1500.04    1500.04  0.000e+00
      33147     32.500    13.5627    13.5624    -0.0003    3.91226    3.91236          1     5.7821     3.5644      97.33     0.8671     0.2799  1.000e-12  0.2368000    32.7469    32.7482     0.0013    24.5357    24.5368     32.196     32.315      0.466    1499.93    1499.93  0.000e+00
      33181     33.000    13.5378    13.5405     0.0026    3.91136    3.91151          1     5.7995     3.5563      97.33     0.8680     0.2799  1.000e-12  0.2386000    32.7597    32.7589    -0.0008    24.5506    24.5495     32.691     32.813      0.415    1499.87    1499.88  0.000e+00
      33204     33.500    13.5303    13.5324     0.0021    3.91188    3.91209          1     5.7831     3.5630      97.34     0.8463     0.2914  1.000e-12  0.2046000    32.7708    32.7709     0.0001    24.5608    24.5604     33.186     33.310      0.592    1499.87    1499.88  0.000e+00
      33222     34.000    13.5209    13.5229     0.0020    3.91217    3.91231          1     5.7792     3.5650      97.35     0.8045     0.3074  1.000e-12  0.2203000    32.7814    32.7810    -0.0004    24.5708    24.5701     33.681     33.807      0.607    1499.86    1499.86  0.000e+00
      33244     34.500    13.5067    13.5089     0.0022    3.91232    3.91243          1     5.7836     3.5595      97.32     0.7753     0.2806  1.000e-12  0.2284000    32.7948    32.7940    -0.0008    24.5840    24.5829     34.177     34.304      0.526    1499.84    1499.84  0.000e+00
      33269     35.000    13.4859    13.4852    -0.0007    3.91160    3.91170          1     5.7745     3.5602      97.33     0.7821     0.2804  1.000e-12  0.2215000    32.8058    32.8072     0.0015    24.5967    24.5980     34.672     34.801      0.459    1499.79    1499.79  0.000e+00
      33295     35.500    13.4155    13.4095    -0.0059    3.91171    3.91194          1     5.7610     3.5505      97.33     0.7602     0.2798  1.000e-12  0.2223000    32.8672    32.8745     0.0073    24.6584    24.6652     35.167     35.298      0.488    1499.64    1499.62  0.000e+00
      33318     36.000    13.3112    13.3147     0.0035    3.91298    3.91317          1     5.7761     3.5355      97.34     0.7265     0.2542  1.000e-12  0.2181000    32.9690    32.9678    -0.0012    24.7580    24.7564     35.662     35.795      0.639    1499.42    1499.43  0.000e+00
      33334     36.500    13.2470    13.2492     0.0022    3.91407    3.91419          1     5.7834     3.5341      97.33     0.7120     0.2590  1.000e-12  0.2120000    33.0348    33.0339    -0.0008    24.8217    24.8207     36.158     36.292      0.807    1499.29    1499.30  0.000e+00
      33348     37.000    13.2322    13.2340     0.0017    3.91338    3.91351          1     5.7841     3.5352      97.36     0.6121     0.2807  1.000e-12  0.2169000    33.0409    33.0406    -0.0003    24.8294    24.8288     36.653     36.789      0.917    1499.26    1499.26  0.000e+00
      33360     37.500    13.2246    13.2265     0.0019    3.91344    3.91357          1     5.7898     3.5307      97.33     0.5984     0.2804  1.000e-12  0.2171000    33.0479    33.0475    -0.0004    24.8363    24.8356     37.148     37.286      0.950    1499.25    1499.26  0.000e+00
      33372     38.000    13.2206    13.2223     0.0017    3.91435    3.91447          1     5.7964     3.5237      22.03     0.5648     0.2804  1.000e-12  0.2222000    33.0596    33.0593    -0.0003    24.8462    24.8457     37.644     37.782      0.891    1499.26    1499.26  0.000e+00
      33387     38.500    13.2219    13.2235     0.0016    3.91639    3.91655          1     5.7996     3.5208      71.42     0.5595     0.2741  1.000e-12  0.2216000    33.0776    33.0777     0.0001    24.8599    24.8596     38.139     38.279      0.693    1499.29    1499.30  0.000e+00
      33416     39.000    13.2303    13.2284    -0.0020    3.91833    3.91878          1     5.8195     3.5421      94.96     0.5895     0.2738  1.000e-12  0.2059000    33.0884    33.0942     0.0058    24.8665    24.8714     38.634     38.776      0.340    1499.34    1499.34  0.000e+00
      33457     39.500    13.2066    13.1931    -0.0134    3.92108    3.92260          1     5.8021     3.5658      64.54     0.5728     0.1939  1.000e-12  0.1936000    33.1347    33.1608     0.0261    24.9071    24.9300     39.129     39.273      0.433    1499.32    1499.31  0.000e+00
      33478     40.000    13.1010    13.1014     0.0006    3.92687    3.92700          1     5.7539     3.5557      97.91     0.5660     0.2933  1.000e-12  0.2186000    33.2815    33.2824     0.0009    25.0418    25.0424     39.625     39.770      0.600    1499.15    1499.16  0.000e+00
      33497     40.500    12.6727    12.6886     0.0157    3.91647    3.91678          1     5.8178     3.5595      97.34     0.5689     0.2852  1.000e-12  0.2145000    33.5614    33.5502    -0.0112    25.3428    25.3310     40.120     40.267      0.649    1498.06    1498.10  0.000e+00
      33515     41.000    12.2084    12.2154     0.0071    3.90724    3.90755          1     5.9336     3.5634      97.33     0.5668     0.2705  1.000e-12  0.2032000    33.8894    33.8861    -0.0033    25.6868    25.6829     40.615     40.763      0.649    1496.88    1496.91  0.000e+00
      33534     41.500    12.0906    12.0934     0.0028    3.91456    3.91476          1     6.0202     3.5633      97.35     0.5573     0.2362  1.000e-12  0.1994000    34.0672    34.0665    -0.0007    25.8474    25.8463     41.110     41.260      0.648    1496.71    1496.71  0.000e+00
      33552     42.000    12.0420    12.0421     0.0001    3.92244    3.92284          1     6.0657     3.5574      97.36     0.4999     0.2481  1.000e-12  0.1798000    34.1879    34.1917     0.0038    25.9504    25.9533     41.606     41.756      0.690    1496.69    1496.70  0.000e+00
      33568     42.500    11.9921    11.9939     0.0019    3.93764    3.93786          1     6.0729     3.5440      97.33     0.4786     0.2593  1.000e-12  0.1751000    34.3815    34.3821     0.0005    26.1102    26.1103     42.101     42.253      0.763    1496.76    1496.77  0.000e+00
      33583     43.000    11.9179    11.9180     0.0000    3.94592    3.94608          1     6.0972     3.5343      97.36     0.4507     0.2802  1.000e-12  0.1756000    34.5307    34.5323     0.0015    26.2402    26.2414     42.596     42.749      0.798    1496.69    1496.70  0.000e+00
      33598     43.500    11.8260    11.8259    -0.0001    3.95270    3.95294          1     6.2045     3.5478      97.34     0.4144     0.2651  1.000e-12  0.1666000    34.6825    34.6848     0.0023    26.3755    26.3773     43.091     43.245      0.736    1496.57    1496.57  0.000e+00
      33617     44.000    11.6748    11.6688    -0.0059    3.96225    3.96239          1     6.2675     3.5481      97.34     0.3712     0.2429  1.000e-12  0.1554000    34.9177    34.9248     0.0070    26.5869    26.5935     43.587     43.741      0.519    1496.34    1496.33  0.000e+00
      33655     44.500    11.8744    11.7065    -0.1679    3.95129    3.95931          1     6.1365     3.5425      97.33     0.3158     0.1905  1.000e-12  0.1294000    34.6239    34.8591     0.2352    26.3208    26.5353     44.082     44.237      0.288    1496.68    1496.39  0.000e+00
      33686     45.000    11.5387    11.5453     0.0063    3.96053    3.96009          1     6.1836     3.5452      97.34     0.3087     0.1926  1.000e-12  0.1263000    35.0286    35.0182    -0.0104    26.6986    26.6893     44.577     44.734      0.635    1496.02    1496.03  0.000e+00
      33701     45.500    11.5180    11.5195     0.0015    3.95831    3.95841          1     6.1857     3.5434      97.33     0.3160     0.2109  1.000e-12  0.1205000    35.0262    35.0258    -0.0004    26.7006    26.7000     45.072     45.230      0.834    1495.96    1495.96  0.000e+00
      33715     46.000    11.4974    11.5001     0.0027    3.95681    3.95699          1     6.1794     3.5355      97.34     0.3213     0.2364  1.000e-12  0.1180000    35.0308    35.0300    -0.0008    26.7080    26.7069     45.568     45.726      0.906    1495.90    1495.90  0.000e+00
      33727     46.500    11.3967    11.3958    -0.0008    3.94777    3.94765          1     6.1880     3.5298      97.36     0.3135     0.2406  1.000e-12  0.1320000    35.0366    35.0362    -0.0003    26.7313    26.7312     46.063     46.222      0.864    1495.57    1495.56  0.000e+00
      33742     47.000    11.3304    11.3305     0.0001    3.94172    3.94172          1     6.2189     3.5475      97.35     0.3093     0.2498  1.000e-12  0.1383000    35.0394    35.0394    -0.0001    26.7458    26.7457     46.558     46.718      0.709    1495.35    1495.35  0.000e+00
      33765     47.500    11.3028    11.2936    -0.0092    3.93946    3.93878          1     6.2358     3.5739      97.34     0.3076     0.2504  1.000e-12  0.1366000    35.0430    35.0450     0.0020    26.7536    26.7569     47.053     47.214      0.439    1495.26    1495.23  0.000e+00
      33806     48.000    11.2913    11.3697     0.0782    3.93812    3.94451          1     6.0955     3.5645      97.33     0.3026     0.2284  1.000e-12  0.1213000    35.0404    35.0293    -0.0110    26.7537    26.7306     47.549     47.710      0.312    1495.23    1495.49  0.000e+00
      33832     48.500    10.8670    10.8731     0.0065    3.89979    3.90044          1     6.0886     3.5814      97.33     0.2997     0.2836  1.000e-12  0.1280000    35.0626    35.0632     0.0006    26.8484    26.8478     48.044     48.206      0.702    1493.78    1493.80  0.000e+00
      33847     49.000    10.8231    10.8265     0.0035    3.89539    3.89575          1     6.0833     3.5810      97.36     0.2969     0.3097  1.000e-12  0.1325000    35.0602    35.0606     0.0003    26.8545    26.8541     48.539     48.702      0.915    1493.63    1493.64  0.000e+00
      33858     49.500    10.8271    10.8316     0.0045    3.89573    3.89612          1     6.0757     3.5780      97.35     0.2979     0.3036  1.000e-12  0.1266000    35.0596    35.0591    -0.0005    26.8533    26.8521     49.034     49.198      1.013    1493.65    1493.67  0.000e+00
      33870     50.000    10.8301    10.8338     0.0036    3.89605    3.89635          1     6.0792     3.5765      97.36     0.2969     0.2953  1.000e-12  0.1254000    35.0597    35.0591    -0.0006    26.8528    26.8517     49.529     49.693      1.015    1493.67    1493.69  0.000e+00
      33881     50.500    10.8074    10.8076     0.0003    3.89374    3.89379          1     6.0895     3.5801      97.34     0.2790     0.2777  1.000e-12  0.1209000    35.0580    35.0583     0.0003    26.8555    26.8558     50.025     50.189      0.913    1493.60    1493.60  0.000e+00
      33896     51.000    10.7440    10.7474     0.0034    3.88805    3.88839          1     6.1009     3.5823      97.34     0.2710     0.2004  1.000e-12  0.1196000    35.0615    35.0616     0.0001    26.8697    26.8691     50.520     50.685      0.687    1493.39    1493.40  0.000e+00
      33923     51.500    10.7224    10.7625     0.0402    3.88709    3.88960          1     6.0937     3.5798      97.33     0.2692     0.2324  1.000e-12  0.1271000    35.0723    35.0591    -0.0132    26.8819    26.8644     51.015     51.181      0.386    1493.33    1493.46  0.000e+00
      33958     52.000    10.6961    10.7272     0.0309    3.88382    3.88648          1     6.0737     3.5816      97.34     0.2926     0.2020  1.000e-12  0.1221000    35.0644    35.0614    -0.0030    26.8804    26.8725     51.510     51.677      0.439    1493.24    1493.35  0.000e+00
      33979     52.500    10.6205    10.6248     0.0042    3.87691    3.87717          1     6.0757     3.5878      85.59     0.2865     0.2502  1.000e-12  0.1307000    35.0671    35.0656    -0.0015    26.8961    26.8941     52.006     52.173      0.586    1492.99    1493.00  0.000e+00
      34000     53.000    10.5768    10.5790     0.0023    3.87288    3.87296          1     6.0830     3.5899      52.25     0.2797     0.2030  1.000e-12  0.1359000    35.0683    35.0670    -0.0013    26.9047    26.9033     52.501     52.669      0.511    1492.84    1492.85  0.000e+00
      34029     53.500    10.5558    10.5610     0.0052    3.87112    3.87150          1     6.1320     3.6211      97.25     0.2861     0.2343  1.000e-12  0.1289000    35.0706    35.0693    -0.0013    26.9102    26.9083     52.996     53.165      0.391    1492.78    1492.79  0.000e+00
      34057     54.000    10.5155    10.5184     0.0030    3.86722    3.86743          1     6.0844     3.6497      97.34     0.2720     0.2667  1.000e-12  0.1229000    35.0697    35.0690    -0.0007    26.9167    26.9156     53.491     53.661      0.601    1492.64    1492.65  0.000e+00
      34074     54.500    10.4665    10.4739     0.0073    3.86192    3.86267          1     6.0240     3.6653      97.34     0.2725     0.2317  1.000e-12  0.1183000    35.0629    35.0634     0.0005    26.9200    26.9191     53.987     54.157      0.839    1492.47    1492.49  0.000e+00
      34087     55.000    10.1924    10.1998     0.0075    3.83581    3.83643          1     5.9538     3.6626      97.36     0.2828     0.2253  1.000e-12  0.1228000    35.0623    35.0615    -0.0009    26.9675    26.9655     54.482     54.653      1.003    1491.50    1491.53  0.000e+00
      34098     55.500    10.0523    10.0606     0.0084    3.82223    3.82314          1     5.8424     3.6267      97.36     0.2847     0.1819  1.000e-12  0.1255000    35.0592    35.0605     0.0013    26.9892    26.9888     54.977     55.149      1.095    1491.01    1491.04  0.000e+00
      34108     56.000     9.8693     9.8896     0.0199    3.80406    3.80602          1     5.7896     3.6273      97.34     0.2670     0.1633  1.000e-12  0.1220000    35.0504    35.0509     0.0005    27.0137    27.0106     55.472     55.645      1.117    1490.34    1490.42  0.000e+00
      34119     56.500     9.6801     9.6804     0.0006    3.78576    3.78577          1     5.8053     3.6441      97.34     0.2498     0.1876  1.000e-12  0.1175000    35.0462    35.0459    -0.0003    27.0424    27.0422     55.967     56.140      1.056    1489.66    1489.67  0.000e+00
      34130     57.000     9.5366     9.5506     0.0141    3.77175    3.77293          1     5.8398     3.6469      97.36     0.2517     0.2466  1.000e-12  0.1223000    35.0412    35.0398    -0.0015    27.0625    27.0590     56.463     56.636      0.887    1489.15    1489.19  0.000e+00
