ctdpy/tests/etc/all_smhi_bas_2018/SBE09_1044_20180415_2307_34_07_0002.cnv
* Sea-Bird SBE 9 Data File:
* FileName = C:\ctd\temp\2018\AU18D002.hex
* Software Version Seasave V 7.26.6.26
* Temperature SN = 5351
* Conductivity SN = 3941
* Number of Bytes Per Scan = 41
* Number of Voltage Words = 4
* Number of Scans Averaged by the Deck Unit = 1
* NMEA Latitude = 58 15.60 N
* NMEA Longitude = 011 26.15 E
* NMEA UTC (Time) = Apr 15 2018  23:07:40
* NMEA baud rate = 4800
** Station:  Slaggo
** Operator:  SSip
** Ship: AURA
** Average sound velocity: 1469.90 m/s
** True-depth calculation Mon, 16 Apr 2018 00:23:05 +0000
** CTD Python Module SMHI /ver 3-12/ feb 2012 
** LIMS Job: 20183407-0002
** Cruise: SMHI-01-2018
** Latitude [GG MM.mm N] :
** Longitude [GG MM.mm E]:
# nquan = 26
# nvalues = 147                         
# units = specified
# name 0 = scan: Scan Count
# name 1 = prDM: Pressure, Digiquartz [db]
# name 2 = t090C: Temperature [ITS-90, deg C]
# name 3 = t190C: Temperature, 2 [ITS-90, deg C]
# name 4 = T2-T190C: Temperature Difference, 2 - 1 [ITS-90, deg C]
# name 5 = c0S/m: Conductivity [S/m]
# name 6 = c1S/m: Conductivity, 2 [S/m]
# name 7 = pumps: Pump Status
# name 8 = sbeox0ML/L: Oxygen, SBE 43 [ml/l]
# name 9 = sbeox1ML/L: Oxygen, SBE 43, 2 [ml/l]
# name 10 = altM: Altimeter [m]
# name 11 = flECO-AFL: Chl-a Fluorescence, WET Labs ECO-AFL/FL [mg/m^3]
# name 12 = flECO-AFL1: Phycocyanin Fluorescence, WET Labs ECO-AFL/FL, 2 [mg/m^3]
# name 13 = par: PAR/Irradiance, Biospherical/Lico [µE/(cm^2*s)]
# name 14 = turbWETntu0: Turbidity, WET Labs ECO [NTU]
# name 15 = sal00: Salinity, Practical [PSU]
# name 16 = sal11: Salinity, Practical, 2 [PSU]
# name 17 = secS-priS: Salinity, Practical, Difference, 2 - 1 [PSU]
# name 18 = sigma-t00: Density [sigma-t, Kg/m^3 ]
# name 19 = sigma-t11: Density, 2 [sigma-t, Kg/m^3 ]
# name 20 = depSM: Depth [salt water, m], lat = 58.26
# name 21 = depFM: Depth [true depth, m], lat = 58.26
# name 22 = dz/dtM: Descent Rate [m/s], WS = 2
# name 23 = svCM: Sound Velocity [Chen-Millero, m/s]
# name 24 = svCM1: Sound Velocity, 2 [Chen-Millero, m/s]
# name 25 = flag: flag
# span 0 =       8275,      11869       
# span 1 =      0.500,     73.500       
# span 2 =     3.5463,     6.5894       
# span 3 =     3.5431,     6.5902       
# span 4 =    -0.0235,     0.0524       
# span 5 =   2.103815,   3.445314       
# span 6 =   2.104460,   3.445356       
# span 7 =          1,          1       
# span 8 =    4.84919,    8.09934       
# span 9 =    4.78144,    8.01354       
# span 10 =       1.94,      98.73      
# span 11 =     0.0800,     0.7760      
# span 12 =     0.1424,     0.3254      
# span 13 = -1.717e-05, 2.7998e+00      
# span 14 =     0.3945,     1.8062      
# span 15 =    21.2525,    34.4586      
# span 16 =    21.2627,    34.4583      
# span 17 =    -0.0980,     0.0489      
# span 18 =    16.8259,    27.0481      
# span 19 =    16.8344,    27.0477      
# span 20 =      0.495,     72.804      
# span 21 =      0.501,     73.062      
# span 22 =     -0.227,      0.523      
# span 23 =    1450.24,    1477.58      
# span 24 =    1450.24,    1477.59      
# span 25 = 0.0000e+00, 0.0000e+00      
# interval = decibars: 0.5              
# start_time = Apr 15 2018 23:07:41 [NMEA time, first data scan]
# bad_flag = -9.990e-29
*END*
[from data line 112]
      10997     56.500     6.5638     6.5649     0.0010    3.43955    3.43960          1     5.1076     5.0407      19.08     0.0947     0.1829  1.000e-12  1.4947000    34.4285    34.4281    -0.0004    27.0278    27.0273     55.968     56.203      0.504    1477.17    1477.17  0.000e+00
      11021     57.000     6.5657     6.5677     0.0020    3.43996    3.44021          1     5.1097     5.0422      18.45     0.1052     0.2335  1.000e-12  1.5469000    34.4310    34.4318     0.0008    27.0294    27.0299     56.463     56.698      0.505    1477.19    1477.20  0.000e+00
      11045     57.500     6.5679     6.5686     0.0008    3.44040    3.44042          1     5.1134     5.0470      17.88     0.1148     0.2287  1.000e-12  1.5184000    34.4335    34.4329    -0.0005    27.0311    27.0306     56.958     57.194      0.503    1477.21    1477.21  0.000e+00
      11068     58.000     6.5670     6.5682     0.0011    3.44024    3.44037          1     5.1171     5.0499      17.36     0.1138     0.1945  1.000e-12  1.4468000    34.4323    34.4326     0.0002    27.0303    27.0304     57.453     57.690      0.503    1477.21    1477.22  0.000e+00
      11092     58.500     6.5675     6.5684     0.0009    3.44035    3.44042          1     5.1159     5.0419      16.86     0.1158     0.2046  1.000e-12  1.4667000    34.4328    34.4327    -0.0001    27.0306    27.0304     57.948     58.186      0.504    1477.22    1477.23  0.000e+00
      11116     59.000     6.5694     6.5705     0.0011    3.44076    3.44086          1     5.1119     5.0441      16.37     0.1378     0.2796  1.000e-12  1.4187000    34.4352    34.4352     0.0000    27.0322    27.0321     58.444     58.682      0.503    1477.24    1477.25  0.000e+00
      11140     59.500     6.5698     6.5704     0.0007    3.44084    3.44088          1     5.1073     5.0541      16.02     0.1260     0.2857  1.000e-12  1.4411000    34.4355    34.4352    -0.0003    27.0325    27.0321     58.939     59.178      0.501    1477.25    1477.25  0.000e+00
      11164     60.000     6.5681     6.5699     0.0018    3.44054    3.44077          1     5.1129     5.0565      15.47     0.1260     0.2527  1.000e-12  1.4087000    34.4336    34.4344     0.0008    27.0312    27.0315     59.434     59.674      0.502    1477.25    1477.26  0.000e+00
      11188     60.500     6.5705     6.5714     0.0010    3.44106    3.44110          1     5.1073     5.0474      14.95     0.0858     0.2270  1.000e-12  1.4688000    34.4366    34.4362    -0.0005    27.0333    27.0328     59.929     60.169      0.505    1477.27    1477.28  0.000e+00
      11211     61.000     6.5753     6.5760     0.0008    3.44199    3.44200          1     5.1004     5.0340      14.44     0.1254     0.2169  1.000e-12  1.4600000    34.4419    34.4413    -0.0006    27.0368    27.0362     60.425     60.665      0.504    1477.31    1477.31  0.000e+00
      11235     61.500     6.5761     6.5770     0.0009    3.44216    3.44222          1     5.0993     5.0259      13.91     0.1209     0.2131  1.000e-12  1.4894000    34.4428    34.4425    -0.0003    27.0374    27.0370     60.920     61.161      0.502    1477.32    1477.32  0.000e+00
      11259     62.000     6.5763     6.5774     0.0012    3.44223    3.44234          1     5.0984     5.0295      13.46     0.1139     0.2237  1.000e-12  1.4916000    34.4430    34.4431     0.0000    27.0376    27.0374     61.415     61.657      0.502    1477.33    1477.33  0.000e+00
      11283     62.500     6.5763     6.5770     0.0007    3.44226    3.44227          1     5.0961     5.0283      12.96     0.1138     0.2092  1.000e-12  1.4731000    34.4431    34.4425    -0.0006    27.0376    27.0370     61.910     62.153      0.502    1477.34    1477.34  0.000e+00
      11307     63.000     6.5770     6.5776     0.0006    3.44242    3.44240          1     5.0946     5.0207      12.47     0.1148     0.2298  1.000e-12  1.4652000    34.4439    34.4432    -0.0007    27.0381    27.0375     62.405     62.649      0.497    1477.35    1477.35  0.000e+00
      11331     63.500     6.5808     6.5815     0.0007    3.44324    3.44326          1     5.0906     5.0184      11.97     0.1138     0.1657  1.000e-12  1.4977000    34.4489    34.4485    -0.0005    27.0416    27.0411     62.901     63.145      0.497    1477.38    1477.38  0.000e+00
      11355     64.000     6.5836     6.5846     0.0009    3.44381    3.44389          1     5.0836     5.0153      11.48     0.1285     0.2021  1.000e-12  1.5618000    34.4523    34.4521    -0.0002    27.0438    27.0436     63.396     63.640      0.499    1477.40    1477.40  0.000e+00
      11379     64.500     6.5842     6.5850     0.0008    3.44396    3.44400          1     5.0800     5.0179      11.02     0.1366     0.2261  1.000e-12  1.6179000    34.4530    34.4526    -0.0004    27.0444    27.0440     63.891     64.136      0.500    1477.41    1477.42  0.000e+00
      11404     65.000     6.5842     6.5852     0.0010    3.44399    3.44405          1     5.0855     5.0219      10.50     0.1173     0.2294  1.000e-12  1.6432000    34.4531    34.4528    -0.0003    27.0444    27.0441     64.386     64.632      0.496    1477.42    1477.42  0.000e+00
      11428     65.500     6.5843     6.5853     0.0011    3.44400    3.44409          1     5.0885     5.0226       9.99     0.1235     0.2244  1.000e-12  1.6089000    34.4530    34.4529    -0.0001    27.0443    27.0441     64.881     65.128      0.494    1477.43    1477.43  0.000e+00
      11452     66.000     6.5850     6.5860     0.0010    3.44417    3.44424          1     5.0845     5.0241       9.51     0.1138     0.2266  1.000e-12  1.6070000    34.4539    34.4536    -0.0003    27.0449    27.0446     65.377     65.624      0.497    1477.44    1477.45  0.000e+00
      11476     66.500     6.5856     6.5865     0.0009    3.44431    3.44436          1     5.0789     5.0193       9.01     0.1153     0.2317  1.000e-12  1.6247000    34.4545    34.4542    -0.0003    27.0453    27.0450     65.872     66.120      0.500    1477.45    1477.46  0.000e+00
      11500     67.000     6.5856     6.5868     0.0012    3.44433    3.44443          1     5.0757     5.0091       8.53     0.1248     0.2331  1.000e-12  1.6510000    34.4545    34.4544    -0.0000    27.0453    27.0451     66.367     66.616      0.499    1477.46    1477.47  0.000e+00
      11524     67.500     6.5863     6.5873     0.0010    3.44448    3.44457          1     5.0791     5.0030       8.02     0.1140     0.2374  1.000e-12  1.6525000    34.4552    34.4551    -0.0001    27.0458    27.0456     66.862     67.111      0.498    1477.47    1477.48  0.000e+00
      11548     68.000     6.5869     6.5877     0.0008    3.44463    3.44466          1     5.0818     5.0088       7.53     0.1143     0.2437  1.000e-12  1.6464000    34.4560    34.4555    -0.0004    27.0463    27.0459     67.357     67.607      0.498    1477.49    1477.49  0.000e+00
      11572     68.500     6.5868     6.5876     0.0008    3.44463    3.44466          1     5.0790     5.0125       7.05     0.1260     0.2446  1.000e-12  1.6353000    34.4558    34.4554    -0.0004    27.0462    27.0458     67.853     68.103      0.493    1477.49    1477.49  0.000e+00
      11597     69.000     6.5868     6.5877     0.0008    3.44465    3.44469          1     5.0800     5.0195       6.55     0.1060     0.2458  1.000e-12  1.6502000    34.4558    34.4554    -0.0004    27.0462    27.0458     68.348     68.599      0.486    1477.50    1477.50  0.000e+00
      11622     69.500     6.5870     6.5880     0.0011    3.44470    3.44479          1     5.0793     5.0205       6.05     0.1031     0.2739  1.000e-12  1.6370000    34.4560    34.4559    -0.0001    27.0463    27.0461     68.843     69.095      0.481    1477.51    1477.51  0.000e+00
      11647     70.000     6.5873     6.5885     0.0012    3.44481    3.44491          1     5.0858     5.0171       5.56     0.1118     0.2463  1.000e-12  1.5922000    34.4566    34.4564    -0.0001    27.0467    27.0465     69.338     69.591      0.476    1477.52    1477.52  0.000e+00
      11672     70.500     6.5880     6.5891     0.0011    3.44495    3.44503          1     5.0809     5.0163       5.06     0.1138     0.1802  1.000e-12  1.6401000    34.4572    34.4570    -0.0002    27.0471    27.0468     69.833     70.087      0.460    1477.53    1477.53  0.000e+00
      11699     71.000     6.5888     6.5896     0.0009    3.44515    3.44518          1     5.0763     5.0133       4.57     0.1439     0.2702  1.000e-12  1.6716000    34.4584    34.4579    -0.0005    27.0480    27.0474     70.328     70.582      0.438    1477.54    1477.55  0.000e+00
      11727     71.500     6.5888     6.5897     0.0010    3.44515    3.44522          1     5.0798     5.0034       4.08     0.1277     0.2513  1.000e-12  1.6450000    34.4582    34.4579    -0.0003    27.0478    27.0475     70.824     71.078      0.413    1477.55    1477.56  0.000e+00
      11757     72.000     6.5886     6.5897     0.0011    3.44514    3.44523          1     5.0795     5.0000       3.60     0.1214     0.1805  1.000e-12  1.7607000    34.4580    34.4579    -0.0002    27.0477    27.0474     71.319     71.574      0.403    1477.56    1477.56  0.000e+00
      11787     72.500     6.5890     6.5899     0.0009    3.44524    3.44529          1     5.0720     5.0065       3.13     0.1063     0.1982  1.000e-12  1.6113000    34.4585    34.4581    -0.0003    27.0480    27.0476     71.814     72.070      0.394    1477.57    1477.57  0.000e+00
      11818     73.000     6.5894     6.5902     0.0008    3.44531    3.44536          1     5.0714     5.0136       2.64     0.1269     0.2532  1.000e-12  1.6561000    34.4586    34.4583    -0.0004    27.0481    27.0477     72.309     72.566      0.359    1477.58    1477.58  0.000e+00
      11869     73.500     6.5877     6.5894     0.0017    3.44505    3.44530          1     5.0710     5.0087       1.94     0.1134     0.3061  1.000e-12  1.8062000    34.4571    34.4582     0.0011    27.0471    27.0477     72.804     73.062     -0.227    1477.58    1477.59  0.000e+00
