ctdpy/tests/etc/all_smhi_bas_2018/SBE09_0827_20181010_1222_26_01_1060.cnv
* Sea-Bird SBE 9 Data File:
* FileName = D:\CTD_SBE911\DAT\26DA.2018.10.60.hex
* Software Version Seasave V 7.21d
* Temperature SN = 4548
* Conductivity SN = 3062
* Number of Bytes Per Scan = 48
* Number of Voltage Words = 5
* Number of Scans Averaged by the Deck Unit = 1
* NMEA Latitude = 57 47.79 N
* NMEA Longitude = 019 32.50 E
* NMEA UTC (Time) = Oct 10 2018  12:24:55
* NMEA baud rate = 4800
** Ship: DANA
** Average sound velocity: 1445.68 m/s
** True-depth calculation Thu, 28 Mar 2019 12:23:40 +0000
** CTD Python Module SMHI /ver 3-12/ feb 2012 
** LIMS Job: 20182601-1060
** Operator: Christian
** Cruise: 10/2018
# nquan = 26
# nvalues = 168                         
# units = specified
# name 0 = scan: Scan Count
# name 1 = prDM: Pressure, Digiquartz [db]
# name 2 = t090C: Temperature [ITS-90, deg C]
# name 3 = t190C: Temperature, 2 [ITS-90, deg C]
# name 4 = T2-T190C: Temperature Difference, 2 - 1 [ITS-90, deg C]
# name 5 = c0S/m: Conductivity [S/m]
# name 6 = c1S/m: Conductivity, 2 [S/m]
# name 7 = pumps: Pump Status
# name 8 = sbeox1ML/L: Oxygen, SBE 43, 2 [ml/l]
# name 9 = sbeox0ML/L: Oxygen, SBE 43 [ml/l]
# name 10 = altM: Altimeter [m]
# name 11 = chloroflTC0: Chlorophyll, Turner Cyclops [ug/l]
# name 12 = cpar: CPAR/Corrected Irradiance [%]
# name 13 = par: PAR/Irradiance, Biospherical/Lico [µE/(cm^2*s)]
# name 14 = spar: SPAR, Biospherical/Licor
# name 15 = sal00: Salinity, Practical [PSU]
# name 16 = sal11: Salinity, Practical, 2 [PSU]
# name 17 = secS-priS: Salinity, Practical, Difference, 2 - 1 [PSU]
# name 18 = sigma-t00: Density [sigma-t, kg/m^3 ]
# name 19 = sigma-t11: Density, 2 [sigma-t, kg/m^3 ]
# name 20 = depSM: Depth [salt water, m], lat = 57.7965
# name 21 = depFM: Depth [true depth, m], lat = 57.7965
# name 22 = dz/dtM: Descent Rate [m/s], WS = 2
# name 23 = svCM: Sound Velocity [Chen-Millero, m/s]
# name 24 = svCM1: Sound Velocity, 2 [Chen-Millero, m/s]
# name 25 = flag: flag
# span 0 =         38,       9243       
# span 1 =      1.000,     84.500       
# span 2 =     3.4541,    11.9762       
# span 3 =     3.4708,    11.9767       
# span 4 =    -0.3873,     0.0313       
# span 5 =   0.770824,   1.117947       
# span 6 =   0.771574,   1.117893       
# span 7 =          1,          1       
# span 8 =     0.0614,     7.7620       
# span 9 =     0.0576,     7.2980       
# span 10 =       1.18,      10.00      
# span 11 =     0.0158,     0.0276      
# span 12 = 3.3959e-13, 9.9357e+00      
# span 13 = 1.0000e-12, 2.9459e+01      
# span 14 = 2.7719e+02, 2.9650e+02      
# span 15 =     6.7731,    10.3410      
# span 16 =     6.7731,    10.3401      
# span 17 =    -0.1366,     0.0490      
# span 18 =     4.7586,     8.1392      
# span 19 =     4.7586,     8.1384      
# span 20 =      0.991,     83.701      
# span 21 =      1.014,     85.560      
# span 22 =     -0.011,      0.514      
# span 23 =    1429.66,    1463.22      
# span 24 =    1429.75,    1463.22      
# span 25 = 0.0000e+00, 0.0000e+00      
# interval = decibars: 0.5              
# start_time = Oct 10 2018 12:24:55 [NMEA time, first data scan]
# bad_flag = -9.990e-29
*END*
[from data line 56]
       2797     29.000    11.8177    11.8153    -0.0023    0.88565    0.88565          1     6.9696     6.5295       9.97     0.0244  3.396e-13  1.000e-12  2.945e+02     6.7805     6.7810     0.0004     4.7849     4.7856     28.730     29.397      0.260    1463.03    1463.02  0.000e+00
       2834     29.500    11.8098    11.8064    -0.0034    0.88560    0.88558          1     6.9734     6.5285       9.97     0.0231  3.396e-13  1.000e-12  2.945e+02     6.7815     6.7820     0.0005     4.7867     4.7875     29.225     29.904      0.409    1463.01    1463.00  0.000e+00
       2865     30.000    11.7688    11.7458    -0.0228    0.88488    0.88462          1     6.9746     6.5174       9.97     0.0226  3.396e-13  1.000e-12  2.945e+02     6.7829     6.7850     0.0020     4.7930     4.7975     29.720     30.411      0.291    1462.87    1462.78  0.000e+00
       2938     30.500    11.6450    11.6368    -0.0082    0.88289    0.88285          1     6.9546     6.5591       9.97     0.0229  3.396e-13  1.000e-12  2.945e+02     6.7890     6.7901     0.0012     4.8134     4.8154     30.216     30.918      0.297    1462.42    1462.39  0.000e+00
       2971     31.000    11.4660    11.4431    -0.0226    0.88003    0.88012          1     6.9216     6.5314       9.97     0.0220  3.396e-13  1.000e-12  2.945e+02     6.7978     6.8028     0.0050     4.8426     4.8493     30.711     31.425      0.428    1461.77    1461.68  0.000e+00
       3001     31.500    11.2549    11.2072    -0.0481    0.87652    0.87607          1     6.9303     6.5253       9.97     0.0214  3.396e-13  1.000e-12  2.945e+02     6.8071     6.8122     0.0050     4.8758     4.8855     31.206     31.931      0.323    1460.99    1460.81  0.000e+00
       3068     32.000    11.0227    10.9976    -0.0250    0.87266    0.87263          1     6.9643     6.7432       9.97     0.0217  3.396e-13  1.000e-12  2.945e+02     6.8175     6.8219     0.0044     4.9117     4.9181     31.702     32.438      0.289    1460.13    1460.04  0.000e+00
       3105     32.500    10.1314    10.1078    -0.0235    0.85759    0.85928          1     6.9778     6.5442       9.97     0.0206  3.400e-13  1.000e-12  2.941e+02     6.8557     6.8749     0.0192     5.0408     5.0580     32.197     32.945      0.408    1456.75    1456.68  0.000e+00
       3137     33.000     8.2699     7.8848    -0.3873    0.83249    0.82943          1     7.4085     6.9528       9.97     0.0190  3.408e-13  1.000e-12  2.934e+02     6.9941     7.0432     0.0490     5.3297     5.3995     32.692     33.452      0.285    1449.54    1448.03  0.000e+00
       3208     33.500     5.4871     5.4189    -0.0686    0.78648    0.78794          1     7.4694     7.1953       9.97     0.0171  3.412e-13  1.000e-12  2.931e+02     7.1341     7.1628     0.0287     5.6180     5.6444     33.187     33.958      0.302    1438.01    1437.75  0.000e+00
       3240     34.000     4.8966     4.8362    -0.0606    0.77866    0.77995          1     7.5255     7.2329       9.97     0.0167  3.417e-13  1.000e-12  2.927e+02     7.1836     7.2095     0.0258     5.6832     5.7059     33.683     34.465      0.353    1435.50    1435.27  0.000e+00
       3286     34.500     4.4537     4.3694    -0.0858    0.77338    0.77393          1     7.5097     7.1437       9.97     0.0161  3.420e-13  1.000e-12  2.924e+02     7.2274     7.2515     0.0240     5.7328     5.7545     34.178     34.971      0.236    1433.60    1433.26  0.000e+00
       3329     35.000     4.1681     4.1845     0.0165    0.77088    0.77275          1     7.5750     7.1548       9.97     0.0160  3.419e-13  1.000e-12  2.925e+02     7.2650     7.2802     0.0152     5.7712     5.7828     34.673     35.477      0.344    1432.38    1432.48  0.000e+00
       3366     35.500     4.1629     4.1864     0.0229    0.77263    0.77434          1     7.6119     7.1635       9.97     0.0161  3.420e-13  1.000e-12  2.924e+02     7.2838     7.2958     0.0120     5.7862     5.7952     35.169     35.984      0.245    1432.39    1432.51  0.000e+00
       3433     36.000     3.9654     3.9482    -0.0172    0.77082    0.77157          1     7.6221     7.1731       9.97     0.0159  3.420e-13  1.000e-12  2.924e+02     7.3094     7.3209     0.0115     5.8115     5.8211     35.664     36.490      0.319    1431.55    1431.48  0.000e+00
       3460     36.500     3.9331     3.9266    -0.0065    0.77131    0.77211          1     7.6444     7.1928       9.97     0.0160  3.420e-13  1.000e-12  2.924e+02     7.3215     7.3311     0.0096     5.8219     5.8297     36.159     36.996      0.398    1431.42    1431.41  0.000e+00
       3516     37.000     3.9378     3.9345    -0.0033    0.77269    0.77341          1     7.6419     7.1929       9.97     0.0159  3.420e-13  1.000e-12  2.924e+02     7.3345     7.3425     0.0080     5.8321     5.8386     36.654     37.503      0.265    1431.47    1431.46  0.000e+00
       3566     37.500     3.8827     3.8817    -0.0012    0.77275    0.77342          1     7.6547     7.1948       9.97     0.0159  3.420e-13  1.000e-12  2.924e+02     7.3474     7.3545     0.0071     5.8437     5.8493     37.150     38.009      0.425    1431.25    1431.25  0.000e+00
       3594     38.000     3.8684     3.8633    -0.0050    0.77316    0.77369          1     7.6778     7.2213       9.97     0.0159  3.420e-13  1.000e-12  2.924e+02     7.3547     7.3614     0.0066     5.8498     5.8552     37.645     38.515      0.344    1431.20    1431.18  0.000e+00
       3643     38.500     3.8410     3.8410    -0.0001    0.77337    0.77386          1     7.6597     7.2221       9.97     0.0159  3.420e-13  1.000e-12  2.924e+02     7.3630     7.3680     0.0050     5.8570     5.8610     38.140     39.022      0.221    1431.09    1431.10  0.000e+00
       3692     39.000     3.8129     3.8246     0.0117    0.77378    0.77434          1     7.6451     7.2137       9.97     0.0159  3.420e-13  1.000e-12  2.924e+02     7.3735     7.3765     0.0030     5.8660     5.8681     38.636     39.528      0.229    1430.99    1431.04  0.000e+00
       3746     39.500     3.8076     3.8114     0.0038    0.77463    0.77493          1     7.6480     7.2001       9.97     0.0159  3.420e-13  1.000e-12  2.924e+02     7.3833     7.3855     0.0022     5.8739     5.8755     39.131     40.034      0.289    1430.98    1431.00  0.000e+00
       3777     40.000     3.7991     3.8019     0.0026    0.77485    0.77525          1     7.6541     7.1937       9.97     0.0159  3.420e-13  1.000e-12  2.924e+02     7.3874     7.3909     0.0035     5.8773     5.8800     39.626     40.540      0.402    1430.96    1430.98  0.000e+00
       3824     40.500     3.7953     3.7946    -0.0006    0.77498    0.77526          1     7.6576     7.2013       9.97     0.0159  3.420e-13  1.000e-12  2.924e+02     7.3895     7.3926     0.0030     5.8791     5.8815     40.121     41.047      0.250    1430.95    1430.95  0.000e+00
       3886     41.000     3.7761     3.7773     0.0013    0.77484    0.77513          1     7.6617     7.2039       9.97     0.0159  3.420e-13  1.000e-12  2.924e+02     7.3924     7.3951     0.0027     5.8817     5.8839     40.617     41.553      0.368    1430.88    1430.89  0.000e+00
       3915     41.500     3.7694     3.7728     0.0034    0.77500    0.77523          1     7.6849     7.2263       9.97     0.0159  3.420e-13  1.000e-12  2.924e+02     7.3955     7.3971     0.0016     5.8844     5.8856     41.112     42.059      0.368    1430.86    1430.88  0.000e+00
       3956     42.000     3.7862     3.7862     0.0000    0.77569    0.77580          1     7.7275     7.2514       9.97     0.0159  3.421e-13  1.000e-12  2.923e+02     7.3986     7.3998     0.0012     5.8865     5.8874     41.607     42.566      0.241    1430.95    1430.95  0.000e+00
       4013     42.500     3.7606     3.7656     0.0049    0.77547    0.77570          1     7.7537     7.2897       9.97     0.0159  3.436e-13  1.000e-12  2.911e+02     7.4022     7.4034     0.0012     5.8899     5.8908     42.103     43.072      0.235    1430.84    1430.87  0.000e+00
       4053     43.000     3.7584     3.7648     0.0064    0.77575    0.77599          1     7.7620     7.2867       9.97     0.0159  3.442e-13  1.000e-12  2.905e+02     7.4055     7.4064     0.0010     5.8926     5.8932     42.598     43.578      0.376    1430.84    1430.87  0.000e+00
       4084     43.500     3.7550     3.7595     0.0045    0.77595    0.77611          1     7.7591     7.2980       9.97     0.0159  3.443e-13  1.000e-12  2.904e+02     7.4083     7.4089     0.0006     5.8949     5.8952     43.093     44.084      0.298    1430.84    1430.86  0.000e+00
       4164     44.000     3.7430     3.7488     0.0059    0.77597    0.77616          1     7.7349     7.2938       9.97     0.0159  3.443e-13  1.000e-12  2.904e+02     7.4111     7.4117     0.0005     5.8974     5.8977     43.588     44.591      0.281    1430.80    1430.83  0.000e+00
       4201     44.500     3.7180     3.7220     0.0040    0.77554    0.77577          1     7.7135     7.2825       9.97     0.0159  3.443e-13  1.000e-12  2.904e+02     7.4123     7.4138     0.0015     5.8988     5.8999     44.084     45.097      0.409    1430.70    1430.71  0.000e+00
       4230     45.000     3.6696     3.6798     0.0102    0.77461    0.77500          1     7.7005     7.2773       9.97     0.0159  3.443e-13  1.000e-12  2.904e+02     7.4137     7.4154     0.0017     5.9009     5.9020     44.579     45.603      0.355    1430.49    1430.53  0.000e+00
       4282     45.500     3.6436     3.6657     0.0221    0.77450    0.77483          1     7.6866     7.2591       9.97     0.0159  3.443e-13  1.000e-12  2.904e+02     7.4185     7.4168    -0.0017     5.9052     5.9035     45.074     46.110      0.210    1430.38    1430.48  0.000e+00
       4342     46.000     3.6326     3.6397     0.0070    0.77485    0.77500          1     7.6721     7.2430       9.97     0.0159  3.443e-13  1.000e-12  2.904e+02     7.4245     7.4245    -0.0001     5.9102     5.9100     45.569     46.616      0.329    1430.35    1430.38  0.000e+00
       4374     46.500     3.6177     3.6243     0.0066    0.77485    0.77500          1     7.6681     7.2410       9.97     0.0159  3.443e-13  1.000e-12  2.904e+02     7.4278     7.4278     0.0000     5.9131     5.9130     46.065     47.122      0.324    1430.29    1430.32  0.000e+00
       4433     47.000     3.5929     3.6061     0.0130    0.77446    0.77477          1     7.6606     7.2323       9.97     0.0159  3.443e-13  1.000e-12  2.904e+02     7.4294     7.4297     0.0002     5.9149     5.9148     46.560     47.628      0.231    1430.19    1430.25  0.000e+00
       4481     47.500     3.5434     3.5549     0.0115    0.77349    0.77385          1     7.6714     7.2285       9.97     0.0159  3.444e-13  1.000e-12  2.904e+02     7.4307     7.4318     0.0011     5.9168     5.9174     47.055     48.135      0.339    1429.97    1430.03  0.000e+00
       4521     48.000     3.5326     3.5431     0.0105    0.77373    0.77382          1     7.5990     7.2291       9.97     0.0159  3.445e-13  1.000e-12  2.903e+02     7.4356     7.4341    -0.0014     5.9208     5.9195     47.550     48.641      0.241    1429.94    1429.98  0.000e+00
       4575     48.500     3.4867     3.5144     0.0276    0.77306    0.77359          1     7.5697     7.1627       9.97     0.0159  3.444e-13  1.000e-12  2.903e+02     7.4391     7.4382    -0.0009     5.9245     5.9233     48.046     49.147      0.267    1429.74    1429.87  0.000e+00
       4613     49.000     3.4857     3.4918     0.0061    0.77365    0.77362          1     7.5708     7.1586       9.97     0.0159  3.453e-13  1.000e-12  2.896e+02     7.4454     7.4437    -0.0017     5.9295     5.9280     48.541     49.654      0.314    1429.75    1429.78  0.000e+00
       4658     49.500     3.5178     3.5213     0.0035    0.77500    0.77492          1     7.4497     7.0973       9.97     0.0159  3.466e-13  1.000e-12  2.885e+02     7.4519     7.4502    -0.0017     5.9341     5.9327     49.036     50.160      0.233    1429.91    1429.93  0.000e+00
       4711     50.000     3.4886     3.5076     0.0190    0.77491    0.77504          1     7.3883     7.0270       9.97     0.0159  3.468e-13  1.000e-12  2.884e+02     7.4576     7.4546    -0.0029     5.9391     5.9365     49.531     50.666      0.261    1429.80    1429.88  0.000e+00
       4755     50.500     3.4541     3.4825     0.0284    0.77490    0.77505          1     7.3503     6.9811       9.97     0.0159  3.468e-13  1.000e-12  2.884e+02     7.4654     7.4604    -0.0050     5.9459     5.9414     50.027     51.172      0.237    1429.66    1429.78  0.000e+00
       4814     51.000     3.4704     3.4708     0.0004    0.77626    0.77563          1     7.3220     6.9472       9.97     0.0162  3.468e-13  1.000e-12  2.884e+02     7.4757     7.4690    -0.0066     5.9538     5.9486     50.522     51.679      0.257    1429.75    1429.75  0.000e+00
       4849     51.500     3.5097     3.5077    -0.0019    0.77879    0.77835          1     7.1996     6.8950       9.97     0.0163  3.468e-13  1.000e-12  2.884e+02     7.4926     7.4886    -0.0040     5.9667     5.9635     51.017     52.185      0.412    1429.96    1429.95  0.000e+00
       4879     52.000     3.5064     3.5075     0.0012    0.78082    0.78023          1     7.0667     6.7972       9.97     0.0158  3.468e-13  1.000e-12  2.884e+02     7.5144     7.5080    -0.0064     5.9840     5.9789     51.512     52.691      0.307    1429.98    1429.98  0.000e+00
       4949     52.500     3.4859     3.4968     0.0108    0.78151    0.78075          1     6.9599     6.6806       9.97     0.0159  3.468e-13  1.000e-12  2.884e+02     7.5262     7.5157    -0.0104     5.9938     5.9853     52.008     53.197      0.272    1429.91    1429.95  0.000e+00
       4987     53.000     3.4741     3.4769     0.0028    0.78230    0.78216          1     6.9118     6.6171       9.97     0.0159  3.468e-13  1.000e-12  2.884e+02     7.5370     7.5348    -0.0022     6.0026     6.0008     52.503     53.704      0.400    1429.88    1429.89  0.000e+00
       5016     53.500     3.4951     3.4923    -0.0029    0.78358    0.78326          1     6.8718     6.5460       9.97     0.0159  3.468e-13  1.000e-12  2.884e+02     7.5452     7.5427    -0.0026     6.0088     6.0068     52.998     54.210      0.359    1429.99    1429.98  0.000e+00
       5093     54.000     3.5320     3.5127    -0.0193    0.78480    0.78371          1     6.8354     6.4871       9.97     0.0159  3.473e-13  1.000e-12  2.879e+02     7.5492     7.5424    -0.0068     6.0113     6.0062     53.493     54.716      0.275    1430.18    1430.08  0.000e+00
       5135     54.500     3.5601     3.5635     0.0031    0.78820    0.78758          1     6.7232     6.4411       9.97     0.0159  3.487e-13  1.000e-12  2.868e+02     7.5777     7.5706    -0.0072     6.0335     6.0278     53.989     55.222      0.468    1430.35    1430.36  0.000e+00
       5160     55.000     3.5270     3.5277     0.0007    0.78973    0.78927          1     6.6097     6.3507       9.97     0.0159  3.492e-13  1.000e-12  2.864e+02     7.6012     7.5962    -0.0050     6.0528     6.0488     54.484     55.728      0.420    1430.24    1430.23  0.000e+00
       5196     55.500     3.5637     3.5492    -0.0145    0.79131    0.79021          1     6.4974     6.2324       9.97     0.0159  3.492e-13  1.000e-12  2.864e+02     7.6088     7.6009    -0.0080     6.0582     6.0521     54.979     56.235      0.195    1430.42    1430.34  0.000e+00
       5274     56.000     3.5774     3.5691    -0.0082    0.79194    0.79111          1     6.4567     6.1759       9.97     0.0159  3.492e-13  1.000e-12  2.864e+02     7.6121     7.6054    -0.0067     6.0606     6.0554     55.474     56.741      0.254    1430.50    1430.45  0.000e+00
