ctdpy/tests/etc/all_smhi_bas_2018/SBE09_0827_20180826_1540_26_01_0906.cnv
* Sea-Bird SBE 9 Data File:
* FileName = D:\CTD_SBE911\DAT\26DA.2018.8.106.hex
* Software Version Seasave V 7.21d
* Temperature SN = 034605
* Conductivity SN = 041844
* Number of Bytes Per Scan = 48
* Number of Voltage Words = 5
* Number of Scans Averaged by the Deck Unit = 1
* NMEA Latitude = 57 11.52 N
* NMEA Longitude = 011 26.37 E
* NMEA UTC (Time) = Aug 26 2018  15:42:51
* NMEA baud rate = 4800
** Ship: DANA
** Average sound velocity: 1500.23 m/s
** True-depth calculation Thu, 28 Mar 2019 09:52:47 +0000
** CTD Python Module SMHI /ver 3-12/ feb 2012 
** LIMS Job: 20182601-0906
**  W GROVES FLAK
** Operator: Christian
** Cruise: 08/2018
# nquan = 26
# nvalues = 145                         
# units = specified
# name 0 = scan: Scan Count
# name 1 = prDM: Pressure, Digiquartz [db]
# name 2 = t090C: Temperature [ITS-90, deg C]
# name 3 = t190C: Temperature, 2 [ITS-90, deg C]
# name 4 = T2-T190C: Temperature Difference, 2 - 1 [ITS-90, deg C]
# name 5 = c0S/m: Conductivity [S/m]
# name 6 = c1S/m: Conductivity, 2 [S/m]
# name 7 = pumps: Pump Status
# name 8 = sbeox1ML/L: Oxygen, SBE 43, 2 [ml/l]
# name 9 = sbeox0ML/L: Oxygen, SBE 43 [ml/l]
# name 10 = altM: Altimeter [m]
# name 11 = chloroflTC0: Chlorophyll, Turner Cyclops [ug/l]
# name 12 = cpar: CPAR/Corrected Irradiance [%]
# name 13 = par: PAR/Irradiance, Biospherical/Lico [µE/(cm^2*s)]
# name 14 = spar: SPAR, Biospherical/Licor
# name 15 = sal00: Salinity, Practical [PSU]
# name 16 = sal11: Salinity, Practical, 2 [PSU]
# name 17 = secS-priS: Salinity, Practical, Difference, 2 - 1 [PSU]
# name 18 = sigma-t00: Density [sigma-t, kg/m^3 ]
# name 19 = sigma-t11: Density, 2 [sigma-t, kg/m^3 ]
# name 20 = depSM: Depth [salt water, m], lat = 57.192
# name 21 = depFM: Depth [true depth, m], lat = 57.192
# name 22 = dz/dtM: Descent Rate [m/s], WS = 2
# name 23 = svCM: Sound Velocity [Chen-Millero, m/s]
# name 24 = svCM1: Sound Velocity, 2 [Chen-Millero, m/s]
# name 25 = flag: flag
# span 0 =        185,       7005       
# span 1 =      2.000,     74.000       
# span 2 =     8.6928,    18.2099       
# span 3 =     8.6919,    18.2298       
# span 4 =    -0.2358,     0.0759       
# span 5 =   3.550812,   4.109660       
# span 6 =   3.551008,   4.110500       
# span 7 =          1,          1       
# span 8 =     4.0856,     5.9619       
# span 9 =     4.0910,     5.6555       
# span 10 =       1.86,       9.98      
# span 11 =     0.0344,     0.2428      
# span 12 = 6.0063e-14, 6.7953e+00      
# span 13 = 1.0000e-12, 1.1315e+02      
# span 14 = 1.6420e+03, 1.6688e+03      
# span 15 =    27.2409,    33.5418      
# span 16 =    27.2585,    33.5489      
# span 17 =    -0.0985,     0.2201      
# span 18 =    19.3954,    26.0243      
# span 19 =    19.4090,    26.0292      
# span 20 =      1.982,     73.305      
# span 21 =      1.998,     73.645      
# span 22 =      0.116,      0.407      
# span 23 =    1484.45,    1511.09      
# span 24 =    1484.44,    1511.15      
# span 25 = 0.0000e+00, 0.0000e+00      
# interval = decibars: 0.5              
# start_time = Aug 26 2018 15:42:51 [NMEA time, first data scan]
# bad_flag = -9.990e-29
*END*
[from data line 112]
       5519     58.000     9.5861     9.5250    -0.0610    3.60910    3.60981          1     4.3225     4.3122       9.98     0.0369  6.059e-14  1.000e-12  1.650e+03    33.3164    33.3805     0.0641    25.7060    25.7660     57.458     57.761      0.258    1487.23    1487.09  0.000e+00
       5567     58.500     9.5141     9.4354    -0.0785    3.60402    3.60299          1     4.3221     4.2939       9.98     0.0362  6.066e-14  1.000e-12  1.648e+03    33.3308    33.3935     0.0627    25.7290    25.7908     57.954     58.257      0.283    1487.00    1486.79  0.000e+00
       5606     59.000     9.3742     9.3204    -0.0540    3.59415    3.59519          1     4.2951     4.2892       9.98     0.0364  6.074e-14  1.000e-12  1.646e+03    33.3592    33.4202     0.0610    25.7738    25.8302     58.449     58.753      0.283    1486.53    1486.41  0.000e+00
       5654     59.500     9.2589     9.1933    -0.0656    3.58636    3.58629          1     4.2833     4.2837       9.98     0.0367  6.058e-14  1.000e-12  1.651e+03    33.3860    33.4468     0.0608    25.8133    25.8714     58.944     59.250      0.266    1486.15    1485.98  0.000e+00
       5691     60.000     9.1973     9.1718    -0.0256    3.58230    3.58394          1     4.2873     4.2781       9.98     0.0363  6.057e-14  1.000e-12  1.651e+03    33.4015    33.4424     0.0409    25.8352    25.8713     59.439     59.746      0.369    1485.95    1485.90  0.000e+00
       5725     60.500     9.1659     9.1289    -0.0370    3.58004    3.58109          1     4.2765     4.2647       9.98     0.0370  6.057e-14  1.000e-12  1.651e+03    33.4071    33.4528     0.0457    25.8447    25.8863     59.935     60.243      0.276    1485.85    1485.77  0.000e+00
       5787     61.000     9.0902     9.0732    -0.0172    3.57474    3.57648          1     4.2698     4.2408       9.98     0.0375  6.064e-14  1.000e-12  1.649e+03    33.4229    33.4570     0.0341    25.8690    25.8984     60.430     60.739      0.286    1485.60    1485.58  0.000e+00
       5823     61.500     9.0698     9.0610    -0.0087    3.57372    3.57563          1     4.2357     4.2263       9.98     0.0389  6.066e-14  1.000e-12  1.648e+03    33.4313    33.4594     0.0281    25.8788    25.9022     60.925     61.236      0.277    1485.54    1485.54  0.000e+00
       5885     62.000     9.0388     9.0137    -0.0251    3.57167    3.57245          1     4.2053     4.2022       9.98     0.0370  6.083e-14  1.000e-12  1.644e+03    33.4388    33.4705     0.0317    25.8896    25.9184     61.420     61.732      0.298    1485.44    1485.39  0.000e+00
       5919     62.500     8.9814     8.9583    -0.0230    3.56792    3.56899          1     4.1942     4.2101       9.98     0.0383  6.072e-14  1.000e-12  1.647e+03    33.4535    33.4864     0.0329    25.9102    25.9395     61.916     62.229      0.335    1485.26    1485.21  0.000e+00
       5964     63.000     8.9567     8.9392    -0.0176    3.56645    3.56724          1     4.1927     4.2207       9.98     0.0378  6.081e-14  1.000e-12  1.645e+03    33.4612    33.4860     0.0248    25.9200    25.9422     62.411     62.725      0.246    1485.18    1485.15  0.000e+00
       6006     63.500     8.9399     8.9265    -0.0134    3.56544    3.56636          1     4.2194     4.2089       9.98     0.0399  6.060e-14  1.000e-12  1.650e+03    33.4663    33.4885     0.0223    25.9267    25.9462     62.906     63.221      0.334    1485.14    1485.11  0.000e+00
       6042     64.000     8.9270     8.9125    -0.0145    3.56469    3.56543          1     4.2078     4.2046       9.98     0.0393  6.052e-14  1.000e-12  1.652e+03    33.4703    33.4918     0.0215    25.9318    25.9509     63.401     63.718      0.307    1485.10    1485.07  0.000e+00
       6086     64.500     8.9148     8.9039    -0.0110    3.56396    3.56474          1     4.1868     4.1942       9.98     0.0379  6.061e-14  1.000e-12  1.650e+03    33.4739    33.4925     0.0186    25.9366    25.9528     63.897     64.214      0.242    1485.07    1485.05  0.000e+00
       6143     65.000     8.8902     8.8792    -0.0110    3.56239    3.56309          1     4.1885     4.2111       9.98     0.0384  6.075e-14  1.000e-12  1.646e+03    33.4805    33.4983     0.0178    25.9456    25.9612     64.392     64.711      0.214    1484.99    1484.97  0.000e+00
       6195     65.500     8.8710     8.8589    -0.0121    3.56128    3.56178          1     4.2006     4.2133       9.97     0.0376  6.087e-14  1.000e-12  1.643e+03    33.4868    33.5035     0.0167    25.9536    25.9685     64.887     65.207      0.223    1484.94    1484.91  0.000e+00
       6247     66.000     8.8461     8.8245    -0.0217    3.55974    3.55971          1     4.1997     4.2091       9.71     0.0385  6.090e-14  1.000e-12  1.642e+03    33.4940    33.5141     0.0201    25.9631    25.9821     65.382     65.703      0.286    1484.86    1484.81  0.000e+00
       6282     66.500     8.8278     8.8184    -0.0093    3.55870    3.55913          1     4.1856     4.2091       9.22     0.0379  6.085e-14  1.000e-12  1.643e+03    33.5002    33.5136     0.0133    25.9708    25.9827     65.878     66.200      0.331    1484.81    1484.79  0.000e+00
       6325     67.000     8.8295     8.8138    -0.0158    3.55889    3.55888          1     4.1913     4.2031       8.73     0.0377  6.078e-14  1.000e-12  1.645e+03    33.5003    33.5151     0.0148    25.9706    25.9846     66.373     66.696      0.257    1484.83    1484.79  0.000e+00
       6369     67.500     8.8192     8.8105    -0.0087    3.55845    3.55880          1     4.1813     4.1927       8.27     0.0371  6.070e-14  1.000e-12  1.647e+03    33.5052    33.5171     0.0119    25.9760    25.9867     66.868     67.192      0.319    1484.80    1484.78  0.000e+00
       6405     68.000     8.8129     8.7725    -0.0404    3.55831    3.55739          1     4.1666     4.1774       7.77     0.0369  6.055e-14  1.000e-12  1.651e+03    33.5095    33.5380     0.0286    25.9803    26.0090     67.363     67.689      0.301    1484.79    1484.68  0.000e+00
       6457     68.500     8.7512     8.7195    -0.0317    3.55443    3.55349          1     4.1262     4.1291       7.27     0.0391  6.062e-14  1.000e-12  1.650e+03    33.5269    33.5471     0.0202    26.0036    26.0243     67.859     68.185      0.201    1484.59    1484.50  0.000e+00
       6513     69.000     8.7156     8.7072    -0.0084    3.55212    3.55250          1     4.1106     4.1020       6.77     0.0383  6.072e-14  1.000e-12  1.647e+03    33.5361    33.5481     0.0120    26.0163    26.0270     68.354     68.682      0.220    1484.48    1484.46  0.000e+00
       6571     69.500     8.7090     8.6991    -0.0100    3.55175    3.55186          1     4.0879     4.1048       6.36     0.0383  6.080e-14  1.000e-12  1.645e+03    33.5383    33.5489     0.0106    26.0190    26.0288     68.849     69.178      0.225    1484.47    1484.44  0.000e+00
       6615     70.000     8.7025     8.6958    -0.0067    3.55131    3.55157          1     4.0887     4.1060       5.79     0.0382  6.085e-14  1.000e-12  1.643e+03    33.5396    33.5487     0.0091    26.0211    26.0292     69.344     69.674      0.292    1484.45    1484.44  0.000e+00
       6662     70.500     8.7025     8.6969    -0.0055    3.55135    3.55154          1     4.0994     4.1058       5.31     0.0384  6.085e-14  1.000e-12  1.643e+03    33.5398    33.5471     0.0073    26.0212    26.0278     69.839     70.171      0.234    1484.46    1484.45  0.000e+00
       6709     71.000     8.7008     8.6968    -0.0041    3.55123    3.55147          1     4.0934     4.0994       4.84     0.0384  6.068e-14  1.000e-12  1.648e+03    33.5399    33.5463     0.0064    26.0216    26.0272     70.335     70.667      0.304    1484.46    1484.45  0.000e+00
       6747     71.500     8.6993     8.6946    -0.0047    3.55115    3.55133          1     4.0943     4.1071       4.36     0.0396  6.060e-14  1.000e-12  1.650e+03    33.5402    33.5466     0.0063    26.0220    26.0278     70.830     71.163      0.286    1484.46    1484.46  0.000e+00
       6802     72.000     8.6994     8.6946    -0.0048    3.55119    3.55128          1     4.0869     4.1011       4.00     0.0387  6.069e-14  1.000e-12  1.648e+03    33.5404    33.5459     0.0055    26.0221    26.0272     71.325     71.660      0.200    1484.47    1484.46  0.000e+00
       6856     72.500     8.6967     8.6937    -0.0030    3.55100    3.55121          1     4.0856     4.1061       4.05     0.0389  6.066e-14  1.000e-12  1.648e+03    33.5408    33.5457     0.0050    26.0229    26.0272     71.820     72.156      0.277    1484.47    1484.47  0.000e+00
       6901     73.000     8.6963     8.6926    -0.0037    3.55101    3.55113          1     4.0881     4.0995       3.50     0.0401  6.082e-14  1.000e-12  1.644e+03    33.5410    33.5457     0.0047    26.0231    26.0274     72.316     72.652      0.230    1484.48    1484.47  0.000e+00
       6956     73.500     8.6961     8.6928    -0.0033    3.55104    3.55114          1     4.0865     4.0910       2.40     0.0393  6.073e-14  1.000e-12  1.647e+03    33.5412    33.5454     0.0042    26.0233    26.0271     72.811     73.149      0.224    1484.49    1484.48  0.000e+00
       7005     74.000     8.6928     8.6919    -0.0009    3.55081    3.55101          1     4.0893     4.0943       1.86     0.0395  6.085e-14  1.000e-12  1.644e+03    33.5418    33.5448     0.0030    26.0243    26.0267     73.305     73.645      0.116    1484.49    1484.48  0.000e+00
