ctdpy/tests/etc/all_smhi_bas_2018/SBE09_0827_20181006_0018_26_01_1021.cnv
* Sea-Bird SBE 9 Data File:
* FileName = D:\CTD_SBE911\DAT\26DA.2018.10.21.hex
* Software Version Seasave V 7.21d
* Temperature SN = 4548
* Conductivity SN = 3062
* Number of Bytes Per Scan = 48
* Number of Voltage Words = 5
* Number of Scans Averaged by the Deck Unit = 1
* NMEA Latitude = 57 06.86 N
* NMEA Longitude = 017 42.14 E
* NMEA UTC (Time) = Oct 06 2018  00:20:41
* NMEA baud rate = 4800
** Ship: DANA
** Average sound velocity: 1448.33 m/s
** True-depth calculation Thu, 28 Mar 2019 12:18:22 +0000
** CTD Python Module SMHI /ver 3-12/ feb 2012 
** LIMS Job: 20182601-1021
** Operator: Christian A-KTh
** Cruise: 10/2018
# nquan = 26
# nvalues = 198                         
# units = specified
# name 0 = scan: Scan Count
# name 1 = prDM: Pressure, Digiquartz [db]
# name 2 = t090C: Temperature [ITS-90, deg C]
# name 3 = t190C: Temperature, 2 [ITS-90, deg C]
# name 4 = T2-T190C: Temperature Difference, 2 - 1 [ITS-90, deg C]
# name 5 = c0S/m: Conductivity [S/m]
# name 6 = c1S/m: Conductivity, 2 [S/m]
# name 7 = pumps: Pump Status
# name 8 = sbeox1ML/L: Oxygen, SBE 43, 2 [ml/l]
# name 9 = sbeox0ML/L: Oxygen, SBE 43 [ml/l]
# name 10 = altM: Altimeter [m]
# name 11 = chloroflTC0: Chlorophyll, Turner Cyclops [ug/l]
# name 12 = cpar: CPAR/Corrected Irradiance [%]
# name 13 = par: PAR/Irradiance, Biospherical/Lico [µE/(cm^2*s)]
# name 14 = spar: SPAR, Biospherical/Licor
# name 15 = sal00: Salinity, Practical [PSU]
# name 16 = sal11: Salinity, Practical, 2 [PSU]
# name 17 = secS-priS: Salinity, Practical, Difference, 2 - 1 [PSU]
# name 18 = sigma-t00: Density [sigma-t, kg/m^3 ]
# name 19 = sigma-t11: Density, 2 [sigma-t, kg/m^3 ]
# name 20 = depSM: Depth [salt water, m], lat = 57.1143
# name 21 = depFM: Depth [true depth, m], lat = 57.1143
# name 22 = dz/dtM: Descent Rate [m/s], WS = 2
# name 23 = svCM: Sound Velocity [Chen-Millero, m/s]
# name 24 = svCM1: Sound Velocity, 2 [Chen-Millero, m/s]
# name 25 = flag: flag
# span 0 =        295,      10772       
# span 1 =      1.500,    100.000       
# span 2 =     3.9599,    12.5529       
# span 3 =     3.9064,    12.5529       
# span 4 =    -0.5376,     0.0358       
# span 5 =   0.777522,   1.163149       
# span 6 =   0.778446,   1.163163       
# span 7 =          1,          1       
# span 8 =     0.0312,     7.2230       
# span 9 =     0.0417,     6.7976       
# span 10 =       1.57,       9.97      
# span 11 =     0.0159,     0.0311      
# span 12 = -1.496e+02, 6.5437e+03      
# span 13 = 1.0000e-12, 1.0000e-12      
# span 14 = 1.8979e+00, 2.0338e+00      
# span 15 =     6.8618,    10.7447      
# span 16 =     6.8621,    10.7448      
# span 17 =    -0.0002,     0.0696      
# span 18 =     4.7501,     8.4488      
# span 19 =     4.7502,     8.4488      
# span 20 =      1.486,     99.057      
# span 21 =      1.521,    101.184      
# span 22 =     -0.060,      0.455      
# span 23 =    1431.65,    1465.63      
# span 24 =    1431.44,    1465.63      
# span 25 = 0.0000e+00, 0.0000e+00      
# interval = decibars: 0.5              
# start_time = Oct 06 2018 00:20:41 [NMEA time, first data scan]
# bad_flag = -9.990e-29
*END*
[from data line 56]
       2961     29.500    10.5765    10.5659    -0.0107    0.88364    0.88362          1     7.0066     6.5333       9.97     0.0236  4.924e-11  1.000e-12  2.031e+00     6.9944     6.9962     0.0018     5.1009     5.1035     29.227     29.903      0.247    1458.60    1458.56  0.000e+00
       3024     30.000    10.5594    10.5546    -0.0047    0.88401    0.88418          1     6.9836     6.5223       9.97     0.0233  4.924e-11  1.000e-12  2.031e+00     7.0008     7.0032     0.0024     5.1078     5.1101     29.722     30.409      0.259    1458.55    1458.53  0.000e+00
       3057     30.500    10.5543    10.5447    -0.0096    0.88451    0.88450          1     6.9671     6.5035       9.97     0.0232  4.924e-11  1.000e-12  2.031e+00     7.0060     7.0077     0.0017     5.1124     5.1148     30.217     30.916      0.401    1458.54    1458.51  0.000e+00
       3089     31.000    10.5140    10.4849    -0.0293    0.88377    0.88339          1     6.9759     6.5096       9.97     0.0230  4.924e-11  1.000e-12  2.031e+00     7.0073     7.0096     0.0024     5.1180     5.1231     30.713     31.423      0.287    1458.40    1458.29  0.000e+00
       3164     31.500    10.4103    10.3753    -0.0349    0.88204    0.88170          1     7.0013     6.5407       9.97     0.0232  4.924e-11  1.000e-12  2.031e+00     7.0123     7.0161     0.0038     5.1335     5.1403     31.208     31.929      0.290    1458.01    1457.88  0.000e+00
       3196     32.000    10.3619    10.3482    -0.0138    0.88146    0.88155          1     7.0125     6.5344       9.97     0.0232  4.924e-11  1.000e-12  2.031e+00     7.0166     7.0200     0.0034     5.1422     5.1463     31.703     32.436      0.455    1457.84    1457.79  0.000e+00
       3224     32.500    10.3422    10.2919    -0.0503    0.88148    0.88149          1     7.0099     6.5174       9.97     0.0243  4.924e-11  1.000e-12  2.031e+00     7.0205     7.0303     0.0098     5.1474     5.1606     32.199     32.943      0.364    1457.78    1457.59  0.000e+00
       3282     33.000    10.1922    10.0644    -0.1280    0.87993    0.87839          1     7.0020     6.5288       9.97     0.0239  4.924e-11  1.000e-12  2.031e+00     7.0361     7.0475     0.0115     5.1759     5.1986     32.694     33.449      0.219    1457.22    1456.74  0.000e+00
       3336     33.500     9.8165     9.6980    -0.1192    0.87332    0.87183          1     6.9795     6.5147       9.97     0.0223  4.924e-11  1.000e-12  2.031e+00     7.0517     7.0619     0.0102     5.2281     5.2482     33.189     33.956      0.326    1455.79    1455.33  0.000e+00
       3368     34.000     9.3231     9.0189    -0.3040    0.86476    0.86065          1     6.9375     6.3934       9.97     0.0225  4.924e-11  1.000e-12  2.031e+00     7.0736     7.0974     0.0239     5.2949     5.3426     33.685     34.463      0.379    1453.88    1452.70  0.000e+00
       3403     34.500     8.8166     8.3089    -0.5080    0.85651    0.84912          1     7.0572     6.4625       9.97     0.0217  4.924e-11  1.000e-12  2.031e+00     7.1009     7.1365     0.0356     5.3641     5.4368     34.180     34.969      0.265    1451.90    1449.90  0.000e+00
       3475     35.000     8.3154     7.7763    -0.5376    0.84841    0.84090          1     6.8910     6.5783       9.97     0.0196  4.924e-11  1.000e-12  2.031e+00     7.1287     7.1702     0.0414     5.4296     5.5061     34.675     35.476      0.288    1449.92    1447.77  0.000e+00
       3507     35.500     7.2625     7.0134    -0.2500    0.83156    0.82990          1     6.8693     6.4465       9.97     0.0195  4.924e-11  1.000e-12  2.031e+00     7.1899     7.2263     0.0364     5.5599     5.6057     35.171     35.982      0.429    1445.67    1444.68  0.000e+00
       3537     36.000     6.8789     6.5326    -0.3458    0.82744    0.82466          1     6.9395     6.4359       9.97     0.0187  4.924e-11  1.000e-12  2.031e+00     7.2314     7.2783     0.0469     5.6189     5.6778     35.666     36.489      0.291    1444.13    1442.73  0.000e+00
       3609     36.500     6.6845     6.2327    -0.4514    0.82663    0.82154          1     6.8511     6.4546       9.97     0.0171  4.924e-11  1.000e-12  2.031e+00     7.2649     7.3127     0.0479     5.6567     5.7223     36.161     36.995      0.299    1443.35    1441.50  0.000e+00
       3637     37.000     5.8005     5.4126    -0.3878    0.81094    0.80478          1     6.9024     6.4133       9.97     0.0171  4.924e-11  1.000e-12  2.031e+00     7.3038     7.3281     0.0243     5.7383     5.7752     36.657     37.502      0.414    1439.64    1437.99  0.000e+00
       3672     37.500     4.9289     4.5046    -0.4268    0.79169    0.78578          1     7.1342     6.7045       9.97     0.0170  4.924e-11  1.000e-12  2.031e+00     7.3053     7.3402     0.0349     5.7787     5.8215     37.152     38.008      0.253    1435.86    1434.03  0.000e+00
       3736     38.000     4.2553     4.1325    -0.1228    0.78080    0.78022          1     7.1765     6.7976       9.97     0.0164  4.924e-11  1.000e-12  2.031e+00     7.3454     7.3671     0.0217     5.8327     5.8532     37.647     38.514      0.287    1432.93    1432.40  0.000e+00
       3771     38.500     3.9599     3.9064    -0.0535    0.77752    0.77845          1     7.2230     6.7936       9.97     0.0160  4.924e-11  1.000e-12  2.031e+00     7.3785     7.4000     0.0215     5.8666     5.8850     38.142     39.020      0.307    1431.65    1431.44  0.000e+00
       3820     39.000     3.9613     3.9287    -0.0326    0.78139    0.78278          1     7.1290     6.7077       9.97     0.0159  4.924e-11  1.000e-12  2.031e+00     7.4176     7.4392     0.0216     5.8976     5.9156     38.638     39.527      0.231    1431.71    1431.60  0.000e+00
       3864     39.500     4.0028     3.9947    -0.0081    0.78548    0.78669          1     7.0135     6.6023       9.97     0.0160  4.924e-11  1.000e-12  2.031e+00     7.4498     7.4639     0.0141     5.9222     5.9336     39.133     40.033      0.306    1431.95    1431.93  0.000e+00
       3905     40.000     4.0701     4.0720     0.0019    0.78985    0.79117          1     6.8962     6.5074       9.97     0.0160  4.924e-11  1.000e-12  2.031e+00     7.4788     7.4918     0.0130     5.9435     5.9538     39.628     40.539      0.267    1432.30    1432.32  0.000e+00
       3953     40.500     4.1135     4.1168     0.0032    0.79261    0.79354          1     6.7846     6.3947       9.97     0.0163  4.924e-11  1.000e-12  2.031e+00     7.4968     7.5056     0.0087     5.9568     5.9636     40.124     41.046      0.259    1432.53    1432.55  0.000e+00
       4000     41.000     4.1867     4.2126     0.0257    0.79589    0.79700          1     6.8000     6.3825       9.97     0.0161  4.924e-11  1.000e-12  2.031e+00     7.5134     7.5186     0.0052     5.9679     5.9712     40.619     41.552      0.235    1432.88    1433.00  0.000e+00
       4050     41.500     4.5404     4.5393    -0.0006    0.81287    0.81405          1     6.4056     6.1684       9.97     0.0167  4.924e-11  1.000e-12  2.031e+00     7.6036     7.6157     0.0121     6.0287     6.0383     41.114     42.058      0.285    1434.58    1434.59  0.000e+00
       4088     42.000     4.3176     4.2897    -0.0280    0.81264    0.81352          1     6.2135     5.9403       9.97     0.0166  4.924e-11  1.000e-12  2.031e+00     7.6528     7.6681     0.0153     6.0747     6.0877     41.610     42.564      0.301    1433.66    1433.56  0.000e+00
       4133     42.500     4.2811     4.2527    -0.0283    0.81783    0.81916          1     6.0211     5.7451       9.97     0.0161  4.924e-11  1.000e-12  2.031e+00     7.7138     7.7339     0.0201     6.1243     6.1411     42.105     43.070      0.256    1433.58    1433.48  0.000e+00
       4175     43.000     4.2221     4.2144    -0.0077    0.82003    0.82068          1     5.8621     5.6117       9.97     0.0161  4.924e-11  1.000e-12  2.031e+00     7.7499     7.7583     0.0084     6.1547     6.1616     42.600     43.577      0.311    1433.38    1433.35  0.000e+00
       4216     43.500     4.1850     4.1478    -0.0371    0.82222    0.82241          1     5.6623     5.4319       9.97     0.0161  4.924e-11  1.000e-12  2.031e+00     7.7809     7.7916     0.0107     6.1803     6.1899     43.096     44.083      0.266    1433.26    1433.10  0.000e+00
       4264     44.000     4.0866     4.0800    -0.0066    0.82240    0.82267          1     5.5745     5.3101       9.97     0.0160  4.924e-11  1.000e-12  2.031e+00     7.8060     7.8103     0.0043     6.2030     6.2066     43.591     44.589      0.251    1432.86    1432.83  0.000e+00
       4314     44.500     4.0744     4.0713    -0.0031    0.82350    0.82369          1     5.5251     5.2386       9.97     0.0160  4.924e-11  1.000e-12  2.031e+00     7.8201     7.8227     0.0027     6.2145     6.2167     44.086     45.095      0.226    1432.83    1432.82  0.000e+00
       4365     45.000     4.0937     4.1003     0.0066    0.82579    0.82645          1     5.4883     5.1884       9.97     0.0159  4.924e-11  1.000e-12  2.031e+00     7.8388     7.8439     0.0052     6.2288     6.2328     44.581     45.601      0.263    1432.95    1432.98  0.000e+00
       4407     45.500     4.1729     4.1886     0.0157    0.83095    0.83207          1     5.4078     5.1155       9.97     0.0160  4.924e-11  1.000e-12  2.031e+00     7.8723     7.8799     0.0076     6.2532     6.2588     45.077     46.107      0.300    1433.35    1433.43  0.000e+00
       4448     46.000     4.2448     4.2581     0.0133    0.83623    0.83736          1     5.2895     5.0111       9.97     0.0162  4.924e-11  1.000e-12  2.031e+00     7.9087     7.9170     0.0083     6.2800     6.2862     45.572     46.613      0.265    1433.73    1433.80  0.000e+00
       4496     46.500     4.2796     4.2823     0.0028    0.83985    0.84057          1     5.1792     4.9088       9.97     0.0165  4.924e-11  1.000e-12  2.031e+00     7.9370     7.9437     0.0067     6.3015     6.3067     46.067     47.119      0.270    1433.93    1433.95  0.000e+00
       4535     47.000     4.2992     4.3078     0.0085    0.84410    0.84515          1     5.0613     4.8140       9.97     0.0162  4.924e-11  1.000e-12  2.031e+00     7.9754     7.9839     0.0086     6.3313     6.3378     46.563     47.626      0.309    1434.07    1434.12  0.000e+00
       4584     47.500     4.2945     4.2796    -0.0148    0.84627    0.84672          1     4.9444     4.6792       9.97     0.0166  4.924e-11  1.000e-12  2.031e+00     7.9985     8.0067     0.0082     6.3498     6.3567     47.058     48.132      0.205    1434.09    1434.03  0.000e+00
       4641     48.000     4.3109     4.3157     0.0049    0.85129    0.85208          1     4.7849     4.5730       9.97     0.0163  4.924e-11  1.000e-12  2.031e+00     8.0454     8.0523     0.0069     6.3865     6.3918     47.553     48.638      0.275    1434.23    1434.26  0.000e+00
       4680     48.500     4.3283     4.3305     0.0022    0.86410    0.86750          1     4.4095     4.3164       9.97     0.0162  4.924e-11  1.000e-12  2.031e+00     8.1714     8.2054     0.0340     6.4859     6.5128     48.048     49.144      0.281    1434.48    1434.53  0.000e+00
       4727     49.000     4.3800     4.4097     0.0296    0.88457    0.89216          1     3.7899     3.7447       9.97     0.0168  4.924e-11  1.000e-12  2.031e+00     8.3665     8.4362     0.0696     6.6390     6.6932     48.544     49.650      0.259    1434.97    1435.19  0.000e+00
       4769     49.500     4.4336     4.4465     0.0129    0.89691    0.89961          1     3.3421     3.3015       9.97     0.0160  4.924e-11  1.000e-12  2.031e+00     8.4783     8.5025     0.0242     6.7258     6.7445     49.039     50.155      0.305    1435.36    1435.44  0.000e+00
       4812     50.000     4.4641     4.4794     0.0153    0.90386    0.90731          1     3.1183     3.0590       9.97     0.0160  4.924e-11  1.000e-12  2.031e+00     8.5410     8.5722     0.0312     6.7745     6.7987     49.534     50.661      0.245    1435.58    1435.69  0.000e+00
       4863     50.500     4.5013     4.5124     0.0110    0.91284    0.91502          1     2.8941     2.8175       9.97     0.0165  4.924e-11  1.000e-12  2.031e+00     8.6226     8.6419     0.0193     6.8378     6.8527     50.030     51.167      0.251    1435.86    1435.93  0.000e+00
       4907     51.000     4.5195     4.5234     0.0040    0.91631    0.91710          1     2.7889     2.7095       9.97     0.0163  4.924e-11  1.000e-12  2.031e+00     8.6531     8.6601     0.0070     6.8613     6.8667     50.525     51.673      0.271    1435.98    1436.01  0.000e+00
       4956     51.500     4.5300     4.5333     0.0034    0.91920    0.91993          1     2.7284     2.6262       9.97     0.0160  4.924e-11  1.000e-12  2.031e+00     8.6796     8.6862     0.0065     6.8820     6.8870     51.020     52.179      0.217    1436.07    1436.09  0.000e+00
       5013     52.000     4.5480     4.5593     0.0113    0.92456    0.92700          1     2.5825     2.5112       9.97     0.0161  4.924e-11  1.000e-12  2.031e+00     8.7292     8.7511     0.0218     6.9206     6.9375     51.515     52.685      0.259    1436.22    1436.30  0.000e+00
       5050     52.500     4.6399     4.6646     0.0247    0.94481    0.94835          1     2.1852     2.2290       9.97     0.0165  4.924e-11  1.000e-12  2.031e+00     8.9104     8.9397     0.0293     7.0606     7.0829     52.011     53.190      0.346    1436.87    1437.01  0.000e+00
       5085     53.000     4.6798     4.6946     0.0148    0.95123    0.95350          1     1.9416     1.9433       9.97     0.0164  4.924e-11  1.000e-12  2.031e+00     8.9647     8.9838     0.0190     7.1021     7.1166     52.506     53.696      0.318    1437.12    1437.21  0.000e+00
       5138     53.500     4.7131     4.7394     0.0261    0.95736    0.96145          1     1.8089     1.7589       9.97     0.0167  4.924e-11  1.000e-12  2.031e+00     9.0178     9.0522     0.0344     7.1428     7.1690     53.001     54.202      0.211    1437.35    1437.50  0.000e+00
       5199     54.000     4.7676     4.7771     0.0096    0.96737    0.96833          1     1.6529     1.6122       9.97     0.0163  4.924e-11  1.000e-12  2.031e+00     9.1044     9.1115     0.0071     7.2092     7.2144     53.497     54.707      0.349    1437.70    1437.75  0.000e+00
       5228     54.500     4.7883     4.8059     0.0176    0.97065    0.97293          1     1.5799     1.5401       9.97     0.0168  4.924e-11  1.000e-12  2.031e+00     9.1319     9.1502     0.0183     7.2300     7.2438     53.992     55.213      0.369    1437.84    1437.94  0.000e+00
       5277     55.000     4.8088     4.8449     0.0358    0.97404    0.97940          1     1.5053     1.4179       9.97     0.0167  4.924e-11  1.000e-12  2.031e+00     9.1605     9.2048     0.0444     7.2518     7.2854     54.487     55.718      0.225    1437.97    1438.19  0.000e+00
       5329     55.500     4.8660     4.8764     0.0104    0.98324    0.98435          1     1.3773     1.3116       9.97     0.0169  4.924e-11  1.000e-12  2.031e+00     9.2378     9.2461     0.0083     7.3106     7.3167     54.982     56.224      0.329    1438.33    1438.39  0.000e+00
       5365     56.000     4.8980     4.9180     0.0200    0.98873    0.99182          1     1.2449     1.2098       9.97     0.0168  4.924e-11  1.000e-12  2.031e+00     9.2843     9.3100     0.0256     7.3460     7.3654     55.478     56.730      0.285    1438.54    1438.66  0.000e+00
       5414     56.500     4.9480     4.9774     0.0294    0.99874    1.00350          1     0.9469     0.9272       9.97     0.0167  4.924e-11  1.000e-12  2.031e+00     9.3715     9.4113     0.0399     7.4127     7.4430     55.973     57.235      0.256    1438.87    1439.05  0.000e+00
