ctdpy/tests/etc/all_smhi_bas_2018/SBE09_1044_20180318_0435_34_02_0063.cnv
* Sea-Bird SBE 9 Data File:
* FileName = C:\ctd\temp\2018\ME18D063.hex
* Software Version Seasave V 7.26.6.26
* Temperature SN = 5351
* Conductivity SN = 3941
* Number of Bytes Per Scan = 41
* Number of Voltage Words = 4
* Number of Scans Averaged by the Deck Unit = 1
* NMEA Latitude = 55 22.98 N
* NMEA Longitude = 015 20.02 E
* NMEA UTC (Time) = Mar 18 2018  04:35:17
* NMEA baud rate = 4800
** Station:  BY4
** Operator:  Mhan
** Ship: MERI
** Average sound velocity: 1433.39 m/s
** True-depth calculation Sun, 18 Mar 2018 05:22:27 +0000
** CTD Python Module SMHI /ver 3-12/ feb 2012 
** LIMS Job: 20183402-0063
** Cruise: SMHI-02-2018
** Latitude [GG MM.mm N] :
** Longitude [GG MM.mm E]:
# nquan = 26
# nvalues = 175                         
# units = specified
# name 0 = scan: Scan Count
# name 1 = prDM: Pressure, Digiquartz [db]
# name 2 = t090C: Temperature [ITS-90, deg C]
# name 3 = t190C: Temperature, 2 [ITS-90, deg C]
# name 4 = T2-T190C: Temperature Difference, 2 - 1 [ITS-90, deg C]
# name 5 = c0S/m: Conductivity [S/m]
# name 6 = c1S/m: Conductivity, 2 [S/m]
# name 7 = pumps: Pump Status
# name 8 = sbeox0ML/L: Oxygen, SBE 43 [ml/l]
# name 9 = sbeox1ML/L: Oxygen, SBE 43, 2 [ml/l]
# name 10 = altM: Altimeter [m]
# name 11 = flECO-AFL: Chl-a Fluorescence, WET Labs ECO-AFL/FL [mg/m^3]
# name 12 = flECO-AFL1: Phycocyanin Fluorescence, WET Labs ECO-AFL/FL, 2 [mg/m^3]
# name 13 = par: PAR/Irradiance, Biospherical/Lico [µE/(cm^2*s)]
# name 14 = turbWETntu0: Turbidity, WET Labs ECO [NTU]
# name 15 = sal00: Salinity, Practical [PSU]
# name 16 = sal11: Salinity, Practical, 2 [PSU]
# name 17 = secS-priS: Salinity, Practical, Difference, 2 - 1 [PSU]
# name 18 = sigma-t00: Density [sigma-t, Kg/m^3 ]
# name 19 = sigma-t11: Density, 2 [sigma-t, Kg/m^3 ]
# name 20 = depSM: Depth [salt water, m], lat = 55.383
# name 21 = depFM: Depth [true depth, m], lat = 55.383
# name 22 = dz/dtM: Descent Rate [m/s], WS = 2
# name 23 = svCM: Sound Velocity [Chen-Millero, m/s]
# name 24 = svCM1: Sound Velocity, 2 [Chen-Millero, m/s]
# name 25 = flag: flag
# span 0 =       5233,       9459       
# span 1 =      1.000,     88.000       
# span 2 =     2.1392,     8.3667       
# span 3 =     2.1384,     8.3673       
# span 4 =    -0.0584,     0.0275       
# span 5 =   0.741814,   1.816997       
# span 6 =   0.741770,   1.817028       
# span 7 =          1,          1       
# span 8 =    0.06500,    8.91156       
# span 9 =    0.06173,    8.92265       
# span 10 =       1.90,      98.72      
# span 11 =     0.2531,     0.9928      
# span 12 =     0.2617,     0.4564      
# span 13 = -8.262e-05, 1.0255e+00      
# span 14 =     0.1727,     0.9031      
# span 15 =     7.4294,    16.8910      
# span 16 =     7.4292,    16.8912      
# span 17 =    -0.0856,     0.0202      
# span 18 =     5.9253,    13.1968      
# span 19 =     5.9252,    13.1969      
# span 20 =      0.991,     87.185      
# span 21 =      1.013,     88.943      
# span 22 =      0.022,      1.108      
# span 23 =    1422.75,    1460.20      
# span 24 =    1422.75,    1460.20      
# span 25 = 0.0000e+00, 0.0000e+00      
# interval = decibars: 0.5              
# start_time = Mar 18 2018 04:35:17 [NMEA time, first data scan]
# bad_flag = -9.990e-29
*END*
[from data line 56]
       6509     29.000     2.1579     2.1589     0.0010    0.74284    0.74285          1     8.8925     8.8964      81.25     0.8945     0.3928  1.000e-12  0.1895000     7.4322     7.4321    -0.0001     5.9277     5.9276     28.736     29.364      0.623    1423.27    1423.28  0.000e+00
       6536     29.500     2.1605     2.1612     0.0008    0.74297    0.74296          1     8.8902     8.9003      83.50     0.8975     0.3794  1.000e-12  0.1978000     7.4329     7.4327    -0.0002     5.9282     5.9280     29.231     29.870      0.324    1423.30    1423.30  0.000e+00
       6588     30.000     2.1591     2.1586    -0.0005    0.74291    0.74285          1     8.8807     8.8994      60.51     0.9885     0.4119  1.000e-12  0.2022000     7.4325     7.4320    -0.0005     5.9279     5.9275     29.726     30.376      0.378    1423.30    1423.29  0.000e+00
       6608     30.500     2.1649     2.1661     0.0012    0.74318    0.74319          1     8.8780     8.8890      62.30     0.9265     0.4114  1.000e-12  0.1901000     7.4341     7.4339    -0.0002     5.9292     5.9290     30.222     30.882      0.679    1423.33    1423.34  0.000e+00
       6624     31.000     2.1586     2.1619     0.0032    0.74289    0.74299          1     8.8788     8.8949      77.23     0.9060     0.4071  1.000e-12  0.1877000     7.4324     7.4327     0.0004     5.9278     5.9281     30.717     31.389      0.816    1423.31    1423.32  0.000e+00
       6638     31.500     2.1599     2.1612     0.0012    0.74295    0.74297          1     8.8826     8.9001      81.30     0.8793     0.3833  1.000e-12  0.1922000     7.4326     7.4325    -0.0001     5.9279     5.9279     31.213     31.895      0.846    1423.32    1423.33  0.000e+00
       6652     32.000     2.1547     2.1560     0.0013    0.74272    0.74274          1     8.8839     8.9002      75.52     0.8781     0.3835  1.000e-12  0.1917000     7.4313     7.4312    -0.0002     5.9269     5.9268     31.708     32.401      0.778    1423.31    1423.31  0.000e+00
       6669     32.500     2.1551     2.1556     0.0005    0.74275    0.74273          1     8.8842     8.9003      98.14     0.8692     0.4215  1.000e-12  0.1914000     7.4315     7.4311    -0.0004     5.9270     5.9268     32.203     32.907      0.615    1423.32    1423.32  0.000e+00
       6694     33.000     2.1547     2.1551     0.0004    0.74275    0.74272          1     8.8877     8.9056      80.85     0.8985     0.4115  1.000e-12  0.1979000     7.4315     7.4311    -0.0004     5.9270     5.9267     32.699     33.414      0.422    1423.32    1423.32  0.000e+00
       6727     33.500     2.1556     2.1569     0.0013    0.74280    0.74282          1     8.8887     8.8984      73.67     0.9290     0.3916  1.000e-12  0.1988000     7.4318     7.4316    -0.0002     5.9273     5.9271     33.194     33.920      0.354    1423.33    1423.34  0.000e+00
       6759     34.000     2.1547     2.1579     0.0033    0.74275    0.74286          1     8.8854     8.8956      58.19     0.9067     0.3653  1.000e-12  0.1933000     7.4314     7.4317     0.0004     5.9269     5.9272     33.690     34.426      0.423    1423.34    1423.35  0.000e+00
       6784     34.500     2.1539     2.1535    -0.0004    0.74272    0.74265          1     8.8826     8.8978      58.11     0.8944     0.3920  1.000e-12  0.2003000     7.4311     7.4305    -0.0006     5.9267     5.9263     34.185     34.933      0.555    1423.34    1423.34  0.000e+00
       6804     35.000     2.1514     2.1513    -0.0002    0.74263    0.74258          1     8.8847     8.8989      69.88     0.8945     0.3908  1.000e-12  0.2027000     7.4306     7.4302    -0.0005     5.9263     5.9260     34.680     35.439      0.649    1423.34    1423.33  0.000e+00
       6821     35.500     2.1511     2.1517     0.0006    0.74263    0.74261          1     8.8846     8.9005      75.07     0.8952     0.3789  1.000e-12  0.1986000     7.4307     7.4303    -0.0004     5.9264     5.9261     35.176     35.945      0.682    1423.34    1423.35  0.000e+00
       6839     36.000     2.1513     2.1517     0.0005    0.74266    0.74262          1     8.8816     8.8934      56.48     0.8852     0.3769  1.000e-12  0.2025000     7.4309     7.4303    -0.0006     5.9265     5.9261     35.671     36.451      0.676    1423.35    1423.35  0.000e+00
       6857     36.500     2.1517     2.1523     0.0006    0.74268    0.74266          1     8.8835     8.8847      56.14     0.8856     0.3790  1.000e-12  0.2009000     7.4309     7.4306    -0.0004     5.9266     5.9263     36.167     36.958      0.650    1423.36    1423.36  0.000e+00
       6876     37.000     2.1511     2.1532     0.0021    0.74268    0.74272          1     8.8860     8.8847      55.64     0.8938     0.3594  1.000e-12  0.2002000     7.4310     7.4309    -0.0001     5.9266     5.9266     36.662     37.464      0.569    1423.37    1423.38  0.000e+00
       6902     37.500     2.1511     2.1513     0.0002    0.74269    0.74264          1     8.8894     8.9006      55.01     0.8965     0.3492  1.000e-12  0.2044000     7.4310     7.4305    -0.0005     5.9267     5.9262     37.157     37.970      0.341    1423.37    1423.37  0.000e+00
       6961     38.000     2.1502     2.1508     0.0006    0.74265    0.74263          1     8.8871     8.8979      54.25     0.8912     0.3446  1.000e-12  0.1864000     7.4307     7.4303    -0.0004     5.9264     5.9261     37.653     38.476      0.436    1423.38    1423.38  0.000e+00
       6977     38.500     2.1510     2.1522     0.0012    0.74269    0.74270          1     8.8842     8.8971      67.29     0.8812     0.3848  1.000e-12  0.1918000     7.4309     7.4307    -0.0002     5.9266     5.9264     38.148     38.983      0.785    1423.39    1423.40  0.000e+00
       6990     39.000     2.1524     2.1533     0.0009    0.74276    0.74276          1     8.8834     8.8981      85.59     0.8708     0.3935  1.000e-12  0.1924000     7.4313     7.4310    -0.0002     5.9269     5.9267     38.644     39.489      0.917    1423.40    1423.41  0.000e+00
       7003     39.500     2.1530     2.1523    -0.0007    0.74278    0.74272          1     8.8863     8.8993      52.15     0.8687     0.3887  1.000e-12  0.1915000     7.4313     7.4307    -0.0006     5.9269     5.9264     39.139     39.995      0.927    1423.41    1423.41  0.000e+00
       7016     40.000     2.1564     2.1523    -0.0041    0.74297    0.74271          1     8.8840     8.8992      52.48     0.8602     0.3912  1.000e-12  0.1969000     7.4324     7.4306    -0.0018     5.9278     5.9264     39.634     40.501      0.810    1423.44    1423.42  0.000e+00
       7034     40.500     2.1615     2.1575    -0.0039    0.74320    0.74297          1     8.8798     8.8947      51.91     0.8725     0.4335  1.000e-12  0.2079000     7.4336     7.4321    -0.0015     5.9288     5.9275     40.130     41.008      0.528    1423.47    1423.45  0.000e+00
       7090     41.000     2.1722     2.1743     0.0020    0.74372    0.74376          1     8.8777     8.8862      51.04     0.8978     0.3815  1.330e-12  0.1822000     7.4366     7.4365    -0.0000     5.9312     5.9312     40.625     41.514      0.314    1423.54    1423.55  0.000e+00
       7123     41.500     2.1783     2.1788     0.0005    0.74399    0.74398          1     8.8715     8.8845      50.63     0.8952     0.3893  9.953e-13  0.1727000     7.4380     7.4377    -0.0003     5.9324     5.9321     41.120     42.020      0.663    1423.58    1423.58  0.000e+00
       7138     42.000     2.1786     2.1791     0.0005    0.74401    0.74399          1     8.8734     8.8840      50.20     0.8942     0.4396  1.000e-12  0.1802000     7.4381     7.4378    -0.0004     5.9325     5.9322     41.616     42.527      0.831    1423.58    1423.59  0.000e+00
       7152     42.500     2.1772     2.1787     0.0014    0.74394    0.74396          1     8.8706     8.8806      49.84     0.8961     0.4259  1.000e-12  0.1924000     7.4376     7.4375    -0.0001     5.9320     5.9319     42.111     43.033      0.871    1423.58    1423.59  0.000e+00
       7165     43.000     2.1776     2.1783     0.0007    0.74396    0.74395          1     8.8693     8.8816      49.37     0.8765     0.3905  1.000e-12  0.1934000     7.4376     7.4374    -0.0002     5.9321     5.9319     42.607     43.539      0.801    1423.59    1423.60  0.000e+00
       7182     43.500     2.1768     2.1771     0.0003    0.74394    0.74391          1     8.8706     8.8849      74.97     0.8578     0.3994  1.000e-12  0.1929000     7.4375     7.4371    -0.0004     5.9320     5.9316     43.102     44.045      0.617    1423.60    1423.60  0.000e+00
       7212     44.000     2.1773     2.1779     0.0007    0.74396    0.74395          1     8.8774     8.8869      67.44     0.8901     0.3722  1.000e-12  0.2156000     7.4376     7.4373    -0.0003     5.9320     5.9318     43.597     44.552      0.322    1423.61    1423.61  0.000e+00
       7263     44.500     2.1765     2.1775     0.0010    0.74393    0.74392          1     8.8574     8.8910      45.39     0.8996     0.3952  1.000e-12  0.1904000     7.4373     7.4370    -0.0003     5.9318     5.9316     44.093     45.058      0.289    1423.61    1423.62  0.000e+00
       7291     45.000     2.1753     2.1758     0.0004    0.74386    0.74383          1     8.8675     8.8950      46.93     0.8889     0.4016  1.000e-12  0.1882000     7.4368     7.4364    -0.0004     5.9314     5.9311     44.588     45.564      0.586    1423.61    1423.61  0.000e+00
       7308     45.500     2.1771     2.1765    -0.0006    0.74395    0.74387          1     8.8736     8.8897      46.61     0.8803     0.4023  1.000e-12  0.1912000     7.4373     7.4366    -0.0006     5.9318     5.9313     45.083     46.070      0.754    1423.63    1423.63  0.000e+00
       7323     46.000     2.1804     2.1793    -0.0011    0.74412    0.74403          1     8.8734     8.8862      46.25     0.8705     0.3912  1.000e-12  0.2021000     7.4383     7.4376    -0.0007     5.9326     5.9320     45.579     46.577      0.824    1423.65    1423.65  0.000e+00
       7337     46.500     2.1839     2.1841     0.0001    0.74432    0.74429          1     8.8724     8.8855      78.26     0.8683     0.3974  1.000e-12  0.2034000     7.4395     7.4391    -0.0003     5.9335     5.9333     46.074     47.083      0.783    1423.68    1423.68  0.000e+00
       7354     47.000     2.1884     2.1879    -0.0005    0.74456    0.74450          1     8.8754     8.8866      90.01     0.8535     0.4055  1.000e-12  0.1862000     7.4409     7.4404    -0.0005     5.9347     5.9343     46.569     47.589      0.598    1423.71    1423.71  0.000e+00
       7389     47.500     2.1874     2.1880     0.0006    0.74453    0.74451          1     8.8815     8.8866      46.24     0.8837     0.3892  1.000e-12  0.2015000     7.4408     7.4405    -0.0003     5.9346     5.9344     47.065     48.095      0.283    1423.71    1423.72  0.000e+00
       7435     48.000     2.1878     2.1881     0.0003    0.74455    0.74451          1     8.8734     8.8770      42.84     0.8805     0.4377  1.000e-12  0.1804000     7.4408     7.4404    -0.0005     5.9346     5.9343     47.560     48.602      0.414    1423.72    1423.72  0.000e+00
       7457     48.500     2.1882     2.1891     0.0009    0.74455    0.74456          1     8.8709     8.8812      42.45     0.8817     0.4190  1.000e-12  0.3685000     7.4407     7.4406    -0.0002     5.9346     5.9344     48.056     49.108      0.636    1423.73    1423.74  0.000e+00
       7473     49.000     2.1883     2.1880    -0.0002    0.74455    0.74450          1     8.8698     8.8837      42.05     0.8731     0.3744  1.000e-12  0.2624000     7.4406     7.4401    -0.0005     5.9345     5.9341     48.551     49.614      0.734    1423.74    1423.74  0.000e+00
       7489     49.500     2.1906     2.1894    -0.0013    0.74468    0.74458          1     8.8718     8.8814      41.55     0.8701     0.3582  1.000e-12  0.2049000     7.4414     7.4406    -0.0008     5.9351     5.9345     49.046     50.121      0.747    1423.76    1423.76  0.000e+00
       7505     50.000     2.1910     2.1916     0.0006    0.74470    0.74470          1     8.8742     8.8828      40.94     0.8708     0.3483  1.000e-12  0.1860000     7.4415     7.4412    -0.0002     5.9352     5.9350     49.542     50.627      0.679    1423.77    1423.77  0.000e+00
       7525     50.500     2.1925     2.1930     0.0005    0.74480    0.74477          1     8.8732     8.8840      40.31     0.8708     0.3344  1.000e-12  0.1976000     7.4420     7.4417    -0.0004     5.9356     5.9354     50.037     51.133      0.516    1423.79    1423.79  0.000e+00
       7558     51.000     2.1953     2.1943    -0.0011    0.74494    0.74485          1     8.8667     8.8829      39.52     0.8523     0.3915  1.000e-12  0.1878000     7.4428     7.4421    -0.0008     5.9363     5.9357     50.532     51.639      0.315    1423.81    1423.80  0.000e+00
       7596     51.500     2.1957     2.1971     0.0014    0.74496    0.74498          1     8.8628     8.8741      38.89     0.8559     0.3686  1.000e-12  0.1944000     7.4429     7.4428    -0.0001     5.9363     5.9362     51.028     52.146      0.430    1423.82    1423.83  0.000e+00
       7618     52.000     2.1950     2.1954     0.0004    0.74492    0.74489          1     8.8706     8.8795      38.51     0.8733     0.3961  1.000e-12  0.1993000     7.4426     7.4422    -0.0003     5.9361     5.9358     51.523     52.652      0.622    1423.82    1423.83  0.000e+00
       7635     52.500     2.1973     2.1978     0.0005    0.74503    0.74501          1     8.8688     8.8808      38.06     0.8459     0.4377  1.000e-12  0.2038000     7.4431     7.4428    -0.0004     5.9365     5.9362     52.018     53.158      0.729    1423.84    1423.85  0.000e+00
       7651     53.000     2.2015     2.2012    -0.0002    0.74523    0.74518          1     8.8662     8.8793      37.73     0.8528     0.4034  1.000e-12  0.2000000     7.4442     7.4438    -0.0004     5.9374     5.9371     52.514     53.664      0.763    1423.87    1423.87  0.000e+00
       7667     53.500     2.2011     2.2030     0.0019    0.74521    0.74525          1     8.8654     8.8789      37.30     0.8586     0.3624  1.000e-12  0.1991000     7.4440     7.4440    -0.0000     5.9373     5.9372     53.009     54.171      0.714    1423.88    1423.89  0.000e+00
       7685     54.000     2.1989     2.2005     0.0016    0.74512    0.74514          1     8.8662     8.8771      36.69     0.8461     0.3486  1.000e-12  0.2049000     7.4435     7.4433    -0.0002     5.9368     5.9367     53.505     54.677      0.547    1423.88    1423.88  0.000e+00
       7724     54.500     2.1986     2.1998     0.0012    0.74513    0.74513          1     8.8634     8.8759      35.90     0.8534     0.3560  1.000e-12  0.1933000     7.4436     7.4433    -0.0003     5.9369     5.9366     54.000     55.183      0.275    1423.88    1423.89  0.000e+00
       7770     55.000     2.2058     2.2050    -0.0007    0.74546    0.74537          1     8.8647     8.8717      35.58     0.8822     0.3424  1.000e-12  0.1749000     7.4454     7.4445    -0.0008     5.9383     5.9377     54.495     55.689      0.536    1423.93    1423.92  0.000e+00
       7786     55.500     2.2084     2.2095     0.0011    0.74557    0.74557          1     8.8631     8.8735      35.30     0.8581     0.3487  1.000e-12  0.2177000     7.4459     7.4456    -0.0003     5.9387     5.9385     54.990     56.196      0.816    1423.94    1423.95  0.000e+00
       7799     56.000     2.2106     2.2102    -0.0004    0.74569    0.74563          1     8.8628     8.8773      34.90     0.8534     0.3454  1.000e-12  0.2123000     7.4466     7.4461    -0.0005     5.9393     5.9389     55.486     56.702      0.954    1423.97    1423.96  0.000e+00
