ctdpy/tests/etc/all_smhi_bas_2018/SBE09_1044_20181110_2055_34_01_0127.cnv
* Sea-Bird SBE 9 Data File:
* FileName = C:\ctd\temp\ar18d127.hex
* Software Version Seasave V 7.26.7.107
* Temperature SN = 5351
* Conductivity SN = 3941
* Number of Bytes Per Scan = 41
* Number of Voltage Words = 4
* Number of Scans Averaged by the Deck Unit = 1
* NMEA Latitude = 55 22.97 N
* NMEA Longitude = 015 20.00 E
* NMEA UTC (Time) = Nov 10 2018  20:55:21
* NMEA baud rate = 4800
** Station:  BY4
** Operator:  JKro
** Ship: ARANDA
** Average sound velocity: 1457.19 m/s
** True-depth calculation Sat, 10 Nov 2018 21:56:17 +0000
** CTD Python Module SMHI /ver 3-12/ feb 2012 
** LIMS Job: 20183401-0127
** Cruise: SMHI-6-2018
** Latitude [GG MM.mm N]:
** Longitude [GG MM.mm E]
# nquan = 26
# nvalues = 170                         
# units = specified
# name 0 = scan: Scan Count
# name 1 = prDM: Pressure, Digiquartz [db]
# name 2 = t090C: Temperature [ITS-90, deg C]
# name 3 = t190C: Temperature, 2 [ITS-90, deg C]
# name 4 = T2-T190C: Temperature Difference, 2 - 1 [ITS-90, deg C]
# name 5 = c0S/m: Conductivity [S/m]
# name 6 = c1S/m: Conductivity, 2 [S/m]
# name 7 = pumps: Pump Status
# name 8 = sbeox0ML/L: Oxygen, SBE 43 [ml/l]
# name 9 = sbeox1ML/L: Oxygen, SBE 43, 2 [ml/l]
# name 10 = altM: Altimeter [m]
# name 11 = flECO-AFL: Chl-a Fluorescence, WET Labs ECO-AFL/FL [mg/m^3]
# name 12 = flECO-AFL1: Phycocyanin Fluorescence, WET Labs ECO-AFL/FL, 2 [mg/m^3]
# name 13 = par: PAR/Irradiance, Biospherical/Lico [µE/(cm^2*s)]
# name 14 = turbWETntu0: Turbidity, WET Labs ECO [NTU]
# name 15 = sal00: Salinity, Practical [PSU]
# name 16 = sal11: Salinity, Practical, 2 [PSU]
# name 17 = secS-priS: Salinity, Practical, Difference, 2 - 1 [PSU]
# name 18 = sigma-t00: Density [sigma-t, Kg/m^3 ]
# name 19 = sigma-t11: Density, 2 [sigma-t, Kg/m^3 ]
# name 20 = depSM: Depth [salt water, m], lat = 55.3828
# name 21 = depFM: Depth [true depth, m], lat = 55.3828
# name 22 = dz/dtM: Descent Rate [m/s], WS = 2
# name 23 = svCM: Sound Velocity [Chen-Millero, m/s]
# name 24 = svCM1: Sound Velocity, 2 [Chen-Millero, m/s]
# name 25 = flag: flag
# span 0 =      17319,      22146       
# span 1 =      1.000,     85.500       
# span 2 =     6.9232,    11.5569       
# span 3 =     6.9297,    11.5553       
# span 4 =    -0.0350,     0.0396       
# span 5 =   0.890851,   2.069892       
# span 6 =   0.890815,   2.069787       
# span 7 =          1,          1       
# span 8 =    0.05182,    7.52604       
# span 9 =    0.13574,    7.19305       
# span 10 =       3.66,     114.17      
# span 11 =     0.2420,     1.9428      
# span 12 =     0.1540,     0.5149      
# span 13 = -1.823e-04, 5.6816e-01      
# span 14 =     0.2342,     1.7177      
# span 15 =     7.5385,    17.5107      
# span 16 =     7.5380,    17.5105      
# span 17 =    -0.0126,     0.0098      
# span 18 =     5.7536,    13.2389      
# span 19 =     5.7531,    13.2389      
# span 20 =      0.991,     84.709      
# span 21 =      1.013,     86.387      
# span 22 =      0.173,      0.667      
# span 23 =    1446.40,    1473.50      
# span 24 =    1446.43,    1473.54      
# span 25 = 0.0000e+00, 0.0000e+00      
# interval = decibars: 0.5              
# start_time = Nov 10 2018 20:55:22 [NMEA time, first data scan]
# bad_flag = -9.990e-29
*END*
      17319      1.000     8.2949     8.3015     0.0067    0.89313    0.89342          1     7.5062     7.1931     114.17     1.8914     0.4106  5.682e-01  0.2921000     7.5421     7.5433     0.0012     5.7553     5.7556      0.991      1.013      0.220    1449.81    1449.83  0.000e+00
      17417      1.500     8.2943     8.2984     0.0041    0.89312    0.89326          1     7.5063     7.1849      58.55     1.9080     0.4936  3.458e-01  0.3093000     7.5422     7.5425     0.0003     5.7554     5.7553      1.486      1.519      0.329    1449.81    1449.83  0.000e+00
      17649      2.000     8.2816     8.2833     0.0018    0.89243    0.89243          1     7.5061     7.1766      64.86     1.9428     0.5053  1.634e-02  0.2959000     7.5385     7.5382    -0.0003     5.7536     5.7532      1.982      2.025      0.469    1449.76    1449.77  0.000e+00
      17680      2.500     8.2817     8.2827     0.0010    0.89243    0.89241          1     7.5157     7.1748      95.60     1.9035     0.4823  2.397e-03  0.3137000     7.5385     7.5380    -0.0004     5.7536     5.7531      2.477      2.532      0.350    1449.77    1449.78  0.000e+00
      17722      3.000     8.2848     8.2845    -0.0003    0.89261    0.89251          1     7.5200     7.1744      97.45     1.8472     0.4378 -1.823e-04  0.3069000     7.5394     7.5385    -0.0009     5.7540     5.7534      2.973      3.038      0.343    1449.79    1449.79  0.000e+00
      17747      3.500     8.2823     8.2847     0.0024    0.89248    0.89253          1     7.5119     7.1778      97.45     1.8703     0.4490  1.000e-12  0.3083000     7.5386     7.5386    -0.0000     5.7536     5.7534      3.468      3.544      0.575    1449.79    1449.80  0.000e+00
      17766      4.000     8.2831     8.2856     0.0024    0.89255    0.89259          1     7.5188     7.1765      97.45     1.8840     0.4699  1.000e-12  0.3217000     7.5391     7.5389    -0.0002     5.7539     5.7536      3.964      4.051      0.582    1449.80    1449.81  0.000e+00
      17791      4.500     8.2910     8.2930     0.0020    0.89297    0.89299          1     7.5155     7.1695      97.45     1.8737     0.4487  1.000e-12  0.3276000     7.5411     7.5409    -0.0003     5.7548     5.7545      4.459      4.557      0.402    1449.84    1449.85  0.000e+00
      17825      5.000     8.2876     8.2880     0.0004    0.89281    0.89274          1     7.5135     7.1622      97.44     1.8348     0.4721  1.000e-12  0.3200000     7.5403     7.5396    -0.0007     5.7545     5.7539      4.955      5.064      0.466    1449.84    1449.84  0.000e+00
      17844      5.500     8.2847     8.2849     0.0002    0.89262    0.89255          1     7.5260     7.1727      97.44     1.8317     0.4709  1.000e-12  0.3165000     7.5392     7.5385    -0.0007     5.7538     5.7533      5.450      5.570      0.667    1449.83    1449.83  0.000e+00
      17861      6.000     8.3009     8.2940    -0.0068    0.89361    0.89303          1     7.5233     7.1642      96.67     1.8833     0.5149  1.000e-12  0.3163000     7.5446     7.5409    -0.0037     5.7567     5.7544      5.946      6.076      0.632    1449.91    1449.88  0.000e+00
      17884      6.500     8.3272     8.3289     0.0017    0.89509    0.89512          1     7.5073     7.1505      97.08     1.8748     0.4865  1.000e-12  0.3210000     7.5524     7.5523    -0.0001     5.7605     5.7603      6.441      6.583      0.458    1450.04    1450.04  0.000e+00
      17914      7.000     8.3399     8.3411     0.0013    0.89585    0.89580          1     7.4952     7.1531      84.64     1.8603     0.4054  1.000e-12  0.3168000     7.5565     7.5557    -0.0007     5.7626     5.7620      6.937      7.089      0.463    1450.10    1450.11  0.000e+00
      17936      7.500     8.3534     8.3652     0.0117    0.89671    0.89732          1     7.5017     7.1625      79.44     1.8852     0.4296  1.000e-12  0.3227000     7.5614     7.5644     0.0030     5.7653     5.7666      7.432      7.595      0.605    1450.17    1450.22  0.000e+00
      17954      8.000     8.3856     8.3970     0.0112    0.89868    0.89928          1     7.4898     7.1580      97.44     1.8842     0.4753  1.000e-12  0.3279000     7.5723     7.5753     0.0030     5.7710     5.7724      7.927      8.102      0.590    1450.32    1450.37  0.000e+00
      17978      8.500     8.4200     8.4228     0.0029    0.90074    0.90078          1     7.4670     7.1245      97.45     1.8842     0.4940  1.000e-12  0.3254000     7.5835     7.5833    -0.0002     5.7768     5.7764      8.423      8.608      0.465    1450.48    1450.49  0.000e+00
      18006      9.000     8.4216     8.4152    -0.0065    0.90079    0.90039          1     7.4661     7.1129      97.45     1.8846     0.4594  1.000e-12  0.3195000     7.5835     7.5813    -0.0023     5.7767     5.7755      8.918      9.114      0.444    1450.50    1450.47  0.000e+00
      18030      9.500     8.4496     8.4552     0.0058    0.90255    0.90292          1     7.5056     7.1146      83.02     1.8986     0.4296  1.000e-12  0.3095000     7.5934     7.5955     0.0021     5.7819     5.7831      9.414      9.621      0.540    1450.63    1450.66  0.000e+00
      18052     10.000     8.5594     8.5865     0.0269    0.90941    0.91114          1     7.4697     7.0916      82.39     1.9189     0.4693  1.000e-12  0.3100000     7.6317     7.6415     0.0098     5.8021     5.8074      9.909     10.127      0.537    1451.13    1451.25  0.000e+00
      18076     10.500     8.6976     8.6939    -0.0037    0.91846    0.91825          1     7.3990     7.0580      97.02     1.8766     0.4703  1.000e-12  0.3103000     7.6835     7.6823    -0.0011     5.8301     5.8296     10.405     10.633      0.466    1451.76    1451.74  0.000e+00
      18103     11.000     8.7186     8.7193     0.0006    0.92022    0.92020          1     7.3687     7.0367      97.45     1.7439     0.4300  1.000e-12  0.2903000     7.6947     7.6944    -0.0004     5.8370     5.8366     10.900     11.140      0.455    1451.86    1451.87  0.000e+00
      18128     11.500     8.7327     8.7304    -0.0023    0.92117    0.92093          1     7.3656     7.0361      97.45     1.6895     0.3980  1.000e-12  0.2792000     7.7002     7.6985    -0.0017     5.8399     5.8389     11.396     11.646      0.515    1451.93    1451.92  0.000e+00
      18150     12.000     8.7481     8.7510     0.0029    0.92205    0.92215          1     7.3814     7.0436      97.45     1.6516     0.4534  1.000e-12  0.2816000     7.7047     7.7049     0.0003     5.8420     5.8420     11.891     12.152      0.515    1452.01    1452.02  0.000e+00
      18175     12.500     8.7871     8.7892     0.0021    0.92407    0.92412          1     7.3865     7.0421      97.43     1.5744     0.4202  1.000e-12  0.2822000     7.7142     7.7143     0.0001     5.8459     5.8458     12.387     12.659      0.474    1452.19    1452.19  0.000e+00
      18200     13.000     8.8100     8.8112     0.0013    0.92563    0.92568          1     7.3615     7.0338      97.45     1.5239     0.4246  1.000e-12  0.2702000     7.7233     7.7235     0.0002     5.8508     5.8509     12.882     13.165      0.497    1452.30    1452.30  0.000e+00
      18223     13.500     8.7920     8.7944     0.0024    0.92661    0.92657          1     7.3215     7.0116      86.27     1.4605     0.4108  1.000e-12  0.2611000     7.7360     7.7350    -0.0010     5.8624     5.8615     13.377     13.671      0.525    1452.25    1452.26  0.000e+00
      18246     14.000     8.7860     8.7869     0.0009    0.92651    0.92646          1     7.3103     6.9981      91.50     1.2553     0.3645  1.000e-12  0.2659000     7.7363     7.7356    -0.0007     5.8632     5.8626     13.873     14.178      0.509    1452.23    1452.23  0.000e+00
      18271     14.500     8.7682     8.7649    -0.0033    0.92588    0.92574          1     7.3115     6.9917      95.08     1.2170     0.3470  1.000e-12  0.2547000     7.7344     7.7339    -0.0005     5.8634     5.8633     14.368     14.684      0.473    1452.17    1452.15  0.000e+00
      18297     15.000     8.7459     8.7500     0.0041    0.92512    0.92520          1     7.3183     6.9905      39.76     1.2037     0.3550  1.000e-12  0.2662000     7.7324     7.7322    -0.0002     5.8639     5.8634     14.864     15.190      0.483    1452.08    1452.10  0.000e+00
      18320     15.500     8.7322     8.7334     0.0013    0.92463    0.92461          1     7.3258     6.9952      75.77     1.1688     0.3305  1.000e-12  0.2665000     7.7308     7.7304    -0.0004     5.8639     5.8635     15.359     15.696      0.517    1452.03    1452.04  0.000e+00
      18343     16.000     8.7289     8.7286    -0.0004    0.92448    0.92443          1     7.3165     6.9927      97.24     1.1583     0.3691  1.000e-12  0.2719000     7.7302     7.7298    -0.0004     5.8638     5.8635     15.855     16.203      0.506    1452.03    1452.03  0.000e+00
      18368     16.500     8.7026     8.7056     0.0030    0.92358    0.92359          1     7.3202     6.9941      97.45     1.1638     0.3990  1.000e-12  0.2531000     7.7277     7.7272    -0.0005     5.8643     5.8635     16.350     16.709      0.472    1451.93    1451.94  0.000e+00
      18394     17.000     8.6769     8.6792     0.0023    0.92269    0.92271          1     7.3106     7.0003      79.28     1.1301     0.4372  1.000e-12  0.2589000     7.7253     7.7250    -0.0003     5.8647     5.8642     16.845     17.215      0.475    1451.83    1451.84  0.000e+00
      18418     17.500     8.6397     8.6361    -0.0035    0.92133    0.92116          1     7.2858     7.0015      97.71     1.0611     0.3363  1.000e-12  0.2563000     7.7210     7.7203    -0.0007     5.8647     5.8645     17.341     17.722      0.504    1451.68    1451.67  0.000e+00
      18442     18.000     8.5422     8.5553     0.0128    0.91782    0.91826          1     7.2542     6.9786      97.47     0.9979     0.3364  1.000e-12  0.2648000     7.7105     7.7116     0.0011     5.8653     5.8650     17.836     18.228      0.510    1451.28    1451.34  0.000e+00
      18466     18.500     8.3959     8.4035     0.0077    0.91264    0.91305          1     7.2253     6.9472      97.46     0.9239     0.3125  1.000e-12  0.2597000     7.6954     7.6974     0.0020     5.8664     5.8673     18.332     18.734      0.487    1450.68    1450.72  0.000e+00
      18491     19.000     8.2408     8.2359    -0.0043    0.90720    0.90697          1     7.2167     6.9264      97.46     0.8579     0.3178  1.000e-12  0.2622000     7.6797     7.6786    -0.0011     5.8675     5.8671     18.827     19.241      0.480    1450.04    1450.02  0.000e+00
      18515     19.500     8.1557     8.1597     0.0036    0.90429    0.90437          1     7.2324     6.9198      73.00     0.7853     0.3102  1.000e-12  0.2897000     7.6716     7.6715    -0.0002     5.8684     5.8679     19.323     19.747      0.495    1449.69    1449.71  0.000e+00
      18539     20.000     8.1889     8.1997     0.0110    0.90582    0.90623          1     7.2644     6.9109      71.12     0.7496     0.3069  1.000e-12  0.3047000     7.6783     7.6797     0.0014     5.8708     5.8710     19.818     20.253      0.502    1449.85    1449.89  0.000e+00
      18563     20.500     8.2839     8.2966     0.0127    0.90975    0.91014          1     7.2775     6.9163      89.61     0.7763     0.3169  1.000e-12  0.2914000     7.6933     7.6940     0.0008     5.8744     5.8739     20.314     20.759      0.496    1450.26    1450.31  0.000e+00
      18588     21.000     8.3833     8.3817    -0.0018    0.91380    0.91359          1     7.2726     6.9252      97.38     0.8195     0.3219  1.000e-12  0.2780000     7.7084     7.7069    -0.0015     5.8776     5.8766     20.809     21.266      0.485    1450.69    1450.68  0.000e+00
      18613     21.500     8.4675     8.4686     0.0013    0.91721    0.91712          1     7.2734     6.9215      97.46     0.8527     0.3170  1.000e-12  0.2625000     7.7208     7.7198    -0.0011     5.8800     5.8791     21.304     21.772      0.485    1451.05    1451.05  0.000e+00
      18637     22.000     8.5061     8.5095     0.0034    0.91883    0.91889          1     7.2844     6.9332      97.45     0.8833     0.3179  1.000e-12  0.2502000     7.7270     7.7268    -0.0002     5.8814     5.8809     21.800     22.278      0.494    1451.22    1451.24  0.000e+00
      18661     22.500     8.5448     8.5468     0.0020    0.92041    0.92040          1     7.2821     6.9481      97.45     0.8865     0.3246  1.000e-12  0.2574000     7.7328     7.7323    -0.0005     5.8825     5.8819     22.295     22.785      0.505    1451.39    1451.40  0.000e+00
      18685     23.000     8.5617     8.5695     0.0079    0.92116    0.92141          1     7.2453     6.9511      97.47     0.8925     0.2980  1.000e-12  0.2652000     7.7359     7.7364     0.0005     5.8833     5.8830     22.791     23.291      0.502    1451.47    1451.51  0.000e+00
      18709     23.500     8.4707     8.4747     0.0043    0.91791    0.91797          1     7.2095     6.9319      97.45     0.8808     0.3352  1.000e-12  0.2625000     7.7262     7.7259    -0.0003     5.8839     5.8833     23.286     23.797      0.480    1451.10    1451.12  0.000e+00
      18735     24.000     8.2758     8.2954     0.0193    0.91068    0.91131          1     7.1978     6.9298      97.46     0.8608     0.3222  1.000e-12  0.2662000     7.7031     7.7045     0.0015     5.8828     5.8822     23.782     24.303      0.482    1450.29    1450.38  0.000e+00
      18759     24.500     8.1496     8.1617     0.0121    0.90616    0.90659          1     7.2835     6.9746      97.46     0.8058     0.3089  1.000e-12  0.2687000     7.6894     7.6907     0.0013     5.8828     5.8828     24.277     24.810      0.506    1449.77    1449.82  0.000e+00
      18782     25.000     8.1561     8.1870     0.0311    0.90654    0.90764          1     7.2993     6.9655      97.46     0.7502     0.2935  1.000e-12  0.2902000     7.6914     7.6947     0.0033     5.8838     5.8838     24.772     25.316      0.507    1449.81    1449.94  0.000e+00
      18806     25.500     8.2467     8.2670     0.0205    0.91005    0.91080          1     7.2433     6.9409      97.47     0.7726     0.3179  1.000e-12  0.2956000     7.7035     7.7060     0.0024     5.8856     5.8858     25.268     25.822      0.487    1450.20    1450.29  0.000e+00
      18831     26.000     8.0463     8.0704     0.0235    0.90356    0.90426          1     7.2439     6.9462      80.55     0.7493     0.2853  1.000e-12  0.2861000     7.6881     7.6892     0.0011     5.8904     5.8893     25.763     26.329      0.481    1449.37    1449.48  0.000e+00
      18856     26.500     7.9926     7.9972     0.0048    0.90153    0.90162          1     7.2476     6.9501      64.25     0.7141     0.2987  1.000e-12  0.3093000     7.6811     7.6810    -0.0001     5.8894     5.8889     26.259     26.835      0.485    1449.15    1449.17  0.000e+00
      18881     27.000     7.9920     7.9972     0.0052    0.90169    0.90178          1     7.2677     6.9561      63.99     0.6914     0.2862  1.000e-12  0.3107000     7.6827     7.6824    -0.0003     5.8907     5.8900     26.754     27.341      0.497    1449.16    1449.18  0.000e+00
      18905     27.500     7.9759     7.9786     0.0028    0.90124    0.90127          1     7.2759     6.9689      63.33     0.6886     0.3024  1.000e-12  0.2990000     7.6821     7.6817    -0.0004     5.8915     5.8910     27.249     27.847      0.510    1449.10    1449.11  0.000e+00
      18928     28.000     7.9722     7.9772     0.0050    0.90172    0.90177          1     7.2726     6.9671      94.06     0.7077     0.2996  1.000e-12  0.3159000     7.6872     7.6866    -0.0006     5.8958     5.8949     27.745     28.354      0.499    1449.10    1449.12  0.000e+00
