ctdpy/tests/etc/all_smhi_bas_2018/SBE09_1044_20180129_0926_34_02_0030.cnv
* Sea-Bird SBE 9 Data File:
* FileName = C:\ctd\temp\2018\ME18D030.hex
* Software Version Seasave V 7.26.6.26
* Temperature SN = 5351
* Conductivity SN = 3941
* Number of Bytes Per Scan = 41
* Number of Voltage Words = 4
* Number of Scans Averaged by the Deck Unit = 1
* NMEA Latitude = 57 59.88 N
* NMEA Longitude = 019 52.76 E
* NMEA UTC (Time) = Jan 29 2018  09:26:30
* NMEA baud rate = 4800
** Station:  BY20
** Operator:  SSip
** Ship: MERI
** Average sound velocity: 1444.28 m/s
** True-depth calculation Mon, 29 Jan 2018 11:02:07 +0000
** CTD Python Module SMHI /ver 3-12/ feb 2012 
** LIMS Job: 20183402-0030
** Cruise: SMHI-01-2018
** Latitude [GG MM.mm N] :
** Longitude [GG MM.mm E]:
# nquan = 26
# nvalues = 378                         
# units = specified
# name 0 = scan: Scan Count
# name 1 = prDM: Pressure, Digiquartz [db]
# name 2 = t090C: Temperature [ITS-90, deg C]
# name 3 = t190C: Temperature, 2 [ITS-90, deg C]
# name 4 = T2-T190C: Temperature Difference, 2 - 1 [ITS-90, deg C]
# name 5 = c0S/m: Conductivity [S/m]
# name 6 = c1S/m: Conductivity, 2 [S/m]
# name 7 = pumps: Pump Status
# name 8 = sbeox0ML/L: Oxygen, SBE 43 [ml/l]
# name 9 = sbeox1ML/L: Oxygen, SBE 43, 2 [ml/l]
# name 10 = altM: Altimeter [m]
# name 11 = flECO-AFL: Chl-a Fluorescence, WET Labs ECO-AFL/FL [mg/m^3]
# name 12 = flECO-AFL1: Phycocyanin Fluorescence, WET Labs ECO-AFL/FL, 2 [mg/m^3]
# name 13 = par: PAR/Irradiance, Biospherical/Lico [µE/(cm^2*s)]
# name 14 = turbWETntu0: Turbidity, WET Labs ECO [NTU]
# name 15 = sal00: Salinity, Practical [PSU]
# name 16 = sal11: Salinity, Practical, 2 [PSU]
# name 17 = secS-priS: Salinity, Practical, Difference, 2 - 1 [PSU]
# name 18 = sigma-t00: Density [sigma-t, Kg/m^3 ]
# name 19 = sigma-t11: Density, 2 [sigma-t, Kg/m^3 ]
# name 20 = depSM: Depth [salt water, m], lat = 57.998
# name 21 = depFM: Depth [true depth, m], lat = 57.998
# name 22 = dz/dtM: Descent Rate [m/s], WS = 2
# name 23 = svCM: Sound Velocity [Chen-Millero, m/s]
# name 24 = svCM1: Sound Velocity, 2 [Chen-Millero, m/s]
# name 25 = flag: flag
# span 0 =      11872,      20777       
# span 1 =      2.000,    190.500       
# span 2 =     4.6756,     6.8041       
# span 3 =     4.6763,     6.8044       
# span 4 =    -0.0175,     0.0749       
# span 5 =   0.790855,   1.405748       
# span 6 =   0.790811,   1.405725       
# span 7 =          1,          1       
# span 8 =    0.00873,    8.08276       
# span 9 =    0.03000,    8.03389       
# span 10 =       4.74,     100.24      
# span 11 =     0.2668,     0.3953      
# span 12 =     0.2405,     0.4631      
# span 13 = 1.0000e-12, 4.7678e+01      
# span 14 =     0.1187,     2.0100      
# span 15 =     7.3556,    12.8081      
# span 16 =     7.3555,    12.8077      
# span 17 =    -0.0430,     0.0234      
# span 18 =     5.8250,    10.0040      
# span 19 =     5.8241,    10.0037      
# span 20 =      1.981,    188.648      
# span 21 =      2.025,    192.491      
# span 22 =     -0.057,      1.316      
# span 23 =    1434.31,    1453.26      
# span 24 =    1434.32,    1453.26      
# span 25 = 0.0000e+00, 0.0000e+00      
# interval = decibars: 0.5              
# start_time = Jan 29 2018 09:26:31 [NMEA time, first data scan]
# bad_flag = -9.990e-29
*END*
[from data line 279]
      18248    141.500     6.7053     6.7057     0.0004    1.36660    1.36657          1     0.0213     0.0370      55.73     0.3091     0.3173  1.000e-12  0.1912000    12.4673    12.4669    -0.0004     9.7443     9.7440    140.141    143.070      0.837    1451.64    1451.64  0.000e+00
      18262    142.000     6.7084     6.7088     0.0005    1.36729    1.36728          1     0.0161     0.0432      55.26     0.3099     0.3280  1.000e-12  0.2049000    12.4730    12.4727    -0.0003     9.7485     9.7483    140.636    143.574      0.791    1451.67    1451.67  0.000e+00
      18278    142.500     6.7105     6.7108     0.0003    1.36778    1.36774          1     0.0159     0.0424      54.71     0.3066     0.3228  1.000e-12  0.1945000    12.4769    12.4765    -0.0004     9.7514     9.7511    141.131    144.078      0.648    1451.69    1451.69  0.000e+00
      18301    143.000     6.7116     6.7120     0.0004    1.36815    1.36813          1     0.0182     0.0431      54.08     0.2971     0.3104  1.000e-12  0.1620000    12.4801    12.4797    -0.0004     9.7539     9.7535    141.626    144.583      0.485    1451.71    1451.71  0.000e+00
      18328    143.500     6.7118     6.7122     0.0004    1.36829    1.36826          1     0.0180     0.0503      53.51     0.2969     0.3193  1.000e-12  0.2210000    12.4812    12.4808    -0.0004     9.7548     9.7544    142.121    145.087      0.453    1451.72    1451.72  0.000e+00
      18354    144.000     6.7123     6.7127     0.0004    1.36868    1.36864          1     0.0164     0.0413      53.02     0.2969     0.2978  1.000e-12  0.2481000    12.4848    12.4843    -0.0005     9.7575     9.7571    142.616    145.591      0.449    1451.73    1451.74  0.000e+00
      18385    144.500     6.7118     6.7122     0.0004    1.36889    1.36885          1     0.0183     0.0364      52.36     0.2969     0.3176  1.000e-12  0.2049000    12.4870    12.4865    -0.0005     9.7593     9.7588    143.111    146.096      0.323    1451.74    1451.74  0.000e+00
      18429    145.000     6.7151     6.7155     0.0004    1.36960    1.36959          1     0.0173     0.0429      51.71     0.3113     0.3168  1.000e-12  0.1836000    12.4928    12.4925    -0.0003     9.7635     9.7633    143.606    146.600      0.311    1451.77    1451.77  0.000e+00
      18458    145.500     6.7224     6.7227     0.0003    1.37085    1.37082          1     0.0206     0.0427      51.33     0.3179     0.3153  1.000e-12  0.2251000    12.5023    12.5019    -0.0004     9.7705     9.7701    144.101    147.104      0.527    1451.82    1451.82  0.000e+00
      18478    146.000     6.7237     6.7240     0.0003    1.37121    1.37118          1     0.0183     0.0402      50.91     0.3089     0.3019  1.000e-12  0.2788000    12.5052    12.5048    -0.0004     9.7727     9.7723    144.596    147.609      0.652    1451.84    1451.84  0.000e+00
      18495    146.500     6.7251     6.7253     0.0003    1.37155    1.37151          1     0.0163     0.0433      50.47     0.2976     0.2901  1.000e-12  0.3643000    12.5080    12.5076    -0.0004     9.7747     9.7744    145.091    148.113      0.709    1451.86    1451.86  0.000e+00
      18512    147.000     6.7262     6.7266     0.0003    1.37186    1.37184          1     0.0168     0.0447      49.98     0.3015     0.2945  1.000e-12  0.3950000    12.5106    12.5103    -0.0003     9.7767     9.7764    145.586    148.617      0.721    1451.87    1451.87  0.000e+00
      18528    147.500     6.7276     6.7280     0.0003    1.37221    1.37219          1     0.0180     0.0398      49.47     0.3093     0.3293  1.000e-12  0.4376000    12.5134    12.5131    -0.0003     9.7788     9.7785    146.081    149.122      0.696    1451.89    1451.89  0.000e+00
      18546    148.000     6.7286     6.7289     0.0003    1.37248    1.37244          1     0.0183     0.0350      48.90     0.3091     0.3323  1.000e-12  0.3854000    12.5156    12.5152    -0.0005     9.7804     9.7800    146.576    149.626      0.628    1451.90    1451.91  0.000e+00
      18568    148.500     6.7292     6.7295     0.0004    1.37268    1.37265          1     0.0179     0.0365      48.30     0.3169     0.3240  1.000e-12  0.3011000    12.5174    12.5169    -0.0004     9.7817     9.7814    147.071    150.130      0.460    1451.92    1451.92  0.000e+00
      18625    149.000     6.7280     6.7287     0.0006    1.37248    1.37249          1     0.0174     0.0427      47.55     0.3119     0.3105  1.000e-12  0.5742000    12.5157    12.5156    -0.0001     9.7805     9.7804    147.566    150.635      0.266    1451.92    1451.92  0.000e+00
      18672    149.500     6.7348     6.7351     0.0004    1.37414    1.37417          1     0.0174     0.0406      47.10     0.3090     0.2895  1.000e-12  0.8051000    12.5296    12.5297     0.0001     9.7909     9.7909    148.061    151.139      0.544    1451.97    1451.97  0.000e+00
      18689    150.000     6.7395     6.7398     0.0003    1.37513    1.37509          1     0.0184     0.0408      46.74     0.3132     0.2405  1.000e-12  0.8385000    12.5375    12.5370    -0.0005     9.7967     9.7963    148.556    151.643      0.743    1452.01    1452.01  0.000e+00
      18704    150.500     6.7415     6.7418     0.0003    1.37562    1.37560          1     0.0183     0.0387      46.33     0.3215     0.3189  1.000e-12  0.8179000    12.5415    12.5412    -0.0003     9.7997     9.7995    149.051    152.148      0.834    1452.03    1452.03  0.000e+00
      18718    151.000     6.7440     6.7444     0.0003    1.37609    1.37606          1     0.0185     0.0351      45.87     0.3081     0.3452  1.000e-12  0.7894000    12.5451    12.5447    -0.0004     9.8024     9.8020    149.546    152.652      0.850    1452.05    1452.05  0.000e+00
      18732    151.500     6.7454     6.7458     0.0005    1.37639    1.37636          1     0.0187     0.0391      45.44     0.2970     0.3197  1.000e-12  0.7627000    12.5474    12.5470    -0.0004     9.8041     9.8037    150.041    153.156      0.798    1452.07    1452.07  0.000e+00
      18748    152.000     6.7465     6.7469     0.0004    1.37668    1.37666          1     0.0160     0.0396      44.91     0.3067     0.2974  1.000e-12  0.6473000    12.5499    12.5494    -0.0004     9.8059     9.8055    150.536    153.661      0.661    1452.09    1452.09  0.000e+00
      18772    152.500     6.7472     6.7476     0.0004    1.37696    1.37692          1     0.0176     0.0403      44.17     0.3089     0.2761  1.000e-12  0.4935000    12.5522    12.5517    -0.0005     9.8077     9.8073    151.031    154.165      0.385    1452.10    1452.10  0.000e+00
      18834    153.000     6.7445     6.7421    -0.0023    1.37646    1.37576          1     0.0160     0.0418      43.48     0.3091     0.3108  1.000e-12  0.4084000    12.5482    12.5422    -0.0061     9.8048     9.8002    151.526    154.669      0.295    1452.09    1452.07  0.000e+00
      18868    153.500     6.7516     6.7518     0.0003    1.37811    1.37808          1     0.0175     0.0351      43.09     0.3135     0.2858  1.000e-12  0.5286000    12.5619    12.5614    -0.0004     9.8149     9.8146    152.021    155.174      0.522    1452.15    1452.15  0.000e+00
      18887    154.000     6.7541     6.7545     0.0005    1.37862    1.37860          1     0.0157     0.0415      42.67     0.3220     0.3358  1.000e-12  0.6233000    12.5659    12.5654    -0.0004     9.8179     9.8175    152.516    155.678      0.636    1452.17    1452.17  0.000e+00
      18906    154.500     6.7549     6.7554     0.0005    1.37889    1.37887          1     0.0159     0.0424      42.24     0.3091     0.3464  1.000e-12  0.4982000    12.5681    12.5677    -0.0004     9.8195     9.8192    153.011    156.182      0.653    1452.18    1452.18  0.000e+00
      18924    155.000     6.7578     6.7583     0.0005    1.37957    1.37955          1     0.0161     0.0379      41.75     0.2934     0.3041  1.000e-12  0.5947000    12.5737    12.5733    -0.0004     9.8237     9.8234    153.506    156.687      0.626    1452.21    1452.21  0.000e+00
      18944    155.500     6.7609     6.7614     0.0005    1.38025    1.38022          1     0.0153     0.0353      41.21     0.2975     0.3156  1.000e-12  0.5700000    12.5791    12.5786    -0.0005     9.8277     9.8273    154.001    157.191      0.607    1452.24    1452.24  0.000e+00
      18964    156.000     6.7624     6.7629     0.0005    1.38058    1.38055          1     0.0156     0.0353      40.70     0.3210     0.3182  1.000e-12  0.4265000    12.5817    12.5813    -0.0004     9.8297     9.8293    154.496    157.695      0.603    1452.26    1452.26  0.000e+00
      18984    156.500     6.7628     6.7632     0.0004    1.38076    1.38074          1     0.0170     0.0403      40.13     0.3092     0.3183  1.000e-12  0.4112000    12.5833    12.5829    -0.0004     9.8308     9.8305    154.991    158.200      0.558    1452.27    1452.27  0.000e+00
      19020    157.000     6.7621     6.7634     0.0012    1.38066    1.38082          1     0.0149     0.0393      39.43     0.3091     0.3199  1.000e-12  0.5076000    12.5824    12.5835     0.0011     9.8302     9.8310    155.486    158.704      0.344    1452.27    1452.28  0.000e+00
      19092    157.500     6.7597     6.7614     0.0017    1.38021    1.38051          1     0.0168     0.0400      38.86     0.3097     0.2789  1.000e-12  0.4887000    12.5788    12.5811     0.0023     9.8276     9.8292    155.981    159.208      0.571    1452.27    1452.28  0.000e+00
      19103    158.000     6.7631     6.7635     0.0004    1.38136    1.38133          1     0.0177     0.0376      38.57     0.3187     0.3228  1.000e-12  0.6307000    12.5888    12.5883    -0.0005     9.8351     9.8347    156.476    159.713      0.893    1452.30    1452.30  0.000e+00
      19115    158.500     6.7642     6.7645     0.0004    1.38179    1.38177          1     0.0136     0.0400      38.20     0.3214     0.3177  1.000e-12  0.6805000    12.5925    12.5922    -0.0003     9.8380     9.8377    156.971    160.217      1.046    1452.32    1452.32  0.000e+00
      19126    159.000     6.7654     6.7658     0.0004    1.38215    1.38212          1     0.0125     0.0467      37.77     0.3213     0.3321  1.000e-12  0.7428000    12.5955    12.5951    -0.0004     9.8402     9.8399    157.466    160.721      1.093    1452.33    1452.34  0.000e+00
      19136    159.500     6.7668     6.7673     0.0004    1.38242    1.38239          1     0.0132     0.0487      37.33     0.3213     0.3314  1.000e-12  0.7982000    12.5975    12.5971    -0.0004     9.8417     9.8414    157.961    161.225      1.036    1452.35    1452.35  0.000e+00
      19148    160.000     6.7682     6.7686     0.0004    1.38284    1.38281          1     0.0152     0.0441      36.82     0.3294     0.3246  1.000e-12  0.8362000    12.6011    12.6007    -0.0004     9.8444     9.8441    158.456    161.730      0.829    1452.37    1452.37  0.000e+00
      19196    160.500     6.7681     6.7683     0.0002    1.38285    1.38278          1     0.0140     0.0324      35.98     0.3416     0.3151  1.000e-12  0.9112000    12.6012    12.6004    -0.0008     9.8445     9.8439    158.951    162.234      0.499    1452.38    1452.37  0.000e+00
      19259    161.000     6.7674     6.7680     0.0005    1.38260    1.38262          1     0.0125     0.0325      35.43     0.3335     0.3199  1.000e-12  0.9280000    12.5988    12.5988    -0.0000     9.8427     9.8426    159.446    162.738      0.820    1452.38    1452.38  0.000e+00
      19271    161.500     6.7728     6.7730     0.0001    1.38387    1.38377          1     0.0127     0.0368      35.07     0.3335     0.3171  1.000e-12  0.9306000    12.6093    12.6083    -0.0010     9.8505     9.8496    159.941    163.243      0.933    1452.42    1452.42  0.000e+00
      19284    162.000     6.7764     6.7769     0.0006    1.38462    1.38460          1     0.0135     0.0359      34.62     0.3222     0.3309  1.000e-12  0.8588000    12.6153    12.6149    -0.0004     9.8549     9.8546    160.436    163.747      0.926    1452.45    1452.46  0.000e+00
      19297    162.500     6.7746     6.7750     0.0004    1.38482    1.38479          1     0.0148     0.0425      34.10     0.3221     0.3270  1.000e-12  0.8571000    12.6178    12.6174    -0.0004     9.8570     9.8567    160.931    164.251      0.792    1452.46    1452.46  0.000e+00
      19317    163.000     6.7749     6.7753     0.0003    1.38501    1.38497          1     0.0149     0.0423      33.42     0.3327     0.3136  1.000e-12  0.9121000    12.6194    12.6190    -0.0004     9.8583     9.8579    161.426    164.756      0.449    1452.47    1452.47  0.000e+00
      19374    163.500     6.7723     6.7748     0.0024    1.38409    1.38484          1     0.0162     0.0364      32.59     0.3336     0.3327  1.000e-12  0.9487000    12.6112    12.6177     0.0066     9.8520     9.8570    161.921    165.260      0.331    1452.45    1452.47  0.000e+00
      19401    164.000     6.7763     6.7769     0.0006    1.38526    1.38524          1     0.0144     0.0344      32.22     0.3149     0.3599  1.000e-12  0.9456000    12.6212    12.6208    -0.0004     9.8596     9.8592    162.416    165.764      0.588    1452.49    1452.49  0.000e+00
      19419    164.500     6.7762     6.7766     0.0004    1.38546    1.38544          1     0.0150     0.0359      31.82     0.3334     0.3479  1.000e-12  0.9542000    12.6232    12.6228    -0.0004     9.8611     9.8608    162.911    166.268      0.683    1452.50    1452.50  0.000e+00
      19436    165.000     6.7707     6.7712     0.0004    1.38554    1.38552          1     0.0158     0.0349      31.35     0.3242     0.3299  1.000e-12  0.8309000    12.6259    12.6255    -0.0004     9.8637     9.8633    163.406    166.773      0.669    1452.49    1452.49  0.000e+00
      19455    165.500     6.7762     6.7766     0.0004    1.38606    1.38603          1     0.0134     0.0344      30.79     0.3219     0.3122  1.000e-12  0.8389000    12.6289    12.6284    -0.0005     9.8656     9.8652    163.901    167.277      0.534    1452.52    1452.53  0.000e+00
      19490    166.000     6.7785     6.7793     0.0007    1.38637    1.38639          1     0.0133     0.0358      30.08     0.3244     0.3102  1.000e-12  0.8929000    12.6310    12.6309    -0.0001     9.8671     9.8669    164.396    167.781      0.276    1452.55    1452.55  0.000e+00
      19540    166.500     6.7839     6.7849     0.0010    1.38687    1.38689          1     0.0132     0.0346      29.50     0.3192     0.3172  1.000e-12  0.8457000    12.6338    12.6337    -0.0001     9.8688     9.8687    164.891    168.286      0.424    1452.58    1452.58  0.000e+00
      19560    167.000     6.7847     6.7853     0.0006    1.38706    1.38704          1     0.0142     0.0308      29.17     0.3086     0.3104  1.000e-12  0.7922000    12.6353    12.6349    -0.0005     9.8700     9.8696    165.386    168.790      0.732    1452.59    1452.60  0.000e+00
      19574    167.500     6.7803     6.7807     0.0004    1.38713    1.38712          1     0.0138     0.0323      28.79     0.3091     0.2825  1.000e-12  0.7623000    12.6375    12.6372    -0.0003     9.8721     9.8718    165.881    169.294      0.893    1452.59    1452.59  0.000e+00
      19586    168.000     6.7775     6.7782     0.0007    1.38726    1.38723          1     0.0121     0.0338      28.38     0.3166     0.3040  1.000e-12  0.8071000    12.6397    12.6391    -0.0006     9.8740     9.8735    166.375    169.799      0.942    1452.59    1452.59  0.000e+00
      19598    168.500     6.7771     6.7777     0.0006    1.38805    1.38802          1     0.0147     0.0350      27.90     0.3211     0.3744  1.000e-12  0.8342000    12.6475    12.6470    -0.0005     9.8801     9.8797    166.870    170.303      0.856    1452.60    1452.60  0.000e+00
