ctdpy/tests/etc/all_smhi_bas_2018/SBE09_0827_20181004_1416_26_01_1009.cnv
* Sea-Bird SBE 9 Data File:
* FileName = D:\CTD_SBE911\DAT\26DA.2018.10.9.hex
* Software Version Seasave V 7.21d
* Temperature SN = 4548
* Conductivity SN = 3062
* Number of Bytes Per Scan = 48
* Number of Voltage Words = 5
* Number of Scans Averaged by the Deck Unit = 1
* NMEA Latitude = 55 46.17 N
* NMEA Longitude = 016 06.68 E
* NMEA UTC (Time) = Oct 04 2018  14:19:08
* NMEA baud rate = 4800
** Ship: DANA
** Average sound velocity: 1445.59 m/s
** True-depth calculation Thu, 28 Mar 2019 12:16:58 +0000
** CTD Python Module SMHI /ver 3-12/ feb 2012 
** LIMS Job: 20182601-1009
**  19 SE UTKLIPPAN
** Operator: Christian
** Cruise: 10/2018
# nquan = 26
# nvalues = 122                         
# units = specified
# name 0 = scan: Scan Count
# name 1 = prDM: Pressure, Digiquartz [db]
# name 2 = t090C: Temperature [ITS-90, deg C]
# name 3 = t190C: Temperature, 2 [ITS-90, deg C]
# name 4 = T2-T190C: Temperature Difference, 2 - 1 [ITS-90, deg C]
# name 5 = c0S/m: Conductivity [S/m]
# name 6 = c1S/m: Conductivity, 2 [S/m]
# name 7 = pumps: Pump Status
# name 8 = sbeox1ML/L: Oxygen, SBE 43, 2 [ml/l]
# name 9 = sbeox0ML/L: Oxygen, SBE 43 [ml/l]
# name 10 = altM: Altimeter [m]
# name 11 = chloroflTC0: Chlorophyll, Turner Cyclops [ug/l]
# name 12 = cpar: CPAR/Corrected Irradiance [%]
# name 13 = par: PAR/Irradiance, Biospherical/Lico [µE/(cm^2*s)]
# name 14 = spar: SPAR, Biospherical/Licor
# name 15 = sal00: Salinity, Practical [PSU]
# name 16 = sal11: Salinity, Practical, 2 [PSU]
# name 17 = secS-priS: Salinity, Practical, Difference, 2 - 1 [PSU]
# name 18 = sigma-t00: Density [sigma-t, kg/m^3 ]
# name 19 = sigma-t11: Density, 2 [sigma-t, kg/m^3 ]
# name 20 = depSM: Depth [salt water, m], lat = 55.7695
# name 21 = depFM: Depth [true depth, m], lat = 55.7695
# name 22 = dz/dtM: Descent Rate [m/s], WS = 2
# name 23 = svCM: Sound Velocity [Chen-Millero, m/s]
# name 24 = svCM1: Sound Velocity, 2 [Chen-Millero, m/s]
# name 25 = flag: flag
# span 0 =       -102,       7550       
# span 1 =      0.500,     61.000       
# span 2 =     4.6802,     9.6904       
# span 3 =     4.6287,     9.7385       
# span 4 =    -0.3027,     0.2504       
# span 5 =   0.846563,   1.646581       
# span 6 =   0.846768,   1.646595       
# span 7 =          1,          1       
# span 8 =     0.0645,     7.8393       
# span 9 =     0.0595,     7.3285       
# span 10 =       1.44,      10.00      
# span 11 =     0.0000,     0.0000      
# span 12 = 2.9768e-13, 1.0193e+01      
# span 13 = 1.0000e-12, 3.4420e+01      
# span 14 = 3.1274e+02, 3.3810e+02      
# span 15 =     7.5623,    14.5429      
# span 16 =     7.5636,    14.5430      
# span 17 =    -0.0004,     0.2754      
# span 18 =     5.8971,    11.2106      
# span 19 =     5.8970,    11.2107      
# span 20 =      0.495,     60.437      
# span 21 =      0.506,     61.698      
# span 22 =     -0.240,      0.344      
# span 23 =    1436.27,    1463.28      
# span 24 =    1436.08,    1463.43      
# span 25 = 0.0000e+00, 0.0000e+00      
# interval = decibars: 0.5              
# start_time = Oct 04 2018 14:19:09 [NMEA time, first data scan]
# bad_flag = -9.990e-29
*END*
       -102      0.500     6.6585     6.6582     0.0005    0.85750    0.85748          1     7.8145     7.3072       9.99     0.0000  1.019e+01  3.442e+01  3.381e+02     7.5670     7.5671    -0.0001     5.8971     5.8970      0.495      0.506      0.137    1443.06    1443.06  0.000e+00
        221      1.000     6.6560     6.6566     0.0005    0.85744    0.85746          1     7.8250     7.3124       9.99     0.0000  9.080e+00  3.015e+01  3.320e+02     7.5670     7.5671     0.0001     5.8971     5.8972      0.991      1.013      0.216    1443.06    1443.06  0.000e+00
        493      1.500     6.6551     6.6554     0.0003    0.85742    0.85745          1     7.8234     7.3229       9.99     0.0000  7.383e+00  2.416e+01  3.273e+02     7.5670     7.5672     0.0002     5.8972     5.8973      1.486      1.519      0.221    1443.06    1443.06  0.000e+00
        544      2.000     6.6560     6.6567     0.0007    0.85745    0.85749          1     7.8175     7.3199       9.99     0.0000  6.113e+00  1.999e+01  3.270e+02     7.5670     7.5672     0.0002     5.8971     5.8973      1.982      2.025      0.242    1443.07    1443.07  0.000e+00
        604      2.500     6.6457     6.6510     0.0052    0.85719    0.85736          1     7.8246     7.3192       9.99     0.0000  5.259e+00  1.719e+01  3.268e+02     7.5667     7.5672     0.0005     5.8975     5.8976      2.477      2.531      0.313    1443.04    1443.06  0.000e+00
        636      3.000     6.6445     6.6455     0.0010    0.85716    0.85722          1     7.8246     7.3205       9.99     0.0000  4.421e+00  1.437e+01  3.251e+02     7.5667     7.5670     0.0003     5.8976     5.8978      2.973      3.038      0.344    1443.04    1443.04  0.000e+00
        694      3.500     6.6461     6.6467     0.0006    0.85722    0.85725          1     7.8204     7.3183      10.00     0.0000  3.726e+00  1.211e+01  3.249e+02     7.5668     7.5670     0.0002     5.8976     5.8977      3.468      3.544      0.217    1443.05    1443.06  0.000e+00
        742      4.000     6.6491     6.6519     0.0027    0.85731    0.85738          1     7.8140     7.3169      10.00     0.0000  3.135e+00  1.018e+01  3.248e+02     7.5669     7.5670     0.0001     5.8975     5.8974      3.964      4.050      0.299    1443.08    1443.09  0.000e+00
        792      4.500     6.6541     6.6562     0.0021    0.85745    0.85751          1     7.8269     7.3261       9.99     0.0000  2.686e+00  8.691e+00  3.236e+02     7.5671     7.5672     0.0001     5.8973     5.8973      4.459      4.557      0.219    1443.10    1443.11  0.000e+00
        843      5.000     6.6567     6.6586     0.0019    0.85755    0.85761          1     7.8288     7.3285       9.99     0.0000  2.348e+00  7.581e+00  3.229e+02     7.5674     7.5675     0.0001     5.8974     5.8974      4.955      5.063      0.282    1443.12    1443.13  0.000e+00
        887      5.500     6.6545     6.6489    -0.0057    0.85752    0.85743          1     7.8236     7.3158       9.99     0.0000  2.014e+00  6.503e+00  3.229e+02     7.5675     7.5679     0.0004     5.8977     5.8983      5.450      5.569      0.259    1443.12    1443.10  0.000e+00
        932      6.000     6.6443     6.6489     0.0046    0.85728    0.85740          1     7.8307     7.3254       9.99     0.0000  1.768e+00  5.709e+00  3.228e+02     7.5675     7.5676     0.0001     5.8983     5.8980      5.945      6.075      0.287    1443.09    1443.11  0.000e+00
        975      6.500     6.6472     6.6590     0.0118    0.85737    0.85767          1     7.8318     7.3194       9.99     0.0000  1.537e+00  4.936e+00  3.212e+02     7.5676     7.5679     0.0002     5.8982     5.8976      6.441      6.582      0.241    1443.11    1443.16  0.000e+00
       1034      7.000     6.6439     6.6386    -0.0052    0.85731    0.85721          1     7.8393     7.3264       9.99     0.0000  1.363e+00  4.372e+00  3.209e+02     7.5677     7.5680     0.0003     5.8984     5.8990      6.936      7.088      0.233    1443.10    1443.08  0.000e+00
       1077      7.500     6.5916     6.5460    -0.0457    0.85595    0.85501          1     7.8070     7.3058       9.99     0.0000  1.178e+00  3.779e+00  3.209e+02     7.5663     7.5674     0.0011     5.9006     5.9043      7.432      7.594      0.309    1442.89    1442.69  0.000e+00
       1124      8.000     6.4877     6.4374    -0.0504    0.85337    0.85219          1     7.8055     7.3156       9.99     0.0000  1.015e+00  3.253e+00  3.205e+02     7.5646     7.5645    -0.0001     5.9058     5.9087      7.927      8.101      0.202    1442.45    1442.24  0.000e+00
       1182      8.500     6.4264     6.4115    -0.0150    0.85171    0.85150          1     7.7968     7.3021       9.99     0.0000  9.158e-01  2.920e+00  3.188e+02     7.5623     7.5636     0.0013     5.9076     5.9096      8.423      8.607      0.286    1442.20    1442.14  0.000e+00
       1222      9.000     6.4073     6.4008    -0.0065    0.85132    0.85128          1     7.7863     7.2897       9.99     0.0000  7.963e-01  2.539e+00  3.188e+02     7.5628     7.5638     0.0010     5.9092     5.9104      8.918      9.113      0.286    1442.12    1442.10  0.000e+00
       1267      9.500     6.3971     6.3876    -0.0095    0.85113    0.85101          1     7.7656     7.2742       9.98     0.0000  6.962e-01  2.220e+00  3.188e+02     7.5632     7.5641     0.0009     5.9101     5.9114      9.414      9.619      0.254    1442.09    1442.05  0.000e+00
       1320     10.000     6.3865     6.3809    -0.0057    0.85092    0.85086          1     7.7593     7.2608       9.98     0.0000  6.224e-01  1.984e+00  3.188e+02     7.5634     7.5641     0.0007     5.9109     5.9118      9.909     10.126      0.208    1442.05    1442.03  0.000e+00
       1374     10.500     6.3815     6.3786    -0.0029    0.85086    0.85086          1     7.7585     7.2485       9.98     0.0000  5.472e-01  1.734e+00  3.169e+02     7.5639     7.5646     0.0007     5.9116     5.9123     10.404     10.632      0.276    1442.04    1442.03  0.000e+00
       1414     11.000     6.3775     6.3738    -0.0036    0.85079    0.85076          1     7.7440     7.2432       9.98     0.0000  4.701e-01  1.489e+00  3.168e+02     7.5640     7.5646     0.0005     5.9120     5.9126     10.900     11.138      0.267    1442.03    1442.02  0.000e+00
       1463     11.500     6.3738     6.3709    -0.0029    0.85072    0.85071          1     7.7390     7.2491       9.98     0.0000  4.131e-01  1.309e+00  3.168e+02     7.5642     7.5647     0.0005     5.9123     5.9129     11.395     11.644      0.269    1442.02    1442.01  0.000e+00
       1504     12.000     6.3691     6.3637    -0.0054    0.85063    0.85057          1     7.7363     7.2380       9.98     0.0000  3.598e-01  1.140e+00  3.168e+02     7.5643     7.5649     0.0006     5.9126     5.9134     11.891     12.151      0.282    1442.01    1441.99  0.000e+00
       1552     12.500     6.3632     6.3608    -0.0023    0.85053    0.85054          1     7.7218     7.2338       9.98     0.0000  3.101e-01  9.826e-01  3.168e+02     7.5646     7.5652     0.0007     5.9132     5.9139     12.386     12.657      0.236    1442.00    1441.99  0.000e+00
       1599     13.000     6.3609     6.3605    -0.0003    0.85053    0.85058          1     7.7110     7.2322       9.98     0.0000  2.730e-01  8.648e-01  3.168e+02     7.5650     7.5655     0.0006     5.9137     5.9141     12.882     13.163      0.279    1441.99    1441.99  0.000e+00
       1645     13.500     6.3630     6.3638     0.0008    0.85067    0.85074          1     7.7147     7.2155       9.97     0.0000  2.350e-01  7.440e-01  3.166e+02     7.5658     7.5663     0.0005     5.9142     5.9146     13.377     13.670      0.243    1442.01    1442.02  0.000e+00
       1694     14.000     6.3721     6.3739     0.0018    0.85103    0.85112          1     7.7122     7.2172       9.97     0.0000  2.053e-01  6.463e-01  3.148e+02     7.5671     7.5676     0.0005     5.9147     5.9150     13.872     14.176      0.256    1442.06    1442.07  0.000e+00
       1740     14.500     6.3718     6.3698    -0.0020    0.85106    0.85105          1     7.7045     7.2151       9.97     0.0000  1.793e-01  5.645e-01  3.148e+02     7.5675     7.5678     0.0003     5.9150     5.9154     14.368     14.682      0.267    1442.07    1442.06  0.000e+00
       1781     15.000     6.3618     6.3578    -0.0040    0.85080    0.85074          1     7.7019     7.2069       9.97     0.0000  1.529e-01  4.812e-01  3.148e+02     7.5671     7.5675     0.0004     5.9153     5.9158     14.863     15.188      0.324    1442.03    1442.02  0.000e+00
       1821     15.500     6.3555     6.3527    -0.0028    0.85067    0.85068          1     7.6951     7.2005       9.97     0.0000  1.300e-01  4.092e-01  3.148e+02     7.5673     7.5680     0.0007     5.9158     5.9165     15.359     15.695      0.256    1442.01    1442.00  0.000e+00
       1877     16.000     6.3540     6.3542     0.0002    0.85071    0.85079          1     7.6820     7.1914       9.97     0.0000  1.138e-01  3.582e-01  3.148e+02     7.5679     7.5686     0.0007     5.9164     5.9169     15.854     16.201      0.240    1442.02    1442.02  0.000e+00
       1919     16.500     6.3565     6.3574     0.0008    0.85086    0.85093          1     7.6758     7.1960       9.97     0.0000  9.257e-02  2.913e-01  3.147e+02     7.5687     7.5692     0.0005     5.9169     5.9172     16.350     16.707      0.302    1442.04    1442.04  0.000e+00
       1962     17.000     6.3566     6.3533    -0.0033    0.85093    0.85089          1     7.6779     7.1860       9.97     0.0000  7.714e-02  2.428e-01  3.148e+02     7.5692     7.5697     0.0004     5.9173     5.9178     16.845     17.213      0.252    1442.05    1442.03  0.000e+00
       2012     17.500     6.3443     6.3406    -0.0037    0.85062    0.85061          1     7.6688     7.1842       9.97     0.0000  6.551e-02  2.057e-01  3.140e+02     7.5690     7.5696     0.0006     5.9178     5.9186     17.340     17.720      0.260    1442.00    1441.99  0.000e+00
       2054     18.000     6.3435     6.3447     0.0011    0.85071    0.85081          1     7.6593     7.1704       9.97     0.0000  5.245e-02  1.640e-01  3.127e+02     7.5700     7.5706     0.0007     5.9186     5.9191     17.836     18.226      0.283    1442.01    1442.01  0.000e+00
       2100     18.500     6.3462     6.3496     0.0034    0.85091    0.85108          1     7.6557     7.1680       9.97     0.0000  3.914e-02  1.224e-01  3.128e+02     7.5712     7.5721     0.0009     5.9194     5.9199     18.331     18.732      0.255    1442.03    1442.04  0.000e+00
       2145     19.000     6.3666     6.3748     0.0082    0.85174    0.85200          1     7.6670     7.1691       9.97     0.0000  3.033e-02  9.487e-02  3.128e+02     7.5745     7.5752     0.0006     5.9209     5.9209     18.827     19.239      0.288    1442.13    1442.16  0.000e+00
       2184     19.500     6.3827     6.3892     0.0065    0.85229    0.85252          1     7.6803     7.1833       9.97     0.0000  2.055e-02  6.428e-02  3.128e+02     7.5762     7.5769     0.0007     5.9212     5.9214     19.322     19.745      0.294    1442.20    1442.23  0.000e+00
       2233     20.000     6.3993     6.4055     0.0062    0.85288    0.85306          1     7.6855     7.1836       9.96     0.0000  1.160e-02  3.627e-02  3.128e+02     7.5780     7.5784     0.0004     5.9216     5.9216     19.817     20.251      0.224    1442.28    1442.31  0.000e+00
       2287     20.500     6.4125     6.4163     0.0038    0.85330    0.85343          1     7.6826     7.1941       9.96     0.0000  3.928e-03  1.229e-02  3.128e+02     7.5790     7.5795     0.0004     5.9217     5.9218     20.313     20.757      0.241    1442.35    1442.37  0.000e+00
       2330     21.000     6.4139     6.4158     0.0019    0.85335    0.85342          1     7.6850     7.1919       9.96     0.0000  3.991e-05  1.248e-04  3.128e+02     7.5791     7.5794     0.0002     5.9216     5.9217     20.808     21.264      0.327    1442.37    1442.37  0.000e+00
       2367     21.500     6.4124     6.4061    -0.0063    0.85330    0.85312          1     7.6919     7.1886       9.96     0.0000  2.194e-09  6.862e-09  3.128e+02     7.5789     7.5786    -0.0003     5.9216     5.9217     21.304     21.770      0.287    1442.37    1442.34  0.000e+00
       2415     22.000     6.3979     6.3837    -0.0142    0.85284    0.85246          1     7.6858     7.1908       9.96     0.0000  3.197e-13  1.000e-12  3.128e+02     7.5777     7.5773    -0.0004     5.9215     5.9220     21.799     22.276      0.243    1442.31    1442.25  0.000e+00
       2458     22.500     6.3547     6.3349    -0.0198    0.85157    0.85120          1     7.6412     7.1637       9.96     0.0000  3.197e-13  1.000e-12  3.128e+02     7.5751     7.5759     0.0008     5.9220     5.9238     22.294     22.782      0.330    1442.13    1442.05  0.000e+00
       2495     23.000     6.3112     6.2912    -0.0199    0.85051    0.85012          1     7.6164     7.1432       9.96     0.0000  3.197e-13  1.000e-12  3.128e+02     7.5745     7.5753     0.0008     5.9241     5.9259     22.790     23.289      0.266    1441.95    1441.87  0.000e+00
       2554     23.500     6.2936     6.2887    -0.0048    0.85015    0.85008          1     7.6124     7.1343       9.96     0.0000  3.197e-13  1.000e-12  3.128e+02     7.5750     7.5754     0.0005     5.9255     5.9261     23.285     23.795      0.240    1441.89    1441.87  0.000e+00
       2597     24.000     6.2952     6.2944    -0.0008    0.85026    0.85029          1     7.6203     7.1378       9.96     0.0000  3.197e-13  1.000e-12  3.128e+02     7.5756     7.5761     0.0005     5.9259     5.9263     23.781     24.301      0.274    1441.90    1441.90  0.000e+00
       2646     24.500     6.2819     6.2608    -0.0210    0.84994    0.84952          1     7.6073     7.1256       9.96     0.0000  3.197e-13  1.000e-12  3.128e+02     7.5754     7.5761     0.0007     5.9265     5.9283     24.276     24.808      0.250    1441.85    1441.76  0.000e+00
       2686     25.000     6.2336     6.2126    -0.0212    0.84871    0.84833          1     7.5854     7.1099       9.96     0.0000  3.197e-13  1.000e-12  3.128e+02     7.5743     7.5754     0.0011     5.9284     5.9305     24.772     25.314      0.331    1441.65    1441.57  0.000e+00
       2726     25.500     6.2085     6.1966    -0.0119    0.84826    0.84814          1     7.5757     7.1014       9.96     0.0000  3.197e-13  1.000e-12  3.128e+02     7.5755     7.5770     0.0015     5.9309     5.9327     25.267     25.820      0.263    1441.56    1441.51  0.000e+00
       2775     26.000     6.1994     6.1954    -0.0039    0.84829    0.84834          1     7.5576     7.0843       9.96     0.0000  3.197e-13  1.000e-12  3.128e+02     7.5778     7.5791     0.0013     5.9332     5.9345     25.762     26.326      0.256    1441.53    1441.51  0.000e+00
       2820     26.500     6.2100     6.2192     0.0092    0.84883    0.84920          1     7.5688     7.0876       9.96     0.0000  3.197e-13  1.000e-12  3.128e+02     7.5805     7.5821     0.0016     5.9347     5.9354     26.258     26.833      0.257    1441.58    1441.63  0.000e+00
       2870     27.000     6.2370     6.2459     0.0088    0.84986    0.85021          1     7.5738     7.0882       9.96     0.0000  3.197e-13  1.000e-12  3.128e+02     7.5843     7.5857     0.0014     5.9361     5.9368     26.753     27.339      0.246    1441.71    1441.75  0.000e+00
       2915     27.500     6.2464     6.2515     0.0051    0.85029    0.85053          1     7.5761     7.0870       9.96     0.0000  3.197e-13  1.000e-12  3.128e+02     7.5863     7.5875     0.0012     5.9372     5.9378     27.248     27.845      0.276    1441.76    1441.79  0.000e+00
