ctdpy/tests/etc/all_smhi_bas_2018/SBE09_1044_20181017_1836_34_01_0103.cnv
* Sea-Bird SBE 9 Data File:
* FileName = C:\LUOTAUS\DATA_IN\hex_in\SMHI\ar18d103.hex
* Software Version Seasave V 7.23.2
* Temperature SN = 5351
* Conductivity SN = 3941
* Number of Bytes Per Scan = 30
* Number of Voltage Words = 4
* Number of Scans Averaged by the Deck Unit = 1
* NMEA baud rate = 4800
** Station:  Fladen
** Operator:  OBac
** Ship: ARANDA
** Average sound velocity: 1498.74 m/s
** True-depth calculation Wed, 17 Oct 2018 19:12:25 +0000
** CTD Python Module SMHI /ver 3-12/ feb 2012 
** LIMS Job: 20183401-0103
** Cruise: SMHI-4-2018
** Latitude [GG MM.mm N]: 57 11.569 N
** Longitude [GG MM.mm E] 11 39.487 E
# nquan = 26
# nvalues = 158                         
# units = specified
# name 0 = scan: Scan Count
# name 1 = prDM: Pressure, Digiquartz [db]
# name 2 = t090C: Temperature [ITS-90, deg C]
# name 3 = t190C: Temperature, 2 [ITS-90, deg C]
# name 4 = T2-T190C: Temperature Difference, 2 - 1 [ITS-90, deg C]
# name 5 = c0S/m: Conductivity [S/m]
# name 6 = c1S/m: Conductivity, 2 [S/m]
# name 7 = pumps: Pump Status
# name 8 = sbeox0ML/L: Oxygen, SBE 43 [ml/l]
# name 9 = sbeox1ML/L: Oxygen, SBE 43, 2 [ml/l]
# name 10 = altM: Altimeter [m]
# name 11 = flECO-AFL: Chl-a Fluorescence, WET Labs ECO-AFL/FL [mg/m^3]
# name 12 = flECO-AFL1: Phycocyanin Fluorescence, WET Labs ECO-AFL/FL, 2 [mg/m^3]
# name 13 = par: PAR/Irradiance, Biospherical/Lico [µE/(cm^2*s)]
# name 14 = turbWETntu0: Turbidity, WET Labs ECO [NTU]
# name 15 = sal00: Salinity, Practical [PSU]
# name 16 = sal11: Salinity, Practical, 2 [PSU]
# name 17 = secS-priS: Salinity, Practical, Difference, 2 - 1 [PSU]
# name 18 = sigma-t00: Density [sigma-t, Kg/m^3 ]
# name 19 = sigma-t11: Density, 2 [sigma-t, Kg/m^3 ]
# name 20 = depSM: Depth [salt water, m], lat = 0
# name 21 = depFM: Depth [true depth, m], lat = 0
# name 22 = dz/dtM: Descent Rate [m/s], WS = 2
# name 23 = svCM: Sound Velocity [Chen-Millero, m/s]
# name 24 = svCM1: Sound Velocity, 2 [Chen-Millero, m/s]
# name 25 = flag: flag
# span 0 =      16142,      19536       
# span 1 =      1.500,     80.000       
# span 2 =    13.1343,    13.8942       
# span 3 =    13.1369,    13.8955       
# span 4 =    -0.0012,     0.0115       
# span 5 =   3.177375,   4.006128       
# span 6 =   3.180055,   4.006208       
# span 7 =          1,          1       
# span 8 =    4.05819,    6.19365       
# span 9 =    3.86917,    5.87139       
# span 10 =       3.94,      98.67      
# span 11 =     0.1318,     1.6315      
# span 12 =     0.1679,     0.3609      
# span 13 = 1.0000e-12, 1.0000e-12      
# span 14 =     0.2077,     4.9216      
# span 15 =    26.2664,    33.7329      
# span 16 =    26.2903,    33.7316      
# span 17 =    -0.0254,     0.0561      
# span 18 =    19.6048,    25.3317      
# span 19 =    19.6231,    25.3303      
# span 20 =      1.492,     79.544      
# span 21 =      1.498,     79.592      
# span 22 =     -0.005,      0.622      
# span 23 =    1490.56,    1501.34      
# span 24 =    1490.59,    1501.35      
# span 25 = 0.0000e+00, 0.0000e+00      
# interval = decibars: 0.5              
# start_time = Oct 17 2018 18:36:06 [System UTC, header]
# bad_flag = -9.990e-29
*END*
[from data line 112]
      18564     57.500    13.4776    13.4789     0.0013    4.00190    4.00197          1     4.6009     4.3551      25.06     0.1505     0.2333  1.000e-12  1.7036000    33.6495    33.6490    -0.0005    25.2508    25.2502     57.176     57.241      0.549    1501.13    1501.13  0.000e+00
      18586     58.000    13.4776    13.4790     0.0014    4.00196    4.00203          1     4.5950     4.3520      24.62     0.1762     0.1796  1.000e-12  1.7470000    33.6498    33.6493    -0.0005    25.2511    25.2504     57.673     57.737      0.573    1501.14    1501.14  0.000e+00
      18606     58.500    13.4778    13.4789     0.0011    4.00199    4.00209          1     4.5877     4.3515      24.26     0.1724     0.2230  1.000e-12  1.7369000    33.6497    33.6497    -0.0001    25.2510    25.2507     58.170     58.234      0.574    1501.15    1501.15  0.000e+00
      18628     59.000    13.4777    13.4787     0.0011    4.00201    4.00211          1     4.5814     4.3489      23.72     0.1620     0.2217  1.000e-12  1.6910000    33.6499    33.6499     0.0000    25.2512    25.2509     58.668     58.731      0.558    1501.15    1501.16  0.000e+00
      18649     59.500    13.4774    13.4783     0.0009    4.00207    4.00222          1     4.5806     4.3428      23.29     0.1656     0.2154  1.000e-12  1.6516000    33.6505    33.6511     0.0006    25.2517    25.2520     59.165     59.227      0.562    1501.16    1501.16  0.000e+00
      18670     60.000    13.4773    13.4786     0.0013    4.00212    4.00222          1     4.5761     4.3362      22.72     0.1948     0.2344  1.000e-12  1.6002000    33.6508    33.6507    -0.0001    25.2520    25.2516     59.662     59.724      0.584    1501.17    1501.17  0.000e+00
      18691     60.500    13.4771    13.4784     0.0013    4.00212    4.00224          1     4.5695     4.3319      22.18     0.1663     0.2071  1.000e-12  1.7260000    33.6508    33.6508     0.0000    25.2520    25.2517     60.159     60.221      0.583    1501.18    1501.18  0.000e+00
      18711     61.000    13.4760    13.4772     0.0012    4.00218    4.00227          1     4.5516     4.3288      21.71     0.1537     0.2071  1.000e-12  1.6043000    33.6522    33.6519    -0.0003    25.2533    25.2528     60.656     60.718      0.573    1501.18    1501.19  0.000e+00
      18732     61.500    13.4752    13.4765     0.0013    4.00244    4.00250          1     4.5566     4.3293      21.28     0.1598     0.2071  1.000e-12  1.4737000    33.6551    33.6545    -0.0005    25.2557    25.2550     61.153     61.214      0.578    1501.19    1501.20  0.000e+00
      18753     62.000    13.4753    13.4764     0.0011    4.00259    4.00266          1     4.5548     4.3293      21.16     0.1695     0.2196  1.000e-12  1.4080000    33.6562    33.6559    -0.0003    25.2565    25.2561     61.650     61.711      0.571    1501.20    1501.21  0.000e+00
      18775     62.500    13.4753    13.4765     0.0012    4.00265    4.00271          1     4.5520     4.3310      20.82     0.1507     0.2487  1.000e-12  1.4047000    33.6566    33.6561    -0.0005    25.2568    25.2562     62.147     62.208      0.534    1501.21    1501.21  0.000e+00
      18798     63.000    13.4756    13.4770     0.0013    4.00273    4.00282          1     4.5811     4.3409      20.20     0.1614     0.2363  1.000e-12  1.3834000    33.6568    33.6565    -0.0003    25.2569    25.2564     62.644     62.705      0.531    1501.22    1501.22  0.000e+00
      18820     63.500    13.4765    13.4777     0.0012    4.00300    4.00307          1     4.6013     4.3543      19.90     0.1626     0.2096  1.000e-12  1.4001000    33.6583    33.6580    -0.0003    25.2579    25.2575     63.141     63.201      0.579    1501.23    1501.24  0.000e+00
      18839     64.000    13.4748    13.4760     0.0012    4.00315    4.00321          1     4.6062     4.3594      19.88     0.1699     0.1788  1.000e-12  1.4244000    33.6610    33.6606    -0.0004    25.2604    25.2598     63.639     63.698      0.592    1501.24    1501.24  0.000e+00
      18860     64.500    13.4738    13.4747     0.0009    4.00314    4.00318          1     4.5918     4.3541      19.38     0.1627     0.1877  1.000e-12  1.4532000    33.6617    33.6612    -0.0004    25.2610    25.2605     64.136     64.195      0.549    1501.25    1501.25  0.000e+00
      18883     65.000    13.4724    13.4738     0.0014    4.00303    4.00313          1     4.5758     4.3421      18.86     0.1540     0.2233  1.000e-12  1.4979000    33.6617    33.6613    -0.0004    25.2614    25.2608     64.633     64.691      0.533    1501.25    1501.25  0.000e+00
      18905     65.500    13.4696    13.4712     0.0016    4.00311    4.00319          1     4.5698     4.3324      18.38     0.1647     0.2224  1.000e-12  1.5554000    33.6646    33.6641    -0.0006    25.2642    25.2634     65.130     65.188      0.583    1501.25    1501.26  0.000e+00
      18925     66.000    13.4664    13.4677     0.0013    4.00369    4.00378          1     4.5664     4.3329      17.93     0.1846     0.2644  1.000e-12  1.5706000    33.6728    33.6724    -0.0004    25.2711    25.2706     65.627     65.685      0.619    1501.26    1501.26  0.000e+00
      18944     66.500    13.4648    13.4660     0.0012    4.00434    4.00445          1     4.5696     4.3347      17.41     0.1574     0.2551  1.000e-12  1.6234000    33.6801    33.6800    -0.0001    25.2771    25.2768     66.124     66.182      0.598    1501.27    1501.27  0.000e+00
      18965     67.000    13.4629    13.4642     0.0012    4.00488    4.00498          1     4.5775     4.3414      16.89     0.1637     0.2345  1.000e-12  1.6784000    33.6865    33.6864    -0.0001    25.2825    25.2821     66.621     66.678      0.555    1501.28    1501.28  0.000e+00
      18987     67.500    13.4617    13.4628     0.0011    4.00518    4.00531          1     4.5928     4.3511      16.40     0.1836     0.2098  1.000e-12  1.7511000    33.6903    33.6905     0.0002    25.2856    25.2856     67.118     67.175      0.547    1501.29    1501.29  0.000e+00
      19009     68.000    13.4606    13.4618     0.0013    4.00543    4.00552          1     4.6013     4.3491      15.92     0.1966     0.2235  1.000e-12  1.8229000    33.6934    33.6931    -0.0003    25.2883    25.2878     67.615     67.672      0.568    1501.30    1501.30  0.000e+00
      19029     68.500    13.4606    13.4620     0.0014    4.00546    4.00554          1     4.5957     4.3486      15.47     0.1839     0.2218  1.000e-12  1.8656000    33.6934    33.6930    -0.0005    25.2883    25.2877     68.112     68.168      0.578    1501.31    1501.31  0.000e+00
      19050     69.000    13.4605    13.4616     0.0012    4.00553    4.00562          1     4.5894     4.3458      14.96     0.1847     0.2112  1.000e-12  1.8669000    33.6941    33.6938    -0.0002    25.2888    25.2884     68.609     68.665      0.563    1501.31    1501.32  0.000e+00
      19072     69.500    13.4582    13.4595     0.0014    4.00571    4.00580          1     4.5809     4.3452      14.43     0.1764     0.2077  1.000e-12  1.9022000    33.6975    33.6972    -0.0003    25.2920    25.2914     69.107     69.162      0.545    1501.32    1501.32  0.000e+00
      19094     70.000    13.4570    13.4583     0.0013    4.00576    4.00586          1     4.5925     4.3479      13.93     0.1666     0.2170  1.000e-12  1.9220000    33.6989    33.6986    -0.0003    25.2933    25.2928     69.604     69.659      0.550    1501.32    1501.33  0.000e+00
      19116     70.500    13.4558    13.4571     0.0013    4.00592    4.00601          1     4.6013     4.3526      13.40     0.1626     0.2365  1.000e-12  1.9472000    33.7012    33.7009    -0.0003    25.2953    25.2948     70.101     70.155      0.571    1501.33    1501.34  0.000e+00
      19136     71.000    13.4550    13.4562     0.0012    4.00613    4.00621          1     4.5950     4.3618      12.89     0.1667     0.2350  1.000e-12  1.9816000    33.7036    33.7033    -0.0003    25.2973    25.2968     70.598     70.652      0.583    1501.34    1501.34  0.000e+00
      19157     71.500    13.4502    13.4516     0.0014    4.00603    4.00612          1     4.6029     4.3691      12.40     0.1848     0.2483  1.000e-12  2.0064000    33.7068    33.7064    -0.0004    25.3008    25.3002     71.095     71.149      0.585    1501.34    1501.34  0.000e+00
      19177     72.000    13.4452    13.4464     0.0012    4.00589    4.00597          1     4.6114     4.3676      11.97     0.1935     0.2511  1.000e-12  2.2019000    33.7097    33.7093    -0.0003    25.3040    25.3035     71.592     71.645      0.575    1501.33    1501.34  0.000e+00
      19198     72.500    13.4411    13.4424     0.0012    4.00577    4.00585          1     4.6161     4.3710      11.51     0.1876     0.2464  1.000e-12  2.3111000    33.7119    33.7116    -0.0003    25.3065    25.3061     72.089     72.142      0.569    1501.33    1501.33  0.000e+00
      19219     73.000    13.4385    13.4398     0.0013    4.00569    4.00577          1     4.6216     4.3770      11.02     0.1992     0.2382  1.000e-12  2.4498000    33.7133    33.7130    -0.0003    25.3081    25.3076     72.586     72.639      0.578    1501.33    1501.33  0.000e+00
      19240     73.500    13.4381    13.4393     0.0012    4.00572    4.00580          1     4.6207     4.3750      10.53     0.2073     0.2801  1.000e-12  2.5183000    33.7137    33.7134    -0.0003    25.3085    25.3080     73.083     73.135      0.582    1501.34    1501.34  0.000e+00
      19261     74.000    13.4372    13.4381     0.0010    4.00580    4.00587          1     4.6144     4.3741      10.05     0.1941     0.2563  1.000e-12  2.4723000    33.7151    33.7150    -0.0001    25.3098    25.3095     73.580     73.632      0.575    1501.34    1501.35  0.000e+00
      19282     74.500    13.4300    13.4303     0.0004    4.00584    4.00592          1     4.6173     4.3790       9.57     0.1836     0.2036  1.000e-12  2.6383000    33.7216    33.7221     0.0004    25.3163    25.3166     74.077     74.129      0.579    1501.34    1501.34  0.000e+00
      19302     75.000    13.4236    13.4232    -0.0004    4.00561    4.00563          1     4.6367     4.3904       9.07     0.2068     0.1718  1.000e-12  2.7230000    33.7249    33.7254     0.0005    25.3202    25.3206     74.574     74.626      0.580    1501.33    1501.33  0.000e+00
      19323     75.500    13.4106    13.4113     0.0007    4.00490    4.00495          1     4.6559     4.4073       8.56     0.2766     0.1948  1.000e-12  3.1104000    33.7295    33.7294    -0.0001    25.3263    25.3261     75.071     75.122      0.548    1501.30    1501.30  0.000e+00
      19346     76.000    13.4067    13.4066    -0.0001    4.00462    4.00458          1     4.6568     4.4165       8.04     0.2751     0.2075  1.000e-12  3.3154000    33.7301    33.7299    -0.0002    25.3276    25.3275     75.569     75.619      0.512    1501.29    1501.29  0.000e+00
      19370     76.500    13.4030    13.4042     0.0012    4.00432    4.00440          1     4.6613     4.4149       7.55     0.2272     0.2354  1.000e-12  3.3571000    33.7304    33.7301    -0.0003    25.3286    25.3281     76.066     76.116      0.539    1501.29    1501.29  0.000e+00
      19391     77.000    13.3992    13.4006     0.0014    4.00407    4.00415          1     4.6736     4.4230       7.09     0.2174     0.2357  1.000e-12  3.5078000    33.7312    33.7307    -0.0004    25.3299    25.3293     76.563     76.612      0.590    1501.29    1501.29  0.000e+00
      19411     77.500    13.3981    13.3994     0.0013    4.00400    4.00410          1     4.6711     4.4285       6.62     0.2268     0.2237  1.000e-12  3.7394000    33.7314    33.7312    -0.0002    25.3303    25.3299     77.060     77.109      0.596    1501.29    1501.30  0.000e+00
      19431     78.000    13.3977    13.3990     0.0013    4.00401    4.00409          1     4.6672     4.4302       6.11     0.2182     0.2259  1.000e-12  4.0961000    33.7316    33.7311    -0.0005    25.3306    25.3299     77.557     77.606      0.552    1501.30    1501.30  0.000e+00
      19454     78.500    13.3975    13.3988     0.0013    4.00402    4.00410          1     4.6777     4.4310       5.57     0.2167     0.2977  1.000e-12  4.2290000    33.7317    33.7312    -0.0004    25.3307    25.3301     78.054     78.102      0.520    1501.31    1501.31  0.000e+00
      19477     79.000    13.3977    13.3991     0.0013    4.00407    4.00415          1     4.6873     4.4294       5.10     0.2233     0.3248  1.000e-12  4.3370000    33.7317    33.7312    -0.0005    25.3306    25.3300     78.551     78.599      0.533    1501.32    1501.32  0.000e+00
      19501     79.500    13.3978    13.3991     0.0013    4.00411    4.00419          1     4.6830     4.4307       4.59     0.2285     0.2630  1.000e-12  4.6061000    33.7318    33.7314    -0.0004    25.3307    25.3301     79.048     79.096      0.383    1501.33    1501.33  0.000e+00
      19536     80.000    13.3973    13.3987     0.0012    4.00420    4.00419          1     4.6684     4.4324       3.94     0.2308     0.3005  1.000e-12  4.9216000    33.7329    33.7316    -0.0013    25.3317    25.3303     79.544     79.592     -0.005    1501.33    1501.33  0.000e+00
