ctdpy/tests/etc/all_smhi_bas_2018/SBE09_1044_20181111_2058_34_01_0132.cnv
* Sea-Bird SBE 9 Data File:
* FileName = C:\ctd\temp\ar18d132.hex
* Software Version Seasave V 7.26.7.107
* Temperature SN = 5351
* Conductivity SN = 3941
* Number of Bytes Per Scan = 41
* Number of Voltage Words = 4
* Number of Scans Averaged by the Deck Unit = 1
* NMEA Latitude = 57 11.57 N
* NMEA Longitude = 011 39.48 E
* NMEA UTC (Time) = Nov 11 2018  20:58:43
* NMEA baud rate = 4800
** Station:  Fladen
** Operator:  A-KTh
** Ship: ARANDA
** Average sound velocity: 1489.08 m/s
** True-depth calculation Sun, 11 Nov 2018 21:33:53 +0000
** CTD Python Module SMHI /ver 3-12/ feb 2012 
** LIMS Job: 20183401-0132
** Cruise: SMHI-6-2018
** Latitude [GG MM.mm N]:
** Longitude [GG MM.mm E]
# nquan = 26
# nvalues = 161                         
# units = specified
# name 0 = scan: Scan Count
# name 1 = prDM: Pressure, Digiquartz [db]
# name 2 = t090C: Temperature [ITS-90, deg C]
# name 3 = t190C: Temperature, 2 [ITS-90, deg C]
# name 4 = T2-T190C: Temperature Difference, 2 - 1 [ITS-90, deg C]
# name 5 = c0S/m: Conductivity [S/m]
# name 6 = c1S/m: Conductivity, 2 [S/m]
# name 7 = pumps: Pump Status
# name 8 = sbeox0ML/L: Oxygen, SBE 43 [ml/l]
# name 9 = sbeox1ML/L: Oxygen, SBE 43, 2 [ml/l]
# name 10 = altM: Altimeter [m]
# name 11 = flECO-AFL: Chl-a Fluorescence, WET Labs ECO-AFL/FL [mg/m^3]
# name 12 = flECO-AFL1: Phycocyanin Fluorescence, WET Labs ECO-AFL/FL, 2 [mg/m^3]
# name 13 = par: PAR/Irradiance, Biospherical/Lico [µE/(cm^2*s)]
# name 14 = turbWETntu0: Turbidity, WET Labs ECO [NTU]
# name 15 = sal00: Salinity, Practical [PSU]
# name 16 = sal11: Salinity, Practical, 2 [PSU]
# name 17 = secS-priS: Salinity, Practical, Difference, 2 - 1 [PSU]
# name 18 = sigma-t00: Density [sigma-t, Kg/m^3 ]
# name 19 = sigma-t11: Density, 2 [sigma-t, Kg/m^3 ]
# name 20 = depSM: Depth [salt water, m], lat = 57.1928
# name 21 = depFM: Depth [true depth, m], lat = 57.1928
# name 22 = dz/dtM: Descent Rate [m/s], WS = 2
# name 23 = svCM: Sound Velocity [Chen-Millero, m/s]
# name 24 = svCM1: Sound Velocity, 2 [Chen-Millero, m/s]
# name 25 = flag: flag
# span 0 =       1146,       4987       
# span 1 =      1.500,     81.500       
# span 2 =    10.0117,    12.4114       
# span 3 =    10.0130,    12.4117       
# span 4 =    -0.0139,     0.0408       
# span 5 =   2.687388,   3.907697       
# span 6 =   2.687464,   3.907703       
# span 7 =          1,          1       
# span 8 =    5.00945,    6.51898       
# span 9 =    4.81907,    6.22717       
# span 10 =       2.54,      98.50      
# span 11 =     0.1137,     1.3427      
# span 12 =     0.1174,     0.3937      
# span 13 = -3.834e-07, 6.4277e-02      
# span 14 =     0.1487,     1.6047      
# span 15 =    23.7847,    34.8486      
# span 16 =    23.7846,    34.8480      
# span 17 =    -0.0884,     0.1130      
# span 18 =    18.2097,    26.8055      
# span 19 =    18.2095,    26.8048      
# span 20 =      1.486,     80.734      
# span 21 =      1.500,     81.014      
# span 22 =     -0.075,      0.821      
# span 23 =    1476.28,    1497.09      
# span 24 =    1476.30,    1497.10      
# span 25 = 0.0000e+00, 0.0000e+00      
# interval = decibars: 0.5              
# start_time = Nov 11 2018 20:58:44 [NMEA time, first data scan]
# bad_flag = -9.990e-29
*END*
       1146      1.500    10.0121    10.0130     0.0009    2.68739    2.68763          1     6.4790     6.2232      98.50     1.2192     0.3446  6.417e-02  0.3137000    23.7847    23.7865     0.0018    18.2097    18.2109      1.486      1.500      0.141    1476.28    1476.30  0.000e+00
       1198      2.000    10.0117    10.0131     0.0014    2.68742    2.68746          1     6.4812     6.2272      96.18     1.1941     0.3839  6.428e-02  0.3069000    23.7851    23.7846    -0.0005    18.2101    18.2095      1.982      2.001      0.245    1476.30    1476.30  0.000e+00
       1413      2.500    10.0123    10.0137     0.0014    2.68791    2.68798          1     6.5073     6.2239      92.44     1.2294     0.3565  1.659e-03  0.3233000    23.7893    23.7891    -0.0003    18.2133    18.2129      2.477      2.501      0.207    1476.31    1476.32  0.000e+00
       1455      3.000    10.0123    10.0136     0.0012    2.68791    2.68795          1     6.5190     6.2209      97.77     1.2451     0.3381  1.437e-03  0.3244000    23.7891    23.7887    -0.0004    18.2131    18.2126      2.972      3.001      0.427    1476.32    1476.33  0.000e+00
       1474      3.500    10.0121    10.0134     0.0013    2.68786    2.68787          1     6.5133     6.2222      97.35     1.1733     0.3527 -3.834e-07  0.3333000    23.7886    23.7878    -0.0008    18.2127    18.2119      3.468      3.501      0.604    1476.33    1476.33  0.000e+00
       1494      4.000    10.0123    10.0136     0.0012    2.68790    2.68796          1     6.5094     6.2205      97.33     1.1965     0.3505  1.000e-12  0.3458000    23.7887    23.7884    -0.0003    18.2128    18.2124      3.963      4.001      0.533    1476.34    1476.34  0.000e+00
       1521      4.500    10.0124    10.0138     0.0014    2.68796    2.68803          1     6.5018     6.2181      97.35     1.2624     0.3824  1.000e-12  0.3553000    23.7891    23.7888    -0.0003    18.2130    18.2126      4.459      4.501      0.375    1476.35    1476.35  0.000e+00
       1557      5.000    10.0126    10.0140     0.0014    2.68810    2.68821          1     6.4852     6.2194      97.36     1.2772     0.3407  1.000e-12  0.3278000    23.7902    23.7903     0.0001    18.2139    18.2138      4.954      5.002      0.411    1476.36    1476.36  0.000e+00
       1580      5.500    10.0133    10.0143     0.0011    2.68860    2.68855          1     6.5025     6.2199      97.15     1.2304     0.3522  1.000e-12  0.3552000    23.7944    23.7933    -0.0011    18.2171    18.2160      5.449      5.502      0.662    1476.37    1476.37  0.000e+00
       1596      6.000    10.0149    10.0161     0.0012    2.69008    2.69003          1     6.5068     6.2221      97.46     1.2409     0.3445  1.000e-12  0.3572000    23.8076    23.8063    -0.0012    18.2270    18.2259      5.945      6.002      0.749    1476.40    1476.41  0.000e+00
       1611      6.500    10.0152    10.0166     0.0014    2.69009    2.69028          1     6.4960     6.2203      97.25     1.2642     0.3405  1.000e-12  0.3522000    23.8073    23.8082     0.0010    18.2268    18.2273      6.440      6.502      0.688    1476.41    1476.42  0.000e+00
       1632      7.000    10.0170    10.0177     0.0007    2.69122    2.69114          1     6.4855     6.2191      97.38     1.2456     0.3812  1.000e-12  0.3789000    23.8170    23.8157    -0.0013    18.2341    18.2330      6.935      7.002      0.531    1476.44    1476.44  0.000e+00
       1658      7.500    10.0185    10.0194     0.0009    2.69294    2.69277          1     6.4795     6.2107      97.25     1.3427     0.3244  1.000e-12  0.3730000    23.8325    23.8303    -0.0022    18.2459    18.2441      7.431      7.502      0.492    1476.47    1476.47  0.000e+00
       1679      8.000    10.0179    10.0191     0.0012    2.69252    2.69252          1     6.4939     6.2043      97.43     1.2810     0.3219  1.000e-12  0.3665000    23.8287    23.8279    -0.0009    18.2431    18.2422      7.926      8.003      0.612    1476.47    1476.48  0.000e+00
       1697      8.500    10.0186    10.0198     0.0012    2.69306    2.69327          1     6.5069     6.2032      97.26     1.2649     0.3357  1.000e-12  0.3654000    23.8332    23.8345     0.0013    18.2465    18.2473      8.422      8.503      0.675    1476.49    1476.49  0.000e+00
       1715      9.000    10.0219    10.0222     0.0002    2.69600    2.69538          1     6.4972     6.2005      97.45     1.2900     0.3536  1.000e-12  0.3654000    23.8595    23.8534    -0.0062    18.2664    18.2616      8.917      9.003      0.676    1476.54    1476.53  0.000e+00
       1733      9.500    10.0335    10.0324    -0.0011    2.70636    2.70466          1     6.4305     6.1590      97.30     1.1919     0.3937  1.000e-12  0.3725000    23.9526    23.9368    -0.0158    18.3371    18.3250      9.412      9.503      0.634    1476.70    1476.68  0.000e+00
       1753     10.000    10.0415    10.0411    -0.0003    2.71292    2.71211          1     6.3271     6.0586      97.43     1.2319     0.3585  1.000e-12  0.3789000    24.0110    24.0034    -0.0076    18.3814    18.3755      9.908     10.003      0.573    1476.81    1476.80  0.000e+00
       1775     10.500    10.0477    10.0476    -0.0002    2.71879    2.71786          1     6.3406     6.0457      97.35     1.2700     0.3364  1.000e-12  0.3744000    24.0639    24.0548    -0.0090    18.4216    18.4146     10.403     10.503      0.550    1476.91    1476.90  0.000e+00
       1796     11.000    10.0817    10.0677    -0.0139    2.75142    2.74138          1     6.3349     6.0164      97.43     1.2366     0.3297  1.000e-12  0.3570000    24.3588    24.2703    -0.0884    18.6459    18.5792     10.899     11.003      0.593    1477.40    1477.24  0.000e+00
       1816     11.500    10.3175    10.3115    -0.0060    2.91866    2.91417          1     6.2319     5.9313      97.41     1.0809     0.2937  1.000e-12  0.3475000    25.8256    25.7860    -0.0396    19.7508    19.7210     11.394     11.503      0.640    1480.05    1479.98  0.000e+00
       1834     12.000    10.5332    10.5315    -0.0018    3.02449    3.02330          1     6.1252     5.8587      97.44     0.5738     0.2794  1.000e-12  0.2700000    26.7023    26.6920    -0.0103    20.3987    20.3910     11.889     12.002      0.639    1481.90    1481.88  0.000e+00
       1853     12.500    10.5981    10.5955    -0.0026    3.04996    3.05020          1     6.0580     5.8111      97.44     0.3840     0.2583  1.000e-12  0.2049000    26.9027    26.9069     0.0043    20.5441    20.5479     12.385     12.501      0.610    1482.38    1482.38  0.000e+00
       1873     13.000    10.6692    10.6664    -0.0028    3.07636    3.07629          1     6.0250     5.7783      45.52     0.2917     0.2343  1.000e-12  0.1623000    27.1070    27.1083     0.0013    20.6915    20.6930     12.880     13.000      0.591    1482.89    1482.89  0.000e+00
       1894     13.500    10.6953    10.6963     0.0010    3.08610    3.08621          1     6.0098     5.7555      34.41     0.2723     0.2357  1.000e-12  0.1792000    27.1822    27.1825     0.0003    20.7458    20.7458     13.375     13.499      0.610    1483.09    1483.09  0.000e+00
       1913     14.000    10.7142    10.7139    -0.0003    3.09239    3.09193          1     6.0040     5.7422      75.05     0.2725     0.2463  1.000e-12  0.2682000    27.2292    27.2249    -0.0042    20.7792    20.7759     13.871     13.998      0.641    1483.22    1483.22  0.000e+00
       1931     14.500    10.7281    10.7272    -0.0008    3.09621    3.09600          1     5.9959     5.7334      97.06     0.2725     0.2670  1.000e-12  0.2174000    27.2558    27.2544    -0.0014    20.7976    20.7967     14.366     14.497      0.647    1483.31    1483.31  0.000e+00
       1950     15.000    10.7383    10.7384     0.0000    3.09876    3.09863          1     5.9998     5.7354      97.44     0.2885     0.2933  1.000e-12  0.1881000    27.2727    27.2715    -0.0013    20.8092    20.8082     14.861     14.996      0.629    1483.38    1483.38  0.000e+00
       1969     15.500    10.7401    10.7400    -0.0001    3.10177    3.10143          1     5.9947     5.7313      97.43     0.3454     0.2942  1.000e-12  0.2112000    27.3006    27.2973    -0.0033    20.8305    20.8280     15.357     15.495      0.617    1483.42    1483.42  0.000e+00
       1989     16.000    10.7722    10.7697    -0.0024    3.11158    3.11088          1     5.9912     5.7268      45.16     0.2330     0.2092  1.000e-12  0.1646000    27.3717    27.3668    -0.0049    20.8806    20.8772     15.852     15.993      0.623    1483.63    1483.62  0.000e+00
       2008     16.500    10.8209    10.8224     0.0014    3.12395    3.12410          1     6.0036     5.7153      33.74     0.2314     0.1872  1.000e-12  0.1645000    27.4554    27.4556     0.0003    20.9376    20.9376     16.348     16.492      0.618    1483.92    1483.92  0.000e+00
       2028     17.000    10.8421    10.8384    -0.0038    3.13271    3.13187          1     6.0072     5.7267      75.63     0.2291     0.2499  1.000e-12  0.1619000    27.5243    27.5190    -0.0053    20.9877    20.9842     16.843     16.991      0.589    1484.09    1484.07  0.000e+00
       2049     17.500    10.8784    10.8763    -0.0020    3.14101    3.14033          1     5.9867     5.7081      97.26     0.2195     0.2481  1.000e-12  0.1487000    27.5775    27.5725    -0.0050    21.0231    21.0195     17.338     17.490      0.549    1484.29    1484.27  0.000e+00
       2071     18.000    10.8833    10.9243     0.0408    3.14255    3.15739          1     5.9329     5.6577      97.42     0.2601     0.2339  1.000e-12  0.1504000    27.5885    27.7016     0.1130    21.0308    21.1118     17.834     17.989      0.545    1484.33    1484.61  0.000e+00
       2093     18.500    10.8881    10.8977     0.0099    3.14284    3.14558          1     5.9108     5.6364      96.08     0.2123     0.2091  1.000e-12  0.1739000    27.5876    27.6070     0.0194    21.0293    21.0428     18.329     18.487      0.597    1484.35    1484.41  0.000e+00
       2112     19.000    10.8823    10.8939     0.0118    3.14158    3.14413          1     5.9183     5.6451      14.82     0.2204     0.2057  1.000e-12  0.1651000    27.5796    27.5955     0.0160    21.0240    21.0345     18.824     18.986      0.655    1484.33    1484.39  0.000e+00
       2129     19.500    10.9631    10.9669     0.0036    3.16578    3.16285          1     5.8756     5.6028      49.54     0.2237     0.2634  1.000e-12  0.1611000    27.7530    27.7219    -0.0310    21.1453    21.1206     19.320     19.485      0.673    1484.84    1484.81  0.000e+00
       2147     20.000    11.1154    11.1095    -0.0058    3.23172    3.22623          1     5.7517     5.4954      82.64     0.2237     0.2220  1.000e-12  0.1626000    28.2756    28.2270    -0.0486    21.5258    21.4891     19.815     19.984      0.648    1486.02    1485.94  0.000e+00
       2167     20.500    11.1960    11.1986     0.0026    3.27576    3.27579          1     5.5528     5.3158      97.46     0.2341     0.2276  1.000e-12  0.1821000    28.6396    28.6379    -0.0017    21.7948    21.7930     20.310     20.482      0.596    1486.75    1486.75  0.000e+00
       2188     21.000    11.2128    11.2041    -0.0087    3.28600    3.27971          1     5.5221     5.2594      97.43     0.2359     0.2544  1.000e-12  0.1943000    28.7254    28.6713    -0.0541    21.8586    21.8181     20.806     20.980      0.543    1486.92    1486.82  0.000e+00
       2210     21.500    11.3045    11.3176     0.0130    3.34346    3.34831          1     5.4908     5.2145      85.14     0.2235     0.2062  1.000e-12  0.2006000    29.2091    29.2458     0.0367    22.2184    22.2446     21.301     21.479      0.591    1487.83    1487.92  0.000e+00
       2229     22.000    11.6380    11.6303    -0.0069    3.55233    3.54317          1     5.2659     5.0438      20.34     0.2129     0.1660  1.000e-12  0.2135000    30.9581    30.8762    -0.0819    23.5172    23.4552     21.796     21.977      0.702    1491.10    1490.98  0.000e+00
       2245     22.500    12.2509    12.2531     0.0014    3.81677    3.81707          1     5.0813     4.9059      49.90     0.2122     0.1719  1.000e-12  0.2850000    32.9854    32.9864     0.0009    24.9773    24.9776     22.292     22.474      0.750    1495.65    1495.65  0.000e+00
       2261     23.000    12.3240    12.3247     0.0008    3.84763    3.84755          1     5.0167     4.8444      80.29     0.1917     0.1921  1.000e-12  0.3278000    33.2183    33.2169    -0.0014    25.1442    25.1429     22.787     22.971      0.702    1496.18    1496.18  0.000e+00
       2279     23.500    12.3402    12.3431     0.0028    3.87170    3.87012          1     5.0121     4.8251      97.00     0.1639     0.2488  1.000e-12  0.3721000    33.4352    33.4175    -0.0177    25.3093    25.2950     23.282     23.467      0.588    1496.50    1496.49  0.000e+00
       2302     24.000    12.4114    12.4112    -0.0002    3.90010    3.89970          1     5.0095     4.8191      97.43     0.1479     0.2298  1.000e-12  0.3829000    33.6446    33.6409    -0.0036    25.4580    25.4552     23.778     23.964      0.512    1497.00    1497.00  0.000e+00
       2326     24.500    12.4088    12.4117     0.0029    3.90758    3.90770          1     5.0250     4.8371      60.06     0.1594     0.2190  1.000e-12  0.3831000    33.7187    33.7173    -0.0014    25.5160    25.5143     24.273     24.461      0.561    1497.09    1497.10  0.000e+00
       2345     25.000    12.3780    12.3802     0.0022    3.90737    3.90745          1     5.0855     4.8773      21.94     0.1164     0.2332  1.000e-12  0.4045000    33.7442    33.7430    -0.0013    25.5417    25.5403     24.768     24.957      0.674    1497.02    1497.03  0.000e+00
       2362     25.500    12.3439    12.3456     0.0017    3.90770    3.90770          1     5.1313     4.9130      55.02     0.1192     0.2067  1.000e-12  0.4130000    33.7778    33.7764    -0.0014    25.5744    25.5729     25.264     25.454      0.751    1496.96    1496.96  0.000e+00
       2377     26.000    12.3202    12.3226     0.0024    3.90709    3.90715          1     5.1708     4.9540      82.96     0.1259     0.2322  1.000e-12  0.4192000    33.7932    33.7916    -0.0016    25.5908    25.5891     25.759     25.950      0.743    1496.90    1496.91  0.000e+00
       2394     26.500    12.2087    12.2184     0.0097    3.90518    3.90534          1     5.2174     4.9974      97.10     0.1525     0.2648  1.000e-12  0.4107000    33.8753    33.8681    -0.0072    25.6759    25.6684     26.255     26.447      0.658    1496.63    1496.65  0.000e+00
       2414     27.000    12.0581    12.0611     0.0031    3.90223    3.90220          1     5.2370     5.0185      97.44     0.1371     0.2361  1.000e-12  0.4149000    33.9833    33.9803    -0.0030    25.7884    25.7855     26.750     26.943      0.552    1496.25    1496.26  0.000e+00
       2438     27.500    12.0446    12.0446    -0.0001    3.90136    3.90142          1     5.2298     5.0160      71.71     0.1191     0.2342  1.000e-12  0.4310000    33.9870    33.9875     0.0005    25.7938    25.7942     27.245     27.440      0.517    1496.22    1496.22  0.000e+00
       2460     28.000    11.9295    11.9276    -0.0019    3.89799    3.89800          1     5.2407     5.0191      55.24     0.1237     0.2261  1.000e-12  0.4492000    34.0591    34.0609     0.0018    25.8716    25.8734     27.741     27.936      0.585    1495.92    1495.92  0.000e+00
       2479     28.500    11.8649    11.8628    -0.0022    3.89646    3.89647          1     5.2461     5.0282      82.77     0.1137     0.2217  1.000e-12  0.4628000    34.1031    34.1051     0.0020    25.9180    25.9199     28.236     28.433      0.678    1495.76    1495.76  0.000e+00
