ctdpy/tests/etc/all_smhi_bas_2018/SBE09_1044_20180527_0111_34_07_0029.cnv
* Sea-Bird SBE 9 Data File:
* FileName = C:\ctd\temp\2018\AU18D029.hex
* Software Version Seasave V 7.26.6.26
* Temperature SN = 5351
* Conductivity SN = 3941
* Number of Bytes Per Scan = 41
* Number of Voltage Words = 4
* Number of Scans Averaged by the Deck Unit = 1
* NMEA Latitude = 58 18.98 N
* NMEA Longitude = 010 56.58 E
* NMEA UTC (Time) = May 27 2018  01:11:20
* NMEA baud rate = 4800
** Station:  A14
** Operator:  SSip
** Ship: AURA
** Average sound velocity: 1477.92 m/s
** True-depth calculation Sun, 27 May 2018 01:39:16 +0000
** CTD Python Module SMHI /ver 3-12/ feb 2012 
** LIMS Job: 20183407-0029
** Cruise: SMHI-02-2018
** Latitude [GG MM.mm N] :
** Longitude [GG MM.mm E]:
# nquan = 26
# nvalues = 221                         
# units = specified
# name 0 = scan: Scan Count
# name 1 = prDM: Pressure, Digiquartz [db]
# name 2 = t090C: Temperature [ITS-90, deg C]
# name 3 = t190C: Temperature, 2 [ITS-90, deg C]
# name 4 = T2-T190C: Temperature Difference, 2 - 1 [ITS-90, deg C]
# name 5 = c0S/m: Conductivity [S/m]
# name 6 = c1S/m: Conductivity, 2 [S/m]
# name 7 = pumps: Pump Status
# name 8 = sbeox0ML/L: Oxygen, SBE 43 [ml/l]
# name 9 = sbeox1ML/L: Oxygen, SBE 43, 2 [ml/l]
# name 10 = altM: Altimeter [m]
# name 11 = flECO-AFL: Chl-a Fluorescence, WET Labs ECO-AFL/FL [mg/m^3]
# name 12 = flECO-AFL1: Phycocyanin Fluorescence, WET Labs ECO-AFL/FL, 2 [mg/m^3]
# name 13 = par: PAR/Irradiance, Biospherical/Lico [µE/(cm^2*s)]
# name 14 = turbWETntu0: Turbidity, WET Labs ECO [NTU]
# name 15 = sal00: Salinity, Practical [PSU]
# name 16 = sal11: Salinity, Practical, 2 [PSU]
# name 17 = secS-priS: Salinity, Practical, Difference, 2 - 1 [PSU]
# name 18 = sigma-t00: Density [sigma-t, Kg/m^3 ]
# name 19 = sigma-t11: Density, 2 [sigma-t, Kg/m^3 ]
# name 20 = depSM: Depth [salt water, m], lat = 58.3163
# name 21 = depFM: Depth [true depth, m], lat = 58.3163
# name 22 = dz/dtM: Descent Rate [m/s], WS = 2
# name 23 = svCM: Sound Velocity [Chen-Millero, m/s]
# name 24 = svCM1: Sound Velocity, 2 [Chen-Millero, m/s]
# name 25 = flag: flag
# span 0 =       8027,      12452       
# span 1 =      1.000,    111.000       
# span 2 =     5.9791,    18.7156       
# span 3 =     5.9811,    18.7144       
# span 4 =    -1.4860,     0.8549       
# span 5 =   2.646268,   3.479791       
# span 6 =   2.659511,   3.479835       
# span 7 =          1,          1       
# span 8 =    5.75027,    7.21041       
# span 9 =    5.70082,    7.12577       
# span 10 =       1.22,      99.60      
# span 11 =     0.0932,     1.4870      
# span 12 =     0.1633,     0.3809      
# span 13 = -2.319e-07, 2.2096e-03      
# span 14 =     0.1793,     0.9566      
# span 15 =    19.0657,    34.9727      
# span 16 =    19.1892,    34.9716      
# span 17 =    -0.9091,     1.6645      
# span 18 =    12.9527,    27.4733      
# span 19 =    13.0459,    27.4723      
# span 20 =      0.991,    109.939      
# span 21 =      1.006,    110.178      
# span 22 =     -0.029,      0.723      
# span 23 =    1474.39,    1500.01      
# span 24 =    1474.40,    1500.13      
# span 25 = 0.0000e+00, 0.0000e+00      
# interval = decibars: 0.5              
# start_time = May 27 2018 01:11:20 [NMEA time, first data scan]
# bad_flag = -9.990e-29
*END*
[from data line 168]
      11291     85.000     6.4866     6.4881     0.0016    3.47621    3.47627          1     6.0975     6.0284      29.77     0.2840     0.2239  1.000e-12  0.1824000    34.9011    34.9001    -0.0009    27.4109    27.4100     84.193     84.403      0.640    1477.93    1477.93  0.000e+00
      11309     85.500     6.4854     6.4882     0.0029    3.47599    3.47626          1     6.0938     6.0350      29.31     0.2699     0.2355  1.000e-12  0.1793000    34.8995    34.8996     0.0001    27.4099    27.4095     84.688     84.899      0.646    1477.93    1477.94  0.000e+00
      11328     86.000     6.4265     6.4308     0.0043    3.46986    3.47024          1     6.0876     6.0315      28.82     0.2525     0.2023  1.000e-12  0.1796000    34.8911    34.8909    -0.0002    27.4111    27.4103     85.183     85.395      0.630    1477.70    1477.72  0.000e+00
      11348     86.500     6.3993     6.4018     0.0025    3.46720    3.46739          1     6.0836     6.0342      28.30     0.2260     0.1925  1.000e-12  0.1815000    34.8889    34.8884    -0.0005    27.4129    27.4122     85.678     85.891      0.606    1477.60    1477.61  0.000e+00
      11368     87.000     6.3634     6.3658     0.0024    3.46337    3.46361          1     6.0886     6.0270      27.80     0.2131     0.1985  1.000e-12  0.2035000    34.8826    34.8828     0.0002    27.4127    27.4125     86.173     86.386      0.594    1477.46    1477.47  0.000e+00
      11388     87.500     6.3305     6.3329     0.0025    3.46131    3.46134          1     6.0720     5.9980      27.31     0.1833     0.2453  1.000e-12  0.2183000    34.8930    34.8907    -0.0023    27.4253    27.4231     86.668     86.882      0.603    1477.35    1477.36  0.000e+00
      11407     88.000     6.3910     6.3933     0.0022    3.46820    3.46827          1     6.0496     5.9786      26.81     0.1641     0.2254  1.000e-12  0.2294000    34.9078    34.9063    -0.0016    27.4290    27.4274     87.164     87.378      0.633    1477.61    1477.62  0.000e+00
      11426     88.500     6.3857     6.3875     0.0018    3.46756    3.46765          1     6.0339     5.9767      26.34     0.1598     0.2298  1.000e-12  0.2432000    34.9058    34.9050    -0.0008    27.4281    27.4272     87.659     87.873      0.661    1477.60    1477.60  0.000e+00
      11444     89.000     6.3816     6.3835     0.0019    3.46733    3.46740          1     6.0185     5.9714      25.92     0.1386     0.2471  1.000e-12  0.2428000    34.9071    34.9061    -0.0010    27.4296    27.4286     88.154     88.369      0.665    1477.59    1477.60  0.000e+00
      11462     89.500     6.3706     6.3728     0.0022    3.46627    3.46640          1     6.0148     5.9660      25.48     0.1427     0.1836  1.000e-12  0.2457000    34.9064    34.9056    -0.0008    27.4305    27.4296     88.649     88.865      0.639    1477.56    1477.56  0.000e+00
      11481     90.000     6.3710     6.3723     0.0013    3.46647    3.46648          1     6.0148     5.9600      24.97     0.1583     0.2078  1.000e-12  0.2468000    34.9079    34.9067    -0.0013    27.4317    27.4305     89.144     89.360      0.600    1477.57    1477.57  0.000e+00
      11502     90.500     6.3763     6.3786     0.0023    3.46717    3.46726          1     6.0173     5.9482      24.46     0.1813     0.2381  1.000e-12  0.2404000    34.9101    34.9087    -0.0014    27.4327    27.4313     89.639     89.856      0.582    1477.60    1477.61  0.000e+00
      11523     91.000     6.3930     6.3958     0.0029    3.46921    3.46937          1     6.0095     5.9347      23.95     0.1490     0.2470  1.000e-12  0.2413000    34.9156    34.9144    -0.0012    27.4348    27.4335     90.134     90.352      0.598    1477.68    1477.69  0.000e+00
      11542     91.500     6.3954     6.3967     0.0013    3.46961    3.46962          1     5.9969     5.9260      23.46     0.1582     0.2211  1.000e-12  0.2467000    34.9172    34.9161    -0.0011    27.4358    27.4347     90.630     90.847      0.629    1477.70    1477.70  0.000e+00
      11561     92.000     6.3898     6.3937     0.0040    3.46912    3.46948          1     5.9955     5.9253      23.00     0.1633     0.2382  1.000e-12  0.2472000    34.9173    34.9173     0.0000    27.4366    27.4361     91.125     91.343      0.656    1477.69    1477.70  0.000e+00
      11579     92.500     6.3676     6.3745     0.0068    3.46675    3.46742          1     5.9918     5.9245      22.51     0.1688     0.2531  1.000e-12  0.2477000    34.9132    34.9137     0.0005    27.4363    27.4358     91.620     91.839      0.659    1477.60    1477.63  0.000e+00
      11597     93.000     6.3564     6.3594     0.0030    3.46563    3.46583          1     5.9827     5.9311      21.96     0.1385     0.2783  1.000e-12  0.2527000    34.9120    34.9111    -0.0008    27.4368    27.4357     92.115     92.334      0.638    1477.56    1477.57  0.000e+00
      11617     93.500     6.3471     6.3481     0.0010    3.46474    3.46474          1     5.9817     5.9408      21.40     0.1382     0.2342  1.000e-12  0.2536000    34.9113    34.9102    -0.0010    27.4375    27.4365     92.610     92.830      0.615    1477.53    1477.54  0.000e+00
      11636     94.000     6.3445     6.3459     0.0013    3.46462    3.46460          1     5.9871     5.9418      20.90     0.1382     0.2018  1.000e-12  0.2608000    34.9123    34.9107    -0.0016    27.4387    27.4372     93.105     93.326      0.612    1477.53    1477.54  0.000e+00
      11656     94.500     6.3517     6.3541     0.0024    3.46565    3.46583          1     5.9866     5.9329      20.41     0.1376     0.1812  1.000e-12  0.2713000    34.9163    34.9158    -0.0005    27.4408    27.4401     93.600     93.821      0.617    1477.58    1477.58  0.000e+00
      11675     95.000     6.3607     6.3629     0.0022    3.46692    3.46701          1     5.9763     5.9207      19.93     0.1262     0.2066  1.000e-12  0.2652000    34.9209    34.9197    -0.0012    27.4433    27.4420     94.096     94.317      0.608    1477.62    1477.63  0.000e+00
      11695     95.500     6.3655     6.3676     0.0021    3.46763    3.46772          1     5.9605     5.9147      19.44     0.1422     0.2402  1.000e-12  0.2603000    34.9237    34.9226    -0.0011    27.4449    27.4437     94.591     94.813      0.595    1477.66    1477.66  0.000e+00
      11715     96.000     6.3627     6.3640     0.0013    3.46741    3.46741          1     5.9547     5.9108      18.91     0.1267     0.2383  1.000e-12  0.2630000    34.9239    34.9226    -0.0013    27.4454    27.4442     95.086     95.308      0.600    1477.65    1477.66  0.000e+00
      11735     96.500     6.3531     6.3545     0.0014    3.46649    3.46651          1     5.9496     5.9051      18.44     0.1085     0.2307  1.000e-12  0.2675000    34.9232    34.9220    -0.0012    27.4461    27.4450     95.581     95.804      0.619    1477.62    1477.63  0.000e+00
      11754     97.000     6.3559     6.3565     0.0006    3.46723    3.46708          1     5.9350     5.8812      17.94     0.1061     0.2217  1.000e-12  0.2732000    34.9283    34.9261    -0.0022    27.4498    27.4480     96.076     96.300      0.637    1477.65    1477.65  0.000e+00
      11773     97.500     6.3709     6.3721     0.0012    3.46917    3.46914          1     5.9160     5.8514      17.45     0.1398     0.2103  1.000e-12  0.2684000    34.9345    34.9328    -0.0017    27.4526    27.4511     96.571     96.795      0.645    1477.72    1477.73  0.000e+00
      11791     98.000     6.3796     6.3817     0.0021    3.47039    3.47047          1     5.9017     5.8339      16.96     0.1369     0.2017  1.000e-12  0.2922000    34.9389    34.9377    -0.0013    27.4550    27.4537     97.066     97.291      0.638    1477.77    1477.78  0.000e+00
      11811     98.500     6.3938     6.3936    -0.0002    3.47231    3.47204          1     5.8930     5.8323      16.46     0.1260     0.1930  1.000e-12  0.3238000    34.9456    34.9428    -0.0028    27.4584    27.4562     97.561     97.787      0.615    1477.84    1477.84  0.000e+00
      11831     99.000     6.4136     6.4174     0.0038    3.47470    3.47494          1     5.8853     5.8293      15.92     0.1260     0.1925  1.000e-12  0.3588000    34.9518    34.9505    -0.0013    27.4607    27.4592     98.056     98.282      0.590    1477.94    1477.95  0.000e+00
      11851     99.500     6.4237     6.4260     0.0023    3.47586    3.47597          1     5.8770     5.8148      15.41     0.1371     0.1925  1.000e-12  0.4071000    34.9541    34.9530    -0.0011    27.4611    27.4600     98.552     98.778      0.590    1477.99    1478.00  0.000e+00
      11871    100.000     6.4261     6.4272     0.0011    3.47629    3.47624          1     5.8707     5.7995      14.94     0.1304     0.2299  1.000e-12  0.4325000    34.9562    34.9545    -0.0017    27.4625    27.4610     99.047     99.274      0.617    1478.01    1478.01  0.000e+00
      11890    100.500     6.4402     6.4420     0.0019    3.47803    3.47804          1     5.8642     5.8004      14.46     0.1298     0.2752  1.000e-12  0.4598000    34.9610    34.9592    -0.0018    27.4644    27.4627     99.542     99.769      0.634    1478.08    1478.08  0.000e+00
      11909    101.000     6.4445     6.4452     0.0007    3.47852    3.47844          1     5.8586     5.7981      13.98     0.1382     0.2480  1.000e-12  0.4930000    34.9618    34.9602    -0.0016    27.4645    27.4631    100.037    100.265      0.625    1478.11    1478.11  0.000e+00
      11929    101.500     6.4492     6.4509     0.0017    3.47908    3.47913          1     5.8525     5.7881      13.47     0.1480     0.2377  1.000e-12  0.5085000    34.9630    34.9618    -0.0011    27.4648    27.4636    100.532    100.761      0.595    1478.13    1478.14  0.000e+00
      11950    102.000     6.4499     6.4517     0.0018    3.47921    3.47926          1     5.8523     5.7829      12.96     0.1221     0.2219  1.000e-12  0.5392000    34.9634    34.9621    -0.0013    27.4650    27.4637    101.027    101.256      0.553    1478.14    1478.15  0.000e+00
      11972    102.500     6.4490     6.4511     0.0022    3.47915    3.47926          1     5.8536     5.7796      12.44     0.1149     0.1982  1.000e-12  0.5580000    34.9635    34.9625    -0.0010    27.4652    27.4641    101.522    101.752      0.511    1478.15    1478.16  0.000e+00
      11996    103.000     6.4451     6.4468     0.0017    3.47887    3.47893          1     5.8456     5.7775      11.93     0.1204     0.1937  1.000e-12  0.5668000    34.9641    34.9630    -0.0011    27.4662    27.4651    102.017    102.248      0.499    1478.14    1478.15  0.000e+00
      12020    103.500     6.4454     6.4470     0.0015    3.47896    3.47901          1     5.8333     5.7592      11.45     0.1261     0.2475  1.000e-12  0.5761000    34.9645    34.9634    -0.0011    27.4664    27.4654    102.513    102.743      0.514    1478.15    1478.16  0.000e+00
      12043    104.000     6.4482     6.4499     0.0017    3.47934    3.47939          1     5.8237     5.7401      10.97     0.1226     0.2483  1.000e-12  0.5966000    34.9656    34.9645    -0.0011    27.4670    27.4658    103.008    103.239      0.539    1478.17    1478.18  0.000e+00
      12065    104.500     6.4487     6.4502     0.0016    3.47949    3.47955          1     5.8131     5.7392      10.49     0.1143     0.2109  1.000e-12  0.6350000    34.9665    34.9656    -0.0009    27.4676    27.4667    103.503    103.734      0.535    1478.18    1478.19  0.000e+00
      12088    105.000     6.4473     6.4491     0.0017    3.47948    3.47955          1     5.8057     5.7322      10.00     0.1143     0.2259  1.000e-12  0.6576000    34.9675    34.9665    -0.0010    27.4686    27.4676    103.998    104.230      0.504    1478.19    1478.19  0.000e+00
      12113    105.500     6.4447     6.4472     0.0025    3.47931    3.47943          1     5.8019     5.7222       9.46     0.1157     0.2316  1.000e-12  0.6897000    34.9681    34.9669    -0.0012    27.4694    27.4681    104.493    104.726      0.465    1478.19    1478.20  0.000e+00
      12139    106.000     6.4428     6.4444     0.0016    3.47925    3.47932          1     5.7913     5.7204       8.95     0.1236     0.2253  1.000e-12  0.7253000    34.9691    34.9682    -0.0009    27.4704    27.4695    104.988    105.221      0.472    1478.19    1478.19  0.000e+00
      12164    106.500     6.4427     6.4445     0.0018    3.47929    3.47933          1     5.7758     5.7277       8.47     0.0935     0.2304  1.000e-12  0.7966000    34.9694    34.9680    -0.0014    27.4707    27.4694    105.483    105.717      0.496    1478.20    1478.20  0.000e+00
      12188    107.000     6.4428     6.4444     0.0016    3.47932    3.47937          1     5.7690     5.7314       8.00     0.1263     0.2582  1.000e-12  0.7901000    34.9694    34.9682    -0.0011    27.4707    27.4696    105.978    106.213      0.496    1478.21    1478.21  0.000e+00
      12213    107.500     6.4426     6.4442     0.0016    3.47941    3.47945          1     5.7636     5.7204       7.49     0.1035     0.2532  1.000e-12  0.7968000    34.9704    34.9691    -0.0013    27.4715    27.4703    106.473    106.708      0.473    1478.21    1478.22  0.000e+00
      12238    108.000     6.4423     6.4438     0.0016    3.47952    3.47960          1     5.7508     5.7039       6.97     0.1371     0.2191  1.000e-12  0.8626000    34.9716    34.9710    -0.0007    27.4725    27.4718    106.968    107.204      0.465    1478.22    1478.23  0.000e+00
      12264    108.500     6.4424     6.4440     0.0016    3.47955    3.47960          1     5.7503     5.7086       6.48     0.1144     0.2194  1.000e-12  0.9081000    34.9716    34.9706    -0.0010    27.4725    27.4715    107.463    107.700      0.483    1478.23    1478.24  0.000e+00
      12288    109.000     6.4424     6.4440     0.0016    3.47957    3.47962          1     5.7581     5.7117       5.99     0.0932     0.2296  1.000e-12  0.9196000    34.9716    34.9705    -0.0011    27.4725    27.4714    107.959    108.195      0.500    1478.24    1478.24  0.000e+00
      12312    109.500     6.4425     6.4440     0.0016    3.47969    3.47974          1     5.7524     5.7080       5.49     0.1233     0.2136  1.000e-12  0.9033000    34.9726    34.9715    -0.0011    27.4733    27.4722    108.454    108.691      0.501    1478.25    1478.25  0.000e+00
      12337    110.000     6.4425     6.4441     0.0016    3.47972    3.47977          1     5.7562     5.7008       4.97     0.1078     0.2083  1.000e-12  0.9566000    34.9726    34.9716    -0.0010    27.4733    27.4723    108.949    109.187      0.461    1478.26    1478.26  0.000e+00
      12364    110.500     6.4426     6.4441     0.0015    3.47974    3.47979          1     5.7549     5.7063       4.47     0.1456     0.2487  1.000e-12  0.9522000    34.9726    34.9716    -0.0009    27.4732    27.4723    109.444    109.682      0.423    1478.27    1478.27  0.000e+00
      12452    111.000     6.4427     6.4443     0.0016    3.47979    3.47984          1     5.7512     5.7036       3.77     0.1152     0.2466  1.000e-12  0.8747000    34.9727    34.9715    -0.0011    27.4733    27.4722    109.939    110.178     -0.029    1478.28    1478.28  0.000e+00
