ctdpy/tests/etc/all_smhi_bas_2018/SBE09_0827_20160119_1300_26_01_0105.cnv
* Sea-Bird SBE 9 Data File:
* FileName = D:\CTD_SBE911\DAT\26DA.2016.1.8.hex
* Software Version Seasave V 7.21d
* Temperature SN = 034757
* Conductivity SN = 043188
* Number of Bytes Per Scan = 48
* Number of Voltage Words = 5
* Number of Scans Averaged by the Deck Unit = 1
* NMEA Latitude = 57 57.68 N
* NMEA Longitude = 009 48.77 E
* NMEA UTC (Time) = Jan 19 2016  13:01:36
* NMEA baud rate = 4800
** Ship: DANA
** Average sound velocity: 1473.23 m/s
** True-depth calculation Wed, 24 May 2017 05:51:03 +0000
** CTD Python Module SMHI /ver 3-12/ feb 2012 
** LIMS Job: 20162601-0105
**  24 N Hirtshals
** Operator:  Christian
** Cruise: 01/2016
# nquan = 26
# nvalues = 202                         
# units = specified
# name 0 = scan: Scan Count
# name 1 = prDM: Pressure, Digiquartz [db]
# name 2 = t090C: Temperature [ITS-90, deg C]
# name 3 = t190C: Temperature, 2 [ITS-90, deg C]
# name 4 = T2-T190C: Temperature Difference, 2 - 1 [ITS-90, deg C]
# name 5 = c0S/m: Conductivity [S/m]
# name 6 = c1S/m: Conductivity, 2 [S/m]
# name 7 = pumps: Pump Status
# name 8 = sbeox1ML/L: Oxygen, SBE 43, 2 [ml/l]
# name 9 = sbeox0ML/L: Oxygen, SBE 43 [ml/l]
# name 10 = altM: Altimeter [m]
# name 11 = chloroflTC0: Chlorophyll, Turner Cyclops [ug/l]
# name 12 = cpar: CPAR/Corrected Irradiance [%]
# name 13 = par: PAR/Irradiance, Biospherical/Licor
# name 14 = spar: SPAR/Surface Irradiance
# name 15 = sal00: Salinity, Practical [PSU]
# name 16 = sal11: Salinity, Practical, 2 [PSU]
# name 17 = secS-priS: Salinity, Practical, Difference, 2 - 1 [PSU]
# name 18 = sigma-t00: Density [sigma-t, kg/m^3 ]
# name 19 = sigma-t11: Density, 2 [sigma-t, kg/m^3 ]
# name 20 = depSM: Depth [salt water, m], lat = 57.9613
# name 21 = depFM: Depth [true depth, m], lat = 57.9613
# name 22 = dz/dtM: Descent Rate [m/s], WS = 2
# name 23 = svCM: Sound Velocity [Chen-Millero, m/s]
# name 24 = svCM1: Sound Velocity, 2 [Chen-Millero, m/s]
# name 25 = flag: flag
# span 0 =         27,       9411       
# span 1 =      1.000,    101.500       
# span 2 =     3.8191,     7.5415       
# span 3 =     3.8140,     7.4174       
# span 4 =    -0.4792,     0.3491       
# span 5 =   2.984735,   3.531950       
# span 6 =   2.983848,   3.513031       
# span 7 =          1,          1       
# span 8 =     6.0536,     6.8952       
# span 9 =     5.9018,     6.7496       
# span 10 =       2.17,       9.91      
# span 11 =     0.0544,     0.1013      
# span 12 = 9.9999e+04, 9.9999e+04      
# span 13 = 2.8105e+01, 9.9990e+03      
# span 14 = 0.0000e+00, 0.0000e+00      
# span 15 =    31.9656,    34.5972      
# span 16 =    31.9557,    34.5933      
# span 17 =    -0.3481,     0.0506      
# span 18 =    25.3878,    27.1805      
# span 19 =    25.3798,    27.1771      
# span 20 =      0.991,    100.535      
# span 21 =      0.993,    100.693      
# span 22 =      0.029,      0.799      
# span 23 =    1461.99,    1480.64      
# span 24 =    1462.01,    1480.06      
# span 25 = 0.0000e+00, 0.0000e+00      
# interval = decibars: 0.5              
# start_time = Jan 19 2016 13:01:36 [NMEA time, first data scan]
# bad_flag = -9.990e-29
*END*
         27      1.000     3.8223     3.8322     0.0099    2.98474    2.98497          1     6.8196     6.7388       7.59     0.0734  1.000e+05  9.999e+03  0.000e+00    31.9669    31.9600    -0.0068    25.3910    25.3846      0.991      0.993      0.276    1461.99    1462.02  0.000e+00
         44      1.500     3.8275     3.8322     0.0047    2.98542    2.98487          1     6.8167     6.7367       9.90     0.0704  1.000e+05  9.999e+03  0.000e+00    31.9696    31.9585    -0.0111    25.3927    25.3834      1.486      1.490      0.695    1462.02    1462.03  0.000e+00
         59      2.000     3.8458     3.8472     0.0013    2.98662    2.98590          1     6.8263     6.7496       9.91     0.0749  1.000e+05  9.999e+03  0.000e+00    31.9657    31.9557    -0.0100    25.3878    25.3798      1.981      1.987      0.656    1462.10    1462.09  0.000e+00
        256      2.500     3.8338     3.8327    -0.0011    2.98579    2.98517          1     6.8722     6.7401       9.91     0.0802  1.000e+05  9.999e+03  0.000e+00    31.9673    31.9611    -0.0062    25.3903    25.3854      2.477      2.483      0.310    1462.06    1462.05  0.000e+00
        388      3.000     3.8316     3.8331     0.0015    2.98548    2.98525          1     6.8947     6.7416       9.91     0.0796  1.000e+05  9.999e+03  0.000e+00    31.9656    31.9614    -0.0042    25.3891    25.3856      2.972      2.980      0.288    1462.06    1462.06  0.000e+00
        417      3.500     3.8253     3.8240    -0.0013    2.98500    2.98449          1     6.8285     6.7385       9.91     0.0808  1.000e+05  9.977e+03  0.000e+00    31.9658    31.9611    -0.0047    25.3898    25.3862      3.468      3.477      0.427    1462.04    1462.03  0.000e+00
        468      4.000     3.8227     3.8178    -0.0049    2.98494    2.98416          1     6.8805     6.7407       9.91     0.0812  1.000e+05  7.934e+03  0.000e+00    31.9674    31.9629    -0.0044    25.3913    25.3883      3.963      3.973      0.291    1462.04    1462.01  0.000e+00
        528      4.500     3.8204     3.8166    -0.0039    2.98525    2.98414          1     6.8932     6.7411       9.91     0.0816  1.000e+05  8.599e+03  0.000e+00    31.9730    31.9636    -0.0094    25.3960    25.3889      4.458      4.470      0.329    1462.05    1462.02  0.000e+00
        590      5.000     3.8191     3.8140    -0.0051    2.98540    2.98385          1     6.7741     6.7370       9.91     0.0828  1.000e+05  4.755e+03  0.000e+00    31.9759    31.9625    -0.0134    25.3985    25.3883      4.954      4.967      0.449    1462.05    1462.01  0.000e+00
        607      5.500     3.8233     3.8152    -0.0081    2.98675    2.98417          1     6.7837     6.7472       9.91     0.0868  1.000e+05  3.926e+03  0.000e+00    31.9874    31.9648    -0.0226    25.4072    25.3900      5.449      5.463      0.717    1462.09    1462.03  0.000e+00
        623      6.000     3.8380     3.8327    -0.0052    2.99122    2.98708          1     6.8538     6.7371       9.91     0.1010  1.000e+05  4.429e+03  0.000e+00    32.0257    31.9819    -0.0438    25.4363    25.4020      5.944      5.960      0.619    1462.21    1462.13  0.000e+00
        697      6.500     3.8563     3.8708     0.0145    2.99703    2.99826          1     6.8952     6.7271       9.91     0.0870  1.000e+05  4.237e+03  0.000e+00    32.0761    32.0764     0.0003    25.4747    25.4735      6.440      6.457      0.420    1462.36    1462.42  0.000e+00
        750      7.000     3.9124     3.9289     0.0164    3.01332    3.01140          1     6.8936     6.7169       9.91     0.0848  1.000e+05  3.333e+03  0.000e+00    32.2132    32.1744    -0.0389    25.5783    25.5459      6.935      6.953      0.578    1462.78    1462.80  0.000e+00
        772      7.500     3.9442     3.9552     0.0110    3.01983    3.02057          1     6.8714     6.7076       9.91     0.0873  1.000e+05  2.588e+03  0.000e+00    32.2586    32.2564    -0.0021    25.6113    25.6085      7.430      7.450      0.453    1462.98    1463.03  0.000e+00
        833      8.000     3.9488     3.9664     0.0175    3.02115    3.02301          1     6.8245     6.7036       9.91     0.0890  1.000e+05  2.096e+03  0.000e+00    32.2693    32.2739     0.0046    25.6194    25.6213      7.926      7.946      0.266    1463.02    1463.10  0.000e+00
        879      8.500     3.9699     3.9794     0.0096    3.02558    3.02601          1     6.8130     6.7053       9.91     0.0893  1.000e+05  1.719e+03  0.000e+00    32.3006    32.2962    -0.0045    25.6423    25.6378      8.421      8.443      0.405    1463.16    1463.20  0.000e+00
        916      9.000     3.9729     3.9729    -0.0000    3.02605    3.02550          1     6.8427     6.6996       9.91     0.0877  1.000e+05  1.482e+03  0.000e+00    32.3028    32.2963    -0.0065    25.6437    25.6386      8.916      8.939      0.279    1463.19    1463.18  0.000e+00
        979      9.500     3.9736     3.9729    -0.0007    3.02649    3.02540          1     6.8051     6.6968       9.91     0.0890  1.000e+05  1.214e+03  0.000e+00    32.3071    32.2949    -0.0122    25.6470    25.6374      9.412      9.436      0.408    1463.20    1463.18  0.000e+00
       1000     10.000     3.9999     4.0043     0.0043    3.03100    3.02967          1     6.7909     6.6939       9.91     0.0848  1.000e+05  1.121e+03  0.000e+00    32.3341    32.3141    -0.0199    25.6659    25.6496      9.907      9.932      0.526    1463.35    1463.35  0.000e+00
       1042     10.500     4.0071     4.0005    -0.0067    3.03180    3.02976          1     6.8300     6.6802       9.91     0.0839  1.000e+05  9.510e+02  0.000e+00    32.3361    32.3186    -0.0175    25.6668    25.6536     10.402     10.429      0.319    1463.40    1463.35  0.000e+00
       1119     11.000     4.0134     3.9982    -0.0152    3.03310    3.02887          1     6.8310     6.6858       9.91     0.0847  1.000e+05  8.563e+02  0.000e+00    32.3450    32.3101    -0.0348    25.6733    25.6471     10.898     10.925      0.379    1463.44    1463.33  0.000e+00
       1147     11.500     4.0278     4.0230    -0.0048    3.03516    3.03319          1     6.8237     6.6815       9.91     0.0862  1.000e+05  7.247e+02  0.000e+00    32.3549    32.3364    -0.0185    25.6797    25.6655     11.393     11.422      0.364    1463.52    1463.48  0.000e+00
       1192     12.000     4.0351     4.0199    -0.0151    3.03640    3.03331          1     6.8219     6.6816       9.91     0.0841  1.000e+05  5.631e+02  0.000e+00    32.3620    32.3405    -0.0215    25.6847    25.6691     11.888     11.918      0.238    1463.57    1463.48  0.000e+00
       1234     12.500     4.0501     4.0477    -0.0025    3.03881    3.03682          1     6.8446     6.6770       9.91     0.0859  1.000e+05  5.322e+02  0.000e+00    32.3753    32.3542    -0.0211    25.6938    25.6773     12.384     12.415      0.374    1463.66    1463.62  0.000e+00
       1265     13.000     4.0504     4.0511     0.0007    3.03874    3.03806          1     6.8235     6.6767       9.90     0.0846  1.000e+05  4.312e+02  0.000e+00    32.3738    32.3652    -0.0086    25.6925    25.6856     12.879     12.911      0.326    1463.67    1463.66  0.000e+00
       1331     13.500     4.0512     4.0428    -0.0083    3.03966    3.03631          1     6.8288     6.6721       9.90     0.0872  1.000e+05  3.814e+02  0.000e+00    32.3837    32.3525    -0.0313    25.7004    25.6763     13.374     13.408      0.229    1463.69    1463.61  0.000e+00
       1383     14.000     4.0725     4.0708    -0.0017    3.04278    3.04082          1     6.8368     6.6716       9.90     0.0852  1.000e+05  3.257e+02  0.000e+00    32.3991    32.3777    -0.0214    25.7105    25.6937     13.870     13.904      0.361    1463.81    1463.77  0.000e+00
       1417     14.500     4.0723     4.0716    -0.0008    3.04277    3.04182          1     6.8100     6.6696       9.90     0.0872  1.000e+05  2.764e+02  0.000e+00    32.3988    32.3884    -0.0104    25.7103    25.7021     14.365     14.401      0.298    1463.82    1463.80  0.000e+00
       1469     15.000     4.0759     4.0717    -0.0042    3.04352    3.04196          1     6.8132     6.6717       9.90     0.0912  1.000e+05  2.451e+02  0.000e+00    32.4040    32.3897    -0.0143    25.7140    25.7031     14.861     14.897      0.227    1463.85    1463.81  0.000e+00
       1509     15.500     4.0784     4.0782    -0.0003    3.04401    3.04312          1     6.8259     6.6686       9.90     0.0891  1.000e+05  1.996e+02  0.000e+00    32.4070    32.3967    -0.0103    25.7162    25.7080     15.356     15.394      0.382    1463.87    1463.85  0.000e+00
       1539     16.000     4.0797     4.0785    -0.0012    3.04428    3.04329          1     6.8335     6.6647       9.90     0.0860  1.000e+05  1.921e+02  0.000e+00    32.4086    32.3982    -0.0104    25.7173    25.7092     15.851     15.890      0.358    1463.88    1463.86  0.000e+00
       1591     16.500     4.0807     4.0760    -0.0047    3.04445    3.04296          1     6.8343     6.6671       9.90     0.0836  1.000e+05  1.611e+02  0.000e+00    32.4093    32.3964    -0.0129    25.7178    25.7080     16.346     16.387      0.206    1463.89    1463.86  0.000e+00
       1655     17.000     4.0811     4.0787    -0.0024    3.04468    3.04350          1     6.8315     6.6651       9.90     0.0886  1.000e+05  1.402e+02  0.000e+00    32.4114    32.3998    -0.0116    25.7194    25.7104     16.842     16.883      0.244    1463.91    1463.88  0.000e+00
       1697     17.500     4.0928     4.0869    -0.0059    3.04707    3.04472          1     6.8696     6.6654       9.90     0.0948  1.000e+05  1.251e+02  0.000e+00    32.4277    32.4059    -0.0218    25.7312    25.7145     17.337     17.380      0.297    1463.99    1463.93  0.000e+00
       1738     18.000     4.1204     4.1087    -0.0116    3.05155    3.04817          1     6.8266     6.6618       9.90     0.0910  1.000e+05  1.080e+02  0.000e+00    32.4529    32.4247    -0.0282    25.7485    25.7272     17.832     17.876      0.293    1464.14    1464.06  0.000e+00
       1780     18.500     4.1426     4.1184    -0.0243    3.05509    3.05010          1     6.7990     6.6543       9.90     0.1013  1.000e+05  9.997e+01  0.000e+00    32.4722    32.4375    -0.0347    25.7616    25.7364     18.328     18.373      0.283    1464.27    1464.12  0.000e+00
       1820     19.000     4.1629     4.1404    -0.0225    3.05815    3.05313          1     6.8108     6.6504       9.90     0.0923  1.000e+05  9.473e+01  0.000e+00    32.4878    32.4512    -0.0366    25.7720    25.7451     18.823     18.869      0.319    1464.38    1464.24  0.000e+00
       1858     19.500     4.1901     4.1679    -0.0221    3.06204    3.05736          1     6.8030     6.6376       9.90     0.0907  1.000e+05  8.347e+01  0.000e+00    32.5065    32.4735    -0.0330    25.7841    25.7601     19.318     19.366      0.277    1464.53    1464.39  0.000e+00
       1914     20.000     4.2018     4.1730    -0.0288    3.06391    3.05865          1     6.8298     6.6345       9.90     0.0924  1.000e+05  7.485e+01  0.000e+00    32.5164    32.4832    -0.0332    25.7908    25.7673     19.814     19.862      0.216    1464.60    1464.43  0.000e+00
       1964     20.500     4.2344     4.1869    -0.0474    3.06946    3.06060          1     6.8194     6.6241       9.90     0.0899  1.000e+05  6.912e+01  0.000e+00    32.5492    32.4922    -0.0569    25.8135    25.7731     20.309     20.359      0.233    1464.78    1464.51  0.000e+00
       2039     21.000     4.2657     4.2345    -0.0312    3.07474    3.06728          1     6.7428     6.6227       9.90     0.0893  1.000e+05  6.691e+01  0.000e+00    32.5797    32.5232    -0.0565    25.8346    25.7929     20.804     20.855      0.352    1464.96    1464.76  0.000e+00
       2062     21.500     4.2977     4.2865    -0.0112    3.08054    3.07534          1     6.7854     6.6229       9.90     0.0890  1.000e+05  6.546e+01  0.000e+00    32.6157    32.5659    -0.0498    25.8600    25.8216     21.300     21.352      0.604    1465.15    1465.04  0.000e+00
       2080     22.000     4.3269     4.3152    -0.0116    3.08496    3.08070          1     6.7852     6.6078       9.90     0.0913  1.000e+05  6.026e+01  0.000e+00    32.6383    32.5999    -0.0384    25.8749    25.8457     21.795     21.848      0.582    1465.31    1465.21  0.000e+00
       2132     22.500     4.3552     4.3140    -0.0412    3.08921    3.08109          1     6.7619     6.5955       9.90     0.0930  1.000e+05  5.425e+01  0.000e+00    32.6598    32.6055    -0.0542    25.8891    25.8502     22.290     22.345      0.321    1465.46    1465.22  0.000e+00
       2210     23.000     4.3783     4.3456    -0.0326    3.09296    3.08567          1     6.7688     6.6032       9.90     0.0870  1.000e+05  5.262e+01  0.000e+00    32.6804    32.6275    -0.0530    25.9031    25.8644     22.786     22.841      0.400    1465.59    1465.39  0.000e+00
       2236     23.500     4.4022     4.3795    -0.0227    3.09711    3.09149          1     6.7801     6.5929       9.90     0.0880  1.000e+05  4.921e+01  0.000e+00    32.7049    32.6618    -0.0432    25.9201    25.8882     23.281     23.337      0.412    1465.73    1465.58  0.000e+00
       2272     24.000     4.4212     4.3765    -0.0447    3.10008    3.09193          1     6.7351     6.5813       9.90     0.0876  1.000e+05  4.597e+01  0.000e+00    32.7205    32.6696    -0.0509    25.9305    25.8947     23.776     23.834      0.275    1465.84    1465.58  0.000e+00
       2329     24.500     4.4269     4.4004    -0.0264    3.10108    3.09535          1     6.7366     6.5788       9.90     0.0829  1.000e+05  4.353e+01  0.000e+00    32.7263    32.6855    -0.0408    25.9345    25.9049     24.272     24.330      0.178    1465.88    1465.71  0.000e+00
       2391     25.000     4.4345     4.4209    -0.0137    3.10265    3.09899          1     6.7253     6.5753       9.90     0.0836  1.000e+05  4.131e+01  0.000e+00    32.7367    32.7076    -0.0291    25.9420    25.9203     24.767     24.827      0.310    1465.93    1465.83  0.000e+00
       2420     25.500     4.4436     4.4302    -0.0134    3.10377    3.10089          1     6.7109     6.5827       9.90     0.0878  1.000e+05  3.979e+01  0.000e+00    32.7405    32.7202    -0.0203    25.9440    25.9293     25.262     25.323      0.444    1465.98    1465.90  0.000e+00
       2447     26.000     4.4524     4.4384    -0.0140    3.10486    3.10194          1     6.7447     6.5758       9.90     0.0882  1.000e+05  3.820e+01  0.000e+00    32.7443    32.7242    -0.0201    25.9461    25.9316     25.758     25.819      0.383    1466.03    1465.94  0.000e+00
       2536     26.500     4.4618     4.4507    -0.0110    3.10599    3.10372          1     6.7444     6.5736       9.90     0.0832  1.000e+05  3.655e+01  0.000e+00    32.7479    32.7324    -0.0155    25.9480    25.9368     26.253     26.316      0.306    1466.08    1466.01  0.000e+00
       2575     27.000     4.4715     4.4634    -0.0081    3.10730    3.10510          1     6.7427     6.5695       9.90     0.0809  1.000e+05  3.556e+01  0.000e+00    32.7532    32.7357    -0.0175    25.9512    25.9381     26.748     26.812      0.574    1466.14    1466.08  0.000e+00
       2595     27.500     4.4804     4.4684    -0.0120    3.10849    3.10589          1     6.7452     6.5711       9.90     0.0846  1.000e+05  3.416e+01  0.000e+00    32.7581    32.7397    -0.0184    25.9541    25.9408     27.243     27.309      0.494    1466.19    1466.11  0.000e+00
       2667     28.000     4.4968     4.4811    -0.0158    3.11052    3.10741          1     6.6930     6.5680       9.90     0.0811  1.000e+05  3.310e+01  0.000e+00    32.7652    32.7446    -0.0206    25.9581    25.9433     27.739     27.805      0.351    1466.27    1466.18  0.000e+00
