ctdpy/tests/etc/all_smhi_bas_2018/SBE09_1044_20180203_2043_34_02_0055.cnv
* Sea-Bird SBE 9 Data File:
* FileName = C:\ctd\temp\2018\ME18D055.hex
* Software Version Seasave V 7.26.6.26
* Temperature SN = 5351
* Conductivity SN = 3941
* Number of Bytes Per Scan = 41
* Number of Voltage Words = 4
* Number of Scans Averaged by the Deck Unit = 1
* NMEA Latitude = 58 17.66 N
* NMEA Longitude = 010 50.67 E
* NMEA UTC (Time) = Feb 03 2018  20:43:58
* NMEA baud rate = 4800
** Station:  A15
** Operator:  SSip
** Ship: MERI
** Average sound velocity: 1477.21 m/s
** True-depth calculation Sat, 03 Feb 2018 21:30:54 +0000
** CTD Python Module SMHI /ver 3-12/ feb 2012 
** LIMS Job: 20183402-0055
** Cruise: SMHI-01-2018
** Latitude [GG MM.mm N] :
** Longitude [GG MM.mm E]:
# nquan = 26
# nvalues = 257                         
# units = specified
# name 0 = scan: Scan Count
# name 1 = prDM: Pressure, Digiquartz [db]
# name 2 = t090C: Temperature [ITS-90, deg C]
# name 3 = t190C: Temperature, 2 [ITS-90, deg C]
# name 4 = T2-T190C: Temperature Difference, 2 - 1 [ITS-90, deg C]
# name 5 = c0S/m: Conductivity [S/m]
# name 6 = c1S/m: Conductivity, 2 [S/m]
# name 7 = pumps: Pump Status
# name 8 = sbeox0ML/L: Oxygen, SBE 43 [ml/l]
# name 9 = sbeox1ML/L: Oxygen, SBE 43, 2 [ml/l]
# name 10 = altM: Altimeter [m]
# name 11 = flECO-AFL: Chl-a Fluorescence, WET Labs ECO-AFL/FL [mg/m^3]
# name 12 = flECO-AFL1: Phycocyanin Fluorescence, WET Labs ECO-AFL/FL, 2 [mg/m^3]
# name 13 = par: PAR/Irradiance, Biospherical/Lico [µE/(cm^2*s)]
# name 14 = turbWETntu0: Turbidity, WET Labs ECO [NTU]
# name 15 = sal00: Salinity, Practical [PSU]
# name 16 = sal11: Salinity, Practical, 2 [PSU]
# name 17 = secS-priS: Salinity, Practical, Difference, 2 - 1 [PSU]
# name 18 = sigma-t00: Density [sigma-t, Kg/m^3 ]
# name 19 = sigma-t11: Density, 2 [sigma-t, Kg/m^3 ]
# name 20 = depSM: Depth [salt water, m], lat = 58.2943
# name 21 = depFM: Depth [true depth, m], lat = 58.2943
# name 22 = dz/dtM: Descent Rate [m/s], WS = 2
# name 23 = svCM: Sound Velocity [Chen-Millero, m/s]
# name 24 = svCM1: Sound Velocity, 2 [Chen-Millero, m/s]
# name 25 = flag: flag
# span 0 =       5601,      11478       
# span 1 =      2.500,    130.500       
# span 2 =     3.1816,     7.7300       
# span 3 =     3.1822,     7.7355       
# span 4 =    -0.0500,     0.1843       
# span 5 =   2.576514,   3.570141       
# span 6 =   2.576683,   3.570246       
# span 7 =          1,          1       
# span 8 =    6.00506,    7.36721       
# span 9 =    6.00185,    7.39191       
# span 10 =       1.40,      99.37      
# span 11 =     0.1019,     0.9078      
# span 12 =     0.2734,     0.4737      
# span 13 = -1.607e-05, 7.1757e-02      
# span 14 =     0.2107,     2.7288      
# span 15 =    27.7261,    34.8793      
# span 16 =    27.7273,    34.8806      
# span 17 =    -0.0222,     0.4409      
# span 18 =    22.0704,    27.3789      
# span 19 =    22.0713,    27.3800      
# span 20 =      2.477,    129.247      
# span 21 =      2.491,    129.475      
# span 22 =     -0.087,      1.252      
# span 23 =    1453.80,    1481.70      
# span 24 =    1453.81,    1481.70      
# span 25 = 0.0000e+00, 0.0000e+00      
# interval = decibars: 0.5              
# start_time = Feb 03 2018 20:43:58 [NMEA time, first data scan]
# bad_flag = -9.990e-29
*END*
[from data line 56]
       6933     30.500     7.6645     7.6696     0.0051    3.54824    3.54916          1     6.0541     6.0654      98.66     0.1371     0.3100  1.000e-12  0.2251000    34.5328    34.5377     0.0049    26.9564    26.9595     30.214     30.322      0.334    1481.12    1481.15  0.000e+00
       6969     31.000     7.7300     7.7355     0.0054    3.55868    3.55965          1     6.0227     6.0412      98.66     0.1255     0.3439  1.000e-12  0.2131000    34.5804    34.5854     0.0051    26.9842    26.9874     30.710     30.817      0.398    1481.44    1481.47  0.000e+00
       6994     31.500     7.7189     7.7151    -0.0037    3.55957    3.55925          1     6.0205     6.0158      98.67     0.1260     0.2944  1.000e-12  0.2123000    34.6008    34.6012     0.0003    27.0019    27.0027     31.205     31.313      0.571    1481.43    1481.42  0.000e+00
       7013     32.000     7.6757     7.6783     0.0026    3.55597    3.55627          1     6.0282     6.0207      98.67     0.1260     0.2734  1.000e-12  0.2337000    34.6046    34.6053     0.0007    27.0112    27.0114     31.700     31.809      0.652    1481.28    1481.29  0.000e+00
       7031     32.500     7.6466     7.6478     0.0012    3.55389    3.55429          1     6.0315     6.0272      98.67     0.1340     0.3281  1.000e-12  0.2970000    34.6109    34.6139     0.0031    27.0204    27.0226     32.196     32.305      0.647    1481.19    1481.20  0.000e+00
       7050     33.000     7.6515     7.6505    -0.0010    3.55511    3.55523          1     6.0368     6.0382      98.66     0.1382     0.3510  1.000e-12  0.2981000    34.6189    34.6213     0.0024    27.0260    27.0280     32.691     32.801      0.596    1481.23    1481.22  0.000e+00
       7072     33.500     7.6427     7.6416    -0.0012    3.55468    3.55474          1     6.0619     6.0589      98.67     0.1387     0.3696  1.000e-12  0.2514000    34.6228    34.6245     0.0017    27.0303    27.0318     33.186     33.297      0.512    1481.20    1481.20  0.000e+00
       7100     34.000     7.6321     7.6319    -0.0001    3.55407    3.55420          1     6.0742     6.0636      98.67     0.1506     0.3560  1.000e-12  0.2596000    34.6265    34.6281     0.0015    27.0348    27.0360     33.681     33.793      0.354    1481.18    1481.18  0.000e+00
       7140     34.500     7.6131     7.6086    -0.0044    3.55293    3.55287          1     6.0695     6.0511      98.67     0.1458     0.3418  1.000e-12  0.2332000    34.6328    34.6366     0.0038    27.0425    27.0461     34.177     34.289      0.375    1481.12    1481.11  0.000e+00
       7163     35.000     7.5944     7.5940    -0.0003    3.55204    3.55224          1     6.0621     6.0677      98.66     0.1380     0.3328  1.000e-12  0.2439000    34.6416    34.6441     0.0025    27.0521    27.0541     34.672     34.784      0.636    1481.07    1481.07  0.000e+00
       7180     35.500     7.5968     7.5967    -0.0001    3.55252    3.55263          1     6.0684     6.0728      98.67     0.1408     0.3406  1.000e-12  0.2356000    34.6441    34.6454     0.0013    27.0537    27.0548     35.167     35.280      0.798    1481.09    1481.09  0.000e+00
       7193     36.000     7.6026     7.6018    -0.0007    3.55402    3.55406          1     6.0701     6.0656      98.67     0.1449     0.3476  1.000e-12  0.2219000    34.6544    34.6555     0.0011    27.0610    27.0620     35.662     35.776      0.902    1481.13    1481.13  0.000e+00
       7206     36.500     7.6104     7.6113     0.0009    3.55624    3.55642          1     6.0701     6.0594      98.67     0.1410     0.3457  1.000e-12  0.2327000    34.6703    34.6714     0.0011    27.0724    27.0731     36.158     36.272      0.952    1481.19    1481.19  0.000e+00
       7218     37.000     7.6197     7.6195    -0.0003    3.55937    3.55940          1     6.0682     6.0556      98.67     0.1443     0.3415  1.000e-12  0.2486000    34.6948    34.6953     0.0005    27.0903    27.0907     36.653     36.768      0.951    1481.26    1481.26  0.000e+00
       7231     37.500     7.6229     7.6217    -0.0012    3.56015    3.56015          1     6.0660     6.0495      98.66     0.1382     0.3373  1.000e-12  0.2550000    34.6998    34.7011     0.0012    27.0938    27.0949     37.148     37.264      0.876    1481.29    1481.29  0.000e+00
       7246     38.000     7.6247     7.6209    -0.0038    3.56077    3.56035          1     6.0568     6.0401      98.66     0.1264     0.3321  1.000e-12  0.2656000    34.7045    34.7038    -0.0008    27.0972    27.0972     37.643     37.759      0.685    1481.31    1481.29  0.000e+00
       7280     38.500     7.6249     7.6238    -0.0011    3.56088    3.56100          1     6.0429     6.0441      98.67     0.1371     0.3199  1.000e-12  0.2518000    34.7052    34.7076     0.0024    27.0977    27.0998     38.139     38.255      0.353    1481.32    1481.32  0.000e+00
       7328     39.000     7.6304     7.6297    -0.0007    3.56178    3.56189          1     6.0259     6.0467      98.67     0.1376     0.3346  1.000e-12  0.2112000    34.7092    34.7112     0.0020    27.1001    27.1017     38.634     38.751      0.651    1481.35    1481.35  0.000e+00
       7341     39.500     7.6341     7.6341     0.0000    3.56241    3.56259          1     6.0196     6.0392      98.67     0.1256     0.3346  1.000e-12  0.2206000    34.7122    34.7141     0.0019    27.1018    27.1034     39.129     39.247      1.012    1481.38    1481.38  0.000e+00
       7351     40.000     7.6390     7.6390    -0.0001    3.56311    3.56324          1     6.0246     6.0348      98.67     0.1260     0.3287  1.000e-12  0.2225000    34.7145    34.7161     0.0015    27.1030    27.1042     39.624     39.743      1.188    1481.41    1481.41  0.000e+00
       7360     40.500     7.6385     7.6386     0.0001    3.56319    3.56329          1     6.0326     6.0345      98.18     0.1193     0.3424  1.000e-12  0.2544000    34.7157    34.7167     0.0011    27.1040    27.1048     40.120     40.239      1.252    1481.42    1481.42  0.000e+00
       7369     41.000     7.6338     7.6340     0.0002    3.56333    3.56341          1     6.0363     6.0316      97.18     0.1138     0.3645  1.000e-12  0.2827000    34.7217    34.7223     0.0006    27.1094    27.1098     40.615     40.734      1.218    1481.41    1481.42  0.000e+00
       7379     41.500     7.6337     7.6332    -0.0005    3.56363    3.56382          1     6.0335     6.0282      97.99     0.1138     0.3580  1.000e-12  0.2839000    34.7248    34.7274     0.0025    27.1119    27.1139     41.110     41.230      1.062    1481.43    1481.43  0.000e+00
       7392     42.000     7.6324     7.6320    -0.0005    3.56435    3.56454          1     6.0299     6.0206      98.63     0.1138     0.3853  1.000e-12  0.2606000    34.7336    34.7362     0.0025    27.1190    27.1210     41.606     41.726      0.722    1481.44    1481.44  0.000e+00
       7459     42.500     7.6308     7.6299    -0.0008    3.56386    3.56412          1     6.0403     6.0299      98.66     0.1319     0.3323  1.000e-12  0.2339000    34.7298    34.7334     0.0036    27.1161    27.1191     42.101     42.222      0.414    1481.44    1481.44  0.000e+00
       7486     43.000     7.6310     7.6303    -0.0008    3.56473    3.56477          1     6.0350     6.0340      98.67     0.1385     0.3180  1.000e-12  0.2285000    34.7387    34.7398     0.0011    27.1231    27.1241     42.596     42.718      0.866    1481.46    1481.46  0.000e+00
       7498     43.500     7.6304     7.6305     0.0001    3.56471    3.56486          1     6.0375     6.0387      93.57     0.1428     0.3563  1.000e-12  0.2470000    34.7388    34.7403     0.0015    27.1233    27.1245     43.091     43.214      1.054    1481.46    1481.47  0.000e+00
       7508     44.000     7.6297     7.6293    -0.0003    3.56463    3.56478          1     6.0392     6.0396      95.18     0.1393     0.3608  1.000e-12  0.2468000    34.7385    34.7404     0.0019    27.1232    27.1247     43.587     43.709      1.127    1481.47    1481.47  0.000e+00
       7518     44.500     7.6280     7.6280    -0.0000    3.56486    3.56501          1     6.0377     6.0458      98.67     0.1382     0.3477  1.000e-12  0.2588000    34.7423    34.7439     0.0016    27.1264    27.1277     44.082     44.205      1.100    1481.48    1481.48  0.000e+00
       7529     45.000     7.6296     7.6295    -0.0000    3.56517    3.56533          1     6.0301     6.0486      98.66     0.1382     0.3297  1.000e-12  0.2593000    34.7439    34.7457     0.0018    27.1275    27.1288     44.577     44.701      0.970    1481.49    1481.49  0.000e+00
       7543     45.500     7.6301     7.6301    -0.0001    3.56541    3.56553          1     6.0263     6.0404      98.66     0.1375     0.3461  1.000e-12  0.2630000    34.7457    34.7471     0.0013    27.1288    27.1299     45.072     45.197      0.710    1481.51    1481.51  0.000e+00
       7578     46.000     7.6307     7.6297    -0.0010    3.56559    3.56546          1     6.0311     6.0280      98.66     0.1419     0.3475  1.000e-12  0.2446000    34.7468    34.7464    -0.0004    27.1296    27.1294     45.568     45.693      0.313    1481.52    1481.51  0.000e+00
       7633     46.500     7.6317     7.6313    -0.0004    3.56580    3.56587          1     6.0338     6.0174      98.66     0.1378     0.3587  1.000e-12  0.2329000    34.7478    34.7489     0.0011    27.1302    27.1312     46.063     46.189      0.512    1481.53    1481.53  0.000e+00
       7647     47.000     7.6320     7.6316    -0.0004    3.56589    3.56600          1     6.0330     6.0229      98.66     0.1528     0.3737  1.000e-12  0.2340000    34.7483    34.7499     0.0017    27.1305    27.1319     46.558     46.684      0.826    1481.54    1481.54  0.000e+00
       7660     47.500     7.6343     7.6330    -0.0012    3.56634    3.56629          1     6.0263     6.0238      98.63     0.1503     0.3475  1.000e-12  0.2365000    34.7506    34.7513     0.0007    27.1320    27.1328     47.053     47.180      0.956    1481.56    1481.56  0.000e+00
       7672     48.000     7.6412     7.6374    -0.0037    3.56745    3.56702          1     6.0187     6.0215      98.63     0.1019     0.3526  1.000e-12  0.3065000    34.7555    34.7546    -0.0009    27.1349    27.1347     47.549     47.676      0.969    1481.60    1481.59  0.000e+00
       7684     48.500     7.6466     7.6484     0.0017    3.56823    3.56868          1     6.0136     6.0221      98.65     0.1033     0.3820  1.000e-12  0.3025000    34.7582    34.7615     0.0032    27.1363    27.1385     48.044     48.172      0.869    1481.63    1481.64  0.000e+00
       7700     49.000     7.6457     7.6427    -0.0030    3.56811    3.56791          1     6.0170     6.0270      98.66     0.1363     0.3460  1.000e-12  0.2393000    34.7577    34.7585     0.0008    27.1359    27.1370     48.539     48.668      0.653    1481.64    1481.63  0.000e+00
       7729     49.500     7.6426     7.6418    -0.0008    3.56777    3.56785          1     6.0246     6.0273      91.09     0.1382     0.3466  1.000e-12  0.2456000    34.7569    34.7584     0.0015    27.1358    27.1371     49.034     49.163      0.341    1481.63    1481.63  0.000e+00
       7772     50.000     7.6436     7.6444     0.0008    3.56827    3.56859          1     6.0377     6.0305      99.37     0.1457     0.3915  1.000e-12  0.2327000    34.7609    34.7637     0.0027    27.1388    27.1408     49.529     49.659      0.407    1481.65    1481.66  0.000e+00
       7792     50.500     7.6463     7.6452    -0.0011    3.56899    3.56888          1     6.0207     6.0312      95.60     0.1459     0.3485  1.000e-12  0.2437000    34.7658    34.7658    -0.0001    27.1423    27.1424     50.025     50.155      0.718    1481.67    1481.67  0.000e+00
       7807     51.000     7.6458     7.6451    -0.0006    3.57014    3.57025          1     6.0128     6.0264      85.02     0.1380     0.3320  1.000e-12  0.2660000    34.7786    34.7804     0.0018    27.1524    27.1539     50.520     50.651      0.845    1481.70    1481.70  0.000e+00
       7820     51.500     7.6407     7.6399    -0.0007    3.57005    3.57016          1     6.0136     6.0214      84.97     0.1296     0.3186  1.000e-12  0.2514000    34.7825    34.7844     0.0019    27.1562    27.1578     51.015     51.147      0.860    1481.69    1481.69  0.000e+00
       7834     52.000     7.6370     7.6369    -0.0001    3.56991    3.57002          1     6.0210     6.0205      87.29     0.1253     0.3700  1.000e-12  0.2464000    34.7843    34.7857     0.0014    27.1582    27.1592     51.510     51.642      0.768    1481.69    1481.69  0.000e+00
       7852     52.500     7.6301     7.6306     0.0006    3.56947    3.56966          1     6.0276     6.0207      98.32     0.1260     0.3925  1.000e-12  0.2477000    34.7863    34.7878     0.0015    27.1607    27.1618     52.006     52.138      0.578    1481.67    1481.67  0.000e+00
       7880     53.000     7.6200     7.6191    -0.0009    3.56882    3.56891          1     6.0131     6.0141      91.85     0.1395     0.3413  1.000e-12  0.2609000    34.7891    34.7910     0.0019    27.1644    27.1660     52.501     52.634      0.382    1481.65    1481.64  0.000e+00
       7912     53.500     7.6154     7.6150    -0.0005    3.56854    3.56866          1     6.0188     6.0178      90.64     0.1508     0.3183  1.000e-12  0.2510000    34.7904    34.7922     0.0018    27.1661    27.1676     52.996     53.130      0.461    1481.64    1481.64  0.000e+00
       7934     54.000     7.6071     7.6065    -0.0007    3.56805    3.56816          1     6.0326     6.0196      95.04     0.1379     0.3139  1.000e-12  0.2409000    34.7931    34.7950     0.0018    27.1695    27.1710     53.491     53.626      0.633    1481.62    1481.62  0.000e+00
       7951     54.500     7.6011     7.6007    -0.0004    3.56778    3.56792          1     6.0350     6.0144      81.22     0.1279     0.3484  1.000e-12  0.2399000    34.7960    34.7979     0.0019    27.1726    27.1742     53.987     54.121      0.732    1481.61    1481.61  0.000e+00
       7967     55.000     7.5912     7.5887    -0.0024    3.56732    3.56732          1     6.0244     6.0027      97.80     0.1205     0.3283  1.000e-12  0.2449000    34.8007    34.8031     0.0025    27.1777    27.1800     54.482     54.617      0.756    1481.58    1481.57  0.000e+00
       7983     55.500     7.5693     7.5701     0.0008    3.56598    3.56620          1     6.0164     6.0019      98.65     0.1019     0.3170  1.000e-12  0.2645000    34.8078    34.8094     0.0015    27.1865    27.1876     54.977     55.113      0.731    1481.51    1481.52  0.000e+00
       8000     56.000     7.5575     7.5518    -0.0056    3.56511    3.56484          1     6.0098     6.0045      98.67     0.1255     0.3157  1.000e-12  0.2686000    34.8100    34.8128     0.0028    27.1899    27.1930     55.472     55.609      0.679    1481.48    1481.46  0.000e+00
       8018     56.500     7.5344     7.5391     0.0047    3.56335    3.56389          1     6.0051     6.0151      87.41     0.1390     0.3147  1.000e-12  0.2855000    34.8137    34.8149     0.0012    27.1962    27.1964     55.967     56.105      0.582    1481.41    1481.42  0.000e+00
       8045     57.000     7.5382     7.5399     0.0017    3.56368    3.56400          1     6.0179     6.0271      94.25     0.1399     0.3232  1.000e-12  0.2933000    34.8133    34.8150     0.0017    27.1953    27.1964     56.463     56.600      0.370    1481.43    1481.44  0.000e+00
       8087     57.500     7.5358     7.5277    -0.0081    3.56356    3.56299          1     6.0323     6.0292      85.52     0.1273     0.3197  1.000e-12  0.2804000    34.8141    34.8160     0.0019    27.1963    27.1990     56.958     57.096      0.365    1481.43    1481.40  0.000e+00
