ctdpy/tests/etc/all_smhi_bas_2018/SBE09_1044_20180128_1002_34_02_0024.cnv
* Sea-Bird SBE 9 Data File:
* FileName = C:\ctd\temp\2018\ME18D024.hex
* Software Version Seasave V 7.26.6.26
* Temperature SN = 5351
* Conductivity SN = 3941
* Number of Bytes Per Scan = 41
* Number of Voltage Words = 4
* Number of Scans Averaged by the Deck Unit = 1
* NMEA Latitude = 56 38.03 N
* NMEA Longitude = 019 35.12 E
* NMEA UTC (Time) = Jan 28 2018  10:03:02
* NMEA baud rate = 4800
** Station:  BY10
** Operator:  JKro
** Ship: MERI
** Average sound velocity: 1441.26 m/s
** True-depth calculation Sun, 28 Jan 2018 11:14:44 +0000
** CTD Python Module SMHI /ver 3-12/ feb 2012 
** LIMS Job: 20183402-0024
** Cruise: SMHI-01-2018
** Latitude [GG MM.mm N] :
** Longitude [GG MM.mm E]:
# nquan = 26
# nvalues = 269                         
# units = specified
# name 0 = scan: Scan Count
# name 1 = prDM: Pressure, Digiquartz [db]
# name 2 = t090C: Temperature [ITS-90, deg C]
# name 3 = t190C: Temperature, 2 [ITS-90, deg C]
# name 4 = T2-T190C: Temperature Difference, 2 - 1 [ITS-90, deg C]
# name 5 = c0S/m: Conductivity [S/m]
# name 6 = c1S/m: Conductivity, 2 [S/m]
# name 7 = pumps: Pump Status
# name 8 = sbeox0ML/L: Oxygen, SBE 43 [ml/l]
# name 9 = sbeox1ML/L: Oxygen, SBE 43, 2 [ml/l]
# name 10 = altM: Altimeter [m]
# name 11 = flECO-AFL: Chl-a Fluorescence, WET Labs ECO-AFL/FL [mg/m^3]
# name 12 = flECO-AFL1: Phycocyanin Fluorescence, WET Labs ECO-AFL/FL, 2 [mg/m^3]
# name 13 = par: PAR/Irradiance, Biospherical/Lico [µE/(cm^2*s)]
# name 14 = turbWETntu0: Turbidity, WET Labs ECO [NTU]
# name 15 = sal00: Salinity, Practical [PSU]
# name 16 = sal11: Salinity, Practical, 2 [PSU]
# name 17 = secS-priS: Salinity, Practical, Difference, 2 - 1 [PSU]
# name 18 = sigma-t00: Density [sigma-t, Kg/m^3 ]
# name 19 = sigma-t11: Density, 2 [sigma-t, Kg/m^3 ]
# name 20 = depSM: Depth [salt water, m], lat = 56.6338
# name 21 = depFM: Depth [true depth, m], lat = 56.6338
# name 22 = dz/dtM: Descent Rate [m/s], WS = 2
# name 23 = svCM: Sound Velocity [Chen-Millero, m/s]
# name 24 = svCM1: Sound Velocity, 2 [Chen-Millero, m/s]
# name 25 = flag: flag
# span 0 =      17026,      26328       
# span 1 =      2.000,    136.000       
# span 2 =     4.5697,     6.7868       
# span 3 =     4.5705,     6.7848       
# span 4 =    -0.0424,     0.0196       
# span 5 =   0.792083,   1.398240       
# span 6 =   0.792049,   1.397644       
# span 7 =          1,          1       
# span 8 =    0.01204,    8.12241       
# span 9 =    0.04915,    8.10123       
# span 10 =       1.90,      99.02      
# span 11 =     0.2490,     0.5016      
# span 12 =     0.2451,     0.3900      
# span 13 = -4.650e-05, 1.5595e+02      
# span 14 =     0.0953,     0.3331      
# span 15 =     7.3926,    12.7513      
# span 16 =     7.3921,    12.7462      
# span 17 =    -0.1093,     0.0406      
# span 18 =     5.8594,     9.9608      
# span 19 =     5.8588,     9.9570      
# span 20 =      1.982,    134.711      
# span 21 =      2.025,    137.500      
# span 22 =     -0.044,      1.482      
# span 23 =    1433.87,    1452.25      
# span 24 =    1433.87,    1452.23      
# span 25 = 0.0000e+00, 0.0000e+00      
# interval = decibars: 0.5              
# start_time = Jan 28 2018 10:03:02 [NMEA time, first data scan]
# bad_flag = -9.990e-29
*END*
[from data line 112]
      21110     58.000     4.5769     4.5776     0.0007    0.79305    0.79303          1     8.0779     8.0492      98.69     0.4447     0.3143  1.000e-12  0.1299000     7.3941     7.3937    -0.0004     5.8614     5.8611     57.461     58.731      0.725    1434.74    1434.74  0.000e+00
      21148     58.500     4.5767     4.5777     0.0010    0.79305    0.79303          1     8.0777     8.0497      92.24     0.4553     0.3072  2.125e-06  0.1236000     7.3941     7.3937    -0.0004     5.8614     5.8611     57.956     59.237      0.520    1434.74    1434.75  0.000e+00
      21232     59.000     4.5770     4.5778     0.0008    0.79307    0.79304          1     8.0769     8.0502      98.83     0.4556     0.3203 -4.277e-08  0.1237000     7.3942     7.3937    -0.0005     5.8615     5.8611     58.452     59.744      1.057    1434.75    1434.76  0.000e+00
      21241     59.500     4.5768     4.5776     0.0008    0.79306    0.79304          1     8.0753     8.0570      98.69     0.4556     0.3203  1.000e-12  0.1222000     7.3941     7.3937    -0.0004     5.8614     5.8610     58.947     60.250      1.150    1434.76    1434.76  0.000e+00
      21250     60.000     4.5769     4.5776     0.0007    0.79307    0.79304          1     8.0781     8.0613      98.70     0.4325     0.3189  1.000e-12  0.1186000     7.3941     7.3936    -0.0005     5.8614     5.8610     59.442     60.756      1.108    1434.77    1434.77  0.000e+00
      21262     60.500     4.5767     4.5773     0.0006    0.79307    0.79304          1     8.0783     8.0652      98.70     0.4321     0.3188  1.000e-12  0.1186000     7.3941     7.3936    -0.0005     5.8614     5.8610     59.937     61.262      0.877    1434.78    1434.78  0.000e+00
      21321     61.000     4.5766     4.5774     0.0008    0.79307    0.79304          1     8.0819     8.0540      98.69     0.4644     0.3582  1.000e-12  0.1248000     7.3940     7.3936    -0.0005     5.8613     5.8610     60.433     61.769      0.589    1434.78    1434.79  0.000e+00
      21398     61.500     4.5773     4.5776     0.0004    0.79312    0.79306          1     8.0818     8.0425      98.69     0.4735     0.3524  1.000e-12  0.1211000     7.3943     7.3936    -0.0007     5.8615     5.8610     60.928     62.275      0.906    1434.79    1434.80  0.000e+00
      21411     62.000     4.5793     4.5795     0.0002    0.79326    0.79321          1     8.0860     8.0460      98.69     0.4799     0.3197  1.000e-12  0.1245000     7.3952     7.3946    -0.0005     5.8621     5.8617     61.423     62.781      0.814    1434.81    1434.81  0.000e+00
      21429     62.500     4.5798     4.5800     0.0001    0.79330    0.79324          1     8.0881     8.0456      95.34     0.4722     0.3387  1.000e-12  0.1117000     7.3954     7.3948    -0.0006     5.8623     5.8618     61.919     63.288      0.567    1434.82    1434.82  0.000e+00
      21495     63.000     4.5779     4.5789     0.0010    0.79319    0.79317          1     8.0820     8.0529      85.26     0.4836     0.3257  1.000e-12  0.1135000     7.3947     7.3943    -0.0004     5.8618     5.8615     62.414     63.794      0.267    1434.82    1434.83  0.000e+00
      21559     63.500     4.5784     4.5796     0.0011    0.79323    0.79322          1     8.0740     8.0562      96.83     0.4839     0.3442  1.000e-12  0.1191000     7.3949     7.3946    -0.0003     5.8620     5.8617     62.909     64.300      0.444    1434.83    1434.84  0.000e+00
      21582     64.000     4.5796     4.5792    -0.0004    0.79333    0.79320          1     8.0818     8.0435      87.12     0.4801     0.3557  1.000e-12  0.1242000     7.3956     7.3943    -0.0013     5.8625     5.8615     63.404     64.807      0.499    1434.85    1434.84  0.000e+00
      21607     64.500     4.5880     4.5834    -0.0045    0.79404    0.79356          1     8.0738     8.0245      98.60     0.4720     0.3748  1.000e-12  0.1275000     7.4007     7.3970    -0.0037     5.8662     5.8635     63.900     65.313      0.445    1434.90    1434.87  0.000e+00
      21636     65.000     4.5889     4.5895     0.0006    0.79416    0.79410          1     8.0661     8.0236      86.82     0.4592     0.3627  1.000e-12  0.1303000     7.4017     7.4010    -0.0007     5.8670     5.8664     64.395     65.819      0.393    1434.91    1434.91  0.000e+00
      21668     65.500     4.5887     4.5897     0.0010    0.79420    0.79420          1     8.0533     8.0255      97.86     0.4533     0.3323  1.000e-12  0.1247000     7.4020     7.4018    -0.0002     5.8673     5.8671     64.890     66.325      0.345    1434.92    1434.92  0.000e+00
      21707     66.000     4.5912     4.5917     0.0005    0.79434    0.79431          1     8.0385     8.0074      98.68     0.4443     0.3165  1.000e-12  0.1241000     7.4028     7.4024    -0.0004     5.8678     5.8675     65.385     66.832      0.255    1434.94    1434.94  0.000e+00
      21786     66.500     4.6720     4.6709    -0.0009    0.81946    0.81566          1     6.6027     6.8430      84.04     0.5001     0.3423  1.000e-12  0.1222000     7.6356     7.5978    -0.0378     6.0493     6.0195     65.881     67.338      0.345    1435.60    1435.55  0.000e+00
      21812     67.000     5.2771     5.2488    -0.0286    0.96760    0.96401          1     3.3123     4.1110      92.32     0.4277     0.3110  1.000e-12  0.1196000     8.9659     8.9375    -0.0284     7.0767     7.0556     66.376     67.844      0.643    1439.96    1439.80  0.000e+00
      21828     67.500     5.4490     5.4483    -0.0008    0.99554    0.99519          1     1.2170     2.3584      77.54     0.3734     0.2840  1.000e-12  0.1187000     9.1984     9.1952    -0.0033     7.2520     7.2495     66.871     68.350      0.745    1441.01    1441.01  0.000e+00
      21843     68.000     5.4765     5.4750    -0.0015    1.00144    1.00115          1     0.2395     1.5003      98.55     0.2852     0.2784  1.000e-12  0.1182000     9.2496     9.2471    -0.0025     7.2910     7.2891     67.366     68.855      0.708    1441.20    1441.19  0.000e+00
      21863     68.500     5.5035     5.5025    -0.0010    1.00837    1.00796          1     0.1113     1.2084      98.69     0.2755     0.2830  1.000e-12  0.1183000     9.3110     9.3072    -0.0038     7.3381     7.3351     67.862     69.361      0.490    1441.41    1441.40  0.000e+00
      21963     69.000     5.4523     5.4363    -0.0175    0.99930    0.99570          1     2.6448     2.2374      92.06     0.3505     0.3335  1.000e-12  0.1079000     9.2347     9.2032    -0.0314     7.2804     7.2564     68.357     69.866      0.574    1441.09    1440.99  0.000e+00
      21994     69.500     5.4504     5.4533     0.0024    1.00595    1.00587          1     1.9967     1.9688      98.76     0.3705     0.3307  1.000e-12  0.1015000     9.3014     9.2998    -0.0016     7.3332     7.3318     68.852     70.372      0.907    1441.18    1441.19  0.000e+00
      22006     70.000     5.5183     5.5176    -0.0007    1.02764    1.02730          1     1.2341     1.5911      98.69     0.3564     0.3025  1.000e-12  0.1000000     9.4986     9.4954    -0.0032     7.4853     7.4828     69.348     70.877      0.958    1441.73    1441.72  0.000e+00
      22018     70.500     5.5755     5.5725    -0.0029    1.03752    1.03715          1     0.7809     1.3236      96.41     0.2862     0.3016  1.000e-12  0.0953000     9.5807     9.5779    -0.0028     7.5470     7.5450     69.843     71.383      0.879    1442.09    1442.07  0.000e+00
      22034     71.000     5.6484     5.6461    -0.0023    1.04726    1.04665          1     0.6284     1.1813      49.82     0.2784     0.2495  1.000e-12  0.1024000     9.6568     9.6513    -0.0054     7.6031     7.5989     70.338     71.888      0.612    1442.51    1442.49  0.000e+00
      22128     71.500     5.6427     5.5999    -0.0424    1.04828    1.03608          1     1.5179     1.4782      85.52     0.3048     0.2833  1.000e-12  0.1080000     9.6684     9.5592    -0.1093     7.6126     7.5287     70.833     72.394      0.482    1442.51    1442.18  0.000e+00
      22172     72.000     5.5807     5.5794    -0.0020    1.03895    1.03912          1     1.2758     1.2837      94.21     0.3200     0.3185  1.000e-12  0.1178000     9.5932     9.5954     0.0022     7.5566     7.5584     71.329     72.899      0.705    1442.15    1442.15  0.000e+00
      22189     72.500     5.5911     5.5865    -0.0047    1.06361    1.05525          1     0.7631     0.9490      72.00     0.3050     0.2705  1.000e-12  0.1152000     9.8360     9.7540    -0.0820     7.7476     7.6832     71.824     73.405      0.651    1442.51    1442.39  0.000e+00
      22210     73.000     5.6127     5.6098    -0.0029    1.07772    1.07701          1     0.3577     0.6666      70.96     0.2977     0.2843  1.000e-12  0.1120000     9.9703     9.9641    -0.0062     7.8524     7.8477     72.319     73.910      0.458    1442.78    1442.76  0.000e+00
      22247     73.500     5.6580     5.6543    -0.0037    1.08500    1.08408          1     0.2781     0.5704      89.71     0.2972     0.3216  1.000e-12  0.1092000    10.0295    10.0214    -0.0081     7.8965     7.8903     72.814     74.415      0.302    1443.06    1443.03  0.000e+00
      22281     74.000     5.6833     5.6824    -0.0009    1.09523    1.09485          1     0.2818     0.4962      69.95     0.2765     0.3105  1.000e-12  0.1218000    10.1239    10.1204    -0.0035     7.9695     7.9668     73.309     74.920      0.395    1443.30    1443.29  0.000e+00
      22347     74.500     5.6685     5.6687     0.0002    1.09840    1.09489          1     0.3695     0.4331      93.91     0.3019     0.3077  1.000e-12  0.1368000    10.1598    10.1247    -0.0351     7.9987     7.9710     73.805     75.426      0.424    1443.29    1443.24  0.000e+00
      22406     75.000     5.6610     5.6620     0.0010    1.10260    1.10193          1     0.3646     0.3686      68.04     0.3095     0.2882  1.000e-12  0.1169000    10.2040    10.1970    -0.0070     8.0340     8.0284     74.300     75.931      0.926    1443.32    1443.31  0.000e+00
      22415     75.500     5.6811     5.6814     0.0002    1.10729    1.10720          1     0.2052     0.2905      81.50     0.3091     0.2935  1.000e-12  0.1270000    10.2446    10.2437    -0.0009     8.0648     8.0641     74.795     76.436      1.047    1443.46    1443.46  0.000e+00
      22426     76.000     5.6957     5.6963     0.0005    1.11178    1.11176          1     0.1143     0.2379      93.04     0.3091     0.3175  1.000e-12  0.1680000    10.2850    10.2846    -0.0004     8.0958     8.0955     75.291     76.941      1.038    1443.58    1443.59  0.000e+00
      22438     76.500     5.7232     5.7236     0.0003    1.11739    1.11734          1     0.0816     0.2206      67.47     0.3091     0.3186  1.000e-12  0.1684000    10.3325    10.3319    -0.0007     8.1317     8.1312     75.786     77.447      0.889    1443.77    1443.77  0.000e+00
      22468     77.000     5.7648     5.7581    -0.0067    1.12289    1.12085          1     0.1396     0.2534      66.90     0.3005     0.3025  1.000e-12  0.1969000    10.3745    10.3562    -0.0183     8.1624     8.1483     76.281     77.952      0.528    1444.01    1443.96  0.000e+00
      22587     77.500     5.7540     5.7154    -0.0385    1.11965    1.11020          1     0.2744     0.2756      66.35     0.3212     0.3002  1.000e-12  0.1676000    10.3454    10.2630    -0.0825     8.1401     8.0773     76.776     78.457      0.699    1443.94    1443.66  0.000e+00
      22603     78.000     5.7442     5.7322    -0.0119    1.11828    1.11552          1     0.2267     0.2547      66.08     0.3213     0.3318  1.000e-12  0.1738000    10.3347    10.3108    -0.0239     8.1321     8.1140     77.271     78.962      0.777    1443.89    1443.80  0.000e+00
      22618     78.500     5.8002     5.7979    -0.0024    1.13366    1.13296          1     0.1912     0.2429      65.84     0.3181     0.3611  1.000e-12  0.1837000    10.4708    10.4646    -0.0062     8.2361     8.2314     77.767     79.467      0.774    1444.31    1444.29  0.000e+00
      22633     79.000     5.8216     5.8220     0.0004    1.13787    1.13781          1     0.1751     0.2377      94.35     0.2976     0.3262  1.000e-12  0.2250000    10.5060    10.5054    -0.0007     8.2626     8.2621     78.262     79.972      0.685    1444.45    1444.45  0.000e+00
      22661     79.500     5.8300     5.8316     0.0017    1.14052    1.14063          1     0.1776     0.2459      95.91     0.3217     0.3138  1.000e-12  0.2430000    10.5298    10.5303     0.0006     8.2808     8.2812     78.757     80.477      0.429    1444.52    1444.53  0.000e+00
      22778     80.000     5.8027     5.8044     0.0020    1.13333    1.13330          1     0.2347     0.3034      62.43     0.2907     0.2849  1.000e-12  0.2219000    10.4665    10.4656    -0.0008     8.2326     8.2318     79.252     80.982      0.580    1444.34    1444.34  0.000e+00
      22793     80.500     5.8516     5.8527     0.0009    1.14498    1.14520          1     0.2022     0.2556      89.35     0.2854     0.3029  1.000e-12  0.2333000    10.5673    10.5692     0.0019     8.3091     8.3105     79.748     81.487      0.658    1444.68    1444.69  0.000e+00
      22811     81.000     5.8749     5.8753     0.0004    1.15055    1.15050          1     0.1837     0.2348      62.91     0.3094     0.2959  1.000e-12  0.2461000    10.6155    10.6149    -0.0006     8.3456     8.3451     80.243     81.993      0.607    1444.85    1444.85  0.000e+00
      22833     81.500     5.8814     5.8815     0.0001    1.15272    1.15264          1     0.1556     0.2029      67.79     0.3091     0.2823  1.000e-12  0.2454000    10.6350    10.6342    -0.0008     8.3606     8.3599     80.738     82.498      0.462    1444.91    1444.91  0.000e+00
      22866     82.000     5.8891     5.8898     0.0006    1.15487    1.15491          1     0.1153     0.1746      97.77     0.3194     0.3057  1.000e-12  0.2604000    10.6539    10.6541     0.0002     8.3750     8.3751     81.233     83.003      0.316    1444.97    1444.98  0.000e+00
      22930     82.500     5.8916     5.8927     0.0012    1.15665    1.15699          1     0.0820     0.1475      82.74     0.3192     0.2841  1.000e-12  0.2488000    10.6708    10.6738     0.0030     8.3882     8.3905     81.729     83.508      0.213    1445.01    1445.02  0.000e+00
      22995     83.000     5.9033     5.9040     0.0006    1.16054    1.16064          1     0.0707     0.1287      59.55     0.3214     0.2796  1.000e-12  0.3331000    10.7057    10.7065     0.0008     8.4150     8.4155     82.224     84.013      0.469    1445.12    1445.12  0.000e+00
      23014     83.500     5.9293     5.9295     0.0002    1.16506    1.16502          1     0.1082     0.1511      60.29     0.3213     0.2727  1.000e-12  0.2471000    10.7424    10.7420    -0.0005     8.4423     8.4419     82.719     84.518      0.687    1445.28    1445.28  0.000e+00
      23030     84.000     5.9645     5.9653     0.0007    1.17086    1.17082          1     0.1799     0.2068      59.80     0.3159     0.3167  1.000e-12  0.2423000    10.7889    10.7883    -0.0006     8.4767     8.4761     83.214     85.023      0.740    1445.50    1445.50  0.000e+00
      23046     84.500     5.9950     5.9957     0.0007    1.17660    1.17657          1     0.2572     0.2732      59.28     0.3093     0.3014  1.000e-12  0.2347000    10.8363    10.8357    -0.0006     8.5120     8.5115     83.709     85.528      0.637    1445.69    1445.70  0.000e+00
      23098     85.000     5.9992     6.0104     0.0111    1.17795    1.17986          1     0.2823     0.2889      58.67     0.3008     0.2899  1.000e-12  0.2098000    10.8483    10.8636     0.0154     8.5212     8.5326     84.205     86.033      0.389    1445.73    1445.80  0.000e+00
