ctdpy/tests/etc/all_smhi_bas_2018/SBE09_0827_20181006_0434_26_01_1023.cnv
* Sea-Bird SBE 9 Data File:
* FileName = D:\CTD_SBE911\DAT\26DA.2018.10.23.hex
* Software Version Seasave V 7.21d
* Temperature SN = 4548
* Conductivity SN = 3062
* Number of Bytes Per Scan = 48
* Number of Voltage Words = 5
* Number of Scans Averaged by the Deck Unit = 1
* NMEA Latitude = 57 16.51 N
* NMEA Longitude = 017 32.14 E
* NMEA UTC (Time) = Oct 06 2018  04:36:38
* NMEA baud rate = 4800
** Ship: DANA
** Average sound velocity: 1451.73 m/s
** True-depth calculation Thu, 28 Mar 2019 12:18:34 +0000
** CTD Python Module SMHI /ver 3-12/ feb 2012 
** LIMS Job: 20182601-1023
** Operator: Christian
** Cruise: 10/2018
# nquan = 26
# nvalues = 160                         
# units = specified
# name 0 = scan: Scan Count
# name 1 = prDM: Pressure, Digiquartz [db]
# name 2 = t090C: Temperature [ITS-90, deg C]
# name 3 = t190C: Temperature, 2 [ITS-90, deg C]
# name 4 = T2-T190C: Temperature Difference, 2 - 1 [ITS-90, deg C]
# name 5 = c0S/m: Conductivity [S/m]
# name 6 = c1S/m: Conductivity, 2 [S/m]
# name 7 = pumps: Pump Status
# name 8 = sbeox1ML/L: Oxygen, SBE 43, 2 [ml/l]
# name 9 = sbeox0ML/L: Oxygen, SBE 43 [ml/l]
# name 10 = altM: Altimeter [m]
# name 11 = chloroflTC0: Chlorophyll, Turner Cyclops [ug/l]
# name 12 = cpar: CPAR/Corrected Irradiance [%]
# name 13 = par: PAR/Irradiance, Biospherical/Lico [µE/(cm^2*s)]
# name 14 = spar: SPAR, Biospherical/Licor
# name 15 = sal00: Salinity, Practical [PSU]
# name 16 = sal11: Salinity, Practical, 2 [PSU]
# name 17 = secS-priS: Salinity, Practical, Difference, 2 - 1 [PSU]
# name 18 = sigma-t00: Density [sigma-t, kg/m^3 ]
# name 19 = sigma-t11: Density, 2 [sigma-t, kg/m^3 ]
# name 20 = depSM: Depth [salt water, m], lat = 57.2752
# name 21 = depFM: Depth [true depth, m], lat = 57.2752
# name 22 = dz/dtM: Descent Rate [m/s], WS = 2
# name 23 = svCM: Sound Velocity [Chen-Millero, m/s]
# name 24 = svCM1: Sound Velocity, 2 [Chen-Millero, m/s]
# name 25 = flag: flag
# span 0 =         -3,       9072       
# span 1 =      1.000,     80.500       
# span 2 =     4.1253,    12.6165       
# span 3 =     4.1107,    12.6167       
# span 4 =    -0.4429,     0.0493       
# span 5 =   0.790241,   1.127116       
# span 6 =   0.790020,   1.127115       
# span 7 =          1,          1       
# span 8 =     0.0460,     7.2496       
# span 9 =     0.0535,     6.7998       
# span 10 =       0.74,       9.97      
# span 11 =     0.0159,     0.0280      
# span 12 = 4.9241e-11, 4.9241e-11      
# span 13 = 1.0000e-12, 1.0000e-12      
# span 14 = 2.0308e+00, 2.0308e+00      
# span 15 =     6.8592,    10.4447      
# span 16 =     6.8595,    10.4445      
# span 17 =    -0.0002,     0.0622      
# span 18 =     4.7393,     8.2231      
# span 19 =     4.7395,     8.2229      
# span 20 =      0.991,     79.743      
# span 21 =      1.014,     81.510      
# span 22 =     -0.175,      0.524      
# span 23 =    1432.78,    1466.09      
# span 24 =    1432.65,    1466.09      
# span 25 = 0.0000e+00, 0.0000e+00      
# interval = decibars: 0.5              
# start_time = Oct 06 2018 04:36:38 [NMEA time, first data scan]
# bad_flag = -9.990e-29
*END*
         -3      1.000    12.6123    12.6124     0.0001    0.91258    0.91262          1     6.8981     6.4423       9.97     0.0271  4.924e-11  1.000e-12  2.031e+00     6.8592     6.8595     0.0003     4.7399     4.7400      0.991      1.014      0.098    1465.60    1465.60  0.000e+00
        270      1.500    12.6114    12.6118     0.0003    0.91257    0.91261          1     6.8962     6.4313       9.97     0.0247  4.924e-11  1.000e-12  2.031e+00     6.8593     6.8595     0.0002     4.7400     4.7401      1.486      1.521      0.524    1465.61    1465.61  0.000e+00
        357      2.000    12.6118    12.6123     0.0004    0.91259    0.91263          1     6.8924     6.4172       9.97     0.0251  4.924e-11  1.000e-12  2.031e+00     6.8593     6.8595     0.0002     4.7400     4.7401      1.982      2.027      0.464    1465.62    1465.62  0.000e+00
        407      2.500    12.6121    12.6125     0.0004    0.91260    0.91264          1     6.8930     6.4256       9.97     0.0260  4.924e-11  1.000e-12  2.031e+00     6.8593     6.8595     0.0002     4.7399     4.7400      2.477      2.534      0.326    1465.62    1465.63  0.000e+00
        462      3.000    12.6121    12.6127     0.0005    0.91261    0.91265          1     6.8958     6.4270       9.97     0.0270  4.924e-11  1.000e-12  2.031e+00     6.8593     6.8595     0.0002     4.7399     4.7400      2.972      3.041      0.312    1465.63    1465.64  0.000e+00
        510      3.500    12.6121    12.6126     0.0006    0.91261    0.91265          1     6.8942     6.4312       9.97     0.0280  4.924e-11  1.000e-12  2.031e+00     6.8592     6.8595     0.0002     4.7399     4.7400      3.468      3.548      0.261    1465.64    1465.64  0.000e+00
        548      4.000    12.6122    12.6130     0.0007    0.91262    0.91267          1     6.8947     6.4389       9.97     0.0270  4.924e-11  1.000e-12  2.031e+00     6.8592     6.8595     0.0003     4.7399     4.7400      3.963      4.055      0.320    1465.65    1465.65  0.000e+00
        600      4.500    12.6126    12.6133     0.0007    0.91264    0.91269          1     6.8876     6.4420       9.97     0.0271  4.924e-11  1.000e-12  2.031e+00     6.8593     6.8595     0.0002     4.7398     4.7399      4.459      4.562      0.250    1465.66    1465.66  0.000e+00
        640      5.000    12.6130    12.6137     0.0007    0.91265    0.91270          1     6.8879     6.4397       9.97     0.0258  4.924e-11  1.000e-12  2.031e+00     6.8593     6.8595     0.0003     4.7398     4.7399      4.954      5.069      0.303    1465.67    1465.67  0.000e+00
        699      5.500    12.6132    12.6138     0.0005    0.91267    0.91271          1     6.9004     6.4377       9.97     0.0264  4.924e-11  1.000e-12  2.031e+00     6.8593     6.8595     0.0002     4.7398     4.7399      5.449      5.576      0.239    1465.68    1465.68  0.000e+00
        743      6.000    12.6133    12.6136     0.0003    0.91267    0.91271          1     6.8939     6.4333       9.97     0.0258  4.924e-11  1.000e-12  2.031e+00     6.8593     6.8595     0.0003     4.7398     4.7399      5.945      6.082      0.286    1465.69    1465.69  0.000e+00
        790      6.500    12.6137    12.6149     0.0011    0.91269    0.91274          1     6.8901     6.4381       9.97     0.0260  4.924e-11  1.000e-12  2.031e+00     6.8593     6.8595     0.0002     4.7397     4.7397      6.440      6.589      0.237    1465.69    1465.70  0.000e+00
        841      7.000    12.6142    12.6146     0.0004    0.91271    0.91274          1     6.9029     6.4291       9.97     0.0262  4.924e-11  1.000e-12  2.031e+00     6.8593     6.8595     0.0002     4.7396     4.7398      6.935      7.096      0.266    1465.71    1465.71  0.000e+00
        881      7.500    12.6140    12.6144     0.0005    0.91270    0.91274          1     6.9098     6.4269       9.97     0.0260  4.924e-11  1.000e-12  2.031e+00     6.8593     6.8595     0.0002     4.7396     4.7398      7.431      7.603      0.323    1465.71    1465.71  0.000e+00
        921      8.000    12.6142    12.6145     0.0003    0.91272    0.91275          1     6.8945     6.4447       9.97     0.0268  4.924e-11  1.000e-12  2.031e+00     6.8593     6.8595     0.0002     4.7396     4.7398      7.926      8.110      0.250    1465.72    1465.72  0.000e+00
        977      8.500    12.6142    12.6144     0.0002    0.91272    0.91275          1     6.8949     6.4433       9.97     0.0260  4.924e-11  1.000e-12  2.031e+00     6.8593     6.8595     0.0002     4.7396     4.7398      8.422      8.617      0.245    1465.73    1465.73  0.000e+00
       1018      9.000    12.6144    12.6147     0.0003    0.91273    0.91277          1     6.8983     6.4383       9.97     0.0256  4.924e-11  1.000e-12  2.031e+00     6.8592     6.8595     0.0002     4.7396     4.7397      8.917      9.124      0.286    1465.74    1465.74  0.000e+00
       1069      9.500    12.6142    12.6147     0.0005    0.91273    0.91278          1     6.8972     6.4403       9.97     0.0263  4.924e-11  1.000e-12  2.031e+00     6.8593     6.8595     0.0003     4.7396     4.7398      9.412      9.630      0.217    1465.75    1465.75  0.000e+00
       1117     10.000    12.6145    12.6155     0.0010    0.91275    0.91280          1     6.8920     6.4424       9.97     0.0258  4.924e-11  1.000e-12  2.031e+00     6.8593     6.8595     0.0002     4.7396     4.7396      9.908     10.137      0.310    1465.75    1465.76  0.000e+00
       1154     10.500    12.6152    12.6161     0.0008    0.91277    0.91282          1     6.8948     6.4365       9.97     0.0256  4.924e-11  1.000e-12  2.031e+00     6.8593     6.8595     0.0002     4.7395     4.7396     10.403     10.644      0.309    1465.77    1465.77  0.000e+00
       1198     11.000    12.6155    12.6159     0.0004    0.91278    0.91282          1     6.8910     6.4354       9.97     0.0256  4.924e-11  1.000e-12  2.031e+00     6.8593     6.8595     0.0002     4.7395     4.7396     10.898     11.151      0.249    1465.77    1465.78  0.000e+00
       1246     11.500    12.6153    12.6157     0.0004    0.91278    0.91282          1     6.8949     6.4317       9.97     0.0257  4.924e-11  1.000e-12  2.031e+00     6.8593     6.8595     0.0002     4.7395     4.7396     11.394     11.658      0.261    1465.78    1465.78  0.000e+00
       1292     12.000    12.6150    12.6151     0.0001    0.91278    0.91281          1     6.8908     6.4381       9.97     0.0256  4.924e-11  1.000e-12  2.031e+00     6.8593     6.8595     0.0003     4.7395     4.7397     11.889     12.165      0.252    1465.79    1465.79  0.000e+00
       1341     12.500    12.6145    12.6154     0.0009    0.91277    0.91283          1     6.8930     6.4351       9.97     0.0256  4.924e-11  1.000e-12  2.031e+00     6.8593     6.8595     0.0003     4.7396     4.7397     12.385     12.672      0.253    1465.79    1465.80  0.000e+00
       1385     13.000    12.6145    12.6147     0.0002    0.91278    0.91282          1     6.8938     6.4387       9.97     0.0262  4.924e-11  1.000e-12  2.031e+00     6.8593     6.8595     0.0002     4.7396     4.7397     12.880     13.179      0.285    1465.80    1465.80  0.000e+00
       1430     13.500    12.6147    12.6152     0.0004    0.91279    0.91283          1     6.9008     6.4335       9.97     0.0256  4.924e-11  1.000e-12  2.031e+00     6.8593     6.8595     0.0002     4.7396     4.7397     13.375     13.685      0.248    1465.81    1465.81  0.000e+00
       1476     14.000    12.6150    12.6155     0.0004    0.91280    0.91285          1     6.9005     6.4419       9.97     0.0258  4.924e-11  1.000e-12  2.031e+00     6.8593     6.8595     0.0003     4.7395     4.7397     13.871     14.192      0.319    1465.82    1465.82  0.000e+00
       1509     14.500    12.6150    12.6154     0.0004    0.91281    0.91286          1     6.8992     6.4504       9.97     0.0258  4.924e-11  1.000e-12  2.031e+00     6.8593     6.8596     0.0003     4.7395     4.7397     14.366     14.699      0.340    1465.83    1465.83  0.000e+00
       1555     15.000    12.6152    12.6158     0.0006    0.91283    0.91287          1     6.8967     6.4371       9.97     0.0259  4.924e-11  1.000e-12  2.031e+00     6.8593     6.8595     0.0002     4.7395     4.7396     14.861     15.206      0.217    1465.84    1465.84  0.000e+00
       1610     15.500    12.6155    12.6160     0.0006    0.91284    0.91288          1     6.8976     6.4356       9.97     0.0260  4.924e-11  1.000e-12  2.031e+00     6.8593     6.8595     0.0002     4.7395     4.7396     15.357     15.713      0.271    1465.85    1465.85  0.000e+00
       1650     16.000    12.6156    12.6161     0.0005    0.91284    0.91288          1     6.9008     6.4349       9.97     0.0256  4.924e-11  1.000e-12  2.031e+00     6.8593     6.8595     0.0002     4.7394     4.7395     15.852     16.220      0.286    1465.86    1465.86  0.000e+00
       1696     16.500    12.6158    12.6163     0.0005    0.91285    0.91289          1     6.8936     6.4357       9.97     0.0261  4.924e-11  1.000e-12  2.031e+00     6.8593     6.8595     0.0003     4.7394     4.7395     16.347     16.727      0.251    1465.86    1465.87  0.000e+00
       1741     17.000    12.6158    12.6163     0.0005    0.91286    0.91290          1     6.8906     6.4405       9.97     0.0256  4.924e-11  1.000e-12  2.031e+00     6.8593     6.8595     0.0003     4.7394     4.7395     16.843     17.233      0.284    1465.87    1465.87  0.000e+00
       1783     17.500    12.6158    12.6162     0.0004    0.91287    0.91291          1     6.8909     6.4430       9.97     0.0257  4.924e-11  1.000e-12  2.031e+00     6.8593     6.8596     0.0003     4.7394     4.7396     17.338     17.740      0.280    1465.88    1465.88  0.000e+00
       1825     18.000    12.6157    12.6158     0.0001    0.91287    0.91291          1     6.8919     6.4361       9.97     0.0261  4.924e-11  1.000e-12  2.031e+00     6.8593     6.8596     0.0003     4.7394     4.7396     17.834     18.247      0.303    1465.89    1465.89  0.000e+00
       1867     18.500    12.6156    12.6159     0.0003    0.91287    0.91291          1     6.8930     6.4384       9.97     0.0263  4.924e-11  1.000e-12  2.031e+00     6.8593     6.8595     0.0003     4.7394     4.7396     18.329     18.754      0.239    1465.90    1465.90  0.000e+00
       1926     19.000    12.6154    12.6156     0.0002    0.91288    0.91291          1     6.8938     6.4351       9.97     0.0261  4.924e-11  1.000e-12  2.031e+00     6.8593     6.8595     0.0002     4.7395     4.7396     18.824     19.261      0.250    1465.90    1465.90  0.000e+00
       1963     19.500    12.6158    12.6161     0.0004    0.91289    0.91293          1     6.8947     6.4282       9.97     0.0255  4.924e-11  1.000e-12  2.031e+00     6.8593     6.8596     0.0003     4.7394     4.7396     19.320     19.768      0.349    1465.91    1465.92  0.000e+00
       2005     20.000    12.6159    12.6160     0.0000    0.91290    0.91293          1     6.8902     6.4399       9.97     0.0258  4.924e-11  1.000e-12  2.031e+00     6.8593     6.8595     0.0002     4.7394     4.7396     19.815     20.275      0.241    1465.92    1465.92  0.000e+00
       2056     20.500    12.6156    12.6161     0.0005    0.91291    0.91294          1     6.8962     6.4282       9.97     0.0256  4.924e-11  1.000e-12  2.031e+00     6.8594     6.8596     0.0002     4.7395     4.7396     20.310     20.782      0.301    1465.93    1465.93  0.000e+00
       2090     21.000    12.6159    12.6166     0.0007    0.91291    0.91296          1     6.8980     6.4421       9.97     0.0256  4.924e-11  1.000e-12  2.031e+00     6.8593     6.8595     0.0003     4.7394     4.7395     20.806     21.288      0.338    1465.94    1465.94  0.000e+00
       2132     21.500    12.6165    12.6166     0.0001    0.91293    0.91296          1     6.8964     6.4459       9.97     0.0256  4.924e-11  1.000e-12  2.031e+00     6.8593     6.8595     0.0002     4.7393     4.7395     21.301     21.795      0.243    1465.95    1465.95  0.000e+00
       2184     22.000    12.6158    12.6160     0.0001    0.91293    0.91296          1     6.8898     6.4478       9.97     0.0258  4.924e-11  1.000e-12  2.031e+00     6.8593     6.8596     0.0002     4.7394     4.7396     21.796     22.302      0.259    1465.95    1465.95  0.000e+00
       2227     22.500    12.6155    12.6159     0.0004    0.91292    0.91296          1     6.8994     6.4386       9.97     0.0256  4.924e-11  1.000e-12  2.031e+00     6.8593     6.8595     0.0002     4.7395     4.7396     22.292     22.809      0.263    1465.96    1465.96  0.000e+00
       2277     23.000    12.6154    12.6160     0.0005    0.91293    0.91297          1     6.9003     6.4379       9.97     0.0262  4.924e-11  1.000e-12  2.031e+00     6.8593     6.8596     0.0002     4.7395     4.7396     22.787     23.316      0.249    1465.97    1465.97  0.000e+00
       2318     23.500    12.6157    12.6160     0.0003    0.91294    0.91297          1     6.9011     6.4403       9.97     0.0256  4.924e-11  1.000e-12  2.031e+00     6.8593     6.8595     0.0002     4.7394     4.7396     23.282     23.823      0.310    1465.98    1465.98  0.000e+00
       2360     24.000    12.6158    12.6156    -0.0001    0.91295    0.91297          1     6.8979     6.4404       9.97     0.0256  4.924e-11  1.000e-12  2.031e+00     6.8593     6.8596     0.0003     4.7394     4.7397     23.778     24.330      0.268    1465.99    1465.99  0.000e+00
       2404     24.500    12.6152    12.6153     0.0002    0.91294    0.91297          1     6.8974     6.4459       9.97     0.0256  4.924e-11  1.000e-12  2.031e+00     6.8593     6.8596     0.0003     4.7395     4.7397     24.273     24.836      0.282    1465.99    1465.99  0.000e+00
       2447     25.000    12.6159    12.6166     0.0007    0.91297    0.91301          1     6.8953     6.4455       9.97     0.0257  4.924e-11  1.000e-12  2.031e+00     6.8594     6.8596     0.0002     4.7395     4.7396     24.768     25.343      0.263    1466.00    1466.01  0.000e+00
       2497     25.500    12.6159    12.6162     0.0002    0.91297    0.91301          1     6.8911     6.4425       9.97     0.0260  4.924e-11  1.000e-12  2.031e+00     6.8594     6.8596     0.0002     4.7395     4.7396     25.264     25.850      0.225    1466.01    1466.01  0.000e+00
       2548     26.000    12.6157    12.6160     0.0003    0.91298    0.91301          1     6.8965     6.4275       9.97     0.0266  4.924e-11  1.000e-12  2.031e+00     6.8594     6.8596     0.0002     4.7395     4.7396     25.759     26.357      0.271    1466.02    1466.02  0.000e+00
       2587     26.500    12.6159    12.6165     0.0006    0.91299    0.91303          1     6.8931     6.4347       9.97     0.0257  4.924e-11  1.000e-12  2.031e+00     6.8594     6.8596     0.0002     4.7395     4.7396     26.254     26.864      0.327    1466.03    1466.03  0.000e+00
       2625     27.000    12.6161    12.6163     0.0002    0.91300    0.91304          1     6.8943     6.4344       9.97     0.0260  4.924e-11  1.000e-12  2.031e+00     6.8594     6.8597     0.0003     4.7395     4.7397     26.750     27.371      0.298    1466.04    1466.04  0.000e+00
       2672     27.500    12.6150    12.6148    -0.0002    0.91302    0.91306          1     6.8912     6.4381       9.97     0.0257  4.924e-11  1.000e-12  2.031e+00     6.8597     6.8600     0.0004     4.7398     4.7401     27.245     27.878      0.228    1466.04    1466.04  0.000e+00
       2721     28.000    12.6157    12.6167     0.0010    0.91304    0.91307          1     6.8863     6.4421       9.97     0.0256  4.924e-11  1.000e-12  2.031e+00     6.8597     6.8597     0.0001     4.7397     4.7396     27.740     28.385      0.306    1466.05    1466.06  0.000e+00
