ctdpy/tests/etc/all_smhi_bas_2018/SBE09_0827_20180821_1527_26_01_0827.cnv
* Sea-Bird SBE 9 Data File:
* FileName = D:\CTD_SBE911\DAT\26DA.2018.8.27.hex
* Software Version Seasave V 7.21d
* Temperature SN = 034605
* Conductivity SN = 041844
* Number of Bytes Per Scan = 48
* Number of Voltage Words = 5
* Number of Scans Averaged by the Deck Unit = 1
* NMEA Latitude = 58 24.25 N
* NMEA Longitude = 010 46.02 E
* NMEA UTC (Time) = Aug 21 2018  15:29:46
* NMEA baud rate = 4800
** Ship: DANA
** Average sound velocity: 1490.25 m/s
** True-depth calculation Thu, 28 Mar 2019 09:24:26 +0000
** CTD Python Module SMHI /ver 3-12/ feb 2012 
** LIMS Job: 20182601-0827
**  11 W SOTESKÆR
** Operator: Christian
** Cruise: 08/2018
# nquan = 26
# nvalues = 291                         
# units = specified
# name 0 = scan: Scan Count
# name 1 = prDM: Pressure, Digiquartz [db]
# name 2 = t090C: Temperature [ITS-90, deg C]
# name 3 = t190C: Temperature, 2 [ITS-90, deg C]
# name 4 = T2-T190C: Temperature Difference, 2 - 1 [ITS-90, deg C]
# name 5 = c0S/m: Conductivity [S/m]
# name 6 = c1S/m: Conductivity, 2 [S/m]
# name 7 = pumps: Pump Status
# name 8 = sbeox1ML/L: Oxygen, SBE 43, 2 [ml/l]
# name 9 = sbeox0ML/L: Oxygen, SBE 43 [ml/l]
# name 10 = altM: Altimeter [m]
# name 11 = chloroflTC0: Chlorophyll, Turner Cyclops [ug/l]
# name 12 = cpar: CPAR/Corrected Irradiance [%]
# name 13 = par: PAR/Irradiance, Biospherical/Lico [µE/(cm^2*s)]
# name 14 = spar: SPAR, Biospherical/Licor
# name 15 = sal00: Salinity, Practical [PSU]
# name 16 = sal11: Salinity, Practical, 2 [PSU]
# name 17 = secS-priS: Salinity, Practical, Difference, 2 - 1 [PSU]
# name 18 = sigma-t00: Density [sigma-t, kg/m^3 ]
# name 19 = sigma-t11: Density, 2 [sigma-t, kg/m^3 ]
# name 20 = depSM: Depth [salt water, m], lat = 58.4042
# name 21 = depFM: Depth [true depth, m], lat = 58.4042
# name 22 = dz/dtM: Descent Rate [m/s], WS = 2
# name 23 = svCM: Sound Velocity [Chen-Millero, m/s]
# name 24 = svCM1: Sound Velocity, 2 [Chen-Millero, m/s]
# name 25 = flag: flag
# span 0 =        318,      11729       
# span 1 =      1.500,    146.500       
# span 2 =     6.5075,    17.9260       
# span 3 =     6.5063,    17.9328       
# span 4 =    -0.2398,     0.0429       
# span 5 =   3.498949,   4.343952       
# span 6 =   3.499193,   4.345253       
# span 7 =          1,          1       
# span 8 =     5.2118,     6.5865       
# span 9 =     5.2978,     6.4380       
# span 10 =       1.20,       9.98      
# span 11 =     0.0306,     0.2806      
# span 12 = 5.6084e-14, 1.0252e+01      
# span 13 = 1.0000e-12, 1.8398e+02      
# span 14 = 1.7480e+03, 1.7950e+03      
# span 15 =    31.4296,    35.1049      
# span 16 =    31.4072,    35.1085      
# span 17 =    -0.0224,     0.1239      
# span 18 =    22.6513,    27.5688      
# span 19 =    22.6352,    27.5717      
# span 20 =      1.486,    145.086      
# span 21 =      1.494,    145.389      
# span 22 =     -0.512,      0.596      
# span 23 =    1479.10,    1513.62      
# span 24 =    1479.09,    1513.64      
# span 25 = 0.0000e+00, 0.0000e+00      
# interval = decibars: 0.5              
# start_time = Aug 21 2018 15:29:46 [NMEA time, first data scan]
# bad_flag = -9.990e-29
*END*
        318      1.500    17.5323    17.5277    -0.0047    4.12615    4.12309          1     5.9131     5.7020       9.98     0.1931  1.025e+01  1.840e+02  1.794e+03    31.4296    31.4072    -0.0224    22.6513    22.6352      1.486      1.494      0.220    1510.37    1510.33  0.000e+00
        365      2.000    17.5226    17.5230     0.0004    4.12961    4.13555          1     5.9338     5.7072       9.98     0.1915  7.293e+00  1.309e+02  1.795e+03    31.4664    31.5165     0.0502    22.6817    22.7200      1.981      1.992      0.371    1510.39    1510.45  0.000e+00
        406      2.500    17.5228    17.5160    -0.0068    4.13576    4.13643          1     5.9339     5.6895       9.98     0.1871  6.754e+00  1.210e+02  1.792e+03    31.5182    31.5292     0.0110    22.7214    22.7314      2.477      2.490      0.240    1510.46    1510.45  0.000e+00
        459      3.000    17.5268    17.5358     0.0090    4.13813    4.13937          1     5.9015     5.6815       9.97     0.1785  5.399e+00  9.675e+01  1.792e+03    31.5351    31.5386     0.0035    22.7334    22.7339      2.972      2.988      0.321    1510.50    1510.53  0.000e+00
        495      3.500    17.5356    17.5319    -0.0037    4.14073    4.14025          1     5.8754     5.6856       9.97     0.1935  5.472e+00  9.802e+01  1.791e+03    31.5502    31.5490    -0.0012    22.7428    22.7428      3.467      3.486      0.265    1510.55    1510.54  0.000e+00
        550      4.000    17.5219    17.5222     0.0003    4.13464    4.13320          1     5.9155     5.6784       9.97     0.1831  4.470e+00  8.024e+01  1.795e+03    31.5090    31.4965    -0.0125    22.7145    22.7049      3.963      3.984      0.273    1510.47    1510.46  0.000e+00
        585      4.500    17.5445    17.5750     0.0305    4.15118    4.15769          1     5.9273     5.6672       9.97     0.1992  4.426e+00  7.936e+01  1.793e+03    31.6317    31.6633     0.0316    22.8031    22.8200      4.458      4.482      0.343    1510.69    1510.81  0.000e+00
        632      5.000    17.5748    17.5875     0.0128    4.16633    4.17209          1     5.9185     5.6467       9.97     0.2498  4.229e+00  7.572e+01  1.791e+03    31.7367    31.7757     0.0391    22.8763    22.9031      4.953      4.980      0.218    1510.91    1510.99  0.000e+00
        680      5.500    17.5733    17.5584    -0.0149    4.16564    4.16319          1     5.9319     5.6592       9.97     0.2643  3.291e+00  5.906e+01  1.795e+03    31.7319    31.7226    -0.0093    22.8729    22.8694      5.449      5.477      0.322    1510.90    1510.85  0.000e+00
        716      6.000    17.5684    17.5759     0.0075    4.16402    4.16486          1     5.9577     5.6485       9.97     0.2516  3.263e+00  5.841e+01  1.790e+03    31.7218    31.7230     0.0012    22.8664    22.8655      5.944      5.975      0.304    1510.89    1510.91  0.000e+00
        764      6.500    17.5840    17.5908     0.0068    4.17119    4.17436          1     5.9232     5.6442       9.97     0.2650  3.096e+00  5.542e+01  1.790e+03    31.7703    31.7919     0.0216    22.8998    22.9147      6.439      6.473      0.229    1511.00    1511.04  0.000e+00
        810      7.000    17.5897    17.5902     0.0005    4.17369    4.17437          1     5.8896     5.6402       9.97     0.2700  2.659e+00  4.767e+01  1.793e+03    31.7869    31.7923     0.0054    22.9112    22.9152      6.935      6.971      0.294    1511.04    1511.05  0.000e+00
        850      7.500    17.5905    17.5902    -0.0003    4.17408    4.17449          1     5.9068     5.6294       9.97     0.2744  2.497e+00  4.469e+01  1.790e+03    31.7895    31.7932     0.0037    22.9129    22.9159      7.430      7.469      0.299    1511.05    1511.06  0.000e+00
        892      8.000    17.5906    17.5903    -0.0003    4.17425    4.17462          1     5.8922     5.6351       9.97     0.2755  2.221e+00  3.978e+01  1.791e+03    31.7907    31.7941     0.0034    22.9138    22.9165      7.925      7.967      0.269    1511.06    1511.07  0.000e+00
        940      8.500    17.5910    17.5907    -0.0003    4.17492    4.17514          1     5.8677     5.6328       9.97     0.2727  1.946e+00  3.483e+01  1.790e+03    31.7958    31.7979     0.0021    22.9177    22.9194      8.421      8.465      0.245    1511.08    1511.08  0.000e+00
        987      9.000    17.5915    17.5912    -0.0003    4.17637    4.17667          1     5.9001     5.6336       9.97     0.2724  1.761e+00  3.153e+01  1.790e+03    31.8076    31.8104     0.0029    22.9266    22.9288      8.916      8.963      0.271    1511.10    1511.10  0.000e+00
       1031      9.500    17.5915    17.5910    -0.0005    4.17762    4.17822          1     5.8075     5.6276       9.97     0.2741  1.620e+00  2.898e+01  1.789e+03    31.8181    31.8235     0.0055    22.9346    22.9389      9.411      9.460      0.256    1511.12    1511.13  0.000e+00
       1079     10.000    17.5908    17.5903    -0.0005    4.17935    4.18003          1     5.8330     5.6072       9.97     0.2742  1.469e+00  2.628e+01  1.789e+03    31.8331    31.8393     0.0062    22.9463    22.9511      9.907      9.958      0.269    1511.15    1511.15  0.000e+00
       1120     10.500    17.5909    17.5910     0.0002    4.18021    4.18084          1     5.9017     5.6086       9.97     0.2793  1.325e+00  2.370e+01  1.789e+03    31.8402    31.8454     0.0052    22.9517    22.9556     10.402     10.456      0.295    1511.16    1511.17  0.000e+00
       1162     11.000    17.5936    17.5939     0.0004    4.18208    4.18285          1     5.8969     5.6158       9.97     0.2806  1.205e+00  2.157e+01  1.790e+03    31.8538    31.8601     0.0063    22.9614    22.9662     10.897     10.954      0.276    1511.19    1511.20  0.000e+00
       1209     11.500    17.5946    17.5949     0.0003    4.18280    4.18359          1     5.8307     5.6211       9.97     0.2791  1.083e+00  1.939e+01  1.790e+03    31.8589    31.8654     0.0065    22.9651    22.9700     11.393     11.452      0.249    1511.21    1511.22  0.000e+00
       1254     12.000    17.5965    17.5964    -0.0001    4.18395    4.18441          1     5.8899     5.6074       9.97     0.2780  1.011e+00  1.810e+01  1.789e+03    31.8671    31.8710     0.0040    22.9709    22.9740     11.888     11.950      0.283    1511.23    1511.24  0.000e+00
       1297     12.500    17.5972    17.5972    -0.0001    4.18468    4.18529          1     5.8782     5.6032       9.97     0.2764  9.069e-01  1.623e+01  1.790e+03    31.8725    31.8778     0.0053    22.9749    22.9789     12.383     12.447      0.262    1511.25    1511.26  0.000e+00
       1343     13.000    17.5965    17.5958    -0.0007    4.18508    4.18560          1     5.8791     5.6041       9.97     0.2761  8.215e-01  1.469e+01  1.788e+03    31.8763    31.8813     0.0050    22.9780    22.9820     12.879     12.945      0.276    1511.26    1511.27  0.000e+00
       1386     13.500    17.5954    17.5946    -0.0008    4.18562    4.18613          1     5.8544     5.6100       9.98     0.2700  7.591e-01  1.357e+01  1.787e+03    31.8816    31.8865     0.0049    22.9823    22.9863     13.374     13.443      0.280    1511.27    1511.28  0.000e+00
       1429     14.000    17.5940    17.5931    -0.0009    4.18651    4.18704          1     5.8328     5.5917       9.98     0.2625  6.880e-01  1.231e+01  1.790e+03    31.8901    31.8953     0.0052    22.9891    22.9933     13.869     13.941      0.283    1511.29    1511.29  0.000e+00
       1472     14.500    17.5937    17.5942     0.0005    4.18748    4.18905          1     5.8217     5.5684       9.98     0.2595  6.366e-01  1.139e+01  1.789e+03    31.8984    31.9114     0.0130    22.9955    23.0054     14.365     14.439      0.259    1511.30    1511.32  0.000e+00
       1519     15.000    17.6017    17.6078     0.0061    4.19393    4.19662          1     5.8607     5.5524       9.98     0.2552  5.851e-01  1.046e+01  1.787e+03    31.9467    31.9648     0.0181    23.0306    23.0430     14.860     14.937      0.275    1511.39    1511.43  0.000e+00
       1558     15.500    17.6247    17.6519     0.0272    4.20687    4.21740          1     5.8709     5.5543       9.98     0.2491  5.320e-01  9.520e+00  1.789e+03    32.0385    32.1065     0.0680    23.0954    23.1410     15.355     15.434      0.321    1511.57    1511.73  0.000e+00
       1600     16.000    17.6511    17.6275    -0.0236    4.22844    4.23875          1     5.8290     5.5382       9.98     0.2238  4.853e-01  8.684e+00  1.789e+03    32.2009    32.3074     0.1065    23.2134    23.3006     15.851     15.932      0.253    1511.84    1511.89  0.000e+00
       1650     16.500    17.5979    17.6047     0.0068    4.24062    4.25050          1     5.8108     5.5620       9.98     0.2101  4.534e-01  8.103e+00  1.787e+03    32.3465    32.4252     0.0787    23.3376    23.3962     16.346     16.430      0.262    1511.86    1511.97  0.000e+00
       1690     17.000    17.6827    17.7255     0.0429    4.26626    4.27573          1     5.8287     5.5378       9.98     0.1997  4.031e-01  7.206e+00  1.788e+03    32.4970    32.5433     0.0463    23.4325    23.4577     16.841     16.927      0.318    1512.29    1512.47  0.000e+00
       1730     17.500    17.7397    17.7787     0.0389    4.27931    4.28866          1     5.8200     5.5168       9.98     0.1996  3.822e-01  6.831e+00  1.787e+03    32.5623    32.6105     0.0482    23.4688    23.4963     17.336     17.425      0.271    1512.54    1512.71  0.000e+00
       1777     18.000    17.7909    17.8026     0.0119    4.29953    4.30289          1     5.8035     5.5098       9.98     0.2006  3.471e-01  6.209e+00  1.789e+03    32.6929    32.7120     0.0191    23.5565    23.5683     17.832     17.923      0.270    1512.85    1512.91  0.000e+00
       1817     18.500    17.7840    17.7784    -0.0057    4.30727    4.30972          1     5.7989     5.4738       9.98     0.1870  3.243e-01  5.798e+00  1.788e+03    32.7641    32.7894     0.0253    23.6126    23.6333     18.327     18.420      0.308    1512.92    1512.93  0.000e+00
       1860     19.000    17.7116    17.7106    -0.0010    4.30365    4.30474          1     5.7681     5.4622       9.98     0.1708  2.997e-01  5.352e+00  1.786e+03    32.7914    32.8014     0.0101    23.6509    23.6589     18.822     18.918      0.251    1512.74    1512.75  0.000e+00
       1906     19.500    17.8375    17.8575     0.0201    4.32793    4.32892          1     5.7575     5.4256       9.98     0.1605  2.839e-01  5.076e+00  1.788e+03    32.8962    32.8884    -0.0077    23.7008    23.6900     19.318     19.415      0.302    1513.24    1513.29  0.000e+00
       1944     20.000    17.8614    17.8626     0.0012    4.33213    4.33251          1     5.7415     5.4203       9.98     0.1586  2.584e-01  4.620e+00  1.788e+03    32.9124    32.9146     0.0022    23.7075    23.7089     19.813     19.913      0.299    1513.34    1513.35  0.000e+00
       1991     20.500    17.8501    17.8533     0.0032    4.33173    4.33219          1     5.7101     5.4255       9.98     0.1553  2.400e-01  4.278e+00  1.782e+03    32.9179    32.9193     0.0013    23.7144    23.7147     20.308     20.410      0.231    1513.32    1513.33  0.000e+00
       2042     21.000    17.8883    17.8994     0.0111    4.33779    4.33876          1     5.7035     5.4070       9.98     0.1568  2.278e-01  4.068e+00  1.786e+03    32.9383    32.9377    -0.0006    23.7208    23.7176     20.804     20.908      0.261    1513.47    1513.50  0.000e+00
       2082     21.500    17.9061    17.9270     0.0207    4.34066    4.34282          1     5.7209     5.4377       9.98     0.1553  2.138e-01  3.820e+00  1.787e+03    32.9481    32.9496     0.0015    23.7240    23.7201     21.299     21.405      0.327    1513.54    1513.60  0.000e+00
       2117     22.000    17.9260    17.9328     0.0068    4.34395    4.34525          1     5.7200     5.4321       9.98     0.1474  1.969e-01  3.519e+00  1.786e+03    32.9598    32.9654     0.0056    23.7281    23.7307     21.794     21.902      0.336    1513.62    1513.64  0.000e+00
       2157     22.500    17.8976    17.8656    -0.0320    4.34135    4.33982          1     5.7073     5.4195       9.97     0.1402  1.822e-01  3.252e+00  1.785e+03    32.9605    32.9734     0.0129    23.7355    23.7531     22.290     22.400      0.262    1513.55    1513.46  0.000e+00
       2208     23.000    17.7598    17.7163    -0.0434    4.32556    4.32446          1     5.7217     5.4244       9.97     0.1361  1.725e-01  3.080e+00  1.786e+03    32.9375    32.9633     0.0258    23.7512    23.7815     22.785     22.897      0.248    1513.12    1513.02  0.000e+00
       2252     23.500    17.6241    17.6070    -0.0173    4.31128    4.31144          1     5.7376     5.4330       9.97     0.1407  1.625e-01  2.904e+00  1.787e+03    32.9255    32.9407     0.0152    23.7746    23.7904     23.280     23.395      0.294    1512.71    1512.68  0.000e+00
       2292     24.000    17.5810    17.5513    -0.0298    4.30633    4.30555          1     5.7529     5.4489       9.97     0.1403  1.507e-01  2.692e+00  1.786e+03    32.9180    32.9354     0.0175    23.7792    23.7997     23.775     23.892      0.290    1512.58    1512.52  0.000e+00
       2334     24.500    17.5220    17.4907    -0.0312    4.29990    4.29902          1     5.7324     5.4782       9.97     0.1384  1.402e-01  2.500e+00  1.783e+03    32.9107    32.9286     0.0179    23.7877    23.8089     24.271     24.390      0.282    1512.41    1512.34  0.000e+00
       2378     25.000    17.4885    17.4888     0.0004    4.29820    4.29911          1     5.7357     5.4812       9.97     0.1379  1.317e-01  2.350e+00  1.784e+03    32.9232    32.9306     0.0075    23.8053    23.8109     24.766     24.887      0.266    1512.33    1512.34  0.000e+00
       2423     25.500    17.5615    17.5808     0.0193    4.30917    4.31128          1     5.7616     5.4660       9.97     0.1427  1.233e-01  2.203e+00  1.787e+03    32.9576    32.9599     0.0023    23.8142    23.8114     25.261     25.385      0.275    1512.60    1512.66  0.000e+00
       2464     26.000    17.5545    17.5370    -0.0175    4.30976    4.31066          1     5.7770     5.4843       9.97     0.1394  1.151e-01  2.055e+00  1.785e+03    32.9680    32.9900     0.0219    23.8239    23.8449     25.757     25.882      0.313    1512.60    1512.57  0.000e+00
       2502     26.500    17.4696    17.4289    -0.0406    4.30220    4.30131          1     5.7724     5.4928       9.97     0.1417  1.068e-01  1.909e+00  1.787e+03    32.9722    32.9977     0.0256    23.8473    23.8766     26.252     26.379      0.293    1512.36    1512.26  0.000e+00
       2548     27.000    17.3705    17.3457    -0.0249    4.29316    4.29324          1     5.7862     5.5129       9.97     0.1452  9.924e-02  1.770e+00  1.784e+03    32.9751    32.9961     0.0210    23.8732    23.8952     26.747     26.877      0.249    1512.07    1512.02  0.000e+00
       2594     27.500    17.3045    17.2822    -0.0222    4.28953    4.28971          1     5.7973     5.5198       9.97     0.1488  9.316e-02  1.663e+00  1.785e+03    32.9975    33.0173     0.0197    23.9061    23.9265     27.242     27.374      0.277    1511.91    1511.86  0.000e+00
       2638     28.000    17.2160    17.1884    -0.0276    4.29279    4.29415          1     5.7939     5.5368       9.97     0.1504  8.657e-02  1.545e+00  1.784e+03    33.0978    33.1322     0.0343    24.0039    24.0367     27.738     27.872      0.258    1511.77    1511.72  0.000e+00
       2684     28.500    17.0780    17.0165    -0.0615    4.28737    4.28838          1     5.8363     5.5589       9.97     0.1508  8.066e-02  1.438e+00  1.783e+03    33.1642    33.2237     0.0594    24.0874    24.1474     28.233     28.369      0.291    1511.43    1511.32  0.000e+00
