ctdpy/tests/etc/all_smhi_bas_2018/SBE09_1044_20180924_0700_34_01_0047.cnv
* Sea-Bird SBE 9 Data File:
* FileName = C:\ctd\temp\2018\AR18D047.hex
* Software Version Seasave V 7.26.6.26
* Temperature SN = 5351
* Conductivity SN = 3941
* Number of Bytes Per Scan = 41
* Number of Voltage Words = 4
* Number of Scans Averaged by the Deck Unit = 1
* NMEA Latitude = 58 18.90 N
* NMEA Longitude = 010 56.35 E
* NMEA UTC (Time) = Sep 24 2018  07:00:12
* NMEA baud rate = 4800
** Station:  Å14
** Operator:  MHan
** Ship: ARANDA
** Average sound velocity: 1500.08 m/s
** True-depth calculation Mon, 24 Sep 2018 07:12:21 +0000
** CTD Python Module SMHI /ver 3-12/ feb 2012 
** LIMS Job: 20183401-0047
** Cruise: SMHI-02-2018
** Latitude [GG MM.mm N] :
** Longitude [GG MM.mm E]:
# nquan = 26
# nvalues = 208                         
# units = specified
# name 0 = scan: Scan Count
# name 1 = prDM: Pressure, Digiquartz [db]
# name 2 = t090C: Temperature [ITS-90, deg C]
# name 3 = t190C: Temperature, 2 [ITS-90, deg C]
# name 4 = T2-T190C: Temperature Difference, 2 - 1 [ITS-90, deg C]
# name 5 = c0S/m: Conductivity [S/m]
# name 6 = c1S/m: Conductivity, 2 [S/m]
# name 7 = pumps: Pump Status
# name 8 = sbeox0ML/L: Oxygen, SBE 43 [ml/l]
# name 9 = sbeox1ML/L: Oxygen, SBE 43, 2 [ml/l]
# name 10 = altM: Altimeter [m]
# name 11 = flECO-AFL: Chl-a Fluorescence, WET Labs ECO-AFL/FL [mg/m^3]
# name 12 = flECO-AFL1: Phycocyanin Fluorescence, WET Labs ECO-AFL/FL, 2 [mg/m^3]
# name 13 = par: PAR/Irradiance, Biospherical/Lico [µE/(cm^2*s)]
# name 14 = turbWETntu0: Turbidity, WET Labs ECO [NTU]
# name 15 = sal00: Salinity, Practical [PSU]
# name 16 = sal11: Salinity, Practical, 2 [PSU]
# name 17 = secS-priS: Salinity, Practical, Difference, 2 - 1 [PSU]
# name 18 = sigma-t00: Density [sigma-t, Kg/m^3 ]
# name 19 = sigma-t11: Density, 2 [sigma-t, Kg/m^3 ]
# name 20 = depSM: Depth [salt water, m], lat = 58.315
# name 21 = depFM: Depth [true depth, m], lat = 58.315
# name 22 = dz/dtM: Descent Rate [m/s], WS = 2
# name 23 = svCM: Sound Velocity [Chen-Millero, m/s]
# name 24 = svCM1: Sound Velocity, 2 [Chen-Millero, m/s]
# name 25 = flag: flag
# span 0 =       1175,       6332       
# span 1 =      0.500,    104.000       
# span 2 =    11.5664,    14.7357       
# span 3 =    11.5672,    14.7357       
# span 4 =    -0.0374,     0.0266       
# span 5 =   3.573479,   4.129627       
# span 6 =   3.605531,   4.129463       
# span 7 =          1,          1       
# span 8 =    4.93937,    5.78114       
# span 9 =    3.15927,   10.31223       
# span 10 =       1.38,      99.29      
# span 11 =     0.3334,     1.4210      
# span 12 =     0.1792,     0.4060      
# span 13 = -4.817e-07, 4.2039e+03      
# span 14 =     0.3898,    12.1537      
# span 15 =    28.7969,    34.6475      
# span 16 =    29.0862,    34.6471      
# span 17 =    -0.0803,     0.2893      
# span 18 =    21.2676,    26.3970      
# span 19 =    21.4905,    26.3966      
# span 20 =      0.495,    103.008      
# span 21 =      0.499,    103.292      
# span 22 =     -0.210,      1.154      
# span 23 =    1496.39,    1503.83      
# span 24 =    1496.39,    1503.84      
# span 25 = 0.0000e+00, 0.0000e+00      
# interval = decibars: 0.5              
# start_time = Sep 24 2018 07:00:12 [NMEA time, first data scan]
# bad_flag = -9.990e-29
*END*
[from data line 56]
       2688     28.500    14.3017    14.3034     0.0016    4.09112    4.09137          1     5.5293     4.8388      99.29     0.7105     0.2836  1.082e+00  0.5324000    33.7673    33.7681     0.0008    25.1712    25.1716     28.233     28.348      0.611    1503.48    1503.48  0.000e+00
       2706     29.000    14.3266    14.3248    -0.0019    4.09821    4.09759          1     5.5150     4.8244      98.71     0.6965     0.3005  1.038e+00  0.5440000    33.8106    33.8066    -0.0041    25.1995    25.1967     28.728     28.844      0.710    1503.62    1503.60  0.000e+00
       2722     29.500    14.3360    14.3340    -0.0019    4.10204    4.10114          1     5.5012     4.7976      98.71     0.6754     0.2684  1.007e+00  0.5566000    33.8374    33.8309    -0.0065    25.2182    25.2136     29.224     29.341      0.677    1503.69    1503.67  0.000e+00
       2743     30.000    14.3487    14.3463    -0.0024    4.10461    4.10382          1     5.4965     4.8318      98.71     0.6535     0.2472  9.403e-01  0.6069000    33.8498    33.8446    -0.0051    25.2250    25.2216     29.719     29.838      0.474    1503.75    1503.74  0.000e+00
       2784     30.500    14.3594    14.3605     0.0012    4.10798    4.10838          1     5.4853     4.7744      98.71     0.6433     0.2715  8.466e-01  0.6210000    33.8713    33.8740     0.0027    25.2394    25.2412     30.214     30.335      0.254    1503.82    1503.82  0.000e+00
       2822     31.000    14.3515    14.3513    -0.0002    4.11033    4.10987          1     5.4627     4.7720      98.71     0.6915     0.2031  7.556e-01  0.6237000    33.8997    33.8956    -0.0040    25.2630    25.2599     30.710     30.831      0.537    1503.83    1503.83  0.000e+00
       2840     31.500    14.3327    14.3356     0.0029    4.11285    4.11275          1     5.4605     4.7834      98.71     0.6385     0.3010  6.832e-01  0.6467000    33.9391    33.9357    -0.0035    25.2973    25.2941     31.205     31.328      0.699    1503.83    1503.83  0.000e+00
       2856     32.000    14.2836    14.2879     0.0043    4.11416    4.11400          1     5.4668     4.7189      98.71     0.6251     0.3143  6.359e-01  0.6400000    33.9943    33.9890    -0.0053    25.3503    25.3453     31.700     31.825      0.698    1503.74    1503.75  0.000e+00
       2875     32.500    14.2648    14.2692     0.0043    4.11937    4.11875          1     5.4681     4.6712      98.71     0.6170     0.2912  5.873e-01  0.6225000    34.0587    34.0491    -0.0096    25.4040    25.3957     32.195     32.321      0.575    1503.76    1503.77  0.000e+00
       2899     33.000    14.2570    14.2540    -0.0030    4.12288    4.12381          1     5.4658     4.6688      98.71     0.5724     0.2530  5.415e-01  0.6615000    34.0978    34.1090     0.0112    25.4359    25.4452     32.691     32.818      0.481    1503.79    1503.80  0.000e+00
       2923     33.500    14.2496    14.2507     0.0010    4.12702    4.12721          1     5.4448     4.5859      98.71     0.6069     0.2844  4.883e-01  0.6449000    34.1423    34.1432     0.0009    25.4718    25.4723     33.186     33.315      0.543    1503.83    1503.84  0.000e+00
       2944     34.000    14.2378    14.2387     0.0010    4.12719    4.12735          1     5.4348     4.5708      78.15     0.5711     0.2746  4.394e-01  0.6642000    34.1542    34.1549     0.0007    25.4835    25.4839     33.681     33.811      0.609    1503.81    1503.82  0.000e+00
       2963     34.500    14.1555    14.1690     0.0134    4.12963    4.12946          1     5.4176     4.5843      98.62     0.5305     0.2497  3.916e-01  0.6752000    34.2496    34.2360    -0.0136    25.5746    25.5612     34.177     34.308      0.596    1503.67    1503.70  0.000e+00
       2985     35.000    14.1081    14.1097     0.0016    4.12921    4.12932          1     5.4021     4.5659      98.71     0.4736     0.2442  3.594e-01  0.6930000    34.2877    34.2873    -0.0004    25.6139    25.6133     34.672     34.804      0.461    1503.57    1503.57  0.000e+00
       3020     35.500    14.0762    14.0648    -0.0114    4.12866    4.12856          1     5.3777     4.5001      98.71     0.4552     0.3019  3.549e-01  0.7021000    34.3108    34.3200     0.0092    25.6385    25.6480     35.167     35.301      0.328    1503.50    1503.47  0.000e+00
       3051     36.000    13.9942    13.9912    -0.0032    4.12675    4.12688          1     5.3281     4.4546      98.71     0.4643     0.3041  3.366e-01  0.7100000    34.3660    34.3699     0.0039    25.6983    25.7020     35.662     35.798      0.571    1503.31    1503.30  0.000e+00
       3068     36.500    13.9512    13.9560     0.0047    4.12523    4.12553          1     5.3097     4.4528      98.71     0.4292     0.2328  2.983e-01  0.7461000    34.3901    34.3887    -0.0014    25.7259    25.7239     36.158     36.294      0.737    1503.20    1503.22  0.000e+00
       3083     37.000    13.9246    13.9296     0.0050    4.12406    4.12439          1     5.3033     4.4456      98.71     0.4174     0.2267  2.593e-01  0.7623000    34.4029    34.4015    -0.0015    25.7414    25.7392     36.653     36.790      0.757    1503.14    1503.16  0.000e+00
       3099     37.500    13.9077    13.9113     0.0036    4.12323    4.12353          1     5.3043     4.4366      98.71     0.4155     0.2462  2.216e-01  0.7933000    34.4100    34.4097    -0.0003    25.7505    25.7494     37.148     37.287      0.597    1503.10    1503.11  0.000e+00
       3136     38.000    13.9029    13.9021    -0.0008    4.12298    4.12303          1     5.3214     4.4135      98.71     0.4174     0.2927  1.895e-01  0.8344000    34.4119    34.4130     0.0011    25.7529    25.7539     37.643     37.783      0.292    1503.10    1503.10  0.000e+00
       3175     38.500    13.8914    13.8916     0.0002    4.12234    4.12241          1     5.3166     4.3582      98.71     0.4289     0.2506  1.904e-01  0.7952000    34.4159    34.4165     0.0006    25.7584    25.7588     38.139     38.280      0.527    1503.07    1503.07  0.000e+00
       3193     39.000    13.8859    13.8871     0.0012    4.12206    4.12220          1     5.3148     4.3489      98.71     0.4203     0.2379  1.739e-01  0.8157000    34.4181    34.4183     0.0002    25.7612    25.7611     38.634     38.776      0.676    1503.07    1503.07  0.000e+00
       3210     39.500    13.8706    13.8733     0.0027    4.12133    4.12158          1     5.3141     4.3494      98.71     0.4132     0.2354  1.511e-01  0.8309000    34.4248    34.4247    -0.0001    25.7696    25.7689     39.129     39.273      0.676    1503.03    1503.04  0.000e+00
       3229     40.000    13.8510    13.8554     0.0045    4.12029    4.12066          1     5.3163     4.3217      98.71     0.3933     0.2900  1.214e-01  0.8136000    34.4326    34.4319    -0.0007    25.7797    25.7783     39.624     39.769      0.562    1502.99    1503.00  0.000e+00
       3254     40.500    13.8464    13.8470     0.0006    4.12004    4.12017          1     5.3114     4.2708      98.71     0.3608     0.2532  9.939e-02  0.8750000    34.4341    34.4348     0.0007    25.7818    25.7822     40.120     40.266      0.446    1502.98    1502.98  0.000e+00
       3284     41.000    13.8444    13.8458     0.0014    4.12000    4.12015          1     5.3172     4.2571      98.70     0.4099     0.2713  7.584e-02  0.8369000    34.4352    34.4354     0.0002    25.7831    25.7829     40.615     40.762      0.376    1502.98    1502.99  0.000e+00
       3319     41.500    13.8443    13.8456     0.0013    4.12004    4.12018          1     5.3244     4.2631      87.00     0.4345     0.2828  6.524e-02  0.8325000    34.4355    34.4357     0.0001    25.7833    25.7832     41.110     41.259      0.331    1502.99    1503.00  0.000e+00
       3352     42.000    13.8424    13.8438     0.0013    4.11996    4.12011          1     5.3148     4.2269      69.96     0.4216     0.2774  5.765e-02  0.8233000    34.4363    34.4365     0.0002    25.7843    25.7842     41.605     41.755      0.471    1503.00    1503.00  0.000e+00
       3373     42.500    13.8363    13.8381     0.0018    4.11955    4.11971          1     5.3049     4.2005      67.79     0.4103     0.2517  4.476e-02  0.8482000    34.4377    34.4376    -0.0001    25.7867    25.7863     42.101     42.252      0.664    1502.99    1502.99  0.000e+00
       3390     43.000    13.8106    13.8153     0.0046    4.11766    4.11805          1     5.2920     4.1857      67.70     0.4091     0.2346  3.170e-02  0.8588000    34.4429    34.4424    -0.0006    25.7960    25.7947     42.596     42.748      0.758    1502.92    1502.93  0.000e+00
       3405     43.500    13.7989    13.8003     0.0015    4.11682    4.11698          1     5.2898     4.1681      67.99     0.4290     0.2440  1.880e-02  0.8687000    34.4455    34.4457     0.0002    25.8005    25.8003     43.091     43.245      0.727    1502.89    1502.89  0.000e+00
       3434     44.000    13.7914    13.7936     0.0022    4.11620    4.11642          1     5.2961     4.1630      81.87     0.4098     0.2495  9.545e-03  0.8523000    34.4461    34.4462     0.0001    25.8025    25.8021     43.586     43.741      0.422    1502.87    1502.88  0.000e+00
       3496     44.500    13.7705    13.7720     0.0015    4.11461    4.11476          1     5.2812     4.1040      63.83     0.4068     0.2804  1.279e-03  0.8423000    34.4499    34.4499     0.0001    25.8097    25.8095     44.082     44.238      0.522    1502.82    1502.82  0.000e+00
       3512     45.000    13.7457    13.7442    -0.0014    4.11304    4.11303          1     5.2868     4.1062      65.30     0.4068     0.2420  1.753e-04  0.8875000    34.4573    34.4585     0.0012    25.8206    25.8219     44.577     44.734      0.717    1502.75    1502.75  0.000e+00
       3528     45.500    13.7275    13.7287     0.0012    4.11200    4.11214          1     5.2823     4.1004      65.45     0.3969     0.2468 -4.817e-07  0.8741000    34.4638    34.4639     0.0002    25.8294    25.8293     45.072     45.230      0.704    1502.71    1502.71  0.000e+00
       3549     46.000    13.7258    13.7264     0.0006    4.11196    4.11207          1     5.2801     4.0651      65.46     0.3885     0.2928  1.000e-12  0.8608000    34.4647    34.4652     0.0005    25.8305    25.8307     45.567     45.727      0.445    1502.72    1502.72  0.000e+00
       3595     46.500    13.7141    13.7132    -0.0009    4.11146    4.11151          1     5.2935     4.0331      64.59     0.4185     0.2336  1.000e-12  0.8571000    34.4703    34.4716     0.0013    25.8373    25.8385     46.063     46.223      0.253    1502.69    1502.69  0.000e+00
       3627     47.000    13.6945    13.7015     0.0069    4.11034    4.11087          1     5.3023     4.0253      64.16     0.4304     0.2663  1.000e-12  0.8665000    34.4773    34.4760    -0.0013    25.8467    25.8442     46.558     46.720      0.520    1502.64    1502.66  0.000e+00
       3647     47.500    13.6698    13.6723     0.0026    4.10886    4.10908          1     5.3066     4.0366      63.81     0.4172     0.2768  1.000e-12  0.8652000    34.4855    34.4853    -0.0002    25.8581    25.8574     47.053     47.216      0.565    1502.58    1502.59  0.000e+00
       3669     48.000    13.6633    13.6625    -0.0007    4.10846    4.10845          1     5.3082     4.0241      63.65     0.3941     0.3119  1.000e-12  0.8720000    34.4874    34.4880     0.0006    25.8610    25.8616     47.548     47.713      0.523    1502.57    1502.57  0.000e+00
       3693     48.500    13.6507    13.6515     0.0008    4.10746    4.10757          1     5.3022     3.9949      63.25     0.3969     0.2758  1.000e-12  0.9206000    34.4892    34.4894     0.0002    25.8649    25.8649     48.044     48.209      0.537    1502.54    1502.54  0.000e+00
       3714     49.000    13.6481    13.6501     0.0020    4.10737    4.10757          1     5.3029     3.9778      62.59     0.4168     0.2774  1.000e-12  0.8954000    34.4905    34.4905    -0.0000    25.8665    25.8661     48.539     48.706      0.499    1502.54    1502.54  0.000e+00
       3754     49.500    13.6478    13.6489     0.0010    4.10741    4.10752          1     5.3103     3.9604      61.87     0.4048     0.2898  1.000e-12  0.8530000    34.4909    34.4909     0.0001    25.8668    25.8667     49.034     49.202      0.288    1502.55    1502.55  0.000e+00
       3798     50.000    13.6432    13.6433     0.0000    4.10696    4.10699          1     5.2974     3.9429      61.10     0.4279     0.2520  1.000e-12  0.8430000    34.4907    34.4908     0.0001    25.8676    25.8677     49.529     49.698      0.489    1502.54    1502.54  0.000e+00
       3818     50.500    13.5715    13.5850     0.0134    4.10082    4.10203          1     5.2876     3.9091      60.47     0.4067     0.2401  1.000e-12  0.8622000    34.4974    34.4966    -0.0008    25.8876    25.8842     50.025     50.195      0.617    1502.32    1502.36  0.000e+00
       3836     51.000    13.5048    13.5147     0.0101    4.09518    4.09609          1     5.2869     3.9009      60.30     0.3942     0.2464  1.000e-12  0.8574000    34.5045    34.5040    -0.0004    25.9068    25.9044     50.520     50.691      0.652    1502.12    1502.15  0.000e+00
       3854     51.500    13.4585    13.4614     0.0030    4.09128    4.09165          1     5.2814     3.9021      59.97     0.3879     0.2758  1.000e-12  0.8424000    34.5095    34.5104     0.0009    25.9201    25.9202     51.015     51.188      0.637    1501.98    1501.99  0.000e+00
       3874     52.000    13.4299    13.4321     0.0021    4.08890    4.08915          1     5.2753     3.8805      59.38     0.3824     0.2463  1.000e-12  0.8162000    34.5128    34.5132     0.0004    25.9285    25.9284     51.510     51.684      0.571    1501.90    1501.91  0.000e+00
       3897     52.500    13.3872    13.3869    -0.0002    4.08531    4.08540          1     5.2683     3.8544      58.65     0.3815     0.2550  1.000e-12  0.7922000    34.5173    34.5185     0.0011    25.9407    25.9417     52.005     52.180      0.446    1501.77    1501.77  0.000e+00
       3939     53.000    13.3646    13.3562    -0.0085    4.08348    4.08284          1     5.2686     3.8355      57.19     0.3985     0.2964  1.000e-12  0.8422000    34.5203    34.5220     0.0017    25.9476    25.9506     52.501     52.677      0.230    1501.71    1501.68  0.000e+00
       3997     53.500    13.3620    13.3626     0.0007    4.08332    4.08341          1     5.2711     3.8086      56.04     0.4116     0.2425  1.000e-12  0.8069000    34.5210    34.5213     0.0003    25.9487    25.9488     52.996     53.173      0.381    1501.71    1501.71  0.000e+00
       4018     54.000    13.3466    13.3463    -0.0003    4.08208    4.08206          1     5.2518     3.7929      56.85     0.3930     0.2211  1.000e-12  0.8084000    34.5230    34.5232     0.0002    25.9534    25.9536     53.491     53.670      0.683    1501.67    1501.67  0.000e+00
       4033     54.500    13.3036    13.3028    -0.0008    4.07852    4.07846          1     5.2392     3.7777      56.50     0.3824     0.2308  1.000e-12  0.8228000    34.5282    34.5283     0.0002    25.9661    25.9664     53.986     54.166      0.858    1501.54    1501.54  0.000e+00
       4046     55.000    13.2918    13.2974     0.0055    4.07760    4.07811          1     5.2278     3.7669      56.06     0.3699     0.2365  1.000e-12  0.8398000    34.5299    34.5297    -0.0002    25.9699    25.9686     54.482     54.662      0.938    1501.51    1501.53  0.000e+00
       4058     55.500    13.3037    13.3060     0.0023    4.07868    4.07885          1     5.2226     3.7618      55.69     0.3919     0.2331  1.000e-12  0.8822000    34.5292    34.5288    -0.0004    25.9669    25.9661     54.977     55.159      0.916    1501.56    1501.56  0.000e+00
