ctdpy/tests/etc/all_smhi_bas_2018/SBE09_1044_20180124_2326_34_02_0004.cnv
* Sea-Bird SBE 9 Data File:
* FileName = C:\ctd\temp\2018\ME18D004.hex
* Software Version Seasave V 7.26.6.26
* Temperature SN = 5351
* Conductivity SN = 3941
* Number of Bytes Per Scan = 41
* Number of Voltage Words = 4
* Number of Scans Averaged by the Deck Unit = 1
* NMEA Latitude = 57 25.92 N
* NMEA Longitude = 010 42.53 E
* NMEA UTC (Time) = Jan 24 2018  23:26:46
* NMEA baud rate = 4800
** Station:  GF9
** Operator:  JKro
** Ship: MERI
** Average sound velocity: 1467.70 m/s
** True-depth calculation Sat, 27 Jan 2018 04:04:16 +0000
** CTD Python Module SMHI /ver 3-12/ feb 2012 
** LIMS Job: 20183402-0004
** Cruise: SMHI-01-2018
** Latitude [GG MM.mm N] :
** Longitude [GG MM.mm E]:
# nquan = 26
# nvalues = 43                          
# units = specified
# name 0 = scan: Scan Count
# name 1 = prDM: Pressure, Digiquartz [db]
# name 2 = t090C: Temperature [ITS-90, deg C]
# name 3 = t190C: Temperature, 2 [ITS-90, deg C]
# name 4 = T2-T190C: Temperature Difference, 2 - 1 [ITS-90, deg C]
# name 5 = c0S/m: Conductivity [S/m]
# name 6 = c1S/m: Conductivity, 2 [S/m]
# name 7 = pumps: Pump Status
# name 8 = sbeox0ML/L: Oxygen, SBE 43 [ml/l]
# name 9 = sbeox1ML/L: Oxygen, SBE 43, 2 [ml/l]
# name 10 = altM: Altimeter [m]
# name 11 = flECO-AFL: Chl-a Fluorescence, WET Labs ECO-AFL/FL [mg/m^3]
# name 12 = flECO-AFL1: Phycocyanin Fluorescence, WET Labs ECO-AFL/FL, 2 [mg/m^3]
# name 13 = par: PAR/Irradiance, Biospherical/Lico [µE/(cm^2*s)]
# name 14 = turbWETntu0: Turbidity, WET Labs ECO [NTU]
# name 15 = sal00: Salinity, Practical [PSU]
# name 16 = sal11: Salinity, Practical, 2 [PSU]
# name 17 = secS-priS: Salinity, Practical, Difference, 2 - 1 [PSU]
# name 18 = sigma-t00: Density [sigma-t, Kg/m^3 ]
# name 19 = sigma-t11: Density, 2 [sigma-t, Kg/m^3 ]
# name 20 = depSM: Depth [salt water, m], lat = 57.432
# name 21 = depFM: Depth [true depth, m], lat = 57.432
# name 22 = dz/dtM: Descent Rate [m/s], WS = 2
# name 23 = svCM: Sound Velocity [Chen-Millero, m/s]
# name 24 = svCM1: Sound Velocity, 2 [Chen-Millero, m/s]
# name 25 = flag: flag
# span 0 =      17377,      18672       
# span 1 =      1.000,     22.000       
# span 2 =     5.3642,     6.8724       
# span 3 =     5.3663,     6.8722       
# span 4 =    -0.0126,     0.0368       
# span 5 =   2.895866,   3.363976       
# span 6 =   2.896262,   3.364018       
# span 7 =          1,          1       
# span 8 =    6.14968,    6.77298       
# span 9 =    6.12286,    6.73465       
# span 10 =       2.20,      17.08      
# span 11 =     0.1889,     0.5413      
# span 12 =     0.2820,     0.3809      
# span 13 = 1.0000e-12, 1.0000e-12      
# span 14 =     1.2086,     2.8952      
# span 15 =    29.5088,    33.3069      
# span 16 =    29.5107,    33.3075      
# span 17 =    -0.0312,     0.0269      
# span 18 =    23.2805,    26.1514      
# span 19 =    23.2778,    26.1510      
# span 20 =      0.991,     21.796      
# span 21 =      0.995,     21.884      
# span 22 =     -0.317,      0.602      
# span 23 =    1465.28,    1476.35      
# span 24 =    1465.29,    1476.35      
# span 25 = 0.0000e+00, 0.0000e+00      
# interval = decibars: 0.5              
# start_time = Jan 24 2018 23:26:46 [NMEA time, first data scan]
# bad_flag = -9.990e-29
*END*
      17377      1.000     5.4864     5.5019     0.0153    2.90713    2.90829          1     6.7595     6.7345      16.33     0.5128     0.2820  1.000e-12  1.4288000    29.5283    29.5278    -0.0005    23.2891    23.2870      0.991      0.995      0.288    1465.78    1465.84  0.000e+00
      17418      1.500     5.4998     5.5367     0.0368    2.90777    2.91057          1     6.7619     6.7257      17.08     0.5391     0.3058  1.000e-12  1.6675000    29.5235    29.5224    -0.0011    23.2838    23.2789      1.486      1.493      0.310    1465.83    1465.98  0.000e+00
      17457      2.000     5.4326     5.4622     0.0299    2.90133    2.90371          1     6.7673     6.7015      16.79     0.5225     0.3057  1.000e-12  1.6254000    29.5102    29.5107     0.0006    23.2805    23.2778      1.982      1.991      0.538    1465.55    1465.67  0.000e+00
      17476      2.500     5.3642     5.3663     0.0022    2.89587    2.89626          1     6.7730     6.7152      16.49     0.5103     0.3396  1.000e-12  1.8199000    29.5088    29.5113     0.0026    23.2868    23.2886      2.477      2.488      0.586    1465.28    1465.29  0.000e+00
      17498      3.000     5.3650     5.3666     0.0017    2.89743    2.89794          1     6.7620     6.7242      16.23     0.5047     0.3031  1.000e-12  1.8699000    29.5254    29.5297     0.0043    23.2998    23.3030      2.972      2.986      0.487    1465.31    1465.32  0.000e+00
      17526      3.500     5.3655     5.3667     0.0013    2.89775    2.89796          1     6.7508     6.7306      16.08     0.5244     0.2990  1.000e-12  1.8237000    29.5284    29.5295     0.0012    23.3021    23.3029      3.468      3.484      0.428    1465.32    1465.33  0.000e+00
      17552      4.000     5.3648     5.3663     0.0015    2.89770    2.89785          1     6.7580     6.7287      15.73     0.5413     0.3373  1.000e-12  1.8309000    29.5281    29.5285     0.0004    23.3020    23.3022      3.963      3.981      0.525    1465.33    1465.34  0.000e+00
      17573      4.500     5.3658     5.3666     0.0008    2.89830    2.89818          1     6.7547     6.7170      15.08     0.5366     0.3396  1.000e-12  1.8364000    29.5337    29.5317    -0.0020    23.3063    23.3046      4.458      4.479      0.590    1465.35    1465.35  0.000e+00
      17593      5.000     5.3660     5.3669     0.0008    2.89852    2.89842          1     6.7549     6.7160      14.64     0.5240     0.3317  1.000e-12  1.8689000    29.5358    29.5340    -0.0018    23.3079    23.3064      4.954      4.977      0.579    1465.36    1465.36  0.000e+00
      17614      5.500     5.3660     5.3666     0.0006    2.89862    2.89854          1     6.7565     6.7251      14.24     0.4931     0.3159  1.000e-12  1.9067000    29.5367    29.5353    -0.0013    23.3086    23.3075      5.449      5.474      0.556    1465.37    1465.37  0.000e+00
      17637      6.000     5.3664     5.3678     0.0014    2.89876    2.89897          1     6.7529     6.7308      13.87     0.5042     0.3317  1.000e-12  1.8899000    29.5378    29.5389     0.0011    23.3095    23.3102      5.945      5.972      0.485    1465.38    1465.39  0.000e+00
      17665      6.500     5.3664     5.3674     0.0010    2.89881    2.89888          1     6.7462     6.7252      13.46     0.5369     0.3219  1.000e-12  1.8714000    29.5381    29.5380    -0.0001    23.3097    23.3095      6.440      6.470      0.417    1465.39    1465.39  0.000e+00
      17692      7.000     5.3672     5.3677     0.0005    2.89905    2.89902          1     6.7364     6.7167      13.01     0.5288     0.3194  1.000e-12  1.8212000    29.5397    29.5391    -0.0007    23.3109    23.3103      6.935      6.967      0.517    1465.40    1465.40  0.000e+00
      17713      7.500     5.3683     5.3689     0.0005    2.89969    2.89961          1     6.7430     6.7281      12.59     0.5168     0.3187  1.000e-12  1.8797000    29.5457    29.5444    -0.0014    23.3156    23.3144      7.431      7.465      0.602    1465.42    1465.42  0.000e+00
      17732      8.000     5.3684     5.3694     0.0010    2.89950    2.89964          1     6.7565     6.7347      12.29     0.5246     0.3260  1.000e-12  1.8814000    29.5433    29.5440     0.0007    23.3136    23.3141      7.926      7.963      0.582    1465.43    1465.43  0.000e+00
      17755      8.500     5.3692     5.3703     0.0011    2.89990    2.90007          1     6.7659     6.7338      12.05     0.5352     0.3334  1.000e-12  1.8786000    29.5470    29.5479     0.0009    23.3164    23.3170      8.421      8.460      0.490    1465.44    1465.45  0.000e+00
      17782      9.000     5.3716     5.3720     0.0005    2.90104    2.90099          1     6.7538     6.7237      11.84     0.5272     0.3263  1.000e-12  1.9115000    29.5574    29.5564    -0.0010    23.3244    23.3236      8.917      8.958      0.423    1465.47    1465.48  0.000e+00
      17811      9.500     5.3745     5.3750     0.0005    2.90202    2.90206          1     6.7337     6.7142      11.71     0.4919     0.3245  1.000e-12  1.8084000    29.5656    29.5656     0.0000    23.3306    23.3306      9.412      9.456      0.447    1465.51    1465.51  0.000e+00
      17836     10.000     5.3759     5.3778     0.0019    2.90255    2.90299          1     6.7459     6.7224      11.06     0.4798     0.3281  1.000e-12  1.8636000    29.5702    29.5734     0.0031    23.3341    23.3364      9.907      9.953      0.513    1465.52    1465.54  0.000e+00
      17858     10.500     5.3784     5.3824     0.0040    2.90359    2.90489          1     6.7548     6.7251      10.79     0.4875     0.3179  1.000e-12  1.9017000    29.5794    29.5905     0.0111    23.3411    23.3494     10.403     10.451      0.527    1465.56    1465.59  0.000e+00
      17882     11.000     5.3881     5.3888     0.0007    2.90741    2.90746          1     6.7447     6.7260      10.72     0.5100     0.3243  1.000e-12  1.8583000    29.6136    29.6134    -0.0002    23.3671    23.3668     10.898     10.949      0.473    1465.65    1465.65  0.000e+00
      17909     11.500     5.3905     5.3925     0.0020    2.90828    2.90888          1     6.7308     6.7153      10.05     0.5362     0.3389  1.000e-12  1.8206000    29.6209    29.6259     0.0050    23.3726    23.3763     11.394     11.446      0.433    1465.67    1465.69  0.000e+00
      17936     12.000     5.3974     5.3954    -0.0019    2.91083    2.90993          1     6.7377     6.7059       9.24     0.5411     0.3260  1.000e-12  1.8565000    29.6433    29.6350    -0.0083    23.3896    23.3832     11.889     11.944      0.465    1465.74    1465.72  0.000e+00
      17961     12.500     5.3992     5.3985    -0.0007    2.91196    2.91141          1     6.7451     6.7072       7.35     0.5272     0.3430  1.000e-12  1.8428000    29.6542    29.6486    -0.0056    23.3980    23.3936     12.384     12.442      0.493    1465.77    1465.76  0.000e+00
      17985     13.000     5.3988     5.3999     0.0011    2.91180    2.91200          1     6.7476     6.7115       7.59     0.5165     0.3240  1.000e-12  1.8109000    29.6524    29.6538     0.0013    23.3966    23.3976     12.880     12.939      0.485    1465.77    1465.78  0.000e+00
      18010     13.500     5.3989     5.4003     0.0013    2.91183    2.91213          1     6.7440     6.7208       7.52     0.5231     0.3044  1.000e-12  1.8728000    29.6524    29.6547     0.0022    23.3966    23.3982     13.375     13.437      0.493    1465.78    1465.79  0.000e+00
      18034     14.000     5.4039     5.4051     0.0011    2.91378    2.91396          1     6.7397     6.7110       6.68     0.5233     0.3161  1.000e-12  1.9205000    29.6697    29.6708     0.0011    23.4097    23.4105     13.870     13.934      0.489    1465.83    1465.84  0.000e+00
      18060     14.500     5.4048     5.4059     0.0011    2.91433    2.91447          1     6.7239     6.7009       5.91     0.5109     0.3203  1.000e-12  1.9075000    29.6749    29.6755     0.0006    23.4137    23.4141     14.366     14.432      0.440    1465.85    1465.86  0.000e+00
      18089     15.000     5.4068     5.4083     0.0015    2.91519    2.91543          1     6.6891     6.6684       5.09     0.4975     0.3809  1.000e-12  1.8788000    29.6826    29.6840     0.0014    23.4196    23.4206     14.861     14.930      0.425    1465.88    1465.88  0.000e+00
      18115     15.500     5.4142     5.4147     0.0005    2.91769    2.91760          1     6.6593     6.6373       4.56     0.5238     0.3185  1.000e-12  1.8714000    29.7039    29.7024    -0.0015    23.4357    23.4345     15.357     15.427      0.483    1465.94    1465.94  0.000e+00
      18139     16.000     5.4624     5.4549    -0.0076    2.93391    2.93154          1     6.5631     6.5548       4.45     0.5131     0.3203  1.000e-12  1.8536000    29.8430    29.8231    -0.0199    23.5404    23.5255     15.852     15.925      0.513    1466.32    1466.27  0.000e+00
      18163     16.500     5.5864     5.5815    -0.0049    2.97508    2.97362          1     6.4658     6.4847       4.45     0.4929     0.3181  1.000e-12  1.8391000    30.1936    30.1816    -0.0120    23.8038    23.7948     16.347     16.422      0.454    1467.28    1467.24  0.000e+00
      18193     17.000     5.8219     5.8171    -0.0047    3.05185    3.04865          1     6.4037     6.4868       4.01     0.4923     0.3031  1.000e-12  1.7988000    30.8380    30.8068    -0.0312    24.2859    24.2618     16.843     16.920      0.374    1469.05    1468.99  0.000e+00
      18225     17.500     6.3890     6.4130     0.0240    3.22183    3.22631          1     6.2705     6.3838       3.58     0.3718     0.3351  1.000e-12  1.6444000    32.2014    32.2283     0.0269    25.2935    25.3117     17.338     17.417      0.410    1473.04    1473.17  0.000e+00
      18252     18.000     6.8676     6.8709     0.0033    3.35275    3.35331          1     6.1684     6.2107       3.98     0.2501     0.3460  1.000e-12  1.3212000    33.1884    33.1913     0.0029    26.0097    26.0115     17.833     17.913      0.462    1476.17    1476.19  0.000e+00
      18278     18.500     6.8724     6.8722    -0.0002    3.36398    3.36402          1     6.1497     6.1229       3.79     0.2237     0.3170  1.000e-12  1.2086000    33.3069    33.3075     0.0007    26.1023    26.1029     18.329     18.410      0.455    1476.35    1476.35  0.000e+00
      18304     19.000     6.6864     6.7029     0.0166    3.34697    3.34882          1     6.2056     6.1428       3.51     0.1889     0.3112  1.000e-12  1.2612000    33.3000    33.3043     0.0043    26.1215    26.1228     18.824     18.906      0.449    1475.62    1475.69  0.000e+00
      18331     19.500     6.3796     6.3871     0.0075    3.31803    3.31881          1     6.2763     6.2233       4.07     0.2168     0.3022  1.000e-12  1.4258000    33.2782    33.2795     0.0013    26.1443    26.1443     19.319     19.402      0.427    1474.39    1474.42  0.000e+00
      18361     20.000     6.1903     6.1798    -0.0105    3.29925    3.29839          1     6.3454     6.2903       5.40     0.2687     0.3193  1.000e-12  1.7553000    33.2537    33.2544     0.0007    26.1490    26.1509     19.815     19.898      0.377    1473.62    1473.58  0.000e+00
      18394     20.500     6.1203     6.1077    -0.0126    3.29231    3.29092          1     6.3771     6.3266       5.16     0.2901     0.3227  1.000e-12  2.1927000    33.2445    33.2412    -0.0033    26.1505    26.1495     20.310     20.395      0.400    1473.34    1473.29  0.000e+00
      18422     21.000     6.0677     6.0605    -0.0073    3.28709    3.28631          1     6.3760     6.3225       4.68     0.2873     0.3159  1.000e-12  2.3293000    33.2373    33.2355    -0.0017    26.1514    26.1510     20.805     20.891      0.433    1473.13    1473.10  0.000e+00
      18450     21.500     6.0764     6.0687    -0.0076    3.28790    3.28704          1     6.3559     6.3317       3.98     0.2955     0.2915  1.000e-12  2.6218000    33.2376    33.2355    -0.0021    26.1506    26.1499     21.301     21.387      0.370    1473.17    1473.14  0.000e+00
      18672     22.000     5.9744     6.0013     0.0262    3.27747    3.28022          1     6.3590     6.3802       2.20     0.3215     0.2948  1.000e-12  2.8952000    33.2204    33.2248     0.0044    26.1497    26.1498     21.796     21.884     -0.317    1472.76    1472.87  0.000e+00
