ctdpy/tests/etc/all_smhi_bas_2018/SBE09_0827_20181123_0601_26_01_1224.cnv
* Sea-Bird SBE 9 Data File:
* FileName = D:\CTD_SBE911\DAT\26DA.2018.12.24.hex
* Software Version Seasave V 7.21d
* Temperature SN = 4548
* Conductivity SN = 3062
* Number of Bytes Per Scan = 48
* Number of Voltage Words = 5
* Number of Scans Averaged by the Deck Unit = 1
* NMEA Latitude = 57 34.36 N
* NMEA Longitude = 019 11.95 E
* NMEA UTC (Time) = Nov 23 2018  06:02:03
* NMEA baud rate = 4800
** Ship: DANA
** Average sound velocity: 1445.82 m/s
** True-depth calculation Tue, 02 Apr 2019 12:13:16 +0000
** CTD Python Module SMHI /ver 3-12/ feb 2012 
** LIMS Job: 20182601-1224
** Operator: Ronny
** Cruise: 12/2018
# nquan = 26
# nvalues = 97                          
# units = specified
# name 0 = scan: Scan Count
# name 1 = prDM: Pressure, Digiquartz [db]
# name 2 = t090C: Temperature [ITS-90, deg C]
# name 3 = t190C: Temperature, 2 [ITS-90, deg C]
# name 4 = T2-T190C: Temperature Difference, 2 - 1 [ITS-90, deg C]
# name 5 = c0S/m: Conductivity [S/m]
# name 6 = c1S/m: Conductivity, 2 [S/m]
# name 7 = pumps: Pump Status
# name 8 = sbeox1ML/L: Oxygen, SBE 43, 2 [ml/l]
# name 9 = sbeox0ML/L: Oxygen, SBE 43 [ml/l]
# name 10 = altM: Altimeter [m]
# name 11 = chloroflTC0: Chlorophyll, Turner Cyclops [ug/l]
# name 12 = cpar: CPAR/Corrected Irradiance [%]
# name 13 = par: PAR/Irradiance, Biospherical/Lico [µE/(cm^2*s)]
# name 14 = spar: SPAR, Biospherical/Licor
# name 15 = sal00: Salinity, Practical [PSU]
# name 16 = sal11: Salinity, Practical, 2 [PSU]
# name 17 = secS-priS: Salinity, Practical, Difference, 2 - 1 [PSU]
# name 18 = sigma-t00: Density [sigma-t, kg/m^3 ]
# name 19 = sigma-t11: Density, 2 [sigma-t, kg/m^3 ]
# name 20 = depSM: Depth [salt water, m], lat = 57.5727
# name 21 = depFM: Depth [true depth, m], lat = 57.5727
# name 22 = dz/dtM: Descent Rate [m/s], WS = 2
# name 23 = svCM: Sound Velocity [Chen-Millero, m/s]
# name 24 = svCM1: Sound Velocity, 2 [Chen-Millero, m/s]
# name 25 = flag: flag
# span 0 =        261,       4830       
# span 1 =      1.000,     49.000       
# span 2 =     3.9175,     8.1413       
# span 3 =     3.9074,     8.1422       
# span 4 =    -0.0860,     0.0085       
# span 5 =   0.790492,   0.841113       
# span 6 =   0.790882,   0.841132       
# span 7 =          1,          1       
# span 8 =     6.0600,     7.4962       
# span 9 =     6.2048,     7.7292       
# span 10 =       1.36,       9.96      
# span 11 =     0.0159,     0.0219      
# span 12 = 4.9241e-11, 4.9241e-11      
# span 13 = 1.0000e-12, 1.0000e-12      
# span 14 = 2.0308e+00, 2.0308e+00      
# span 15 =     7.0573,     7.6252      
# span 16 =     7.0573,     7.6282      
# span 17 =    -0.0005,     0.0152      
# span 18 =     5.4080,     6.0628      
# span 19 =     5.4081,     6.0652      
# span 20 =      0.991,     48.542      
# span 21 =      1.013,     49.635      
# span 22 =      0.143,      0.292      
# span 23 =    1431.80,    1449.10      
# span 24 =    1431.74,    1449.11      
# span 25 = 0.0000e+00, 0.0000e+00      
# interval = decibars: 0.5              
# start_time = Nov 23 2018 06:02:03 [NMEA time, first data scan]
# bad_flag = -9.990e-29
*END*
        261      1.000     7.8961     7.8975     0.0013    0.83080    0.83085          1     7.4852     7.7086       9.96     0.0208  4.924e-11  1.000e-12  2.031e+00     7.0573     7.0574     0.0002     5.4086     5.4086      0.991      1.013      0.143    1447.58    1447.58  0.000e+00
        310      1.500     7.8978     7.8991     0.0014    0.83090    0.83093          1     7.4860     7.7187       9.96     0.0212  4.924e-11  1.000e-12  2.031e+00     7.0578     7.0578    -0.0000     5.4089     5.4088      1.486      1.520      0.209    1447.60    1447.60  0.000e+00
        365      2.000     7.8980     7.8987     0.0007    0.83090    0.83091          1     7.4921     7.7292       9.96     0.0209  4.924e-11  1.000e-12  2.031e+00     7.0577     7.0577    -0.0000     5.4088     5.4087      1.982      2.026      0.234    1447.60    1447.61  0.000e+00
        425      2.500     7.8984     7.8986     0.0003    0.83092    0.83091          1     7.4841     7.7163       9.96     0.0216  4.924e-11  1.000e-12  2.031e+00     7.0577     7.0576    -0.0001     5.4088     5.4087      2.477      2.533      0.186    1447.61    1447.61  0.000e+00
        483      3.000     7.8983     7.8992     0.0009    0.83093    0.83093          1     7.4794     7.7195       9.96     0.0216  4.924e-11  1.000e-12  2.031e+00     7.0577     7.0576    -0.0002     5.4088     5.4086      2.972      3.039      0.258    1447.62    1447.62  0.000e+00
        527      3.500     7.8993     7.8998     0.0005    0.83093    0.83093          1     7.4962     7.7199       9.96     0.0219  4.924e-11  1.000e-12  2.031e+00     7.0575     7.0575    -0.0001     5.4086     5.4085      3.468      3.546      0.264    1447.63    1447.63  0.000e+00
        576      4.000     7.9045     7.9021    -0.0024    0.83104    0.83097          1     7.4948     7.7179       9.96     0.0210  4.924e-11  1.000e-12  2.031e+00     7.0574     7.0573    -0.0001     5.4080     5.4081      3.963      4.052      0.240    1447.66    1447.65  0.000e+00
        624      4.500     7.9043     7.9062     0.0019    0.83117    0.83123          1     7.4846     7.7131       9.96     0.0210  4.924e-11  1.000e-12  2.031e+00     7.0586     7.0588     0.0002     5.4090     5.4090      4.458      4.559      0.265    1447.67    1447.68  0.000e+00
        669      5.000     7.9008     7.8989    -0.0019    0.83101    0.83093          1     7.4833     7.7142       9.96     0.0208  4.924e-11  1.000e-12  2.031e+00     7.0578     7.0575    -0.0003     5.4086     5.4085      4.954      5.065      0.250    1447.66    1447.65  0.000e+00
        720      5.500     7.8999     7.9016     0.0017    0.83101    0.83106          1     7.4728     7.7262       9.96     0.0208  4.924e-11  1.000e-12  2.031e+00     7.0579     7.0580     0.0001     5.4088     5.4087      5.449      5.572      0.223    1447.67    1447.67  0.000e+00
        777      6.000     7.9055     7.9071     0.0016    0.83124    0.83126          1     7.4836     7.7143       9.96     0.0208  4.924e-11  1.000e-12  2.031e+00     7.0588     7.0587    -0.0001     5.4091     5.4089      5.945      6.078      0.226    1447.70    1447.70  0.000e+00
        823      6.500     7.9059     7.9068     0.0008    0.83125    0.83126          1     7.4818     7.7232       9.96     0.0207  4.924e-11  1.000e-12  2.031e+00     7.0588     7.0587    -0.0001     5.4090     5.4089      6.440      6.585      0.258    1447.71    1447.71  0.000e+00
        876      7.000     7.9057     7.9065     0.0008    0.83124    0.83126          1     7.4799     7.7207       9.96     0.0208  4.924e-11  1.000e-12  2.031e+00     7.0587     7.0587     0.0000     5.4089     5.4089      6.935      7.091      0.224    1447.72    1447.72  0.000e+00
        923      7.500     7.9060     7.9066     0.0005    0.83126    0.83126          1     7.4667     7.7145       9.96     0.0210  4.924e-11  1.000e-12  2.031e+00     7.0587     7.0586    -0.0001     5.4090     5.4088      7.431      7.598      0.288    1447.72    1447.73  0.000e+00
        968      8.000     7.9064     7.9070     0.0005    0.83127    0.83127          1     7.4838     7.7176       9.96     0.0209  4.924e-11  1.000e-12  2.031e+00     7.0587     7.0586    -0.0001     5.4089     5.4088      7.926      8.104      0.228    1447.73    1447.74  0.000e+00
       1025      8.500     7.9049     7.9055     0.0006    0.83120    0.83121          1     7.4833     7.7207       9.96     0.0208  4.924e-11  1.000e-12  2.031e+00     7.0583     7.0582    -0.0001     5.4087     5.4086      8.421      8.611      0.233    1447.74    1447.74  0.000e+00
       1071      9.000     7.9024     7.9031     0.0007    0.83110    0.83112          1     7.4767     7.7157       9.96     0.0211  4.924e-11  1.000e-12  2.031e+00     7.0579     7.0578    -0.0000     5.4086     5.4085      8.917      9.118      0.255    1447.73    1447.74  0.000e+00
       1121      9.500     7.9031     7.9032     0.0001    0.83119    0.83118          1     7.4847     7.7147       9.96     0.0208  4.924e-11  1.000e-12  2.031e+00     7.0585     7.0583    -0.0001     5.4090     5.4089      9.412      9.624      0.240    1447.74    1447.74  0.000e+00
       1171     10.000     7.9022     7.9043     0.0021    0.83118    0.83126          1     7.4787     7.7213       9.96     0.0208  4.924e-11  1.000e-12  2.031e+00     7.0585     7.0588     0.0003     5.4091     5.4092      9.907     10.131      0.250    1447.75    1447.76  0.000e+00
       1216     10.500     7.9060     7.9050    -0.0010    0.83138    0.83131          1     7.4902     7.7256       9.96     0.0208  4.924e-11  1.000e-12  2.031e+00     7.0595     7.0590    -0.0005     5.4095     5.4093     10.403     10.637      0.269    1447.77    1447.77  0.000e+00
       1262     11.000     7.9041     7.9035    -0.0006    0.83129    0.83123          1     7.4842     7.7160       9.96     0.0208  4.924e-11  1.000e-12  2.031e+00     7.0589     7.0586    -0.0003     5.4093     5.4091     10.898     11.144      0.244    1447.77    1447.77  0.000e+00
       1318     11.500     7.9049     7.9057     0.0008    0.83134    0.83136          1     7.4792     7.7176       9.96     0.0208  4.924e-11  1.000e-12  2.031e+00     7.0592     7.0592     0.0000     5.4094     5.4094     11.394     11.650      0.214    1447.78    1447.79  0.000e+00
       1367     12.000     7.9085     7.9095     0.0009    0.83155    0.83157          1     7.4830     7.7134       9.96     0.0209  4.924e-11  1.000e-12  2.031e+00     7.0604     7.0603    -0.0000     5.4100     5.4099     11.889     12.157      0.262    1447.81    1447.81  0.000e+00
       1413     12.500     7.9088     7.9096     0.0008    0.83155    0.83158          1     7.4825     7.7139       9.96     0.0208  4.924e-11  1.000e-12  2.031e+00     7.0603     7.0603     0.0000     5.4099     5.4099     12.384     12.663      0.253    1447.82    1447.82  0.000e+00
       1462     13.000     7.9105     7.9115     0.0010    0.83171    0.83176          1     7.4780     7.7034       9.96     0.0213  4.924e-11  1.000e-12  2.031e+00     7.0613     7.0615     0.0002     5.4107     5.4107     12.880     13.170      0.251    1447.83    1447.84  0.000e+00
       1508     13.500     7.9116     7.9121     0.0005    0.83180    0.83182          1     7.4800     7.7164       9.96     0.0216  4.924e-11  1.000e-12  2.031e+00     7.0619     7.0619     0.0000     5.4110     5.4110     13.375     13.676      0.262    1447.85    1447.85  0.000e+00
       1553     14.000     7.9135     7.9144     0.0009    0.83199    0.83203          1     7.4744     7.7166       9.96     0.0214  4.924e-11  1.000e-12  2.031e+00     7.0632     7.0633     0.0002     5.4118     5.4119     13.870     14.183      0.272    1447.87    1447.87  0.000e+00
       1600     14.500     7.9138     7.9143     0.0005    0.83202    0.83203          1     7.4748     7.7161       9.96     0.0214  4.924e-11  1.000e-12  2.031e+00     7.0633     7.0633    -0.0001     5.4119     5.4119     14.366     14.689      0.238    1447.87    1447.88  0.000e+00
       1652     15.000     7.9138     7.9142     0.0004    0.83202    0.83202          1     7.4697     7.7090       9.96     0.0209  4.924e-11  1.000e-12  2.031e+00     7.0633     7.0632    -0.0001     5.4119     5.4118     14.861     15.196      0.245    1447.88    1447.88  0.000e+00
       1697     15.500     7.9130     7.9138     0.0008    0.83197    0.83200          1     7.4755     7.7108       9.96     0.0219  4.924e-11  1.000e-12  2.031e+00     7.0629     7.0630     0.0001     5.4117     5.4117     15.356     15.702      0.270    1447.89    1447.89  0.000e+00
       1743     16.000     7.9139     7.9143     0.0004    0.83207    0.83208          1     7.4870     7.7126       9.96     0.0210  4.924e-11  1.000e-12  2.031e+00     7.0635     7.0636     0.0001     5.4121     5.4121     15.852     16.209      0.248    1447.90    1447.90  0.000e+00
       1791     16.500     7.9142     7.9151     0.0009    0.83217    0.83220          1     7.4669     7.7159       9.96     0.0209  4.924e-11  1.000e-12  2.031e+00     7.0643     7.0645     0.0001     5.4127     5.4128     16.347     16.715      0.266    1447.91    1447.91  0.000e+00
       1835     17.000     7.9180     7.9173    -0.0007    0.83247    0.83241          1     7.4691     7.7034       9.96     0.0219  4.924e-11  1.000e-12  2.031e+00     7.0662     7.0659    -0.0003     5.4139     5.4137     16.842     17.222      0.265    1447.94    1447.93  0.000e+00
       1883     17.500     7.9181     7.9187     0.0006    0.83247    0.83248          1     7.4812     7.7078       9.96     0.0218  4.924e-11  1.000e-12  2.031e+00     7.0662     7.0662    -0.0001     5.4139     5.4138     17.338     17.728      0.248    1447.94    1447.95  0.000e+00
       1929     18.000     7.9236     7.9264     0.0028    0.83273    0.83282          1     7.4861     7.7087       9.96     0.0208  4.924e-11  1.000e-12  2.031e+00     7.0674     7.0676     0.0003     5.4143     5.4143     17.833     18.235      0.267    1447.98    1447.99  0.000e+00
       1976     18.500     7.9306     7.9329     0.0023    0.83302    0.83308          1     7.4823     7.7171       9.96     0.0213  4.924e-11  1.000e-12  2.031e+00     7.0686     7.0687     0.0001     5.4148     5.4146     18.328     18.742      0.245    1448.01    1448.02  0.000e+00
       2025     19.000     7.9305     7.9308     0.0003    0.83302    0.83302          1     7.4683     7.7141       9.96     0.0212  4.924e-11  1.000e-12  2.031e+00     7.0685     7.0684    -0.0001     5.4147     5.4146     18.824     19.248      0.259    1448.02    1448.02  0.000e+00
       2068     19.500     7.9369     7.9366    -0.0003    0.83327    0.83324          1     7.4612     7.7115       9.96     0.0211  4.924e-11  1.000e-12  2.031e+00     7.0695     7.0692    -0.0003     5.4150     5.4147     19.319     19.755      0.276    1448.06    1448.05  0.000e+00
       2114     20.000     7.9404     7.9390    -0.0014    0.83341    0.83334          1     7.4676     7.7104       9.96     0.0218  4.924e-11  1.000e-12  2.031e+00     7.0700     7.0696    -0.0004     5.4151     5.4149     19.814     20.261      0.257    1448.08    1448.07  0.000e+00
       2161     20.500     7.9530     7.9544     0.0014    0.83391    0.83391          1     7.4648     7.7081       9.96     0.0210  4.924e-11  1.000e-12  2.031e+00     7.0719     7.0717    -0.0003     5.4156     5.4152     20.310     20.768      0.258    1448.14    1448.15  0.000e+00
       2208     21.000     7.9654     7.9665     0.0011    0.83435    0.83436          1     7.4729     7.7007       9.96     0.0209  4.924e-11  1.000e-12  2.031e+00     7.0734     7.0732    -0.0001     5.4157     5.4155     20.805     21.274      0.248    1448.20    1448.21  0.000e+00
       2256     21.500     7.9787     7.9829     0.0042    0.83484    0.83494          1     7.4636     7.6979       9.96     0.0208  4.924e-11  1.000e-12  2.031e+00     7.0751     7.0752     0.0001     5.4160     5.4157     21.300     21.781      0.261    1448.27    1448.28  0.000e+00
       2300     22.000     7.9934     7.9993     0.0058    0.83541    0.83551          1     7.4530     7.6970       9.96     0.0213  4.924e-11  1.000e-12  2.031e+00     7.0773     7.0770    -0.0003     5.4166     5.4159     21.796     22.287      0.266    1448.34    1448.36  0.000e+00
       2347     22.500     8.0687     8.0768     0.0082    0.83821    0.83839          1     7.4544     7.6944       9.96     0.0208  4.924e-11  1.000e-12  2.031e+00     7.0875     7.0875     0.0000     5.4184     5.4178     22.291     22.794      0.257    1448.67    1448.70  0.000e+00
       2393     23.000     8.0917     8.0945     0.0029    0.83904    0.83908          1     7.4476     7.6847       9.96     0.0205  4.924e-11  1.000e-12  2.031e+00     7.0904     7.0901    -0.0002     5.4188     5.4184     22.786     23.300      0.264    1448.77    1448.78  0.000e+00
       2438     23.500     8.1075     8.1160     0.0085    0.83964    0.83987          1     7.4515     7.6886       9.96     0.0203  4.924e-11  1.000e-12  2.031e+00     7.0926     7.0929     0.0003     5.4193     5.4188     23.282     23.807      0.273    1448.85    1448.88  0.000e+00
       2483     24.000     8.1307     8.1365     0.0058    0.84049    0.84064          1     7.4387     7.6798       9.96     0.0210  4.924e-11  1.000e-12  2.031e+00     7.0955     7.0957     0.0002     5.4196     5.4193     23.777     24.313      0.253    1448.95    1448.98  0.000e+00
       2532     24.500     8.1372     8.1397     0.0026    0.84069    0.84074          1     7.4342     7.6815       9.96     0.0206  4.924e-11  1.000e-12  2.031e+00     7.0960     7.0959    -0.0001     5.4195     5.4192     24.272     24.820      0.244    1448.99    1449.00  0.000e+00
       2579     25.000     8.1395     8.1404     0.0010    0.84075    0.84074          1     7.4372     7.6729       9.96     0.0202  4.924e-11  1.000e-12  2.031e+00     7.0960     7.0957    -0.0003     5.4193     5.4190     24.768     25.326      0.268    1449.01    1449.01  0.000e+00
       2623     25.500     8.1398     8.1410     0.0012    0.84074    0.84074          1     7.4386     7.6676       9.96     0.0201  4.924e-11  1.000e-12  2.031e+00     7.0958     7.0956    -0.0002     5.4191     5.4188     25.263     25.833      0.274    1449.01    1449.02  0.000e+00
       2668     26.000     8.1398     8.1410     0.0013    0.84073    0.84074          1     7.4401     7.6840       9.96     0.0208  4.924e-11  1.000e-12  2.031e+00     7.0957     7.0955    -0.0002     5.4190     5.4188     25.758     26.339      0.263    1449.02    1449.03  0.000e+00
       2713     26.500     8.1401     8.1408     0.0006    0.84074    0.84073          1     7.4471     7.6823       9.96     0.0204  4.924e-11  1.000e-12  2.031e+00     7.0956     7.0954    -0.0002     5.4189     5.4187     26.254     26.846      0.264    1449.03    1449.03  0.000e+00
       2758     27.000     8.1404     8.1411     0.0007    0.84075    0.84074          1     7.4557     7.6839       9.96     0.0207  4.924e-11  1.000e-12  2.031e+00     7.0956     7.0954    -0.0002     5.4189     5.4187     26.749     27.352      0.281    1449.04    1449.04  0.000e+00
       2801     27.500     8.1405     8.1410     0.0006    0.84075    0.84074          1     7.4428     7.6758       9.96     0.0198  4.924e-11  1.000e-12  2.031e+00     7.0955     7.0953    -0.0002     5.4188     5.4186     27.244     27.859      0.253    1449.05    1449.05  0.000e+00
       2853     28.000     8.1407     8.1412     0.0005    0.84075    0.84074          1     7.4482     7.6679       9.96     0.0199  4.924e-11  1.000e-12  2.031e+00     7.0954     7.0953    -0.0001     5.4187     5.4186     27.740     28.366      0.234    1449.06    1449.06  0.000e+00
