ctdpy/tests/etc/all_smhi_bas_2018/SBE09_1044_20180530_1711_34_07_0047.cnv
* Sea-Bird SBE 9 Data File:
* FileName = C:\ctd\temp\2018\AU18D047.hex
* Software Version Seasave V 7.26.6.26
* Temperature SN = 5351
* Conductivity SN = 3941
* Number of Bytes Per Scan = 41
* Number of Voltage Words = 4
* Number of Scans Averaged by the Deck Unit = 1
* NMEA Latitude = 57 18.74 N
* NMEA Longitude = 020 04.58 E
* NMEA UTC (Time) = May 30 2018  17:11:39
* NMEA baud rate = 4800
** Station:  BY15_extra
** Operator:  JKro
** Ship: AURA
** Average sound velocity: 1447.48 m/s
** True-depth calculation Wed, 30 May 2018 18:51:30 +0000
** CTD Python Module SMHI /ver 3-12/ feb 2012 
** LIMS Job: 20183407-0047
** Cruise: SMHI-02-2018
** Latitude [GG MM.mm N] :
** Longitude [GG MM.mm E]:
# nquan = 26
# nvalues = 470                         
# units = specified
# name 0 = scan: Scan Count
# name 1 = prDM: Pressure, Digiquartz [db]
# name 2 = t090C: Temperature [ITS-90, deg C]
# name 3 = t190C: Temperature, 2 [ITS-90, deg C]
# name 4 = T2-T190C: Temperature Difference, 2 - 1 [ITS-90, deg C]
# name 5 = c0S/m: Conductivity [S/m]
# name 6 = c1S/m: Conductivity, 2 [S/m]
# name 7 = pumps: Pump Status
# name 8 = sbeox0ML/L: Oxygen, SBE 43 [ml/l]
# name 9 = sbeox1ML/L: Oxygen, SBE 43, 2 [ml/l]
# name 10 = altM: Altimeter [m]
# name 11 = flECO-AFL: Chl-a Fluorescence, WET Labs ECO-AFL/FL [mg/m^3]
# name 12 = flECO-AFL1: Phycocyanin Fluorescence, WET Labs ECO-AFL/FL, 2 [mg/m^3]
# name 13 = par: PAR/Irradiance, Biospherical/Lico [µE/(cm^2*s)]
# name 14 = turbWETntu0: Turbidity, WET Labs ECO [NTU]
# name 15 = sal00: Salinity, Practical [PSU]
# name 16 = sal11: Salinity, Practical, 2 [PSU]
# name 17 = secS-priS: Salinity, Practical, Difference, 2 - 1 [PSU]
# name 18 = sigma-t00: Density [sigma-t, Kg/m^3 ]
# name 19 = sigma-t11: Density, 2 [sigma-t, Kg/m^3 ]
# name 20 = depSM: Depth [salt water, m], lat = 57.3123
# name 21 = depFM: Depth [true depth, m], lat = 57.3123
# name 22 = dz/dtM: Descent Rate [m/s], WS = 2
# name 23 = svCM: Sound Velocity [Chen-Millero, m/s]
# name 24 = svCM1: Sound Velocity, 2 [Chen-Millero, m/s]
# name 25 = flag: flag
# span 0 =      11456,      23177       
# span 1 =      1.000,    235.500       
# span 2 =     2.8823,    14.6436       
# span 3 =     2.8855,    14.6449       
# span 4 =    -0.1652,     0.4320       
# span 5 =   0.759800,   1.459479       
# span 6 =   0.759795,   1.459470       
# span 7 =          1,          1       
# span 8 =    0.01707,    9.91208       
# span 9 =    0.01865,   10.11863       
# span 10 =      -1.52,      98.71      
# span 11 =     0.2118,     8.9025      
# span 12 =     0.1484,     0.8930      
# span 13 = 1.0000e-12, 3.8163e+02      
# span 14 =     0.1193,     0.5053      
# span 15 =     7.2323,    13.2903      
# span 16 =     7.2333,    13.2899      
# span 17 =    -0.0270,     0.0014      
# span 18 =     4.7527,    10.3741      
# span 19 =     4.7521,    10.3737      
# span 20 =      0.991,    233.198      
# span 21 =      1.014,    237.823      
# span 22 =      0.159,      0.589      
# span 23 =    1426.95,    1473.33      
# span 24 =    1426.97,    1473.33      
# span 25 = 0.0000e+00, 0.0000e+00      
# interval = decibars: 0.5              
# start_time = May 30 2018 17:11:39 [NMEA time, first data scan]
# bad_flag = -9.990e-29
*END*
[from data line 223]
      17374    112.500     6.7091     6.7092     0.0001    1.30767    1.30749          1     0.6040     0.6111      98.71     0.4275     0.2365  1.000e-12  0.1418000    11.8905    11.8887    -0.0017     9.2910     9.2897    111.434    113.797      0.497    1450.47    1450.47  0.000e+00
      17399    113.000     6.7109     6.7135     0.0026    1.30962    1.30961          1     0.6137     0.6029      98.71     0.4195     0.2558  1.000e-12  0.1485000    11.9090    11.9080    -0.0010     9.3055     9.3045    111.929    114.301      0.484    1450.51    1450.52  0.000e+00
      17423    113.500     6.6692     6.6708     0.0015    1.30907    1.30904          1     0.5759     0.5542      98.71     0.3782     0.2400  1.000e-12  0.1498000    11.9179    11.9171    -0.0008     9.3156     9.3149    112.424    114.806      0.505    1450.36    1450.36  0.000e+00
      17447    114.000     6.6776     6.6776    -0.0000    1.31100    1.31089          1     0.5654     0.5587      98.71     0.3707     0.2622  1.000e-12  0.1516000    11.9339    11.9328    -0.0011     9.3275     9.3267    112.919    115.310      0.507    1450.42    1450.42  0.000e+00
      17471    114.500     6.6858     6.6865     0.0007    1.31230    1.31222          1     0.5819     0.5764      98.71     0.3841     0.2343  1.000e-12  0.1540000    11.9437    11.9428    -0.0009     9.3347     9.3339    113.414    115.815      0.495    1450.47    1450.47  0.000e+00
      17495    115.000     6.6783     6.6818     0.0034    1.31326    1.31326          1     0.5668     0.5433      98.71     0.4112     0.2334  1.000e-12  0.1525000    11.9558    11.9546    -0.0012     9.3447     9.3435    113.909    116.319      0.507    1450.46    1450.48  0.000e+00
      17518    115.500     6.6118     6.6175     0.0057    1.31179    1.31189          1     0.5048     0.4664      98.71     0.3933     0.2869  1.000e-12  0.1423000    11.9644    11.9633    -0.0010     9.3564     9.3552    114.404    116.824      0.507    1450.21    1450.23  0.000e+00
      17542    116.000     6.5433     6.5472     0.0039    1.31014    1.31016          1     0.4307     0.3901      98.71     0.4370     0.2804  1.000e-12  0.1452000    11.9718    11.9707    -0.0012     9.3675     9.3662    114.899    117.329      0.486    1449.94    1449.95  0.000e+00
      17567    116.500     6.5157     6.5175     0.0018    1.31043    1.31036          1     0.3754     0.3457      98.71     0.3847     0.2353  1.000e-12  0.1546000    11.9842    11.9830    -0.0012     9.3792     9.3781    115.394    117.833      0.491    1449.85    1449.85  0.000e+00
      17591    117.000     6.5495     6.5476    -0.0019    1.31455    1.31429          1     0.3567     0.3420      98.71     0.4069     0.2026  1.000e-12  0.1487000    12.0131    12.0112    -0.0020     9.3994     9.3980    115.890    118.338      0.511    1450.03    1450.02  0.000e+00
      17614    117.500     6.6293     6.6258    -0.0034    1.32130    1.32106          1     0.3585     0.3435      98.71     0.3971     0.2218  1.000e-12  0.1556000    12.0517    12.0505    -0.0012     9.4238     9.4231    116.385    118.842      0.506    1450.42    1450.41  0.000e+00
      17639    118.000     6.6006     6.6047     0.0040    1.32274    1.32273          1     0.3340     0.3130      98.71     0.4063     0.2303  1.000e-12  0.1552000    12.0759    12.0745    -0.0014     9.4449     9.4435    116.880    119.347      0.498    1450.34    1450.35  0.000e+00
      17662    118.500     6.5805     6.5815     0.0011    1.32366    1.32358          1     0.3069     0.2843      98.71     0.4073     0.2285  1.000e-12  0.1507000    12.0920    12.0909    -0.0012     9.4591     9.4581    117.375    119.851      0.506    1450.28    1450.29  0.000e+00
      17686    119.000     6.5915     6.5906    -0.0009    1.32616    1.32593          1     0.2880     0.2685      98.71     0.4259     0.2532  1.000e-12  0.1686000    12.1127    12.1108    -0.0020     9.4746     9.4731    117.870    120.356      0.498    1450.36    1450.36  0.000e+00
      17711    119.500     6.6084     6.6090     0.0006    1.32837    1.32831          1     0.2603     0.2343      98.71     0.3868     0.2192  1.000e-12  0.1643000    12.1285    12.1277    -0.0008     9.4857     9.4850    118.365    120.860      0.493    1450.46    1450.46  0.000e+00
      17735    120.000     6.6057     6.6065     0.0008    1.32953    1.32946          1     0.2167     0.1851      98.71     0.4035     0.2050  1.000e-12  0.1534000    12.1409    12.1399    -0.0010     9.4956     9.4947    118.860    121.365      0.498    1450.47    1450.48  0.000e+00
      17759    120.500     6.6083     6.6101     0.0017    1.33193    1.33182          1     0.1663     0.1316      98.71     0.4125     0.1789  1.000e-12  0.1626000    12.1636    12.1619    -0.0017     9.5132     9.5118    119.355    121.869      0.502    1450.52    1450.53  0.000e+00
      17783    121.000     6.5911     6.5927     0.0016    1.33397    1.33386          1     0.1256     0.0981      98.71     0.4600     0.2484  1.000e-12  0.1882000    12.1898    12.1881    -0.0017     9.5351     9.5336    119.850    122.374      0.503    1450.49    1450.49  0.000e+00
      17806    121.500     6.6102     6.6096    -0.0006    1.33741    1.33722          1     0.1105     0.0990      98.71     0.4643     0.2644  1.000e-12  0.1956000    12.2169    12.2152    -0.0017     9.5549     9.5537    120.346    122.878      0.507    1450.61    1450.61  0.000e+00
      17830    122.000     6.6298     6.6297    -0.0001    1.34024    1.34012          1     0.1097     0.1018      98.71     0.4434     0.2294  1.000e-12  0.1832000    12.2378    12.2367    -0.0012     9.5699     9.5690    120.841    123.382      0.505    1450.73    1450.73  0.000e+00
      17854    122.500     6.6533     6.6529    -0.0005    1.34238    1.34225          1     0.0912     0.0727      98.71     0.4528     0.2298  1.000e-12  0.1748000    12.2505    12.2494    -0.0011     9.5780     9.5772    121.336    123.887      0.489    1450.85    1450.85  0.000e+00
      17879    123.000     6.6633     6.6638     0.0006    1.34414    1.34404          1     0.0647     0.0433      98.71     0.4040     0.2249  1.000e-12  0.1802000    12.2642    12.2630    -0.0012     9.5881     9.5871    121.831    124.391      0.494    1450.92    1450.92  0.000e+00
      17903    123.500     6.6653     6.6664     0.0011    1.34641    1.34632          1     0.0516     0.0361      98.71     0.4334     0.2369  1.000e-12  0.1966000    12.2859    12.2845    -0.0013     9.6049     9.6038    122.326    124.896      0.513    1450.96    1450.96  0.000e+00
      17926    124.000     6.6638     6.6654     0.0016    1.34809    1.34800          1     0.0473     0.0426      98.69     0.4909     0.2314  1.000e-12  0.2281000    12.3029    12.3014    -0.0014     9.6184     9.6171    122.821    125.400      0.507    1450.98    1450.99  0.000e+00
      17950    124.500     6.6325     6.6350     0.0025    1.34964    1.34959          1     0.0612     0.0623      98.69     0.5469     0.2329  1.000e-12  0.2186000    12.3293    12.3279    -0.0013     9.6415     9.6403    123.316    125.905      0.490    1450.89    1450.90  0.000e+00
      17975    125.000     6.6293     6.6297     0.0004    1.35100    1.35092          1     0.0815     0.0844      98.68     0.3721     0.2567  1.000e-12  0.1759000    12.3438    12.3429    -0.0010     9.6532     9.6524    123.811    126.409      0.503    1450.91    1450.91  0.000e+00
      17998    125.500     6.6298     6.6309     0.0011    1.35216    1.35206          1     0.0888     0.0873      98.68     0.3977     0.2140  1.000e-12  0.2039000    12.3550    12.3537    -0.0013     9.6619     9.6608    124.306    126.913      0.510    1450.93    1450.93  0.000e+00
      18022    126.000     6.6339     6.6346     0.0008    1.35423    1.35415          1     0.0803     0.0703      98.68     0.4063     0.2377  1.000e-12  0.1989000    12.3739    12.3729    -0.0010     9.6765     9.6756    124.801    127.418      0.492    1450.98    1450.98  0.000e+00
      18047    126.500     6.6388     6.6395     0.0006    1.35558    1.35552          1     0.0722     0.0648      98.69     0.3307     0.1785  1.000e-12  0.1926000    12.3855    12.3846    -0.0009     9.6852     9.6844    125.296    127.922      0.493    1451.02    1451.02  0.000e+00
      18070    127.000     6.6423     6.6430     0.0007    1.35664    1.35659          1     0.0764     0.0711      98.69     0.3471     0.2073  1.000e-12  0.1975000    12.3945    12.3938    -0.0008     9.6920     9.6914    125.792    128.427      0.514    1451.06    1451.06  0.000e+00
      18094    127.500     6.6476     6.6482     0.0006    1.35818    1.35811          1     0.0708     0.0607      98.69     0.4211     0.2450  1.000e-12  0.1971000    12.4078    12.4069    -0.0009     9.7020     9.7013    126.287    128.931      0.510    1451.10    1451.10  0.000e+00
      18118    128.000     6.6536     6.6542     0.0006    1.35993    1.35985          1     0.0554     0.0448      98.69     0.3854     0.2458  1.000e-12  0.1973000    12.4228    12.4218    -0.0010     9.7133     9.7125    126.782    129.435      0.493    1451.16    1451.16  0.000e+00
      18142    128.500     6.6600     6.6607     0.0007    1.36176    1.36169          1     0.0474     0.0374      98.70     0.4046     0.2368  1.000e-12  0.2059000    12.4385    12.4376    -0.0010     9.7252     9.7244    127.277    129.940      0.500    1451.21    1451.21  0.000e+00
      18166    129.000     6.6643     6.6650     0.0007    1.36330    1.36323          1     0.0430     0.0357      98.71     0.5220     0.2776  1.000e-12  0.2507000    12.4521    12.4511    -0.0010     9.7355     9.7347    127.772    130.444      0.507    1451.25    1451.25  0.000e+00
      18189    129.500     6.6692     6.6697     0.0006    1.36492    1.36484          1     0.0375     0.0316      98.71     0.4938     0.2830  1.000e-12  0.3795000    12.4663    12.4652    -0.0011     9.7463     9.7454    128.267    130.948      0.495    1451.30    1451.30  0.000e+00
      18214    130.000     6.6757     6.6762     0.0004    1.36665    1.36655          1     0.0374     0.0327      98.71     0.4026     0.2565  1.000e-12  0.4452000    12.4809    12.4798    -0.0011     9.7573     9.7563    128.762    131.453      0.498    1451.35    1451.35  0.000e+00
      18238    130.500     6.6849     6.6850     0.0001    1.36916    1.36902          1     0.0371     0.0321      98.71     0.4114     0.2580  1.000e-12  0.4569000    12.5023    12.5009    -0.0015     9.7734     9.7722    129.257    131.957      0.516    1451.43    1451.42  0.000e+00
      18261    131.000     6.6944     6.6949     0.0006    1.37128    1.37122          1     0.0360     0.0352      98.71     0.4058     0.2838  1.000e-12  0.4543000    12.5197    12.5189    -0.0008     9.7863     9.7857    129.752    132.461      0.511    1451.49    1451.50  0.000e+00
      18285    131.500     6.6989     6.6997     0.0008    1.37231    1.37226          1     0.0386     0.0356      98.71     0.3772     0.3130  1.000e-12  0.2132000    12.5281    12.5273    -0.0008     9.7925     9.7919    130.247    132.966      0.494    1451.53    1451.53  0.000e+00
      18309    132.000     6.7028     6.7036     0.0008    1.37357    1.37350          1     0.0388     0.0329      98.71     0.3887     0.2449  1.000e-12  0.2444000    12.5391    12.5381    -0.0010     9.8009     9.8001    130.742    133.470      0.499    1451.57    1451.57  0.000e+00
      18333    132.500     6.7067     6.7074     0.0007    1.37499    1.37494          1     0.0363     0.0328      98.71     0.3338     0.2072  1.000e-12  0.1905000    12.5516    12.5509    -0.0007     9.8104     9.8097    131.238    133.974      0.512    1451.61    1451.61  0.000e+00
      18356    133.000     6.7099     6.7106     0.0007    1.37611    1.37604          1     0.0344     0.0322      98.71     0.3117     0.1936  1.000e-12  0.1858000    12.5614    12.5605    -0.0009     9.8178     9.8171    131.733    134.479      0.508    1451.64    1451.64  0.000e+00
      18380    133.500     6.7149     6.7155     0.0006    1.37756    1.37749          1     0.0362     0.0314      98.71     0.3969     0.2396  1.000e-12  0.1851000    12.5739    12.5729    -0.0009     9.8272     9.8264    132.228    134.983      0.505    1451.69    1451.69  0.000e+00
      18403    134.000     6.7205     6.7212     0.0007    1.37910    1.37903          1     0.0378     0.0335      98.71     0.4178     0.2178  1.000e-12  0.1816000    12.5868    12.5860    -0.0009     9.8370     9.8362    132.723    135.487      0.514    1451.73    1451.74  0.000e+00
      18427    134.500     6.7252     6.7259     0.0007    1.38042    1.38036          1     0.0360     0.0332      98.71     0.3506     0.2070  1.000e-12  0.1694000    12.5981    12.5973    -0.0008     9.8455     9.8447    133.218    135.992      0.502    1451.78    1451.78  0.000e+00
      18451    135.000     6.7303     6.7309     0.0006    1.38173    1.38166          1     0.0369     0.0320      98.70     0.3635     0.1834  1.000e-12  0.2056000    12.6091    12.6082    -0.0009     9.8537     9.8529    133.713    136.496      0.493    1451.82    1451.82  0.000e+00
      18475    135.500     6.7360     6.7367     0.0007    1.38335    1.38329          1     0.0361     0.0326      98.70     0.3216     0.1631  1.000e-12  0.1987000    12.6230    12.6221    -0.0009     9.8641     9.8634    134.208    137.000      0.516    1451.87    1451.87  0.000e+00
      18498    136.000     6.7413     6.7419     0.0007    1.38494    1.38487          1     0.0306     0.0325      98.70     0.3619     0.1885  1.000e-12  0.1810000    12.6366    12.6357    -0.0010     9.8744     9.8736    134.703    137.505      0.529    1451.92    1451.92  0.000e+00
      18521    136.500     6.7457     6.7464     0.0007    1.38634    1.38629          1     0.0331     0.0326      98.71     0.4454     0.2464  1.000e-12  0.1689000    12.6487    12.6480    -0.0007     9.8836     9.8830    135.198    138.009      0.515    1451.96    1451.96  0.000e+00
      18544    137.000     6.7495     6.7503     0.0008    1.38738    1.38735          1     0.0339     0.0327      98.70     0.4374     0.2642  1.000e-12  0.1560000    12.6575    12.6569    -0.0006     9.8902     9.8897    135.693    138.513      0.508    1451.99    1451.99  0.000e+00
      18568    137.500     6.7529     6.7537     0.0008    1.38845    1.38839          1     0.0324     0.0327      98.70     0.3655     0.2442  1.000e-12  0.1500000    12.6667    12.6658    -0.0009     9.8971     9.8964    136.188    139.017      0.516    1452.03    1452.03  0.000e+00
      18591    138.000     6.7578     6.7584     0.0006    1.39007    1.38999          1     0.0331     0.0318      98.71     0.3516     0.2233  1.000e-12  0.1509000    12.6808    12.6798    -0.0010     9.9078     9.9070    136.683    139.522      0.508    1452.07    1452.07  0.000e+00
      18615    138.500     6.7639     6.7645     0.0006    1.39197    1.39192          1     0.0328     0.0300      98.70     0.2911     0.2094  1.000e-12  0.1591000    12.6973    12.6965    -0.0008     9.9203     9.9196    137.178    140.026      0.493    1452.13    1452.13  0.000e+00
      18639    139.000     6.7677     6.7685     0.0008    1.39318    1.39316          1     0.0329     0.0314      98.70     0.3050     0.1852  1.000e-12  0.1492000    12.7077    12.7072    -0.0006     9.9282     9.9277    137.673    140.530      0.501    1452.16    1452.17  0.000e+00
      18663    139.500     6.7699     6.7707     0.0009    1.39395    1.39393          1     0.0323     0.0322      98.71     0.3266     0.1966  1.000e-12  0.1506000    12.7144    12.7139    -0.0005     9.9332     9.9328    138.168    141.034      0.506    1452.19    1452.19  0.000e+00
