ctdpy/tests/etc/all_smhi_bas_2018/SBE09_1044_20181206_1457_34_01_0158.cnv
* Sea-Bird SBE 9 Data File:
* FileName = C:\ctd\temp\ar18d158.hex
* Software Version Seasave V 7.26.7.107
* Temperature SN = 5351
* Conductivity SN = 3941
* Number of Bytes Per Scan = 41
* Number of Voltage Words = 4
* Number of Scans Averaged by the Deck Unit = 1
* NMEA Latitude = 55 23.00 N
* NMEA Longitude = 015 20.03 E
* NMEA UTC (Time) = Dec 06 2018  14:57:31
* NMEA baud rate = 4800
** Station:  BY4
** Operator:  ASkj
** Ship: ARANDA
** Average sound velocity: 1456.51 m/s
** True-depth calculation Sun, 09 Dec 2018 14:58:52 +0000
** CTD Python Module SMHI /ver 3-12/ feb 2012 
** LIMS Job: 20183401-0158
** Cruise: SMHI-7-2018
** Latitude [GG MM.mm N]:
** Longitude [GG MM.mm E]
# nquan = 26
# nvalues = 165                         
# units = specified
# name 0 = scan: Scan Count
# name 1 = prDM: Pressure, Digiquartz [db]
# name 2 = t090C: Temperature [ITS-90, deg C]
# name 3 = t190C: Temperature, 2 [ITS-90, deg C]
# name 4 = T2-T190C: Temperature Difference, 2 - 1 [ITS-90, deg C]
# name 5 = c0S/m: Conductivity [S/m]
# name 6 = c1S/m: Conductivity, 2 [S/m]
# name 7 = pumps: Pump Status
# name 8 = sbeox0ML/L: Oxygen, SBE 43 [ml/l]
# name 9 = sbeox1ML/L: Oxygen, SBE 43, 2 [ml/l]
# name 10 = altM: Altimeter [m]
# name 11 = flECO-AFL: Chl-a Fluorescence, WET Labs ECO-AFL/FL [mg/m^3]
# name 12 = flECO-AFL1: Phycocyanin Fluorescence, WET Labs ECO-AFL/FL, 2 [mg/m^3]
# name 13 = par: PAR/Irradiance, Biospherical/Lico [µE/(cm^2*s)]
# name 14 = turbWETntu0: Turbidity, WET Labs ECO [NTU]
# name 15 = sal00: Salinity, Practical [PSU]
# name 16 = sal11: Salinity, Practical, 2 [PSU]
# name 17 = secS-priS: Salinity, Practical, Difference, 2 - 1 [PSU]
# name 18 = sigma-t00: Density [sigma-t, Kg/m^3 ]
# name 19 = sigma-t11: Density, 2 [sigma-t, Kg/m^3 ]
# name 20 = depSM: Depth [salt water, m], lat = 55.3833
# name 21 = depFM: Depth [true depth, m], lat = 55.3833
# name 22 = dz/dtM: Descent Rate [m/s], WS = 2
# name 23 = svCM: Sound Velocity [Chen-Millero, m/s]
# name 24 = svCM1: Sound Velocity, 2 [Chen-Millero, m/s]
# name 25 = flag: flag
# span 0 =      19620,      23890       
# span 1 =      2.000,     84.000       
# span 2 =     7.4970,    11.7154       
# span 3 =     7.4981,    11.7215       
# span 4 =    -0.0799,     0.2640       
# span 5 =   0.896573,   2.028786       
# span 6 =   0.896567,   2.029069       
# span 7 =          1,          1       
# span 8 =    0.07642,    7.76643       
# span 9 =    0.09847,    7.78627       
# span 10 =       5.00,      98.22      
# span 11 =     0.2165,     1.1981      
# span 12 =     0.1570,     0.4239      
# span 13 = 1.0000e-12, 5.6169e-02      
# span 14 =     0.1734,     0.7300      
# span 15 =     7.7472,    17.2650      
# span 16 =     7.7468,    17.2658      
# span 17 =    -0.1298,     0.5143      
# span 18 =     5.9794,    13.0874      
# span 19 =     5.9789,    13.0874      
# span 20 =      1.982,     83.223      
# span 21 =      2.025,     84.857      
# span 22 =     -0.166,      1.084      
# span 23 =    1446.86,    1472.65      
# span 24 =    1446.88,    1472.64      
# span 25 = 0.0000e+00, 0.0000e+00      
# interval = decibars: 0.5              
# start_time = Dec 06 2018 14:57:31 [NMEA time, first data scan]
# bad_flag = -9.990e-29
*END*
[from data line 112]
      22162     58.000    11.6889    11.6899     0.0010    1.76897    1.76777          1     3.1244     2.9551      31.69     0.2536     0.2218  1.000e-12  0.1787000    14.3739    14.3629    -0.0110    10.6715    10.6628     57.467     58.697      0.911    1472.09    1472.09  0.000e+00
      22175     58.500    11.6696    11.6731     0.0034    1.78861    1.78816          1     2.7186     2.5556      31.27     0.2464     0.2218  1.000e-12  0.1793000    14.5551    14.5498    -0.0053    10.8143    10.8097     57.963     59.201      0.894    1472.25    1472.25  0.000e+00
      22189     59.000    11.5315    11.5384     0.0068    1.79666    1.79604          1     2.5155     2.4034      30.91     0.2171     0.2439  1.000e-12  0.1783000    14.6807    14.6724    -0.0082    10.9312    10.9238     58.458     59.705      0.766    1471.90    1471.91  0.000e+00
      22208     59.500    11.6255    11.6161    -0.0092    1.83815    1.83543          1     2.5385     2.5255      30.31     0.2165     0.2237  1.000e-12  0.1792000    15.0119    14.9915    -0.0204    11.1737    11.1592     58.953     60.209      0.544    1472.65    1472.59  0.000e+00
      22237     60.000    11.5531    11.5714     0.0183    1.85061    1.85090          1     2.3719     2.4141      29.63     0.2235     0.1933  1.000e-12  0.1840000    15.1523    15.1474    -0.0049    11.2926    11.2862     59.449     60.712      0.364    1472.56    1472.62  0.000e+00
      22271     60.500    11.5018    11.4890    -0.0127    1.85857    1.85550          1     1.8010     1.7934      29.03     0.2474     0.1570  1.000e-12  0.1973000    15.2440    15.2219    -0.0222    11.3710    11.3557     59.944     61.216      0.409    1472.49    1472.41  0.000e+00
      22296     61.000    11.4555    11.4751     0.0194    1.87428    1.87471          1     1.3898     1.3337      28.58     0.2519     0.2354  1.000e-12  0.2098000    15.4037    15.3994    -0.0043    11.5011    11.4950     60.439     61.719      0.608    1472.52    1472.58  0.000e+00
      22313     61.500    11.2574    11.2626     0.0052    1.87535    1.87500          1     1.1971     1.1424      28.17     0.2546     0.2198  1.000e-12  0.2081000    15.4956    15.4903    -0.0053    11.6005    11.5957     60.935     62.223      0.753    1471.90    1471.92  0.000e+00
      22328     62.000    11.2691    11.2663    -0.0028    1.88592    1.88526          1     1.1911     1.1664      27.80     0.2578     0.1782  1.000e-12  0.2046000    15.5858    15.5810    -0.0048    11.6686    11.6654     61.430     62.726      0.782    1472.07    1472.05  0.000e+00
      22344     62.500    11.2749    11.2783     0.0033    1.89545    1.89521          1     1.2552     1.2607      27.24     0.2686     0.1878  1.000e-12  0.1990000    15.6691    15.6655    -0.0036    11.7323    11.7291     61.925     63.230      0.711    1472.19    1472.20  0.000e+00
      22362     63.000    11.1736    11.1830     0.0093    1.89369    1.89396          1     1.2713     1.2889      26.74     0.2713     0.1923  1.000e-12  0.2201000    15.6960    15.6945    -0.0016    11.7675    11.7649     62.420     63.733      0.564    1471.86    1471.89  0.000e+00
      22390     63.500    11.1088    11.1064    -0.0024    1.89274    1.89196          1     1.2824     1.2967      26.10     0.2584     0.2111  1.000e-12  0.2445000    15.7148    15.7088    -0.0060    11.7912    11.7869     62.916     64.236      0.358    1471.65    1471.64  0.000e+00
      22430     64.000    11.1956    11.1823    -0.0133    1.90556    1.90379          1     1.2331     1.2545      25.40     0.2494     0.2363  1.000e-12  0.2581000    15.7936    15.7833    -0.0103    11.8399    11.8338     63.411     64.740      0.389    1472.07    1472.01  0.000e+00
      22453     64.500    11.1653    11.1838     0.0184    1.90640    1.90738          1     0.9763     0.9736      25.05     0.2605     0.2225  1.000e-12  0.2547000    15.8140    15.8151     0.0010    11.8599    11.8581     63.906     65.243      0.682    1472.00    1472.07  0.000e+00
      22468     65.000    10.5926    10.6295     0.0367    1.87451    1.87650          1     0.7936     0.7721      24.66     0.2690     0.2344  1.000e-12  0.2541000    15.7691    15.7714     0.0023    11.9040    11.9008     64.402     65.746      0.823    1469.82    1469.96  0.000e+00
      22481     65.500    10.3369    10.3203    -0.0164    1.86705    1.86559          1     0.7255     0.7103      24.21     0.2724     0.2760  1.000e-12  0.2542000    15.8107    15.8045    -0.0062    11.9705    11.9679     64.897     66.250      0.826    1468.92    1468.85  0.000e+00
      22496     66.000    10.7115    10.6990    -0.0127    1.90268    1.90145          1     0.8125     0.8258      23.71     0.2622     0.2456  1.000e-12  0.3545000    15.9754    15.9696    -0.0058    12.0480    12.0452     65.392     66.753      0.689    1470.53    1470.48  0.000e+00
      22520     66.500    10.9964    10.9834    -0.0129    1.93330    1.93221          1     1.0186     1.0651      23.06     0.2842     0.2101  1.000e-12  0.3701000    16.1305    16.1262    -0.0043    12.1287    12.1272     65.888     67.256      0.408    1471.78    1471.73  0.000e+00
      22558     67.000    11.1232    11.1155    -0.0078    1.94653    1.94562          1     1.0756     1.1088      22.32     0.2626     0.1742  1.000e-12  0.2704000    16.1952    16.1903    -0.0049    12.1610    12.1583     66.383     67.759      0.392    1472.34    1472.30  0.000e+00
      22581     67.500    11.1126    11.1179     0.0054    1.95161    1.95163          1     0.9937     1.0072      21.93     0.2740     0.2412  1.000e-12  0.2725000    16.2459    16.2436    -0.0022    12.2017    12.1993     66.878     68.262      0.665    1472.37    1472.38  0.000e+00
      22596     68.000    10.9614    10.9678     0.0063    1.94719    1.94744          1     0.9677     0.9788      21.56     0.2647     0.2560  1.000e-12  0.3021000    16.2721    16.2716    -0.0005    12.2434    12.2420     67.374     68.765      0.771    1471.85    1471.87  0.000e+00
      22611     68.500    10.9589    10.9559    -0.0030    1.95428    1.95372          1     0.9578     0.9716      21.12     0.2618     0.1929  1.000e-12  0.3084000    16.3377    16.3339    -0.0038    12.2945    12.2920     67.869     69.268      0.739    1471.93    1471.91  0.000e+00
      22629     69.000    11.0378    11.0326    -0.0053    1.96492    1.96438          1     0.9029     0.9148      20.58     0.2609     0.2153  1.000e-12  0.3027000    16.3995    16.3969    -0.0026    12.3313    12.3300     68.364     69.772      0.577    1472.30    1472.28  0.000e+00
      22657     69.500    11.1081    11.1076    -0.0005    1.97418    1.97399          1     0.7888     0.7923      19.91     0.2555     0.2000  1.000e-12  0.2642000    16.4523    16.4509    -0.0014    12.3622    12.3612     68.860     70.275      0.379    1472.63    1472.63  0.000e+00
      22690     70.000    11.0996    11.1017     0.0021    1.97632    1.97623          1     0.7514     0.7638      19.33     0.2748     0.2371  1.000e-12  0.2352000    16.4755    16.4737    -0.0018    12.3814    12.3797     69.355     70.778      0.465    1472.64    1472.64  0.000e+00
      22711     70.500    10.9571    10.9707     0.0134    1.96985    1.97063          1     0.6965     0.7087      19.00     0.2725     0.2297  1.000e-12  0.2426000    16.4800    16.4811     0.0011    12.4049    12.4038     69.850     71.281      0.652    1472.12    1472.17  0.000e+00
      22728     71.000    10.4079    10.4183     0.0106    1.94132    1.94202          1     0.5963     0.6044      18.56     0.2733     0.2260  1.000e-12  0.2705000    16.4643    16.4661     0.0018    12.4682    12.4682     70.346     71.784      0.719    1470.06    1470.10  0.000e+00
      22744     71.500    10.2587    10.2597     0.0010    1.93788    1.93785          1     0.5490     0.5671      18.12     0.2798     0.2454  1.000e-12  0.3298000    16.4997    16.4990    -0.0007    12.5157    12.5150     70.841     72.287      0.673    1469.55    1469.56  0.000e+00
      22764     72.000    10.2724    10.2704    -0.0020    1.94386    1.94329          1     0.5375     0.5650      17.50     0.2803     0.1960  1.000e-12  0.4011000    16.5489    16.5446    -0.0043    12.5520    12.5489     71.336     72.790      0.555    1469.67    1469.66  0.000e+00
      22789     72.500    10.3168    10.3153    -0.0014    1.95528    1.95463          1     0.5082     0.5283      16.87     0.2624     0.2140  1.000e-12  0.4359000    16.6345    16.6292    -0.0053    12.6126    12.6086     71.831     73.293      0.437    1469.95    1469.94  0.000e+00
      22819     73.000    10.3600    10.3596    -0.0004    1.96341    1.96329          1     0.5203     0.5446      16.32     0.2689     0.1922  1.000e-12  0.4379000    16.6902    16.6893    -0.0009    12.6500    12.6493     72.327     73.796      0.421    1470.19    1470.18  0.000e+00
      22845     73.500    10.3810    10.3815     0.0006    1.96928    1.96924          1     0.5585     0.5925      15.86     0.2827     0.2146  1.000e-12  0.3911000    16.7349    16.7342    -0.0006    12.6818    12.6813     72.822     74.298      0.566    1470.33    1470.33  0.000e+00
      22863     74.000    10.3352    10.3384     0.0032    1.97060    1.97080          1     0.4574     0.4739      14.77     0.2983     0.2269  1.000e-12  0.3643000    16.7679    16.7684     0.0005    12.7136    12.7135     73.317     74.801      0.698    1470.20    1470.22  0.000e+00
      22879     74.500    10.1860    10.1881     0.0021    1.96250    1.96264          1     0.3247     0.3200      14.59     0.2785     0.2337  1.000e-12  0.4267000    16.7611    16.7614     0.0003    12.7282    12.7282     73.813     75.304      0.719    1469.64    1469.65  0.000e+00
      22896     75.000    10.1005    10.1022     0.0016    1.95879    1.95887          1     0.2450     0.2416      13.89     0.2758     0.2236  1.000e-12  0.4652000    16.7658    16.7658    -0.0001    12.7431    12.7429     74.308     75.807      0.622    1469.33    1469.34  0.000e+00
      22920     75.500    10.0078    10.0072    -0.0006    1.95562    1.95569          1     0.2116     0.2258      13.47     0.2811     0.1934  1.000e-12  0.5495000    16.7789    16.7798     0.0009    12.7654    12.7661     74.803     76.310      0.443    1469.01    1469.01  0.000e+00
      22951     76.000     9.9042     9.9044     0.0002    1.95163    1.95178          1     0.1673     0.1828      13.19     0.2818     0.2008  1.000e-12  0.6404000    16.7893    16.7907     0.0014    12.7869    12.7879     75.299     76.813      0.429    1468.63    1468.64  0.000e+00
      22975     76.500     9.8634     9.8642     0.0009    1.95118    1.95122          1     0.1216     0.1379      12.79     0.2767     0.2190  1.000e-12  0.6825000    16.8039    16.8039     0.0001    12.8035    12.8034     75.794     77.316      0.577    1468.51    1468.51  0.000e+00
      22994     77.000     9.8218     9.8234     0.0017    1.95009    1.95018          1     0.0981     0.1161      12.34     0.2752     0.2087  1.000e-12  0.7067000    16.8128    16.8129     0.0001    12.8158    12.8156     76.289     77.818      0.641    1468.36    1468.37  0.000e+00
      23012     77.500     9.7780     9.7795     0.0016    1.94899    1.94907          1     0.0875     0.1076      11.86     0.2796     0.1923  1.000e-12  0.7300000    16.8227    16.8227    -0.0000    12.8291    12.8289     76.784     78.321      0.630    1468.22    1468.22  0.000e+00
      23032     78.000     9.7510     9.7526     0.0016    1.94841    1.94848          1     0.0785     0.1044      11.35     0.2702     0.1925  1.000e-12  0.6125000    16.8296    16.8297     0.0000    12.8379    12.8377     77.280     78.824      0.597    1468.13    1468.14  0.000e+00
      23052     78.500     9.7628     9.7637     0.0009    1.95016    1.95023          1     0.0764     0.0985      10.55     0.2780     0.1925  1.000e-12  0.5214000    16.8406    16.8408     0.0003    12.8449    12.8450     77.775     79.327      0.574    1468.20    1468.20  0.000e+00
      23074     79.000     9.8398     9.8375    -0.0023    1.95743    1.95731          1     0.0931     0.1168      10.12     0.2958     0.1773  1.000e-12  0.4408000    16.8730    16.8730    -0.0000    12.8602    12.8605     78.270     79.830      0.526    1468.54    1468.53  0.000e+00
      23099     79.500     9.9200     9.9200     0.0000    1.96569    1.96580          1     0.1444     0.1813       9.41     0.3018     0.1714  1.000e-12  0.4543000    16.9131    16.9140     0.0009    12.8811    12.8818     78.766     80.332      0.435    1468.90    1468.90  0.000e+00
      23128     80.000     9.9832     9.9852     0.0020    1.97356    1.97404          1     0.1849     0.2135       8.93     0.2886     0.1779  1.000e-12  0.4943000    16.9572    16.9608     0.0036    12.9071    12.9096     79.261     80.835      0.458    1469.20    1469.21  0.000e+00
      23152     80.500    10.0548    10.0562     0.0014    1.98286    1.98306          1     0.2202     0.2524       8.61     0.2875     0.2074  1.000e-12  0.4103000    17.0107    17.0119     0.0012    12.9393    12.9400     79.756     81.338      0.531    1469.55    1469.55  0.000e+00
      23174     81.000    10.1359    10.1369     0.0010    1.99449    1.99457          1     0.3363     0.3910       8.01     0.2905     0.2230  1.000e-12  0.3846000    17.0814    17.0816     0.0002    12.9834    12.9835     80.251     81.841      0.479    1469.95    1469.95  0.000e+00
      23206     81.500    10.2145    10.2297     0.0153    2.00287    2.00517          1     0.4723     0.5434       7.48     0.2938     0.1828  1.000e-12  0.3794000    17.1225    17.1368     0.0143    13.0049    13.0140     80.747     82.343      0.314    1470.30    1470.37  0.000e+00
      23248     82.000    10.3241    10.3358     0.0118    2.01686    2.01815          1     0.5740     0.6193       7.01     0.2636     0.1913  1.000e-12  0.3578000    17.2011    17.2077     0.0065    13.0513    13.0548     81.242     82.846      0.344    1470.82    1470.87  0.000e+00
      23277     82.500    10.4235    10.4276     0.0040    2.02879    2.02907          1     0.5933     0.6217       6.58     0.2683     0.2038  1.000e-12  0.3375000    17.2650    17.2658     0.0007    13.0874    13.0874     81.737     83.349      0.440    1471.27    1471.29  0.000e+00
      23332     83.000    10.3977    10.4231     0.0251    2.02487    2.02861          1     0.5057     0.5397       6.05     0.2777     0.2213  1.000e-12  0.3421000    17.2404    17.2634     0.0230    13.0717    13.0861     82.233     83.852      0.304    1471.15    1471.28  0.000e+00
      23523     83.500    10.3268    10.3034    -0.0233    2.01782    2.01459          1     0.4068     0.4162       5.54     0.2789     0.1946  1.000e-12  0.3883000    17.2084    17.1893    -0.0192    13.0566    13.0448     82.728     84.354      0.272    1470.86    1470.75  0.000e+00
      23890     84.000    10.1480    10.1655     0.0156    1.99608    1.99869          1     0.2945     0.3272       5.00     0.3105     0.2742  1.000e-12  0.4586000    17.0900    17.1062     0.0161    12.9887    12.9989     83.223     84.857     -0.166    1470.05    1470.14  0.000e+00
