ctdpy/tests/etc/all_smhi_bas_2018/SBE09_1044_20181114_0638_34_01_0144.cnv
* Sea-Bird SBE 9 Data File:
* FileName = C:\ctd\temp\ar18d144.hex
* Software Version Seasave V 7.26.7.107
* Temperature SN = 5351
* Conductivity SN = 3941
* Number of Bytes Per Scan = 41
* Number of Voltage Words = 4
* Number of Scans Averaged by the Deck Unit = 1
* NMEA Latitude = 57 07.03 N
* NMEA Longitude = 017 40.14 E
* NMEA UTC (Time) = Nov 14 2018  06:38:43
* NMEA baud rate = 4800
** Station:  BY38
** Operator:  JKro
** Ship: ARANDA
** Average sound velocity: 1441.30 m/s
** True-depth calculation Wed, 14 Nov 2018 08:01:21 +0000
** CTD Python Module SMHI /ver 3-12/ feb 2012 
** LIMS Job: 20183401-0144
** Cruise: SMHI-6-2018
** Latitude [GG MM.mm N]:
** Longitude [GG MM.mm E]
# nquan = 26
# nvalues = 208                         
# units = specified
# name 0 = scan: Scan Count
# name 1 = prDM: Pressure, Digiquartz [db]
# name 2 = t090C: Temperature [ITS-90, deg C]
# name 3 = t190C: Temperature, 2 [ITS-90, deg C]
# name 4 = T2-T190C: Temperature Difference, 2 - 1 [ITS-90, deg C]
# name 5 = c0S/m: Conductivity [S/m]
# name 6 = c1S/m: Conductivity, 2 [S/m]
# name 7 = pumps: Pump Status
# name 8 = sbeox0ML/L: Oxygen, SBE 43 [ml/l]
# name 9 = sbeox1ML/L: Oxygen, SBE 43, 2 [ml/l]
# name 10 = altM: Altimeter [m]
# name 11 = flECO-AFL: Chl-a Fluorescence, WET Labs ECO-AFL/FL [mg/m^3]
# name 12 = flECO-AFL1: Phycocyanin Fluorescence, WET Labs ECO-AFL/FL, 2 [mg/m^3]
# name 13 = par: PAR/Irradiance, Biospherical/Lico [µE/(cm^2*s)]
# name 14 = turbWETntu0: Turbidity, WET Labs ECO [NTU]
# name 15 = sal00: Salinity, Practical [PSU]
# name 16 = sal11: Salinity, Practical, 2 [PSU]
# name 17 = secS-priS: Salinity, Practical, Difference, 2 - 1 [PSU]
# name 18 = sigma-t00: Density [sigma-t, Kg/m^3 ]
# name 19 = sigma-t11: Density, 2 [sigma-t, Kg/m^3 ]
# name 20 = depSM: Depth [salt water, m], lat = 57.1172
# name 21 = depFM: Depth [true depth, m], lat = 57.1172
# name 22 = dz/dtM: Descent Rate [m/s], WS = 2
# name 23 = svCM: Sound Velocity [Chen-Millero, m/s]
# name 24 = svCM1: Sound Velocity, 2 [Chen-Millero, m/s]
# name 25 = flag: flag
# span 0 =      28963,      36812       
# span 1 =      1.000,    104.500       
# span 2 =     4.2062,     7.6749       
# span 3 =     4.2081,     7.6764       
# span 4 =    -0.0830,     0.0146       
# span 5 =   0.807353,   1.122318       
# span 6 =   0.807448,   1.124749       
# span 7 =          1,          1       
# span 8 =    0.02394,    7.70955       
# span 9 =    0.06105,    7.33501       
# span 10 =       2.60,      98.75      
# span 11 =     0.2352,     1.0692      
# span 12 =     0.1190,     0.3615      
# span 13 = -1.322e-05, 9.9488e+01      
# span 14 =     0.1636,     2.8574      
# span 15 =     7.0527,    10.4026      
# span 16 =     7.0523,    10.4225      
# span 17 =    -0.0176,     0.0199      
# span 18 =     5.4222,     8.1918      
# span 19 =     5.4218,     8.2067      
# span 20 =      0.991,    103.512      
# span 21 =      1.013,    105.745      
# span 22 =     -0.208,      0.756      
# span 23 =    1433.67,    1447.00      
# span 24 =    1433.68,    1447.00      
# span 25 = 0.0000e+00, 0.0000e+00      
# interval = decibars: 0.5              
# start_time = Nov 14 2018 06:38:43 [NMEA time, first data scan]
# bad_flag = -9.990e-29
*END*
      28963      1.000     7.6702     7.6726     0.0024    0.82567    0.82569          1     7.7082     7.3350      70.69     1.0100     0.2548  9.949e+01  0.1891000     7.0560     7.0556    -0.0004     5.4251     5.4246      0.991      1.013      0.186    1446.65    1446.66  0.000e+00
      29020      1.500     7.6717     7.6733     0.0016    0.82571    0.82570          1     7.7070     7.3296      79.58     1.0692     0.3273  3.814e+01  0.2054000     7.0559     7.0555    -0.0004     5.4249     5.4245      1.486      1.520      0.281    1446.66    1446.67  0.000e+00
      29052      2.000     7.6730     7.6747     0.0017    0.82569    0.82566          1     7.7000     7.3294      98.59     1.0540     0.2941  2.313e+01  0.2168000     7.0554     7.0548    -0.0006     5.4245     5.4238      1.982      2.026      0.482    1446.67    1446.68  0.000e+00
      29075      2.500     7.6737     7.6746     0.0009    0.82569    0.82569          1     7.6942     7.3316      40.99     1.0091     0.3344  2.140e+01  0.2166000     7.0552     7.0551    -0.0001     5.4242     5.4241      2.477      2.533      0.487    1446.69    1446.69  0.000e+00
      29102      3.000     7.6733     7.6745     0.0012    0.82573    0.82572          1     7.7077     7.3323      82.78     1.0187     0.3505  1.818e+01  0.2059000     7.0556     7.0553    -0.0003     5.4245     5.4242      2.972      3.039      0.397    1446.69    1446.70  0.000e+00
      29133      3.500     7.6734     7.6746     0.0012    0.82573    0.82571          1     7.7030     7.3307      98.45     1.0252     0.3357  1.545e+01  0.2091000     7.0555     7.0551    -0.0005     5.4245     5.4240      3.468      3.546      0.450    1446.70    1446.71  0.000e+00
      29156      4.000     7.6742     7.6755     0.0013    0.82571    0.82570          1     7.7042     7.3290      97.85     1.0326     0.3099  1.349e+01  0.2069000     7.0551     7.0548    -0.0003     5.4241     5.4238      3.963      4.052      0.548    1446.71    1446.72  0.000e+00
      29178      4.500     7.6743     7.6756     0.0013    0.82572    0.82570          1     7.7058     7.3298      68.26     1.0211     0.3103  1.146e+01  0.2221000     7.0551     7.0547    -0.0004     5.4241     5.4237      4.459      4.559      0.556    1446.72    1446.72  0.000e+00
      29200      5.000     7.6741     7.6754     0.0013    0.82573    0.82573          1     7.7012     7.3312      34.67     1.0194     0.3122  9.880e+00  0.2122000     7.0552     7.0549    -0.0003     5.4242     5.4239      4.954      5.065      0.520    1446.73    1446.73  0.000e+00
      29224      5.500     7.6740     7.6752     0.0012    0.82573    0.82573          1     7.7027     7.3323      97.34     1.0202     0.3054  8.630e+00  0.2103000     7.0551     7.0550    -0.0002     5.4242     5.4239      5.449      5.572      0.495    1446.73    1446.74  0.000e+00
      29248      6.000     7.6743     7.6759     0.0017    0.82572    0.82569          1     7.7065     7.3344      27.06     1.0404     0.2921  7.513e+00  0.2113000     7.0550     7.0544    -0.0006     5.4240     5.4234      5.945      6.078      0.525    1446.74    1446.75  0.000e+00
      29270      6.500     7.6744     7.6756     0.0013    0.82571    0.82570          1     7.7005     7.3324      68.05     1.0377     0.2985  6.575e+00  0.2222000     7.0548     7.0544    -0.0004     5.4238     5.4235      6.440      6.585      0.550    1446.75    1446.76  0.000e+00
      29292      7.000     7.6743     7.6757     0.0014    0.82571    0.82569          1     7.6958     7.3271      69.94     1.0278     0.3185  5.806e+00  0.2233000     7.0548     7.0543    -0.0005     5.4239     5.4234      6.936      7.091      0.536    1446.76    1446.77  0.000e+00
      29315      7.500     7.6741     7.6754     0.0014    0.82571    0.82569          1     7.6976     7.3268      62.29     1.0197     0.3046  5.025e+00  0.2145000     7.0547     7.0543    -0.0004     5.4238     5.4234      7.431      7.598      0.509    1446.77    1446.77  0.000e+00
      29339      8.000     7.6743     7.6757     0.0014    0.82571    0.82571          1     7.6960     7.3317      98.75     1.0140     0.3053  4.441e+00  0.2109000     7.0547     7.0544    -0.0003     5.4238     5.4234      7.926      8.104      0.521    1446.78    1446.78  0.000e+00
      29361      8.500     7.6746     7.6758     0.0013    0.82573    0.82570          1     7.6877     7.3316      27.45     0.9972     0.3333  3.885e+00  0.2111000     7.0547     7.0542    -0.0004     5.4237     5.4233      8.422      8.611      0.560    1446.78    1446.79  0.000e+00
      29381      9.000     7.6744     7.6757     0.0014    0.82571    0.82571          1     7.6919     7.3304      98.09     1.0185     0.3192  3.469e+00  0.2099000     7.0546     7.0543    -0.0003     5.4237     5.4233      8.917      9.117      0.572    1446.79    1446.80  0.000e+00
      29403      9.500     7.6748     7.6762     0.0014    0.82575    0.82575          1     7.6954     7.3327      80.96     0.9999     0.3097  3.108e+00  0.2158000     7.0547     7.0545    -0.0003     5.4238     5.4235      9.412      9.624      0.533    1446.80    1446.81  0.000e+00
      29427     10.000     7.6743     7.6759     0.0016    0.82573    0.82574          1     7.6978     7.3334      49.39     0.9963     0.3097  2.744e+00  0.2126000     7.0546     7.0544    -0.0002     5.4237     5.4234      9.908     10.130      0.481    1446.81    1446.81  0.000e+00
      29452     10.500     7.6740     7.6751     0.0011    0.82570    0.82567          1     7.6992     7.3270      96.71     0.9963     0.3222  2.414e+00  0.2104000     7.0543     7.0538    -0.0005     5.4235     5.4230     10.403     10.637      0.503    1446.81    1446.82  0.000e+00
      29474     11.000     7.6735     7.6748     0.0013    0.82563    0.82561          1     7.6965     7.3216      89.52     0.9947     0.3517  2.139e+00  0.2131000     7.0537     7.0533    -0.0004     5.4231     5.4226     10.899     11.143      0.580    1446.82    1446.82  0.000e+00
      29494     11.500     7.6738     7.6752     0.0014    0.82569    0.82569          1     7.7025     7.3249      38.01     0.9941     0.3109  1.919e+00  0.2199000     7.0542     7.0539    -0.0003     5.4234     5.4231     11.394     11.650      0.590    1446.83    1446.83  0.000e+00
      29516     12.000     7.6738     7.6753     0.0015    0.82570    0.82571          1     7.6996     7.3262      90.85     0.9802     0.2868  1.732e+00  0.2205000     7.0542     7.0540    -0.0003     5.4234     5.4231     11.889     12.157      0.504    1446.84    1446.84  0.000e+00
      29543     12.500     7.6738     7.6753     0.0015    0.82569    0.82570          1     7.6960     7.3258      49.68     0.9552     0.3368  1.557e+00  0.2133000     7.0541     7.0538    -0.0003     5.4233     5.4230     12.385     12.663      0.437    1446.84    1446.85  0.000e+00
      29569     13.000     7.6742     7.6754     0.0012    0.82576    0.82576          1     7.7043     7.3268      92.24     0.9798     0.3305  1.373e+00  0.2133000     7.0546     7.0543    -0.0003     5.4237     5.4234     12.880     13.170      0.537    1446.85    1446.86  0.000e+00
      29588     13.500     7.6740     7.6749     0.0009    0.82575    0.82566          1     7.7075     7.3253      93.50     0.9895     0.3089  1.220e+00  0.2039000     7.0545     7.0534    -0.0011     5.4236     5.4227     13.375     13.676      0.651    1446.86    1446.86  0.000e+00
      29606     14.000     7.6738     7.6750     0.0012    0.82570    0.82568          1     7.7096     7.3263      97.28     0.9624     0.2960  1.090e+00  0.2102000     7.0540     7.0535    -0.0005     5.4232     5.4228     13.871     14.183      0.665    1446.87    1446.87  0.000e+00
      29625     14.500     7.6738     7.6750     0.0012    0.82574    0.82572          1     7.7089     7.3246      97.39     0.9775     0.2961  9.756e-01  0.2142000     7.0543     7.0539    -0.0004     5.4235     5.4231     14.366     14.689      0.548    1446.88    1446.88  0.000e+00
      29654     15.000     7.6737     7.6749     0.0011    0.82576    0.82571          1     7.6979     7.3232      96.31     0.9784     0.3358  8.755e-01  0.2142000     7.0544     7.0538    -0.0006     5.4236     5.4230     14.862     15.196      0.358    1446.88    1446.89  0.000e+00
      29688     15.500     7.6729     7.6746     0.0017    0.82564    0.82563          1     7.6814     7.3165      97.39     0.9610     0.3403  7.886e-01  0.1981000     7.0534     7.0530    -0.0004     5.4229     5.4224     15.357     15.702      0.464    1446.89    1446.89  0.000e+00
      29709     16.000     7.6746     7.6758     0.0013    0.82564    0.82563          1     7.6889     7.3179      97.91     0.9728     0.3269  6.913e-01  0.2046000     7.0530     7.0527    -0.0003     5.4224     5.4221     15.852     16.209      0.675    1446.90    1446.91  0.000e+00
      29725     16.500     7.6747     7.6760     0.0013    0.82564    0.82563          1     7.6922     7.3225      97.29     0.9669     0.3280  6.192e-01  0.2099000     7.0530     7.0526    -0.0004     5.4224     5.4220     16.348     16.715      0.753    1446.91    1446.91  0.000e+00
      29741     17.000     7.6745     7.6760     0.0015    0.82569    0.82566          1     7.6919     7.3275      86.59     0.9629     0.3355  5.508e-01  0.2170000     7.0534     7.0528    -0.0006     5.4227     5.4221     16.843     17.222      0.696    1446.92    1446.92  0.000e+00
      29761     17.500     7.6743     7.6758     0.0015    0.82562    0.82561          1     7.6997     7.3250      58.02     0.9281     0.3511  4.940e-01  0.2161000     7.0527     7.0523    -0.0004     5.4222     5.4218     17.338     17.728      0.499    1446.92    1446.93  0.000e+00
      29795     18.000     7.6747     7.6757     0.0010    0.82569    0.82563          1     7.6976     7.3247      98.13     0.9541     0.3273  4.547e-01  0.2108000     7.0532     7.0525    -0.0007     5.4226     5.4219     17.834     18.235      0.333    1446.93    1446.94  0.000e+00
      29825     18.500     7.6744     7.6757     0.0014    0.82569    0.82568          1     7.6918     7.3221      85.03     0.9412     0.3178  3.991e-01  0.2102000     7.0532     7.0528    -0.0004     5.4226     5.4222     18.329     18.741      0.555    1446.94    1446.95  0.000e+00
      29843     19.000     7.6745     7.6760     0.0016    0.82565    0.82566          1     7.6958     7.3172      96.27     0.9227     0.3009  3.457e-01  0.2049000     7.0528     7.0525    -0.0003     5.4223     5.4220     18.824     19.248      0.722    1446.95    1446.96  0.000e+00
      29859     19.500     7.6748     7.6762     0.0015    0.82567    0.82566          1     7.7018     7.3157      91.66     0.9624     0.3322  3.063e-01  0.2033000     7.0528     7.0524    -0.0004     5.4223     5.4219     19.320     19.754      0.746    1446.96    1446.96  0.000e+00
      29875     20.000     7.6749     7.6764     0.0014    0.82571    0.82570          1     7.6978     7.3190      91.92     0.9541     0.3426  2.757e-01  0.2118000     7.0531     7.0527    -0.0004     5.4225     5.4221     19.815     20.261      0.635    1446.97    1446.97  0.000e+00
      29900     20.500     7.6747     7.6762     0.0015    0.82574    0.82573          1     7.6910     7.3207      72.65     0.9358     0.3400  2.484e-01  0.2229000     7.0534     7.0530    -0.0004     5.4227     5.4223     20.311     20.767      0.410    1446.97    1446.98  0.000e+00
      29936     21.000     7.6740     7.6756     0.0016    0.82573    0.82573          1     7.7008     7.3232      93.46     0.9438     0.3615  2.258e-01  0.2159000     7.0534     7.0531    -0.0003     5.4228     5.4224     20.806     21.274      0.380    1446.98    1446.99  0.000e+00
      29960     21.500     7.6731     7.6751     0.0020    0.82573    0.82572          1     7.6917     7.3233      89.46     0.9288     0.3308  1.934e-01  0.2145000     7.0535     7.0530    -0.0005     5.4229     5.4224     21.301     21.780      0.601    1446.99    1446.99  0.000e+00
      29978     22.000     7.6722     7.6737     0.0014    0.82574    0.82572          1     7.6915     7.3190      90.17     0.9311     0.3193  1.675e-01  0.2167000     7.0538     7.0532    -0.0005     5.4232     5.4227     21.797     22.287      0.694    1446.99    1446.99  0.000e+00
      29995     22.500     7.6723     7.6733     0.0010    0.82574    0.82573          1     7.6894     7.3165      95.12     0.9466     0.3189  1.423e-01  0.2168000     7.0537     7.0534    -0.0003     5.4231     5.4228     22.292     22.793      0.664    1447.00    1447.00  0.000e+00
      30015     23.000     7.6682     7.6706     0.0024    0.82568    0.82569          1     7.6962     7.3180      55.23     0.9500     0.3549  1.207e-01  0.2169000     7.0538     7.0535    -0.0003     5.4236     5.4231     22.787     23.300      0.530    1446.99    1447.00  0.000e+00
      30042     23.500     7.6663     7.6686     0.0023    0.82565    0.82565          1     7.6890     7.3152      96.76     0.9278     0.3272  1.058e-01  0.2159000     7.0539     7.0535    -0.0004     5.4238     5.4233     23.283     23.807      0.424    1446.99    1447.00  0.000e+00
      30070     24.000     7.6624     7.6636     0.0012    0.82557    0.82555          1     7.6745     7.3050      86.44     0.8954     0.2750  9.196e-02  0.2113000     7.0539     7.0535    -0.0004     5.4241     5.4236     23.778     24.313      0.483    1446.98    1446.98  0.000e+00
      30092     24.500     7.6471     7.6502     0.0031    0.82537    0.82538          1     7.6637     7.3001      86.38     0.8720     0.2969  7.654e-02  0.2104000     7.0551     7.0546    -0.0005     5.4262     5.4256     24.273     24.820      0.576    1446.93    1446.94  0.000e+00
      30112     25.000     7.6394     7.6414     0.0020    0.82570    0.82565          1     7.6585     7.3000      66.66     0.8058     0.3024  5.788e-02  0.2063000     7.0597     7.0588    -0.0009     5.4303     5.4295     24.769     25.326      0.604    1446.91    1446.92  0.000e+00
      30132     25.500     7.6350     7.6365     0.0014    0.82619    0.82622          1     7.6663     7.3010      97.62     0.7595     0.3098  4.267e-02  0.2023000     7.0650     7.0649    -0.0000     5.4348     5.4347     25.264     25.833      0.560    1446.90    1446.91  0.000e+00
      30155     26.000     7.6370     7.6390     0.0020    0.82713    0.82725          1     7.6246     7.2666      85.58     0.7246     0.3220  3.238e-02  0.1957000     7.0731     7.0739     0.0008     5.4411     5.4415     25.759     26.339      0.487    1446.93    1446.94  0.000e+00
      30181     26.500     7.6231     7.6202    -0.0028    0.83078    0.83105          1     7.5573     7.2181      83.38     0.6639     0.2695  2.573e-02  0.1947000     7.1096     7.1126     0.0030     5.4707     5.4733     26.255     26.846      0.490    1446.93    1446.92  0.000e+00
      30204     27.000     7.5490     7.5512     0.0021    0.83417    0.83417          1     7.4939     7.1673      98.01     0.5615     0.2467  1.386e-02  0.1965000     7.1558     7.1554    -0.0005     5.5125     5.5120     26.750     27.352      0.554    1446.69    1446.69  0.000e+00
      30225     27.500     7.5512     7.5532     0.0020    0.83567    0.83570          1     7.4505     7.1309      63.32     0.4863     0.2626  1.023e-02  0.1937000     7.1692     7.1690    -0.0002     5.5229     5.5225     27.245     27.859      0.567    1446.72    1446.73  0.000e+00
      30246     28.000     7.5350     7.5347    -0.0003    0.83704    0.83700          1     7.4279     7.1057      97.64     0.4405     0.2347  1.331e-03  0.1864000     7.1851     7.1848    -0.0003     5.5365     5.5363     27.741     28.365      0.538    1446.68    1446.68  0.000e+00
