ctdpy/tests/etc/all_smhi_bas_2018/SBE09_0827_20180825_1003_26_01_0893.cnv
* Sea-Bird SBE 9 Data File:
* FileName = D:\CTD_SBE911\DAT\26DA.2018.8.93.hex
* Software Version Seasave V 7.21d
* Temperature SN = 034605
* Conductivity SN = 041844
* Number of Bytes Per Scan = 48
* Number of Voltage Words = 5
* Number of Scans Averaged by the Deck Unit = 1
* NMEA Latitude = 58 05.09 N
* NMEA Longitude = 011 07.73 E
* NMEA UTC (Time) = Aug 25 2018  10:05:28
* NMEA baud rate = 4800
** Ship: DANA
** Average sound velocity: 1501.93 m/s
** True-depth calculation Thu, 28 Mar 2019 09:27:26 +0000
** CTD Python Module SMHI /ver 3-12/ feb 2012 
** LIMS Job: 20182601-0893
**  APOTEKET SYD
** Operator: Christian
** Cruise: 08/2018
# nquan = 26
# nvalues = 207                         
# units = specified
# name 0 = scan: Scan Count
# name 1 = prDM: Pressure, Digiquartz [db]
# name 2 = t090C: Temperature [ITS-90, deg C]
# name 3 = t190C: Temperature, 2 [ITS-90, deg C]
# name 4 = T2-T190C: Temperature Difference, 2 - 1 [ITS-90, deg C]
# name 5 = c0S/m: Conductivity [S/m]
# name 6 = c1S/m: Conductivity, 2 [S/m]
# name 7 = pumps: Pump Status
# name 8 = sbeox1ML/L: Oxygen, SBE 43, 2 [ml/l]
# name 9 = sbeox0ML/L: Oxygen, SBE 43 [ml/l]
# name 10 = altM: Altimeter [m]
# name 11 = chloroflTC0: Chlorophyll, Turner Cyclops [ug/l]
# name 12 = cpar: CPAR/Corrected Irradiance [%]
# name 13 = par: PAR/Irradiance, Biospherical/Lico [µE/(cm^2*s)]
# name 14 = spar: SPAR, Biospherical/Licor
# name 15 = sal00: Salinity, Practical [PSU]
# name 16 = sal11: Salinity, Practical, 2 [PSU]
# name 17 = secS-priS: Salinity, Practical, Difference, 2 - 1 [PSU]
# name 18 = sigma-t00: Density [sigma-t, kg/m^3 ]
# name 19 = sigma-t11: Density, 2 [sigma-t, kg/m^3 ]
# name 20 = depSM: Depth [salt water, m], lat = 58.0848
# name 21 = depFM: Depth [true depth, m], lat = 58.0848
# name 22 = dz/dtM: Descent Rate [m/s], WS = 2
# name 23 = svCM: Sound Velocity [Chen-Millero, m/s]
# name 24 = svCM1: Sound Velocity, 2 [Chen-Millero, m/s]
# name 25 = flag: flag
# span 0 =         66,       9951       
# span 1 =      1.500,    104.500       
# span 2 =     7.6818,    17.7126       
# span 3 =     7.6796,    17.7104       
# span 4 =    -0.4211,     0.1085       
# span 5 =   3.591448,   4.278017       
# span 6 =   3.591771,   4.277647       
# span 7 =          1,          1       
# span 8 =     5.2033,     6.0389       
# span 9 =     4.9550,     6.1363       
# span 10 =       1.97,       9.98      
# span 11 =     0.0355,     0.3083      
# span 12 = -6.444e-06, 1.2050e+01      
# span 13 = -1.508e-04, 2.3107e+02      
# span 14 = 1.7031e+03, 2.4405e+03      
# span 15 =    32.0864,    34.9470      
# span 16 =    32.0900,    34.9617      
# span 17 =    -0.0733,     0.1547      
# span 18 =    23.2341,    27.2795      
# span 19 =    23.2363,    27.2886      
# span 20 =      1.486,    103.505      
# span 21 =      1.493,    103.849      
# span 22 =      0.020,      0.541      
# span 23 =    1482.92,    1512.70      
# span 24 =    1482.92,    1512.69      
# span 25 = 0.0000e+00, 0.0000e+00      
# interval = decibars: 0.5              
# start_time = Aug 25 2018 10:05:28 [NMEA time, first data scan]
# bad_flag = -9.990e-29
*END*
[from data line 168]
       7921     85.500     9.5566     9.5072    -0.0493    3.74595    3.74542          1     5.4849     5.4444       9.97     0.0398  4.166e-14  1.000e-12  2.401e+03    34.7416    34.7839     0.0423    26.8249    26.8662     84.690     85.007      0.344    1489.32    1489.19  0.000e+00
       7964     86.000     9.4874     9.4510    -0.0363    3.74156    3.74098          1     5.4927     5.5329       9.97     0.0415  4.173e-14  1.000e-12  2.396e+03    34.7630    34.7923     0.0292    26.8531    26.8820     85.185     85.503      0.261    1489.11    1489.01  0.000e+00
       8002     86.500     9.5073     9.5177     0.0101    3.74975    3.75228          1     5.6128     5.9505       9.97     0.0402  4.168e-14  1.000e-12  2.400e+03    34.8282    34.8443     0.0161    26.9008    26.9117     85.680     85.999      0.373    1489.27    1489.32  0.000e+00
       8036     87.000     9.4502     9.3178    -0.1318    3.74777    3.74212          1     5.9224     6.1363       9.97     0.0403  4.161e-14  1.000e-12  2.403e+03    34.8630    34.9335     0.0705    26.9374    27.0144     86.175     86.495      0.263    1489.11    1488.71  0.000e+00
       8114     87.500     9.2473     9.1899    -0.0575    3.72803    3.72684          1     6.0389     5.9744       9.97     0.0411  4.170e-14  1.000e-12  2.398e+03    34.8555    34.8993     0.0438    26.9650    27.0086     86.670     86.991      0.321    1488.37    1488.21  0.000e+00
       8145     88.000     9.1185     9.0478    -0.0705    3.71527    3.71305          1     5.9442     5.8720       9.97     0.0415  4.172e-14  1.000e-12  2.397e+03    34.8480    34.8940     0.0460    26.9800    27.0275     87.165     87.487      0.318    1487.90    1487.69  0.000e+00
       8205     88.500     8.9455     8.9066    -0.0389    3.69771    3.69745          1     5.8033     5.7119       9.97     0.0401  4.175e-14  1.000e-12  2.395e+03    34.8334    34.8688     0.0355    26.9964    27.0304     87.660     87.982      0.229    1487.25    1487.15  0.000e+00
       8258     89.000     8.8190     8.7871    -0.0319    3.68473    3.68541          1     5.7071     5.6324       9.97     0.0394  4.177e-14  1.000e-12  2.394e+03    34.8209    34.8595     0.0386    27.0068    27.0421     88.156     88.478      0.248    1486.78    1486.70  0.000e+00
       8305     89.500     8.6965     8.6620    -0.0347    3.67208    3.67287          1     5.6359     5.5396       9.97     0.0389  4.166e-14  1.000e-12  2.401e+03    34.8078    34.8502     0.0423    27.0159    27.0545     88.651     88.974      0.294    1486.31    1486.24  0.000e+00
       8339     90.000     8.6078     8.5745    -0.0333    3.66328    3.66366          1     5.5634     5.4768       9.97     0.0400  4.158e-14  1.000e-12  2.405e+03    34.8018    34.8388     0.0370    27.0251    27.0594     89.146     89.470      0.378    1485.99    1485.91  0.000e+00
       8379     90.500     8.5128     8.4302    -0.0823    3.65366    3.65006          1     5.4622     5.3910       9.97     0.0393  4.152e-14  1.000e-12  2.408e+03    34.7934    34.8367     0.0433    27.0333    27.0801     89.641     89.966      0.248    1485.63    1485.37  0.000e+00
       8429     91.000     8.3840     8.3648    -0.0193    3.64105    3.64202          1     5.3551     5.3061       9.97     0.0389  4.150e-14  1.000e-12  2.410e+03    34.7865    34.8158     0.0293    27.0478    27.0738     90.136     90.462      0.350    1485.15    1485.11  0.000e+00
       8472     91.500     8.3629     8.3522    -0.0107    3.63922    3.64056          1     5.3263     5.3163       9.97     0.0392  4.149e-14  1.000e-12  2.410e+03    34.7876    34.8124     0.0248    27.0519    27.0731     90.631     90.958      0.271    1485.08    1485.07  0.000e+00
       8540     92.000     8.3531     8.3421    -0.0111    3.63838    3.63953          1     5.3122     5.3216       9.97     0.0390  4.149e-14  1.000e-12  2.410e+03    34.7881    34.8112     0.0232    27.0538    27.0737     91.126     91.453      0.361    1485.05    1485.04  0.000e+00
       8573     92.500     8.3267     8.3156    -0.0111    3.63619    3.63713          1     5.3065     5.3127       9.97     0.0377  4.149e-14  1.000e-12  2.410e+03    34.7906    34.8116     0.0211    27.0598    27.0781     91.622     91.949      0.279    1484.96    1484.95  0.000e+00
       8634     93.000     8.3136     8.3055    -0.0081    3.63500    3.63598          1     5.2905     5.3021       9.97     0.0382  4.146e-14  1.000e-12  2.412e+03    34.7907    34.8092     0.0185    27.0619    27.0777     92.117     92.445      0.271    1484.92    1484.92  0.000e+00
       8669     93.500     8.2922     8.2833    -0.0090    3.63370    3.63466          1     5.2962     5.2997       9.97     0.0383  4.141e-14  1.000e-12  2.415e+03    34.7977    34.8168     0.0191    27.0707    27.0871     92.612     92.941      0.373    1484.86    1484.85  0.000e+00
       8702     94.000     8.2889     8.2766    -0.0123    3.63368    3.63417          1     5.2848     5.3060       9.97     0.0375  4.142e-14  1.000e-12  2.414e+03    34.8007    34.8180     0.0173    27.0736    27.0890     93.107     93.437      0.308    1484.86    1484.83  0.000e+00
       8768     94.500     8.2825     8.2762    -0.0063    3.63387    3.63464          1     5.2869     5.3136       9.97     0.0390  4.169e-14  1.000e-12  2.399e+03    34.8086    34.8231     0.0145    27.0808    27.0931     93.602     93.933      0.246    1484.85    1484.85  0.000e+00
       8811     95.000     8.2791     8.2742    -0.0048    3.63450    3.63518          1     5.2948     5.3171       9.97     0.0369  4.239e-14  1.000e-12  2.359e+03    34.8186    34.8307     0.0121    27.0891    27.0994     94.097     94.429      0.409    1484.86    1484.86  0.000e+00
       8848     95.500     8.2770     8.2749    -0.0021    3.63486    3.63567          1     5.2996     5.3226       9.97     0.0370  4.297e-14  1.000e-12  2.327e+03    34.8242    34.8349     0.0107    27.0938    27.1026     94.592     94.924      0.288    1484.87    1484.87  0.000e+00
       8919     96.000     8.2836     8.2805    -0.0031    3.63668    3.63739          1     5.2813     5.3251       9.97     0.0372  4.274e-14  1.000e-12  2.340e+03    34.8369    34.8475     0.0106    27.1028    27.1116     95.088     95.420      0.330    1484.92    1484.92  0.000e+00
       8951     96.500     8.2724     8.2614    -0.0110    3.63656    3.63679          1     5.2912     5.3249       9.87     0.0364  4.228e-14  1.000e-12  2.365e+03    34.8464    34.8598     0.0134    27.1120    27.1241     95.583     95.916      0.286    1484.89    1484.87  0.000e+00
       9008     97.000     8.2580     8.2538    -0.0042    3.63568    3.63609          1     5.3073     5.3117       9.41     0.0361  4.177e-14  1.000e-12  2.394e+03    34.8511    34.8596     0.0085    27.1179    27.1252     96.078     96.412      0.288    1484.85    1484.85  0.000e+00
       9041     97.500     8.2546     8.2502    -0.0044    3.63551    3.63587          1     5.3011     5.3069       8.91     0.0376  4.156e-14  1.000e-12  2.406e+03    34.8524    34.8606     0.0082    27.1194    27.1265     96.573     96.908      0.393    1484.85    1484.85  0.000e+00
       9075     98.000     8.2376     8.1816    -0.0558    3.63415    3.63208          1     5.2730     5.2921       8.40     0.0372  4.144e-14  1.000e-12  2.413e+03    34.8545    34.8880     0.0335    27.1236    27.1585     97.068     97.404      0.300    1484.80    1484.63  0.000e+00
       9124     98.500     8.1654     8.1490    -0.0165    3.62946    3.62926          1     5.2710     5.2885       7.89     0.0364  4.138e-14  1.000e-12  2.416e+03    34.8759    34.8901     0.0142    27.1514    27.1650     97.563     97.899      0.224    1484.56    1484.52  0.000e+00
       9185     99.000     8.1524     8.1451    -0.0073    3.62856    3.62888          1     5.2760     5.2973       7.38     0.0364  4.136e-14  1.000e-12  2.418e+03    34.8789    34.8896     0.0107    27.1558    27.1653     98.058     98.395      0.213    1484.53    1484.51  0.000e+00
       9230     99.500     8.1247     8.1085    -0.0162    3.62657    3.62662          1     5.2749     5.2919       6.90     0.0369  4.130e-14  1.000e-12  2.421e+03    34.8850    34.9016     0.0167    27.1647    27.1803     98.553     98.891      0.353    1484.44    1484.40  0.000e+00
       9263    100.000     8.0886     8.0662    -0.0224    3.62383    3.62354          1     5.2573     5.2890       6.39     0.0364  4.128e-14  1.000e-12  2.423e+03    34.8913    34.9104     0.0191    27.1752    27.1935     99.049     99.387      0.318    1484.32    1484.26  0.000e+00
       9321    100.500     8.0488     8.0359    -0.0129    3.62062    3.62060          1     5.2566     5.3026       5.85     0.0364  4.123e-14  1.000e-12  2.426e+03    34.8962    34.9089     0.0127    27.1851    27.1969     99.544     99.883      0.235    1484.18    1484.15  0.000e+00
       9366    101.000     7.9942     7.9779    -0.0164    3.61598    3.61655          1     5.2583     5.3020       5.36     0.0363  4.115e-14  1.000e-12  2.430e+03    34.9007    34.9230     0.0223    27.1968    27.2167    100.039    100.378      0.379    1483.99    1483.96  0.000e+00
       9398    101.500     7.9394     7.8936    -0.0458    3.61148    3.61020          1     5.2424     5.2931       4.85     0.0362  4.106e-14  1.000e-12  2.436e+03    34.9067    34.9387     0.0320    27.2097    27.2417    100.534    100.874      0.314    1483.80    1483.67  0.000e+00
       9449    102.000     7.8260     7.7612    -0.0645    3.60206    3.59955          1     5.2334     5.2781       4.37     0.0364  4.097e-14  1.000e-12  2.440e+03    34.9184    34.9562     0.0378    27.2358    27.2751    101.029    101.370      0.221    1483.39    1483.19  0.000e+00
       9498    102.500     7.7204     7.6987    -0.0217    3.59421    3.59428          1     5.2376     5.2621       3.84     0.0375  4.117e-14  1.000e-12  2.429e+03    34.9392    34.9617     0.0225    27.2677    27.2886    101.524    101.866      0.236    1483.03    1482.97  0.000e+00
       9552    103.000     7.6950     7.6853    -0.0097    3.59236    3.59281          1     5.2320     5.2690       3.35     0.0366  4.300e-14  1.000e-12  2.326e+03    34.9443    34.9590     0.0146    27.2755    27.2884    102.019    102.361      0.271    1482.94    1482.93  0.000e+00
       9587    103.500     7.6923     7.6869    -0.0053    3.59214    3.59281          1     5.2259     5.2708       2.85     0.0355  4.537e-14  1.000e-12  2.204e+03    34.9444    34.9571     0.0127    27.2759    27.2867    102.514    102.857      0.347    1482.94    1482.94  0.000e+00
       9666    104.000     7.6903     7.6862    -0.0041    3.59207    3.59257          1     5.2199     5.2686       2.35     0.0370  4.331e-14  1.000e-12  2.310e+03    34.9455    34.9550     0.0094    27.2771    27.2852    103.010    103.353      0.304    1482.94    1482.94  0.000e+00
       9951    104.500     7.6818     7.6796    -0.0022    3.59145    3.59177          1     5.2073     5.2697       1.97     0.0376  6.137e-14  1.000e-12  1.728e+03    34.9470    34.9527     0.0057    27.2795    27.2843    103.505    103.849      0.020    1482.92    1482.92  0.000e+00
