ctdpy/tests/etc/all_smhi_bas_2018/SBE09_1044_20180126_0728_34_02_0013.cnv
* Sea-Bird SBE 9 Data File:
* FileName = C:\ctd\temp\2018\ME18D013.hex
* Software Version Seasave V 7.26.6.26
* Temperature SN = 5351
* Conductivity SN = 3941
* Number of Bytes Per Scan = 41
* Number of Voltage Words = 4
* Number of Scans Averaged by the Deck Unit = 1
* NMEA Latitude = 55 00.96 N
* NMEA Longitude = 013 18.04 E
* NMEA UTC (Time) = Jan 26 2018  07:29:13
* NMEA baud rate = 4800
** Station:  BY1
** Operator:  JKro
** Ship: MERI
** Average sound velocity: 1401.03 m/s
** True-depth calculation Sat, 27 Jan 2018 21:54:36 +0000
** CTD Python Module SMHI /ver 3-12/ feb 2012 
** LIMS Job: 20183402-0013
** Cruise: SMHI-01-2018
** Latitude [GG MM.mm N] :
** Longitude [GG MM.mm E]:
# nquan = 26
# nvalues = 84                          
# units = specified
# name 0 = scan: Scan Count
# name 1 = prDM: Pressure, Digiquartz [db]
# name 2 = t090C: Temperature [ITS-90, deg C]
# name 3 = t190C: Temperature, 2 [ITS-90, deg C]
# name 4 = T2-T190C: Temperature Difference, 2 - 1 [ITS-90, deg C]
# name 5 = c0S/m: Conductivity [S/m]
# name 6 = c1S/m: Conductivity, 2 [S/m]
# name 7 = pumps: Pump Status
# name 8 = sbeox0ML/L: Oxygen, SBE 43 [ml/l]
# name 9 = sbeox1ML/L: Oxygen, SBE 43, 2 [ml/l]
# name 10 = altM: Altimeter [m]
# name 11 = flECO-AFL: Chl-a Fluorescence, WET Labs ECO-AFL/FL [mg/m^3]
# name 12 = flECO-AFL1: Phycocyanin Fluorescence, WET Labs ECO-AFL/FL, 2 [mg/m^3]
# name 13 = par: PAR/Irradiance, Biospherical/Lico [µE/(cm^2*s)]
# name 14 = turbWETntu0: Turbidity, WET Labs ECO [NTU]
# name 15 = sal00: Salinity, Practical [PSU]
# name 16 = sal11: Salinity, Practical, 2 [PSU]
# name 17 = secS-priS: Salinity, Practical, Difference, 2 - 1 [PSU]
# name 18 = sigma-t00: Density [sigma-t, Kg/m^3 ]
# name 19 = sigma-t11: Density, 2 [sigma-t, Kg/m^3 ]
# name 20 = depSM: Depth [salt water, m], lat = 55.016
# name 21 = depFM: Depth [true depth, m], lat = 55.016
# name 22 = dz/dtM: Descent Rate [m/s], WS = 2
# name 23 = svCM: Sound Velocity [Chen-Millero, m/s]
# name 24 = svCM1: Sound Velocity, 2 [Chen-Millero, m/s]
# name 25 = flag: flag
# span 0 =      10117,      15042       
# span 1 =      1.000,     42.500       
# span 2 =     4.4186,     9.1388       
# span 3 =     4.4194,     9.1208       
# span 4 =    -0.2934,     0.3564       
# span 5 =   0.834760,   1.678755       
# span 6 =   0.834793,   1.668635       
# span 7 =          1,          1       
# span 8 =    3.72197,    8.21514       
# span 9 =    3.62834,    8.21898       
# span 10 =       2.38,      42.09      
# span 11 =     0.3046,     0.9817      
# span 12 =     0.2842,     0.4101      
# span 13 = 1.0000e-12, 7.1934e+01      
# span 14 =     0.1936,     0.7423      
# span 15 =     7.8478,    14.5629      
# span 16 =     7.8486,    14.4747      
# span 17 =    -0.0883,     0.2715      
# span 18 =     6.2116,    11.1482      
# span 19 =     6.2245,    11.0815      
# span 20 =      0.991,     42.104      
# span 21 =     -0.000,     43.005      
# span 22 =     -0.268,      0.356      
# span 23 =    1433.92,    1462.44      
# span 24 =    1433.92,    1462.26      
# span 25 = 0.0000e+00, 0.0000e+00      
# interval = decibars: 0.5              
# start_time = Jan 26 2018 07:29:13 [NMEA time, first data scan]
# bad_flag = -9.990e-29
*END*
[from data line 56]
      12136     29.000     4.4220     4.4229     0.0010    0.87626    0.87624          1     8.1695     8.1301      14.02     0.7299     0.3412  1.000e-12  0.3739000     8.2745     8.2740    -0.0005     6.5646     6.5642     28.737     29.350      0.347    1434.72    1434.72  0.000e+00
      12171     29.500     4.4224     4.4233     0.0009    0.87629    0.87627          1     8.1737     8.1331      14.55     0.7264     0.3934  1.000e-12  0.3673000     8.2746     8.2741    -0.0005     6.5647     6.5642     29.232     29.856      0.341    1434.73    1434.73  0.000e+00
      12207     30.000     4.4226     4.4235     0.0009    0.87632    0.87629          1     8.1773     8.1451      15.19     0.7410     0.3588  1.000e-12  0.3719000     8.2747     8.2742    -0.0005     6.5647     6.5643     29.727     30.362      0.327    1434.74    1434.74  0.000e+00
      12243     30.500     4.4225     4.4233     0.0009    0.87633    0.87630          1     8.1765     8.1444      14.48     0.7488     0.3547  1.000e-12  0.3729000     8.2748     8.2743    -0.0005     6.5648     6.5644     30.223     30.868      0.337    1434.74    1434.75  0.000e+00
      12278     31.000     4.4230     4.4237     0.0007    0.87639    0.87635          1     8.1727     8.1342      13.76     0.7455     0.3500  1.000e-12  0.3636000     8.2751     8.2746    -0.0006     6.5651     6.5646     30.718     31.373      0.352    1434.76    1434.76  0.000e+00
      12313     31.500     4.4228     4.4232     0.0004    0.87639    0.87635          1     8.1744     8.1320      13.49     0.7360     0.3468  1.000e-12  0.3731000     8.2752     8.2747    -0.0005     6.5651     6.5647     31.214     31.879      0.332    1434.76    1434.76  0.000e+00
      12350     32.000     4.4202     4.4212     0.0010    0.87634    0.87631          1     8.1800     8.1392      13.14     0.7372     0.3665  1.000e-12  0.4134000     8.2752     8.2747    -0.0005     6.5652     6.5648     31.709     32.385      0.321    1434.76    1434.76  0.000e+00
      12386     32.500     4.4201     4.4209     0.0008    0.87636    0.87632          1     8.1762     8.1398      12.67     0.7428     0.3910  1.000e-12  0.3777000     8.2753     8.2748    -0.0006     6.5653     6.5649     32.204     32.891      0.338    1434.77    1434.77  0.000e+00
      12422     33.000     4.4213     4.4222     0.0009    0.87643    0.87640          1     8.1771     8.1499      12.29     0.7276     0.3928  1.000e-12  0.4039000     8.2757     8.2752    -0.0005     6.5656     6.5652     32.700     33.397      0.335    1434.78    1434.78  0.000e+00
      12458     33.500     4.4234     4.4241     0.0007    0.87654    0.87650          1     8.1661     8.1524      11.84     0.7441     0.3714  1.000e-12  0.3935000     8.2762     8.2757    -0.0006     6.5659     6.5655     33.195     33.903      0.327    1434.80    1434.80  0.000e+00
      12495     34.000     4.4250     4.4256     0.0007    0.87662    0.87657          1     8.1637     8.1361      11.42     0.7358     0.3782  1.000e-12  0.3936000     8.2765     8.2759    -0.0006     6.5661     6.5656     33.691     34.409      0.334    1434.81    1434.82  0.000e+00
      12530     34.500     4.4244     4.4255     0.0011    0.87665    0.87663          1     8.1612     8.1414      10.96     0.7341     0.4026  1.000e-12  0.3892000     8.2770     8.2765    -0.0005     6.5665     6.5661     34.186     34.915      0.332    1434.82    1434.82  0.000e+00
      12567     35.000     4.4291     4.4303     0.0013    0.87686    0.87684          1     8.1672     8.1434      10.43     0.7234     0.4087  1.000e-12  0.4178000     8.2778     8.2773    -0.0005     6.5670     6.5666     34.681     35.421      0.319    1434.85    1434.85  0.000e+00
      12605     35.500     4.4364     4.4371     0.0007    0.87714    0.87712          1     8.1594     8.1284       9.91     0.7295     0.3502  1.000e-12  0.4211000     8.2788     8.2784    -0.0004     6.5675     6.5672     35.177     35.927      0.325    1434.89    1434.89  0.000e+00
      12641     36.000     4.4384     4.4391     0.0007    0.87727    0.87724          1     8.1530     8.1215       9.41     0.6997     0.3375  1.000e-12  0.3750000     8.2795     8.2790    -0.0006     6.5681     6.5676     35.672     36.433      0.341    1434.91    1434.91  0.000e+00
      12676     36.500     4.4372     4.4375     0.0003    0.87728    0.87724          1     8.1716     8.1287       8.88     0.6998     0.3718  1.000e-12  0.4340000     8.2798     8.2793    -0.0005     6.5683     6.5679     36.168     36.939      0.331    1434.91    1434.91  0.000e+00
      12714     37.000     4.4357     4.4367     0.0010    0.87730    0.87726          1     8.1507     8.1335       8.34     0.7112     0.3802  1.000e-12  0.4166000     8.2803     8.2797    -0.0006     6.5687     6.5682     36.663     37.445      0.315    1434.91    1434.92  0.000e+00
      12751     37.500     4.4402     4.4411     0.0010    0.87752    0.87750          1     8.1499     8.1243       7.84     0.6970     0.3832  1.000e-12  0.4054000     8.2814     8.2809    -0.0005     6.5695     6.5691     37.159     37.951      0.335    1434.94    1434.95  0.000e+00
      12786     38.000     4.4369     4.4369     0.0000    0.87753    0.87747          1     8.1620     8.1258       7.34     0.7194     0.3364  1.000e-12  0.3911000     8.2822     8.2816    -0.0005     6.5702     6.5698     37.654     38.457      0.332    1434.94    1434.94  0.000e+00
      12824     38.500     4.4256     4.4261     0.0004    0.87740    0.87736          1     8.1458     8.1233       6.82     0.7240     0.3795  1.000e-12  0.4246000     8.2836     8.2831    -0.0005     6.5717     6.5713     38.149     38.963      0.313    1434.90    1434.90  0.000e+00
      12861     39.000     4.4205     4.4210     0.0005    0.87762    0.87758          1     8.0244     7.9964       6.30     0.7104     0.3573  1.000e-12  0.4072000     8.2871     8.2866    -0.0005     6.5747     6.5743     38.645     39.469      0.331    1434.89    1434.89  0.000e+00
      12897     39.500     4.4742     4.4774     0.0032    0.88122    0.88132          1     7.9139     7.9301       5.79     0.6951     0.3798  1.000e-12  0.4208000     8.3100     8.3103     0.0003     6.5910     6.5911     39.140     39.975      0.340    1435.16    1435.18  0.000e+00
      12933     40.000     5.0938     5.1364     0.0424    0.93727    0.94230          1     7.3440     7.5997       5.25     0.6652     0.3650  1.000e-12  0.4670000     8.7121     8.7509     0.0389     6.8829     6.9115     39.636     40.480      0.318    1438.40    1438.63  0.000e+00
      12976     40.500     6.2241     6.2649     0.0411    1.06085    1.06308          1     6.1538     6.4468       4.69     0.4965     0.3438  1.000e-12  0.6380000     9.6305     9.6406     0.0101     7.5475     7.5528     40.131     40.986      0.226    1444.44    1444.63  0.000e+00
      13042     41.000     6.4828     6.8536     0.3564    1.10164    1.14052          1     5.4547     5.8890       4.09     0.4327     0.3046  1.000e-12  0.6415000     9.9568    10.2283     0.2715     7.7879     7.9764     40.626     41.491      0.123    1445.96    1447.86  0.000e+00
 -9.990e-29     41.500 -9.990e-29 -9.990e-29 -9.990e-29 -9.990e-29 -9.990e-29 -9.990e-29 -9.990e-29 -9.990e-29 -9.990e-29 -9.990e-29 -9.990e-29 -9.990e-29 -9.990e-29 -9.990e-29 -9.990e-29 -9.990e-29 -9.990e-29 -9.990e-29 -9.990e-29 -9.990e-29 -9.990e-29 -9.990e-29 -9.990e-29 -9.990e-29
 -9.990e-29     42.000 -9.990e-29 -9.990e-29 -9.990e-29 -9.990e-29 -9.990e-29 -9.990e-29 -9.990e-29 -9.990e-29 -9.990e-29 -9.990e-29 -9.990e-29 -9.990e-29 -9.990e-29 -9.990e-29 -9.990e-29 -9.990e-29 -9.990e-29 -9.990e-29 -9.990e-29 -9.990e-29 -9.990e-29 -9.990e-29 -9.990e-29 -9.990e-29
      15042     42.500     9.1388     9.1208    -0.0181    1.67875    1.66864          1     3.7220     3.6283       2.38     0.3046     0.2842  1.000e-12  0.7423000    14.5629    14.4747    -0.0883    11.1482    11.0815     42.104     43.005     -0.268    1462.44    1462.26  0.000e+00
