ctdpy/tests/etc/all_smhi_bas_2018/SBE09_0827_20180823_1639_26_01_0870.cnv
* Sea-Bird SBE 9 Data File:
* FileName = D:\CTD_SBE911\DAT\26DA.2018.8.70.hex
* Software Version Seasave V 7.21d
* Temperature SN = 034605
* Conductivity SN = 041844
* Number of Bytes Per Scan = 48
* Number of Voltage Words = 5
* Number of Scans Averaged by the Deck Unit = 1
* NMEA Latitude = 58 00.51 N
* NMEA Longitude = 009 49.63 E
* NMEA UTC (Time) = Aug 23 2018  16:41:51
* NMEA baud rate = 4800
** Ship: DANA
** Average sound velocity: 1487.29 m/s
** True-depth calculation Thu, 28 Mar 2019 09:26:06 +0000
** CTD Python Module SMHI /ver 3-12/ feb 2012 
** LIMS Job: 20182601-0870
**  27 N HIRTSHALS
** Operator: Christian
** Cruise: 08/2018
# nquan = 26
# nvalues = 285                         
# units = specified
# name 0 = scan: Scan Count
# name 1 = prDM: Pressure, Digiquartz [db]
# name 2 = t090C: Temperature [ITS-90, deg C]
# name 3 = t190C: Temperature, 2 [ITS-90, deg C]
# name 4 = T2-T190C: Temperature Difference, 2 - 1 [ITS-90, deg C]
# name 5 = c0S/m: Conductivity [S/m]
# name 6 = c1S/m: Conductivity, 2 [S/m]
# name 7 = pumps: Pump Status
# name 8 = sbeox1ML/L: Oxygen, SBE 43, 2 [ml/l]
# name 9 = sbeox0ML/L: Oxygen, SBE 43 [ml/l]
# name 10 = altM: Altimeter [m]
# name 11 = chloroflTC0: Chlorophyll, Turner Cyclops [ug/l]
# name 12 = cpar: CPAR/Corrected Irradiance [%]
# name 13 = par: PAR/Irradiance, Biospherical/Lico [µE/(cm^2*s)]
# name 14 = spar: SPAR, Biospherical/Licor
# name 15 = sal00: Salinity, Practical [PSU]
# name 16 = sal11: Salinity, Practical, 2 [PSU]
# name 17 = secS-priS: Salinity, Practical, Difference, 2 - 1 [PSU]
# name 18 = sigma-t00: Density [sigma-t, kg/m^3 ]
# name 19 = sigma-t11: Density, 2 [sigma-t, kg/m^3 ]
# name 20 = depSM: Depth [salt water, m], lat = 58.0085
# name 21 = depFM: Depth [true depth, m], lat = 58.0085
# name 22 = dz/dtM: Descent Rate [m/s], WS = 2
# name 23 = svCM: Sound Velocity [Chen-Millero, m/s]
# name 24 = svCM1: Sound Velocity, 2 [Chen-Millero, m/s]
# name 25 = flag: flag
# span 0 =        340,      13402       
# span 1 =      1.500,    143.500       
# span 2 =     6.9075,    17.4993       
# span 3 =     6.9050,    17.4907       
# span 4 =    -1.6241,     0.3871       
# span 5 =   3.536675,   4.313972       
# span 6 =   3.536139,   4.312934       
# span 7 =          1,          1       
# span 8 =     4.8959,     6.5652       
# span 9 =     4.9150,     6.3457       
# span 10 =      -0.12,       9.98      
# span 11 =     0.0374,     0.3195      
# span 12 = -1.364e-05, 7.8813e+00      
# span 13 = -1.330e-05, 8.0028e+00      
# span 14 = 7.1079e+01, 1.0154e+02      
# span 15 =    31.4063,    35.1249      
# span 16 =    31.4147,    35.1524      
# span 17 =    -0.7189,     0.1750      
# span 18 =    22.6451,    27.5207      
# span 19 =    22.6508,    27.5243      
# span 20 =      1.486,    142.121      
# span 21 =      1.494,    142.374      
# span 22 =     -0.586,      0.539      
# span 23 =    1480.32,    1511.95      
# span 24 =    1480.32,    1511.95      
# span 25 = 0.0000e+00, 0.0000e+00      
# interval = decibars: 0.5              
# start_time = Aug 23 2018 16:41:52 [NMEA time, first data scan]
# bad_flag = -9.990e-29
*END*
[from data line 56]
       2872     29.500    10.3678    10.3640    -0.0038    3.75840    3.76051          1     5.1350     5.0967       9.98     0.0724  1.026e-12  1.000e-12  9.748e+01    34.1205    34.1455     0.0249    26.2022    26.2223     29.225     29.333      0.349    1490.56    1490.58  0.000e+00
       2913     30.000    10.3756    10.3649    -0.0107    3.75965    3.76133          1     5.1353     5.0904       9.98     0.0654  1.026e-12  1.000e-12  9.748e+01    34.1257    34.1528     0.0270    26.2049    26.2278     29.720     29.829      0.237    1490.60    1490.60  0.000e+00
       2972     30.500    10.3677    10.3533    -0.0144    3.75930    3.76019          1     5.1449     5.0979       9.98     0.0750  1.026e-12  1.000e-12  9.748e+01    34.1294    34.1519     0.0225    26.2091    26.2291     30.215     30.326      0.244    1490.59    1490.56  0.000e+00
       3012     31.000    10.3463    10.3262    -0.0200    3.75789    3.75858          1     5.1368     5.1026       9.98     0.0605  1.026e-12  1.000e-12  9.748e+01    34.1350    34.1608     0.0259    26.2172    26.2408     30.710     30.822      0.338    1490.53    1490.49  0.000e+00
       3050     31.500    10.3362    10.3263    -0.0099    3.75741    3.75838          1     5.1406     5.0949       9.98     0.0663  1.027e-12  1.000e-12  9.739e+01    34.1395    34.1585     0.0191    26.2224    26.2390     31.206     31.318      0.271    1490.51    1490.49  0.000e+00
       3102     32.000    10.3387    10.3290    -0.0097    3.75803    3.75897          1     5.1372     5.1065       9.98     0.0740  1.026e-12  1.000e-12  9.748e+01    34.1430    34.1618     0.0188    26.2247    26.2411     31.701     31.814      0.221    1490.53    1490.52  0.000e+00
       3152     32.500    10.3021    10.2567    -0.0454    3.75719    3.75716          1     5.1486     5.0929       9.98     0.0708  1.026e-12  1.000e-12  9.748e+01    34.1688    34.2113     0.0426    26.2511    26.2922     32.196     32.311      0.277    1490.44    1490.33  0.000e+00
       3191     33.000    10.2422    10.2063    -0.0359    3.75399    3.75340          1     5.1468     5.0951       9.98     0.0643  1.026e-12  1.000e-12  9.748e+01    34.1926    34.2204     0.0278    26.2801    26.3080     32.692     32.807      0.315    1490.26    1490.17  0.000e+00
       3233     33.500    10.2218    10.1922    -0.0296    3.75257    3.75194          1     5.1485     5.0993       9.98     0.0655  1.026e-12  1.000e-12  9.748e+01    34.1972    34.2187     0.0215    26.2872    26.3091     33.187     33.303      0.249    1490.20    1490.12  0.000e+00
       3285     34.000    10.1907    10.1651    -0.0256    3.75015    3.75007          1     5.1598     5.1105       9.98     0.0743  1.033e-12  1.000e-12  9.687e+01    34.2018    34.2251     0.0234    26.2961    26.3187     33.682     33.799      0.254    1490.10    1490.04  0.000e+00
       3326     34.500    10.1379    10.0834    -0.0545    3.74732    3.74591          1     5.1611     5.1123       9.98     0.0864  1.033e-12  1.000e-12  9.679e+01    34.2226    34.2599     0.0373    26.3214    26.3598     34.177     34.296      0.296    1489.95    1489.80  0.000e+00
       3369     35.000    10.0785     9.9891    -0.0893    3.74234    3.73828          1     5.1491     5.0981       9.98     0.0791  1.041e-12  1.000e-12  9.610e+01    34.2280    34.2713     0.0434    26.3357    26.3848     34.673     34.792      0.268    1489.75    1489.48  0.000e+00
       3416     35.500     9.9761     9.9123    -0.0638    3.73442    3.73265          1     5.1176     5.0870       9.98     0.0685  1.048e-12  1.000e-12  9.546e+01    34.2440    34.2864     0.0424    26.3656    26.4096     35.168     35.288      0.244    1489.41    1489.23  0.000e+00
       3466     36.000     9.9015     9.8809    -0.0206    3.73085    3.73138          1     5.1242     5.0898       9.98     0.0756  1.048e-12  1.000e-12  9.545e+01    34.2782    34.3031     0.0250    26.4049    26.4279     35.663     35.784      0.255    1489.19    1489.15  0.000e+00
       3509     36.500     9.8882     9.8700    -0.0183    3.73040    3.73095          1     5.1209     5.0938       9.98     0.0765  1.048e-12  1.000e-12  9.545e+01    34.2859    34.3089     0.0230    26.4132    26.4343     36.159     36.280      0.286    1489.16    1489.12  0.000e+00
       3552     37.000     9.8768     9.8614    -0.0155    3.73002    3.73035          1     5.1253     5.0985       9.98     0.0788  1.048e-12  1.000e-12  9.545e+01    34.2927    34.3107     0.0181    26.4204    26.4371     36.654     36.777      0.269    1489.13    1489.10  0.000e+00
       3599     37.500     9.8658     9.8507    -0.0151    3.72939    3.72972          1     5.1138     5.0842       9.98     0.0742  1.048e-12  1.000e-12  9.545e+01    34.2964    34.3142     0.0177    26.4252    26.4416     37.149     37.273      0.250    1489.11    1489.07  0.000e+00
       3644     38.000     9.8511     9.8415    -0.0096    3.72877    3.72959          1     5.1213     5.0848       9.98     0.0727  1.048e-12  1.000e-12  9.545e+01    34.3039    34.3214     0.0175    26.4335    26.4488     37.644     37.769      0.287    1489.07    1489.06  0.000e+00
       3687     38.500     9.8486     9.8358    -0.0128    3.72942    3.73102          1     5.1220     5.0869       9.98     0.0671  1.048e-12  1.000e-12  9.545e+01    34.3127    34.3412     0.0286    26.4408    26.4653     38.140     38.265      0.257    1489.08    1489.07  0.000e+00
       3737     39.000     9.8471     9.8373    -0.0098    3.73104    3.73248          1     5.1102     5.0910       9.98     0.0785  1.048e-12  1.000e-12  9.545e+01    34.3305    34.3546     0.0241    26.4550    26.4755     38.635     38.761      0.246    1489.11    1489.10  0.000e+00
       3781     39.500     9.8448     9.8417    -0.0032    3.73237    3.73316          1     5.1150     5.1007       9.98     0.0845  1.048e-12  1.000e-12  9.545e+01    34.3461    34.3571     0.0110    26.4675    26.4767     39.130     39.257      0.292    1489.13    1489.13  0.000e+00
       3823     40.000     9.8489     9.8468    -0.0021    3.73293    3.73381          1     5.1175     5.1060       9.98     0.0760  1.048e-12  1.000e-12  9.545e+01    34.3476    34.3586     0.0110    26.4680    26.4770     39.625     39.753      0.261    1489.15    1489.16  0.000e+00
       3875     40.500     9.8550     9.8498    -0.0052    3.73442    3.73533          1     5.1470     5.1183       9.98     0.0825  1.048e-12  1.000e-12  9.545e+01    34.3569    34.3712     0.0143    26.4743    26.4863     40.121     40.250      0.232    1489.19    1489.19  0.000e+00
       3920     41.000     9.8338     9.7795    -0.0543    3.73304    3.73071          1     5.1578     5.0942       9.98     0.0826  1.048e-12  1.000e-12  9.545e+01    34.3628    34.3906     0.0279    26.4824    26.5133     40.616     40.746      0.314    1489.13    1488.97  0.000e+00
       3956     41.500     9.7619     9.6518    -0.1100    3.72655    3.72072          1     5.1315     5.0897       9.98     0.0862  1.048e-12  1.000e-12  9.545e+01    34.3646    34.4099     0.0453    26.4960    26.5497     41.111     41.242      0.302    1488.88    1488.54  0.000e+00
       4008     42.000     9.6497     9.5236    -0.1262    3.71849    3.71263          1     5.1039     5.0617       9.98     0.0786  1.049e-12  1.000e-12  9.537e+01    34.3888    34.4493     0.0605    26.5336    26.6018     41.607     41.738      0.202    1488.51    1488.13  0.000e+00
       4060     42.500     9.4535     9.4092    -0.0441    3.70413    3.70342          1     5.0912     5.0610       9.98     0.0769  1.048e-12  1.000e-12  9.545e+01    34.4285    34.4638     0.0353    26.5971    26.6320     42.102     42.234      0.309    1487.86    1487.74  0.000e+00
       4096     43.000     9.4164     9.3886    -0.0278    3.70166    3.70144          1     5.0870     5.0693       9.98     0.0682  1.048e-12  1.000e-12  9.545e+01    34.4385    34.4629     0.0244    26.6110    26.6347     42.597     42.730      0.314    1487.74    1487.67  0.000e+00
       4146     43.500     9.4051     9.3845    -0.0207    3.70104    3.70099          1     5.0847     5.0764       9.98     0.0689  1.048e-12  1.000e-12  9.540e+01    34.4427    34.4620     0.0193    26.6161    26.6346     43.092     43.226      0.207    1487.71    1487.66  0.000e+00
       4201     44.000     9.3831     9.3742    -0.0090    3.69983    3.70058          1     5.0936     5.0701       9.98     0.0771  1.059e-12  1.000e-12  9.441e+01    34.4510    34.4674     0.0164    26.6263    26.6406     43.588     43.722      0.303    1487.65    1487.64  0.000e+00
       4235     44.500     9.3697     9.3463    -0.0235    3.69908    3.69901          1     5.0871     5.0708       9.98     0.0704  1.069e-12  1.000e-12  9.352e+01    34.4560    34.4778     0.0218    26.6323    26.6532     44.083     44.218      0.334    1487.62    1487.56  0.000e+00
       4279     45.000     9.3591     9.3440    -0.0150    3.69848    3.69879          1     5.0871     5.0732       9.98     0.0694  1.070e-12  1.000e-12  9.342e+01    34.4597    34.4775     0.0178    26.6370    26.6534     44.578     44.714      0.229    1487.59    1487.56  0.000e+00
       4336     45.500     9.3514     9.3459    -0.0055    3.69900    3.69966          1     5.0867     5.0596       9.98     0.0781  1.070e-12  1.000e-12  9.342e+01    34.4723    34.4844     0.0121    26.6481    26.6585     45.073     45.210      0.237    1487.59    1487.58  0.000e+00
       4379     46.000     9.3460     9.3327    -0.0134    3.69938    3.69962          1     5.0786     5.0644       9.98     0.0698  1.070e-12  1.000e-12  9.342e+01    34.4812    34.4966     0.0155    26.6559    26.6702     45.569     45.706      0.319    1487.59    1487.56  0.000e+00
       4417     46.500     9.3317     9.3017    -0.0300    3.69838    3.69747          1     5.0698     5.0465       9.98     0.0704  1.070e-12  1.000e-12  9.342e+01    34.4844    34.5039     0.0196    26.6608    26.6810     46.064     46.202      0.277    1487.55    1487.46  0.000e+00
       4470     47.000     9.3005     9.2646    -0.0359    3.69602    3.69464          1     5.0614     5.0452       9.98     0.0906  1.071e-12  1.000e-12  9.335e+01    34.4898    34.5102     0.0203    26.6701    26.6919     46.559     46.699      0.206    1487.45    1487.34  0.000e+00
       4521     47.500     9.2470     9.2243    -0.0227    3.69227    3.69223          1     5.0608     5.0319       9.98     0.0731  1.070e-12  1.000e-12  9.342e+01    34.5023    34.5238     0.0215    26.6886    26.7091     47.054     47.195      0.295    1487.28    1487.22  0.000e+00
       4558     48.000     9.2004     9.1535    -0.0469    3.68902    3.68740          1     5.0503     5.0309       9.98     0.0720  1.070e-12  1.000e-12  9.342e+01    34.5133    34.5419     0.0286    26.7048    26.7347     47.550     47.691      0.322    1487.13    1486.99  0.000e+00
       4600     48.500     9.1473     9.0957    -0.0516    3.68456    3.68192          1     5.0321     5.0259       9.97     0.0737  1.070e-12  1.000e-12  9.342e+01    34.5180    34.5405     0.0225    26.7170    26.7429     48.045     48.187      0.254    1486.95    1486.78  0.000e+00
       4652     49.000     9.0836     9.0589    -0.0248    3.67878    3.67830          1     5.0027     5.0153       9.97     0.0716  1.070e-12  1.000e-12  9.342e+01    34.5192    34.5381     0.0189    26.7282    26.7470     48.540     48.683      0.237    1486.72    1486.65  0.000e+00
       4696     49.500     9.0568     9.0514    -0.0055    3.67727    3.67799          1     5.0316     5.0338       9.98     0.0693  1.071e-12  1.000e-12  9.337e+01    34.5291    34.5419     0.0129    26.7403    26.7512     49.035     49.179      0.302    1486.64    1486.64  0.000e+00
       4738     50.000     9.0457     8.9815    -0.0641    3.67661    3.67343          1     5.0348     5.0193       9.97     0.0707  1.078e-12  1.000e-12  9.274e+01    34.5328    34.5619     0.0290    26.7450    26.7780     49.531     49.675      0.245    1486.62    1486.41  0.000e+00
       4797     50.500     8.9206     8.8759    -0.0447    3.66545    3.66305          1     5.0056     4.9817       9.97     0.0729  1.088e-12  1.000e-12  9.195e+01    34.5372    34.5557     0.0184    26.7684    26.7900     50.026     50.171      0.231    1486.17    1486.03  0.000e+00
       4838     51.000     8.8928     8.8909    -0.0021    3.66351    3.66507          1     4.9849     4.9986       9.97     0.0690  1.094e-12  1.000e-12  9.139e+01    34.5438    34.5620     0.0182    26.7779    26.7925     50.521     50.667      0.335    1486.08    1486.10  0.000e+00
       4875     51.500     8.8776     8.7807    -0.0969    3.66324    3.65930          1     5.0101     5.0141       9.98     0.0675  1.094e-12  1.000e-12  9.144e+01    34.5555    34.6086     0.0531    26.7895    26.8465     51.016     51.163      0.290    1486.05    1485.75  0.000e+00
       4927     52.000     8.7816     8.7088    -0.0727    3.65644    3.65300          1     5.0321     5.0257       9.97     0.0674  1.094e-12  1.000e-12  9.139e+01    34.5773    34.6123     0.0350    26.8218    26.8607     51.512     51.659      0.206    1485.73    1485.50  0.000e+00
       4979     52.500     8.6447     8.5856    -0.0591    3.64430    3.64218          1     4.9972     4.9772       9.97     0.0640  1.094e-12  1.000e-12  9.139e+01    34.5830    34.6184     0.0354    26.8478    26.8847     52.007     52.155      0.283    1485.24    1485.06  0.000e+00
       5018     53.000     8.5777     8.5513    -0.0264    3.63901    3.63867          1     4.9693     4.9771       9.97     0.0633  1.094e-12  1.000e-12  9.139e+01    34.5924    34.6146     0.0222    26.8656    26.8871     52.502     52.650      0.311    1485.01    1484.94  0.000e+00
       5062     53.500     8.5671     8.5213    -0.0458    3.63832    3.63680          1     4.9750     4.9815       9.97     0.0653  1.094e-12  1.000e-12  9.139e+01    34.5953    34.6241     0.0288    26.8695    26.8992     52.997     53.146      0.230    1484.98    1484.84  0.000e+00
       5117     54.000     8.5046     8.4655    -0.0391    3.63336    3.63260          1     4.9860     4.9868       9.97     0.0637  1.094e-12  1.000e-12  9.139e+01    34.6038    34.6341     0.0304    26.8859    26.9157     53.493     53.642      0.245    1484.76    1484.66  0.000e+00
       5160     54.500     8.3734     8.3134    -0.0600    3.62169    3.61954          1     4.9708     4.9601       9.97     0.0616  1.094e-12  1.000e-12  9.139e+01    34.6085    34.6447     0.0361    26.9098    26.9474     53.988     54.138      0.299    1484.29    1484.11  0.000e+00
       5200     55.000     8.2984     8.2454    -0.0529    3.61450    3.61260          1     4.9419     4.9334       9.97     0.0643  1.094e-12  1.000e-12  9.139e+01    34.6055    34.6376     0.0321    26.9189    26.9522     54.483     54.634      0.282    1484.01    1483.85  0.000e+00
       5247     55.500     8.2128     8.1542    -0.0585    3.60671    3.60441          1     4.9028     4.9150       9.97     0.0604  1.094e-12  1.000e-12  9.139e+01    34.6066    34.6399     0.0333    26.9328    26.9678     54.978     55.130      0.238    1483.70    1483.52  0.000e+00
       5298     56.000     8.1376     8.1181    -0.0194    3.60085    3.60109          1     4.8959     4.9319       9.97     0.0609  1.094e-12  1.000e-12  9.139e+01    34.6179    34.6397     0.0218    26.9531    26.9732     55.473     55.626      0.259    1483.44    1483.39  0.000e+00
       5339     56.500     8.1188     8.1040    -0.0149    3.59958    3.60015          1     4.9107     4.9423       9.97     0.0605  1.094e-12  1.000e-12  9.139e+01    34.6227    34.6434     0.0207    26.9596    26.9781     55.969     56.122      0.299    1483.38    1483.35  0.000e+00
