ctdpy/tests/etc/all_smhi_bas_2018/SBE09_1044_20180128_2042_34_02_0027.cnv
* Sea-Bird SBE 9 Data File:
* FileName = C:\ctd\temp\2018\ME18D027.hex
* Software Version Seasave V 7.26.6.26
* Temperature SN = 5351
* Conductivity SN = 3941
* Number of Bytes Per Scan = 41
* Number of Voltage Words = 4
* Number of Scans Averaged by the Deck Unit = 1
* NMEA Latitude = 57 18.73 N
* NMEA Longitude = 020 04.60 E
* NMEA UTC (Time) = Jan 28 2018  20:43:17
* NMEA baud rate = 4800
** Station:  BY15 extra
** Operator:  SSip
** Ship: MERI
** Average sound velocity: 1446.43 m/s
** True-depth calculation Sun, 28 Jan 2018 22:08:26 +0000
** CTD Python Module SMHI /ver 3-12/ feb 2012 
** LIMS Job: 20183402-0027
** Cruise: SMHI-01-2018
** Latitude [GG MM.mm N] :
** Longitude [GG MM.mm E]:
# nquan = 26
# nvalues = 464                         
# units = specified
# name 0 = scan: Scan Count
# name 1 = prDM: Pressure, Digiquartz [db]
# name 2 = t090C: Temperature [ITS-90, deg C]
# name 3 = t190C: Temperature, 2 [ITS-90, deg C]
# name 4 = T2-T190C: Temperature Difference, 2 - 1 [ITS-90, deg C]
# name 5 = c0S/m: Conductivity [S/m]
# name 6 = c1S/m: Conductivity, 2 [S/m]
# name 7 = pumps: Pump Status
# name 8 = sbeox0ML/L: Oxygen, SBE 43 [ml/l]
# name 9 = sbeox1ML/L: Oxygen, SBE 43, 2 [ml/l]
# name 10 = altM: Altimeter [m]
# name 11 = flECO-AFL: Chl-a Fluorescence, WET Labs ECO-AFL/FL [mg/m^3]
# name 12 = flECO-AFL1: Phycocyanin Fluorescence, WET Labs ECO-AFL/FL, 2 [mg/m^3]
# name 13 = par: PAR/Irradiance, Biospherical/Lico [µE/(cm^2*s)]
# name 14 = turbWETntu0: Turbidity, WET Labs ECO [NTU]
# name 15 = sal00: Salinity, Practical [PSU]
# name 16 = sal11: Salinity, Practical, 2 [PSU]
# name 17 = secS-priS: Salinity, Practical, Difference, 2 - 1 [PSU]
# name 18 = sigma-t00: Density [sigma-t, Kg/m^3 ]
# name 19 = sigma-t11: Density, 2 [sigma-t, Kg/m^3 ]
# name 20 = depSM: Depth [salt water, m], lat = 57.3122
# name 21 = depFM: Depth [true depth, m], lat = 57.3122
# name 22 = dz/dtM: Descent Rate [m/s], WS = 2
# name 23 = svCM: Sound Velocity [Chen-Millero, m/s]
# name 24 = svCM1: Sound Velocity, 2 [Chen-Millero, m/s]
# name 25 = flag: flag
# span 0 =       8580,      19144       
# span 1 =      2.500,    234.000       
# span 2 =     4.7339,     6.9142       
# span 3 =     4.7346,     6.9145       
# span 4 =    -0.0345,     0.0140       
# span 5 =   0.792513,   1.460559       
# span 6 =   0.792497,   1.460539       
# span 7 =          1,          1       
# span 8 =    0.00683,    8.05545       
# span 9 =    0.02599,    7.99522       
# span 10 =       4.70,      99.25      
# span 11 =     0.2354,     0.3960      
# span 12 =     0.2069,     0.3889      
# span 13 = 1.0000e-12, 5.0875e-02      
# span 14 =     0.0954,     0.4750      
# span 15 =     7.3592,    13.2986      
# span 16 =     7.3591,    13.2983      
# span 17 =    -0.0568,     0.0245      
# span 18 =     5.8252,    10.3800      
# span 19 =     5.8252,    10.3797      
# span 20 =      2.477,    231.714      
# span 21 =      2.532,    236.331      
# span 22 =     -0.050,      1.853      
# span 23 =    1434.59,    1455.03      
# span 24 =    1434.59,    1455.04      
# span 25 = 0.0000e+00, 0.0000e+00      
# interval = decibars: 0.5              
# start_time = Jan 28 2018 20:43:17 [NMEA time, first data scan]
# bad_flag = -9.990e-29
*END*
[from data line 56]
       9963     30.500     4.7350     4.7358     0.0008    0.79293    0.79291          1     8.0313     7.9855      98.63     0.3409     0.3172  1.000e-12  0.1243000     7.3613     7.3609    -0.0004     5.8299     5.8296     30.217     30.885      0.930    1434.96    1434.96  0.000e+00
       9976     31.000     4.7347     4.7355     0.0008    0.79292    0.79289          1     8.0351     7.9855      98.63     0.3578     0.3154  1.000e-12  0.1287000     7.3612     7.3608    -0.0004     5.8299     5.8295     30.712     31.392      0.811    1434.97    1434.97  0.000e+00
       9995     31.500     4.7348     4.7356     0.0008    0.79293    0.79292          1     8.0396     7.9782      98.63     0.3699     0.2385  1.000e-12  0.1282000     7.3613     7.3609    -0.0003     5.8299     5.8296     31.208     31.898      0.526    1434.98    1434.98  0.000e+00
      10052     32.000     4.7353     4.7362     0.0009    0.79297    0.79296          1     8.0412     7.9690      98.63     0.3694     0.3176  1.000e-12  0.1117000     7.3615     7.3612    -0.0003     5.8301     5.8298     31.703     32.404      0.321    1434.99    1434.99  0.000e+00
      10087     32.500     4.7350     4.7356     0.0006    0.79295    0.79292          1     8.0331     7.9755      98.63     0.3673     0.3252  1.000e-12  0.1116000     7.3612     7.3608    -0.0004     5.8299     5.8296     32.198     32.911      0.695    1434.99    1435.00  0.000e+00
      10101     33.000     4.7354     4.7361     0.0007    0.79299    0.79297          1     8.0308     7.9704      98.63     0.3630     0.3474  1.000e-12  0.1128000     7.3615     7.3611    -0.0004     5.8301     5.8298     32.693     33.417      0.928    1435.00    1435.01  0.000e+00
      10112     33.500     4.7358     4.7366     0.0008    0.79303    0.79300          1     8.0247     7.9710      98.63     0.3624     0.3283  1.000e-12  0.1248000     7.3617     7.3613    -0.0004     5.8302     5.8299     33.189     33.923      1.023    1435.01    1435.02  0.000e+00
      10123     34.000     4.7362     4.7369     0.0007    0.79306    0.79302          1     8.0203     7.9793      98.63     0.3651     0.2728  1.000e-12  0.1254000     7.3619     7.3614    -0.0005     5.8304     5.8300     33.684     34.430      0.977    1435.02    1435.03  0.000e+00
      10136     34.500     4.7361     4.7369     0.0007    0.79306    0.79303          1     8.0184     7.9846      98.63     0.3622     0.2700  1.000e-12  0.1186000     7.3618     7.3614    -0.0005     5.8303     5.8299     34.179     34.936      0.751    1435.03    1435.03  0.000e+00
      10192     35.000     4.7359     4.7363     0.0004    0.79305    0.79301          1     8.0283     7.9707      98.62     0.3571     0.2804  1.000e-12  0.1137000     7.3617     7.3612    -0.0005     5.8303     5.8299     34.675     35.442      0.506    1435.04    1435.04  0.000e+00
      10247     35.500     4.7359     4.7367     0.0007    0.79305    0.79303          1     8.0333     7.9541      98.62     0.3519     0.2873  1.000e-12  0.1055000     7.3617     7.3613    -0.0004     5.8302     5.8299     35.170     35.949      0.942    1435.05    1435.05  0.000e+00
      10258     36.000     4.7361     4.7368     0.0007    0.79308    0.79306          1     8.0319     7.9633      98.62     0.3607     0.2697  1.000e-12  0.1102000     7.3618     7.3615    -0.0004     5.8303     5.8300     35.665     36.455      1.082    1435.06    1435.06  0.000e+00
      10268     36.500     4.7369     4.7377     0.0008    0.79313    0.79310          1     8.0329     7.9736      98.62     0.3658     0.2747  1.000e-12  0.1122000     7.3621     7.3617    -0.0005     5.8306     5.8302     36.161     36.961      1.118    1435.07    1435.07  0.000e+00
      10279     37.000     4.7374     4.7381     0.0007    0.79318    0.79314          1     8.0346     7.9795      98.62     0.3626     0.2976  1.000e-12  0.1136000     7.3624     7.3619    -0.0005     5.8308     5.8303     36.656     37.467      1.063    1435.08    1435.08  0.000e+00
      10290     37.500     4.7382     4.7390     0.0008    0.79322    0.79320          1     8.0344     7.9844      98.62     0.3627     0.2964  1.000e-12  0.1253000     7.3626     7.3622    -0.0004     5.8309     5.8305     37.151     37.974      0.920    1435.09    1435.09  0.000e+00
      10306     38.000     4.7381     4.7390     0.0009    0.79322    0.79320          1     8.0252     7.9884      98.62     0.3557     0.2454  1.000e-12  0.1221000     7.3625     7.3622    -0.0004     5.8308     5.8305     37.647     38.480      0.685    1435.10    1435.10  0.000e+00
      10330     38.500     4.7375     4.7382     0.0007    0.79319    0.79317          1     8.0234     7.9744      98.62     0.3532     0.2069  1.000e-12  0.1181000     7.3623     7.3619    -0.0004     5.8307     5.8303     38.142     38.986      0.335    1435.10    1435.10  0.000e+00
      10407     39.000     4.7368     4.7376     0.0008    0.79314    0.79313          1     8.0301     7.9644      98.62     0.3888     0.2893  1.000e-12  0.1075000     7.3620     7.3616    -0.0003     5.8304     5.8301     38.637     39.493      0.468    1435.11    1435.11  0.000e+00
      10421     39.500     4.7370     4.7376     0.0006    0.79316    0.79313          1     8.0279     7.9597      98.62     0.3735     0.2628  1.000e-12  0.1179000     7.3620     7.3616    -0.0005     5.8305     5.8301     39.132     39.999      0.858    1435.11    1435.11  0.000e+00
      10433     40.000     4.7380     4.7382     0.0002    0.79324    0.79318          1     8.0324     7.9567      98.63     0.3712     0.2690  1.000e-12  0.1165000     7.3625     7.3618    -0.0007     5.8308     5.8303     39.628     40.505      1.017    1435.13    1435.13  0.000e+00
      10443     40.500     4.7386     4.7388     0.0001    0.79327    0.79322          1     8.0349     7.9538      98.62     0.3556     0.2730  1.000e-12  0.1116000     7.3626     7.3621    -0.0005     5.8309     5.8304     40.123     41.012      1.059    1435.14    1435.14  0.000e+00
      10455     41.000     4.7381     4.7387     0.0007    0.79325    0.79322          1     8.0389     7.9615      98.63     0.3570     0.2756  1.000e-12  0.1136000     7.3625     7.3620    -0.0004     5.8308     5.8304     40.618     41.518      0.994    1435.14    1435.15  0.000e+00
      10468     41.500     4.7377     4.7386     0.0009    0.79324    0.79322          1     8.0384     7.9733      98.63     0.3437     0.2853  1.000e-12  0.1232000     7.3624     7.3620    -0.0004     5.8307     5.8304     41.114     42.024      0.821    1435.15    1435.15  0.000e+00
      10486     42.000     4.7370     4.7377     0.0007    0.79321    0.79318          1     8.0410     7.9794      98.63     0.3494     0.3081  1.000e-12  0.1302000     7.3622     7.3617    -0.0005     5.8306     5.8302     41.609     42.531      0.542    1435.15    1435.16  0.000e+00
      10522     42.500     4.7368     4.7379     0.0011    0.79321    0.79320          1     8.0440     7.9858      98.63     0.3692     0.3173  1.000e-12  0.1187000     7.3621     7.3618    -0.0003     5.8306     5.8303     42.104     43.037      0.276    1435.16    1435.16  0.000e+00
      10567     43.000     4.7383     4.7383    -0.0000    0.79330    0.79322          1     8.0421     7.9689      98.63     0.3916     0.2944  1.000e-12  0.1117000     7.3626     7.3619    -0.0007     5.8309     5.8303     42.600     43.543      0.388    1435.18    1435.17  0.000e+00
      10590     43.500     4.7389     4.7396     0.0007    0.79332    0.79330          1     8.0334     7.9662      98.63     0.3960     0.3081  1.000e-12  0.1179000     7.3626     7.3623    -0.0004     5.8309     5.8306     43.095     44.050      0.668    1435.19    1435.19  0.000e+00
      10605     44.000     4.7392     4.7399     0.0007    0.79335    0.79332          1     8.0296     7.9740      98.63     0.3870     0.3161  1.000e-12  0.1241000     7.3628     7.3624    -0.0004     5.8310     5.8306     43.590     44.556      0.827    1435.20    1435.20  0.000e+00
      10618     44.500     4.7387     4.7395     0.0008    0.79332    0.79331          1     8.0313     7.9759      98.63     0.3537     0.3014  1.000e-12  0.1191000     7.3626     7.3623    -0.0003     5.8309     5.8306     44.085     45.062      0.870    1435.20    1435.20  0.000e+00
      10632     45.000     4.7387     4.7393     0.0007    0.79332    0.79329          1     8.0347     7.9665      98.63     0.3434     0.3026  1.000e-12  0.1182000     7.3625     7.3621    -0.0004     5.8308     5.8304     44.581     45.569      0.810    1435.21    1435.21  0.000e+00
      10649     45.500     4.7386     4.7389     0.0002    0.79332    0.79328          1     8.0344     7.9613      98.63     0.3656     0.3156  1.000e-12  0.1238000     7.3625     7.3620    -0.0005     5.8308     5.8303     45.076     46.075      0.660    1435.22    1435.22  0.000e+00
      10671     46.000     4.7382     4.7393     0.0011    0.79331    0.79331          1     8.0374     7.9686      98.63     0.3569     0.3052  1.000e-12  0.1244000     7.3624     7.3622    -0.0002     5.8307     5.8305     45.571     46.581      0.478    1435.22    1435.23  0.000e+00
      10701     46.500     4.7395     4.7400     0.0005    0.79342    0.79337          1     8.0318     7.9776      98.63     0.3549     0.3261  1.000e-12  0.1633000     7.3631     7.3625    -0.0006     5.8312     5.8307     46.067     47.087      0.390    1435.24    1435.24  0.000e+00
      10729     47.000     4.7427     4.7417    -0.0010    0.79360    0.79349          1     8.0222     7.9726      98.62     0.3862     0.3184  1.000e-12  0.1119000     7.3641     7.3632    -0.0009     5.8319     5.8312     46.562     47.594      0.509    1435.26    1435.26  0.000e+00
      10750     47.500     4.7395     4.7405     0.0010    0.79343    0.79341          1     8.0310     7.9670      98.62     0.3653     0.3311  1.000e-12  0.1060000     7.3631     7.3627    -0.0004     5.8312     5.8309     47.057     48.100      0.646    1435.25    1435.26  0.000e+00
      10767     48.000     4.7418     4.7427     0.0009    0.79356    0.79355          1     8.0374     7.9553      98.62     0.3609     0.3293  1.000e-12  0.1107000     7.3638     7.3635    -0.0003     5.8317     5.8314     47.552     48.606      0.704    1435.27    1435.28  0.000e+00
      10784     48.500     4.7430     4.7444     0.0014    0.79364    0.79366          1     8.0362     7.9571      98.63     0.3539     0.3196  1.000e-12  0.1110000     7.3643     7.3642    -0.0001     5.8321     5.8319     48.048     49.113      0.679    1435.29    1435.29  0.000e+00
      10802     49.000     4.7458     4.7475     0.0017    0.79382    0.79388          1     8.0286     7.9613      98.62     0.3534     0.3174  1.000e-12  0.1178000     7.3653     7.3656     0.0003     5.8328     5.8330     48.543     49.619      0.585    1435.31    1435.32  0.000e+00
      10826     49.500     4.7493     4.7501     0.0008    0.79409    0.79406          1     8.0234     7.9636      98.63     0.3455     0.3165  1.000e-12  0.1140000     7.3672     7.3668    -0.0004     5.8341     5.8338     49.038     50.125      0.461    1435.33    1435.34  0.000e+00
      10855     50.000     4.7491     4.7496     0.0006    0.79410    0.79406          1     8.0309     7.9611      98.63     0.3322     0.3214  1.000e-12  0.1320000     7.3673     7.3668    -0.0005     5.8342     5.8338     49.533     50.632      0.396    1435.34    1435.34  0.000e+00
      10885     50.500     4.7492     4.7504     0.0011    0.79410    0.79410          1     8.0285     7.9668      98.63     0.3731     0.3886  1.000e-12  0.1165000     7.3672     7.3669    -0.0002     5.8341     5.8339     50.029     51.138      0.443    1435.35    1435.35  0.000e+00
      10910     51.000     4.7468     4.7460    -0.0008    0.79390    0.79377          1     8.0257     7.9699      98.63     0.3631     0.3105  1.000e-12  0.1180000     7.3657     7.3645    -0.0011     5.8330     5.8321     50.524     51.644      0.531    1435.34    1435.34  0.000e+00
      10931     51.500     4.7458     4.7466     0.0008    0.79382    0.79381          1     8.0291     7.9581      98.63     0.3539     0.2896  1.000e-12  0.1177000     7.3651     7.3648    -0.0003     5.8325     5.8323     51.019     52.151      0.626    1435.35    1435.35  0.000e+00
      10948     52.000     4.7464     4.7468     0.0004    0.79389    0.79384          1     8.0316     7.9665      98.63     0.3603     0.2977  1.000e-12  0.1142000     7.3655     7.3650    -0.0006     5.8329     5.8324     51.515     52.657      0.740    1435.36    1435.36  0.000e+00
      10963     52.500     4.7462     4.7467     0.0005    0.79391    0.79388          1     8.0272     7.9698      98.63     0.3615     0.3285  1.000e-12  0.1121000     7.3657     7.3653    -0.0005     5.8331     5.8327     52.010     53.163      0.844    1435.37    1435.37  0.000e+00
      10977     53.000     4.7459     4.7469     0.0010    0.79391    0.79390          1     8.0219     7.9779      98.63     0.3544     0.3067  1.000e-12  0.1178000     7.3657     7.3654    -0.0003     5.8331     5.8328     52.505     53.670      0.900    1435.37    1435.38  0.000e+00
      10990     53.500     4.7470     4.7490     0.0020    0.79395    0.79397          1     8.0220     7.9712      98.63     0.3561     0.2701  1.000e-12  0.1181000     7.3658     7.3655    -0.0003     5.8331     5.8328     53.000     54.176      0.873    1435.38    1435.39  0.000e+00
      11004     54.000     4.7513     4.7508    -0.0005    0.79417    0.79405          1     8.0289     7.9710      98.64     0.3543     0.2866  1.000e-12  0.1234000     7.3669     7.3659    -0.0011     5.8339     5.8330     53.496     54.682      0.714    1435.41    1435.41  0.000e+00
      11046     54.500     4.7482     4.7476    -0.0006    0.79399    0.79391          1     8.0287     7.9637      98.63     0.3600     0.2935  1.000e-12  0.1233000     7.3659     7.3651    -0.0007     5.8331     5.8325     53.991     55.189      0.423    1435.41    1435.40  0.000e+00
      11107     55.000     4.7487     4.7468    -0.0019    0.79402    0.79384          1     8.0121     7.9470      98.47     0.3634     0.2721  1.000e-12  0.1165000     7.3660     7.3646    -0.0014     5.8332     5.8321     54.486     55.695      0.830    1435.42    1435.41  0.000e+00
      11117     55.500     4.7444     4.7427    -0.0017    0.79375    0.79362          1     8.0160     7.9558      41.03     0.3636     0.2842  1.000e-12  0.1192000     7.3642     7.3632    -0.0010     5.8319     5.8312     54.981     56.201      1.050    1435.40    1435.39  0.000e+00
      11128     56.000     4.7407     4.7416     0.0009    0.79358    0.79356          1     8.0185     7.9664      40.80     0.3530     0.2862  1.000e-12  0.1176000     7.3632     7.3628    -0.0004     5.8313     5.8309     55.477     56.707      1.147    1435.39    1435.40  0.000e+00
      11138     56.500     4.7403     4.7412     0.0010    0.79356    0.79354          1     8.0217     7.9666      69.18     0.3519     0.2873  1.000e-12  0.1183000     7.3630     7.3626    -0.0004     5.8311     5.8308     55.972     57.214      1.150    1435.40    1435.40  0.000e+00
      11148     57.000     4.7403     4.7410     0.0007    0.79355    0.79353          1     8.0251     7.9698      79.89     0.3612     0.2839  1.000e-12  0.1236000     7.3629     7.3625    -0.0004     5.8311     5.8307     56.467     57.720      1.054    1435.41    1435.41  0.000e+00
      11160     57.500     4.7409     4.7420     0.0011    0.79360    0.79359          1     8.0288     7.9618      40.05     0.3751     0.2996  1.000e-12  0.1311000     7.3631     7.3628    -0.0003     5.8312     5.8309     56.962     58.226      0.840    1435.42    1435.42  0.000e+00
