ctdpy/tests/etc/all_smhi_bas_2018/SBE09_0827_20180822_0429_26_01_0839.cnv
* Sea-Bird SBE 9 Data File:
* FileName = D:\CTD_SBE911\DAT\26DA.2018.8.39.hex
* Software Version Seasave V 7.21d
* Temperature SN = 034605
* Conductivity SN = 041844
* Number of Bytes Per Scan = 48
* Number of Voltage Words = 5
* Number of Scans Averaged by the Deck Unit = 1
* NMEA Latitude = 57 36.82 N
* NMEA Longitude = 009 06.33 E
* NMEA UTC (Time) = Aug 22 2018  04:31:21
* NMEA baud rate = 4800
** Ship: DANA
** Average sound velocity: 1508.32 m/s
** True-depth calculation Thu, 28 Mar 2019 09:24:37 +0000
** CTD Python Module SMHI /ver 3-12/ feb 2012 
** LIMS Job: 20182601-0839
**  4 S REVET
** Operator: Christian
** Cruise: 08/2018
# nquan = 26
# nvalues = 78                          
# units = specified
# name 0 = scan: Scan Count
# name 1 = prDM: Pressure, Digiquartz [db]
# name 2 = t090C: Temperature [ITS-90, deg C]
# name 3 = t190C: Temperature, 2 [ITS-90, deg C]
# name 4 = T2-T190C: Temperature Difference, 2 - 1 [ITS-90, deg C]
# name 5 = c0S/m: Conductivity [S/m]
# name 6 = c1S/m: Conductivity, 2 [S/m]
# name 7 = pumps: Pump Status
# name 8 = sbeox1ML/L: Oxygen, SBE 43, 2 [ml/l]
# name 9 = sbeox0ML/L: Oxygen, SBE 43 [ml/l]
# name 10 = altM: Altimeter [m]
# name 11 = chloroflTC0: Chlorophyll, Turner Cyclops [ug/l]
# name 12 = cpar: CPAR/Corrected Irradiance [%]
# name 13 = par: PAR/Irradiance, Biospherical/Lico [µE/(cm^2*s)]
# name 14 = spar: SPAR, Biospherical/Licor
# name 15 = sal00: Salinity, Practical [PSU]
# name 16 = sal11: Salinity, Practical, 2 [PSU]
# name 17 = secS-priS: Salinity, Practical, Difference, 2 - 1 [PSU]
# name 18 = sigma-t00: Density [sigma-t, kg/m^3 ]
# name 19 = sigma-t11: Density, 2 [sigma-t, kg/m^3 ]
# name 20 = depSM: Depth [salt water, m], lat = 57.6137
# name 21 = depFM: Depth [true depth, m], lat = 57.6137
# name 22 = dz/dtM: Descent Rate [m/s], WS = 2
# name 23 = svCM: Sound Velocity [Chen-Millero, m/s]
# name 24 = svCM1: Sound Velocity, 2 [Chen-Millero, m/s]
# name 25 = flag: flag
# span 0 =        -89,       5626       
# span 1 =      1.500,     40.000       
# span 2 =    11.2610,    17.4869       
# span 3 =    11.2771,    17.4910       
# span 4 =    -0.5308,     0.0153       
# span 5 =   3.826643,   4.266834       
# span 6 =   3.826480,   4.267437       
# span 7 =          1,          1       
# span 8 =     4.9297,     5.7402       
# span 9 =     4.8064,     5.4433       
# span 10 =       0.88,       9.98      
# span 11 =     0.0321,     0.2233      
# span 12 = -2.894e-04, 7.4786e+00      
# span 13 = -8.815e-05, 2.1263e+00      
# span 14 = 2.8432e+01, 3.2493e+01      
# span 15 =    32.5980,    33.9673      
# span 16 =    32.6000,    33.9993      
# span 17 =    -0.0164,     0.2465      
# span 18 =    23.5571,    25.9242      
# span 19 =    23.5572,    25.9264      
# span 20 =      1.486,     39.627      
# span 21 =      1.493,     39.785      
# span 22 =     -0.418,      0.399      
# span 23 =    1493.70,    1511.83      
# span 24 =    1493.73,    1511.83      
# span 25 = 0.0000e+00, 0.0000e+00      
# interval = decibars: 0.5              
# start_time = Aug 22 2018 04:31:21 [NMEA time, first data scan]
# bad_flag = -9.990e-29
*END*
[from data line 56]
       2494     29.500    15.3325    15.2256    -0.1071    4.12657    4.12589          1     5.3723     5.1009       9.98     0.1572  3.108e-12  1.000e-12  3.219e+01    33.2030    33.2875     0.0845    24.5143    24.6027     29.225     29.353      0.247    1506.12    1505.88  0.000e+00
       2546     30.000    15.0364    14.9145    -0.1221    4.10001    4.09513          1     5.2912     5.0216       9.96     0.1515  3.086e-12  1.000e-12  3.241e+01    33.2145    33.2741     0.0597    24.5878    24.6601     29.721     29.850      0.272    1505.21    1504.89  0.000e+00
       2582     30.500    14.9032    14.8410    -0.0619    4.08832    4.08947          1     5.2394     4.9908       9.60     0.1447  3.090e-12  1.000e-12  3.237e+01    33.2218    33.2853     0.0635    24.6222    24.6845     30.216     30.347      0.353    1504.80    1504.68  0.000e+00
       2619     31.000    14.7794    14.7345    -0.0451    4.07821    4.07906          1     5.1999     4.9886       9.11     0.1338  3.078e-12  1.000e-12  3.249e+01    33.2353    33.2814     0.0461    24.6593    24.7044     30.711     30.844      0.274    1504.43    1504.34  0.000e+00
       2669     31.500    14.7539    14.7138    -0.0398    4.07594    4.07633          1     5.2100     4.9978       8.63     0.1216  3.078e-12  1.000e-12  3.249e+01    33.2364    33.2741     0.0377    24.6656    24.7032     31.207     31.341      0.258    1504.36    1504.27  0.000e+00
       2707     32.000    14.7213    14.7003    -0.0210    4.07338    4.07530          1     5.2099     5.0089       8.17     0.1222  3.078e-12  1.000e-12  3.249e+01    33.2407    33.2761     0.0354    24.6759    24.7077     31.702     31.838      0.369    1504.27    1504.24  0.000e+00
       2739     32.500    14.6912    14.6747    -0.0165    4.07076    4.07280          1     5.2006     5.0064       7.67     0.1178  3.078e-12  1.000e-12  3.249e+01    33.2423    33.2751     0.0328    24.6836    24.7124     32.197     32.335      0.339    1504.18    1504.17  0.000e+00
       2787     33.000    14.6420    14.5914    -0.0504    4.06772    4.06818          1     5.2124     5.0120       7.17     0.1052  3.078e-12  1.000e-12  3.249e+01    33.2565    33.3040     0.0475    24.7050    24.7524     32.693     32.832      0.214    1504.05    1503.94  0.000e+00
       2838     33.500    14.4902    14.3501    -0.1400    4.05634    4.05192          1     5.2088     4.9988       6.73     0.0993  3.078e-12  1.000e-12  3.249e+01    33.2824    33.3625     0.0801    24.7573    24.8486     33.188     33.329      0.328    1503.60    1503.24  0.000e+00
       2869     34.000    14.1996    14.1014    -0.0981    4.03316    4.03361          1     5.1784     4.9495       6.26     0.1001  3.078e-12  1.000e-12  3.249e+01    33.3196    33.4087     0.0892    24.8471    24.9364     33.683     33.826      0.369    1502.71    1502.50  0.000e+00
       2908     34.500    13.9690    13.9009    -0.0682    4.01416    4.01415          1     5.1500     4.9663       5.75     0.0873  3.078e-12  1.000e-12  3.249e+01    33.3433    33.4024     0.0591    24.9134    24.9732     34.179     34.323      0.264    1502.00    1501.85  0.000e+00
       2954     35.000    13.9226    13.8761    -0.0463    4.01031    4.01025          1     5.1713     5.0172       5.25     0.0777  3.078e-12  1.000e-12  3.249e+01    33.3477    33.3875     0.0399    24.9264    24.9668     34.674     34.820      0.303    1501.86    1501.76  0.000e+00
       2991     35.500    13.8531    13.7628    -0.0907    4.00467    4.00463          1     5.1877     4.9142       4.77     0.0756  3.078e-12  1.000e-12  3.249e+01    33.3555    33.4339     0.0784    24.9468    25.0259     35.169     35.316      0.326    1501.65    1501.45  0.000e+00
       3028     36.000    13.2140    12.9072    -0.3050    3.95846    3.95188          1     5.0951     4.8064       4.28     0.0706  3.078e-12  1.000e-12  3.249e+01    33.4822    33.6918     0.2096    25.1743    25.3975     35.664     35.813      0.331    1499.70    1498.92  0.000e+00
       3064     36.500    12.6030    12.2352    -0.3684    3.91880    3.90648          1     5.0177     4.9052       3.79     0.0598  3.078e-12  1.000e-12  3.249e+01    33.6475    33.8597     0.2122    25.4230    25.6586     36.160     36.310      0.301    1497.86    1496.87  0.000e+00
       3109     37.000    12.4221    11.8917    -0.5308    3.90448    3.88040          1     5.0198     4.8895       3.31     0.0520  3.078e-12  1.000e-12  3.249e+01    33.6717    33.9183     0.2465    25.4769    25.7694     36.655     36.807      0.277    1497.29    1495.77  0.000e+00
       3146     37.500    11.9209    11.6384    -0.2826    3.87125    3.86239          1     5.0339     4.9005       2.84     0.0495  3.078e-12  1.000e-12  3.249e+01    33.8024    33.9735     0.1711    25.6738    25.8596     37.150     37.303      0.344    1495.74    1494.97  0.000e+00
       3182     38.000    11.6800    11.4886    -0.1922    3.85541    3.84972          1     5.0284     4.9357       2.33     0.0476  3.078e-12  1.000e-12  3.249e+01    33.8669    33.9864     0.1195    25.7690    25.8973     37.646     37.800      0.310    1495.00    1494.48  0.000e+00
       3224     38.500    11.6152    11.3872    -0.2271    3.85011    3.84159          1     5.0061     4.9117       1.84     0.0526  3.078e-12  1.000e-12  3.249e+01    33.8740    33.9993     0.1253    25.7865    25.9260     38.141     38.296      0.286    1494.79    1494.15  0.000e+00
       3265     39.000    11.4387    11.3576    -0.0814    3.83850    3.83818          1     4.9925     4.9133       1.35     0.0493  3.078e-12  1.000e-12  3.249e+01    33.9214    33.9927     0.0714    25.8560    25.9264     38.636     38.793      0.279    1494.25    1494.05  0.000e+00
       3471     39.500    11.3946    11.3431    -0.0491    3.83486    3.83535          1     4.9772     4.9054       0.88     0.0959  3.078e-12  1.000e-12  3.249e+01    33.9257    33.9780     0.0522    25.8675    25.9175     39.132     39.289      0.151    1494.10    1493.99  0.000e+00
       5626     40.000    11.2610    11.2771     0.0153    3.82664    3.82648          1     4.9297     4.8831       3.65     0.0321  3.078e-12  1.000e-12  3.249e+01    33.9673    33.9509    -0.0164    25.9242    25.9085     39.627     39.785     -0.418    1493.70    1493.73  0.000e+00
