ctdpy/tests/etc/all_smhi_bas_2018/SBE09_0827_20181009_0631_26_01_1048.cnv
* Sea-Bird SBE 9 Data File:
* FileName = D:\CTD_SBE911\DAT\26DA.2018.10.48.hex
* Software Version Seasave V 7.21d
* Temperature SN = 4548
* Conductivity SN = 3062
* Number of Bytes Per Scan = 48
* Number of Voltage Words = 5
* Number of Scans Averaged by the Deck Unit = 1
* NMEA Latitude = 58 38.73 N
* NMEA Longitude = 020 18.01 E
* NMEA UTC (Time) = Oct 09 2018  06:33:48
* NMEA baud rate = 4800
** Ship: DANA
** Average sound velocity: 1446.07 m/s
** True-depth calculation Thu, 28 Mar 2019 12:21:59 +0000
** CTD Python Module SMHI /ver 3-12/ feb 2012 
** LIMS Job: 20182601-1048
** Operator: Christian
** Cruise: 10/2018
# nquan = 26
# nvalues = 308                         
# units = specified
# name 0 = scan: Scan Count
# name 1 = prDM: Pressure, Digiquartz [db]
# name 2 = t090C: Temperature [ITS-90, deg C]
# name 3 = t190C: Temperature, 2 [ITS-90, deg C]
# name 4 = T2-T190C: Temperature Difference, 2 - 1 [ITS-90, deg C]
# name 5 = c0S/m: Conductivity [S/m]
# name 6 = c1S/m: Conductivity, 2 [S/m]
# name 7 = pumps: Pump Status
# name 8 = sbeox1ML/L: Oxygen, SBE 43, 2 [ml/l]
# name 9 = sbeox0ML/L: Oxygen, SBE 43 [ml/l]
# name 10 = altM: Altimeter [m]
# name 11 = chloroflTC0: Chlorophyll, Turner Cyclops [ug/l]
# name 12 = cpar: CPAR/Corrected Irradiance [%]
# name 13 = par: PAR/Irradiance, Biospherical/Lico [µE/(cm^2*s)]
# name 14 = spar: SPAR, Biospherical/Licor
# name 15 = sal00: Salinity, Practical [PSU]
# name 16 = sal11: Salinity, Practical, 2 [PSU]
# name 17 = secS-priS: Salinity, Practical, Difference, 2 - 1 [PSU]
# name 18 = sigma-t00: Density [sigma-t, kg/m^3 ]
# name 19 = sigma-t11: Density, 2 [sigma-t, kg/m^3 ]
# name 20 = depSM: Depth [salt water, m], lat = 58.6455
# name 21 = depFM: Depth [true depth, m], lat = 58.6455
# name 22 = dz/dtM: Descent Rate [m/s], WS = 2
# name 23 = svCM: Sound Velocity [Chen-Millero, m/s]
# name 24 = svCM1: Sound Velocity, 2 [Chen-Millero, m/s]
# name 25 = flag: flag
# span 0 =         37,      12332       
# span 1 =      0.500,    154.000       
# span 2 =     3.2209,    11.2920       
# span 3 =     3.2368,    11.2914       
# span 4 =    -0.1274,     2.2152       
# span 5 =   0.746122,   1.257187       
# span 6 =   0.747242,   1.257074       
# span 7 =          1,          1       
# span 8 =     0.0344,     7.6755       
# span 9 =     0.0380,     7.5423       
# span 10 =       2.90,      10.92      
# span 11 =     0.0159,     0.0349      
# span 12 = -9.633e-06, 3.4760e+01      
# span 13 = -8.646e-05, 2.8173e+02      
# span 14 = 5.1346e+02, 1.1433e+03      
# span 15 =     6.4889,    11.5165      
# span 16 =     6.4892,    11.5153      
# span 17 =    -0.1866,     0.0021      
# span 18 =     4.6317,     9.0255      
# span 19 =     4.6318,     9.0246      
# span 20 =      0.495,    152.508      
# span 21 =      0.507,    155.733      
# span 22 =     -0.154,      0.994      
# span 23 =    1428.14,    1460.44      
# span 24 =    1428.23,    1460.43      
# span 25 = 0.0000e+00, 0.0000e+00      
# interval = decibars: 0.5              
# start_time = Oct 09 2018 06:33:49 [NMEA time, first data scan]
# bad_flag = -9.990e-29
*END*
[from data line 223]
       9783    112.000     6.2282     6.2266    -0.0017    1.23608    1.23550          1     0.0512     0.0530       9.97     0.0171  1.285e-13  1.000e-12  7.784e+02    11.3462    11.3411    -0.0051     8.8980     8.8941    110.926    113.335      0.403    1447.76    1447.75  0.000e+00
       9821    112.500     6.2299     6.2286    -0.0014    1.23647    1.23602          1     0.0509     0.0523       9.97     0.0171  1.227e-13  1.000e-12  8.150e+02    11.3495    11.3455    -0.0041     8.9005     8.8974    111.421    113.840      0.317    1447.78    1447.77  0.000e+00
       9852    113.000     6.2313     6.2303    -0.0011    1.23679    1.23644          1     0.0512     0.0529       9.97     0.0171  1.172e-13  1.000e-12  8.534e+02    11.3521    11.3490    -0.0031     8.9025     8.9001    111.916    114.345      0.544    1447.80    1447.79  0.000e+00
       9870    113.500     6.2323     6.2316    -0.0007    1.23697    1.23674          1     0.0518     0.0522       9.97     0.0168  1.146e-13  1.000e-12  8.724e+02    11.3535    11.3514    -0.0021     8.9034     8.9019    112.411    114.850      0.714    1447.82    1447.81  0.000e+00
       9886    114.000     6.2329     6.2329    -0.0000    1.23714    1.23701          1     0.0517     0.0514       9.97     0.0171  1.128e-13  1.000e-12  8.867e+02    11.3548    11.3536    -0.0012     8.9045     8.9035    112.906    115.355      0.739    1447.83    1447.82  0.000e+00
       9902    114.500     6.2336     6.2331    -0.0005    1.23730    1.23711          1     0.0511     0.0504       9.97     0.0169  1.105e-13  1.000e-12  9.051e+02    11.3561    11.3544    -0.0017     8.9054     8.9042    113.401    115.859      0.614    1447.84    1447.83  0.000e+00
       9952    115.000     6.2350     6.2344    -0.0006    1.23768    1.23742          1     0.0501     0.0533       9.97     0.0168  1.056e-13  1.000e-12  9.477e+02    11.3593    11.3569    -0.0023     8.9078     8.9060    113.896    116.364      0.314    1447.86    1447.85  0.000e+00
      10015    115.500     6.2366     6.2361    -0.0004    1.23805    1.23786          1     0.0506     0.0501       9.97     0.0170  1.018e-13  1.000e-12  9.821e+02    11.3624    11.3607    -0.0017     8.9102     8.9089    114.392    116.869      0.543    1447.87    1447.87  0.000e+00
      10031    116.000     6.2372     6.2369    -0.0003    1.23817    1.23803          1     0.0489     0.0475       9.97     0.0170  1.019e-13  1.000e-12  9.809e+02    11.3633    11.3620    -0.0013     8.9108     8.9098    114.887    117.374      0.729    1447.89    1447.88  0.000e+00
      10046    116.500     6.2390     6.2390    -0.0000    1.23858    1.23843          1     0.0484     0.0515       9.97     0.0168  1.019e-13  1.000e-12  9.809e+02    11.3667    11.3652    -0.0015     8.9134     8.9122    115.382    117.878      0.765    1447.91    1447.90  0.000e+00
      10062    117.000     6.2409     6.2407    -0.0001    1.23903    1.23883          1     0.0503     0.0511       9.97     0.0170  1.019e-13  1.000e-12  9.817e+02    11.3704    11.3684    -0.0020     8.9162     8.9146    115.877    118.383      0.700    1447.93    1447.92  0.000e+00
      10081    117.500     6.2431     6.2418    -0.0014    1.23945    1.23907          1     0.0493     0.0506       9.97     0.0168  1.019e-13  1.000e-12  9.813e+02    11.3737    11.3704    -0.0033     8.9186     8.9161    116.372    118.888      0.570    1447.95    1447.94  0.000e+00
      10106    118.000     6.2439     6.2425    -0.0013    1.23959    1.23923          1     0.0483     0.0529       9.97     0.0167  1.030e-13  1.000e-12  9.705e+02    11.3748    11.3717    -0.0031     8.9194     8.9171    116.867    119.393      0.463    1447.96    1447.95  0.000e+00
      10134    118.500     6.2454     6.2445    -0.0009    1.23986    1.23959          1     0.0455     0.0481       9.97     0.0168  1.050e-13  1.000e-12  9.526e+02    11.3769    11.3744    -0.0024     8.9210     8.9191    117.362    119.898      0.365    1447.98    1447.97  0.000e+00
      10181    119.000     6.2469     6.2460    -0.0008    1.24010    1.23988          1     0.0465     0.0489       9.97     0.0170  1.076e-13  1.000e-12  9.295e+02    11.3787    11.3767    -0.0019     8.9223     8.9208    117.857    120.402      0.249    1448.00    1447.99  0.000e+00
      10222    119.500     6.2479     6.2473    -0.0006    1.24022    1.24007          1     0.0457     0.0481       9.97     0.0169  1.093e-13  1.000e-12  9.145e+02    11.3794    11.3781    -0.0013     8.9228     8.9218    118.352    120.907      0.496    1448.01    1448.00  0.000e+00
      10241    120.000     6.2494     6.2484    -0.0010    1.24042    1.24023          1     0.0475     0.0512       9.97     0.0169  1.093e-13  1.000e-12  9.150e+02    11.3808    11.3792    -0.0016     8.9238     8.9226    118.847    121.412      0.617    1448.02    1448.02  0.000e+00
      10260    120.500     6.2530     6.2508    -0.0022    1.24099    1.24057          1     0.0465     0.0504       9.97     0.0169  1.085e-13  1.000e-12  9.214e+02    11.3851    11.3817    -0.0034     8.9269     8.9244    119.342    121.917      0.583    1448.05    1448.04  0.000e+00
      10284    121.000     6.2541     6.2527    -0.0013    1.24123    1.24087          1     0.0464     0.0477       9.97     0.0169  1.077e-13  1.000e-12  9.284e+02    11.3871    11.3840    -0.0031     8.9284     8.9260    119.837    122.421      0.443    1448.07    1448.06  0.000e+00
      10316    121.500     6.2586     6.2562    -0.0024    1.24215    1.24153          1     0.0451     0.0477       9.97     0.0168  1.082e-13  1.000e-12  9.245e+02    11.3946    11.3893    -0.0053     8.9340     8.9300    120.332    122.926      0.359    1448.10    1448.09  0.000e+00
      10348    122.000     6.2642     6.2613    -0.0029    1.24322    1.24256          1     0.0480     0.0495       9.97     0.0167  1.089e-13  1.000e-12  9.185e+02    11.4032    11.3977    -0.0055     8.9404     8.9363    120.827    123.431      0.408    1448.15    1448.13  0.000e+00
      10377    122.500     6.2658     6.2646    -0.0012    1.24360    1.24321          1     0.0448     0.0468       9.97     0.0169  1.081e-13  1.000e-12  9.246e+02    11.4063    11.4029    -0.0034     8.9427     8.9401    121.322    123.936      0.396    1448.17    1448.16  0.000e+00
      10410    123.000     6.2678     6.2666    -0.0012    1.24431    1.24381          1     0.0462     0.0498       9.97     0.0167  1.065e-13  1.000e-12  9.394e+02    11.4126    11.4082    -0.0045     8.9476     8.9441    121.817    124.440      0.348    1448.19    1448.18  0.000e+00
      10442    123.500     6.2684     6.2679    -0.0005    1.24478    1.24443          1     0.0456     0.0478       9.97     0.0170  1.046e-13  1.000e-12  9.558e+02    11.4171    11.4138    -0.0033     8.9510     8.9485    122.312    124.945      0.468    1448.21    1448.20  0.000e+00
      10464    124.000     6.2685     6.2684    -0.0001    1.24484    1.24466          1     0.0461     0.0473       9.97     0.0171  1.036e-13  1.000e-12  9.655e+02    11.4175    11.4157    -0.0018     8.9513     8.9500    122.807    125.450      0.586    1448.21    1448.21  0.000e+00
      10483    124.500     6.2683     6.2685     0.0001    1.24522    1.24505          1     0.0461     0.0469       9.97     0.0171  1.024e-13  1.000e-12  9.763e+02    11.4213    11.4195    -0.0018     8.9543     8.9529    123.303    125.955      0.601    1448.23    1448.22  0.000e+00
      10504    125.000     6.2695     6.2697     0.0003    1.24564    1.24549          1     0.0461     0.0474       9.97     0.0170  1.007e-13  1.000e-12  9.930e+02    11.4249    11.4234    -0.0015     8.9571     8.9558    123.798    126.459      0.545    1448.24    1448.24  0.000e+00
      10530    125.500     6.2720     6.2712    -0.0009    1.24613    1.24581          1     0.0456     0.0435       9.97     0.0169  9.858e-14  1.000e-12  1.014e+03    11.4289    11.4260    -0.0029     8.9600     8.9578    124.293    126.964      0.350    1448.27    1448.26  0.000e+00
      10627    126.000     6.2734     6.2737     0.0002    1.24633    1.24628          1     0.0462     0.0466       9.97     0.0165  9.522e-14  1.000e-12  1.050e+03    11.4302    11.4297    -0.0005     8.9610     8.9606    124.788    127.469      0.428    1448.28    1448.28  0.000e+00
      10639    126.500     6.2745     6.2752     0.0007    1.24654    1.24653          1     0.0447     0.0477       9.97     0.0170  9.662e-14  1.000e-12  1.035e+03    11.4319    11.4315    -0.0003     8.9622     8.9619    125.283    127.974      0.759    1448.30    1448.30  0.000e+00
      10653    127.000     6.2775     6.2773    -0.0001    1.24710    1.24691          1     0.0452     0.0465       9.97     0.0171  9.680e-14  1.000e-12  1.033e+03    11.4363    11.4346    -0.0018     8.9655     8.9641    125.778    128.478      0.844    1448.32    1448.32  0.000e+00
      10667    127.500     6.2802     6.2800    -0.0003    1.24751    1.24736          1     0.0463     0.0461       9.97     0.0170  9.644e-14  1.000e-12  1.037e+03    11.4394    11.4380    -0.0014     8.9678     8.9667    126.273    128.983      0.806    1448.35    1448.35  0.000e+00
      10683    128.000     6.2832     6.2830    -0.0002    1.24788    1.24773          1     0.0471     0.0489       9.97     0.0169  9.542e-14  1.000e-12  1.048e+03    11.4419    11.4406    -0.0013     8.9695     8.9685    126.768    129.488      0.643    1448.37    1448.37  0.000e+00
      10710    128.500     6.2848     6.2840    -0.0008    1.24810    1.24787          1     0.0443     0.0451       9.97     0.0171  9.399e-14  1.000e-12  1.064e+03    11.4435    11.4415    -0.0020     8.9707     8.9691    127.263    129.993      0.358    1448.39    1448.38  0.000e+00
      10754    129.000     6.2893     6.2872    -0.0021    1.24873    1.24833          1     0.0446     0.0466       9.97     0.0171  9.344e-14  1.000e-12  1.070e+03    11.4482    11.4449    -0.0033     8.9740     8.9716    127.758    130.497      0.286    1448.42    1448.41  0.000e+00
      10790    129.500     6.2918     6.2904    -0.0014    1.24915    1.24882          1     0.0462     0.0438       9.97     0.0171  9.426e-14  1.000e-12  1.061e+03    11.4514    11.4486    -0.0028     8.9764     8.9743    128.253    131.002      0.378    1448.44    1448.43  0.000e+00
      10818    130.000     6.2948     6.2944    -0.0004    1.24962    1.24944          1     0.0435     0.0461       9.97     0.0170  9.452e-14  1.000e-12  1.058e+03    11.4550    11.4533    -0.0016     8.9790     8.9777    128.748    131.507      0.501    1448.47    1448.47  0.000e+00
      10839    130.500     6.2988     6.2989     0.0001    1.25046    1.25025          1     0.0407     0.0457       9.97     0.0170  9.425e-14  1.000e-12  1.061e+03    11.4619    11.4598    -0.0021     8.9841     8.9825    129.243    132.012      0.597    1448.50    1448.50  0.000e+00
      10859    131.000     6.3009     6.3010     0.0001    1.25086    1.25074          1     0.0416     0.0455       9.97     0.0169  9.372e-14  1.000e-12  1.067e+03    11.4650    11.4638    -0.0012     8.9864     8.9855    129.738    132.516      0.593    1448.52    1448.52  0.000e+00
      10882    131.500     6.3011     6.3014     0.0003    1.25089    1.25083          1     0.0452     0.0450       9.97     0.0169  9.310e-14  1.000e-12  1.074e+03    11.4652    11.4644    -0.0008     8.9866     8.9859    130.233    133.021      0.416    1448.53    1448.53  0.000e+00
      10947    132.000     6.3017     6.3021     0.0004    1.25103    1.25098          1     0.0464     0.0452       9.97     0.0167  9.371e-14  1.000e-12  1.067e+03    11.4663    11.4656    -0.0006     8.9874     8.9868    130.728    133.526      0.300    1448.55    1448.55  0.000e+00
      10983    132.500     6.3022     6.3025     0.0003    1.25111    1.25105          1     0.0423     0.0475       9.97     0.0160  9.539e-14  1.000e-12  1.048e+03    11.4668    11.4661    -0.0007     8.9877     8.9872    131.223    134.030      0.543    1448.55    1448.55  0.000e+00
      11003    133.000     6.3026     6.3029     0.0003    1.25122    1.25115          1     0.0395     0.0446       9.97     0.0167  9.669e-14  1.000e-12  1.034e+03    11.4676    11.4669    -0.0007     8.9884     8.9878    131.718    134.535      0.594    1448.57    1448.57  0.000e+00
      11024    133.500     6.3026     6.3029     0.0003    1.25127    1.25121          1     0.0442     0.0445       9.97     0.0171  9.680e-14  1.000e-12  1.033e+03    11.4681    11.4673    -0.0007     8.9888     8.9881    132.213    135.040      0.519    1448.57    1448.58  0.000e+00
      11050    134.000     6.3028     6.3030     0.0002    1.25140    1.25131          1     0.0425     0.0438       9.97     0.0170  9.587e-14  1.000e-12  1.043e+03    11.4691    11.4682    -0.0010     8.9896     8.9888    132.708    135.545      0.443    1448.58    1448.58  0.000e+00
      11077    134.500     6.3037     6.3039     0.0002    1.25175    1.25158          1     0.0383     0.0442       9.97     0.0169  9.506e-14  1.000e-12  1.052e+03    11.4722    11.4705    -0.0017     8.9919     8.9906    133.203    136.049      0.520    1448.60    1448.60  0.000e+00
      11097    135.000     6.3032     6.3035     0.0003    1.25215    1.25202          1     0.0406     0.0455       9.97     0.0170  9.550e-14  1.000e-12  1.047e+03    11.4762    11.4750    -0.0013     8.9951     8.9941    133.698    136.554      0.626    1448.61    1448.61  0.000e+00
      11115    135.500     6.3034     6.3038     0.0004    1.25233    1.25227          1     0.0434     0.0437       9.97     0.0166  9.678e-14  1.000e-12  1.033e+03    11.4779    11.4772    -0.0007     8.9964     8.9958    134.193    137.059      0.617    1448.62    1448.62  0.000e+00
      11138    136.000     6.3031     6.3035     0.0004    1.25241    1.25237          1     0.0410     0.0442       9.97     0.0170  9.832e-14  1.000e-12  1.017e+03    11.4787    11.4781    -0.0006     8.9971     8.9966    134.688    137.564      0.419    1448.63    1448.63  0.000e+00
      11184    136.500     6.3031     6.3035     0.0004    1.25254    1.25251          1     0.0408     0.0439       9.97     0.0168  1.015e-13  1.000e-12  9.849e+02    11.4799    11.4795    -0.0004     8.9980     8.9977    135.183    138.068      0.255    1448.64    1448.64  0.000e+00
      11220    137.000     6.3034     6.3037     0.0004    1.25263    1.25258          1     0.0405     0.0447       9.97     0.0170  1.056e-13  1.000e-12  9.473e+02    11.4806    11.4800    -0.0006     8.9986     8.9981    135.678    138.573      0.439    1448.65    1448.65  0.000e+00
      11246    137.500     6.3036     6.3039     0.0002    1.25267    1.25261          1     0.0422     0.0457       9.97     0.0169  1.091e-13  1.000e-12  9.168e+02    11.4808    11.4802    -0.0007     8.9987     8.9982    136.173    139.078      0.422    1448.66    1448.66  0.000e+00
      11280    138.000     6.3039     6.3042     0.0004    1.25271    1.25265          1     0.0405     0.0432       9.97     0.0166  1.128e-13  1.000e-12  8.865e+02    11.4810    11.4803    -0.0007     8.9988     8.9983    136.668    139.582      0.314    1448.67    1448.67  0.000e+00
      11317    138.500     6.3046     6.3049     0.0003    1.25278    1.25272          1     0.0402     0.0440       9.97     0.0169  1.163e-13  1.000e-12  8.601e+02    11.4814    11.4807    -0.0007     8.9991     8.9985    137.163    140.087      0.389    1448.68    1448.68  0.000e+00
      11344    139.000     6.3058     6.3061     0.0004    1.25296    1.25293          1     0.0392     0.0442       9.97     0.0169  1.185e-13  1.000e-12  8.438e+02    11.4827    11.4823    -0.0004     9.0000     8.9997    137.658    140.592      0.531    1448.69    1448.70  0.000e+00
