ctdpy/tests/etc/all_smhi_bas_2018/SBE09_1044_20180126_1119_34_02_0014.cnv
* Sea-Bird SBE 9 Data File:
* FileName = C:\ctd\temp\2018\ME18D014.hex
* Software Version Seasave V 7.26.6.26
* Temperature SN = 5351
* Conductivity SN = 3941
* Number of Bytes Per Scan = 41
* Number of Voltage Words = 4
* Number of Scans Averaged by the Deck Unit = 1
* NMEA Latitude = 54 58.28 N
* NMEA Longitude = 014 05.90 E
* NMEA UTC (Time) = Jan 26 2018  11:19:35
* NMEA baud rate = 4800
** Station:  BY2
** Operator:  JKro
** Ship: MERI
** Average sound velocity: 1387.57 m/s
** True-depth calculation Sat, 27 Jan 2018 21:56:31 +0000
** CTD Python Module SMHI /ver 3-12/ feb 2012 
** LIMS Job: 20183402-0014
** Cruise: SMHI-01-2018
** Latitude [GG MM.mm N] :
** Longitude [GG MM.mm E]:
# nquan = 26
# nvalues = 87                          
# units = specified
# name 0 = scan: Scan Count
# name 1 = prDM: Pressure, Digiquartz [db]
# name 2 = t090C: Temperature [ITS-90, deg C]
# name 3 = t190C: Temperature, 2 [ITS-90, deg C]
# name 4 = T2-T190C: Temperature Difference, 2 - 1 [ITS-90, deg C]
# name 5 = c0S/m: Conductivity [S/m]
# name 6 = c1S/m: Conductivity, 2 [S/m]
# name 7 = pumps: Pump Status
# name 8 = sbeox0ML/L: Oxygen, SBE 43 [ml/l]
# name 9 = sbeox1ML/L: Oxygen, SBE 43, 2 [ml/l]
# name 10 = altM: Altimeter [m]
# name 11 = flECO-AFL: Chl-a Fluorescence, WET Labs ECO-AFL/FL [mg/m^3]
# name 12 = flECO-AFL1: Phycocyanin Fluorescence, WET Labs ECO-AFL/FL, 2 [mg/m^3]
# name 13 = par: PAR/Irradiance, Biospherical/Lico [µE/(cm^2*s)]
# name 14 = turbWETntu0: Turbidity, WET Labs ECO [NTU]
# name 15 = sal00: Salinity, Practical [PSU]
# name 16 = sal11: Salinity, Practical, 2 [PSU]
# name 17 = secS-priS: Salinity, Practical, Difference, 2 - 1 [PSU]
# name 18 = sigma-t00: Density [sigma-t, Kg/m^3 ]
# name 19 = sigma-t11: Density, 2 [sigma-t, Kg/m^3 ]
# name 20 = depSM: Depth [salt water, m], lat = 54.9713
# name 21 = depFM: Depth [true depth, m], lat = 54.9713
# name 22 = dz/dtM: Descent Rate [m/s], WS = 2
# name 23 = svCM: Sound Velocity [Chen-Millero, m/s]
# name 24 = svCM1: Sound Velocity, 2 [Chen-Millero, m/s]
# name 25 = flag: flag
# span 0 =      12674,      16684       
# span 1 =      1.000,     44.000       
# span 2 =     4.3721,     9.2989       
# span 3 =     4.3740,     9.3048       
# span 4 =    -0.0386,     0.0126       
# span 5 =   0.821971,   1.814070       
# span 6 =   0.821967,   1.814382       
# span 7 =          1,          1       
# span 8 =    3.42368,    8.27832       
# span 9 =    3.44602,    8.23258       
# span 10 =       1.87,      98.44      
# span 11 =     0.2909,     1.0895      
# span 12 =     0.2863,     0.4221      
# span 13 = 1.0000e-12, 9.3321e+02      
# span 14 =     0.1846,     0.8108      
# span 15 =     7.7399,    15.7738      
# span 16 =     7.7394,    15.7742      
# span 17 =    -0.0143,     0.0151      
# span 18 =     6.1422,    12.0723      
# span 19 =     6.1418,    12.0719      
# span 20 =      0.991,     43.381      
# span 21 =     -0.000,     44.512      
# span 22 =     -0.143,      0.450      
# span 23 =    1433.38,    1464.56      
# span 24 =    1433.39,    1464.58      
# span 25 = 0.0000e+00, 0.0000e+00      
# interval = decibars: 0.5              
# start_time = Jan 26 2018 11:19:35 [NMEA time, first data scan]
# bad_flag = -9.990e-29
*END*
      12674      1.000     4.3955     4.3936    -0.0019    0.82302    0.82275          1     8.2629     8.2156      88.15     0.8676     0.4038  9.332e+02  0.1846000     7.7451     7.7429    -0.0022     6.1456     6.1439      0.991      1.012      0.223    1433.48    1433.47  0.000e+00
      12713      1.500     4.3725     4.3744     0.0019    0.82197    0.82197          1     8.2783     8.2296      50.10     0.9295     0.3938  4.137e+02  0.2025000     7.7399     7.7395    -0.0005     6.1422     6.1418      1.486      1.518      0.337    1433.38    1433.39  0.000e+00
      12755      2.000     4.3721     4.3740     0.0019    0.82198    0.82197          1     8.2603     8.2326      45.67     1.0895     0.4085  2.259e+02  0.2072000     7.7400     7.7394    -0.0005     6.1423     6.1418      1.982      2.025      0.246    1433.38    1433.39  0.000e+00
      12798      2.500     4.3762     4.3750    -0.0012    0.82225    0.82215          1     8.2597     8.2201      45.29     1.0276     0.4105  1.891e+02  0.1915000     7.7417     7.7410    -0.0007     6.1435     6.1430      2.477      2.531      0.376    1433.41    1433.41  0.000e+00
      12827      3.000     4.4259     4.4144    -0.0114    0.82676    0.82569          1     8.2390     8.2032      75.86     0.8998     0.4221  1.646e+02  0.1910000     7.7755     7.7675    -0.0081     6.1688     6.1628      2.973      3.037      0.416    1433.69    1433.62  0.000e+00
      12857      3.500     4.4697     4.4671    -0.0026    0.83179    0.83145          1     8.2163     8.1818      98.44     0.8258     0.4001  1.392e+02  0.2091000     7.8160     7.8131    -0.0029     6.1994     6.1972      3.468      3.543      0.375    1433.94    1433.93  0.000e+00
      12894      4.000     4.4845     4.4841    -0.0004    0.83380    0.83367          1     8.2059     8.1621      72.57     0.8234     0.3354  1.217e+02  0.2008000     7.8326     7.8315    -0.0012     6.2121     6.2112      3.964      4.049      0.291    1434.04    1434.03  0.000e+00
      12935      4.500     4.5057     4.5052    -0.0005    0.83876    0.83833          1     8.1885     8.1567      42.16     0.8376     0.3636  1.035e+02  0.2066000     7.8777     7.8734    -0.0042     6.2472     6.2438      4.459      4.555      0.328    1434.19    1434.19  0.000e+00
      12967      5.000     4.5227     4.5224    -0.0003    0.84246    0.84235          1     8.1349     8.1051      42.73     0.7940     0.3335  9.208e+01  0.1948000     7.9109     7.9098    -0.0011     6.2729     6.2721      4.955      5.061      0.432    1434.32    1434.32  0.000e+00
      12993      5.500     4.4950     4.5019     0.0069    0.84390    0.84373          1     8.1221     8.1049      42.17     0.7813     0.3521  8.061e+01  0.2120000     7.9320     7.9285    -0.0034     6.2906     6.2876      5.450      5.568      0.450    1434.23    1434.26  0.000e+00
      13021      6.000     4.4717     4.4741     0.0024    0.84370    0.84369          1     8.1480     8.1205      41.65     0.7721     0.3123  7.126e+01  0.2009000     7.9355     7.9348    -0.0007     6.2941     6.2935      5.946      6.074      0.398    1434.14    1434.15  0.000e+00
      13055      6.500     4.4677     4.4683     0.0006    0.84405    0.84402          1     8.1783     8.1565      60.62     0.7866     0.3431  6.256e+01  0.2070000     7.9400     7.9395    -0.0005     6.2978     6.2974      6.441      6.580      0.329    1434.14    1434.14  0.000e+00
      13091      7.000     4.4961     4.4961     0.0000    0.84547    0.84543          1     8.2027     8.1672      40.04     0.8071     0.3249  5.588e+01  0.1923000     7.9474     7.9469    -0.0005     6.3028     6.3024      6.937      7.086      0.374    1434.28    1434.28  0.000e+00
      13119      7.500     4.5037     4.5032    -0.0006    0.84606    0.84601          1     8.2168     8.1595      62.81     0.8031     0.3112  4.984e+01  0.1873000     7.9514     7.9511    -0.0004     6.3057     6.3054      7.432      7.592      0.448    1434.33    1434.33  0.000e+00
      13145      8.000     4.4930     4.4937     0.0007    0.84601    0.84598          1     8.2175     8.1764      44.89     0.7905     0.3173  4.485e+01  0.2046000     7.9534     7.9529    -0.0005     6.3077     6.3072      7.928      8.098      0.450    1434.29    1434.29  0.000e+00
      13174      8.500     4.4899     4.4906     0.0007    0.84659    0.84654          1     8.2176     8.1886      38.97     0.8188     0.3518  4.016e+01  0.2188000     7.9600     7.9594    -0.0006     6.3129     6.3124      8.423      8.604      0.392    1434.29    1434.30  0.000e+00
      13208      9.000     4.4897     4.4905     0.0008    0.84706    0.84702          1     8.1946     8.1689      38.36     0.8138     0.3690  3.614e+01  0.2113000     7.9647     7.9641    -0.0006     6.3167     6.3162      8.919      9.110      0.337    1434.30    1434.31  0.000e+00
      13243      9.500     4.4835     4.4847     0.0012    0.84706    0.84704          1     8.1788     8.1508      37.85     0.7974     0.3345  3.216e+01  0.2007000     7.9662     7.9656    -0.0006     6.3181     6.3176      9.414      9.616      0.367    1434.29    1434.29  0.000e+00
      13272     10.000     4.4805     4.4814     0.0010    0.84713    0.84708          1     8.1887     8.1415      59.11     0.7825     0.3237  2.900e+01  0.1950000     7.9675     7.9667    -0.0007     6.3192     6.3186      9.910     10.122      0.443    1434.29    1434.29  0.000e+00
      13299     10.500     4.4781     4.4784     0.0003    0.84836    0.84829          1     8.1834     8.1388      43.55     0.7741     0.3157  2.610e+01  0.2122000     7.9805     7.9797    -0.0008     6.3296     6.3290     10.405     10.628      0.439    1434.30    1434.30  0.000e+00
      13328     11.000     4.4780     4.4788     0.0008    0.84868    0.84864          1     8.2065     8.1637      36.41     0.7847     0.3050  2.357e+01  0.2007000     7.9837     7.9831    -0.0006     6.3321     6.3316     10.901     11.134      0.391    1434.31    1434.31  0.000e+00
      13361     11.500     4.4780     4.4788     0.0008    0.84870    0.84867          1     8.2148     8.1768      35.76     0.7846     0.3160  2.139e+01  0.1968000     7.9838     7.9833    -0.0005     6.3322     6.3318     11.396     11.640      0.347    1434.32    1434.32  0.000e+00
      13395     12.000     4.4787     4.4797     0.0009    0.84874    0.84872          1     8.2088     8.1707      35.23     0.7744     0.3318  1.916e+01  0.1927000     7.9839     7.9835    -0.0005     6.3323     6.3319     11.892     12.146      0.381    1434.33    1434.33  0.000e+00
      13424     12.500     4.4789     4.4800     0.0012    0.84879    0.84877          1     8.2091     8.1730      34.75     0.7862     0.3724  1.730e+01  0.2082000     7.9843     7.9838    -0.0005     6.3326     6.3322     12.387     12.653      0.423    1434.34    1434.34  0.000e+00
      13452     13.000     4.4798     4.4806     0.0008    0.84898    0.84893          1     8.2139     8.1813      34.31     0.7913     0.3781  1.568e+01  0.2042000     7.9859     7.9853    -0.0006     6.3338     6.3333     12.882     13.159      0.416    1434.35    1434.36  0.000e+00
      13482     13.500     4.4790     4.4797     0.0007    0.84913    0.84909          1     8.2100     8.1730      33.76     0.7762     0.3684  1.425e+01  0.2013000     7.9875     7.9870    -0.0005     6.3352     6.3347     13.378     13.665      0.384    1434.36    1434.36  0.000e+00
      13514     14.000     4.4754     4.4762     0.0007    0.84930    0.84930          1     8.2122     8.1610      33.31     0.7617     0.3272  1.299e+01  0.1944000     7.9901     7.9899    -0.0002     6.3373     6.3372     13.873     14.171      0.373    1434.35    1434.36  0.000e+00
      13546     14.500     4.4728     4.4737     0.0008    0.84965    0.84962          1     8.2135     8.1656      32.78     0.7487     0.3008  1.181e+01  0.1974000     7.9942     7.9937    -0.0004     6.3406     6.3402     14.369     14.677      0.381    1434.36    1434.36  0.000e+00
      13577     15.000     4.4686     4.4691     0.0004    0.84991    0.84989          1     8.1952     8.1782      52.56     0.7604     0.3563  1.068e+01  0.2081000     7.9978     7.9975    -0.0003     6.3437     6.3434     14.864     15.183      0.398    1434.35    1434.35  0.000e+00
      13607     15.500     4.4647     4.4657     0.0010    0.85037    0.85034          1     8.2011     8.1858      38.65     0.7638     0.3089  9.730e+00  0.2028000     8.0033     8.0028    -0.0005     6.3481     6.3477     15.360     15.689      0.408    1434.35    1434.35  0.000e+00
      13636     16.000     4.4616     4.4625     0.0009    0.85050    0.85046          1     8.2119     8.1746      31.12     0.7564     0.3467  8.830e+00  0.2037000     8.0053     8.0047    -0.0006     6.3498     6.3493     15.855     16.195      0.396    1434.34    1434.35  0.000e+00
      13668     16.500     4.4598     4.4607     0.0009    0.85056    0.85054          1     8.2137     8.1701      30.62     0.7433     0.3214  8.088e+00  0.1957000     8.0063     8.0059    -0.0004     6.3507     6.3503     16.351     16.701      0.376    1434.34    1434.35  0.000e+00
      13700     17.000     4.4638     4.4648     0.0010    0.85092    0.85090          1     8.2055     8.1754      30.22     0.7576     0.3653  7.370e+00  0.2010000     8.0089     8.0085    -0.0004     6.3526     6.3522     16.846     17.207      0.379    1434.37    1434.38  0.000e+00
      13731     17.500     4.4632     4.4639     0.0007    0.85128    0.85125          1     8.1925     8.1722      29.59     0.7339     0.3569  6.681e+00  0.2188000     8.0126     8.0121    -0.0005     6.3556     6.3552     17.342     17.713      0.394    1434.38    1434.39  0.000e+00
      13761     18.000     4.4562     4.4571     0.0008    0.85146    0.85143          1     8.1811     8.1714      29.08     0.7353     0.3103  6.081e+00  0.2030000     8.0160     8.0156    -0.0005     6.3585     6.3581     17.837     18.219      0.399    1434.37    1434.37  0.000e+00
      13791     18.500     4.4581     4.4588     0.0007    0.85230    0.85227          1     8.1831     8.1627      28.48     0.7488     0.3130  5.579e+00  0.2158000     8.0241     8.0235    -0.0005     6.3648     6.3644     18.332     18.725      0.392    1434.39    1434.39  0.000e+00
      13822     19.000     4.4643     4.4651     0.0008    0.85356    0.85352          1     8.1866     8.1738      27.93     0.7365     0.3465  5.103e+00  0.2199000     8.0352     8.0345    -0.0006     6.3734     6.3729     18.828     19.231      0.385    1434.44    1434.44  0.000e+00
      13854     19.500     4.4682     4.4690     0.0008    0.85449    0.85448          1     8.1776     8.1525      27.41     0.7342     0.3623  4.657e+00  0.2064000     8.0436     8.0432    -0.0004     6.3800     6.3797     19.323     19.737      0.378    1434.48    1434.48  0.000e+00
      13885     20.000     4.4683     4.4691     0.0007    0.85571    0.85566          1     8.1790     8.1279      26.91     0.6967     0.3249  4.239e+00  0.2029000     8.0558     8.0552    -0.0006     6.3896     6.3891     19.819     20.243      0.381    1434.50    1434.50  0.000e+00
      13916     20.500     4.4593     4.4598     0.0005    0.85798    0.85787          1     8.1468     8.1153      26.39     0.6775     0.3133  3.852e+00  0.2102000     8.0809     8.0798    -0.0012     6.4099     6.4089     20.314     20.749      0.390    1434.50    1434.50  0.000e+00
      13947     21.000     4.4650     4.4656     0.0006    0.85957    0.85950          1     8.1076     8.1040      25.84     0.6699     0.3465  3.531e+00  0.1954000     8.0956     8.0948    -0.0009     6.4213     6.4206     20.810     21.255      0.396    1434.55    1434.55  0.000e+00
      13977     21.500     4.4787     4.4796     0.0009    0.86152    0.86151          1     8.1140     8.1074      25.35     0.6396     0.3097  3.252e+00  0.2017000     8.1119     8.1116    -0.0003     6.4338     6.4335     21.305     21.761      0.397    1434.64    1434.65  0.000e+00
      14008     22.000     4.5185     4.5212     0.0027    0.86623    0.86640          1     8.0899     8.0774      24.80     0.6675     0.3586  2.970e+00  0.2095000     8.1497     8.1507     0.0010     6.4623     6.4631     21.801     22.267      0.385    1434.88    1434.89  0.000e+00
      14040     22.500     4.5407     4.5426     0.0019    0.86932    0.86951          1     8.0613     8.0415      24.26     0.6472     0.3420  2.697e+00  0.2070000     8.1754     8.1768     0.0014     6.4820     6.4830     22.296     22.773      0.369    1435.02    1435.02  0.000e+00
      14072     23.000     4.5412     4.5427     0.0014    0.87001    0.87007          1     8.0525     8.0244      23.73     0.6263     0.3885  2.457e+00  0.2044000     8.1822     8.1824     0.0002     6.4874     6.4875     22.791     23.279      0.374    1435.04    1435.04  0.000e+00
      14103     23.500     4.5393     4.5410     0.0016    0.87021    0.87004          1     8.0603     8.0268      23.23     0.6144     0.3491  2.256e+00  0.1976000     8.1846     8.1825    -0.0021     6.4893     6.4876     23.287     23.785      0.407    1435.04    1435.04  0.000e+00
      14132     24.000     4.5381     4.5401     0.0020    0.87081    0.87110          1     8.0723     8.0419      22.74     0.6241     0.3384  2.068e+00  0.2068000     8.1909     8.1933     0.0024     6.4944     6.4962     23.782     24.291      0.409    1435.05    1435.06  0.000e+00
      14163     24.500     4.5363     4.5366     0.0003    0.87027    0.87016          1     8.0775     8.0408      22.22     0.6251     0.3234  1.897e+00  0.2118000     8.1858     8.1846    -0.0012     6.4903     6.4894     24.278     24.797      0.376    1435.04    1435.04  0.000e+00
      14196     25.000     4.5378     4.5405     0.0027    0.87051    0.87080          1     8.0625     8.0423      21.68     0.6143     0.3621  1.728e+00  0.2286000     8.1878     8.1900     0.0022     6.4919     6.4936     24.773     25.303      0.359    1435.06    1435.07  0.000e+00
      14229     25.500     4.5465     4.5482     0.0018    0.87198    0.87204          1     8.0598     8.0410      21.15     0.6144     0.3193  1.572e+00  0.2322000     8.2004     8.2006     0.0002     6.5016     6.5017     25.269     25.809      0.376    1435.12    1435.13  0.000e+00
      14260     26.000     4.5554     4.5564     0.0011    0.87327    0.87325          1     8.0651     8.0270      20.60     0.6046     0.3425  1.435e+00  0.2232000     8.2112     8.2108    -0.0005     6.5098     6.5095     25.764     26.315      0.394    1435.18    1435.19  0.000e+00
      14290     26.500     4.5566     4.5574     0.0007    0.87340    0.87335          1     8.0640     8.0280      20.07     0.6116     0.3091  1.324e+00  0.2070000     8.2121     8.2114    -0.0007     6.5105     6.5100     26.260     26.821      0.398    1435.20    1435.20  0.000e+00
      14320     27.000     4.5572     4.5578     0.0006    0.87345    0.87341          1     8.0673     8.0246      19.46     0.5939     0.3257  1.211e+00  0.2193000     8.2124     8.2119    -0.0006     6.5108     6.5103     26.755     27.327      0.376    1435.21    1435.21  0.000e+00
      14354     27.500     4.5577     4.5588     0.0011    0.87351    0.87352          1     8.0572     8.0223      17.36     0.5893     0.3501  1.101e+00  0.2104000     8.2128     8.2127    -0.0001     6.5110     6.5109     27.250     27.833      0.346    1435.22    1435.22  0.000e+00
      14389     28.000     4.5590     4.5601     0.0011    0.87384    0.87387          1     8.0535     8.0292      16.87     0.5875     0.3707  1.006e+00  0.2102000     8.2157     8.2158     0.0001     6.5133     6.5134     27.746     28.339      0.361    1435.24    1435.24  0.000e+00
