ctdpy/tests/etc/all_smhi_bas_2018/SBE09_1044_20181205_0925_34_01_0152.cnv
* Sea-Bird SBE 9 Data File:
* FileName = C:\ctd\temp\ar18d152.hex
* Software Version Seasave V 7.26.7.107
* Temperature SN = 5351
* Conductivity SN = 3941
* Number of Bytes Per Scan = 41
* Number of Voltage Words = 4
* Number of Scans Averaged by the Deck Unit = 1
* NMEA Latitude = 57 59.89 N
* NMEA Longitude = 019 52.78 E
* NMEA UTC (Time) = Dec 05 2018  09:25:31
* NMEA baud rate = 4800
** Station:  BY20
** Operator:  ASkj
** Ship: ARANDA
** Average sound velocity: 1444.53 m/s
** True-depth calculation Sun, 09 Dec 2018 13:44:05 +0000
** CTD Python Module SMHI /ver 3-12/ feb 2012 
** LIMS Job: 20183401-0152
** Cruise: SMHI-7-2018
** Latitude [GG MM.mm N]:
** Longitude [GG MM.mm E]
# nquan = 26
# nvalues = 376                         
# units = specified
# name 0 = scan: Scan Count
# name 1 = prDM: Pressure, Digiquartz [db]
# name 2 = t090C: Temperature [ITS-90, deg C]
# name 3 = t190C: Temperature, 2 [ITS-90, deg C]
# name 4 = T2-T190C: Temperature Difference, 2 - 1 [ITS-90, deg C]
# name 5 = c0S/m: Conductivity [S/m]
# name 6 = c1S/m: Conductivity, 2 [S/m]
# name 7 = pumps: Pump Status
# name 8 = sbeox0ML/L: Oxygen, SBE 43 [ml/l]
# name 9 = sbeox1ML/L: Oxygen, SBE 43, 2 [ml/l]
# name 10 = altM: Altimeter [m]
# name 11 = flECO-AFL: Chl-a Fluorescence, WET Labs ECO-AFL/FL [mg/m^3]
# name 12 = flECO-AFL1: Phycocyanin Fluorescence, WET Labs ECO-AFL/FL, 2 [mg/m^3]
# name 13 = par: PAR/Irradiance, Biospherical/Lico [µE/(cm^2*s)]
# name 14 = turbWETntu0: Turbidity, WET Labs ECO [NTU]
# name 15 = sal00: Salinity, Practical [PSU]
# name 16 = sal11: Salinity, Practical, 2 [PSU]
# name 17 = secS-priS: Salinity, Practical, Difference, 2 - 1 [PSU]
# name 18 = sigma-t00: Density [sigma-t, Kg/m^3 ]
# name 19 = sigma-t11: Density, 2 [sigma-t, Kg/m^3 ]
# name 20 = depSM: Depth [salt water, m], lat = 57.9982
# name 21 = depFM: Depth [true depth, m], lat = 57.9982
# name 22 = dz/dtM: Descent Rate [m/s], WS = 2
# name 23 = svCM: Sound Velocity [Chen-Millero, m/s]
# name 24 = svCM1: Sound Velocity, 2 [Chen-Millero, m/s]
# name 25 = flag: flag
# span 0 =      43613,      54070       
# span 1 =      1.000,    188.500       
# span 2 =     4.0717,     6.6869       
# span 3 =     4.0729,     6.6877       
# span 4 =    -0.0274,     0.0200       
# span 5 =   0.796524,   1.367945       
# span 6 =   0.796507,   1.367927       
# span 7 =          1,          1       
# span 8 =    0.02761,    7.87426       
# span 9 =    1.47990,    6.63088       
# span 10 =       5.70,     104.77      
# span 11 =     0.2724,     0.6079      
# span 12 =     0.1336,     0.3215      
# span 13 = -2.155e-07, 3.5409e+02      
# span 14 =     0.1946,     1.9502      
# span 15 =     7.1516,    12.4780      
# span 16 =     7.1511,    12.4775      
# span 17 =    -0.0388,     0.0317      
# span 18 =     5.6145,     9.7541      
# span 19 =     5.6140,     9.7537      
# span 20 =      0.991,    186.668      
# span 21 =      1.013,    190.495      
# span 22 =     -0.011,      1.420      
# span 23 =    1433.19,    1452.33      
# span 24 =    1433.20,    1452.33      
# span 25 = 0.0000e+00, 0.0000e+00      
# interval = decibars: 0.5              
# start_time = Dec 05 2018 09:25:31 [NMEA time, first data scan]
# bad_flag = -9.990e-29
*END*
      43613      1.000     5.8900     5.8939     0.0038    0.79690    0.79694          1     7.8660     5.9695      68.95     0.5652     0.2225  3.541e+02  0.9762000     7.1536     7.1531    -0.0005     5.6155     5.6149      0.991      1.013      0.117    1439.27    1439.29  0.000e+00
      43630      1.500     5.8874     5.8914     0.0040    0.79684    0.79689          1     7.8669     6.0778      90.75     0.5793     0.2354  2.248e+02  1.0258000     7.1534     7.1531    -0.0003     5.6155     5.6150      1.486      1.519      0.730    1439.27    1439.28  0.000e+00
      43643      2.000     5.8814     5.8819     0.0005    0.79670    0.79667          1     7.8633     6.1212      97.48     0.5986     0.2184  8.293e+01  1.0934000     7.1533     7.1529    -0.0004     5.6157     5.6154      1.981      2.026      0.907    1439.25    1439.25  0.000e+00
      43655      2.500     5.8827     5.8835     0.0007    0.79676    0.79674          1     7.8646     6.1299      97.54     0.5987     0.1949  5.061e+01  1.1401000     7.1535     7.1532    -0.0004     5.6158     5.6155      2.477      2.532      0.852    1439.26    1439.27  0.000e+00
      43737      3.000     5.8856     5.8864     0.0008    0.79685    0.79682          1     7.8689     6.0893      89.69     0.5978     0.2245  3.648e+01  1.2155000     7.1538     7.1533    -0.0005     5.6159     5.6155      2.972      3.039      0.505    1439.28    1439.29  0.000e+00
      44422      3.500     5.8772     5.8789     0.0017    0.79664    0.79663          1     7.8695     5.9993      63.27     0.6065     0.2344  4.363e+01  1.1178000     7.1534     7.1530    -0.0004     5.6160     5.6156      3.468      3.545      0.459    1439.25    1439.26  0.000e+00
      44571      4.000     5.8739     5.8753     0.0013    0.79656    0.79655          1     7.8743     6.0944     100.88     0.5793     0.2120  3.728e+01  1.0446000     7.1533     7.1529    -0.0004     5.6161     5.6157      3.963      4.051      0.351    1439.25    1439.25  0.000e+00
      44605      4.500     5.8764     5.8773     0.0009    0.79664    0.79661          1     7.8713     6.2422      97.54     0.5783     0.2012  3.133e+01  1.1013000     7.1535     7.1530    -0.0004     5.6161     5.6157      4.458      4.558      0.494    1439.27    1439.27  0.000e+00
      44631      5.000     5.8760     5.8770     0.0011    0.79663    0.79661          1     7.8707     6.3666      97.54     0.5933     0.2710  2.523e+01  1.1264000     7.1534     7.1530    -0.0004     5.6161     5.6157      4.954      5.064      0.393    1439.27    1439.28  0.000e+00
      44905      5.500     5.8774     5.8777     0.0004    0.79665    0.79662          1     7.8692     6.4954      93.46     0.5887     0.2190  2.010e+01  1.1256000     7.1532     7.1529    -0.0003     5.6158     5.6156      5.449      5.571      0.331    1439.29    1439.29  0.000e+00
      45757      6.000     5.8807     5.8833     0.0025    0.79664    0.79666          1     7.8683     6.6309      77.16     0.5580     0.2757  1.750e+01  1.1833000     7.1524     7.1520    -0.0003     5.6150     5.6146      5.944      6.077      0.614    1439.31    1439.32  0.000e+00
      45805      6.500     5.8915     5.8892    -0.0023    0.79692    0.79681          1     7.8699     6.5847      88.15     0.5681     0.2122  1.427e+01  1.1314000     7.1527     7.1521    -0.0005     5.6147     5.6144      6.440      6.584      0.415    1439.36    1439.35  0.000e+00
      45838      7.000     5.8955     5.8994     0.0040    0.79701    0.79706          1     7.8612     6.4785      97.42     0.5603     0.2475  1.155e+01  1.0394000     7.1527     7.1523    -0.0004     5.6145     5.6140      6.935      7.090      0.416    1439.39    1439.40  0.000e+00
      45863      7.500     5.8915     5.8944     0.0029    0.79693    0.79695          1     7.8608     6.3649      97.51     0.5336     0.2376  9.930e+00  1.0672000     7.1528     7.1523    -0.0004     5.6148     5.6143      7.430      7.596      0.508    1439.38    1439.39  0.000e+00
      45886      8.000     5.8787     5.8799     0.0012    0.79663    0.79663          1     7.8645     6.2713      72.77     0.5705     0.2393  9.009e+00  1.1202000     7.1525     7.1522    -0.0003     5.6152     5.6149      7.926      8.103      0.588    1439.33    1439.34  0.000e+00
      45904      8.500     5.8774     5.8786     0.0011    0.79663    0.79660          1     7.8663     6.1947      30.63     0.5684     0.2587  8.205e+00  1.1669000     7.1526     7.1521    -0.0006     5.6154     5.6149      8.421      8.609      0.698    1439.33    1439.34  0.000e+00
      45920      9.000     5.8777     5.8787     0.0010    0.79666    0.79663          1     7.8690     6.1416      95.68     0.5582     0.2613  7.200e+00  1.2043000     7.1528     7.1523    -0.0005     5.6155     5.6151      8.916      9.116      0.718    1439.34    1439.35  0.000e+00
      45938      9.500     5.8767     5.8779     0.0012    0.79660    0.79659          1     7.8678     6.1169      97.51     0.5576     0.2682  5.997e+00  1.2301000     7.1524     7.1521    -0.0003     5.6153     5.6149      9.412      9.622      0.585    1439.35    1439.35  0.000e+00
      45977     10.000     5.8767     5.8779     0.0012    0.79659    0.79657          1     7.8625     6.0742      97.50     0.5516     0.2535  4.767e+00  1.1044000     7.1522     7.1518    -0.0005     5.6151     5.6147      9.907     10.128      0.318    1439.35    1439.36  0.000e+00
      46029     10.500     5.8774     5.8787     0.0013    0.79657    0.79655          1     7.8623     5.9495      97.53     0.5716     0.2977  4.676e+00  1.0080000     7.1519     7.1514    -0.0004     5.6148     5.6144     10.402     10.635      0.701    1439.36    1439.37  0.000e+00
      46040     11.000     5.8774     5.8788     0.0014    0.79661    0.79660          1     7.8616     5.9374      97.51     0.5711     0.2923  4.136e+00  1.1083000     7.1521     7.1518    -0.0003     5.6150     5.6147     10.898     11.141      0.984    1439.37    1439.38  0.000e+00
      46051     11.500     5.8777     5.8791     0.0013    0.79664    0.79663          1     7.8626     5.9265      91.92     0.5710     0.2805  3.547e+00  1.1077000     7.1523     7.1520    -0.0004     5.6151     5.6148     11.393     11.648      1.086    1439.38    1439.39  0.000e+00
      46061     12.000     5.8779     5.8793     0.0014    0.79664    0.79666          1     7.8661     5.9165      86.44     0.5704     0.2659  2.993e+00  1.2312000     7.1522     7.1521    -0.0001     5.6150     5.6149     11.888     12.154      1.066    1439.39    1439.40  0.000e+00
      46073     12.500     5.8769     5.8784     0.0015    0.79658    0.79659          1     7.8689     5.9024      97.40     0.5730     0.2590  2.508e+00  1.2528000     7.1518     7.1515    -0.0002     5.6147     5.6145     12.384     12.661      0.928    1439.39    1439.40  0.000e+00
      46088     13.000     5.8766     5.8778     0.0012    0.79657    0.79656          1     7.8633     5.8865      97.51     0.5620     0.2241  2.113e+00  1.2536000     7.1517     7.1513    -0.0004     5.6147     5.6144     12.879     13.167      0.639    1439.40    1439.41  0.000e+00
      46128     13.500     5.8765     5.8777     0.0012    0.79657    0.79655          1     7.8641     5.8544      79.03     0.5589     0.2816  1.889e+00  1.0789000     7.1517     7.1512    -0.0004     5.6147     5.6143     13.374     13.673      0.290    1439.41    1439.41  0.000e+00
      46171     14.000     5.8746     5.8761     0.0015    0.79652    0.79652          1     7.8673     5.8169      54.13     0.5584     0.2365  1.642e+00  0.9930000     7.1516     7.1512    -0.0004     5.6147     5.6143     13.870     14.180      0.455    1439.41    1439.41  0.000e+00
      46193     14.500     5.8746     5.8754     0.0009    0.79653    0.79651          1     7.8631     5.7946      97.75     0.5369     0.2655  1.404e+00  1.0998000     7.1516     7.1512    -0.0004     5.6147     5.6143     14.365     14.686      0.548    1439.41    1439.42  0.000e+00
      46214     15.000     5.8764     5.8772     0.0008    0.79661    0.79658          1     7.8623     5.7769      97.50     0.5495     0.2256  1.282e+00  1.1300000     7.1519     7.1515    -0.0004     5.6148     5.6145     14.860     15.193      0.583    1439.43    1439.44  0.000e+00
      46234     15.500     5.8764     5.8778     0.0014    0.79662    0.79661          1     7.8629     5.7614      97.50     0.5514     0.2334  1.179e+00  1.1535000     7.1519     7.1515    -0.0004     5.6148     5.6145     15.356     15.699      0.669    1439.44    1439.44  0.000e+00
      46251     16.000     5.8766     5.8779     0.0013    0.79663    0.79662          1     7.8650     5.7497      97.51     0.5489     0.2552  1.052e+00  1.1807000     7.1519     7.1516    -0.0004     5.6149     5.6145     15.851     16.206      0.790    1439.45    1439.45  0.000e+00
      46265     16.500     5.8771     5.8784     0.0014    0.79662    0.79660          1     7.8651     5.7419      97.51     0.5534     0.2986  9.049e-01  1.1965000     7.1517     7.1512    -0.0005     5.6147     5.6142     16.346     16.712      0.860    1439.46    1439.46  0.000e+00
      46278     17.000     5.8769     5.8784     0.0015    0.79665    0.79662          1     7.8651     5.7347      91.85     0.5584     0.3102  7.647e-01  1.2038000     7.1519     7.1513    -0.0006     5.6148     5.6143     16.842     17.218      0.824    1439.47    1439.47  0.000e+00
      46294     17.500     5.8768     5.8781     0.0013    0.79666    0.79663          1     7.8649     5.7307      86.47     0.5494     0.2483  6.267e-01  1.2246000     7.1519     7.1514    -0.0005     5.6149     5.6144     17.337     17.725      0.624    1439.47    1439.48  0.000e+00
      46351     18.000     5.8770     5.8782     0.0013    0.79666    0.79663          1     7.8620     5.7012      95.41     0.5593     0.2724  5.605e-01  1.0681000     7.1519     7.1513    -0.0006     5.6148     5.6143     17.832     18.231      0.352    1439.48    1439.49  0.000e+00
      46388     18.500     5.8770     5.8782     0.0012    0.79667    0.79666          1     7.8639     5.6870      97.57     0.5590     0.2808  5.082e-01  1.0398000     7.1520     7.1515    -0.0004     5.6149     5.6145     18.328     18.738      0.790    1439.49    1439.49  0.000e+00
      46400     19.000     5.8773     5.8787     0.0014    0.79665    0.79664          1     7.8625     5.6843      97.51     0.5334     0.2681  4.317e-01  1.1314000     7.1516     7.1512    -0.0004     5.6146     5.6142     18.823     19.244      0.994    1439.50    1439.50  0.000e+00
      46411     19.500     5.8775     5.8787     0.0011    0.79670    0.79663          1     7.8623     5.6828      97.50     0.5367     0.2709  3.547e-01  1.1500000     7.1520     7.1511    -0.0009     5.6149     5.6141     19.318     19.751      1.080    1439.51    1439.51  0.000e+00
      46422     20.000     5.8775     5.8784     0.0010    0.79678    0.79670          1     7.8628     5.6781      97.52     0.5474     0.2429  3.021e-01  1.2436000     7.1527     7.1517    -0.0010     5.6154     5.6146     19.814     20.257      1.065    1439.52    1439.52  0.000e+00
      46433     20.500     5.8774     5.8785     0.0011    0.79674    0.79673          1     7.8629     5.6748      97.54     0.5472     0.2436  2.595e-01  1.2461000     7.1522     7.1519    -0.0003     5.6151     5.6148     20.309     20.763      0.951    1439.52    1439.53  0.000e+00
      46447     21.000     5.8770     5.8781     0.0012    0.79668    0.79666          1     7.8594     5.6706      97.50     0.5475     0.2730  2.147e-01  1.2693000     7.1517     7.1513    -0.0004     5.6147     5.6143     20.804     21.270      0.705    1439.53    1439.53  0.000e+00
      46477     21.500     5.8766     5.8781     0.0014    0.79668    0.79666          1     7.8578     5.6594      97.51     0.5465     0.2733  1.831e-01  1.1996000     7.1517     7.1513    -0.0005     5.6147     5.6143     21.300     21.776      0.314    1439.54    1439.54  0.000e+00
      46531     22.000     5.8768     5.8780     0.0012    0.79669    0.79668          1     7.8628     5.6462      97.51     0.5645     0.2683  1.530e-01  0.9986000     7.1517     7.1514    -0.0003     5.6147     5.6144     21.795     22.283      0.377    1439.54    1439.55  0.000e+00
      46554     22.500     5.8765     5.8778     0.0013    0.79669    0.79668          1     7.8585     5.6372      97.52     0.5489     0.2683  1.226e-01  1.1281000     7.1517     7.1513    -0.0004     5.6147     5.6144     22.290     22.789      0.558    1439.55    1439.56  0.000e+00
      46574     23.000     5.8767     5.8782     0.0015    0.79677    0.79697          1     7.8553     5.6311      97.51     0.5487     0.2708  9.306e-02  1.1731000     7.1524     7.1540     0.0016     5.6153     5.6164     22.786     23.296      0.590    1439.56    1439.57  0.000e+00
      46594     23.500     5.8761     5.8775     0.0014    0.79771    0.79769          1     7.8502     5.6272      97.52     0.5546     0.2639  7.037e-02  1.2031000     7.1615     7.1610    -0.0005     5.6225     5.6220     23.281     23.802      0.621    1439.58    1439.58  0.000e+00
      46613     24.000     5.8766     5.8772     0.0006    0.79705    0.79791          1     7.8507     5.6211      97.52     0.5629     0.2204  4.943e-02  1.2223000     7.1550     7.1632     0.0082     5.6173     5.6237     23.776     24.308      0.724    1439.58    1439.59  0.000e+00
      46628     24.500     5.8770     5.8779     0.0009    0.79671    0.79700          1     7.8481     5.6184      97.52     0.6021     0.2345  2.952e-02  1.2650000     7.1516     7.1542     0.0026     5.6146     5.6166     24.271     24.815      0.852    1439.59    1439.59  0.000e+00
      46641     25.000     5.8769     5.8779     0.0010    0.79727    0.79712          1     7.8365     5.6201      97.54     0.5949     0.2407  1.572e-02  1.2720000     7.1569     7.1552    -0.0016     5.6188     5.6174     24.767     25.321      0.930    1439.60    1439.60  0.000e+00
      46653     25.500     5.8747     5.8755     0.0007    0.79972    0.80004          1     7.8209     5.6219      97.54     0.5690     0.2442  7.182e-03  1.3082000     7.1810     7.1838     0.0029     5.6379     5.6401     25.262     25.828      0.902    1439.63    1439.63  0.000e+00
      46667     26.000     5.8735     5.8747     0.0012    0.80142    0.80149          1     7.7986     5.6222      97.52     0.5730     0.2400  2.363e-04  1.3395000     7.1976     7.1980     0.0004     5.6510     5.6513     25.757     26.334      0.708    1439.65    1439.66  0.000e+00
      46723     26.500     5.8715     5.8711    -0.0004    0.80306    0.80339          1     7.7598     5.6091      97.53     0.6044     0.2338 -2.155e-07  1.3047000     7.2137     7.2170     0.0032     5.6639     5.6665     26.253     26.840      0.498    1439.67    1439.67  0.000e+00
      46780     27.000     5.8664     5.8682     0.0017    0.80366    0.80362          1     7.7197     5.6004      97.54     0.6079     0.2471  1.000e-12  1.3696000     7.2206     7.2198    -0.0007     5.6695     5.6689     26.748     27.347      1.019    1439.67    1439.67  0.000e+00
      46790     27.500     5.8485     5.8481    -0.0003    0.80571    0.80583          1     7.6932     5.6044      97.53     0.6062     0.2637  1.000e-12  1.3690000     7.2441     7.2453     0.0013     5.6890     5.6901     27.244     27.853      1.240    1439.63    1439.63  0.000e+00
      46798     28.000     5.8444     5.8453     0.0010    0.80626    0.80632          1     7.6721     5.6037      97.53     0.5855     0.2636  1.000e-12  1.5199000     7.2503     7.2507     0.0004     5.6942     5.6944     27.739     28.360      1.346    1439.62    1439.63  0.000e+00
