ctdpy/tests/etc/all_smhi_bas_2018/SBE09_1044_20181206_2024_34_01_0159.cnv
* Sea-Bird SBE 9 Data File:
* FileName = C:\ctd\temp\ar18d159.hex
* Software Version Seasave V 7.26.7.107
* Temperature SN = 5351
* Conductivity SN = 3941
* Number of Bytes Per Scan = 41
* Number of Voltage Words = 4
* Number of Scans Averaged by the Deck Unit = 1
* NMEA Latitude = 54 58.27 N
* NMEA Longitude = 014 05.92 E
* NMEA UTC (Time) = Dec 06 2018  20:24:05
* NMEA baud rate = 4800
** Station:  BY2
** Operator:  ASkj
** Ship: ARANDA
** Average sound velocity: 1449.23 m/s
** True-depth calculation Sun, 09 Dec 2018 15:03:39 +0000
** CTD Python Module SMHI /ver 3-12/ feb 2012 
** LIMS Job: 20183401-0159
** Cruise: SMHI-7-2018
** Latitude [GG MM.mm N]:
** Longitude [GG MM.mm E]
# nquan = 26
# nvalues = 78                          
# units = specified
# name 0 = scan: Scan Count
# name 1 = prDM: Pressure, Digiquartz [db]
# name 2 = t090C: Temperature [ITS-90, deg C]
# name 3 = t190C: Temperature, 2 [ITS-90, deg C]
# name 4 = T2-T190C: Temperature Difference, 2 - 1 [ITS-90, deg C]
# name 5 = c0S/m: Conductivity [S/m]
# name 6 = c1S/m: Conductivity, 2 [S/m]
# name 7 = pumps: Pump Status
# name 8 = sbeox0ML/L: Oxygen, SBE 43 [ml/l]
# name 9 = sbeox1ML/L: Oxygen, SBE 43, 2 [ml/l]
# name 10 = altM: Altimeter [m]
# name 11 = flECO-AFL: Chl-a Fluorescence, WET Labs ECO-AFL/FL [mg/m^3]
# name 12 = flECO-AFL1: Phycocyanin Fluorescence, WET Labs ECO-AFL/FL, 2 [mg/m^3]
# name 13 = par: PAR/Irradiance, Biospherical/Lico [µE/(cm^2*s)]
# name 14 = turbWETntu0: Turbidity, WET Labs ECO [NTU]
# name 15 = sal00: Salinity, Practical [PSU]
# name 16 = sal11: Salinity, Practical, 2 [PSU]
# name 17 = secS-priS: Salinity, Practical, Difference, 2 - 1 [PSU]
# name 18 = sigma-t00: Density [sigma-t, Kg/m^3 ]
# name 19 = sigma-t11: Density, 2 [sigma-t, Kg/m^3 ]
# name 20 = depSM: Depth [salt water, m], lat = 54.9712
# name 21 = depFM: Depth [true depth, m], lat = 54.9712
# name 22 = dz/dtM: Descent Rate [m/s], WS = 2
# name 23 = svCM: Sound Velocity [Chen-Millero, m/s]
# name 24 = svCM1: Sound Velocity, 2 [Chen-Millero, m/s]
# name 25 = flag: flag
# span 0 =      65842,      71497       
# span 1 =      1.500,     40.000       
# span 2 =     7.7556,     8.9115       
# span 3 =     7.7564,     8.9082       
# span 4 =    -0.0265,     0.0067       
# span 5 =   0.960683,   1.166099       
# span 6 =   0.960681,   1.165487       
# span 7 =          1,          1       
# span 8 =    6.54045,    7.71939       
# span 9 =    6.54432,    7.73276       
# span 10 =       4.15,      77.94      
# span 11 =     0.6225,     1.2014      
# span 12 =     0.2839,     0.4384      
# span 13 = -1.157e-04, 3.5263e-01      
# span 14 =     0.2913,     0.4626      
# span 15 =     8.2828,     9.8753      
# span 16 =     8.2825,     9.8706      
# span 17 =    -0.0468,     0.0059      
# span 18 =     6.3792,     7.5201      
# span 19 =     6.3789,     7.5168      
# span 20 =      1.486,     39.636      
# span 21 =      1.518,     40.481      
# span 22 =     -0.006,      0.659      
# span 23 =    1448.56,    1455.78      
# span 24 =    1448.56,    1455.76      
# span 25 = 0.0000e+00, 0.0000e+00      
# interval = decibars: 0.5              
# start_time = Dec 06 2018 20:24:06 [NMEA time, first data scan]
# bad_flag = -9.990e-29
*END*
[from data line 56]
      67496     29.500     7.7571     7.7586     0.0016    0.96153    0.96152          1     7.7122     7.7278      15.48     1.1332     0.3965  1.000e-12  0.3062000     8.2882     8.2877    -0.0005     6.3839     6.3834     29.232     29.856      0.536    1448.99    1449.00  0.000e+00
      67520     30.000     7.7593     7.7603     0.0010    0.96176    0.96172          1     7.7110     7.7296      14.92     1.1310     0.3672  1.000e-12  0.3275000     8.2897     8.2891    -0.0006     6.3849     6.3843     29.727     30.362      0.474    1449.01    1449.01  0.000e+00
      67546     30.500     7.7708     7.7732     0.0024    0.96275    0.96284          1     7.7009     7.7217      14.38     1.1324     0.3642  1.000e-12  0.3214000     8.2961     8.2963     0.0003     6.3890     6.3890     30.223     30.868      0.470    1449.07    1449.08  0.000e+00
      67570     31.000     7.7710     7.7722     0.0012    0.96274    0.96273          1     7.6996     7.7134      13.89     1.0952     0.3515  1.000e-12  0.3110000     8.2959     8.2955    -0.0003     6.3888     6.3884     30.718     31.374      0.525    1449.08    1449.09  0.000e+00
      67592     31.500     7.7681     7.7700     0.0019    0.96249    0.96255          1     7.7070     7.7102      13.36     1.0888     0.3846  1.000e-12  0.2990000     8.2942     8.2943     0.0001     6.3877     6.3876     31.214     31.881      0.547    1449.08    1449.08  0.000e+00
      67614     32.000     7.7680     7.7694     0.0014    0.96249    0.96250          1     7.7071     7.7107      12.89     1.0891     0.3805  1.000e-12  0.2987000     8.2941     8.2939    -0.0002     6.3876     6.3874     31.709     32.387      0.510    1449.08    1449.09  0.000e+00
      67640     32.500     7.7680     7.7694     0.0015    0.96249    0.96251          1     7.7059     7.7128      12.32     1.0901     0.3596  1.000e-12  0.3096000     8.2941     8.2939    -0.0002     6.3876     6.3874     32.205     32.893      0.468    1449.09    1449.10  0.000e+00
      67665     33.000     7.7687     7.7697     0.0010    0.96255    0.96252          1     7.7067     7.7169      11.77     1.0957     0.3433  1.000e-12  0.3125000     8.2944     8.2939    -0.0004     6.3878     6.3873     32.700     33.399      0.510    1449.10    1449.11  0.000e+00
      67687     33.500     7.7722     7.7732     0.0010    0.96284    0.96282          1     7.7034     7.7085      11.35     1.0894     0.3390  1.000e-12  0.3157000     8.2962     8.2957    -0.0004     6.3889     6.3885     33.195     33.905      0.543    1449.13    1449.13  0.000e+00
      67709     34.000     7.7750     7.7759     0.0009    0.96306    0.96304          1     7.6936     7.7124      10.82     1.0708     0.3487  1.000e-12  0.3166000     8.2975     8.2970    -0.0004     6.3897     6.3893     33.691     34.411      0.522    1449.15    1449.15  0.000e+00
      67733     34.500     7.7778     7.7787     0.0009    0.96335    0.96331          1     7.6855     7.7062      10.34     1.0593     0.4042  1.000e-12  0.3176000     8.2994     8.2989    -0.0005     6.3910     6.3905     34.186     34.917      0.501    1449.17    1449.17  0.000e+00
      67757     35.000     7.7854     7.7865     0.0011    0.96415    0.96414          1     7.6649     7.6733       9.79     1.0696     0.3517  1.000e-12  0.3301000     8.3050     8.3046    -0.0004     6.3948     6.3944     34.682     35.423      0.487    1449.22    1449.22  0.000e+00
      67782     35.500     7.8023     7.8026     0.0003    0.96610    0.96601          1     7.6616     7.6623       9.22     1.0435     0.3658  1.000e-12  0.3285000     8.3190     8.3181    -0.0009     6.4044     6.4036     35.177     35.929      0.482    1449.31    1449.31  0.000e+00
      67807     36.000     7.8442     7.8447     0.0005    0.97256    0.97247          1     7.6495     7.6507       8.74     0.9917     0.3397  1.000e-12  0.3034000     8.3688     8.3679    -0.0009     6.4399     6.4392     35.672     36.435      0.444    1449.55    1449.55  0.000e+00
      67838     36.500     7.9959     7.9980     0.0021    0.99780    0.99796          1     7.5571     7.5588       8.12     0.8634     0.3735  1.000e-12  0.2990000     8.5658     8.5668     0.0009     6.5815     6.5821     36.168     36.941      0.342    1450.42    1450.43  0.000e+00
      67880     37.000     8.0706     8.0761     0.0055    1.00638    1.00717          1     7.5018     7.5141       7.51     0.7603     0.3034  1.000e-12  0.3080000     8.6269     8.6328     0.0059     6.6230     6.6272     36.663     37.447      0.268    1450.81    1450.84  0.000e+00
      67921     37.500     8.1443     8.1499     0.0056    1.01555    1.01597          1     7.5473     7.5210       7.03     0.7384     0.3110  1.000e-12  0.3091000     8.6933     8.6958     0.0025     6.6686     6.6701     37.159     37.953      0.298    1451.20    1451.23  0.000e+00
      68315     38.000     8.1974     8.2033     0.0067    1.02506    1.02463          1     7.4637     7.4691       6.35     0.7195     0.2906  1.000e-12  0.2979000     8.7674     8.7621    -0.0053     6.7218     6.7171     37.654     38.459      0.183    1451.51    1451.53  0.000e+00
      69855     38.500     8.3970     8.3979     0.0009    1.06110    1.06111          1     7.2626     7.2572       5.81     0.6810     0.2839  1.000e-12  0.3013000     9.0493     9.0492    -0.0002     6.9245     6.9242     38.149     38.964      0.285    1452.68    1452.68  0.000e+00
      69879     39.000     8.5101     8.5155     0.0055    1.08037    1.08108          1     7.1238     7.1153       5.38     0.6225     0.3080  1.000e-12  0.3262000     9.1972     9.2023     0.0051     7.0296     7.0331     38.645     39.470      0.271    1453.32    1453.35  0.000e+00
      69951     39.500     8.7126     8.6861    -0.0265    1.12756    1.12169          1     6.8186     6.8093       4.80     0.6250     0.3209  1.000e-12  0.3294000     9.5762     9.5294    -0.0468     7.3061     7.2722     39.140     39.976      0.259    1454.61    1454.44  0.000e+00
      71497     40.000     8.9115     8.9082    -0.0033    1.16610    1.16549          1     6.5404     6.5443       4.15     0.6421     0.2843  1.000e-12  0.4626000     9.8753     9.8706    -0.0047     7.5201     7.5168     39.636     40.481     -0.006    1455.78    1455.76  0.000e+00
