ctdpy/tests/etc/all_smhi_bas_2018/SBE09_0827_20181007_0457_26_01_1033.cnv
* Sea-Bird SBE 9 Data File:
* FileName = D:\CTD_SBE911\DAT\26DA.2018.10.33.hex
* Software Version Seasave V 7.21d
* Temperature SN = 4548
* Conductivity SN = 3062
* Number of Bytes Per Scan = 48
* Number of Voltage Words = 5
* Number of Scans Averaged by the Deck Unit = 1
* NMEA Latitude = 58 11.76 N
* NMEA Longitude = 017 35.56 E
* NMEA UTC (Time) = Oct 07 2018  05:00:29
* NMEA baud rate = 4800
** Ship: DANA
** Average sound velocity: 1442.36 m/s
** True-depth calculation Thu, 28 Mar 2019 12:20:19 +0000
** CTD Python Module SMHI /ver 3-12/ feb 2012 
** LIMS Job: 20182601-1033
** Operator: Christian
** Cruise: 10/2018
# nquan = 26
# nvalues = 212                         
# units = specified
# name 0 = scan: Scan Count
# name 1 = prDM: Pressure, Digiquartz [db]
# name 2 = t090C: Temperature [ITS-90, deg C]
# name 3 = t190C: Temperature, 2 [ITS-90, deg C]
# name 4 = T2-T190C: Temperature Difference, 2 - 1 [ITS-90, deg C]
# name 5 = c0S/m: Conductivity [S/m]
# name 6 = c1S/m: Conductivity, 2 [S/m]
# name 7 = pumps: Pump Status
# name 8 = sbeox1ML/L: Oxygen, SBE 43, 2 [ml/l]
# name 9 = sbeox0ML/L: Oxygen, SBE 43 [ml/l]
# name 10 = altM: Altimeter [m]
# name 11 = chloroflTC0: Chlorophyll, Turner Cyclops [ug/l]
# name 12 = cpar: CPAR/Corrected Irradiance [%]
# name 13 = par: PAR/Irradiance, Biospherical/Lico [µE/(cm^2*s)]
# name 14 = spar: SPAR, Biospherical/Licor
# name 15 = sal00: Salinity, Practical [PSU]
# name 16 = sal11: Salinity, Practical, 2 [PSU]
# name 17 = secS-priS: Salinity, Practical, Difference, 2 - 1 [PSU]
# name 18 = sigma-t00: Density [sigma-t, kg/m^3 ]
# name 19 = sigma-t11: Density, 2 [sigma-t, kg/m^3 ]
# name 20 = depSM: Depth [salt water, m], lat = 58.196
# name 21 = depFM: Depth [true depth, m], lat = 58.196
# name 22 = dz/dtM: Descent Rate [m/s], WS = 2
# name 23 = svCM: Sound Velocity [Chen-Millero, m/s]
# name 24 = svCM1: Sound Velocity, 2 [Chen-Millero, m/s]
# name 25 = flag: flag
# span 0 =         82,      10967       
# span 1 =      1.000,    106.500       
# span 2 =     3.6808,     9.3334       
# span 3 =     3.6821,     9.3337       
# span 4 =    -0.1205,     0.4325       
# span 5 =   0.770465,   1.157153       
# span 6 =   0.771305,   1.157230       
# span 7 =          1,          1       
# span 8 =     0.0524,     7.5366       
# span 9 =     0.0449,     7.1699       
# span 10 =       0.48,       9.96      
# span 11 =     0.0159,     0.0306      
# span 12 = 1.6383e-11, 2.4626e-11      
# span 13 = 1.0000e-12, 1.0000e-12      
# span 14 = 4.0603e+00, 6.1001e+00      
# span 15 =     6.8801,    10.6847      
# span 16 =     6.8802,    10.6852      
# span 17 =    -0.1696,     0.0005      
# span 18 =     5.1432,     8.4018      
# span 19 =     5.1432,     8.4021      
# span 20 =      0.991,    105.484      
# span 21 =      1.013,    107.741      
# span 22 =     -0.277,      0.321      
# span 23 =    1430.57,    1453.30      
# span 24 =    1430.62,    1453.30      
# span 25 = 0.0000e+00, 0.0000e+00      
# interval = decibars: 0.5              
# start_time = Oct 07 2018 05:00:29 [NMEA time, first data scan]
# bad_flag = -9.990e-29
*END*
         82      1.000     9.3250     9.3223    -0.0027    0.84246    0.84241          1     7.5160     7.0363       7.17     0.0293  2.462e-11  1.000e-12  4.062e+00     6.8807     6.8808     0.0001     5.1445     5.1448      0.991      1.013      0.156    1453.12    1453.11  0.000e+00
        247      1.500     9.3275     9.3269    -0.0006    0.84252    0.84252          1     7.5144     7.0360       6.14     0.0291  2.462e-11  1.000e-12  4.062e+00     6.8807     6.8808     0.0000     5.1443     5.1444      1.486      1.520      0.241    1453.14    1453.14  0.000e+00
        302      2.000     9.3278     9.3275    -0.0003    0.84254    0.84254          1     7.5126     7.0318       2.91     0.0298  2.462e-11  1.000e-12  4.062e+00     6.8808     6.8808     0.0001     5.1443     5.1443      1.981      2.027      0.242    1453.15    1453.15  0.000e+00
        352      2.500     9.3271     9.3255    -0.0016    0.84253    0.84251          1     7.5147     7.0388       9.02     0.0306  2.462e-11  1.000e-12  4.062e+00     6.8808     6.8809     0.0001     5.1443     5.1446      2.477      2.533      0.228    1453.15    1453.15  0.000e+00
        407      3.000     9.3251     9.3258     0.0007    0.84248    0.84252          1     7.5112     7.0375       7.74     0.0305  2.462e-11  1.000e-12  4.062e+00     6.8807     6.8809     0.0002     5.1445     5.1446      2.972      3.040      0.245    1453.15    1453.16  0.000e+00
        448      3.500     9.3225     9.3239     0.0014    0.84243    0.84247          1     7.5080     7.0391       8.94     0.0293  2.462e-11  1.000e-12  4.062e+00     6.8807     6.8808     0.0001     5.1447     5.1447      3.467      3.547      0.268    1453.15    1453.16  0.000e+00
        504      4.000     9.3234     9.3241     0.0008    0.84244    0.84247          1     7.5132     7.0278       9.95     0.0294  2.462e-11  1.000e-12  4.062e+00     6.8806     6.8806     0.0001     5.1446     5.1445      3.963      4.053      0.207    1453.16    1453.17  0.000e+00
        555      4.500     9.3246     9.3248     0.0002    0.84247    0.84249          1     7.5216     7.0419       8.77     0.0290  2.462e-11  1.000e-12  4.062e+00     6.8805     6.8807     0.0001     5.1444     5.1445      4.458      4.560      0.277    1453.17    1453.18  0.000e+00
        600      5.000     9.3253     9.3252    -0.0002    0.84249    0.84250          1     7.5101     7.0349       9.02     0.0288  2.462e-11  1.000e-12  4.062e+00     6.8805     6.8806     0.0001     5.1443     5.1444      4.954      5.067      0.233    1453.19    1453.19  0.000e+00
        654      5.500     9.3267     9.3263    -0.0003    0.84252    0.84253          1     7.5087     7.0308       8.90     0.0281  2.462e-11  1.000e-12  4.062e+00     6.8805     6.8806     0.0001     5.1441     5.1443      5.449      5.573      0.250    1453.20    1453.20  0.000e+00
        698      6.000     9.3304     9.3286    -0.0018    0.84258    0.84257          1     7.5083     7.0344       9.93     0.0281  2.462e-11  1.000e-12  4.062e+00     6.8802     6.8804     0.0002     5.1436     5.1439      5.944      6.080      0.256    1453.22    1453.21  0.000e+00
        749      6.500     9.3316     9.3307    -0.0009    0.84261    0.84261          1     7.5085     7.0265       9.96     0.0281  2.462e-11  1.000e-12  4.062e+00     6.8802     6.8803     0.0002     5.1434     5.1436      6.440      6.587      0.246    1453.23    1453.23  0.000e+00
        793      7.000     9.3334     9.3320    -0.0014    0.84264    0.84263          1     7.5168     7.0262       9.96     0.0281  2.462e-11  1.000e-12  4.062e+00     6.8801     6.8802     0.0002     5.1432     5.1434      6.935      7.093      0.264    1453.25    1453.24  0.000e+00
        843      7.500     9.3331     9.3337     0.0006    0.84264    0.84266          1     7.5110     7.0327       9.96     0.0285  2.462e-11  1.000e-12  4.062e+00     6.8801     6.8802     0.0001     5.1432     5.1432      7.430      7.600      0.223    1453.26    1453.26  0.000e+00
        895      8.000     9.3283     9.3323     0.0041    0.84256    0.84264          1     7.5053     7.0456       9.96     0.0290  2.462e-11  1.000e-12  4.062e+00     6.8802     6.8802    -0.0000     5.1438     5.1434      7.926      8.107      0.260    1453.24    1453.26  0.000e+00
        940      8.500     9.3298     9.3299     0.0001    0.84259    0.84261          1     7.5107     7.0318       9.96     0.0289  2.462e-11  1.000e-12  4.062e+00     6.8802     6.8803     0.0001     5.1436     5.1437      8.421      8.613      0.254    1453.26    1453.26  0.000e+00
        991      9.000     9.3316     9.3302    -0.0014    0.84264    0.84262          1     7.5095     7.0378       9.96     0.0292  2.462e-11  1.000e-12  4.062e+00     6.8802     6.8803     0.0001     5.1434     5.1437      8.916      9.120      0.226    1453.27    1453.27  0.000e+00
       1041      9.500     9.3324     9.3323    -0.0001    0.84266    0.84267          1     7.5097     7.0394       9.96     0.0291  2.462e-11  1.000e-12  4.062e+00     6.8802     6.8802     0.0001     5.1434     5.1434      9.412      9.627      0.260    1453.29    1453.29  0.000e+00
       1086     10.000     9.3329     9.3330     0.0001    0.84267    0.84269          1     7.5048     7.0368       9.96     0.0285  2.462e-11  1.000e-12  4.062e+00     6.8801     6.8802     0.0001     5.1433     5.1433      9.907     10.133      0.266    1453.30    1453.30  0.000e+00
       1135     10.500     9.3276     9.3332     0.0056    0.84262    0.84270          1     7.5170     7.0361       9.96     0.0293  2.462e-11  1.000e-12  4.062e+00     6.8806     6.8802    -0.0004     5.1441     5.1433     10.402     10.640      0.233    1453.28    1453.30  0.000e+00
       1182     11.000     9.3164     9.3246     0.0083    0.84248    0.84260          1     7.5190     7.0390       9.96     0.0292  2.462e-11  1.000e-12  4.062e+00     6.8815     6.8810    -0.0005     5.1459     5.1448     10.898     11.147      0.260    1453.25    1453.28  0.000e+00
       1231     11.500     9.3101     9.3157     0.0057    0.84242    0.84250          1     7.5121     7.0275       9.96     0.0287  2.462e-11  1.000e-12  4.062e+00     6.8821     6.8818    -0.0003     5.1471     5.1462     11.393     11.653      0.246    1453.23    1453.25  0.000e+00
       1277     12.000     9.3077     9.3115     0.0037    0.84241    0.84247          1     7.5187     7.0333       9.96     0.0290  2.462e-11  1.000e-12  4.062e+00     6.8824     6.8822    -0.0002     5.1475     5.1470     11.888     12.160      0.262    1453.23    1453.24  0.000e+00
       1325     12.500     9.3064     9.3083     0.0018    0.84241    0.84244          1     7.5188     7.0420       9.96     0.0292  2.462e-11  1.000e-12  4.062e+00     6.8826     6.8825    -0.0000     5.1478     5.1476     12.384     12.667      0.250    1453.23    1453.24  0.000e+00
       1370     13.000     9.3062     9.3063     0.0002    0.84241    0.84243          1     7.5132     7.0463       9.96     0.0283  2.462e-11  1.000e-12  4.062e+00     6.8827     6.8828     0.0001     5.1478     5.1479     12.879     13.173      0.277    1453.24    1453.24  0.000e+00
       1414     13.500     9.2944     9.3033     0.0088    0.84227    0.84241          1     7.5041     7.0416       9.96     0.0289  2.462e-11  1.000e-12  4.062e+00     6.8836     6.8831    -0.0005     5.1497     5.1485     13.374     13.680      0.262    1453.20    1453.24  0.000e+00
       1461     14.000     9.2973     9.2960    -0.0012    0.84233    0.84233          1     7.5227     7.0473       9.96     0.0291  2.462e-11  1.000e-12  4.062e+00     6.8835     6.8837     0.0002     5.1494     5.1497     13.870     14.187      0.255    1453.22    1453.22  0.000e+00
       1508     14.500     9.2827     9.2937     0.0109    0.84215    0.84231          1     7.5209     7.0408       9.96     0.0292  2.462e-11  1.000e-12  4.062e+00     6.8847     6.8840    -0.0007     5.1517     5.1501     14.365     14.693      0.257    1453.17    1453.22  0.000e+00
       1553     15.000     9.2878     9.2841    -0.0037    0.84224    0.84220          1     7.5135     7.0449       9.96     0.0292  2.462e-11  1.000e-12  4.062e+00     6.8844     6.8848     0.0004     5.1510     5.1517     14.860     15.200      0.267    1453.20    1453.19  0.000e+00
       1600     15.500     9.2807     9.2880     0.0073    0.84215    0.84226          1     7.5140     7.0487       9.96     0.0291  2.462e-11  1.000e-12  4.062e+00     6.8849     6.8845    -0.0004     5.1521     5.1511     15.356     15.707      0.258    1453.18    1453.21  0.000e+00
       1645     16.000     9.2619     9.2742     0.0122    0.84192    0.84211          1     7.5100     7.0508       9.96     0.0292  2.462e-11  1.000e-12  4.062e+00     6.8865     6.8858    -0.0007     5.1551     5.1534     15.851     16.213      0.264    1453.12    1453.17  0.000e+00
       1693     16.500     9.2362     9.2538     0.0176    0.84160    0.84186          1     7.5156     7.0590       9.96     0.0293  2.462e-11  1.000e-12  4.062e+00     6.8885     6.8875    -0.0011     5.1592     5.1567     16.346     16.720      0.251    1453.03    1453.09  0.000e+00
       1736     17.000     9.2005     9.2266     0.0260    0.84116    0.84154          1     7.5256     7.0581       9.96     0.0284  2.462e-11  1.000e-12  4.062e+00     6.8915     6.8898    -0.0016     5.1649     5.1611     16.841     17.226      0.293    1452.90    1453.00  0.000e+00
       1780     17.500     9.1858     9.2019     0.0162    0.84100    0.84125          1     7.5366     7.0603       9.96     0.0291  2.462e-11  1.000e-12  4.062e+00     6.8928     6.8919    -0.0009     5.1674     5.1651     17.337     17.733      0.252    1452.85    1452.91  0.000e+00
       1828     18.000     9.1658     9.1804     0.0147    0.84078    0.84101          1     7.5203     7.0722       9.96     0.0293  2.462e-11  1.000e-12  4.062e+00     6.8947     6.8939    -0.0008     5.1707     5.1687     17.832     18.240      0.276    1452.78    1452.84  0.000e+00
       1869     18.500     9.1146     9.1563     0.0416    0.84020    0.84074          1     7.5114     7.0711       9.96     0.0293  2.462e-11  1.000e-12  4.062e+00     6.8995     6.8961    -0.0033     5.1793     5.1728     18.327     18.746      0.284    1452.59    1452.75  0.000e+00
       1914     19.000     9.0762     9.1087     0.0325    0.83985    0.84024          1     7.5159     7.0564       9.96     0.0294  2.462e-11  1.000e-12  4.062e+00     6.9037     6.9008    -0.0028     5.1863     5.1810     18.823     19.253      0.257    1452.45    1452.57  0.000e+00
       1959     19.500     9.0410     9.0689     0.0279    0.83971    0.83994          1     7.4858     7.0603       9.96     0.0293  2.462e-11  1.000e-12  4.062e+00     6.9092     6.9059    -0.0033     5.1939     5.1887     19.318     19.760      0.281    1452.32    1452.43  0.000e+00
       2001     20.000     9.0138     9.0349     0.0212    0.83959    0.83980          1     7.4641     7.0475       9.96     0.0288  2.462e-11  1.000e-12  4.062e+00     6.9134     6.9111    -0.0022     5.1997     5.1960     19.813     20.266      0.277    1452.23    1452.31  0.000e+00
       2047     20.500     8.9757     9.0067     0.0310    0.83914    0.83958          1     7.4621     7.0232       9.96     0.0285  2.462e-11  1.000e-12  4.062e+00     6.9167     6.9146    -0.0021     5.2058     5.2013     20.309     20.773      0.245    1452.09    1452.21  0.000e+00
       2095     21.000     8.9555     8.9755     0.0200    0.83898    0.83925          1     7.4546     7.0190       9.96     0.0280  2.462e-11  1.000e-12  4.062e+00     6.9192     6.9177    -0.0015     5.2096     5.2066     20.804     21.280      0.291    1452.02    1452.10  0.000e+00
       2133     21.500     8.9177     8.9553     0.0377    0.83844    0.83906          1     7.4416     7.0358       9.96     0.0273  2.462e-11  1.000e-12  4.062e+00     6.9216     6.9198    -0.0018     5.2150     5.2101     21.299     21.786      0.297    1451.88    1452.03  0.000e+00
       2179     22.000     8.8037     8.8844     0.0807    0.83656    0.83802          1     7.4360     7.0555       9.96     0.0278  2.462e-11  1.000e-12  4.062e+00     6.9270     6.9243    -0.0027     5.2297     5.2202     21.795     22.293      0.251    1451.44    1451.76  0.000e+00
       2223     22.500     8.6167     8.7677     0.1510    0.83372    0.83620          1     7.4019     7.1183       9.96     0.0269  2.462e-11  1.000e-12  4.062e+00     6.9382     6.9308    -0.0074     5.2551     5.2359     22.290     22.799      0.273    1450.70    1451.30  0.000e+00
       2269     23.000     8.2334     8.5585     0.3247    0.82808    0.83318          1     7.3666     7.1123       9.96     0.0268  2.462e-11  1.000e-12  4.062e+00     6.9627     6.9447    -0.0181     5.3070     5.2653     22.785     23.306      0.264    1449.19    1450.49  0.000e+00
       2311     23.500     7.8411     8.1965     0.3557    0.82248    0.82816          1     7.3809     7.0891       9.96     0.0255  2.462e-11  1.000e-12  4.062e+00     6.9898     6.9707    -0.0191     5.3600     5.3164     23.281     23.813      0.285    1447.63    1449.06  0.000e+00
       2357     24.000     7.4265     7.8056     0.3790    0.81632    0.82251          1     7.4107     7.0855       9.96     0.0244  2.462e-11  1.000e-12  4.062e+00     7.0164     6.9971    -0.0194     5.4119     5.3684     23.776     24.319      0.258    1445.96    1447.50  0.000e+00
       2400     24.500     7.2239     7.4535     0.2296    0.81380    0.81750          1     7.4027     7.1699       9.96     0.0236  2.462e-11  1.000e-12  4.062e+00     7.0340     7.0218    -0.0122     5.4404     5.4144     24.271     24.826      0.288    1445.14    1446.08  0.000e+00
       2445     25.000     6.8137     7.1979     0.3844    0.80832    0.81412          1     7.3429     7.1526       9.96     0.0231  2.462e-11  1.000e-12  4.062e+00     7.0667     7.0423    -0.0244     5.4932     5.4486     24.766     25.332      0.256    1443.47    1445.05  0.000e+00
       2488     25.500     6.2996     6.7323     0.4325    0.80132    0.80805          1     7.3804     7.0910       9.96     0.0216  2.462e-11  1.000e-12  4.062e+00     7.1069     7.0808    -0.0261     5.5564     5.5097     25.262     25.839      0.284    1441.35    1443.16  0.000e+00
       2535     26.000     6.1608     6.3576     0.1969    0.79969    0.80297          1     7.3680     7.1477       9.96     0.0207  2.462e-11  1.000e-12  4.062e+00     7.1203     7.1104    -0.0098     5.5747     5.5559     25.757     26.345      0.255    1440.79    1441.61  0.000e+00
       2579     26.500     5.7580     6.1357     0.3775    0.79341    0.79996          1     7.4077     7.0853       9.96     0.0203  2.462e-11  1.000e-12  4.062e+00     7.1446     7.1280    -0.0166     5.6148     5.5822     26.252     26.852      0.282    1439.09    1440.70  0.000e+00
       2623     27.000     5.4539     5.7166     0.2629    0.78934    0.79378          1     7.5020     7.0473       9.96     0.0195  2.462e-11  1.000e-12  4.062e+00     7.1697     7.1570    -0.0127     5.6493     5.6268     26.748     27.358      0.261    1437.82    1438.94  0.000e+00
       2668     27.500     5.4275     5.5158     0.0883    0.78957    0.79102          1     7.5154     7.0726       9.96     0.0193  2.462e-11  1.000e-12  4.062e+00     7.1776     7.1728    -0.0047     5.6567     5.6490     27.243     27.864      0.284    1437.72    1438.10  0.000e+00
       2711     28.000     5.4216     5.4577     0.0361    0.78998    0.79057          1     7.5095     7.0947       9.96     0.0193  2.462e-11  1.000e-12  4.062e+00     7.1827     7.1808    -0.0019     5.6611     5.6579     27.738     28.371      0.255    1437.71    1437.86  0.000e+00
