ctdpy/tests/etc/all_smhi_bas_2018/SBE09_1044_20180318_1541_34_02_0065.cnv
* Sea-Bird SBE 9 Data File:
* FileName = C:\ctd\temp\2018\ME18D065.hex
* Software Version Seasave V 7.26.6.26
* Temperature SN = 5351
* Conductivity SN = 3941
* Number of Bytes Per Scan = 41
* Number of Voltage Words = 4
* Number of Scans Averaged by the Deck Unit = 1
* NMEA Latitude = 55 00.93 N
* NMEA Longitude = 013 18.04 E
* NMEA UTC (Time) = Mar 18 2018  15:41:30
* NMEA baud rate = 4800
** Station:  BY1
** Operator:  obac
** Ship: MERI
** Average sound velocity: 1423.28 m/s
** True-depth calculation Sun, 18 Mar 2018 16:25:24 +0000
** CTD Python Module SMHI /ver 3-12/ feb 2012 
** LIMS Job: 20183402-0065
** Cruise: SMHI-02-2018
** Latitude [GG MM.mm N] :
** Longitude [GG MM.mm E]:
# nquan = 26
# nvalues = 82                          
# units = specified
# name 0 = scan: Scan Count
# name 1 = prDM: Pressure, Digiquartz [db]
# name 2 = t090C: Temperature [ITS-90, deg C]
# name 3 = t190C: Temperature, 2 [ITS-90, deg C]
# name 4 = T2-T190C: Temperature Difference, 2 - 1 [ITS-90, deg C]
# name 5 = c0S/m: Conductivity [S/m]
# name 6 = c1S/m: Conductivity, 2 [S/m]
# name 7 = pumps: Pump Status
# name 8 = sbeox0ML/L: Oxygen, SBE 43 [ml/l]
# name 9 = sbeox1ML/L: Oxygen, SBE 43, 2 [ml/l]
# name 10 = altM: Altimeter [m]
# name 11 = flECO-AFL: Chl-a Fluorescence, WET Labs ECO-AFL/FL [mg/m^3]
# name 12 = flECO-AFL1: Phycocyanin Fluorescence, WET Labs ECO-AFL/FL, 2 [mg/m^3]
# name 13 = par: PAR/Irradiance, Biospherical/Lico [µE/(cm^2*s)]
# name 14 = turbWETntu0: Turbidity, WET Labs ECO [NTU]
# name 15 = sal00: Salinity, Practical [PSU]
# name 16 = sal11: Salinity, Practical, 2 [PSU]
# name 17 = secS-priS: Salinity, Practical, Difference, 2 - 1 [PSU]
# name 18 = sigma-t00: Density [sigma-t, Kg/m^3 ]
# name 19 = sigma-t11: Density, 2 [sigma-t, Kg/m^3 ]
# name 20 = depSM: Depth [salt water, m], lat = 55.0155
# name 21 = depFM: Depth [true depth, m], lat = 55.0155
# name 22 = dz/dtM: Descent Rate [m/s], WS = 2
# name 23 = svCM: Sound Velocity [Chen-Millero, m/s]
# name 24 = svCM1: Sound Velocity, 2 [Chen-Millero, m/s]
# name 25 = flag: flag
# span 0 =      10834,      13492       
# span 1 =      1.000,     41.500       
# span 2 =     1.9203,     2.2259       
# span 3 =     1.9210,     2.2087       
# span 4 =    -0.0171,     0.0112       
# span 5 =   0.787228,   1.354151       
# span 6 =   0.787218,   1.331834       
# span 7 =          1,          1       
# span 8 =    8.28554,    8.99526       
# span 9 =    8.33862,    9.00644       
# span 10 =       2.08,      45.73      
# span 11 =     0.8732,     1.0154      
# span 12 =     0.2705,     0.3905      
# span 13 = -5.877e-06, 4.1022e+03      
# span 14 =     0.8652,     6.7420      
# span 15 =     7.9654,    14.1612      
# span 16 =     7.9650,    13.9169      
# span 17 =    -0.2442,     0.1502      
# span 18 =     6.3536,    11.3057      
# span 19 =     6.3533,    11.1108      
# span 20 =      0.991,     41.122      
# span 21 =      1.012,     41.994      
# span 22 =     -0.219,      0.792      
# span 23 =    1422.62,    1432.57      
# span 24 =    1422.63,    1432.17      
# span 25 = 0.0000e+00, 0.0000e+00      
# interval = decibars: 0.5              
# start_time = Mar 18 2018 15:41:30 [NMEA time, first data scan]
# bad_flag = -9.990e-29
*END*
      10834      1.000     1.9809     1.9914     0.0105    0.78798    0.78822          1     8.9793     8.9931      45.73     0.9088     0.3267  4.102e+03  0.8930000     7.9672     7.9671    -0.0001     6.3552     6.3552      0.991      1.012      0.277    1422.70    1422.75  0.000e+00
      10965      1.500     1.9726     1.9770     0.0044    0.78779    0.78785          1     8.9868     9.0053      45.52     0.9029     0.3257  1.276e+03  0.9330000     7.9670     7.9665    -0.0005     6.3551     6.3547      1.486      1.518      0.415    1422.67    1422.69  0.000e+00
      11103      2.000     1.9767     1.9788     0.0020    0.78793    0.78794          1     8.9787     9.0039      45.47     0.9053     0.3370  5.635e+02  0.9399000     7.9675     7.9670    -0.0005     6.3555     6.3551      1.982      2.024      0.539    1422.70    1422.71  0.000e+00
      11168      2.500     1.9788     1.9821     0.0032    0.78800    0.78801          1     8.9644     8.9952      44.27     0.9127     0.3226  3.001e+02  0.8813000     7.9676     7.9669    -0.0007     6.3556     6.3550      2.477      2.530      0.310    1422.72    1422.73  0.000e+00
      11201      3.000     1.9775     1.9737    -0.0037    0.78794    0.78780          1     8.9644     9.0014      43.82     0.9470     0.3046  2.930e+02  0.8799000     7.9672     7.9667    -0.0005     6.3553     6.3548      2.973      3.036      0.456    1422.72    1422.70  0.000e+00
      11235      3.500     1.9685     1.9668    -0.0017    0.78769    0.78762          1     8.9804     9.0064      43.59     0.9961     0.3439  1.802e+02  0.9730000     7.9667     7.9664    -0.0004     6.3548     6.3545      3.468      3.542      0.307    1422.68    1422.67  0.000e+00
      11297      4.000     1.9771     1.9782     0.0011    0.78794    0.78794          1     8.9813     8.9936      42.83     0.9331     0.3404  1.055e+02  0.9225000     7.9671     7.9668    -0.0002     6.3552     6.3550      3.964      4.048      0.444    1422.73    1422.74  0.000e+00
      11315      4.500     1.9594     1.9636     0.0041    0.78746    0.78753          1     8.9861     8.9953      42.46     1.0025     0.3675  1.298e+02  0.9375000     7.9663     7.9661    -0.0003     6.3545     6.3543      4.459      4.554      0.605    1422.66    1422.68  0.000e+00
      11337      5.000     1.9515     1.9524     0.0009    0.78724    0.78724          1     8.9878     8.9982      41.86     1.0092     0.3070  9.219e+01  0.9408000     7.9658     7.9656    -0.0002     6.3540     6.3538      4.955      5.061      0.415    1422.62    1422.63  0.000e+00
      11392      5.500     1.9508     1.9540     0.0032    0.78723    0.78728          1     8.9953     8.9986      41.20     1.0146     0.3408  5.641e+01  0.8848000     7.9658     7.9656    -0.0002     6.3540     6.3539      5.450      5.567      0.310    1422.63    1422.65  0.000e+00
      11423      6.000     1.9510     1.9517     0.0008    0.78723    0.78722          1     8.9945     9.0014      40.95     0.9847     0.3125  5.510e+01  0.8749000     7.9658     7.9654    -0.0004     6.3540     6.3537      5.946      6.073      0.554    1422.64    1422.64  0.000e+00
      11441      6.500     1.9511     1.9519     0.0008    0.78724    0.78723          1     8.9928     9.0021      40.62     0.9760     0.2896  4.330e+01  0.8891000     7.9657     7.9654    -0.0003     6.3539     6.3537      6.441      6.579      0.649    1422.65    1422.65  0.000e+00
      11460      7.000     1.9511     1.9517     0.0006    0.78728    0.78726          1     8.9882     9.0015      40.12     0.9659     0.3031  3.228e+01  0.9086000     7.9661     7.9658    -0.0004     6.3543     6.3540      6.937      7.085      0.586    1422.66    1422.66  0.000e+00
      11487      7.500     1.9516     1.9517     0.0001    0.78729    0.78726          1     8.9878     8.9967      39.32     0.9753     0.3108  2.149e+01  0.9523000     7.9660     7.9656    -0.0004     6.3542     6.3539      7.432      7.591      0.352    1422.66    1422.67  0.000e+00
      11530      8.000     1.9526     1.9521    -0.0006    0.78733    0.78727          1     8.9880     8.9985      38.55     0.9822     0.3466  2.247e+01  0.9448000     7.9661     7.9656    -0.0005     6.3543     6.3539      7.928      8.097      0.319    1422.68    1422.68  0.000e+00
      11560      8.500     1.9518     1.9524     0.0006    0.78728    0.78727          1     8.9874     9.0061      38.30     1.0154     0.3146  1.973e+01  0.9722000     7.9657     7.9654    -0.0003     6.3540     6.3537      8.423      8.603      0.482    1422.68    1422.68  0.000e+00
      11582      9.000     1.9511     1.9515     0.0005    0.78725    0.78724          1     8.9851     9.0040      37.97     1.0038     0.2777  1.324e+01  0.9109000     7.9654     7.9652    -0.0002     6.3537     6.3535      8.919      9.109      0.582    1422.69    1422.69  0.000e+00
      11602      9.500     1.9511     1.9509    -0.0001    0.78726    0.78724          1     8.9820     9.0050      37.47     0.9697     0.2705  9.209e+00  0.9653000     7.9654     7.9653    -0.0001     6.3537     6.3536      9.414      9.615      0.604    1422.70    1422.69  0.000e+00
      11623     10.000     1.9510     1.9518     0.0008    0.78726    0.78725          1     8.9811     9.0064      36.81     0.9832     0.2829  8.189e+00  0.9860000     7.9655     7.9651    -0.0004     6.3538     6.3534      9.910     10.121      0.494    1422.70    1422.70  0.000e+00
      11660     10.500     1.9510     1.9517     0.0008    0.78728    0.78726          1     8.9893     9.0048      35.97     0.9605     0.3105  9.000e+00  0.9641000     7.9656     7.9652    -0.0004     6.3539     6.3535     10.405     10.627      0.263    1422.71    1422.71  0.000e+00
      11704     11.000     1.9507     1.9513     0.0005    0.78729    0.78727          1     8.9929     9.0023      35.60     1.0009     0.3499  7.184e+00  0.9090000     7.9657     7.9654    -0.0004     6.3540     6.3537     10.901     11.133      0.445    1422.72    1422.72  0.000e+00
      11724     11.500     1.9508     1.9517     0.0010    0.78729    0.78727          1     8.9939     9.0007      35.32     0.9957     0.3769  5.337e+00  0.9160000     7.9656     7.9652    -0.0004     6.3539     6.3535     11.396     11.639      0.685    1422.72    1422.73  0.000e+00
      11740     12.000     1.9511     1.9520     0.0009    0.78729    0.78728          1     8.9921     9.0031      34.93     0.9841     0.3488  4.172e+00  0.9209000     7.9655     7.9651    -0.0004     6.3537     6.3535     11.891     12.145      0.745    1422.73    1422.74  0.000e+00
      11756     12.500     1.9512     1.9520     0.0008    0.78730    0.78728          1     8.9939     9.0058      34.34     0.9470     0.3386  3.435e+00  0.9254000     7.9654     7.9651    -0.0004     6.3537     6.3534     12.387     12.651      0.614    1422.74    1422.75  0.000e+00
      11793     13.000     1.9510     1.9518     0.0008    0.78731    0.78729          1     8.9919     9.0035      33.45     0.9623     0.3401  3.370e+00  0.9052000     7.9655     7.9651    -0.0004     6.3538     6.3535     12.882     13.157      0.305    1422.75    1422.75  0.000e+00
      11845     13.500     1.9511     1.9518     0.0007    0.78732    0.78730          1     8.9922     9.0045      32.98     0.9759     0.3128  3.358e+00  0.9132000     7.9655     7.9652    -0.0003     6.3538     6.3535     13.378     13.663      0.491    1422.76    1422.76  0.000e+00
      11862     14.000     1.9513     1.9521     0.0008    0.78733    0.78731          1     8.9903     9.0037      32.67     0.9901     0.3070  2.474e+00  0.8810000     7.9655     7.9651    -0.0004     6.3537     6.3534     13.873     14.169      0.725    1422.77    1422.77  0.000e+00
      11877     14.500     1.9513     1.9521     0.0008    0.78733    0.78731          1     8.9898     9.0025      32.23     0.9641     0.2953  1.829e+00  0.8652000     7.9654     7.9650    -0.0004     6.3537     6.3534     14.369     14.676      0.778    1422.77    1422.78  0.000e+00
      11892     15.000     1.9513     1.9521     0.0007    0.78733    0.78731          1     8.9889     8.9990      31.67     0.9566     0.3065  1.378e+00  0.8759000     7.9654     7.9650    -0.0004     6.3536     6.3533     14.864     15.182      0.697    1422.78    1422.78  0.000e+00
      11913     15.500     1.9501     1.9509     0.0008    0.78739    0.78737          1     8.9892     8.9986      30.96     0.9463     0.3188  1.245e+00  0.9347000     7.9663     7.9658    -0.0005     6.3544     6.3540     15.360     15.688      0.452    1422.78    1422.79  0.000e+00
      11957     16.000     1.9501     1.9517     0.0015    0.78741    0.78734          1     8.9881     9.0013      30.18     0.9456     0.3178  1.494e+00  0.9347000     7.9663     7.9653    -0.0011     6.3544     6.3536     15.855     16.194      0.268    1422.79    1422.80  0.000e+00
      11987     16.500     1.9496     1.9506     0.0011    0.78746    0.78742          1     8.9789     8.9961      29.85     0.9321     0.3095  1.095e+00  0.9369000     7.9670     7.9663    -0.0008     6.3550     6.3544     16.351     16.700      0.579    1422.80    1422.80  0.000e+00
      12004     17.000     1.9471     1.9481     0.0010    0.78765    0.78763          1     8.9820     8.9936      29.47     0.9416     0.3353  7.862e-01  1.0146000     7.9696     7.9691    -0.0005     6.3570     6.3566     16.846     17.206      0.720    1422.80    1422.80  0.000e+00
      12020     17.500     1.9474     1.9481     0.0008    0.78765    0.78765          1     8.9866     8.9955      29.01     0.9513     0.3376  6.256e-01  1.0180000     7.9695     7.9692    -0.0003     6.3569     6.3567     17.342     17.712      0.749    1422.81    1422.81  0.000e+00
      12036     18.000     1.9480     1.9491     0.0010    0.78763    0.78761          1     8.9891     8.9985      28.47     0.9901     0.3119  5.549e-01  0.9285000     7.9690     7.9685    -0.0005     6.3566     6.3562     17.837     18.218      0.681    1422.82    1422.82  0.000e+00
      12056     18.500     1.9479     1.9488     0.0010    0.78766    0.78763          1     8.9861     8.9999      27.31     0.9724     0.2910  5.303e-01  0.9834000     7.9693     7.9687    -0.0006     6.3568     6.3563     18.332     18.724      0.543    1422.82    1422.83  0.000e+00
      12083     19.000     1.9467     1.9472     0.0005    0.78770    0.78768          1     8.9824     8.9961      26.47     0.9840     0.2829  4.744e-01  1.0291000     7.9699     7.9696    -0.0003     6.3573     6.3571     18.828     19.230      0.400    1422.83    1422.83  0.000e+00
      12116     19.500     1.9484     1.9489     0.0005    0.78763    0.78762          1     8.9802     8.9895      25.90     0.9858     0.3115  3.585e-01  1.0054000     7.9687     7.9684    -0.0003     6.3563     6.3561     19.323     19.736      0.369    1422.84    1422.84  0.000e+00
      12145     20.000     1.9494     1.9500     0.0007    0.78761    0.78759          1     8.9792     8.9847      25.42     0.9603     0.3580  2.776e-01  0.9117000     7.9681     7.9677    -0.0004     6.3558     6.3555     19.819     20.242      0.551    1422.85    1422.86  0.000e+00
      12163     20.500     1.9489     1.9498     0.0009    0.78764    0.78761          1     8.9778     8.9841      24.99     0.9900     0.3166  2.250e-01  1.0232000     7.9685     7.9680    -0.0005     6.3561     6.3557     20.314     20.748      0.706    1422.86    1422.86  0.000e+00
      12179     21.000     1.9487     1.9500     0.0013    0.78765    0.78761          1     8.9787     8.9903      24.53     0.9609     0.3124  1.841e-01  1.0011000     7.9685     7.9678    -0.0008     6.3562     6.3556     20.810     21.254      0.758    1422.87    1422.87  0.000e+00
      12194     21.500     1.9492     1.9500     0.0008    0.78763    0.78761          1     8.9792     8.9922      23.86     0.9336     0.3137  1.506e-01  0.9794000     7.9682     7.9678    -0.0004     6.3559     6.3556     21.305     21.760      0.708    1422.88    1422.88  0.000e+00
      12213     22.000     1.9492     1.9499     0.0007    0.78764    0.78762          1     8.9776     8.9943      23.24     0.9664     0.3476  1.208e-01  0.9734000     7.9682     7.9678    -0.0004     6.3559     6.3556     21.800     22.266      0.539    1422.88    1422.89  0.000e+00
      12247     22.500     1.9493     1.9500     0.0007    0.78764    0.78762          1     8.9780     9.0052      22.37     0.9714     0.3459  9.058e-02  1.0178000     7.9681     7.9677    -0.0004     6.3558     6.3555     22.296     22.772      0.308    1422.89    1422.90  0.000e+00
      12284     23.000     1.9495     1.9500     0.0005    0.78766    0.78765          1     8.9748     9.0021      21.81     0.9923     0.3128  4.725e-02  1.0066000     7.9681     7.9679    -0.0002     6.3559     6.3557     22.791     23.278      0.486    1422.90    1422.90  0.000e+00
      12303     23.500     1.9495     1.9504     0.0008    0.78767    0.78764          1     8.9755     9.0014      21.33     0.9900     0.3624  1.924e-02  1.0323000     7.9682     7.9677    -0.0005     6.3559     6.3555     23.287     23.784      0.712    1422.91    1422.91  0.000e+00
      12318     24.000     1.9496     1.9508     0.0012    0.78766    0.78763          1     8.9686     9.0016      20.86     0.9903     0.3510  3.867e-03  0.9915000     7.9679     7.9674    -0.0006     6.3557     6.3552     23.782     24.291      0.792    1422.92    1422.92  0.000e+00
      12333     24.500     1.9500     1.9508     0.0008    0.78764    0.78763          1     8.9682     9.0021      20.31     0.9905     0.3478 -5.877e-06  1.0131000     7.9676     7.9672    -0.0004     6.3554     6.3551     24.278     24.797      0.757    1422.93    1422.93  0.000e+00
      12350     25.000     1.9502     1.9509     0.0007    0.78764    0.78762          1     8.9740     9.0016      19.69     0.9872     0.3595  2.985e-12  1.0142000     7.9675     7.9671    -0.0004     6.3553     6.3550     24.773     25.303      0.594    1422.94    1422.94  0.000e+00
      12379     25.500     1.9500     1.9507     0.0008    0.78765    0.78763          1     8.9807     8.9937      18.97     0.9810     0.3135  1.000e-12  0.9260000     7.9676     7.9671    -0.0004     6.3554     6.3551     25.269     25.809      0.349    1422.94    1422.94  0.000e+00
      12416     26.000     1.9481     1.9478    -0.0002    0.78779    0.78783          1     8.9788     8.9980      18.37     0.9592     0.3602  1.000e-12  0.8881000     7.9695     7.9700     0.0005     6.3569     6.3573     25.764     26.315      0.414    1422.94    1422.94  0.000e+00
      12440     26.500     1.9470     1.9465    -0.0005    0.78786    0.78790          1     8.9791     8.9994      17.93     0.9850     0.3580  1.000e-12  0.9711000     7.9705     7.9709     0.0005     6.3577     6.3581     26.259     26.821      0.594    1422.95    1422.95  0.000e+00
      12458     27.000     1.9437     1.9446     0.0009    0.78803    0.78799          1     8.9815     9.0007      17.53     0.9793     0.3770  1.000e-12  0.9744000     7.9730     7.9724    -0.0006     6.3597     6.3593     26.755     27.327      0.681    1422.94    1422.95  0.000e+00
      12475     27.500     1.9450     1.9481     0.0031    0.78797    0.78783          1     8.9844     9.0012      17.05     0.9566     0.3310  1.000e-12  0.9495000     7.9720     7.9697    -0.0023     6.3589     6.3571     27.250     27.833      0.693    1422.96    1422.97  0.000e+00
      12492     28.000     1.9450     1.9465     0.0015    0.78799    0.78794          1     8.9821     8.9998      16.47     0.9675     0.3391  1.000e-12  1.0107000     7.9721     7.9712    -0.0009     6.3590     6.3583     27.746     28.339      0.624    1422.96    1422.97  0.000e+00
