ctdpy/tests/etc/all_smhi_bas_2018/SBE09_1044_20180419_0631_34_07_0020.cnv
* Sea-Bird SBE 9 Data File:
* FileName = C:\ctd\temp\2018\AU18D020.hex
* Software Version Seasave V 7.26.6.26
* Temperature SN = 5351
* Conductivity SN = 3941
* Number of Bytes Per Scan = 41
* Number of Voltage Words = 4
* Number of Scans Averaged by the Deck Unit = 1
* NMEA Latitude = 57 59.89 N
* NMEA Longitude = 019 52.72 E
* NMEA UTC (Time) = Apr 19 2018  06:31:23
* NMEA baud rate = 4800
** Station:  BY20
** Operator:  SSip
** Ship: AURA
** Average sound velocity: 1440.79 m/s
** True-depth calculation Thu, 19 Apr 2018 07:32:38 +0000
** CTD Python Module SMHI /ver 3-12/ feb 2012 
** LIMS Job: 20183407-0020
** Cruise: SMHI-01-2018
** Latitude [GG MM.mm N] :
** Longitude [GG MM.mm E]:
# nquan = 26
# nvalues = 379                         
# units = specified
# name 0 = scan: Scan Count
# name 1 = prDM: Pressure, Digiquartz [db]
# name 2 = t090C: Temperature [ITS-90, deg C]
# name 3 = t190C: Temperature, 2 [ITS-90, deg C]
# name 4 = T2-T190C: Temperature Difference, 2 - 1 [ITS-90, deg C]
# name 5 = c0S/m: Conductivity [S/m]
# name 6 = c1S/m: Conductivity, 2 [S/m]
# name 7 = pumps: Pump Status
# name 8 = sbeox0ML/L: Oxygen, SBE 43 [ml/l]
# name 9 = sbeox1ML/L: Oxygen, SBE 43, 2 [ml/l]
# name 10 = altM: Altimeter [m]
# name 11 = flECO-AFL: Chl-a Fluorescence, WET Labs ECO-AFL/FL [mg/m^3]
# name 12 = flECO-AFL1: Phycocyanin Fluorescence, WET Labs ECO-AFL/FL, 2 [mg/m^3]
# name 13 = par: PAR/Irradiance, Biospherical/Lico [µE/(cm^2*s)]
# name 14 = turbWETntu0: Turbidity, WET Labs ECO [NTU]
# name 15 = sal00: Salinity, Practical [PSU]
# name 16 = sal11: Salinity, Practical, 2 [PSU]
# name 17 = secS-priS: Salinity, Practical, Difference, 2 - 1 [PSU]
# name 18 = sigma-t00: Density [sigma-t, Kg/m^3 ]
# name 19 = sigma-t11: Density, 2 [sigma-t, Kg/m^3 ]
# name 20 = depSM: Depth [salt water, m], lat = 57.9982
# name 21 = depFM: Depth [true depth, m], lat = 57.9982
# name 22 = dz/dtM: Descent Rate [m/s], WS = 2
# name 23 = svCM: Sound Velocity [Chen-Millero, m/s]
# name 24 = svCM1: Sound Velocity, 2 [Chen-Millero, m/s]
# name 25 = flag: flag
# span 0 =       7382,      16997       
# span 1 =      1.000,    190.000       
# span 2 =     1.9521,     6.7725       
# span 3 =     1.9500,     6.7732       
# span 4 =    -0.0436,     0.0665       
# span 5 =   0.716629,   1.393867       
# span 6 =   0.716852,   1.393861       
# span 7 =          1,          1       
# span 8 =    0.02197,   10.11554       
# span 9 =    0.02511,    9.96127       
# span 10 =       5.09,      99.23      
# span 11 =     0.2629,     4.8457      
# span 12 =     0.1503,     0.8920      
# span 13 = 1.0000e-12, 6.0500e+03      
# span 14 =     0.1255,     1.0539      
# span 15 =     6.9534,    12.7025      
# span 16 =     6.9559,    12.7021      
# span 17 =    -0.0398,     0.0803      
# span 18 =     5.5427,     9.9236      
# span 19 =     5.5447,     9.9233      
# span 20 =      0.991,    188.153      
# span 21 =      1.013,    191.984      
# span 22 =     -0.074,      0.697      
# span 23 =    1422.27,    1452.99      
# span 24 =    1422.26,    1453.00      
# span 25 = 0.0000e+00, 0.0000e+00      
# interval = decibars: 0.5              
# start_time = Apr 19 2018 06:31:23 [NMEA time, first data scan]
# bad_flag = -9.990e-29
*END*
[from data line 335]
      15876    168.500     6.7442     6.7449     0.0006    1.38307    1.38306          1     0.0285     0.0280      27.63     0.3182     0.2333  1.000e-12  0.4797000    12.6104    12.6101    -0.0003     9.8536     9.8533    166.870    170.300      0.516    1452.42    1452.42  0.000e+00
      15899    169.000     6.7451     6.7457     0.0006    1.38336    1.38335          1     0.0270     0.0281      27.08     0.3473     0.2071  1.000e-12  0.4942000    12.6130    12.6126    -0.0003     9.8555     9.8552    167.365    170.804      0.519    1452.43    1452.43  0.000e+00
      15922    169.500     6.7467     6.7474     0.0007    1.38383    1.38383          1     0.0248     0.0288      26.62     0.3521     0.2122  1.000e-12  0.5015000    12.6169    12.6166    -0.0002     9.8585     9.8583    167.860    171.309      0.526    1452.45    1452.45  0.000e+00
      15945    170.000     6.7484     6.7490     0.0006    1.38428    1.38427          1     0.0233     0.0296      26.07     0.3138     0.2236  1.000e-12  0.4851000    12.6206    12.6202    -0.0003     9.8613     9.8610    168.355    171.813      0.517    1452.47    1452.47  0.000e+00
      15969    170.500     6.7491     6.7497     0.0006    1.38448    1.38448          1     0.0271     0.0282      25.53     0.3220     0.2042  1.000e-12  0.4652000    12.6222    12.6219    -0.0003     9.8625     9.8622    168.850    172.317      0.470    1452.49    1452.49  0.000e+00
      15996    171.000     6.7499     6.7505     0.0006    1.38473    1.38473          1     0.0279     0.0291      24.94     0.3173     0.1812  1.000e-12  0.4599000    12.6243    12.6240    -0.0003     9.8641     9.8638    169.345    172.822      0.449    1452.50    1452.50  0.000e+00
      16022    171.500     6.7509     6.7516     0.0007    1.38515    1.38514          1     0.0246     0.0283      24.42     0.3126     0.2061  1.000e-12  0.4645000    12.6279    12.6276    -0.0003     9.8668     9.8665    169.840    173.326      0.493    1452.52    1452.52  0.000e+00
      16045    172.000     6.7528     6.7535     0.0006    1.38593    1.38591          1     0.0271     0.0288      23.93     0.3241     0.1918  1.000e-12  0.4870000    12.6348    12.6344    -0.0004     9.8721     9.8717    170.335    173.830      0.546    1452.54    1452.54  0.000e+00
      16066    172.500     6.7537     6.7543     0.0007    1.38620    1.38620          1     0.0253     0.0285      23.46     0.3334     0.2049  1.000e-12  0.4961000    12.6371    12.6368    -0.0003     9.8738     9.8736    170.830    174.335      0.562    1452.55    1452.56  0.000e+00
      16088    173.000     6.7539     6.7546     0.0007    1.38637    1.38637          1     0.0232     0.0280      22.93     0.3226     0.2213  1.000e-12  0.4929000    12.6386    12.6383    -0.0003     9.8750     9.8747    171.325    174.839      0.527    1452.56    1452.57  0.000e+00
      16112    173.500     6.7552     6.7558     0.0006    1.38689    1.38688          1     0.0255     0.0283      22.38     0.3116     0.2190  1.000e-12  0.4972000    12.6432    12.6428    -0.0004     9.8785     9.8781    171.820    175.343      0.479    1452.58    1452.59  0.000e+00
      16138    174.000     6.7565     6.7572     0.0007    1.38731    1.38730          1     0.0256     0.0284      21.86     0.3091     0.1907  1.000e-12  0.5063000    12.6467    12.6464    -0.0003     9.8811     9.8809    172.315    175.847      0.465    1452.60    1452.61  0.000e+00
      16163    174.500     6.7563     6.7571     0.0008    1.38749    1.38747          1     0.0255     0.0283      21.35     0.3535     0.2226  1.000e-12  0.5303000    12.6484    12.6480    -0.0005     9.8825     9.8821    172.810    176.352      0.472    1452.61    1452.61  0.000e+00
      16188    175.000     6.7567     6.7573     0.0007    1.38800    1.38799          1     0.0235     0.0293      20.83     0.3377     0.2546  1.000e-12  0.5896000    12.6533    12.6530    -0.0003     9.8863     9.8860    173.305    176.856      0.490    1452.63    1452.63  0.000e+00
      16212    175.500     6.7576     6.7582     0.0006    1.38827    1.38827          1     0.0271     0.0284      20.33     0.3244     0.2414  1.000e-12  0.6543000    12.6555    12.6553    -0.0003     9.8880     9.8877    173.800    177.360      0.514    1452.64    1452.64  0.000e+00
      16235    176.000     6.7589     6.7596     0.0007    1.38868    1.38867          1     0.0250     0.0284      19.84     0.3650     0.2375  1.000e-12  0.7021000    12.6590    12.6587    -0.0003     9.8906     9.8903    174.295    177.865      0.528    1452.66    1452.66  0.000e+00
      16258    176.500     6.7600     6.7606     0.0007    1.38903    1.38902          1     0.0252     0.0283      19.32     0.3607     0.2207  1.000e-12  0.6567000    12.6619    12.6616    -0.0004     9.8928     9.8925    174.790    178.369      0.517    1452.68    1452.68  0.000e+00
      16282    177.000     6.7607     6.7614     0.0007    1.38927    1.38927          1     0.0253     0.0282      18.82     0.3537     0.2098  1.000e-12  0.6128000    12.6639    12.6636    -0.0003     9.8943     9.8940    175.285    178.873      0.483    1452.69    1452.69  0.000e+00
      16308    177.500     6.7617     6.7624     0.0006    1.38965    1.38964          1     0.0232     0.0284      18.30     0.3517     0.2684  1.000e-12  0.6156000    12.6672    12.6668    -0.0003     9.8968     9.8965    175.780    179.377      0.441    1452.71    1452.71  0.000e+00
      16336    178.000     6.7630     6.7637     0.0007    1.39015    1.39014          1     0.0233     0.0280      17.79     0.3387     0.2419  1.000e-12  0.6276000    12.6715    12.6712    -0.0003     9.9001     9.8998    176.274    179.882      0.452    1452.72    1452.73  0.000e+00
      16360    178.500     6.7639     6.7646     0.0007    1.39044    1.39044          1     0.0248     0.0287      17.27     0.3497     0.2311  1.000e-12  0.6231000    12.6741    12.6738    -0.0003     9.9020     9.9017    176.769    180.386      0.516    1452.74    1452.74  0.000e+00
      16382    179.000     6.7648     6.7654     0.0006    1.39075    1.39073          1     0.0250     0.0276      16.79     0.3525     0.2704  1.000e-12  0.6177000    12.6766    12.6763    -0.0003     9.9040     9.9036    177.264    180.890      0.542    1452.75    1452.76  0.000e+00
      16405    179.500     6.7657     6.7663     0.0007    1.39114    1.39112          1     0.0238     0.0287      16.24     0.3469     0.2718  1.000e-12  0.6226000    12.6800    12.6796    -0.0004     9.9066     9.9062    177.759    181.394      0.508    1452.77    1452.77  0.000e+00
      16430    180.000     6.7663     6.7670     0.0007    1.39142    1.39142          1     0.0230     0.0285      15.72     0.3463     0.2243  1.000e-12  0.6225000    12.6825    12.6822    -0.0002     9.9084     9.9082    178.254    181.899      0.476    1452.78    1452.79  0.000e+00
      16455    180.500     6.7669     6.7676     0.0007    1.39156    1.39156          1     0.0262     0.0278      15.23     0.3468     0.2165  1.000e-12  0.6051000    12.6836    12.6833    -0.0003     9.9093     9.9090    178.749    182.403      0.478    1452.80    1452.80  0.000e+00
      16480    181.000     6.7675     6.7682     0.0006    1.39175    1.39175          1     0.0242     0.0289      14.68     0.3495     0.2268  1.000e-12  0.6068000    12.6851    12.6848    -0.0003     9.9104     9.9102    179.244    182.907      0.463    1452.81    1452.81  0.000e+00
      16507    181.500     6.7680     6.7687     0.0007    1.39195    1.39195          1     0.0246     0.0280      14.14     0.3624     0.2401  1.000e-12  0.6163000    12.6868    12.6865    -0.0003     9.9117     9.9114    179.739    183.412      0.460    1452.82    1452.82  0.000e+00
      16532    182.000     6.7690     6.7697     0.0007    1.39230    1.39229          1     0.0236     0.0269      13.61     0.3624     0.2343  1.000e-12  0.6175000    12.6898    12.6894    -0.0003     9.9140     9.9137    180.234    183.916      0.493    1452.84    1452.84  0.000e+00
      16556    182.500     6.7698     6.7704     0.0006    1.39258    1.39257          1     0.0226     0.0276      13.12     0.3491     0.2580  1.000e-12  0.6077000    12.6921    12.6919    -0.0003     9.9158     9.9155    180.729    184.420      0.521    1452.85    1452.85  0.000e+00
      16579    183.000     6.7703     6.7709     0.0007    1.39277    1.39276          1     0.0220     0.0295      12.62     0.3555     0.2547  1.000e-12  0.6078000    12.6937    12.6934    -0.0003     9.9170     9.9167    181.224    184.924      0.507    1452.86    1452.86  0.000e+00
      16603    183.500     6.7708     6.7715     0.0007    1.39298    1.39298          1     0.0250     0.0283      12.09     0.3354     0.2440  1.000e-12  0.5800000    12.6956    12.6953    -0.0003     9.9184     9.9181    181.719    185.429      0.479    1452.88    1452.88  0.000e+00
      16629    184.000     6.7710     6.7717     0.0006    1.39310    1.39309          1     0.0247     0.0254      11.56     0.3458     0.2884  1.000e-12  0.6157000    12.6965    12.6962    -0.0004     9.9191     9.9188    182.214    185.933      0.454    1452.89    1452.89  0.000e+00
      16656    184.500     6.7714     6.7720     0.0006    1.39323    1.39323          1     0.0235     0.0284      11.03     0.3463     0.2265  1.000e-12  0.5727000    12.6976    12.6974    -0.0003     9.9199     9.9197    182.709    186.437      0.454    1452.90    1452.90  0.000e+00
      16682    185.000     6.7715     6.7721     0.0006    1.39329    1.39328          1     0.0250     0.0292      10.52     0.3510     0.2212  1.000e-12  0.5628000    12.6980    12.6977    -0.0003     9.9202     9.9199    183.204    186.941      0.468    1452.91    1452.91  0.000e+00
      16707    185.500     6.7716     6.7722     0.0006    1.39334    1.39333          1     0.0249     0.0269      10.01     0.3658     0.2247  1.000e-12  0.5623000    12.6984    12.6981    -0.0002     9.9205     9.9203    183.698    187.446      0.485    1452.91    1452.92  0.000e+00
      16731    186.000     6.7718     6.7725     0.0006    1.39343    1.39342          1     0.0221     0.0278       9.52     0.3452     0.2288  1.000e-12  0.5581000    12.6991    12.6988    -0.0003     9.9211     9.9208    184.193    187.950      0.508    1452.92    1452.93  0.000e+00
      16754    186.500     6.7720     6.7727     0.0007    1.39353    1.39353          1     0.0228     0.0275       9.01     0.3346     0.2213  1.000e-12  0.5687000    12.6999    12.6996    -0.0003     9.9217     9.9214    184.688    188.454      0.504    1452.93    1452.94  0.000e+00
      16779    187.000     6.7722     6.7729     0.0007    1.39364    1.39363          1     0.0240     0.0259       8.47     0.3340     0.2218  1.000e-12  0.5591000    12.7008    12.7005    -0.0003     9.9224     9.9221    185.183    188.959      0.457    1452.94    1452.95  0.000e+00
      16808    187.500     6.7723     6.7729     0.0006    1.39374    1.39373          1     0.0236     0.0278       7.91     0.3425     0.2282  1.000e-12  0.5785000    12.7016    12.7013    -0.0003     9.9230     9.9227    185.678    189.463      0.407    1452.95    1452.96  0.000e+00
      16837    188.000     6.7724     6.7731     0.0007    1.39377    1.39377          1     0.0238     0.0265       7.38     0.3801     0.2499  1.000e-12  0.5854000    12.7019    12.7015    -0.0003     9.9232     9.9229    186.173    189.967      0.447    1452.96    1452.96  0.000e+00
      16862    188.500     6.7725     6.7731     0.0006    1.39382    1.39382          1     0.0238     0.0285       6.92     0.3645     0.2198  1.000e-12  0.5803000    12.7022    12.7020    -0.0002     9.9235     9.9232    186.668    190.471      0.497    1452.97    1452.97  0.000e+00
      16885    189.000     6.7725     6.7732     0.0007    1.39385    1.39385          1     0.0233     0.0251       6.42     0.3484     0.2658  1.000e-12  0.5765000    12.7024    12.7021    -0.0003     9.9236     9.9233    187.163    190.976      0.492    1452.98    1452.98  0.000e+00
      16911    189.500     6.7725     6.7732     0.0007    1.39387    1.39386          1     0.0227     0.0258       5.90     0.3610     0.2076  1.000e-12  0.5762000    12.7025    12.7021    -0.0003     9.9236     9.9233    187.658    191.480      0.444    1452.99    1452.99  0.000e+00
      16997    190.000     6.7723     6.7731     0.0008    1.39381    1.39383          1     0.0234     0.0281       5.09     0.3530     0.2327  1.000e-12  0.5591000    12.7019    12.7018    -0.0001     9.9232     9.9231    188.153    191.984     -0.074    1452.99    1453.00  0.000e+00
