ctdpy/tests/etc/all_smhi_bas_2018/SBE09_0827_20180126_1600_26_01_0220.cnv
* Sea-Bird SBE 9 Data File:
* FileName = D:\CTD_SBE911\DAT\26DA.2018.1.120.hex
* Software Version Seasave V 7.21d
* Temperature SN = 034757
* Conductivity SN = 041844
* Number of Bytes Per Scan = 48
* Number of Voltage Words = 5
* Number of Scans Averaged by the Deck Unit = 1
* NMEA Latitude = 57 10.60 N
* NMEA Longitude = 011 39.44 E
* NMEA UTC (Time) = Jan 26 2018  16:00:30
* NMEA baud rate = 4800
** Ship: DANA
** Average sound velocity: 1471.25 m/s
** True-depth calculation Thu, 28 Mar 2019 08:31:54 +0000
** CTD Python Module SMHI /ver 3-12/ feb 2012 
** LIMS Job: 20182601-0220
** Fladen
** Operator: Ronny Sørensen
** Cruise: 01/2018
# nquan = 26
# nvalues = 133                         
# units = specified
# name 0 = scan: Scan Count
# name 1 = prDM: Pressure, Digiquartz [db]
# name 2 = t090C: Temperature [ITS-90, deg C]
# name 3 = t190C: Temperature, 2 [ITS-90, deg C]
# name 4 = T2-T190C: Temperature Difference, 2 - 1 [ITS-90, deg C]
# name 5 = c0S/m: Conductivity [S/m]
# name 6 = c1S/m: Conductivity, 2 [S/m]
# name 7 = pumps: Pump Status
# name 8 = sbeox1ML/L: Oxygen, SBE 43, 2 [ml/l]
# name 9 = sbeox0ML/L: Oxygen, SBE 43 [ml/l]
# name 10 = altM: Altimeter [m]
# name 11 = chloroflTC0: Chlorophyll, Turner Cyclops [ug/l]
# name 12 = cpar: CPAR/Corrected Irradiance [%]
# name 13 = par: PAR/Irradiance, Biospherical/Lico [µE/(cm^2*s)]
# name 14 = spar: SPAR, Biospherical/Licor
# name 15 = sal00: Salinity, Practical [PSU]
# name 16 = sal11: Salinity, Practical, 2 [PSU]
# name 17 = secS-priS: Salinity, Practical, Difference, 2 - 1 [PSU]
# name 18 = sigma-t00: Density [sigma-t, kg/m^3 ]
# name 19 = sigma-t11: Density, 2 [sigma-t, kg/m^3 ]
# name 20 = depSM: Depth [salt water, m], lat = 57.1767
# name 21 = depFM: Depth [true depth, m], lat = 57.1767
# name 22 = dz/dtM: Descent Rate [m/s], WS = 2
# name 23 = svCM: Sound Velocity [Chen-Millero, m/s]
# name 24 = svCM1: Sound Velocity, 2 [Chen-Millero, m/s]
# name 25 = flag: flag
# span 0 =        330,       9052       
# span 1 =      1.500,     67.500       
# span 2 =     4.3906,     7.3469       
# span 3 =     4.3985,     7.3487       
# span 4 =    -0.4834,     0.3278       
# span 5 =   2.197123,   3.473322       
# span 6 =   2.203493,   3.473994       
# span 7 =          1,          1       
# span 8 =     5.6285,     7.1378       
# span 9 =     5.8290,     7.2891       
# span 10 =       0.02,       9.96      
# span 11 =     0.0194,     0.0577      
# span 12 = 4.9241e-11, 7.0571e+04      
# span 13 = 1.0000e-12, 1.0000e-12      
# span 14 = 5.9763e-01, 2.0308e+00      
# span 15 =    22.4057,    34.0153      
# span 16 =    22.4818,    34.0210      
# span 17 =    -1.4191,     0.0761      
# span 18 =    17.7521,    26.5949      
# span 19 =    17.8129,    26.5991      
# span 20 =      1.486,     66.868      
# span 21 =      1.501,     67.091      
# span 22 =     -0.290,      0.396      
# span 23 =    1452.37,    1479.87      
# span 24 =    1452.43,    1479.88      
# span 25 = 0.0000e+00, 0.0000e+00      
# interval = decibars: 0.5              
# start_time = Jan 26 2018 16:00:31 [NMEA time, first data scan]
# bad_flag = -9.990e-29
*END*
        330      1.500     4.4383     4.4310    -0.0072    2.19712    2.20349          1     7.1378     7.2891       9.96     0.0194  4.924e-11  1.000e-12  2.031e+00    22.4057    22.4818     0.0761    17.7521    17.8129      1.486      1.501      0.144    1452.37    1452.43  0.000e+00
        439      2.000     4.4201     4.4281     0.0079    2.21194    2.20384          1     7.1271     7.2168       9.95     0.0195  4.924e-11  1.000e-12  2.031e+00    22.5834    22.4875    -0.0959    17.8942    17.8177      1.982      2.002      0.140    1452.52    1452.44  0.000e+00
        544      2.500     4.4240     4.4220    -0.0019    2.21193    2.20947          1     7.0960     7.2121       9.96     0.0195  4.924e-11  1.000e-12  2.031e+00    22.5804    22.5543    -0.0261    17.8915    17.8710      2.477      2.502      0.174    1452.54    1452.50  0.000e+00
        631      3.000     4.4275     4.4233    -0.0041    2.20970    2.21138          1     7.0941     7.2304       9.96     0.0195  4.924e-11  1.000e-12  2.031e+00    22.5529    22.5745     0.0216    17.8695    17.8869      2.972      3.002      0.232    1452.53    1452.54  0.000e+00
        691      3.500     4.4238     4.4250     0.0012    2.21560    2.21092          1     7.0913     7.2167       9.96     0.0195  4.924e-11  1.000e-12  2.031e+00    22.6211    22.5680    -0.0530    17.9237    17.8816      3.468      3.502      0.219    1452.61    1452.55  0.000e+00
        741      4.000     4.4230     4.4228    -0.0002    2.21583    2.21452          1     7.1110     7.2251       9.96     0.0195  4.924e-11  1.000e-12  2.031e+00    22.6241    22.6095    -0.0146    17.9262    17.9147      3.963      4.003      0.280    1452.62    1452.60  0.000e+00
        793      4.500     4.4264     4.4221    -0.0042    2.21203    2.21644          1     7.1262     7.2232       9.96     0.0199  4.924e-11  1.000e-12  2.031e+00    22.5791    22.6313     0.0522    17.8903    17.9319      4.459      4.503      0.219    1452.58    1452.63  0.000e+00
        840      5.000     4.4178     4.4240     0.0061    2.22295    2.21439          1     7.0782     7.2099       9.96     0.0216  4.924e-11  1.000e-12  2.031e+00    22.7068    22.6070    -0.0998    17.9921    17.9126      4.954      5.003      0.292    1452.72    1452.62  0.000e+00
        888      5.500     4.4097     4.4218     0.0121    2.23400    2.21559          1     7.0694     7.1773       9.96     0.0220  4.924e-11  1.000e-12  2.031e+00    22.8357    22.6216    -0.2140    18.0947    17.9243      5.449      5.504      0.221    1452.86    1452.64  0.000e+00
        941      6.000     4.3906     4.4156     0.0249    2.26506    2.22288          1     7.0703     7.1425       9.96     0.0222  4.924e-11  1.000e-12  2.031e+00    23.1972    22.7072    -0.4900    18.3825    17.9926      5.945      6.004      0.256    1453.24    1452.73  0.000e+00
        985      6.500     4.4044     4.4086     0.0043    2.33677    2.23231          1     7.0413     7.0898       9.95     0.0230  4.924e-11  1.000e-12  2.031e+00    23.9917    22.8171    -1.1746    19.0107    18.0801      6.440      6.504      0.255    1454.32    1452.84  0.000e+00
       1037      7.000     4.4209     4.3990    -0.0219    2.36466    2.25980          1     7.0314     7.0444       9.96     0.0242  4.924e-11  1.000e-12  2.031e+00    24.2932    23.1314    -1.1619    19.2483    18.3297      6.935      7.003      0.229    1454.79    1453.21  0.000e+00
       1086      7.500     4.4737     4.3985    -0.0751    2.40733    2.30052          1     7.0141     7.0218       9.96     0.0241  4.924e-11  1.000e-12  2.031e+00    24.7343    23.5883    -1.1460    19.5932    18.6916      7.431      7.503      0.252    1455.58    1453.80  0.000e+00
       1133      8.000     4.6317     4.4107    -0.2210    2.46148    2.32242          1     6.9661     6.9747       9.96     0.0244  4.924e-11  1.000e-12  2.031e+00    25.2241    23.8252    -1.3989    19.9678    18.8783      7.926      8.002      0.257    1456.88    1454.16  0.000e+00
       1186      8.500     4.7084     4.4578    -0.2505    2.48429    2.36524          1     6.8929     6.9014       9.96     0.0247  4.924e-11  1.000e-12  2.031e+00    25.4217    24.2720    -1.1498    20.1176    19.2284      8.422      8.502      0.213    1457.47    1454.94  0.000e+00
       1236      9.000     4.7891     4.5739    -0.2156    2.51631    2.42568          1     6.8913     6.8552       9.95     0.0248  4.924e-11  1.000e-12  2.031e+00    25.7186    24.8651    -0.8536    20.3454    19.6885      8.917      9.001      0.273    1458.19    1456.20  0.000e+00
       1280      9.500     5.1151     4.6314    -0.4834    2.60152    2.45220          1     6.8144     6.7663       9.95     0.0245  4.924e-11  1.000e-12  2.031e+00    26.4162    25.1194    -1.2968    20.8669    19.8849      9.412      9.500      0.260    1460.44    1456.77  0.000e+00
       1328     10.000     5.2605     4.7971    -0.4635    2.64427    2.50283          1     6.7546     6.6636       9.96     0.0245  4.924e-11  1.000e-12  2.031e+00    26.7776    25.5608    -1.2168    21.1386    20.2198      9.908      9.999      0.244    1461.51    1458.04  0.000e+00
       1376     10.500     5.2778     4.9752    -0.3025    2.65033    2.55643          1     6.6941     6.6226       9.96     0.0245  4.924e-11  1.000e-12  2.031e+00    26.8310    26.0227    -0.8083    21.1791    20.5690     10.403     10.497      0.261    1461.66    1459.38  0.000e+00
       1422     11.000     5.3404     5.1076    -0.2330    2.68300    2.59709          1     6.6741     6.6298       9.96     0.0248  4.924e-11  1.000e-12  2.031e+00    27.1438    26.3727    -0.7710    21.4201    20.8334     10.899     10.996      0.253    1462.32    1460.38  0.000e+00
       1469     11.500     5.4775     5.1766    -0.3008    2.74980    2.62051          1     6.6145     6.5613       9.95     0.0244  4.924e-11  1.000e-12  2.031e+00    27.7748    26.5791    -1.1956    21.9046    20.9900     11.394     11.494      0.265    1463.69    1460.94  0.000e+00
       1515     12.000     5.4807     5.2292    -0.2513    2.75123    2.63971          1     6.5734     6.5394       9.96     0.0247  4.924e-11  1.000e-12  2.031e+00    27.7879    26.7510    -1.0369    21.9146    21.1207     11.889     11.993      0.255    1463.73    1461.38  0.000e+00
       1562     12.500     5.6110     5.3167    -0.2943    2.81619    2.67378          1     6.5313     6.5106       9.96     0.0251  4.924e-11  1.000e-12  2.031e+00    28.4008    27.0599    -1.3409    22.3850    21.3562     12.385     12.491      0.260    1465.05    1462.14  0.000e+00
       1609     13.000     5.7011     5.3947    -0.3066    2.85587    2.70521          1     6.4868     6.4800       9.96     0.0300  4.924e-11  1.000e-12  2.031e+00    28.7652    27.3461    -1.4191    22.6630    21.5744     12.880     12.989      0.249    1465.88    1462.83  0.000e+00
       1656     13.500     5.6968     5.5577    -0.1393    2.85394    2.77985          1     6.4281     6.4410       9.96     0.0257  4.924e-11  1.000e-12  2.031e+00    28.7471    28.0414    -0.7057    22.6492    22.1069     13.375     13.487      0.261    1465.85    1464.39  0.000e+00
       1701     14.000     5.7507     5.6289    -0.1219    2.88271    2.82279          1     6.3351     6.4303       9.95     0.0267  4.924e-11  1.000e-12  2.031e+00    29.0199    28.4585    -0.5614    22.8586    22.4287     13.871     13.985      0.278    1466.42    1465.22  0.000e+00
       1744     14.500     5.8937     5.7473    -0.1464    2.94378    2.86742          1     6.3013     6.3788       9.95     0.0267  4.924e-11  1.000e-12  2.031e+00    29.5736    28.8530    -0.7206    23.2798    22.7272     14.366     14.483      0.262    1467.71    1466.20  0.000e+00
       1794     15.000     5.9349     5.8893    -0.0455    2.96745    2.93744          1     6.2487     6.3467       9.95     0.0272  4.924e-11  1.000e-12  2.031e+00    29.7997    29.5069    -0.2928    23.4535    23.2276     14.861     14.980      0.236    1468.17    1467.61  0.000e+00
       1843     15.500     5.9410     5.9212    -0.0199    2.97285    2.96005          1     6.1832     6.3525       9.96     0.0281  4.924e-11  1.000e-12  2.031e+00    29.8539    29.7295    -0.1244    23.4956    23.3997     15.357     15.478      0.255    1468.27    1468.03  0.000e+00
       1889     16.000     5.9628     5.9453    -0.0175    2.98806    2.97443          1     6.1691     6.3369       9.95     0.0273  4.924e-11  1.000e-12  2.031e+00    30.0031    29.8675    -0.1356    23.6108    23.5058     15.852     15.976      0.256    1468.55    1468.31  0.000e+00
       1941     16.500     5.9604     5.9522    -0.0083    2.99225    2.98457          1     6.2100     6.3343       9.96     0.0294  4.924e-11  1.000e-12  2.031e+00    30.0515    29.9737    -0.0778    23.6493    23.5888     16.348     16.473      0.223    1468.61    1468.48  0.000e+00
       1990     17.000     5.9801     5.9635    -0.0165    3.00544    2.99333          1     6.1879     6.2807       9.95     0.0293  4.924e-11  1.000e-12  2.031e+00    30.1800    30.0605    -0.1196    23.7485    23.6560     16.843     16.971      0.263    1468.86    1468.64  0.000e+00
       2035     17.500     6.0089     5.9792    -0.0296    3.02963    3.00367          1     6.1614     6.2752       9.95     0.0276  4.924e-11  1.000e-12  2.031e+00    30.4223    30.1609    -0.2614    23.9363    23.7335     17.338     17.468      0.267    1469.29    1468.84  0.000e+00
       2081     18.000     5.9357     6.0226     0.0867    3.18013    3.09725          1     6.2151     6.2299       9.96     0.0290  4.924e-11  1.000e-12  2.031e+00    32.1692    31.1618    -1.0074    25.3240    24.5184     17.834     17.965      0.252    1471.21    1470.28  0.000e+00
       2128     18.500     5.3839     5.7120     0.3278    3.17033    3.15174          1     6.1686     6.4031       9.95     0.0335  4.924e-11  1.000e-12  2.031e+00    32.5874    32.0618    -0.5256    25.7196    25.2658     18.329     18.462      0.264    1469.52    1470.18  0.000e+00
       2175     19.000     5.2407     5.4101     0.1696    3.16086    3.15947          1     6.2168     6.4479       9.95     0.0342  4.924e-11  1.000e-12  2.031e+00    32.6186    32.4383    -0.1803    25.7607    25.5986     18.824     18.958      0.238    1468.99    1469.45  0.000e+00
       2228     19.500     5.2557     5.3132     0.0576    3.16829    3.16505          1     6.2575     6.4349       9.95     0.0345  4.924e-11  1.000e-12  2.031e+00    32.6887    32.5957    -0.0930    25.8144    25.7343     19.320     19.454      0.239    1469.15    1469.26  0.000e+00
       2274     20.000     5.2806     5.2935     0.0129    3.17303    3.17064          1     6.2948     6.4144       9.95     0.0352  4.924e-11  1.000e-12  2.031e+00    32.7182    32.6783    -0.0399    25.8349    25.8019     19.815     19.951      0.265    1469.29    1469.30  0.000e+00
       2322     20.500     5.3202     5.3027    -0.0175    3.18053    3.17417          1     6.3029     6.4104       9.95     0.0351  4.924e-11  1.000e-12  2.031e+00    32.7648    32.7094    -0.0555    25.8674    25.8255     20.310     20.447      0.234    1469.52    1469.38  0.000e+00
       2372     21.000     5.3967     5.3258    -0.0709    3.19169    3.17858          1     6.2673     6.3806       9.95     0.0323  4.924e-11  1.000e-12  2.031e+00    32.8169    32.7369    -0.0800    25.8997    25.8446     20.806     20.944      0.262    1469.91    1469.52  0.000e+00
       2417     21.500     5.4267     5.3710    -0.0557    3.19583    3.18596          1     6.1926     6.3663       9.95     0.0327  4.924e-11  1.000e-12  2.031e+00    32.8343    32.7765    -0.0578    25.9100    25.8707     21.301     21.440      0.262    1470.06    1469.76  0.000e+00
       2465     22.000     5.4516     5.4113    -0.0404    3.19984    3.19249          1     6.1850     6.3595       9.95     0.0336  4.924e-11  1.000e-12  2.031e+00    32.8553    32.8112    -0.0441    25.9237    25.8936     21.796     21.937      0.239    1470.19    1469.97  0.000e+00
       2516     22.500     5.5214     5.4577    -0.0637    3.21124    3.19935          1     6.1834     6.3282       9.95     0.0330  4.924e-11  1.000e-12  2.031e+00    32.9163    32.8435    -0.0727    25.9638    25.9137     22.292     22.433      0.235    1470.56    1470.21  0.000e+00
       2567     23.000     5.6170     5.5315    -0.0855    3.22697    3.21084          1     6.1150     6.3360       9.95     0.0338  4.924e-11  1.000e-12  2.031e+00    33.0008    32.9016    -0.0992    26.0194    25.9510     22.787     22.929      0.229    1471.06    1470.59  0.000e+00
       2618     23.500     5.7053     5.6428    -0.0625    3.24037    3.22688          1     6.0983     6.3345       9.95     0.0341  4.924e-11  1.000e-12  2.031e+00    33.0655    32.9741    -0.0913    26.0600    25.9953     23.283     23.426      0.258    1471.51    1471.14  0.000e+00
       2663     24.000     5.7293     5.6975    -0.0318    3.24563    3.23712          1     6.1342     6.3048       9.95     0.0360  4.924e-11  1.000e-12  2.031e+00    33.1012    33.0361    -0.0651    26.0854    26.0378     23.778     23.922      0.256    1471.66    1471.45  0.000e+00
       2713     24.500     5.7349     5.7249    -0.0099    3.24716    3.24379          1     6.1298     6.3039       9.95     0.0408  4.924e-11  1.000e-12  2.031e+00    33.1127    33.0844    -0.0283    26.0938    26.0726     24.273     24.418      0.232    1471.70    1471.63  0.000e+00
       2762     25.000     5.7539     5.7390    -0.0149    3.25070    3.24662          1     6.1480     6.2955       9.95     0.0413  4.924e-11  1.000e-12  2.031e+00    33.1338    33.1023    -0.0315    26.1082    26.0851     24.769     24.915      0.267    1471.81    1471.71  0.000e+00
       2810     25.500     5.7757     5.7567    -0.0190    3.25485    3.25042          1     6.1186     6.2989       9.95     0.0416  4.924e-11  1.000e-12  2.031e+00    33.1590    33.1276    -0.0314    26.1255    26.1029     25.264     25.411      0.216    1471.94    1471.82  0.000e+00
       2868     26.000     5.8102     5.7951    -0.0151    3.25997    3.25620          1     6.0861     6.2958       9.95     0.0417  4.924e-11  1.000e-12  2.031e+00    33.1827    33.1550    -0.0277    26.1400    26.1199     25.759     25.907      0.241    1472.12    1472.02  0.000e+00
       2917     26.500     5.8171     5.8121    -0.0049    3.26213    3.25992          1     6.1074     6.2937       9.95     0.0422  4.924e-11  1.000e-12  2.031e+00    33.1999    33.1799    -0.0200    26.1528    26.1376     26.255     26.404      0.219    1472.18    1472.13  0.000e+00
       2974     27.000     5.8101     5.8119     0.0017    3.26160    3.26120          1     6.1289     6.2995       9.95     0.0419  4.924e-11  1.000e-12  2.031e+00    33.2006    33.1943    -0.0063    26.1542    26.1490     26.750     26.900      0.241    1472.16    1472.15  0.000e+00
       3017     27.500     5.7999     5.8043     0.0045    3.26068    3.26078          1     6.1455     6.3042       9.95     0.0424  4.924e-11  1.000e-12  2.031e+00    33.2000    33.1967    -0.0033    26.1550    26.1518     27.245     27.396      0.279    1472.12    1472.14  0.000e+00
       3068     28.000     5.7891     5.7914     0.0023    3.25978    3.25982          1     6.1283     6.3032       9.96     0.0436  4.924e-11  1.000e-12  2.031e+00    33.2002    33.1984    -0.0018    26.1564    26.1547     27.741     27.892      0.204    1472.09    1472.09  0.000e+00
       3127     28.500     5.7815     5.7836     0.0020    3.25910    3.25919          1     6.1129     6.3086       9.95     0.0433  4.924e-11  1.000e-12  2.031e+00    33.1998    33.1987    -0.0011    26.1570    26.1559     28.236     28.389      0.217    1472.06    1472.07  0.000e+00
