ctdpy/tests/etc/all_smhi_bas_2018/SBE09_1044_20181205_0925_34_01_0152.cnv
* Sea-Bird SBE 9 Data File:
* FileName = C:\ctd\temp\ar18d152.hex
* Software Version Seasave V 7.26.7.107
* Temperature SN = 5351
* Conductivity SN = 3941
* Number of Bytes Per Scan = 41
* Number of Voltage Words = 4
* Number of Scans Averaged by the Deck Unit = 1
* NMEA Latitude = 57 59.89 N
* NMEA Longitude = 019 52.78 E
* NMEA UTC (Time) = Dec 05 2018  09:25:31
* NMEA baud rate = 4800
** Station:  BY20
** Operator:  ASkj
** Ship: ARANDA
** Average sound velocity: 1444.53 m/s
** True-depth calculation Sun, 09 Dec 2018 13:44:05 +0000
** CTD Python Module SMHI /ver 3-12/ feb 2012 
** LIMS Job: 20183401-0152
** Cruise: SMHI-7-2018
** Latitude [GG MM.mm N]:
** Longitude [GG MM.mm E]
# nquan = 26
# nvalues = 376                         
# units = specified
# name 0 = scan: Scan Count
# name 1 = prDM: Pressure, Digiquartz [db]
# name 2 = t090C: Temperature [ITS-90, deg C]
# name 3 = t190C: Temperature, 2 [ITS-90, deg C]
# name 4 = T2-T190C: Temperature Difference, 2 - 1 [ITS-90, deg C]
# name 5 = c0S/m: Conductivity [S/m]
# name 6 = c1S/m: Conductivity, 2 [S/m]
# name 7 = pumps: Pump Status
# name 8 = sbeox0ML/L: Oxygen, SBE 43 [ml/l]
# name 9 = sbeox1ML/L: Oxygen, SBE 43, 2 [ml/l]
# name 10 = altM: Altimeter [m]
# name 11 = flECO-AFL: Chl-a Fluorescence, WET Labs ECO-AFL/FL [mg/m^3]
# name 12 = flECO-AFL1: Phycocyanin Fluorescence, WET Labs ECO-AFL/FL, 2 [mg/m^3]
# name 13 = par: PAR/Irradiance, Biospherical/Lico [µE/(cm^2*s)]
# name 14 = turbWETntu0: Turbidity, WET Labs ECO [NTU]
# name 15 = sal00: Salinity, Practical [PSU]
# name 16 = sal11: Salinity, Practical, 2 [PSU]
# name 17 = secS-priS: Salinity, Practical, Difference, 2 - 1 [PSU]
# name 18 = sigma-t00: Density [sigma-t, Kg/m^3 ]
# name 19 = sigma-t11: Density, 2 [sigma-t, Kg/m^3 ]
# name 20 = depSM: Depth [salt water, m], lat = 57.9982
# name 21 = depFM: Depth [true depth, m], lat = 57.9982
# name 22 = dz/dtM: Descent Rate [m/s], WS = 2
# name 23 = svCM: Sound Velocity [Chen-Millero, m/s]
# name 24 = svCM1: Sound Velocity, 2 [Chen-Millero, m/s]
# name 25 = flag: flag
# span 0 =      43613,      54070       
# span 1 =      1.000,    188.500       
# span 2 =     4.0717,     6.6869       
# span 3 =     4.0729,     6.6877       
# span 4 =    -0.0274,     0.0200       
# span 5 =   0.796524,   1.367945       
# span 6 =   0.796507,   1.367927       
# span 7 =          1,          1       
# span 8 =    0.02761,    7.87426       
# span 9 =    1.47990,    6.63088       
# span 10 =       5.70,     104.77      
# span 11 =     0.2724,     0.6079      
# span 12 =     0.1336,     0.3215      
# span 13 = -2.155e-07, 3.5409e+02      
# span 14 =     0.1946,     1.9502      
# span 15 =     7.1516,    12.4780      
# span 16 =     7.1511,    12.4775      
# span 17 =    -0.0388,     0.0317      
# span 18 =     5.6145,     9.7541      
# span 19 =     5.6140,     9.7537      
# span 20 =      0.991,    186.668      
# span 21 =      1.013,    190.495      
# span 22 =     -0.011,      1.420      
# span 23 =    1433.19,    1452.33      
# span 24 =    1433.20,    1452.33      
# span 25 = 0.0000e+00, 0.0000e+00      
# interval = decibars: 0.5              
# start_time = Dec 05 2018 09:25:31 [NMEA time, first data scan]
# bad_flag = -9.990e-29
*END*
[from data line 112]
      48106     57.000     4.0997     4.1003     0.0006    0.85001    0.84998          1     3.9885     5.1814      62.90     0.2807     0.1930  1.000e-12  0.2317000     8.0830     8.0825    -0.0005     6.4226     6.4222     56.464     57.725      0.382    1433.48    1433.48  0.000e+00
      48132     57.500     4.1125     4.1136     0.0011    0.85288    0.85282          1     3.9104     5.1276      97.04     0.2724     0.2216  1.000e-12  0.2582000     8.1091     8.1082    -0.0009     6.4430     6.4422     56.959     58.231      0.495    1433.58    1433.58  0.000e+00
      48155     58.000     4.1251     4.1263     0.0013    0.85591    0.85584          1     3.8325     5.0703      97.50     0.2811     0.1645  1.000e-12  0.2975000     8.1369     8.1359    -0.0010     6.4647     6.4638     57.454     58.737      0.520    1433.68    1433.68  0.000e+00
      48178     58.500     4.1430     4.1444     0.0014    0.85986    0.85980          1     3.7594     5.0198      97.49     0.2852     0.2349  1.000e-12  0.2905000     8.1727     8.1718    -0.0009     6.4926     6.4918     57.950     59.243      0.547    1433.81    1433.81  0.000e+00
      48199     59.000     4.1599     4.1611     0.0012    0.86350    0.86343          1     3.6592     4.9750      75.77     0.2854     0.1935  1.000e-12  0.2974000     8.2056     8.2046    -0.0010     6.5182     6.5174     58.445     59.749      0.657    1433.93    1433.94  0.000e+00
      48216     59.500     4.2104     4.2090    -0.0014    0.87209    0.87189          1     3.5215     4.9481      82.88     0.2855     0.1666  1.000e-12  0.3353000     8.2807     8.2789    -0.0018     6.5762     6.5749     58.940     60.254      0.754    1434.27    1434.26  0.000e+00
      48231     60.000     4.2706     4.2710     0.0004    0.88153    0.88145          1     3.3742     4.9162      46.76     0.2958     0.2420  1.000e-12  0.2724000     8.3617     8.3608    -0.0010     6.6387     6.6379     59.435     60.760      0.723    1434.65    1434.65  0.000e+00
      48250     60.500     4.2859     4.2864     0.0006    0.88425    0.88413          1     3.2285     4.8681      94.39     0.3035     0.2219  1.000e-12  0.2352000     8.3855     8.3841    -0.0014     6.6571     6.6560     59.931     61.266      0.495    1434.75    1434.75  0.000e+00
      48288     61.000     4.3059     4.3056    -0.0003    0.88828    0.88799          1     3.0711     4.7838      97.49     0.3115     0.2084  1.000e-12  0.2602000     8.4214     8.4186    -0.0028     6.6849     6.6827     60.426     61.772      0.311    1434.90    1434.89  0.000e+00
      48316     61.500     4.3721     4.3721     0.0000    0.90031    0.89994          1     2.8851     4.7153      76.15     0.2755     0.2295  1.000e-12  0.2217000     8.5270     8.5232    -0.0038     6.7665     6.7635     60.921     62.278      0.550    1435.33    1435.33  0.000e+00
      48336     62.000     4.4102     4.4111     0.0009    0.90702    0.90678          1     2.7347     4.6741      62.00     0.2878     0.2272  1.000e-12  0.2343000     8.5854     8.5827    -0.0027     6.8115     6.8093     61.416     62.784      0.631    1435.59    1435.59  0.000e+00
      48354     62.500     4.4358     4.4375     0.0017    0.91133    0.91119          1     2.6019     4.6362      76.98     0.2840     0.2250  1.000e-12  0.2414000     8.6226     8.6207    -0.0019     6.8401     6.8385     61.912     63.290      0.640    1435.76    1435.76  0.000e+00
      48373     63.000     4.4793     4.4806     0.0012    0.91948    0.91921          1     2.4627     4.5939      97.85     0.2854     0.2192  1.000e-12  0.2486000     8.6940     8.6909    -0.0031     6.8952     6.8927     62.407     63.796      0.625    1436.05    1436.05  0.000e+00
      48393     63.500     4.5136     4.5154     0.0017    0.92540    0.92529          1     2.3319     4.5554      97.39     0.3072     0.2206  1.000e-12  0.2548000     8.7451     8.7435    -0.0016     6.9344     6.9331     62.902     64.301      0.581    1436.27    1436.28  0.000e+00
      48416     64.000     4.5346     4.5350     0.0003    0.92891    0.92870          1     2.2261     4.5033      97.30     0.3073     0.2582  1.000e-12  0.2588000     8.7751     8.7730    -0.0022     6.9575     6.9558     63.397     64.807      0.449    1436.41    1436.41  0.000e+00
      48451     64.500     4.5544     4.5531    -0.0014    0.93204    0.93148          1     2.1450     4.4210      92.39     0.2882     0.1991  1.000e-12  0.2200000     8.8016     8.7964    -0.0053     6.9778     6.9736     63.892     65.313      0.319    1436.54    1436.53  0.000e+00
      48484     65.000     4.5761     4.5766     0.0005    0.93568    0.93544          1     2.0822     4.3312      35.46     0.2824     0.1768  1.000e-12  0.2259000     8.8328     8.8302    -0.0026     7.0016     6.9996     64.388     65.819      0.510    1436.69    1436.68  0.000e+00
      48503     65.500     4.6062     4.6089     0.0026    0.94131    0.94149          1     2.0096     4.2876      99.41     0.2824     0.1796  1.000e-12  0.2218000     8.8819     8.8830     0.0011     7.0393     7.0401     64.883     66.324      0.714    1436.89    1436.90  0.000e+00
      48518     66.000     4.6173     4.6182     0.0009    0.94476    0.94476          1     1.9349     4.2576      92.97     0.3216     0.2446  1.000e-12  0.2415000     8.9138     8.9136    -0.0003     7.0643     7.0640     65.378     66.830      0.807    1436.99    1436.99  0.000e+00
      48532     66.500     4.6404     4.6375    -0.0029    0.94853    0.94804          1     1.8450     4.2265      96.02     0.3153     0.2264  1.000e-12  0.2185000     8.9458     8.9417    -0.0041     7.0887     7.0855     65.873     67.336      0.789    1437.14    1437.12  0.000e+00
      48549     67.000     4.6987     4.6969    -0.0018    0.95856    0.95801          1     1.7223     4.1872      60.60     0.3092     0.1790  1.000e-12  0.1958000     9.0318     9.0267    -0.0051     7.1545     7.1505     66.368     67.841      0.635    1437.51    1437.50  0.000e+00
      48579     67.500     4.7283     4.7282    -0.0001    0.96398    0.96370          1     1.5541     4.1145      95.60     0.3088     0.1921  1.000e-12  0.2457000     9.0787     9.0758    -0.0028     7.1904     7.1882     66.864     68.347      0.317    1437.71    1437.71  0.000e+00
      48625     68.000     4.7705     4.7741     0.0036    0.97117    0.97154          1     1.3978     4.0086      95.50     0.3091     0.2067  1.000e-12  0.2528000     9.1399     9.1427     0.0028     7.2371     7.2392     67.359     68.853      0.447    1437.98    1438.00  0.000e+00
      48643     68.500     4.8043     4.8058     0.0015    0.97607    0.97599          1     1.3177     3.9628      91.40     0.3091     0.2129  1.000e-12  0.2275000     9.1801     9.1790    -0.0011     7.2676     7.2666     67.854     69.358      0.733    1438.19    1438.20  0.000e+00
      48658     69.000     4.8145     4.8156     0.0011    0.97758    0.97758          1     1.2670     3.9338      97.59     0.3047     0.2060  1.000e-12  0.2513000     9.1925     9.1922    -0.0003     7.2770     7.2767     68.349     69.864      0.852    1438.26    1438.26  0.000e+00
      48671     69.500     4.8294     4.8304     0.0009    0.98017    0.98012          1     1.2344     3.9084      97.57     0.2979     0.1945  1.000e-12  0.2976000     9.2146     9.2138    -0.0007     7.2938     7.2932     68.844     70.369      0.872    1438.36    1438.36  0.000e+00
      48685     70.000     4.8341     4.8350     0.0009    0.98091    0.98088          1     1.2079     3.8775      97.55     0.2913     0.1914  1.000e-12  0.2563000     9.2207     9.2202    -0.0005     7.2984     7.2980     69.339     70.875      0.800    1438.40    1438.40  0.000e+00
      48701     70.500     4.8418     4.8432     0.0015    0.98217    0.98217          1     1.1850     3.8391      97.53     0.2868     0.1504  1.000e-12  0.2111000     9.2313     9.2308    -0.0004     7.3065     7.3061     69.835     71.381      0.620    1438.45    1438.46  0.000e+00
      48737     71.000     4.8571     4.8565    -0.0006    0.98467    0.98434          1     1.1423     3.7542      97.55     0.3285     0.1967  1.000e-12  0.2191000     9.2523     9.2491    -0.0032     7.3224     7.3199     70.330     71.886      0.308    1438.55    1438.55  0.000e+00
      48795     71.500     4.8782     4.8755    -0.0028    0.98833    0.98753          1     1.0659     3.6055      57.61     0.3316     0.1893  1.000e-12  0.2329000     9.2833     9.2759    -0.0074     7.3461     7.3404     70.825     72.392      0.551    1438.70    1438.67  0.000e+00
      48809     72.000     4.9189     4.9160    -0.0028    0.99653    0.99592          1     0.9921     3.5783      66.24     0.3151     0.1777  1.000e-12  0.2449000     9.3548     9.3494    -0.0054     7.4009     7.3967     71.320     72.897      0.864    1438.97    1438.95  0.000e+00
      48821     72.500     4.9567     4.9561    -0.0005    1.00261    1.00234          1     0.9117     3.5541      97.06     0.2863     0.1884  1.000e-12  0.2865000     9.4056     9.4030    -0.0025     7.4393     7.4374     71.816     73.403      1.017    1439.21    1439.20  0.000e+00
      48832     73.000     4.9818     4.9815    -0.0004    1.00670    1.00641          1     0.8305     3.5314      97.56     0.2858     0.2330  1.000e-12  0.2842000     9.4398     9.4369    -0.0028     7.4653     7.4630     72.311     73.908      1.071    1439.37    1439.37  0.000e+00
      48843     73.500     5.0232     5.0218    -0.0013    1.01328    1.01288          1     0.7447     3.5167      97.58     0.2847     0.2333  1.000e-12  0.2194000     9.4944     9.4907    -0.0037     7.5065     7.5037     72.806     74.414      1.029    1439.63    1439.62  0.000e+00
      48855     74.000     5.0703     5.0686    -0.0017    1.02060    1.02027          1     0.6554     3.4946      97.54     0.2856     0.2320  1.000e-12  0.2106000     9.5548     9.5519    -0.0028     7.5521     7.5499     73.301     74.919      0.881    1439.92    1439.91  0.000e+00
      48871     74.500     5.0932     5.0934     0.0002    1.02441    1.02422          1     0.5604     3.4652      72.15     0.3067     0.2242  1.000e-12  0.1946000     9.5865     9.5846    -0.0020     7.5761     7.5746     73.796     75.425      0.591    1440.07    1440.07  0.000e+00
      48932     75.000     5.0906     5.0955     0.0052    1.02421    1.02476          1     0.5054     3.3286      99.25     0.2990     0.2193  1.000e-12  0.2175000     9.5852     9.5894     0.0041     7.5752     7.5783     74.291     75.930      0.333    1440.06    1440.09  0.000e+00
      48980     75.500     5.1228     5.1193    -0.0038    1.02927    1.02861          1     0.4812     3.2247      97.57     0.3124     0.2315  1.000e-12  0.2353000     9.6269     9.6212    -0.0057     7.6067     7.6023     74.787     76.435      0.856    1440.27    1440.24  0.000e+00
      48990     76.000     5.1316     5.1320     0.0004    1.03065    1.03053          1     0.4398     3.2099      97.58     0.3103     0.2215  1.000e-12  0.2392000     9.6382     9.6369    -0.0014     7.6152     7.6141     75.282     76.941      1.175    1440.33    1440.33  0.000e+00
      48999     76.500     5.1529     5.1526    -0.0004    1.03494    1.03456          1     0.4009     3.1962      97.61     0.3122     0.2218  1.000e-12  0.2473000     9.6752     9.6715    -0.0038     7.6433     7.6404     75.777     77.446      1.354    1440.47    1440.47  0.000e+00
      49007     77.000     5.1802     5.1806     0.0004    1.03965    1.03950          1     0.3663     3.1805      97.56     0.3106     0.2085  1.000e-12  0.2474000     9.7147     9.7131    -0.0017     7.6733     7.6719     76.272     77.952      1.420    1440.65    1440.65  0.000e+00
      49015     77.500     5.1927     5.1936     0.0010    1.04167    1.04163          1     0.3353     3.1698      97.60     0.3122     0.1923  1.000e-12  0.2508000     9.7314     9.7306    -0.0008     7.6858     7.6852     76.767     78.457      1.373    1440.74    1440.74  0.000e+00
      49023     78.000     5.2008     5.2014     0.0006    1.04296    1.04287          1     0.3017     3.1572      35.67     0.3116     0.1925  1.000e-12  0.2647000     9.7419     9.7408    -0.0010     7.6937     7.6928     77.263     78.962      1.183    1440.79    1440.79  0.000e+00
      49036     78.500     5.2155     5.2155     0.0000    1.04557    1.04535          1     0.2736     3.1351      52.56     0.3124     0.1831  1.000e-12  0.2785000     9.7638     9.7616    -0.0022     7.7103     7.7086     77.758     79.468      0.713    1440.89    1440.89  0.000e+00
      49140     79.000     5.2365     5.2158    -0.0213    1.04923    1.04513          1     0.2253     2.9187     101.29     0.3011     0.2013  1.000e-12  0.2522000     9.7944     9.7592    -0.0352     7.7334     7.7067     78.253     79.973      1.009    1441.03    1440.89  0.000e+00
      49150     79.500     5.2892     5.2612    -0.0274    1.05825    1.05358          1     0.1912     2.9047      97.57     0.3135     0.2073  1.000e-12  0.2665000     9.8696     9.8308    -0.0388     7.7902     7.7609     78.748     80.479      1.267    1441.36    1441.19  0.000e+00
      49159     80.000     5.3191     5.3200     0.0009    1.06308    1.06299          1     0.1602     2.8953      97.61     0.3137     0.2074  1.000e-12  0.2639000     9.9093     9.9081    -0.0012     7.8200     7.8190     79.243     80.984      1.376    1441.55    1441.55  0.000e+00
      49167     80.500     5.3291     5.3297     0.0006    1.06543    1.06530          1     0.1344     2.8827      97.61     0.3132     0.2633  1.000e-12  0.2813000     9.9299     9.9284    -0.0014     7.8357     7.8345     79.738     81.489      1.388    1441.63    1441.63  0.000e+00
      49175     81.000     5.3402     5.3403     0.0000    1.06750    1.06729          1     0.1181     2.8697      97.61     0.3137     0.2746  1.000e-12  0.3491000     9.9473     9.9452    -0.0022     7.8489     7.8472     80.234     81.995      1.296    1441.71    1441.70  0.000e+00
      49185     81.500     5.3613     5.3618     0.0005    1.07050    1.07043          1     0.1010     2.8538      97.59     0.3103     0.2746  1.000e-12  0.3542000     9.9711     9.9703    -0.0008     7.8666     7.8660     80.729     82.500      1.072    1441.83    1441.83  0.000e+00
      49207     82.000     5.3798     5.3807     0.0009    1.07344    1.07334          1     0.0930     2.8202      97.57     0.3356     0.2803  1.000e-12  0.4240000     9.9951     9.9938    -0.0013     7.8846     7.8835     81.224     83.005      0.590    1441.95    1441.95  0.000e+00
      49305     82.500     5.3960     5.3924    -0.0035    1.07571    1.07500          1     0.0887     2.6501      97.60     0.3236     0.1597  1.000e-12  0.3729000    10.0129    10.0070    -0.0060     7.8978     7.8933     81.719     83.510      0.709    1442.05    1442.03  0.000e+00
      49316     83.000     5.4094     5.4084    -0.0011    1.07816    1.07786          1     0.0850     2.6373      97.57     0.3257     0.1651  1.000e-12  0.3763000    10.0335    10.0308    -0.0028     7.9133     7.9112     82.214     84.016      1.004    1442.15    1442.14  0.000e+00
      49327     83.500     5.4356     5.4357     0.0001    1.08294    1.08270          1     0.0847     2.6227      52.59     0.3361     0.1922  1.000e-12  0.4727000    10.0736    10.0711    -0.0025     7.9436     7.9416     82.709     84.521      1.153    1442.32    1442.32  0.000e+00
      49336     84.000     5.4692     5.4694     0.0002    1.08831    1.08819          1     0.0833     2.6096      39.91     0.3348     0.1925  1.000e-12  0.4858000    10.1173    10.1160    -0.0013     7.9762     7.9752     83.205     85.026      1.192    1442.53    1442.52  0.000e+00
