ctdpy/tests/etc/all_smhi_bas_2018/SBE09_1044_20181207_0008_34_01_0160.cnv
* Sea-Bird SBE 9 Data File:
* FileName = C:\ctd\temp\ar18d160.hex
* Software Version Seasave V 7.26.7.107
* Temperature SN = 5351
* Conductivity SN = 3941
* Number of Bytes Per Scan = 41
* Number of Voltage Words = 4
* Number of Scans Averaged by the Deck Unit = 1
* NMEA Latitude = 55 00.98 N
* NMEA Longitude = 013 18.06 E
* NMEA UTC (Time) = Dec 07 2018  00:08:53
* NMEA baud rate = 4800
** Station:  BY1
** Operator:  JKro
** Ship: ARANDA
** Average sound velocity: 1449.10 m/s
** True-depth calculation Sun, 09 Dec 2018 15:04:12 +0000
** CTD Python Module SMHI /ver 3-12/ feb 2012 
** LIMS Job: 20183401-0160
** Cruise: SMHI-7-2018
** Latitude [GG MM.mm N]:
** Longitude [GG MM.mm E]
# nquan = 26
# nvalues = 79                          
# units = specified
# name 0 = scan: Scan Count
# name 1 = prDM: Pressure, Digiquartz [db]
# name 2 = t090C: Temperature [ITS-90, deg C]
# name 3 = t190C: Temperature, 2 [ITS-90, deg C]
# name 4 = T2-T190C: Temperature Difference, 2 - 1 [ITS-90, deg C]
# name 5 = c0S/m: Conductivity [S/m]
# name 6 = c1S/m: Conductivity, 2 [S/m]
# name 7 = pumps: Pump Status
# name 8 = sbeox0ML/L: Oxygen, SBE 43 [ml/l]
# name 9 = sbeox1ML/L: Oxygen, SBE 43, 2 [ml/l]
# name 10 = altM: Altimeter [m]
# name 11 = flECO-AFL: Chl-a Fluorescence, WET Labs ECO-AFL/FL [mg/m^3]
# name 12 = flECO-AFL1: Phycocyanin Fluorescence, WET Labs ECO-AFL/FL, 2 [mg/m^3]
# name 13 = par: PAR/Irradiance, Biospherical/Lico [µE/(cm^2*s)]
# name 14 = turbWETntu0: Turbidity, WET Labs ECO [NTU]
# name 15 = sal00: Salinity, Practical [PSU]
# name 16 = sal11: Salinity, Practical, 2 [PSU]
# name 17 = secS-priS: Salinity, Practical, Difference, 2 - 1 [PSU]
# name 18 = sigma-t00: Density [sigma-t, Kg/m^3 ]
# name 19 = sigma-t11: Density, 2 [sigma-t, Kg/m^3 ]
# name 20 = depSM: Depth [salt water, m], lat = 55.0163
# name 21 = depFM: Depth [true depth, m], lat = 55.0163
# name 22 = dz/dtM: Descent Rate [m/s], WS = 2
# name 23 = svCM: Sound Velocity [Chen-Millero, m/s]
# name 24 = svCM1: Sound Velocity, 2 [Chen-Millero, m/s]
# name 25 = flag: flag
# span 0 =      24290,      28851       
# span 1 =      1.500,     40.500       
# span 2 =     7.1524,     8.4644       
# span 3 =     7.1535,     8.4647       
# span 4 =    -0.0247,     0.0168       
# span 5 =   0.974539,   2.643041       
# span 6 =   0.974519,   2.638302       
# span 7 =          1,          1       
# span 8 =    6.21498,    7.81733       
# span 9 =    6.22099,    7.83394       
# span 10 =       2.73,      42.53      
# span 11 =     0.5249,     1.0575      
# span 12 =     0.2329,     0.3938      
# span 13 = -1.513e-04, 1.3988e-02      
# span 14 =     0.3598,     4.5055      
# span 15 =     8.5362,    24.3735      
# span 16 =     8.5357,    24.3240      
# span 17 =    -0.0624,     0.2974      
# span 18 =     6.6177,    18.8833      
# span 19 =     6.6173,    18.8444      
# span 20 =      1.486,     40.131      
# span 21 =      1.518,     40.946      
# span 22 =     -0.084,      0.773      
# span 23 =    1446.80,    1471.78      
# span 24 =    1446.81,    1471.74      
# span 25 = 0.0000e+00, 0.0000e+00      
# interval = decibars: 0.5              
# start_time = Dec 07 2018 00:08:54 [NMEA time, first data scan]
# bad_flag = -9.990e-29
*END*
[from data line 56]
      26177     29.500     7.1569     7.1624     0.0054    0.98440    0.98450          1     7.8070     7.8156      14.38     0.7616     0.3099  1.000e-12  0.4177000     8.6488     8.6483    -0.0004     6.7128     6.7121     29.232     29.848      0.362    1446.96    1446.98  0.000e+00
      26204     30.000     7.1524     7.1535     0.0011    0.98442    0.98438          1     7.8144     7.8299      13.95     0.7442     0.3426  1.000e-12  0.4251000     8.6500     8.6494    -0.0006     6.7141     6.7136     29.727     30.354      0.512    1446.95    1446.95  0.000e+00
      26226     30.500     7.1688     7.1703     0.0014    0.98536    0.98535          1     7.8073     7.8186      13.48     0.7161     0.3812  1.000e-12  0.4063000     8.6548     8.6543    -0.0005     6.7166     6.7161     30.223     30.860      0.513    1447.03    1447.04  0.000e+00
      26253     31.000     7.1734     7.1745     0.0011    0.98582    0.98580          1     7.7991     7.8139      12.91     0.7239     0.3244  1.000e-12  0.4129000     8.6579     8.6574    -0.0004     6.7187     6.7183     30.718     31.366      0.398    1447.07    1447.07  0.000e+00
      26287     31.500     7.1774     7.1782     0.0008    0.98614    0.98609          1     7.7965     7.8031      10.07     0.7243     0.2849  1.000e-12  0.3975000     8.6598     8.6591    -0.0007     6.7199     6.7194     31.214     31.871      0.354    1447.09    1447.09  0.000e+00
      26318     32.000     7.1874     7.1890     0.0015    0.98694    0.98691          1     7.7967     7.8092       7.95     0.6961     0.2455  1.000e-12  0.4047000     8.6648     8.6642    -0.0006     6.7231     6.7225     31.709     32.377      0.412    1447.15    1447.15  0.000e+00
      26346     32.500     7.1970     7.1982     0.0012    0.98796    0.98790          1     7.7829     7.8107       9.77     0.7211     0.2329  1.000e-12  0.4033000     8.6720     8.6711    -0.0008     6.7281     6.7273     32.205     32.883      0.436    1447.21    1447.21  0.000e+00
      26374     33.000     7.1970     7.1994     0.0024    0.98833    0.98833          1     7.7704     7.7896      10.16     0.7007     0.2639  1.000e-12  0.3899000     8.6754     8.6748    -0.0006     6.7308     6.7301     32.700     33.389      0.448    1447.22    1447.23  0.000e+00
      26400     33.500     7.1984     7.1992     0.0009    0.98857    0.98848          1     7.7777     7.7772      10.16     0.6856     0.2512  1.000e-12  0.4218000     8.6773     8.6762    -0.0011     6.7321     6.7312     33.195     33.895      0.435    1447.23    1447.23  0.000e+00
      26430     34.000     7.2224     7.2202    -0.0021    0.99041    0.99019          1     7.7755     7.7839       9.73     0.6607     0.3102  1.000e-12  0.3848000     8.6886     8.6870    -0.0016     6.7392     6.7382     33.691     34.401      0.371    1447.35    1447.34  0.000e+00
      26464     34.500     7.3181     7.3171    -0.0010    0.99646    0.99630          1     7.6686     7.6846       9.22     0.6892     0.2746  1.000e-12  0.3743000     8.7216     8.7203    -0.0013     6.7579     6.7570     34.186     34.907      0.356    1447.80    1447.80  0.000e+00
      26498     35.000     7.3508     7.3488    -0.0019    0.99944    0.99920          1     7.6230     7.6087       8.68     0.6818     0.2939  1.000e-12  0.3598000     8.7415     8.7396    -0.0018     6.7710     6.7697     34.682     35.413      0.340    1447.97    1447.96  0.000e+00
      26537     35.500     7.8148     7.7901    -0.0247    1.03745    1.03269          1     7.4836     7.4540       8.14     0.6845     0.3003  1.000e-12  0.3740000     8.9789     8.9410    -0.0379     6.9195     6.8920     35.177     35.918      0.293    1450.18    1450.03  0.000e+00
      26574     36.000     8.3395     8.3234    -0.0162    1.19781    1.19526          1     6.8358     6.8316       7.66     0.6650     0.2745  1.000e-12  0.3602000    10.3359    10.3166    -0.0193     7.9350     7.9214     35.672     36.424      0.366    1453.99    1453.90  0.000e+00
      26608     36.500     7.6546     7.6695     0.0149    1.34045    1.33639          1     6.8943     6.9346       7.15     0.6251     0.2796  1.000e-12  0.4923000    11.9029    11.8585    -0.0443     9.2224     9.1864     36.168     36.929      0.325    1453.16    1453.17  0.000e+00
      26648     37.000     7.3997     7.4089     0.0092    1.45620    1.45470          1     7.0769     7.0995       6.60     0.6266     0.2625  1.000e-12  0.6636000    13.1115    13.0935    -0.0180    10.1915    10.1766     36.663     37.433      0.297    1453.63    1453.64  0.000e+00
      26686     37.500     7.8466     7.8280    -0.0186    1.61212    1.60724          1     6.9724     6.9611       6.10     0.5992     0.2519  1.000e-12  0.7990000    14.4542    14.4145    -0.0398    11.2004    11.1712     37.159     37.937      0.340    1457.11    1456.98  0.000e+00
      26722     38.000     8.2202     8.2160    -0.0042    1.73937    1.73583          1     6.6608     6.6391       5.60     0.5992     0.2681  1.000e-12  0.8595000    15.5338    15.5012    -0.0326    12.0065    11.9814     37.654     38.440      0.298    1459.94    1459.89  0.000e+00
      26768     38.500     8.2727     8.2711    -0.0016    1.88438    1.88523          1     6.3368     6.3079       5.04     0.5688     0.2552  1.000e-12  0.8933000    16.9246    16.9338     0.0092    13.0872    13.0945     38.149     38.943      0.259    1461.87    1461.87  0.000e+00
      26811     39.000     8.2675     8.2844     0.0168    2.17103    2.20173          1     6.3527     6.3477       4.56     0.5249     0.2462  1.000e-12  0.9191000    19.7602    20.0577     0.2974    15.3027    15.5330     38.645     39.446      0.269    1465.34    1465.77  0.000e+00
      26861     39.500     8.4442     8.4549     0.0108    2.60257    2.62054          1     6.2485     6.2393       3.95     0.5264     0.3061  1.000e-12  1.6575000    23.9766    24.1511     0.1745    18.5755    18.7105     39.140     39.946      0.227    1471.21    1471.47  0.000e+00
      26915     40.000     8.4627     8.4626    -0.0002    2.64304    2.63686          1     6.2150     6.2210       3.48     0.5823     0.2755  1.000e-12  2.8324000    24.3735    24.3111    -0.0624    18.8833    18.8345     39.636     40.446      0.189    1471.78    1471.70  0.000e+00
      28851     40.500     8.4644     8.4647     0.0003    2.63828    2.63830          1     6.2283     6.2365       2.73     0.6659     0.3186  1.000e-12  4.5055000    24.3240    24.3240     0.0000    18.8444    18.8444     40.131     40.946     -0.084    1471.73    1471.74  0.000e+00
