ctdpy/tests/etc/all_smhi_bas_2018/SBE09_0745_20181210_1229_34_01_0177.cnv
* Sea-Bird SBE 9 Data File:
* FileName = C:\ctd\temp\ar18d177.hex
* Software Version Seasave V 7.26.7.107
* Temperature SN = 4387
* Conductivity SN = 2994
* Number of Bytes Per Scan = 41
* Number of Voltage Words = 4
* Number of Scans Averaged by the Deck Unit = 1
* NMEA Latitude = 58 35.62 N
* NMEA Longitude = 018 14.18 E
* NMEA UTC (Time) = Dec 10 2018  12:29:51
* NMEA baud rate = 4800
** Station:  BY31
** Operator:  JKro
** Ship: ARANDA
** Average sound velocity: 1447.40 m/s
** True-depth calculation Mon, 10 Dec 2018 15:27:34 +0000
** CTD Python Module SMHI /ver 3-12/ feb 2012 
** LIMS Job: 20183401-0177
** Cruise: SMHI-7-2018
** Latitude [GG MM.mm N]:
** Longitude [GG MM.mm E]:
# nquan = 26
# nvalues = 881                         
# units = specified
# name 0 = scan: Scan Count
# name 1 = prDM: Pressure, Digiquartz [db]
# name 2 = t090C: Temperature [ITS-90, deg C]
# name 3 = t190C: Temperature, 2 [ITS-90, deg C]
# name 4 = T2-T190C: Temperature Difference, 2 - 1 [ITS-90, deg C]
# name 5 = c0S/m: Conductivity [S/m]
# name 6 = c1S/m: Conductivity, 2 [S/m]
# name 7 = pumps: Pump Status
# name 8 = sbeox0ML/L: Oxygen, SBE 43 [ml/l]
# name 9 = sbeox1ML/L: Oxygen, SBE 43, 2 [ml/l]
# name 10 = altM: Altimeter [m]
# name 11 = flECO-AFL: Chl-a Fluorescence, WET Labs ECO-AFL/FL [mg/m^3]
# name 12 = flECO-AFL1: Phycocyanin Fluorescence, WET Labs ECO-AFL/FL, 2 [mg/m^3]
# name 13 = par: PAR/Irradiance, Biospherical/Lico [µE/(cm^2*s)]
# name 14 = turbWETntu0: Turbidity, WET Labs ECO [NTU]
# name 15 = sal00: Salinity, Practical [PSU]
# name 16 = sal11: Salinity, Practical, 2 [PSU]
# name 17 = secS-priS: Salinity, Practical, Difference, 2 - 1 [PSU]
# name 18 = sigma-t00: Density [sigma-t, Kg/m^3 ]
# name 19 = sigma-t11: Density, 2 [sigma-t, Kg/m^3 ]
# name 20 = depSM: Depth [salt water, m], lat = 58.5937
# name 21 = depFM: Depth [true depth, m], lat = 58.5937
# name 22 = dz/dtM: Descent Rate [m/s], WS = 2
# name 23 = svCM: Sound Velocity [Chen-Millero, m/s]
# name 24 = svCM1: Sound Velocity, 2 [Chen-Millero, m/s]
# name 25 = flag: flag
# span 0 =      14533,      39260       
# span 1 =      0.500,    440.500       
# span 2 =     4.6214,     6.2340       
# span 3 =     4.6215,     6.2345       
# span 4 =    -0.0061,     0.0375       
# span 5 =   0.777971,   1.245050       
# span 6 =   0.778033,   1.245135       
# span 7 =          1,          1       
# span 8 =    0.00990,    8.01810       
# span 9 =    0.03525,    8.01766       
# span 10 =       3.28,      99.44      
# span 11 =     0.2654,     0.5618      
# span 12 =     0.1426,     0.3239      
# span 13 = 1.0000e-12, 2.1370e+02      
# span 14 =     0.1519,     2.9374      
# span 15 =     6.9527,    11.3727      
# span 16 =     6.9531,    11.3732      
# span 17 =    -0.0044,     0.0047      
# span 18 =     5.4497,     8.9185      
# span 19 =     5.4496,     8.9188      
# span 20 =      0.495,    435.932      
# span 21 =      0.507,    445.009      
# span 22 =     -0.092,      0.733      
# span 23 =    1435.85,    1453.09      
# span 24 =    1435.85,    1453.10      
# span 25 = 0.0000e+00, 0.0000e+00      
# interval = decibars: 0.5              
# start_time = Dec 10 2018 12:29:51 [NMEA time, first data scan]
# bad_flag = -9.990e-29
*END*
[from data line 391]
      24179    196.000     6.1367     6.1370     0.0003    1.22043    1.22051          1     0.0261     0.0536      98.67     0.3338     0.2106  1.000e-12  0.1940000    11.2056    11.2063     0.0007     8.7936     8.7941    194.082    198.169      0.507    1448.54    1448.55  0.000e+00
      24205    196.500     6.1370     6.1374     0.0004    1.22051    1.22059          1     0.0251     0.0505      98.67     0.3275     0.1944  1.000e-12  0.2035000    11.2062    11.2069     0.0007     8.7940     8.7945    194.577    198.673      0.432    1448.55    1448.56  0.000e+00
      24234    197.000     6.1374     6.1378     0.0004    1.22060    1.22068          1     0.0264     0.0546      98.67     0.3332     0.2299  1.000e-12  0.2066000    11.2068    11.2075     0.0007     8.7945     8.7950    195.072    199.178      0.447    1448.56    1448.57  0.000e+00
      24258    197.500     6.1379     6.1382     0.0003    1.22070    1.22079          1     0.0250     0.0538      98.67     0.3266     0.2585  1.000e-12  0.1935000    11.2076    11.2084     0.0007     8.7951     8.7956    195.567    199.683      0.543    1448.58    1448.58  0.000e+00
      24279    198.000     6.1385     6.1388     0.0003    1.22081    1.22088          1     0.0240     0.0529      98.68     0.3213     0.2245  1.000e-12  0.1982000    11.2085    11.2091     0.0006     8.7957     8.7962    196.062    200.188      0.607    1448.59    1448.59  0.000e+00
      24298    198.500     6.1392     6.1396     0.0003    1.22099    1.22107          1     0.0255     0.0514      98.67     0.3219     0.2360  1.000e-12  0.2060000    11.2099    11.2105     0.0007     8.7968     8.7972    196.556    200.693      0.591    1448.60    1448.60  0.000e+00
      24320    199.000     6.1401     6.1405     0.0004    1.22118    1.22126          1     0.0266     0.0532      98.67     0.3330     0.2162  1.000e-12  0.2054000    11.2114    11.2120     0.0006     8.7979     8.7984    197.051    201.198      0.488    1448.61    1448.62  0.000e+00
      24349    199.500     6.1409     6.1414     0.0004    1.22140    1.22147          1     0.0262     0.0507      98.67     0.3369     0.2302  1.000e-12  0.2071000    11.2132    11.2137     0.0005     8.7993     8.7996    197.546    201.702      0.389    1448.63    1448.63  0.000e+00
      24380    200.000     6.1413     6.1418     0.0004    1.22149    1.22157          1     0.0260     0.0523      98.67     0.3363     0.2382  1.000e-12  0.2266000    11.2139    11.2145     0.0006     8.7998     8.8002    198.041    202.207      0.436    1448.64    1448.64  0.000e+00
      24405    200.500     6.1420     6.1423     0.0003    1.22162    1.22169          1     0.0253     0.0524      98.67     0.3281     0.2526  1.000e-12  0.1833000    11.2148    11.2155     0.0006     8.8005     8.8009    198.536    202.712      0.515    1448.65    1448.65  0.000e+00
      24427    201.000     6.1422     6.1425     0.0003    1.22167    1.22175          1     0.0252     0.0522      98.67     0.3437     0.2267  1.000e-12  0.1926000    11.2152    11.2159     0.0007     8.8008     8.8012    199.031    203.217      0.539    1448.66    1448.66  0.000e+00
      24449    201.500     6.1423     6.1426     0.0004    1.22169    1.22178          1     0.0270     0.0506      98.67     0.3331     0.2329  1.000e-12  0.2239000    11.2153    11.2160     0.0007     8.8008     8.8013    199.526    203.722      0.512    1448.67    1448.67  0.000e+00
      24474    202.000     6.1424     6.1427     0.0004    1.22171    1.22179          1     0.0259     0.0533      98.67     0.3330     0.2271  1.000e-12  0.2865000    11.2154    11.2160     0.0006     8.8009     8.8014    200.020    204.227      0.478    1448.68    1448.68  0.000e+00
      24499    202.500     6.1425     6.1428     0.0003    1.22174    1.22181          1     0.0244     0.0498      98.67     0.3330     0.2211  1.000e-12  0.1878000    11.2155    11.2161     0.0006     8.8010     8.8015    200.515    204.731      0.492    1448.68    1448.69  0.000e+00
      24522    203.000     6.1429     6.1432     0.0003    1.22182    1.22189          1     0.0252     0.0515      98.67     0.3212     0.2430  1.000e-12  0.2064000    11.2160    11.2167     0.0007     8.8014     8.8019    201.010    205.236      0.556    1448.70    1448.70  0.000e+00
      24543    203.500     6.1435     6.1438     0.0003    1.22195    1.22202          1     0.0255     0.0516      98.67     0.3695     0.2625  1.000e-12  0.2311000    11.2171    11.2176     0.0005     8.8021     8.8026    201.505    205.741      0.581    1448.71    1448.71  0.000e+00
      24564    204.000     6.1438     6.1441     0.0003    1.22204    1.22209          1     0.0250     0.0508      98.67     0.3532     0.2487  1.000e-12  0.2189000    11.2178    11.2182     0.0004     8.8026     8.8030    202.000    206.246      0.522    1448.72    1448.72  0.000e+00
      24590    204.500     6.1438     6.1444     0.0006    1.22205    1.22217          1     0.0249     0.0517      98.67     0.3337     0.1977  1.000e-12  0.1952000    11.2178    11.2188     0.0009     8.8027     8.8034    202.495    206.751      0.415    1448.73    1448.73  0.000e+00
      24621    205.000     6.1448     6.1455     0.0007    1.22229    1.22244          1     0.0253     0.0515      98.67     0.3331     0.2109  1.000e-12  0.1880000    11.2198    11.2210     0.0012     8.8042     8.8051    202.990    207.255      0.407    1448.74    1448.75  0.000e+00
      24648    205.500     6.1456     6.1459     0.0003    1.22246    1.22254          1     0.0251     0.0520      98.67     0.3335     0.2160  1.000e-12  0.1884000    11.2211    11.2217     0.0006     8.8052     8.8056    203.484    207.760      0.508    1448.75    1448.76  0.000e+00
      24670    206.000     6.1459     6.1463     0.0003    1.22254    1.22263          1     0.0239     0.0510      98.67     0.3421     0.1984  1.000e-12  0.1784000    11.2217    11.2224     0.0008     8.8056     8.8061    203.979    208.265      0.558    1448.76    1448.77  0.000e+00
      24691    206.500     6.1466     6.1469     0.0003    1.22271    1.22279          1     0.0265     0.0512      98.67     0.3380     0.2488  1.000e-12  0.1833000    11.2230    11.2238     0.0007     8.8066     8.8071    204.474    208.770      0.533    1448.78    1448.78  0.000e+00
      24715    207.000     6.1472     6.1476     0.0003    1.22287    1.22295          1     0.0240     0.0510      98.67     0.3396     0.2376  1.000e-12  0.1849000    11.2244    11.2250     0.0006     8.8076     8.8081    204.969    209.275      0.482    1448.79    1448.79  0.000e+00
      24741    207.500     6.1485     6.1489     0.0004    1.22317    1.22325          1     0.0242     0.0522      98.67     0.3458     0.2462  1.000e-12  0.1786000    11.2268    11.2275     0.0007     8.8095     8.8100    205.464    209.780      0.494    1448.81    1448.81  0.000e+00
      24763    208.000     6.1491     6.1493     0.0003    1.22328    1.22336          1     0.0266     0.0517      98.67     0.3402     0.1661  1.000e-12  0.1783000    11.2276    11.2283     0.0007     8.8101     8.8106    205.959    210.284      0.543    1448.82    1448.82  0.000e+00
      24785    208.500     6.1493     6.1496     0.0003    1.22334    1.22341          1     0.0228     0.0527      98.67     0.3353     0.1904  1.000e-12  0.1877000    11.2280    11.2287     0.0006     8.8104     8.8108    206.453    210.789      0.535    1448.83    1448.83  0.000e+00
      24809    209.000     6.1495     6.1498     0.0003    1.22338    1.22346          1     0.0248     0.0513      98.67     0.3502     0.2222  1.000e-12  0.2276000    11.2283    11.2290     0.0006     8.8106     8.8111    206.948    211.294      0.462    1448.84    1448.84  0.000e+00
      24837    209.500     6.1498     6.1502     0.0004    1.22346    1.22354          1     0.0239     0.0508      98.67     0.3626     0.2186  1.000e-12  0.2762000    11.2289    11.2295     0.0006     8.8110     8.8115    207.443    211.799      0.437    1448.85    1448.85  0.000e+00
      24863    210.000     6.1501     6.1504     0.0003    1.22352    1.22359          1     0.0235     0.0520      98.67     0.3445     0.2386  1.000e-12  0.2136000    11.2293    11.2299     0.0006     8.8113     8.8118    207.938    212.304      0.498    1448.85    1448.86  0.000e+00
      24886    210.500     6.1504     6.1507     0.0004    1.22358    1.22367          1     0.0258     0.0505      98.67     0.3405     0.2328  1.000e-12  0.2241000    11.2297    11.2305     0.0007     8.8116     8.8122    208.433    212.809      0.523    1448.86    1448.87  0.000e+00
      24909    211.000     6.1512     6.1514     0.0003    1.22378    1.22385          1     0.0235     0.0517      98.67     0.3237     0.2242  1.000e-12  0.1782000    11.2314    11.2320     0.0006     8.8129     8.8133    208.928    213.313      0.485    1448.88    1448.88  0.000e+00
      24936    211.500     6.1522     6.1526     0.0004    1.22404    1.22410          1     0.0230     0.0521      98.67     0.3333     0.2447  1.000e-12  0.2129000    11.2335    11.2340     0.0005     8.8145     8.8148    209.423    213.818      0.454    1448.89    1448.90  0.000e+00
      24961    212.000     6.1528     6.1531     0.0003    1.22417    1.22425          1     0.0242     0.0514      98.67     0.3335     0.2196  1.000e-12  0.2024000    11.2345    11.2351     0.0007     8.8152     8.8157    209.917    214.323      0.500    1448.91    1448.91  0.000e+00
      24984    212.500     6.1530     6.1534     0.0004    1.22421    1.22431          1     0.0225     0.0508      98.68     0.3335     0.2928  1.000e-12  0.2496000    11.2347    11.2356     0.0008     8.8154     8.8160    210.412    214.828      0.573    1448.91    1448.92  0.000e+00
      25004    213.000     6.1542     6.1545     0.0003    1.22448    1.22456          1     0.0258     0.0498      98.67     0.3335     0.1963  1.000e-12  0.2148000    11.2369    11.2376     0.0007     8.8170     8.8176    210.907    215.333      0.595    1448.93    1448.93  0.000e+00
      25024    213.500     6.1546     6.1550     0.0003    1.22460    1.22466          1     0.0263     0.0511      98.67     0.3418     0.2231  1.000e-12  0.1879000    11.2378    11.2384     0.0005     8.8177     8.8181    211.402    215.837      0.539    1448.94    1448.94  0.000e+00
      25050    214.000     6.1548     6.1551     0.0003    1.22464    1.22472          1     0.0235     0.0520      98.67     0.3382     0.2268  1.000e-12  0.1795000    11.2381    11.2388     0.0006     8.8180     8.8185    211.897    216.342      0.436    1448.95    1448.95  0.000e+00
      25079    214.500     6.1549     6.1552     0.0003    1.22468    1.22474          1     0.0229     0.0514      98.67     0.3429     0.2656  1.000e-12  0.1864000    11.2384    11.2389     0.0005     8.8181     8.8185    212.392    216.847      0.412    1448.96    1448.96  0.000e+00
      25106    215.000     6.1550     6.1554     0.0004    1.22470    1.22477          1     0.0222     0.0514      98.67     0.3244     0.2807  1.000e-12  0.1713000    11.2385    11.2390     0.0006     8.8182     8.8186    212.886    217.352      0.487    1448.97    1448.97  0.000e+00
      25129    215.500     6.1552     6.1556     0.0004    1.22474    1.22482          1     0.0237     0.0509      98.67     0.3306     0.2790  1.000e-12  0.1693000    11.2387    11.2393     0.0006     8.8184     8.8188    213.381    217.857      0.553    1448.98    1448.98  0.000e+00
      25150    216.000     6.1553     6.1557     0.0004    1.22478    1.22485          1     0.0255     0.0511      98.67     0.3547     0.2591  1.000e-12  0.1697000    11.2389    11.2396     0.0006     8.8185     8.8190    213.876    218.362      0.555    1448.99    1448.99  0.000e+00
      25173    216.500     6.1555     6.1558     0.0003    1.22481    1.22488          1     0.0248     0.0504      98.68     0.3584     0.2160  1.000e-12  0.1761000    11.2392    11.2397     0.0006     8.8187     8.8191    214.371    218.866      0.480    1448.99    1449.00  0.000e+00
      25201    217.000     6.1559     6.1563     0.0004    1.22491    1.22499          1     0.0222     0.0510      98.67     0.3318     0.1900  1.000e-12  0.1823000    11.2399    11.2405     0.0006     8.8193     8.8197    214.866    219.371      0.426    1449.01    1449.01  0.000e+00
      25228    217.500     6.1563     6.1566     0.0003    1.22499    1.22507          1     0.0235     0.0504      98.67     0.3287     0.2282  1.000e-12  0.1856000    11.2405    11.2411     0.0006     8.8197     8.8202    215.360    219.876      0.522    1449.02    1449.02  0.000e+00
      25248    218.000     6.1566     6.1570     0.0003    1.22507    1.22515          1     0.0241     0.0509      98.67     0.3335     0.2529  1.000e-12  0.1884000    11.2411    11.2417     0.0006     8.8202     8.8206    215.855    220.381      0.615    1449.03    1449.03  0.000e+00
      25267    218.500     6.1569     6.1573     0.0004    1.22515    1.22523          1     0.0223     0.0522      98.67     0.3335     0.2654  1.000e-12  0.1876000    11.2417    11.2423     0.0007     8.8206     8.8211    216.350    220.886      0.601    1449.04    1449.04  0.000e+00
      25289    219.000     6.1572     6.1576     0.0005    1.22524    1.22532          1     0.0225     0.0504      98.67     0.3322     0.1957  1.000e-12  0.1761000    11.2424    11.2430     0.0006     8.8211     8.8216    216.845    221.390      0.469    1449.05    1449.05  0.000e+00
      25321    219.500     6.1573     6.1577     0.0004    1.22527    1.22534          1     0.0237     0.0509      98.68     0.3293     0.2256  1.000e-12  0.1762000    11.2425    11.2431     0.0006     8.8213     8.8217    217.340    221.895      0.361    1449.05    1449.06  0.000e+00
      25351    220.000     6.1580     6.1584     0.0004    1.22545    1.22552          1     0.0251     0.0516      98.68     0.3353     0.2166  1.000e-12  0.1788000    11.2440    11.2446     0.0006     8.8223     8.8228    217.835    222.400      0.484    1449.07    1449.07  0.000e+00
      25373    220.500     6.1586     6.1589     0.0003    1.22557    1.22564          1     0.0207     0.0509      98.67     0.3241     0.2653  1.000e-12  0.1806000    11.2449    11.2455     0.0006     8.8230     8.8235    218.329    222.905      0.595    1449.08    1449.08  0.000e+00
      25392    221.000     6.1586     6.1590     0.0004    1.22559    1.22567          1     0.0200     0.0520      98.67     0.3336     0.2308  1.000e-12  0.1758000    11.2450    11.2456     0.0006     8.8231     8.8236    218.824    223.410      0.610    1449.09    1449.09  0.000e+00
      25413    221.500     6.1587     6.1591     0.0005    1.22561    1.22569          1     0.0239     0.0488      98.67     0.3330     0.1994  1.000e-12  0.2317000    11.2451    11.2457     0.0007     8.8232     8.8237    219.319    223.914      0.540    1449.10    1449.10  0.000e+00
      25438    222.000     6.1587     6.1591     0.0004    1.22564    1.22571          1     0.0240     0.0480      98.67     0.3335     0.2223  1.000e-12  0.1804000    11.2452    11.2459     0.0006     8.8233     8.8237    219.814    224.419      0.443    1449.10    1449.11  0.000e+00
      25467    222.500     6.1588     6.1592     0.0004    1.22567    1.22575          1     0.0229     0.0526      98.67     0.3434     0.2657  1.000e-12  0.1760000    11.2455    11.2461     0.0007     8.8234     8.8239    220.309    224.924      0.414    1449.11    1449.12  0.000e+00
