ctdpy/tests/etc/all_smhi_bas_2018/SBE09_1044_20180202_0223_34_02_0045.cnv
* Sea-Bird SBE 9 Data File:
* FileName = C:\ctd\temp\2018\ME18D045.hex
* Software Version Seasave V 7.26.6.26
* Temperature SN = 5351
* Conductivity SN = 3941
* Number of Bytes Per Scan = 41
* Number of Voltage Words = 4
* Number of Scans Averaged by the Deck Unit = 1
* NMEA Latitude = 55 37.05 N
* NMEA Longitude = 014 52.05 E
* NMEA UTC (Time) = Feb 02 2018  02:23:37
* NMEA baud rate = 4800
** Station:  Hanöbukten
** Operator:  JKro
** Ship: MERI
** Average sound velocity: 1443.66 m/s
** True-depth calculation Fri, 02 Feb 2018 03:23:32 +0000
** CTD Python Module SMHI /ver 3-12/ feb 2012 
** LIMS Job: 20183402-0045
** Cruise: SMHI-01-2018
** Latitude [GG MM.mm N] :
** Longitude [GG MM.mm E]:
# nquan = 26
# nvalues = 149                         
# units = specified
# name 0 = scan: Scan Count
# name 1 = prDM: Pressure, Digiquartz [db]
# name 2 = t090C: Temperature [ITS-90, deg C]
# name 3 = t190C: Temperature, 2 [ITS-90, deg C]
# name 4 = T2-T190C: Temperature Difference, 2 - 1 [ITS-90, deg C]
# name 5 = c0S/m: Conductivity [S/m]
# name 6 = c1S/m: Conductivity, 2 [S/m]
# name 7 = pumps: Pump Status
# name 8 = sbeox0ML/L: Oxygen, SBE 43 [ml/l]
# name 9 = sbeox1ML/L: Oxygen, SBE 43, 2 [ml/l]
# name 10 = altM: Altimeter [m]
# name 11 = flECO-AFL: Chl-a Fluorescence, WET Labs ECO-AFL/FL [mg/m^3]
# name 12 = flECO-AFL1: Phycocyanin Fluorescence, WET Labs ECO-AFL/FL, 2 [mg/m^3]
# name 13 = par: PAR/Irradiance, Biospherical/Lico [µE/(cm^2*s)]
# name 14 = turbWETntu0: Turbidity, WET Labs ECO [NTU]
# name 15 = sal00: Salinity, Practical [PSU]
# name 16 = sal11: Salinity, Practical, 2 [PSU]
# name 17 = secS-priS: Salinity, Practical, Difference, 2 - 1 [PSU]
# name 18 = sigma-t00: Density [sigma-t, Kg/m^3 ]
# name 19 = sigma-t11: Density, 2 [sigma-t, Kg/m^3 ]
# name 20 = depSM: Depth [salt water, m], lat = 55.6175
# name 21 = depFM: Depth [true depth, m], lat = 55.6175
# name 22 = dz/dtM: Descent Rate [m/s], WS = 2
# name 23 = svCM: Sound Velocity [Chen-Millero, m/s]
# name 24 = svCM1: Sound Velocity, 2 [Chen-Millero, m/s]
# name 25 = flag: flag
# span 0 =      15407,      20981       
# span 1 =      1.000,     75.000       
# span 2 =     4.5850,     9.5304       
# span 3 =     4.5857,     9.5220       
# span 4 =    -0.0507,     0.0465       
# span 5 =   0.805543,   1.774518       
# span 6 =   0.805495,   1.774648       
# span 7 =          1,          1       
# span 8 =    0.03915,    8.07790       
# span 9 =    0.23159,    8.02669       
# span 10 =       2.53,      99.37      
# span 11 =     0.2260,     0.7009      
# span 12 =     0.2661,     0.4240      
# span 13 = -3.317e-05, 3.0706e-01      
# span 14 =     0.1420,     0.4964      
# span 15 =     7.5237,    16.3327      
# span 16 =     7.5232,    16.3348      
# span 17 =    -0.0484,     0.0796      
# span 18 =     5.9629,    12.7328      
# span 19 =     5.9616,    12.7347      
# span 20 =      0.991,     74.306      
# span 21 =      1.012,     75.820      
# span 22 =     -0.074,      0.565      
# span 23 =    1434.13,    1463.20      
# span 24 =    1434.12,    1463.19      
# span 25 = 0.0000e+00, 0.0000e+00      
# interval = decibars: 0.5              
# start_time = Feb 02 2018 02:23:38 [NMEA time, first data scan]
# bad_flag = -9.990e-29
*END*
[from data line 56]
      17277     29.000     4.5872     4.5881     0.0009    0.80585    0.80583          1     8.0518     8.0197      51.00     0.6379     0.3391  1.000e-12  0.1548000     7.5240     7.5236    -0.0004     5.9640     5.9637     28.735     29.362      0.441    1434.49    1434.50  0.000e+00
      17320     29.500     4.5871     4.5880     0.0009    0.80585    0.80583          1     8.0572     8.0077      59.91     0.6436     0.3564  1.000e-12  0.1531000     7.5240     7.5235    -0.0005     5.9640     5.9636     29.230     29.869      0.248    1434.50    1434.50  0.000e+00
      17364     30.000     4.5876     4.5882     0.0006    0.80588    0.80584          1     8.0721     8.0091      73.15     0.6552     0.3946  1.000e-12  0.1529000     7.5240     7.5235    -0.0005     5.9640     5.9636     29.726     30.375      0.437    1434.51    1434.51  0.000e+00
      17387     30.500     4.5883     4.5889     0.0006    0.80590    0.80587          1     8.0736     8.0216      80.59     0.6353     0.3808  1.000e-12  0.1530000     7.5240     7.5236    -0.0004     5.9640     5.9637     30.221     30.881      0.514    1434.52    1434.52  0.000e+00
      17413     31.000     4.5882     4.5888     0.0006    0.80591    0.80588          1     8.0708     8.0150      69.59     0.6314     0.3462  1.000e-12  0.1606000     7.5241     7.5236    -0.0005     5.9641     5.9637     30.717     31.387      0.385    1434.53    1434.53  0.000e+00
      17456     31.500     4.5881     4.5889     0.0007    0.80591    0.80588          1     8.0722     8.0013      61.21     0.6553     0.3529  1.000e-12  0.1572000     7.5240     7.5236    -0.0004     5.9640     5.9637     31.212     31.894      0.250    1434.53    1434.54  0.000e+00
      17497     32.000     4.5880     4.5889     0.0009    0.80591    0.80589          1     8.0584     7.9993      56.03     0.6543     0.3889  1.000e-12  0.1723000     7.5240     7.5236    -0.0004     5.9640     5.9636     31.707     32.400      0.369    1434.54    1434.55  0.000e+00
      17526     32.500     4.5875     4.5884     0.0008    0.80590    0.80587          1     8.0516     8.0107      88.72     0.6750     0.3643  1.000e-12  0.1707000     7.5240     7.5235    -0.0005     5.9640     5.9636     32.203     32.906      0.437    1434.55    1434.55  0.000e+00
      17553     33.000     4.5874     4.5880     0.0006    0.80590    0.80587          1     8.0484     8.0186      44.78     0.6370     0.3802  1.000e-12  0.1723000     7.5239     7.5235    -0.0005     5.9640     5.9636     32.698     33.412      0.412    1434.56    1434.56  0.000e+00
      17585     33.500     4.5872     4.5880     0.0008    0.80590    0.80588          1     8.0662     8.0197      67.56     0.6381     0.3762  1.000e-12  0.1650000     7.5239     7.5235    -0.0004     5.9640     5.9636     33.194     33.919      0.336    1434.56    1434.57  0.000e+00
      17627     34.000     4.5868     4.5875     0.0008    0.80590    0.80587          1     8.0728     8.0088      74.81     0.6608     0.3667  1.000e-12  0.1659000     7.5239     7.5235    -0.0004     5.9640     5.9636     33.689     34.425      0.264    1434.57    1434.57  0.000e+00
      17668     34.500     4.5869     4.5879     0.0010    0.80590    0.80589          1     8.0679     8.0099      93.51     0.6552     0.3525  1.000e-12  0.1846000     7.5239     7.5236    -0.0003     5.9639     5.9636     34.184     34.931      0.406    1434.58    1434.58  0.000e+00
      17692     35.000     4.5873     4.5880     0.0006    0.80592    0.80590          1     8.0627     8.0139      44.27     0.6404     0.3796  1.000e-12  0.1604000     7.5239     7.5235    -0.0004     5.9639     5.9636     34.680     35.437      0.532    1434.59    1434.59  0.000e+00
      17715     35.500     4.5869     4.5872     0.0003    0.80592    0.80587          1     8.0628     8.0230      44.31     0.6472     0.3651  1.000e-12  0.1781000     7.5239     7.5234    -0.0005     5.9639     5.9635     35.175     35.944      0.433    1434.59    1434.59  0.000e+00
      17763     36.000     4.5869     4.5871     0.0002    0.80592    0.80588          1     8.0649     8.0121      53.81     0.6637     0.3872  1.000e-12  0.1619000     7.5238     7.5234    -0.0005     5.9639     5.9635     35.670     36.450      0.248    1434.60    1434.60  0.000e+00
      17804     36.500     4.5865     4.5871     0.0007    0.80592    0.80589          1     8.0656     8.0115      42.95     0.6725     0.3947  1.000e-12  0.1620000     7.5238     7.5234    -0.0005     5.9639     5.9635     36.166     36.956      0.445    1434.61    1434.61  0.000e+00
      17827     37.000     4.5871     4.5872     0.0002    0.80594    0.80590          1     8.0589     8.0075      42.93     0.6412     0.3646  1.000e-12  0.1591000     7.5239     7.5235    -0.0004     5.9639     5.9636     36.661     37.462      0.500    1434.62    1434.62  0.000e+00
      17854     37.500     4.5867     4.5868     0.0002    0.80593    0.80589          1     8.0570     8.0113      42.26     0.6498     0.3941  1.000e-12  0.1772000     7.5238     7.5233    -0.0005     5.9639     5.9635     37.157     37.969      0.380    1434.62    1434.62  0.000e+00
      17895     38.000     4.5854     4.5861     0.0007    0.80590    0.80588          1     8.0579     8.0117      93.25     0.6548     0.4043  1.000e-12  0.1709000     7.5237     7.5233    -0.0005     5.9639     5.9635     37.652     38.475      0.266    1434.63    1434.63  0.000e+00
      17935     38.500     4.5856     4.5862     0.0007    0.80591    0.80588          1     8.0670     8.0166      40.15     0.6646     0.3994  1.000e-12  0.1596000     7.5237     7.5233    -0.0004     5.9639     5.9635     38.147     38.981      0.365    1434.63    1434.64  0.000e+00
      17965     39.000     4.5862     4.5868     0.0005    0.80595    0.80591          1     8.0687     8.0138      40.64     0.6526     0.3948  1.000e-12  0.1497000     7.5238     7.5234    -0.0005     5.9639     5.9635     38.643     39.487      0.416    1434.64    1434.65  0.000e+00
      17995     39.500     4.5865     4.5875     0.0010    0.80596    0.80595          1     8.0547     8.0129      40.09     0.6419     0.3701  1.000e-12  0.1609000     7.5239     7.5235    -0.0004     5.9639     5.9636     39.138     39.994      0.361    1434.65    1434.66  0.000e+00
      18033     40.000     4.5864     4.5879     0.0015    0.80597    0.80597          1     8.0619     8.0114      39.59     0.6511     0.3369  1.000e-12  0.1545000     7.5239     7.5235    -0.0004     5.9640     5.9636     39.633     40.500      0.318    1434.66    1434.67  0.000e+00
      18067     40.500     4.5865     4.5871     0.0006    0.80597    0.80594          1     8.0685     8.0163      38.99     0.6510     0.3720  1.000e-12  0.1646000     7.5238     7.5234    -0.0005     5.9639     5.9635     40.129     41.006      0.397    1434.67    1434.67  0.000e+00
      18096     41.000     4.5859     4.5866     0.0007    0.80597    0.80594          1     8.0621     8.0184      38.74     0.6445     0.3477  1.000e-12  0.1711000     7.5239     7.5234    -0.0004     5.9639     5.9636     40.624     41.512      0.370    1434.68    1434.68  0.000e+00
      18135     41.500     4.5862     4.5868     0.0006    0.80598    0.80595          1     8.0582     8.0086      38.13     0.6553     0.3672  1.000e-12  0.1570000     7.5239     7.5234    -0.0004     5.9639     5.9636     41.120     42.019      0.281    1434.68    1434.69  0.000e+00
      18175     42.000     4.5861     4.5868     0.0007    0.80598    0.80595          1     8.0547     8.0075      58.11     0.6481     0.3857  1.000e-12  0.1517000     7.5238     7.5234    -0.0004     5.9639     5.9636     41.615     42.525      0.380    1434.69    1434.69  0.000e+00
      18202     42.500     4.5862     4.5868     0.0006    0.80599    0.80596          1     8.0581     8.0152      98.52     0.6355     0.3587  1.000e-12  0.1633000     7.5238     7.5234    -0.0004     5.9639     5.9636     42.110     43.031      0.450    1434.70    1434.70  0.000e+00
      18232     43.000     4.5861     4.5868     0.0007    0.80600    0.80597          1     8.0599     8.0196      94.98     0.6327     0.3519  1.000e-12  0.1666000     7.5239     7.5234    -0.0005     5.9640     5.9636     42.606     43.537      0.337    1434.71    1434.71  0.000e+00
      18279     43.500     4.5861     4.5868     0.0007    0.80600    0.80598          1     8.0597     8.0088      32.36     0.6479     0.3939  1.000e-12  0.1700000     7.5238     7.5234    -0.0004     5.9639     5.9636     43.101     44.044      0.247    1434.72    1434.72  0.000e+00
      18316     44.000     4.5860     4.5867     0.0007    0.80601    0.80598          1     8.0437     7.9845      33.97     0.6549     0.3808  1.000e-12  0.1603000     7.5238     7.5234    -0.0005     5.9639     5.9635     43.596     44.550      0.435    1434.72    1434.73  0.000e+00
      18340     44.500     4.5860     4.5867     0.0007    0.80602    0.80599          1     7.9751     7.9226      32.05     0.6424     0.3622  1.000e-12  0.1682000     7.5239     7.5234    -0.0004     5.9639     5.9636     44.092     45.056      0.488    1434.73    1434.73  0.000e+00
      18368     45.000     4.5874     4.5880     0.0006    0.80635    0.80631          1     7.7473     7.7555      33.30     0.6372     0.3355  1.000e-12  0.1727000     7.5268     7.5263    -0.0005     5.9662     5.9658     44.587     45.562      0.349    1434.75    1434.75  0.000e+00
      18420     45.500     5.0011     4.9749    -0.0258    0.90325    0.89776          1     4.9491     5.4272      32.22     0.5082     0.3458  1.000e-12  0.1843000     8.3969     8.3485    -0.0484     6.6390     6.6018     45.082     46.069      0.235    1437.69    1437.51  0.000e+00
      18458     46.000     5.4559     5.4495    -0.0062    0.98003    0.97879          1     2.1198     3.0573      27.01     0.3830     0.3186  1.000e-12  0.1907000     9.0457     9.0351    -0.0106     7.1311     7.1230     45.578     46.574      0.427    1440.51    1440.47  0.000e+00
      18483     46.500     5.8697     5.8690    -0.0008    1.03315    1.03255          1     1.0918     2.1157      18.91     0.3234     0.3102  1.000e-12  0.1729000     9.4580     9.4522    -0.0058     7.4337     7.4291     46.073     47.080      0.477    1442.81    1442.80  0.000e+00
      18510     47.000     6.0956     6.0937    -0.0020    1.07057    1.07020          1     0.6925     1.5824      31.25     0.2946     0.3206  1.000e-12  0.1727000     9.7627     9.7597    -0.0030     7.6602     7.6580     46.569     47.585      0.378    1444.17    1444.16  0.000e+00
      18558     47.500     6.2138     6.2138     0.0000    1.08942    1.08995          1     1.0402     1.5300      31.58     0.3120     0.3413  1.000e-12  0.1735000     9.9139     9.9191     0.0052     7.7719     7.7760     47.064     48.091      0.218    1444.87    1444.88  0.000e+00
      18603     48.000     6.2740     6.2750     0.0010    1.10621    1.10665          1     1.0939     1.4315      31.06     0.3120     0.3181  1.000e-12  0.1602000    10.0610    10.0650     0.0040     7.8838     7.8868     47.559     48.596      0.394    1445.32    1445.33  0.000e+00
      18628     48.500     6.6165     6.6000    -0.0165    1.14467    1.14351          1     1.3050     1.5516      30.60     0.2867     0.3176  1.000e-12  0.1913000    10.3346    10.3282    -0.0064     8.0754     8.0715     48.055     49.101      0.489    1447.11    1447.03  0.000e+00
      18653     49.000     7.0736     7.0703    -0.0032    1.18948    1.18912          1     1.7864     1.8752      30.11     0.3004     0.3427  1.000e-12  0.1702000    10.6302    10.6277    -0.0025     8.2736     8.2719     48.550     49.606      0.406    1449.40    1449.38  0.000e+00
      18699     49.500     7.3185     7.3310     0.0124    1.21257    1.21442          1     1.8356     1.8911      29.30     0.2818     0.3386  1.000e-12  0.1725000    10.7771    10.7910     0.0139     8.3694     8.3793     49.045     50.111      0.242    1450.60    1450.67  0.000e+00
      18742     50.000     7.5866     7.5863    -0.0001    1.23744    1.23773          1     2.2926     2.2522      28.81     0.2876     0.3004  1.000e-12  0.1758000    10.9315    10.9344     0.0029     8.4681     8.4704     49.541     50.617      0.434    1451.90    1451.90  0.000e+00
      18766     50.500     7.9530     7.9472    -0.0059    1.27013    1.26956          1     3.0038     2.8461      28.29     0.2847     0.3010  1.000e-12  0.1861000    11.1269    11.1233    -0.0036     8.5887     8.5864     50.036     51.121      0.489    1453.64    1453.61  0.000e+00
      18795     51.000     8.2346     8.2359     0.0014    1.29425    1.29419          1     3.3469     3.1437      27.46     0.2706     0.3085  1.000e-12  0.1651000    11.2650    11.2639    -0.0010     8.6705     8.6696     50.531     51.626      0.335    1454.96    1454.96  0.000e+00
      18841     51.500     8.4182     8.4316     0.0132    1.31048    1.31228          1     3.3031     3.1710      26.85     0.2630     0.3235  1.000e-12  0.1599000    11.3586    11.3713     0.0127     8.7261     8.7347     51.027     52.131      0.271    1455.82    1455.88  0.000e+00
      18877     52.000     8.5277     8.5219    -0.0059    1.32638    1.32611          1     3.0361     3.0023      26.60     0.2522     0.3309  1.000e-12  0.1526000    11.4722    11.4717    -0.0006     8.8041     8.8042     51.522     52.636      0.378    1456.40    1456.38  0.000e+00
      18907     52.500     8.5503     8.5472    -0.0032    1.33531    1.33510          1     2.8111     2.8347      26.08     0.2692     0.3023  1.000e-12  0.1608000    11.5485    11.5475    -0.0010     8.8613     8.8609     52.017     53.141      0.390    1456.59    1456.58  0.000e+00
      18938     53.000     8.7023     8.6968    -0.0055    1.35394    1.35400          1     2.9519     2.9555      25.52     0.2502     0.2817  1.000e-12  0.1784000    11.6728    11.6751     0.0023     8.9430     8.9454     52.513     53.646      0.382    1457.36    1457.34  0.000e+00
      18973     53.500     8.8738     8.8703    -0.0035    1.37907    1.37914          1     3.0893     3.0702      25.02     0.2471     0.3053  1.000e-12  0.1420000    11.8503    11.8521     0.0018     9.0638     9.0656     53.008     54.150      0.292    1458.26    1458.25  0.000e+00
      19020     54.000     8.9003     8.9013     0.0010    1.39217    1.39324          1     3.0971     3.0847      24.48     0.2475     0.2986  1.000e-12  0.1474000    11.9633    11.9729     0.0096     9.1491     9.1565     53.503     54.655      0.305    1458.51    1458.53  0.000e+00
      19050     54.500     9.0798     9.0778    -0.0020    1.41641    1.41680          1     3.2169     3.1947      24.09     0.2481     0.3024  1.000e-12  0.1552000    12.1279    12.1322     0.0043     9.2582     9.2618     53.999     55.160      0.473    1459.43    1459.43  0.000e+00
      19074     55.000     9.2675     9.2656    -0.0018    1.44031    1.44025          1     3.1992     3.1824      23.65     0.2481     0.3183  1.000e-12  0.1426000    12.2853    12.2854     0.0001     9.3604     9.3607     54.494     55.664      0.447    1460.37    1460.36  0.000e+00
      19112     55.500     9.1515     9.1491    -0.0024    1.44408    1.44503          1     3.0123     3.0468      23.19     0.2510     0.3246  1.000e-12  0.1482000    12.3601    12.3698     0.0097     9.4313     9.4392     54.989     56.169      0.255    1460.01    1460.01  0.000e+00
      19160     56.000     9.1524     9.1558     0.0034    1.45798    1.45965          1     3.0126     3.0214      22.69     0.2517     0.3171  1.000e-12  0.1815000    12.4886    12.5030     0.0144     9.5313     9.5422     55.485     56.673      0.358    1460.18    1460.21  0.000e+00
