ctdpy/tests/etc/all_smhi_bas_2018/SBE09_1044_20180319_1533_34_02_0070.cnv
* Sea-Bird SBE 9 Data File:
* FileName = C:\ctd\temp\2018\ME18D070.hex
* Software Version Seasave V 7.26.6.26
* Temperature SN = 5351
* Conductivity SN = 3941
* Number of Bytes Per Scan = 41
* Number of Voltage Words = 4
* Number of Scans Averaged by the Deck Unit = 1
* NMEA Latitude = 57 51.99 N
* NMEA Longitude = 011 17.55 E
* NMEA UTC (Time) = Mar 19 2018  15:33:44
* NMEA baud rate = 4800
** Station:  P2
** Operator:  A-KTh
** Ship: MERI
** Average sound velocity: 1470.71 m/s
** True-depth calculation Mon, 19 Mar 2018 16:26:36 +0000
** CTD Python Module SMHI /ver 3-12/ feb 2012 
** LIMS Job: 20183402-0070
** Cruise: SMHI-02-2018
** Latitude [GG MM.mm N] :
** Longitude [GG MM.mm E]:
# nquan = 26
# nvalues = 179                         
# units = specified
# name 0 = scan: Scan Count
# name 1 = prDM: Pressure, Digiquartz [db]
# name 2 = t090C: Temperature [ITS-90, deg C]
# name 3 = t190C: Temperature, 2 [ITS-90, deg C]
# name 4 = T2-T190C: Temperature Difference, 2 - 1 [ITS-90, deg C]
# name 5 = c0S/m: Conductivity [S/m]
# name 6 = c1S/m: Conductivity, 2 [S/m]
# name 7 = pumps: Pump Status
# name 8 = sbeox0ML/L: Oxygen, SBE 43 [ml/l]
# name 9 = sbeox1ML/L: Oxygen, SBE 43, 2 [ml/l]
# name 10 = altM: Altimeter [m]
# name 11 = flECO-AFL: Chl-a Fluorescence, WET Labs ECO-AFL/FL [mg/m^3]
# name 12 = flECO-AFL1: Phycocyanin Fluorescence, WET Labs ECO-AFL/FL, 2 [mg/m^3]
# name 13 = par: PAR/Irradiance, Biospherical/Lico [µE/(cm^2*s)]
# name 14 = turbWETntu0: Turbidity, WET Labs ECO [NTU]
# name 15 = sal00: Salinity, Practical [PSU]
# name 16 = sal11: Salinity, Practical, 2 [PSU]
# name 17 = secS-priS: Salinity, Practical, Difference, 2 - 1 [PSU]
# name 18 = sigma-t00: Density [sigma-t, Kg/m^3 ]
# name 19 = sigma-t11: Density, 2 [sigma-t, Kg/m^3 ]
# name 20 = depSM: Depth [salt water, m], lat = 57.8665
# name 21 = depFM: Depth [true depth, m], lat = 57.8665
# name 22 = dz/dtM: Descent Rate [m/s], WS = 2
# name 23 = svCM: Sound Velocity [Chen-Millero, m/s]
# name 24 = svCM1: Sound Velocity, 2 [Chen-Millero, m/s]
# name 25 = flag: flag
# span 0 =       7903,      12281       
# span 1 =      1.000,     90.000       
# span 2 =    -0.0673,     7.1981       
# span 3 =    -0.0674,     7.2010       
# span 4 =    -0.0061,     0.0188       
# span 5 =   1.700236,   3.536443       
# span 6 =   1.700191,   3.536828       
# span 7 =          1,          1       
# span 8 =    5.77522,    9.36004       
# span 9 =    5.78974,    9.40158       
# span 10 =       2.18,      98.77      
# span 11 =     0.1029,     5.2298      
# span 12 =     0.1798,     0.9052      
# span 13 = -6.065e-07, 2.0355e+02      
# span 14 =     0.2716,     1.5575      
# span 15 =    19.3858,    34.9690      
# span 16 =    19.3852,    34.9694      
# span 17 =    -0.0173,     0.0165      
# span 18 =    15.5184,    27.4303      
# span 19 =    15.5179,    27.4305      
# span 20 =      0.991,     89.148      
# span 21 =      1.003,     89.382      
# span 22 =     -0.289,      0.717      
# span 23 =    1428.74,    1480.09      
# span 24 =    1428.74,    1480.11      
# span 25 = 0.0000e+00, 0.0000e+00      
# interval = decibars: 0.5              
# start_time = Mar 19 2018 15:33:44 [NMEA time, first data scan]
# bad_flag = -9.990e-29
*END*
[from data line 112]
      10743     57.000     6.8858     6.8866     0.0008    3.51357    3.51366          1     5.8304     5.8477      35.45     0.2476     0.2273  1.000e-12  0.9174000    34.9231    34.9232     0.0002    27.3740    27.3741     56.465     56.668      0.625    1479.06    1479.06  0.000e+00
      10763     57.500     6.8685     6.8697     0.0012    3.51224    3.51239          1     5.8403     5.8561      35.05     0.1946     0.2093  1.000e-12  0.8635000    34.9257    34.9261     0.0004    27.3785    27.3787     56.960     57.163      0.552    1479.00    1479.00  0.000e+00
      10787     58.000     6.8468     6.8476     0.0008    3.51054    3.51063          1     5.8494     5.8623      35.01     0.1537     0.4001  1.000e-12  0.8592000    34.9287    34.9289     0.0002    27.3839    27.3839     57.455     57.659      0.471    1478.93    1478.93  0.000e+00
      10814     58.500     6.8442     6.8446     0.0004    3.51036    3.51042          1     5.8550     5.8625      35.17     0.1405     0.2960  1.000e-12  0.8636000    34.9291    34.9294     0.0002    27.3846    27.3847     57.950     58.155      0.471    1478.93    1478.93  0.000e+00
      10838     59.000     6.8437     6.8439     0.0002    3.51033    3.51039          1     5.8561     5.8636      34.72     0.1640     0.2757  1.000e-12  0.8592000    34.9291    34.9295     0.0004    27.3846    27.3849     58.446     58.650      0.532    1478.93    1478.93  0.000e+00
      10859     59.500     6.8433     6.8434     0.0002    3.51034    3.51039          1     5.8446     5.8635      74.95     0.1663     0.3766  1.000e-12  0.8647000    34.9293    34.9297     0.0004    27.3849    27.3852     58.941     59.146      0.594    1478.94    1478.94  0.000e+00
      10878     60.000     6.8428     6.8420    -0.0008    3.51033    3.51029          1     5.8428     5.8585      33.86     0.1541     0.4602  1.000e-12  0.8764000    34.9294    34.9298     0.0004    27.3850    27.3854     59.436     59.642      0.610    1478.95    1478.94  0.000e+00
      10898     60.500     6.8387     6.8384    -0.0002    3.50999    3.51001          1     5.8461     5.8524      33.29     0.1522     0.2467  1.000e-12  0.8877000    34.9296    34.9301     0.0005    27.3857    27.3861     59.931     60.138      0.570    1478.94    1478.94  0.000e+00
      10921     61.000     6.8337     6.8341     0.0004    3.50956    3.50965          1     5.8516     5.8583      32.77     0.1394     0.2415  1.000e-12  0.8566000    34.9297    34.9302     0.0005    27.3865    27.3868     60.426     60.633      0.519    1478.93    1478.93  0.000e+00
      10945     61.500     6.8229     6.8255     0.0026    3.50859    3.50887          1     5.8521     5.8658      32.22     0.1408     0.2278  1.000e-12  0.8545000    34.9297    34.9302     0.0005    27.3879    27.3879     60.922     61.129      0.505    1478.89    1478.90  0.000e+00
      10968     62.000     6.8117     6.8123     0.0006    3.50763    3.50775          1     5.8515     5.8712      31.70     0.1292     0.1938  1.000e-12  0.8926000    34.9302    34.9310     0.0008    27.3899    27.3904     61.417     61.625      0.528    1478.86    1478.86  0.000e+00
      10990     62.500     6.7964     6.7972     0.0008    3.50638    3.50649          1     5.8523     5.8747      31.15     0.1354     0.2070  1.000e-12  0.8866000    34.9317    34.9322     0.0005    27.3931    27.3934     61.912     62.120      0.529    1478.81    1478.81  0.000e+00
      11014     63.000     6.7913     6.7915     0.0002    3.50593    3.50598          1     5.8524     5.8729      30.25     0.1331     0.2323  1.000e-12  0.8844000    34.9317    34.9321     0.0004    27.3938    27.3941     62.407     62.616      0.501    1478.80    1478.80  0.000e+00
      11038     63.500     6.7873     6.7863    -0.0010    3.50561    3.50555          1     5.8514     5.8776      30.09     0.1761     0.2156  1.000e-12  0.9057000    34.9318    34.9322     0.0004    27.3945    27.3950     62.903     63.112      0.517    1478.79    1478.79  0.000e+00
      11060     64.000     6.7592     6.7600     0.0007    3.50313    3.50327          1     5.8645     5.8850      29.52     0.2928     0.2418  1.000e-12  0.9217000    34.9328    34.9335     0.0007    27.3991    27.3996     63.398     63.607      0.595    1478.69    1478.69  0.000e+00
      11079     64.500     6.7449     6.7451     0.0002    3.50230    3.50233          1     5.8727     5.8827      28.26     0.4481     0.2207  1.000e-12  0.9302000    34.9379    34.9381     0.0002    27.4051    27.4052     63.893     64.103      0.635    1478.65    1478.65  0.000e+00
      11098     65.000     6.7451     6.7454     0.0003    3.50237    3.50243          1     5.8706     5.8772      27.58     0.1452     0.1957  1.000e-12  0.9630000    34.9383    34.9387     0.0004    27.4054    27.4056     64.388     64.599      0.581    1478.66    1478.66  0.000e+00
      11121     65.500     6.7430     6.7435     0.0005    3.50233    3.50240          1     5.8646     5.8768      27.07     0.1029     0.2017  1.000e-12  0.9584000    34.9397    34.9400     0.0003    27.4068    27.4070     64.883     65.094      0.463    1478.66    1478.66  0.000e+00
      11150     66.000     6.7395     6.7398     0.0004    3.50216    3.50224          1     5.8535     5.8670      26.77     0.1215     0.2281  1.000e-12  0.9499000    34.9412    34.9417     0.0005    27.4084    27.4088     65.379     65.590      0.448    1478.66    1478.66  0.000e+00
      11174     66.500     6.7326     6.7327     0.0001    3.50169    3.50175          1     5.8439     5.8534      26.52     0.1363     0.2325  1.000e-12  1.0207000    34.9428    34.9432     0.0005    27.4106    27.4110     65.874     66.086      0.570    1478.64    1478.64  0.000e+00
      11193     67.000     6.7258     6.7270     0.0013    3.50126    3.50138          1     5.8367     5.8428      26.12     0.7814     0.2378  1.000e-12  1.0907000    34.9447    34.9447     0.0000    27.4131    27.4129     66.369     66.581      0.653    1478.62    1478.63  0.000e+00
      11210     67.500     6.7211     6.7211     0.0000    3.50204    3.50203          1     5.8269     5.8305      25.24     1.1845     0.2203  1.000e-12  1.1383000    34.9578    34.9577    -0.0001    27.4241    27.4240     66.864     67.077      0.648    1478.63    1478.63  0.000e+00
      11230     68.000     6.7239     6.7225    -0.0014    3.50262    3.50243          1     5.8140     5.8251      24.60     0.1765     0.2634  1.000e-12  1.1430000    34.9611    34.9605    -0.0006    27.4263    27.4260     67.360     67.573      0.559    1478.65    1478.65  0.000e+00
      11255     68.500     6.7270     6.7253    -0.0017    3.50313    3.50287          1     5.8063     5.8208      24.40     0.2626     0.2392  1.000e-12  1.1599000    34.9634    34.9623    -0.0011    27.4276    27.4270     67.855     68.068      0.441    1478.68    1478.67  0.000e+00
      11284     69.000     6.7277     6.7277     0.0000    3.50329    3.50328          1     5.7969     5.8182      24.55     0.2709     0.2811  1.000e-12  1.1468000    34.9642    34.9641    -0.0001    27.4282    27.4281     68.350     68.564      0.427    1478.69    1478.69  0.000e+00
      11310     69.500     6.7299     6.7291    -0.0008    3.50360    3.50351          1     5.7947     5.8163      24.21     0.3911     0.2636  1.000e-12  1.1995000    34.9652    34.9649    -0.0003    27.4287    27.4286     68.845     69.060      0.534    1478.71    1478.70  0.000e+00
      11330     70.000     6.7321     6.7326     0.0005    3.50391    3.50400          1     5.7997     5.8133      23.78     0.3688     0.2314  1.000e-12  1.2221000    34.9661    34.9666     0.0005    27.4291    27.4294     69.340     69.555      0.638    1478.72    1478.73  0.000e+00
      11348     70.500     6.7327     6.7331     0.0004    3.50401    3.50410          1     5.8009     5.8120      23.34     1.1269     0.2221  1.000e-12  1.2396000    34.9664    34.9670     0.0006    27.4292    27.4296     69.836     70.051      0.674    1478.74    1478.74  0.000e+00
      11366     71.000     6.7318     6.7325     0.0008    3.50392    3.50405          1     5.8018     5.8119      22.84     1.2132     0.2686  1.000e-12  1.2556000    34.9660    34.9667     0.0006    27.4291    27.4295     70.331     70.547      0.632    1478.74    1478.74  0.000e+00
      11386     71.500     6.7318     6.7321     0.0003    3.50394    3.50401          1     5.8077     5.8145      22.29     0.4546     0.2695  1.000e-12  1.2805000    34.9660    34.9665     0.0005    27.4291    27.4294     70.826     71.043      0.528    1478.75    1478.75  0.000e+00
      11412     72.000     6.7318     6.7321     0.0002    3.50398    3.50403          1     5.8092     5.8108      21.73     0.3880     0.2803  1.000e-12  1.2663000    34.9661    34.9664     0.0003    27.4291    27.4293     71.321     71.538      0.440    1478.76    1478.76  0.000e+00
      11440     72.500     6.7317     6.7322     0.0006    3.50400    3.50407          1     5.8018     5.8099      21.20     0.3799     0.2763  1.000e-12  1.2523000    34.9662    34.9665     0.0003    27.4292    27.4293     71.816     72.034      0.476    1478.76    1478.77  0.000e+00
      11463     73.000     6.7319     6.7321     0.0003    3.50404    3.50408          1     5.7945     5.8050      20.73     0.4279     0.2975  1.000e-12  1.1788000    34.9662    34.9664     0.0002    27.4292    27.4293     72.311     72.530      0.586    1478.77    1478.78  0.000e+00
      11482     73.500     6.7323     6.7317    -0.0006    3.50412    3.50405          1     5.7946     5.8011      20.30     0.3580     0.3129  1.000e-12  1.1970000    34.9665    34.9663    -0.0002    27.4293    27.4293     72.807     73.025      0.647    1478.78    1478.78  0.000e+00
      11500     74.000     6.7320     6.7320    -0.0000    3.50410    3.50412          1     5.7964     5.8071      19.83     0.4425     0.2610  1.000e-12  1.4976000    34.9662    34.9665     0.0003    27.4291    27.4294     73.302     73.521      0.608    1478.79    1478.79  0.000e+00
      11522     74.500     6.7375     6.7376     0.0001    3.50478    3.50478          1     5.7914     5.8154      19.30     0.4485     0.2607  1.000e-12  1.5575000    34.9680    34.9678    -0.0001    27.4298    27.4297     73.797     74.017      0.482    1478.82    1478.82  0.000e+00
      11550     75.000     6.7385     6.7389     0.0004    3.50495    3.50502          1     5.7827     5.8073      18.71     0.4877     0.3090  1.000e-12  1.3161000    34.9686    34.9689     0.0003    27.4301    27.4303     74.292     74.512      0.436    1478.83    1478.84  0.000e+00
      11576     75.500     6.7374     6.7375     0.0001    3.50483    3.50486          1     5.7801     5.8044      18.25     0.5915     0.3161  1.000e-12  1.2472000    34.9681    34.9683     0.0001    27.4300    27.4300     74.788     75.008      0.546    1478.84    1478.84  0.000e+00
      11595     76.000     6.7343     6.7338    -0.0004    3.50446    3.50444          1     5.7912     5.8100      17.71     0.7355     0.3065  1.000e-12  1.2519000    34.9669    34.9672     0.0003    27.4294    27.4297     75.283     75.504      0.624    1478.83    1478.83  0.000e+00
      11614     76.500     6.7357     6.7352    -0.0004    3.50466    3.50468          1     5.8017     5.8106      17.35     1.1523     0.2976  1.000e-12  1.2725000    34.9674    34.9681     0.0007    27.4296    27.4302     75.778     75.999      0.605    1478.85    1478.84  0.000e+00
      11636     77.000     6.7385     6.7374    -0.0011    3.50502    3.50494          1     5.7995     5.8064      16.81     0.4234     0.2840  1.000e-12  1.2600000    34.9683    34.9686     0.0002    27.4300    27.4303     76.273     76.495      0.523    1478.87    1478.86  0.000e+00
      11660     77.500     6.7356     6.7354    -0.0002    3.50470    3.50472          1     5.7988     5.8088      16.27     0.4824     0.2635  1.000e-12  1.2701000    34.9675    34.9678     0.0004    27.4297    27.4300     76.768     76.991      0.484    1478.86    1478.86  0.000e+00
      11684     78.000     6.7347     6.7344    -0.0003    3.50462    3.50460          1     5.7941     5.8130      15.75     0.4116     0.3037  1.000e-12  1.2555000    34.9672    34.9674     0.0001    27.4296    27.4298     77.263     77.486      0.534    1478.87    1478.87  0.000e+00
      11706     78.500     6.7348     6.7351     0.0003    3.50465    3.50471          1     5.7912     5.8146      14.58     0.4855     0.2485  1.000e-12  1.2348000    34.9672    34.9675     0.0003    27.4296    27.4298     77.759     77.982      0.573    1478.87    1478.88  0.000e+00
      11726     79.000     6.7337     6.7340     0.0003    3.50453    3.50459          1     5.7898     5.8124      13.55     0.8676     0.2363  1.000e-12  1.2827000    34.9668    34.9671     0.0003    27.4294    27.4296     78.254     78.478      0.563    1478.88    1478.88  0.000e+00
      11748     79.500     6.7363     6.7360    -0.0002    3.50485    3.50486          1     5.7837     5.8112      13.05     1.4860     0.2554  1.000e-12  1.3590000    34.9675    34.9678     0.0003    27.4296    27.4299     78.749     78.973      0.528    1478.90    1478.90  0.000e+00
      11772     80.000     6.7362     6.7369     0.0007    3.50488    3.50500          1     5.7752     5.8052      12.52     1.6484     0.2945  1.000e-12  1.3700000    34.9676    34.9682     0.0006    27.4297    27.4301     79.244     79.469      0.513    1478.91    1478.91  0.000e+00
      11795     80.500     6.7370     6.7375     0.0004    3.50499    3.50508          1     5.7761     5.8039      12.05     0.4909     0.3045  1.000e-12  1.3169000    34.9678    34.9682     0.0004    27.4298    27.4300     79.739     79.965      0.528    1478.92    1478.92  0.000e+00
      11817     81.000     6.7369     6.7371     0.0002    3.50501    3.50506          1     5.7828     5.8063      11.53     0.4529     0.3182  1.000e-12  1.2279000    34.9678    34.9681     0.0003    27.4298    27.4300     80.235     80.460      0.533    1478.93    1478.93  0.000e+00
      11840     81.500     6.7373     6.7376     0.0003    3.50508    3.50514          1     5.7837     5.8105      11.06     0.5899     0.2290  1.000e-12  1.3958000    34.9680    34.9683     0.0003    27.4298    27.4301     80.730     80.956      0.526    1478.94    1478.94  0.000e+00
      11863     82.000     6.7377     6.7381     0.0004    3.50515    3.50523          1     5.7861     5.8056      10.56     2.9112     0.3464  1.000e-12  1.3848000    34.9681    34.9685     0.0004    27.4299    27.4301     81.225     81.452      0.534    1478.95    1478.95  0.000e+00
      11885     82.500     6.7399     6.7402     0.0003    3.50543    3.50551          1     5.7887     5.8014      10.06     1.5055     0.3190  1.000e-12  1.2993000    34.9686    34.9693     0.0006    27.4300    27.4305     81.720     81.947      0.553    1478.96    1478.97  0.000e+00
      11906     83.000     6.7399     6.7400     0.0001    3.50547    3.50551          1     5.7924     5.7995       9.58     0.6180     0.2943  1.000e-12  1.2998000    34.9688    34.9691     0.0003    27.4301    27.4304     82.215     82.443      0.551    1478.97    1478.97  0.000e+00
      11929     83.500     6.7395     6.7397     0.0002    3.50545    3.50549          1     5.7973     5.8037       9.08     0.6406     0.2887  1.000e-12  1.3875000    34.9687    34.9690     0.0003    27.4301    27.4303     82.710     82.939      0.539    1478.98    1478.98  0.000e+00
      11951     84.000     6.7398     6.7395    -0.0003    3.50549    3.50549          1     5.7977     5.8036       8.58     0.7916     0.2983  1.000e-12  1.4400000    34.9686    34.9689     0.0003    27.4300    27.4303     83.206     83.434      0.560    1478.99    1478.99  0.000e+00
