ctdpy/tests/etc/all_smhi_bas_2018/SBE09_0745_20181208_1718_34_01_0171.cnv
* Sea-Bird SBE 9 Data File:
* FileName = C:\ctd\temp\ar18d171.hex
* Software Version Seasave V 7.26.7.107
* Temperature SN = 4387
* Conductivity SN = 2994
* Number of Bytes Per Scan = 41
* Number of Voltage Words = 4
* Number of Scans Averaged by the Deck Unit = 1
* NMEA Latitude = 56 56.41 N
* NMEA Longitude = 012 12.72 E
* NMEA UTC (Time) = Dec 08 2018  17:18:21
* NMEA baud rate = 4800
** Station:  N14 Falkenberg
** Operator:  OBac
** Ship: ARANDA
** Average sound velocity: 1470.60 m/s
** True-depth calculation Sun, 09 Dec 2018 17:52:44 +0000
** CTD Python Module SMHI /ver 3-12/ feb 2012 
** LIMS Job: 20183401-0171
** Cruise: SMHI-7-2018
** Latitude [GG MM.mm N]:
** Longitude [GG MM.mm E]
# nquan = 26
# nvalues = 56                          
# units = specified
# name 0 = scan: Scan Count
# name 1 = prDM: Pressure, Digiquartz [db]
# name 2 = t090C: Temperature [ITS-90, deg C]
# name 3 = t190C: Temperature, 2 [ITS-90, deg C]
# name 4 = T2-T190C: Temperature Difference, 2 - 1 [ITS-90, deg C]
# name 5 = c0S/m: Conductivity [S/m]
# name 6 = c1S/m: Conductivity, 2 [S/m]
# name 7 = pumps: Pump Status
# name 8 = sbeox0ML/L: Oxygen, SBE 43 [ml/l]
# name 9 = sbeox1ML/L: Oxygen, SBE 43, 2 [ml/l]
# name 10 = altM: Altimeter [m]
# name 11 = flECO-AFL: Chl-a Fluorescence, WET Labs ECO-AFL/FL [mg/m^3]
# name 12 = flECO-AFL1: Phycocyanin Fluorescence, WET Labs ECO-AFL/FL, 2 [mg/m^3]
# name 13 = par: PAR/Irradiance, Biospherical/Lico [µE/(cm^2*s)]
# name 14 = turbWETntu0: Turbidity, WET Labs ECO [NTU]
# name 15 = sal00: Salinity, Practical [PSU]
# name 16 = sal11: Salinity, Practical, 2 [PSU]
# name 17 = secS-priS: Salinity, Practical, Difference, 2 - 1 [PSU]
# name 18 = sigma-t00: Density [sigma-t, Kg/m^3 ]
# name 19 = sigma-t11: Density, 2 [sigma-t, Kg/m^3 ]
# name 20 = depSM: Depth [salt water, m], lat = 56.9402
# name 21 = depFM: Depth [true depth, m], lat = 56.9402
# name 22 = dz/dtM: Descent Rate [m/s], WS = 2
# name 23 = svCM: Sound Velocity [Chen-Millero, m/s]
# name 24 = svCM1: Sound Velocity, 2 [Chen-Millero, m/s]
# name 25 = flag: flag
# span 0 =      25679,      27166       
# span 1 =      1.000,     28.500       
# span 2 =     6.8634,     8.7850       
# span 3 =     6.8642,     8.7747       
# span 4 =    -0.0287,     0.0195       
# span 5 =   2.595089,   3.603376       
# span 6 =   2.594924,   3.602992       
# span 7 =          1,          1       
# span 8 =    5.41789,    7.09297       
# span 9 =    5.40025,    7.10163       
# span 10 =       0.25,      55.52      
# span 11 =     0.2099,     2.6558      
# span 12 =     0.2340,     0.5446      
# span 13 = -3.166e-03, 2.6243e-01      
# span 14 =     0.4671,     1.9870      
# span 15 =    25.0235,    34.2036      
# span 16 =    25.0216,    34.1995      
# span 17 =    -0.1879,     0.0915      
# span 18 =    19.5872,    26.5570      
# span 19 =    19.5857,    26.5538      
# span 20 =      0.991,     28.236      
# span 21 =      0.999,     28.425      
# span 22 =     -0.040,      0.969      
# span 23 =    1465.67,    1484.21      
# span 24 =    1465.67,    1484.20      
# span 25 = 0.0000e+00, 0.0000e+00      
# interval = decibars: 0.5              
# start_time = Dec 08 2018 17:18:21 [NMEA time, first data scan]
# bad_flag = -9.990e-29
*END*
      25679      1.000     6.8634     6.8642     0.0009    2.59509    2.59492          1     7.0870     7.0877      55.52     2.2915     0.4785  2.624e-01  0.4671000    25.0238    25.0216    -0.0023    19.5876    19.5857      0.991      0.999     -0.040    1465.67    1465.67  0.000e+00
      25706      1.500     6.8640     6.8644     0.0005    2.59516    2.59505          1     7.0854     7.0822       0.25     2.3616     0.4859  7.453e-02  0.5426000    25.0241    25.0225    -0.0016    19.5877    19.5864      1.486      1.498      0.456    1465.69    1465.69  0.000e+00
      25790      2.000     6.8636     6.8645     0.0008    2.59515    2.59511          1     7.0918     7.0862      15.55     2.3733     0.5011  9.188e-02  0.5755000    25.0240    25.0229    -0.0010    19.5876    19.5867      1.982      1.998      0.376    1465.70    1465.70  0.000e+00
      25929      2.500     6.8639     6.8645     0.0007    2.59527    2.59519          1     7.0885     7.0845      29.02     2.4460     0.4834  4.623e-02  0.5373000    25.0248    25.0235    -0.0013    19.5883    19.5872      2.477      2.497      0.309    1465.71    1465.71  0.000e+00
      25984      3.000     6.8642     6.8645     0.0004    2.59532    2.59520          1     7.0899     7.0783      28.54     2.5241     0.5360 -3.166e-03  0.5062000    25.0251    25.0234    -0.0016    19.5884    19.5871      2.972      2.997      0.617    1465.72    1465.71  0.000e+00
      25998      3.500     6.8643     6.8649     0.0006    2.59539    2.59528          1     7.0920     7.0807      28.40     2.6200     0.5422  5.323e-13  0.5472000    25.0255    25.0239    -0.0016    19.5888    19.5874      3.468      3.496      0.841    1465.73    1465.72  0.000e+00
      26010      4.000     6.8644     6.8649     0.0004    2.59541    2.59531          1     7.0930     7.0856      28.33     2.5639     0.5441  1.000e-12  0.5683000    25.0254    25.0239    -0.0015    19.5887    19.5875      3.963      3.996      0.848    1465.73    1465.73  0.000e+00
      26026      4.500     6.8645     6.8649     0.0004    2.59545    2.59533          1     7.0920     7.0862      27.98     2.4271     0.5288  1.000e-12  0.6336000    25.0255    25.0240    -0.0015    19.5888    19.5876      4.459      4.495      0.665    1465.74    1465.74  0.000e+00
      26058      5.000     6.8648     6.8652     0.0004    2.59547    2.59537          1     7.0918     7.0854      27.05     2.4697     0.5014  1.000e-12  0.6098000    25.0254    25.0240    -0.0014    19.5887    19.5875      4.954      4.995      0.317    1465.75    1465.75  0.000e+00
      26101      5.500     6.8648     6.8651     0.0003    2.59549    2.59537          1     7.0880     7.0873      26.08     2.4955     0.4743  1.000e-12  0.5543000    25.0254    25.0240    -0.0014    19.5886    19.5875      5.449      5.494      0.505    1465.76    1465.76  0.000e+00
      26119      6.000     6.8645     6.8650     0.0005    2.59549    2.59539          1     7.0856     7.0857      25.70     2.5124     0.4438  1.000e-12  0.6072000    25.0254    25.0240    -0.0015    19.5887    19.5875      5.945      5.994      0.669    1465.77    1465.77  0.000e+00
      26136      6.500     6.8647     6.8651     0.0005    2.59550    2.59540          1     7.0848     7.0855      25.33     2.5318     0.4884  1.000e-12  0.6362000    25.0252    25.0238    -0.0014    19.5885    19.5874      6.440      6.493      0.675    1465.77    1465.77  0.000e+00
      26154      7.000     6.8649     6.8654     0.0005    2.59553    2.59540          1     7.0857     7.0825      25.03     2.5910     0.5002  1.000e-12  0.6615000    25.0252    25.0235    -0.0017    19.5885    19.5871      6.936      6.993      0.605    1465.78    1465.78  0.000e+00
      26176      7.500     6.8650     6.8655     0.0005    2.59555    2.59541          1     7.0864     7.0789      24.68     2.6558     0.5033  1.000e-12  0.6450000    25.0251    25.0233    -0.0018    19.5884    19.5869      7.431      7.492      0.545    1465.79    1465.79  0.000e+00
      26198      8.000     6.8650     6.8655     0.0006    2.59554    2.59540          1     7.0873     7.0864      24.19     2.5910     0.5147  1.000e-12  0.6150000    25.0249    25.0230    -0.0019    19.5882    19.5867      7.926      7.992      0.552    1465.80    1465.80  0.000e+00
      26219      8.500     6.8650     6.8655     0.0005    2.59553    2.59541          1     7.0832     7.0971      23.61     2.5600     0.5156  1.000e-12  0.5902000    25.0246    25.0229    -0.0017    19.5880    19.5866      8.422      8.491      0.614    1465.81    1465.81  0.000e+00
      26238      9.000     6.8649     6.8655     0.0006    2.59555    2.59544          1     7.0854     7.1016      23.11     2.5612     0.5239  1.000e-12  0.5870000    25.0246    25.0230    -0.0016    19.5880    19.5867      8.917      8.991      0.663    1465.82    1465.82  0.000e+00
      26255      9.500     6.8648     6.8654     0.0005    2.59554    2.59544          1     7.0864     7.0991      22.59     2.5908     0.5200  1.000e-12  0.6370000    25.0244    25.0229    -0.0015    19.5879    19.5866      9.413      9.490      0.642    1465.82    1465.82  0.000e+00
      26276     10.000     6.8650     6.8655     0.0004    2.59558    2.59546          1     7.0891     7.0915      21.94     2.4984     0.4729  1.000e-12  0.6294000    25.0245    25.0229    -0.0016    19.5879    19.5866      9.908      9.990      0.531    1465.83    1465.83  0.000e+00
      26305     10.500     6.8650     6.8655     0.0005    2.59559    2.59547          1     7.0887     7.0841      21.37     2.5451     0.5164  1.000e-12  0.6144000    25.0244    25.0228    -0.0016    19.5879    19.5865     10.403     10.489      0.339    1465.84    1465.84  0.000e+00
      26343     11.000     6.8650     6.8656     0.0006    2.59561    2.59552          1     7.0887     7.0732      20.90     2.5201     0.4971  1.000e-12  0.5920000    25.0245    25.0230    -0.0014    19.5879    19.5867     10.899     10.989      0.470    1465.85    1465.85  0.000e+00
      26362     11.500     6.8645     6.8650     0.0005    2.59554    2.59543          1     7.0884     7.0752      20.51     2.4490     0.4795  1.000e-12  0.5830000    25.0238    25.0223    -0.0015    19.5875    19.5862     11.394     11.488      0.789    1465.85    1465.85  0.000e+00
      26375     12.000     6.8643     6.8647     0.0005    2.59554    2.59541          1     7.0880     7.0732      20.03     2.5883     0.5286  1.000e-12  0.6550000    25.0239    25.0222    -0.0016    19.5875    19.5862     11.890     11.988      0.940    1465.86    1465.86  0.000e+00
      26387     12.500     6.8642     6.8645     0.0003    2.59554    2.59543          1     7.0899     7.0757      19.57     2.6273     0.5275  1.000e-12  0.6765000    25.0238    25.0223    -0.0014    19.5875    19.5863     12.385     12.487      0.969    1465.87    1465.87  0.000e+00
      26399     13.000     6.8643     6.8647     0.0004    2.59559    2.59548          1     7.0915     7.0760      19.08     2.6034     0.4893  1.000e-12  0.6836000    25.0239    25.0225    -0.0015    19.5875    19.5864     12.880     12.987      0.876    1465.88    1465.88  0.000e+00
      26415     13.500     6.8643     6.8649     0.0005    2.59559    2.59545          1     7.0902     7.0805      18.49     2.5913     0.4876  1.000e-12  0.6770000    25.0238    25.0219    -0.0019    19.5874    19.5859     13.376     13.486      0.641    1465.89    1465.89  0.000e+00
      26447     14.000     6.8645     6.8650     0.0005    2.59563    2.59551          1     7.0902     7.0799      17.70     2.5317     0.5100  1.000e-12  0.5789000    25.0239    25.0222    -0.0017    19.5875    19.5861     13.871     13.986      0.311    1465.89    1465.90  0.000e+00
      26484     14.500     6.8643     6.8648     0.0004    2.59560    2.59550          1     7.0886     7.0815      17.23     2.5397     0.4703  1.000e-12  0.5084000    25.0235    25.0221    -0.0015    19.5872    19.5860     14.366     14.485      0.519    1465.90    1465.90  0.000e+00
      26503     15.000     6.8644     6.8650     0.0006    2.59567    2.59559          1     7.0907     7.0814      16.91     2.5697     0.5083  1.000e-12  0.6019000    25.0240    25.0228    -0.0013    19.5876    19.5866     14.862     14.985      0.717    1465.91    1465.91  0.000e+00
      26518     15.500     6.8645     6.8650     0.0005    2.59581    2.59571          1     7.0912     7.0790      16.51     2.5785     0.5176  1.000e-12  0.6358000    25.0252    25.0237    -0.0015    19.5885    19.5873     15.357     15.484      0.790    1465.92    1465.92  0.000e+00
      26533     16.000     6.8646     6.8650     0.0004    2.59592    2.59574          1     7.0892     7.0794      16.01     2.5675     0.5292  1.000e-12  0.6071000    25.0261    25.0239    -0.0022    19.5892    19.5875     15.853     15.984      0.765    1465.93    1465.93  0.000e+00
      26549     16.500     6.8653     6.8660     0.0007    2.59615    2.59608          1     7.0906     7.0865      15.47     2.5733     0.5081  1.000e-12  0.6072000    25.0279    25.0266    -0.0013    19.5906    19.5894     16.348     16.483      0.647    1465.94    1465.94  0.000e+00
      26572     17.000     6.8669     6.8673     0.0004    2.59682    2.59656          1     7.0873     7.0808      14.82     2.5511     0.4813  1.000e-12  0.6232000    25.0336    25.0305    -0.0031    19.5948    19.5924     16.843     16.982      0.450    1465.97    1465.96  0.000e+00
      26604     17.500     6.8743     6.8754     0.0012    2.59950    2.59972          1     7.0682     7.0587      14.16     2.4679     0.4795  1.000e-12  0.6162000    25.0565    25.0579     0.0015    19.6120    19.6130     17.339     17.482      0.396    1466.03    1466.04  0.000e+00
      26630     18.000     6.8830     6.8842     0.0012    2.60277    2.60300          1     7.0260     7.0197      13.75     2.4979     0.4783  1.000e-12  0.6034000    25.0845    25.0861     0.0016    19.6330    19.6341     17.834     17.981      0.584    1466.11    1466.11  0.000e+00
      26648     18.500     6.8990     6.8983    -0.0007    2.60903    2.60841          1     7.0122     7.0047      13.37     2.5248     0.4765  1.000e-12  0.6148000    25.1390    25.1329    -0.0061    19.6740    19.6693     18.329     18.481      0.706    1466.25    1466.24  0.000e+00
      26664     19.000     6.9094     6.9076    -0.0017    2.61299    2.61218          1     6.9784     6.9525      12.94     2.4958     0.5431  1.000e-12  0.6194000    25.1731    25.1658    -0.0073    19.6996    19.6941     18.825     18.980      0.711    1466.34    1466.32  0.000e+00
      26682     19.500     6.9821     6.9859     0.0037    2.64134    2.64254          1     6.7799     6.7512      12.42     2.4410     0.5446  1.000e-12  0.6444000    25.4195    25.4294     0.0100    19.8848    19.8922     19.320     19.480      0.610    1466.95    1466.97  0.000e+00
      26705     20.000     7.0886     7.0985     0.0099    2.68291    2.68597          1     6.6275     6.6024      11.80     2.4472     0.5153  1.000e-12  0.6762000    25.7798    25.8048     0.0250    20.1553    20.1738     19.815     19.979      0.486    1467.83    1467.90  0.000e+00
      26730     20.500     7.2378     7.2572     0.0195    2.73249    2.74130          1     6.5869     6.5174      11.21     2.3738     0.4747  1.000e-12  0.6872000    26.1909    26.2690     0.0781    20.4603    20.5193     20.311     20.478      0.525    1468.93    1469.11  0.000e+00
      26751     21.000     7.7217     7.7308     0.0098    2.99789    3.00693          1     6.2782     6.1667      10.76     2.1142     0.4485  1.000e-12  0.7550000    28.6058    28.6937     0.0879    22.2938    22.3616     20.806     20.977      0.622    1473.83    1473.97  0.000e+00
      26769     21.500     8.1420     8.1533     0.0107    3.27861    3.28822          1     5.9585     5.8209      10.30     1.7433     0.3848  1.000e-12  0.9124000    31.2060    31.2974     0.0915    24.2752    24.3454     21.302     21.474      0.650    1478.67    1478.82  0.000e+00
      26788     22.000     8.2521     8.2572     0.0049    3.34878    3.35150          1     5.7759     5.6706       9.83     0.9667     0.3427  1.000e-12  1.3467000    31.8477    31.8719     0.0241    24.7627    24.7809     21.797     21.971      0.599    1479.89    1479.93  0.000e+00
      26810     22.500     8.3378     8.3085    -0.0287    3.38010    3.37041          1     5.6684     5.6220       9.31     0.7265     0.2957  1.000e-12  1.3562000    32.0995    32.0244    -0.0751    24.9475    24.8930     22.292     22.468      0.496    1480.53    1480.32  0.000e+00
      26836     23.000     8.5387     8.5302    -0.0091    3.42867    3.42645          1     5.6291     5.6008       8.72     0.6099     0.2669  1.000e-12  1.2856000    32.4264    32.4109    -0.0155    25.1738    25.1629     22.788     22.965      0.464    1481.70    1481.65  0.000e+00
      26861     23.500     8.5742     8.5741    -0.0006    3.43647    3.43621          1     5.6546     5.6318       8.28     0.5153     0.2614  1.000e-12  1.1905000    32.4754    32.4729    -0.0025    25.2068    25.2049     23.283     23.462      0.566    1481.90    1481.90  0.000e+00
      26880     24.000     8.7254     8.7038    -0.0210    3.45957    3.45679          1     5.6166     5.5965       7.82     0.4825     0.2513  1.000e-12  1.1516000    32.5780    32.5687    -0.0093    25.2643    25.2603     23.778     23.959      0.697    1482.60    1482.50  0.000e+00
      26896     24.500     8.7607     8.7642     0.0035    3.48005    3.48055          1     5.5586     5.5396       7.37     0.4850     0.2392  1.000e-12  1.1400000    32.7593    32.7612     0.0020    25.4008    25.4018     24.274     24.455      0.782    1482.96    1482.98  0.000e+00
      26910     25.000     8.7850     8.7747    -0.0101    3.53083    3.53007          1     5.5086     5.4886       6.92     0.4036     0.2483  1.000e-12  1.1524000    33.2680    33.2697     0.0017    25.7955    25.7985     24.769     24.952      0.793    1483.68    1483.65  0.000e+00
      26926     25.500     8.6085     8.6112     0.0026    3.54288    3.54299          1     5.4661     5.4462       6.41     0.3585     0.3073  1.000e-12  1.1865000    33.5612    33.5598    -0.0014    26.0525    26.0510     25.264     25.448      0.717    1483.40    1483.41  0.000e+00
      26945     26.000     8.5277     8.5294     0.0018    3.57800    3.57764          1     5.4266     5.4082       5.84     0.3092     0.2817  1.000e-12  1.4844000    34.0086    34.0032    -0.0055    26.4156    26.4111     25.760     25.945      0.542    1483.66    1483.66  0.000e+00
      26976     26.500     8.5419     8.5471     0.0052    3.58529    3.58654          1     5.4179     5.4002       5.20     0.2636     0.2641  1.000e-12  1.9870000    34.0717    34.0798     0.0081    26.4629    26.4684     26.255     26.441      0.326    1483.79    1483.82  0.000e+00
      27014     27.000     8.5781     8.5824     0.0043    3.59364    3.59473          1     5.4264     5.4077       4.68     0.2297     0.2340  1.000e-12  1.9585000    34.1247    34.1320     0.0073    26.4988    26.5039     26.750     26.937      0.453    1484.00    1484.03  0.000e+00
      27034     27.500     8.6012     8.6009    -0.0003    3.60039    3.59999          1     5.4304     5.4109       4.31     0.2181     0.2364  1.000e-12  1.8900000    34.1734    34.1694    -0.0040    26.5334    26.5303     27.246     27.433      0.644    1484.16    1484.15  0.000e+00
      27051     28.000     8.6023     8.6023     0.0000    3.60338    3.60299          1     5.4500     5.4179       3.88     0.2115     0.2694  1.000e-12  1.8542000    34.2036    34.1995    -0.0041    26.5570    26.5538     27.741     27.929      0.618    1484.21    1484.20  0.000e+00
