ctdpy/tests/etc/all_smhi_bas_2018/SBE09_1044_20181114_1640_34_01_0146.cnv
* Sea-Bird SBE 9 Data File:
* FileName = C:\ctd\temp\ar18d146.hex
* Software Version Seasave V 7.26.7.107
* Temperature SN = 5351
* Conductivity SN = 3941
* Number of Bytes Per Scan = 41
* Number of Voltage Words = 4
* Number of Scans Averaged by the Deck Unit = 1
* NMEA Latitude = 58 35.62 N
* NMEA Longitude = 018 14.20 E
* NMEA UTC (Time) = Nov 14 2018  16:40:31
* NMEA baud rate = 4800
** Station:  BY31
** Operator:  JKro
** Ship: ARANDA
** Average sound velocity: 1448.41 m/s
** True-depth calculation Wed, 14 Nov 2018 19:17:05 +0000
** CTD Python Module SMHI /ver 3-12/ feb 2012 
** LIMS Job: 20183401-0146
** Cruise: SMHI-6-2018
** Latitude [GG MM.mm N]:
** Longitude [GG MM.mm E]
# nquan = 26
# nvalues = 880                         
# units = specified
# name 0 = scan: Scan Count
# name 1 = prDM: Pressure, Digiquartz [db]
# name 2 = t090C: Temperature [ITS-90, deg C]
# name 3 = t190C: Temperature, 2 [ITS-90, deg C]
# name 4 = T2-T190C: Temperature Difference, 2 - 1 [ITS-90, deg C]
# name 5 = c0S/m: Conductivity [S/m]
# name 6 = c1S/m: Conductivity, 2 [S/m]
# name 7 = pumps: Pump Status
# name 8 = sbeox0ML/L: Oxygen, SBE 43 [ml/l]
# name 9 = sbeox1ML/L: Oxygen, SBE 43, 2 [ml/l]
# name 10 = altM: Altimeter [m]
# name 11 = flECO-AFL: Chl-a Fluorescence, WET Labs ECO-AFL/FL [mg/m^3]
# name 12 = flECO-AFL1: Phycocyanin Fluorescence, WET Labs ECO-AFL/FL, 2 [mg/m^3]
# name 13 = par: PAR/Irradiance, Biospherical/Lico [µE/(cm^2*s)]
# name 14 = turbWETntu0: Turbidity, WET Labs ECO [NTU]
# name 15 = sal00: Salinity, Practical [PSU]
# name 16 = sal11: Salinity, Practical, 2 [PSU]
# name 17 = secS-priS: Salinity, Practical, Difference, 2 - 1 [PSU]
# name 18 = sigma-t00: Density [sigma-t, Kg/m^3 ]
# name 19 = sigma-t11: Density, 2 [sigma-t, Kg/m^3 ]
# name 20 = depSM: Depth [salt water, m], lat = 58.5937
# name 21 = depFM: Depth [true depth, m], lat = 58.5937
# name 22 = dz/dtM: Descent Rate [m/s], WS = 2
# name 23 = svCM: Sound Velocity [Chen-Millero, m/s]
# name 24 = svCM1: Sound Velocity, 2 [Chen-Millero, m/s]
# name 25 = flag: flag
# span 0 =      12663,      36311       
# span 1 =      1.000,    440.500       
# span 2 =     4.4712,     7.9326       
# span 3 =     4.4742,     7.9337       
# span 4 =    -0.0085,     0.0141       
# span 5 =   0.802402,   1.248946       
# span 6 =   0.802378,   1.248950       
# span 7 =          1,          1       
# span 8 =    0.00737,    7.70316       
# span 9 =    0.03667,    7.32873       
# span 10 =       3.54,      99.30      
# span 11 =     0.2565,     1.1812      
# span 12 =     0.1368,     0.3929      
# span 13 = -7.059e-05, 1.0941e+00      
# span 14 =     0.1486,     1.7715      
# span 15 =     6.8123,    11.4068      
# span 16 =     6.8120,    11.4063      
# span 17 =    -0.0075,     0.0012      
# span 18 =     5.2139,     8.9444      
# span 19 =     5.2135,     8.9439      
# span 20 =      0.991,    435.932      
# span 21 =      1.013,    444.969      
# span 22 =     -0.008,      0.612      
# span 23 =    1434.99,    1453.19      
# span 24 =    1435.00,    1453.20      
# span 25 = 0.0000e+00, 0.0000e+00      
# interval = decibars: 0.5              
# start_time = Nov 14 2018 16:40:32 [NMEA time, first data scan]
# bad_flag = -9.990e-29
*END*
      12663      1.000     7.9315     7.9337     0.0023    0.80475    0.80473          1     7.6871     7.3203      98.68     1.1812     0.3306  1.094e+00  0.2294000     6.8129     6.8122    -0.0006     5.2143     5.2137      0.991      1.013      0.211    1447.42    1447.43  0.000e+00
      12711      1.500     7.9297     7.9314     0.0017    0.80475    0.80473          1     7.6906     7.3202      98.68     1.1678     0.3507  3.241e-01  0.2402000     6.8132     6.8127    -0.0005     5.2147     5.2142      1.486      1.520      0.287    1447.42    1447.43  0.000e+00
      12749      2.000     7.9297     7.9309     0.0013    0.80474    0.80473          1     7.6938     7.3254      98.68     1.1266     0.3546  6.628e-02  0.2441000     6.8130     6.8127    -0.0003     5.2146     5.2143      1.981      2.027      0.359    1447.43    1447.43  0.000e+00
      12779      2.500     7.9305     7.9326     0.0021    0.80473    0.80471          1     7.6945     7.3255      98.68     1.1329     0.3367  2.861e-02  0.2565000     6.8127     6.8122    -0.0005     5.2143     5.2137      2.477      2.533      0.427    1447.44    1447.45  0.000e+00
      12806      3.000     7.9314     7.9327     0.0013    0.80471    0.80470          1     7.6975     7.3249      98.68     1.1308     0.3887  4.740e-03  0.2531000     6.8123     6.8120    -0.0003     5.2139     5.2135      2.972      3.040      0.434    1447.45    1447.46  0.000e+00
      12834      3.500     7.9305     7.9329     0.0024    0.80474    0.80471          1     7.7032     7.3287      98.68     1.1229     0.3250 -7.059e-05  0.2507000     6.8127     6.8120    -0.0007     5.2143     5.2135      3.467      3.546      0.424    1447.46    1447.46  0.000e+00
      12861      4.000     7.9326     7.9334     0.0009    0.80478    0.80477          1     7.7027     7.3286      98.68     1.1244     0.3929  1.000e-12  0.2425000     6.8125     6.8123    -0.0003     5.2140     5.2137      3.963      4.053      0.458    1447.47    1447.47  0.000e+00
      12888      4.500     7.9258     7.9281     0.0022    0.80484    0.80483          1     7.6955     7.3261      98.68     1.1233     0.3364  1.000e-12  0.3359000     6.8144     6.8138    -0.0005     5.2160     5.2154      4.458      4.560      0.435    1447.45    1447.46  0.000e+00
      12916      5.000     7.9244     7.9276     0.0033    0.80486    0.80485          1     7.6959     7.3229      98.68     1.0901     0.3240  1.000e-12  0.2838000     6.8148     6.8140    -0.0008     5.2164     5.2156      4.953      5.066      0.441    1447.46    1447.47  0.000e+00
      12942      5.500     7.9182     7.9191     0.0008    0.80492    0.80491          1     7.6963     7.3171      46.33     1.0618     0.3351  1.000e-12  0.2493000     6.8165     6.8163    -0.0002     5.2182     5.2180      5.449      5.573      0.510    1447.44    1447.45  0.000e+00
      12964      6.000     7.9154     7.9167     0.0013    0.80495    0.80494          1     7.6901     7.3061       7.64     1.0435     0.3073  1.000e-12  0.2539000     6.8172     6.8169    -0.0003     5.2190     5.2187      5.944      6.080      0.507    1447.44    1447.44  0.000e+00
      12990      6.500     7.9155     7.9167     0.0012    0.80496    0.80494          1     7.6832     7.3086       6.74     1.0438     0.2956  1.000e-12  0.2673000     6.8172     6.8169    -0.0003     5.2190     5.2187      6.439      6.586      0.424    1447.45    1447.45  0.000e+00
      13021      7.000     7.9123     7.9148     0.0025    0.80498    0.80497          1     7.6859     7.3105       6.43     1.0451     0.3231  1.000e-12  0.2506000     6.8180     6.8174    -0.0006     5.2199     5.2193      6.935      7.093      0.411    1447.44    1447.45  0.000e+00
      13047      7.500     7.9094     7.9110     0.0017    0.80500    0.80499          1     7.6848     7.3093       6.14     0.9979     0.3208  1.000e-12  0.2418000     6.8187     6.8183    -0.0004     5.2207     5.2202      7.430      7.599      0.501    1447.44    1447.45  0.000e+00
      13069      8.000     7.9094     7.9109     0.0015    0.80501    0.80500          1     7.6868     7.3091      20.78     0.9990     0.3221  1.000e-12  0.2433000     6.8188     6.8184    -0.0004     5.2207     5.2203      7.925      8.106      0.538    1447.45    1447.45  0.000e+00
      13092      8.500     7.9094     7.9107     0.0013    0.80502    0.80502          1     7.6844     7.3062      98.24     1.0008     0.3070  1.000e-12  0.2434000     6.8188     6.8185    -0.0003     5.2207     5.2204      8.421      8.613      0.508    1447.46    1447.46  0.000e+00
      13118      9.000     7.9070     7.9087     0.0017    0.80504    0.80503          1     7.6755     7.3099      98.68     1.0091     0.3178  1.000e-12  0.2334000     6.8193     6.8189    -0.0004     5.2213     5.2209      8.916      9.119      0.445    1447.46    1447.46  0.000e+00
      13145      9.500     7.9069     7.9086     0.0016    0.80504    0.80504          1     7.6867     7.3118      98.68     1.0117     0.3215  1.000e-12  0.2439000     6.8194     6.8190    -0.0004     5.2214     5.2209      9.411      9.626      0.467    1447.46    1447.47  0.000e+00
      13169     10.000     7.9069     7.9082     0.0014    0.80507    0.80506          1     7.6973     7.3095      98.68     1.0104     0.3218  1.000e-12  0.2474000     6.8195     6.8192    -0.0003     5.2215     5.2211      9.907     10.133      0.524    1447.47    1447.48  0.000e+00
      13191     10.500     7.9069     7.9083     0.0014    0.80510    0.80509          1     7.6920     7.3055      98.68     1.0106     0.3216  1.000e-12  0.2474000     6.8198     6.8194    -0.0003     5.2217     5.2213     10.402     10.639      0.533    1447.48    1447.48  0.000e+00
      13214     11.000     7.9067     7.9083     0.0015    0.80512    0.80511          1     7.6797     7.3016      98.68     1.0038     0.3220  1.000e-12  0.2511000     6.8199     6.8195    -0.0004     5.2218     5.2214     10.897     11.146      0.478    1447.49    1447.49  0.000e+00
      13242     11.500     7.9059     7.9075     0.0016    0.80515    0.80514          1     7.6756     7.3000      27.16     0.9967     0.3308  1.000e-12  0.2435000     6.8203     6.8199    -0.0004     5.2222     5.2217     11.393     11.652      0.421    1447.49    1447.50  0.000e+00
      13270     12.000     7.9061     7.9075     0.0014    0.80516    0.80516          1     7.6843     7.3103      42.44     0.9988     0.3364  1.000e-12  0.2434000     6.8203     6.8200    -0.0002     5.2222     5.2218     11.888     12.159      0.451    1447.50    1447.51  0.000e+00
      13295     12.500     7.9062     7.9077     0.0015    0.80518    0.80516          1     7.6847     7.3109      97.94     1.0003     0.3384  1.000e-12  0.2560000     6.8204     6.8200    -0.0004     5.2222     5.2218     12.383     12.666      0.520    1447.51    1447.51  0.000e+00
      13317     13.000     7.9057     7.9072     0.0015    0.80521    0.80519          1     7.6857     7.3084      98.67     1.0056     0.3241  1.000e-12  0.2569000     6.8207     6.8203    -0.0005     5.2225     5.2220     12.878     13.172      0.529    1447.52    1447.52  0.000e+00
      13341     13.500     7.9047     7.9063     0.0015    0.80525    0.80524          1     7.6849     7.3041      98.68     0.9864     0.3077  1.000e-12  0.2536000     6.8213     6.8208    -0.0004     5.2230     5.2226     13.374     13.679      0.474    1447.52    1447.53  0.000e+00
      13368     14.000     7.9027     7.9045     0.0018    0.80538    0.80536          1     7.6803     7.3007      98.68     0.9695     0.3166  1.000e-12  0.2584000     6.8228     6.8222    -0.0006     5.2244     5.2238     13.869     14.185      0.444    1447.52    1447.53  0.000e+00
      13394     14.500     7.9015     7.9033     0.0018    0.80547    0.80545          1     7.6751     7.3014      98.68     0.9749     0.3369  1.000e-12  0.2471000     6.8237     6.8232    -0.0005     5.2252     5.2247     14.364     14.692      0.482    1447.53    1447.53  0.000e+00
      13418     15.000     7.8957     7.8971     0.0013    0.80559    0.80557          1     7.6631     7.2941      98.68     0.9500     0.3328  1.000e-12  0.2447000     6.8259     6.8254    -0.0005     5.2274     5.2269     14.860     15.199      0.509    1447.51    1447.52  0.000e+00
      13442     15.500     7.8952     7.8969     0.0017    0.80588    0.80586          1     7.6573     7.2865      98.68     0.8912     0.3220  1.000e-12  0.2490000     6.8286     6.8281    -0.0005     5.2295     5.2290     15.355     15.705      0.491    1447.52    1447.53  0.000e+00
      13467     16.000     7.8950     7.8965     0.0015    0.80616    0.80616          1     7.6605     7.2827      98.68     0.8366     0.3226  1.000e-12  0.2388000     6.8311     6.8308    -0.0003     5.2315     5.2311     15.850     16.212      0.459    1447.53    1447.54  0.000e+00
      13494     16.500     7.8940     7.8954     0.0014    0.80638    0.80639          1     7.6541     7.2815      98.68     0.8220     0.3114  1.000e-12  0.2392000     6.8333     6.8331    -0.0002     5.2333     5.2330     16.346     16.719      0.452    1447.54    1447.54  0.000e+00
      13520     17.000     7.8931     7.8947     0.0015    0.80653    0.80652          1     7.6504     7.2823      98.68     0.8219     0.2737  1.000e-12  0.2423000     6.8348     6.8344    -0.0004     5.2345     5.2341     16.841     17.225      0.476    1447.55    1447.55  0.000e+00
      13544     17.500     7.8929     7.8944     0.0015    0.80657    0.80656          1     7.6523     7.2801      98.68     0.8219     0.3201  1.000e-12  0.2435000     6.8351     6.8347    -0.0004     5.2348     5.2344     17.336     17.732      0.484    1447.55    1447.56  0.000e+00
      13570     18.000     7.8932     7.8946     0.0014    0.80673    0.80667          1     7.6540     7.2709      98.68     0.8068     0.3219  1.000e-12  0.2505000     6.8364     6.8357    -0.0008     5.2358     5.2351     17.832     18.238      0.462    1447.56    1447.57  0.000e+00
      13596     18.500     7.8938     7.8954     0.0015    0.80698    0.80698          1     7.6518     7.2703      98.68     0.7878     0.3320  1.000e-12  0.2421000     6.8386     6.8383    -0.0003     5.2374     5.2371     18.327     18.745      0.454    1447.58    1447.58  0.000e+00
      13622     19.000     7.8930     7.8948     0.0018    0.80723    0.80716          1     7.6418     7.2733      98.68     0.7730     0.2904  1.000e-12  0.2285000     6.8409     6.8399    -0.0010     5.2394     5.2385     18.822     19.252      0.480    1447.58    1447.59  0.000e+00
      13646     19.500     7.8872     7.8887     0.0015    0.80823    0.80822          1     7.6258     7.2672      98.68     0.7554     0.2775  1.000e-12  0.2308000     6.8512     6.8508    -0.0004     5.2478     5.2474     19.317     19.758      0.508    1447.58    1447.59  0.000e+00
      13670     20.000     7.8829     7.8853     0.0025    0.80881    0.80869          1     7.6289     7.2653      98.68     0.7446     0.2886  1.000e-12  0.2299000     6.8572     6.8556    -0.0016     5.2529     5.2515     19.813     20.265      0.505    1447.58    1447.59  0.000e+00
      13694     20.500     7.8790     7.8812     0.0022    0.80929    0.80919          1     7.6351     7.2640      98.68     0.7302     0.2690  1.000e-12  0.2343000     6.8623     6.8610    -0.0013     5.2572     5.2560     20.308     20.772      0.472    1447.58    1447.58  0.000e+00
      13721     21.000     7.8748     7.8765     0.0017    0.81004    0.81002          1     7.6367     7.2590      98.68     0.7078     0.2979  1.000e-12  0.2399000     6.8698     6.8694    -0.0005     5.2634     5.2629     20.803     21.278      0.441    1447.58    1447.58  0.000e+00
      13748     21.500     7.8690     7.8718     0.0028    0.81085    0.81068          1     7.6157     7.2482      98.68     0.7162     0.3074  1.000e-12  0.2351000     6.8784     6.8762    -0.0021     5.2706     5.2687     21.299     21.785      0.448    1447.57    1447.58  0.000e+00
      13774     22.000     7.8463     7.8480     0.0016    0.81366    0.81366          1     7.5837     7.2339      98.68     0.7166     0.3204  1.000e-12  0.2271000     6.9083     6.9080    -0.0003     5.2959     5.2955     21.794     22.291      0.490    1447.53    1447.53  0.000e+00
      13798     22.500     7.8368     7.8386     0.0018    0.81564    0.81556          1     7.5521     7.2074      98.68     0.6627     0.3214  1.000e-12  0.2166000     6.9283     6.9272    -0.0012     5.3122     5.3112     22.289     22.798      0.504    1447.52    1447.52  0.000e+00
      13822     23.000     7.8081     7.8101     0.0020    0.82023    0.82019          1     7.5485     7.1942      98.68     0.5984     0.2673  1.000e-12  0.2189000     6.9758     6.9751    -0.0008     5.3517     5.3509     22.784     23.304      0.480    1447.47    1447.47  0.000e+00
      13848     23.500     7.8037     7.8046     0.0009    0.82479    0.82460          1     7.5650     7.2043      98.68     0.5535     0.2447  1.000e-12  0.2172000     7.0183     7.0165    -0.0019     5.3853     5.3838     23.280     23.811      0.452    1447.51    1447.51  0.000e+00
      13875     24.000     7.8084     7.8101     0.0017    0.82742    0.82742          1     7.5605     7.2128      98.68     0.5493     0.2684  1.000e-12  0.2116000     7.0415     7.0410    -0.0004     5.4031     5.4026     23.775     24.318      0.447    1447.57    1447.57  0.000e+00
      13901     24.500     7.7558     7.7575     0.0018    0.82771    0.82774          1     7.5094     7.1863      98.68     0.5363     0.2878  1.000e-12  0.2105000     7.0546     7.0545    -0.0001     5.4175     5.4173     24.270     24.824      0.485    1447.37    1447.38  0.000e+00
      13924     25.000     7.6529     7.6561     0.0031    0.82514    0.82518          1     7.4812     7.1595      98.68     0.4916     0.2617  1.000e-12  0.1920000     7.0517     7.0515    -0.0002     5.4231     5.4227     24.766     25.331      0.520    1446.95    1446.97  0.000e+00
      13947     25.500     7.5583     7.5611     0.0028    0.82363    0.82361          1     7.4836     7.1486      98.68     0.4409     0.2469  1.000e-12  0.1885000     7.0570     7.0563    -0.0007     5.4343     5.4336     25.261     25.837      0.496    1446.58    1446.59  0.000e+00
      13973     26.000     7.5460     7.5472     0.0012    0.82385    0.82381          1     7.4859     7.1409      98.68     0.4031     0.2453  1.000e-12  0.1784000     7.0614     7.0608    -0.0006     5.4387     5.4381     25.756     26.344      0.440    1446.54    1446.55  0.000e+00
      14002     26.500     7.5703     7.5724     0.0022    0.82500    0.82499          1     7.4891     7.1357      98.68     0.3994     0.2380  1.000e-12  0.1762000     7.0671     7.0665    -0.0005     5.4413     5.4407     26.251     26.850      0.427    1446.66    1446.66  0.000e+00
      14029     27.000     7.5871     7.5889     0.0017    0.82597    0.82594          1     7.4979     7.1385      98.68     0.4217     0.2698  1.000e-12  0.1718000     7.0725     7.0719    -0.0006     5.4443     5.4437     26.747     27.357      0.465    1446.74    1446.75  0.000e+00
      14054     27.500     7.5885     7.5894     0.0009    0.82642    0.82639          1     7.4786     7.1239      98.68     0.4364     0.2645  1.000e-12  0.1665000     7.0763     7.0759    -0.0004     5.4472     5.4468     27.242     27.863      0.502    1446.76    1446.76  0.000e+00
      14077     28.000     7.5772     7.5771    -0.0001    0.82614    0.82609          1     7.4728     7.1253      98.68     0.4259     0.2545  1.000e-12  0.1770000     7.0759     7.0756    -0.0004     5.4478     5.4475     27.737     28.370      0.520    1446.72    1446.72  0.000e+00
