ctdpy/tests/etc/all_smhi_bas_2018/SBE09_1044_20180128_1002_34_02_0024.cnv
* Sea-Bird SBE 9 Data File:
* FileName = C:\ctd\temp\2018\ME18D024.hex
* Software Version Seasave V 7.26.6.26
* Temperature SN = 5351
* Conductivity SN = 3941
* Number of Bytes Per Scan = 41
* Number of Voltage Words = 4
* Number of Scans Averaged by the Deck Unit = 1
* NMEA Latitude = 56 38.03 N
* NMEA Longitude = 019 35.12 E
* NMEA UTC (Time) = Jan 28 2018  10:03:02
* NMEA baud rate = 4800
** Station:  BY10
** Operator:  JKro
** Ship: MERI
** Average sound velocity: 1441.26 m/s
** True-depth calculation Sun, 28 Jan 2018 11:14:44 +0000
** CTD Python Module SMHI /ver 3-12/ feb 2012 
** LIMS Job: 20183402-0024
** Cruise: SMHI-01-2018
** Latitude [GG MM.mm N] :
** Longitude [GG MM.mm E]:
# nquan = 26
# nvalues = 269                         
# units = specified
# name 0 = scan: Scan Count
# name 1 = prDM: Pressure, Digiquartz [db]
# name 2 = t090C: Temperature [ITS-90, deg C]
# name 3 = t190C: Temperature, 2 [ITS-90, deg C]
# name 4 = T2-T190C: Temperature Difference, 2 - 1 [ITS-90, deg C]
# name 5 = c0S/m: Conductivity [S/m]
# name 6 = c1S/m: Conductivity, 2 [S/m]
# name 7 = pumps: Pump Status
# name 8 = sbeox0ML/L: Oxygen, SBE 43 [ml/l]
# name 9 = sbeox1ML/L: Oxygen, SBE 43, 2 [ml/l]
# name 10 = altM: Altimeter [m]
# name 11 = flECO-AFL: Chl-a Fluorescence, WET Labs ECO-AFL/FL [mg/m^3]
# name 12 = flECO-AFL1: Phycocyanin Fluorescence, WET Labs ECO-AFL/FL, 2 [mg/m^3]
# name 13 = par: PAR/Irradiance, Biospherical/Lico [µE/(cm^2*s)]
# name 14 = turbWETntu0: Turbidity, WET Labs ECO [NTU]
# name 15 = sal00: Salinity, Practical [PSU]
# name 16 = sal11: Salinity, Practical, 2 [PSU]
# name 17 = secS-priS: Salinity, Practical, Difference, 2 - 1 [PSU]
# name 18 = sigma-t00: Density [sigma-t, Kg/m^3 ]
# name 19 = sigma-t11: Density, 2 [sigma-t, Kg/m^3 ]
# name 20 = depSM: Depth [salt water, m], lat = 56.6338
# name 21 = depFM: Depth [true depth, m], lat = 56.6338
# name 22 = dz/dtM: Descent Rate [m/s], WS = 2
# name 23 = svCM: Sound Velocity [Chen-Millero, m/s]
# name 24 = svCM1: Sound Velocity, 2 [Chen-Millero, m/s]
# name 25 = flag: flag
# span 0 =      17026,      26328       
# span 1 =      2.000,    136.000       
# span 2 =     4.5697,     6.7868       
# span 3 =     4.5705,     6.7848       
# span 4 =    -0.0424,     0.0196       
# span 5 =   0.792083,   1.398240       
# span 6 =   0.792049,   1.397644       
# span 7 =          1,          1       
# span 8 =    0.01204,    8.12241       
# span 9 =    0.04915,    8.10123       
# span 10 =       1.90,      99.02      
# span 11 =     0.2490,     0.5016      
# span 12 =     0.2451,     0.3900      
# span 13 = -4.650e-05, 1.5595e+02      
# span 14 =     0.0953,     0.3331      
# span 15 =     7.3926,    12.7513      
# span 16 =     7.3921,    12.7462      
# span 17 =    -0.1093,     0.0406      
# span 18 =     5.8594,     9.9608      
# span 19 =     5.8588,     9.9570      
# span 20 =      1.982,    134.711      
# span 21 =      2.025,    137.500      
# span 22 =     -0.044,      1.482      
# span 23 =    1433.87,    1452.25      
# span 24 =    1433.87,    1452.23      
# span 25 = 0.0000e+00, 0.0000e+00      
# interval = decibars: 0.5              
# start_time = Jan 28 2018 10:03:02 [NMEA time, first data scan]
# bad_flag = -9.990e-29
*END*
      17026      2.000     4.6135     4.6282     0.0146    0.79307    0.79337          1     8.1016     8.1012       1.90     0.4769     0.2976  1.559e+02  0.1168000     7.3936     7.3932    -0.0004     5.8598     5.8590      1.982      2.025      0.346    1434.01    1434.08  0.000e+00
      17095      2.500     4.6208     4.6313     0.0102    0.79323    0.79343          1     8.1061     8.0966       2.96     0.4368     0.2864  1.406e+02  0.1279000     7.3934     7.3931    -0.0004     5.8594     5.8588      2.477      2.532      0.630    1434.05    1434.10  0.000e+00
      17117      3.000     4.5912     4.5937     0.0028    0.79251    0.79251          1     8.1139     8.0991       3.44     0.4321     0.3128  1.151e+02  0.1301000     7.3929     7.3923    -0.0006     5.8599     5.8594      2.972      3.038      0.664    1433.93    1433.94  0.000e+00
      17143      3.500     4.5749     4.5756     0.0007    0.79213    0.79209          1     8.0960     8.0898       3.15     0.4510     0.3233  1.009e+02  0.1230000     7.3926     7.3921    -0.0006     5.8603     5.8598      3.468      3.544      0.393    1433.87    1433.87  0.000e+00
      17178      4.000     4.5776     4.5785     0.0010    0.79221    0.79218          1     8.0995     8.0830       3.09     0.4790     0.3017  8.792e+01  0.1132000     7.3927     7.3922    -0.0005     5.8603     5.8598      3.963      4.050      0.447    1433.89    1433.89  0.000e+00
      17200      4.500     4.5832     4.5938     0.0105    0.79236    0.79258          1     8.1182     8.0830      83.86     0.4698     0.3569  7.694e+01  0.1279000     7.3929     7.3927    -0.0002     5.8602     5.8597      4.459      4.557      0.508    1433.92    1433.97  0.000e+00
      17230      5.000     4.5946     4.5980     0.0034    0.79265    0.79268          1     8.1224     8.0768      98.49     0.4661     0.3335  7.002e+01  0.1276000     7.3932     7.3927    -0.0005     5.8601     5.8596      4.954      5.063      0.307    1433.98    1433.99  0.000e+00
      17281      5.500     4.5769     4.5867     0.0097    0.79222    0.79239          1     8.1088     8.0768      98.68     0.4551     0.2998  6.227e+01  0.1259000     7.3928     7.3923    -0.0005     5.8603     5.8596      5.450      5.569      0.323    1433.91    1433.95  0.000e+00
      17312      6.000     4.5711     4.5723     0.0013    0.79209    0.79206          1     8.1024     8.0755      98.68     0.4384     0.3256  5.199e+01  0.1338000     7.3927     7.3921    -0.0006     5.8605     5.8600      5.945      6.076      0.354    1433.89    1433.89  0.000e+00
      17348      6.500     4.5704     4.5712     0.0008    0.79208    0.79205          1     8.0936     8.0617      98.68     0.4265     0.3148  4.386e+01  0.1224000     7.3927     7.3922    -0.0005     5.8605     5.8601      6.440      6.582      0.383    1433.89    1433.90  0.000e+00
      17373      7.000     4.5703     4.5711     0.0008    0.79210    0.79206          1     8.0899     8.0665      98.68     0.4532     0.3074  4.126e+01  0.1174000     7.3928     7.3923    -0.0006     5.8606     5.8601      6.936      7.088      0.549    1433.90    1433.90  0.000e+00
      17394      7.500     4.5700     4.5709     0.0008    0.79209    0.79205          1     8.0901     8.0677      98.68     0.4631     0.2916  3.932e+01  0.1194000     7.3927     7.3922    -0.0006     5.8605     5.8601      7.431      7.595      0.546    1433.91    1433.91  0.000e+00
      17422      8.000     4.5698     4.5706     0.0008    0.79210    0.79207          1     8.0953     8.0725      98.68     0.4513     0.2964  3.516e+01  0.1197000     7.3928     7.3923    -0.0005     5.8606     5.8602      7.927      8.101      0.331    1433.91    1433.92  0.000e+00
      17518      8.500     4.5702     4.5709     0.0007    0.79213    0.79209          1     8.0989     8.0657      98.68     0.5016     0.2940  2.355e+01  0.1243000     7.3929     7.3924    -0.0005     5.8607     5.8602      8.422      8.607      0.398    1433.92    1433.93  0.000e+00
      17534      9.000     4.5700     4.5709     0.0008    0.79213    0.79210          1     8.0978     8.0680      98.68     0.4681     0.3700  2.112e+01  0.1185000     7.3929     7.3925    -0.0005     5.8607     5.8603      8.917      9.113      0.622    1433.93    1433.93  0.000e+00
      17553      9.500     4.5699     4.5707     0.0008    0.79214    0.79211          1     8.0983     8.0705      98.68     0.4679     0.3698  2.053e+01  0.1261000     7.3929     7.3925    -0.0004     5.8607     5.8603      9.413      9.620      0.617    1433.94    1433.94  0.000e+00
      17575     10.000     4.5699     4.5707     0.0008    0.79214    0.79211          1     8.0947     8.0617      98.68     0.4559     0.3392  2.030e+01  0.1239000     7.3930     7.3924    -0.0005     5.8607     5.8603      9.908     10.126      0.452    1433.95    1433.95  0.000e+00
      17614     10.500     4.5697     4.5706     0.0008    0.79215    0.79212          1     8.0958     8.0569      98.68     0.4564     0.3053  1.972e+01  0.1232000     7.3930     7.3925    -0.0005     5.8608     5.8603     10.404     10.632      0.250    1433.95    1433.96  0.000e+00
      17689     11.000     4.5697     4.5705     0.0008    0.79216    0.79213          1     8.1002     8.0525      98.68     0.4595     0.3138  1.564e+01  0.1161000     7.3930     7.3926    -0.0005     5.8607     5.8604     10.899     11.139      0.273    1433.96    1433.97  0.000e+00
      17727     11.500     4.5699     4.5706     0.0007    0.79217    0.79213          1     8.1069     8.0535      98.68     0.4625     0.3371  1.314e+01  0.1247000     7.3930     7.3925    -0.0005     5.8607     5.8603     11.394     11.645      0.467    1433.97    1433.97  0.000e+00
      17750     12.000     4.5700     4.5707     0.0007    0.79217    0.79214          1     8.0991     8.0605      98.68     0.4555     0.2942  1.255e+01  0.1271000     7.3930     7.3925    -0.0004     5.8607     5.8603     11.890     12.151      0.513    1433.98    1433.98  0.000e+00
      17774     12.500     4.5699     4.5706     0.0007    0.79218    0.79216          1     8.1021     8.0585      98.69     0.4490     0.3635  1.249e+01  0.1303000     7.3931     7.3926    -0.0005     5.8608     5.8604     12.385     12.658      0.508    1433.99    1433.99  0.000e+00
      17798     13.000     4.5699     4.5706     0.0007    0.79219    0.79216          1     8.1031     8.0611      98.68     0.4458     0.3080  1.193e+01  0.1322000     7.3930     7.3926    -0.0005     5.8608     5.8604     12.881     13.164      0.429    1433.99    1434.00  0.000e+00
      17863     13.500     4.5700     4.5709     0.0008    0.79220    0.79217          1     8.1041     8.0696      98.37     0.4827     0.3289  1.071e+01  0.1281000     7.3931     7.3926    -0.0004     5.8608     5.8604     13.376     13.670      0.278    1434.00    1434.01  0.000e+00
      17910     14.000     4.5706     4.5712     0.0007    0.79222    0.79219          1     8.0970     8.0679      98.47     0.4846     0.3239  8.936e+00  0.1192000     7.3931     7.3926    -0.0004     5.8608     5.8604     13.871     14.176      0.495    1434.01    1434.02  0.000e+00
      17932     14.500     4.5702     4.5709     0.0007    0.79222    0.79219          1     8.1016     8.0656      98.68     0.4741     0.2962  7.997e+00  0.1180000     7.3931     7.3926    -0.0004     5.8608     5.8604     14.367     14.683      0.496    1434.02    1434.02  0.000e+00
      17963     15.000     4.5700     4.5708     0.0008    0.79222    0.79219          1     8.0979     8.0563      98.69     0.4816     0.3050  7.719e+00  0.1282000     7.3931     7.3925    -0.0005     5.8608     5.8603     14.862     15.189      0.307    1434.03    1434.03  0.000e+00
      18016     15.500     4.5700     4.5708     0.0009    0.79223    0.79220          1     8.0983     8.0658      51.19     0.4552     0.3195  7.883e+00  0.1184000     7.3931     7.3926    -0.0005     5.8608     5.8604     15.358     15.695      0.322    1434.03    1434.04  0.000e+00
      18042     16.000     4.5701     4.5711     0.0010    0.79224    0.79221          1     8.1059     8.0673      98.45     0.4556     0.2968  7.652e+00  0.1221000     7.3931     7.3926    -0.0005     5.8608     5.8604     15.853     16.202      0.482    1434.04    1434.05  0.000e+00
      18070     16.500     4.5703     4.5711     0.0008    0.79225    0.79222          1     8.1084     8.0627      98.69     0.4461     0.2973  6.250e+00  0.1343000     7.3931     7.3926    -0.0005     5.8608     5.8604     16.348     16.708      0.299    1434.05    1434.05  0.000e+00
      18131     17.000     4.5702     4.5710     0.0008    0.79226    0.79223          1     8.1032     8.0545      93.59     0.4605     0.3618  5.698e+00  0.1297000     7.3931     7.3926    -0.0005     5.8608     5.8604     16.844     17.214      0.294    1434.06    1434.06  0.000e+00
      18162     17.500     4.5705     4.5712     0.0007    0.79227    0.79224          1     8.1038     8.0491      64.33     0.4512     0.3090  5.512e+00  0.1179000     7.3932     7.3926    -0.0006     5.8608     5.8604     17.339     17.721      0.417    1434.07    1434.07  0.000e+00
      18195     18.000     4.5706     4.5714     0.0008    0.79229    0.79225          1     8.1107     8.0537      96.00     0.4576     0.2936  5.410e+00  0.1152000     7.3932     7.3926    -0.0006     5.8609     5.8604     17.834     18.227      0.291    1434.08    1434.08  0.000e+00
      18249     18.500     4.5707     4.5715     0.0007    0.79230    0.79226          1     8.1076     8.0652      98.69     0.4617     0.3246  4.686e+00  0.1423000     7.3932     7.3927    -0.0005     5.8609     5.8605     18.330     18.733      0.253    1434.08    1434.09  0.000e+00
      18283     19.000     4.5709     4.5718     0.0009    0.79231    0.79228          1     8.1028     8.0545      98.69     0.4613     0.2936  4.997e+00  0.1330000     7.3932     7.3927    -0.0005     5.8609     5.8604     18.825     19.239      0.481    1434.09    1434.10  0.000e+00
      18304     19.500     4.5713     4.5721     0.0008    0.79232    0.79229          1     8.0914     8.0465      98.69     0.4320     0.3450  4.810e+00  0.1187000     7.3932     7.3927    -0.0005     5.8609     5.8604     19.321     19.746      0.577    1434.10    1434.11  0.000e+00
      18324     20.000     4.5714     4.5720     0.0007    0.79233    0.79230          1     8.0862     8.0534      98.69     0.4566     0.3190  4.106e+00  0.1239000     7.3932     7.3928    -0.0004     5.8609     5.8605     19.816     20.252      0.560    1434.11    1434.11  0.000e+00
      18367     20.500     4.5710     4.5717     0.0007    0.79233    0.79229          1     8.0898     8.0567      89.08     0.4643     0.3194  3.671e+00  0.1292000     7.3932     7.3927    -0.0005     5.8608     5.8604     20.311     20.758      0.382    1434.12    1434.12  0.000e+00
      18452     21.000     4.5703     4.5712     0.0010    0.79230    0.79228          1     8.0941     8.0552      99.02     0.4798     0.3191  4.042e+00  0.1166000     7.3930     7.3926    -0.0005     5.8608     5.8604     20.807     21.265      0.729    1434.12    1434.13  0.000e+00
      18464     21.500     4.5701     4.5710     0.0009    0.79231    0.79228          1     8.0986     8.0567      98.68     0.4801     0.3202  3.615e+00  0.1226000     7.3930     7.3926    -0.0004     5.8608     5.8604     21.302     21.771      0.880    1434.13    1434.13  0.000e+00
      18477     22.000     4.5704     4.5709     0.0006    0.79231    0.79229          1     8.0990     8.0646      98.68     0.4801     0.3360  3.268e+00  0.1352000     7.3929     7.3926    -0.0003     5.8607     5.8604     21.797     22.277      0.891    1434.14    1434.14  0.000e+00
      18490     22.500     4.5703     4.5710     0.0007    0.79232    0.79229          1     8.1000     8.0750      98.69     0.4723     0.3308  2.985e+00  0.1361000     7.3930     7.3925    -0.0005     5.8607     5.8603     22.293     22.784      0.764    1434.15    1434.15  0.000e+00
      18528     23.000     4.5706     4.5713     0.0007    0.79234    0.79231          1     8.1062     8.0719      98.69     0.4531     0.3175  2.710e+00  0.1267000     7.3931     7.3926    -0.0005     5.8608     5.8604     22.788     23.290      0.447    1434.16    1434.16  0.000e+00
      18621     23.500     4.5706     4.5712     0.0007    0.79235    0.79231          1     8.1035     8.0595      98.69     0.4440     0.3528  2.976e+00  0.1134000     7.3931     7.3926    -0.0005     5.8608     5.8604     23.284     23.796      0.580    1434.16    1434.17  0.000e+00
      18639     24.000     4.5710     4.5715     0.0005    0.79237    0.79233          1     8.0985     8.0559      98.69     0.4448     0.3510  2.663e+00  0.1233000     7.3931     7.3927    -0.0005     5.8608     5.8604     23.779     24.302      0.673    1434.17    1434.17  0.000e+00
      18656     24.500     4.5708     4.5714     0.0006    0.79236    0.79234          1     8.0935     8.0561      98.69     0.4554     0.3640  2.319e+00  0.1235000     7.3931     7.3927    -0.0004     5.8608     5.8604     24.274     24.809      0.656    1434.18    1434.18  0.000e+00
      18676     25.000     4.5704     4.5713     0.0009    0.79236    0.79233          1     8.0971     8.0599      98.69     0.4475     0.3275  2.183e+00  0.1201000     7.3930     7.3926    -0.0005     5.8608     5.8604     24.770     25.315      0.530    1434.19    1434.19  0.000e+00
      18706     25.500     4.5701     4.5710     0.0009    0.79236    0.79234          1     8.1105     8.0617      98.69     0.4534     0.2964  2.065e+00  0.1226000     7.3931     7.3926    -0.0004     5.8608     5.8604     25.265     25.821      0.262    1434.19    1434.20  0.000e+00
      18784     26.000     4.5702     4.5710     0.0008    0.79237    0.79234          1     8.0899     8.0579      98.69     0.4488     0.3229  1.990e+00  0.1257000     7.3931     7.3926    -0.0005     5.8608     5.8604     25.760     26.328      0.307    1434.20    1434.20  0.000e+00
      18812     26.500     4.5705     4.5713     0.0008    0.79239    0.79236          1     8.0987     8.0602      98.69     0.4315     0.3564  1.910e+00  0.1306000     7.3931     7.3926    -0.0004     5.8608     5.8604     26.256     26.834      0.479    1434.21    1434.21  0.000e+00
      18836     27.000     4.5705     4.5714     0.0010    0.79239    0.79237          1     8.0961     8.0620      98.69     0.4551     0.3460  1.673e+00  0.1242000     7.3931     7.3926    -0.0005     5.8608     5.8604     26.751     27.340      0.475    1434.22    1434.22  0.000e+00
      18864     27.500     4.5705     4.5713     0.0008    0.79240    0.79237          1     8.0931     8.0660      98.69     0.4525     0.3168  1.542e+00  0.1234000     7.3931     7.3926    -0.0005     5.8608     5.8604     27.246     27.847      0.388    1434.23    1434.23  0.000e+00
      18906     28.000     4.5702     4.5710     0.0008    0.79239    0.79237          1     8.1024     8.0695      98.69     0.4446     0.3421  1.477e+00  0.1234000     7.3930     7.3926    -0.0004     5.8608     5.8604     27.742     28.353      0.231    1434.23    1434.24  0.000e+00
      18958     28.500     4.5702     4.5709     0.0007    0.79240    0.79237          1     8.1097     8.0577      98.69     0.4448     0.3046  1.328e+00  0.1378000     7.3931     7.3925    -0.0005     5.8608     5.8603     28.237     28.859      0.353    1434.24    1434.24  0.000e+00
      18983     29.000     4.5706     4.5712     0.0006    0.79242    0.79238          1     8.0981     8.0606      98.69     0.4458     0.3520  1.308e+00  0.1272000     7.3931     7.3926    -0.0006     5.8608     5.8603     28.733     29.365      0.551    1434.25    1434.25  0.000e+00
