ctdpy/tests/etc/all_smhi_bas_2018/SBE09_0827_20181007_1524_26_01_1037.cnv
* Sea-Bird SBE 9 Data File:
* FileName = D:\CTD_SBE911\DAT\26DA.2018.10.37.hex
* Software Version Seasave V 7.21d
* Temperature SN = 4548
* Conductivity SN = 3062
* Number of Bytes Per Scan = 48
* Number of Voltage Words = 5
* Number of Scans Averaged by the Deck Unit = 1
* NMEA Latitude = 58 16.44 N
* NMEA Longitude = 018 30.83 E
* NMEA UTC (Time) = Oct 07 2018  15:26:47
* NMEA baud rate = 4800
** Ship: DANA
** Average sound velocity: 1442.73 m/s
** True-depth calculation Thu, 28 Mar 2019 12:20:44 +0000
** CTD Python Module SMHI /ver 3-12/ feb 2012 
** LIMS Job: 20182601-1037
**  20 W Gotska Sandön
** Operator: Christian
** Cruise: 10/2018
# nquan = 26
# nvalues = 157                         
# units = specified
# name 0 = scan: Scan Count
# name 1 = prDM: Pressure, Digiquartz [db]
# name 2 = t090C: Temperature [ITS-90, deg C]
# name 3 = t190C: Temperature, 2 [ITS-90, deg C]
# name 4 = T2-T190C: Temperature Difference, 2 - 1 [ITS-90, deg C]
# name 5 = c0S/m: Conductivity [S/m]
# name 6 = c1S/m: Conductivity, 2 [S/m]
# name 7 = pumps: Pump Status
# name 8 = sbeox1ML/L: Oxygen, SBE 43, 2 [ml/l]
# name 9 = sbeox0ML/L: Oxygen, SBE 43 [ml/l]
# name 10 = altM: Altimeter [m]
# name 11 = chloroflTC0: Chlorophyll, Turner Cyclops [ug/l]
# name 12 = cpar: CPAR/Corrected Irradiance [%]
# name 13 = par: PAR/Irradiance, Biospherical/Lico [µE/(cm^2*s)]
# name 14 = spar: SPAR, Biospherical/Licor
# name 15 = sal00: Salinity, Practical [PSU]
# name 16 = sal11: Salinity, Practical, 2 [PSU]
# name 17 = secS-priS: Salinity, Practical, Difference, 2 - 1 [PSU]
# name 18 = sigma-t00: Density [sigma-t, kg/m^3 ]
# name 19 = sigma-t11: Density, 2 [sigma-t, kg/m^3 ]
# name 20 = depSM: Depth [salt water, m], lat = 58.274
# name 21 = depFM: Depth [true depth, m], lat = 58.274
# name 22 = dz/dtM: Descent Rate [m/s], WS = 2
# name 23 = svCM: Sound Velocity [Chen-Millero, m/s]
# name 24 = svCM1: Sound Velocity, 2 [Chen-Millero, m/s]
# name 25 = flag: flag
# span 0 =        179,       8970       
# span 1 =      1.000,     79.000       
# span 2 =     3.6100,    10.5209       
# span 3 =     3.6168,    10.5210       
# span 4 =    -0.1716,     0.0995       
# span 5 =   0.767415,   1.149409       
# span 6 =   0.767857,   1.145405       
# span 7 =          1,          1       
# span 8 =     0.0524,     7.7639       
# span 9 =     0.0533,     7.3099       
# span 10 =       1.16,      10.00      
# span 11 =     0.0158,     0.0341      
# span 12 = -1.493e-06, 4.6641e+00      
# span 13 = -5.169e-06, 1.5513e+01      
# span 14 = 3.2788e+02, 3.9283e+02      
# span 15 =     6.9513,    10.6263      
# span 16 =     6.9513,    10.5922      
# span 17 =    -0.1962,     0.0202      
# span 18 =     5.0737,     8.3584      
# span 19 =     5.0737,     8.3327      
# span 20 =      0.991,     78.251      
# span 21 =      1.013,     79.953      
# span 22 =     -0.090,      0.465      
# span 23 =    1430.08,    1458.09      
# span 24 =    1430.10,    1458.09      
# span 25 = 0.0000e+00, 0.0000e+00      
# interval = decibars: 0.5              
# start_time = Oct 07 2018 15:26:48 [NMEA time, first data scan]
# bad_flag = -9.990e-29
*END*
        179      1.000    10.5178    10.5181     0.0003    0.87693    0.87694          1     7.3535     6.8680       9.99     0.0327  4.664e+00  1.551e+01  3.323e+02     6.9513     6.9514     0.0001     5.0740     5.0741      0.991      1.013      0.195    1457.86    1457.86  0.000e+00
        291      1.500    10.5178    10.5180     0.0002    0.87693    0.87695          1     7.3507     6.8847      10.00     0.0333  3.810e+00  1.269e+01  3.329e+02     6.9513     6.9514     0.0001     5.0740     5.0741      1.486      1.520      0.261    1457.87    1457.87  0.000e+00
        336      2.000    10.5178    10.5184     0.0006    0.87694    0.87696          1     7.3544     6.8724      10.00     0.0317  2.934e+00  9.832e+00  3.351e+02     6.9513     6.9514     0.0001     5.0740     5.0740      1.981      2.027      0.304    1457.88    1457.88  0.000e+00
        396      2.500    10.5181    10.5184     0.0003    0.87696    0.87697          1     7.3517     6.8771       9.99     0.0328  2.543e+00  8.474e+00  3.331e+02     6.9514     6.9514     0.0000     5.0741     5.0740      2.477      2.533      0.220    1457.89    1457.89  0.000e+00
        447      3.000    10.5183    10.5187     0.0004    0.87697    0.87699          1     7.3520     6.8756       9.99     0.0321  1.943e+00  6.542e+00  3.368e+02     6.9514     6.9515     0.0001     5.0740     5.0741      2.972      3.040      0.331    1457.90    1457.90  0.000e+00
        482      3.500    10.5184    10.5187     0.0004    0.87698    0.87699          1     7.3559     6.8744       9.99     0.0312  1.734e+00  5.848e+00  3.372e+02     6.9514     6.9515     0.0000     5.0741     5.0741      3.467      3.547      0.313    1457.91    1457.91  0.000e+00
        543      4.000    10.5184    10.5188     0.0005    0.87699    0.87701          1     7.3547     6.8749       9.99     0.0335  1.295e+00  4.309e+00  3.326e+02     6.9514     6.9515     0.0001     5.0741     5.0741      3.963      4.054      0.230    1457.91    1457.92  0.000e+00
        592      4.500    10.5187    10.5191     0.0004    0.87700    0.87701          1     7.3538     6.8749       9.99     0.0322  1.194e+00  3.976e+00  3.331e+02     6.9514     6.9514     0.0000     5.0740     5.0740      4.458      4.560      0.354    1457.92    1457.92  0.000e+00
        629      5.000    10.5187    10.5190     0.0004    0.87701    0.87702          1     7.3551     6.8798       9.99     0.0337  8.881e-01  2.929e+00  3.297e+02     6.9514     6.9514     0.0000     5.0740     5.0740      4.954      5.067      0.258    1457.93    1457.93  0.000e+00
        686      5.500    10.5185    10.5186     0.0002    0.87700    0.87702          1     7.3584     6.8756       9.99     0.0341  7.493e-01  2.514e+00  3.355e+02     6.9514     6.9515     0.0001     5.0740     5.0741      5.449      5.574      0.268    1457.94    1457.94  0.000e+00
        724      6.000    10.5188    10.5192     0.0004    0.87702    0.87703          1     7.3558     6.8741       9.98     0.0333  6.448e-01  2.152e+00  3.336e+02     6.9514     6.9514     0.0000     5.0740     5.0739      5.944      6.080      0.288    1457.95    1457.95  0.000e+00
        776      6.500    10.5190    10.5197     0.0007    0.87702    0.87704          1     7.3565     6.8796       9.98     0.0333  4.933e-01  1.648e+00  3.342e+02     6.9514     6.9514     0.0000     5.0739     5.0739      6.440      6.587      0.226    1457.95    1457.96  0.000e+00
        820      7.000    10.5192    10.5193     0.0001    0.87703    0.87704          1     7.3464     6.8792       9.98     0.0322  4.393e-01  1.465e+00  3.335e+02     6.9513     6.9514     0.0001     5.0739     5.0739      6.935      7.094      0.294    1457.96    1457.96  0.000e+00
        874      7.500    10.5188    10.5188     0.0001    0.87703    0.87704          1     7.3453     6.8813       9.98     0.0337  3.565e-01  1.169e+00  3.279e+02     6.9514     6.9514     0.0001     5.0740     5.0740      7.430      7.600      0.216    1457.97    1457.97  0.000e+00
        924      8.000    10.5182    10.5184     0.0002    0.87703    0.87704          1     7.3485     6.8749       9.98     0.0321  2.929e-01  9.690e-01  3.309e+02     6.9514     6.9515     0.0001     5.0741     5.0741      7.926      8.107      0.313    1457.98    1457.98  0.000e+00
        963      8.500    10.5197    10.5191    -0.0006    0.87706    0.87705          1     7.3489     6.8696       9.97     0.0312  2.403e-01  7.926e-01  3.299e+02     6.9513     6.9514     0.0001     5.0739     5.0740      8.421      8.614      0.264    1457.99    1457.99  0.000e+00
       1014      9.000    10.5202    10.5208     0.0007    0.87707    0.87709          1     7.3498     6.8811       9.97     0.0331  1.917e-01  6.423e-01  3.351e+02     6.9513     6.9513    -0.0000     5.0737     5.0737      8.916      9.121      0.248    1458.00    1458.00  0.000e+00
       1057      9.500    10.5206    10.5208     0.0002    0.87708    0.87709          1     7.3574     6.8825       9.97     0.0321  1.595e-01  5.375e-01  3.371e+02     6.9513     6.9513     0.0000     5.0737     5.0737      9.412      9.627      0.279    1458.01    1458.01  0.000e+00
       1105     10.000    10.5204    10.5210     0.0006    0.87709    0.87711          1     7.3566     6.8780       9.97     0.0336  1.262e-01  4.255e-01  3.371e+02     6.9513     6.9513     0.0000     5.0737     5.0737      9.907     10.134      0.231    1458.02    1458.02  0.000e+00
       1157     10.500    10.5209    10.5205    -0.0004    0.87710    0.87710          1     7.3526     6.8782       9.97     0.0332  1.003e-01  3.346e-01  3.335e+02     6.9513     6.9513     0.0000     5.0737     5.0737     10.402     10.641      0.242    1458.03    1458.02  0.000e+00
       1206     11.000    10.5201    10.5202     0.0001    0.87709    0.87710          1     7.3480     6.8820       9.97     0.0325  8.067e-02  2.664e-01  3.303e+02     6.9513     6.9513     0.0001     5.0737     5.0738     10.898     11.147      0.238    1458.03    1458.03  0.000e+00
       1257     11.500    10.5197    10.5206     0.0009    0.87709    0.87712          1     7.3476     6.8811       9.97     0.0317  5.866e-02  1.959e-01  3.340e+02     6.9513     6.9513     0.0000     5.0738     5.0737     11.393     11.654      0.252    1458.04    1458.04  0.000e+00
       1299     12.000    10.5180    10.5181     0.0001    0.87707    0.87708          1     7.3444     6.8815       9.97     0.0324  4.300e-02  1.454e-01  3.383e+02     6.9514     6.9514     0.0000     5.0741     5.0741     11.888     12.161      0.310    1458.04    1458.04  0.000e+00
       1339     12.500    10.5174    10.5176     0.0002    0.87707    0.87708          1     7.3488     6.8865       9.97     0.0313  2.784e-02  9.559e-02  3.436e+02     6.9514     6.9515     0.0001     5.0742     5.0742     12.383     12.667      0.276    1458.05    1458.05  0.000e+00
       1390     13.000    10.5165    10.5158    -0.0008    0.87706    0.87705          1     7.3471     6.8800       9.96     0.0322  1.667e-02  5.732e-02  3.434e+02     6.9514     6.9516     0.0001     5.0743     5.0745     12.879     13.174      0.212    1458.05    1458.05  0.000e+00
       1443     13.500    10.5152    10.5148    -0.0004    0.87704    0.87705          1     7.3517     6.8810       9.96     0.0322  5.158e-03  1.762e-02  3.426e+02     6.9515     6.9516     0.0001     5.0745     5.0746     13.374     13.681      0.268    1458.05    1458.05  0.000e+00
       1483     14.000    10.5146    10.5145    -0.0001    0.87704    0.87704          1     7.3509     6.8787       9.96     0.0306  2.546e-04  8.738e-04  3.444e+02     6.9516     6.9516     0.0001     5.0746     5.0746     13.869     14.188      0.282    1458.06    1458.06  0.000e+00
       1534     14.500    10.5142    10.5148     0.0006    0.87704    0.87706          1     7.3510     6.8766       9.96     0.0335 -1.493e-06 -5.169e-06  3.383e+02     6.9516     6.9516     0.0001     5.0746     5.0746     14.365     14.694      0.216    1458.07    1458.07  0.000e+00
       1583     15.000    10.5140    10.5138    -0.0002    0.87704    0.87705          1     7.3508     6.8781       9.96     0.0322  2.879e-13  1.000e-12  3.474e+02     6.9516     6.9517     0.0001     5.0747     5.0748     14.860     15.201      0.295    1458.07    1458.07  0.000e+00
       1621     15.500    10.5138    10.5147     0.0009    0.87705    0.87706          1     7.3447     6.8774       9.96     0.0308  2.870e-13  1.000e-12  3.484e+02     6.9516     6.9516    -0.0000     5.0747     5.0746     15.355     15.708      0.301    1458.08    1458.08  0.000e+00
       1670     16.000    10.5130    10.5129    -0.0001    0.87704    0.87705          1     7.3480     6.8725       9.96     0.0330  2.879e-13  1.000e-12  3.474e+02     6.9516     6.9517     0.0001     5.0748     5.0749     15.851     16.214      0.212    1458.09    1458.09  0.000e+00
       1723     16.500    10.5101    10.5098    -0.0003    0.87699    0.87700          1     7.3396     6.8748       9.96     0.0319  2.864e-13  1.000e-12  3.492e+02     6.9517     6.9519     0.0001     5.0752     5.0754     16.346     16.721      0.282    1458.08    1458.08  0.000e+00
       1763     17.000    10.5080    10.5062    -0.0018    0.87696    0.87694          1     7.3541     6.8975       9.96     0.0309  2.912e-13  1.000e-12  3.434e+02     6.9518     6.9520     0.0002     5.0756     5.0759     16.841     17.228      0.276    1458.08    1458.08  0.000e+00
       1813     17.500    10.4826    10.4937     0.0112    0.87640    0.87674          1     7.3289     6.9149       9.96     0.0317  2.888e-13  1.000e-12  3.462e+02     6.9518     6.9526     0.0008     5.0784     5.0778     17.337     17.734      0.241    1457.99    1458.04  0.000e+00
       1855     18.000    10.1683    10.0801    -0.0880    0.87036    0.86939          1     7.1755     6.7832       9.96     0.0302  2.836e-13  1.000e-12  3.526e+02     6.9599     6.9684     0.0085     5.1193     5.1352     17.832     18.241      0.317    1456.80    1456.46  0.000e+00
       1894     18.500     9.8842     9.8092    -0.0752    0.86533    0.86441          1     7.1777     6.7517       9.96     0.0273  2.840e-13  1.000e-12  3.522e+02     6.9709     6.9774     0.0064     5.1582     5.1710     18.327     18.748      0.273    1455.71    1455.43  0.000e+00
       1944     19.000     9.7758     9.7596    -0.0162    0.86365    0.86362          1     7.1895     6.7728       9.96     0.0259  2.815e-13  1.000e-12  3.553e+02     6.9771     6.9801     0.0029     5.1744     5.1783     18.823     19.254      0.231    1455.30    1455.24  0.000e+00
       1994     19.500     9.6493     9.6862     0.0369    0.86152    0.86238          1     7.2338     6.7970       9.96     0.0251  2.861e-13  1.000e-12  3.495e+02     6.9830     6.9834     0.0004     5.1919     5.1884     19.318     19.761      0.259    1454.82    1454.97  0.000e+00
       2040     20.000     9.4126     9.3587    -0.0536    0.85779    0.85737          1     7.1882     6.7706       9.96     0.0255  2.911e-13  1.000e-12  3.435e+02     6.9963     7.0032     0.0069     5.2259     5.2364     19.813     20.268      0.247    1453.91    1453.71  0.000e+00
       2090     20.500     9.0138     8.9073    -0.1070    0.85102    0.85003          1     7.1815     6.7624       9.96     0.0237  2.897e-13  1.000e-12  3.452e+02     7.0145     7.0267     0.0122     5.2785     5.2981     20.309     20.774      0.264    1452.36    1451.95  0.000e+00
       2129     21.000     8.7963     8.7739    -0.0222    0.84796    0.84803          1     7.2153     6.8001       9.96     0.0222  2.871e-13  1.000e-12  3.484e+02     7.0301     7.0352     0.0051     5.3109     5.3169     20.804     21.281      0.331    1451.52    1451.43  0.000e+00
       2169     21.500     8.7411     8.7281    -0.0127    0.84727    0.84751          1     7.2359     6.8566       9.96     0.0220  2.840e-13  1.000e-12  3.521e+02     7.0348     7.0396     0.0047     5.3195     5.3244     21.299     21.787      0.252    1451.31    1451.26  0.000e+00
       2221     22.000     8.3414     8.3874     0.0453    0.84028    0.84181          1     7.2184     6.9720       9.96     0.0224  2.806e-13  1.000e-12  3.564e+02     7.0516     7.0562     0.0046     5.3676     5.3672     21.794     22.294      0.267    1449.72    1449.91  0.000e+00
       2260     22.500     7.5900     7.6479     0.0576    0.82453    0.82799          1     7.2552     6.8775       9.96     0.0213  2.803e-13  1.000e-12  3.568e+02     7.0590     7.0791     0.0202     5.4320     5.4435     22.290     22.801      0.282    1446.65    1446.92  0.000e+00
       2309     23.000     6.7663     6.8656     0.0995    0.80733    0.80976          1     7.5199     7.0161       9.96     0.0197  2.860e-13  1.000e-12  3.496e+02     7.0673     7.0697     0.0024     5.4971     5.4924     22.785     23.307      0.237    1443.24    1443.66  0.000e+00
       2360     23.500     6.6970     6.5256    -0.1716    0.80546    0.80293          1     7.6165     7.1814       9.96     0.0213  2.905e-13  1.000e-12  3.442e+02     7.0639     7.0754     0.0115     5.4987     5.5184     23.280     23.814      0.227    1442.95    1442.24  0.000e+00
       2408     24.000     6.4071     6.3895    -0.0176    0.80057    0.80075          1     7.6772     7.2198       9.96     0.0221  2.871e-13  1.000e-12  3.483e+02     7.0775     7.0829     0.0054     5.5271     5.5323     23.776     24.320      0.320    1441.75    1441.68  0.000e+00
       2441     24.500     6.2438     6.2503     0.0065    0.79820    0.79898          1     7.7434     7.2472       9.96     0.0227  2.839e-13  1.000e-12  3.523e+02     7.0888     7.0950     0.0061     5.5454     5.5498     24.271     24.826      0.345    1441.08    1441.11  0.000e+00
       2487     25.000     6.2071     6.1862    -0.0208    0.79828    0.79871          1     7.7639     7.3099       9.96     0.0239  2.795e-13  1.000e-12  3.578e+02     7.0972     7.1057     0.0085     5.5540     5.5619     24.766     25.333      0.212    1440.94    1440.86  0.000e+00
       2538     25.500     6.0483     6.0486     0.0002    0.79577    0.79650          1     7.6533     7.2924       9.96     0.0234  2.751e-13  1.000e-12  3.634e+02     7.1063     7.1133     0.0069     5.5699     5.5753     25.262     25.839      0.323    1440.28    1440.29  0.000e+00
       2574     26.000     5.7499     5.7769     0.0272    0.79100    0.79232          1     7.6061     7.2565       9.96     0.0221  2.786e-13  1.000e-12  3.589e+02     7.1232     7.1302     0.0070     5.5984     5.6026     25.757     26.346      0.288    1439.02    1439.15  0.000e+00
       2635     26.500     5.4648     5.5105     0.0466    0.78696    0.78869          1     7.5478     7.1892       9.96     0.0218  2.855e-13  1.000e-12  3.502e+02     7.1443     7.1514     0.0071     5.6286     5.6320     26.252     26.852      0.213    1437.82    1438.03  0.000e+00
       2682     27.000     5.0340     5.0307    -0.0033    0.78049    0.78136          1     7.5258     7.1581       9.96     0.0205  2.853e-13  1.000e-12  3.506e+02     7.1730     7.1822     0.0092     5.6696     5.6770     26.747     27.359      0.323    1435.98    1435.98  0.000e+00
       2719     27.500     4.8842     4.8899     0.0057    0.77847    0.77928          1     7.4943     7.1345       9.96     0.0194  2.838e-13  1.000e-12  3.524e+02     7.1852     7.1920     0.0068     5.6851     5.6903     27.243     27.865      0.295    1435.35    1435.38  0.000e+00
       2765     28.000     4.6941     4.6994     0.0053    0.77609    0.77698          1     7.4803     7.0819       9.96     0.0186  2.798e-13  1.000e-12  3.574e+02     7.2027     7.2105     0.0077     5.7057     5.7117     27.738     28.371      0.254    1434.54    1434.57  0.000e+00
