ctdpy/tests/etc/all_smhi_bas_2018/SBE09_1044_20181113_0003_34_01_0141.cnv
* Sea-Bird SBE 9 Data File:
* FileName = C:\ctd\temp\ar18d141.hex
* Software Version Seasave V 7.26.7.107
* Temperature SN = 5351
* Conductivity SN = 3941
* Number of Bytes Per Scan = 41
* Number of Voltage Words = 4
* Number of Scans Averaged by the Deck Unit = 1
* NMEA Latitude = 56 40.11 N
* NMEA Longitude = 012 06.61 E
* NMEA UTC (Time) = Nov 13 2018  00:03:36
* NMEA baud rate = 4800
** Station:  Anholt E
** Operator:  A-KTh
** Ship: ARANDA
** Average sound velocity: 1489.30 m/s
** True-depth calculation Tue, 13 Nov 2018 01:28:41 +0000
** CTD Python Module SMHI /ver 3-12/ feb 2012 
** LIMS Job: 20183401-0141
** Cruise: SMHI-6-2018
** Latitude [GG MM.mm N]:
** Longitude [GG MM.mm E]
# nquan = 26
# nvalues = 119                         
# units = specified
# name 0 = scan: Scan Count
# name 1 = prDM: Pressure, Digiquartz [db]
# name 2 = t090C: Temperature [ITS-90, deg C]
# name 3 = t190C: Temperature, 2 [ITS-90, deg C]
# name 4 = T2-T190C: Temperature Difference, 2 - 1 [ITS-90, deg C]
# name 5 = c0S/m: Conductivity [S/m]
# name 6 = c1S/m: Conductivity, 2 [S/m]
# name 7 = pumps: Pump Status
# name 8 = sbeox0ML/L: Oxygen, SBE 43 [ml/l]
# name 9 = sbeox1ML/L: Oxygen, SBE 43, 2 [ml/l]
# name 10 = altM: Altimeter [m]
# name 11 = flECO-AFL: Chl-a Fluorescence, WET Labs ECO-AFL/FL [mg/m^3]
# name 12 = flECO-AFL1: Phycocyanin Fluorescence, WET Labs ECO-AFL/FL, 2 [mg/m^3]
# name 13 = par: PAR/Irradiance, Biospherical/Lico [µE/(cm^2*s)]
# name 14 = turbWETntu0: Turbidity, WET Labs ECO [NTU]
# name 15 = sal00: Salinity, Practical [PSU]
# name 16 = sal11: Salinity, Practical, 2 [PSU]
# name 17 = secS-priS: Salinity, Practical, Difference, 2 - 1 [PSU]
# name 18 = sigma-t00: Density [sigma-t, Kg/m^3 ]
# name 19 = sigma-t11: Density, 2 [sigma-t, Kg/m^3 ]
# name 20 = depSM: Depth [salt water, m], lat = 56.6685
# name 21 = depFM: Depth [true depth, m], lat = 56.6685
# name 22 = dz/dtM: Descent Rate [m/s], WS = 2
# name 23 = svCM: Sound Velocity [Chen-Millero, m/s]
# name 24 = svCM1: Sound Velocity, 2 [Chen-Millero, m/s]
# name 25 = flag: flag
# span 0 =      46241,      49339       
# span 1 =      1.000,     60.000       
# span 2 =    10.0034,    12.6944       
# span 3 =    10.0008,    12.6941       
# span 4 =    -0.0147,     0.0339       
# span 5 =   2.306693,   3.886266       
# span 6 =   2.305255,   3.886437       
# span 7 =          1,          1       
# span 8 =    4.42455,    6.75793       
# span 9 =    4.28319,    6.45423       
# span 10 =       1.91,      98.18      
# span 11 =     0.1382,     2.2440      
# span 12 =     0.1661,     0.4811      
# span 13 = -2.740e-04, 2.1403e-02      
# span 14 =     0.1520,     2.8090      
# span 15 =    20.1141,    34.1059      
# span 16 =    20.1042,    34.1060      
# span 17 =    -0.1451,     0.0498      
# span 18 =    15.3556,    25.9473      
# span 19 =    15.3489,    25.9472      
# span 20 =      0.991,     59.442      
# span 21 =      1.003,     59.756      
# span 22 =     -0.029,      0.575      
# span 23 =    1471.82,    1497.43      
# span 24 =    1471.80,    1497.43      
# span 25 = 0.0000e+00, 0.0000e+00      
# interval = decibars: 0.5              
# start_time = Nov 13 2018 00:03:37 [NMEA time, first data scan]
# bad_flag = -9.990e-29
*END*
[from data line 56]
      47583     29.000    12.5279    12.5244    -0.0036    3.82912    3.82845          1     4.5759     4.4179      32.75     0.1679     0.2428  1.000e-12  0.6321000    32.8587    32.8555    -0.0033    24.8263    24.8244     28.732     28.971      0.531    1496.55    1496.53  0.000e+00
      47605     29.500    12.6770    12.6782     0.0012    3.86164    3.86124          1     4.4585     4.3177      32.29     0.2198     0.2212  1.000e-12  0.6881000    33.0385    33.0336    -0.0049    24.9368    24.9328     29.228     29.468      0.543    1497.27    1497.27  0.000e+00
      47627     30.000    12.6944    12.6941    -0.0003    3.87128    3.87125          1     4.4245     4.2832      31.83     0.1921     0.1661  1.000e-12  0.7323000    33.1150    33.1150    -0.0000    24.9927    24.9927     29.723     29.965      0.556    1497.43    1497.43  0.000e+00
      47649     30.500    12.6824    12.6800    -0.0025    3.87133    3.87116          1     4.4422     4.2922      31.33     0.1602     0.2085  1.000e-12  0.8054000    33.1258    33.1263     0.0005    25.0034    25.0043     30.219     30.462      0.571    1497.41    1497.40  0.000e+00
      47669     31.000    12.6603    12.6602     0.0000    3.86933    3.86925          1     4.4774     4.3115      30.82     0.1608     0.2210  1.000e-12  0.8681000    33.1259    33.1253    -0.0006    25.0077    25.0073     30.714     30.958      0.575    1497.34    1497.34  0.000e+00
      47690     31.500    12.6339    12.6402     0.0062    3.86652    3.86724          1     4.5135     4.3356      30.29     0.1593     0.2051  1.000e-12  0.8491000    33.1221    33.1235     0.0014    25.0099    25.0098     31.209     31.455      0.557    1497.26    1497.28  0.000e+00
      47713     32.000    12.6191    12.6234     0.0043    3.86495    3.86543          1     4.5192     4.3519      29.79     0.1570     0.1684  1.000e-12  0.8409000    33.1200    33.1208     0.0008    25.0112    25.0110     31.705     31.952      0.536    1497.21    1497.23  0.000e+00
      47735     32.500    12.6212    12.6202    -0.0010    3.86508    3.86498          1     4.5237     4.3568      29.30     0.1514     0.2225  1.000e-12  0.8468000    33.1191    33.1191     0.0000    25.0101    25.0103     32.200     32.449      0.532    1497.23    1497.22  0.000e+00
      47758     33.000    12.6126    12.6125    -0.0001    3.86429    3.86435          1     4.5415     4.3548      28.76     0.1576     0.2757  1.000e-12  0.8164000    33.1189    33.1196     0.0007    25.0116    25.0121     32.695     32.946      0.542    1497.21    1497.21  0.000e+00
      47780     33.500    12.6045    12.6060     0.0017    3.86360    3.86375          1     4.5428     4.3617      28.29     0.1382     0.2246  1.000e-12  0.8329000    33.1193    33.1193     0.0001    25.0135    25.0132     33.191     33.443      0.550    1497.19    1497.19  0.000e+00
      47801     34.000    12.5754    12.5772     0.0016    3.86185    3.86198          1     4.5368     4.3680      27.89     0.1607     0.2073  1.000e-12  0.8192000    33.1280    33.1276    -0.0004    25.0258    25.0252     33.686     33.939      0.551    1497.11    1497.11  0.000e+00
      47823     34.500    12.5365    12.5349    -0.0016    3.86264    3.86221          1     4.5524     4.3830       7.30     0.2926     0.2013  1.000e-12  1.6222000    33.1697    33.1669    -0.0028    25.0657    25.0638     34.181     34.436      0.550    1497.03    1497.03  0.000e+00
      47845     35.000    12.4086    12.4121     0.0034    3.86738    3.86748          1     4.5708     4.4008      10.54     0.2090     0.2084  1.000e-12  1.2976000    33.3280    33.3259    -0.0021    25.2130    25.2108     34.677     34.933      0.551    1496.80    1496.81  0.000e+00
      47867     35.500    12.3649    12.3667     0.0018    3.86902    3.86888          1     4.5807     4.4104      16.98     0.1595     0.2919  1.000e-12  1.0531000    33.3824    33.3795    -0.0029    25.2636    25.2610     35.172     35.430      0.552    1496.72    1496.73  0.000e+00
      47888     36.000    12.2936    12.2979     0.0043    3.87336    3.87326          1     4.6076     4.4318      23.01     0.1802     0.2253  1.000e-12  1.1068000    33.4876    33.4829    -0.0048    25.3589    25.3543     35.667     35.927      0.555    1496.61    1496.62  0.000e+00
      47910     36.500    12.2500    12.2495    -0.0005    3.87552    3.87563          1     4.6458     4.4489      24.61     0.2044     0.1668  1.000e-12  1.1682000    33.5473    33.5489     0.0015    25.4135    25.4148     36.163     36.423      0.554    1496.54    1496.54  0.000e+00
      47932     37.000    12.2319    12.2316    -0.0003    3.87649    3.87658          1     4.6767     4.4651      24.65     0.1841     0.1792  1.000e-12  1.2236000    33.5727    33.5739     0.0012    25.4366    25.4376     36.658     36.920      0.549    1496.52    1496.52  0.000e+00
      47954     37.500    12.2130    12.2153     0.0023    3.87724    3.87719          1     4.6727     4.4672      24.32     0.1798     0.2275  1.000e-12  1.2503000    33.5967    33.5941    -0.0026    25.4589    25.4564     37.153     37.416      0.545    1496.49    1496.50  0.000e+00
      47976     38.000    12.1800    12.1823     0.0023    3.87843    3.87847          1     4.6808     4.4878      23.88     0.1815     0.2607  1.000e-12  1.3029000    33.6376    33.6360    -0.0017    25.4969    25.4952     37.649     37.913      0.545    1496.44    1496.45  0.000e+00
      47998     38.500    12.0487    12.0495     0.0008    3.88130    3.88125          1     4.7298     4.5298      23.39     0.1736     0.2332  1.000e-12  1.3490000    33.7838    33.7826    -0.0012    25.6353    25.6342     38.144     38.410      0.546    1496.17    1496.17  0.000e+00
      48020     39.000    11.9968    11.9969     0.0002    3.88241    3.88249          1     4.7583     4.5519      22.92     0.1910     0.2079  1.000e-12  1.4990000    33.8414    33.8420     0.0006    25.6899    25.6903     38.639     38.906      0.552    1496.07    1496.07  0.000e+00
      48041     39.500    11.9913    11.9919     0.0006    3.88263    3.88269          1     4.7494     4.5521      22.39     0.2127     0.2184  1.000e-12  1.6679000    33.8483    33.8483     0.0001    25.6963    25.6962     39.135     39.403      0.560    1496.07    1496.07  0.000e+00
      48063     40.000    11.9842    11.9863     0.0021    3.88294    3.88300          1     4.7436     4.5526      21.91     0.2031     0.2138  1.000e-12  1.7129000    33.8575    33.8562    -0.0014    25.7048    25.7033     39.630     39.899      0.556    1496.06    1496.07  0.000e+00
      48084     40.500    11.9805    11.9813     0.0008    3.88317    3.88325          1     4.7432     4.5553      21.42     0.1827     0.2124  1.000e-12  1.6768000    33.8629    33.8629     0.0001    25.7096    25.7095     40.125     40.396      0.546    1496.07    1496.07  0.000e+00
      48106     41.000    11.9776    11.9780     0.0005    3.88401    3.88411          1     4.7301     4.5552      20.94     0.1826     0.2257  1.000e-12  1.7387000    33.8735    33.8740     0.0006    25.7184    25.7188     40.621     40.892      0.542    1496.08    1496.08  0.000e+00
      48129     41.500    11.9417    11.9472     0.0055    3.88627    3.88625          1     4.7557     4.5664      20.46     0.1831     0.2467  1.000e-12  1.9590000    33.9280    33.9227    -0.0052    25.7675    25.7624     41.116     41.389      0.543    1496.03    1496.04  0.000e+00
      48151     42.000    11.8830    11.8875     0.0045    3.88619    3.88644          1     4.7990     4.5926      19.97     0.1770     0.2088  1.000e-12  2.0803000    33.9806    33.9788    -0.0017    25.8194    25.8172     41.611     41.885      0.548    1495.90    1495.91  0.000e+00
      48172     42.500    11.8532    11.8468    -0.0063    3.88477    3.88448          1     4.8158     4.6189      19.52     0.1759     0.2755  1.000e-12  2.1490000    33.9936    33.9967     0.0031    25.8351    25.8387     42.107     42.382      0.545    1495.82    1495.80  0.000e+00
      48195     43.000    11.8355    11.8318    -0.0038    3.88370    3.88356          1     4.8301     4.6322      18.97     0.1832     0.2495  1.000e-12  2.1073000    33.9992    34.0012     0.0020    25.8428    25.8450     42.602     42.878      0.533    1495.77    1495.76  0.000e+00
      48217     43.500    11.8282    11.8293     0.0010    3.88327    3.88341          1     4.8411     4.6347      18.49     0.1837     0.2158  1.000e-12  1.9363000    34.0014    34.0018     0.0004    25.8459    25.8460     43.097     43.374      0.536    1495.76    1495.76  0.000e+00
      48239     44.000    11.8226    11.8237     0.0011    3.88273    3.88284          1     4.8508     4.6377      18.04     0.1837     0.2165  1.000e-12  1.8971000    34.0011    34.0011     0.0001    25.8467    25.8465     43.592     43.871      0.557    1495.75    1495.75  0.000e+00
      48261     44.500    11.8223    11.8224     0.0002    3.88271    3.88274          1     4.8533     4.6440      17.61     0.2081     0.2460  1.000e-12  1.9080000    34.0009    34.0011     0.0002    25.8466    25.8467     44.088     44.367      0.564    1495.76    1495.76  0.000e+00
      48282     45.000    11.8208    11.8208    -0.0001    3.88268    3.88275          1     4.8516     4.6487      17.20     0.1841     0.2075  1.000e-12  1.9013000    34.0018    34.0025     0.0007    25.8476    25.8481     44.583     44.864      0.557    1495.76    1495.76  0.000e+00
      48304     45.500    11.8159    11.8176     0.0016    3.88212    3.88232          1     4.8414     4.6491      12.69     0.1870     0.1721  1.000e-12  1.9004000    34.0006    34.0010     0.0004    25.8475    25.8476     45.078     45.360      0.547    1495.75    1495.76  0.000e+00
      48326     46.000    11.8086    11.8063    -0.0023    3.88150    3.88140          1     4.8378     4.6514      15.83     0.1898     0.1995  1.000e-12  1.8854000    34.0010    34.0022     0.0012    25.8492    25.8506     45.574     45.857      0.543    1495.73    1495.73  0.000e+00
      48348     46.500    11.7778    11.7828     0.0050    3.87984    3.88021          1     4.8728     4.6767       6.57     0.1943     0.1965  1.000e-12  1.8749000    34.0128    34.0117    -0.0010    25.8641    25.8624     46.069     46.353      0.546    1495.65    1495.67  0.000e+00
      48370     47.000    11.7325    11.7329     0.0004    3.87929    3.87938          1     4.9320     4.7049      10.85     0.2205     0.1824  1.000e-12  1.9185000    34.0486    34.0492     0.0005    25.9005    25.9008     46.564     46.850      0.560    1495.55    1495.55  0.000e+00
      48391     47.500    11.7272    11.7278     0.0006    3.87928    3.87938          1     4.9448     4.7183      13.34     0.1826     0.2471  1.000e-12  2.0217000    34.0533    34.0536     0.0003    25.9051    25.9053     47.060     47.346      0.566    1495.54    1495.54  0.000e+00
      48412     48.000    11.7264    11.7271     0.0008    3.87932    3.87942          1     4.9332     4.7219      13.73     0.1907     0.2484  1.000e-12  2.1246000    34.0542    34.0544     0.0003    25.9060    25.9060     47.555     47.842      0.555    1495.55    1495.55  0.000e+00
      48434     48.500    11.7239    11.7249     0.0010    3.87945    3.87953          1     4.9305     4.7209      13.45     0.1849     0.1920  1.000e-12  2.0322000    34.0575    34.0573    -0.0002    25.9090    25.9087     48.050     48.339      0.537    1495.55    1495.55  0.000e+00
      48457     49.000    11.7221    11.7228     0.0007    3.87986    3.87995          1     4.9139     4.7281      13.05     0.1969     0.1962  1.000e-12  1.9873000    34.0629    34.0632     0.0003    25.9136    25.9136     48.546     48.835      0.530    1495.56    1495.56  0.000e+00
      48479     49.500    11.7221    11.7234     0.0013    3.88015    3.88039          1     4.9145     4.7350      12.57     0.2074     0.1931  1.000e-12  2.0682000    34.0657    34.0668     0.0011    25.9157    25.9163     49.041     49.332      0.537    1495.57    1495.58  0.000e+00
      48501     50.000    11.7225    11.7239     0.0015    3.88023    3.88051          1     4.9364     4.7344      12.10     0.1987     0.1779  1.000e-12  2.1815000    34.0658    34.0672     0.0014    25.9157    25.9165     49.536     49.828      0.549    1495.58    1495.59  0.000e+00
      48523     50.500    11.7244    11.7258     0.0014    3.88077    3.88096          1     4.9492     4.7346      11.62     0.1834     0.1839  1.000e-12  2.2187000    34.0691    34.0697     0.0006    25.9179    25.9181     50.032     50.324      0.552    1495.60    1495.61  0.000e+00
      48545     51.000    11.7261    11.7268     0.0007    3.88116    3.88121          1     4.9391     4.7397      11.10     0.1820     0.2797  1.000e-12  2.1877000    34.0711    34.0710    -0.0001    25.9191    25.9189     50.527     50.821      0.548    1495.62    1495.62  0.000e+00
      48567     51.500    11.7251    11.7268     0.0017    3.88102    3.88125          1     4.9276     4.7418      10.62     0.1612     0.2374  1.000e-12  2.4872000    34.0705    34.0711     0.0007    25.9189    25.9190     51.022     51.317      0.547    1495.62    1495.63  0.000e+00
      48589     52.000    11.7255    11.7270     0.0015    3.88114    3.88129          1     4.9445     4.7393      10.12     0.1766     0.2239  1.000e-12  2.3629000    34.0711    34.0712     0.0001    25.9192    25.9190     51.517     51.814      0.532    1495.63    1495.64  0.000e+00
      48613     52.500    11.7291    11.7302     0.0010    3.88174    3.88182          1     4.9543     4.7371       9.61     0.1726     0.2137  1.000e-12  2.2984000    34.0734    34.0732    -0.0003    25.9204    25.9200     52.013     52.310      0.462    1495.65    1495.66  0.000e+00
      48641     53.000    11.7303    11.7313     0.0011    3.88214    3.88219          1     4.9534     4.7393       9.06     0.1689     0.2167  1.000e-12  2.2921000    34.0760    34.0756    -0.0004    25.9222    25.9217     52.508     52.806      0.417    1495.67    1495.67  0.000e+00
      48670     53.500    11.7292    11.7309     0.0016    3.88224    3.88233          1     4.9439     4.7363       8.56     0.1723     0.2540  1.000e-12  2.3786000    34.0778    34.0772    -0.0006    25.9238    25.9230     53.003     53.303      0.398    1495.68    1495.68  0.000e+00
      48702     54.000    11.7290    11.7302     0.0012    3.88251    3.88257          1     4.9240     4.7364       8.05     0.1978     0.1993  1.000e-12  2.4291000    34.0805    34.0799    -0.0006    25.9259    25.9252     53.499     53.799      0.357    1495.69    1495.69  0.000e+00
      48737     54.500    11.7270    11.7284     0.0014    3.88273    3.88279          1     4.9221     4.7348       7.52     0.2009     0.1836  1.000e-12  2.4981000    34.0842    34.0835    -0.0007    25.9292    25.9284     53.994     54.296      0.337    1495.69    1495.70  0.000e+00
      48773     55.000    11.7260    11.7263     0.0003    3.88285    3.88294          1     4.9284     4.7221       7.01     0.2051     0.1929  1.000e-12  2.4911000    34.0860    34.0867     0.0006    25.9308    25.9312     54.489     54.792      0.328    1495.70    1495.70  0.000e+00
      48810     55.500    11.7239    11.7253     0.0014    3.88309    3.88315          1     4.9191     4.7163       6.54     0.2018     0.1976  1.000e-12  2.6688000    34.0901    34.0894    -0.0007    25.9343    25.9336     54.984     55.288      0.328    1495.71    1495.71  0.000e+00
      48847     56.000    11.7224    11.7240     0.0015    3.88347    3.88345          1     4.9130     4.7164       5.65     0.1914     0.2427  1.000e-12  2.5488000    34.0950    34.0933    -0.0017    25.9384    25.9368     55.480     55.785      0.320    1495.72    1495.72  0.000e+00
