ctdpy/tests/etc/all_smhi_bas_2018/SBE09_1044_20180127_0559_34_02_0019.cnv
* Sea-Bird SBE 9 Data File:
* FileName = C:\ctd\temp\2018\ME18D019.hex
* Software Version Seasave V 7.26.6.26
* Temperature SN = 5351
* Conductivity SN = 3941
* Number of Bytes Per Scan = 41
* Number of Voltage Words = 4
* Number of Scans Averaged by the Deck Unit = 1
* NMEA Latitude = 55 13.00 N
* NMEA Longitude = 017 03.99 E
* NMEA UTC (Time) = Jan 27 2018  05:59:28
* NMEA baud rate = 4800
** Station:  BY7 Stolpe Ränna
** Operator:  JKro
** Ship: MERI
** Average sound velocity: 1441.18 m/s
** True-depth calculation Sat, 27 Jan 2018 06:50:53 +0000
** CTD Python Module SMHI /ver 3-12/ feb 2012 
** LIMS Job: 20183402-0019
** Cruise: SMHI-01-2018
** Latitude [GG MM.mm N] :
** Longitude [GG MM.mm E]:
# nquan = 26
# nvalues = 174                         
# units = specified
# name 0 = scan: Scan Count
# name 1 = prDM: Pressure, Digiquartz [db]
# name 2 = t090C: Temperature [ITS-90, deg C]
# name 3 = t190C: Temperature, 2 [ITS-90, deg C]
# name 4 = T2-T190C: Temperature Difference, 2 - 1 [ITS-90, deg C]
# name 5 = c0S/m: Conductivity [S/m]
# name 6 = c1S/m: Conductivity, 2 [S/m]
# name 7 = pumps: Pump Status
# name 8 = sbeox0ML/L: Oxygen, SBE 43 [ml/l]
# name 9 = sbeox1ML/L: Oxygen, SBE 43, 2 [ml/l]
# name 10 = altM: Altimeter [m]
# name 11 = flECO-AFL: Chl-a Fluorescence, WET Labs ECO-AFL/FL [mg/m^3]
# name 12 = flECO-AFL1: Phycocyanin Fluorescence, WET Labs ECO-AFL/FL, 2 [mg/m^3]
# name 13 = par: PAR/Irradiance, Biospherical/Lico [µE/(cm^2*s)]
# name 14 = turbWETntu0: Turbidity, WET Labs ECO [NTU]
# name 15 = sal00: Salinity, Practical [PSU]
# name 16 = sal11: Salinity, Practical, 2 [PSU]
# name 17 = secS-priS: Salinity, Practical, Difference, 2 - 1 [PSU]
# name 18 = sigma-t00: Density [sigma-t, Kg/m^3 ]
# name 19 = sigma-t11: Density, 2 [sigma-t, Kg/m^3 ]
# name 20 = depSM: Depth [salt water, m], lat = 55.2167
# name 21 = depFM: Depth [true depth, m], lat = 55.2167
# name 22 = dz/dtM: Descent Rate [m/s], WS = 2
# name 23 = svCM: Sound Velocity [Chen-Millero, m/s]
# name 24 = svCM1: Sound Velocity, 2 [Chen-Millero, m/s]
# name 25 = flag: flag
# span 0 =      14558,      19017       
# span 1 =      1.500,     88.000       
# span 2 =     4.2317,     8.1759       
# span 3 =     4.2320,     8.1760       
# span 4 =    -0.0084,     0.0190       
# span 5 =   0.777596,   1.442219       
# span 6 =   0.777483,   1.442171       
# span 7 =          1,          1       
# span 8 =    0.18816,    8.20711       
# span 9 =    0.27317,    8.17097       
# span 10 =       1.85,      91.77      
# span 11 =     0.2599,     0.7237      
# span 12 =     0.2168,     0.4106      
# span 13 = 1.0000e-12, 6.1896e-06      
# span 14 =     0.1061,     0.8505      
# span 15 =     7.3082,    12.6805      
# span 16 =     7.3074,    12.6800      
# span 17 =    -0.0151,     0.0034      
# span 18 =     5.8013,     9.7822      
# span 19 =     5.8007,     9.7817      
# span 20 =      1.486,     87.187      
# span 21 =      1.519,     88.990      
# span 22 =     -0.042,      0.667      
# span 23 =    1432.50,    1457.05      
# span 24 =    1432.49,    1457.05      
# span 25 = 0.0000e+00, 0.0000e+00      
# interval = decibars: 0.5              
# start_time = Jan 27 2018 05:59:28 [NMEA time, first data scan]
# bad_flag = -9.990e-29
*END*
      14558      1.500     4.2999     4.2974    -0.0024    0.77761    0.77748          1     8.1873     8.1710      91.77     0.6864     0.3305  1.000e-12  0.1416000     7.3082     7.3074    -0.0008     5.8018     5.8013      1.486      1.519      0.403    1432.50    1432.49  0.000e+00
      14598      2.000     4.2989     4.2965    -0.0025    0.77762    0.77748          1     8.1905     8.1662      91.44     0.6866     0.3404  1.000e-12  0.1423000     7.3084     7.3076    -0.0008     5.8020     5.8014      1.982      2.025      0.421    1432.50    1432.49  0.000e+00
      14643      2.500     4.3133     4.3157     0.0023    0.77800    0.77799          1     8.2071     8.1681      90.96     0.6907     0.3986  1.000e-12  0.1454000     7.3090     7.3084    -0.0006     5.8020     5.8015      2.477      2.532      0.667    1432.58    1432.59  0.000e+00
      14658      3.000     4.3143     4.3163     0.0019    0.77800    0.77798          1     8.2058     8.1670      90.66     0.6857     0.3736  1.000e-12  0.1441000     7.3087     7.3080    -0.0006     5.8018     5.8012      2.973      3.038      0.649    1432.59    1432.60  0.000e+00
      14684      3.500     4.3149     4.3139    -0.0009    0.77803    0.77794          1     8.1842     8.1531      90.15     0.6722     0.3247  1.000e-12  0.1468000     7.3087     7.3081    -0.0006     5.8018     5.8014      3.468      3.544      0.389    1432.60    1432.60  0.000e+00
      14721      4.000     4.3080     4.3102     0.0022    0.77783    0.77784          1     8.1932     8.1533      89.44     0.6993     0.3316  1.000e-12  0.1522000     7.3083     7.3078    -0.0005     5.8016     5.8012      3.964      4.051      0.403    1432.58    1432.59  0.000e+00
      14744      4.500     4.3175     4.3234     0.0061    0.77804    0.77815          1     8.1941     8.1636      89.08     0.7027     0.3527  1.000e-12  0.1488000     7.3082     7.3079    -0.0002     5.8013     5.8009      4.459      4.557      0.555    1432.63    1432.65  0.000e+00
      14765      5.000     4.3170     4.3360     0.0190    0.77804    0.77845          1     8.1822     8.1590      88.57     0.6874     0.3400  1.000e-12  0.1441000     7.3082     7.3081    -0.0001     5.8013     5.8007      4.955      5.063      0.507    1432.63    1432.72  0.000e+00
      14792      5.500     4.3095     4.3220     0.0125    0.77789    0.77811          1     8.1854     8.1528      87.97     0.6665     0.3728  1.000e-12  0.1464000     7.3083     7.3077    -0.0005     5.8016     5.8008      5.450      5.570      0.451    1432.61    1432.66  0.000e+00
      14818      6.000     4.2963     4.2980     0.0018    0.77772    0.77770          1     8.1953     8.1503      87.42     0.6613     0.4106  1.000e-12  0.1580000     7.3095     7.3089    -0.0006     5.8029     5.8024      5.946      6.076      0.478    1432.56    1432.56  0.000e+00
      14842      6.500     4.2950     4.2956     0.0006    0.77768    0.77763          1     8.1935     8.1490      87.00     0.6823     0.3739  1.000e-12  0.1514000     7.3092     7.3086    -0.0006     5.8028     5.8023      6.441      6.582      0.485    1432.56    1432.56  0.000e+00
      14867      7.000     4.2932     4.2942     0.0010    0.77760    0.77756          1     8.1865     8.1438      86.52     0.6801     0.3455  1.000e-12  0.1512000     7.3088     7.3082    -0.0006     5.8025     5.8020      6.937      7.089      0.474    1432.56    1432.56  0.000e+00
      14893      7.500     4.2938     4.2938    -0.0000    0.77763    0.77756          1     8.1851     8.1375      85.99     0.6874     0.3491  1.000e-12  0.1557000     7.3090     7.3082    -0.0008     5.8026     5.8020      7.432      7.595      0.463    1432.57    1432.57  0.000e+00
      14919      8.000     4.2977     4.3025     0.0048    0.77786    0.77806          1     8.1826     8.1459      85.29     0.6818     0.3816  1.000e-12  0.1516000     7.3103     7.3112     0.0009     5.8036     5.8041      7.928      8.101      0.487    1432.60    1432.62  0.000e+00
      14942      8.500     4.3084     4.3074    -0.0009    0.77850    0.77836          1     8.1744     8.1499      84.31     0.6853     0.3395  1.000e-12  0.1483000     7.3143     7.3131    -0.0012     5.8064     5.8055      8.423      8.608      0.541    1432.66    1432.65  0.000e+00
      14964      9.000     4.3069     4.3063    -0.0006    0.77842    0.77830          1     8.1768     8.1440      84.17     0.7106     0.3903  1.000e-12  0.1524000     7.3137     7.3127    -0.0011     5.8060     5.8052      8.919      9.114      0.537    1432.66    1432.65  0.000e+00
      14988      9.500     4.3061     4.3050    -0.0011    0.77836    0.77823          1     8.1853     8.1347      83.52     0.7000     0.3783  1.000e-12  0.1708000     7.3133     7.3122    -0.0010     5.8056     5.8048      9.414      9.620      0.467    1432.66    1432.66  0.000e+00
      15015     10.000     4.3063     4.3064     0.0001    0.77838    0.77832          1     8.1765     8.1314      82.96     0.6998     0.3145  1.000e-12  0.1627000     7.3134     7.3128    -0.0007     5.8058     5.8052      9.909     10.127      0.466    1432.67    1432.67  0.000e+00
      15039     10.500     4.3104     4.3080    -0.0024    0.77866    0.77842          1     8.1567     8.1388      82.64     0.7004     0.3296  1.000e-12  0.1612000     7.3152     7.3134    -0.0018     5.8071     5.8057     10.405     10.633      0.532    1432.70    1432.69  0.000e+00
      15060     11.000     4.3087     4.3089     0.0002    0.77856    0.77851          1     8.1559     8.1406      82.31     0.7237     0.3221  1.000e-12  0.1537000     7.3146     7.3140    -0.0006     5.8066     5.8061     10.900     11.139      0.534    1432.70    1432.70  0.000e+00
      15084     11.500     4.3098     4.3103     0.0004    0.77866    0.77862          1     8.1547     8.1305      81.82     0.7120     0.3350  1.000e-12  0.1552000     7.3152     7.3147    -0.0005     5.8071     5.8067     11.396     11.646      0.504    1432.71    1432.71  0.000e+00
      15108     12.000     4.3100     4.3102     0.0001    0.77871    0.77861          1     8.1638     8.1170      81.32     0.6809     0.3295  1.000e-12  0.1495000     7.3156     7.3146    -0.0011     5.8074     5.8066     11.891     12.152      0.502    1432.72    1432.72  0.000e+00
      15131     12.500     4.3109     4.3156     0.0047    0.77876    0.77908          1     8.1593     8.1197      80.80     0.6828     0.3163  1.000e-12  0.1571000     7.3159     7.3180     0.0021     5.8076     5.8091     12.387     12.658      0.521    1432.73    1432.76  0.000e+00
      15154     13.000     4.3122     4.3137     0.0015    0.77892    0.77894          1     8.1682     8.1243      80.27     0.6876     0.3207  1.000e-12  0.1773000     7.3171     7.3170    -0.0001     5.8085     5.8084     12.882     13.165      0.515    1432.75    1432.75  0.000e+00
      15178     13.500     4.3140     4.3144     0.0004    0.77905    0.77901          1     8.1706     8.1263      79.73     0.6876     0.3433  1.000e-12  0.1699000     7.3180     7.3175    -0.0005     5.8091     5.8088     13.378     13.671      0.492    1432.77    1432.77  0.000e+00
      15203     14.000     4.3183     4.3187     0.0004    0.77952    0.77937          1     8.1569     8.1302      79.12     0.6876     0.3690  1.000e-12  0.1600000     7.3217     7.3201    -0.0016     5.8120     5.8107     13.873     14.177      0.512    1432.80    1432.80  0.000e+00
      15225     14.500     4.3193     4.3222     0.0028    0.77978    0.77966          1     8.1561     8.1352      78.62     0.6824     0.3166  1.000e-12  0.1566000     7.3240     7.3221    -0.0019     5.8138     5.8122     14.369     14.684      0.546    1432.81    1432.82  0.000e+00
      15247     15.000     4.3177     4.3176    -0.0001    0.77983    0.77980          1     8.1570     8.1351      78.10     0.6798     0.3728  1.000e-12  0.1521000     7.3248     7.3245    -0.0002     5.8145     5.8143     14.864     15.190      0.546    1432.82    1432.81  0.000e+00
      15269     15.500     4.3166     4.3170     0.0004    0.77985    0.77982          1     8.1540     8.1259      77.65     0.6972     0.3670  1.000e-12  0.1598000     7.3252     7.3248    -0.0005     5.8148     5.8145     15.359     15.696      0.530    1432.82    1432.82  0.000e+00
      15292     16.000     4.3056     4.3090     0.0033    0.77975    0.77974          1     8.1464     8.1129      77.07     0.6749     0.3715  1.000e-12  0.1601000     7.3266     7.3258    -0.0008     5.8162     5.8155     15.855     16.203      0.516    1432.78    1432.79  0.000e+00
      15316     16.500     4.2995     4.3007     0.0012    0.77971    0.77967          1     8.1488     8.1128      76.56     0.6154     0.3547  1.000e-12  0.1667000     7.3275     7.3268    -0.0007     5.8171     5.8166     16.350     16.709      0.496    1432.76    1432.77  0.000e+00
      15340     17.000     4.2978     4.2989     0.0011    0.77972    0.77970          1     8.1576     8.1192      76.11     0.6026     0.3435  1.000e-12  0.1794000     7.3278     7.3274    -0.0004     5.8174     5.8171     16.846     17.215      0.508    1432.76    1432.77  0.000e+00
      15363     17.500     4.3012     4.3013     0.0002    0.77987    0.77981          1     8.1551     8.1128      75.61     0.6129     0.3570  1.000e-12  0.1519000     7.3285     7.3279    -0.0006     5.8179     5.8174     17.341     17.722      0.555    1432.79    1432.79  0.000e+00
      15384     18.000     4.3051     4.3070     0.0020    0.78024    0.78032          1     8.1446     8.1088      75.06     0.5820     0.3314  1.000e-12  0.1563000     7.3313     7.3318     0.0005     5.8200     5.8203     17.837     18.228      0.588    1432.82    1432.82  0.000e+00
      15404     18.500     4.3092     4.3094     0.0003    0.78056    0.78049          1     8.1328     8.1082      74.48     0.5657     0.3786  1.000e-12  0.1545000     7.3336     7.3328    -0.0008     5.8217     5.8211     18.332     18.734      0.573    1432.84    1432.84  0.000e+00
      15426     19.000     4.3105     4.3118     0.0013    0.78072    0.78069          1     8.1238     8.0965      73.20     0.5587     0.3426  1.000e-12  0.1468000     7.3349     7.3343    -0.0006     5.8227     5.8222     18.827     19.240      0.525    1432.86    1432.86  0.000e+00
      15450     19.500     4.3092     4.3117     0.0025    0.78073    0.78074          1     8.1046     8.0886      73.04     0.5436     0.3508  1.000e-12  0.1428000     7.3352     7.3347    -0.0004     5.8229     5.8225     19.323     19.747      0.499    1432.86    1432.87  0.000e+00
      15473     20.000     4.3121     4.3124     0.0004    0.78086    0.78081          1     8.1202     8.0945      72.75     0.5524     0.3434  1.000e-12  0.1488000     7.3358     7.3352    -0.0006     5.8234     5.8229     19.818     20.253      0.520    1432.88    1432.88  0.000e+00
      15496     20.500     4.3217     4.3222     0.0005    0.78127    0.78122          1     8.1370     8.0883      72.30     0.5410     0.3308  1.000e-12  0.1431000     7.3377     7.3371    -0.0006     5.8246     5.8241     20.314     20.759      0.550    1432.94    1432.94  0.000e+00
      15517     21.000     4.3375     4.3406     0.0031    0.78177    0.78181          1     8.1361     8.0888      71.87     0.5760     0.3325  1.000e-12  0.1367000     7.3392     7.3389    -0.0003     5.8253     5.8250     20.809     21.266      0.573    1433.02    1433.03  0.000e+00
      15538     21.500     4.3090     4.3117     0.0026    0.78112    0.78112          1     8.1321     8.0982      71.32     0.5691     0.3480  1.000e-12  0.1585000     7.3389     7.3383    -0.0006     5.8259     5.8253     21.305     21.772      0.566    1432.90    1432.91  0.000e+00
      15560     22.000     4.2931     4.2945     0.0014    0.78073    0.78071          1     8.1259     8.0937      70.77     0.5655     0.3058  1.000e-12  0.1639000     7.3384     7.3380    -0.0005     5.8260     5.8256     21.800     22.278      0.523    1432.83    1432.84  0.000e+00
      15584     22.500     4.2935     4.2896    -0.0040    0.78075    0.78061          1     8.1250     8.0928      70.25     0.5711     0.3608  1.000e-12  0.1607000     7.3385     7.3380    -0.0005     5.8260     5.8257     22.296     22.785      0.503    1432.84    1432.82  0.000e+00
      15607     23.000     4.2828     4.2830     0.0002    0.78052    0.78047          1     8.1325     8.0910      69.71     0.5826     0.3690  1.000e-12  0.1628000     7.3385     7.3379    -0.0006     5.8264     5.8259     22.791     23.291      0.525    1432.80    1432.80  0.000e+00
      15630     23.500     4.2812     4.2816     0.0004    0.78050    0.78046          1     8.1376     8.0966      69.01     0.5899     0.3716  1.000e-12  0.1662000     7.3386     7.3381    -0.0005     5.8265     5.8261     23.286     23.797      0.529    1432.81    1432.81  0.000e+00
      15653     24.000     4.2657     4.2694     0.0037    0.78036    0.78038          1     8.1365     8.0920      68.60     0.5921     0.3777  1.000e-12  0.1660000     7.3406     7.3399    -0.0007     5.8285     5.8279     23.782     24.304      0.517    1432.75    1432.76  0.000e+00
      15676     24.500     4.2725     4.2724    -0.0000    0.78085    0.78080          1     8.1464     8.1016      68.10     0.6030     0.3718  1.000e-12  0.1604000     7.3439     7.3434    -0.0004     5.8309     5.8306     24.277     24.810      0.503    1432.79    1432.79  0.000e+00
      15700     25.000     4.2641     4.2649     0.0008    0.78073    0.78069          1     8.1487     8.1122      67.60     0.6143     0.3560  1.000e-12  0.1660000     7.3446     7.3440    -0.0006     5.8317     5.8312     24.773     25.316      0.484    1432.76    1432.76  0.000e+00
      15726     25.500     4.2828     4.2834     0.0006    0.78135    0.78131          1     8.1576     8.1201      67.01     0.6266     0.3872  1.000e-12  0.1501000     7.3465     7.3460    -0.0005     5.8327     5.8323     25.268     25.823      0.455    1432.85    1432.86  0.000e+00
      15753     26.000     4.2778     4.2790     0.0012    0.78128    0.78126          1     8.1561     8.1142      66.33     0.6252     0.3729  1.000e-12  0.1611000     7.3469     7.3464    -0.0005     5.8332     5.8327     25.764     26.329      0.462    1432.84    1432.84  0.000e+00
      15778     26.500     4.2780     4.2788     0.0007    0.78133    0.78129          1     8.1459     8.1109      65.67     0.6143     0.3624  1.000e-12  0.1545000     7.3472     7.3467    -0.0005     5.8334     5.8330     26.259     26.835      0.494    1432.85    1432.85  0.000e+00
      15801     27.000     4.2783     4.2771    -0.0011    0.78137    0.78129          1     8.1426     8.1209      65.25     0.6144     0.3767  1.000e-12  0.1540000     7.3475     7.3470    -0.0005     5.8336     5.8333     26.754     27.342      0.508    1432.86    1432.85  0.000e+00
      15825     27.500     4.2776     4.2773    -0.0003    0.78141    0.78134          1     8.1430     8.1188      64.82     0.6144     0.3308  1.000e-12  0.1554000     7.3480     7.3475    -0.0005     5.8341     5.8336     27.250     27.848      0.487    1432.86    1432.86  0.000e+00
      15851     28.000     4.2778     4.2784     0.0006    0.78147    0.78145          1     8.1561     8.1182      64.33     0.6144     0.3156  1.000e-12  0.1786000     7.3486     7.3482    -0.0004     5.8345     5.8342     27.745     28.354      0.450    1432.87    1432.88  0.000e+00
      15878     28.500     4.2777     4.2782     0.0005    0.78154    0.78151          1     8.1489     8.1168      63.78     0.6149     0.3874  1.000e-12  0.1562000     7.3492     7.3487    -0.0004     5.8350     5.8346     28.241     28.861      0.445    1432.88    1432.88  0.000e+00
