ctdpy/tests/etc/all_smhi_bas_2018/SBE09_0827_20180126_1600_26_01_0220.cnv
* Sea-Bird SBE 9 Data File:
* FileName = D:\CTD_SBE911\DAT\26DA.2018.1.120.hex
* Software Version Seasave V 7.21d
* Temperature SN = 034757
* Conductivity SN = 041844
* Number of Bytes Per Scan = 48
* Number of Voltage Words = 5
* Number of Scans Averaged by the Deck Unit = 1
* NMEA Latitude = 57 10.60 N
* NMEA Longitude = 011 39.44 E
* NMEA UTC (Time) = Jan 26 2018  16:00:30
* NMEA baud rate = 4800
** Ship: DANA
** Average sound velocity: 1471.25 m/s
** True-depth calculation Thu, 28 Mar 2019 08:31:54 +0000
** CTD Python Module SMHI /ver 3-12/ feb 2012 
** LIMS Job: 20182601-0220
** Fladen
** Operator: Ronny Sørensen
** Cruise: 01/2018
# nquan = 26
# nvalues = 133                         
# units = specified
# name 0 = scan: Scan Count
# name 1 = prDM: Pressure, Digiquartz [db]
# name 2 = t090C: Temperature [ITS-90, deg C]
# name 3 = t190C: Temperature, 2 [ITS-90, deg C]
# name 4 = T2-T190C: Temperature Difference, 2 - 1 [ITS-90, deg C]
# name 5 = c0S/m: Conductivity [S/m]
# name 6 = c1S/m: Conductivity, 2 [S/m]
# name 7 = pumps: Pump Status
# name 8 = sbeox1ML/L: Oxygen, SBE 43, 2 [ml/l]
# name 9 = sbeox0ML/L: Oxygen, SBE 43 [ml/l]
# name 10 = altM: Altimeter [m]
# name 11 = chloroflTC0: Chlorophyll, Turner Cyclops [ug/l]
# name 12 = cpar: CPAR/Corrected Irradiance [%]
# name 13 = par: PAR/Irradiance, Biospherical/Lico [µE/(cm^2*s)]
# name 14 = spar: SPAR, Biospherical/Licor
# name 15 = sal00: Salinity, Practical [PSU]
# name 16 = sal11: Salinity, Practical, 2 [PSU]
# name 17 = secS-priS: Salinity, Practical, Difference, 2 - 1 [PSU]
# name 18 = sigma-t00: Density [sigma-t, kg/m^3 ]
# name 19 = sigma-t11: Density, 2 [sigma-t, kg/m^3 ]
# name 20 = depSM: Depth [salt water, m], lat = 57.1767
# name 21 = depFM: Depth [true depth, m], lat = 57.1767
# name 22 = dz/dtM: Descent Rate [m/s], WS = 2
# name 23 = svCM: Sound Velocity [Chen-Millero, m/s]
# name 24 = svCM1: Sound Velocity, 2 [Chen-Millero, m/s]
# name 25 = flag: flag
# span 0 =        330,       9052       
# span 1 =      1.500,     67.500       
# span 2 =     4.3906,     7.3469       
# span 3 =     4.3985,     7.3487       
# span 4 =    -0.4834,     0.3278       
# span 5 =   2.197123,   3.473322       
# span 6 =   2.203493,   3.473994       
# span 7 =          1,          1       
# span 8 =     5.6285,     7.1378       
# span 9 =     5.8290,     7.2891       
# span 10 =       0.02,       9.96      
# span 11 =     0.0194,     0.0577      
# span 12 = 4.9241e-11, 7.0571e+04      
# span 13 = 1.0000e-12, 1.0000e-12      
# span 14 = 5.9763e-01, 2.0308e+00      
# span 15 =    22.4057,    34.0153      
# span 16 =    22.4818,    34.0210      
# span 17 =    -1.4191,     0.0761      
# span 18 =    17.7521,    26.5949      
# span 19 =    17.8129,    26.5991      
# span 20 =      1.486,     66.868      
# span 21 =      1.501,     67.091      
# span 22 =     -0.290,      0.396      
# span 23 =    1452.37,    1479.87      
# span 24 =    1452.43,    1479.88      
# span 25 = 0.0000e+00, 0.0000e+00      
# interval = decibars: 0.5              
# start_time = Jan 26 2018 16:00:31 [NMEA time, first data scan]
# bad_flag = -9.990e-29
*END*
[from data line 112]
       6010     57.500     6.9264     6.9209    -0.0055    3.41417    3.41285          1     5.8396     5.9583       9.95     0.0437  4.924e-11  1.000e-12  2.031e+00    33.7866    33.7775    -0.0091    26.4730    26.4666     56.963     57.169      0.306    1477.80    1477.76  0.000e+00
       6048     58.000     6.9361     6.9286    -0.0075    3.41533    3.41375          1     5.8365     5.9717       9.85     0.0442  4.924e-11  1.000e-12  2.031e+00    33.7896    33.7795    -0.0101    26.4740    26.4671     57.458     57.665      0.336    1477.85    1477.80  0.000e+00
       6083     58.500     6.9427     6.9397    -0.0030    3.41613    3.41503          1     5.8381     5.9412       9.41     0.0444  4.924e-11  1.000e-12  2.031e+00    33.7917    33.7825    -0.0092    26.4747    26.4679     57.954     58.161      0.345    1477.88    1477.86  0.000e+00
       6118     59.000     6.9394     6.9383    -0.0011    3.41599    3.41534          1     5.8090     5.9510       8.91     0.0447  4.924e-11  1.000e-12  2.031e+00    33.7932    33.7871    -0.0061    26.4764    26.4717     58.449     58.657      0.334    1477.88    1477.87  0.000e+00
       6154     59.500     7.0271     6.9558    -0.0712    3.42819    3.41668          1     5.7834     5.9468       8.43     0.0443  4.924e-11  1.000e-12  2.031e+00    33.8406    33.7842    -0.0563    26.5017    26.4671     58.944     59.153      0.338    1478.29    1477.94  0.000e+00
       6190     60.000     7.2286     7.1428    -0.0857    3.45445    3.43699          1     5.7931     5.8591       8.06     0.0451  4.924e-11  1.000e-12  2.031e+00    33.9295    33.8230    -0.1065    26.5439    26.4720     59.439     59.649      0.315    1479.19    1478.72  0.000e+00
       6230     60.500     7.2632     7.2448    -0.0184    3.45864    3.45318          1     5.7535     5.8388       7.43     0.0479  4.924e-11  1.000e-12  2.031e+00    33.9411    33.8996    -0.0415    26.5482    26.5181     59.935     60.145      0.300    1479.34    1479.22  0.000e+00
       6269     61.000     7.2666     7.2593    -0.0073    3.45911    3.45641          1     5.7086     5.8395       6.96     0.0520  4.924e-11  1.000e-12  2.031e+00    33.9426    33.9204    -0.0223    26.5489    26.5324     60.430     60.641      0.303    1479.36    1479.31  0.000e+00
       6310     61.500     7.2746     7.2676    -0.0070    3.46015    3.45784          1     5.7431     5.8392       6.46     0.0545  4.924e-11  1.000e-12  2.031e+00    33.9459    33.9276    -0.0183    26.5504    26.5369     60.925     61.138      0.285    1479.41    1479.36  0.000e+00
       6354     62.000     7.2835     7.2758    -0.0077    3.46145    3.45918          1     5.6820     5.8453       6.35     0.0558  4.924e-11  1.000e-12  2.031e+00    33.9511    33.9338    -0.0173    26.5532    26.5407     61.420     61.634      0.269    1479.46    1479.41  0.000e+00
       6396     62.500     7.2959     7.2870    -0.0089    3.46331    3.46091          1     5.6285     5.8495       6.48     0.0577  4.924e-11  1.000e-12  2.031e+00    33.9589    33.9415    -0.0174    26.5576    26.5452     61.916     62.130      0.308    1479.52    1479.47  0.000e+00
       6433     63.000     7.3042     7.2955    -0.0087    3.46455    3.46233          1     5.6884     5.8501       6.35     0.0576  4.924e-11  1.000e-12  2.031e+00    33.9641    33.9484    -0.0157    26.5606    26.5494     62.411     62.626      0.328    1479.57    1479.52  0.000e+00
       6470     63.500     7.3136     7.3041    -0.0096    3.46604    3.46370          1     5.7366     5.8391       6.21     0.0558  4.924e-11  1.000e-12  2.031e+00    33.9707    33.9546    -0.0161    26.5645    26.5531     62.906     63.122      0.313    1479.62    1479.57  0.000e+00
       6512     64.000     7.3225     7.3143    -0.0082    3.46742    3.46538          1     5.7383     5.8359       4.91     0.0554  4.924e-11  1.000e-12  2.031e+00    33.9768    33.9626    -0.0142    26.5680    26.5580     63.401     63.618      0.277    1479.67    1479.62  0.000e+00
       6556     64.500     7.3312     7.3233    -0.0079    3.46886    3.46691          1     5.7157     5.8339       5.05     0.0525  4.924e-11  1.000e-12  2.031e+00    33.9836    33.9702    -0.0135    26.5721    26.5627     63.897     64.114      0.267    1479.72    1479.68  0.000e+00
       6603     65.000     7.3370     7.3295    -0.0075    3.47006    3.46814          1     5.7180     5.8400       3.91     0.0515  4.924e-11  1.000e-12  2.031e+00    33.9908    33.9772    -0.0135    26.5770    26.5673     64.392     64.610      0.224    1479.76    1479.72  0.000e+00
       6684     65.500     7.3386     7.3371    -0.0015    3.47058    3.46983          1     5.6409     5.8290       2.22     0.0515  4.924e-11  1.000e-12  2.031e+00    33.9947    33.9880    -0.0067    26.5798    26.5747     64.887     65.106      0.185    1479.78    1479.77  0.000e+00
       6931     66.000     7.3372     7.3362    -0.0011    3.47089    3.47053          1     5.7185     5.8360       2.91     0.0502  4.924e-11  1.000e-12  2.031e+00    33.9991    33.9963    -0.0028    26.5835    26.5814     65.382     65.602      0.232    1479.79    1479.78  0.000e+00
       6987     66.500     7.3365     7.3352    -0.0012    3.47114    3.47072          1     5.6979     5.8329       1.89     0.0504  4.924e-11  1.000e-12  2.031e+00    34.0023    33.9990    -0.0033    26.5861    26.5837     65.878     66.098      0.264    1479.80    1479.79  0.000e+00
       7035     67.000     7.3447     7.3368    -0.0079    3.47289    3.47106          1     5.6339     5.8306       3.97     0.0574  4.924e-11  1.000e-12  2.031e+00    34.0131    34.0009    -0.0122    26.5935    26.5850     66.373     66.595      0.189    1479.85    1479.81  0.000e+00
       9052     67.500     7.3469     7.3487     0.0018    3.47332    3.47399          1     5.7462     5.8344       0.02     0.0453  4.924e-11  1.000e-12  2.031e+00    34.0153    34.0210     0.0056    26.5949    26.5991     66.868     67.091     -0.290    1479.87    1479.88  0.000e+00
