ctdpy/tests/etc/all_smhi_bas_2018/SBE09_0827_20180904_2238_26_01_0961.cnv
* Sea-Bird SBE 9 Data File:
* FileName = D:\CTD_SBE911\DAT\26DA.2018.9.11.hex
* Software Version Seasave V 7.21d
* Temperature SN = 034605
* Conductivity SN = 041844
* Number of Bytes Per Scan = 48
* Number of Voltage Words = 5
* Number of Scans Averaged by the Deck Unit = 1
* NMEA Latitude = 57 59.91 N
* NMEA Longitude = 019 52.90 E
* NMEA UTC (Time) = Sep 04 2018  22:41:21
* NMEA baud rate = 4800
** Ship: DANA
** Average sound velocity: 1450.27 m/s
** True-depth calculation Wed, 03 Apr 2019 09:29:03 +0000
** CTD Python Module SMHI /ver 3-12/ feb 2012 
** LIMS Job: 20182601-0961
**  BY20
** Operator: Christian JKro
** Cruise: 09/2018
# nquan = 26
# nvalues = 382                         
# units = specified
# name 0 = scan: Scan Count
# name 1 = prDM: Pressure, Digiquartz [db]
# name 2 = t090C: Temperature [ITS-90, deg C]
# name 3 = t190C: Temperature, 2 [ITS-90, deg C]
# name 4 = T2-T190C: Temperature Difference, 2 - 1 [ITS-90, deg C]
# name 5 = c0S/m: Conductivity [S/m]
# name 6 = c1S/m: Conductivity, 2 [S/m]
# name 7 = pumps: Pump Status
# name 8 = sbeox1ML/L: Oxygen, SBE 43, 2 [ml/l]
# name 9 = sbeox0ML/L: Oxygen, SBE 43 [ml/l]
# name 10 = altM: Altimeter [m]
# name 11 = chloroflTC0: Chlorophyll, Turner Cyclops [ug/l]
# name 12 = cpar: CPAR/Corrected Irradiance [%]
# name 13 = par: PAR/Irradiance, Biospherical/Lico [µE/(cm^2*s)]
# name 14 = spar: SPAR, Biospherical/Licor
# name 15 = sal00: Salinity, Practical [PSU]
# name 16 = sal11: Salinity, Practical, 2 [PSU]
# name 17 = secS-priS: Salinity, Practical, Difference, 2 - 1 [PSU]
# name 18 = sigma-t00: Density [sigma-t, kg/m^3 ]
# name 19 = sigma-t11: Density, 2 [sigma-t, kg/m^3 ]
# name 20 = depSM: Depth [salt water, m], lat = 57.9985
# name 21 = depFM: Depth [true depth, m], lat = 57.9985
# name 22 = dz/dtM: Descent Rate [m/s], WS = 2
# name 23 = svCM: Sound Velocity [Chen-Millero, m/s]
# name 24 = svCM1: Sound Velocity, 2 [Chen-Millero, m/s]
# name 25 = flag: flag
# span 0 =        100,      15790       
# span 1 =      1.500,    192.000       
# span 2 =     3.1916,    18.5020       
# span 3 =     3.1935,    18.5010       
# span 4 =    -1.0574,     0.2673       
# span 5 =   0.747061,   1.392472       
# span 6 =   0.748013,   1.391997       
# span 7 =          1,          1       
# span 8 =     0.0309,     7.4722       
# span 9 =     0.0190,     7.7783       
# span 10 =       1.64,      10.02      
# span 11 =     0.0442,     0.2522      
# span 12 = -1.252e+02, 1.4356e+04      
# span 13 = 1.0000e-12, 1.0000e-12      
# span 14 = 1.7393e+00, 2.0333e+00      
# span 15 =     6.3963,    12.6960      
# span 16 =     6.3963,    12.6917      
# span 17 =    -0.2025,     0.1432      
# span 18 =     3.3816,     9.9202      
# span 19 =     3.3790,     9.9169      
# span 20 =      1.486,    190.132      
# span 21 =      1.523,    194.038      
# span 22 =     -0.253,      0.606      
# span 23 =    1427.98,    1485.16      
# span 24 =    1427.99,    1485.16      
# span 25 = 0.0000e+00, 0.0000e+00      
# interval = decibars: 0.5              
# start_time = Sep 04 2018 22:41:21 [NMEA time, first data scan]
# bad_flag = -9.990e-29
*END*
[from data line 279]
      11865    141.000     6.6823     6.6824     0.0001    1.36853    1.36801          1     0.0486     0.0297       9.97     0.0488  6.521e-05  1.000e-12  2.031e+00    12.4949    12.4897    -0.0052     9.7677     9.7636    139.646    142.600      0.445    1451.57    1451.57  0.000e+00
      11892    141.500     6.6857     6.6851    -0.0007    1.36960    1.36884          1     0.0483     0.0296       9.97     0.0484  4.924e-11  1.000e-12  2.031e+00    12.5041    12.4968    -0.0072     9.7747     9.7691    140.141    143.104      0.478    1451.61    1451.60  0.000e+00
      11916    142.000     6.6880     6.6878    -0.0002    1.37030    1.36966          1     0.0429     0.0298       9.97     0.0488  4.930e-11  1.000e-12  2.031e+00    12.5101    12.5039    -0.0062     9.7793     9.7744    140.636    143.609      0.541    1451.63    1451.62  0.000e+00
      11937    142.500     6.6902     6.6901    -0.0000    1.37100    1.37041          1     0.0467     0.0303       9.97     0.0493  1.366e+03  1.000e-12  2.003e+00    12.5161    12.5103    -0.0058     9.7838     9.7793    141.131    144.113      0.527    1451.66    1451.65  0.000e+00
      11962    143.000     6.6915     6.6914    -0.0001    1.37144    1.37094          1     0.0466     0.0291       9.97     0.0492  1.294e+04  1.000e-12  1.768e+00    12.5199    12.5150    -0.0049     9.7867     9.7829    141.626    144.617      0.453    1451.67    1451.67  0.000e+00
      11990    143.500     6.6935     6.6926    -0.0010    1.37191    1.37124          1     0.0451     0.0295       9.97     0.0494  6.587e+01  1.000e-12  2.030e+00    12.5237    12.5174    -0.0063     9.7895     9.7846    142.121    145.122      0.451    1451.70    1451.68  0.000e+00
      12015    144.000     6.6947     6.6942    -0.0006    1.37228    1.37164          1     0.0464     0.0296       9.97     0.0490 -7.068e-04  1.000e-12  2.031e+00    12.5269    12.5207    -0.0062     9.7919     9.7871    142.616    145.626      0.520    1451.71    1451.70  0.000e+00
      12037    144.500     6.6961     6.6959    -0.0002    1.37275    1.37218          1     0.0466     0.0295       9.97     0.0505  4.924e-11  1.000e-12  2.031e+00    12.5309    12.5253    -0.0056     9.7950     9.7906    143.111    146.130      0.533    1451.73    1451.72  0.000e+00
      12060    145.000     6.6971     6.6968    -0.0003    1.37323    1.37273          1     0.0460     0.0319       9.97     0.0508  4.924e-11  1.000e-12  2.031e+00    12.5352    12.5303    -0.0049     9.7982     9.7945    143.606    146.635      0.478    1451.75    1451.74  0.000e+00
      12087    145.500     6.6985     6.6985    -0.0000    1.37374    1.37328          1     0.0459     0.0300       9.97     0.0499  4.924e-11  1.000e-12  2.031e+00    12.5396    12.5350    -0.0046     9.8016     9.7980    144.101    147.139      0.445    1451.77    1451.76  0.000e+00
      12113    146.000     6.6999     6.6997    -0.0003    1.37410    1.37358          1     0.0457     0.0289       9.97     0.0511  4.924e-11  1.000e-12  2.031e+00    12.5426    12.5375    -0.0050     9.8038     9.7999    144.596    147.643      0.509    1451.79    1451.78  0.000e+00
      12135    146.500     6.7008     6.7003    -0.0005    1.37428    1.37373          1     0.0456     0.0309       9.97     0.0502  1.578e+00  1.000e-12  2.031e+00    12.5439    12.5387    -0.0052     9.8048     9.8008    145.091    148.148      0.581    1451.80    1451.79  0.000e+00
      12155    147.000     6.7021     6.7016    -0.0004    1.37457    1.37399          1     0.0462     0.0286       9.97     0.0510  4.692e+03  1.000e-12  1.935e+00    12.5462    12.5406    -0.0056     9.8065     9.8021    145.586    148.652      0.572    1451.82    1451.81  0.000e+00
      12178    147.500     6.7028     6.7026    -0.0002    1.37481    1.37433          1     0.0461     0.0296       9.97     0.0497  1.733e+02  1.000e-12  2.027e+00    12.5482    12.5435    -0.0047     9.8080     9.8044    146.081    149.156      0.465    1451.83    1451.82  0.000e+00
      12208    148.000     6.7054     6.7049    -0.0005    1.37547    1.37484          1     0.0468     0.0281       9.97     0.0494  1.098e-06  1.000e-12  2.031e+00    12.5537    12.5477    -0.0060     9.8121     9.8075    146.576    149.661      0.401    1451.85    1451.85  0.000e+00
      12235    148.500     6.7083     6.7080    -0.0003    1.37623    1.37562          1     0.0458     0.0319       9.97     0.0497  4.640e+03  1.000e-12  1.937e+00    12.5601    12.5541    -0.0060     9.8169     9.8122    147.071    150.165      0.515    1451.88    1451.87  0.000e+00
      12256    149.000     6.7100     6.7103     0.0003    1.37676    1.37626          1     0.0463     0.0277       9.97     0.0508 -9.969e+01  1.000e-12  2.033e+00    12.5646    12.5594    -0.0051     9.8203     9.8163    147.566    150.669      0.594    1451.90    1451.90  0.000e+00
      12276    149.500     6.7122     6.7125     0.0004    1.37739    1.37690          1     0.0460     0.0279       9.97     0.0507  4.694e+03  1.000e-12  1.935e+00    12.5699    12.5649    -0.0050     9.8243     9.8204    148.061    151.173      0.567    1451.93    1451.92  0.000e+00
      12300    150.000     6.7135     6.7142     0.0006    1.37777    1.37748          1     0.0452     0.0296       9.97     0.0508  1.848e+02  1.000e-12  2.027e+00    12.5731    12.5699    -0.0031     9.8267     9.8242    148.556    151.678      0.447    1451.95    1451.94  0.000e+00
      12331    150.500     6.7153     6.7148    -0.0006    1.37832    1.37776          1     0.0458     0.0279       9.97     0.0499 -7.775e-07  1.000e-12  2.031e+00    12.5778    12.5724    -0.0053     9.8302     9.8261    149.051    152.182      0.390    1451.97    1451.96  0.000e+00
      12358    151.000     6.7160     6.7152    -0.0008    1.37854    1.37798          1     0.0448     0.0316       9.97     0.0495  4.925e-11  1.000e-12  2.031e+00    12.5796    12.5743    -0.0052     9.8316     9.8275    149.546    152.686      0.516    1451.98    1451.97  0.000e+00
      12379    151.500     6.7160     6.7158    -0.0003    1.37865    1.37817          1     0.0442     0.0289       9.97     0.0513  1.036e+01  1.000e-12  2.031e+00    12.5805    12.5759    -0.0046     9.8323     9.8288    150.041    153.191      0.606    1451.99    1451.98  0.000e+00
      12398    152.000     6.7170     6.7168    -0.0003    1.37896    1.37845          1     0.0471     0.0250       9.97     0.0509  1.050e+04  1.000e-12  1.818e+00    12.5831    12.5782    -0.0049     9.8343     9.8305    150.536    153.695      0.596    1452.00    1452.00  0.000e+00
      12420    152.500     6.7179     6.7182     0.0004    1.37924    1.37888          1     0.0470     0.0285       9.97     0.0504  4.086e+03  1.000e-12  1.948e+00    12.5855    12.5818    -0.0037     9.8361     9.8332    151.031    154.199      0.500    1452.02    1452.02  0.000e+00
      12448    153.000     6.7194     6.7201     0.0007    1.37976    1.37950          1     0.0456     0.0285       9.97     0.0500  3.239e+03  1.000e-12  1.965e+00    12.5900    12.5871    -0.0028     9.8395     9.8372    151.526    154.704      0.408    1452.04    1452.04  0.000e+00
      12477    153.500     6.7211     6.7208    -0.0003    1.38021    1.37974          1     0.0461     0.0289       9.97     0.0505 -2.903e+01  1.000e-12  2.031e+00    12.5937    12.5892    -0.0045     9.8423     9.8388    152.021    155.208      0.467    1452.06    1452.05  0.000e+00
      12499    154.000     6.7212     6.7209    -0.0003    1.38025    1.37978          1     0.0453     0.0328       9.97     0.0508  4.908e-08  1.000e-12  2.031e+00    12.5939    12.5894    -0.0045     9.8425     9.8390    152.516    155.712      0.578    1452.07    1452.06  0.000e+00
      12519    154.500     6.7216     6.7211    -0.0005    1.38033    1.37981          1     0.0458     0.0274       9.97     0.0511  4.924e-11  1.000e-12  2.031e+00    12.5945    12.5895    -0.0050     9.8429     9.8390    153.011    156.217      0.602    1452.08    1452.07  0.000e+00
      12540    155.000     6.7223     6.7224     0.0000    1.38050    1.38002          1     0.0457     0.0268       9.97     0.0508  4.924e-11  1.000e-12  2.031e+00    12.5958    12.5911    -0.0047     9.8438     9.8402    153.506    156.721      0.519    1452.09    1452.08  0.000e+00
      12567    155.500     6.7233     6.7234     0.0001    1.38069    1.38029          1     0.0456     0.0276       9.97     0.0502  1.257e-09  1.000e-12  2.031e+00    12.5973    12.5932    -0.0040     9.8449     9.8418    154.001    157.225      0.406    1452.10    1452.10  0.000e+00
      12597    156.000     6.7246     6.7243    -0.0003    1.38104    1.38053          1     0.0457     0.0271       9.97     0.0510  3.666e+03  1.000e-12  1.956e+00    12.6001    12.5952    -0.0049     9.8470     9.8432    154.496    157.729      0.436    1452.12    1452.11  0.000e+00
      12622    156.500     6.7255     6.7255     0.0000    1.38131    1.38090          1     0.0436     0.0303       9.97     0.0541 -7.105e+01  1.000e-12  2.032e+00    12.6024    12.5983    -0.0041     9.8488     9.8455    154.991    158.234      0.528    1452.14    1452.13  0.000e+00
      12643    157.000     6.7263     6.7265     0.0002    1.38157    1.38122          1     0.0435     0.0302       9.97     0.0521  2.038e-08  1.000e-12  2.031e+00    12.6046    12.6010    -0.0035     9.8504     9.8476    155.486    158.738      0.555    1452.15    1452.15  0.000e+00
      12666    157.500     6.7271     6.7272     0.0001    1.38183    1.38150          1     0.0419     0.0285       9.97     0.0505  4.924e-11  1.000e-12  2.031e+00    12.6067    12.6034    -0.0033     9.8520     9.8494    155.981    159.242      0.516    1452.16    1452.16  0.000e+00
      12691    158.000     6.7280     6.7283     0.0002    1.38214    1.38183          1     0.0436     0.0281       9.97     0.0506  4.924e-11  1.000e-12  2.031e+00    12.6093    12.6062    -0.0031     9.8540     9.8516    156.476    159.747      0.456    1452.18    1452.18  0.000e+00
      12718    158.500     6.7290     6.7290     0.0000    1.38247    1.38215          1     0.0458     0.0276       9.97     0.0509  4.924e-11  1.000e-12  2.031e+00    12.6121    12.6089    -0.0031     9.8561     9.8537    156.971    160.251      0.457    1452.20    1452.19  0.000e+00
      12743    159.000     6.7296     6.7295    -0.0001    1.38270    1.38230          1     0.0417     0.0278       9.97     0.0502  1.235e+03  1.000e-12  2.006e+00    12.6141    12.6102    -0.0039     9.8576     9.8546    157.466    160.755      0.511    1452.21    1452.20  0.000e+00
      12765    159.500     6.7304     6.7307     0.0003    1.38292    1.38257          1     0.0458     0.0280       9.97     0.0501  7.619e+03  1.000e-12  1.876e+00    12.6159    12.6123    -0.0036     9.8590     9.8561    157.961    161.260      0.539    1452.22    1452.22  0.000e+00
      12787    160.000     6.7315     6.7317     0.0002    1.38321    1.38288          1     0.0458     0.0290       9.97     0.0511  4.401e+03  1.000e-12  1.941e+00    12.6182    12.6149    -0.0034     9.8608     9.8581    158.456    161.764      0.515    1452.24    1452.23  0.000e+00
      12812    160.500     6.7323     6.7324     0.0001    1.38343    1.38311          1     0.0465     0.0274       9.97     0.0504  1.204e+02  1.000e-12  2.028e+00    12.6201    12.6169    -0.0032     9.8621     9.8596    158.951    162.268      0.470    1452.25    1452.25  0.000e+00
      12838    161.000     6.7329     6.7329    -0.0001    1.38364    1.38328          1     0.0456     0.0294       9.97     0.0512  1.204e+00  1.000e-12  2.031e+00    12.6218    12.6182    -0.0035     9.8634     9.8606    159.446    162.772      0.474    1452.26    1452.26  0.000e+00
      12862    161.500     6.7335     6.7335    -0.0000    1.38386    1.38349          1     0.0457     0.0281       9.97     0.0504  8.294e+03  1.000e-12  1.862e+00    12.6236    12.6200    -0.0036     9.8648     9.8620    159.941    163.277      0.504    1452.28    1452.27  0.000e+00
      12886    162.000     6.7342     6.7340    -0.0002    1.38406    1.38368          1     0.0445     0.0242       9.97     0.0504  4.484e+03  1.000e-12  1.940e+00    12.6252    12.6215    -0.0037     9.8660     9.8632    160.436    163.781      0.498    1452.29    1452.28  0.000e+00
      12911    162.500     6.7348     6.7344    -0.0003    1.38424    1.38385          1     0.0449     0.0275       9.97     0.0495  3.790e+03  1.000e-12  1.954e+00    12.6267    12.6229    -0.0038     9.8672     9.8642    160.931    164.285      0.468    1452.30    1452.30  0.000e+00
      12937    163.000     6.7352     6.7351    -0.0001    1.38438    1.38401          1     0.0409     0.0271       9.97     0.0513 -6.490e+00  1.000e-12  2.031e+00    12.6278    12.6242    -0.0036     9.8680     9.8652    161.426    164.790      0.459    1452.31    1452.31  0.000e+00
      12963    163.500     6.7357     6.7355    -0.0002    1.38454    1.38416          1     0.0399     0.0269       9.97     0.0520  3.968e+03  1.000e-12  1.950e+00    12.6291    12.6255    -0.0036     9.8690     9.8661    161.921    165.294      0.472    1452.32    1452.32  0.000e+00
      12988    164.000     6.7362     6.7361    -0.0002    1.38471    1.38430          1     0.0415     0.0271       9.97     0.0521  4.208e+03  1.000e-12  1.945e+00    12.6305    12.6266    -0.0039     9.8700     9.8669    162.416    165.798      0.501    1452.34    1452.33  0.000e+00
      13011    164.500     6.7368     6.7365    -0.0003    1.38487    1.38446          1     0.0439     0.0261       9.97     0.0514  4.301e+01  1.000e-12  2.030e+00    12.6318    12.6278    -0.0039     9.8710     9.8679    162.911    166.303      0.497    1452.35    1452.34  0.000e+00
      13036    165.000     6.7373     6.7369    -0.0004    1.38501    1.38461          1     0.0424     0.0288       9.97     0.0502  1.266e-06  1.000e-12  2.031e+00    12.6329    12.6291    -0.0038     9.8718     9.8689    163.406    166.807      0.448    1452.36    1452.35  0.000e+00
      13065    165.500     6.7378     6.7378    -0.0001    1.38522    1.38488          1     0.0419     0.0269       9.97     0.0512  1.189e+04  1.000e-12  1.789e+00    12.6346    12.6313    -0.0034     9.8731     9.8705    163.901    167.311      0.435    1452.37    1452.37  0.000e+00
      13091    166.000     6.7386     6.7394     0.0007    1.38553    1.38537          1     0.0410     0.0259       9.97     0.0515  7.072e+03  1.000e-12  1.887e+00    12.6373    12.6355    -0.0019     9.8752     9.8737    164.396    167.815      0.507    1452.39    1452.39  0.000e+00
      13113    166.500     6.7398     6.7400     0.0003    1.38594    1.38568          1     0.0400     0.0244       9.97     0.0524  9.873e+01  1.000e-12  2.029e+00    12.6408    12.6382    -0.0026     9.8779     9.8758    164.891    168.320      0.554    1452.40    1452.40  0.000e+00
      13134    167.000     6.7407     6.7405    -0.0002    1.38624    1.38591          1     0.0423     0.0277       9.97     0.0528  4.226e+03  1.000e-12  1.945e+00    12.6434    12.6402    -0.0033     9.8798     9.8773    165.385    168.824      0.515    1452.42    1452.42  0.000e+00
      13161    167.500     6.7411     6.7407    -0.0005    1.38642    1.38601          1     0.0413     0.0247       9.97     0.0516  3.362e+03  1.000e-12  1.962e+00    12.6449    12.6410    -0.0039     9.8810     9.8779    165.881    169.328      0.414    1452.43    1452.42  0.000e+00
      13192    168.000     6.7414     6.7407    -0.0007    1.38654    1.38607          1     0.0411     0.0285       9.97     0.0522 -3.792e+01  1.000e-12  2.032e+00    12.6459    12.6415    -0.0044     9.8817     9.8783    166.376    169.833      0.411    1452.44    1452.43  0.000e+00
