ctdpy/tests/etc/all_smhi_bas_2018/SBE09_1044_20180924_0440_34_01_0045.cnv
* Sea-Bird SBE 9 Data File:
* FileName = C:\ctd\temp\2018\AR18D045.hex
* Software Version Seasave V 7.26.6.26
* Temperature SN = 5351
* Conductivity SN = 3941
* Number of Bytes Per Scan = 41
* Number of Voltage Words = 4
* Number of Scans Averaged by the Deck Unit = 1
* NMEA Latitude = 58 16.03 N
* NMEA Longitude = 010 43.46 E
* NMEA UTC (Time) = Sep 24 2018  04:40:12
* NMEA baud rate = 4800
** Station:  Å16
** Operator:  Obac
** Ship: ARANDA
** Average sound velocity: 1488.62 m/s
** True-depth calculation Mon, 24 Sep 2018 06:38:13 +0000
** CTD Python Module SMHI /ver 3-12/ feb 2012 
** LIMS Job: 20183401-0045
** Cruise: SMHI-02-2018
** Latitude [GG MM.mm N] :
** Longitude [GG MM.mm E]:
# nquan = 26
# nvalues = 401                         
# units = specified
# name 0 = scan: Scan Count
# name 1 = prDM: Pressure, Digiquartz [db]
# name 2 = t090C: Temperature [ITS-90, deg C]
# name 3 = t190C: Temperature, 2 [ITS-90, deg C]
# name 4 = T2-T190C: Temperature Difference, 2 - 1 [ITS-90, deg C]
# name 5 = c0S/m: Conductivity [S/m]
# name 6 = c1S/m: Conductivity, 2 [S/m]
# name 7 = pumps: Pump Status
# name 8 = sbeox0ML/L: Oxygen, SBE 43 [ml/l]
# name 9 = sbeox1ML/L: Oxygen, SBE 43, 2 [ml/l]
# name 10 = altM: Altimeter [m]
# name 11 = flECO-AFL: Chl-a Fluorescence, WET Labs ECO-AFL/FL [mg/m^3]
# name 12 = flECO-AFL1: Phycocyanin Fluorescence, WET Labs ECO-AFL/FL, 2 [mg/m^3]
# name 13 = par: PAR/Irradiance, Biospherical/Lico [µE/(cm^2*s)]
# name 14 = turbWETntu0: Turbidity, WET Labs ECO [NTU]
# name 15 = sal00: Salinity, Practical [PSU]
# name 16 = sal11: Salinity, Practical, 2 [PSU]
# name 17 = secS-priS: Salinity, Practical, Difference, 2 - 1 [PSU]
# name 18 = sigma-t00: Density [sigma-t, Kg/m^3 ]
# name 19 = sigma-t11: Density, 2 [sigma-t, Kg/m^3 ]
# name 20 = depSM: Depth [salt water, m], lat = 58.2672
# name 21 = depFM: Depth [true depth, m], lat = 58.2672
# name 22 = dz/dtM: Descent Rate [m/s], WS = 2
# name 23 = svCM: Sound Velocity [Chen-Millero, m/s]
# name 24 = svCM1: Sound Velocity, 2 [Chen-Millero, m/s]
# name 25 = flag: flag
# span 0 =       9318,      18366       
# span 1 =      2.000,    202.000       
# span 2 =     6.7818,    14.8450       
# span 3 =     6.7833,    14.8458       
# span 4 =    -0.0181,     0.0556       
# span 5 =   3.527833,   4.233862       
# span 6 =   3.527891,   4.233848       
# span 7 =          1,          1       
# span 8 =    4.70301,    5.82411       
# span 9 =    3.24444,    4.41454       
# span 10 =       2.98,      99.78      
# span 11 =     0.0757,     1.0280      
# span 12 =     0.1377,     0.3521      
# span 13 = 1.0000e-12, 1.8114e+00      
# span 14 =     0.1635,     1.5385      
# span 15 =    33.0684,    35.1153      
# span 16 =    33.0682,    35.1146      
# span 17 =    -0.0148,     0.0096      
# span 18 =    24.7735,    27.5398      
# span 19 =    24.7733,    27.5387      
# span 20 =      1.981,    200.026      
# span 21 =      1.988,    200.389      
# span 22 =      0.012,      1.277      
# span 23 =    1481.19,    1506.30      
# span 24 =    1481.20,    1506.30      
# span 25 = 0.0000e+00, 0.0000e+00      
# interval = decibars: 0.5              
# start_time = Sep 24 2018 04:40:12 [NMEA time, first data scan]
# bad_flag = -9.990e-29
*END*
       9318      2.000    13.6153    13.6159     0.0006    3.95025    3.95035          1     5.8166     4.0305      97.24     0.9237     0.2118  1.811e+00  0.2157000    33.0684    33.0688     0.0004    24.7735    24.7738      1.981      1.988      0.205    1499.97    1499.99  0.000e+00
       9382      2.500    13.6153    13.6161     0.0008    3.95028    3.95033          1     5.8241     4.0150      97.25     1.0280     0.3126  1.556e+00  0.2176000    33.0685    33.0682    -0.0003    24.7737    24.7733      2.477      2.485      0.304    1499.99    1499.99  0.000e+00
       9600      3.000    13.6148    13.6158     0.0010    3.95027    3.95035          1     5.8189     4.1856      97.25     0.9223     0.2826  1.522e+00  0.2184000    33.0686    33.0684    -0.0002    24.7738    24.7735      2.972      2.982      0.351    1500.00    1500.00  0.000e+00
       9673      3.500    13.6142    13.6152     0.0010    3.95024    3.95033          1     5.8032     4.4145      97.25     0.8946     0.3009  1.192e+00  0.2326000    33.0687    33.0686    -0.0001    24.7740    24.7737      3.467      3.479      0.403    1500.00    1500.00  0.000e+00
       9691      4.000    13.6136    13.6148     0.0012    3.95023    3.95032          1     5.7911     4.3586      97.25     0.9005     0.3136  1.094e+00  0.2177000    33.0689    33.0687    -0.0001    24.7743    24.7739      3.963      3.976      0.701    1500.01    1500.01  0.000e+00
       9707      4.500    13.6132    13.6141     0.0009    3.95022    3.95030          1     5.7783     4.3331      97.26     0.8961     0.3161  9.337e-01  0.2265000    33.0689    33.0689    -0.0000    24.7744    24.7742      4.458      4.473      0.732    1500.01    1500.02  0.000e+00
       9725      5.000    13.6134    13.6137     0.0003    3.95026    3.95032          1     5.7760     4.3193      97.26     0.8973     0.3051  7.863e-01  0.2377000    33.0689    33.0692     0.0003    24.7744    24.7745      4.953      4.970      0.567    1500.02    1500.02  0.000e+00
       9759      5.500    13.6125    13.6133     0.0009    3.95024    3.95031          1     5.7851     4.2884      97.25     0.8879     0.2829  7.104e-01  0.2462000    33.0693    33.0692    -0.0001    24.7748    24.7746      5.449      5.467      0.293    1500.03    1500.03  0.000e+00
       9796      6.000    13.6120    13.6129     0.0009    3.95021    3.95025          1     5.7674     4.2436      97.24     0.8822     0.3198  6.329e-01  0.2245000    33.0693    33.0689    -0.0004    24.7749    24.7744      5.944      5.963      0.550    1500.04    1500.04  0.000e+00
       9813      6.500    13.6067    13.6088     0.0021    3.95033    3.95042          1     5.7591     4.2138      97.24     0.8953     0.3221  5.534e-01  0.2536000    33.0748    33.0738    -0.0010    24.7802    24.7790      6.440      6.460      0.720    1500.03    1500.04  0.000e+00
       9829      7.000    13.6035    13.6048     0.0013    3.95031    3.95039          1     5.7592     4.1949      97.25     0.8888     0.2778  4.822e-01  0.2476000    33.0771    33.0767    -0.0004    24.7827    24.7821      6.935      6.957      0.718    1500.03    1500.04  0.000e+00
       9847      7.500    13.6010    13.6027     0.0017    3.95027    3.95039          1     5.7590     4.1838      97.25     0.8827     0.2818  4.275e-01  0.2388000    33.0787    33.0784    -0.0003    24.7844    24.7838      7.430      7.454      0.579    1500.03    1500.04  0.000e+00
       9876      8.000    13.6009    13.6019     0.0009    3.95029    3.95037          1     5.7701     4.1433      97.24     0.8827     0.3181  3.896e-01  0.2463000    33.0788    33.0787    -0.0001    24.7845    24.7842      7.926      7.951      0.350    1500.04    1500.05  0.000e+00
       9911      8.500    13.6004    13.6008     0.0004    3.95027    3.95032          1     5.7885     4.0916      97.25     0.8913     0.2762  3.619e-01  0.2310000    33.0789    33.0790     0.0001    24.7847    24.7847      8.421      8.448      0.460    1500.05    1500.05  0.000e+00
       9932      9.000    13.5987    13.5991     0.0004    3.95020    3.95026          1     5.7841     4.0594      46.63     0.8885     0.2913  3.419e-01  0.2375000    33.0795    33.0796     0.0001    24.7855    24.7855      8.916      8.945      0.591    1500.05    1500.05  0.000e+00
       9951      9.500    13.6014    13.5984    -0.0030    3.95032    3.95025          1     5.7846     4.0333      74.28     0.8803     0.3110  3.065e-01  0.2427000    33.0780    33.0800     0.0020    24.7838    24.7860      9.412      9.442      0.666    1500.07    1500.06  0.000e+00
       9969     10.000    13.5986    13.5977    -0.0009    3.95023    3.95024          1     5.7881     4.0215      97.32     0.8708     0.3180  2.745e-01  0.2425000    33.0794    33.0803     0.0009    24.7855    24.7863      9.907      9.939      0.733    1500.07    1500.07  0.000e+00
       9984     10.500    13.5986    13.6003     0.0017    3.95026    3.95036          1     5.7781     4.0068      97.24     0.8568     0.2623  2.386e-01  0.2424000    33.0795    33.0790    -0.0006    24.7856    24.7848     10.402     10.436      0.764    1500.08    1500.08  0.000e+00
      10000     11.000    13.6017    13.6023     0.0006    3.95042    3.95047          1     5.7643     3.9933      79.54     0.8472     0.2370  2.047e-01  0.2424000    33.0781    33.0781     0.0000    24.7839    24.7837     10.898     10.933      0.716    1500.10    1500.10  0.000e+00
      10018     11.500    13.6036    13.6042     0.0006    3.95050    3.95057          1     5.7654     3.9756      69.16     0.8806     0.3163  1.736e-01  0.2558000    33.0770    33.0771     0.0001    24.7826    24.7826     11.393     11.430      0.537    1500.11    1500.11  0.000e+00
      10055     12.000    13.6006    13.6027     0.0021    3.95038    3.95051          1     5.7626     3.9395      92.67     0.8711     0.2884  1.760e-01  0.2325000    33.0783    33.0776    -0.0007    24.7842    24.7833     11.888     11.927      0.267    1500.11    1500.11  0.000e+00
      10099     12.500    13.5950    13.5967     0.0016    3.95016    3.95027          1     5.7645     3.9051      86.44     0.8476     0.2360  1.636e-01  0.2172000    33.0808    33.0805    -0.0003    24.7873    24.7867     12.384     12.424      0.465    1500.10    1500.11  0.000e+00
      10118     13.000    13.5969    13.5972     0.0003    3.95025    3.95032          1     5.7702     3.8887      97.37     0.8464     0.2787  1.424e-01  0.2411000    33.0799    33.0803     0.0004    24.7862    24.7864     12.879     12.921      0.749    1500.12    1500.12  0.000e+00
      10132     13.500    13.5956    13.5958     0.0002    3.95025    3.95030          1     5.7720     3.8908      97.26     0.8516     0.2945  1.206e-01  0.2415000    33.0809    33.0811     0.0002    24.7872    24.7873     13.374     13.418      0.916    1500.12    1500.12  0.000e+00
      10144     14.000    13.5955    13.5954    -0.0001    3.95026    3.95032          1     5.7755     3.8946      97.26     0.8836     0.3207  1.021e-01  0.2489000    33.0809    33.0814     0.0006    24.7872    24.7877     13.869     13.915      0.986    1500.13    1500.13  0.000e+00
      10155     14.500    13.5920    13.5950     0.0030    3.95016    3.95033          1     5.7736     3.8939      97.27     0.8820     0.3243  8.960e-02  0.2477000    33.0827    33.0817    -0.0010    24.7894    24.7879     14.365     14.412      0.961    1500.13    1500.13  0.000e+00
      10168     15.000    13.5932    13.5949     0.0017    3.95022    3.95037          1     5.7703     3.8925      97.24     0.8589     0.3326  7.699e-02  0.2423000    33.0820    33.0820    -0.0001    24.7886    24.7882     14.860     14.909      0.826    1500.14    1500.14  0.000e+00
      10187     15.500    13.5963    13.5974     0.0012    3.95037    3.95046          1     5.7756     3.8818      97.24     0.8712     0.3305  7.025e-02  0.2424000    33.0805    33.0805    -0.0001    24.7868    24.7865     15.355     15.406      0.511    1500.16    1500.16  0.000e+00
      10242     16.000    13.5892    13.5907     0.0015    3.95009    3.95020          1     5.7755     3.8384      97.24     0.9183     0.3181  7.150e-02  0.2274000    33.0838    33.0836    -0.0003    24.7908    24.7903     15.851     15.903      0.354    1500.14    1500.15  0.000e+00
      10269     16.500    13.5885    13.5887     0.0002    3.95010    3.95012          1     5.7782     3.8162      97.26     0.8678     0.3005  6.182e-02  0.2346000    33.0844    33.0844     0.0000    24.7914    24.7914     16.346     16.399      0.727    1500.15    1500.15  0.000e+00
      10283     17.000    13.5892    13.5866    -0.0025    3.95015    3.95008          1     5.7791     3.8061      97.25     0.8584     0.2740  5.448e-02  0.2370000    33.0840    33.0856     0.0016    24.7910    24.7927     16.841     16.896      0.904    1500.16    1500.15  0.000e+00
      10295     17.500    13.5893    13.5886    -0.0007    3.95019    3.95020          1     5.7788     3.7959      97.26     0.8586     0.2881  4.229e-02  0.2449000    33.0841    33.0847     0.0007    24.7910    24.7917     17.337     17.393      0.945    1500.17    1500.17  0.000e+00
      10307     18.000    13.5865    13.5874     0.0008    3.95007    3.95013          1     5.7738     3.7884      97.25     0.8577     0.3085  3.052e-02  0.2443000    33.0852    33.0850    -0.0002    24.7924    24.7921     17.832     17.890      0.854    1500.17    1500.17  0.000e+00
      10324     18.500    13.5786    13.5791     0.0005    3.94970    3.94976          1     5.7658     3.7830      97.25     0.8356     0.3142  2.393e-02  0.2488000    33.0884    33.0885     0.0001    24.7965    24.7965     18.327     18.387      0.613    1500.16    1500.15  0.000e+00
      10355     19.000    13.5761    13.5762     0.0001    3.94960    3.94964          1     5.7625     3.7721      97.25     0.8508     0.3215  1.336e-02  0.2336000    33.0894    33.0897     0.0002    24.7978    24.7980     18.823     18.884      0.342    1500.16    1500.16  0.000e+00
      10389     19.500    13.5772    13.5773     0.0002    3.94967    3.94972          1     5.7682     3.7706      97.25     0.8714     0.2782  8.762e-03  0.2279000    33.0889    33.0892     0.0003    24.7972    24.7974     19.318     19.381      0.501    1500.17    1500.17  0.000e+00
      10408     20.000    13.5734    13.5743     0.0009    3.94952    3.94959          1     5.7633     3.7676      97.27     0.8708     0.3212  4.328e-03  0.2494000    33.0906    33.0905    -0.0001    24.7992    24.7990     19.813     19.878      0.677    1500.16    1500.17  0.000e+00
      10424     20.500    13.5737    13.5743     0.0006    3.94956    3.94962          1     5.7691     3.7594      97.25     0.8588     0.3287  1.269e-03  0.2360000    33.0906    33.0905     0.0000    24.7991    24.7990     20.309     20.375      0.734    1500.17    1500.17  0.000e+00
      10440     21.000    13.5736    13.5751     0.0015    3.94957    3.94967          1     5.7805     3.7524      97.25     0.8538     0.3386  4.764e-05  0.2441000    33.0905    33.0902    -0.0004    24.7992    24.7986     20.804     20.872      0.700    1500.18    1500.19  0.000e+00
      10459     21.500    13.5730    13.5737     0.0007    3.94957    3.94965          1     5.7821     3.7465      97.25     0.8478     0.3256  1.079e-07  0.2475000    33.0908    33.0910     0.0001    24.7995    24.7995     21.299     21.369      0.588    1500.19    1500.19  0.000e+00
      10483     22.000    13.5735    13.5752     0.0017    3.94961    3.94973          1     5.7820     3.7393      97.25     0.8584     0.3521  1.000e-12  0.2410000    33.0905    33.0902    -0.0003    24.7991    24.7986     21.794     21.866      0.450    1500.20    1500.20  0.000e+00
      10511     22.500    13.5588    13.5609     0.0022    3.94897    3.94910          1     5.7832     3.7277      97.25     0.8538     0.2928  1.000e-12  0.2338000    33.0971    33.0965    -0.0006    24.8072    24.8063     22.290     22.363      0.485    1500.17    1500.17  0.000e+00
      10533     23.000    13.5560    13.5570     0.0010    3.94885    3.94894          1     5.7782     3.7289      97.26     0.8340     0.2991  1.000e-12  0.2502000    33.0982    33.0982    -0.0000    24.8087    24.8085     22.785     22.860      0.641    1500.17    1500.17  0.000e+00
      10550     23.500    13.5547    13.5552     0.0006    3.94882    3.94889          1     5.7812     3.7332      97.26     0.8756     0.3228  1.000e-12  0.2383000    33.0989    33.0990     0.0001    24.8094    24.8094     23.280     23.357      0.718    1500.17    1500.17  0.000e+00
      10566     24.000    13.5543    13.5554     0.0012    3.94882    3.94892          1     5.7766     3.7340      97.25     0.8758     0.2805  1.000e-12  0.2421000    33.0990    33.0989    -0.0001    24.8096    24.8093     23.776     23.854      0.690    1500.18    1500.18  0.000e+00
      10585     24.500    13.5536    13.5541     0.0005    3.94883    3.94890          1     5.7762     3.7306      97.25     0.8586     0.3037  1.000e-12  0.2557000    33.0994    33.0998     0.0003    24.8101    24.8102     24.271     24.351      0.557    1500.18    1500.19  0.000e+00
      10612     25.000    13.5513    13.5522     0.0008    3.94880    3.94888          1     5.7867     3.7192      97.26     0.8517     0.3067  1.000e-12  0.2524000    33.1010    33.1010    -0.0000    24.8118    24.8116     24.766     24.848      0.416    1500.19    1500.19  0.000e+00
      10641     25.500    13.5501    13.5510     0.0009    3.94881    3.94889          1     5.7861     3.7137      97.24     0.8744     0.3034  1.000e-12  0.2405000    33.1019    33.1019     0.0000    24.8127    24.8125     25.262     25.344      0.462    1500.19    1500.19  0.000e+00
      10664     26.000    13.5499    13.5508     0.0010    3.94881    3.94890          1     5.7671     3.7037      97.27     0.8781     0.3145  1.000e-12  0.2550000    33.1019    33.1020     0.0001    24.8127    24.8126     25.757     25.841      0.548    1500.20    1500.20  0.000e+00
      10685     26.500    13.5462    13.5470     0.0007    3.94871    3.94879          1     5.7590     3.7000      97.26     0.8462     0.3244  1.000e-12  0.2482000    33.1040    33.1041     0.0001    24.8151    24.8150     26.252     26.338      0.595    1500.20    1500.20  0.000e+00
      10704     27.000    13.5456    13.5468     0.0012    3.94872    3.94883          1     5.7716     3.7021      97.26     0.8567     0.3221  1.000e-12  0.2488000    33.1044    33.1044    -0.0000    24.8156    24.8153     26.747     26.835      0.598    1500.21    1500.21  0.000e+00
      10725     27.500    13.5454    13.5465     0.0011    3.94872    3.94882          1     5.7905     3.7054      97.26     0.8510     0.3062  1.000e-12  0.2458000    33.1043    33.1043    -0.0000    24.8155    24.8153     27.243     27.332      0.550    1500.21    1500.22  0.000e+00
      10748     28.000    13.5446    13.5464     0.0017    3.94872    3.94881          1     5.7868     3.6996      97.26     0.8651     0.3072  1.000e-12  0.2434000    33.1048    33.1042    -0.0007    24.8160    24.8152     27.738     27.829      0.521    1500.22    1500.22  0.000e+00
      10771     28.500    13.5452    13.5458     0.0006    3.94894    3.94900          1     5.7693     3.6889      97.28     0.8745     0.2862  1.000e-12  0.2463000    33.1062    33.1063     0.0001    24.8170    24.8169     28.233     28.326      0.594    1500.23    1500.23  0.000e+00
      10789     29.000    13.5463    13.5467     0.0004    3.94919    3.94922          1     5.7715     3.6917      97.27     0.8585     0.2829  1.000e-12  0.2489000    33.1074    33.1073    -0.0001    24.8177    24.8175     28.729     28.823      0.696    1500.24    1500.25  0.000e+00
