ctdpy/tests/etc/all_smhi_bas_2018/SBE09_1044_20180416_0433_34_07_0005.cnv
* Sea-Bird SBE 9 Data File:
* FileName = C:\ctd\temp\2018\AU18D005.hex
* Software Version Seasave V 7.26.6.26
* Temperature SN = 5351
* Conductivity SN = 3941
* Number of Bytes Per Scan = 41
* Number of Voltage Words = 4
* Number of Scans Averaged by the Deck Unit = 1
* NMEA Latitude = 58 17.64 N
* NMEA Longitude = 010 50.71 E
* NMEA UTC (Time) = Apr 16 2018  04:33:06
* NMEA baud rate = 4800
** Station:  A15
** Operator:  SSip
** Ship: AURA
** Average sound velocity: 1475.71 m/s
** True-depth calculation Mon, 16 Apr 2018 05:18:52 +0000
** CTD Python Module SMHI /ver 3-12/ feb 2012 
** LIMS Job: 20183407-0005
** Cruise: SMHI-01-2018
** Latitude [GG MM.mm N] :
** Longitude [GG MM.mm E]:
# nquan = 26
# nvalues = 265                         
# units = specified
# name 0 = scan: Scan Count
# name 1 = prDM: Pressure, Digiquartz [db]
# name 2 = t090C: Temperature [ITS-90, deg C]
# name 3 = t190C: Temperature, 2 [ITS-90, deg C]
# name 4 = T2-T190C: Temperature Difference, 2 - 1 [ITS-90, deg C]
# name 5 = c0S/m: Conductivity [S/m]
# name 6 = c1S/m: Conductivity, 2 [S/m]
# name 7 = pumps: Pump Status
# name 8 = sbeox0ML/L: Oxygen, SBE 43 [ml/l]
# name 9 = sbeox1ML/L: Oxygen, SBE 43, 2 [ml/l]
# name 10 = altM: Altimeter [m]
# name 11 = flECO-AFL: Chl-a Fluorescence, WET Labs ECO-AFL/FL [mg/m^3]
# name 12 = flECO-AFL1: Phycocyanin Fluorescence, WET Labs ECO-AFL/FL, 2 [mg/m^3]
# name 13 = par: PAR/Irradiance, Biospherical/Lico [µE/(cm^2*s)]
# name 14 = turbWETntu0: Turbidity, WET Labs ECO [NTU]
# name 15 = sal00: Salinity, Practical [PSU]
# name 16 = sal11: Salinity, Practical, 2 [PSU]
# name 17 = secS-priS: Salinity, Practical, Difference, 2 - 1 [PSU]
# name 18 = sigma-t00: Density [sigma-t, Kg/m^3 ]
# name 19 = sigma-t11: Density, 2 [sigma-t, Kg/m^3 ]
# name 20 = depSM: Depth [salt water, m], lat = 58.294
# name 21 = depFM: Depth [true depth, m], lat = 58.294
# name 22 = dz/dtM: Descent Rate [m/s], WS = 2
# name 23 = svCM: Sound Velocity [Chen-Millero, m/s]
# name 24 = svCM1: Sound Velocity, 2 [Chen-Millero, m/s]
# name 25 = flag: flag
# span 0 =       6421,      12392       
# span 1 =      0.500,    132.500       
# span 2 =     2.5611,     7.3944       
# span 3 =     2.5592,     7.3946       
# span 4 =    -0.0291,     0.1135       
# span 5 =   2.302295,   3.552962       
# span 6 =   2.301691,   3.553038       
# span 7 =          1,          1       
# span 8 =    5.62086,    8.41247       
# span 9 =    5.54778,    8.35399       
# span 10 =       4.06,      99.26      
# span 11 =     0.0275,     9.2615      
# span 12 =     0.1369,     1.5587      
# span 13 = -3.584e-06, 4.3790e+01      
# span 14 =     0.1518,     1.6162      
# span 15 =    23.8666,    35.0041      
# span 16 =    23.7591,    35.0042      
# span 17 =    -0.2264,     0.0315      
# span 18 =    18.9368,    27.3945      
# span 19 =    18.8437,    27.3945      
# span 20 =      0.495,    131.227      
# span 21 =      0.500,    131.498      
# span 22 =      0.003,      0.641      
# span 23 =    1449.43,    1481.60      
# span 24 =    1449.48,    1481.60      
# span 25 = 0.0000e+00, 0.0000e+00      
# interval = decibars: 0.5              
# start_time = Apr 16 2018 04:33:06 [NMEA time, first data scan]
# bad_flag = -9.990e-29
*END*
[from data line 112]
       9165     56.500     7.2333     7.2335     0.0002    3.52955    3.52958          1     5.9820     5.8994      98.71     0.0612     0.1786  1.000e-12  0.2085000    34.7475    34.7476     0.0001    27.1872    27.1873     55.967     56.148      0.518    1480.17    1480.17  0.000e+00
       9188     57.000     7.2456     7.2455    -0.0002    3.53129    3.53127          1     5.9672     5.8949      98.71     0.0891     0.1940  1.000e-12  0.2284000    34.7539    34.7539    -0.0000    27.1905    27.1905     56.463     56.644      0.513    1480.23    1480.23  0.000e+00
       9212     57.500     7.2652     7.2644    -0.0007    3.53422    3.53411          1     5.9542     5.8859      98.71     0.0853     0.2709  1.000e-12  0.2261000    34.7661    34.7656    -0.0004    27.1973    27.1970     56.958     57.139      0.495    1480.33    1480.33  0.000e+00
       9237     58.000     7.2782     7.2776    -0.0006    3.53618    3.53612          1     5.9505     5.8765      98.71     0.0641     0.2257  1.000e-12  0.2145000    34.7742    34.7741    -0.0002    27.2019    27.2018     57.453     57.635      0.480    1480.40    1480.40  0.000e+00
       9262     58.500     7.2988     7.2982    -0.0005    3.53914    3.53906          1     5.9468     5.8723      98.71     0.0644     0.2088  1.000e-12  0.2076000    34.7856    34.7853    -0.0003    27.2079    27.2078     57.948     58.131      0.480    1480.50    1480.50  0.000e+00
       9287     59.000     7.3214     7.3203    -0.0011    3.54206    3.54195          1     5.9501     5.8679      98.71     0.1085     0.2280  1.000e-12  0.1997000    34.7946    34.7945    -0.0001    27.2117    27.2118     58.443     58.627      0.497    1480.61    1480.60  0.000e+00
       9310     59.500     7.3359     7.3363     0.0004    3.54409    3.54416          1     5.9555     5.8617      98.71     0.0562     0.2256  1.000e-12  0.2283000    34.8018    34.8021     0.0003    27.2154    27.2156     58.939     59.123      0.514    1480.68    1480.68  0.000e+00
       9333     60.000     7.3388     7.3391     0.0002    3.54452    3.54454          1     5.9534     5.8644      98.71     0.0553     0.1952  1.000e-12  0.2038000    34.8033    34.8034     0.0001    27.2161    27.2161     59.434     59.618      0.524    1480.70    1480.70  0.000e+00
       9356     60.500     7.3424     7.3420    -0.0004    3.54497    3.54493          1     5.9463     5.8688      98.71     0.0548     0.1899  1.000e-12  0.1990000    34.8044    34.8044     0.0000    27.2165    27.2166     59.929     60.114      0.517    1480.72    1480.72  0.000e+00
       9380     61.000     7.3448     7.3448     0.0000    3.54529    3.54529          1     5.9464     5.8700      98.71     0.0551     0.1907  1.000e-12  0.1883000    34.8053    34.8052    -0.0001    27.2168    27.2168     60.424     60.610      0.487    1480.74    1480.74  0.000e+00
       9405     61.500     7.3524     7.3506    -0.0018    3.54619    3.54602          1     5.9523     5.8725      98.71     0.0584     0.1661  1.000e-12  0.2059000    34.8072    34.8071    -0.0001    27.2172    27.2175     60.920     61.106      0.501    1480.78    1480.78  0.000e+00
       9428     62.000     7.3613     7.3619     0.0006    3.54729    3.54740          1     5.9563     5.8738      98.71     0.0638     0.1840  1.000e-12  0.1977000    34.8100    34.8105     0.0005    27.2182    27.2185     61.415     61.601      0.535    1480.83    1480.83  0.000e+00
       9450     62.500     7.3675     7.3690     0.0015    3.54810    3.54828          1     5.9570     5.8771      98.71     0.0556     0.2208  1.000e-12  0.1973000    34.8124    34.8128     0.0005    27.2192    27.2193     61.910     62.097      0.543    1480.86    1480.87  0.000e+00
       9472     63.000     7.3797     7.3789    -0.0008    3.54958    3.54955          1     5.9459     5.8690      77.27     0.0556     0.1790  1.000e-12  0.2090000    34.8159    34.8165     0.0005    27.2202    27.2208     62.405     62.593      0.556    1480.92    1480.92  0.000e+00
       9493     63.500     7.3944     7.3946     0.0002    3.55178    3.55182          1     5.9311     5.8581      96.08     0.0662     0.2266  1.000e-12  0.2158000    34.8249    34.8252     0.0003    27.2252    27.2254     62.900     63.089      0.571    1481.00    1481.00  0.000e+00
       9514     64.000     7.3909     7.3916     0.0007    3.55224    3.55230          1     5.9183     5.8528      98.73     0.0678     0.2253  1.000e-12  0.2097000    34.8332    34.8332    -0.0000    27.2322    27.2321     63.396     63.584      0.574    1481.01    1481.01  0.000e+00
       9535     64.500     7.3813     7.3828     0.0016    3.55185    3.55198          1     5.9102     5.8399      93.65     0.0567     0.2070  1.000e-12  0.2273000    34.8384    34.8382    -0.0001    27.2377    27.2373     63.891     64.080      0.563    1480.98    1480.99  0.000e+00
       9557     65.000     7.3616     7.3630     0.0014    3.55063    3.55073          1     5.9035     5.8368      72.33     0.0571     0.2071  1.000e-12  0.2103000    34.8445    34.8443    -0.0003    27.2453    27.2449     64.386     64.576      0.555    1480.92    1480.93  0.000e+00
       9578     65.500     7.3628     7.3627    -0.0001    3.55103    3.55104          1     5.9057     5.8392      98.66     0.0439     0.2071  1.000e-12  0.2259000    34.8476    34.8478     0.0002    27.2475    27.2477     64.881     65.072      0.557    1480.94    1480.94  0.000e+00
       9600     66.000     7.3667     7.3675     0.0008    3.55157    3.55166          1     5.9073     5.8359      98.71     0.0463     0.1947  1.000e-12  0.2360000    34.8492    34.8494     0.0002    27.2483    27.2484     65.376     65.568      0.561    1480.97    1480.97  0.000e+00
       9621     66.500     7.3672     7.3674     0.0002    3.55185    3.55186          1     5.8945     5.8304      98.71     0.0615     0.1918  1.000e-12  0.2391000    34.8516    34.8516    -0.0000    27.2501    27.2500     65.872     66.063      0.563    1480.98    1480.98  0.000e+00
       9642     67.000     7.3489     7.3511     0.0022    3.55098    3.55115          1     5.8875     5.8144      98.71     0.0666     0.1978  1.000e-12  0.2827000    34.8603    34.8600    -0.0004    27.2596    27.2590     66.367     66.559      0.563    1480.93    1480.93  0.000e+00
       9664     67.500     7.3209     7.3227     0.0017    3.54863    3.54881          1     5.8864     5.7921      98.71     0.1012     0.2035  1.000e-12  0.2536000    34.8625    34.8627     0.0002    27.2653    27.2652     66.862     67.055      0.567    1480.83    1480.84  0.000e+00
       9685     68.000     7.3120     7.3126     0.0006    3.54792    3.54799          1     5.8857     5.7963      98.15     0.0664     0.1913  1.000e-12  0.2925000    34.8636    34.8638     0.0002    27.2674    27.2675     67.357     67.551      0.569    1480.80    1480.81  0.000e+00
       9706     68.500     7.3083     7.3091     0.0008    3.54776    3.54785          1     5.8868     5.8131      67.80     0.0830     0.2250  1.000e-12  0.3167000    34.8652    34.8654     0.0001    27.2692    27.2692     67.852     68.046      0.560    1480.80    1480.80  0.000e+00
       9728     69.000     7.3065     7.3069     0.0005    3.54771    3.54776          1     5.8827     5.8175      86.67     0.0749     0.1843  1.000e-12  0.3273000    34.8663    34.8664     0.0001    27.2703    27.2703     68.348     68.542      0.553    1480.80    1480.81  0.000e+00
       9749     69.500     7.3026     7.3033     0.0007    3.54769    3.54771          1     5.8799     5.8132      68.12     0.0371     0.1905  1.000e-12  0.3291000    34.8697    34.8693    -0.0004    27.2736    27.2731     68.843     69.038      0.563    1480.80    1480.80  0.000e+00
       9770     70.000     7.2996     7.3001     0.0005    3.54801    3.54806          1     5.8841     5.8076      99.26     0.0382     0.2251  1.000e-12  0.3413000    34.8760    34.8760    -0.0000    27.2790    27.2789     69.338     69.534      0.574    1480.81    1480.81  0.000e+00
       9791     70.500     7.2985     7.2992     0.0007    3.54827    3.54828          1     5.8812     5.7970      98.71     0.0587     0.2309  1.000e-12  0.3936000    34.8797    34.8791    -0.0006    27.2820    27.2814     69.833     70.029      0.574    1480.82    1480.82  0.000e+00
       9812     71.000     7.2970     7.2979     0.0009    3.54839    3.54843          1     5.8747     5.7832      98.71     0.0492     0.2423  1.000e-12  0.4121000    34.8823    34.8818    -0.0004    27.2843    27.2838     70.328     70.525      0.567    1480.82    1480.82  0.000e+00
       9834     71.500     7.2949     7.2951     0.0002    3.54836    3.54842          1     5.8628     5.7646      98.71     0.0472     0.2175  1.000e-12  0.4462000    34.8838    34.8843     0.0004    27.2858    27.2861     70.823     71.021      0.558    1480.82    1480.82  0.000e+00
       9855     72.000     7.2931     7.2934     0.0002    3.54827    3.54832          1     5.8496     5.7654      98.71     0.0510     0.2141  1.000e-12  0.4537000    34.8844    34.8847     0.0003    27.2865    27.2867     71.319     71.517      0.555    1480.82    1480.83  0.000e+00
       9877     72.500     7.2925     7.2927     0.0001    3.54825    3.54829          1     5.8395     5.7841      98.71     0.0578     0.2219  1.000e-12  0.4397000    34.8845    34.8848     0.0003    27.2867    27.2869     71.814     72.012      0.556    1480.83    1480.83  0.000e+00
       9898     73.000     7.2924     7.2932     0.0007    3.54827    3.54835          1     5.8430     5.7898      98.71     0.0610     0.2185  1.000e-12  0.4488000    34.8846    34.8848     0.0001    27.2868    27.2868     72.309     72.508      0.559    1480.84    1480.84  0.000e+00
       9920     73.500     7.2914     7.2924     0.0009    3.54824    3.54835          1     5.8487     5.7816      73.99     0.1135     0.2073  1.000e-12  0.4437000    34.8851    34.8853     0.0002    27.2872    27.2873     72.804     73.004      0.565    1480.84    1480.85  0.000e+00
       9941     74.000     7.2915     7.2921     0.0006    3.54827    3.54834          1     5.8508     5.7683      64.11     0.0572     0.2071  1.000e-12  0.4589000    34.8851    34.8853     0.0001    27.2873    27.2873     73.299     73.499      0.564    1480.85    1480.85  0.000e+00
       9962     74.500     7.2897     7.2903     0.0006    3.54816    3.54822          1     5.8477     5.7593      99.19     0.0591     0.2452  1.000e-12  0.4599000    34.8854    34.8855     0.0001    27.2878    27.2878     73.794     73.995      0.565    1480.85    1480.86  0.000e+00
       9983     75.000     7.2885     7.2865    -0.0020    3.54807    3.54794          1     5.8478     5.7574      97.19     0.0638     0.2506  1.000e-12  0.4649000    34.8854    34.8860     0.0006    27.2879    27.2887     74.290     74.491      0.571    1480.86    1480.85  0.000e+00
      10004     75.500     7.2849     7.2843    -0.0007    3.54780    3.54776          1     5.8475     5.7622      60.48     0.0549     0.2333  1.000e-12  0.4684000    34.8858    34.8860     0.0002    27.2887    27.2890     74.785     74.987      0.570    1480.85    1480.85  0.000e+00
      10025     76.000     7.2821     7.2832     0.0011    3.54757    3.54770          1     5.8424     5.7648      68.17     0.0472     0.2448  1.000e-12  0.4750000    34.8859    34.8862     0.0003    27.2893    27.2893     75.280     75.482      0.563    1480.85    1480.85  0.000e+00
      10047     76.500     7.2814     7.2816     0.0002    3.54755    3.54759          1     5.8333     5.7538      98.47     0.0463     0.2223  1.000e-12  0.4808000    34.8862    34.8864     0.0003    27.2895    27.2897     75.775     75.978      0.564    1480.86    1480.86  0.000e+00
      10068     77.000     7.2755     7.2762     0.0007    3.54721    3.54728          1     5.8299     5.7577      58.52     0.0387     0.2702  1.000e-12  0.4836000    34.8880    34.8881     0.0000    27.2919    27.2918     76.270     76.474      0.566    1480.84    1480.85  0.000e+00
      10089     77.500     7.2709     7.2715     0.0006    3.54710    3.54717          1     5.8283     5.7632      98.38     0.0377     0.2279  1.000e-12  0.5122000    34.8913    34.8915     0.0002    27.2951    27.2951     76.765     76.970      0.553    1480.84    1480.84  0.000e+00
      10112     78.000     7.2728     7.2732     0.0004    3.54765    3.54767          1     5.8143     5.7522      62.76     0.0483     0.1758  1.000e-12  0.5428000    34.8952    34.8949    -0.0002    27.2979    27.2976     77.261     77.465      0.534    1480.86    1480.86  0.000e+00
      10134     78.500     7.2701     7.2713     0.0012    3.54782    3.54785          1     5.8034     5.7352      81.19     0.0570     0.2072  1.000e-12  0.5763000    34.8994    34.8986    -0.0008    27.3016    27.3008     77.756     77.961      0.545    1480.86    1480.87  0.000e+00
      10155     79.000     7.2681     7.2686     0.0005    3.54774    3.54782          1     5.7972     5.7198      57.44     0.0393     0.2057  1.000e-12  0.6095000    34.9004    34.9007     0.0004    27.3026    27.3028     78.251     78.457      0.578    1480.86    1480.87  0.000e+00
      10176     79.500     7.2680     7.2685     0.0004    3.54779    3.54786          1     5.7951     5.7109      66.64     0.0374     0.2288  1.000e-12  0.6354000    34.9007    34.9011     0.0004    27.3029    27.3031     78.746     78.953      0.595    1480.87    1480.87  0.000e+00
      10196     80.000     7.2680     7.2683     0.0003    3.54783    3.54789          1     5.7907     5.7125      71.81     0.0376     0.2480  1.000e-12  0.6408000    34.9010    34.9013     0.0004    27.3031    27.3033     79.241     79.448      0.588    1480.88    1480.88  0.000e+00
      10217     80.500     7.2675     7.2679     0.0004    3.54785    3.54792          1     5.7802     5.7099      55.12     0.0376     0.2530  1.000e-12  0.6501000    34.9014    34.9017     0.0003    27.3035    27.3037     79.737     79.944      0.575    1480.89    1480.89  0.000e+00
      10238     81.000     7.2672     7.2677     0.0005    3.54787    3.54793          1     5.7758     5.6999      55.10     0.0427     0.2299  1.000e-12  0.6630000    34.9017    34.9019     0.0002    27.3038    27.3039     80.232     80.440      0.564    1480.89    1480.90  0.000e+00
      10259     81.500     7.2664     7.2669     0.0005    3.54784    3.54791          1     5.7715     5.6936      55.09     0.0542     0.2448  1.000e-12  0.6755000    34.9020    34.9022     0.0002    27.3041    27.3042     80.727     80.936      0.548    1480.90    1480.90  0.000e+00
      10281     82.000     7.2644     7.2652     0.0007    3.54772    3.54780          1     5.7586     5.6888      54.62     0.0671     0.2112  1.000e-12  0.6894000    34.9023    34.9025     0.0002    27.3047    27.3047     81.222     81.431      0.540    1480.90    1480.90  0.000e+00
      10304     82.500     7.2609     7.2616     0.0007    3.54741    3.54750          1     5.7435     5.6687      54.10     0.0782     0.2071  1.000e-12  0.7530000    34.9023    34.9025     0.0002    27.3051    27.3052     81.717     81.927      0.555    1480.90    1480.90  0.000e+00
      10325     83.000     7.2567     7.2578     0.0011    3.54702    3.54714          1     5.7290     5.6479      55.60     0.0623     0.2071  1.000e-12  0.7409000    34.9020    34.9022     0.0003    27.3055    27.3055     82.212     82.423      0.579    1480.89    1480.89  0.000e+00
      10345     83.500     7.2530     7.2536     0.0006    3.54669    3.54678          1     5.7132     5.6420      55.63     0.0475     0.1980  1.000e-12  0.7564000    34.9019    34.9023     0.0004    27.3060    27.3062     82.707     82.918      0.593    1480.88    1480.88  0.000e+00
