ctdpy/tests/etc/all_smhi_bas_2018/SBE09_0827_20180127_1507_26_01_0237.cnv
* Sea-Bird SBE 9 Data File:
* FileName = D:\CTD_SBE911\DAT\26DA.2018.1.137.hex
* Software Version Seasave V 7.21d
* Temperature SN = 034757
* Conductivity SN = 041844
* Number of Bytes Per Scan = 48
* Number of Voltage Words = 5
* Number of Scans Averaged by the Deck Unit = 1
* NMEA Latitude = 57 12.10 N
* NMEA Longitude = 011 25.72 E
* NMEA UTC (Time) = Jan 27 2018  15:07:51
* NMEA baud rate = 4800
** Ship: DANA
** Average sound velocity: 1471.72 m/s
** True-depth calculation Thu, 28 Mar 2019 08:32:47 +0000
** CTD Python Module SMHI /ver 3-12/ feb 2012 
** LIMS Job: 20182601-0237
** W Groves Flak
** Operator: Ronny Sørensen
** Cruise: 01/2018
# nquan = 26
# nvalues = 147                         
# units = specified
# name 0 = scan: Scan Count
# name 1 = prDM: Pressure, Digiquartz [db]
# name 2 = t090C: Temperature [ITS-90, deg C]
# name 3 = t190C: Temperature, 2 [ITS-90, deg C]
# name 4 = T2-T190C: Temperature Difference, 2 - 1 [ITS-90, deg C]
# name 5 = c0S/m: Conductivity [S/m]
# name 6 = c1S/m: Conductivity, 2 [S/m]
# name 7 = pumps: Pump Status
# name 8 = sbeox1ML/L: Oxygen, SBE 43, 2 [ml/l]
# name 9 = sbeox0ML/L: Oxygen, SBE 43 [ml/l]
# name 10 = altM: Altimeter [m]
# name 11 = chloroflTC0: Chlorophyll, Turner Cyclops [ug/l]
# name 12 = cpar: CPAR/Corrected Irradiance [%]
# name 13 = par: PAR/Irradiance, Biospherical/Lico [µE/(cm^2*s)]
# name 14 = spar: SPAR, Biospherical/Licor
# name 15 = sal00: Salinity, Practical [PSU]
# name 16 = sal11: Salinity, Practical, 2 [PSU]
# name 17 = secS-priS: Salinity, Practical, Difference, 2 - 1 [PSU]
# name 18 = sigma-t00: Density [sigma-t, kg/m^3 ]
# name 19 = sigma-t11: Density, 2 [sigma-t, kg/m^3 ]
# name 20 = depSM: Depth [salt water, m], lat = 57.2017
# name 21 = depFM: Depth [true depth, m], lat = 57.2017
# name 22 = dz/dtM: Descent Rate [m/s], WS = 2
# name 23 = svCM: Sound Velocity [Chen-Millero, m/s]
# name 24 = svCM1: Sound Velocity, 2 [Chen-Millero, m/s]
# name 25 = flag: flag
# span 0 =        247,      10017       
# span 1 =      2.000,     75.000       
# span 2 =     4.1995,     7.5022       
# span 3 =     4.1891,     7.5006       
# span 4 =    -0.1015,     0.1625       
# span 5 =   2.256822,   3.496584       
# span 6 =   2.254312,   3.496729       
# span 7 =          1,          1       
# span 8 =     5.6141,     7.0838       
# span 9 =     5.7365,     7.1127       
# span 10 =      -1.24,       9.95      
# span 11 =     0.0208,     0.0609      
# span 12 = 4.4764e-12, 5.5040e+00      
# span 13 = 1.0000e-12, 1.1249e+00      
# span 14 = 1.7255e+01, 2.2339e+01      
# span 15 =    23.2402,    34.1118      
# span 16 =    23.2191,    34.1149      
# span 17 =    -0.5591,     0.7019      
# span 18 =    18.4311,    26.6487      
# span 19 =    18.4151,    26.6515      
# span 20 =      1.982,     74.296      
# span 21 =      2.000,     74.535      
# span 22 =     -0.362,      0.289      
# span 23 =    1452.42,    1480.71      
# span 24 =    1452.36,    1480.71      
# span 25 = 0.0000e+00, 0.0000e+00      
# interval = decibars: 0.5              
# start_time = Jan 27 2018 15:07:51 [NMEA time, first data scan]
# bad_flag = -9.990e-29
*END*
[from data line 112]
       5823     58.000     6.7071     6.7290     0.0219    3.37156    3.37483          1     5.9181     6.0217       9.95     0.0393  4.924e-12  1.000e-12  2.031e+01    33.5321    33.5468     0.0147    26.3018    26.3105     57.458     57.667      0.251    1476.63    1476.73  0.000e+00
       5871     58.500     6.7210     6.7188    -0.0021    3.37400    3.37518          1     5.9279     6.0208       9.95     0.0391  4.924e-12  1.000e-12  2.031e+01    33.5452    33.5603     0.0152    26.3103    26.3225     57.954     58.163      0.248    1476.71    1476.72  0.000e+00
       5920     59.000     6.7260     6.7699     0.0438    3.37644    3.38194          1     5.8961     6.0133       9.95     0.0390  4.924e-12  1.000e-12  2.031e+01    33.5670    33.5847     0.0177    26.3268    26.3349     58.449     58.660      0.257    1476.76    1476.96  0.000e+00
       5963     59.500     6.7691     6.8166     0.0475    3.38333    3.38941          1     5.8974     6.0058       9.95     0.0391  4.924e-12  1.000e-12  2.031e+01    33.6006    33.6211     0.0205    26.3476    26.3574     58.944     59.156      0.276    1476.98    1477.19  0.000e+00
       6009     60.000     6.7985     6.8128     0.0143    3.38778    3.38969          1     5.8534     5.9970       9.95     0.0400  4.924e-12  1.000e-12  2.031e+01    33.6206    33.6276     0.0070    26.3594    26.3630     59.439     59.652      0.265    1477.13    1477.19  0.000e+00
       6053     60.500     6.8115     6.8104    -0.0011    3.38963    3.38941          1     5.8279     5.9854       9.95     0.0403  4.924e-12  1.000e-12  2.031e+01    33.6279    33.6266    -0.0013    26.3634    26.3626     59.935     60.148      0.256    1477.20    1477.19  0.000e+00
       6103     61.000     6.8138     6.8183     0.0045    3.39002    3.39026          1     5.8930     5.9846       9.95     0.0401  4.924e-12  1.000e-12  2.031e+01    33.6297    33.6279    -0.0018    26.3645    26.3625     60.430     60.644      0.242    1477.22    1477.23  0.000e+00
       6151     61.500     6.8200     6.8310     0.0110    3.39080    3.39155          1     5.8541     5.9846       9.95     0.0409  4.924e-12  1.000e-12  2.031e+01    33.6320    33.6295    -0.0025    26.3655    26.3620     60.925     61.141      0.249    1477.25    1477.29  0.000e+00
       6200     62.000     6.8408     6.8825     0.0417    3.39428    3.39971          1     5.8213     5.9619       9.95     0.0419  4.924e-12  1.000e-12  2.031e+01    33.6496    33.6685     0.0189    26.3766    26.3858     61.420     61.637      0.248    1477.37    1477.55  0.000e+00
       6246     62.500     6.8866     6.9605     0.0738    3.40203    3.40968          1     5.8656     5.9441       9.95     0.0418  4.924e-12  1.000e-12  2.031e+01    33.6898    33.7014     0.0116    26.4021    26.4012     61.916     62.133      0.270    1477.60    1477.90  0.000e+00
       6291     63.000     6.9815     7.0741     0.0926    3.41648    3.42786          1     5.8172     5.9206       9.95     0.0436  4.924e-12  1.000e-12  2.031e+01    33.7552    33.7891     0.0339    26.4407    26.4548     62.411     62.629      0.265    1478.06    1478.46  0.000e+00
       6335     63.500     7.0613     7.0930     0.0316    3.42857    3.43160          1     5.7960     5.8861       9.95     0.0451  4.924e-12  1.000e-12  2.031e+01    33.8091    33.8113     0.0022    26.4723    26.4696     62.906     63.125      0.277    1478.45    1478.57  0.000e+00
       6381     64.000     7.0894     7.1041     0.0147    3.43283    3.43390          1     5.8115     5.8890       9.95     0.0459  4.924e-12  1.000e-12  2.031e+01    33.8280    33.8252    -0.0028    26.4833    26.4791     63.401     63.621      0.243    1478.59    1478.64  0.000e+00
       6431     64.500     7.1023     7.1061     0.0039    3.43469    3.43457          1     5.7847     5.8923       9.95     0.0455  4.924e-12  1.000e-12  2.031e+01    33.8355    33.8304    -0.0051    26.4874    26.4829     63.897     64.117      0.246    1478.65    1478.66  0.000e+00
       6480     65.000     7.1035     7.1055     0.0020    3.43493    3.43471          1     5.7997     5.8842       9.95     0.0460  4.924e-12  1.000e-12  2.031e+01    33.8366    33.8323    -0.0043    26.4881    26.4845     64.392     64.614      0.238    1478.67    1478.67  0.000e+00
       6529     65.500     7.1038     7.1054     0.0017    3.43499    3.43479          1     5.7676     5.8859       9.95     0.0459  4.924e-12  1.000e-12  2.031e+01    33.8367    33.8330    -0.0037    26.4882    26.4850     64.887     65.110      0.267    1478.68    1478.68  0.000e+00
       6573     66.000     7.1085     7.1188     0.0103    3.43579    3.43646          1     5.7692     5.8863       9.90     0.0466  4.924e-12  1.000e-12  2.031e+01    33.8407    33.8379    -0.0028    26.4907    26.4871     65.382     65.606      0.265    1478.71    1478.75  0.000e+00
       6618     66.500     7.1257     7.1328     0.0071    3.43841    3.43880          1     5.7761     5.8694       9.60     0.0447  4.924e-12  1.000e-12  2.031e+01    33.8522    33.8495    -0.0027    26.4974    26.4942     65.878     66.102      0.276    1478.80    1478.82  0.000e+00
       6662     67.000     7.1357     7.1389     0.0032    3.43996    3.44003          1     5.7728     5.8727       8.98     0.0448  4.924e-12  1.000e-12  2.031e+01    33.8591    33.8568    -0.0024    26.5014    26.4991     66.373     66.598      0.259    1478.85    1478.86  0.000e+00
       6711     67.500     7.1386     7.1407     0.0020    3.44045    3.44041          1     5.7571     5.8699       8.49     0.0453  4.924e-12  1.000e-12  2.031e+01    33.8613    33.8590    -0.0024    26.5027    26.5006     66.868     67.094      0.241    1478.88    1478.88  0.000e+00
       6760     68.000     7.1448     7.1472     0.0024    3.44143    3.44141          1     5.7634     5.8672       7.99     0.0451  4.924e-12  1.000e-12  2.031e+01    33.8658    33.8632    -0.0026    26.5054    26.5030     67.363     67.590      0.243    1478.91    1478.92  0.000e+00
       6809     68.500     7.1522     7.1569     0.0047    3.44265    3.44285          1     5.7800     5.8685       7.50     0.0448  4.924e-12  1.000e-12  2.031e+01    33.8716    33.8691    -0.0025    26.5089    26.5063     67.858     68.086      0.252    1478.96    1478.97  0.000e+00
       6856     69.000     7.1673     7.1742     0.0069    3.44504    3.44554          1     5.7445     5.8656       7.46     0.0451  4.924e-12  1.000e-12  2.031e+01    33.8826    33.8813    -0.0013    26.5155    26.5135     68.354     68.583      0.257    1479.04    1479.06  0.000e+00
       6901     69.500     7.1776     7.1854     0.0078    3.44664    3.44721          1     5.7567     5.8563       6.69     0.0456  4.924e-12  1.000e-12  2.031e+01    33.8898    33.8883    -0.0015    26.5197    26.5175     68.849     69.079      0.281    1479.10    1479.12  0.000e+00
       6944     70.000     7.1871     7.1980     0.0109    3.44807    3.44918          1     5.7642     5.8642       8.42     0.0460  4.924e-12  1.000e-12  2.031e+01    33.8958    33.8973     0.0014    26.5232    26.5228     69.344     69.575      0.259    1479.15    1479.19  0.000e+00
       6993     70.500     7.2013     7.2054     0.0041    3.45016    3.45050          1     5.7048     5.8528       6.40     0.0459  4.924e-12  1.000e-12  2.031e+01    33.9044    33.9040    -0.0004    26.5280    26.5271     69.839     70.071      0.248    1479.22    1479.24  0.000e+00
       7041     71.000     7.2113     7.2598     0.0484    3.45193    3.45596          1     5.6824     5.8345       5.15     0.0483  4.924e-12  1.000e-12  2.031e+01    33.9137    33.9100    -0.0036    26.5339    26.5242     70.335     70.567      0.242    1479.28    1479.46  0.000e+00
       7091     71.500     7.3375     7.4450     0.1075    3.47192    3.48427          1     5.7124     5.8022       4.62     0.0493  4.924e-12  1.000e-12  2.031e+01    34.0073    34.0360     0.0287    26.5899    26.5973     70.830     71.063      0.252    1479.89    1480.34  0.000e+00
       7136     72.000     7.4368     7.4869     0.0501    3.48683    3.49258          1     5.6621     5.7649       4.44     0.0516  4.924e-12  1.000e-12  2.031e+01    34.0717    34.0849     0.0132    26.6265    26.6298     71.325     71.559      0.271    1480.36    1480.57  0.000e+00
       7181     72.500     7.4670     7.4934     0.0265    3.49131    3.49422          1     5.6141     5.7495       5.36     0.0534  4.924e-12  1.000e-12  2.031e+01    34.0904    34.0959     0.0055    26.6370    26.6375     71.820     72.055      0.272    1480.51    1480.62  0.000e+00
       7224     73.000     7.4824     7.4973     0.0150    3.49379    3.49496          1     5.6493     5.7482       3.53     0.0551  4.924e-12  1.000e-12  2.031e+01    34.1019    34.1000    -0.0019    26.6438    26.6402     72.316     72.551      0.282    1480.59    1480.64  0.000e+00
       7266     73.500     7.4889     7.4976     0.0086    3.49472    3.49519          1     5.6614     5.7566       2.65     0.0571  4.924e-12  1.000e-12  2.031e+01    34.1053    34.1020    -0.0033    26.6455    26.6417     72.811     73.047      0.274    1480.63    1480.66  0.000e+00
       7313     74.000     7.4938     7.4992     0.0054    3.49535    3.49557          1     5.6444     5.7470       2.24     0.0577  4.924e-12  1.000e-12  2.031e+01    34.1072    34.1042    -0.0030    26.6463    26.6432     73.306     73.543      0.244    1480.66    1480.67  0.000e+00
       7363     74.500     7.4961     7.4990     0.0029    3.49569    3.49563          1     5.6548     5.7452       5.70     0.0609  4.924e-12  1.000e-12  2.031e+01    34.1084    34.1048    -0.0036    26.6469    26.6437     73.801     74.039      0.229    1480.68    1480.68  0.000e+00
      10017     75.000     7.5022     7.5006    -0.0016    3.49658    3.49673          1     5.6545     5.7365      -1.24     0.0593  5.747e-12  1.000e-12  1.725e+01    34.1118    34.1149     0.0032    26.6487    26.6515     74.296     74.535     -0.362    1480.71    1480.71  0.000e+00
