ctdpy/tests/etc/all_smhi_bas_2018/SBE09_0827_20180827_1336_26_01_0915.cnv
* Sea-Bird SBE 9 Data File:
* FileName = D:\CTD_SBE911\DAT\26DA.2018.8.115.hex
* Software Version Seasave V 7.21d
* Temperature SN = 034605
* Conductivity SN = 041844
* Number of Bytes Per Scan = 48
* Number of Voltage Words = 5
* Number of Scans Averaged by the Deck Unit = 1
* NMEA Latitude = 56 21.94 N
* NMEA Longitude = 012 15.68 E
* NMEA UTC (Time) = Aug 27 2018  13:38:44
* NMEA baud rate = 4800
** Ship: DANA
** Average sound velocity: 1501.88 m/s
** True-depth calculation Thu, 28 Mar 2019 09:53:22 +0000
** CTD Python Module SMHI /ver 3-12/ feb 2012 
** LIMS Job: 20182601-0915
**  7 NW KULLEN
** Operator: Christian
** Cruise: 08/2018
# nquan = 26
# nvalues = 58                          
# units = specified
# name 0 = scan: Scan Count
# name 1 = prDM: Pressure, Digiquartz [db]
# name 2 = t090C: Temperature [ITS-90, deg C]
# name 3 = t190C: Temperature, 2 [ITS-90, deg C]
# name 4 = T2-T190C: Temperature Difference, 2 - 1 [ITS-90, deg C]
# name 5 = c0S/m: Conductivity [S/m]
# name 6 = c1S/m: Conductivity, 2 [S/m]
# name 7 = pumps: Pump Status
# name 8 = sbeox1ML/L: Oxygen, SBE 43, 2 [ml/l]
# name 9 = sbeox0ML/L: Oxygen, SBE 43 [ml/l]
# name 10 = altM: Altimeter [m]
# name 11 = chloroflTC0: Chlorophyll, Turner Cyclops [ug/l]
# name 12 = cpar: CPAR/Corrected Irradiance [%]
# name 13 = par: PAR/Irradiance, Biospherical/Lico [µE/(cm^2*s)]
# name 14 = spar: SPAR, Biospherical/Licor
# name 15 = sal00: Salinity, Practical [PSU]
# name 16 = sal11: Salinity, Practical, 2 [PSU]
# name 17 = secS-priS: Salinity, Practical, Difference, 2 - 1 [PSU]
# name 18 = sigma-t00: Density [sigma-t, kg/m^3 ]
# name 19 = sigma-t11: Density, 2 [sigma-t, kg/m^3 ]
# name 20 = depSM: Depth [salt water, m], lat = 56.3657
# name 21 = depFM: Depth [true depth, m], lat = 56.3657
# name 22 = dz/dtM: Descent Rate [m/s], WS = 2
# name 23 = svCM: Sound Velocity [Chen-Millero, m/s]
# name 24 = svCM1: Sound Velocity, 2 [Chen-Millero, m/s]
# name 25 = flag: flag
# span 0 =         29,       3286       
# span 1 =      1.500,     30.000       
# span 2 =     8.2547,    18.9530       
# span 3 =     8.3581,    18.9337       
# span 4 =    -0.1374,     1.6830       
# span 5 =   3.064073,   3.954667       
# span 6 =   3.064287,   3.955956       
# span 7 =          1,          1       
# span 8 =     4.0027,     6.0946       
# span 9 =     3.7972,     5.7555       
# span 10 =       1.57,       9.98      
# span 11 =     0.0649,     0.2655      
# span 12 = -8.446e-06, 7.5898e+00      
# span 13 = -1.921e-05, 1.4489e+01      
# span 14 = 1.9090e+02, 2.5720e+02      
# span 15 =    22.1485,    33.6916      
# span 16 =    22.1504,    33.7323      
# span 17 =    -1.1878,     0.0463      
# span 18 =    15.3771,    26.2085      
# span 19 =    15.3786,    26.2213      
# span 20 =      1.486,     29.724      
# span 21 =      1.505,     29.949      
# span 22 =      0.006,      0.439      
# span 23 =    1482.28,    1510.53      
# span 24 =    1482.74,    1510.28      
# span 25 = 0.0000e+00, 0.0000e+00      
# interval = decibars: 0.5              
# start_time = Aug 27 2018 13:38:44 [NMEA time, first data scan]
# bad_flag = -9.990e-29
*END*
         29      1.500    18.3579    18.3570    -0.0009    3.06416    3.06429          1     6.0269     5.7415       7.96     0.1786  7.590e+00  1.449e+01  1.909e+02    22.1491    22.1505     0.0015    15.3774    15.3788      1.486      1.505      0.330    1502.35    1502.35  0.000e+00
         94      2.000    18.3577    18.3571    -0.0006    3.06414    3.06429          1     6.0788     5.7555       9.86     0.1878  6.387e+00  1.219e+01  1.909e+02    22.1489    22.1504     0.0015    15.3774    15.3786      1.982      2.006      0.297    1502.36    1502.36  0.000e+00
        358      2.500    18.3573    18.3567    -0.0006    3.06407    3.06429          1     6.0675     5.7395       9.98     0.1861  5.484e+00  1.047e+01  1.909e+02    22.1485    22.1505     0.0020    15.3771    15.3788      2.477      2.508      0.250    1502.36    1502.36  0.000e+00
        427      3.000    18.3604    18.3570    -0.0034    3.06491    3.06441          1     6.0824     5.7525       9.98     0.1952  4.928e+00  9.408e+00  1.909e+02    22.1533    22.1512    -0.0021    15.3801    15.3793      2.973      3.009      0.258    1502.39    1502.37  0.000e+00
        465      3.500    18.3608    18.3602    -0.0006    3.06502    3.06514          1     6.0765     5.7483       9.98     0.1750  4.606e+00  8.793e+00  1.909e+02    22.1538    22.1551     0.0012    15.3804    15.3815      3.468      3.511      0.427    1502.40    1502.40  0.000e+00
        491      4.000    18.3604    18.3599    -0.0004    3.06494    3.06518          1     6.0713     5.7427       9.98     0.1908  4.174e+00  7.968e+00  1.909e+02    22.1533    22.1555     0.0021    15.3801    15.3818      3.963      4.012      0.401    1502.40    1502.40  0.000e+00
        527      4.500    18.3597    18.3599     0.0003    3.06479    3.06521          1     6.0815     5.7388       9.98     0.1963  3.641e+00  6.957e+00  1.911e+02    22.1524    22.1555     0.0031    15.3796    15.3819      4.459      4.514      0.322    1502.41    1502.41  0.000e+00
        562      5.000    18.3599    18.3594    -0.0005    3.06483    3.06513          1     6.0946     5.7296       9.98     0.1743  3.373e+00  6.490e+00  1.924e+02    22.1525    22.1551     0.0027    15.3796    15.3817      4.954      5.016      0.376    1502.42    1502.42  0.000e+00
        594      5.500    18.3600    18.3596    -0.0004    3.06494    3.06514          1     6.0662     5.7369       9.98     0.1778  3.037e+00  5.859e+00  1.929e+02    22.1531    22.1549     0.0018    15.3801    15.3815      5.450      5.517      0.333    1502.43    1502.43  0.000e+00
        640      6.000    18.3608    18.3597    -0.0012    3.06506    3.06522          1     6.0485     5.7544       9.98     0.1756  2.793e+00  5.388e+00  1.929e+02    22.1536    22.1554     0.0018    15.3802    15.3819      5.945      6.019      0.252    1502.44    1502.44  0.000e+00
        678      6.500    18.3606    18.3601    -0.0005    3.06497    3.06523          1     6.0702     5.7535       9.98     0.2013  2.556e+00  4.931e+00  1.929e+02    22.1528    22.1552     0.0023    15.3797    15.3816      6.441      6.520      0.361    1502.44    1502.45  0.000e+00
        777      7.000    18.3727    18.3635    -0.0092    3.06918    3.06587          1     6.0538     5.7297       9.98     0.1820  2.295e+00  4.428e+00  1.929e+02    22.1797    22.1583    -0.0214    15.3974    15.3832      6.936      7.022      0.228    1502.52    1502.47  0.000e+00
        844      7.500    18.4022    18.3959    -0.0063    3.08076    3.07729          1     5.9919     5.6545       9.98     0.1756  2.065e+00  3.983e+00  1.929e+02    22.2560    22.2317    -0.0242    15.4486    15.4317      7.431      7.523      0.262    1502.70    1502.66  0.000e+00
        883      8.000    18.4466    18.4240    -0.0226    3.10280    3.08839          1     5.9648     5.5971       9.98     0.1678  1.886e+00  3.639e+00  1.930e+02    22.4074    22.3049    -0.1025    15.5537    15.4809      7.927      8.025      0.439    1503.01    1502.83  0.000e+00
        911      8.500    18.6355    18.4984    -0.1374    3.23265    3.12498          1     5.9359     5.5556       9.98     0.1638  1.703e+00  3.308e+00  1.943e+02    23.3370    22.5557    -0.7813    16.2172    15.6546      8.422      8.526      0.343    1504.63    1503.34  0.000e+00
        960      9.000    18.8511    18.7583    -0.0931    3.45411    3.34389          1     5.9208     5.5322       9.98     0.1993  1.504e+00  2.932e+00  1.950e+02    24.9810    24.1546    -0.8263    17.4175    16.8106      8.918      9.027      0.248    1507.12    1505.92  0.000e+00
       1002      9.500    18.8983    18.8734    -0.0248    3.54395    3.51279          1     5.8777     5.5161       9.98     0.2127  1.353e+00  2.637e+00  1.950e+02    25.6719    25.4372    -0.2347    17.9320    17.7594      9.413      9.527      0.263    1508.05    1507.71  0.000e+00
       1076     10.000    18.9236    18.9034    -0.0202    3.66225    3.59926          1     5.8319     5.4882       9.98     0.2105  1.155e+00  2.251e+00  1.950e+02    26.6072    26.1129    -0.4943    18.6380    18.2665      9.908     10.027      0.249    1509.18    1508.56  0.000e+00
       1125     10.500    18.9404    18.9243    -0.0161    3.69893    3.66875          1     5.8209     5.4780       9.98     0.2622  9.966e-01  1.947e+00  1.954e+02    26.8918    26.6588    -0.2329    18.8506    18.6771     10.404     10.527      0.228    1509.55    1509.25  0.000e+00
       1178     11.000    18.9427    18.9260    -0.0167    3.68098    3.67832          1     5.8142     5.4721       9.98     0.2436  8.810e-01  1.736e+00  1.971e+02    26.7454    26.7347    -0.0108    18.7386    18.7344     10.899     11.027      0.266    1509.41    1509.34  0.000e+00
       1219     11.500    18.9530    18.9238    -0.0292    3.75287    3.67078          1     5.8202     5.4435       9.97     0.2413  7.969e-01  1.570e+00  1.970e+02    27.3187    26.6752    -0.6435    19.1726    18.6897     11.395     11.527      0.288    1510.09    1509.28  0.000e+00
       1260     12.000    18.9420    18.9284    -0.0135    3.77860    3.68257          1     5.7951     5.4513       9.97     0.2521  7.135e-01  1.406e+00  1.970e+02    27.5339    26.7671    -0.7668    19.3392    18.7585     11.890     12.027      0.301    1510.30    1509.41  0.000e+00
       1299     12.500    18.9268    18.9337     0.0068    3.79781    3.71403          1     5.8105     5.4076       9.97     0.2581  6.425e-01  1.277e+00  1.987e+02    27.6994    27.0173    -0.6820    19.4689    18.9478     12.386     12.526      0.296    1510.45    1509.71  0.000e+00
       1343     13.000    18.7713    18.9308     0.1596    3.84232    3.74763          1     5.7915     5.2287       9.97     0.2655  5.802e-01  1.155e+00  1.990e+02    28.1659    27.2905    -0.8754    19.8621    19.1565     12.881     13.026      0.255    1510.53    1510.02  0.000e+00
       1393     13.500    18.3491    18.8781     0.5289    3.88712    3.78601          1     5.7805     5.1764       9.97     0.2466  5.179e-01  1.031e+00  1.990e+02    28.8239    27.6360    -1.1878    20.4656    19.4325     13.376     13.525      0.235    1510.04    1510.26  0.000e+00
       1444     14.000    18.2122    18.7218     0.5095    3.90311    3.82512          1     5.6940     5.2252       9.97     0.2178  4.735e-01  9.426e-01  1.991e+02    29.0518    28.0589    -0.9929    20.6722    19.7925     13.872     14.024      0.240    1509.90    1510.28  0.000e+00
       1491     14.500    18.1797    18.5231     0.3431    3.90721    3.85761          1     5.6010     5.2357       9.97     0.2176  4.207e-01  8.455e-01  2.010e+02    29.1086    28.4597    -0.6489    20.7234    20.1460     14.367     14.523      0.285    1509.88    1510.16  0.000e+00
       1530     15.000    18.1809    18.3891     0.2083    3.91100    3.87542          1     5.6200     5.2220       9.97     0.2150  3.740e-01  7.519e-01  2.011e+02    29.1390    28.6989    -0.4401    20.7463    20.3606     14.863     15.022      0.307    1509.93    1510.04  0.000e+00
       1570     15.500    18.2340    18.3451     0.1112    3.92799    3.88500          1     5.6013     5.1977       9.97     0.2419  3.289e-01  6.613e-01  2.011e+02    29.2418    28.8082    -0.4336    20.8121    20.4546     15.358     15.521      0.288    1510.21    1510.05  0.000e+00
       1612     16.000    18.2314    18.2903     0.0590    3.94394    3.89652          1     5.5821     5.2175       9.97     0.2158  2.928e-01  5.894e-01  2.013e+02    29.3757    28.9416    -0.4341    20.9149    20.5695     15.853     16.020      0.302    1510.36    1510.04  0.000e+00
       1651     16.500    18.0321    18.2653     0.2331    3.94070    3.91563          1     5.5155     5.2419       9.97     0.2267  2.541e-01  5.159e-01  2.030e+02    29.4916    29.1170    -0.3746    21.0510    20.7094     16.349     16.518      0.290    1509.91    1510.18  0.000e+00
       1698     17.000    17.7942    18.2283     0.4343    3.93450    3.92323          1     5.5395     5.2139       9.97     0.2294  2.261e-01  4.591e-01  2.031e+02    29.6118    29.2060    -0.4058    21.1991    20.7861     16.844     17.017      0.240    1509.34    1510.18  0.000e+00
       1744     17.500    17.3089    18.1338     0.8249    3.91507    3.92920          1     5.5208     5.2309       9.97     0.2078  1.991e-01  4.042e-01  2.031e+02    29.8024    29.3227    -0.4797    21.4582    20.8978     17.339     17.516      0.281    1508.11    1510.04  0.000e+00
       1793     18.000    17.0120    18.0023     0.9902    3.91229    3.93084          1     5.5405     5.2286       9.97     0.2121  1.740e-01  3.558e-01  2.045e+02    29.9980    29.4304    -0.5675    21.6766    21.0113     17.835     18.014      0.199    1507.44    1509.78  0.000e+00
       1855     18.500    17.0287    17.5796     0.5509    3.93456    3.92699          1     5.5297     5.1455       9.97     0.2024  1.535e-01  3.148e-01  2.051e+02    30.1755    29.7043    -0.4712    21.8086    21.3203     18.330     18.513      0.231    1507.71    1508.83  0.000e+00
       1906     19.000    16.9115    17.3934     0.4817    3.94695    3.92838          1     5.5198     5.1166       9.97     0.2215  1.322e-01  2.735e-01  2.068e+02    30.3693    29.8523    -0.5170    21.9840    21.4769     18.826     19.011      0.226    1507.58    1508.45  0.000e+00
       1958     19.500    16.7270    17.1622     0.4355    3.95467    3.93658          1     5.5085     5.1188       9.97     0.2105  1.153e-01  2.389e-01  2.072e+02    30.5752    30.0929    -0.4824    22.1839    21.7146     19.321     19.509      0.248    1507.26    1508.03  0.000e+00
       2007     20.000    16.4897    16.9630     0.4732    3.95289    3.94740          1     5.4371     5.0774       9.97     0.2027  9.790e-02  2.046e-01  2.091e+02    30.7413    30.3339    -0.4074    22.3650    21.9451     19.816     20.007      0.222    1506.73    1507.71  0.000e+00
       2068     20.500    16.1299    16.8471     0.7171    3.95135    3.95211          1     5.4059     5.0202       9.97     0.1665  8.394e-02  1.760e-01  2.098e+02    31.0061    30.4617    -0.5444    22.6489    22.0695     20.312     20.506      0.184    1505.93    1507.51  0.000e+00
       2136     21.000    15.8081    16.6326     0.8249    3.93895    3.95596          1     5.3848     5.0535       9.97     0.1402  7.028e-02  1.484e-01  2.112e+02    31.1491    30.6580    -0.4912    22.8301    22.2688     20.807     21.003      0.173    1505.10    1507.09  0.000e+00
       2207     21.500    15.6236    16.3277     0.7040    3.93184    3.95455          1     5.3750     5.0144       9.81     0.1368  5.946e-02  1.265e-01  2.128e+02    31.2319    30.8803    -0.3515    22.9342    22.5081     21.303     21.501      0.188    1504.62    1506.41  0.000e+00
       2265     22.000    15.4286    15.9962     0.5678    3.92577    3.94817          1     5.2808     4.9533       9.35     0.1245  4.670e-02  1.004e-01  2.150e+02    31.3326    31.0821    -0.2505    23.0542    22.7371     21.798     21.999      0.222    1504.13    1505.62  0.000e+00
       2348     22.500    15.0937    15.4018     0.3090    3.91293    3.93205          1     5.2122     4.9431       8.85     0.1209  3.871e-02  8.402e-02  2.171e+02    31.4860    31.4101    -0.0759    23.2442    23.1194     22.293     22.497      0.199    1503.26    1504.14  0.000e+00
       2448     23.000    14.6389    14.8993     0.2607    3.88534    3.90800          1     5.2057     5.0468       8.38     0.1108  3.099e-02  6.798e-02  2.195e+02    31.6049    31.5984    -0.0065    23.4324    23.3722     22.789     22.995      0.208    1501.94    1502.77  0.000e+00
       2531     23.500    14.3247    14.5699     0.2453    3.86822    3.88795          1     5.2561     5.0625       7.88     0.1070  2.389e-02  5.312e-02  2.225e+02    31.7055    31.6846    -0.0210    23.5756    23.5083     23.284     23.492      0.203    1501.05    1501.82  0.000e+00
       2591     24.000    13.8346    14.1752     0.3405    3.83866    3.86707          1     5.2594     4.8970       7.40     0.1095  1.677e-02  3.760e-02  2.244e+02    31.8381    31.8177    -0.0203    23.7783    23.6931     23.779     23.990      0.270    1499.62    1500.71  0.000e+00
       2641     24.500    12.9483    13.7476     0.7998    3.78783    3.84217          1     5.2521     4.5980       6.90     0.1274  1.008e-02  2.274e-02  2.256e+02    32.1070    31.9426    -0.1644    24.1624    23.8768     24.275     24.487      0.234    1497.00    1499.46  0.000e+00
       2685     25.000    11.5200    13.0685     1.5480    3.71307    3.80964          1     5.0462     4.8703       6.40     0.1176  3.919e-03  8.914e-03  2.274e+02    32.6243    32.2109    -0.4135    24.8319    24.2191     24.770     24.984      0.292    1492.73    1497.53  0.000e+00
       2731     25.500    10.5500    12.2332     1.6830    3.65219    3.76368          1     4.9810     5.3497       6.12     0.1089 -8.446e-06 -1.921e-05  2.291e+02    32.8856    32.4898    -0.3958    25.2080    24.5964     25.266     25.481      0.242    1489.65    1495.05  0.000e+00
       2777     26.000    10.2280    11.7732     1.5458    3.63081    3.74494          1     5.0205     5.2944       5.43     0.0915 -2.889e-07 -6.572e-07  2.312e+02    32.9621    32.7119    -0.2501    25.3226    24.8538     25.761     25.978      0.294    1488.60    1493.73  0.000e+00
       2820     26.500     9.8234    11.0622     1.2418    3.60395    3.69594          1     5.1949     5.1786       5.15     0.0811  4.285e-13  1.000e-12  2.334e+02    33.0587    32.8605    -0.1982    25.4657    25.0991     26.256     26.474      0.225    1487.27    1491.45  0.000e+00
       2885     27.000     9.2268    10.4659     1.2390    3.57059    3.66268          1     5.2218     4.6761       5.81     0.0698  4.244e-13  1.000e-12  2.356e+02    33.2680    33.0666    -0.2014    25.7258    25.3633     26.752     26.971      0.264    1485.35    1489.59  0.000e+00
       2928     27.500     8.5006     9.6988     1.1976    3.53483    3.61593          1     5.1639     3.9982       4.91     0.0686  4.206e-13  1.000e-12  2.378e+02    33.5779    33.2957    -0.2821    26.0819    25.6712     27.247     27.467      0.238    1483.05    1487.12  0.000e+00
       2985     28.000     8.2776     9.3087     1.0305    3.52331    3.59216          1     4.9125     3.7972       4.75     0.0679  4.154e-13  1.000e-12  2.407e+02    33.6684    33.4140    -0.2544    26.1868    25.8272     27.743     27.964      0.268    1482.33    1485.85  0.000e+00
       3020     28.500     8.2590     8.9216     0.6633    3.52278    3.57349          1     4.6936     3.8705       2.97     0.0745  4.120e-13  1.000e-12  2.427e+02    33.6804    33.5838    -0.0967    26.1990    26.0215     28.238     28.460      0.359    1482.28    1484.64  0.000e+00
