ctdpy/tests/etc/all_smhi_bas_2018/SBE09_1044_20180203_1749_34_02_0053.cnv
* Sea-Bird SBE 9 Data File:
* FileName = C:\ctd\temp\2018\ME18D053.hex
* Software Version Seasave V 7.26.6.26
* Temperature SN = 5351
* Conductivity SN = 3941
* Number of Bytes Per Scan = 41
* Number of Voltage Words = 4
* Number of Scans Averaged by the Deck Unit = 1
* NMEA Latitude = 58 20.36 N
* NMEA Longitude = 011 01.64 E
* NMEA UTC (Time) = Feb 03 2018  17:49:21
* NMEA baud rate = 4800
** Station:  A13
** Operator:  SSip
** Ship: MERI
** Average sound velocity: 1471.69 m/s
** True-depth calculation Sat, 03 Feb 2018 18:55:37 +0000
** CTD Python Module SMHI /ver 3-12/ feb 2012 
** LIMS Job: 20183402-0053
** Cruise: SMHI-01-2018
** Latitude [GG MM.mm N] :
** Longitude [GG MM.mm E]:
# nquan = 26
# nvalues = 200                         
# units = specified
# name 0 = scan: Scan Count
# name 1 = prDM: Pressure, Digiquartz [db]
# name 2 = t090C: Temperature [ITS-90, deg C]
# name 3 = t190C: Temperature, 2 [ITS-90, deg C]
# name 4 = T2-T190C: Temperature Difference, 2 - 1 [ITS-90, deg C]
# name 5 = c0S/m: Conductivity [S/m]
# name 6 = c1S/m: Conductivity, 2 [S/m]
# name 7 = pumps: Pump Status
# name 8 = sbeox0ML/L: Oxygen, SBE 43 [ml/l]
# name 9 = sbeox1ML/L: Oxygen, SBE 43, 2 [ml/l]
# name 10 = altM: Altimeter [m]
# name 11 = flECO-AFL: Chl-a Fluorescence, WET Labs ECO-AFL/FL [mg/m^3]
# name 12 = flECO-AFL1: Phycocyanin Fluorescence, WET Labs ECO-AFL/FL, 2 [mg/m^3]
# name 13 = par: PAR/Irradiance, Biospherical/Lico [µE/(cm^2*s)]
# name 14 = turbWETntu0: Turbidity, WET Labs ECO [NTU]
# name 15 = sal00: Salinity, Practical [PSU]
# name 16 = sal11: Salinity, Practical, 2 [PSU]
# name 17 = secS-priS: Salinity, Practical, Difference, 2 - 1 [PSU]
# name 18 = sigma-t00: Density [sigma-t, Kg/m^3 ]
# name 19 = sigma-t11: Density, 2 [sigma-t, Kg/m^3 ]
# name 20 = depSM: Depth [salt water, m], lat = 58.3393
# name 21 = depFM: Depth [true depth, m], lat = 58.3393
# name 22 = dz/dtM: Descent Rate [m/s], WS = 2
# name 23 = svCM: Sound Velocity [Chen-Millero, m/s]
# name 24 = svCM1: Sound Velocity, 2 [Chen-Millero, m/s]
# name 25 = flag: flag
# span 0 =       5798,      10073       
# span 1 =      1.000,    100.500       
# span 2 =     3.1385,     6.1533       
# span 3 =     3.1389,     6.1535       
# span 4 =    -0.0631,     0.3353       
# span 5 =   2.523437,   3.367913       
# span 6 =   2.523598,   3.368042       
# span 7 =          1,          1       
# span 8 =    6.54347,    7.41887       
# span 9 =    6.53861,    7.46594       
# span 10 =       1.36,      99.93      
# span 11 =     0.3360,     0.9333      
# span 12 =     0.3013,     0.4830      
# span 13 = 9.9847e-13, 6.7839e-01      
# span 14 =     0.5865,     2.4834      
# span 15 =    27.1362,    34.1701      
# span 16 =    27.1369,    34.1712      
# span 17 =    -0.1380,     0.7737      
# span 18 =    21.6039,    26.8965      
# span 19 =    21.6042,    26.8973      
# span 20 =      0.990,     99.542      
# span 21 =      0.997,     99.764      
# span 22 =     -0.170,      1.058      
# span 23 =    1452.84,    1475.35      
# span 24 =    1452.84,    1475.36      
# span 25 = 0.0000e+00, 0.0000e+00      
# interval = decibars: 0.5              
# start_time = Feb 03 2018 17:49:22 [NMEA time, first data scan]
# bad_flag = -9.990e-29
*END*
[from data line 112]
       8107     57.000     5.7963     5.7963    -0.0000    3.32511    3.32522          1     6.6300     6.6108      46.24     0.4100     0.3013  1.000e-12  1.6513000    33.9169    33.9182     0.0013    26.7221    26.7232     56.462     56.617      0.580    1473.50    1473.50  0.000e+00
       8124     57.500     5.7967     5.7966    -0.0001    3.32525    3.32537          1     6.6306     6.6115      46.07     0.3836     0.3297  1.000e-12  1.6926000    33.9179    33.9194     0.0014    26.7229    26.7240     56.958     57.113      0.758    1473.51    1473.51  0.000e+00
       8139     58.000     5.7964     5.7975     0.0011    3.32535    3.32573          1     6.6288     6.6157      45.39     0.3850     0.3954  1.000e-12  1.8720000    33.9191    33.9223     0.0032    26.7238    26.7262     57.453     57.609      0.855    1473.52    1473.53  0.000e+00
       8152     58.500     5.8101     5.8102     0.0000    3.32822    3.32833          1     6.6260     6.6208      45.14     0.3833     0.4177  1.000e-12  1.8822000    33.9375    33.9386     0.0011    26.7366    26.7375     57.948     58.105      0.888    1473.61    1473.60  0.000e+00
       8166     59.000     5.8474     5.8488     0.0015    3.33491    3.33522          1     6.6167     6.6243      44.61     0.3772     0.4521  1.000e-12  1.8934000    33.9754    33.9775     0.0021    26.7621    26.7635     58.443     58.601      0.850    1473.81    1473.82  0.000e+00
       8180     59.500     5.8580     5.8589     0.0008    3.33658    3.33679          1     6.6084     6.6262      43.96     0.3763     0.4181  1.000e-12  1.8697000    33.9834    33.9849     0.0014    26.7671    26.7681     58.938     59.097      0.721    1473.87    1473.87  0.000e+00
       8202     60.000     5.8853     5.8803    -0.0050    3.34069    3.33997          1     6.5925     6.6058      43.00     0.3884     0.3795  1.000e-12  1.8292000    34.0020    33.9990    -0.0030    26.7784    26.7767     59.434     59.593      0.444    1474.01    1473.99  0.000e+00
       8248     60.500     5.9076     5.9069    -0.0007    3.34362    3.34370          1     6.5799     6.5891      42.38     0.4223     0.3516  1.000e-12  1.7709000    34.0125    34.0141     0.0016    26.7839    26.7852     59.929     60.089      0.241    1474.12    1474.12  0.000e+00
       8282     61.000     5.9260     5.9286     0.0025    3.34666    3.34727          1     6.5812     6.5961      41.78     0.4363     0.3735  1.000e-12  1.7421000    34.0280    34.0323     0.0043    26.7938    26.7969     60.424     60.585      0.583    1474.22    1474.24  0.000e+00
       8299     61.500     5.9396     5.9445     0.0049    3.34881    3.34963          1     6.5880     6.5975      41.84     0.4067     0.3271  1.000e-12  1.9872000    34.0384    34.0427     0.0043    26.8003    26.8031     60.919     61.080      0.808    1474.30    1474.32  0.000e+00
       8312     62.000     5.9620     5.9720     0.0098    3.35205    3.35371          1     6.5932     6.5950      41.45     0.3974     0.3797  1.000e-12  2.1434000    34.0521    34.0608     0.0086    26.8084    26.8140     61.414     61.576      0.936    1474.41    1474.46  0.000e+00
       8324     62.500     5.9781     5.9815     0.0035    3.35454    3.35502          1     6.5961     6.5942      40.85     0.3862     0.4054  1.000e-12  2.2772000    34.0637    34.0658     0.0021    26.8155    26.8168     61.910     62.072      0.972    1474.50    1474.51  0.000e+00
       8336     63.000     5.9843     5.9836    -0.0006    3.35538    3.35539          1     6.5920     6.5849      40.42     0.3805     0.3999  1.000e-12  2.1635000    34.0668    34.0674     0.0006    26.8172    26.8178     62.405     62.568      0.918    1474.53    1474.53  0.000e+00
       8350     63.500     5.9834     5.9826    -0.0008    3.35527    3.35524          1     6.5940     6.5763      39.74     0.3735     0.3933  1.000e-12  2.0446000    34.0660    34.0665     0.0005    26.8167    26.8172     62.900     63.064      0.750    1474.54    1474.54  0.000e+00
       8378     64.000     5.9772     5.9771    -0.0001    3.35435    3.35445          1     6.5950     6.5715      39.09     0.3841     0.4039  1.000e-12  1.8380000    34.0617    34.0629     0.0012    26.8141    26.8151     63.395     63.560      0.389    1474.52    1474.52  0.000e+00
       8437     64.500     5.9663     5.9706     0.0043    3.35278    3.35356          1     6.5827     6.5909      38.70     0.3844     0.3982  1.000e-12  1.5171000    34.0547    34.0592     0.0045    26.8099    26.8129     63.891     64.056      0.498    1474.47    1474.49  0.000e+00
       8452     65.000     5.9901     5.9918     0.0017    3.35629    3.35663          1     6.5829     6.5783      38.08     0.3832     0.3609  1.000e-12  1.5613000    34.0701    34.0722     0.0021    26.8191    26.8205     64.386     64.552      0.814    1474.60    1474.61  0.000e+00
       8465     65.500     5.9916     5.9914    -0.0002    3.35650    3.35654          1     6.5892     6.5769      37.55     0.3772     0.3726  1.000e-12  1.9999000    34.0707    34.0714     0.0007    26.8194    26.8199     64.881     65.048      0.941    1474.61    1474.61  0.000e+00
       8477     66.000     5.9908     5.9910     0.0002    3.35645    3.35656          1     6.5896     6.5776      37.46     0.3721     0.4092  1.000e-12  2.3640000    34.0708    34.0717     0.0010    26.8195    26.8203     65.376     65.544      0.953    1474.62    1474.62  0.000e+00
       8490     66.500     5.9914     5.9909    -0.0006    3.35652    3.35655          1     6.5894     6.5791      36.94     0.3746     0.4059  1.000e-12  2.0815000    34.0705    34.0714     0.0009    26.8193    26.8200     65.871     66.040      0.844    1474.63    1474.63  0.000e+00
       8507     67.000     5.9905     5.9910     0.0005    3.35641    3.35663          1     6.5853     6.5801      36.30     0.3720     0.4071  1.000e-12  1.8393000    34.0701    34.0720     0.0019    26.8190    26.8205     66.366     66.536      0.588    1474.63    1474.63  0.000e+00
       8539     67.500     5.9915     5.9925     0.0010    3.35660    3.35688          1     6.5842     6.5718      35.71     0.4172     0.3491  1.000e-12  1.8871000    34.0710    34.0731     0.0021    26.8196    26.8212     66.862     67.032      0.312    1474.64    1474.65  0.000e+00
       8575     68.000     5.9940     5.9952     0.0013    3.35706    3.35739          1     6.5909     6.5687      34.87     0.4327     0.3689  1.000e-12  1.8121000    34.0734    34.0758     0.0024    26.8212    26.8229     67.357     67.528      0.456    1474.66    1474.67  0.000e+00
       8597     68.500     5.9981     5.9993     0.0012    3.35775    3.35811          1     6.5907     6.5749      34.55     0.4036     0.3819  1.000e-12  1.7651000    34.0767    34.0795     0.0029    26.8233    26.8254     67.852     68.024      0.631    1474.69    1474.70  0.000e+00
       8614     69.000     6.0005     6.0083     0.0078    3.35831    3.35972          1     6.5841     6.5860      33.98     0.3948     0.4070  1.000e-12  1.8006000    34.0804    34.0884     0.0081    26.8259    26.8313     68.347     68.520      0.732    1474.72    1474.75  0.000e+00
       8630     69.500     6.0132     6.0134     0.0002    3.36068    3.36077          1     6.5719     6.5869      33.51     0.3842     0.3936  1.000e-12  1.8916000    34.0940    34.0948     0.0008    26.8351    26.8357     68.842     69.016      0.747    1474.79    1474.79  0.000e+00
       8646     70.000     6.0162     6.0156    -0.0006    3.36131    3.36128          1     6.5638     6.5797      32.85     0.3692     0.3904  1.000e-12  1.7574000    34.0978    34.0980     0.0002    26.8377    26.8379     69.338     69.512      0.656    1474.82    1474.81  0.000e+00
       8669     70.500     6.0195     6.0197     0.0002    3.36206    3.36219          1     6.5752     6.5776      32.46     0.3731     0.3933  1.000e-12  1.8766000    34.1028    34.1040     0.0012    26.8412    26.8421     69.833     70.008      0.452    1474.84    1474.85  0.000e+00
       8702     71.000     6.0253     6.0245    -0.0008    3.36334    3.36324          1     6.5792     6.5744      31.91     0.4109     0.3580  1.000e-12  2.0605000    34.1110    34.1107    -0.0003    26.8470    26.8468     70.328     70.504      0.366    1474.88    1474.88  0.000e+00
       8730     71.500     6.0282     6.0284     0.0002    3.36508    3.36509          1     6.5609     6.5631      30.79     0.4198     0.3376  1.000e-12  2.0792000    34.1274    34.1273    -0.0001    26.8596    26.8595     70.823     71.000      0.564    1474.93    1474.93  0.000e+00
       8748     72.000     6.0239     6.0227    -0.0012    3.36547    3.36568          1     6.5587     6.5643      30.50     0.3888     0.3604  1.000e-12  2.0560000    34.1359    34.1395     0.0037    26.8668    26.8698     71.318     71.496      0.700    1474.93    1474.93  0.000e+00
       8764     72.500     6.0188     6.0185    -0.0003    3.36580    3.36593          1     6.5688     6.5669      30.20     0.3784     0.3328  1.000e-12  2.0524000    34.1446    34.1463     0.0018    26.8743    26.8758     71.814     71.992      0.748    1474.93    1474.93  0.000e+00
       8780     73.000     6.0132     6.0126    -0.0006    3.36604    3.36618          1     6.5715     6.5659      29.72     0.3966     0.3307  1.000e-12  2.1388000    34.1526    34.1548     0.0022    26.8814    26.8832     72.309     72.488      0.699    1474.92    1474.92  0.000e+00
       8799     73.500     6.0091     6.0083    -0.0007    3.36618    3.36633          1     6.5683     6.5676      29.27     0.4008     0.3339  1.000e-12  2.0664000    34.1581    34.1606     0.0024    26.8862    26.8882     72.804     72.984      0.532    1474.92    1474.92  0.000e+00
       8831     74.000     6.0085     6.0080    -0.0004    3.36621    3.36637          1     6.5818     6.5659      28.82     0.3953     0.3547  1.000e-12  2.0194000    34.1588    34.1610     0.0021    26.8869    26.8886     73.299     73.480      0.317    1474.93    1474.93  0.000e+00
       8869     74.500     6.0072     6.0071    -0.0001    3.36634    3.36646          1     6.5842     6.5566      28.26     0.4229     0.3609  1.000e-12  1.9232000    34.1612    34.1628     0.0016    26.8889    26.8902     73.794     73.975      0.434    1474.93    1474.94  0.000e+00
       8891     75.000     6.0051     6.0054     0.0002    3.36644    3.36655          1     6.5734     6.5583      27.67     0.3989     0.3496  1.000e-12  1.9400000    34.1642    34.1652     0.0010    26.8916    26.8923     74.289     74.471      0.626    1474.94    1474.94  0.000e+00
       8908     75.500     6.0040     6.0042     0.0001    3.36654    3.36665          1     6.5751     6.5584      27.34     0.4018     0.3615  1.000e-12  2.0877000    34.1662    34.1673     0.0011    26.8933    26.8941     74.785     74.967      0.721    1474.94    1474.95  0.000e+00
       8924     76.000     6.0032     6.0033     0.0000    3.36657    3.36669          1     6.5754     6.5548      27.03     0.3858     0.3947  1.000e-12  2.1526000    34.1671    34.1684     0.0013    26.8941    26.8951     75.280     75.463      0.734    1474.95    1474.95  0.000e+00
       8941     76.500     6.0027     6.0029     0.0002    3.36659    3.36671          1     6.5711     6.5570      26.56     0.3768     0.3735  1.000e-12  2.1969000    34.1676    34.1688     0.0011    26.8946    26.8954     75.775     75.959      0.666    1474.96    1474.96  0.000e+00
       8961     77.000     6.0027     6.0029     0.0002    3.36662    3.36674          1     6.5729     6.5715      26.05     0.3843     0.3475  1.000e-12  1.9976000    34.1678    34.1689     0.0011    26.8947    26.8955     76.270     76.455      0.527    1474.97    1474.97  0.000e+00
       8988     77.500     6.0021     6.0023     0.0002    3.36657    3.36670          1     6.5759     6.5787      25.80     0.4036     0.3814  1.000e-12  2.0333000    34.1675    34.1688     0.0013    26.8946    26.8955     76.765     76.951      0.405    1474.97    1474.97  0.000e+00
       9020     78.000     6.0021     6.0023     0.0002    3.36660    3.36673          1     6.5757     6.5675      25.36     0.4200     0.4303  1.000e-12  2.1121000    34.1676    34.1689     0.0013    26.8946    26.8956     77.260     77.447      0.393    1474.98    1474.98  0.000e+00
       9048     78.500     6.0020     6.0022     0.0002    3.36660    3.36672          1     6.5761     6.5633      24.77     0.4190     0.4220  1.000e-12  2.0013000    34.1674    34.1686     0.0012    26.8945    26.8954     77.756     77.943      0.470    1474.99    1474.99  0.000e+00
       9071     79.000     6.0019     6.0022     0.0003    3.36662    3.36675          1     6.5689     6.5616      24.33     0.4231     0.3952  1.000e-12  2.0446000    34.1675    34.1686     0.0012    26.8945    26.8954     78.251     78.439      0.586    1474.99    1475.00  0.000e+00
       9090     79.500     6.0020     6.0022     0.0002    3.36665    3.36677          1     6.5709     6.5603      23.95     0.4312     0.3837  1.000e-12  1.9288000    34.1675    34.1686     0.0011    26.8946    26.8954     78.746     78.935      0.674    1475.00    1475.01  0.000e+00
       9107     80.000     6.0023     6.0023     0.0000    3.36668    3.36680          1     6.5788     6.5677      23.52     0.4133     0.3947  1.000e-12  2.0826000    34.1672    34.1685     0.0013    26.8943    26.8953     79.241     79.431      0.710    1475.01    1475.01  0.000e+00
       9124     80.500     6.0024     6.0026     0.0002    3.36672    3.36683          1     6.5850     6.5713      22.94     0.4005     0.3922  1.000e-12  2.1262000    34.1673    34.1684     0.0011    26.8944    26.8952     79.736     79.927      0.674    1475.02    1475.02  0.000e+00
       9143     81.000     6.0025     6.0026     0.0001    3.36674    3.36685          1     6.5778     6.5717      22.50     0.3860     0.3660  1.000e-12  2.1665000    34.1672    34.1684     0.0011    26.8943    26.8952     80.231     80.423      0.547    1475.03    1475.03  0.000e+00
       9172     81.500     6.0024     6.0025     0.0001    3.36677    3.36688          1     6.5679     6.5710      22.01     0.4111     0.3533  1.000e-12  2.4834000    34.1674    34.1685     0.0011    26.8944    26.8953     80.727     80.918      0.350    1475.04    1475.04  0.000e+00
       9210     82.000     6.0024     6.0025     0.0001    3.36679    3.36691          1     6.5680     6.5707      21.57     0.4247     0.3931  1.000e-12  2.2813000    34.1674    34.1686     0.0012    26.8944    26.8954     81.222     81.414      0.404    1475.04    1475.05  0.000e+00
       9233     82.500     6.0025     6.0027     0.0002    3.36682    3.36694          1     6.5804     6.5706      20.99     0.4112     0.3933  1.000e-12  2.2314000    34.1674    34.1685     0.0011    26.8944    26.8952     81.717     81.910      0.611    1475.05    1475.06  0.000e+00
       9251     83.000     6.0026     6.0028     0.0003    3.36686    3.36698          1     6.5863     6.5701      20.50     0.4052     0.3601  1.000e-12  2.2032000    34.1675    34.1686     0.0011    26.8945    26.8953     82.212     82.406      0.720    1475.06    1475.07  0.000e+00
       9266     83.500     6.0025     6.0026     0.0002    3.36686    3.36696          1     6.5861     6.5614      20.05     0.3977     0.3192  1.000e-12  2.1925000    34.1673    34.1683     0.0010    26.8944    26.8951     82.707     82.902      0.736    1475.07    1475.07  0.000e+00
       9283     84.000     6.0023     6.0025     0.0002    3.36690    3.36700          1     6.5818     6.5587      19.31     0.4026     0.3992  1.000e-12  2.0996000    34.1677    34.1687     0.0010    26.8946    26.8954     83.202     83.398      0.651    1475.08    1475.08  0.000e+00
