ctdpy/tests/etc/all_smhi_bas_2018/SBE09_1044_20181207_2333_34_01_0165.cnv
* Sea-Bird SBE 9 Data File:
* FileName = C:\ctd\temp\ar18d165.hex
* Software Version Seasave V 7.26.7.107
* Temperature SN = 5351
* Conductivity SN = 3941
* Number of Bytes Per Scan = 41
* Number of Voltage Words = 4
* Number of Scans Averaged by the Deck Unit = 1
* NMEA Latitude = 58 17.07 N
* NMEA Longitude = 010 30.29 E
* NMEA UTC (Time) = Dec 07 2018  23:33:50
* NMEA baud rate = 4800
** Station:  Å17
** Operator:  ASkj
** Ship: ARANDA
** Average sound velocity: 1484.40 m/s
** True-depth calculation Sun, 09 Dec 2018 17:23:35 +0000
** CTD Python Module SMHI /ver 3-12/ feb 2012 
** LIMS Job: 20183401-0165
** Cruise: SMHI-7-2018
** Latitude [GG MM.mm N]:
** Longitude [GG MM.mm E]
# nquan = 26
# nvalues = 694                         
# units = specified
# name 0 = scan: Scan Count
# name 1 = prDM: Pressure, Digiquartz [db]
# name 2 = t090C: Temperature [ITS-90, deg C]
# name 3 = t190C: Temperature, 2 [ITS-90, deg C]
# name 4 = T2-T190C: Temperature Difference, 2 - 1 [ITS-90, deg C]
# name 5 = c0S/m: Conductivity [S/m]
# name 6 = c1S/m: Conductivity, 2 [S/m]
# name 7 = pumps: Pump Status
# name 8 = sbeox0ML/L: Oxygen, SBE 43 [ml/l]
# name 9 = sbeox1ML/L: Oxygen, SBE 43, 2 [ml/l]
# name 10 = altM: Altimeter [m]
# name 11 = flECO-AFL: Chl-a Fluorescence, WET Labs ECO-AFL/FL [mg/m^3]
# name 12 = flECO-AFL1: Phycocyanin Fluorescence, WET Labs ECO-AFL/FL, 2 [mg/m^3]
# name 13 = par: PAR/Irradiance, Biospherical/Lico [µE/(cm^2*s)]
# name 14 = turbWETntu0: Turbidity, WET Labs ECO [NTU]
# name 15 = sal00: Salinity, Practical [PSU]
# name 16 = sal11: Salinity, Practical, 2 [PSU]
# name 17 = secS-priS: Salinity, Practical, Difference, 2 - 1 [PSU]
# name 18 = sigma-t00: Density [sigma-t, Kg/m^3 ]
# name 19 = sigma-t11: Density, 2 [sigma-t, Kg/m^3 ]
# name 20 = depSM: Depth [salt water, m], lat = 58.2845
# name 21 = depFM: Depth [true depth, m], lat = 58.2845
# name 22 = dz/dtM: Descent Rate [m/s], WS = 2
# name 23 = svCM: Sound Velocity [Chen-Millero, m/s]
# name 24 = svCM1: Sound Velocity, 2 [Chen-Millero, m/s]
# name 25 = flag: flag
# span 0 =      47554,      64003       
# span 1 =      1.500,    348.000       
# span 2 =     6.2804,     9.6082       
# span 3 =     6.2817,     9.6091       
# span 4 =    -0.0604,     0.0176       
# span 5 =   3.384666,   3.767428       
# span 6 =   3.384821,   3.767517       
# span 7 =          1,          1       
# span 8 =    5.28386,    6.56267       
# span 9 =    5.27717,    6.55154       
# span 10 =       5.85,      99.93      
# span 11 =    -0.0045,     1.0000      
# span 12 =     0.1037,     0.3215      
# span 13 = -3.179e-04, 1.3475e-02      
# span 14 =     0.1346,     0.5439      
# span 15 =    32.6833,    35.1418      
# span 16 =    32.6835,    35.1415      
# span 17 =    -0.0523,     0.0139      
# span 18 =    25.4880,    27.6175      
# span 19 =    25.4879,    27.6170      
# span 20 =      1.486,    344.477      
# span 21 =      1.490,    345.038      
# span 22 =      0.006,      1.272      
# span 23 =    1478.76,    1489.32      
# span 24 =    1478.77,    1489.33      
# span 25 = 0.0000e+00, 0.0000e+00      
# interval = decibars: 0.5              
# start_time = Dec 07 2018 23:33:51 [NMEA time, first data scan]
# bad_flag = -9.990e-29
*END*
[from data line 614]
      61583    308.500     6.2869     6.2881     0.0013    3.48827    3.48835          1     5.6834     5.6861      80.75     0.0283     0.1778  1.000e-12  0.4124000    35.1274    35.1270    -0.0005    27.6161    27.6156    305.406    305.887      0.935    1481.10    1481.11  0.000e+00
      61595    309.000     6.2868     6.2882     0.0014    3.48830    3.48839          1     5.6854     5.6922      45.85     0.0194     0.2028  1.000e-12  0.3995000    35.1275    35.1271    -0.0004    27.6162    27.6157    305.901    306.383      0.971    1481.11    1481.12  0.000e+00
      61607    309.500     6.2868     6.2883     0.0016    3.48833    3.48841          1     5.6847     5.6945      44.72     0.0161     0.2071  1.000e-12  0.3957000    35.1276    35.1269    -0.0006    27.6162    27.6156    306.395    306.878      0.897    1481.12    1481.12  0.000e+00
      61622    310.000     6.2868     6.2881     0.0013    3.48834    3.48841          1     5.6869     5.6920      63.46     0.0339     0.1400  1.000e-12  0.4461000    35.1274    35.1269    -0.0005    27.6161    27.6155    306.890    307.374      0.653    1481.13    1481.13  0.000e+00
      61674    310.500     6.2872     6.2886     0.0014    3.48840    3.48848          1     5.6817     5.6922      61.48     0.0324     0.1552  1.000e-12  0.4144000    35.1275    35.1270    -0.0005    27.6161    27.6155    307.384    307.869      0.331    1481.14    1481.14  0.000e+00
      61712    311.000     6.2866     6.2882     0.0017    3.48836    3.48848          1     5.6801     5.6911      99.77     0.0156     0.1936  1.000e-12  0.3766000    35.1275    35.1270    -0.0005    27.6162    27.6156    307.879    308.365      0.711    1481.14    1481.15  0.000e+00
      61725    311.500     6.2854     6.2870     0.0016    3.48829    3.48839          1     5.6782     5.6864      98.68     0.0476     0.1815  1.000e-12  0.4042000    35.1276    35.1270    -0.0005    27.6164    27.6158    308.374    308.861      0.937    1481.15    1481.15  0.000e+00
      61737    312.000     6.2846     6.2860     0.0013    3.48826    3.48834          1     5.6792     5.6809      98.71     0.0494     0.1778  1.000e-12  0.4071000    35.1277    35.1272    -0.0005    27.6167    27.6161    308.868    309.356      1.030    1481.15    1481.16  0.000e+00
      61748    312.500     6.2845     6.2858     0.0013    3.48827    3.48834          1     5.6871     5.6791      98.71     0.0416     0.1778  1.000e-12  0.4066000    35.1278    35.1272    -0.0006    27.6167    27.6161    309.363    309.852      0.996    1481.16    1481.16  0.000e+00
      61761    313.000     6.2841     6.2855     0.0015    3.48823    3.48833          1     5.6929     5.6834      98.71     0.0390     0.1778  1.000e-12  0.4077000    35.1275    35.1271    -0.0004    27.6166    27.6160    309.857    310.347      0.793    1481.17    1481.17  0.000e+00
      61793    313.500     6.2841     6.2858     0.0017    3.48827    3.48838          1     5.6926     5.6927      98.19     0.0290     0.1940  1.000e-12  0.4019000    35.1277    35.1271    -0.0006    27.6167    27.6160    310.352    310.843      0.371    1481.17    1481.18  0.000e+00
      61840    314.000     6.2842     6.2860     0.0018    3.48830    3.48840          1     5.6877     5.6966      36.21     0.0283     0.2080  1.000e-12  0.3942000    35.1277    35.1269    -0.0008    27.6167    27.6159    310.847    311.338      0.536    1481.18    1481.19  0.000e+00
      61855    314.500     6.2837     6.2850     0.0014    3.48828    3.48835          1     5.6876     5.6966      65.90     0.0258     0.2171  1.000e-12  0.4022000    35.1277    35.1271    -0.0006    27.6168    27.6161    311.341    311.834      0.769    1481.19    1481.19  0.000e+00
      61869    315.000     6.2835     6.2848     0.0013    3.48827    3.48835          1     5.6877     5.6956      98.64     0.0292     0.2218  1.000e-12  0.4029000    35.1276    35.1271    -0.0005    27.6167    27.6161    311.836    312.330      0.825    1481.20    1481.20  0.000e+00
      61884    315.500     6.2829     6.2844     0.0014    3.48826    3.48833          1     5.6898     5.6953      64.22     0.0396     0.1839  1.000e-12  0.4059000    35.1277    35.1271    -0.0006    27.6169    27.6162    312.330    312.825      0.765    1481.20    1481.21  0.000e+00
      61901    316.000     6.2830     6.2844     0.0014    3.48828    3.48836          1     5.6897     5.6959      38.34     0.0308     0.1776  1.000e-12  0.4063000    35.1277    35.1271    -0.0006    27.6168    27.6162    312.825    313.321      0.619    1481.21    1481.22  0.000e+00
      61925    316.500     6.2827     6.2841     0.0014    3.48827    3.48836          1     5.6882     5.6960      82.51     0.0332     0.1774  1.000e-12  0.3914000    35.1277    35.1273    -0.0004    27.6169    27.6163    313.320    313.816      0.463    1481.22    1481.22  0.000e+00
      61955    317.000     6.2822     6.2845     0.0024    3.48826    3.48841          1     5.6900     5.6963      68.94     0.0234     0.1838  1.000e-12  0.4486000    35.1278    35.1270    -0.0007    27.6170    27.6161    313.814    314.312      0.362    1481.22    1481.23  0.000e+00
      61989    317.500     6.2823     6.2837     0.0015    3.48828    3.48837          1     5.6893     5.6923      38.33     0.0260     0.2025  1.000e-12  0.4075000    35.1277    35.1272    -0.0005    27.6170    27.6164    314.309    314.808      0.412    1481.23    1481.24  0.000e+00
      62014    318.000     6.2824     6.2838     0.0014    3.48832    3.48839          1     5.6853     5.6807      76.32     0.0030     0.2546  1.000e-12  0.3929000    35.1276    35.1271    -0.0006    27.6169    27.6162    314.803    315.303      0.618    1481.24    1481.25  0.000e+00
      62030    318.500     6.2829     6.2842     0.0013    3.48838    3.48846          1     5.6839     5.6778      35.30     0.0129     0.2716  1.000e-12  0.4121000    35.1277    35.1272    -0.0005    27.6169    27.6163    315.298    315.799      0.800    1481.25    1481.26  0.000e+00
      62044    319.000     6.2837     6.2852     0.0015    3.48849    3.48857          1     5.6842     5.6811      35.49     0.0160     0.2349  1.000e-12  0.4188000    35.1277    35.1272    -0.0005    27.6168    27.6162    315.793    316.294      0.893    1481.26    1481.27  0.000e+00
      62056    319.500     6.2838     6.2853     0.0015    3.48852    3.48860          1     5.6865     5.6861      35.05     0.0463     0.2302  1.000e-12  0.4182000    35.1278    35.1271    -0.0006    27.6168    27.6161    316.287    316.790      0.884    1481.27    1481.28  0.000e+00
      62070    320.000     6.2836     6.2849     0.0012    3.48853    3.48859          1     5.6915     5.6906      60.41     0.0504     0.1932  1.000e-12  0.4197000    35.1278    35.1271    -0.0006    27.6168    27.6162    316.782    317.285      0.731    1481.28    1481.28  0.000e+00
      62100    320.500     6.2835     6.2848     0.0014    3.48853    3.48861          1     5.6874     5.6903      98.29     0.0344     0.1885  1.000e-12  0.4156000    35.1277    35.1272    -0.0005    27.6168    27.6162    317.276    317.781      0.359    1481.29    1481.29  0.000e+00
      62153    321.000     6.2835     6.2847     0.0012    3.48855    3.48862          1     5.6790     5.6803      41.20     0.0147     0.2046  1.000e-12  0.3776000    35.1276    35.1271    -0.0005    27.6167    27.6162    317.771    318.277      0.516    1481.29    1481.30  0.000e+00
      62169    321.500     6.2833     6.2845     0.0012    3.48855    3.48862          1     5.6795     5.6839      32.73     0.0161     0.1977  1.000e-12  0.3766000    35.1276    35.1272    -0.0004    27.6167    27.6163    318.266    318.772      0.817    1481.30    1481.31  0.000e+00
      62181    322.000     6.2831     6.2846     0.0014    3.48858    3.48866          1     5.6810     5.6910      32.36     0.0242     0.1925  1.000e-12  0.3961000    35.1278    35.1273    -0.0006    27.6169    27.6163    318.760    319.268      0.934    1481.31    1481.31  0.000e+00
      62194    322.500     6.2837     6.2850     0.0013    3.48865    3.48873          1     5.6809     5.6940      31.89     0.0263     0.1986  1.000e-12  0.4073000    35.1278    35.1274    -0.0005    27.6169    27.6163    319.255    319.763      0.925    1481.32    1481.33  0.000e+00
      62207    323.000     6.2835     6.2849     0.0015    3.48863    3.48874          1     5.6818     5.6939      31.47     0.0202     0.2071  1.000e-12  0.3920000    35.1276    35.1272    -0.0004    27.6167    27.6162    319.749    320.259      0.778    1481.33    1481.33  0.000e+00
      62229    323.500     6.2839     6.2849     0.0010    3.48869    3.48874          1     5.6797     5.6945      30.78     0.0164     0.1949  1.000e-12  0.3948000    35.1276    35.1271    -0.0005    27.6166    27.6161    320.244    320.755      0.447    1481.34    1481.34  0.000e+00
      62271    324.000     6.2836     6.2852     0.0016    3.48871    3.48879          1     5.6829     5.6899      29.96     0.0179     0.1967  1.000e-12  0.4936000    35.1278    35.1271    -0.0007    27.6168    27.6161    320.739    321.250      0.282    1481.35    1481.35  0.000e+00
      62302    324.500     6.2836     6.2848     0.0012    3.48871    3.48877          1     5.6831     5.6795      29.64     0.0281     0.1909  1.000e-12  0.3930000    35.1276    35.1271    -0.0006    27.6167    27.6161    321.233    321.746      0.577    1481.35    1481.36  0.000e+00
      62319    325.000     6.2835     6.2849     0.0013    3.48873    3.48881          1     5.6850     5.6767      29.31     0.0283     0.1805  1.000e-12  0.4255000    35.1277    35.1271    -0.0006    27.6167    27.6161    321.728    322.241      0.777    1481.36    1481.37  0.000e+00
      62333    325.500     6.2833     6.2847     0.0013    3.48874    3.48882          1     5.6855     5.6792      28.99     0.0216     0.1927  1.000e-12  0.4183000    35.1277    35.1272    -0.0005    27.6168    27.6162    322.222    322.737      0.871    1481.37    1481.37  0.000e+00
      62346    326.000     6.2831     6.2847     0.0015    3.48875    3.48884          1     5.6864     5.6829      28.62     0.0162     0.2038  1.000e-12  0.4125000    35.1278    35.1272    -0.0006    27.6169    27.6163    322.717    323.232      0.835    1481.38    1481.38  0.000e+00
      62362    326.500     6.2831     6.2846     0.0014    3.48877    3.48886          1     5.6882     5.6859      27.92     0.0161     0.2296  1.000e-12  0.4770000    35.1277    35.1272    -0.0005    27.6168    27.6163    323.211    323.728      0.632    1481.38    1481.39  0.000e+00
      62394    327.000     6.2833     6.2845     0.0013    3.48881    3.48888          1     5.6838     5.6913      27.01     0.0266     0.2314  1.000e-12  0.4543000    35.1277    35.1272    -0.0005    27.6168    27.6163    323.706    324.224      0.316    1481.39    1481.40  0.000e+00
      62432    327.500     6.2834     6.2848     0.0013    3.48884    3.48892          1     5.6872     5.6901      26.51     0.0363     0.2063  1.000e-12  0.3752000    35.1277    35.1272    -0.0005    27.6168    27.6162    324.201    324.719      0.465    1481.40    1481.41  0.000e+00
      62452    328.000     6.2837     6.2849     0.0012    3.48888    3.48894          1     5.6805     5.6940      26.13     0.0281     0.1921  1.000e-12  0.3866000    35.1276    35.1270    -0.0005    27.6167    27.6161    324.695    325.215      0.648    1481.41    1481.41  0.000e+00
      62469    328.500     6.2836     6.2848     0.0012    3.48889    3.48896          1     5.6806     5.6953      25.77     0.0276     0.2216  1.000e-12  0.4672000    35.1276    35.1271    -0.0005    27.6167    27.6162    325.190    325.710      0.697    1481.42    1481.42  0.000e+00
      62486    329.000     6.2835     6.2847     0.0012    3.48891    3.48898          1     5.6843     5.6940      25.28     0.0343     0.1737  1.000e-12  0.4300000    35.1276    35.1271    -0.0005    27.6167    27.6162    325.684    326.206      0.652    1481.43    1481.43  0.000e+00
      62506    329.500     6.2838     6.2851     0.0014    3.48895    3.48904          1     5.6859     5.6931      24.73     0.0366     0.2126  1.000e-12  0.4047000    35.1276    35.1272    -0.0004    27.6167    27.6162    326.179    326.701      0.567    1481.44    1481.44  0.000e+00
      62529    330.000     6.2840     6.2854     0.0014    3.48900    3.48908          1     5.6859     5.6921      24.12     0.0257     0.2446  1.000e-12  0.4187000    35.1276    35.1271    -0.0005    27.6166    27.6161    326.673    327.197      0.524    1481.45    1481.45  0.000e+00
      62552    330.500     6.2839     6.2853     0.0014    3.48901    3.48910          1     5.6869     5.6881      23.56     0.0160     0.2087  1.000e-12  0.4469000    35.1276    35.1271    -0.0005    27.6167    27.6161    327.168    327.693      0.532    1481.45    1481.46  0.000e+00
      62574    331.000     6.2840     6.2851     0.0011    3.48905    3.48911          1     5.6848     5.6873      23.15     0.0161     0.2217  1.000e-12  0.4072000    35.1277    35.1271    -0.0006    27.6167    27.6161    327.662    328.188      0.505    1481.46    1481.47  0.000e+00
      62601    331.500     6.2838     6.2851     0.0014    3.48906    3.48913          1     5.6860     5.6885      22.54     0.0173     0.2222  1.000e-12  0.4054000    35.1277    35.1272    -0.0005    27.6168    27.6162    328.157    328.684      0.416    1481.47    1481.47  0.000e+00
      62631    332.000     6.2836     6.2849     0.0013    3.48906    3.48914          1     5.6890     5.6876      22.06     0.0287     0.1901  1.000e-12  0.4341000    35.1277    35.1272    -0.0005    27.6168    27.6162    328.652    329.179      0.467    1481.48    1481.48  0.000e+00
      62653    332.500     6.2838     6.2851     0.0013    3.48909    3.48917          1     5.6884     5.6801      21.68     0.0283     0.1925  1.000e-12  0.4056000    35.1276    35.1272    -0.0003    27.6166    27.6162    329.146    329.675      0.616    1481.49    1481.49  0.000e+00
      62670    333.000     6.2835     6.2848     0.0013    3.48909    3.48917          1     5.6863     5.6716      21.17     0.0070     0.2048  1.000e-12  0.4501000    35.1277    35.1272    -0.0005    27.6168    27.6162    329.641    330.171      0.708    1481.49    1481.50  0.000e+00
      62686    333.500     6.2832     6.2849     0.0017    3.48909    3.48921          1     5.6854     5.6771      20.70     0.0077     0.1989  1.000e-12  0.4478000    35.1277    35.1272    -0.0005    27.6168    27.6162    330.135    330.666      0.737    1481.50    1481.51  0.000e+00
      62703    334.000     6.2831     6.2847     0.0016    3.48910    3.48921          1     5.6829     5.6814      20.24     0.0160     0.1781  1.000e-12  0.4303000    35.1277    35.1272    -0.0005    27.6168    27.6162    330.630    331.162      0.666    1481.51    1481.51  0.000e+00
      62726    334.500     6.2830     6.2845     0.0015    3.48912    3.48921          1     5.6811     5.6893      19.65     0.0161     0.2182  1.000e-12  0.4629000    35.1278    35.1272    -0.0006    27.6169    27.6163    331.124    331.657      0.399    1481.52    1481.52  0.000e+00
      62775    335.000     6.2830     6.2848     0.0018    3.48915    3.48927          1     5.6845     5.6818      18.92     0.0443     0.1816  1.000e-12  0.4114000    35.1278    35.1272    -0.0006    27.6169    27.6162    331.619    332.153      0.391    1481.52    1481.53  0.000e+00
