ctdpy/tests/etc/all_smhi_bas_2018/SBE09_1044_20180923_1906_34_01_0043.cnv
* Sea-Bird SBE 9 Data File:
* FileName = C:\ctd\temp\2018\AR18D043.hex
* Software Version Seasave V 7.26.6.26
* Temperature SN = 5351
* Conductivity SN = 3941
* Number of Bytes Per Scan = 41
* Number of Voltage Words = 4
* Number of Scans Averaged by the Deck Unit = 1
* NMEA Latitude = 57 11.56 N
* NMEA Longitude = 011 39.48 E
* NMEA UTC (Time) = Sep 23 2018  19:06:31
* NMEA baud rate = 4800
** Station:  Fladen
** Operator:  Mhan
** Ship: ARANDA
** Average sound velocity: 1503.46 m/s
** True-depth calculation Sun, 23 Sep 2018 19:37:24 +0000
** CTD Python Module SMHI /ver 3-12/ feb 2012 
** LIMS Job: 20183401-0043
** Cruise: SMHI-02-2018
** Latitude [GG MM.mm N] :
** Longitude [GG MM.mm E]:
# nquan = 26
# nvalues = 159                         
# units = specified
# name 0 = scan: Scan Count
# name 1 = prDM: Pressure, Digiquartz [db]
# name 2 = t090C: Temperature [ITS-90, deg C]
# name 3 = t190C: Temperature, 2 [ITS-90, deg C]
# name 4 = T2-T190C: Temperature Difference, 2 - 1 [ITS-90, deg C]
# name 5 = c0S/m: Conductivity [S/m]
# name 6 = c1S/m: Conductivity, 2 [S/m]
# name 7 = pumps: Pump Status
# name 8 = sbeox0ML/L: Oxygen, SBE 43 [ml/l]
# name 9 = sbeox1ML/L: Oxygen, SBE 43, 2 [ml/l]
# name 10 = altM: Altimeter [m]
# name 11 = flECO-AFL: Chl-a Fluorescence, WET Labs ECO-AFL/FL [mg/m^3]
# name 12 = flECO-AFL1: Phycocyanin Fluorescence, WET Labs ECO-AFL/FL, 2 [mg/m^3]
# name 13 = par: PAR/Irradiance, Biospherical/Lico [µE/(cm^2*s)]
# name 14 = turbWETntu0: Turbidity, WET Labs ECO [NTU]
# name 15 = sal00: Salinity, Practical [PSU]
# name 16 = sal11: Salinity, Practical, 2 [PSU]
# name 17 = secS-priS: Salinity, Practical, Difference, 2 - 1 [PSU]
# name 18 = sigma-t00: Density [sigma-t, Kg/m^3 ]
# name 19 = sigma-t11: Density, 2 [sigma-t, Kg/m^3 ]
# name 20 = depSM: Depth [salt water, m], lat = 57.1927
# name 21 = depFM: Depth [true depth, m], lat = 57.1927
# name 22 = dz/dtM: Descent Rate [m/s], WS = 2
# name 23 = svCM: Sound Velocity [Chen-Millero, m/s]
# name 24 = svCM1: Sound Velocity, 2 [Chen-Millero, m/s]
# name 25 = flag: flag
# span 0 =       1743,       5207       
# span 1 =      1.000,     80.000       
# span 2 =    12.1657,    16.4328       
# span 3 =    12.1686,    16.4340       
# span 4 =    -0.0260,     0.0203       
# span 5 =   3.803822,   4.197271       
# span 6 =   3.804120,   4.197388       
# span 7 =          1,          1       
# span 8 =    4.05146,    5.80077       
# span 9 =    2.97379,    4.37260       
# span 10 =      -7.98,      99.07      
# span 11 =     0.1520,     1.8660      
# span 12 =     0.1337,     0.4655      
# span 13 = -5.415e-03, 5.8391e-02      
# span 14 =     0.2085,     1.8141      
# span 15 =    30.5363,    33.6968      
# span 16 =    30.5377,    33.6959      
# span 17 =    -0.0221,     0.0215      
# span 18 =    22.5186,    25.5455      
# span 19 =    22.5193,    25.5443      
# span 20 =      0.991,     79.249      
# span 21 =      0.996,     79.548      
# span 22 =     -0.144,      0.936      
# span 23 =    1497.15,    1509.16      
# span 24 =    1497.15,    1509.16      
# span 25 = 0.0000e+00, 0.0000e+00      
# interval = decibars: 0.5              
# start_time = Sep 23 2018 19:06:31 [NMEA time, first data scan]
# bad_flag = -9.990e-29
*END*
[from data line 56]
       3015     29.000    16.3067    16.3107     0.0040    4.19374    4.19387          1     5.0140     3.2542      66.80     0.2089     0.2408  1.000e-12  0.2839000    32.9846    32.9825    -0.0021    24.1283    24.1257     28.731     28.866      0.635    1508.89    1508.90  0.000e+00
       3036     29.500    16.2779    16.2785     0.0006    4.19306    4.19304          1     5.0080     3.2797      48.74     0.2189     0.2608  1.000e-12  0.2749000    33.0024    33.0017    -0.0007    24.1485    24.1478     29.227     29.364      0.511    1508.83    1508.83  0.000e+00
       3063     30.000    16.2529    16.2538     0.0008    4.19208    4.19217          1     5.0063     3.3102      92.30     0.2039     0.2658  1.000e-12  0.2791000    33.0143    33.0144     0.0001    24.1633    24.1632     29.722     29.861      0.467    1508.78    1508.78  0.000e+00
       3086     30.500    16.2297    16.2306     0.0008    4.19180    4.19189          1     4.9922     3.3557      97.54     0.2098     0.2288  1.000e-12  0.2870000    33.0309    33.0310     0.0001    24.1814    24.1812     30.217     30.358      0.590    1508.73    1508.74  0.000e+00
       3104     31.000    16.2182    16.2213     0.0030    4.19109    4.19130          1     4.9681     3.3891      97.39     0.2181     0.2217  1.000e-12  0.2970000    33.0340    33.0333    -0.0007    24.1863    24.1851     30.713     30.855      0.696    1508.71    1508.72  0.000e+00
       3121     31.500    16.1959    16.1962     0.0003    4.18969    4.18970          1     4.9601     3.4238      97.38     0.1578     0.2224  1.000e-12  0.2857000    33.0399    33.0398    -0.0001    24.1960    24.1959     31.208     31.353      0.703    1508.66    1508.66  0.000e+00
       3139     32.000    16.1463    16.1484     0.0021    4.18623    4.18641          1     4.9585     3.4625      97.37     0.1574     0.2227  1.000e-12  0.2821000    33.0506    33.0504    -0.0002    24.2155    24.2148     31.703     31.850      0.584    1508.52    1508.53  0.000e+00
       3165     32.500    16.1058    16.1087     0.0029    4.18316    4.18335          1     4.9606     3.5030      97.38     0.1796     0.2218  1.000e-12  0.2872000    33.0569    33.0562    -0.0007    24.2295    24.2283     32.198     32.347      0.407    1508.41    1508.42  0.000e+00
       3196     33.000    16.0703    16.0759     0.0056    4.18070    4.18108          1     4.9576     3.5723      97.37     0.1834     0.2283  1.000e-12  0.3081000    33.0646    33.0633    -0.0013    24.2434    24.2412     32.694     32.844      0.469    1508.32    1508.34  0.000e+00
       3217     33.500    16.0600    16.0607     0.0006    4.17999    4.18005          1     4.9289     3.6265      97.38     0.1564     0.2434  1.000e-12  0.3008000    33.0667    33.0667    -0.0000    24.2473    24.2472     33.189     33.341      0.671    1508.30    1508.30  0.000e+00
       3233     34.000    16.0234    16.0236     0.0003    4.17738    4.17735          1     4.9180     3.6799      97.38     0.1520     0.2656  1.000e-12  0.3013000    33.0740    33.0736    -0.0005    24.2613    24.2609     33.684     33.839      0.788    1508.20    1508.21  0.000e+00
       3247     34.500    15.9791    15.9816     0.0025    4.17418    4.17435          1     4.9121     3.7177      97.38     0.1822     0.2389  1.000e-12  0.3239000    33.0824    33.0818    -0.0006    24.2777    24.2767     34.180     34.336      0.809    1508.08    1508.09  0.000e+00
       3262     35.000    15.9481    15.9500     0.0019    4.17207    4.17219          1     4.9070     3.7462      70.69     0.1824     0.2221  1.000e-12  0.3242000    33.0894    33.0889    -0.0005    24.2900    24.2892     34.675     34.833      0.721    1508.00    1508.01  0.000e+00
       3282     35.500    15.9394    15.9433     0.0039    4.17160    4.17184          1     4.9076     3.7860      39.98     0.1747     0.2218  1.000e-12  0.3174000    33.0923    33.0912    -0.0011    24.2942    24.2925     35.170     35.330      0.491    1507.99    1508.00  0.000e+00
       3319     36.000    15.9078    15.9157     0.0079    4.16966    4.17018          1     4.9005     3.8711      91.06     0.1641     0.2498  1.000e-12  0.3102000    33.1014    33.0994    -0.0020    24.3083    24.3050     35.666     35.827      0.319    1507.91    1507.93  0.000e+00
       3348     36.500    15.8656    15.8700     0.0043    4.16666    4.16705          1     4.8680     3.9077      97.89     0.1773     0.2458  1.000e-12  0.3376000    33.1098    33.1097    -0.0001    24.3243    24.3232     36.161     36.325      0.613    1507.80    1507.81  0.000e+00
       3364     37.000    15.7333    15.7283    -0.0049    4.15562    4.15528          1     4.8521     3.9287      97.39     0.1748     0.2348  1.000e-12  0.3373000    33.1223    33.1235     0.0012    24.3635    24.3656     36.656     36.822      0.805    1507.41    1507.39  0.000e+00
       3378     37.500    15.6844    15.6843     0.0000    4.15158    4.15154          1     4.8484     3.9915      97.38     0.1704     0.2493  1.000e-12  0.3292000    33.1272    33.1269    -0.0003    24.3781    24.3779     37.152     37.319      0.869    1507.27    1507.27  0.000e+00
       3391     38.000    15.6476    15.6530     0.0054    4.14871    4.14908          1     4.8514     4.0439      53.91     0.1730     0.2651  1.000e-12  0.3511000    33.1324    33.1311    -0.0013    24.3903    24.3881     37.647     37.816      0.830    1507.17    1507.19  0.000e+00
       3406     38.500    15.6443    15.6471     0.0027    4.14845    4.14869          1     4.8540     4.0794      44.55     0.1817     0.2344  1.000e-12  0.3708000    33.1326    33.1324    -0.0002    24.3913    24.3905     38.142     38.313      0.694    1507.17    1507.17  0.000e+00
       3428     39.000    15.6442    15.6448     0.0007    4.14846    4.14851          1     4.8581     4.1017      43.68     0.1816     0.2284  1.000e-12  0.3730000    33.1326    33.1326    -0.0001    24.3913    24.3911     38.638     38.810      0.477    1507.17    1507.18  0.000e+00
       3459     39.500    15.6444    15.6445     0.0000    4.14865    4.14864          1     4.8733     4.1220      75.91     0.1758     0.2009  1.000e-12  0.3722000    33.1339    33.1338    -0.0001    24.3922    24.3921     39.133     39.307      0.405    1507.19    1507.19  0.000e+00
       3484     40.000    15.6414    15.6428     0.0014    4.14844    4.14861          1     4.8586     4.1693      98.21     0.2089     0.2210  1.000e-12  0.4036000    33.1343    33.1347     0.0004    24.3932    24.3932     39.628     39.805      0.584    1507.19    1507.19  0.000e+00
       3502     40.500    15.6287    15.6321     0.0034    4.14758    4.14781          1     4.8548     4.2158      52.35     0.2071     0.2552  1.000e-12  0.3834000    33.1372    33.1364    -0.0007    24.3982    24.3969     40.123     40.302      0.691    1507.16    1507.17  0.000e+00
       3519     41.000    15.6178    15.6160    -0.0017    4.14677    4.14669          1     4.8704     4.2464      41.78     0.1791     0.2763  1.000e-12  0.3781000    33.1390    33.1397     0.0007    24.4021    24.4030     40.619     40.799      0.693    1507.13    1507.13  0.000e+00
       3537     41.500    15.6217    15.6170    -0.0048    4.14703    4.14673          1     4.8896     4.2745      70.03     0.1618     0.2306  1.000e-12  0.3804000    33.1378    33.1390     0.0013    24.4002    24.4023     41.114     41.296      0.625    1507.15    1507.14  0.000e+00
       3558     42.000    15.6178    15.5916    -0.0260    4.14674    4.14493          1     4.8544     4.3141      85.19     0.1609     0.2237  1.000e-12  0.4261000    33.1382    33.1441     0.0059    24.4015    24.4118     41.609     41.793      0.563    1507.15    1507.07  0.000e+00
       3580     42.500    15.5573    15.5615     0.0039    4.14250    4.14291          1     4.7976     4.3294      38.72     0.1799     0.2441  1.000e-12  0.4045000    33.1511    33.1513     0.0002    24.4248    24.4240     42.105     42.290      0.578    1506.98    1507.00  0.000e+00
       3599     43.000    15.3637    15.3740     0.0105    4.12788    4.12926          1     4.7581     4.3564      67.43     0.1604     0.2215  1.000e-12  0.4012000    33.1833    33.1869     0.0036    24.4923    24.4928     42.600     42.787      0.641    1506.42    1506.46  0.000e+00
       3617     43.500    15.1858    15.1886     0.0028    4.11374    4.11396          1     4.7260     4.3726      51.08     0.1532     0.2105  1.000e-12  0.4150000    33.2064    33.2060    -0.0004    24.5491    24.5481     43.095     43.284      0.672    1505.89    1505.90  0.000e+00
       3635     44.000    15.1214    15.1266     0.0053    4.10792    4.10848          1     4.7020     4.3375      38.74     0.1600     0.1986  1.000e-12  0.4436000    33.2084    33.2090     0.0006    24.5646    24.5639     43.591     43.782      0.637    1505.70    1505.72  0.000e+00
       3655     44.500    14.9738    14.9871     0.0132    4.09656    4.09769          1     4.6796     4.3301      38.34     0.1887     0.1810  1.000e-12  0.4829000    33.2309    33.2299    -0.0010    24.6140    24.6103     44.086     44.279      0.580    1505.27    1505.31  0.000e+00
       3676     45.000    14.8561    14.8665     0.0105    4.08804    4.08877          1     4.6712     4.3474      37.79     0.1970     0.2499  1.000e-12  0.5082000    33.2537    33.2515    -0.0022    24.6570    24.6530     44.581     44.776      0.572    1504.93    1504.96  0.000e+00
       3697     45.500    14.8489    14.8507     0.0018    4.08748    4.08767          1     4.6862     4.3136      37.41     0.1825     0.2281  1.000e-12  0.5474000    33.2546    33.2549     0.0002    24.6592    24.6590     45.076     45.273      0.621    1504.91    1504.92  0.000e+00
       3715     46.000    14.8470    14.8479     0.0009    4.08765    4.08775          1     4.6926     4.2847      36.98     0.1697     0.2269  1.000e-12  0.5778000    33.2577    33.2577     0.0001    24.6620    24.6618     45.572     45.770      0.677    1504.92    1504.92  0.000e+00
       3732     46.500    14.8499    14.8513     0.0015    4.08880    4.08899          1     4.6928     4.2822      36.34     0.1843     0.2340  1.000e-12  0.5283000    33.2654    33.2659     0.0005    24.6673    24.6674     46.067     46.267      0.682    1504.95    1504.95  0.000e+00
       3750     47.000    14.8504    14.8516     0.0012    4.08944    4.08943          1     4.6975     4.2754      36.01     0.1815     0.2240  1.000e-12  0.5085000    33.2705    33.2694    -0.0011    24.6711    24.6700     46.562     46.764      0.618    1504.96    1504.96  0.000e+00
       3772     47.500    14.8489    14.8504     0.0015    4.08946    4.08959          1     4.7138     4.2466      35.54     0.1822     0.2559  1.000e-12  0.4975000    33.2718    33.2717    -0.0001    24.6724    24.6720     47.058     47.261      0.532    1504.97    1504.97  0.000e+00
       3795     48.000    14.8450    14.8458     0.0009    4.08926    4.08928          1     4.7163     4.2155      34.97     0.1898     0.2451  1.000e-12  0.5029000    33.2732    33.2726    -0.0006    24.6744    24.6738     47.553     47.758      0.542    1504.97    1504.97  0.000e+00
       3816     48.500    14.8199    14.8214     0.0014    4.08776    4.08786          1     4.6855     4.1814      34.47     0.2111     0.1942  1.000e-12  0.5102000    33.2808    33.2804    -0.0003    24.6856    24.6850     48.048     48.255      0.671    1504.90    1504.91  0.000e+00
       3832     49.000    14.7707    14.7788     0.0080    4.08421    4.08480          1     4.6599     4.1473      33.92     0.1822     0.1337  1.000e-12  0.4939000    33.2903    33.2888    -0.0016    24.7036    24.7006     48.543     48.752      0.792    1504.77    1504.79  0.000e+00
       3846     49.500    14.6769    14.6974     0.0203    4.07704    4.07853          1     4.6427     4.1356      33.50     0.1823     0.1861  1.000e-12  0.4960000    33.3051    33.3012    -0.0039    24.7350    24.7276     49.039     49.249      0.840    1504.49    1504.55  0.000e+00
       3860     50.000    14.5278    14.5338     0.0062    4.06620    4.06660          1     4.6412     4.1514      32.98     0.1838     0.2805  1.000e-12  0.5038000    33.3339    33.3323    -0.0015    24.7890    24.7865     49.534     49.746      0.787    1504.05    1504.07  0.000e+00
       3877     50.500    14.4900    14.4923     0.0024    4.06362    4.06382          1     4.6410     4.1757      32.52     0.1750     0.2583  1.000e-12  0.5166000    33.3426    33.3424    -0.0002    24.8037    24.8031     50.029     50.243      0.623    1503.95    1503.96  0.000e+00
       3902     51.000    14.4498    14.4550     0.0052    4.06032    4.06068          1     4.5947     4.1384      31.93     0.1779     0.2575  1.000e-12  0.5246000    33.3467    33.3455    -0.0012    24.8155    24.8134     50.525     50.739      0.462    1503.83    1503.85  0.000e+00
       3927     51.500    14.3811    14.3880     0.0069    4.05387    4.05460          1     4.5615     4.1181      31.37     0.1833     0.2657  1.000e-12  0.5425000    33.3465    33.3474     0.0008    24.8298    24.8290     51.020     51.236      0.551    1503.62    1503.64  0.000e+00
       3946     52.000    14.1998    14.2030     0.0032    4.03659    4.03696          1     4.5334     4.0923      30.90     0.1910     0.2721  1.000e-12  0.5897000    33.3438    33.3445     0.0007    24.8658    24.8657     51.515     51.733      0.660    1503.04    1503.05  0.000e+00
       3964     52.500    14.1886    14.1924     0.0036    4.03791    4.03838          1     4.5139     4.0544      30.40     0.2257     0.3070  1.000e-12  0.7128000    33.3655    33.3666     0.0011    24.8849    24.8849     52.010     52.230      0.683    1503.04    1503.05  0.000e+00
       3981     53.000    14.1233    14.1289     0.0055    4.03228    4.03284          1     4.5192     4.0265      29.97     0.1974     0.2701  1.000e-12  0.6619000    33.3698    33.3702     0.0004    24.9018    24.9010     52.506     52.727      0.652    1502.84    1502.86  0.000e+00
       4000     53.500    14.0450    14.0493     0.0044    4.02363    4.02406          1     4.5367     4.0008      29.45     0.1933     0.2562  1.000e-12  0.6880000    33.3576    33.3578     0.0003    24.9087    24.9080     53.001     53.224      0.641    1502.58    1502.59  0.000e+00
       4019     54.000    14.0339    14.0360     0.0021    4.02289    4.02306          1     4.5352     3.9773      28.93     0.2144     0.2788  1.000e-12  0.7916000    33.3601    33.3598    -0.0003    24.9130    24.9123     53.496     53.721      0.670    1502.55    1502.56  0.000e+00
       4036     54.500    14.0040    14.0060     0.0020    4.02139    4.02153          1     4.5034     3.9490      28.48     0.1639     0.2420  1.000e-12  0.7777000    33.3720    33.3716    -0.0004    24.9283    24.9276     53.991     54.218      0.658    1502.48    1502.48  0.000e+00
       4055     55.000    13.9104    13.9275     0.0171    4.01476    4.01586          1     4.4570     3.9122      27.92     0.1874     0.2117  1.000e-12  0.7505000    33.3916    33.3869    -0.0047    24.9628    24.9557     54.487     54.715      0.603    1502.20    1502.25  0.000e+00
       4076     55.500    13.6970    13.7080     0.0110    3.99722    3.99797          1     4.4176     3.8831      27.36     0.2158     0.1753  1.000e-12  0.7592000    33.4140    33.4114    -0.0026    25.0240    25.0198     54.982     55.212      0.595    1501.54    1501.57  0.000e+00
       4096     56.000    13.5728    13.5761     0.0034    3.98719    3.98740          1     4.4078     3.8616      26.84     0.2285     0.1640  1.000e-12  0.8278000    33.4287    33.4278    -0.0008    25.0608    25.0594     55.477     55.708      0.670    1501.16    1501.17  0.000e+00
