ctdpy/tests/etc/all_smhi_bas_2018/SBE09_0827_20180226_1209_26_01_0317.cnv
* Sea-Bird SBE 9 Data File:
* FileName = D:\CTD_SBE911\DAT\26DA.2018.3.17.hex
* Software Version Seasave V 7.21d
* Temperature SN = 034757
* Conductivity SN = 041844
* Number of Bytes Per Scan = 48
* Number of Voltage Words = 5
* Number of Scans Averaged by the Deck Unit = 1
* NMEA Latitude = 55 44.91 N
* NMEA Longitude = 015 22.62 E
* NMEA UTC (Time) = Feb 26 2018  12:09:37
* NMEA baud rate = 4800
** Ship: DANA
** Average sound velocity: 1428.72 m/s
** True-depth calculation Wed, 03 Apr 2019 11:57:18 +0000
** CTD Python Module SMHI /ver 3-12/ feb 2012 
** LIMS Job: 20182601-0317
** Operator:
** Cruise: 02/2018
# nquan = 24
# nvalues = 115                         
# units = specified
# name 0 = scan: Scan Count
# name 1 = prDM: Pressure, Digiquartz [db]
# name 2 = t090C: Temperature [ITS-90, deg C]
# name 3 = t190C: Temperature, 2 [ITS-90, deg C]
# name 4 = T2-T190C: Temperature Difference, 2 - 1 [ITS-90, deg C]
# name 5 = c0S/m: Conductivity [S/m]
# name 6 = c1S/m: Conductivity, 2 [S/m]
# name 7 = pumps: Pump Status
# name 8 = altM: Altimeter [m]
# name 9 = chloroflTC0: Chlorophyll, Turner Cyclops [ug/l]
# name 10 = cpar: CPAR/Corrected Irradiance [%]
# name 11 = par: PAR/Irradiance, Biospherical/Lico [µE/(cm^2*s)]
# name 12 = spar: SPAR, Biospherical/Licor
# name 13 = sal00: Salinity, Practical [PSU]
# name 14 = sal11: Salinity, Practical, 2 [PSU]
# name 15 = secS-priS: Salinity, Practical, Difference, 2 - 1 [PSU]
# name 16 = sigma-t00: Density [sigma-t, kg/m^3 ]
# name 17 = sigma-t11: Density, 2 [sigma-t, kg/m^3 ]
# name 18 = depSM: Depth [salt water, m], lat = 55.7485
# name 19 = depFM: Depth [true depth, m], lat = 55.7485
# name 20 = dz/dtM: Descent Rate [m/s], WS = 2
# name 21 = svCM: Sound Velocity [Chen-Millero, m/s]
# name 22 = svCM1: Sound Velocity, 2 [Chen-Millero, m/s]
# name 23 = flag: flag
# span 0 =          5,       5737       
# span 1 =      1.000,     58.000       
# span 2 =     3.0423,     6.7388       
# span 3 =     3.0420,     7.2132       
# span 4 =    -0.0077,     0.4736       
# span 5 =   0.760014,   1.190626       
# span 6 =   0.758666,   1.312417       
# span 7 =          1,          1       
# span 8 =       2.57,       9.97       
# span 9 =     0.0134,     0.3129       
# span 10 = -9.482e-09, 1.6778e+01      
# span 11 = -8.222e-08, 1.0018e+02      
# span 12 = 5.9707e+02, 1.8662e+03      
# span 13 =     7.4112,    10.7428      
# span 14 =     7.3957,    11.7681      
# span 15 =    -0.0376,     1.0254      
# span 16 =     5.9080,     8.3870      
# span 17 =     5.8957,     9.1527      
# span 18 =      0.991,     57.465      
# span 19 =      1.013,     58.722      
# span 20 =      0.000,      0.942      
# span 21 =    1426.96,    1448.29      
# span 22 =    1426.95,    1451.52      
# span 23 = 0.0000e+00, 0.0000e+00      
# interval = decibars: 0.5              
# start_time = Feb 26 2018 12:09:37 [NMEA time, first data scan]
# bad_flag = -9.990e-29
*END*
          5      1.000     3.0540     3.0555     0.0015    0.76017    0.75875          1       6.20     0.3129  1.678e+01  1.002e+02  5.971e+02     7.4113     7.3960    -0.0153     5.9081     5.8959      0.991      1.013      0.000    1426.98    1426.96  0.000e+00
         16      1.500     3.0522     3.0528     0.0005    0.76014    0.75867          1       7.03     0.1392  6.971e+00  4.162e+01  5.971e+02     7.4112     7.3957    -0.0155     5.9081     5.8957      1.486      1.519      0.000    1426.98    1426.96  0.000e+00
         29      2.000     3.0549     3.0530    -0.0019    0.76020    0.75938          1       4.74     0.0644  3.474e+00  2.075e+01  5.973e+02     7.4112     7.4031    -0.0081     5.9080     5.9016      1.982      2.025      0.464    1426.99    1426.98  0.000e+00
        269      2.500     3.0463     3.0457    -0.0005    0.76001    0.75941          1       4.84     0.0182  3.249e+00  1.962e+01  6.037e+02     7.4112     7.4049    -0.0062     5.9081     5.9031      2.477      2.531      0.413    1426.96    1426.95  0.000e+00
        367      3.000     3.0492     3.0462    -0.0031    0.76010    0.75943          1       4.67     0.0144  3.051e+00  1.846e+01  6.052e+02     7.4113     7.4049    -0.0063     5.9082     5.9031      2.973      3.038      0.290    1426.99    1426.96  0.000e+00
        403      3.500     3.0517     3.0498    -0.0019    0.76016    0.75951          1       4.49     0.0141  2.544e+00  1.544e+01  6.070e+02     7.4113     7.4050    -0.0063     5.9081     5.9031      3.468      3.544      0.521    1427.01    1426.99  0.000e+00
        440      4.000     3.0495     3.0481    -0.0014    0.76011    0.75950          1       4.20     0.0137  2.237e+00  1.359e+01  6.076e+02     7.4113     7.4051    -0.0061     5.9082     5.9033      3.964      4.050      0.440    1427.00    1426.99  0.000e+00
        526      4.500     3.0491     3.0497     0.0005    0.76011    0.75952          1       2.66     0.0139  2.027e+00  1.235e+01  6.093e+02     7.4113     7.4049    -0.0064     5.9082     5.9031      4.459      4.556      0.868    1427.01    1427.00  0.000e+00
        536      5.000     3.0508     3.0529     0.0021    0.76016    0.75957          1       2.57     0.0138  1.715e+00  1.045e+01  6.092e+02     7.4113     7.4047    -0.0067     5.9082     5.9028      4.955      5.063      0.867    1427.02    1427.02  0.000e+00
        560      5.500     3.0525     3.0554     0.0029    0.76022    0.75967          1       3.78     0.0142  1.497e+00  9.119e+00  6.092e+02     7.4114     7.4051    -0.0064     5.9083     5.9031      5.450      5.569      0.580    1427.04    1427.05  0.000e+00
        654      6.000     3.0533     3.0552     0.0019    0.76026    0.75969          1       9.90     0.0136  1.407e+00  8.579e+00  6.098e+02     7.4116     7.4052    -0.0064     5.9084     5.9033      5.945      6.075      0.942    1427.05    1427.05  0.000e+00
        667      6.500     3.0547     3.0537    -0.0011    0.76029    0.75966          1       9.97     0.0142  1.254e+00  7.663e+00  6.112e+02     7.4115     7.4052    -0.0063     5.9083     5.9033      6.441      6.582      0.851    1427.07    1427.05  0.000e+00
        696      7.000     3.0521     3.0505    -0.0017    0.76023    0.75961          1       9.96     0.0137  1.070e+00  6.544e+00  6.115e+02     7.4114     7.4054    -0.0061     5.9083     5.9034      6.936      7.088      0.496    1427.06    1427.05  0.000e+00
        800      7.500     3.0525     3.0520    -0.0005    0.76024    0.75963          1       9.96     0.0139  9.593e-01  5.899e+00  6.150e+02     7.4114     7.4051    -0.0063     5.9083     5.9032      7.432      7.594      0.568    1427.07    1427.06  0.000e+00
        820      8.000     3.0470     3.0452    -0.0018    0.76011    0.75952          1       9.96     0.0139  8.105e-01  4.987e+00  6.154e+02     7.4112     7.4055    -0.0057     5.9081     5.9036      7.927      8.100      0.583    1427.05    1427.04  0.000e+00
        854      8.500     3.0439     3.0445     0.0006    0.76006    0.75948          1       9.96     0.0142  6.678e-01  4.123e+00  6.174e+02     7.4114     7.4052    -0.0062     5.9083     5.9033      8.423      8.607      0.391    1427.05    1427.04  0.000e+00
        952      9.000     3.0424     3.0431     0.0006    0.76004    0.75947          1       9.96     0.0146  6.375e-01  3.957e+00  6.208e+02     7.4115     7.4053    -0.0062     5.9084     5.9034      8.918      9.113      0.685    1427.05    1427.05  0.000e+00
        968      9.500     3.0423     3.0420    -0.0003    0.76005    0.75946          1       9.96     0.0145  5.618e-01  3.491e+00  6.214e+02     7.4115     7.4053    -0.0062     5.9084     5.9035      9.413      9.619      0.634    1427.06    1427.05  0.000e+00
       1012     10.000     3.0450     3.0455     0.0005    0.76013    0.75953          1       9.96     0.0149  4.886e-01  3.047e+00  6.236e+02     7.4116     7.4052    -0.0064     5.9085     5.9034      9.909     10.126      0.349    1427.08    1427.07  0.000e+00
       1100     10.500     3.0581     3.0572    -0.0009    0.76044    0.75980          1       9.95     0.0144  4.410e-01  2.767e+00  6.274e+02     7.4118     7.4054    -0.0065     5.9085     5.9034     10.404     10.632      0.487    1427.15    1427.13  0.000e+00
       1132     11.000     3.0583     3.0574    -0.0009    0.76045    0.75982          1       9.95     0.0145  3.788e-01  2.387e+00  6.302e+02     7.4117     7.4053    -0.0064     5.9084     5.9033     10.900     11.138      0.317    1427.15    1427.14  0.000e+00
       1210     11.500     3.0447     3.0422    -0.0026    0.76012    0.75950          1       9.95     0.0134  3.339e-01  2.125e+00  6.363e+02     7.4114     7.4055    -0.0059     5.9083     5.9036     11.395     11.644      0.377    1427.10    1427.08  0.000e+00
       1233     12.000     3.0437     3.0441     0.0003    0.76012    0.75952          1       9.95     0.0135  2.920e-01  1.870e+00  6.406e+02     7.4115     7.4052    -0.0063     5.9084     5.9034     11.891     12.151      0.502    1427.10    1427.10  0.000e+00
       1286     12.500     3.0453     3.0455     0.0001    0.76016    0.75956          1       9.95     0.0135  2.536e-01  1.658e+00  6.542e+02     7.4115     7.4052    -0.0063     5.9084     5.9034     12.386     12.657      0.315    1427.12    1427.11  0.000e+00
       1346     13.000     3.0475     3.0551     0.0076    0.76023    0.75977          1       9.95     0.0141  2.265e-01  1.522e+00  6.718e+02     7.4117     7.4051    -0.0065     5.9085     5.9032     12.882     13.163      0.460    1427.14    1427.16  0.000e+00
       1373     13.500     3.0502     3.0485    -0.0017    0.76029    0.75968          1       9.95     0.0138  1.968e-01  1.330e+00  6.757e+02     7.4116     7.4056    -0.0059     5.9084     5.9037     13.377     13.669      0.370    1427.16    1427.14  0.000e+00
       1477     14.000     3.0472     3.0479     0.0007    0.76027    0.75966          1       9.95     0.0143  1.831e-01  1.253e+00  6.845e+02     7.4121     7.4055    -0.0066     5.9088     5.9035     13.872     14.176      0.669    1427.15    1427.15  0.000e+00
       1493     14.500     3.0485     3.0480    -0.0005    0.76030    0.75967          1       9.95     0.0137  1.590e-01  1.094e+00  6.881e+02     7.4120     7.4055    -0.0065     5.9087     5.9036     14.368     14.682      0.719    1427.16    1427.15  0.000e+00
       1526     15.000     3.0482     3.0477    -0.0005    0.76030    0.75969          1       9.95     0.0136  1.375e-01  9.535e-01  6.934e+02     7.4120     7.4057    -0.0063     5.9087     5.9037     14.863     15.188      0.445    1427.17    1427.16  0.000e+00
       1610     15.500     3.0476     3.0469    -0.0007    0.76028    0.75967          1       9.95     0.0134  1.238e-01  8.649e-01  6.989e+02     7.4119     7.4056    -0.0063     5.9087     5.9036     15.359     15.695      0.487    1427.18    1427.16  0.000e+00
       1631     16.000     3.0487     3.0484    -0.0003    0.76033    0.75972          1       9.95     0.0134  1.098e-01  7.705e-01  7.020e+02     7.4121     7.4057    -0.0064     5.9088     5.9037     15.854     16.201      0.488    1427.19    1427.18  0.000e+00
       1688     16.500     3.0506     3.0509     0.0003    0.76041    0.75981          1       9.95     0.0134  9.056e-02  6.450e-01  7.126e+02     7.4124     7.4061    -0.0063     5.9090     5.9040     16.350     16.707      0.281    1427.21    1427.20  0.000e+00
       1770     17.000     3.0548     3.0542    -0.0006    0.76058    0.75994          1       9.95     0.0139  7.887e-02  5.748e-01  7.287e+02     7.4131     7.4066    -0.0065     5.9095     5.9044     16.845     17.213      0.450    1427.24    1427.22  0.000e+00
       1791     17.500     3.0523     3.0531     0.0009    0.76048    0.75992          1       9.95     0.0135  6.956e-02  5.064e-01  7.279e+02     7.4126     7.4065    -0.0060     5.9092     5.9043     17.340     17.720      0.497    1427.23    1427.23  0.000e+00
       1835     18.000     3.0521     3.0513    -0.0008    0.76048    0.75986          1       9.95     0.0134  5.845e-02  4.238e-01  7.250e+02     7.4126     7.4062    -0.0063     5.9092     5.9041     17.836     18.226      0.283    1427.24    1427.22  0.000e+00
       1906     18.500     3.0494     3.0482    -0.0013    0.76037    0.75976          1       9.95     0.0136  5.269e-02  3.827e-01  7.265e+02     7.4120     7.4058    -0.0061     5.9087     5.9038     18.331     18.732      0.419    1427.23    1427.22  0.000e+00
       1929     19.000     3.0469     3.0462    -0.0007    0.76030    0.75969          1       9.95     0.0140  4.471e-02  3.273e-01  7.321e+02     7.4117     7.4055    -0.0062     5.9085     5.9036     18.827     19.239      0.486    1427.23    1427.22  0.000e+00
       1959     19.500     3.0473     3.0462    -0.0011    0.76032    0.75970          1       9.95     0.0136  3.512e-02  2.610e-01  7.436e+02     7.4117     7.4055    -0.0062     5.9086     5.9036     19.322     19.745      0.308    1427.24    1427.22  0.000e+00
       2063     20.000     3.0570     3.0571     0.0000    0.76069    0.76010          1       9.95     0.0139  2.888e-02  2.230e-01  7.718e+02     7.4134     7.4071    -0.0062     5.9097     5.9048     19.817     20.251      0.318    1427.29    1427.28  0.000e+00
       2085     20.500     3.0527     3.0519    -0.0008    0.76052    0.75993          1       9.95     0.0137  2.385e-02  1.840e-01  7.715e+02     7.4125     7.4064    -0.0061     5.9091     5.9043     20.313     20.757      0.445    1427.28    1427.27  0.000e+00
       2116     21.000     3.0515     3.0515    -0.0001    0.76049    0.75991          1       9.95     0.0141  1.802e-02  1.399e-01  7.771e+02     7.4124     7.4063    -0.0061     5.9090     5.9042     20.808     21.264      0.318    1427.28    1427.27  0.000e+00
       2174     21.500     3.0529     3.0535     0.0006    0.76055    0.75997          1       9.95     0.0140  1.346e-02  1.057e-01  7.856e+02     7.4127     7.4064    -0.0063     5.9092     5.9042     21.304     21.770      0.209    1427.30    1427.29  0.000e+00
       2223     22.000     3.0529     3.0529    -0.0000    0.76056    0.75996          1       9.95     0.0144  1.038e-02  8.230e-02  7.930e+02     7.4127     7.4063    -0.0063     5.9092     5.9042     21.799     22.276      0.317    1427.30    1427.29  0.000e+00
       2256     22.500     3.0571     3.0578     0.0007    0.76074    0.76014          1       9.95     0.0143  6.648e-03  5.311e-02  7.993e+02     7.4134     7.4071    -0.0064     5.9098     5.9047     22.294     22.782      0.354    1427.33    1427.33  0.000e+00
       2329     23.000     3.0632     3.0653     0.0021    0.76100    0.76043          1       9.95     0.0135  3.394e-03  2.823e-02  8.324e+02     7.4147     7.4083    -0.0064     5.9108     5.9056     22.790     23.289      0.264    1427.37    1427.37  0.000e+00
       2389     23.500     3.0714     3.0709    -0.0004    0.76133    0.76069          1       9.95     0.0134  1.184e-03  1.022e-02  8.634e+02     7.4163     7.4097    -0.0066     5.9119     5.9067     23.285     23.795      0.493    1427.42    1427.41  0.000e+00
       2412     24.000     3.0705     3.0629    -0.0077    0.76127    0.76045          1       9.95     0.0134  2.433e-05  2.095e-04  8.729e+02     7.4157     7.4089    -0.0069     5.9115     5.9061     23.781     24.301      0.463    1427.42    1427.38  0.000e+00
       2464     24.500     3.0600     3.0590    -0.0011    0.76086    0.76023          1       9.95     0.0136 -9.482e-09 -8.222e-08  8.889e+02     7.4137     7.4074    -0.0063     5.9100     5.9050     24.276     24.808      0.289    1427.38    1427.36  0.000e+00
       2510     25.000     3.0566     3.0567     0.0001    0.76072    0.76014          1       9.95     0.0136  1.111e-13  1.000e-12  8.999e+02     7.4130     7.4070    -0.0060     5.9095     5.9047     24.772     25.314      0.539    1427.37    1427.36  0.000e+00
       2530     25.500     3.0570     3.0575     0.0005    0.76075    0.76017          1       9.95     0.0137  1.101e-13  1.000e-12  9.084e+02     7.4132     7.4071    -0.0061     5.9096     5.9047     25.267     25.820      0.499    1427.38    1427.37  0.000e+00
       2602     26.000     3.0581     3.0578    -0.0003    0.76080    0.76018          1       9.95     0.0137  1.040e-13  1.000e-12  9.631e+02     7.4134     7.4070    -0.0063     5.9097     5.9047     25.762     26.326      0.262    1427.39    1427.38  0.000e+00
       2667     26.500     3.0573     3.0560    -0.0013    0.76077    0.76014          1       9.95     0.0139  9.932e-14  1.000e-12  1.007e+03     7.4132     7.4068    -0.0063     5.9096     5.9046     26.258     26.833      0.348    1427.39    1427.38  0.000e+00
       2706     27.000     3.0567     3.0556    -0.0011    0.76075    0.76012          1       9.95     0.0138  9.826e-14  1.000e-12  1.018e+03     7.4131     7.4068    -0.0063     5.9095     5.9045     26.753     27.339      0.256    1427.40    1427.39  0.000e+00
       2757     27.500     3.0562     3.0544    -0.0017    0.76074    0.76010          1       9.95     0.0136  9.564e-14  1.000e-12  1.046e+03     7.4130     7.4067    -0.0063     5.9095     5.9044     27.249     27.845      0.300    1427.40    1427.39  0.000e+00
       2788     28.000     3.0546     3.0546     0.0001    0.76070    0.76009          1       9.95     0.0135  9.412e-14  1.000e-12  1.062e+03     7.4128     7.4065    -0.0063     5.9094     5.9043     27.744     28.352      0.428    1427.40    1427.40  0.000e+00
       2816     28.500     3.0567     3.0563    -0.0005    0.76079    0.76018          1       9.95     0.0143  9.360e-14  1.000e-12  1.068e+03     7.4133     7.4070    -0.0063     5.9097     5.9047     28.239     28.858      0.373    1427.42    1427.41  0.000e+00
       2867     29.000     3.0569     3.0562    -0.0008    0.76081    0.76019          1       9.95     0.0134  9.213e-14  1.000e-12  1.086e+03     7.4134     7.4070    -0.0063     5.9097     5.9047     28.735     29.364      0.229    1427.43    1427.42  0.000e+00
       2942     29.500     3.0545     3.0524    -0.0021    0.76072    0.76006          1       9.95     0.0134  8.809e-14  1.000e-12  1.135e+03     7.4129     7.4065    -0.0064     5.9094     5.9043     29.230     29.870      0.293    1427.43    1427.41  0.000e+00
       2981     30.000     3.0521     3.0507    -0.0014    0.76063    0.75999          1       9.95     0.0134  8.472e-14  1.000e-12  1.180e+03     7.4124     7.4061    -0.0063     5.9091     5.9040     29.725     30.377      0.254    1427.42    1427.41  0.000e+00
       3052     30.500     3.0533     3.0517    -0.0015    0.76069    0.76004          1       9.95     0.0139  7.970e-14  1.000e-12  1.255e+03     7.4127     7.4063    -0.0064     5.9092     5.9042     30.221     30.883      0.345    1427.44    1427.42  0.000e+00
