ctdpy/tests/etc/all_smhi_bas_2018/SBE09_0827_20181122_0936_26_01_1220.cnv
* Sea-Bird SBE 9 Data File:
* FileName = D:\CTD_SBE911\DAT\26DA.2018.12.20.hex
* Software Version Seasave V 7.21d
* Temperature SN = 4548
* Conductivity SN = 3062
* Number of Bytes Per Scan = 48
* Number of Voltage Words = 5
* Number of Scans Averaged by the Deck Unit = 1
* NMEA Latitude = 57 13.88 N
* NMEA Longitude = 019 05.90 E
* NMEA UTC (Time) = Nov 22 2018  09:37:02
* NMEA baud rate = 4800
** Ship: DANA
** Average sound velocity: 1444.34 m/s
** True-depth calculation Tue, 02 Apr 2019 12:12:59 +0000
** CTD Python Module SMHI /ver 3-12/ feb 2012 
** LIMS Job: 20182601-1220
** Operator: Ronny
** Cruise: 12/2018
# nquan = 26
# nvalues = 178                         
# units = specified
# name 0 = scan: Scan Count
# name 1 = prDM: Pressure, Digiquartz [db]
# name 2 = t090C: Temperature [ITS-90, deg C]
# name 3 = t190C: Temperature, 2 [ITS-90, deg C]
# name 4 = T2-T190C: Temperature Difference, 2 - 1 [ITS-90, deg C]
# name 5 = c0S/m: Conductivity [S/m]
# name 6 = c1S/m: Conductivity, 2 [S/m]
# name 7 = pumps: Pump Status
# name 8 = sbeox1ML/L: Oxygen, SBE 43, 2 [ml/l]
# name 9 = sbeox0ML/L: Oxygen, SBE 43 [ml/l]
# name 10 = altM: Altimeter [m]
# name 11 = chloroflTC0: Chlorophyll, Turner Cyclops [ug/l]
# name 12 = cpar: CPAR/Corrected Irradiance [%]
# name 13 = par: PAR/Irradiance, Biospherical/Lico [µE/(cm^2*s)]
# name 14 = spar: SPAR, Biospherical/Licor
# name 15 = sal00: Salinity, Practical [PSU]
# name 16 = sal11: Salinity, Practical, 2 [PSU]
# name 17 = secS-priS: Salinity, Practical, Difference, 2 - 1 [PSU]
# name 18 = sigma-t00: Density [sigma-t, kg/m^3 ]
# name 19 = sigma-t11: Density, 2 [sigma-t, kg/m^3 ]
# name 20 = depSM: Depth [salt water, m], lat = 57.2313
# name 21 = depFM: Depth [true depth, m], lat = 57.2313
# name 22 = dz/dtM: Descent Rate [m/s], WS = 2
# name 23 = svCM: Sound Velocity [Chen-Millero, m/s]
# name 24 = svCM1: Sound Velocity, 2 [Chen-Millero, m/s]
# name 25 = flag: flag
# span 0 =        240,       8599       
# span 1 =      1.000,     89.500       
# span 2 =     3.8131,     8.3719       
# span 3 =     3.8077,     8.3727       
# span 4 =    -0.1782,     0.0327       
# span 5 =   0.791609,   1.159749       
# span 6 =   0.791487,   1.160019       
# span 7 =          1,          1       
# span 8 =     0.0999,     7.4469       
# span 9 =     0.0535,     7.6747       
# span 10 =       1.02,       9.99      
# span 11 =     0.0157,     0.0222      
# span 12 = 3.8171e-13, 7.5475e+00      
# span 13 = 1.0000e-12, 1.9007e+01      
# span 14 = 2.4979e+02, 2.6198e+02      
# span 15 =     7.1058,    10.6889      
# span 16 =     7.1058,    10.6907      
# span 17 =    -0.0012,     0.0344      
# span 18 =     5.4121,     8.4002      
# span 19 =     5.4120,     8.4014      
# span 20 =      0.991,     88.657      
# span 21 =      1.013,     90.598      
# span 22 =      0.115,      0.310      
# span 23 =    1431.62,    1450.16      
# span 24 =    1431.62,    1450.15      
# span 25 = 0.0000e+00, 0.0000e+00      
# interval = decibars: 0.5              
# start_time = Nov 22 2018 09:37:03 [NMEA time, first data scan]
# bad_flag = -9.990e-29
*END*
[from data line 56]
       2808     29.000     8.3448     8.3485     0.0038    0.84750    0.84762          1     7.4221     7.6553       9.96     0.0213  3.971e-13  1.000e-12  2.518e+02     7.1153     7.1156     0.0003     5.4172     5.4171     28.731     29.379      0.272    1449.93    1449.94  0.000e+00
       2853     29.500     8.3578     8.3675     0.0097    0.84792    0.84817          1     7.4128     7.6538       9.96     0.0205  3.971e-13  1.000e-12  2.518e+02     7.1164     7.1167     0.0003     5.4169     5.4163     29.226     29.885      0.260    1449.99    1450.03  0.000e+00
       2899     30.000     8.3642     8.3651     0.0009    0.84811    0.84812          1     7.4142     7.6445       9.96     0.0204  3.971e-13  1.000e-12  2.518e+02     7.1167     7.1166    -0.0001     5.4167     5.4165     29.722     30.392      0.267    1450.03    1450.03  0.000e+00
       2944     30.500     8.3633     8.3653     0.0021    0.84808    0.84814          1     7.4135     7.6438       9.96     0.0201  3.971e-13  1.000e-12  2.518e+02     7.1166     7.1167     0.0001     5.4166     5.4165     30.217     30.898      0.264    1450.03    1450.04  0.000e+00
       2991     31.000     8.3647     8.3661     0.0014    0.84813    0.84815          1     7.4112     7.6468       9.96     0.0205  3.971e-13  1.000e-12  2.518e+02     7.1167     7.1166    -0.0001     5.4166     5.4164     30.712     31.405      0.251    1450.04    1450.05  0.000e+00
       3039     31.500     8.3677     8.3669    -0.0009    0.84829    0.84825          1     7.4097     7.6470       9.96     0.0204  3.971e-13  1.000e-12  2.518e+02     7.1174     7.1173    -0.0001     5.4169     5.4169     31.208     31.911      0.257    1450.06    1450.06  0.000e+00
       3084     32.000     8.3643     8.3638    -0.0005    0.84820    0.84816          1     7.4104     7.6460       9.96     0.0207  3.971e-13  1.000e-12  2.518e+02     7.1172     7.1170    -0.0002     5.4171     5.4169     31.703     32.418      0.268    1450.06    1450.05  0.000e+00
       3131     32.500     8.3653     8.3631    -0.0023    0.84828    0.84816          1     7.4141     7.6471       9.96     0.0208  3.971e-13  1.000e-12  2.518e+02     7.1178     7.1171    -0.0007     5.4174     5.4170     32.198     32.924      0.250    1450.07    1450.06  0.000e+00
       3176     33.000     8.3659     8.3666     0.0007    0.84832    0.84831          1     7.4241     7.6484       9.96     0.0206  3.971e-13  1.000e-12  2.518e+02     7.1179     7.1177    -0.0002     5.4174     5.4173     32.694     33.431      0.276    1450.08    1450.08  0.000e+00
       3220     33.500     8.3650     8.3640    -0.0010    0.84829    0.84822          1     7.4210     7.6435       9.96     0.0207  3.971e-13  1.000e-12  2.518e+02     7.1178     7.1174    -0.0004     5.4174     5.4172     33.189     33.937      0.266    1450.09    1450.08  0.000e+00
       3267     34.000     8.3647     8.3652     0.0006    0.84828    0.84827          1     7.4178     7.6411       9.96     0.0209  3.971e-13  1.000e-12  2.518e+02     7.1177     7.1175    -0.0002     5.4174     5.4172     33.684     34.444      0.246    1450.09    1450.09  0.000e+00
       3315     34.500     8.3654     8.3690     0.0036    0.84830    0.84841          1     7.4080     7.6446       9.96     0.0205  3.971e-13  1.000e-12  2.518e+02     7.1177     7.1180     0.0003     5.4173     5.4172     34.180     34.950      0.261    1450.10    1450.12  0.000e+00
       3360     35.000     8.3698     8.3707     0.0010    0.84849    0.84852          1     7.4156     7.6455       9.96     0.0200  3.971e-13  1.000e-12  2.518e+02     7.1185     7.1185     0.0000     5.4175     5.4175     34.675     35.457      0.270    1450.13    1450.13  0.000e+00
       3406     35.500     8.3710     8.3727     0.0018    0.84857    0.84864          1     7.4129     7.6419       9.96     0.0205  3.971e-13  1.000e-12  2.518e+02     7.1189     7.1191     0.0002     5.4178     5.4178     35.170     35.963      0.251    1450.14    1450.15  0.000e+00
       3452     36.000     8.3719     8.3702    -0.0017    0.84863    0.84850          1     7.4139     7.6386       9.96     0.0207  3.971e-13  1.000e-12  2.518e+02     7.1192     7.1184    -0.0008     5.4179     5.4174     35.666     36.470      0.272    1450.16    1450.15  0.000e+00
       3496     36.500     8.3685     8.3690     0.0004    0.84847    0.84846          1     7.4172     7.6419       9.96     0.0206  3.971e-13  1.000e-12  2.518e+02     7.1184     7.1182    -0.0002     5.4176     5.4174     36.161     36.976      0.268    1450.15    1450.15  0.000e+00
       3543     37.000     8.3668     8.3651    -0.0017    0.84856    0.84852          1     7.4017     7.6443       9.96     0.0202  3.971e-13  1.000e-12  2.518e+02     7.1194     7.1195     0.0000     5.4186     5.4187     36.656     37.483      0.250    1450.15    1450.14  0.000e+00
       3590     37.500     8.3596     8.3582    -0.0013    0.84838    0.84837          1     7.4051     7.6441       9.96     0.0206  3.971e-13  1.000e-12  2.518e+02     7.1192     7.1194     0.0002     5.4190     5.4192     37.152     37.989      0.261    1450.13    1450.12  0.000e+00
       3636     38.000     8.3578     8.3633     0.0055    0.84829    0.84828          1     7.4085     7.6436       9.96     0.0203  3.971e-13  1.000e-12  2.518e+02     7.1187     7.1176    -0.0012     5.4188     5.4174     37.647     38.496      0.254    1450.13    1450.15  0.000e+00
       3684     38.500     8.3581     8.3550    -0.0031    0.84806    0.84789          1     7.4049     7.6420       9.96     0.0200  3.971e-13  1.000e-12  2.518e+02     7.1166     7.1157    -0.0009     5.4170     5.4166     38.142     39.002      0.258    1450.14    1450.12  0.000e+00
       3729     39.000     8.3545     8.3538    -0.0007    0.84793    0.84787          1     7.4218     7.6472       9.96     0.0206  3.971e-13  1.000e-12  2.518e+02     7.1160     7.1156    -0.0004     5.4170     5.4167     38.637     39.509      0.269    1450.13    1450.12  0.000e+00
       3774     39.500     8.3542     8.3539    -0.0003    0.84864    0.84864          1     7.4172     7.6345       9.96     0.0205  3.971e-13  1.000e-12  2.518e+02     7.1225     7.1225     0.0001     5.4220     5.4221     39.133     40.016      0.256    1450.14    1450.14  0.000e+00
       3821     40.000     8.3398     8.3330    -0.0067    0.84913    0.84915          1     7.3927     7.5994       9.96     0.0198  3.966e-13  1.000e-12  2.521e+02     7.1298     7.1313     0.0015     5.4289     5.4307     39.628     40.522      0.256    1450.10    1450.08  0.000e+00
       3868     40.500     8.3052     8.2992    -0.0060    0.84888    0.84885          1     7.3685     7.5874       9.96     0.0199  3.953e-13  1.000e-12  2.530e+02     7.1344     7.1353     0.0009     5.4355     5.4367     40.123     41.029      0.266    1449.97    1449.95  0.000e+00
       3913     41.000     8.2884     8.2801    -0.0082    0.84871    0.84866          1     7.3618     7.5845       9.96     0.0196  3.948e-13  1.000e-12  2.533e+02     7.1362     7.1374     0.0012     5.4383     5.4400     40.619     41.535      0.250    1449.92    1449.89  0.000e+00
       3963     41.500     8.2675     8.2635    -0.0040    0.84860    0.84862          1     7.3564     7.5824       9.96     0.0196  3.947e-13  1.000e-12  2.534e+02     7.1394     7.1404     0.0010     5.4426     5.4437     41.114     42.042      0.242    1449.84    1449.83  0.000e+00
       4010     42.000     8.2593     8.2569    -0.0024    0.84885    0.84889          1     7.3505     7.5885       9.96     0.0195  3.941e-13  1.000e-12  2.538e+02     7.1432     7.1442     0.0009     5.4463     5.4472     41.609     42.548      0.272    1449.82    1449.81  0.000e+00
       4053     42.500     8.2502     8.2472    -0.0030    0.84905    0.84909          1     7.3611     7.5961       9.96     0.0196  3.940e-13  1.000e-12  2.538e+02     7.1468     7.1478     0.0010     5.4499     5.4509     42.105     43.055      0.273    1449.80    1449.79  0.000e+00
       4100     43.000     8.2341     8.2260    -0.0080    0.84925    0.84933          1     7.3582     7.5835       9.96     0.0195  3.939e-13  1.000e-12  2.538e+02     7.1518     7.1543     0.0024     5.4551     5.4577     42.600     43.561      0.247    1449.75    1449.72  0.000e+00
       4148     43.500     8.2124     8.2079    -0.0044    0.84959    0.84964          1     7.3634     7.5930       9.96     0.0195  3.939e-13  1.000e-12  2.538e+02     7.1593     7.1607     0.0014     5.4628     5.4642     43.095     44.068      0.253    1449.68    1449.66  0.000e+00
       4195     44.000     8.1996     8.1971    -0.0025    0.85027    0.85054          1     7.3840     7.6109       9.96     0.0197  3.939e-13  1.000e-12  2.538e+02     7.1680     7.1709     0.0030     5.4706     5.4732     43.590     44.574      0.252    1449.64    1449.64  0.000e+00
       4244     44.500     8.1789     8.1642    -0.0147    0.85104    0.85106          1     7.3916     7.6124       9.96     0.0202  3.939e-13  1.000e-12  2.538e+02     7.1792     7.1823     0.0031     5.4811     5.4848     44.086     45.081      0.237    1449.58    1449.52  0.000e+00
       4294     45.000     8.1397     8.1267    -0.0130    0.85045    0.85023          1     7.3893     7.6128       9.96     0.0203  3.939e-13  1.000e-12  2.538e+02     7.1817     7.1824     0.0007     5.4864     5.4880     44.581     45.587      0.253    1449.43    1449.38  0.000e+00
       4340     45.500     8.1125     8.0982    -0.0143    0.84979    0.84951          1     7.3733     7.6072       9.96     0.0203  3.939e-13  1.000e-12  2.538e+02     7.1813     7.1816     0.0004     5.4883     5.4897     45.076     46.094      0.264    1449.33    1449.27  0.000e+00
       4386     46.000     8.0481     8.0198    -0.0283    0.84825    0.84771          1     7.3878     7.5950       9.96     0.0199  3.939e-13  1.000e-12  2.538e+02     7.1803     7.1812     0.0009     5.4928     5.4958     45.572     46.600      0.256    1449.07    1448.96  0.000e+00
       4433     46.500     7.8980     7.8294    -0.0687    0.84471    0.84349          1     7.3736     7.5147       9.96     0.0195  3.939e-13  1.000e-12  2.538e+02     7.1788     7.1816     0.0029     5.5036     5.5112     46.067     47.107      0.256    1448.46    1448.19  0.000e+00
       4480     47.000     7.5672     7.4643    -0.1028    0.83854    0.83703          1     7.3339     7.4484       9.96     0.0184  3.939e-13  1.000e-12  2.538e+02     7.1900     7.1974     0.0073     5.5379     5.5513     46.562     47.613      0.251    1447.12    1446.71  0.000e+00
       4529     47.500     7.2543     7.0822    -0.1721    0.83300    0.83044          1     7.2647     7.3742       9.96     0.0176  3.939e-13  1.000e-12  2.538e+02     7.2036     7.2155     0.0120     5.5713     5.5926     47.057     48.120      0.244    1445.85    1445.15  0.000e+00
       4576     48.000     6.8175     6.6476    -0.1696    0.82490    0.82239          1     7.1706     7.2695       9.96     0.0170  3.939e-13  1.000e-12  2.538e+02     7.2189     7.2311     0.0121     5.6129     5.6333     47.553     48.626      0.261    1444.05    1443.35  0.000e+00
       4623     48.500     6.3110     6.1330    -0.1782    0.81662    0.81445          1     7.1419     7.2606       9.96     0.0168  3.939e-13  1.000e-12  2.538e+02     7.2475     7.2647     0.0172     5.6665     5.6901     48.048     49.132      0.253    1441.95    1441.21  0.000e+00
       4671     49.000     5.9653     5.8741    -0.0914    0.81185    0.81089          1     7.1904     7.3292       9.96     0.0166  3.939e-13  1.000e-12  2.538e+02     7.2756     7.2860     0.0104     5.7078     5.7208     48.543     49.639      0.249    1440.51    1440.13  0.000e+00
       4717     49.500     5.7994     5.7356    -0.0637    0.80959    0.80901          1     7.2409     7.3887       9.96     0.0159  3.939e-13  1.000e-12  2.538e+02     7.2894     7.2976     0.0082     5.7273     5.7370     49.039     50.145      0.273    1439.82    1439.56  0.000e+00
       4762     50.000     5.5219     5.3449    -0.1769    0.80527    0.80323          1     7.1807     7.2928       9.96     0.0159  3.939e-13  1.000e-12  2.538e+02     7.3076     7.3262     0.0187     5.7550     5.7777     49.534     50.651      0.256    1438.65    1437.90  0.000e+00
       4810     50.500     5.0251     4.9205    -0.1049    0.79836    0.79743          1     7.1704     7.3122       9.96     0.0159  3.939e-13  1.000e-12  2.538e+02     7.3484     7.3624     0.0140     5.8088     5.8240     50.029     51.158      0.245    1436.54    1436.10  0.000e+00
       4858     51.000     4.8928     4.8421    -0.0508    0.79753    0.79736          1     7.1818     7.3283       9.96     0.0159  3.939e-13  1.000e-12  2.538e+02     7.3694     7.3789     0.0095     5.8306     5.8400     50.524     51.664      0.262    1435.99    1435.78  0.000e+00
       4904     51.500     4.6978     4.6098    -0.0882    0.79547    0.79475          1     7.0943     7.2700       9.96     0.0159  3.939e-13  1.000e-12  2.538e+02     7.3922     7.4047     0.0125     5.8557     5.8686     51.020     52.170      0.259    1435.17    1434.79  0.000e+00
       4951     52.000     4.4606     4.3950    -0.0655    0.79263    0.79226          1     7.0680     7.2419       9.96     0.0159  3.939e-13  1.000e-12  2.538e+02     7.4168     7.4279     0.0111     5.8831     5.8940     51.515     52.677      0.252    1434.15    1433.88  0.000e+00
       4998     52.500     4.3955     4.3585    -0.0369    0.79326    0.79339          1     7.0045     7.1850       9.96     0.0159  3.939e-13  1.000e-12  2.538e+02     7.4378     7.4474     0.0097     5.9018     5.9106     52.010     53.183      0.258    1433.90    1433.75  0.000e+00
       5045     53.000     4.3162     4.2704    -0.0460    0.79376    0.79373          1     6.9293     7.0844       9.96     0.0159  3.939e-13  1.000e-12  2.538e+02     7.4607     7.4708     0.0101     5.9224     5.9317     52.505     53.689      0.250    1433.58    1433.39  0.000e+00
       5093     53.500     4.1786     4.1284    -0.0501    0.79184    0.79149          1     6.8736     7.0233       9.96     0.0159  3.939e-13  1.000e-12  2.538e+02     7.4725     7.4803     0.0079     5.9356     5.9432     53.001     54.196      0.250    1432.99    1432.78  0.000e+00
       5142     54.000     4.0710     4.0503    -0.0207    0.79161    0.79205          1     6.8489     6.9933       9.96     0.0159  3.939e-13  1.000e-12  2.538e+02     7.4946     7.5038     0.0092     5.9561     5.9639     53.496     54.702      0.238    1432.54    1432.46  0.000e+00
       5192     54.500     4.0012     3.9735    -0.0276    0.79339    0.79372          1     6.6715     6.8078       9.96     0.0159  3.939e-13  1.000e-12  2.538e+02     7.5288     7.5384     0.0097     5.9850     5.9934     53.991     55.208      0.249    1432.28    1432.17  0.000e+00
       5239     55.000     3.9070     3.8887    -0.0183    0.79493    0.79526          1     6.5186     6.6543       9.96     0.0159  3.939e-13  1.000e-12  2.538e+02     7.5661     7.5737     0.0077     6.0169     6.0235     54.487     55.714      0.258    1431.91    1431.84  0.000e+00
       5287     55.500     3.8792     3.8685    -0.0106    0.79543    0.79561          1     6.4507     6.5967       9.96     0.0159  3.938e-13  1.000e-12  2.539e+02     7.5776     7.5819     0.0043     6.0268     6.0304     54.982     56.221      0.248    1431.81    1431.77  0.000e+00
       5336     56.000     3.8648     3.8569    -0.0080    0.79558    0.79567          1     6.4424     6.6026       9.96     0.0159  3.934e-13  1.000e-12  2.542e+02     7.5825     7.5852     0.0027     6.0309     6.0333     55.477     56.727      0.233    1431.76    1431.73  0.000e+00
