ctdpy/tests/etc/all_smhi_bas_2018/SBE09_1044_20181017_1437_34_01_0102.cnv
* Sea-Bird SBE 9 Data File:
* FileName = C:\LUOTAUS\DATA_IN\hex_in\SMHI\ar18d102.hex
* Software Version Seasave V 7.23.2
* Temperature SN = 5351
* Conductivity SN = 3941
* Number of Bytes Per Scan = 30
* Number of Voltage Words = 4
* Number of Scans Averaged by the Deck Unit = 1
* NMEA baud rate = 4800
** Station:  Anholt E
** Operator:  DBSj
** Ship: ARANDA
** Average sound velocity: 1497.30 m/s
** True-depth calculation Wed, 17 Oct 2018 15:42:29 +0000
** CTD Python Module SMHI /ver 3-12/ feb 2012 
** LIMS Job: 20183401-0102
** Cruise: SMHI-4-2018
** Latitude [GG MM.mm N]: 56 40.157 N
** Longitude [GG MM.mm E] 12 06.716 E
# nquan = 26
# nvalues = 116                         
# units = specified
# name 0 = scan: Scan Count
# name 1 = prDM: Pressure, Digiquartz [db]
# name 2 = t090C: Temperature [ITS-90, deg C]
# name 3 = t190C: Temperature, 2 [ITS-90, deg C]
# name 4 = T2-T190C: Temperature Difference, 2 - 1 [ITS-90, deg C]
# name 5 = c0S/m: Conductivity [S/m]
# name 6 = c1S/m: Conductivity, 2 [S/m]
# name 7 = pumps: Pump Status
# name 8 = sbeox0ML/L: Oxygen, SBE 43 [ml/l]
# name 9 = sbeox1ML/L: Oxygen, SBE 43, 2 [ml/l]
# name 10 = altM: Altimeter [m]
# name 11 = flECO-AFL: Chl-a Fluorescence, WET Labs ECO-AFL/FL [mg/m^3]
# name 12 = flECO-AFL1: Phycocyanin Fluorescence, WET Labs ECO-AFL/FL, 2 [mg/m^3]
# name 13 = par: PAR/Irradiance, Biospherical/Lico [µE/(cm^2*s)]
# name 14 = turbWETntu0: Turbidity, WET Labs ECO [NTU]
# name 15 = sal00: Salinity, Practical [PSU]
# name 16 = sal11: Salinity, Practical, 2 [PSU]
# name 17 = secS-priS: Salinity, Practical, Difference, 2 - 1 [PSU]
# name 18 = sigma-t00: Density [sigma-t, Kg/m^3 ]
# name 19 = sigma-t11: Density, 2 [sigma-t, Kg/m^3 ]
# name 20 = depSM: Depth [salt water, m], lat = 0
# name 21 = depFM: Depth [true depth, m], lat = 0
# name 22 = dz/dtM: Descent Rate [m/s], WS = 2
# name 23 = svCM: Sound Velocity [Chen-Millero, m/s]
# name 24 = svCM1: Sound Velocity, 2 [Chen-Millero, m/s]
# name 25 = flag: flag
# span 0 =      35062,      38307       
# span 1 =      1.500,     59.000       
# span 2 =    13.1974,    14.0127       
# span 3 =    13.1982,    14.0145       
# span 4 =    -0.0119,     0.0054       
# span 5 =   3.133736,   3.906398       
# span 6 =   3.133819,   3.906537       
# span 7 =          1,          1       
# span 8 =    3.54850,    6.26459       
# span 9 =    3.36593,    5.93348       
# span 10 =       2.92,     112.49      
# span 11 =     0.1682,     1.5207      
# span 12 =     0.1502,     0.3242      
# span 13 = 1.0000e-12, 1.1205e+02      
# span 14 =     0.2162,     2.2508      
# span 15 =    25.8293,    32.5485      
# span 16 =    25.8291,    32.5486      
# span 17 =    -0.0195,     0.0157      
# span 18 =    19.2568,    24.3797      
# span 19 =    19.2564,    24.3797      
# span 20 =      1.492,     58.667      
# span 21 =      1.499,     58.770      
# span 22 =     -0.056,      0.565      
# span 23 =    1490.20,    1500.68      
# span 24 =    1490.21,    1500.69      
# span 25 = 0.0000e+00, 0.0000e+00      
# interval = decibars: 0.5              
# start_time = Oct 17 2018 14:37:05 [System UTC, header]
# bad_flag = -9.990e-29
*END*
      35062      1.500    13.2405    13.2417     0.0013    3.13394    3.13403          1     6.2250     5.9232     112.49     1.1239     0.2349  1.120e+02  0.2162000    25.8311    25.8312     0.0000    19.2580    19.2578      1.492      1.499     -0.056    1490.20    1490.21  0.000e+00
      35440      2.000    13.2395    13.2410     0.0015    3.13379    3.13386          1     6.2454     5.9289      75.62     1.1287     0.2787  9.764e+01  0.2248000    25.8303    25.8299    -0.0003    19.2576    19.2570      1.989      1.999      0.203    1490.20    1490.21  0.000e+00
      35578      2.500    13.2398    13.2416     0.0018    3.13378    3.13387          1     6.2480     5.9276      24.86     1.1366     0.2935  8.386e+01  0.2258000    25.8298    25.8294    -0.0003    19.2572    19.2566      2.486      2.498      0.353    1490.21    1490.22  0.000e+00
      35614      3.000    13.2399    13.2411     0.0012    3.13376    3.13382          1     6.2318     5.9305      34.22     1.1297     0.2486  7.569e+01  0.2295000    25.8294    25.8291    -0.0003    19.2568    19.2564      2.984      2.998      0.329    1490.22    1490.22  0.000e+00
      35647      3.500    13.2394    13.2408     0.0014    3.13374    3.13384          1     6.2459     5.9326      69.75     1.2049     0.3044  6.454e+01  0.2654000    25.8294    25.8294    -0.0000    19.2569    19.2567      3.481      3.498      0.428    1490.23    1490.23  0.000e+00
      35674      4.000    13.2396    13.2411     0.0014    3.13378    3.13386          1     6.2551     5.9335      55.29     1.1896     0.2937  5.786e+01  0.2418000    25.8294    25.8292    -0.0002    19.2569    19.2565      3.978      3.997      0.418    1490.24    1490.24  0.000e+00
      35703      4.500    13.2399    13.2412     0.0014    3.13380    3.13388          1     6.2512     5.9257      98.77     1.1769     0.2798  4.962e+01  0.2356000    25.8293    25.8291    -0.0002    19.2568    19.2564      4.475      4.497      0.446    1490.25    1490.25  0.000e+00
      35728      5.000    13.2394    13.2407     0.0012    3.13383    3.13391          1     6.2603     5.9249      98.71     1.1605     0.2804  4.379e+01  0.2347000    25.8297    25.8296    -0.0001    19.2572    19.2569      4.972      4.996      0.478    1490.25    1490.26  0.000e+00
      35754      5.500    13.2393    13.2404     0.0011    3.13384    3.13392          1     6.2646     5.9310      90.91     1.1507     0.2826  3.945e+01  0.2355000    25.8298    25.8297    -0.0001    19.2572    19.2570      5.470      5.496      0.447    1490.26    1490.26  0.000e+00
      35781      6.000    13.2393    13.2407     0.0014    3.13387    3.13396          1     6.2618     5.9313      79.73     1.2018     0.2918  3.406e+01  0.2524000    25.8298    25.8297    -0.0001    19.2573    19.2570      5.967      5.996      0.459    1490.27    1490.27  0.000e+00
      35806      6.500    13.2387    13.2399     0.0012    3.13391    3.13398          1     6.2544     5.9327      85.34     1.1622     0.2668  3.073e+01  0.2440000    25.8305    25.8303    -0.0003    19.2579    19.2575      6.464      6.495      0.489    1490.28    1490.28  0.000e+00
      35831      7.000    13.2386    13.2399     0.0013    3.13395    3.13400          1     6.2579     5.9266      94.04     1.1478     0.2945  2.786e+01  0.2461000    25.8307    25.8303    -0.0004    19.2581    19.2576      6.961      6.995      0.473    1490.28    1490.29  0.000e+00
      35857      7.500    13.2385    13.2401     0.0016    3.13394    3.13402          1     6.2608     5.9184      97.93     1.1543     0.2948  2.437e+01  0.2461000    25.8306    25.8302    -0.0004    19.2580    19.2574      7.459      7.495      0.459    1490.29    1490.30  0.000e+00
      35882      8.000    13.2374    13.2384     0.0011    3.13394    3.13399          1     6.2497     5.9226      98.71     1.1197     0.2807  2.267e+01  0.2706000    25.8311    25.8309    -0.0002    19.2586    19.2582      7.956      7.994      0.498    1490.30    1490.30  0.000e+00
      35905      8.500    13.2345    13.2357     0.0012    3.13386    3.13392          1     6.2405     5.9281      98.71     1.1383     0.3090  2.014e+01  0.2362000    25.8322    25.8319    -0.0003    19.2600    19.2595      8.453      8.494      0.529    1490.30    1490.30  0.000e+00
      35928      9.000    13.2317    13.2332     0.0015    3.13382    3.13391          1     6.2348     5.9247      98.71     1.2145     0.2710  1.814e+01  0.2361000    25.8336    25.8334    -0.0002    19.2616    19.2612      8.950      8.994      0.533    1490.30    1490.30  0.000e+00
      35951      9.500    13.2284    13.2289     0.0005    3.13398    3.13409          1     6.2427     5.9220      98.71     1.1694     0.2708  1.661e+01  0.2551000    25.8370    25.8377     0.0007    19.2648    19.2653      9.448      9.493      0.524    1490.30    1490.30  0.000e+00
      35974     10.000    13.2149    13.2161     0.0011    3.13504    3.13549          1     6.2622     5.9167      98.71     1.2088     0.2702  1.500e+01  0.2396000    25.8557    25.8590     0.0033    19.2817    19.2841      9.945      9.993      0.522    1490.28    1490.29  0.000e+00
      35997     10.500    13.2126    13.2145     0.0020    3.13835    3.13825          1     6.2576     5.9059      98.71     1.2802     0.2702  1.349e+01  0.2506000    25.8873    25.8850    -0.0023    19.3066    19.3045     10.442     10.493      0.523    1490.32    1490.32  0.000e+00
      36019     11.000    13.2109    13.2120     0.0010    3.14148    3.14174          1     6.2227     5.8970      98.71     1.2936     0.2998  1.268e+01  0.2588000    25.9168    25.9184     0.0016    19.3296    19.3307     10.939     10.992      0.526    1490.36    1490.36  0.000e+00
      36042     11.500    13.1974    13.1982     0.0008    3.14957    3.15030          1     6.1910     5.8733      39.85     1.2885     0.3146  1.159e+01  0.2546000    25.9996    26.0057     0.0061    19.3960    19.4006     11.437     11.492      0.530    1490.42    1490.43  0.000e+00
      36065     12.000    13.2040    13.2066     0.0026    3.16953    3.17131          1     6.1842     5.8445      10.57     1.3244     0.3022  1.045e+01  0.2696000    26.1770    26.1915     0.0145    19.5317    19.5424     11.934     11.991      0.524    1490.65    1490.68  0.000e+00
      36088     12.500    13.2159    13.2179     0.0020    3.19448    3.19635          1     6.1426     5.8019      16.32     1.3816     0.3052  9.698e+00  0.3052000    26.3963    26.4121     0.0157    19.6987    19.7105     12.431     12.491      0.511    1490.96    1490.99  0.000e+00
      36112     13.000    13.2338    13.2361     0.0023    3.23991    3.24101          1     6.0773     5.7372      23.53     1.4068     0.3020  8.948e+00  0.3025000    26.7988    26.8074     0.0085    20.0059    20.0121     12.928     12.990      0.500    1491.51    1491.52  0.000e+00
      36136     13.500    13.2507    13.2520     0.0013    3.26220    3.26243          1     5.9920     5.6721      64.68     1.4457     0.2932  8.101e+00  0.2702000    26.9908    26.9919     0.0012    20.1509    20.1516     13.425     13.489      0.497    1491.80    1491.80  0.000e+00
      36160     14.000    13.2489    13.2501     0.0013    3.27481    3.27550          1     5.9166     5.6132      36.72     1.3184     0.2868  7.390e+00  0.2625000    27.1074    27.1127     0.0054    20.2412    20.2451     13.923     13.989      0.521    1491.94    1491.95  0.000e+00
      36182     14.500    13.2557    13.2573     0.0016    3.29189    3.29236          1     5.8137     5.5312      85.29     1.3267     0.2935  6.853e+00  0.2659000    27.2587    27.2619     0.0032    20.3568    20.3589     14.420     14.488      0.548    1492.15    1492.16  0.000e+00
      36204     15.000    13.2538    13.2553     0.0015    3.30258    3.30274          1     5.7029     5.4340      98.65     1.4685     0.2977  6.231e+00  0.2668000    27.3579    27.3583     0.0003    20.4337    20.4337     14.917     14.987      0.538    1492.26    1492.27  0.000e+00
      36227     15.500    13.2599    13.2625     0.0026    3.31024    3.31072          1     5.6258     5.3502      62.04     1.4881     0.3227  5.695e+00  0.2465000    27.4235    27.4261     0.0025    20.4832    20.4846     15.414     15.486      0.512    1492.37    1492.38  0.000e+00
      36251     16.000    13.3128    13.3143     0.0015    3.33496    3.33569          1     5.5048     5.2333      74.69     1.5207     0.3080  5.284e+00  0.2474000    27.6118    27.6174     0.0056    20.6184    20.6225     15.912     15.985      0.511    1492.78    1492.79  0.000e+00
      36274     16.500    13.3131    13.3149     0.0018    3.35969    3.36007          1     5.3057     5.0641      98.93     1.4266     0.3242  4.865e+00  0.2442000    27.8382    27.8404     0.0022    20.7932    20.7945     16.409     16.484      0.528    1493.05    1493.06  0.000e+00
      36296     17.000    13.3462    13.3478     0.0016    3.38863    3.38808          1     5.1522     4.9206      98.71     1.2414     0.3121  4.462e+00  0.2556000    28.0793    28.0731    -0.0062    20.9730    20.9679     16.906     16.983      0.523    1493.46    1493.46  0.000e+00
      36320     17.500    13.4057    13.4060     0.0004    3.40857    3.40815          1     5.0526     4.8182      98.71     1.0859     0.2578  4.106e+00  0.2658000    28.2182    28.2140    -0.0041    21.0687    21.0655     17.403     17.481      0.506    1493.83    1493.83  0.000e+00
      36344     18.000    13.5243    13.5263     0.0018    3.45709    3.45710          1     4.9687     4.7367      98.71     1.0179     0.2633  3.817e+00  0.2504000    28.5747    28.5734    -0.0013    21.3210    21.3196     17.900     17.980      0.505    1494.66    1494.66  0.000e+00
      36367     18.500    13.6436    13.6411    -0.0025    3.54481    3.54247          1     5.0164     4.7762      98.71     0.9679     0.2651  3.536e+00  0.2465000    29.2884    29.2689    -0.0195    21.8485    21.8340     18.398     18.479      0.517    1495.90    1495.87  0.000e+00
      36390     19.000    13.6268    13.6280     0.0012    3.59185    3.59133          1     5.1318     4.8590      98.71     1.0200     0.2626  3.252e+00  0.2388000    29.7329    29.7273    -0.0057    22.1949    22.1903     18.895     18.977      0.535    1496.37    1496.37  0.000e+00
      36412     19.500    13.6459    13.6469     0.0009    3.61443    3.61419          1     5.1788     4.8914      98.71     0.9693     0.2742  3.027e+00  0.2590000    29.9254    29.9225    -0.0030    22.3397    22.3372     19.392     19.475      0.543    1496.67    1496.67  0.000e+00
      36434     20.000    13.6632    13.6642     0.0010    3.62798    3.62781          1     5.1836     4.8988      43.25     0.8549     0.2516  2.822e+00  0.2306000    30.0363    30.0339    -0.0023    22.4219    22.4199     19.889     19.973      0.536    1496.87    1496.87  0.000e+00
      36457     20.500    13.6831    13.6843     0.0012    3.64191    3.64181          1     5.1770     4.8985      51.77     0.7808     0.2654  2.623e+00  0.2382000    30.1486    30.1467    -0.0019    22.5046    22.5029     20.386     20.471      0.529    1497.08    1497.08  0.000e+00
      36480     21.000    13.6935    13.6949     0.0013    3.65244    3.65254          1     5.1678     4.8808      98.76     0.7409     0.2657  2.440e+00  0.2381000    30.2370    30.2369    -0.0001    22.5708    22.5705     20.884     20.969      0.530    1497.22    1497.23  0.000e+00
      36502     21.500    13.7027    13.7040     0.0014    3.65884    3.65889          1     5.1539     4.8736      78.20     0.7032     0.2355  2.274e+00  0.2365000    30.2885    30.2878    -0.0007    22.6087    22.6079     21.381     21.467      0.526    1497.32    1497.33  0.000e+00
      36525     22.000    13.7068    13.7083     0.0016    3.66251    3.66247          1     5.1586     4.8651      39.40     0.6688     0.2300  2.126e+00  0.2357000    30.3188    30.3172    -0.0016    22.6313    22.6297     21.878     21.965      0.524    1497.38    1497.38  0.000e+00
      36548     22.500    13.7064    13.7077     0.0014    3.67285    3.67288          1     5.1325     4.8438      86.86     0.6441     0.2485  1.988e+00  0.2396000    30.4141    30.4133    -0.0008    22.7049    22.7040     22.375     22.463      0.527    1497.50    1497.50  0.000e+00
      36571     23.000    13.7182    13.7199     0.0017    3.68132    3.68140          1     5.1186     4.8349      60.56     0.6081     0.2493  1.854e+00  0.2473000    30.4825    30.4818    -0.0007    22.7554    22.7545     22.872     22.961      0.508    1497.62    1497.63  0.000e+00
      36595     23.500    13.7392    13.7398     0.0007    3.68982    3.68962          1     5.0813     4.8145      37.69     0.5514     0.2009  1.739e+00  0.2477000    30.5438    30.5414    -0.0024    22.7985    22.7965     23.370     23.459      0.485    1497.77    1497.77  0.000e+00
      36620     24.000    13.8692    13.8718     0.0026    3.71858    3.71836          1     5.0156     4.7614      37.69     0.5113     0.2097  1.632e+00  0.2461000    30.7042    30.7001    -0.0041    22.8963    22.8925     23.867     23.957      0.504    1498.40    1498.40  0.000e+00
      36643     24.500    13.8881    13.8879    -0.0004    3.73301    3.73238          1     4.9602     4.7059      37.30     0.5032     0.2668  1.524e+00  0.2413000    30.8213    30.8157    -0.0056    22.9828    22.9786     24.364     24.455      0.536    1498.61    1498.60  0.000e+00
      36665     25.000    13.9532    13.9575     0.0044    3.74769    3.74823          1     4.9580     4.7083      36.93     0.4104     0.2594  1.425e+00  0.2715000    30.9036    30.9050     0.0014    23.0332    23.0334     24.861     24.953      0.541    1498.93    1498.94  0.000e+00
      36687     25.500    14.0116    14.0145     0.0027    3.76338    3.76348          1     4.9715     4.7111      36.32     0.4473     0.2051  1.327e+00  0.2769000    31.0002    30.9988    -0.0014    23.0959    23.0942     25.358     25.451      0.522    1499.24    1499.25  0.000e+00
      36711     26.000    14.0127    14.0141     0.0014    3.78215    3.78208          1     4.9276     4.6800      35.77     0.3911     0.1707  1.244e+00  0.2785000    31.1713    31.1695    -0.0018    23.2277    23.2260     25.856     25.948      0.511    1499.45    1499.46  0.000e+00
      36734     26.500    14.0037    14.0051     0.0015    3.78591    3.78566          1     4.8626     4.6280      35.16     0.3936     0.1946  1.165e+00  0.2846000    31.2129    31.2094    -0.0035    23.2616    23.2586     26.353     26.446      0.520    1499.48    1499.48  0.000e+00
      36757     27.000    13.9996    14.0008     0.0012    3.79641    3.79621          1     4.8183     4.5811      34.74     0.3483     0.2064  1.085e+00  0.2978000    31.3124    31.3095    -0.0028    23.3392    23.3367     26.850     26.944      0.529    1499.59    1499.59  0.000e+00
      36780     27.500    14.0008    14.0020     0.0013    3.79918    3.79909          1     4.7624     4.5325      34.33     0.2966     0.1921  1.014e+00  0.3153000    31.3366    31.3348    -0.0018    23.3576    23.3560     27.347     27.441      0.543    1499.63    1499.63  0.000e+00
      36801     28.000    13.9989    14.0004     0.0015    3.80439    3.80411          1     4.6855     4.4576      33.86     0.2881     0.2408  9.459e-01  0.3312000    31.3858    31.3820    -0.0038    23.3960    23.3927     27.844     27.939      0.562    1499.69    1499.69  0.000e+00
      36822     28.500    13.9833    13.9856     0.0023    3.83145    3.82974          1     4.6045     4.3717      72.55     0.2491     0.2609  8.752e-01  0.3492000    31.6470    31.6294    -0.0176    23.6008    23.5867     28.341     28.437      0.565    1499.96    1499.94  0.000e+00
