ctdpy/tests/etc/all_smhi_bas_2018/SBE09_1044_20180128_2042_34_02_0027.cnv
* Sea-Bird SBE 9 Data File:
* FileName = C:\ctd\temp\2018\ME18D027.hex
* Software Version Seasave V 7.26.6.26
* Temperature SN = 5351
* Conductivity SN = 3941
* Number of Bytes Per Scan = 41
* Number of Voltage Words = 4
* Number of Scans Averaged by the Deck Unit = 1
* NMEA Latitude = 57 18.73 N
* NMEA Longitude = 020 04.60 E
* NMEA UTC (Time) = Jan 28 2018  20:43:17
* NMEA baud rate = 4800
** Station:  BY15 extra
** Operator:  SSip
** Ship: MERI
** Average sound velocity: 1446.43 m/s
** True-depth calculation Sun, 28 Jan 2018 22:08:26 +0000
** CTD Python Module SMHI /ver 3-12/ feb 2012 
** LIMS Job: 20183402-0027
** Cruise: SMHI-01-2018
** Latitude [GG MM.mm N] :
** Longitude [GG MM.mm E]:
# nquan = 26
# nvalues = 464                         
# units = specified
# name 0 = scan: Scan Count
# name 1 = prDM: Pressure, Digiquartz [db]
# name 2 = t090C: Temperature [ITS-90, deg C]
# name 3 = t190C: Temperature, 2 [ITS-90, deg C]
# name 4 = T2-T190C: Temperature Difference, 2 - 1 [ITS-90, deg C]
# name 5 = c0S/m: Conductivity [S/m]
# name 6 = c1S/m: Conductivity, 2 [S/m]
# name 7 = pumps: Pump Status
# name 8 = sbeox0ML/L: Oxygen, SBE 43 [ml/l]
# name 9 = sbeox1ML/L: Oxygen, SBE 43, 2 [ml/l]
# name 10 = altM: Altimeter [m]
# name 11 = flECO-AFL: Chl-a Fluorescence, WET Labs ECO-AFL/FL [mg/m^3]
# name 12 = flECO-AFL1: Phycocyanin Fluorescence, WET Labs ECO-AFL/FL, 2 [mg/m^3]
# name 13 = par: PAR/Irradiance, Biospherical/Lico [µE/(cm^2*s)]
# name 14 = turbWETntu0: Turbidity, WET Labs ECO [NTU]
# name 15 = sal00: Salinity, Practical [PSU]
# name 16 = sal11: Salinity, Practical, 2 [PSU]
# name 17 = secS-priS: Salinity, Practical, Difference, 2 - 1 [PSU]
# name 18 = sigma-t00: Density [sigma-t, Kg/m^3 ]
# name 19 = sigma-t11: Density, 2 [sigma-t, Kg/m^3 ]
# name 20 = depSM: Depth [salt water, m], lat = 57.3122
# name 21 = depFM: Depth [true depth, m], lat = 57.3122
# name 22 = dz/dtM: Descent Rate [m/s], WS = 2
# name 23 = svCM: Sound Velocity [Chen-Millero, m/s]
# name 24 = svCM1: Sound Velocity, 2 [Chen-Millero, m/s]
# name 25 = flag: flag
# span 0 =       8580,      19144       
# span 1 =      2.500,    234.000       
# span 2 =     4.7339,     6.9142       
# span 3 =     4.7346,     6.9145       
# span 4 =    -0.0345,     0.0140       
# span 5 =   0.792513,   1.460559       
# span 6 =   0.792497,   1.460539       
# span 7 =          1,          1       
# span 8 =    0.00683,    8.05545       
# span 9 =    0.02599,    7.99522       
# span 10 =       4.70,      99.25      
# span 11 =     0.2354,     0.3960      
# span 12 =     0.2069,     0.3889      
# span 13 = 1.0000e-12, 5.0875e-02      
# span 14 =     0.0954,     0.4750      
# span 15 =     7.3592,    13.2986      
# span 16 =     7.3591,    13.2983      
# span 17 =    -0.0568,     0.0245      
# span 18 =     5.8252,    10.3800      
# span 19 =     5.8252,    10.3797      
# span 20 =      2.477,    231.714      
# span 21 =      2.532,    236.331      
# span 22 =     -0.050,      1.853      
# span 23 =    1434.59,    1455.03      
# span 24 =    1434.59,    1455.04      
# span 25 = 0.0000e+00, 0.0000e+00      
# interval = decibars: 0.5              
# start_time = Jan 28 2018 20:43:17 [NMEA time, first data scan]
# bad_flag = -9.990e-29
*END*
[from data line 223]
      13814    114.000     6.3447     6.3412    -0.0035    1.27025    1.26938          1     0.5664     0.5943      98.64     0.2841     0.3174  1.000e-12  0.1492000    11.6456    11.6383    -0.0073     9.1254     9.1199    112.919    115.323      0.679    1448.66    1448.64  0.000e+00
      13826    114.500     6.3585     6.3582    -0.0002    1.27407    1.27390          1     0.5998     0.6146      98.64     0.2847     0.3074  1.000e-12  0.1498000    11.6788    11.6772    -0.0016     9.1505     9.1493    113.414    115.828      0.929    1448.77    1448.77  0.000e+00
      13838    115.000     6.3647     6.3648     0.0001    1.27591    1.27577          1     0.6179     0.6252      98.64     0.2847     0.2833  1.000e-12  0.1493000    11.6949    11.6934    -0.0015     9.1627     9.1616    113.909    116.333      1.065    1448.82    1448.82  0.000e+00
      13848    115.500     6.3718     6.3719     0.0001    1.27811    1.27800          1     0.6232     0.6301      98.64     0.2812     0.2869  1.000e-12  0.1467000    11.7141    11.7130    -0.0011     9.1773     9.1765    114.404    116.837      1.115    1448.89    1448.89  0.000e+00
      13859    116.000     6.3761     6.3764     0.0003    1.27966    1.27960          1     0.6191     0.6259      98.64     0.2602     0.2874  1.000e-12  0.1311000    11.7279    11.7272    -0.0007     9.1879     9.1873    114.899    117.342      1.081    1448.93    1448.93  0.000e+00
      13870    116.500     6.3793     6.3795     0.0002    1.28106    1.28100          1     0.6069     0.6166      98.65     0.2603     0.2851  1.000e-12  0.1310000    11.7406    11.7399    -0.0007     9.1976     9.1970    115.394    117.846      0.942    1448.97    1448.97  0.000e+00
      13885    117.000     6.3834     6.3834     0.0001    1.28232    1.28221          1     0.5894     0.6063      98.64     0.2814     0.3093  1.000e-12  0.1296000    11.7516    11.7505    -0.0012     9.2060     9.2051    115.890    118.351      0.668    1449.01    1449.00  0.000e+00
      13920    117.500     6.3873     6.3846    -0.0027    1.28353    1.28219          1     0.5797     0.5983      98.64     0.2754     0.3001  1.000e-12  0.1326000    11.7621    11.7498    -0.0123     9.2140     9.2045    116.385    118.856      0.286    1449.04    1449.02  0.000e+00
      13970    118.000     6.3939     6.3953     0.0014    1.28534    1.28609          1     0.5869     0.6075      98.64     0.2795     0.2533  1.000e-12  0.1207000    11.7777    11.7847     0.0070     9.2258     9.2312    116.880    119.360      0.350    1449.10    1449.11  0.000e+00
      13998    118.500     6.4237     6.4227    -0.0009    1.29419    1.29390          1     0.6430     0.6592      98.64     0.2560     0.2415  1.000e-12  0.1289000    11.8551    11.8525    -0.0026     9.2845     9.2825    117.375    119.865      0.513    1449.33    1449.32  0.000e+00
      14018    119.000     6.4353     6.4349    -0.0004    1.29733    1.29722          1     0.6642     0.6764      98.64     0.2354     0.2909  1.000e-12  0.1174000    11.8821    11.8811    -0.0010     9.3048     9.3041    117.870    120.369      0.646    1449.42    1449.42  0.000e+00
      14035    119.500     6.4408     6.4408     0.0000    1.29922    1.29913          1     0.6528     0.6643      98.64     0.2655     0.2971  1.000e-12  0.1192000    11.8988    11.8979    -0.0009     9.3176     9.3169    118.365    120.874      0.752    1449.47    1449.47  0.000e+00
      14050    120.000     6.4499     6.4500     0.0001    1.30207    1.30200          1     0.6318     0.6465      98.64     0.2725     0.2871  1.000e-12  0.1174000    11.9238    11.9230    -0.0008     9.3366     9.3359    118.860    121.379      0.809    1449.55    1449.55  0.000e+00
      14065    120.500     6.4546     6.4549     0.0003    1.30400    1.30395          1     0.6063     0.6267      98.64     0.2725     0.2749  1.000e-12  0.1178000    11.9411    11.9406    -0.0006     9.3498     9.3494    119.355    121.883      0.796    1449.60    1449.60  0.000e+00
      14080    121.000     6.4600     6.4603     0.0002    1.30641    1.30636          1     0.5966     0.6169      98.64     0.2621     0.2612  1.000e-12  0.1287000    11.9631    11.9625    -0.0006     9.3667     9.3662    119.850    122.388      0.699    1449.66    1449.66  0.000e+00
      14101    121.500     6.4703     6.4705     0.0002    1.30939    1.30930          1     0.6139     0.6337      98.64     0.2550     0.2432  1.000e-12  0.1380000    11.9889    11.9879    -0.0010     9.3863     9.3855    120.346    122.892      0.507    1449.74    1449.74  0.000e+00
      14135    122.000     6.4774     6.4778     0.0004    1.31130    1.31112          1     0.6269     0.6438      98.64     0.2788     0.2694  1.000e-12  0.1303000    12.0052    12.0034    -0.0019     9.3986     9.3971    120.841    123.397      0.291    1449.80    1449.80  0.000e+00
      14178    122.500     6.4837     6.4839     0.0002    1.31303    1.31293          1     0.6109     0.6301      98.64     0.2497     0.2367  1.000e-12  0.1211000    12.0201    12.0191    -0.0011     9.4098     9.4089    121.336    123.901      0.368    1449.85    1449.85  0.000e+00
      14203    123.000     6.4881     6.4884     0.0002    1.31422    1.31417          1     0.6105     0.6355      98.64     0.2604     0.2930  1.000e-12  0.1186000    12.0302    12.0296    -0.0006     9.4174     9.4169    121.831    124.406      0.563    1449.89    1449.89  0.000e+00
      14222    123.500     6.4934     6.4936     0.0003    1.31588    1.31585          1     0.6036     0.6293      98.64     0.2603     0.2653  1.000e-12  0.1235000    12.0447    12.0443    -0.0004     9.4284     9.4281    122.326    124.910      0.677    1449.94    1449.94  0.000e+00
      14239    124.000     6.5017     6.5020     0.0004    1.31842    1.31841          1     0.5854     0.6137      98.64     0.2509     0.2265  1.000e-12  0.1246000    12.0669    12.0667    -0.0002     9.4452     9.4450    122.821    125.415      0.739    1450.01    1450.01  0.000e+00
      14255    124.500     6.5108     6.5112     0.0004    1.32128    1.32125          1     0.5682     0.6012      98.64     0.2527     0.3086  1.000e-12  0.1247000    12.0919    12.0915    -0.0004     9.4642     9.4639    123.316    125.919      0.777    1450.09    1450.09  0.000e+00
      14270    125.000     6.5193     6.5198     0.0005    1.32378    1.32377          1     0.5604     0.5882      98.64     0.2722     0.3106  1.000e-12  0.1307000    12.1136    12.1132    -0.0003     9.4806     9.4803    123.811    126.424      0.783    1450.16    1450.16  0.000e+00
      14285    125.500     6.5296     6.5300     0.0004    1.32690    1.32687          1     0.5412     0.5727      98.64     0.2665     0.2871  1.000e-12  0.1361000    12.1407    12.1403    -0.0004     9.5012     9.5008    124.306    126.928      0.710    1450.24    1450.25  0.000e+00
      14315    126.000     6.5330     6.5349     0.0019    1.32776    1.32818          1     0.5289     0.5587      98.64     0.2634     0.3096  1.000e-12  0.1331000    12.1479    12.1514     0.0034     9.5066     9.5091    124.801    127.433      0.424    1450.27    1450.29  0.000e+00
      14390    126.500     6.5101     6.5198     0.0097    1.32138    1.32420          1     0.5679     0.5989      98.64     0.2733     0.2688  1.000e-12  0.1257000    12.0927    12.1172     0.0245     9.4649     9.4834    125.297    127.937      0.617    1450.12    1450.19  0.000e+00
      14401    127.000     6.5508     6.5481    -0.0027    1.33348    1.33261          1     0.5807     0.6021      98.64     0.2725     0.2705  1.000e-12  0.1304000    12.1981    12.1904    -0.0077     9.5446     9.5388    125.792    128.442      0.994    1450.43    1450.41  0.000e+00
      14411    127.500     6.5616     6.5619     0.0004    1.33653    1.33647          1     0.5927     0.6120      98.64     0.2658     0.2642  1.000e-12  0.1274000    12.2243    12.2236    -0.0007     9.5645     9.5639    126.287    128.946      1.187    1450.51    1450.51  0.000e+00
      14420    128.000     6.5676     6.5683     0.0007    1.33834    1.33834          1     0.5973     0.6207      98.64     0.2480     0.2651  1.000e-12  0.1225000    12.2400    12.2398    -0.0001     9.5763     9.5761    126.782    129.451      1.273    1450.57    1450.57  0.000e+00
      14429    128.500     6.5740     6.5746     0.0006    1.34031    1.34026          1     0.6002     0.6217      98.65     0.2481     0.2505  1.000e-12  0.1222000    12.2571    12.2565    -0.0007     9.5893     9.5887    127.277    129.955      1.264    1450.62    1450.62  0.000e+00
      14438    129.000     6.5830     6.5832     0.0002    1.34306    1.34298          1     0.6005     0.6170      98.65     0.2650     0.2276  1.000e-12  0.1238000    12.2810    12.2802    -0.0009     9.6074     9.6067    127.772    130.459      1.145    1450.70    1450.70  0.000e+00
      14450    129.500     6.5919     6.5922     0.0003    1.34543    1.34536          1     0.5990     0.6113      98.65     0.2840     0.2287  1.000e-12  0.1249000    12.3012    12.3005    -0.0007     9.6225     9.6220    128.267    130.964      0.869    1450.77    1450.77  0.000e+00
      14505    130.000     6.5874     6.5894     0.0019    1.34402    1.34444          1     0.5867     0.6029      98.65     0.2686     0.2610  1.000e-12  0.1168000    12.2888    12.2922     0.0034     9.6132     9.6157    128.762    131.468      0.569    1450.74    1450.76  0.000e+00
      14570    130.500     6.5866     6.5841    -0.0027    1.34387    1.34285          1     0.5603     0.5842      98.66     0.2534     0.3173  1.000e-12  0.1025000    12.2875    12.2783    -0.0092     9.6122     9.6052    129.257    131.973      1.048    1450.74    1450.72  0.000e+00
      14580    131.000     6.5991     6.5928    -0.0062    1.34744    1.34550          1     0.5285     0.5567      98.65     0.2481     0.3156  1.000e-12  0.1018000    12.3182    12.3013    -0.0169     9.6354     9.6226    129.752    132.477      1.145    1450.85    1450.80  0.000e+00
      14590    131.500     6.6243     6.6246     0.0004    1.35293    1.35287          1     0.4898     0.5286      98.65     0.2518     0.2701  1.000e-12  0.1009000    12.3635    12.3627    -0.0008     9.6690     9.6684    130.247    132.982      1.163    1451.02    1451.02  0.000e+00
      14600    132.000     6.6370     6.6373     0.0003    1.35603    1.35598          1     0.4436     0.4901      98.66     0.2601     0.2441  1.000e-12  0.1075000    12.3894    12.3889    -0.0005     9.6884     9.6879    130.742    133.486      1.093    1451.11    1451.11  0.000e+00
      14611    132.500     6.6460     6.6463     0.0003    1.35784    1.35780          1     0.4006     0.4509      98.66     0.2603     0.2614  1.000e-12  0.1065000    12.4040    12.4035    -0.0005     9.6992     9.6987    131.238    133.990      0.926    1451.17    1451.17  0.000e+00
      14628    133.000     6.6524     6.6526     0.0003    1.35916    1.35906          1     0.3730     0.4291      98.66     0.2603     0.3129  1.000e-12  0.1066000    12.4146    12.4136    -0.0010     9.7070     9.7062    131.733    134.495      0.568    1451.22    1451.22  0.000e+00
      14689    133.500     6.6248     6.6098    -0.0150    1.35265    1.34856          1     0.4685     0.4650      98.66     0.2674     0.3145  1.000e-12  0.1073000    12.3601    12.3250    -0.0351     9.6663     9.6399    132.228    134.999      0.288    1451.04    1450.94  0.000e+00
      14728    134.000     6.6499     6.6419    -0.0080    1.35857    1.35676          1     0.3880     0.4067      98.65     0.2818     0.3035  1.000e-12  0.1108000    12.4095    12.3945    -0.0149     9.7031     9.6920    132.723    135.503      0.500    1451.22    1451.17  0.000e+00
      14749    134.500     6.6700     6.6700     0.0000    1.36349    1.36347          1     0.2992     0.3506      98.66     0.2590     0.3114  1.000e-12  0.1089000    12.4508    12.4506    -0.0002     9.7341     9.7339    133.218    136.008      0.607    1451.36    1451.36  0.000e+00
      14767    135.000     6.6798     6.6793    -0.0006    1.36557    1.36544          1     0.2650     0.3214      98.65     0.2569     0.3123  1.000e-12  0.1133000    12.4677    12.4667    -0.0011     9.7466     9.7458    133.713    136.512      0.647    1451.43    1451.43  0.000e+00
      14786    135.500     6.6870     6.6871     0.0000    1.36767    1.36759          1     0.2546     0.3117      98.65     0.2729     0.3028  1.000e-12  0.1247000    12.4858    12.4850    -0.0008     9.7602     9.7596    134.208    137.017      0.636    1451.49    1451.49  0.000e+00
      14805    136.000     6.6931     6.6932     0.0002    1.36934    1.36931          1     0.2506     0.2983      98.66     0.2605     0.2491  1.000e-12  0.1425000    12.5000    12.4996    -0.0004     9.7709     9.7706    134.703    137.521      0.587    1451.54    1451.54  0.000e+00
      14827    136.500     6.7013     6.7014     0.0002    1.37094    1.37089          1     0.2549     0.2982      98.65     0.2513     0.2927  1.000e-12  0.1699000    12.5127    12.5122    -0.0005     9.7803     9.7799    135.198    138.025      0.525    1451.60    1451.60  0.000e+00
      14851    137.000     6.7030     6.7032     0.0001    1.37198    1.37193          1     0.2900     0.3239      98.66     0.2733     0.2916  1.000e-12  0.1497000    12.5223    12.5218    -0.0005     9.7877     9.7872    135.693    138.530      0.482    1451.63    1451.63  0.000e+00
      14876    137.500     6.7070     6.7072     0.0002    1.37312    1.37307          1     0.3178     0.3415      98.66     0.2760     0.2960  1.000e-12  0.1166000    12.5320    12.5315    -0.0006     9.7950     9.7945    136.188    139.034      0.489    1451.67    1451.67  0.000e+00
      14901    138.000     6.7114     6.7115     0.0002    1.37438    1.37434          1     0.3169     0.3415      98.66     0.2570     0.2725  1.000e-12  0.1046000    12.5428    12.5422    -0.0006     9.8031     9.8027    136.683    139.538      0.447    1451.71    1451.71  0.000e+00
      14934    138.500     6.7154     6.7156     0.0002    1.37536    1.37524          1     0.2998     0.3252      98.66     0.2578     0.2686  1.000e-12  0.1096000    12.5508    12.5496    -0.0013     9.8091     9.8081    137.178    140.043      0.316    1451.74    1451.74  0.000e+00
      14973    139.000     6.7197     6.7194    -0.0003    1.37637    1.37623          1     0.2830     0.3102      98.66     0.2707     0.2729  1.000e-12  0.1069000    12.5592    12.5579    -0.0013     9.8153     9.8143    137.673    140.547      0.393    1451.78    1451.77  0.000e+00
      14997    139.500     6.7245     6.7246     0.0001    1.37765    1.37759          1     0.2613     0.2874      98.66     0.2772     0.2743  1.000e-12  0.1067000    12.5700    12.5693    -0.0007     9.8234     9.8229    138.168    141.051      0.632    1451.82    1451.82  0.000e+00
      15013    140.000     6.7295     6.7296     0.0001    1.37912    1.37907          1     0.2551     0.2827      98.65     0.2602     0.2847  1.000e-12  0.1072000    12.5826    12.5820    -0.0006     9.8330     9.8325    138.664    141.555      0.771    1451.86    1451.86  0.000e+00
      15028    140.500     6.7341     6.7342     0.0001    1.38053    1.38047          1     0.2450     0.2777      98.66     0.2691     0.2877  1.000e-12  0.1174000    12.5947    12.5941    -0.0006     9.8421     9.8416    139.159    142.060      0.814    1451.91    1451.91  0.000e+00
      15042    141.000     6.7375     6.7379     0.0003    1.38151    1.38147          1     0.2308     0.2666      98.66     0.2732     0.2856  1.000e-12  0.1249000    12.6030    12.6026    -0.0004     9.8483     9.8480    139.654    142.564      0.763    1451.94    1451.94  0.000e+00
