ctdpy/tests/etc/all_smhi_bas_2018/SBE09_0827_20180829_1222_26_01_0936.cnv
* Sea-Bird SBE 9 Data File:
* FileName = D:\CTD_SBE911\DAT\26DA.2018.8.136.hex
* Software Version Seasave V 7.21d
* Temperature SN = 034605
* Conductivity SN = 041844
* Number of Bytes Per Scan = 48
* Number of Voltage Words = 5
* Number of Scans Averaged by the Deck Unit = 1
* NMEA Latitude = 57 00.22 N
* NMEA Longitude = 012 12.63 E
* NMEA UTC (Time) = Aug 29 2018  12:24:46
* NMEA baud rate = 4800
** Ship: DANA
** Average sound velocity: 1500.83 m/s
** True-depth calculation Wed, 24 Apr 2019 11:51:58 +0000
** CTD Python Module SMHI /ver 3-12/ feb 2012 
** LIMS Job: 20182601-0936
**  GALTABÆCK
** Operator: Christian
** Cruise: 08/2018
# nquan = 26
# nvalues = 64                          
# units = specified
# name 0 = scan: Scan Count
# name 1 = prDM: Pressure, Digiquartz [db]
# name 2 = t090C: Temperature [ITS-90, deg C]
# name 3 = t190C: Temperature, 2 [ITS-90, deg C]
# name 4 = T2-T190C: Temperature Difference, 2 - 1 [ITS-90, deg C]
# name 5 = c0S/m: Conductivity [S/m]
# name 6 = c1S/m: Conductivity, 2 [S/m]
# name 7 = pumps: Pump Status
# name 8 = sbeox1ML/L: Oxygen, SBE 43, 2 [ml/l]
# name 9 = sbeox0ML/L: Oxygen, SBE 43 [ml/l]
# name 10 = altM: Altimeter [m]
# name 11 = chloroflTC0: Chlorophyll, Turner Cyclops [ug/l]
# name 12 = cpar: CPAR/Corrected Irradiance [%]
# name 13 = par: PAR/Irradiance, Biospherical/Lico [µE/(cm^2*s)]
# name 14 = spar: SPAR, Biospherical/Licor
# name 15 = sal00: Salinity, Practical [PSU]
# name 16 = sal11: Salinity, Practical, 2 [PSU]
# name 17 = secS-priS: Salinity, Practical, Difference, 2 - 1 [PSU]
# name 18 = sigma-t00: Density [sigma-t, kg/m^3 ]
# name 19 = sigma-t11: Density, 2 [sigma-t, kg/m^3 ]
# name 20 = depSM: Depth [salt water, m], lat = 57.0037
# name 21 = depFM: Depth [true depth, m], lat = 57.0037
# name 22 = dz/dtM: Descent Rate [m/s], WS = 2
# name 23 = svCM: Sound Velocity [Chen-Millero, m/s]
# name 24 = svCM1: Sound Velocity, 2 [Chen-Millero, m/s]
# name 25 = flag: flag
# span 0 =        260,       4096       
# span 1 =      1.500,     33.000       
# span 2 =    11.0885,    18.1496       
# span 3 =    11.2109,    18.1258       
# span 4 =    -0.0728,     1.8410       
# span 5 =   3.189739,   3.945010       
# span 6 =   3.190969,   3.927578       
# span 7 =          1,          1       
# span 8 =     4.6495,     6.0545       
# span 9 =     4.5773,     5.7586       
# span 10 =       2.11,       9.98      
# span 11 =     0.0548,     0.8794      
# span 12 = 2.0035e-02, 8.4944e+00      
# span 13 = 2.0787e-01, 9.2827e+01      
# span 14 = 1.0375e+03, 1.0928e+03      
# span 15 =    23.2808,    32.9169      
# span 16 =    23.2930,    32.9057      
# span 17 =    -2.4614,     0.0122      
# span 18 =    16.2912,    25.1380      
# span 19 =    16.3014,    25.1074      
# span 20 =      1.486,     32.694      
# span 21 =      1.503,     32.954      
# span 22 =     -0.084,      0.287      
# span 23 =    1491.71,    1507.23      
# span 24 =    1492.13,    1506.86      
# span 25 = 0.0000e+00, 0.0000e+00      
# interval = decibars: 0.5              
# start_time = Aug 29 2018 12:24:47 [NMEA time, first data scan]
# bad_flag = -9.990e-29
*END*
        260      1.500    18.1298    18.1258    -0.0041    3.18974    3.19097          1     5.9652     5.7480       9.98     0.8794  8.494e+00  9.283e+01  1.093e+03    23.2808    23.2930     0.0122    16.2912    16.3014      1.486      1.503      0.184    1502.94    1502.94  0.000e+00
        300      2.000    18.1068    18.1110     0.0042    3.19420    3.19331          1     6.0019     5.7461       9.98     0.7046  7.394e+00  8.074e+01  1.092e+03    23.3297    23.3201    -0.0095    16.3337    16.3254      1.982      2.004      0.287    1502.93    1502.93  0.000e+00
        354      2.500    18.0949    18.0978     0.0029    3.19656    3.19616          1     6.0358     5.7508       9.98     0.6432  6.515e+00  7.105e+01  1.091e+03    23.3553    23.3504    -0.0049    16.3559    16.3515      2.477      2.505      0.250    1502.93    1502.94  0.000e+00
        408      3.000    18.0951    18.0965     0.0015    3.19653    3.19651          1     6.0460     5.7494       9.98     0.6418  5.808e+00  6.334e+01  1.091e+03    23.3549    23.3538    -0.0010    16.3555    16.3544      2.972      3.007      0.218    1502.94    1502.94  0.000e+00
        464      3.500    18.0997    18.1002     0.0006    3.19529    3.19529          1     6.0194     5.7477       9.98     0.6602  5.256e+00  5.732e+01  1.091e+03    23.3421    23.3418    -0.0004    16.3448    16.3443      3.468      3.508      0.215    1502.95    1502.95  0.000e+00
        517      4.000    18.1030    18.1015    -0.0015    3.19441    3.19514          1     6.0209     5.7523       9.98     0.6481  4.673e+00  5.097e+01  1.091e+03    23.3330    23.3398     0.0068    16.3370    16.3425      3.963      4.009      0.241    1502.96    1502.96  0.000e+00
        567      4.500    18.1068    18.1057    -0.0011    3.19365    3.19402          1     6.0317     5.7583       9.98     0.6549  4.147e+00  4.523e+01  1.091e+03    23.3246    23.3282     0.0036    16.3298    16.3328      4.459      4.510      0.244    1502.97    1502.97  0.000e+00
        614      5.000    18.1047    18.0997    -0.0051    3.19408    3.19514          1     6.0299     5.7395       9.98     0.6484  3.724e+00  4.061e+01  1.090e+03    23.3291    23.3405     0.0114    16.3337    16.3435      4.954      5.011      0.255    1502.97    1502.97  0.000e+00
        662      5.500    18.1066    18.1025    -0.0042    3.19358    3.19459          1     6.0221     5.7472       9.98     0.6437  3.333e+00  3.629e+01  1.089e+03    23.3238    23.3344     0.0105    16.3292    16.3382      5.449      5.512      0.242    1502.98    1502.98  0.000e+00
        714      6.000    18.1112    18.1068    -0.0044    3.19269    3.19380          1     6.0224     5.7580       9.98     0.6427  2.995e+00  3.261e+01  1.088e+03    23.3140    23.3254     0.0114    16.3207    16.3304      5.945      6.013      0.222    1502.99    1502.99  0.000e+00
        770      6.500    18.1161    18.1152    -0.0009    3.19340    3.19365          1     6.0418     5.7463       9.98     0.6388  2.687e+00  2.925e+01  1.088e+03    23.3168    23.3193     0.0025    16.3217    16.3238      6.440      6.514      0.209    1503.02    1503.02  0.000e+00
        827      7.000    18.1162    18.1167     0.0005    3.19585    3.19716          1     5.9896     5.7586       9.98     0.6272  2.419e+00  2.629e+01  1.087e+03    23.3363    23.3466     0.0103    16.3366    16.3443      6.936      7.015      0.216    1503.05    1503.06  0.000e+00
        881      7.500    18.1049    18.1135     0.0085    3.19500    3.19444          1     6.0545     5.7461       9.98     0.6235  2.192e+00  2.382e+01  1.086e+03    23.3358    23.3263    -0.0094    16.3387    16.3296      7.431      7.516      0.228    1503.02    1503.04  0.000e+00
        932      8.000    18.0867    18.0909     0.0043    3.19916    3.19887          1     6.0297     5.7283       9.98     0.6185  1.983e+00  2.151e+01  1.085e+03    23.3796    23.3748    -0.0048    16.3762    16.3716      7.926      8.017      0.242    1503.03    1503.03  0.000e+00
        982      8.500    18.0811    18.0776    -0.0035    3.19863    3.19742          1     6.0356     5.7232       9.98     0.6178  1.794e+00  1.945e+01  1.084e+03    23.3783    23.3706    -0.0078    16.3766    16.3715      8.422      8.518      0.240    1503.02    1503.00  0.000e+00
       1032      9.000    18.0795    18.0776    -0.0019    3.20006    3.19945          1     6.0286     5.7405       9.98     0.6235  1.634e+00  1.772e+01  1.084e+03    23.3907    23.3868    -0.0039    16.3863    16.3838      8.917      9.020      0.233    1503.03    1503.02  0.000e+00
       1086      9.500    18.0831    18.0806    -0.0025    3.19959    3.20086          1     6.0190     5.7078       9.98     0.6225  1.482e+00  1.604e+01  1.082e+03    23.3846    23.3963     0.0116    16.3809    16.3903      9.413      9.521      0.214    1503.05    1503.05  0.000e+00
       1144     10.000    18.0886    18.0916     0.0030    3.20050    3.20151          1     6.0160     5.7216       9.98     0.6152  1.345e+00  1.455e+01  1.082e+03    23.3887    23.3952     0.0065    16.3828    16.3870      9.908     10.022      0.204    1503.08    1503.09  0.000e+00
       1202     10.500    18.0758    18.0820     0.0061    3.20274    3.20246          1     5.9604     5.7144       9.98     0.6042  1.228e+00  1.330e+01  1.082e+03    23.4139    23.4081    -0.0057    16.4049    16.3991     10.403     10.523      0.213    1503.07    1503.09  0.000e+00
       1256     11.000    18.0645    18.0646     0.0001    3.20440    3.20434          1     5.9735     5.7128       9.98     0.5936  1.128e+00  1.220e+01  1.081e+03    23.4337    23.4331    -0.0005    16.4225    16.4221     10.899     11.024      0.234    1503.07    1503.07  0.000e+00
       1306     11.500    18.0496    18.0536     0.0041    3.20563    3.20567          1     5.9939     5.7220       9.98     0.1716  1.034e+00  1.117e+01  1.080e+03    23.4519    23.4500    -0.0020    16.4398    16.4374     11.394     11.525      0.243    1503.05    1503.06  0.000e+00
       1355     12.000    18.0528    18.0558     0.0030    3.20527    3.20560          1     5.9996     5.7194       9.98     0.2313  9.460e-01  1.022e+01  1.080e+03    23.4471    23.4481     0.0010    16.4354    16.4355     11.889     12.026      0.235    1503.07    1503.08  0.000e+00
       1408     12.500    18.0507    18.0553     0.0046    3.20521    3.20515          1     5.9840     5.7071       9.98     0.2418  8.679e-01  9.365e+00  1.079e+03    23.4477    23.4446    -0.0031    16.4363    16.4329     12.385     12.527      0.221    1503.07    1503.08  0.000e+00
       1464     13.000    18.0153    18.0507     0.0354    3.20838    3.20521          1     5.9923     5.6943       9.98     0.2573  7.955e-01  8.578e+00  1.078e+03    23.4934    23.4476    -0.0459    16.4793    16.4362     12.880     13.028      0.214    1503.02    1503.08  0.000e+00
       1521     13.500    17.9663    18.0120     0.0458    3.21412    3.20953          1     5.9734     5.6812       9.98     0.2191  7.272e-01  7.842e+00  1.078e+03    23.5677    23.5045    -0.0632    16.5470    16.4884     13.376     13.529      0.208    1502.97    1503.03  0.000e+00
       1578     14.000    17.9672    17.9929     0.0256    3.21423    3.21215          1     6.0213     5.6881       9.98     0.2366  6.638e-01  7.148e+00  1.077e+03    23.5680    23.5364    -0.0316    16.5470    16.5171     13.871     14.030      0.221    1502.98    1503.02  0.000e+00
       1629     14.500    17.9512    17.9659     0.0147    3.22747    3.21494          1     6.0061     5.6740       9.98     0.2318  6.050e-01  6.512e+00  1.076e+03    23.6843    23.5743    -0.1100    16.6393    16.5521     14.366     14.531      0.239    1503.07    1502.99  0.000e+00
       1680     15.000    17.9702    17.9597    -0.0105    3.24777    3.22138          1     5.9373     5.6691       9.98     0.2428  5.520e-01  5.942e+00  1.076e+03    23.8378    23.6300    -0.2078    16.7519    16.5959     14.862     15.032      0.233    1503.31    1503.04  0.000e+00
       1733     15.500    17.9660    17.9661     0.0002    3.24898    3.23704          1     5.8767     5.6373       9.98     0.2242  5.062e-01  5.440e+00  1.075e+03    23.8499    23.7530    -0.0969    16.7621    16.6882     15.357     15.533      0.221    1503.32    1503.21  0.000e+00
       1788     16.000    18.0244    17.9725    -0.0519    3.30655    3.25018          1     5.9182     5.5835       9.98     0.2530  4.656e-01  5.002e+00  1.074e+03    24.2824    23.8557    -0.4268    17.0784    16.7650     15.852     16.033      0.213    1503.99    1503.35  0.000e+00
       1845     16.500    18.1112    18.0384    -0.0728    3.42876    3.32753          1     5.8649     5.5341       9.98     0.2758  4.298e-01  4.618e+00  1.074e+03    25.2235    24.4444    -0.7791    17.7758    17.1986     16.348     16.534      0.213    1505.32    1504.22  0.000e+00
       1900     17.000    18.1496    18.0883    -0.0613    3.51586    3.40674          1     5.8461     5.4843       9.98     0.2656  3.963e-01  4.252e+00  1.073e+03    25.9094    25.0581    -0.8513    18.2897    17.6550     16.843     17.034      0.219    1506.22    1505.07  0.000e+00
       1954     17.500    18.0719    18.1211     0.0491    3.59138    3.46961          1     5.8257     5.3752       9.98     0.2390  3.633e-01  3.895e+00  1.072e+03    26.5770    25.5498    -1.0272    18.8169    18.0222     17.339     17.534      0.231    1506.75    1505.74  0.000e+00
       2004     18.000    17.9207    18.1143     0.1935    3.67825    3.49570          1     5.8189     5.2135       9.98     0.1853  3.329e-01  3.569e+00  1.072e+03    27.3921    25.7667    -1.6254    19.4742    18.1892     17.834     18.034      0.244    1507.23    1505.97  0.000e+00
       2053     18.500    17.7558    18.0791     0.3236    3.70583    3.53220          1     5.7734     5.1955       9.98     0.1881  3.060e-01  3.277e+00  1.071e+03    27.7308    26.0872    -1.6436    19.7711    18.4417     18.329     18.533      0.242    1507.12    1506.23  0.000e+00
       2104     19.000    17.5152    17.9786     0.4634    3.73791    3.61426          1     5.6500     5.0966       9.98     0.2455  2.818e-01  3.017e+00  1.070e+03    28.1634    26.8254    -1.3380    20.1574    19.0282     18.825     19.033      0.231    1506.90    1506.78  0.000e+00
       2156     19.500    16.3344    17.7614     1.4270    3.79210    3.67436          1     5.5920     4.6413       9.98     0.2306  2.577e-01  2.755e+00  1.069e+03    29.4790    27.4661    -2.0128    21.4304    19.5677     19.320     19.532      0.232    1504.77    1506.86  0.000e+00
       2209     20.000    15.1819    17.0237     1.8410    3.86779    3.74258          1     5.3736     4.6438       9.98     0.2090  2.337e-01  2.497e+00  1.068e+03    31.0130    28.5516    -2.4614    22.8615    20.5663     19.815     20.030      0.222    1502.95    1505.86  0.000e+00
       2262     20.500    14.9441    16.3681     1.4249    3.90166    3.79613          1     5.1791     4.6869       9.98     0.2235  2.089e-01  2.232e+00  1.068e+03    31.5065    29.4775    -2.0290    23.2921    21.4232     20.311     20.528      0.232    1502.77    1504.91  0.000e+00
       2312     21.000    14.8301    16.0568     1.2262    3.92987    3.81887          1     5.1017     4.7524       9.98     0.1609  1.850e-01  1.975e+00  1.068e+03    31.8524    29.9073    -1.9451    23.5828    21.8218     20.806     21.025      0.245    1502.81    1504.44  0.000e+00
       2361     21.500    14.8369    15.4626     0.6259    3.94501    3.87869          1     4.9971     4.8271       9.98     0.1621  1.679e-01  1.790e+00  1.066e+03    31.9834    30.8891    -1.0943    23.6822    22.7058     21.301     21.523      0.249    1503.00    1503.72  0.000e+00
       2410     22.000    14.3203    15.1169     0.7964    3.91908    3.91717          1     4.9300     4.8942       9.98     0.1306  1.527e-01  1.628e+00  1.066e+03    32.1745    31.5056    -0.6689    23.9381    23.2545     21.797     22.020      0.242    1501.56    1503.34  0.000e+00
       2460     22.500    14.0726    14.7372     0.6647    3.90971    3.92758          1     4.9705     4.9250       9.98     0.1301  1.396e-01  1.487e+00  1.065e+03    32.2951    31.9073    -0.3878    24.0827    23.6447     22.292     22.517      0.237    1500.91    1502.61  0.000e+00
       2511     23.000    13.9459    14.4172     0.4712    3.90672    3.92349          1     4.9948     4.9023       9.97     0.1323  1.282e-01  1.364e+00  1.064e+03    32.3738    32.1339    -0.2399    24.1694    23.8867     22.787     23.015      0.228    1500.59    1501.85  0.000e+00
       2565     23.500    13.6602    14.1992     0.5391    3.88736    3.91852          1     5.0241     4.8977       9.97     0.1163  1.183e-01  1.259e+00  1.064e+03    32.4356    32.2697    -0.1660    24.2754    24.0368     23.283     23.512      0.223    1499.74    1501.31  0.000e+00
       2619     24.000    13.3022    13.9730     0.6708    3.86054    3.90814          1     5.0610     4.9039       9.90     0.0986  1.095e-01  1.165e+00  1.064e+03    32.4894    32.3637    -0.1258    24.3889    24.1561     23.778     24.009      0.228    1498.62    1500.69  0.000e+00
       2670     24.500    13.0626    13.6827     0.6201    3.84273    3.89065          1     5.0409     4.9128       9.47     0.0904  1.015e-01  1.078e+00  1.062e+03    32.5269    32.4467    -0.0802    24.4653    24.2794     24.274     24.506      0.238    1497.88    1499.84  0.000e+00
       2720     25.000    12.6936    13.3875     0.6938    3.81607    3.87099          1     5.0282     4.8584       8.97     0.0936  9.393e-02  9.976e-01  1.062e+03    32.5920    32.5142    -0.0778    24.5876    24.3910     24.769     25.003      0.244    1496.72    1498.95  0.000e+00
       2769     25.500    12.5138    13.0794     0.5657    3.80183    3.84905          1     5.0156     4.8130       8.47     0.0807  8.704e-02  9.229e-01  1.060e+03    32.6117    32.5717    -0.0401    24.6376    24.4966     25.264     25.500      0.238    1496.15    1498.00  0.000e+00
       2821     26.000    12.4534    12.8151     0.3616    3.79750    3.82985          1     4.9796     4.8029       8.22     0.0827  8.082e-02  8.567e-01  1.060e+03    32.6225    32.6175    -0.0050    24.6575    24.5839     25.760     25.997      0.230    1495.96    1497.18  0.000e+00
       2873     26.500    12.3201    12.6656     0.3456    3.78849    3.81856          1     4.9394     4.7988       7.55     0.0722  7.489e-02  7.931e-01  1.059e+03    32.6520    32.6393    -0.0127    24.7057    24.6297     26.255     26.494      0.229    1495.55    1496.71  0.000e+00
       2927     27.000    12.2560    12.5413     0.2853    3.78358    3.80844          1     4.9300     4.8225       7.12     0.0663  6.916e-02  7.318e-01  1.058e+03    32.6605    32.6505    -0.0100    24.7245    24.6623     26.750     26.991      0.220    1495.35    1496.31  0.000e+00
       2980     27.500    12.2402    12.4242     0.1840    3.78278    3.79983          1     4.9279     4.8341       6.50     0.0620  6.376e-02  6.746e-01  1.058e+03    32.6665    32.6697     0.0032    24.7321    24.6996     27.246     27.488      0.233    1495.31    1495.94  0.000e+00
       3031     28.000    12.1645    12.3558     0.1913    3.77746    3.79467          1     4.8916     4.8283       6.19     0.0602  5.863e-02  6.197e-01  1.057e+03    32.6811    32.6795    -0.0016    24.7577    24.7203     27.741     27.985      0.242    1495.08    1495.73  0.000e+00
       3080     28.500    12.0666    12.2779     0.2112    3.76968    3.78910          1     4.9024     4.8142       5.51     0.0656  5.385e-02  5.687e-01  1.056e+03    32.6915    32.6938     0.0024    24.7841    24.7462     28.236     28.482      0.237    1494.77    1495.49  0.000e+00
