ctdpy/tests/etc/all_smhi_bas_2018/SBE09_0827_20181125_1143_26_01_1246.cnv
* Sea-Bird SBE 9 Data File:
* FileName = D:\CTD_SBE911\DAT\26DA.2018.12.46.hex
* Software Version Seasave V 7.21d
* Temperature SN = 4548
* Conductivity SN = 3062
* Number of Bytes Per Scan = 48
* Number of Voltage Words = 5
* Number of Scans Averaged by the Deck Unit = 1
* NMEA Latitude = 57 06.02 N
* NMEA Longitude = 017 19.71 E
* NMEA UTC (Time) = Nov 25 2018  11:44:10
* NMEA baud rate = 4800
** Ship: DANA
** Average sound velocity: 1441.66 m/s
** True-depth calculation Tue, 02 Apr 2019 12:15:04 +0000
** CTD Python Module SMHI /ver 3-12/ feb 2012 
** LIMS Job: 20182601-1246
** Operator: Ronny
** Cruise: 12/2018
# nquan = 26
# nvalues = 141                         
# units = specified
# name 0 = scan: Scan Count
# name 1 = prDM: Pressure, Digiquartz [db]
# name 2 = t090C: Temperature [ITS-90, deg C]
# name 3 = t190C: Temperature, 2 [ITS-90, deg C]
# name 4 = T2-T190C: Temperature Difference, 2 - 1 [ITS-90, deg C]
# name 5 = c0S/m: Conductivity [S/m]
# name 6 = c1S/m: Conductivity, 2 [S/m]
# name 7 = pumps: Pump Status
# name 8 = sbeox1ML/L: Oxygen, SBE 43, 2 [ml/l]
# name 9 = sbeox0ML/L: Oxygen, SBE 43 [ml/l]
# name 10 = altM: Altimeter [m]
# name 11 = chloroflTC0: Chlorophyll, Turner Cyclops [ug/l]
# name 12 = cpar: CPAR/Corrected Irradiance [%]
# name 13 = par: PAR/Irradiance, Biospherical/Lico [µE/(cm^2*s)]
# name 14 = spar: SPAR, Biospherical/Licor
# name 15 = sal00: Salinity, Practical [PSU]
# name 16 = sal11: Salinity, Practical, 2 [PSU]
# name 17 = secS-priS: Salinity, Practical, Difference, 2 - 1 [PSU]
# name 18 = sigma-t00: Density [sigma-t, kg/m^3 ]
# name 19 = sigma-t11: Density, 2 [sigma-t, kg/m^3 ]
# name 20 = depSM: Depth [salt water, m], lat = 57.1003
# name 21 = depFM: Depth [true depth, m], lat = 57.1003
# name 22 = dz/dtM: Descent Rate [m/s], WS = 2
# name 23 = svCM: Sound Velocity [Chen-Millero, m/s]
# name 24 = svCM1: Sound Velocity, 2 [Chen-Millero, m/s]
# name 25 = flag: flag
# span 0 =        -38,       6859       
# span 1 =      0.500,     70.500       
# span 2 =     4.3269,     7.2096       
# span 3 =     4.3118,     7.1992       
# span 4 =    -0.0727,     0.2209       
# span 5 =   0.806107,   0.965221       
# span 6 =   0.806086,   0.966310       
# span 7 =          1,          1       
# span 8 =     1.4597,     7.6780       
# span 9 =     1.4548,     7.9132       
# span 10 =       2.00,       9.99      
# span 11 =     0.0159,     0.0287      
# span 12 = -1.798e-05, 1.1777e+00      
# span 13 = -2.172e-04, 1.4210e+01      
# span 14 = 1.1959e+03, 1.2141e+03      
# span 15 =     7.0239,     9.0732      
# span 16 =     7.0237,     9.0821      
# span 17 =    -0.0266,     0.2341      
# span 18 =     5.4517,     7.1835      
# span 19 =     5.4517,     7.1902      
# span 20 =      0.495,     69.840      
# span 21 =      0.507,     71.401      
# span 22 =     -0.184,      0.416      
# span 23 =    1434.28,    1445.33      
# span 24 =    1434.25,    1445.30      
# span 25 = 0.0000e+00, 0.0000e+00      
# interval = decibars: 0.5              
# start_time = Nov 25 2018 11:44:10 [NMEA time, first data scan]
# bad_flag = -9.990e-29
*END*
[from data line 112]
       5403     56.500     5.7373     5.7403     0.0030    0.81199    0.81200          1     6.6164     6.7945       9.96     0.0169  8.331e-14  1.000e-12  1.200e+03     7.3252     7.3248    -0.0005     5.7587     5.7582     55.973     57.230      0.315    1439.71    1439.72  0.000e+00
       5452     57.000     5.7254     5.7382     0.0128    0.81198    0.81203          1     6.6083     6.7778       9.96     0.0171  8.313e-14  1.000e-12  1.203e+03     7.3277     7.3254    -0.0022     5.7612     5.7588     56.468     57.736      0.210    1439.67    1439.72  0.000e+00
       5507     57.500     5.7195     5.7231     0.0037    0.81200    0.81201          1     6.5919     6.7697       9.96     0.0171  8.312e-14  1.000e-12  1.203e+03     7.3291     7.3285    -0.0006     5.7626     5.7619     56.963     58.243      0.245    1439.65    1439.67  0.000e+00
       5554     58.000     5.7168     5.7198     0.0030    0.81201    0.81202          1     6.5970     6.7682       9.96     0.0171  8.328e-14  1.000e-12  1.201e+03     7.3298     7.3292    -0.0006     5.7633     5.7627     57.459     58.749      0.258    1439.65    1439.66  0.000e+00
       5602     58.500     5.6481     5.6705     0.0224    0.81185    0.81192          1     6.5713     6.7188       9.96     0.0170  8.308e-14  1.000e-12  1.204e+03     7.3431     7.3389    -0.0042     5.7772     5.7728     57.954     59.256      0.238    1439.38    1439.47  0.000e+00
       5651     59.000     5.5807     5.5883     0.0076    0.81195    0.81196          1     6.5176     6.6689       9.96     0.0170  8.313e-14  1.000e-12  1.203e+03     7.3587     7.3571    -0.0016     5.7927     5.7911     58.449     59.762      0.274    1439.11    1439.15  0.000e+00
       5692     59.500     5.5366     5.5408     0.0042    0.81208    0.81210          1     6.4960     6.6184       9.96     0.0171  8.331e-14  1.000e-12  1.200e+03     7.3695     7.3689    -0.0007     5.8034     5.8027     58.945     60.268      0.285    1438.94    1438.96  0.000e+00
       5742     60.000     5.3625     5.3838     0.0220    0.81339    0.81316          1     6.3691     6.3629       9.96     0.0168  8.310e-14  1.000e-12  1.204e+03     7.4208     7.4138    -0.0070     5.8518     5.8453     59.440     60.775      0.203    1438.26    1438.34  0.000e+00
       5798     60.500     4.8713     4.9071     0.0357    0.81605    0.81596          1     6.0782     6.0506       9.96     0.0168  8.325e-14  1.000e-12  1.201e+03     7.5571     7.5480    -0.0091     5.9801     5.9715     59.935     61.281      0.269    1436.29    1436.44  0.000e+00
       5839     61.000     4.7475     4.7642     0.0167    0.81922    0.81919          1     5.8263     5.8059       9.96     0.0161  8.332e-14  1.000e-12  1.200e+03     7.6169     7.6128    -0.0042     6.0321     6.0281     60.430     61.787      0.274    1435.83    1435.89  0.000e+00
       5890     61.500     4.6627     4.6175    -0.0456    0.82080    0.82108          1     5.5722     5.6332       9.96     0.0159  8.309e-14  1.000e-12  1.204e+03     7.6522     7.6655     0.0133     6.0630     6.0752     60.926     62.293      0.219    1435.50    1435.32  0.000e+00
       5939     62.000     4.5068     4.4827    -0.0241    0.82310    0.82329          1     5.4435     5.5142       9.96     0.0159  8.322e-14  1.000e-12  1.202e+03     7.7115     7.7190     0.0074     6.1154     6.1221     61.421     62.799      0.311    1434.90    1434.80  0.000e+00
       5973     62.500     4.4024     4.3729    -0.0295    0.82486    0.82528          1     5.3679     5.4764       9.96     0.0159  8.348e-14  1.000e-12  1.198e+03     7.7537     7.7648     0.0112     6.1522     6.1620     61.916     63.306      0.327    1434.49    1434.38  0.000e+00
       6030     63.000     4.4099     4.3559    -0.0542    0.82670    0.82897          1     5.2172     5.4265       9.85     0.0159  8.317e-14  1.000e-12  1.202e+03     7.7704     7.8061     0.0357     6.1652     6.1953     62.411     63.812      0.205    1434.56    1434.36  0.000e+00
       6082     63.500     4.3306     4.3199    -0.0107    0.83032    0.83086          1     5.1297     5.2687       9.43     0.0159  8.339e-14  1.000e-12  1.199e+03     7.8257     7.8337     0.0080     6.2115     6.2182     62.907     64.318      0.313    1434.28    1434.25  0.000e+00
       6126     64.000     4.3296     4.3118    -0.0178    0.83163    0.83387          1     5.0547     5.1902       8.85     0.0159  8.344e-14  1.000e-12  1.198e+03     7.8392     7.8661     0.0269     6.2223     6.2442     63.402     64.824      0.219    1434.30    1434.26  0.000e+00
       6183     64.500     4.3269     4.3182    -0.0088    0.83522    0.83913          1     4.8857     5.0954       8.33     0.0159  8.300e-14  1.000e-12  1.205e+03     7.8761     7.9178     0.0417     6.2517     6.2851     63.897     65.330      0.295    1434.35    1434.36  0.000e+00
       6218     65.000     4.3275     4.3399     0.0124    0.83667    0.84696          1     4.6909     4.9996       7.85     0.0159  8.349e-14  1.000e-12  1.198e+03     7.8906     7.9920     0.1014     6.2632     6.3432     64.392     65.836      0.342    1434.37    1434.56  0.000e+00
       6258     65.500     4.3443     4.3510     0.0067    0.84849    0.85532          1     4.4115     4.6851       7.33     0.0159  8.362e-14  1.000e-12  1.196e+03     8.0063     8.0740     0.0677     6.3544     6.4079     64.888     66.342      0.248    1434.61    1434.72  0.000e+00
       6315     66.000     4.3568     4.3743     0.0175    0.85403    0.86108          1     4.2140     4.4269       6.75     0.0159  8.324e-14  1.000e-12  1.201e+03     8.0594     8.1267     0.0673     6.3962     6.4490     65.383     66.848      0.218    1434.74    1434.90  0.000e+00
       6365     66.500     4.3639     4.3873     0.0233    0.85733    0.87106          1     3.9749     4.3448       6.22     0.0159  8.356e-14  1.000e-12  1.197e+03     8.0912     8.2247     0.1336     6.4211     6.5263     65.878     67.354      0.242    1434.82    1435.09  0.000e+00
       6424     67.000     4.3945     4.4554     0.0609    0.87027    0.89018          1     3.4938     3.9851       5.68     0.0159  8.333e-14  1.000e-12  1.200e+03     8.2148     8.4016     0.1868     6.5182     6.6643     66.373     67.860      0.203    1435.12    1435.63  0.000e+00
       6475     67.500     4.4132     4.5014     0.0882    0.87560    0.89976          1     3.1339     3.7926       5.18     0.0159  8.326e-14  1.000e-12  1.201e+03     8.2642     8.4871     0.2229     6.5567     6.7304     66.869     68.366      0.302    1435.27    1435.95  0.000e+00
       6512     68.000     4.4698     4.5734     0.1035    0.89150    0.91655          1     2.8565     3.4263       4.68     0.0159  8.356e-14  1.000e-12  1.197e+03     8.4112     8.6387     0.2275     6.6714     6.8480     67.364     68.872      0.295    1435.72    1436.47  0.000e+00
       6559     68.500     4.5683     4.6780     0.1097    0.91444    0.94038          1     2.2655     2.7731       4.14     0.0159  8.344e-14  1.000e-12  1.198e+03     8.6186     8.8527     0.2341     6.8322     7.0135     67.859     69.378      0.244    1436.43    1437.22  0.000e+00
       6607     69.000     4.6816     4.7051     0.0236    0.94242    0.94725          1     1.8669     1.9963       3.62     0.0159  8.342e-14  1.000e-12  1.199e+03     8.8724     8.9151     0.0427     7.0289     7.0618     68.354     69.884      0.230    1437.27    1437.42  0.000e+00
       6698     69.500     4.7110     4.7206     0.0097    0.94841    0.95006          1     1.8072     1.8288       3.06     0.0159  8.340e-14  1.000e-12  1.199e+03     8.9251     8.9392     0.0141     7.0696     7.0803     68.850     70.390      0.139    1437.47    1437.53  0.000e+00
       6783     70.000     4.7404     4.7500     0.0094    0.95454    0.95580          1     1.7190     1.6964       2.55     0.0159  8.351e-14  1.000e-12  1.198e+03     8.9793     8.9894     0.0101     7.1112     7.1189     69.345     70.895      0.169    1437.68    1437.73  0.000e+00
       6859     70.500     4.7924     4.8001     0.0078    0.96522    0.96631          1     1.4597     1.4548       2.00     0.0160  8.345e-14  1.000e-12  1.198e+03     9.0732     9.0821     0.0089     7.1835     7.1902     69.840     71.401      0.118    1438.03    1438.08  0.000e+00
