ctdpy/tests/etc/all_smhi_bas_2018/SBE09_1044_20180125_1028_34_02_0007.cnv
* Sea-Bird SBE 9 Data File:
* FileName = C:\ctd\temp\2018\ME18D007.hex
* Software Version Seasave V 7.26.6.26
* Temperature SN = 5351
* Conductivity SN = 3941
* Number of Bytes Per Scan = 41
* Number of Voltage Words = 4
* Number of Scans Averaged by the Deck Unit = 1
* NMEA Latitude = 56 07.92 N
* NMEA Longitude = 011 09.46 E
* NMEA UTC (Time) = Jan 25 2018  10:28:35
* NMEA baud rate = 4800
** Station:  925 Kattegatt SW
** Operator:  SSip
** Ship: MERI
** Average sound velocity: 1467.02 m/s
** True-depth calculation Sat, 27 Jan 2018 18:53:12 +0000
** CTD Python Module SMHI /ver 3-12/ feb 2012 
** LIMS Job: 20183402-0007
** Cruise: SMHI-01-2018
** Latitude [GG MM.mm N] :
** Longitude [GG MM.mm E]:
# nquan = 26
# nvalues = 87                          
# units = specified
# name 0 = scan: Scan Count
# name 1 = prDM: Pressure, Digiquartz [db]
# name 2 = t090C: Temperature [ITS-90, deg C]
# name 3 = t190C: Temperature, 2 [ITS-90, deg C]
# name 4 = T2-T190C: Temperature Difference, 2 - 1 [ITS-90, deg C]
# name 5 = c0S/m: Conductivity [S/m]
# name 6 = c1S/m: Conductivity, 2 [S/m]
# name 7 = pumps: Pump Status
# name 8 = sbeox0ML/L: Oxygen, SBE 43 [ml/l]
# name 9 = sbeox1ML/L: Oxygen, SBE 43, 2 [ml/l]
# name 10 = altM: Altimeter [m]
# name 11 = flECO-AFL: Chl-a Fluorescence, WET Labs ECO-AFL/FL [mg/m^3]
# name 12 = flECO-AFL1: Phycocyanin Fluorescence, WET Labs ECO-AFL/FL, 2 [mg/m^3]
# name 13 = par: PAR/Irradiance, Biospherical/Lico [µE/(cm^2*s)]
# name 14 = turbWETntu0: Turbidity, WET Labs ECO [NTU]
# name 15 = sal00: Salinity, Practical [PSU]
# name 16 = sal11: Salinity, Practical, 2 [PSU]
# name 17 = secS-priS: Salinity, Practical, Difference, 2 - 1 [PSU]
# name 18 = sigma-t00: Density [sigma-t, Kg/m^3 ]
# name 19 = sigma-t11: Density, 2 [sigma-t, Kg/m^3 ]
# name 20 = depSM: Depth [salt water, m], lat = 56.132
# name 21 = depFM: Depth [true depth, m], lat = 56.132
# name 22 = dz/dtM: Descent Rate [m/s], WS = 2
# name 23 = svCM: Sound Velocity [Chen-Millero, m/s]
# name 24 = svCM1: Sound Velocity, 2 [Chen-Millero, m/s]
# name 25 = flag: flag
# span 0 =       4365,      30578       
# span 1 =      1.000,     44.000       
# span 2 =     3.2868,     7.3149       
# span 3 =     3.2869,     7.3144       
# span 4 =    -0.0491,     0.0470       
# span 5 =   1.491189,   3.254457       
# span 6 =   1.491528,   3.254177       
# span 7 =          1,          1       
# span 8 =    5.79646,    8.15310       
# span 9 =    5.84113,    8.14218       
# span 10 =       3.22,      46.44      
# span 11 =     0.1793,     0.8217      
# span 12 =     0.2123,     0.3609      
# span 13 = -1.590e-05, 5.2153e+02      
# span 14 =     0.2774,     1.9010      
# span 15 =    15.2193,    31.6854      
# span 16 =    15.2226,    31.6828      
# span 17 =    -0.1928,     0.1509      
# span 18 =    12.1177,    24.7668      
# span 19 =    12.1203,    24.7648      
# span 20 =      0.992,     43.594      
# span 21 =      1.006,     43.870      
# span 22 =     -0.239,      0.608      
# span 23 =    1438.17,    1476.46      
# span 24 =    1438.18,    1476.45      
# span 25 = 0.0000e+00, 0.0000e+00      
# interval = decibars: 0.5              
# start_time = Jan 25 2018 10:28:36 [NMEA time, first data scan]
# bad_flag = -9.990e-29
*END*
       4365      1.000     3.3144     3.3159     0.0008    1.49797    1.49798          1     8.1438     8.1119      46.30     0.8181     0.3438  5.215e+02  0.2774000    15.2823    15.2817    -0.0006    12.1668    12.1661      0.992      1.006     -0.239    1438.33    1438.32  0.000e+00
       4391      1.500     3.3060     3.3059    -0.0000    1.49744    1.49929          1     8.1419     8.1293      46.44     0.8012     0.3265  1.577e+02  0.3037000    15.2803    15.3008     0.0205    12.1654    12.1818      1.486      1.509      0.548    1438.29    1438.32  0.000e+00
       4407      2.000     3.3032     3.3098     0.0066    1.49760    1.49752          1     8.1407     8.1381      46.27     0.8043     0.3535  9.190e+01  0.3133000    15.2832    15.2793    -0.0040    12.1679    12.1645      1.982      2.013      0.515    1438.29    1438.31  0.000e+00
       4453      2.500     3.3043     3.3113     0.0068    1.49771    1.49769          1     8.1531     8.1369      45.59     0.8133     0.3035  8.367e+01  0.2999000    15.2838    15.2803    -0.0035    12.1683    12.1652      2.477      2.516      0.354    1438.30    1438.33  0.000e+00
       4477      3.000     3.3179     3.3118    -0.0059    1.49741    1.49697          1     8.1490     8.1296      45.16     0.8217     0.3013  7.035e+01  0.3088000    15.2740    15.2719    -0.0021    12.1599    12.1585      2.973      3.019      0.580    1438.36    1438.33  0.000e+00
       4501      3.500     3.3015     3.3174     0.0159    1.49483    1.49763          1     8.1329     8.1310      44.72     0.7942     0.3213  6.014e+01  0.3157000    15.2530    15.2765     0.0235    12.1439    12.1620      3.468      3.522      0.402    1438.27    1438.37  0.000e+00
       4540      4.000     3.2882     3.2869    -0.0013    1.49149    1.49180          1     8.1375     8.1340      44.05     0.8084     0.3393  5.467e+01  0.3149000    15.2221    15.2263     0.0041    12.1199    12.1232      3.964      4.025      0.355    1438.18    1438.18  0.000e+00
       4565      4.500     3.2868     3.2878     0.0010    1.49119    1.49153          1     8.1371     8.1422      43.63     0.7904     0.2948  4.588e+01  0.3187000    15.2193    15.2226     0.0033    12.1177    12.1203      4.459      4.528      0.521    1438.17    1438.18  0.000e+00
       4588      5.000     3.2915     3.2923     0.0008    1.49599    1.49593          1     8.0850     8.0943      43.23     0.7923     0.3609  4.162e+01  0.3177000    15.2702    15.2691    -0.0011    12.1579    12.1571      4.954      5.032      0.487    1438.27    1438.27  0.000e+00
       4614      5.500     3.2939     3.2970     0.0031    1.49833    1.50083          1     8.0705     8.0692      42.64     0.7793     0.3195  3.490e+01  0.3305000    15.2948    15.3209     0.0261    12.1775    12.1981      5.450      5.535      0.484    1438.32    1438.37  0.000e+00
       4637      6.000     3.2947     3.2974     0.0028    1.49940    1.50121          1     8.0668     8.0700      42.21     0.7759     0.3020  3.144e+01  0.3264000    15.3061    15.3249     0.0187    12.1864    12.2012      5.945      6.038      0.540    1438.35    1438.38  0.000e+00
       4659      6.500     3.3416     3.3456     0.0039    1.54496    1.54715          1     8.0320     8.0236      41.71     0.7813     0.3004  2.770e+01  0.3253000    15.7882    15.8105     0.0223    12.5677    12.5852      6.441      6.541      0.548    1439.18    1439.23  0.000e+00
       4681      7.000     3.3760     3.3767     0.0007    1.58113    1.58109          1     7.8377     7.8330      41.23     0.7492     0.3023  2.480e+01  0.3199000    16.1725    16.1717    -0.0008    12.8717    12.8710      6.936      7.044      0.544    1439.84    1439.84  0.000e+00
       4703      7.500     3.3687     3.3709     0.0022    1.59065    1.58995          1     7.7137     7.6993      40.68     0.6701     0.3356  2.155e+01  0.3368000    16.2817    16.2729    -0.0088    12.9587    12.9516      7.432      7.547      0.546    1439.96    1439.95  0.000e+00
       4725      8.000     3.3695     3.3720     0.0025    1.60721    1.60826          1     7.7433     7.7611      40.10     0.6442     0.2952  2.031e+01  0.3292000    16.4653    16.4758     0.0104    13.1046    13.1128      7.927      8.049      0.551    1440.20    1440.23  0.000e+00
       4747      8.500     3.5353     3.5443     0.0090    1.72100    1.72086          1     7.6503     7.7104      39.59     0.5964     0.3068  1.767e+01  0.3330000    17.6448    17.6381    -0.0067    14.0336    14.0277      8.422      8.552      0.568    1442.46    1442.49  0.000e+00
       4768      9.000     4.0159     3.9668    -0.0491    1.93462    1.91471          1     7.4380     7.4797      39.08     0.6016     0.3010  1.578e+01  0.3300000    19.7487    19.5559    -0.1928    15.6761    15.5261      8.918      9.053      0.546    1447.28    1446.81  0.000e+00
       4791      9.500     4.1660     4.1699     0.0041    1.99143    1.99228          1     7.1683     7.2254      38.51     0.6779     0.2950  1.446e+01  0.3227000    20.2889    20.2960     0.0071    16.0946    16.1000      9.413      9.555      0.493    1448.62    1448.65  0.000e+00
       4816     10.000     4.3815     4.3682    -0.0132    2.07458    2.06787          1     6.9245     7.0101      37.96     0.7262     0.2826  1.283e+01  0.3486000    21.0766    21.0106    -0.0659    16.7038    16.6525      9.909     10.056      0.485    1450.57    1450.43  0.000e+00
       4840     10.500     4.6871     4.7346     0.0470    2.19378    2.21032          1     6.7824     6.9470      37.48     0.7729     0.2810  1.171e+01  0.3707000    22.1969    22.3478     0.1509    17.5676    17.6832     10.404     10.557      0.502    1453.31    1453.70  0.000e+00
       4864     11.000     5.3027     5.2864    -0.0164    2.44803    2.44061          1     6.4777     6.6489      36.99     0.7787     0.3103  1.044e+01  0.4283000    24.5670    24.4969    -0.0701    19.3872    19.3334     10.899     11.057      0.486    1458.90    1458.74  0.000e+00
       4890     11.500     5.9497     5.9140    -0.0352    2.71501    2.70026          1     6.3014     6.4606      36.47     0.5329     0.3172  9.408e+00  0.4988000    27.0062    26.8732    -0.1330    21.2481    21.1471     11.395     11.556      0.457    1464.65    1464.34  0.000e+00
       4917     12.000     6.4617     6.4414    -0.0202    2.93001    2.92133          1     6.0683     6.2328      35.98     0.3651     0.3363  8.693e+00  0.6249000    28.9329    28.8541    -0.0788    22.7086    22.6487     11.890     12.054      0.473    1469.14    1468.96  0.000e+00
       4940     12.500     7.0046     7.0332     0.0283    3.14005    3.14690          1     5.8668     6.0034      35.52     0.2904     0.3185  8.052e+00  0.8412000    30.7432    30.7918     0.0486    24.0667    24.1012     12.386     12.552      0.530    1473.56    1473.73  0.000e+00
       4962     13.000     7.0988     7.1045     0.0057    3.16891    3.16950          1     5.7974     5.8885      35.06     0.2243     0.2543  7.455e+00  1.2561000    30.9714    30.9727     0.0012    24.2340    24.2343     12.881     13.049      0.543    1474.22    1474.24  0.000e+00
       4984     13.500     7.1418     7.1461     0.0043    3.17841    3.17882          1     5.7965     5.8566      34.56     0.2237     0.2260  6.770e+00  1.4005000    31.0353    31.0359     0.0006    24.2786    24.2785     13.377     13.546      0.540    1474.47    1474.49  0.000e+00
       5007     14.000     7.1527     7.1594     0.0067    3.18053    3.18123          1     5.8216     5.8552      34.06     0.2047     0.2471  6.111e+00  1.5266000    31.0481    31.0497     0.0016    24.2873    24.2876     13.872     14.043      0.532    1474.54    1474.57  0.000e+00
       5029     14.500     7.1657     7.1684     0.0028    3.18264    3.18276          1     5.8455     5.8677      33.60     0.2080     0.2740  5.403e+00  1.5380000    31.0591    31.0579    -0.0012    24.2942    24.2929     14.367     14.540      0.532    1474.61    1474.62  0.000e+00
       5052     15.000     7.1761     7.1784     0.0023    3.18408    3.18412          1     5.8570     5.8773      33.00     0.2114     0.2715  4.677e+00  1.5810000    31.0650    31.0633    -0.0016    24.2975    24.2959     14.863     15.038      0.522    1474.67    1474.68  0.000e+00
       5076     15.500     7.1863     7.1858    -0.0004    3.18517    3.18490          1     5.8692     5.8792      32.54     0.2221     0.2673  4.039e+00  1.6307000    31.0674    31.0649    -0.0024    24.2980    24.2961     15.358     15.535      0.505    1474.72    1474.72  0.000e+00
       5099     16.000     7.1865     7.1878     0.0014    3.18499    3.18496          1     5.8815     5.8710      32.02     0.2183     0.2847  3.447e+00  1.6210000    31.0651    31.0635    -0.0015    24.2961    24.2948     15.854     16.032      0.522    1474.73    1474.73  0.000e+00
       5122     16.500     7.1861     7.1867     0.0006    3.18474    3.18463          1     5.8953     5.8734      31.53     0.1874     0.2649  2.963e+00  1.6069000    31.0625    31.0607    -0.0018    24.2942    24.2927     16.349     16.529      0.527    1474.73    1474.73  0.000e+00
       5145     17.000     7.1872     7.1878     0.0006    3.18480    3.18469          1     5.8953     5.8805      31.02     0.1891     0.2769  2.538e+00  1.6493000    31.0619    31.0602    -0.0018    24.2936    24.2921     16.844     17.026      0.520    1474.74    1474.74  0.000e+00
       5168     17.500     7.1864     7.1884     0.0019    3.18457    3.18465          1     5.8942     5.8795      30.55     0.2013     0.2670  2.174e+00  1.5721000    31.0599    31.0590    -0.0008    24.2921    24.2912     17.340     17.524      0.523    1474.75    1474.75  0.000e+00
       5190     18.000     7.1883     7.1896     0.0013    3.18472    3.18472          1     5.8974     5.8826      30.06     0.2115     0.2875  1.869e+00  1.5473000    31.0596    31.0585    -0.0011    24.2916    24.2906     17.835     18.021      0.576    1474.76    1474.76  0.000e+00
       5210     18.500     7.1894     7.1906     0.0012    3.18473    3.18479          1     5.8944     5.8850      29.58     0.2114     0.3079  1.602e+00  1.6138000    31.0585    31.0581    -0.0004    24.2906    24.2901     18.331     18.518      0.608    1474.77    1474.78  0.000e+00
       5230     19.000     7.1889     7.1898     0.0010    3.18457    3.18456          1     5.8906     5.8899      29.14     0.1995     0.3148  1.362e+00  1.6210000    31.0570    31.0561    -0.0009    24.2895    24.2886     18.826     19.015      0.563    1474.78    1474.78  0.000e+00
       5253     19.500     7.1882     7.1888     0.0006    3.18438    3.18433          1     5.8873     5.8895      28.58     0.1924     0.2764  1.145e+00  1.6045000    31.0553    31.0543    -0.0010    24.2882    24.2874     19.321     19.512      0.520    1474.78    1474.78  0.000e+00
       5276     20.000     7.1884     7.1892     0.0009    3.18435    3.18432          1     5.8865     5.8737      28.12     0.1981     0.2123  9.705e-01  1.5903000    31.0546    31.0535    -0.0011    24.2877    24.2867     19.817     20.010      0.528    1474.79    1474.79  0.000e+00
       5298     20.500     7.1906     7.1910     0.0004    3.18447    3.18440          1     5.8951     5.8670      27.58     0.1882     0.2885  8.228e-01  1.5707000    31.0537    31.0526    -0.0011    24.2866    24.2858     20.312     20.507      0.561    1474.80    1474.80  0.000e+00
       5319     21.000     7.1916     7.1922     0.0006    3.18462    3.18458          1     5.8914     5.8639      27.08     0.2004     0.2461  6.726e-01  1.5613000    31.0542    31.0532    -0.0010    24.2869    24.2861     20.808     21.004      0.553    1474.82    1474.82  0.000e+00
       5342     21.500     7.1920     7.1925     0.0005    3.18474    3.18467          1     5.8790     5.8609      26.63     0.1997     0.2399  5.654e-01  1.6458000    31.0550    31.0537    -0.0013    24.2875    24.2864     21.303     21.501      0.504    1474.83    1474.83  0.000e+00
       5367     22.000     7.1927     7.1934     0.0007    3.18495    3.18488          1     5.8795     5.8596      25.73     0.1992     0.2557  4.737e-01  1.5452000    31.0563    31.0549    -0.0013    24.2884    24.2873     21.798     21.998      0.496    1474.84    1474.84  0.000e+00
       5390     22.500     7.1932     7.1939     0.0006    3.18498    3.18495          1     5.8829     5.8629      25.26     0.1898     0.2683  3.955e-01  1.5547000    31.0559    31.0550    -0.0008    24.2880    24.2873     22.294     22.496      0.548    1474.85    1474.85  0.000e+00
       5411     23.000     7.1942     7.1952     0.0009    3.18530    3.18538          1     5.8885     5.8674      24.99     0.1957     0.2944  3.214e-01  1.5721000    31.0582    31.0583     0.0000    24.2898    24.2896     22.789     22.993      0.540    1474.86    1474.87  0.000e+00
       5434     23.500     7.1953     7.1954     0.0001    3.18565    3.18553          1     5.9000     5.8749      24.57     0.1996     0.2842  2.665e-01  1.6163000    31.0608    31.0594    -0.0014    24.2917    24.2906     23.285     23.490      0.483    1474.88    1474.88  0.000e+00
       5461     24.000     7.1954     7.1965     0.0011    3.18570    3.18583          1     5.9031     5.8871      23.99     0.2072     0.3120  2.080e-01  1.6392000    31.0611    31.0615     0.0005    24.2918    24.2920     23.780     23.987      0.471    1474.89    1474.89  0.000e+00
       5485     24.500     7.1993     7.2003     0.0010    3.18640    3.18660          1     5.8958     5.8847      23.41     0.2064     0.2998  1.590e-01  1.6574000    31.0649    31.0662     0.0013    24.2943    24.2952     24.275     24.484      0.544    1474.92    1474.92  0.000e+00
       5505     25.000     7.2021     7.2038     0.0017    3.18741    3.18777          1     5.8936     5.8797      23.05     0.2023     0.2987  1.241e-01  1.6670000    31.0730    31.0754     0.0025    24.3003    24.3020     24.771     24.982      0.578    1474.95    1474.95  0.000e+00
       5526     25.500     7.2041     7.2044     0.0003    3.18845    3.18829          1     5.8898     5.8776      22.61     0.2097     0.2735  9.403e-02  1.6216000    31.0822    31.0802    -0.0020    24.3073    24.3057     25.266     25.479      0.551    1474.97    1474.97  0.000e+00
       5549     26.000     7.2050     7.2052     0.0002    3.18903    3.18890          1     5.8810     5.8709      22.13     0.1871     0.2603  6.321e-02  1.7094000    31.0875    31.0859    -0.0016    24.3114    24.3101     25.761     25.976      0.533    1474.99    1474.99  0.000e+00
       5571     26.500     7.2065     7.2075     0.0010    3.19064    3.19029          1     5.8813     5.8648      21.54     0.2104     0.2756  3.649e-02  1.7742000    31.1032    31.0986    -0.0046    24.3235    24.3198     26.257     26.473      0.554    1475.02    1475.02  0.000e+00
       5592     27.000     7.2043     7.2054     0.0011    3.19143    3.19138          1     5.8881     5.8727      21.05     0.2038     0.2993  2.057e-02  1.7496000    31.1135    31.1121    -0.0014    24.3319    24.3306     26.752     26.970      0.575    1475.04    1475.04  0.000e+00
       5613     27.500     7.2045     7.2061     0.0016    3.19152    3.19159          1     5.8845     5.8834      20.58     0.2004     0.3441  2.236e-03  1.7388000    31.1141    31.1134    -0.0007    24.3323    24.3316     27.248     27.467      0.566    1475.05    1475.05  0.000e+00
       5635     28.000     7.2053     7.2062     0.0009    3.19188    3.19180          1     5.8785     5.8808      20.08     0.2009     0.3123 -1.590e-05  1.7206000    31.1170    31.1155    -0.0016    24.3345    24.3332     27.743     27.965      0.550    1475.06    1475.06  0.000e+00
