ctdpy/tests/etc/all_smhi_bas_2018/SBE09_0827_20180824_1334_26_01_0886.cnv
* Sea-Bird SBE 9 Data File:
* FileName = D:\CTD_SBE911\DAT\26DA.2018.8.86.hex
* Software Version Seasave V 7.21d
* Temperature SN = 034605
* Conductivity SN = 041844
* Number of Bytes Per Scan = 48
* Number of Voltage Words = 5
* Number of Scans Averaged by the Deck Unit = 1
* NMEA Latitude = 57 48.76 N
* NMEA Longitude = 010 59.04 E
* NMEA UTC (Time) = Aug 24 2018  13:36:48
* NMEA baud rate = 4800
** Ship: DANA
** Average sound velocity: 1511.33 m/s
** True-depth calculation Thu, 28 Mar 2019 09:26:46 +0000
** CTD Python Module SMHI /ver 3-12/ feb 2012 
** LIMS Job: 20182601-0886
**  6,5 ENE SKAGENS REV
** Operator: Christian
** Cruise: 08/2018
# nquan = 26
# nvalues = 97                          
# units = specified
# name 0 = scan: Scan Count
# name 1 = prDM: Pressure, Digiquartz [db]
# name 2 = t090C: Temperature [ITS-90, deg C]
# name 3 = t190C: Temperature, 2 [ITS-90, deg C]
# name 4 = T2-T190C: Temperature Difference, 2 - 1 [ITS-90, deg C]
# name 5 = c0S/m: Conductivity [S/m]
# name 6 = c1S/m: Conductivity, 2 [S/m]
# name 7 = pumps: Pump Status
# name 8 = sbeox1ML/L: Oxygen, SBE 43, 2 [ml/l]
# name 9 = sbeox0ML/L: Oxygen, SBE 43 [ml/l]
# name 10 = altM: Altimeter [m]
# name 11 = chloroflTC0: Chlorophyll, Turner Cyclops [ug/l]
# name 12 = cpar: CPAR/Corrected Irradiance [%]
# name 13 = par: PAR/Irradiance, Biospherical/Lico [µE/(cm^2*s)]
# name 14 = spar: SPAR, Biospherical/Licor
# name 15 = sal00: Salinity, Practical [PSU]
# name 16 = sal11: Salinity, Practical, 2 [PSU]
# name 17 = secS-priS: Salinity, Practical, Difference, 2 - 1 [PSU]
# name 18 = sigma-t00: Density [sigma-t, kg/m^3 ]
# name 19 = sigma-t11: Density, 2 [sigma-t, kg/m^3 ]
# name 20 = depSM: Depth [salt water, m], lat = 57.8127
# name 21 = depFM: Depth [true depth, m], lat = 57.8127
# name 22 = dz/dtM: Descent Rate [m/s], WS = 2
# name 23 = svCM: Sound Velocity [Chen-Millero, m/s]
# name 24 = svCM1: Sound Velocity, 2 [Chen-Millero, m/s]
# name 25 = flag: flag
# span 0 =        181,       4880       
# span 1 =      1.500,     49.500       
# span 2 =    14.6705,    17.6578       
# span 3 =    14.6732,    17.6573       
# span 4 =    -0.0225,     0.6725       
# span 5 =   4.068746,   4.242657       
# span 6 =   4.072060,   4.243033       
# span 7 =          1,          1       
# span 8 =     4.6517,     5.5615       
# span 9 =     4.4760,     5.3315       
# span 10 =       1.52,       9.98      
# span 11 =     0.0681,     0.3049      
# span 12 = -4.364e-06, 8.7445e+00      
# span 13 = -2.906e-05, 7.5891e+01      
# span 14 = 5.8915e+02, 8.6746e+02      
# span 15 =    32.1152,    33.2416      
# span 16 =    32.1185,    33.2752      
# span 17 =    -0.1059,     0.0472      
# span 18 =    23.1565,    24.6874      
# span 19 =    23.1588,    24.7087      
# span 20 =      1.486,     49.036      
# span 21 =      1.493,     49.265      
# span 22 =     -0.060,      0.394      
# span 23 =    1504.38,    1512.16      
# span 24 =    1504.43,    1512.17      
# span 25 = 0.0000e+00, 0.0000e+00      
# interval = decibars: 0.5              
# start_time = Aug 24 2018 13:36:48 [NMEA time, first data scan]
# bad_flag = -9.990e-29
*END*
[from data line 56]
       2852     29.500    17.6150    17.6157     0.0007    4.24257    4.24303          1     5.5250     5.2509       9.97     0.1557  1.044e-02  7.011e-02  6.713e+02    32.3449    32.3483     0.0034    23.3323    23.3348     29.225     29.364      0.233    1512.12    1512.13  0.000e+00
       2894     30.000    17.6095    17.6136     0.0041    4.24189    4.24289          1     5.5278     5.2385       9.97     0.1589  6.767e-03  4.529e-02  6.691e+02    32.3433    32.3486     0.0053    23.3324    23.3354     29.720     29.862      0.342    1512.11    1512.13  0.000e+00
       2930     30.500    17.6119    17.6122     0.0003    4.24226    4.24272          1     5.5319     5.2529       9.97     0.1532  3.191e-03  2.128e-02  6.667e+02    32.3445    32.3481     0.0036    23.3327    23.3354     30.216     30.359      0.289    1512.13    1512.14  0.000e+00
       2988     31.000    17.6117    17.6122     0.0005    4.24229    4.24274          1     5.5188     5.2498       9.97     0.1487  4.205e-04  2.802e-03  6.646e+02    32.3447    32.3481     0.0034    23.3329    23.3354     30.711     30.857      0.238    1512.14    1512.15  0.000e+00
       3030     31.500    17.6077    17.6091     0.0014    4.24178    4.24248          1     5.5152     5.2477       9.97     0.1453 -4.364e-06 -2.906e-05  6.614e+02    32.3433    32.3481     0.0048    23.3328    23.3362     31.206     31.355      0.367    1512.13    1512.14  0.000e+00
       3065     32.000    17.6015    17.6051     0.0037    4.24089    4.24197          1     5.5000     5.2345       9.97     0.1436  1.515e-13  1.000e-12  6.599e+02    32.3405    32.3468     0.0063    23.3321    23.3361     31.701     31.852      0.263    1512.12    1512.14  0.000e+00
       3129     32.500    17.5988    17.6012     0.0023    4.24057    4.24134          1     5.5104     5.2229       9.97     0.1391  1.523e-13  1.000e-12  6.565e+02    32.3397    32.3444     0.0047    23.3322    23.3352     32.197     32.350      0.266    1512.12    1512.13  0.000e+00
       3166     33.000    17.5965    17.5985     0.0020    4.24042    4.24108          1     5.4983     5.2117       9.97     0.1347  1.527e-13  1.000e-12  6.547e+02    32.3401    32.3441     0.0040    23.3330    23.3356     32.692     32.848      0.358    1512.12    1512.13  0.000e+00
       3205     33.500    17.5936    17.5959     0.0023    4.24018    4.24086          1     5.4991     5.2116       9.97     0.1364  1.531e-13  1.000e-12  6.532e+02    32.3402    32.3442     0.0040    23.3338    23.3363     33.187     33.345      0.242    1512.12    1512.13  0.000e+00
       3259     34.000    17.5947    17.5952     0.0006    4.24040    4.24083          1     5.4967     5.2220       9.97     0.1353  1.538e-13  1.000e-12  6.503e+02    32.3410    32.3442     0.0032    23.3342    23.3365     33.683     33.843      0.273    1512.14    1512.14  0.000e+00
       3299     34.500    17.6005    17.5976    -0.0029    4.24134    4.24121          1     5.5000     5.2431       9.97     0.1345  1.542e-13  1.000e-12  6.483e+02    32.3443    32.3454     0.0012    23.3353    23.3368     34.178     34.341      0.261    1512.16    1512.16  0.000e+00
       3351     35.000    17.5917    17.5966     0.0049    4.24083    4.24151          1     5.4965     5.1865       9.97     0.1363  1.547e-13  1.000e-12  6.463e+02    32.3467    32.3486     0.0019    23.3392    23.3395     34.673     34.838      0.253    1512.15    1512.17  0.000e+00
       3390     35.500    17.5147    17.5542     0.0395    4.23534    4.23918          1     5.4935     5.1544       9.97     0.1369  1.553e-13  1.000e-12  6.439e+02    32.3610    32.3624     0.0013    23.3685    23.3602     35.169     35.336      0.311    1511.94    1512.06  0.000e+00
       3439     36.000    17.4859    17.5123     0.0263    4.23341    4.23612          1     5.4477     5.1477       9.97     0.1303  1.557e-13  1.000e-12  6.421e+02    32.3673    32.3695     0.0021    23.3802    23.3756     35.664     35.834      0.209    1511.87    1511.95  0.000e+00
       3492     36.500    17.4627    17.4865     0.0239    4.23182    4.23437          1     5.4326     5.1385       9.97     0.1169  1.563e-13  1.000e-12  6.400e+02    32.3721    32.3749     0.0028    23.3894    23.3858     36.159     36.331      0.286    1511.82    1511.89  0.000e+00
       3530     37.000    17.4589    17.4699     0.0110    4.23179    4.23314          1     5.4173     5.1391       9.97     0.1099  1.568e-13  1.000e-12  6.377e+02    32.3747    32.3775     0.0028    23.3923    23.3918     36.654     36.829      0.316    1511.82    1511.85  0.000e+00
       3574     37.500    17.4574    17.4616     0.0041    4.23189    4.23265          1     5.4081     5.1557       9.97     0.1032  1.573e-13  1.000e-12  6.359e+02    32.3766    32.3798     0.0032    23.3941    23.3955     37.150     37.326      0.229    1511.82    1511.84  0.000e+00
       3628     38.000    17.4660    17.4625    -0.0034    4.23381    4.23309          1     5.4218     5.1246       9.97     0.1010  1.578e-13  1.000e-12  6.335e+02    32.3859    32.3826    -0.0033    23.3992    23.3975     37.645     37.824      0.275    1511.87    1511.85  0.000e+00
       3665     38.500    17.3484    17.4364     0.0878    4.22415    4.23245          1     5.4268     5.0552       9.97     0.0966  1.582e-13  1.000e-12  6.321e+02    32.3972    32.3978     0.0007    23.4357    23.4153     38.140     38.322      0.305    1511.54    1511.80  0.000e+00
       3720     39.000    17.2919    17.3480     0.0562    4.22176    4.22636          1     5.3630     5.0505       9.97     0.1016  1.587e-13  1.000e-12  6.302e+02    32.4218    32.4163    -0.0055    23.4679    23.4504     38.636     38.819      0.210    1511.40    1511.57  0.000e+00
       3772     39.500    17.2654    17.2960     0.0306    4.22075    4.22344          1     5.3157     5.0557       9.97     0.0907  1.594e-13  1.000e-12  6.274e+02    32.4341    32.4326    -0.0015    23.4836    23.4752     39.131     39.317      0.316    1511.35    1511.44  0.000e+00
       3808     40.000    17.2302    17.2608     0.0306    4.21963    4.22197          1     5.3210     5.0454       9.97     0.0769  1.598e-13  1.000e-12  6.256e+02    32.4526    32.4481    -0.0045    23.5060    23.4954     39.626     39.814      0.295    1511.27    1511.36  0.000e+00
       3859     40.500    17.2216    17.2372     0.0155    4.21936    4.22098          1     5.3166     5.0579       9.72     0.0707  1.602e-13  1.000e-12  6.240e+02    32.4570    32.4584     0.0014    23.5114    23.5088     40.121     40.312      0.227    1511.26    1511.31  0.000e+00
       3902     41.000    17.2113    17.2271     0.0158    4.21941    4.22064          1     5.3199     5.0635       9.25     0.0719  1.606e-13  1.000e-12  6.225e+02    32.4656    32.4634    -0.0021    23.5204    23.5151     40.617     40.810      0.340    1511.24    1511.29  0.000e+00
       3937     41.500    17.2081    17.2153     0.0072    4.21949    4.22048          1     5.3172     5.0576       8.76     0.0724  1.611e-13  1.000e-12  6.210e+02    32.4686    32.4714     0.0028    23.5235    23.5239     41.112     41.307      0.301    1511.25    1511.27  0.000e+00
       3989     42.000    17.2043    17.2107     0.0063    4.21996    4.22039          1     5.3214     5.0692       8.28     0.0744  1.616e-13  1.000e-12  6.190e+02    32.4755    32.4741    -0.0015    23.5297    23.5271     41.607     41.805      0.221    1511.25    1511.27  0.000e+00
       4035     42.500    17.2033    17.2038     0.0005    4.22088    4.22088          1     5.3155     5.0807       7.80     0.0811  1.621e-13  1.000e-12  6.168e+02    32.4841    32.4837    -0.0004    23.5365    23.5361     42.102     42.302      0.306    1511.27    1511.27  0.000e+00
       4076     43.000    17.2077    17.2028    -0.0048    4.22148    4.22129          1     5.3090     5.0902       7.31     0.0957  1.625e-13  1.000e-12  6.154e+02    32.4855    32.4878     0.0022    23.5366    23.5394     42.598     42.800      0.247    1511.29    1511.28  0.000e+00
       4134     43.500    17.2328    17.2103    -0.0225    4.22499    4.22224          1     5.3328     5.0869       6.83     0.0901  1.631e-13  1.000e-12  6.131e+02    32.4953    32.4897    -0.0055    23.5381    23.5392     43.093     43.297      0.236    1511.39    1511.31  0.000e+00
       4174     44.000    17.2341    17.2310    -0.0031    4.22522    4.22492          1     5.3506     5.1066       6.35     0.0880  1.636e-13  1.000e-12  6.113e+02    32.4960    32.4960    -0.0000    23.5384    23.5391     43.588     43.795      0.302    1511.40    1511.39  0.000e+00
       4227     44.500    17.2364    17.2364    -0.0000    4.22599    4.22607          1     5.3637     5.0975       5.86     0.0923  1.640e-13  1.000e-12  6.099e+02    32.5006    32.5014     0.0008    23.5413    23.5420     44.084     44.292      0.241    1511.42    1511.42  0.000e+00
       4269     45.000    17.2237    17.2305     0.0067    4.22549    4.22607          1     5.3457     5.1033       5.39     0.0954  1.645e-13  1.000e-12  6.078e+02    32.5064    32.5058    -0.0005    23.5488    23.5468     44.579     44.790      0.371    1511.39    1511.41  0.000e+00
       4308     45.500    17.2385    17.2299    -0.0085    4.22862    4.22697          1     5.3567     5.1456       4.88     0.0940  1.648e-13  1.000e-12  6.068e+02    32.5212    32.5139    -0.0073    23.5567    23.5531     45.074     45.288      0.255    1511.47    1511.43  0.000e+00
       4373     46.000    17.2442    17.2430    -0.0012    4.23075    4.22999          1     5.3907     5.1196       4.42     0.1003  1.653e-13  1.000e-12  6.048e+02    32.5346    32.5291    -0.0055    23.5656    23.5617     45.569     45.785      0.327    1511.51    1511.50  0.000e+00
       4402     46.500    16.9644    17.1689     0.2061    4.21707    4.22959          1     5.4151     4.8683       3.93     0.1008  1.658e-13  1.000e-12  6.031e+02    32.6428    32.5853    -0.0576    23.7140    23.6221     46.065     46.283      0.352    1510.79    1511.35  0.000e+00
       4459     47.000    15.5430    16.2177     0.6725    4.12522    4.17648          1     5.2291     4.6384       3.43     0.0848  1.662e-13  1.000e-12  6.015e+02    33.0076    32.9018    -0.1059    24.3166    24.0830     46.560     46.780      0.226    1506.84    1508.80  0.000e+00
       4510     47.500    14.9861    15.2384     0.2525    4.08733    4.11625          1     4.9757     4.5076       2.97     0.0729  1.667e-13  1.000e-12  5.998e+02    33.1357    33.1829     0.0472    24.5380    24.5195     47.055     47.277      0.353    1505.25    1506.10  0.000e+00
       4545     48.000    14.7921    14.9491     0.1569    4.07560    4.09497          1     4.8368     4.4760       2.48     0.0706  1.670e-13  1.000e-12  5.988e+02    33.1941    33.2362     0.0421    24.6248    24.6234     47.550     47.774      0.299    1504.70    1505.25  0.000e+00
       4603     48.500    14.6732    14.7656     0.0922    4.06875    4.08078          1     4.7293     4.4857       2.00     0.0681  1.676e-13  1.000e-12  5.968e+02    33.2330    33.2636     0.0306    24.6802    24.6840     48.046     48.271      0.186    1504.38    1504.71  0.000e+00
       4660     49.000    14.6749    14.6924     0.0175    4.06920    4.07519          1     4.6817     4.5026       1.53     0.0699  1.681e-13  1.000e-12  5.950e+02    33.2355    33.2752     0.0397    24.6818    24.7087     48.541     48.768      0.353    1504.39    1504.50  0.000e+00
       4880     49.500    14.6705    14.6732     0.0027    4.06948    4.07206          1     4.6517     4.4900       1.52     0.0720  1.697e-13  1.000e-12  5.891e+02    33.2416    33.2629     0.0213    24.6874    24.7033     49.036     49.265     -0.060    1504.39    1504.43  0.000e+00
