ctdpy/tests/etc/all_smhi_bas_2018/SBE09_0827_20181006_0018_26_01_1021.cnv
* Sea-Bird SBE 9 Data File:
* FileName = D:\CTD_SBE911\DAT\26DA.2018.10.21.hex
* Software Version Seasave V 7.21d
* Temperature SN = 4548
* Conductivity SN = 3062
* Number of Bytes Per Scan = 48
* Number of Voltage Words = 5
* Number of Scans Averaged by the Deck Unit = 1
* NMEA Latitude = 57 06.86 N
* NMEA Longitude = 017 42.14 E
* NMEA UTC (Time) = Oct 06 2018  00:20:41
* NMEA baud rate = 4800
** Ship: DANA
** Average sound velocity: 1448.33 m/s
** True-depth calculation Thu, 28 Mar 2019 12:18:22 +0000
** CTD Python Module SMHI /ver 3-12/ feb 2012 
** LIMS Job: 20182601-1021
** Operator: Christian A-KTh
** Cruise: 10/2018
# nquan = 26
# nvalues = 198                         
# units = specified
# name 0 = scan: Scan Count
# name 1 = prDM: Pressure, Digiquartz [db]
# name 2 = t090C: Temperature [ITS-90, deg C]
# name 3 = t190C: Temperature, 2 [ITS-90, deg C]
# name 4 = T2-T190C: Temperature Difference, 2 - 1 [ITS-90, deg C]
# name 5 = c0S/m: Conductivity [S/m]
# name 6 = c1S/m: Conductivity, 2 [S/m]
# name 7 = pumps: Pump Status
# name 8 = sbeox1ML/L: Oxygen, SBE 43, 2 [ml/l]
# name 9 = sbeox0ML/L: Oxygen, SBE 43 [ml/l]
# name 10 = altM: Altimeter [m]
# name 11 = chloroflTC0: Chlorophyll, Turner Cyclops [ug/l]
# name 12 = cpar: CPAR/Corrected Irradiance [%]
# name 13 = par: PAR/Irradiance, Biospherical/Lico [µE/(cm^2*s)]
# name 14 = spar: SPAR, Biospherical/Licor
# name 15 = sal00: Salinity, Practical [PSU]
# name 16 = sal11: Salinity, Practical, 2 [PSU]
# name 17 = secS-priS: Salinity, Practical, Difference, 2 - 1 [PSU]
# name 18 = sigma-t00: Density [sigma-t, kg/m^3 ]
# name 19 = sigma-t11: Density, 2 [sigma-t, kg/m^3 ]
# name 20 = depSM: Depth [salt water, m], lat = 57.1143
# name 21 = depFM: Depth [true depth, m], lat = 57.1143
# name 22 = dz/dtM: Descent Rate [m/s], WS = 2
# name 23 = svCM: Sound Velocity [Chen-Millero, m/s]
# name 24 = svCM1: Sound Velocity, 2 [Chen-Millero, m/s]
# name 25 = flag: flag
# span 0 =        295,      10772       
# span 1 =      1.500,    100.000       
# span 2 =     3.9599,    12.5529       
# span 3 =     3.9064,    12.5529       
# span 4 =    -0.5376,     0.0358       
# span 5 =   0.777522,   1.163149       
# span 6 =   0.778446,   1.163163       
# span 7 =          1,          1       
# span 8 =     0.0312,     7.2230       
# span 9 =     0.0417,     6.7976       
# span 10 =       1.57,       9.97      
# span 11 =     0.0159,     0.0311      
# span 12 = -1.496e+02, 6.5437e+03      
# span 13 = 1.0000e-12, 1.0000e-12      
# span 14 = 1.8979e+00, 2.0338e+00      
# span 15 =     6.8618,    10.7447      
# span 16 =     6.8621,    10.7448      
# span 17 =    -0.0002,     0.0696      
# span 18 =     4.7501,     8.4488      
# span 19 =     4.7502,     8.4488      
# span 20 =      1.486,     99.057      
# span 21 =      1.521,    101.184      
# span 22 =     -0.060,      0.455      
# span 23 =    1431.65,    1465.63      
# span 24 =    1431.44,    1465.63      
# span 25 = 0.0000e+00, 0.0000e+00      
# interval = decibars: 0.5              
# start_time = Oct 06 2018 00:20:41 [NMEA time, first data scan]
# bad_flag = -9.990e-29
*END*
[from data line 112]
       5497     57.500     5.0331     5.0563     0.0232    1.01345    1.01696          1     0.3881     0.4174       9.97     0.0170  4.924e-11  1.000e-12  2.031e+00     9.4959     9.5247     0.0288     7.5073     7.5290     56.963     58.246      0.217    1439.42    1439.56  0.000e+00
       5557     58.000     5.0716     5.0987     0.0270    1.02096    1.02496          1     0.1753     0.1477       9.97     0.0171  4.924e-11  1.000e-12  2.031e+00     9.5607     9.5932     0.0325     7.5567     7.5812     57.459     58.752      0.303    1439.68    1439.84  0.000e+00
       5588     58.500     5.1297     5.1575     0.0279    1.03109    1.03450          1     0.1082     0.1329       9.97     0.0171  4.924e-11  1.000e-12  2.031e+00     9.6461     9.6725     0.0264     7.6214     7.6410     57.954     59.257      0.366    1440.05    1440.20  0.000e+00
       5630     59.000     5.1739     5.1993     0.0253    1.03799    1.04171          1     0.1057     0.1283       9.97     0.0172  4.924e-11  1.000e-12  2.031e+00     9.7028     9.7329     0.0301     7.6641     7.6867     58.449     59.762      0.222    1440.32    1440.47  0.000e+00
       5690     59.500     5.2115     5.2277     0.0162    1.04463    1.04648          1     0.1315     0.1246       9.97     0.0172  4.924e-11  1.000e-12  2.031e+00     9.7586     9.7726     0.0139     7.7064     7.7166     58.944     60.268      0.277    1440.56    1440.65  0.000e+00
       5724     60.000     5.2379     5.2520     0.0141    1.04879    1.05009          1     0.1283     0.1208       9.97     0.0171  4.924e-11  1.000e-12  2.031e+00     9.7927     9.8018     0.0090     7.7320     7.7385     59.440     60.773      0.363    1440.73    1440.80  0.000e+00
       5762     60.500     5.2541     5.2668     0.0127    1.05070    1.05219          1     0.1296     0.1176       9.97     0.0171  4.924e-11  1.000e-12  2.031e+00     9.8071     9.8185     0.0114     7.7426     7.7509     59.935     61.279      0.253    1440.83    1440.90  0.000e+00
       5821     61.000     5.2724     5.2926     0.0201    1.05426    1.05737          1     0.1300     0.1089       9.97     0.0171  4.924e-11  1.000e-12  2.031e+00     9.8376     9.8630     0.0254     7.7657     7.7848     60.430     61.784      0.245    1440.95    1441.07  0.000e+00
       5860     61.500     5.2951     5.3064     0.0112    1.05847    1.06038          1     0.1229     0.1046       9.97     0.0171  4.924e-11  1.000e-12  2.031e+00     9.8732     9.8891     0.0159     7.7927     7.8047     60.926     62.289      0.328    1441.10    1441.17  0.000e+00
       5907     62.000     5.3043     5.3185     0.0142    1.06046    1.06248          1     0.1190     0.1024       9.97     0.0171  4.924e-11  1.000e-12  2.031e+00     9.8905     9.9065     0.0161     7.8059     7.8178     61.421     62.795      0.224    1441.17    1441.26  0.000e+00
       5955     62.500     5.3215     5.3355     0.0139    1.06339    1.06511          1     0.1113     0.0947       9.97     0.0171  4.924e-11  1.000e-12  2.031e+00     9.9147     9.9278     0.0132     7.8241     7.8338     61.916     63.300      0.319    1441.29    1441.36  0.000e+00
       5992     63.000     5.3391     5.3591     0.0200    1.06633    1.06935          1     0.1089     0.0951       9.97     0.0171  4.924e-11  1.000e-12  2.031e+00     9.9390     9.9634     0.0244     7.8424     7.8606     62.411     63.805      0.280    1441.40    1441.52  0.000e+00
       6042     63.500     5.3599     5.3735     0.0137    1.06977    1.07142          1     0.1043     0.0929       9.97     0.0171  4.924e-11  1.000e-12  2.031e+00     9.9673     9.9798     0.0125     7.8637     7.8728     62.907     64.311      0.237    1441.54    1441.61  0.000e+00
       6086     64.000     5.3749     5.3991     0.0242    1.07191    1.07521          1     0.1052     0.0857       9.97     0.0171  4.924e-11  1.000e-12  2.031e+00     9.9843    10.0102     0.0259     7.8763     7.8955     63.402     64.816      0.312    1441.63    1441.77  0.000e+00
       6126     64.500     5.4007     5.4217     0.0209    1.07650    1.07966          1     0.0965     0.0868       9.97     0.0171  4.924e-11  1.000e-12  2.031e+00    10.0226    10.0481     0.0255     7.9052     7.9242     63.897     65.321      0.262    1441.80    1441.92  0.000e+00
       6184     65.000     5.4219     5.4329     0.0110    1.08021    1.08162          1     0.0960     0.0855       9.97     0.0171  4.924e-11  1.000e-12  2.031e+00    10.0534    10.0643     0.0109     7.9284     7.9364     64.392     65.826      0.210    1441.94    1442.00  0.000e+00
       6232     65.500     5.4328     5.4371     0.0043    1.08204    1.08236          1     0.0887     0.0820       9.97     0.0171  4.924e-11  1.000e-12  2.031e+00    10.0685    10.0704     0.0019     7.9397     7.9410     64.888     66.332      0.288    1442.01    1442.03  0.000e+00
       6270     66.000     5.4383     5.4454     0.0071    1.08299    1.08377          1     0.0916     0.0811       9.97     0.0171  4.924e-11  1.000e-12  2.031e+00    10.0763    10.0819     0.0056     7.9456     7.9496     65.383     66.837      0.328    1442.05    1442.09  0.000e+00
       6309     66.500     5.4465     5.4556     0.0091    1.08432    1.08568          1     0.0845     0.0785       9.97     0.0171  4.924e-11  1.000e-12  2.031e+00    10.0871    10.0980     0.0109     7.9536     7.9617     65.878     67.342      0.262    1442.11    1442.16  0.000e+00
       6370     67.000     5.4577     5.4701     0.0124    1.08648    1.08799          1     0.0855     0.0780       9.97     0.0171  4.924e-11  1.000e-12  2.031e+00    10.1053    10.1168     0.0114     7.9674     7.9758     66.373     67.847      0.243    1442.19    1442.26  0.000e+00
       6410     67.500     5.4794     5.4963     0.0170    1.08979    1.09212          1     0.0800     0.0768       9.97     0.0171  4.924e-11  1.000e-12  2.031e+00    10.1319    10.1502     0.0183     7.9872     8.0007     66.869     68.353      0.342    1442.32    1442.42  0.000e+00
       6450     68.000     5.5042     5.5171     0.0130    1.09426    1.09634          1     0.0812     0.0763       9.97     0.0171  4.924e-11  1.000e-12  2.031e+00    10.1692    10.1861     0.0169     8.0153     8.0280     67.364     68.858      0.251    1442.49    1442.56  0.000e+00
       6503     68.500     5.5185     5.5254     0.0070    1.09756    1.09872          1     0.0743     0.0756       9.97     0.0171  4.924e-11  1.000e-12  2.031e+00    10.1979    10.2073     0.0095     8.0371     8.0442     67.859     69.363      0.235    1442.59    1442.63  0.000e+00
       6555     69.000     5.5244     5.5268     0.0024    1.09902    1.09920          1     0.0783     0.0741       9.97     0.0171  4.924e-11  1.000e-12  2.031e+00    10.2107    10.2117     0.0010     8.0469     8.0476     68.354     69.868      0.231    1442.64    1442.65  0.000e+00
       6599     69.500     5.5250     5.5274     0.0024    1.09923    1.09935          1     0.0782     0.0748       9.97     0.0173  4.924e-11  1.000e-12  2.031e+00    10.2124    10.2130     0.0006     8.0483     8.0485     68.849     70.373      0.337    1442.66    1442.67  0.000e+00
       6634     70.000     5.5261     5.5276     0.0015    1.09935    1.09943          1     0.0725     0.0725       9.97     0.0171  4.924e-11  1.000e-12  2.031e+00    10.2133    10.2136     0.0003     8.0489     8.0490     69.345     70.879      0.290    1442.67    1442.68  0.000e+00
       6696     70.500     5.5266     5.5284     0.0017    1.09943    1.09957          1     0.0727     0.0711       9.97     0.0171  4.924e-11  1.000e-12  2.031e+00    10.2137    10.2147     0.0010     8.0492     8.0499     69.840     71.384      0.226    1442.68    1442.69  0.000e+00
       6742     71.000     5.5276     5.5295     0.0019    1.09965    1.09975          1     0.0722     0.0710       9.97     0.0176  4.924e-11  1.000e-12  2.031e+00    10.2156    10.2160     0.0004     8.0506     8.0508     70.335     71.889      0.306    1442.69    1442.70  0.000e+00
       6786     71.500     5.5297     5.5331     0.0033    1.09989    1.10025          1     0.0712     0.0668       9.97     0.0171  4.924e-11  1.000e-12  2.031e+00    10.2172    10.2199     0.0027     8.0518     8.0537     70.830     72.394      0.237    1442.71    1442.73  0.000e+00
       6840     72.000     5.5357     5.5402     0.0045    1.10089    1.10144          1     0.0638     0.0685       9.97     0.0171  4.924e-11  1.000e-12  2.031e+00    10.2254    10.2295     0.0041     8.0579     8.0609     71.326     72.899      0.252    1442.76    1442.78  0.000e+00
       6880     72.500     5.5418     5.5461     0.0043    1.10223    1.10294          1     0.0684     0.0661       9.97     0.0171  4.924e-11  1.000e-12  2.031e+00    10.2369    10.2427     0.0058     8.0666     8.0710     71.821     73.405      0.319    1442.81    1442.83  0.000e+00
       6927     73.000     5.5469     5.5553     0.0084    1.10331    1.10470          1     0.0681     0.0663       9.97     0.0171  4.924e-11  1.000e-12  2.031e+00    10.2461    10.2574     0.0113     8.0736     8.0821     72.316     73.910      0.211    1442.85    1442.90  0.000e+00
       6982     73.500     5.5631     5.5758     0.0127    1.10619    1.10790          1     0.0683     0.0647       9.97     0.0171  4.924e-11  1.000e-12  2.031e+00    10.2699    10.2832     0.0133     8.0915     8.1012     72.811     74.415      0.330    1442.95    1443.03  0.000e+00
       7014     74.000     5.5823     5.5963     0.0140    1.10961    1.11190          1     0.0654     0.0656       9.97     0.0171  4.924e-11  1.000e-12  2.031e+00    10.2982    10.3168     0.0186     8.1127     8.1266     73.307     74.920      0.325    1443.08    1443.17  0.000e+00
       7070     74.500     5.5949     5.6052     0.0103    1.11186    1.11343          1     0.0617     0.0650       9.97     0.0171  4.924e-11  1.000e-12  2.031e+00    10.3168    10.3294     0.0126     8.1267     8.1360     73.802     75.425      0.216    1443.17    1443.23  0.000e+00
       7119     75.000     5.6080     5.6162     0.0082    1.11454    1.11573          1     0.0608     0.0630       9.97     0.0171  4.924e-11  1.000e-12  2.031e+00    10.3395    10.3490     0.0095     8.1439     8.1509     74.297     75.931      0.339    1443.26    1443.31  0.000e+00
       7155     75.500     5.6188     5.6239     0.0051    1.11667    1.11750          1     0.0619     0.0629       9.97     0.0171  4.924e-11  1.000e-12  2.031e+00    10.3575    10.3642     0.0067     8.1574     8.1624     74.792     76.436      0.259    1443.34    1443.37  0.000e+00
       7217     76.000     5.6231     5.6269     0.0038    1.11759    1.11814          1     0.0599     0.0616       9.97     0.0172  4.924e-11  1.000e-12  2.031e+00    10.3653    10.3697     0.0044     8.1633     8.1666     75.287     76.941      0.288    1443.37    1443.40  0.000e+00
       7250     76.500     5.6260     5.6284     0.0024    1.11819    1.11849          1     0.0580     0.0616       9.97     0.0176  4.924e-11  1.000e-12  2.031e+00    10.3703    10.3726     0.0023     8.1671     8.1688     75.783     77.446      0.339    1443.40    1443.41  0.000e+00
       7304     77.000     5.6282     5.6361     0.0079    1.11865    1.11971          1     0.0593     0.0617       9.97     0.0178  4.924e-11  1.000e-12  2.031e+00    10.3742    10.3824     0.0082     8.1700     8.1760     76.278     77.951      0.224    1443.42    1443.47  0.000e+00
       7357     77.500     5.6399     5.6450     0.0051    1.12053    1.12111          1     0.0573     0.0624       9.97     0.0173  4.924e-11  1.000e-12  2.031e+00    10.3893    10.3936     0.0043     8.1813     8.1844     76.773     78.456      0.347    1443.50    1443.53  0.000e+00
       7391     78.000     5.6470     5.6554     0.0084    1.12171    1.12284          1     0.0577     0.0600       9.97     0.0172  4.924e-11  1.000e-12  2.031e+00    10.3988    10.4075     0.0087     8.1884     8.1948     77.268     78.961      0.289    1443.55    1443.60  0.000e+00
       7449     78.500     5.6575     5.6650     0.0074    1.12350    1.12452          1     0.0574     0.0595       9.97     0.0171  4.924e-11  1.000e-12  2.031e+00    10.4134    10.4213     0.0079     8.1993     8.2051     77.764     79.467      0.236    1443.62    1443.66  0.000e+00
       7490     79.000     5.6685     5.6724     0.0039    1.12545    1.12590          1     0.0565     0.0581       9.97     0.0171  4.924e-11  1.000e-12  2.031e+00    10.4294    10.4328     0.0034     8.2113     8.2137     78.259     79.972      0.316    1443.70    1443.72  0.000e+00
       7541     79.500     5.6736     5.6791     0.0055    1.12633    1.12705          1     0.0531     0.0588       9.97     0.0171  4.924e-11  1.000e-12  2.031e+00    10.4366    10.4421     0.0055     8.2167     8.2207     78.754     80.477      0.228    1443.74    1443.77  0.000e+00
       7584     80.000     5.6825     5.6866     0.0041    1.12770    1.12815          1     0.0497     0.0567       9.97     0.0171  4.924e-11  1.000e-12  2.031e+00    10.4475    10.4507     0.0032     8.2247     8.2270     79.249     80.982      0.379    1443.80    1443.82  0.000e+00
       7616     80.500     5.6870     5.6903     0.0032    1.12854    1.12916          1     0.0553     0.0547       9.97     0.0171  4.924e-11  1.000e-12  2.031e+00    10.4543    10.4596     0.0052     8.2299     8.2338     79.744     81.487      0.275    1443.83    1443.85  0.000e+00
       7699     81.000     5.6892     5.6925     0.0034    1.12918    1.12978          1     0.0522     0.0564       9.97     0.0171  4.924e-11  1.000e-12  2.031e+00    10.4600    10.4650     0.0050     8.2342     8.2379     80.240     81.992      0.293    1443.86    1443.88  0.000e+00
       7728     81.500     5.6926     5.6967     0.0040    1.13000    1.13044          1     0.0514     0.0562       9.97     0.0171  4.924e-11  1.000e-12  2.031e+00    10.4671    10.4701     0.0031     8.2396     8.2418     80.735     82.497      0.362    1443.89    1443.91  0.000e+00
       7771     82.000     5.6976     5.7012     0.0036    1.13069    1.13110          1     0.0521     0.0550       9.97     0.0171  4.924e-11  1.000e-12  2.031e+00    10.4724    10.4753     0.0029     8.2435     8.2456     81.230     83.002      0.233    1443.92    1443.94  0.000e+00
       7824     82.500     5.7010     5.7025     0.0016    1.13133    1.13148          1     0.0515     0.0557       9.97     0.0171  4.924e-11  1.000e-12  2.031e+00    10.4776    10.4786     0.0010     8.2474     8.2481     81.725     83.507      0.235    1443.95    1443.96  0.000e+00
       7874     83.000     5.7038     5.7055     0.0017    1.13181    1.13193          1     0.0491     0.0554       9.97     0.0172  4.924e-11  1.000e-12  2.031e+00    10.4814    10.4821     0.0007     8.2502     8.2507     82.220     84.013      0.262    1443.98    1443.99  0.000e+00
       7914     83.500     5.7067     5.7096     0.0029    1.13229    1.13260          1     0.0503     0.0563       9.97     0.0171  4.924e-11  1.000e-12  2.031e+00    10.4852    10.4874     0.0022     8.2530     8.2546     82.716     84.518      0.310    1444.00    1444.02  0.000e+00
       7963     84.000     5.7093     5.7120     0.0026    1.13278    1.13319          1     0.0474     0.0555       9.97     0.0171  4.924e-11  1.000e-12  2.031e+00    10.4892    10.4925     0.0033     8.2561     8.2585     83.211     85.023      0.209    1444.03    1444.04  0.000e+00
       8019     84.500     5.7128     5.7143     0.0015    1.13358    1.13373          1     0.0479     0.0556       9.97     0.0171  4.924e-11  1.000e-12  2.031e+00    10.4961    10.4971     0.0010     8.2613     8.2620     83.706     85.528      0.279    1444.06    1444.07  0.000e+00
