ctdpy/tests/etc/all_smhi_bas_2018/SBE09_1044_20180924_0700_34_01_0047.cnv
* Sea-Bird SBE 9 Data File:
* FileName = C:\ctd\temp\2018\AR18D047.hex
* Software Version Seasave V 7.26.6.26
* Temperature SN = 5351
* Conductivity SN = 3941
* Number of Bytes Per Scan = 41
* Number of Voltage Words = 4
* Number of Scans Averaged by the Deck Unit = 1
* NMEA Latitude = 58 18.90 N
* NMEA Longitude = 010 56.35 E
* NMEA UTC (Time) = Sep 24 2018  07:00:12
* NMEA baud rate = 4800
** Station:  Å14
** Operator:  MHan
** Ship: ARANDA
** Average sound velocity: 1500.08 m/s
** True-depth calculation Mon, 24 Sep 2018 07:12:21 +0000
** CTD Python Module SMHI /ver 3-12/ feb 2012 
** LIMS Job: 20183401-0047
** Cruise: SMHI-02-2018
** Latitude [GG MM.mm N] :
** Longitude [GG MM.mm E]:
# nquan = 26
# nvalues = 208                         
# units = specified
# name 0 = scan: Scan Count
# name 1 = prDM: Pressure, Digiquartz [db]
# name 2 = t090C: Temperature [ITS-90, deg C]
# name 3 = t190C: Temperature, 2 [ITS-90, deg C]
# name 4 = T2-T190C: Temperature Difference, 2 - 1 [ITS-90, deg C]
# name 5 = c0S/m: Conductivity [S/m]
# name 6 = c1S/m: Conductivity, 2 [S/m]
# name 7 = pumps: Pump Status
# name 8 = sbeox0ML/L: Oxygen, SBE 43 [ml/l]
# name 9 = sbeox1ML/L: Oxygen, SBE 43, 2 [ml/l]
# name 10 = altM: Altimeter [m]
# name 11 = flECO-AFL: Chl-a Fluorescence, WET Labs ECO-AFL/FL [mg/m^3]
# name 12 = flECO-AFL1: Phycocyanin Fluorescence, WET Labs ECO-AFL/FL, 2 [mg/m^3]
# name 13 = par: PAR/Irradiance, Biospherical/Lico [µE/(cm^2*s)]
# name 14 = turbWETntu0: Turbidity, WET Labs ECO [NTU]
# name 15 = sal00: Salinity, Practical [PSU]
# name 16 = sal11: Salinity, Practical, 2 [PSU]
# name 17 = secS-priS: Salinity, Practical, Difference, 2 - 1 [PSU]
# name 18 = sigma-t00: Density [sigma-t, Kg/m^3 ]
# name 19 = sigma-t11: Density, 2 [sigma-t, Kg/m^3 ]
# name 20 = depSM: Depth [salt water, m], lat = 58.315
# name 21 = depFM: Depth [true depth, m], lat = 58.315
# name 22 = dz/dtM: Descent Rate [m/s], WS = 2
# name 23 = svCM: Sound Velocity [Chen-Millero, m/s]
# name 24 = svCM1: Sound Velocity, 2 [Chen-Millero, m/s]
# name 25 = flag: flag
# span 0 =       1175,       6332       
# span 1 =      0.500,    104.000       
# span 2 =    11.5664,    14.7357       
# span 3 =    11.5672,    14.7357       
# span 4 =    -0.0374,     0.0266       
# span 5 =   3.573479,   4.129627       
# span 6 =   3.605531,   4.129463       
# span 7 =          1,          1       
# span 8 =    4.93937,    5.78114       
# span 9 =    3.15927,   10.31223       
# span 10 =       1.38,      99.29      
# span 11 =     0.3334,     1.4210      
# span 12 =     0.1792,     0.4060      
# span 13 = -4.817e-07, 4.2039e+03      
# span 14 =     0.3898,    12.1537      
# span 15 =    28.7969,    34.6475      
# span 16 =    29.0862,    34.6471      
# span 17 =    -0.0803,     0.2893      
# span 18 =    21.2676,    26.3970      
# span 19 =    21.4905,    26.3966      
# span 20 =      0.495,    103.008      
# span 21 =      0.499,    103.292      
# span 22 =     -0.210,      1.154      
# span 23 =    1496.39,    1503.83      
# span 24 =    1496.39,    1503.84      
# span 25 = 0.0000e+00, 0.0000e+00      
# interval = decibars: 0.5              
# start_time = Sep 24 2018 07:00:12 [NMEA time, first data scan]
# bad_flag = -9.990e-29
*END*
       1175      0.500    14.6515    14.6511    -0.0004    3.57348    3.60553          1     5.7324     3.9636      77.40     1.1327     0.2931  4.204e+03 10.4351000    28.7969    29.0862     0.2893    21.2676    21.4905      0.495      0.499      0.697    1498.34    1498.68  0.000e+00
       1194      1.000    14.6491    14.6500     0.0009    3.68848    3.69808          1     5.7113     3.9404       5.21     1.0877     0.2288  1.673e+03 12.1537000    29.8291    29.9147     0.0856    22.0626    22.1283      0.991      0.997      0.544    1499.55    1499.65  0.000e+00
       1294      1.500    14.6545    14.6563     0.0018    3.71520    3.71802          1     5.7166     3.8417       1.96     1.0588     0.3362  4.426e+02  0.8334000    30.0647    30.0887     0.0240    22.2429    22.2609      1.486      1.495      0.271    1499.85    1499.88  0.000e+00
       1380      2.000    14.6510    14.6534     0.0024    3.71766    3.71811          1     5.7811     3.9819       1.38     1.0301     0.3059  4.884e+02  0.6855000    30.0893    30.0915     0.0022    22.2625    22.2637      1.981      1.994      0.295    1499.87    1499.88  0.000e+00
       1421      2.500    14.6602    14.6594    -0.0008    3.72193    3.72153          1     5.7808     4.4044      68.85     1.1730     0.3401  2.990e+02  0.7076000    30.1204    30.1175    -0.0029    22.2846    22.2825      2.477      2.492      0.320    1499.94    1499.94  0.000e+00
       1457      3.000    14.6620    14.6646     0.0025    3.72227    3.72368          1     5.7773     6.5378      33.30     1.3210     0.3806  2.761e+02  0.7175000    30.1219    30.1326     0.0108    22.2853    22.2931      2.972      2.990      0.358    1499.96    1499.98  0.000e+00
       1487      3.500    14.6703    14.6680    -0.0022    3.72758    3.72590          1     5.7739    10.3122       5.26     1.3975     0.3652  2.771e+02  0.7045000    30.1630    30.1497    -0.0133    22.3153    22.3055      3.467      3.488      0.475    1500.04    1500.02  0.000e+00
       1510      4.000    14.6726    14.6757     0.0031    3.72926    3.73185          1     5.7698     7.6659      48.81     1.4210     0.4060  2.053e+02  0.6922000    30.1762    30.1971     0.0208    22.3250    22.3404      3.963      3.986      0.473    1500.07    1500.11  0.000e+00
       1540      4.500    14.6829    14.6828    -0.0001    3.73953    3.73857          1     5.7586     5.8169      42.77     1.3982     0.3929  1.291e+02  0.7083000    30.2604    30.2519    -0.0085    22.3877    22.3811      4.458      4.484      0.284    1500.21    1500.21  0.000e+00
       1610      5.000    14.7026    14.7039     0.0014    3.75830    3.75973          1     5.6937     4.3579      98.64     1.3389     0.3647  1.454e+02  0.7269000    30.4137    30.4255     0.0118    22.5016    22.5104      4.953      4.982      0.344    1500.47    1500.48  0.000e+00
       1636      5.500    14.7101    14.7104     0.0003    3.77216    3.77132          1     5.6402     4.2389      98.71     1.3021     0.3632  1.205e+02  0.7083000    30.5324    30.5246    -0.0078    22.5914    22.5853      5.449      5.480      0.572    1500.64    1500.63  0.000e+00
       1655      6.000    14.7185    14.7226     0.0042    3.78645    3.79384          1     5.6036     4.1827      98.71     1.3008     0.3137  9.688e+01  0.7123000    30.6543    30.7176     0.0633    22.6836    22.7314      5.944      5.978      0.675    1500.81    1500.90  0.000e+00
       1672      6.500    14.7258    14.7285     0.0027    3.80038    3.80384          1     5.5906     4.1284      98.71     1.3369     0.3011  7.743e+01  0.7354000    30.7738    30.8029     0.0291    22.7740    22.7959      6.440      6.476      0.657    1500.98    1501.03  0.000e+00
       1694      7.000    14.7312    14.7322     0.0010    3.81842    3.81740          1     5.5914     4.0511      98.71     1.2695     0.3135  6.080e+01  0.7298000    30.9319    30.9219    -0.0101    22.8947    22.8867      6.935      6.974      0.389    1501.19    1501.19  0.000e+00
       1777      7.500    14.7357    14.7357     0.0000    3.87962    3.88405          1     5.6095     3.8746      98.71     1.2065     0.3083  7.616e+01  0.7776000    31.4803    31.5203     0.0400    23.3162    23.3470      7.430      7.472      0.357    1501.85    1501.90  0.000e+00
       1795      8.000    14.7308    14.7326     0.0018    3.88831    3.88613          1     5.6152     3.8281      98.71     1.1631     0.3239  6.697e+01  0.8235000    31.5626    31.5416    -0.0211    23.3806    23.3640      7.925      7.970      0.603    1501.94    1501.93  0.000e+00
       1814      8.500    14.7289    14.7302     0.0013    3.89260    3.89173          1     5.6247     3.7872      98.71     1.1510     0.3092  5.143e+01  0.8266000    31.6028    31.5939    -0.0089    23.4120    23.4048      8.421      8.467      0.596    1501.99    1501.99  0.000e+00
       1838      9.000    14.7246    14.7254     0.0008    3.90150    3.90170          1     5.6255     3.7495      98.71     1.1428     0.3584  4.093e+01  0.8177000    31.6866    31.6878     0.0011    23.4774    23.4781      8.916      8.965      0.393    1502.09    1502.09  0.000e+00
       1883      9.500    14.7170    14.7171     0.0001    3.91490    3.91591          1     5.6089     3.7046      98.71     1.1071     0.3351  3.807e+01  0.8254000    31.8139    31.8230     0.0091    23.5771    23.5841      9.412      9.463      0.289    1502.22    1502.23  0.000e+00
       1910     10.000    14.7087    14.7088     0.0001    3.92063    3.92076          1     5.5899     3.6686      98.71     1.0623     0.3421  3.599e+01  0.8131000    31.8723    31.8735     0.0011    23.6239    23.6247      9.907      9.960      0.585    1502.27    1502.27  0.000e+00
       1929     10.500    14.6946    14.6988     0.0043    3.92595    3.92496          1     5.5891     3.6344      98.71     1.0466     0.2955  3.088e+01  0.8438000    31.9320    31.9195    -0.0124    23.6728    23.6623     10.402     10.458      0.619    1502.30    1502.30  0.000e+00
       1950     11.000    14.6420    14.6668     0.0249    3.94081    3.93422          1     5.6118     3.6193      98.71     1.0267     0.2944  2.601e+01  0.7870000    32.1100    32.0296    -0.0803    23.8211    23.7539     10.898     10.955      0.471    1502.35    1502.33  0.000e+00
       1986     11.500    14.5543    14.5526    -0.0018    3.96177    3.96283          1     5.6108     3.6144      98.71     0.9821     0.2684  2.398e+01  0.7209000    32.3730    32.3841     0.0111    24.0424    24.0513     11.393     11.452      0.319    1502.38    1502.39  0.000e+00
       2016     12.000    14.5073    14.5057    -0.0015    3.97289    3.97403          1     5.5907     3.6157      98.71     0.9392     0.2656  2.274e+01  0.6876000    32.5135    32.5254     0.0118    24.1606    24.1701     11.888     11.950      0.566    1502.40    1502.41  0.000e+00
       2034     12.500    14.4456    14.4678     0.0220    3.98633    3.98188          1     5.5914     3.6088      98.71     0.9240     0.2799  1.946e+01  0.6981000    32.6880    32.6287    -0.0594    24.3082    24.2577     12.384     12.447      0.707    1502.41    1502.42  0.000e+00
       2050     13.000    14.3977    14.4243     0.0266    3.99547    3.99085          1     5.5935     3.6046      98.71     0.8963     0.2532  1.616e+01  0.6816000    32.8120    32.7472    -0.0648    24.4139    24.3583     12.879     12.944      0.744    1502.41    1502.42  0.000e+00
       2066     13.500    14.3497    14.3684     0.0188    4.00415    4.00108          1     5.5989     3.6038      98.71     0.9023     0.2698  1.343e+01  0.6418000    32.9321    32.8881    -0.0440    24.5166    24.4788     13.374     13.441      0.702    1502.41    1502.41  0.000e+00
       2084     14.000    14.3186    14.3203     0.0017    4.01297    4.01391          1     5.6120     3.5991      98.71     0.9016     0.2940  1.165e+01  0.5694000    33.0395    33.0466     0.0071    24.6060    24.6111     13.869     13.938      0.596    1502.44    1502.45  0.000e+00
       2107     14.500    14.2851    14.2820    -0.0031    4.02233    4.02333          1     5.6107     3.6043      98.71     0.7856     0.2564  1.115e+01  0.4829000    33.1540    33.1658     0.0119    24.7013    24.7112     14.365     14.435      0.525    1502.47    1502.48  0.000e+00
       2129     15.000    14.2680    14.2676    -0.0004    4.02468    4.02515          1     5.6032     3.6168      98.71     0.7872     0.2820  1.143e+01  0.4647000    33.1901    33.1947     0.0046    24.7328    24.7365     14.860     14.932      0.617    1502.47    1502.47  0.000e+00
       2147     15.500    14.2597    14.2624     0.0027    4.02636    4.02630          1     5.6165     3.6465      98.71     0.7708     0.2990  1.112e+01  0.5105000    33.2124    33.2096    -0.0028    24.7518    24.7491     15.355     15.429      0.711    1502.48    1502.48  0.000e+00
       2163     16.000    14.2516    14.2541     0.0026    4.02789    4.02777          1     5.6271     3.6755      98.71     0.7588     0.3147  1.003e+01  0.5322000    33.2334    33.2301    -0.0033    24.7697    24.7666     15.851     15.926      0.720    1502.48    1502.49  0.000e+00
       2180     16.500    14.2480    14.2497     0.0017    4.02908    4.02906          1     5.6243     3.7003      98.71     0.7381     0.2199  8.454e+00  0.4643000    33.2471    33.2455    -0.0016    24.7811    24.7795     16.346     16.423      0.669    1502.50    1502.50  0.000e+00
       2199     17.000    14.2408    14.2404    -0.0004    4.02997    4.03034          1     5.6210     3.7330      98.71     0.7458     0.2558  7.133e+00  0.4662000    33.2615    33.2651     0.0037    24.7936    24.7965     16.841     16.920      0.546    1502.50    1502.50  0.000e+00
       2226     17.500    14.2320    14.2304    -0.0016    4.03127    4.03186          1     5.6297     3.7871      98.71     0.7650     0.2792  6.357e+00  0.4285000    33.2807    33.2876     0.0069    24.8103    24.8160     17.337     17.417      0.442    1502.50    1502.50  0.000e+00
       2251     18.000    14.2245    14.2245    -0.0000    4.03309    4.03371          1     5.6243     3.8726      98.71     0.7734     0.2827  5.958e+00  0.3982000    33.3038    33.3095     0.0057    24.8297    24.8342     17.832     17.914      0.617    1502.51    1502.52  0.000e+00
       2267     18.500    14.2198    14.2207     0.0009    4.03541    4.03555          1     5.6204     3.9388      98.71     0.7748     0.2916  5.655e+00  0.4012000    33.3290    33.3295     0.0005    24.8501    24.8504     18.327     18.411      0.796    1502.53    1502.53  0.000e+00
       2281     19.000    14.2194    14.2205     0.0011    4.03614    4.03625          1     5.6248     4.0004      98.71     0.7869     0.3042  5.257e+00  0.4226000    33.3359    33.3359     0.0000    24.8556    24.8554     18.823     18.908      0.867    1502.55    1502.55  0.000e+00
       2295     19.500    14.2198    14.2208     0.0010    4.03786    4.03780          1     5.6286     4.0589      98.71     0.7724     0.3073  4.807e+00  0.4146000    33.3512    33.3498    -0.0014    24.8673    24.8660     19.318     19.405      0.847    1502.58    1502.58  0.000e+00
       2309     20.000    14.2204    14.2214     0.0010    4.03962    4.03943          1     5.6318     4.1126      98.71     0.7381     0.2705  4.356e+00  0.3898000    33.3667    33.3641    -0.0026    24.8792    24.8769     19.813     19.902      0.739    1502.60    1502.60  0.000e+00
       2329     20.500    14.2221    14.2238     0.0017    4.04338    4.04514          1     5.6317     4.1709      98.71     0.7459     0.2722  3.976e+00  0.4415000    33.3997    33.4145     0.0148    24.9042    24.9153     20.309     20.398      0.520    1502.66    1502.68  0.000e+00
       2367     21.000    14.2235    14.2248     0.0014    4.04709    4.04788          1     5.6183     4.3092      98.71     0.7738     0.2891  3.791e+00  0.4104000    33.4325    33.4386     0.0062    24.9293    24.9338     20.804     20.895      0.278    1502.71    1502.72  0.000e+00
       2403     21.500    14.2257    14.2265     0.0007    4.05262    4.05203          1     5.5929     4.4911      98.71     0.7932     0.2881  3.540e+00  0.4298000    33.4813    33.4753    -0.0061    24.9665    24.9617     21.299     21.392      0.608    1502.78    1502.77  0.000e+00
       2418     22.000    14.2271    14.2276     0.0005    4.05622    4.05529          1     5.5826     4.5419      98.71     0.7976     0.2653  3.363e+00  0.4524000    33.5132    33.5042    -0.0090    24.9908    24.9837     21.794     21.889      0.803    1502.83    1502.82  0.000e+00
       2432     22.500    14.2282    14.2290     0.0008    4.05964    4.05963          1     5.5845     4.5957      98.71     0.7410     0.2699  3.105e+00  0.4114000    33.5435    33.5428    -0.0007    25.0140    25.0133     22.290     22.386      0.866    1502.88    1502.88  0.000e+00
       2445     23.000    14.2291    14.2297     0.0007    4.06167    4.06162          1     5.5894     4.6623      98.71     0.7366     0.2802  2.794e+00  0.4084000    33.5613    33.5602    -0.0011    25.0276    25.0266     22.785     22.883      0.851    1502.91    1502.91  0.000e+00
       2460     23.500    14.2294    14.2301     0.0008    4.06201    4.06209          1     5.5907     4.7090      98.71     0.7373     0.3015  2.491e+00  0.4032000    33.5640    33.5640     0.0001    25.0296    25.0294     23.280     23.380      0.762    1502.92    1502.92  0.000e+00
       2478     24.000    14.2313    14.2335     0.0022    4.06378    4.06478          1     5.5957     4.7480      98.71     0.7169     0.3151  2.237e+00  0.4125000    33.5785    33.5857     0.0073    25.0403    25.0455     23.776     23.876      0.570    1502.95    1502.97  0.000e+00
       2507     24.500    14.2343    14.2354     0.0012    4.06628    4.06668          1     5.5960     4.8111      98.71     0.7239     0.2609  2.035e+00  0.4164000    33.5987    33.6014     0.0027    25.0553    25.0571     24.271     24.373      0.377    1502.99    1503.00  0.000e+00
       2537     25.000    14.2363    14.2375     0.0012    4.06828    4.06851          1     5.5777     4.8634      98.71     0.7575     0.2574  1.973e+00  0.4467000    33.6152    33.6162     0.0010    25.0677    25.0682     24.766     24.870      0.487    1503.03    1503.03  0.000e+00
       2558     25.500    14.2415    14.2406    -0.0009    4.07053    4.06974          1     5.5648     4.8640      98.71     0.7613     0.2655  1.936e+00  0.4427000    33.6312    33.6247    -0.0065    25.0789    25.0740     25.261     25.367      0.554    1503.07    1503.06  0.000e+00
       2580     26.000    14.2467    14.2451    -0.0016    4.07266    4.07166          1     5.5636     4.8746      98.71     0.7324     0.2669  1.827e+00  0.4745000    33.6461    33.6383    -0.0079    25.0894    25.0836     25.757     25.864      0.528    1503.12    1503.10  0.000e+00
       2603     26.500    14.2563    14.2536    -0.0026    4.07646    4.07508          1     5.5555     4.9240      98.71     0.7249     0.2803  1.658e+00  0.4840000    33.6726    33.6621    -0.0105    25.1077    25.1002     26.252     26.361      0.552    1503.19    1503.16  0.000e+00
       2624     27.000    14.2694    14.2660    -0.0034    4.08126    4.07983          1     5.5483     4.9123      98.71     0.7256     0.3073  1.477e+00  0.4693000    33.7052    33.6950    -0.0102    25.1302    25.1230     26.747     26.857      0.600    1503.27    1503.25  0.000e+00
       2644     27.500    14.2733    14.2731    -0.0003    4.08263    4.08236          1     5.5415     4.8934      86.85     0.6775     0.2954  1.317e+00  0.4943000    33.7143    33.7119    -0.0024    25.1364    25.1346     27.243     27.354      0.577    1503.31    1503.30  0.000e+00
