ctdpy/tests/etc/all_smhi_bas_2018/SBE09_1044_20180319_1533_34_02_0070.cnv
* Sea-Bird SBE 9 Data File:
* FileName = C:\ctd\temp\2018\ME18D070.hex
* Software Version Seasave V 7.26.6.26
* Temperature SN = 5351
* Conductivity SN = 3941
* Number of Bytes Per Scan = 41
* Number of Voltage Words = 4
* Number of Scans Averaged by the Deck Unit = 1
* NMEA Latitude = 57 51.99 N
* NMEA Longitude = 011 17.55 E
* NMEA UTC (Time) = Mar 19 2018  15:33:44
* NMEA baud rate = 4800
** Station:  P2
** Operator:  A-KTh
** Ship: MERI
** Average sound velocity: 1470.71 m/s
** True-depth calculation Mon, 19 Mar 2018 16:26:36 +0000
** CTD Python Module SMHI /ver 3-12/ feb 2012 
** LIMS Job: 20183402-0070
** Cruise: SMHI-02-2018
** Latitude [GG MM.mm N] :
** Longitude [GG MM.mm E]:
# nquan = 26
# nvalues = 179                         
# units = specified
# name 0 = scan: Scan Count
# name 1 = prDM: Pressure, Digiquartz [db]
# name 2 = t090C: Temperature [ITS-90, deg C]
# name 3 = t190C: Temperature, 2 [ITS-90, deg C]
# name 4 = T2-T190C: Temperature Difference, 2 - 1 [ITS-90, deg C]
# name 5 = c0S/m: Conductivity [S/m]
# name 6 = c1S/m: Conductivity, 2 [S/m]
# name 7 = pumps: Pump Status
# name 8 = sbeox0ML/L: Oxygen, SBE 43 [ml/l]
# name 9 = sbeox1ML/L: Oxygen, SBE 43, 2 [ml/l]
# name 10 = altM: Altimeter [m]
# name 11 = flECO-AFL: Chl-a Fluorescence, WET Labs ECO-AFL/FL [mg/m^3]
# name 12 = flECO-AFL1: Phycocyanin Fluorescence, WET Labs ECO-AFL/FL, 2 [mg/m^3]
# name 13 = par: PAR/Irradiance, Biospherical/Lico [µE/(cm^2*s)]
# name 14 = turbWETntu0: Turbidity, WET Labs ECO [NTU]
# name 15 = sal00: Salinity, Practical [PSU]
# name 16 = sal11: Salinity, Practical, 2 [PSU]
# name 17 = secS-priS: Salinity, Practical, Difference, 2 - 1 [PSU]
# name 18 = sigma-t00: Density [sigma-t, Kg/m^3 ]
# name 19 = sigma-t11: Density, 2 [sigma-t, Kg/m^3 ]
# name 20 = depSM: Depth [salt water, m], lat = 57.8665
# name 21 = depFM: Depth [true depth, m], lat = 57.8665
# name 22 = dz/dtM: Descent Rate [m/s], WS = 2
# name 23 = svCM: Sound Velocity [Chen-Millero, m/s]
# name 24 = svCM1: Sound Velocity, 2 [Chen-Millero, m/s]
# name 25 = flag: flag
# span 0 =       7903,      12281       
# span 1 =      1.000,     90.000       
# span 2 =    -0.0673,     7.1981       
# span 3 =    -0.0674,     7.2010       
# span 4 =    -0.0061,     0.0188       
# span 5 =   1.700236,   3.536443       
# span 6 =   1.700191,   3.536828       
# span 7 =          1,          1       
# span 8 =    5.77522,    9.36004       
# span 9 =    5.78974,    9.40158       
# span 10 =       2.18,      98.77      
# span 11 =     0.1029,     5.2298      
# span 12 =     0.1798,     0.9052      
# span 13 = -6.065e-07, 2.0355e+02      
# span 14 =     0.2716,     1.5575      
# span 15 =    19.3858,    34.9690      
# span 16 =    19.3852,    34.9694      
# span 17 =    -0.0173,     0.0165      
# span 18 =    15.5184,    27.4303      
# span 19 =    15.5179,    27.4305      
# span 20 =      0.991,     89.148      
# span 21 =      1.003,     89.382      
# span 22 =     -0.289,      0.717      
# span 23 =    1428.74,    1480.09      
# span 24 =    1428.74,    1480.11      
# span 25 = 0.0000e+00, 0.0000e+00      
# interval = decibars: 0.5              
# start_time = Mar 19 2018 15:33:44 [NMEA time, first data scan]
# bad_flag = -9.990e-29
*END*
[from data line 168]
      11992     85.000     6.7405     6.7407     0.0003    3.50561    3.50568          1     5.7933     5.8040       7.60     0.6730     0.3127  1.000e-12  1.3010000    34.9688    34.9694     0.0006    27.4300    27.4305     84.196     84.426      0.538    1479.01    1479.01  0.000e+00
      12017     85.500     6.7406     6.7409     0.0003    3.50564    3.50570          1     5.7919     5.8007       7.04     0.6166     0.3173  1.000e-12  1.3234000    34.9688    34.9691     0.0003    27.4300    27.4302     84.691     84.921      0.442    1479.02    1479.02  0.000e+00
      12045     86.000     6.7406     6.7410     0.0004    3.50568    3.50574          1     5.7851     5.7897       6.54     0.6365     0.2950  1.000e-12  1.2874000    34.9689    34.9692     0.0003    27.4301    27.4303     85.186     85.417      0.486    1479.02    1479.03  0.000e+00
      12067     86.500     6.7408     6.7409     0.0002    3.50571    3.50577          1     5.7816     5.7983       6.11     1.6202     0.3466  1.000e-12  1.2572000    34.9688    34.9693     0.0005    27.4300    27.4304     85.681     85.913      0.619    1479.03    1479.03  0.000e+00
      12085     87.000     6.7408     6.7410     0.0002    3.50575    3.50581          1     5.7879     5.8075       5.67     1.2363     0.3535  1.000e-12  1.3091000    34.9689    34.9694     0.0004    27.4301    27.4304     86.177     86.408      0.682    1479.04    1479.04  0.000e+00
      12102     87.500     6.7408     6.7410     0.0002    3.50577    3.50583          1     5.7903     5.8122       5.19     0.7037     0.2747  1.000e-12  1.3656000    34.9690    34.9694     0.0005    27.4302    27.4305     86.672     86.904      0.638    1479.05    1479.05  0.000e+00
      12123     88.000     6.7408     6.7411     0.0003    3.50578    3.50584          1     5.7901     5.8113       4.63     0.6271     0.3440  1.000e-12  1.3437000    34.9688    34.9692     0.0004    27.4300    27.4303     87.167     87.400      0.498    1479.06    1479.06  0.000e+00
      12152     88.500     6.7407     6.7411     0.0004    3.50579    3.50585          1     5.7927     5.8073       4.03     0.5707     0.5657  1.000e-12  1.2643000    34.9689    34.9690     0.0002    27.4301    27.4302     87.662     87.895      0.391    1479.07    1479.07  0.000e+00
      12182     89.000     6.7409     6.7411     0.0002    3.50584    3.50589          1     5.7935     5.8067       3.56     0.7251     0.3599  1.000e-12  1.2454000    34.9689    34.9691     0.0003    27.4301    27.4303     88.157     88.391      0.477    1479.07    1479.08  0.000e+00
      12204     89.500     6.7411     6.7413     0.0003    3.50588    3.50594          1     5.7891     5.8063       3.11     0.6064     0.2770  1.000e-12  1.3066000    34.9688    34.9692     0.0004    27.4300    27.4303     88.652     88.887      0.423    1479.08    1479.09  0.000e+00
      12281     90.000     6.7405     6.7410     0.0005    3.50586    3.50593          1     5.8006     5.8073       2.18     0.8532     0.2986  1.000e-12  1.2559000    34.9690    34.9693     0.0003    27.4303    27.4304     89.148     89.382     -0.289    1479.09    1479.09  0.000e+00
