ctdpy/tests/etc/all_smhi_bas_2018/SBE09_1044_20181018_0455_34_01_0106.cnv
* Sea-Bird SBE 9 Data File:
* FileName = C:\LUOTAUS\DATA_IN\hex_in\SMHI\ar18d106.hex
* Software Version Seasave V 7.23.2
* Temperature SN = 5351
* Conductivity SN = 3941
* Number of Bytes Per Scan = 30
* Number of Voltage Words = 4
* Number of Scans Averaged by the Deck Unit = 1
* NMEA baud rate = 4800
** Station:  Å15
** Operator:  DBSj
** Ship: ARANDA
** Average sound velocity: 1495.63 m/s
** True-depth calculation Thu, 18 Oct 2018 05:42:19 +0000
** CTD Python Module SMHI /ver 3-12/ feb 2012 
** LIMS Job: 20183401-0106
** Cruise: SMHI-4-2018
** Latitude [GG MM.mm N]: 58 17.663 N
** Longitude [GG MM.mm E] 10 50.717 E
# nquan = 26
# nvalues = 263                         
# units = specified
# name 0 = scan: Scan Count
# name 1 = prDM: Pressure, Digiquartz [db]
# name 2 = t090C: Temperature [ITS-90, deg C]
# name 3 = t190C: Temperature, 2 [ITS-90, deg C]
# name 4 = T2-T190C: Temperature Difference, 2 - 1 [ITS-90, deg C]
# name 5 = c0S/m: Conductivity [S/m]
# name 6 = c1S/m: Conductivity, 2 [S/m]
# name 7 = pumps: Pump Status
# name 8 = sbeox0ML/L: Oxygen, SBE 43 [ml/l]
# name 9 = sbeox1ML/L: Oxygen, SBE 43, 2 [ml/l]
# name 10 = altM: Altimeter [m]
# name 11 = flECO-AFL: Chl-a Fluorescence, WET Labs ECO-AFL/FL [mg/m^3]
# name 12 = flECO-AFL1: Phycocyanin Fluorescence, WET Labs ECO-AFL/FL, 2 [mg/m^3]
# name 13 = par: PAR/Irradiance, Biospherical/Lico [µE/(cm^2*s)]
# name 14 = turbWETntu0: Turbidity, WET Labs ECO [NTU]
# name 15 = sal00: Salinity, Practical [PSU]
# name 16 = sal11: Salinity, Practical, 2 [PSU]
# name 17 = secS-priS: Salinity, Practical, Difference, 2 - 1 [PSU]
# name 18 = sigma-t00: Density [sigma-t, Kg/m^3 ]
# name 19 = sigma-t11: Density, 2 [sigma-t, Kg/m^3 ]
# name 20 = depSM: Depth [salt water, m], lat = 0
# name 21 = depFM: Depth [true depth, m], lat = 0
# name 22 = dz/dtM: Descent Rate [m/s], WS = 2
# name 23 = svCM: Sound Velocity [Chen-Millero, m/s]
# name 24 = svCM1: Sound Velocity, 2 [Chen-Millero, m/s]
# name 25 = flag: flag
# span 0 =      15686,      21648       
# span 1 =      2.000,    133.000       
# span 2 =     7.6148,    13.0381       
# span 3 =     7.6157,    13.0389       
# span 4 =    -0.0054,     0.0130       
# span 5 =   3.597030,   4.016206       
# span 6 =   3.597131,   4.016271       
# span 7 =          1,          1       
# span 8 =    4.89830,    5.81796       
# span 9 =    4.66127,    5.47578       
# span 10 =       3.52,      99.85      
# span 11 =     0.0699,     1.4930      
# span 12 =     0.1281,     0.3664      
# span 13 = -1.985e-04, 9.8506e-02      
# span 14 =     0.1876,     0.8797      
# span 15 =    33.1208,    35.0616      
# span 16 =    33.1208,    35.0610      
# span 17 =    -0.0045,     0.0220      
# span 18 =    24.9303,    27.3794      
# span 19 =    24.9302,    27.3789      
# span 20 =      1.989,    132.227      
# span 21 =      1.988,    132.044      
# span 22 =     -0.032,      0.852      
# span 23 =    1483.24,    1500.33      
# span 24 =    1483.25,    1500.33      
# span 25 = 0.0000e+00, 0.0000e+00      
# interval = decibars: 0.5              
# start_time = Oct 18 2018 04:55:22 [System UTC, header]
# bad_flag = -9.990e-29
*END*
[from data line 112]
      18246     58.000    12.9385    12.9402     0.0017    3.98911    3.98942          1     5.5040     5.2048      97.67     0.1217     0.1778  1.000e-12  0.2466000    34.0085    34.0099     0.0013    25.6370    25.6377     57.673     57.629      0.649    1499.77    1499.78  0.000e+00
      18263     58.500    12.9895    12.9903     0.0008    3.99940    3.99948          1     5.4847     5.1927      97.51     0.1152     0.1778  1.000e-12  0.2490000    34.0603    34.0603    -0.0000    25.6670    25.6668     58.170     58.126      0.680    1500.01    1500.01  0.000e+00
      18282     59.000    12.9998    13.0000     0.0002    4.00164    4.00163          1     5.4678     5.1871      97.53     0.1093     0.1663  1.000e-12  0.2639000    34.0721    34.0718    -0.0003    25.6741    25.6738     58.667     58.622      0.523    1500.07    1500.07  0.000e+00
      18317     59.500    13.0029    13.0051     0.0022    4.00244    4.00279          1     5.4529     5.1832      89.06     0.1125     0.2023  1.000e-12  0.2599000    34.0767    34.0781     0.0013    25.6770    25.6776     59.165     59.119      0.310    1500.09    1500.10  0.000e+00
      18348     60.000    13.0075    13.0081     0.0006    4.00352    4.00362          1     5.4455     5.1769      98.02     0.1096     0.2365  1.000e-12  0.2627000    34.0827    34.0830     0.0003    25.6807    25.6809     59.662     59.615      0.583    1500.12    1500.12  0.000e+00
      18365     60.500    13.0157    13.0163     0.0006    4.00605    4.00603          1     5.4469     5.1702      94.95     0.1154     0.2168  1.000e-12  0.2644000    34.0991    34.0983    -0.0008    25.6918    25.6911     60.159     60.112      0.738    1500.18    1500.18  0.000e+00
      18380     61.000    13.0227    13.0235     0.0008    4.00877    4.00878          1     5.4602     5.1687      79.48     0.1161     0.2072  1.000e-12  0.2784000    34.1185    34.1178    -0.0007    25.7054    25.7047     60.656     60.608      0.752    1500.23    1500.23  0.000e+00
      18397     61.500    13.0286    13.0295     0.0009    4.01132    4.01147          1     5.4831     5.1732      97.99     0.1145     0.1813  1.000e-12  0.2788000    34.1372    34.1377     0.0005    25.7187    25.7190     61.153     61.105      0.653    1500.28    1500.29  0.000e+00
      18419     62.000    13.0309    13.0316     0.0007    4.01321    4.01334          1     5.4888     5.1744      81.27     0.1201     0.1779  1.000e-12  0.2822000    34.1528    34.1533     0.0005    25.7304    25.7306     61.650     61.601      0.485    1500.32    1500.32  0.000e+00
      18447     62.500    13.0238    13.0237    -0.0001    4.01475    4.01501          1     5.4730     5.1710      93.91     0.1307     0.2167  1.000e-12  0.2941000    34.1736    34.1762     0.0026    25.7479    25.7499     62.147     62.098      0.443    1500.33    1500.33  0.000e+00
      18471     63.000    13.0119    13.0126     0.0007    4.01621    4.01627          1     5.4674     5.1710      80.07     0.1315     0.2077  1.000e-12  0.3063000    34.1980    34.1979    -0.0000    25.7692    25.7690     62.644     62.594      0.600    1500.32    1500.33  0.000e+00
      18489     63.500    12.9936    12.9947     0.0012    4.01555    4.01563          1     5.4668     5.1745      72.49     0.0923     0.1922  1.000e-12  0.3153000    34.2080    34.2078    -0.0002    25.7806    25.7802     63.141     63.091      0.710    1500.28    1500.29  0.000e+00
      18505     64.000    12.9715    12.9725     0.0011    4.01481    4.01491          1     5.4651     5.1772      72.27     0.1223     0.1925  1.000e-12  0.3194000    34.2208    34.2209     0.0001    25.7949    25.7948     63.639     63.587      0.719    1500.23    1500.24  0.000e+00
      18522     64.500    12.9462    12.9476     0.0013    4.01376    4.01387          1     5.4639     5.1815      72.01     0.1326     0.2102  1.000e-12  0.3236000    34.2334    34.2332    -0.0002    25.8097    25.8093     64.136     64.084      0.619    1500.17    1500.18  0.000e+00
      18547     65.000    12.9372    12.9380     0.0008    4.01370    4.01378          1     5.4683     5.1857      91.78     0.1211     0.2351  1.000e-12  0.3332000    34.2408    34.2408     0.0000    25.8172    25.8171     64.633     64.580      0.411    1500.16    1500.16  0.000e+00
      18582     65.500    12.9317    12.9318     0.0001    4.01355    4.01359          1     5.4988     5.1838      98.51     0.1154     0.2051  1.000e-12  0.3415000    34.2442    34.2444     0.0002    25.8210    25.8211     65.130     65.076      0.380    1500.15    1500.15  0.000e+00
      18607     66.000    12.9249    12.9257     0.0008    4.01312    4.01319          1     5.4846     5.1833      69.45     0.1185     0.2057  1.000e-12  0.3499000    34.2459    34.2459    -0.0000    25.8236    25.8234     65.627     65.573      0.579    1500.14    1500.14  0.000e+00
      18626     66.500    12.9210    12.9219     0.0009    4.01280    4.01289          1     5.4740     5.1858      69.83     0.1245     0.2148  1.000e-12  0.3521000    34.2463    34.2464     0.0001    25.8247    25.8246     66.124     66.069      0.659    1500.14    1500.14  0.000e+00
      18644     67.000    12.9041    12.9054     0.0013    4.01195    4.01206          1     5.4765     5.1863      69.53     0.1056     0.2233  1.000e-12  0.3529000    34.2533    34.2532    -0.0001    25.8335    25.8331     66.621     66.566      0.629    1500.10    1500.10  0.000e+00
      18665     67.500    12.8978    12.8988     0.0010    4.01186    4.01195          1     5.4890     5.1822      68.93     0.1246     0.2342  1.000e-12  0.3687000    34.2579    34.2579    -0.0000    25.8383    25.8380     67.118     67.062      0.539    1500.09    1500.09  0.000e+00
      18689     68.000    12.8937    12.8947     0.0009    4.01189    4.01198          1     5.5045     5.1848      68.36     0.1168     0.2218  1.000e-12  0.3619000    34.2617    34.2617     0.0000    25.8421    25.8419     67.615     67.559      0.500    1500.09    1500.09  0.000e+00
      18712     68.500    12.8907    12.8915     0.0009    4.01184    4.01193          1     5.5033     5.1939      86.87     0.1239     0.1967  1.000e-12  0.3550000    34.2638    34.2639     0.0001    25.8443    25.8442     68.112     68.055      0.552    1500.09    1500.09  0.000e+00
      18732     69.000    12.8830    12.8843     0.0013    4.01165    4.01175          1     5.4931     5.1985      77.42     0.1211     0.2020  1.000e-12  0.3561000    34.2687    34.2685    -0.0002    25.8496    25.8492     68.609     68.552      0.597    1500.08    1500.08  0.000e+00
      18752     69.500    12.8742    12.8754     0.0012    4.01131    4.01141          1     5.5034     5.1961      98.36     0.1193     0.1984  1.000e-12  0.3624000    34.2733    34.2730    -0.0002    25.8549    25.8545     69.107     69.048      0.594    1500.06    1500.06  0.000e+00
      18773     70.000    12.8701    12.8712     0.0011    4.01119    4.01129          1     5.4992     5.1977      68.86     0.1253     0.1785  1.000e-12  0.3777000    34.2755    34.2756     0.0000    25.8575    25.8573     69.604     69.544      0.551    1500.06    1500.06  0.000e+00
      18796     70.500    12.8666    12.8676     0.0009    4.01118    4.01128          1     5.5065     5.2008      65.84     0.1084     0.1814  1.000e-12  0.3599000    34.2784    34.2786     0.0001    25.8604    25.8603     70.101     70.041      0.485    1500.06    1500.06  0.000e+00
      18822     71.000    12.8636    12.8644     0.0008    4.01118    4.01125          1     5.5174     5.2018      65.29     0.1154     0.2493  1.000e-12  0.3644000    34.2810    34.2809    -0.0000    25.8630    25.8628     70.598     70.537      0.486    1500.06    1500.06  0.000e+00
      18845     71.500    12.8601    12.8610     0.0009    4.01110    4.01118          1     5.5024     5.2110      78.88     0.1263     0.1926  1.000e-12  0.3717000    34.2832    34.2831    -0.0001    25.8653    25.8651     71.095     71.034      0.604    1500.06    1500.06  0.000e+00
      18863     72.000    12.8589    12.8598     0.0009    4.01114    4.01121          1     5.5028     5.2127      98.58     0.1260     0.2105  1.000e-12  0.3720000    34.2844    34.2843    -0.0001    25.8666    25.8663     71.592     71.530      0.684    1500.06    1500.07  0.000e+00
      18880     72.500    12.8577    12.8586     0.0009    4.01118    4.01127          1     5.5065     5.2118      98.71     0.1221     0.2128  1.000e-12  0.3698000    34.2857    34.2858     0.0000    25.8678    25.8677     72.089     72.027      0.653    1500.07    1500.07  0.000e+00
      18901     73.000    12.8567    12.8576     0.0009    4.01124    4.01133          1     5.5051     5.2055      98.71     0.1134     0.1667  1.000e-12  0.3727000    34.2870    34.2870    -0.0000    25.8690    25.8688     72.586     72.523      0.483    1500.08    1500.08  0.000e+00
      18936     73.500    12.8550    12.8558     0.0008    4.01133    4.01143          1     5.5066     5.2071      70.42     0.1346     0.1960  1.000e-12  0.3908000    34.2891    34.2893     0.0003    25.8709    25.8710     73.083     73.019      0.327    1500.08    1500.08  0.000e+00
      18966     74.000    12.8554    12.8562     0.0008    4.01164    4.01173          1     5.5136     5.2122      99.85     0.1422     0.2153  1.000e-12  0.3762000    34.2915    34.2917     0.0001    25.8728    25.8727     73.580     73.516      0.582    1500.09    1500.10  0.000e+00
      18983     74.500    12.8553    12.8562     0.0008    4.01187    4.01194          1     5.5171     5.2107      96.01     0.1420     0.2090  1.000e-12  0.3658000    34.2936    34.2935    -0.0000    25.8744    25.8742     74.077     74.012      0.738    1500.10    1500.11  0.000e+00
      18998     75.000    12.8547    12.8555     0.0008    4.01201    4.01209          1     5.5045     5.2130      62.75     0.1148     0.2329  1.000e-12  0.3772000    34.2953    34.2953     0.0001    25.8758    25.8757     74.574     74.509      0.759    1500.11    1500.11  0.000e+00
      19014     75.500    12.8529    12.8538     0.0009    4.01216    4.01224          1     5.4929     5.2159      86.74     0.1225     0.2302  1.000e-12  0.3926000    34.2981    34.2981    -0.0000    25.8784    25.8782     75.071     75.005      0.651    1500.12    1500.12  0.000e+00
      19038     76.000    12.8505    12.8513     0.0008    4.01220    4.01229          1     5.5002     5.2142      77.49     0.1184     0.2037  1.000e-12  0.3925000    34.3005    34.3007     0.0001    25.8807    25.8806     75.569     75.501      0.440    1500.12    1500.12  0.000e+00
      19069     76.500    12.8498    12.8509     0.0010    4.01247    4.01260          1     5.5093     5.2085      58.43     0.1182     0.1919  1.000e-12  0.3870000    34.3034    34.3038     0.0003    25.8831    25.8832     76.066     75.998      0.448    1500.13    1500.13  0.000e+00
      19091     77.000    12.8518    12.8525     0.0007    4.01288    4.01296          1     5.5013     5.2082      59.33     0.1392     0.2205  1.000e-12  0.3851000    34.3054    34.3055     0.0001    25.8842    25.8842     76.563     76.494      0.655    1500.15    1500.15  0.000e+00
      19107     77.500    12.8500    12.8510     0.0010    4.01304    4.01314          1     5.4957     5.2007      69.80     0.1481     0.1636  1.000e-12  0.3768000    34.3084    34.3084     0.0000    25.8869    25.8867     77.060     76.991      0.739    1500.15    1500.16  0.000e+00
      19123     78.000    12.8467    12.8477     0.0009    4.01317    4.01325          1     5.4906     5.1898      98.76     0.1382     0.1720  1.000e-12  0.3845000    34.3123    34.3122    -0.0001    25.8906    25.8903     77.557     77.487      0.693    1500.15    1500.16  0.000e+00
      19143     78.500    12.8446    12.8455     0.0008    4.01327    4.01336          1     5.4897     5.1829      69.60     0.1382     0.1822  1.000e-12  0.3944000    34.3151    34.3151     0.0000    25.8932    25.8930     78.054     77.984      0.520    1500.16    1500.16  0.000e+00
      19173     79.000    12.8428    12.8436     0.0007    4.01360    4.01371          1     5.4784     5.1879      57.07     0.1299     0.2126  1.000e-12  0.3769000    34.3196    34.3199     0.0004    25.8970    25.8971     78.551     78.480      0.382    1500.17    1500.17  0.000e+00
      19202     79.500    12.8422    12.8431     0.0009    4.01395    4.01405          1     5.4896     5.1952      60.69     0.1482     0.2027  1.000e-12  0.3872000    34.3233    34.3235     0.0002    25.9000    25.9000     79.048     78.976      0.479    1500.18    1500.18  0.000e+00
      19225     80.000    12.8397    12.8405     0.0009    4.01395    4.01404          1     5.4828     5.1882      77.34     0.1583     0.2125  1.000e-12  0.3955000    34.3253    34.3254     0.0001    25.9021    25.9020     79.545     79.473      0.544    1500.18    1500.18  0.000e+00
      19246     80.500    12.8265    12.8273     0.0008    4.01287    4.01291          1     5.4555     5.1786      56.11     0.1461     0.2612  1.000e-12  0.3988000    34.3268    34.3264    -0.0004    25.9059    25.9054     80.042     79.969      0.560    1500.15    1500.15  0.000e+00
      19268     81.000    12.7803    12.7812     0.0009    4.00855    4.00855          1     5.4283     5.1718      55.72     0.1394     0.2496  1.000e-12  0.4045000    34.3274    34.3266    -0.0008    25.9154    25.9146     80.539     80.466      0.584    1500.00    1500.00  0.000e+00
      19287     81.500    12.7165    12.7181     0.0016    4.00273    4.00276          1     5.4363     5.1741      55.31     0.1382     0.2498  1.000e-12  0.4070000    34.3295    34.3284    -0.0012    25.9297    25.9285     81.036     80.962      0.611    1499.80    1499.80  0.000e+00
      19307     82.000    12.6328    12.6330     0.0002    3.99475    3.99461          1     5.4615     5.1793      54.71     0.1382     0.2077  1.000e-12  0.4070000    34.3291    34.3275    -0.0016    25.9458    25.9445     81.533     81.458      0.582    1499.52    1499.52  0.000e+00
      19329     82.500    12.5936    12.5920    -0.0015    3.99049    3.99026          1     5.4644     5.1818      53.99     0.1593     0.1896  1.000e-12  0.4180000    34.3237    34.3230    -0.0007    25.9493    25.9490     82.030     81.955      0.506    1499.39    1499.39  0.000e+00
      19354     83.000    12.5537    12.5539     0.0000    3.98621    3.98620          1     5.4490     5.1769      53.38     0.1507     0.2121  1.000e-12  0.4044000    34.3187    34.3186    -0.0002    25.9532    25.9531     82.527     82.451      0.492    1499.26    1499.26  0.000e+00
      19377     83.500    12.5267    12.5271     0.0004    3.98483    3.98491          1     5.4221     5.1536      52.93     0.1410     0.2278  1.000e-12  0.3960000    34.3300    34.3304     0.0003    25.9673    25.9675     83.024     82.948      0.585    1499.19    1499.19  0.000e+00
      19396     84.000    12.4959    12.4973     0.0014    3.98378    3.98390          1     5.3914     5.1272      52.44     0.1504     0.2465  1.000e-12  0.3998000    34.3478    34.3477    -0.0001    25.9871    25.9867     83.522     83.444      0.667    1499.12    1499.12  0.000e+00
      19413     84.500    12.4480    12.4493     0.0013    3.98194    3.98205          1     5.3685     5.1108      51.93     0.1604     0.2108  1.000e-12  0.4036000    34.3737    34.3736    -0.0001    26.0165    26.0161     84.019     83.940      0.657    1498.99    1499.00  0.000e+00
      19433     85.000    12.3970    12.3986     0.0016    3.97877    3.97885          1     5.3637     5.1101      51.45     0.1402     0.2049  1.000e-12  0.4474000    34.3896    34.3889    -0.0007    26.0388    26.0379     84.516     84.437      0.536    1498.85    1498.85  0.000e+00
