ctdpy/tests/etc/all_smhi_bas_2018/SBE09_0827_20180225_0602_26_01_0301.cnv
* Sea-Bird SBE 9 Data File:
* FileName = D:\CTD_SBE911\DAT\26DA.2018.3.1.hex
* Software Version Seasave V 7.21d
* Temperature SN = 034757
* Conductivity SN = 041844
* Number of Bytes Per Scan = 48
* Number of Voltage Words = 5
* Number of Scans Averaged by the Deck Unit = 1
* NMEA Latitude = 55 35.38 N
* NMEA Longitude = 014 35.99 E
* NMEA UTC (Time) = Feb 25 2018  06:03:08
* NMEA baud rate = 4800
** Ship: DANA
** Average sound velocity: 1434.65 m/s
** True-depth calculation Tue, 02 Apr 2019 08:31:21 +0000
** CTD Python Module SMHI /ver 3-12/ feb 2012 
** LIMS Job: 20182601-0301
** Operator:
** Cruise: 02/2018
# nquan = 26
# nvalues = 127                         
# units = specified
# name 0 = scan: Scan Count
# name 1 = prDM: Pressure, Digiquartz [db]
# name 2 = t090C: Temperature [ITS-90, deg C]
# name 3 = t190C: Temperature, 2 [ITS-90, deg C]
# name 4 = T2-T190C: Temperature Difference, 2 - 1 [ITS-90, deg C]
# name 5 = c0S/m: Conductivity [S/m]
# name 6 = c1S/m: Conductivity, 2 [S/m]
# name 7 = pumps: Pump Status
# name 8 = sbeox1ML/L: Oxygen, SBE 43, 2 [ml/l]
# name 9 = sbeox0ML/L: Oxygen, SBE 43 [ml/l]
# name 10 = altM: Altimeter [m]
# name 11 = chloroflTC0: Chlorophyll, Turner Cyclops [ug/l]
# name 12 = cpar: CPAR/Corrected Irradiance [%]
# name 13 = par: PAR/Irradiance, Biospherical/Lico [µE/(cm^2*s)]
# name 14 = spar: SPAR, Biospherical/Licor
# name 15 = sal00: Salinity, Practical [PSU]
# name 16 = sal11: Salinity, Practical, 2 [PSU]
# name 17 = secS-priS: Salinity, Practical, Difference, 2 - 1 [PSU]
# name 18 = sigma-t00: Density [sigma-t, kg/m^3 ]
# name 19 = sigma-t11: Density, 2 [sigma-t, kg/m^3 ]
# name 20 = depSM: Depth [salt water, m], lat = 55.5897
# name 21 = depFM: Depth [true depth, m], lat = 55.5897
# name 22 = dz/dtM: Descent Rate [m/s], WS = 2
# name 23 = svCM: Sound Velocity [Chen-Millero, m/s]
# name 24 = svCM1: Sound Velocity, 2 [Chen-Millero, m/s]
# name 25 = flag: flag
# span 0 =        144,       7439       
# span 1 =      1.500,     64.500       
# span 2 =     3.3440,     8.4827       
# span 3 =     3.3437,     8.4946       
# span 4 =    -0.0604,     0.3224       
# span 5 =   0.777137,   1.713150       
# span 6 =   0.776541,   1.714410       
# span 7 =          1,          1       
# span 8 =     0.4693,     8.1856       
# span 9 =     0.5222,     8.2681       
# span 10 =      -2.13,       9.96      
# span 11 =     0.0136,     0.0263      
# span 12 = 6.1551e-12, 5.9974e+00      
# span 13 = 9.9999e-13, 7.3078e-01      
# span 14 = 1.2185e+01, 1.6247e+01      
# span 15 =     7.5204,    15.3596      
# span 16 =     7.5140,    15.3812      
# span 17 =    -0.0098,     0.2546      
# span 18 =     5.9915,    11.8911      
# span 19 =     5.9863,    11.9103      
# span 20 =      1.486,     63.906      
# span 21 =      1.519,     65.256      
# span 22 =      0.020,      0.664      
# span 23 =    1428.47,    1459.96      
# span 24 =    1428.46,    1459.91      
# span 25 = 0.0000e+00, 0.0000e+00      
# interval = decibars: 0.5              
# start_time = Feb 25 2018 06:03:08 [NMEA time, first data scan]
# bad_flag = -9.990e-29
*END*
[from data line 56]
       2900     29.500     3.4270     3.4233    -0.0037    0.78045    0.77968          1     8.1472     8.2288       9.41     0.0160  7.034e-12  1.000e-12  1.422e+01     7.5320     7.5249    -0.0071     5.9994     5.9938     29.230     29.868      0.370    1429.29    1429.26  0.000e+00
       2969     30.000     3.4268     3.4283     0.0016    0.78047    0.77986          1     8.1442     8.2214       9.39     0.0161  7.034e-12  1.000e-12  1.422e+01     7.5322     7.5256    -0.0066     5.9996     5.9943     29.726     30.374      0.250    1429.30    1429.30  0.000e+00
       3015     30.500     3.4391     3.4326    -0.0066    0.78096    0.78005          1     8.1585     8.2238       9.38     0.0160  7.034e-12  1.000e-12  1.422e+01     7.5344     7.5265    -0.0079     6.0011     5.9950     30.221     30.880      0.430    1429.36    1429.32  0.000e+00
       3041     31.000     3.4507     3.4495    -0.0014    0.78141    0.78058          1     8.1342     8.2122       9.40     0.0159  7.034e-12  1.000e-12  1.422e+01     7.5363     7.5279    -0.0084     6.0025     5.9958     30.717     31.387      0.425    1429.43    1429.41  0.000e+00
       3074     31.500     3.4586     3.4338    -0.0246    0.78165    0.78029          1     8.1008     8.1912       9.39     0.0161  7.034e-12  1.000e-12  1.422e+01     7.5369     7.5286    -0.0083     6.0028     5.9966     31.212     31.893      0.235    1429.47    1429.35  0.000e+00
       3156     32.000     3.4337     3.4298    -0.0040    0.78070    0.77999          1     8.0741     8.2001       9.39     0.0159  7.034e-12  1.000e-12  1.422e+01     7.5327     7.5263    -0.0064     5.9999     5.9948     31.707     32.399      0.256    1429.36    1429.33  0.000e+00
       3194     32.500     3.4309     3.4475     0.0167    0.78068    0.78043          1     8.1253     8.2248       9.39     0.0162  7.034e-12  1.000e-12  1.422e+01     7.5331     7.5266    -0.0064     6.0002     5.9948     32.203     32.905      0.337    1429.36    1429.42  0.000e+00
       3226     33.000     3.5307     3.5640     0.0333    0.78500    0.78481          1     8.1376     8.2031       9.39     0.0159  7.034e-12  1.000e-12  1.422e+01     7.5545     7.5448    -0.0098     6.0156     6.0072     32.698     33.411      0.420    1429.85    1429.99  0.000e+00
       3253     33.500     3.5728     3.5818     0.0091    0.78653    0.78597          1     8.1240     8.1727       9.40     0.0159  7.034e-12  1.000e-12  1.422e+01     7.5604     7.5525    -0.0079     6.0195     6.0131     33.194     33.918      0.415    1430.05    1430.08  0.000e+00
       3295     34.000     3.5798     3.5830     0.0032    0.78673    0.78612          1     8.1105     8.1543       9.38     0.0159  7.034e-12  1.000e-12  1.422e+01     7.5608     7.5537    -0.0071     6.0197     6.0140     33.689     34.424      0.232    1430.09    1430.10  0.000e+00
       3364     34.500     3.5822     3.5822    -0.0000    0.78678    0.78607          1     8.0648     8.1603       9.37     0.0159  7.034e-12  1.000e-12  1.422e+01     7.5607     7.5534    -0.0073     6.0195     6.0137     34.184     34.930      0.344    1430.11    1430.10  0.000e+00
       3390     35.000     3.5833     3.5839     0.0006    0.78681    0.78613          1     8.0805     8.1617       9.38     0.0159  7.034e-12  1.000e-12  1.422e+01     7.5607     7.5535    -0.0071     6.0195     6.0138     34.680     35.436      0.436    1430.12    1430.12  0.000e+00
       3421     35.500     3.5855     3.5858     0.0002    0.78691    0.78623          1     8.0827     8.1714       9.40     0.0159  7.034e-12  1.000e-12  1.422e+01     7.5611     7.5540    -0.0071     6.0198     6.0142     35.175     35.943      0.300    1430.14    1430.14  0.000e+00
       3496     36.000     3.5863     3.5866     0.0003    0.78692    0.78626          1     8.0976     8.1687       9.39     0.0159  7.034e-12  1.000e-12  1.422e+01     7.5609     7.5541    -0.0069     6.0196     6.0142     35.671     36.449      0.268    1430.15    1430.15  0.000e+00
       3533     36.500     3.5874     3.5873    -0.0001    0.78697    0.78630          1     8.0678     8.1661       9.40     0.0159  7.034e-12  1.000e-12  1.422e+01     7.5612     7.5543    -0.0068     6.0198     6.0144     36.166     36.955      0.399    1430.17    1430.16  0.000e+00
       3565     37.000     3.5878     3.5875    -0.0003    0.78699    0.78633          1     8.0738     8.1683       9.41     0.0159  7.034e-12  1.000e-12  1.422e+01     7.5612     7.5544    -0.0068     6.0198     6.0144     36.661     37.461      0.312    1430.18    1430.17  0.000e+00
       3617     37.500     3.5879     3.5876    -0.0003    0.78699    0.78634          1     8.0934     8.1675       9.40     0.0159  7.034e-12  1.000e-12  1.422e+01     7.5611     7.5544    -0.0067     6.0198     6.0145     37.157     37.967      0.237    1430.19    1430.18  0.000e+00
       3655     38.000     3.5881     3.5879    -0.0002    0.78699    0.78635          1     8.0770     8.1694       9.39     0.0162  7.034e-12  1.000e-12  1.422e+01     7.5610     7.5545    -0.0066     6.0197     6.0145     37.652     38.474      0.386    1430.19    1430.18  0.000e+00
       3686     38.500     3.5886     3.5885    -0.0001    0.78703    0.78639          1     8.1076     8.1804       9.41     0.0159  7.034e-12  1.000e-12  1.422e+01     7.5612     7.5546    -0.0066     6.0198     6.0146     38.147     38.980      0.297    1430.20    1430.20  0.000e+00
       3761     39.000     3.5885     3.5882    -0.0003    0.78702    0.78638          1     8.0813     8.1686       9.38     0.0155  7.034e-12  1.000e-12  1.422e+01     7.5611     7.5545    -0.0066     6.0197     6.0145     38.643     39.486      0.311    1430.21    1430.20  0.000e+00
       3792     39.500     3.5896     3.5902     0.0006    0.78709    0.78647          1     8.0790     8.1687       9.39     0.0147  7.034e-12  1.000e-12  1.422e+01     7.5615     7.5549    -0.0065     6.0200     6.0148     39.138     39.992      0.504    1430.23    1430.22  0.000e+00
       3814     40.000     3.5909     3.5912     0.0003    0.78716    0.78654          1     8.0737     8.1598       9.41     0.0147  7.034e-12  1.000e-12  1.422e+01     7.5618     7.5554    -0.0065     6.0203     6.0151     39.634     40.499      0.450    1430.24    1430.23  0.000e+00
       3879     40.500     3.5914     3.5914     0.0001    0.78719    0.78657          1     8.0610     8.1524       9.38     0.0147  7.034e-12  1.000e-12  1.422e+01     7.5620     7.5555    -0.0065     6.0204     6.0152     40.129     41.005      0.294    1430.25    1430.24  0.000e+00
       3922     41.000     3.5918     3.5918    -0.0001    0.78722    0.78658          1     8.0753     8.1598       9.38     0.0155  7.034e-12  1.000e-12  1.422e+01     7.5621     7.5555    -0.0065     6.0204     6.0153     40.624     41.511      0.547    1430.26    1430.25  0.000e+00
       3942     41.500     3.5920     3.5920    -0.0001    0.78723    0.78660          1     8.0951     8.1646       9.39     0.0151  7.034e-12  1.000e-12  1.422e+01     7.5621     7.5556    -0.0065     6.0205     6.0153     41.120     42.017      0.545    1430.27    1430.26  0.000e+00
       3999     42.000     3.5923     3.5921    -0.0002    0.78724    0.78661          1     8.0975     8.1656       9.37     0.0147  7.034e-12  1.000e-12  1.422e+01     7.5621     7.5556    -0.0065     6.0204     6.0153     41.615     42.523      0.346    1430.28    1430.27  0.000e+00
       4069     42.500     3.5928     3.5929     0.0001    0.78728    0.78665          1     8.0763     8.1624       9.35     0.0150  7.034e-12  1.000e-12  1.422e+01     7.5622     7.5558    -0.0064     6.0206     6.0154     42.110     43.030      0.504    1430.29    1430.28  0.000e+00
       4091     43.000     3.5937     3.5941     0.0004    0.78733    0.78672          1     8.0771     8.1441       9.37     0.0153  7.034e-12  1.000e-12  1.422e+01     7.5624     7.5561    -0.0064     6.0207     6.0156     42.606     43.536      0.431    1430.30    1430.30  0.000e+00
       4159     43.500     3.5949     3.5951     0.0002    0.78738    0.78677          1     8.0865     8.1744       9.36     0.0153  7.034e-12  1.000e-12  1.422e+01     7.5627     7.5563    -0.0064     6.0209     6.0158     43.101     44.042      0.285    1430.32    1430.31  0.000e+00
       4200     44.000     3.5956     3.5955    -0.0001    0.78742    0.78679          1     8.0730     8.1845       9.36     0.0147  7.034e-12  1.000e-12  1.422e+01     7.5628     7.5564    -0.0064     6.0210     6.0159     43.596     44.548      0.517    1430.33    1430.32  0.000e+00
       4221     44.500     3.5960     3.5967     0.0007    0.78743    0.78683          1     8.0694     8.1787       9.37     0.0150  7.034e-12  1.000e-12  1.422e+01     7.5628     7.5564    -0.0064     6.0210     6.0158     44.092     45.055      0.508    1430.34    1430.33  0.000e+00
       4269     45.000     3.5974     3.5982     0.0009    0.78749    0.78689          1     8.0830     8.1681       9.38     0.0154  7.034e-12  1.000e-12  1.422e+01     7.5630     7.5567    -0.0064     6.0211     6.0160     44.587     45.561      0.279    1430.35    1430.34  0.000e+00
       4339     45.500     3.5994     3.5993    -0.0000    0.78758    0.78695          1     8.0696     8.1782       9.36     0.0151  7.034e-12  1.000e-12  1.422e+01     7.5633     7.5569    -0.0065     6.0213     6.0162     45.083     46.067      0.324    1430.37    1430.36  0.000e+00
       4375     46.000     3.6010     3.6011     0.0001    0.78764    0.78702          1     8.0817     8.1852       9.37     0.0156  7.034e-12  1.000e-12  1.422e+01     7.5636     7.5572    -0.0064     6.0215     6.0164     45.578     46.573      0.284    1430.38    1430.38  0.000e+00
       4423     46.500     3.6019     3.6022     0.0002    0.78770    0.78709          1     8.0857     8.1694       9.36     0.0152  7.034e-12  1.000e-12  1.422e+01     7.5639     7.5576    -0.0064     6.0217     6.0167     46.073     47.079      0.249    1430.40    1430.39  0.000e+00
       4468     47.000     3.6031     3.6032     0.0001    0.78777    0.78716          1     8.0721     8.1479       9.37     0.0159  7.034e-12  1.000e-12  1.422e+01     7.5643     7.5579    -0.0063     6.0220     6.0170     46.569     47.586      0.290    1430.41    1430.40  0.000e+00
       4507     47.500     3.6061     3.6102     0.0042    0.78790    0.78738          1     8.0400     8.1282       9.36     0.0156  7.034e-12  1.000e-12  1.422e+01     7.5649     7.5586    -0.0063     6.0224     6.0173     47.064     48.092      0.330    1430.43    1430.44  0.000e+00
       4543     48.000     3.6167     3.6443     0.0277    0.78846    0.78868          1     8.0284     8.1259       9.37     0.0159  7.034e-12  1.000e-12  1.422e+01     7.5681     7.5639    -0.0042     6.0248     6.0209     47.559     48.598      0.301    1430.49    1430.61  0.000e+00
       4599     48.500     3.7758     3.9166     0.1405    0.79844    0.80432          1     7.8265     7.9361       9.37     0.0161  7.034e-12  1.000e-12  1.422e+01     7.6334     7.6607     0.0273     6.0734     6.0919     48.055     49.104      0.191    1431.30    1431.98  0.000e+00
       4657     49.000     4.0685     4.1752     0.1067    0.81725    0.82017          1     7.5074     7.5680       9.38     0.0160  7.034e-12  1.000e-12  1.422e+01     7.7570     7.7615     0.0044     6.1645     6.1651     48.550     49.610      0.312    1432.79    1433.27  0.000e+00
       4693     49.500     4.3648     4.5068     0.1416    0.83923    0.84560          1     7.2076     7.1401       9.39     0.0164  7.034e-12  1.000e-12  1.422e+01     7.9096     7.9399     0.0302     6.2770     6.2963     49.045     50.117      0.289    1434.32    1434.99  0.000e+00
       4750     50.000     4.6392     4.7480     0.1093    0.86461    0.87084          1     6.6277     6.6255       9.39     0.0177  7.034e-12  1.000e-12  1.422e+01     8.0994     8.1355     0.0361     6.4182     6.4428     49.541     50.623      0.231    1435.79    1436.32  0.000e+00
       4792     50.500     4.8103     4.8591     0.0485    0.88149    0.88229          1     6.3623     6.3591       9.39     0.0184  7.034e-12  1.000e-12  1.422e+01     8.2272     8.2232    -0.0040     6.5130     6.5079     50.036     51.129      0.397    1436.72    1436.93  0.000e+00
       4820     51.000     4.8438     4.8708     0.0270    0.88449    0.88657          1     6.2770     6.2877       9.40     0.0185  7.034e-12  1.000e-12  1.422e+01     8.2490     8.2630     0.0141     6.5289     6.5390     50.531     51.635      0.354    1436.90    1437.04  0.000e+00
       4879     51.500     4.8904     4.9393     0.0489    0.89315    0.89587          1     6.0684     6.1570       9.39     0.0191  7.034e-12  1.000e-12  1.422e+01     8.3241     8.3391     0.0151     6.5865     6.5964     51.027     52.141      0.229    1437.21    1437.44  0.000e+00
       4929     52.000     5.0919     5.2140     0.1221    0.92199    0.92948          1     5.8563     5.8376       9.38     0.0195  7.034e-12  1.000e-12  1.422e+01     8.5614     8.6046     0.0431     6.7656     6.7941     51.522     52.646      0.315    1438.40    1438.99  0.000e+00
       4973     52.500     5.3692     5.5689     0.1988    0.97039    0.99345          1     5.2771     5.2730       9.38     0.0195  7.034e-12  1.000e-12  1.422e+01     8.9715     9.1469     0.1754     7.0767     7.2050     52.017     53.152      0.222    1440.14    1441.22  0.000e+00
       5028     53.000     5.8367     6.0400     0.2043    1.04548    1.06133          1     4.5446     4.4518       9.38     0.0205  7.034e-12  1.000e-12  1.422e+01     9.5882     9.6865     0.0982     7.5383     7.6035     52.513     53.658      0.266    1442.94    1443.93  0.000e+00
       5068     53.500     6.1756     6.4986     0.3224    1.08520    1.11487          1     3.8015     3.8042       9.38     0.0209  7.034e-12  1.000e-12  1.422e+01     9.8824    10.0784     0.1960     7.7495     7.8823     53.008     54.163      0.286    1444.77    1446.38  0.000e+00
       5115     54.000     6.4781     6.7514     0.2731    1.12852    1.15827          1     3.2377     3.3731       9.38     0.0208  7.034e-12  1.000e-12  1.422e+01    10.2172    10.4257     0.2085     7.9927     8.1375     53.504     54.668      0.244    1446.47    1447.88  0.000e+00
       5160     54.500     6.7338     6.8012     0.0679    1.16840    1.17507          1     3.1943     3.2313       9.38     0.0209  7.034e-12  1.000e-12  1.422e+01    10.5296    10.5737     0.0442     8.2204     8.2501     53.999     55.174      0.308    1447.94    1448.28  0.000e+00
       5201     55.000     6.8820     7.1165     0.2346    1.19776    1.22838          1     3.1536     3.2063       9.38     0.0220  7.034e-12  1.000e-12  1.422e+01    10.7689    10.9918     0.2229     8.3972     8.5539     54.494     55.679      0.250    1448.87    1450.12  0.000e+00
       5255     55.500     7.1687     7.2925     0.1238    1.25566    1.27062          1     2.9753     3.0370       9.37     0.0239  7.034e-12  1.000e-12  1.422e+01    11.2391    11.3436     0.1045     8.7438     8.8156     54.990     56.184      0.241    1450.65    1451.29  0.000e+00
       5296     56.000     7.3445     7.4071     0.0629    1.28647    1.29102          1     2.8825     2.9309       9.18     0.0244  7.034e-12  1.000e-12  1.422e+01    11.4794    11.5026     0.0232     8.9178     8.9306     55.485     56.688      0.313    1451.68    1451.97  0.000e+00
       5340     56.500     7.4492     7.5741     0.1246    1.30293    1.31407          1     2.7749     2.8503       8.68     0.0244  7.034e-12  1.000e-12  1.422e+01    11.6032    11.6687     0.0655     9.0058     9.0464     55.980     57.193      0.228    1452.27    1452.87  0.000e+00
