ctdpy/tests/etc/all_smhi_bas_2018/SBE09_1044_20180128_1413_34_02_0025.cnv
* Sea-Bird SBE 9 Data File:
* FileName = C:\ctd\temp\2018\ME18D025.hex
* Software Version Seasave V 7.26.6.26
* Temperature SN = 5351
* Conductivity SN = 3941
* Number of Bytes Per Scan = 41
* Number of Voltage Words = 4
* Number of Scans Averaged by the Deck Unit = 1
* NMEA Latitude = 57 04.47 N
* NMEA Longitude = 019 50.57 E
* NMEA UTC (Time) = Jan 28 2018  14:14:00
* NMEA baud rate = 4800
** Station:  BY11
** Operator:  JKro
** Ship: MERI
** Average sound velocity: 1445.34 m/s
** True-depth calculation Sun, 28 Jan 2018 19:19:48 +0000
** CTD Python Module SMHI /ver 3-12/ feb 2012 
** LIMS Job: 20183402-0025
** Cruise: SMHI-01-2018
** Latitude [GG MM.mm N] :
** Longitude [GG MM.mm E]:
# nquan = 26
# nvalues = 397                         
# units = specified
# name 0 = scan: Scan Count
# name 1 = prDM: Pressure, Digiquartz [db]
# name 2 = t090C: Temperature [ITS-90, deg C]
# name 3 = t190C: Temperature, 2 [ITS-90, deg C]
# name 4 = T2-T190C: Temperature Difference, 2 - 1 [ITS-90, deg C]
# name 5 = c0S/m: Conductivity [S/m]
# name 6 = c1S/m: Conductivity, 2 [S/m]
# name 7 = pumps: Pump Status
# name 8 = sbeox0ML/L: Oxygen, SBE 43 [ml/l]
# name 9 = sbeox1ML/L: Oxygen, SBE 43, 2 [ml/l]
# name 10 = altM: Altimeter [m]
# name 11 = flECO-AFL: Chl-a Fluorescence, WET Labs ECO-AFL/FL [mg/m^3]
# name 12 = flECO-AFL1: Phycocyanin Fluorescence, WET Labs ECO-AFL/FL, 2 [mg/m^3]
# name 13 = par: PAR/Irradiance, Biospherical/Lico [µE/(cm^2*s)]
# name 14 = turbWETntu0: Turbidity, WET Labs ECO [NTU]
# name 15 = sal00: Salinity, Practical [PSU]
# name 16 = sal11: Salinity, Practical, 2 [PSU]
# name 17 = secS-priS: Salinity, Practical, Difference, 2 - 1 [PSU]
# name 18 = sigma-t00: Density [sigma-t, Kg/m^3 ]
# name 19 = sigma-t11: Density, 2 [sigma-t, Kg/m^3 ]
# name 20 = depSM: Depth [salt water, m], lat = 57.0745
# name 21 = depFM: Depth [true depth, m], lat = 57.0745
# name 22 = dz/dtM: Descent Rate [m/s], WS = 2
# name 23 = svCM: Sound Velocity [Chen-Millero, m/s]
# name 24 = svCM1: Sound Velocity, 2 [Chen-Millero, m/s]
# name 25 = flag: flag
# span 0 =      16306,      31841       
# span 1 =      2.000,    200.000       
# span 2 =     4.6889,     6.9010       
# span 3 =     4.6898,     6.9017       
# span 4 =    -0.0133,     0.0336       
# span 5 =   0.796178,   1.451769       
# span 6 =   0.796141,   1.451794       
# span 7 =          1,          1       
# span 8 =    0.00468,    8.07072       
# span 9 =    0.02215,    8.03297       
# span 10 =       4.32,      99.07      
# span 11 =     0.2471,     0.4517      
# span 12 =     0.2282,     0.3963      
# span 13 = -2.319e-06, 1.2339e+01      
# span 14 =     0.0995,     0.5891      
# span 15 =     7.4072,    13.2239      
# span 16 =     7.4067,    13.2239      
# span 17 =    -0.0235,     0.0690      
# span 18 =     5.8667,    10.3224      
# span 19 =     5.8665,    10.3224      
# span 20 =      1.982,    198.066      
# span 21 =      2.025,    202.029      
# span 22 =     -0.205,      1.082      
# span 23 =    1434.43,    1454.34      
# span 24 =    1434.43,    1454.34      
# span 25 = 0.0000e+00, 0.0000e+00      
# interval = decibars: 0.5              
# start_time = Jan 28 2018 14:14:00 [NMEA time, first data scan]
# bad_flag = -9.990e-29
*END*
      16306      2.000     4.7123     4.7178     0.0054    0.79672    0.79683          1     8.0539     8.0009      98.49     0.3907     0.2804  1.234e+01  0.1102000     7.4080     7.4078    -0.0002     5.8677     5.8674      1.982      2.025      0.487    1434.47    1434.49  0.000e+00
      16319      2.500     4.7176     4.7307     0.0131    0.79685    0.79712          1     8.0587     8.0028      98.49     0.3897     0.2804  1.088e+01  0.1076000     7.4080     7.4078    -0.0002     5.8676     5.8670      2.477      2.531      0.865    1434.50    1434.56  0.000e+00
      16329      3.000     4.7112     4.7197     0.0086    0.79672    0.79686          1     8.0642     8.0042      98.49     0.3845     0.2808  9.761e+00  0.1100000     7.4080     7.4075    -0.0005     5.8678     5.8671      2.972      3.038      0.844    1434.48    1434.52  0.000e+00
      16370      3.500     4.7227     4.7340     0.0113    0.79699    0.79719          1     8.0629     8.0113      98.49     0.3942     0.2946  8.381e+00  0.1222000     7.4081     7.4076    -0.0005     5.8675     5.8667      3.468      3.544      0.409    1434.54    1434.59  0.000e+00
      16415      4.000     4.7319     4.7399     0.0080    0.79721    0.79736          1     8.0518     8.0134      98.49     0.3889     0.3415  7.404e+00  0.1117000     7.4082     7.4079    -0.0003     5.8673     5.8667      3.963      4.050      0.505    1434.59    1434.62  0.000e+00
      16436      4.500     4.7451     4.7404    -0.0045    0.79754    0.79737          1     8.0444     7.9921      98.49     0.4097     0.3319  6.125e+00  0.1133000     7.4085     7.4078    -0.0007     5.8670     5.8666      4.459      4.557      0.589    1434.66    1434.63  0.000e+00
      16455      5.000     4.7504     4.7372    -0.0133    0.79765    0.79728          1     8.0530     7.9969      98.49     0.4137     0.3185  5.335e+00  0.1158000     7.4083     7.4076    -0.0008     5.8667     5.8665      4.954      5.063      0.651    1434.69    1434.63  0.000e+00
      16473      5.500     4.6908     4.6902    -0.0008    0.79621    0.79614          1     8.0592     8.0068      98.49     0.3986     0.3137  4.689e+00  0.1118000     7.4072     7.4067    -0.0005     5.8679     5.8675      5.449      5.569      0.652    1434.43    1434.43  0.000e+00
      16492      6.000     4.6892     4.6899     0.0007    0.79618    0.79614          1     8.0528     8.0264      98.50     0.3876     0.3007  4.162e+00  0.1177000     7.4072     7.4067    -0.0005     5.8679     5.8675      5.945      6.076      0.505    1434.43    1434.43  0.000e+00
      16534      6.500     4.6952     4.6913    -0.0039    0.79634    0.79619          1     8.0554     8.0242      98.50     0.4399     0.2826  4.000e+00  0.1377000     7.4074     7.4068    -0.0006     5.8679     5.8676      6.440      6.582      0.279    1434.47    1434.45  0.000e+00
      16573      7.000     4.6904     4.6904    -0.0000    0.79623    0.79619          1     8.0643     8.0190      98.50     0.4454     0.3060  3.816e+00  0.1236000     7.4073     7.4069    -0.0004     5.8680     5.8677      6.936      7.088      0.529    1434.45    1434.45  0.000e+00
      16591      7.500     4.6896     4.6905     0.0009    0.79622    0.79620          1     8.0665     8.0303      98.50     0.3967     0.3963  3.281e+00  0.1290000     7.4073     7.4069    -0.0004     5.8680     5.8677      7.431      7.594      0.554    1434.46    1434.46  0.000e+00
      16627      8.000     4.6897     4.6906     0.0008    0.79624    0.79622          1     8.0477     8.0231      98.50     0.4126     0.3383  2.660e+00  0.1126000     7.4074     7.4070    -0.0005     5.8681     5.8677      7.926      8.101      0.308    1434.46    1434.47  0.000e+00
      16668      8.500     4.6894     4.6903     0.0008    0.79624    0.79622          1     8.0496     8.0245      98.50     0.4517     0.3793  2.372e+00  0.1107000     7.4075     7.4070    -0.0004     5.8681     5.8678      8.422      8.607      0.542    1434.47    1434.47  0.000e+00
      16685      9.000     4.6893     4.6901     0.0008    0.79625    0.79622          1     8.0548     8.0156      98.50     0.4293     0.3097  2.167e+00  0.1133000     7.4075     7.4071    -0.0005     5.8682     5.8678      8.917      9.113      0.712    1434.48    1434.48  0.000e+00
      16701      9.500     4.6891     4.6901     0.0009    0.79626    0.79623          1     8.0541     8.0133      98.50     0.3879     0.2698  1.995e+00  0.1178000     7.4075     7.4071    -0.0005     5.8682     5.8678      9.412      9.620      0.647    1434.49    1434.49  0.000e+00
      16726     10.000     4.6889     4.6898     0.0008    0.79627    0.79624          1     8.0614     8.0152      98.50     0.4330     0.3138  1.906e+00  0.1110000     7.4076     7.4071    -0.0005     5.8683     5.8679      9.908     10.126      0.333    1434.49    1434.50  0.000e+00
      16791     10.500     4.6890     4.6899     0.0009    0.79629    0.79625          1     8.0513     8.0175      98.50     0.4170     0.3174  1.633e+00  0.1183000     7.4077     7.4072    -0.0005     5.8684     5.8679     10.403     10.632      0.280    1434.50    1434.50  0.000e+00
      16820     11.000     4.6892     4.6898     0.0007    0.79629    0.79626          1     8.0422     8.0160      98.50     0.4018     0.3141  1.406e+00  0.1184000     7.4077     7.4072    -0.0004     5.8683     5.8679     10.899     11.139      0.518    1434.51    1434.51  0.000e+00
      16841     11.500     4.6893     4.6899     0.0006    0.79630    0.79627          1     8.0352     8.0217      98.50     0.4043     0.3089  1.219e+00  0.1256000     7.4077     7.4072    -0.0005     5.8683     5.8679     11.394     11.645      0.595    1434.52    1434.52  0.000e+00
      16861     12.000     4.6893     4.6900     0.0006    0.79631    0.79628          1     8.0368     8.0282      28.97     0.4045     0.3097  1.114e+00  0.1295000     7.4077     7.4072    -0.0005     5.8683     5.8679     11.889     12.151      0.576    1434.53    1434.53  0.000e+00
      16884     12.500     4.6891     4.6898     0.0007    0.79631    0.79628          1     8.0548     8.0237      95.23     0.4092     0.3097  1.054e+00  0.1195000     7.4077     7.4072    -0.0005     5.8683     5.8680     12.385     12.657      0.435    1434.53    1434.54  0.000e+00
      16921     13.000     4.6890     4.6898     0.0008    0.79632    0.79629          1     8.0555     8.0228      98.50     0.4151     0.3344  1.053e+00  0.1134000     7.4077     7.4073    -0.0005     5.8684     5.8680     12.880     13.164      0.298    1434.54    1434.54  0.000e+00
      16956     13.500     4.6891     4.6899     0.0008    0.79633    0.79631          1     8.0504     8.0204      98.51     0.4105     0.3149  9.916e-01  0.1079000     7.4078     7.4073    -0.0004     5.8684     5.8680     13.376     13.670      0.395    1434.55    1434.55  0.000e+00
      16989     14.000     4.6890     4.6898     0.0008    0.79634    0.79631          1     8.0458     8.0148      98.51     0.4143     0.3538  8.247e-01  0.1140000     7.4078     7.4073    -0.0005     5.8684     5.8680     13.871     14.176      0.320    1434.56    1434.56  0.000e+00
      17027     14.500     4.6892     4.6899     0.0007    0.79635    0.79632          1     8.0566     8.0114      98.51     0.4183     0.3292  6.808e-01  0.1223000     7.4077     7.4073    -0.0005     5.8684     5.8680     14.366     14.683      0.403    1434.57    1434.57  0.000e+00
      17051     15.000     4.6892     4.6899     0.0007    0.79635    0.79632          1     8.0615     8.0201      98.51     0.4308     0.3101  6.315e-01  0.1188000     7.4077     7.4073    -0.0005     5.8684     5.8680     14.862     15.189      0.537    1434.57    1434.58  0.000e+00
      17073     15.500     4.6891     4.6899     0.0008    0.79636    0.79633          1     8.0567     8.0242      98.52     0.4133     0.3046  6.102e-01  0.1108000     7.4078     7.4073    -0.0005     5.8684     5.8680     15.357     15.695      0.533    1434.58    1434.58  0.000e+00
      17098     16.000     4.6892     4.6900     0.0008    0.79637    0.79634          1     8.0510     8.0192      98.50     0.3881     0.2908  5.891e-01  0.1150000     7.4078     7.4073    -0.0005     5.8684     5.8680     15.852     16.202      0.429    1434.59    1434.59  0.000e+00
      17132     16.500     4.6890     4.6899     0.0009    0.79637    0.79634          1     8.0478     8.0222      98.05     0.4140     0.3003  5.470e-01  0.1261000     7.4078     7.4073    -0.0005     5.8684     5.8680     16.348     16.708      0.310    1434.60    1434.60  0.000e+00
      17173     17.000     4.6891     4.6900     0.0009    0.79638    0.79635          1     8.0517     8.0194      97.67     0.4057     0.3089  4.645e-01  0.1145000     7.4078     7.4073    -0.0005     5.8684     5.8680     16.843     17.214      0.305    1434.60    1434.61  0.000e+00
      17208     17.500     4.6893     4.6900     0.0008    0.79639    0.79636          1     8.0501     8.0056      97.84     0.4025     0.3289  4.031e-01  0.1115000     7.4078     7.4074    -0.0004     5.8684     5.8680     17.338     17.720      0.415    1434.61    1434.62  0.000e+00
      17233     18.000     4.6896     4.6902     0.0005    0.79640    0.79637          1     8.0490     8.0055      98.03     0.4079     0.3045  3.654e-01  0.1175000     7.4078     7.4073    -0.0005     5.8684     5.8680     17.834     18.227      0.508    1434.62    1434.62  0.000e+00
      17255     18.500     4.6893     4.6902     0.0008    0.79641    0.79639          1     8.0427     8.0068      97.94     0.4013     0.3046  3.318e-01  0.1137000     7.4078     7.4074    -0.0004     5.8684     5.8681     18.329     18.733      0.547    1434.63    1434.63  0.000e+00
      17278     19.000     4.6894     4.6901     0.0008    0.79642    0.79639          1     8.0587     8.0204      97.65     0.3885     0.3524  3.072e-01  0.1125000     7.4078     7.4074    -0.0005     5.8684     5.8680     18.824     19.239      0.508    1434.64    1434.64  0.000e+00
      17306     19.500     4.6892     4.6900     0.0008    0.79642    0.79639          1     8.0707     8.0237      97.43     0.3974     0.3589  2.828e-01  0.1162000     7.4078     7.4074    -0.0005     5.8685     5.8680     19.320     19.746      0.347    1434.65    1434.65  0.000e+00
      17368     20.000     4.6893     4.6902     0.0009    0.79643    0.79640          1     8.0625     8.0023      92.43     0.4041     0.3167  2.489e-01  0.1176000     7.4078     7.4074    -0.0005     5.8684     5.8680     19.815     20.252      0.366    1434.65    1434.66  0.000e+00
      17397     20.500     4.6896     4.6902     0.0006    0.79644    0.79641          1     8.0514     8.0122      87.15     0.3985     0.3129  2.244e-01  0.1223000     7.4078     7.4074    -0.0004     5.8684     5.8681     20.311     20.758      0.738    1434.66    1434.66  0.000e+00
      17410     21.000     4.6897     4.6903     0.0006    0.79645    0.79642          1     8.0455     8.0155      40.98     0.4021     0.3155  1.985e-01  0.1357000     7.4078     7.4074    -0.0005     5.8684     5.8681     20.806     21.265      0.881    1434.67    1434.67  0.000e+00
      17423     21.500     4.6897     4.6903     0.0006    0.79646    0.79643          1     8.0499     8.0169      88.58     0.4103     0.3347  1.717e-01  0.1286000     7.4078     7.4074    -0.0004     5.8684     5.8680     21.301     21.771      0.852    1434.68    1434.68  0.000e+00
      17438     22.000     4.6895     4.6902     0.0007    0.79646    0.79643          1     8.0551     8.0161      96.46     0.4310     0.3237  1.480e-01  0.1136000     7.4079     7.4074    -0.0005     5.8684     5.8681     21.797     22.277      0.613    1434.69    1434.69  0.000e+00
      17508     22.500     4.6895     4.6903     0.0009    0.79647    0.79644          1     8.0474     8.0199      97.81     0.4039     0.3219  1.368e-01  0.1105000     7.4079     7.4074    -0.0005     5.8685     5.8681     22.292     22.783      0.354    1434.69    1434.70  0.000e+00
      17541     23.000     4.6897     4.6904     0.0006    0.79648    0.79645          1     8.0398     8.0108      97.68     0.3864     0.3599  1.213e-01  0.1122000     7.4078     7.4074    -0.0005     5.8684     5.8680     22.787     23.290      0.725    1434.70    1434.70  0.000e+00
      17555     23.500     4.6896     4.6902     0.0006    0.79648    0.79644          1     8.0440     8.0104      97.65     0.3894     0.3460  1.039e-01  0.1153000     7.4078     7.4072    -0.0006     5.8684     5.8679     23.283     23.796      0.799    1434.71    1434.71  0.000e+00
      17570     24.000     4.6896     4.6902     0.0006    0.79648    0.79645          1     8.0496     8.0183      97.44     0.3882     0.3394  8.247e-02  0.1174000     7.4078     7.4073    -0.0005     5.8684     5.8680     23.778     24.302      0.682    1434.72    1434.72  0.000e+00
      17609     24.500     4.6894     4.6902     0.0008    0.79649    0.79646          1     8.0522     8.0330      95.83     0.4110     0.3296  7.204e-02  0.1088000     7.4078     7.4073    -0.0005     5.8684     5.8680     24.273     24.809      0.356    1434.72    1434.73  0.000e+00
      17659     25.000     4.6896     4.6904     0.0008    0.79650    0.79647          1     8.0514     8.0244      94.77     0.4126     0.3200  6.616e-02  0.1068000     7.4078     7.4074    -0.0005     5.8684     5.8680     24.769     25.315      0.609    1434.73    1434.74  0.000e+00
      17673     25.500     4.6897     4.6904     0.0007    0.79651    0.79649          1     8.0459     8.0153      95.53     0.4069     0.3261  5.034e-02  0.1119000     7.4078     7.4074    -0.0004     5.8684     5.8681     25.264     25.821      0.762    1434.74    1434.74  0.000e+00
      17688     26.000     4.6897     4.6903     0.0006    0.79651    0.79648          1     8.0461     8.0113      95.42     0.4215     0.3579  3.582e-02  0.1130000     7.4077     7.4073    -0.0004     5.8684     5.8680     25.759     26.327      0.696    1434.75    1434.75  0.000e+00
      17722     26.500     4.6894     4.6903     0.0008    0.79651    0.79648          1     8.0537     8.0107      96.29     0.4170     0.3376  2.738e-02  0.1163000     7.4078     7.4073    -0.0005     5.8684     5.8680     26.255     26.834      0.379    1434.76    1434.76  0.000e+00
      17785     27.000     4.6897     4.6905     0.0008    0.79653    0.79650          1     8.0613     8.0094      97.31     0.4162     0.3505  1.802e-02  0.1121000     7.4079     7.4073    -0.0005     5.8685     5.8680     26.750     27.340      0.531    1434.77    1434.77  0.000e+00
      17800     27.500     4.6898     4.6904     0.0006    0.79654    0.79651          1     8.0545     8.0150      97.15     0.3984     0.3155  1.073e-02  0.1127000     7.4078     7.4073    -0.0005     5.8684     5.8680     27.245     27.846      0.737    1434.77    1434.78  0.000e+00
      17815     28.000     4.6898     4.6904     0.0005    0.79654    0.79650          1     8.0545     8.0176      96.70     0.3758     0.3176  1.930e-03  0.1235000     7.4077     7.4073    -0.0005     5.8683     5.8680     27.741     28.353      0.725    1434.78    1434.78  0.000e+00
      17834     28.500     4.6897     4.6904     0.0007    0.79654    0.79651          1     8.0541     8.0114      96.26     0.3785     0.3197  1.257e-04  0.1177000     7.4077     7.4073    -0.0004     5.8684     5.8680     28.236     28.859      0.531    1434.79    1434.79  0.000e+00
      17876     29.000     4.6894     4.6903     0.0009    0.79654    0.79651          1     8.0488     8.0073      95.95     0.3979     0.3084 -2.319e-06  0.1088000     7.4077     7.4073    -0.0005     5.8684     5.8680     28.731     29.365      0.236    1434.79    1434.80  0.000e+00
