ctdpy/tests/etc/all_smhi_bas_2018/SBE09_1044_20180418_0025_34_07_0015.cnv
* Sea-Bird SBE 9 Data File:
* FileName = C:\ctd\temp\2018\AU18D015.hex
* Software Version Seasave V 7.26.6.26
* Temperature SN = 5351
* Conductivity SN = 3941
* Number of Bytes Per Scan = 41
* Number of Voltage Words = 4
* Number of Scans Averaged by the Deck Unit = 1
* NMEA Latitude = 55 15.00 N
* NMEA Longitude = 015 59.06 E
* NMEA UTC (Time) = Apr 18 2018  00:25:46
* NMEA baud rate = 4800
** Station:  BY5
** Operator:  SSip
** Ship: AURA
** Average sound velocity: 1434.06 m/s
** True-depth calculation Wed, 18 Apr 2018 01:09:48 +0000
** CTD Python Module SMHI /ver 3-12/ feb 2012 
** LIMS Job: 20183407-0015
** Cruise: SMHI-01-2018
** Latitude [GG MM.mm N] :
** Longitude [GG MM.mm E]:
# nquan = 26
# nvalues = 165                         
# units = specified
# name 0 = scan: Scan Count
# name 1 = prDM: Pressure, Digiquartz [db]
# name 2 = t090C: Temperature [ITS-90, deg C]
# name 3 = t190C: Temperature, 2 [ITS-90, deg C]
# name 4 = T2-T190C: Temperature Difference, 2 - 1 [ITS-90, deg C]
# name 5 = c0S/m: Conductivity [S/m]
# name 6 = c1S/m: Conductivity, 2 [S/m]
# name 7 = pumps: Pump Status
# name 8 = sbeox0ML/L: Oxygen, SBE 43 [ml/l]
# name 9 = sbeox1ML/L: Oxygen, SBE 43, 2 [ml/l]
# name 10 = altM: Altimeter [m]
# name 11 = flECO-AFL: Chl-a Fluorescence, WET Labs ECO-AFL/FL [mg/m^3]
# name 12 = flECO-AFL1: Phycocyanin Fluorescence, WET Labs ECO-AFL/FL, 2 [mg/m^3]
# name 13 = par: PAR/Irradiance, Biospherical/Lico [µE/(cm^2*s)]
# name 14 = turbWETntu0: Turbidity, WET Labs ECO [NTU]
# name 15 = sal00: Salinity, Practical [PSU]
# name 16 = sal11: Salinity, Practical, 2 [PSU]
# name 17 = secS-priS: Salinity, Practical, Difference, 2 - 1 [PSU]
# name 18 = sigma-t00: Density [sigma-t, Kg/m^3 ]
# name 19 = sigma-t11: Density, 2 [sigma-t, Kg/m^3 ]
# name 20 = depSM: Depth [salt water, m], lat = 55.25
# name 21 = depFM: Depth [true depth, m], lat = 55.25
# name 22 = dz/dtM: Descent Rate [m/s], WS = 2
# name 23 = svCM: Sound Velocity [Chen-Millero, m/s]
# name 24 = svCM1: Sound Velocity, 2 [Chen-Millero, m/s]
# name 25 = flag: flag
# span 0 =       5889,       9715       
# span 1 =      1.000,     83.000       
# span 2 =     2.2017,     8.3695       
# span 3 =     2.2015,     8.3696       
# span 4 =    -0.0518,     0.0255       
# span 5 =   0.767921,   1.811382       
# span 6 =   0.767903,   1.811338       
# span 7 =          1,          1       
# span 8 =    0.10273,    9.54440       
# span 9 =    0.08073,    9.40675       
# span 10 =       3.99,      97.82      
# span 11 =     0.2843,     2.4838      
# span 12 =     0.1634,     0.7651      
# span 13 = 1.0000e-12, 2.2132e+00      
# span 14 =     0.1501,     0.5067      
# span 15 =     7.5553,    16.8067      
# span 16 =     7.5552,    16.8057      
# span 17 =    -0.0173,     0.0096      
# span 18 =     6.0236,    13.1251      
# span 19 =     6.0231,    13.1242      
# span 20 =      0.991,     82.234      
# span 21 =      1.012,     83.912      
# span 22 =     -0.207,      0.600      
# span 23 =    1424.40,    1459.76      
# span 24 =    1424.40,    1459.77      
# span 25 = 0.0000e+00, 0.0000e+00      
# interval = decibars: 0.5              
# start_time = Apr 18 2018 00:25:47 [NMEA time, first data scan]
# bad_flag = -9.990e-29
*END*
       5889      1.000     3.1969     3.1985     0.0016    0.77746    0.77745          1     9.5328     9.4021      97.73     2.4838     0.5108  2.213e+00  0.2856000     7.5588     7.5583    -0.0005     6.0241     6.0237      0.991      1.012      0.181    1427.83    1427.83  0.000e+00
       5940      1.500     3.1950     3.1951     0.0001    0.77742    0.77737          1     9.5269     9.3981      97.72     2.2910     0.4868  1.281e+00  0.2651000     7.5587     7.5581    -0.0005     6.0240     6.0236      1.486      1.519      0.519    1427.82    1427.82  0.000e+00
       5957      2.000     3.1963     3.1968     0.0005    0.77746    0.77743          1     9.5231     9.3974      97.74     2.3294     0.5042  5.039e-01  0.2649000     7.5587     7.5582    -0.0004     6.0240     6.0237      1.982      2.025      0.558    1427.84    1427.84  0.000e+00
       5983      2.500     3.1966     3.1987     0.0020    0.77748    0.77748          1     9.5261     9.4003      97.74     2.2836     0.5056  4.525e-01  0.2702000     7.5588     7.5584    -0.0004     6.0241     6.0237      2.477      2.531      0.447    1427.85    1427.85  0.000e+00
       6009      3.000     3.1977     3.2016     0.0039    0.77751    0.77756          1     9.5315     9.4068      97.73     2.3201     0.5056  2.774e-01  0.2613000     7.5588     7.5584    -0.0004     6.0241     6.0237      2.973      3.037      0.532    1427.86    1427.88  0.000e+00
       6029      3.500     3.2016     3.2022     0.0006    0.77762    0.77758          1     9.5396     9.4026      97.73     2.2450     0.4998  1.780e-01  0.2671000     7.5589     7.5584    -0.0005     6.0241     6.0237      3.468      3.544      0.587    1427.89    1427.89  0.000e+00
       6050      4.000     3.2021     3.2031     0.0009    0.77764    0.77760          1     9.5415     9.3857      97.76     2.1873     0.4961  1.479e-01  0.2693000     7.5589     7.5584    -0.0005     6.0241     6.0237      3.964      4.050      0.546    1427.90    1427.90  0.000e+00
       6074      4.500     3.2003     3.2009     0.0006    0.77759    0.77756          1     9.5419     9.3867      97.76     2.1908     0.4961  1.213e-01  0.2784000     7.5588     7.5584    -0.0005     6.0241     6.0237      4.459      4.556      0.488    1427.89    1427.90  0.000e+00
       6099      5.000     3.2004     3.2015     0.0012    0.77760    0.77758          1     9.5444     9.3769      97.76     2.1726     0.5076  1.167e-01  0.2966000     7.5588     7.5583    -0.0005     6.0241     6.0237      4.955      5.062      0.452    1427.90    1427.91  0.000e+00
       6127      5.500     3.2007     3.2024     0.0016    0.77761    0.77760          1     9.5344     9.3843      97.74     2.1792     0.5208  3.924e-02  0.2695000     7.5588     7.5583    -0.0005     6.0241     6.0237      5.450      5.568      0.419    1427.91    1427.92  0.000e+00
       6156      6.000     3.2000     3.1992    -0.0008    0.77759    0.77753          1     9.5317     9.4010      97.75     2.2200     0.5582  2.370e-02  0.2727000     7.5587     7.5582    -0.0004     6.0240     6.0236      5.946      6.075      0.444    1427.92    1427.91  0.000e+00
       6182      6.500     3.1934     3.1962     0.0027    0.77744    0.77746          1     9.5306     9.4006      97.75     2.1661     0.5144  1.293e-04  0.2822000     7.5585     7.5581    -0.0005     6.0239     6.0235      6.441      6.581      0.468    1427.90    1427.91  0.000e+00
       6207      7.000     3.1965     3.1956    -0.0009    0.77753    0.77746          1     9.5322     9.4008      97.75     2.0928     0.5531  2.598e-07  0.2745000     7.5587     7.5581    -0.0006     6.0240     6.0236      6.937      7.087      0.473    1427.92    1427.91  0.000e+00
       6233      7.500     3.1968     3.1960    -0.0008    0.77754    0.77748          1     9.5313     9.4064      97.78     2.1731     0.5307  1.000e-12  0.2687000     7.5587     7.5582    -0.0005     6.0240     6.0236      7.432      7.593      0.468    1427.93    1427.92  0.000e+00
       6258      8.000     3.1943     3.1941    -0.0002    0.77749    0.77743          1     9.5234     9.3866      97.82     2.1625     0.5028  1.000e-12  0.2643000     7.5586     7.5581    -0.0005     6.0240     6.0236      7.928      8.100      0.471    1427.92    1427.92  0.000e+00
       6283      8.500     3.1929     3.1932     0.0004    0.77746    0.77742          1     9.5283     9.3877      97.76     2.1219     0.5285  1.000e-12  0.2662000     7.5586     7.5581    -0.0005     6.0240     6.0236      8.423      8.606      0.483    1427.92    1427.92  0.000e+00
       6308      9.000     3.1942     3.1949     0.0006    0.77750    0.77747          1     9.5362     9.4046      97.73     2.2199     0.5417  1.000e-12  0.2711000     7.5587     7.5582    -0.0005     6.0240     6.0236      8.919      9.112      0.495    1427.94    1427.94  0.000e+00
       6332      9.500     3.1979     3.1985     0.0006    0.77760    0.77757          1     9.5353     9.3982      97.71     2.2448     0.5409  1.000e-12  0.2686000     7.5587     7.5583    -0.0004     6.0240     6.0237      9.414      9.618      0.483    1427.96    1427.96  0.000e+00
       6358     10.000     3.1975     3.1988     0.0013    0.77760    0.77758          1     9.5317     9.3797      97.72     2.1526     0.5102  1.000e-12  0.2722000     7.5587     7.5583    -0.0005     6.0241     6.0237      9.909     10.124      0.459    1427.97    1427.97  0.000e+00
       6384     10.500     3.1978     3.1986     0.0008    0.77761    0.77758          1     9.5367     9.3773      97.71     2.1648     0.4552  1.000e-12  0.2739000     7.5587     7.5583    -0.0005     6.0240     6.0237     10.405     10.631      0.450    1427.98    1427.98  0.000e+00
       6411     11.000     3.1974     3.1926    -0.0049    0.77761    0.77746          1     9.5323     9.4039      97.70     2.1362     0.5429  1.000e-12  0.2605000     7.5587     7.5584    -0.0004     6.0240     6.0238     10.900     11.137      0.489    1427.98    1427.96  0.000e+00
       6433     11.500     3.1774     3.1757    -0.0014    0.77713    0.77702          1     9.5215     9.3850      97.73     2.0245     0.4998  1.000e-12  0.2557000     7.5584     7.5576    -0.0008     6.0240     6.0234     11.396     11.643      0.558    1427.90    1427.89  0.000e+00
       6454     12.000     3.1721     3.1978     0.0255    0.77698    0.77757          1     9.5003     9.3741      97.74     1.9139     0.5203  1.000e-12  0.2610000     7.5580     7.5581     0.0001     6.0238     6.0236     11.891     12.149      0.600    1427.88    1428.00  0.000e+00
       6474     12.500     3.1722     3.1523    -0.0195    0.77699    0.77647          1     9.4876     9.3553      97.72     1.9820     0.5068  1.000e-12  0.2606000     7.5580     7.5572    -0.0008     6.0238     6.0234     12.387     12.655      0.599    1427.89    1427.80  0.000e+00
       6494     13.000     3.1470     3.1568     0.0095    0.77640    0.77655          1     9.4842     9.3307      97.71     1.8912     0.4876  1.000e-12  0.2657000     7.5577     7.5569    -0.0008     6.0239     6.0231     12.882     13.162      0.572    1427.78    1427.83  0.000e+00
       6516     13.500     3.1624     3.1665     0.0041    0.77676    0.77683          1     9.4920     9.3539      97.67     1.9877     0.5107  1.000e-12  0.3366000     7.5578     7.5575    -0.0003     6.0237     6.0235     13.378     13.668      0.544    1427.86    1427.88  0.000e+00
       6538     14.000     3.1610     3.1649     0.0038    0.77676    0.77680          1     9.4978     9.3552      97.68     2.0307     0.4831  1.000e-12  0.3336000     7.5580     7.5575    -0.0005     6.0239     6.0235     13.873     14.174      0.540    1427.86    1427.88  0.000e+00
       6560     14.500     3.1777     3.1761    -0.0016    0.77716    0.77710          1     9.5032     9.3670      97.70     1.9986     0.5662  1.000e-12  0.2766000     7.5582     7.5579    -0.0003     6.0239     6.0237     14.368     14.680      0.550    1427.95    1427.94  0.000e+00
       6582     15.000     3.1580     3.1541    -0.0042    0.77672    0.77656          1     9.4869     9.3613      97.60     1.9740     0.5155  1.000e-12  0.2613000     7.5582     7.5574    -0.0008     6.0241     6.0235     14.864     15.187      0.563    1427.87    1427.85  0.000e+00
       6603     15.500     3.1560     3.1514    -0.0045    0.77666    0.77651          1     9.4662     9.3462      97.53     1.9334     0.5972  1.000e-12  0.2725000     7.5579     7.5574    -0.0006     6.0239     6.0235     15.359     15.693      0.559    1427.86    1427.84  0.000e+00
       6625     16.000     3.1302     3.1335     0.0035    0.77606    0.77608          1     9.4605     9.3310      97.56     1.9448     0.7651  1.000e-12  0.2715000     7.5576     7.5571    -0.0006     6.0240     6.0235     15.855     16.199      0.543    1427.75    1427.77  0.000e+00
       6647     16.500     3.1149     3.1171     0.0021    0.77565    0.77567          1     9.4440     9.3005      97.54     1.7700     0.4808  1.000e-12  0.2479000     7.5569     7.5566    -0.0003     6.0236     6.0233     16.350     16.705      0.535    1427.69    1427.70  0.000e+00
       6669     17.000     3.1164     3.1129    -0.0034    0.77569    0.77557          1     9.4310     9.2855      97.57     1.6871     0.4088  1.000e-12  0.2451000     7.5569     7.5565    -0.0005     6.0236     6.0233     16.846     17.211      0.543    1427.70    1427.69  0.000e+00
       6691     17.500     3.1142     3.1123    -0.0020    0.77568    0.77557          1     9.4259     9.2842      97.57     1.6362     0.4698  1.000e-12  0.2468000     7.5572     7.5565    -0.0007     6.0238     6.0233     17.341     17.718      0.549    1427.70    1427.69  0.000e+00
       6713     18.000     3.1112     3.1129     0.0017    0.77562    0.77561          1     9.4231     9.2934      97.59     1.5914     0.4534  1.000e-12  0.2438000     7.5572     7.5567    -0.0005     6.0239     6.0235     17.837     18.224      0.544    1427.70    1427.70  0.000e+00
       6735     18.500     3.1078     3.1070    -0.0008    0.77553    0.77547          1     9.4240     9.2934      97.58     1.5614     0.4587  1.000e-12  0.2376000     7.5570     7.5566    -0.0004     6.0238     6.0234     18.332     18.730      0.541    1427.69    1427.68  0.000e+00
       6757     19.000     3.1119     3.1135     0.0016    0.77566    0.77565          1     9.4260     9.2902      97.57     1.5268     0.4796  1.000e-12  0.2539000     7.5574     7.5569    -0.0005     6.0240     6.0236     18.827     19.236      0.549    1427.71    1427.72  0.000e+00
       6779     19.500     3.1143     3.1157     0.0014    0.77574    0.77572          1     9.4199     9.2877      97.63     1.7145     0.4806  1.000e-12  0.2419000     7.5575     7.5569    -0.0005     6.0241     6.0236     19.323     19.743      0.557    1427.73    1427.74  0.000e+00
       6801     20.000     3.1128     3.1138     0.0011    0.77571    0.77569          1     9.4198     9.2794      97.62     1.6542     0.4828  1.000e-12  0.2363000     7.5575     7.5570    -0.0005     6.0241     6.0237     19.818     20.249      0.552    1427.73    1427.74  0.000e+00
       6823     20.500     3.1111     3.1152     0.0040    0.77569    0.77573          1     9.4276     9.2760      97.59     1.6483     0.4427  1.000e-12  0.2448000     7.5576     7.5571    -0.0005     6.0242     6.0238     20.314     20.755      0.541    1427.74    1427.75  0.000e+00
       6845     21.000     3.1144     3.1152     0.0007    0.77577    0.77574          1     9.4303     9.2907      97.46     1.6655     0.4386  1.000e-12  0.2539000     7.5576     7.5571    -0.0005     6.0242     6.0238     20.809     21.261      0.532    1427.76    1427.76  0.000e+00
       6868     21.500     3.1111     3.1082    -0.0030    0.77571    0.77562          1     9.4314     9.2844      97.58     1.6527     0.4543  1.000e-12  0.2494000     7.5577     7.5574    -0.0003     6.0243     6.0241     21.305     21.767      0.533    1427.75    1427.74  0.000e+00
       6890     22.000     3.1143     3.1066    -0.0074    0.77579    0.77557          1     9.4194     9.2715      97.58     1.6135     0.4454  1.000e-12  0.2394000     7.5577     7.5572    -0.0005     6.0242     6.0240     21.800     22.274      0.539    1427.77    1427.74  0.000e+00
       6912     22.500     3.1126     3.1073    -0.0053    0.77576    0.77558          1     9.4136     9.2830      97.58     1.6005     0.4206  1.000e-12  0.2524000     7.5577     7.5571    -0.0006     6.0243     6.0238     22.295     22.780      0.548    1427.78    1427.75  0.000e+00
       6934     23.000     3.1000     3.1027     0.0028    0.77546    0.77548          1     9.4159     9.2926      97.60     1.5719     0.4996  1.000e-12  0.2474000     7.5575     7.5571    -0.0004     6.0242     6.0239     22.791     23.286      0.553    1427.72    1427.74  0.000e+00
       6955     23.500     3.1073     3.1126     0.0053    0.77565    0.77574          1     9.4228     9.2968      97.58     1.5790     0.4255  1.000e-12  0.2244000     7.5577     7.5573    -0.0004     6.0243     6.0239     23.286     23.792      0.545    1427.76    1427.79  0.000e+00
       6978     24.000     3.1047     3.1132     0.0085    0.77560    0.77577          1     9.4248     9.3056      97.54     1.6272     0.4210  1.000e-12  0.2524000     7.5577     7.5574    -0.0003     6.0244     6.0240     23.782     24.299      0.524    1427.76    1427.80  0.000e+00
       7001     24.500     3.1083     3.1110     0.0027    0.77570    0.77572          1     9.4157     9.2917      97.55     1.6498     0.4527  1.000e-12  0.2422000     7.5578     7.5573    -0.0004     6.0244     6.0240     24.277     24.805      0.520    1427.79    1427.80  0.000e+00
       7024     25.000     3.0985     3.1049     0.0065    0.77547    0.77556          1     9.4090     9.2860      97.60     1.6262     0.4518  1.000e-12  0.2380000     7.5576     7.5571    -0.0005     6.0243     6.0239     24.773     25.311      0.538    1427.75    1427.78  0.000e+00
       7046     25.500     3.0737     3.0627    -0.0109    0.77489    0.77461          1     9.3979     9.2733      97.64     1.4527     0.4111  1.000e-12  0.2505000     7.5573     7.5570    -0.0003     6.0244     6.0243     25.268     25.817      0.552    1427.64    1427.59  0.000e+00
       7068     26.000     3.0674     3.0668    -0.0009    0.77474    0.77466          1     9.3682     9.2351      97.70     1.2304     0.3576  1.000e-12  0.2601000     7.5572     7.5565    -0.0007     6.0244     6.0238     25.763     26.323      0.547    1427.62    1427.62  0.000e+00
       7090     26.500     3.0524     3.0413    -0.0109    0.77439    0.77407          1     9.3624     9.2227      97.72     1.2649     0.4797  1.000e-12  0.2427000     7.5569     7.5562    -0.0007     6.0243     6.0238     26.259     26.830      0.536    1427.56    1427.51  0.000e+00
       7112     27.000     3.0117     3.0077    -0.0041    0.77341    0.77327          1     9.3212     9.1906      97.64     0.9368     0.3988  1.000e-12  0.2465000     7.5562     7.5557    -0.0005     6.0241     6.0238     26.754     27.336      0.536    1427.38    1427.36  0.000e+00
       7135     27.500     3.0094     3.0106     0.0013    0.77337    0.77335          1     9.2862     9.1623      97.65     0.7824     0.3920  1.000e-12  0.2010000     7.5562     7.5557    -0.0005     6.0242     6.0238     27.250     27.842      0.531    1427.37    1427.38  0.000e+00
       7158     28.000     2.9309     2.9483     0.0173    0.77161    0.77192          1     9.2640     9.1408      97.63     0.7629     0.3475  1.000e-12  0.1825000     7.5561     7.5553    -0.0008     6.0248     6.0241     27.745     28.348      0.519    1427.02    1427.10  0.000e+00
