ctdpy/tests/etc/all_smhi_bas_2018/SBE09_0827_20180822_0930_26_01_0844.cnv
* Sea-Bird SBE 9 Data File:
* FileName = D:\CTD_SBE911\DAT\26DA.2018.8.44.hex
* Software Version Seasave V 7.21d
* Temperature SN = 034605
* Conductivity SN = 041844
* Number of Bytes Per Scan = 48
* Number of Voltage Words = 5
* Number of Scans Averaged by the Deck Unit = 1
* NMEA Latitude = 57 30.56 N
* NMEA Longitude = 008 51.37 E
* NMEA UTC (Time) = Aug 22 2018  09:32:36
* NMEA baud rate = 4800
** Ship: DANA
** Average sound velocity: 1506.00 m/s
** True-depth calculation Thu, 28 Mar 2019 09:24:54 +0000
** CTD Python Module SMHI /ver 3-12/ feb 2012 
** LIMS Job: 20182601-0844
**  26 NNE HANSTHOLM
** Operator: Christian
** Cruise: 08/2018
# nquan = 26
# nvalues = 79                          
# units = specified
# name 0 = scan: Scan Count
# name 1 = prDM: Pressure, Digiquartz [db]
# name 2 = t090C: Temperature [ITS-90, deg C]
# name 3 = t190C: Temperature, 2 [ITS-90, deg C]
# name 4 = T2-T190C: Temperature Difference, 2 - 1 [ITS-90, deg C]
# name 5 = c0S/m: Conductivity [S/m]
# name 6 = c1S/m: Conductivity, 2 [S/m]
# name 7 = pumps: Pump Status
# name 8 = sbeox1ML/L: Oxygen, SBE 43, 2 [ml/l]
# name 9 = sbeox0ML/L: Oxygen, SBE 43 [ml/l]
# name 10 = altM: Altimeter [m]
# name 11 = chloroflTC0: Chlorophyll, Turner Cyclops [ug/l]
# name 12 = cpar: CPAR/Corrected Irradiance [%]
# name 13 = par: PAR/Irradiance, Biospherical/Lico [µE/(cm^2*s)]
# name 14 = spar: SPAR, Biospherical/Licor
# name 15 = sal00: Salinity, Practical [PSU]
# name 16 = sal11: Salinity, Practical, 2 [PSU]
# name 17 = secS-priS: Salinity, Practical, Difference, 2 - 1 [PSU]
# name 18 = sigma-t00: Density [sigma-t, kg/m^3 ]
# name 19 = sigma-t11: Density, 2 [sigma-t, kg/m^3 ]
# name 20 = depSM: Depth [salt water, m], lat = 57.5093
# name 21 = depFM: Depth [true depth, m], lat = 57.5093
# name 22 = dz/dtM: Descent Rate [m/s], WS = 2
# name 23 = svCM: Sound Velocity [Chen-Millero, m/s]
# name 24 = svCM1: Sound Velocity, 2 [Chen-Millero, m/s]
# name 25 = flag: flag
# span 0 =        -66,       4242       
# span 1 =      1.000,     40.000       
# span 2 =    10.9740,    17.6019       
# span 3 =    10.9773,    17.6006       
# span 4 =    -0.0040,     1.4789       
# span 5 =   3.806654,   4.276752       
# span 6 =   3.807489,   4.276982       
# span 7 =          1,          1       
# span 8 =     4.8512,     5.7214       
# span 9 =     4.7000,     5.4400       
# span 10 =       0.94,       9.98      
# span 11 =     0.0506,     0.2760      
# span 12 = 1.0261e-13, 1.1065e+01      
# span 13 = 1.0000e-12, 1.1450e+02      
# span 14 = 9.7211e+02, 1.2481e+03      
# span 15 =    32.6548,    34.0343      
# span 16 =    32.6582,    34.0585      
# span 17 =    -0.0995,     0.0463      
# span 18 =    23.5733,    26.0282      
# span 19 =    23.5760,    26.0422      
# span 20 =      0.991,     39.627      
# span 21 =      0.995,     39.773      
# span 22 =     -0.435,      0.418      
# span 23 =    1492.78,    1512.11      
# span 24 =    1492.79,    1512.12      
# span 25 = 0.0000e+00, 0.0000e+00      
# interval = decibars: 0.5              
# start_time = Aug 22 2018 09:32:36 [NMEA time, first data scan]
# bad_flag = -9.990e-29
*END*
        -66      1.000    17.5935    17.5928    -0.0006    4.27572    4.27605          1     5.6651     5.4040       9.98     0.1650  1.106e+01  1.145e+02  1.035e+03    32.6548    32.6582     0.0033    23.5747    23.5774      0.991      0.995     -0.095    1511.94    1511.94  0.000e+00
        176      1.500    17.5938    17.5934    -0.0004    4.27578    4.27614          1     5.6403     5.4054       9.97     0.1651  9.390e+00  9.682e+01  1.031e+03    32.6549    32.6583     0.0034    23.5747    23.5774      1.486      1.493      0.199    1511.95    1511.95  0.000e+00
        401      2.000    17.5943    17.5933    -0.0011    4.27587    4.27615          1     5.6540     5.4053       9.97     0.1671  8.209e+00  8.435e+01  1.028e+03    32.6550    32.6583     0.0032    23.5747    23.5774      1.982      1.990      0.270    1511.96    1511.96  0.000e+00
        430      2.500    17.5945    17.5943    -0.0002    4.27591    4.27628          1     5.6825     5.4210       9.97     0.1727  6.775e+00  6.962e+01  1.028e+03    32.6551    32.6584     0.0034    23.5746    23.5773      2.477      2.488      0.372    1511.97    1511.97  0.000e+00
        468      3.000    17.5945    17.5940    -0.0004    4.27591    4.27630          1     5.6614     5.4126       9.97     0.1892  6.172e+00  6.344e+01  1.028e+03    32.6550    32.6586     0.0036    23.5746    23.5774      2.972      2.985      0.258    1511.98    1511.98  0.000e+00
        532      3.500    17.5977    17.5974    -0.0003    4.27626    4.27663          1     5.6386     5.4180       9.97     0.1871  5.388e+00  5.555e+01  1.031e+03    32.6551    32.6586     0.0034    23.5740    23.5766      3.468      3.483      0.307    1511.99    1512.00  0.000e+00
        580      4.000    17.6008    17.5983    -0.0025    4.27658    4.27672          1     5.6849     5.4090       9.97     0.1915  5.026e+00  5.185e+01  1.032e+03    32.6552    32.6584     0.0032    23.5733    23.5763      3.963      3.980      0.230    1512.01    1512.01  0.000e+00
        631      4.500    17.6019    17.6006    -0.0014    4.27675    4.27698          1     5.6965     5.4324       9.97     0.1956  4.561e+00  4.708e+01  1.032e+03    32.6556    32.6587     0.0031    23.5733    23.5760      4.458      4.478      0.279    1512.02    1512.02  0.000e+00
        678      5.000    17.6011    17.5990    -0.0020    4.27669    4.27693          1     5.6832     5.4220       9.97     0.1919  4.233e+00  4.376e+01  1.034e+03    32.6556    32.6592     0.0037    23.5735    23.5768      4.954      4.975      0.270    1512.03    1512.03  0.000e+00
        717      5.500    17.6006    17.5995    -0.0011    4.27669    4.27695          1     5.6790     5.4287       9.97     0.1985  3.910e+00  4.049e+01  1.036e+03    32.6558    32.6589     0.0031    23.5737    23.5764      5.449      5.473      0.270    1512.04    1512.03  0.000e+00
        793      6.000    17.5966    17.5956    -0.0009    4.27632    4.27672          1     5.6645     5.4130       9.97     0.2100  3.638e+00  3.775e+01  1.038e+03    32.6557    32.6599     0.0042    23.5746    23.5781      5.945      5.970      0.258    1512.03    1512.03  0.000e+00
        829      6.500    17.6007    17.5967    -0.0040    4.27674    4.27674          1     5.6867     5.3945       9.97     0.2159  3.261e+00  3.384e+01  1.038e+03    32.6558    32.6590     0.0032    23.5737    23.5771      6.440      6.468      0.403    1512.05    1512.04  0.000e+00
        861      7.000    17.5999    17.5975    -0.0024    4.27666    4.27685          1     5.6963     5.4065       9.97     0.2204  2.959e+00  3.070e+01  1.038e+03    32.6556    32.6591     0.0035    23.5738    23.5771      6.935      6.966      0.307    1512.06    1512.06  0.000e+00
        917      7.500    17.5977    17.5979     0.0001    4.27647    4.27692          1     5.6671     5.4179       9.97     0.2196  2.717e+00  2.819e+01  1.038e+03    32.6555    32.6592     0.0037    23.5742    23.5770      7.431      7.463      0.213    1512.06    1512.07  0.000e+00
        969      8.000    17.5952    17.5969     0.0016    4.27627    4.27686          1     5.6716     5.4245       9.97     0.2284  2.487e+00  2.584e+01  1.039e+03    32.6556    32.6593     0.0038    23.5749    23.5774      7.926      7.961      0.248    1512.06    1512.07  0.000e+00
       1014      8.500    17.5938    17.5945     0.0008    4.27616    4.27671          1     5.6483     5.4400       9.97     0.2311  2.250e+00  2.344e+01  1.042e+03    32.6557    32.6597     0.0041    23.5753    23.5782      8.421      8.458      0.323    1512.07    1512.07  0.000e+00
       1046      9.000    17.5942    17.5943     0.0001    4.27623    4.27668          1     5.6786     5.4374       9.97     0.2338  2.041e+00  2.126e+01  1.042e+03    32.6557    32.6595     0.0037    23.5753    23.5781      8.917      8.956      0.371    1512.08    1512.08  0.000e+00
       1087      9.500    17.5950    17.5943    -0.0007    4.27632    4.27666          1     5.7201     5.4215       9.97     0.2382  1.888e+00  1.968e+01  1.042e+03    32.6557    32.6592     0.0035    23.5750    23.5778      9.412      9.453      0.228    1512.09    1512.09  0.000e+00
       1147     10.000    17.5966    17.5951    -0.0014    4.27648    4.27676          1     5.6889     5.4230       9.97     0.2313  1.733e+00  1.809e+01  1.044e+03    32.6556    32.6591     0.0035    23.5746    23.5776      9.908      9.951      0.266    1512.10    1512.10  0.000e+00
       1186     10.500    17.5921    17.5955     0.0034    4.27609    4.27683          1     5.7067     5.4134       9.97     0.2321  1.594e+00  1.664e+01  1.044e+03    32.6557    32.6592     0.0035    23.5758    23.5776     10.403     10.448      0.286    1512.09    1512.11  0.000e+00
       1236     11.000    17.5888    17.5939     0.0051    4.27582    4.27676          1     5.7074     5.4266       9.97     0.2353  1.450e+00  1.517e+01  1.046e+03    32.6558    32.6598     0.0039    23.5766    23.5784     10.898     10.946      0.228    1512.09    1512.11  0.000e+00
       1281     11.500    17.5873    17.5904     0.0031    4.27571    4.27646          1     5.6803     5.4236       9.97     0.2336  1.351e+00  1.419e+01  1.051e+03    32.6559    32.6598     0.0039    23.5771    23.5793     11.394     11.443      0.315    1512.10    1512.11  0.000e+00
       1318     12.000    17.5854    17.5883     0.0029    4.27558    4.27631          1     5.6919     5.4232       9.97     0.2378  1.244e+00  1.314e+01  1.057e+03    32.6562    32.6601     0.0039    23.5777    23.5800     11.889     11.941      0.304    1512.10    1512.11  0.000e+00
       1363     12.500    17.5853    17.5857     0.0004    4.27557    4.27613          1     5.6567     5.4012       9.97     0.2395  1.164e+00  1.242e+01  1.067e+03    32.6560    32.6604     0.0044    23.5776    23.5809     12.384     12.438      0.231    1512.11    1512.11  0.000e+00
       1418     13.000    17.5759    17.5832     0.0073    4.27485    4.27592          1     5.6924     5.4168       9.97     0.2340  1.143e+00  1.248e+01  1.092e+03    32.6572    32.6605     0.0032    23.5808    23.5815     12.880     12.936      0.256    1512.09    1512.11  0.000e+00
       1456     13.500    17.5775    17.5810     0.0035    4.27498    4.27576          1     5.7170     5.4058       9.97     0.2363  1.063e+00  1.190e+01  1.120e+03    32.6569    32.6607     0.0038    23.5801    23.5822     13.375     13.434      0.342    1512.10    1512.12  0.000e+00
       1498     14.000    17.5752    17.5802     0.0051    4.27482    4.27571          1     5.6833     5.4036       9.97     0.2430  9.962e-01  1.149e+01  1.152e+03    32.6572    32.6607     0.0035    23.5809    23.5824     13.870     13.931      0.224    1512.10    1512.12  0.000e+00
       1560     14.500    17.5704    17.5767     0.0064    4.27446    4.27547          1     5.7214     5.3864       9.97     0.2424  1.042e+00  1.300e+01  1.248e+03    32.6578    32.6613     0.0035    23.5825    23.5837     14.366     14.429      0.269    1512.10    1512.12  0.000e+00
       1597     15.000    17.5601    17.5745     0.0144    4.27374    4.27531          1     5.6986     5.3857       9.97     0.2578  9.741e-01  1.126e+01  1.155e+03    32.6598    32.6616     0.0018    23.5865    23.5845     14.861     14.926      0.341    1512.08    1512.12  0.000e+00
       1634     15.500    17.5583    17.5702     0.0119    4.27362    4.27506          1     5.6706     5.3869       9.97     0.2760  8.351e-01  9.183e+00  1.099e+03    32.6600    32.6627     0.0027    23.5871    23.5863     15.356     15.424      0.288    1512.08    1512.12  0.000e+00
       1684     16.000    17.5531    17.5646     0.0114    4.27328    4.27466          1     5.7002     5.3821       9.97     0.2737  6.636e-01  7.107e+00  1.071e+03    32.6611    32.6636     0.0025    23.5892    23.5884     15.852     15.921      0.213    1512.08    1512.11  0.000e+00
       1738     16.500    17.5514    17.5578     0.0065    4.27319    4.27419          1     5.6917     5.3760       9.97     0.2689  5.923e-01  6.244e+00  1.054e+03    32.6616    32.6649     0.0033    23.5900    23.5910     16.347     16.419      0.273    1512.08    1512.10  0.000e+00
       1778     17.000    17.5486    17.5552     0.0066    4.27307    4.27399          1     5.6769     5.3760       9.97     0.2691  5.313e-01  5.564e+00  1.047e+03    32.6626    32.6651     0.0025    23.5914    23.5917     16.842     16.916      0.276    1512.08    1512.10  0.000e+00
       1827     17.500    17.5358    17.5516     0.0158    4.27244    4.27381          1     5.6328     5.3546       9.97     0.2673  4.960e-01  5.171e+00  1.043e+03    32.6673    32.6663    -0.0010    23.5981    23.5935     17.338     17.414      0.252    1512.06    1512.10  0.000e+00
       1868     18.000    17.5238    17.5442     0.0204    4.27186    4.27348          1     5.6758     5.3386       9.97     0.2639  4.527e-01  4.696e+00  1.037e+03    32.6718    32.6692    -0.0026    23.6044    23.5975     17.833     17.911      0.292    1512.03    1512.09  0.000e+00
       1918     18.500    17.5083    17.5340     0.0257    4.27110    4.27303          1     5.6442     5.3142       9.97     0.2501  4.181e-01  4.324e+00  1.034e+03    32.6777    32.6734    -0.0042    23.6126    23.6032     18.329     18.409      0.217    1512.00    1512.07  0.000e+00
       1967     19.000    17.4874    17.5137     0.0264    4.26999    4.27210          1     5.6369     5.2971       9.97     0.2425  3.800e-01  3.920e+00  1.032e+03    32.6849    32.6817    -0.0032    23.6231    23.6143     18.824     18.906      0.300    1511.96    1512.03  0.000e+00
       2004     19.500    17.4371    17.5069     0.0697    4.26724    4.27173          1     5.6395     5.2513       9.97     0.2479  3.432e-01  3.540e+00  1.032e+03    32.7016    32.6838    -0.0178    23.6478    23.6176     19.319     19.404      0.337    1511.83    1512.02  0.000e+00
       2041     20.000    17.3396    17.4820     0.1425    4.26244    4.27071          1     5.6261     5.2444       9.97     0.2456  3.141e-01  3.228e+00  1.028e+03    32.7392    32.6949    -0.0442    23.6998    23.6320     19.815     19.901      0.286    1511.59    1511.97  0.000e+00
       2104     20.500    17.2958    17.3944     0.0984    4.26137    4.26672          1     5.5484     5.2969       9.97     0.2400  2.919e-01  2.990e+00  1.024e+03    32.7653    32.7314    -0.0339    23.7301    23.6808     20.310     20.399      0.239    1511.50    1511.76  0.000e+00
       2148     21.000    17.3151    17.3165     0.0016    4.27387    4.26524          1     5.5518     5.3616       9.97     0.2329  2.626e-01  2.687e+00  1.024e+03    32.8568    32.7815    -0.0753    23.7957    23.7376     20.805     20.896      0.349    1511.67    1511.59  0.000e+00
       2187     21.500    17.2913    17.3126     0.0212    4.27656    4.26699          1     5.5502     5.3500       9.97     0.2310  2.394e-01  2.448e+00  1.022e+03    32.8990    32.7995    -0.0995    23.8336    23.7524     21.301     21.394      0.241    1511.66    1511.61  0.000e+00
       2244     22.000    17.2522    17.2843     0.0321    4.27638    4.27478          1     5.6097     5.3597       9.97     0.2248  2.254e-01  2.302e+00  1.022e+03    32.9292    32.8893    -0.0399    23.8661    23.8279     21.796     21.891      0.272    1511.58    1511.63  0.000e+00
       2281     22.500    17.2221    17.2698     0.0477    4.27564    4.27669          1     5.6086     5.3495       9.97     0.2184  2.053e-01  2.098e+00  1.022e+03    32.9472    32.9173    -0.0299    23.8870    23.8528     22.291     22.389      0.311    1511.52    1511.63  0.000e+00
       2325     23.000    17.1585    17.2514     0.0929    4.27226    4.27688          1     5.6058     5.3356       9.97     0.2120  1.889e-01  1.934e+00  1.024e+03    32.9697    32.9337    -0.0361    23.9193    23.8697     22.787     22.886      0.253    1511.36    1511.60  0.000e+00
       2372     23.500    17.0115    17.1977     0.1861    4.26134    4.27516          1     5.6161     5.2943       9.97     0.2031  1.743e-01  1.790e+00  1.027e+03    32.9955    32.9626    -0.0329    23.9736    23.9045     23.282     23.383      0.265    1510.96    1511.48  0.000e+00
       2416     24.000    16.5039    17.1105     0.6068    4.21748    4.27056          1     5.6284     4.8941       9.97     0.1711  1.601e-01  1.635e+00  1.021e+03    33.0314    32.9940    -0.0375    24.1187    23.9492     23.777     23.881      0.278    1509.46    1511.26  0.000e+00
       2463     24.500    15.3863    16.8654     1.4789    4.12516    4.25452          1     5.6483     4.7000       9.97     0.1453  1.476e-01  1.498e+00  1.015e+03    33.1468    33.0561    -0.0907    24.4586    24.0541     24.273     24.378      0.220    1506.14    1510.60  0.000e+00
       2522     25.000    14.8089    15.9314     1.1224    4.07938    4.18454          1     5.3875     4.7870       9.97     0.1186  1.364e-01  1.377e+00  1.009e+03    33.2232    33.2177    -0.0055    24.6436    24.3921     24.768     24.875      0.223    1504.41    1507.93  0.000e+00
       2569     25.500    14.2745    15.3442     1.0696    4.03789    4.13367          1     5.1722     4.7999       9.97     0.1051  1.249e-01  1.255e+00  1.005e+03    33.3019    33.2585    -0.0434    24.8176    24.5543     25.263     25.372      0.271    1502.79    1506.16  0.000e+00
       2613     26.000    13.9236    14.7205     0.7970    4.01128    4.08667          1     5.0850     4.8700       9.97     0.0907  1.142e-01  1.146e+00  1.003e+03    33.3594    33.3648     0.0054    24.9352    24.7716     25.759     25.869      0.271    1501.73    1504.31  0.000e+00
       2658     26.500    13.8073    14.2849     0.4776    4.00243    4.05048          1     5.0268     4.9261       9.97     0.0793  1.037e-01  1.038e+00  1.001e+03    33.3781    33.4083     0.0302    24.9737    24.8977     26.254     26.366      0.247    1501.38    1502.97  0.000e+00
       2713     27.000    13.7259    13.9751     0.2490    3.99633    4.02449          1     5.0306     4.9226       9.97     0.0741  9.448e-02  9.443e-01  9.994e+02    33.3921    33.4367     0.0447    25.0012    24.9843     26.749     26.862      0.246    1501.14    1502.00  0.000e+00
       2750     27.500    13.6334    13.8162     0.1829    3.98890    4.01099          1     5.0594     4.8829       9.97     0.0712  8.633e-02  8.626e-01  9.992e+02    33.4033    33.4496     0.0463    25.0288    25.0271     27.244     27.359      0.340    1500.85    1501.51  0.000e+00
       2805     28.000    13.5700    13.7066     0.1366    3.98442    4.00117          1     5.0748     4.8963       9.97     0.0724  7.809e-02  7.777e-01  9.958e+02    33.4166    33.4536     0.0370    25.0520    25.0527     27.740     27.856      0.219    1500.67    1501.16  0.000e+00
