ctdpy/tests/etc/all_smhi_bas_2018/SBE09_1044_20180127_0559_34_02_0019.cnv
* Sea-Bird SBE 9 Data File:
* FileName = C:\ctd\temp\2018\ME18D019.hex
* Software Version Seasave V 7.26.6.26
* Temperature SN = 5351
* Conductivity SN = 3941
* Number of Bytes Per Scan = 41
* Number of Voltage Words = 4
* Number of Scans Averaged by the Deck Unit = 1
* NMEA Latitude = 55 13.00 N
* NMEA Longitude = 017 03.99 E
* NMEA UTC (Time) = Jan 27 2018  05:59:28
* NMEA baud rate = 4800
** Station:  BY7 Stolpe Ränna
** Operator:  JKro
** Ship: MERI
** Average sound velocity: 1441.18 m/s
** True-depth calculation Sat, 27 Jan 2018 06:50:53 +0000
** CTD Python Module SMHI /ver 3-12/ feb 2012 
** LIMS Job: 20183402-0019
** Cruise: SMHI-01-2018
** Latitude [GG MM.mm N] :
** Longitude [GG MM.mm E]:
# nquan = 26
# nvalues = 174                         
# units = specified
# name 0 = scan: Scan Count
# name 1 = prDM: Pressure, Digiquartz [db]
# name 2 = t090C: Temperature [ITS-90, deg C]
# name 3 = t190C: Temperature, 2 [ITS-90, deg C]
# name 4 = T2-T190C: Temperature Difference, 2 - 1 [ITS-90, deg C]
# name 5 = c0S/m: Conductivity [S/m]
# name 6 = c1S/m: Conductivity, 2 [S/m]
# name 7 = pumps: Pump Status
# name 8 = sbeox0ML/L: Oxygen, SBE 43 [ml/l]
# name 9 = sbeox1ML/L: Oxygen, SBE 43, 2 [ml/l]
# name 10 = altM: Altimeter [m]
# name 11 = flECO-AFL: Chl-a Fluorescence, WET Labs ECO-AFL/FL [mg/m^3]
# name 12 = flECO-AFL1: Phycocyanin Fluorescence, WET Labs ECO-AFL/FL, 2 [mg/m^3]
# name 13 = par: PAR/Irradiance, Biospherical/Lico [µE/(cm^2*s)]
# name 14 = turbWETntu0: Turbidity, WET Labs ECO [NTU]
# name 15 = sal00: Salinity, Practical [PSU]
# name 16 = sal11: Salinity, Practical, 2 [PSU]
# name 17 = secS-priS: Salinity, Practical, Difference, 2 - 1 [PSU]
# name 18 = sigma-t00: Density [sigma-t, Kg/m^3 ]
# name 19 = sigma-t11: Density, 2 [sigma-t, Kg/m^3 ]
# name 20 = depSM: Depth [salt water, m], lat = 55.2167
# name 21 = depFM: Depth [true depth, m], lat = 55.2167
# name 22 = dz/dtM: Descent Rate [m/s], WS = 2
# name 23 = svCM: Sound Velocity [Chen-Millero, m/s]
# name 24 = svCM1: Sound Velocity, 2 [Chen-Millero, m/s]
# name 25 = flag: flag
# span 0 =      14558,      19017       
# span 1 =      1.500,     88.000       
# span 2 =     4.2317,     8.1759       
# span 3 =     4.2320,     8.1760       
# span 4 =    -0.0084,     0.0190       
# span 5 =   0.777596,   1.442219       
# span 6 =   0.777483,   1.442171       
# span 7 =          1,          1       
# span 8 =    0.18816,    8.20711       
# span 9 =    0.27317,    8.17097       
# span 10 =       1.85,      91.77      
# span 11 =     0.2599,     0.7237      
# span 12 =     0.2168,     0.4106      
# span 13 = 1.0000e-12, 6.1896e-06      
# span 14 =     0.1061,     0.8505      
# span 15 =     7.3082,    12.6805      
# span 16 =     7.3074,    12.6800      
# span 17 =    -0.0151,     0.0034      
# span 18 =     5.8013,     9.7822      
# span 19 =     5.8007,     9.7817      
# span 20 =      1.486,     87.187      
# span 21 =      1.519,     88.990      
# span 22 =     -0.042,      0.667      
# span 23 =    1432.50,    1457.05      
# span 24 =    1432.49,    1457.05      
# span 25 = 0.0000e+00, 0.0000e+00      
# interval = decibars: 0.5              
# start_time = Jan 27 2018 05:59:28 [NMEA time, first data scan]
# bad_flag = -9.990e-29
*END*
[from data line 112]
      17346     57.500     5.6258     5.6244    -0.0014    1.08474    1.08454          1     0.2956     0.4137      33.30     0.2865     0.2693  1.000e-12  0.1641000    10.0392    10.0376    -0.0016     7.9060     7.9048     56.973     58.209      0.454    1442.68    1442.67  0.000e+00
      17374     58.000     5.6560     5.6545    -0.0015    1.09188    1.09156          1     0.2465     0.3567      32.59     0.3049     0.2634  1.000e-12  0.1601000    10.1014    10.0986    -0.0028     7.9533     7.9512     57.468     58.715      0.431    1442.89    1442.89  0.000e+00
      17401     58.500     5.6977     5.6953    -0.0024    1.10217    1.10181          1     0.2295     0.3296      31.85     0.3091     0.2603  1.000e-12  0.1828000    10.1915    10.1886    -0.0028     8.0219     8.0199     57.963     59.220      0.470    1443.20    1443.18  0.000e+00
      17425     59.000     5.7557     5.7534    -0.0024    1.11302    1.11272          1     0.2067     0.2961      30.20     0.3181     0.2326  1.000e-12  0.1962000    10.2820    10.2797    -0.0022     8.0900     8.0883     58.459     59.725      0.485    1443.57    1443.55  0.000e+00
      17450     59.500     5.8013     5.7995    -0.0018    1.11890    1.11873          1     0.1882     0.2732      29.46     0.3296     0.2664  1.000e-12  0.2016000    10.3267    10.3255    -0.0012     8.1225     8.1216     58.954     60.230      0.475    1443.83    1443.82  0.000e+00
      17476     60.000     5.8505     5.8482    -0.0023    1.12361    1.12345          1     0.2213     0.2902      28.76     0.3094     0.2392  1.000e-12  0.2039000    10.3584    10.3575    -0.0009     8.1446     8.1440     59.449     60.736      0.474    1444.08    1444.07  0.000e+00
      17501     60.500     5.8763     5.8763     0.0000    1.12853    1.12842          1     0.2391     0.2993      28.12     0.2977     0.2168  1.000e-12  0.1948000    10.3994    10.3983    -0.0011     8.1753     8.1744     59.945     61.241      0.443    1444.25    1444.25  0.000e+00
      17530     61.000     5.8974     5.8972    -0.0002    1.13353    1.13342          1     0.2479     0.3082      27.69     0.3244     0.2952  1.000e-12  0.2057000    10.4426    10.4415    -0.0011     8.2080     8.2072     60.440     61.746      0.413    1444.41    1444.40  0.000e+00
      17558     61.500     6.0816     6.0784    -0.0032    1.14819    1.14801          1     0.4466     0.4698      27.57     0.3126     0.2738  1.000e-12  0.2112000    10.5309    10.5301    -0.0008     8.2660     8.2655     60.935     62.251      0.465    1445.31    1445.30  0.000e+00
      17582     62.000     6.3694     6.3709     0.0014    1.17306    1.17307          1     0.8014     0.7719      27.44     0.3091     0.2876  1.000e-12  0.1888000    10.6868    10.6864    -0.0004     8.3697     8.3692     61.431     62.756      0.511    1446.73    1446.74  0.000e+00
      17605     62.500     6.6307     6.6309     0.0002    1.20657    1.20635          1     1.1495     1.0618      27.01     0.2995     0.3016  1.000e-12  0.2080000    10.9329    10.9307    -0.0022     8.5446     8.5429     61.926     63.261      0.500    1448.15    1448.14  0.000e+00
      17630     63.000     6.8515     6.8515    -0.0001    1.23325    1.23337          1     1.4235     1.3182      26.50     0.3058     0.3137  1.000e-12  0.2567000    11.1229    11.1240     0.0011     8.6775     8.6784     62.421     63.766      0.467    1449.31    1449.31  0.000e+00
      17657     63.500     6.9989     7.0003     0.0014    1.25374    1.25387          1     1.5703     1.4550      25.45     0.2906     0.2699  1.000e-12  0.2771000    11.2745    11.2753     0.0008     8.7851     8.7857     62.917     64.271      0.440    1450.12    1450.13  0.000e+00
      17685     64.000     7.1402     7.1366    -0.0035    1.26740    1.26738          1     1.6641     1.5508      25.30     0.3053     0.2385  1.000e-12  0.2667000    11.3608    11.3618     0.0010     8.8416     8.8426     63.412     64.776      0.430    1450.82    1450.81  0.000e+00
      17712     64.500     7.2025     7.2009    -0.0016    1.27454    1.27436          1     1.6692     1.5890      25.04     0.2861     0.2987  1.000e-12  0.2708000    11.4094    11.4082    -0.0012     8.8746     8.8738     63.907     65.280      0.480    1451.15    1451.14  0.000e+00
      17735     65.000     7.2497     7.2481    -0.0016    1.28463    1.28452          1     1.6176     1.5707      24.61     0.2957     0.2728  1.000e-12  0.2763000    11.4914    11.4909    -0.0005     8.9351     8.9348     64.403     65.785      0.524    1451.45    1451.45  0.000e+00
      17758     65.500     7.3084     7.3064    -0.0019    1.29401    1.29391          1     1.5903     1.5677      24.13     0.2781     0.2721  1.000e-12  0.2582000    11.5626    11.5622    -0.0003     8.9859     8.9858     64.898     66.290      0.497    1451.79    1451.78  0.000e+00
      17784     66.000     7.4378     7.4338    -0.0040    1.30903    1.30897          1     1.6436     1.6277      23.60     0.2811     0.2280  1.000e-12  0.2339000    11.6642    11.6649     0.0007     9.0546     9.0555     65.393     66.795      0.453    1452.46    1452.44  0.000e+00
      17811     66.500     7.5639     7.5626    -0.0013    1.32522    1.32527          1     1.6880     1.6717      23.03     0.2847     0.2826  1.000e-12  0.2332000    11.7776    11.7786     0.0010     9.1326     9.1335     65.889     67.299      0.437    1453.12    1453.12  0.000e+00
      17838     67.000     7.7063     7.7029    -0.0036    1.34280    1.34282          1     1.7941     1.7645      22.51     0.2842     0.2302  1.000e-12  0.2719000    11.8980    11.8994     0.0014     9.2142     9.2156     66.384     67.804      0.460    1453.86    1453.85  0.000e+00
      17864     67.500     7.8533     7.8493    -0.0039    1.35749    1.35732          1     1.9257     1.8851      21.86     0.2734     0.2800  1.000e-12  0.3170000    11.9886    11.9883    -0.0003     9.2718     9.2719     66.879     68.309      0.482    1454.57    1454.56  0.000e+00
      17888     68.000     7.8871     7.8847    -0.0024    1.36330    1.36327          1     1.9789     1.9384      21.46     0.2814     0.3153  1.000e-12  0.3455000    12.0324    12.0329     0.0005     9.3030     9.3036     67.375     68.813      0.479    1454.77    1454.76  0.000e+00
      17914     68.500     7.9556     7.9537    -0.0019    1.37066    1.37062          1     2.0132     1.9797      20.98     0.2919     0.2909  1.000e-12  0.3768000    12.0791    12.0794     0.0003     9.3331     9.3335     67.870     69.318      0.463    1455.12    1455.11  0.000e+00
      17940     69.000     8.0083     8.0054    -0.0029    1.37390    1.37376          1     2.0425     2.0228      20.42     0.2853     0.3127  1.000e-12  0.4338000    12.0918    12.0915    -0.0003     9.3381     9.3381     68.365     69.822      0.461    1455.35    1455.34  0.000e+00
      17966     69.500     8.0293     8.0282    -0.0011    1.37499    1.37499          1     2.0469     2.0320      19.97     0.2889     0.3070  1.000e-12  0.5000000    12.0949    12.0952     0.0003     9.3386     9.3389     68.861     70.327      0.453    1455.45    1455.44  0.000e+00
      17993     70.000     8.0147     8.0121    -0.0026    1.37631    1.37626          1     2.0101     2.0003      19.30     0.3051     0.3010  1.000e-12  0.5475000    12.1124    12.1128     0.0004     9.3536     9.3542     69.356     70.831      0.448    1455.42    1455.41  0.000e+00
      18019     70.500     7.9841     7.9830    -0.0010    1.37902    1.37911          1     1.9529     1.9618      18.84     0.2805     0.2645  1.000e-12  0.5680000    12.1486    12.1499     0.0012     9.3848     9.3859     69.851     71.336      0.474    1455.35    1455.35  0.000e+00
      18044     71.000     7.9714     7.9704    -0.0009    1.38081    1.38072          1     1.9132     1.9327      18.43     0.2796     0.2684  1.000e-12  0.5636000    12.1700    12.1695    -0.0005     9.4028     9.4024     70.347     71.840      0.504    1455.33    1455.33  0.000e+00
      18067     71.500     7.9396     7.9396    -0.0000    1.38020    1.38013          1     1.8745     1.8993      17.95     0.2811     0.2400  1.000e-12  0.5422000    12.1751    12.1745    -0.0006     9.4097     9.4092     70.842     72.345      0.496    1455.22    1455.22  0.000e+00
      18093     72.000     7.9215     7.9228     0.0013    1.38003    1.38010          1     1.8517     1.8765      17.48     0.2757     0.2697  1.000e-12  0.5668000    12.1797    12.1799     0.0002     9.4150     9.4150     71.337     72.849      0.429    1455.16    1455.16  0.000e+00
      18123     72.500     7.9329     7.9334     0.0005    1.38085    1.38094          1     1.8667     1.8894      16.94     0.2989     0.2731  1.000e-12  0.5893000    12.1835    12.1842     0.0007     9.4169     9.4174     71.833     73.354      0.414    1455.22    1455.22  0.000e+00
      18150     73.000     7.9649     7.9635    -0.0014    1.38362    1.38363          1     1.8898     1.9151      16.23     0.2694     0.2337  1.000e-12  0.5763000    12.1988    12.1994     0.0006     9.4259     9.4265     72.328     73.858      0.492    1455.37    1455.37  0.000e+00
      18173     73.500     7.9399     7.9426     0.0026    1.38541    1.38562          1     1.8941     1.9130      15.56     0.2896     0.2834  1.000e-12  0.5875000    12.2245    12.2256     0.0010     9.4483     9.4489     72.823     74.363      0.519    1455.31    1455.32  0.000e+00
      18196     74.000     7.9859     7.9839    -0.0020    1.39541    1.39542          1     1.9000     1.9143      15.54     0.2908     0.2630  1.000e-12  0.6218000    12.3039    12.3047     0.0008     9.5060     9.5069     73.318     74.867      0.484    1455.61    1455.60  0.000e+00
      18222     74.500     7.9983     7.9981    -0.0002    1.40025    1.40030          1     1.9230     1.9368      15.09     0.2895     0.2969  1.000e-12  0.6121000    12.3457    12.3463     0.0006     9.5376     9.5380     73.814     75.372      0.445    1455.71    1455.71  0.000e+00
      18250     75.000     8.0392     8.0381    -0.0011    1.40649    1.40680          1     1.9562     1.9695      14.79     0.2814     0.2894  1.000e-12  0.6423000    12.3907    12.3941     0.0034     9.5689     9.5717     74.309     75.876      0.449    1455.94    1455.94  0.000e+00
      18276     75.500     8.0779     8.0756    -0.0023    1.41914    1.41909          1     1.9749     1.9828      14.34     0.2793     0.2658  1.000e-12  0.6384000    12.4977    12.4980     0.0003     9.6488     9.6493     74.804     76.381      0.449    1456.24    1456.23  0.000e+00
      18303     76.000     8.1080     8.1055    -0.0024    1.42465    1.42455          1     1.9880     1.9868      13.93     0.2599     0.2354  1.000e-12  0.6824000    12.5395    12.5395    -0.0000     9.6786     9.6788     75.300     76.885      0.458    1456.42    1456.41  0.000e+00
      18328     76.500     8.1354     8.1321    -0.0034    1.42755    1.42730          1     1.9949     1.9969      13.70     0.2779     0.2901  1.000e-12  0.7064000    12.5573    12.5561    -0.0012     9.6899     9.6892     75.795     77.390      0.500    1456.56    1456.54  0.000e+00
      18351     77.000     8.1402     8.1383    -0.0019    1.42785    1.42773          1     1.9938     2.0056      12.94     0.2771     0.3009  1.000e-12  0.7633000    12.5584    12.5579    -0.0005     9.6902     9.6900     76.290     77.894      0.508    1456.59    1456.58  0.000e+00
      18376     77.500     8.1439     8.1444     0.0005    1.42811    1.42820          1     1.9948     2.0092      12.65     0.2892     0.3034  1.000e-12  0.7643000    12.5594    12.5601     0.0007     9.6906     9.6912     76.786     78.398      0.455    1456.61    1456.61  0.000e+00
      18404     78.000     8.1461     8.1455    -0.0006    1.42841    1.42837          1     1.9926     2.0061      12.26     0.2889     0.2671  1.000e-12  0.7845000    12.5614    12.5612    -0.0001     9.6920     9.6919     77.281     78.903      0.426    1456.63    1456.63  0.000e+00
      18432     78.500     8.1462     8.1455    -0.0007    1.42836    1.42834          1     1.9928     2.0064      11.74     0.2781     0.2732  1.000e-12  0.7946000    12.5607    12.5608     0.0001     9.6915     9.6916     77.776     79.407      0.463    1456.64    1456.64  0.000e+00
      18456     79.000     8.1455     8.1455     0.0001    1.42830    1.42831          1     1.9889     2.0082      11.24     0.2801     0.2911  1.000e-12  0.7924000    12.5604    12.5604    -0.0000     9.6913     9.6913     78.271     79.912      0.488    1456.64    1456.64  0.000e+00
      18481     79.500     8.1470     8.1466    -0.0003    1.42883    1.42888          1     1.9883     2.0057      10.76     0.2784     0.2633  1.000e-12  0.8253000    12.5648    12.5654     0.0006     9.6946     9.6951     78.767     80.416      0.491    1456.66    1456.66  0.000e+00
      18505     80.000     8.1495     8.1481    -0.0013    1.42952    1.42934          1     1.9890     2.0043      10.22     0.2774     0.2605  1.000e-12  0.7747000    12.5703    12.5691    -0.0012     9.6987     9.6978     79.262     80.920      0.476    1456.69    1456.68  0.000e+00
      18532     80.500     8.1476     8.1481     0.0006    1.42923    1.42929          1     1.9878     1.9983       9.69     0.2779     0.3217  1.000e-12  0.8100000    12.5682    12.5686     0.0004     9.6972     9.6974     79.757     81.425      0.441    1456.69    1456.69  0.000e+00
      18559     81.000     8.1468     8.1478     0.0010    1.42909    1.42927          1     1.9819     2.0076       9.15     0.2899     0.3402  1.000e-12  0.7875000    12.5670    12.5684     0.0014     9.6963     9.6973     80.253     81.929      0.446    1456.69    1456.70  0.000e+00
      18585     81.500     8.1539     8.1536    -0.0003    1.43053    1.43051          1     1.9864     2.0095       8.64     0.2871     0.3154  1.000e-12  0.7924000    12.5782    12.5781    -0.0001     9.7044     9.7043     80.748     82.433      0.480    1456.74    1456.74  0.000e+00
      18610     82.000     8.1571     8.1571     0.0000    1.43141    1.43146          1     1.9920     2.0065       8.13     0.2688     0.2775  1.000e-12  0.8194000    12.5852    12.5858     0.0005     9.7096     9.7100     81.243     82.938      0.499    1456.77    1456.77  0.000e+00
      18633     82.500     8.1583     8.1582    -0.0000    1.43183    1.43180          1     1.9902     2.0076       7.64     0.2811     0.2588  1.000e-12  0.8374000    12.5888    12.5885    -0.0003     9.7122     9.7120     81.739     83.442      0.498    1456.79    1456.79  0.000e+00
      18658     83.000     8.1608     8.1608     0.0001    1.43301    1.43299          1     1.9910     2.0060       7.12     0.2917     0.3216  1.000e-12  0.8289000    12.5990    12.5988    -0.0002     9.7200     9.7198     82.234     83.947      0.456    1456.82    1456.82  0.000e+00
      18686     83.500     8.1630     8.1630    -0.0001    1.43412    1.43403          1     1.9935     2.0051       6.61     0.2757     0.2891  1.000e-12  0.7917000    12.6087    12.6078    -0.0009     9.7273     9.7267     82.729     84.451      0.424    1456.85    1456.85  0.000e+00
      18714     84.000     8.1635     8.1635    -0.0000    1.43444    1.43436          1     1.9901     2.0072       6.13     0.2602     0.2931  1.000e-12  0.7696000    12.6114    12.6107    -0.0007     9.7294     9.7289     83.224     84.955      0.469    1456.86    1456.86  0.000e+00
      18738     84.500     8.1638     8.1639     0.0000    1.43464    1.43465          1     1.9938     2.0048       5.66     0.2893     0.3155  1.000e-12  0.8257000    12.6131    12.6133     0.0001     9.7307     9.7308     83.720     85.460      0.502    1456.87    1456.87  0.000e+00
