ctdpy/tests/etc/all_smhi_bas_2018/SBE09_1044_20180203_2043_34_02_0055.cnv
* Sea-Bird SBE 9 Data File:
* FileName = C:\ctd\temp\2018\ME18D055.hex
* Software Version Seasave V 7.26.6.26
* Temperature SN = 5351
* Conductivity SN = 3941
* Number of Bytes Per Scan = 41
* Number of Voltage Words = 4
* Number of Scans Averaged by the Deck Unit = 1
* NMEA Latitude = 58 17.66 N
* NMEA Longitude = 010 50.67 E
* NMEA UTC (Time) = Feb 03 2018  20:43:58
* NMEA baud rate = 4800
** Station:  A15
** Operator:  SSip
** Ship: MERI
** Average sound velocity: 1477.21 m/s
** True-depth calculation Sat, 03 Feb 2018 21:30:54 +0000
** CTD Python Module SMHI /ver 3-12/ feb 2012 
** LIMS Job: 20183402-0055
** Cruise: SMHI-01-2018
** Latitude [GG MM.mm N] :
** Longitude [GG MM.mm E]:
# nquan = 26
# nvalues = 257                         
# units = specified
# name 0 = scan: Scan Count
# name 1 = prDM: Pressure, Digiquartz [db]
# name 2 = t090C: Temperature [ITS-90, deg C]
# name 3 = t190C: Temperature, 2 [ITS-90, deg C]
# name 4 = T2-T190C: Temperature Difference, 2 - 1 [ITS-90, deg C]
# name 5 = c0S/m: Conductivity [S/m]
# name 6 = c1S/m: Conductivity, 2 [S/m]
# name 7 = pumps: Pump Status
# name 8 = sbeox0ML/L: Oxygen, SBE 43 [ml/l]
# name 9 = sbeox1ML/L: Oxygen, SBE 43, 2 [ml/l]
# name 10 = altM: Altimeter [m]
# name 11 = flECO-AFL: Chl-a Fluorescence, WET Labs ECO-AFL/FL [mg/m^3]
# name 12 = flECO-AFL1: Phycocyanin Fluorescence, WET Labs ECO-AFL/FL, 2 [mg/m^3]
# name 13 = par: PAR/Irradiance, Biospherical/Lico [µE/(cm^2*s)]
# name 14 = turbWETntu0: Turbidity, WET Labs ECO [NTU]
# name 15 = sal00: Salinity, Practical [PSU]
# name 16 = sal11: Salinity, Practical, 2 [PSU]
# name 17 = secS-priS: Salinity, Practical, Difference, 2 - 1 [PSU]
# name 18 = sigma-t00: Density [sigma-t, Kg/m^3 ]
# name 19 = sigma-t11: Density, 2 [sigma-t, Kg/m^3 ]
# name 20 = depSM: Depth [salt water, m], lat = 58.2943
# name 21 = depFM: Depth [true depth, m], lat = 58.2943
# name 22 = dz/dtM: Descent Rate [m/s], WS = 2
# name 23 = svCM: Sound Velocity [Chen-Millero, m/s]
# name 24 = svCM1: Sound Velocity, 2 [Chen-Millero, m/s]
# name 25 = flag: flag
# span 0 =       5601,      11478       
# span 1 =      2.500,    130.500       
# span 2 =     3.1816,     7.7300       
# span 3 =     3.1822,     7.7355       
# span 4 =    -0.0500,     0.1843       
# span 5 =   2.576514,   3.570141       
# span 6 =   2.576683,   3.570246       
# span 7 =          1,          1       
# span 8 =    6.00506,    7.36721       
# span 9 =    6.00185,    7.39191       
# span 10 =       1.40,      99.37      
# span 11 =     0.1019,     0.9078      
# span 12 =     0.2734,     0.4737      
# span 13 = -1.607e-05, 7.1757e-02      
# span 14 =     0.2107,     2.7288      
# span 15 =    27.7261,    34.8793      
# span 16 =    27.7273,    34.8806      
# span 17 =    -0.0222,     0.4409      
# span 18 =    22.0704,    27.3789      
# span 19 =    22.0713,    27.3800      
# span 20 =      2.477,    129.247      
# span 21 =      2.491,    129.475      
# span 22 =     -0.087,      1.252      
# span 23 =    1453.80,    1481.70      
# span 24 =    1453.81,    1481.70      
# span 25 = 0.0000e+00, 0.0000e+00      
# interval = decibars: 0.5              
# start_time = Feb 03 2018 20:43:58 [NMEA time, first data scan]
# bad_flag = -9.990e-29
*END*
[from data line 223]
      10712    114.000     6.6958     6.6959     0.0001    3.48831    3.48843          1     6.3205     6.3156      21.49     0.2363     0.3410  1.000e-12  1.3227000    34.8077    34.8089     0.0012    27.3091    27.3100    112.910    113.117      0.935    1479.11    1479.11  0.000e+00
      10724    114.500     6.6917     6.6925     0.0008    3.48816    3.48832          1     6.3303     6.3133      21.02     0.2321     0.3312  1.000e-12  1.3082000    34.8099    34.8109     0.0010    27.3114    27.3120    113.405    113.612      0.913    1479.10    1479.11  0.000e+00
      10738    115.000     6.6895     6.6901     0.0006    3.48806    3.48821          1     6.3323     6.3078      20.51     0.2238     0.3520  1.000e-12  1.2781000    34.8108    34.8118     0.0011    27.3124    27.3131    113.900    114.108      0.770    1479.10    1479.11  0.000e+00
      10759    115.500     6.6859     6.6865     0.0006    3.48793    3.48806          1     6.3236     6.3187      19.86     0.2149     0.3558  1.000e-12  1.2536000    34.8128    34.8136     0.0008    27.3145    27.3150    114.395    114.604      0.436    1479.10    1479.10  0.000e+00
      10808    116.000     6.6852     6.6852     0.0000    3.48793    3.48805          1     6.3061     6.3248      19.08     0.2199     0.3720  1.000e-12  1.2005000    34.8132    34.8146     0.0013    27.3149    27.3159    114.890    115.100      0.316    1479.10    1479.11  0.000e+00
      10835    116.500     6.6813     6.6815     0.0002    3.48789    3.48804          1     6.3229     6.3107      18.72     0.2016     0.3283  1.000e-12  1.2064000    34.8165    34.8179     0.0014    27.3180    27.3191    115.385    115.595      0.579    1479.10    1479.10  0.000e+00
      10853    117.000     6.6818     6.6816    -0.0002    3.48799    3.48810          1     6.3242     6.3137      18.33     0.2072     0.3159  1.000e-12  1.2386000    34.8168    34.8183     0.0014    27.3182    27.3194    115.880    116.091      0.701    1479.11    1479.11  0.000e+00
      10870    117.500     6.6691     6.6691    -0.0001    3.48749    3.48760          1     6.3197     6.3209      17.92     0.2114     0.3476  1.000e-12  1.2680000    34.8239    34.8252     0.0013    27.3255    27.3265    116.375    116.587      0.746    1479.08    1479.08  0.000e+00
      10885    118.000     6.6481     6.6484     0.0004    3.48684    3.48696          1     6.3162     6.3271      17.44     0.2114     0.3579  1.000e-12  1.4142000    34.8379    34.8389     0.0010    27.3393    27.3401    116.870    117.082      0.730    1479.02    1479.03  0.000e+00
      10902    118.500     6.6404     6.6405     0.0002    3.48661    3.48673          1     6.3061     6.3178      16.95     0.2155     0.3056  1.000e-12  1.4307000    34.8429    34.8441     0.0012    27.3444    27.3453    117.365    117.578      0.656    1479.01    1479.01  0.000e+00
      10923    119.000     6.6379     6.6380     0.0000    3.48649    3.48662          1     6.3016     6.3189      16.37     0.2236     0.3327  1.000e-12  1.4385000    34.8439    34.8452     0.0014    27.3455    27.3465    117.860    118.074      0.529    1479.01    1479.01  0.000e+00
      10952    119.500     6.6360     6.6362     0.0002    3.48644    3.48657          1     6.3227     6.3270      15.74     0.2188     0.3554  1.000e-12  1.5818000    34.8450    34.8462     0.0011    27.3466    27.3475    118.355    118.570      0.344    1479.01    1479.01  0.000e+00
      10993    120.000     6.6342     6.6340    -0.0002    3.48646    3.48656          1     6.3408     6.3299      15.14     0.2017     0.3734  1.000e-12  1.4595000    34.8467    34.8480     0.0013    27.3482    27.3493    118.851    119.065      0.355    1479.01    1479.01  0.000e+00
      11018    120.500     6.6326     6.6327     0.0001    3.48652    3.48664          1     6.3309     6.3250      14.79     0.2245     0.3898  1.000e-12  1.4930000    34.8488    34.8500     0.0013    27.3500    27.3510    119.346    119.561      0.653    1479.02    1479.02  0.000e+00
      11033    121.000     6.6318     6.6317    -0.0000    3.48656    3.48667          1     6.3298     6.3168      14.43     0.2237     0.3653  1.000e-12  1.6082000    34.8499    34.8512     0.0013    27.3510    27.3521    119.841    120.057      0.835    1479.02    1479.03  0.000e+00
      11047    121.500     6.6292     6.6293     0.0002    3.48658    3.48669          1     6.3377     6.3124      14.01     0.2237     0.3708  1.000e-12  1.7038000    34.8525    34.8536     0.0011    27.3535    27.3543    120.336    120.552      0.914    1479.03    1479.03  0.000e+00
      11059    122.000     6.6197     6.6190    -0.0008    3.48638    3.48648          1     6.3449     6.3239      13.57     0.2237     0.3810  1.000e-12  1.7652000    34.8596    34.8615     0.0019    27.3604    27.3620    120.831    121.048      0.881    1479.01    1479.01  0.000e+00
      11074    122.500     6.6132     6.6147     0.0015    3.48623    3.48638          1     6.3451     6.3368      13.03     0.2237     0.3667  1.000e-12  1.8120000    34.8644    34.8645     0.0002    27.3650    27.3649    121.326    121.544      0.690    1478.99    1479.00  0.000e+00
      11116    123.000     6.6128     6.6124    -0.0003    3.48626    3.48635          1     6.3441     6.3286      12.23     0.2020     0.3320  1.000e-12  1.8051000    34.8649    34.8663     0.0014    27.3654    27.3666    121.821    122.040      0.346    1479.00    1479.00  0.000e+00
      11161    123.500     6.6079     6.6080     0.0001    3.48616    3.48628          1     6.3399     6.3300      11.72     0.1998     0.3286  1.000e-12  1.7938000    34.8685    34.8697     0.0012    27.3689    27.3698    122.316    122.535      0.646    1479.00    1479.00  0.000e+00
      11175    124.000     6.6065     6.6065     0.0000    3.48616    3.48628          1     6.3363     6.3367      11.41     0.1992     0.3370  1.000e-12  1.8524000    34.8696    34.8709     0.0013    27.3700    27.3711    122.811    123.031      0.866    1479.00    1479.00  0.000e+00
      11188    124.500     6.6044     6.6047     0.0003    3.48614    3.48627          1     6.3373     6.3335      11.08     0.2231     0.3650  1.000e-12  1.8181000    34.8713    34.8724     0.0011    27.3716    27.3725    123.306    123.527      0.941    1479.00    1479.01  0.000e+00
      11200    125.000     6.6029     6.6031     0.0002    3.48613    3.48626          1     6.3387     6.3333      10.59     0.2360     0.3629  1.000e-12  1.8009000    34.8726    34.8737     0.0012    27.3728    27.3737    123.801    124.022      0.897    1479.01    1479.01  0.000e+00
      11214    125.500     6.6008     6.6001    -0.0008    3.48615    3.48625          1     6.3385     6.3306      10.07     0.2276     0.3365  1.000e-12  2.0922000    34.8745    34.8765     0.0019    27.3747    27.3763    124.296    124.518      0.725    1479.01    1479.01  0.000e+00
      11237    126.000     6.5982     6.5979    -0.0003    3.48614    3.48626          1     6.3473     6.3326       9.38     0.2434     0.3342  1.000e-12  2.1997000    34.8769    34.8785     0.0016    27.3768    27.3782    124.791    125.014      0.435    1479.01    1479.01  0.000e+00
      11277    126.500     6.5969     6.5969    -0.0000    3.48619    3.48631          1     6.3479     6.3439       8.70     0.2455     0.3762  1.000e-12  2.2222000    34.8784    34.8798     0.0014    27.3783    27.3793    125.286    125.509      0.293    1479.01    1479.02  0.000e+00
      11311    127.000     6.5964     6.5966     0.0001    3.48623    3.48636          1     6.3287     6.3306       8.27     0.2316     0.3550  1.000e-12  2.4759000    34.8792    34.8805     0.0013    27.3789    27.3799    125.781    126.005      0.454    1479.02    1479.02  0.000e+00
      11333    127.500     6.5966     6.5966    -0.0000    3.48626    3.48638          1     6.3175     6.3233       7.85     0.2504     0.3609  1.000e-12  2.5386000    34.8791    34.8804     0.0014    27.3788    27.3799    126.276    126.501      0.588    1479.03    1479.03  0.000e+00
      11352    128.000     6.5968     6.5967    -0.0001    3.48629    3.48642          1     6.3202     6.3151       7.42     0.2603     0.3646  1.000e-12  2.3648000    34.8790    34.8805     0.0015    27.3787    27.3799    126.771    126.997      0.663    1479.04    1479.04  0.000e+00
      11370    128.500     6.5969     6.5968    -0.0001    3.48633    3.48644          1     6.3340     6.3222       6.95     0.2323     0.3636  1.000e-12  2.7241000    34.8791    34.8805     0.0014    27.3788    27.3799    127.267    127.492      0.700    1479.05    1479.05  0.000e+00
      11386    129.000     6.5972     6.5970    -0.0001    3.48638    3.48650          1     6.3445     6.3369       6.51     0.2276     0.3644  1.000e-12  2.7288000    34.8791    34.8806     0.0015    27.3787    27.3799    127.761    127.988      0.713    1479.06    1479.06  0.000e+00
      11403    129.500     6.5971     6.5970    -0.0000    3.48641    3.48652          1     6.3421     6.3361       6.00     0.2358     0.3634  1.000e-12  2.4895000    34.8793    34.8806     0.0013    27.3789    27.3800    128.257    128.484      0.659    1479.07    1479.07  0.000e+00
      11423    130.000     6.5970     6.5970     0.0001    3.48642    3.48654          1     6.3315     6.3327       5.45     0.2457     0.3378  1.000e-12  2.7055000    34.8793    34.8806     0.0013    27.3789    27.3799    128.752    128.979      0.521    1479.07    1479.08  0.000e+00
      11478    130.500     6.5971     6.5970     0.0000    3.48645    3.48656          1     6.3142     6.3313       4.55     0.2498     0.3510  1.000e-12  2.5953000    34.8792    34.8804     0.0012    27.3789    27.3798    129.247    129.475     -0.087    1479.08    1479.08  0.000e+00
