ctdpy/tests/etc/all_smhi_bas_2018/SBE09_1044_20181016_1131_34_01_0097.cnv
* Sea-Bird SBE 9 Data File:
* FileName = C:\ctd\temp\ar18d097.hex
* Software Version Seasave V 7.21e
* Temperature SN = 5351
* Conductivity SN = 3941
* Number of Bytes Per Scan = 30
* Number of Voltage Words = 4
* Number of Scans Averaged by the Deck Unit = 1
** Station:  BY5
** Operator:  obac
** Ship: ARANDA
** Average sound velocity: 1467.65 m/s
** True-depth calculation Tue, 16 Oct 2018 16:46:53 +0000
** CTD Python Module SMHI /ver 3-12/ feb 2012 
** LIMS Job: 20183401-0097
** Cruise: SMHI-4-2018
** Latitude [GG MM.mm N]: 55 15.003 N
** Longitude [GG MM.mm E] 15 59.045 E
# nquan = 26
# nvalues = 169                         
# units = specified
# name 0 = scan: Scan Count
# name 1 = prDM: Pressure, Digiquartz [db]
# name 2 = t090C: Temperature [ITS-90, deg C]
# name 3 = t190C: Temperature, 2 [ITS-90, deg C]
# name 4 = T2-T190C: Temperature Difference, 2 - 1 [ITS-90, deg C]
# name 5 = c0S/m: Conductivity [S/m]
# name 6 = c1S/m: Conductivity, 2 [S/m]
# name 7 = pumps: Pump Status
# name 8 = sbeox0ML/L: Oxygen, SBE 43 [ml/l]
# name 9 = sbeox1ML/L: Oxygen, SBE 43, 2 [ml/l]
# name 10 = altM: Altimeter [m]
# name 11 = flECO-AFL: Chl-a Fluorescence, WET Labs ECO-AFL/FL [mg/m^3]
# name 12 = flECO-AFL1: Phycocyanin Fluorescence, WET Labs ECO-AFL/FL, 2 [mg/m^3]
# name 13 = par: PAR/Irradiance, Biospherical/Lico [µE/(cm^2*s)]
# name 14 = turbWETntu0: Turbidity, WET Labs ECO [NTU]
# name 15 = sal00: Salinity, Practical [PSU]
# name 16 = sal11: Salinity, Practical, 2 [PSU]
# name 17 = secS-priS: Salinity, Practical, Difference, 2 - 1 [PSU]
# name 18 = sigma-t00: Density [sigma-t, Kg/m^3 ]
# name 19 = sigma-t11: Density, 2 [sigma-t, Kg/m^3 ]
# name 20 = depSM: Depth [salt water, m], lat = 0
# name 21 = depFM: Depth [true depth, m], lat = 0
# name 22 = dz/dtM: Descent Rate [m/s], WS = 2
# name 23 = svCM: Sound Velocity [Chen-Millero, m/s]
# name 24 = svCM1: Sound Velocity, 2 [Chen-Millero, m/s]
# name 25 = flag: flag
# span 0 =      14833,      18970       
# span 1 =      2.000,     86.000       
# span 2 =     4.9242,    13.8596       
# span 3 =     4.9224,    13.8600       
# span 4 =    -0.0765,     0.1785       
# span 5 =   0.842977,   2.294103       
# span 6 =   0.842974,   2.294054       
# span 7 =          1,          1       
# span 8 =    0.05307,    7.16174       
# span 9 =    0.14161,    6.70678       
# span 10 =       2.59,      98.72      
# span 11 =     0.2359,     2.0561      
# span 12 =     0.1744,     0.5362      
# span 13 = -1.555e-09, 2.3923e+02      
# span 14 =     0.1449,     4.1173      
# span 15 =     7.5640,    18.4904      
# span 16 =     7.5637,    18.4909      
# span 17 =    -0.1394,     0.0809      
# span 18 =     5.1004,    13.6698      
# span 19 =     5.1001,    13.6697      
# span 20 =      1.989,     85.510      
# span 21 =      2.027,     86.909      
# span 22 =     -0.009,      0.605      
# span 23 =    1436.60,    1481.71      
# span 24 =    1436.59,    1481.71      
# span 25 = 0.0000e+00, 0.0000e+00      
# interval = decibars: 0.5              
# start_time = Oct 16 2018 11:31:51 [System UTC, header]
# bad_flag = -9.990e-29
*END*
[from data line 112]
      17355     58.000    11.6737    11.6414    -0.0325    1.65115    1.64598          1     2.6081     2.5133      31.28     0.2481     0.2080  1.000e-12  0.1526000    13.3411    13.3072    -0.0339     9.8754     9.8537     57.673     58.720      0.559    1470.81    1470.65  0.000e+00
      17377     58.500    12.0452    12.0301    -0.0151    1.68557    1.68111          1     3.0509     2.8665      30.83     0.2459     0.1934  1.000e-12  0.1489000    13.5085    13.4752    -0.0333     9.9511     9.9276     58.170     59.225      0.549    1472.37    1472.28  0.000e+00
      17399     59.000    12.4671    12.4504    -0.0170    1.72478    1.72155          1     3.5011     3.2298      30.20     0.2527     0.2043  1.000e-12  0.1500000    13.6966    13.6747    -0.0219    10.0335    10.0191     58.667     59.729      0.554    1474.13    1474.04  0.000e+00
      17420     59.500    12.7687    12.7492    -0.0194    1.75035    1.74756          1     3.4345     3.1889      29.24     0.2691     0.2335  1.000e-12  0.1510000    13.8072    13.7904    -0.0169    10.0725    10.0625     59.165     60.233      0.556    1475.35    1475.26  0.000e+00
      17442     60.000    13.0238    13.0084    -0.0153    1.77211    1.76938          1     2.8836     2.7589      28.92     0.2681     0.2076  1.000e-12  0.1624000    13.9005    13.8828    -0.0177    10.1043    10.0931     59.662     60.737      0.541    1476.37    1476.30  0.000e+00
      17465     60.500    13.1526    13.1532     0.0006    1.78775    1.78688          1     2.4963     2.4483      28.53     0.2408     0.2071  1.000e-12  0.1563000    13.9868    13.9792    -0.0077    10.1503    10.1443     60.159     61.241      0.521    1476.94    1476.93  0.000e+00
      17488     61.000    13.0746    13.0582    -0.0163    1.79575    1.79148          1     2.2143     2.1943      28.23     0.2593     0.2277  1.000e-12  0.1507000    14.0833    14.0530    -0.0303    10.2369    10.2162     60.656     61.746      0.526    1476.78    1476.69  0.000e+00
      17510     61.500    13.5296    13.5110    -0.0187    1.84944    1.84453          1     1.8450     1.8677      27.82     0.2476     0.2110  1.000e-12  0.1632000    14.3706    14.3360    -0.0346    10.3842    10.3606     61.153     62.250      0.553    1478.73    1478.62  0.000e+00
      17531     62.000    13.7303    13.7292    -0.0011    1.87613    1.87519          1     1.6644     1.7055      27.32     0.2487     0.2191  1.000e-12  0.1779000    14.5208    14.5133    -0.0075    10.4663    10.4607     61.650     62.754      0.576    1479.61    1479.60  0.000e+00
      17552     62.500    13.6866    13.6908     0.0043    1.87783    1.87790          1     1.6642     1.6852      26.78     0.2598     0.2772  1.000e-12  0.1842000    14.5516    14.5506    -0.0010    10.4973    10.4958     62.147     63.258      0.567    1479.50    1479.52  0.000e+00
      17574     63.000    13.5440    13.5471     0.0030    1.87756    1.87687          1     1.6494     1.6598      26.29     0.2603     0.2363  1.000e-12  0.1819000    14.6032    14.5962    -0.0069    10.5606    10.5548     62.644     63.762      0.528    1479.08    1479.08  0.000e+00
      17598     63.500    13.5596    13.5591    -0.0005    1.88775    1.88677          1     1.5916     1.6033      25.76     0.2629     0.2100  1.000e-12  0.1862000    14.6835    14.6754    -0.0081    10.6198    10.6137     63.141     64.266      0.514    1479.23    1479.22  0.000e+00
      17620     64.000    13.5806    13.5822     0.0016    1.89183    1.89164          1     1.5671     1.5815      25.36     0.2851     0.2653  1.000e-12  0.1933000    14.7099    14.7077    -0.0022    10.6367    10.6347     63.639     64.769      0.555    1479.35    1479.35  0.000e+00
      17641     64.500    13.3126    13.3319     0.0192    1.88049    1.88249          1     1.6240     1.6222      24.82     0.2392     0.2398  1.000e-12  0.2021000    14.7161    14.7258     0.0097    10.6855    10.6898     64.136     65.273      0.586    1478.42    1478.50  0.000e+00
      17661     65.000    12.7584    12.7773     0.0190    1.85807    1.86043          1     1.6563     1.6396      24.26     0.2615     0.2128  1.000e-12  0.2059000    14.7376    14.7506     0.0130    10.7907    10.7977     64.633     65.777      0.571    1476.50    1476.58  0.000e+00
      17683     65.500    12.3542    12.3657     0.0115    1.84296    1.84372          1     1.5359     1.5297      23.71     0.2665     0.2221  1.000e-12  0.2072000    14.7639    14.7661     0.0022    10.8737    10.8736     65.130     66.281      0.527    1475.09    1475.14  0.000e+00
      17707     66.000    12.3313    12.3262    -0.0051    1.84979    1.84774          1     1.3977     1.4057      23.18     0.2564     0.2220  1.000e-12  0.2194000    14.8324    14.8165    -0.0159    10.9300    10.9185     65.627     66.785      0.505    1475.10    1475.06  0.000e+00
      17731     66.500    12.5599    12.5492    -0.0107    1.87768    1.87522          1     1.5178     1.4991      22.78     0.2520     0.2362  1.000e-12  0.2393000    14.9852    14.9679    -0.0172    11.0127    11.0010     66.124     67.289      0.530    1476.11    1476.05  0.000e+00
      17752     67.000    12.6669    12.6673     0.0005    1.89539    1.89454          1     1.6338     1.5986      22.28     0.2646     0.2492  1.000e-12  0.2580000    15.0964    15.0889    -0.0075    11.0817    11.0759     66.621     67.792      0.558    1476.63    1476.62  0.000e+00
      17774     67.500    12.2455    12.2711     0.0255    1.87522    1.87868          1     1.5148     1.5110      21.74     0.2854     0.2330  1.000e-12  0.2304000    15.0886    15.1087     0.0201    11.1406    11.1522     67.118     68.296      0.558    1475.12    1475.24  0.000e+00
      17795     68.000    11.2558    11.2892     0.0333    1.82396    1.83013          1     1.1074     1.1781      21.23     0.2631     0.2105  1.000e-12  0.2247000    15.0325    15.0743     0.0418    11.2413    11.2689     67.615     68.800      0.545    1471.44    1471.61  0.000e+00
      17818     68.500    10.7310    10.7327     0.0019    1.80109    1.80089          1     0.7396     0.8593      20.79     0.2803     0.2036  1.000e-12  0.2541000    15.0402    15.0377    -0.0025    11.3207    11.3185     68.112     69.303      0.547    1469.52    1469.52  0.000e+00
      17839     69.000    10.7538    10.7551     0.0014    1.80482    1.80387          1     0.8651     0.9331      20.20     0.2858     0.2357  1.000e-12  0.3090000    15.0646    15.0555    -0.0091    11.3365    11.3293     68.609     69.807      0.556    1469.64    1469.64  0.000e+00
      17861     69.500    11.0420    11.0297    -0.0123    1.84219    1.83705          1     1.3248     1.2773      19.67     0.2801     0.2357  1.000e-12  0.3167000    15.2842    15.2428    -0.0414    11.4670    11.4367     69.107     70.310      0.557    1470.98    1470.89  0.000e+00
      17882     70.000    11.4279    11.4226    -0.0049    1.88777    1.88299          1     1.8451     1.6900      19.15     0.2775     0.2006  1.000e-12  0.3014000    15.5338    15.4932    -0.0406    11.6055    11.5749     69.604     70.814      0.554    1472.72    1472.65  0.000e+00
      17904     70.500    11.9496    11.9463    -0.0038    1.94550    1.94303          1     2.1570     1.9461      18.63     0.2877     0.2205  1.000e-12  0.3093000    15.8296    15.8090    -0.0206    11.7576    11.7422     70.101     71.317      0.552    1474.98    1474.94  0.000e+00
      17926     71.000    12.1451    12.1425    -0.0026    1.96552    1.96335          1     2.1156     1.9379      18.13     0.2744     0.2415  1.000e-12  0.2854000    15.9240    15.9060    -0.0180    11.8007    11.7872     70.598     71.820      0.546    1475.81    1475.77  0.000e+00
      17948     71.500    12.2386    12.2380    -0.0006    1.97594    1.97577          1     1.9591     1.8506      17.63     0.2624     0.2330  1.000e-12  0.3183000    15.9764    15.9751    -0.0012    11.8268    11.8260     71.095     72.324      0.538    1476.21    1476.21  0.000e+00
      17971     72.000    12.2254    12.2310     0.0057    1.97511    1.97553          1     1.8034     1.7537      17.12     0.2807     0.1790  1.000e-12  0.3272000    15.9745    15.9758     0.0013    11.8275    11.8276     71.592     72.827      0.528    1476.17    1476.19  0.000e+00
      17993     72.500    11.7902    11.8248     0.0343    1.94987    1.95487          1     1.5665     1.5754      16.60     0.2768     0.1783  1.000e-12  0.3325000    15.9354    15.9652     0.0299    11.8625    11.8805     72.089     73.330      0.524    1474.56    1474.72  0.000e+00
      18016     73.000    10.9014    10.9324     0.0313    1.89649    1.90129          1     1.2264     1.2935      16.10     0.2797     0.2335  1.000e-12  0.3351000    15.8351    15.8655     0.0304    11.9129    11.9321     72.586     73.834      0.532    1471.18    1471.33  0.000e+00
      18039     73.500    10.2423    10.2582     0.0157    1.85731    1.86054          1     0.9663     1.0617      15.59     0.2958     0.2364  1.000e-12  0.3666000    15.7600    15.7830     0.0230    11.9435    11.9593     73.083     74.337      0.548    1468.63    1468.72  0.000e+00
      18060     74.000     9.5686     9.5625    -0.0060    1.82289    1.82475          1     0.8269     0.9181      15.08     0.3057     0.2108  1.000e-12  0.4302000    15.7317    15.7519     0.0201    12.0067    12.0231     73.580     74.840      0.553    1466.03    1466.03  0.000e+00
      18082     74.500     9.5973     9.5888    -0.0090    1.83898    1.83498          1     0.8894     0.9392      14.58     0.2981     0.1821  1.000e-12  0.5118000    15.8703    15.8363    -0.0340    12.1111    12.0857     74.077     75.343      0.552    1466.32    1466.25  0.000e+00
      18104     75.000     9.9699     9.9420    -0.0271    1.87615    1.87122          1     1.0840     1.0731      14.08     0.3109     0.1744  1.000e-12  0.7927000    16.0538    16.0200    -0.0338    12.2070    12.1843     74.574     75.847      0.551    1467.98    1467.83  0.000e+00
      18125     75.500    10.0287    10.0299     0.0012    1.88231    1.88230          1     1.0257     1.0310      13.59     0.3202     0.2225  1.000e-12  0.8601000    16.0851    16.0845    -0.0006    12.2238    12.2232     75.072     76.350      0.561    1468.25    1468.25  0.000e+00
      18147     76.000     9.7823     9.8005     0.0183    1.87097    1.87207          1     0.6456     0.7262      13.08     0.3164     0.2782  1.000e-12  0.9760000    16.0883    16.0905     0.0022    12.2575    12.2569     75.569     76.853      0.575    1467.32    1467.39  0.000e+00
      18167     76.500     9.8336     9.8200    -0.0137    1.89165    1.88817          1     0.4479     0.5527      12.58     0.3449     0.2493  1.000e-12  1.9189000    16.2589    16.2325    -0.0265    12.3838    12.3649     76.066     77.356      0.565    1467.73    1467.65  0.000e+00
      18189     77.000    10.0328    10.0372     0.0043    1.90773    1.90772          1     0.5220     0.5818      12.04     0.3660     0.2213  1.000e-12  2.5337000    16.3198    16.3177    -0.0020    12.4055    12.4034     76.563     77.859      0.505    1468.57    1468.58  0.000e+00
      18216     77.500    10.0489    10.0521     0.0033    1.90954    1.90970          1     0.5436     0.5760      11.48     0.3425     0.2310  1.000e-12  1.8171000    16.3294    16.3293    -0.0000    12.4109    12.4105     77.060     78.362      0.412    1468.65    1468.66  0.000e+00
      18248     78.000    10.2354    10.1892    -0.0461    1.93952    1.93182          1     0.6239     0.6336      10.93     0.3438     0.2205  1.000e-12  1.8114000    16.5237    16.4730    -0.0506    12.5372    12.5040     77.557     78.865      0.389    1469.60    1469.36  0.000e+00
      18277     78.500    10.6640    10.6421    -0.0221    1.98144    1.97829          1     0.6670     0.6699      10.44     0.3210     0.2424  1.000e-12  1.2847000    16.7165    16.6975    -0.0190    12.6290    12.6173     78.054     79.368      0.408    1471.45    1471.34  0.000e+00
      18308     79.000    10.3950    10.4213     0.0263    1.96712    1.97125          1     0.3272     0.4016       9.91     0.3368     0.2065  1.000e-12  1.6086000    16.7068    16.7330     0.0262    12.6578    12.6746     78.551     79.871      0.368    1470.43    1470.56  0.000e+00
      18341     79.500    10.0422    10.0420    -0.0002    1.94507    1.94504          1     0.0658     0.1772       9.37     0.3604     0.2550  1.000e-12  3.4788000    16.6635    16.6632    -0.0002    12.6713    12.6711     79.048     80.374      0.364    1469.06    1469.06  0.000e+00
      18373     80.000    10.0961    10.1025     0.0063    1.94908    1.94955          1     0.0531     0.1416       8.87     0.3766     0.2752  1.000e-12  3.9501000    16.6761    16.6775     0.0014    12.6740    12.6743     79.545     80.877      0.386    1469.29    1469.31  0.000e+00
      18404     80.500    10.0344    10.0357     0.0014    1.94563    1.94562          1     0.0722     0.1429       8.37     0.3835     0.2785  1.000e-12  4.1173000    16.6720    16.6713    -0.0007    12.6789    12.6782     80.042     81.379      0.377    1469.06    1469.06  0.000e+00
      18437     81.000    10.1257    10.1266     0.0009    1.95285    1.95243          1     0.1587     0.2041       7.87     0.3828     0.2508  1.000e-12  3.9988000    16.6974    16.6931    -0.0043    12.6866    12.6832     80.539     81.882      0.364    1469.44    1469.44  0.000e+00
      18470     81.500    10.0993    10.0963    -0.0029    1.95208    1.95197          1     0.1902     0.2236       7.34     0.3684     0.2448  1.000e-12  3.2536000    16.7022    16.7026     0.0004    12.6939    12.6945     81.036     82.385      0.360    1469.36    1469.35  0.000e+00
      18504     82.000    10.1703    10.1676    -0.0026    1.95852    1.95610          1     0.3141     0.3322       6.82     0.3745     0.2719  1.000e-12  3.5356000    16.7293    16.7081    -0.0213    12.7054    12.6893     81.533     82.888      0.355    1469.67    1469.63  0.000e+00
      18537     82.500    10.6856    10.6888     0.0031    1.99703    1.99634          1     0.5063     0.4858       6.32     0.3750     0.2581  1.000e-12  2.6721000    16.8493    16.8415    -0.0078    12.7290    12.7225     82.030     83.391      0.366    1471.75    1471.75  0.000e+00
      18570     83.000    10.7299    10.7333     0.0033    2.00036    2.00037          1     0.6748     0.6455       5.81     0.3546     0.2298  1.000e-12  1.9196000    16.8596    16.8581    -0.0015    12.7308    12.7292     82.527     83.894      0.367    1471.94    1471.95  0.000e+00
      18603     83.500    11.7659    11.7178    -0.0480    2.14315    2.12512          1     1.8650     1.6223       5.31     0.3274     0.2553  1.000e-12  1.6782000    17.6691    17.5296    -0.1394    13.2033    13.1031     83.025     84.397      0.359    1476.69    1476.35  0.000e+00
      18636     84.000    12.6598    12.6565    -0.0034    2.25035    2.24996          1     2.7017     2.3461       4.79     0.2680     0.2363  1.000e-12  0.5417000    18.2077    18.2059    -0.0018    13.4810    13.4801     83.522     84.899      0.377    1480.56    1480.54  0.000e+00
      18667     84.500    12.8259    12.8200    -0.0058    2.27471    2.27145          1     2.7147     2.4337       4.30     0.2748     0.2575  1.000e-12  0.3257000    18.3424    18.3165    -0.0259    13.5574    13.5384     84.019     85.402      0.383    1481.31    1481.26  0.000e+00
      18699     85.000    12.8890    12.8911     0.0020    2.29410    2.29405          1     2.5946     2.3804       3.77     0.2654     0.2361  1.000e-12  0.3150000    18.4831    18.4817    -0.0014    13.6554    13.6540     84.516     85.904      0.350    1481.71    1481.71  0.000e+00
