ctdpy/tests/etc/all_smhi_bas_2018/SBE09_0827_20181010_0719_26_01_1058.cnv
* Sea-Bird SBE 9 Data File:
* FileName = D:\CTD_SBE911\DAT\26DA.2018.10.58.hex
* Software Version Seasave V 7.21d
* Temperature SN = 4548
* Conductivity SN = 3062
* Number of Bytes Per Scan = 48
* Number of Voltage Words = 5
* Number of Scans Averaged by the Deck Unit = 1
* NMEA Latitude = 58 08.71 N
* NMEA Longitude = 019 33.41 E
* NMEA UTC (Time) = Oct 10 2018  07:21:50
* NMEA baud rate = 4800
** Ship: DANA
** Average sound velocity: 1447.07 m/s
** True-depth calculation Thu, 28 Mar 2019 12:23:26 +0000
** CTD Python Module SMHI /ver 3-12/ feb 2012 
** LIMS Job: 20182601-1058
** Operator: Christian
** Cruise: 10/2018
# nquan = 26
# nvalues = 284                         
# units = specified
# name 0 = scan: Scan Count
# name 1 = prDM: Pressure, Digiquartz [db]
# name 2 = t090C: Temperature [ITS-90, deg C]
# name 3 = t190C: Temperature, 2 [ITS-90, deg C]
# name 4 = T2-T190C: Temperature Difference, 2 - 1 [ITS-90, deg C]
# name 5 = c0S/m: Conductivity [S/m]
# name 6 = c1S/m: Conductivity, 2 [S/m]
# name 7 = pumps: Pump Status
# name 8 = sbeox1ML/L: Oxygen, SBE 43, 2 [ml/l]
# name 9 = sbeox0ML/L: Oxygen, SBE 43 [ml/l]
# name 10 = altM: Altimeter [m]
# name 11 = chloroflTC0: Chlorophyll, Turner Cyclops [ug/l]
# name 12 = cpar: CPAR/Corrected Irradiance [%]
# name 13 = par: PAR/Irradiance, Biospherical/Lico [µE/(cm^2*s)]
# name 14 = spar: SPAR, Biospherical/Licor
# name 15 = sal00: Salinity, Practical [PSU]
# name 16 = sal11: Salinity, Practical, 2 [PSU]
# name 17 = secS-priS: Salinity, Practical, Difference, 2 - 1 [PSU]
# name 18 = sigma-t00: Density [sigma-t, kg/m^3 ]
# name 19 = sigma-t11: Density, 2 [sigma-t, kg/m^3 ]
# name 20 = depSM: Depth [salt water, m], lat = 58.1452
# name 21 = depFM: Depth [true depth, m], lat = 58.1452
# name 22 = dz/dtM: Descent Rate [m/s], WS = 2
# name 23 = svCM: Sound Velocity [Chen-Millero, m/s]
# name 24 = svCM1: Sound Velocity, 2 [Chen-Millero, m/s]
# name 25 = flag: flag
# span 0 =         84,      12186       
# span 1 =      2.000,    143.500       
# span 2 =     3.3523,    12.1344       
# span 3 =     3.3627,    12.1333       
# span 4 =    -0.1075,     1.0222       
# span 5 =   0.750028,   1.361343       
# span 6 =   0.752538,   1.359736       
# span 7 =          1,          1       
# span 8 =     0.0375,     7.8140       
# span 9 =     0.0411,     7.3216       
# span 10 =       1.65,      10.03      
# span 11 =     0.0159,     0.0298      
# span 12 = 3.5679e-13, 6.3536e+00      
# span 13 = 1.0000e-12, 1.7290e+01      
# span 14 = 2.6187e+02, 2.8028e+02      
# span 15 =     6.5856,    12.4286      
# span 16 =     6.5857,    12.4139      
# span 17 =    -0.1315,     0.0004      
# span 18 =     4.6031,     9.7168      
# span 19 =     4.6031,     9.7056      
# span 20 =      1.981,    142.119      
# span 21 =      2.028,    145.151      
# span 22 =     -0.096,      0.825      
# span 23 =    1428.81,    1464.11      
# span 24 =    1429.08,    1464.11      
# span 25 = 0.0000e+00, 0.0000e+00      
# interval = decibars: 0.5              
# start_time = Oct 10 2018 07:21:50 [NMEA time, first data scan]
# bad_flag = -9.990e-29
*END*
[from data line 223]
      10193    113.500     6.2517     6.2425    -0.0092    1.23214    1.22898          1     0.0517     0.0529       9.97     0.0163  3.594e-13  1.000e-12  2.782e+02    11.2991    11.2708    -0.0282     8.8593     8.8377    112.416    114.871      0.690    1447.83    1447.75  0.000e+00
      10214    114.000     6.2550     6.2508    -0.0042    1.23304    1.23152          1     0.0516     0.0542       9.97     0.0164  3.594e-13  1.000e-12  2.782e+02    11.3068    11.2931    -0.0137     8.8652     8.8547    112.911    115.376      0.454    1447.86    1447.82  0.000e+00
      10262    114.500     6.2564     6.2524    -0.0040    1.23375    1.23233          1     0.0512     0.0522       9.97     0.0167  3.594e-13  1.000e-12  2.782e+02    11.3133    11.3006    -0.0128     8.8702     8.8605    113.406    115.881      0.268    1447.88    1447.85  0.000e+00
      10296    115.000     6.2615     6.2564    -0.0051    1.23503    1.23352          1     0.0506     0.0524       9.97     0.0162  3.594e-13  1.000e-12  2.782e+02    11.3242    11.3109    -0.0133     8.8784     8.8683    113.901    116.386      0.508    1447.92    1447.89  0.000e+00
      10317    115.500     6.2644     6.2605    -0.0039    1.23565    1.23457          1     0.0510     0.0518       9.97     0.0166  3.594e-13  1.000e-12  2.782e+02    11.3293    11.3199    -0.0094     8.8822     8.8751    114.396    116.890      0.557    1447.95    1447.92  0.000e+00
      10341    116.000     6.2672     6.2635    -0.0036    1.23622    1.23531          1     0.0507     0.0524       9.97     0.0165  3.594e-13  1.000e-12  2.782e+02    11.3340    11.3261    -0.0079     8.8857     8.8798    114.891    117.395      0.441    1447.98    1447.95  0.000e+00
      10375    116.500     6.2707     6.2666    -0.0042    1.23697    1.23599          1     0.0512     0.0499       9.97     0.0163  3.594e-13  1.000e-12  2.782e+02    11.3402    11.3318    -0.0084     8.8904     8.8840    115.386    117.900      0.331    1448.01    1447.98  0.000e+00
      10407    117.000     6.2743     6.2694    -0.0049    1.23783    1.23666          1     0.0500     0.0501       9.97     0.0166  3.594e-13  1.000e-12  2.782e+02    11.3474    11.3374    -0.0099     8.8958     8.8883    115.882    118.405      0.440    1448.04    1448.01  0.000e+00
      10432    117.500     6.2771     6.2728    -0.0043    1.23871    1.23744          1     0.0479     0.0500       9.97     0.0163  3.594e-13  1.000e-12  2.782e+02    11.3550    11.3439    -0.0111     8.9016     8.8932    116.377    118.909      0.481    1448.07    1448.04  0.000e+00
      10459    118.000     6.2802     6.2729    -0.0073    1.23947    1.23763          1     0.0504     0.0504       9.97     0.0169  3.594e-13  1.000e-12  2.782e+02    11.3615    11.3456    -0.0158     8.9065     8.8945    116.872    119.414      0.404    1448.10    1448.05  0.000e+00
      10491    118.500     6.2831     6.2776    -0.0054    1.24006    1.23871          1     0.0492     0.0498       9.97     0.0163  3.594e-13  1.000e-12  2.782e+02    11.3663    11.3547    -0.0116     8.9100     8.9013    117.367    119.919      0.421    1448.12    1448.09  0.000e+00
      10515    119.000     6.2849     6.2816    -0.0033    1.24047    1.23961          1     0.0475     0.0522       9.97     0.0164  3.594e-13  1.000e-12  2.782e+02    11.3696    11.3622    -0.0074     8.9125     8.9069    117.862    120.424      0.512    1448.14    1448.12  0.000e+00
      10540    119.500     6.2887     6.2851    -0.0036    1.24120    1.24036          1     0.0500     0.0506       9.97     0.0171  3.594e-13  1.000e-12  2.782e+02    11.3755    11.3684    -0.0072     8.9170     8.9116    118.357    120.929      0.406    1448.18    1448.15  0.000e+00
      10588    120.000     6.2924     6.2884    -0.0040    1.24197    1.24108          1     0.0489     0.0512       9.97     0.0167  3.594e-13  1.000e-12  2.782e+02    11.3818    11.3743    -0.0075     8.9216     8.9160    118.852    121.433      0.294    1448.21    1448.18  0.000e+00
      10621    120.500     6.2946     6.2920    -0.0026    1.24252    1.24184          1     0.0477     0.0494       9.97     0.0164  3.594e-13  1.000e-12  2.782e+02    11.3864    11.3806    -0.0058     8.9251     8.9207    119.347    121.938      0.580    1448.23    1448.21  0.000e+00
      10638    121.000     6.3020     6.2942    -0.0078    1.24435    1.24227          1     0.0447     0.0500       9.97     0.0165  3.598e-13  1.000e-12  2.780e+02    11.4020    11.3840    -0.0180     8.9368     8.9232    119.842    122.443      0.645    1448.29    1448.23  0.000e+00
      10660    121.500     6.3064     6.3019    -0.0045    1.24531    1.24407          1     0.0453     0.0515       9.97     0.0166  3.596e-13  1.000e-12  2.781e+02    11.4099    11.3991    -0.0108     8.9428     8.9346    120.337    122.948      0.416    1448.33    1448.29  0.000e+00
      10730    122.000     6.3092     6.3063    -0.0030    1.24599    1.24520          1     0.0452     0.0456       9.97     0.0165  3.594e-13  1.000e-12  2.782e+02    11.4157    11.4088    -0.0069     8.9471     8.9419    120.832    123.452      0.405    1448.35    1448.33  0.000e+00
      10749    122.500     6.3120     6.3085    -0.0034    1.24669    1.24576          1     0.0487     0.0486       9.97     0.0160  3.594e-13  1.000e-12  2.782e+02    11.4216    11.4135    -0.0081     8.9515     8.9454    121.327    123.957      0.734    1448.38    1448.35  0.000e+00
      10763    123.000     6.3154     6.3105    -0.0050    1.24766    1.24620          1     0.0468     0.0480       9.97     0.0162  3.594e-13  1.000e-12  2.782e+02    11.4299    11.4171    -0.0128     8.9579     8.9481    121.822    124.462      0.825    1448.41    1448.37  0.000e+00
      10777    123.500     6.3200     6.3138    -0.0062    1.24891    1.24697          1     0.0443     0.0476       9.97     0.0161  3.594e-13  1.000e-12  2.782e+02    11.4407    11.4236    -0.0171     8.9660     8.9530    122.317    124.967      0.757    1448.45    1448.41  0.000e+00
      10797    124.000     6.3216     6.3189    -0.0027    1.24919    1.24835          1     0.0443     0.0488       9.97     0.0160  3.594e-13  1.000e-12  2.782e+02    11.4428    11.4354    -0.0074     8.9676     8.9619    122.813    125.471      0.456    1448.47    1448.45  0.000e+00
      10883    124.500     6.3224     6.3212    -0.0012    1.24933    1.24898          1     0.0459     0.0446       9.97     0.0166  3.594e-13  1.000e-12  2.782e+02    11.4439    11.4408    -0.0031     8.9683     8.9660    123.308    125.976      0.382    1448.48    1448.47  0.000e+00
      10901    125.000     6.3232     6.3222    -0.0010    1.24957    1.24922          1     0.0449     0.0469       9.97     0.0163  3.594e-13  1.000e-12  2.782e+02    11.4458    11.4427    -0.0031     8.9698     8.9675    123.803    126.481      0.605    1448.50    1448.49  0.000e+00
      10920    125.500     6.3244     6.3232    -0.0012    1.24986    1.24943          1     0.0459     0.0466       9.97     0.0161  3.594e-13  1.000e-12  2.782e+02    11.4483    11.4444    -0.0039     8.9717     8.9687    124.298    126.986      0.585    1448.51    1448.50  0.000e+00
      10946    126.000     6.3267     6.3246    -0.0020    1.25037    1.24978          1     0.0459     0.0471       9.97     0.0165  3.594e-13  1.000e-12  2.782e+02    11.4525    11.4473    -0.0051     8.9748     8.9709    124.793    127.490      0.362    1448.54    1448.52  0.000e+00
      10992    126.500     6.3289     6.3261    -0.0028    1.25084    1.25016          1     0.0459     0.0479       9.97     0.0169  3.594e-13  1.000e-12  2.782e+02    11.4563    11.4505    -0.0058     8.9776     8.9733    125.288    127.995      0.294    1448.56    1448.54  0.000e+00
      11021    127.000     6.3301     6.3282    -0.0019    1.25107    1.25064          1     0.0459     0.0478       9.97     0.0169  3.594e-13  1.000e-12  2.782e+02    11.4581    11.4544    -0.0037     8.9790     8.9762    125.783    128.500      0.532    1448.57    1448.56  0.000e+00
      11040    127.500     6.3314     6.3294    -0.0019    1.25130    1.25084          1     0.0459     0.0519       9.97     0.0167  3.594e-13  1.000e-12  2.782e+02    11.4598    11.4559    -0.0039     8.9802     8.9773    126.278    129.005      0.611    1448.59    1448.58  0.000e+00
      11061    128.000     6.3331     6.3318    -0.0013    1.25154    1.25122          1     0.0453     0.0483       9.97     0.0162  3.594e-13  1.000e-12  2.782e+02    11.4615    11.4588    -0.0027     8.9814     8.9794    126.773    129.509      0.500    1448.61    1448.60  0.000e+00
      11103    128.500     6.3371     6.3330    -0.0041    1.25235    1.25145          1     0.0453     0.0468       9.97     0.0161  3.594e-13  1.000e-12  2.782e+02    11.4681    11.4606    -0.0075     8.9863     8.9807    127.268    130.014      0.275    1448.64    1448.61  0.000e+00
      11144    129.000     6.3586     6.3423    -0.0163    1.25759    1.25343          1     0.0450     0.0457       9.97     0.0170  3.594e-13  1.000e-12  2.782e+02    11.5126    11.4769    -0.0357     9.0199     8.9930    127.763    130.519      0.510    1448.79    1448.68  0.000e+00
      11163    129.500     6.3754     6.3531    -0.0223    1.26018    1.25573          1     0.0432     0.0438       9.97     0.0164  3.594e-13  1.000e-12  2.782e+02    11.5326    11.4960    -0.0365     9.0344     9.0072    128.258    131.023      0.652    1448.90    1448.76  0.000e+00
      11181    130.000     6.4017     6.3738    -0.0279    1.26299    1.25897          1     0.0449     0.0461       9.97     0.0161  3.594e-13  1.000e-12  2.782e+02    11.5514    11.5210    -0.0304     9.0473     9.0254    128.753    131.528      0.580    1449.04    1448.88  0.000e+00
      11229    130.500     6.4483     6.4188    -0.0296    1.26758    1.26408          1     0.0460     0.0480       9.97     0.0162  3.594e-13  1.000e-12  2.782e+02    11.5809    11.5563    -0.0246     9.0672     9.0499    129.248    132.033      0.333    1449.28    1449.13  0.000e+00
      11282    131.000     6.4717     6.4550    -0.0166    1.27136    1.26829          1     0.0436     0.0454       9.97     0.0165  3.594e-13  1.000e-12  2.782e+02    11.6102    11.5855    -0.0246     9.0885     9.0703    129.743    132.538      0.606    1449.42    1449.32  0.000e+00
      11296    131.500     6.4816     6.4648    -0.0167    1.27399    1.27003          1     0.0436     0.0434       9.97     0.0164  3.594e-13  1.000e-12  2.782e+02    11.6328    11.5994    -0.0335     9.1056     9.0805    130.238    133.042      0.787    1449.50    1449.39  0.000e+00
      11310    132.000     6.4869     6.4743    -0.0127    1.27639    1.27216          1     0.0436     0.0451       9.97     0.0159  3.594e-13  1.000e-12  2.782e+02    11.6546    11.6171    -0.0375     9.1223     9.0938    130.733    133.547      0.791    1449.56    1449.46  0.000e+00
      11327    132.500     6.4950     6.4838    -0.0112    1.27893    1.27510          1     0.0447     0.0453       9.97     0.0159  3.594e-13  1.000e-12  2.782e+02    11.6768    11.6428    -0.0340     9.1391     9.1132    131.228    134.052      0.611    1449.63    1449.54  0.000e+00
      11370    133.000     6.5021     6.4934    -0.0088    1.28130    1.27836          1     0.0416     0.0450       9.97     0.0159  3.593e-13  1.000e-12  2.783e+02    11.6978    11.6716    -0.0261     9.1551     9.1352    131.723    134.556      0.294    1449.69    1449.62  0.000e+00
      11419    133.500     6.5079     6.4990    -0.0088    1.28434    1.28055          1     0.0418     0.0421       9.97     0.0160  3.594e-13  1.000e-12  2.782e+02    11.7257    11.6913    -0.0344     9.1766     9.1502    132.219    135.061      0.449    1449.76    1449.68  0.000e+00
      11440    134.000     6.5125     6.5044    -0.0082    1.29073    1.28415          1     0.0411     0.0434       9.97     0.0160  3.594e-13  1.000e-12  2.782e+02    11.7871    11.7249    -0.0622     9.2245     9.1763    132.714    135.565      0.572    1449.86    1449.75  0.000e+00
      11461    134.500     6.5484     6.5245    -0.0239    1.29957    1.29182          1     0.0402     0.0439       9.97     0.0160  3.594e-13  1.000e-12  2.782e+02    11.8620    11.7937    -0.0683     9.2807     9.2289    133.209    136.070      0.544    1450.12    1449.93  0.000e+00
      11486    135.000     6.5487     6.5420    -0.0067    1.30459    1.29898          1     0.0407     0.0445       9.97     0.0161  3.594e-13  1.000e-12  2.782e+02    11.9114    11.8583    -0.0531     9.3196     9.2783    133.704    136.575      0.392    1450.19    1450.09  0.000e+00
      11528    135.500     6.5533     6.5383    -0.0150    1.30862    1.30053          1     0.0412     0.0433       9.95     0.0165  3.590e-13  1.000e-12  2.786e+02    11.9495    11.8748    -0.0747     9.3492     9.2915    134.199    137.079      0.274    1450.26    1450.11  0.000e+00
      11563    136.000     6.5672     6.5515    -0.0157    1.31323    1.30666          1     0.0431     0.0432       9.65     0.0163  3.591e-13  1.000e-12  2.784e+02    11.9902    11.9307    -0.0594     9.3801     9.3345    134.694    137.584      0.472    1450.38    1450.24  0.000e+00
      11584    136.500     6.5710     6.5573    -0.0137    1.31563    1.30898          1     0.0408     0.0442       9.20     0.0161  3.594e-13  1.000e-12  2.782e+02    12.0124    11.9515    -0.0609     9.3973     9.3504    135.189    138.088      0.593    1450.43    1450.30  0.000e+00
      11604    137.000     6.5720     6.5659    -0.0062    1.31682    1.31321          1     0.0375     0.0446       8.73     0.0164  3.594e-13  1.000e-12  2.782e+02    12.0237    11.9902    -0.0335     9.4061     9.3802    135.684    138.593      0.587    1450.46    1450.39  0.000e+00
      11627    137.500     6.5724     6.5695    -0.0029    1.31701    1.31555          1     0.0401     0.0425       8.09     0.0169  3.594e-13  1.000e-12  2.782e+02    12.0254    12.0120    -0.0134     9.4074     9.3970    136.179    139.097      0.422    1450.47    1450.44  0.000e+00
      11670    138.000     6.5741     6.5706    -0.0035    1.31766    1.31617          1     0.0405     0.0430       7.46     0.0167  3.585e-13  1.000e-12  2.790e+02    12.0311    12.0176    -0.0135     9.4117     9.4014    136.674    139.602      0.255    1450.49    1450.46  0.000e+00
      11707    138.500     6.5785     6.5735    -0.0050    1.31957    1.31748          1     0.0407     0.0432       7.07     0.0169  3.594e-13  1.000e-12  2.783e+02    12.0483    12.0294    -0.0189     9.4249     9.4104    137.169    140.106      0.463    1450.54    1450.50  0.000e+00
      11729    139.000     6.5855     6.5770    -0.0084    1.32345    1.31904          1     0.0407     0.0431       6.62     0.0170  3.594e-13  1.000e-12  2.782e+02    12.0842    12.0435    -0.0406     9.4526     9.4213    137.664    140.611      0.568    1450.62    1450.54  0.000e+00
      11750    139.500     6.5898     6.5849    -0.0049    1.32533    1.32285          1     0.0398     0.0439       6.10     0.0169  3.594e-13  1.000e-12  2.782e+02    12.1012    12.0783    -0.0228     9.4656     9.4480    138.159    141.115      0.519    1450.67    1450.62  0.000e+00
      11778    140.000     6.5926     6.5866    -0.0060    1.32655    1.32378          1     0.0397     0.0423       5.47     0.0168  3.594e-13  1.000e-12  2.782e+02    12.1122    12.0868    -0.0253     9.4740     9.4546    138.654    141.620      0.385    1450.70    1450.65  0.000e+00
      11812    140.500     6.5981     6.5898    -0.0083    1.32910    1.32540          1     0.0401     0.0437       4.99     0.0168  3.588e-13  1.000e-12  2.787e+02    12.1353    12.1017    -0.0336     9.4918     9.4660    139.149    142.124      0.347    1450.76    1450.69  0.000e+00
