ctdpy/tests/etc/all_smhi_bas_2018/SBE09_0827_20181125_0541_26_01_1242.cnv
* Sea-Bird SBE 9 Data File:
* FileName = D:\CTD_SBE911\DAT\26DA.2018.12.42.hex
* Software Version Seasave V 7.21d
* Temperature SN = 4548
* Conductivity SN = 3062
* Number of Bytes Per Scan = 48
* Number of Voltage Words = 5
* Number of Scans Averaged by the Deck Unit = 1
* NMEA Latitude = 57 27.63 N
* NMEA Longitude = 017 35.35 E
* NMEA UTC (Time) = Nov 25 2018  05:42:15
* NMEA baud rate = 4800
** Ship: DANA
** Average sound velocity: 1442.61 m/s
** True-depth calculation Tue, 02 Apr 2019 12:14:40 +0000
** CTD Python Module SMHI /ver 3-12/ feb 2012 
** LIMS Job: 20182601-1242
** Operator: Ronny
** Cruise: 12/2018
# nquan = 26
# nvalues = 155                         
# units = specified
# name 0 = scan: Scan Count
# name 1 = prDM: Pressure, Digiquartz [db]
# name 2 = t090C: Temperature [ITS-90, deg C]
# name 3 = t190C: Temperature, 2 [ITS-90, deg C]
# name 4 = T2-T190C: Temperature Difference, 2 - 1 [ITS-90, deg C]
# name 5 = c0S/m: Conductivity [S/m]
# name 6 = c1S/m: Conductivity, 2 [S/m]
# name 7 = pumps: Pump Status
# name 8 = sbeox1ML/L: Oxygen, SBE 43, 2 [ml/l]
# name 9 = sbeox0ML/L: Oxygen, SBE 43 [ml/l]
# name 10 = altM: Altimeter [m]
# name 11 = chloroflTC0: Chlorophyll, Turner Cyclops [ug/l]
# name 12 = cpar: CPAR/Corrected Irradiance [%]
# name 13 = par: PAR/Irradiance, Biospherical/Lico [µE/(cm^2*s)]
# name 14 = spar: SPAR, Biospherical/Licor
# name 15 = sal00: Salinity, Practical [PSU]
# name 16 = sal11: Salinity, Practical, 2 [PSU]
# name 17 = secS-priS: Salinity, Practical, Difference, 2 - 1 [PSU]
# name 18 = sigma-t00: Density [sigma-t, kg/m^3 ]
# name 19 = sigma-t11: Density, 2 [sigma-t, kg/m^3 ]
# name 20 = depSM: Depth [salt water, m], lat = 57.4605
# name 21 = depFM: Depth [true depth, m], lat = 57.4605
# name 22 = dz/dtM: Descent Rate [m/s], WS = 2
# name 23 = svCM: Sound Velocity [Chen-Millero, m/s]
# name 24 = svCM1: Sound Velocity, 2 [Chen-Millero, m/s]
# name 25 = flag: flag
# span 0 =        -16,       7592       
# span 1 =      1.500,     78.500       
# span 2 =     4.3319,     7.4424       
# span 3 =     4.3177,     7.4418       
# span 4 =    -0.1185,     0.1244       
# span 5 =   0.787016,   1.010873       
# span 6 =   0.787118,   1.036818       
# span 7 =          1,          1       
# span 8 =     0.5964,     7.6811       
# span 9 =     0.6602,     7.9222       
# span 10 =       1.58,       9.96      
# span 11 =     0.0159,     0.0272      
# span 12 = 4.9241e-11, 4.9241e-11      
# span 13 = 1.0000e-12, 1.0000e-12      
# span 14 = 2.0308e+00, 2.0308e+00      
# span 15 =     6.8367,     9.4663      
# span 16 =     6.8371,     9.6928      
# span 17 =    -0.0025,     0.2265      
# span 18 =     5.3008,     7.4840      
# span 19 =     5.3012,     7.6572      
# span 20 =      1.486,     77.761      
# span 21 =      1.520,     79.510      
# span 22 =     -0.033,      0.868      
# span 23 =    1434.58,    1446.11      
# span 24 =    1434.57,    1446.11      
# span 25 = 0.0000e+00, 0.0000e+00      
# interval = decibars: 0.5              
# start_time = Nov 25 2018 05:42:15 [NMEA time, first data scan]
# bad_flag = -9.990e-29
*END*
[from data line 56]
       2894     29.500     7.3934     7.3929    -0.0005    0.80955    0.80953          1     7.5786     7.8007       9.96     0.0214  4.924e-11  1.000e-12  2.031e+00     6.9599     6.9598    -0.0001     5.3702     5.3701     29.226     29.888      0.231    1445.84    1445.83  0.000e+00
       2950     30.000     7.3926     7.3971     0.0045    0.80961    0.80978          1     7.5738     7.8101       9.96     0.0208  4.924e-11  1.000e-12  2.031e+00     6.9605     6.9612     0.0007     5.3707     5.3709     29.721     30.395      0.279    1445.84    1445.86  0.000e+00
       2987     30.500     7.3995     7.4009     0.0014    0.80991    0.80991          1     7.5556     7.7960       9.96     0.0216  4.924e-11  1.000e-12  2.031e+00     6.9619     6.9616    -0.0003     5.3713     5.3710     30.216     30.901      0.281    1445.88    1445.89  0.000e+00
       3038     31.000     7.4051     7.4099     0.0048    0.81015    0.81028          1     7.5487     7.7913       9.96     0.0207  4.924e-11  1.000e-12  2.031e+00     6.9630     6.9632     0.0002     5.3718     5.3716     30.712     31.408      0.252    1445.91    1445.93  0.000e+00
       3083     31.500     7.4234     7.4302     0.0068    0.81133    0.81168          1     7.5265     7.7582       9.96     0.0205  4.924e-11  1.000e-12  2.031e+00     6.9700     6.9720     0.0019     5.3760     5.3770     31.207     31.914      0.250    1446.01    1446.04  0.000e+00
       3131     32.000     7.4335     7.4391     0.0056    0.81207    0.81234          1     7.4980     7.7423       9.96     0.0195  4.924e-11  1.000e-12  2.031e+00     6.9748     6.9762     0.0014     5.3790     5.3797     31.702     32.421      0.288    1446.06    1446.09  0.000e+00
       3168     32.500     7.4424     7.4418    -0.0006    0.81286    0.81289          1     7.4747     7.7135       9.96     0.0197  4.924e-11  1.000e-12  2.031e+00     6.9803     6.9807     0.0004     5.3827     5.3830     32.198     32.927      0.300    1446.11    1446.11  0.000e+00
       3222     33.000     7.4068     7.3888    -0.0179    0.81247    0.81267          1     7.4711     7.6968       9.96     0.0195  4.924e-11  1.000e-12  2.031e+00     6.9838     6.9893     0.0054     5.3880     5.3936     32.693     33.434      0.223    1445.98    1445.91  0.000e+00
       3267     33.500     7.3950     7.3984     0.0034    0.81419    0.81446          1     7.5233     7.7356       9.96     0.0194  4.924e-11  1.000e-12  2.031e+00     7.0020     7.0038     0.0018     5.4031     5.4043     33.188     33.940      0.338    1445.96    1445.98  0.000e+00
       3303     34.000     7.4131     7.4119    -0.0012    0.81614    0.81641          1     7.5130     7.7440       9.96     0.0195  4.924e-11  1.000e-12  2.031e+00     7.0163     7.0190     0.0027     5.4130     5.4153     33.684     34.447      0.272    1446.06    1446.06  0.000e+00
       3371     34.500     7.3914     7.3828    -0.0086    0.81711    0.81760          1     7.4332     7.6668       9.96     0.0188  4.924e-11  1.000e-12  2.031e+00     7.0296     7.0359     0.0063     5.4250     5.4306     34.179     34.954      0.295    1446.00    1445.97  0.000e+00
       3401     35.000     7.3669     7.3636    -0.0035    0.81825    0.81828          1     7.3951     7.6224       9.96     0.0183  4.924e-11  1.000e-12  2.031e+00     7.0450     7.0460     0.0010     5.4389     5.4400     34.674     35.460      0.437    1445.92    1445.91  0.000e+00
       3447     35.500     7.3182     7.2950    -0.0233    0.81770    0.81754          1     7.3943     7.6186       9.96     0.0182  4.924e-11  1.000e-12  2.031e+00     7.0498     7.0531     0.0033     5.4461     5.4504     35.170     35.967      0.270    1445.73    1445.64  0.000e+00
       3513     36.000     7.2521     7.2473    -0.0048    0.81740    0.81746          1     7.4258     7.6441       9.96     0.0180  4.924e-11  1.000e-12  2.031e+00     7.0604     7.0619     0.0015     5.4592     5.4607     35.665     36.473      0.406    1445.48    1445.46  0.000e+00
       3539     36.500     7.2449     7.2428    -0.0021    0.81761    0.81767          1     7.4179     7.6473       9.96     0.0183  4.924e-11  1.000e-12  2.031e+00     7.0637     7.0648     0.0010     5.4623     5.4632     36.160     36.980      0.364    1445.46    1445.45  0.000e+00
       3593     37.000     7.2438     7.2410    -0.0029    0.81771    0.81775          1     7.4180     7.6421       9.96     0.0183  4.924e-11  1.000e-12  2.031e+00     7.0648     7.0658     0.0010     5.4632     5.4642     36.655     37.486      0.211    1445.47    1445.45  0.000e+00
       3645     37.500     7.2398     7.2391    -0.0006    0.81776    0.81778          1     7.4082     7.6379       9.96     0.0183  4.924e-11  1.000e-12  2.031e+00     7.0661     7.0664     0.0003     5.4645     5.4648     37.151     37.993      0.319    1445.46    1445.46  0.000e+00
       3681     38.000     7.2332     7.2318    -0.0015    0.81775    0.81776          1     7.4115     7.6335       9.96     0.0184  4.924e-11  1.000e-12  2.031e+00     7.0672     7.0677     0.0004     5.4658     5.4663     37.646     38.499      0.311    1445.44    1445.44  0.000e+00
       3731     38.500     7.2214     7.2154    -0.0060    0.81779    0.81792          1     7.4007     7.6288       9.96     0.0183  4.924e-11  1.000e-12  2.031e+00     7.0700     7.0725     0.0025     5.4688     5.4712     38.141     39.006      0.199    1445.40    1445.38  0.000e+00
       3788     39.000     7.2141     7.2128    -0.0013    0.81865    0.81892          1     7.3731     7.6014       9.96     0.0183  4.924e-11  1.000e-12  2.031e+00     7.0794     7.0822     0.0028     5.4767     5.4790     38.637     39.512      0.282    1445.39    1445.39  0.000e+00
       3827     39.500     7.2063     7.2042    -0.0021    0.81920    0.81930          1     7.3534     7.5758       9.96     0.0188  4.924e-11  1.000e-12  2.031e+00     7.0861     7.0874     0.0013     5.4825     5.4837     39.132     40.019      0.271    1445.37    1445.37  0.000e+00
       3881     40.000     7.1997     7.1937    -0.0060    0.81941    0.81962          1     7.3497     7.5709       9.96     0.0183  4.924e-11  1.000e-12  2.031e+00     7.0894     7.0925     0.0031     5.4856     5.4884     39.627     40.525      0.236    1445.36    1445.34  0.000e+00
       3923     40.500     7.1868     7.1855    -0.0013    0.81975    0.81984          1     7.3442     7.5778       9.96     0.0185  4.924e-11  1.000e-12  2.031e+00     7.0951     7.0961     0.0010     5.4910     5.4919     40.123     41.032      0.320    1445.32    1445.32  0.000e+00
       3970     41.000     7.1887     7.1887     0.0000    0.82080    0.82104          1     7.3978     7.6167       9.96     0.0182  4.924e-11  1.000e-12  2.031e+00     7.1044     7.1067     0.0023     5.4981     5.4999     40.618     41.538      0.216    1445.35    1445.35  0.000e+00
       4024     41.500     7.1794     7.1734    -0.0059    0.82101    0.82099          1     7.4031     7.6355       9.96     0.0182  4.924e-11  1.000e-12  2.031e+00     7.1082     7.1092     0.0010     5.5018     5.5030     41.113     42.045      0.336    1445.32    1445.30  0.000e+00
       4054     42.000     7.1525     7.1444    -0.0080    0.82037    0.82023          1     7.3915     7.6194       9.96     0.0185  4.924e-11  1.000e-12  2.031e+00     7.1077     7.1081     0.0004     5.5032     5.5041     41.608     42.551      0.356    1445.22    1445.18  0.000e+00
       4123     42.500     7.1183     7.1061    -0.0123    0.81968    0.81950          1     7.3870     7.6060       9.96     0.0175  4.924e-11  1.000e-12  2.031e+00     7.1083     7.1091     0.0008     5.5060     5.5075     42.104     43.057      0.247    1445.08    1445.03  0.000e+00
       4169     43.000     7.0931     7.0905    -0.0026    0.81962    0.81964          1     7.3823     7.5964       9.96     0.0171  4.924e-11  1.000e-12  2.031e+00     7.1128     7.1135     0.0007     5.5113     5.5121     42.599     43.564      0.418    1444.99    1444.98  0.000e+00
       4206     43.500     7.0842     7.0781    -0.0061    0.81979    0.81985          1     7.3822     7.6047       9.96     0.0171  4.924e-11  1.000e-12  2.031e+00     7.1161     7.1180     0.0018     5.5145     5.5164     43.094     44.070      0.254    1444.97    1444.94  0.000e+00
       4278     44.000     7.0693     7.0672    -0.0021    0.81981    0.81981          1     7.3853     7.6079       9.96     0.0170  4.924e-11  1.000e-12  2.031e+00     7.1194     7.1198     0.0004     5.5181     5.5186     43.590     44.577      0.314    1444.92    1444.91  0.000e+00
       4313     44.500     7.0556     7.0477    -0.0078    0.81969    0.81965          1     7.3939     7.6119       9.96     0.0171  4.924e-11  1.000e-12  2.031e+00     7.1210     7.1222     0.0012     5.5203     5.5218     44.085     45.083      0.296    1444.87    1444.84  0.000e+00
       4362     45.000     7.0403     7.0272    -0.0132    0.81965    0.81960          1     7.4036     7.6180       9.96     0.0171  4.924e-11  1.000e-12  2.031e+00     7.1237     7.1260     0.0022     5.5235     5.5261     44.580     45.590      0.228    1444.82    1444.76  0.000e+00
       4415     45.500     7.0149     6.9994    -0.0155    0.81942    0.81926          1     7.3910     7.6130       9.96     0.0168  4.924e-11  1.000e-12  2.031e+00     7.1268     7.1285     0.0017     5.5276     5.5300     45.075     46.096      0.215    1444.72    1444.66  0.000e+00
       4471     46.000     6.9955     6.9884    -0.0070    0.81921    0.81916          1     7.3898     7.6106       9.96     0.0169  4.924e-11  1.000e-12  2.031e+00     7.1288     7.1297     0.0009     5.5305     5.5317     45.571     46.603      0.233    1444.65    1444.62  0.000e+00
       4515     46.500     6.9820     6.9763    -0.0057    0.81909    0.81906          1     7.3805     7.6010       9.96     0.0171  4.924e-11  1.000e-12  2.031e+00     7.1304     7.1313     0.0009     5.5326     5.5337     46.066     47.109      0.297    1444.60    1444.58  0.000e+00
       4573     47.000     6.9575     6.9526    -0.0050    0.81888    0.81887          1     7.3705     7.5888       9.96     0.0171  4.924e-11  1.000e-12  2.031e+00     7.1334     7.1343     0.0009     5.5366     5.5377     46.561     47.616      0.241    1444.51    1444.49  0.000e+00
       4616     47.500     6.9380     6.9353    -0.0027    0.81880    0.81883          1     7.3715     7.5735       9.96     0.0170  4.924e-11  1.000e-12  2.031e+00     7.1366     7.1375     0.0009     5.5405     5.5413     47.057     48.122      0.407    1444.44    1444.43  0.000e+00
       4650     48.000     6.9234     6.9135    -0.0099    0.81892    0.81893          1     7.3108     7.5246       9.96     0.0171  4.924e-11  1.000e-12  2.031e+00     7.1407     7.1429     0.0022     5.5446     5.5470     47.552     48.629      0.257    1444.39    1444.36  0.000e+00
       4714     48.500     6.9023     6.8982    -0.0041    0.81889    0.81890          1     7.2794     7.4968       9.96     0.0170  4.924e-11  1.000e-12  2.031e+00     7.1448     7.1457     0.0009     5.5492     5.5502     48.047     49.135      0.274    1444.32    1444.30  0.000e+00
       4754     49.000     6.8739     6.8526    -0.0215    0.81867    0.81849          1     7.2795     7.4825       9.96     0.0170  4.924e-11  1.000e-12  2.031e+00     7.1486     7.1513     0.0027     5.5540     5.5576     48.542     49.642      0.257    1444.21    1444.13  0.000e+00
       4810     49.500     6.8013     6.7753    -0.0259    0.81779    0.81748          1     7.2699     7.4838       9.96     0.0170  4.924e-11  1.000e-12  2.031e+00     7.1553     7.1578     0.0025     5.5641     5.5677     49.038     50.148      0.204    1443.92    1443.82  0.000e+00
       4862     50.000     6.7471     6.7123    -0.0348    0.81691    0.81641          1     7.2746     7.4695       9.96     0.0168  4.924e-11  1.000e-12  2.031e+00     7.1582     7.1608     0.0025     5.5698     5.5740     49.533     50.654      0.279    1443.71    1443.56  0.000e+00
       4903     50.500     6.6822     6.6598    -0.0224    0.81586    0.81561          1     7.2182     7.4448       9.96     0.0167  4.924e-11  1.000e-12  2.031e+00     7.1619     7.1642     0.0023     5.5768     5.5800     50.028     51.161      0.276    1443.45    1443.35  0.000e+00
       4951     51.000     6.6559     6.6376    -0.0184    0.81563    0.81544          1     7.2195     7.4472       9.96     0.0164  4.924e-11  1.000e-12  2.031e+00     7.1651     7.1672     0.0021     5.5810     5.5838     50.523     51.667      0.241    1443.35    1443.27  0.000e+00
       5001     51.500     6.6343     6.6308    -0.0035    0.81556    0.81564          1     7.2373     7.4609       9.96     0.0167  4.924e-11  1.000e-12  2.031e+00     7.1689     7.1704     0.0015     5.5853     5.5867     51.019     52.174      0.248    1443.27    1443.25  0.000e+00
       5048     52.000     6.6404     6.6381    -0.0023    0.81600    0.81610          1     7.2831     7.4835       9.96     0.0167  4.924e-11  1.000e-12  2.031e+00     7.1717     7.1731     0.0014     5.5871     5.5884     51.514     52.680      0.248    1443.30    1443.30  0.000e+00
       5101     52.500     6.6320     6.6213    -0.0107    0.81596    0.81586          1     7.2795     7.4910       9.96     0.0169  4.924e-11  1.000e-12  2.031e+00     7.1730     7.1744     0.0014     5.5887     5.5904     52.009     53.187      0.217    1443.28    1443.24  0.000e+00
       5151     53.000     6.5952     6.5819    -0.0134    0.81543    0.81529          1     7.2971     7.5138       9.96     0.0168  4.924e-11  1.000e-12  2.031e+00     7.1757     7.1772     0.0015     5.5930     5.5951     52.504     53.693      0.274    1443.13    1443.08  0.000e+00
       5196     53.500     6.5643     6.5519    -0.0125    0.81506    0.81495          1     7.2945     7.5231       9.96     0.0169  4.924e-11  1.000e-12  2.031e+00     7.1786     7.1802     0.0016     5.5972     5.5992     53.000     54.200      0.254    1443.02    1442.97  0.000e+00
       5242     54.000     6.5485     6.5310    -0.0174    0.81495    0.81478          1     7.2546     7.4821       9.96     0.0164  4.924e-11  1.000e-12  2.031e+00     7.1808     7.1829     0.0021     5.6000     5.6027     53.495     54.706      0.286    1442.96    1442.89  0.000e+00
       5280     54.500     6.5171     6.5093    -0.0078    0.81461    0.81457          1     7.2843     7.5132       9.96     0.0166  4.924e-11  1.000e-12  2.031e+00     7.1841     7.1854     0.0013     5.6045     5.6059     53.990     55.212      0.307    1442.84    1442.81  0.000e+00
       5331     55.000     6.5023     6.4909    -0.0114    0.81452    0.81443          1     7.3144     7.5402       9.96     0.0167  4.924e-11  1.000e-12  2.031e+00     7.1863     7.1878     0.0015     5.6071     5.6090     54.485     55.719      0.203    1442.79    1442.74  0.000e+00
       5386     55.500     6.4891     6.4809    -0.0081    0.81443    0.81436          1     7.2950     7.5230       9.96     0.0163  4.924e-11  1.000e-12  2.031e+00     7.1882     7.1892     0.0011     5.6093     5.6106     54.981     56.225      0.322    1442.74    1442.71  0.000e+00
       5420     56.000     6.4638     6.4509    -0.0130    0.81419    0.81414          1     7.2966     7.5393       9.96     0.0166  4.924e-11  1.000e-12  2.031e+00     7.1912     7.1934     0.0022     5.6132     5.6157     55.476     56.732      0.294    1442.64    1442.59  0.000e+00
       5483     56.500     6.4264     6.4054    -0.0209    0.81401    0.81392          1     7.2944     7.5146       9.96     0.0162  4.924e-11  1.000e-12  2.031e+00     7.1973     7.2008     0.0036     5.6202     5.6243     55.971     57.238      0.238    1442.50    1442.42  0.000e+00
