ctdpy/tests/etc/all_smhi_bas_2018/SBE09_0827_20180822_0930_26_01_0844.cnv
* Sea-Bird SBE 9 Data File:
* FileName = D:\CTD_SBE911\DAT\26DA.2018.8.44.hex
* Software Version Seasave V 7.21d
* Temperature SN = 034605
* Conductivity SN = 041844
* Number of Bytes Per Scan = 48
* Number of Voltage Words = 5
* Number of Scans Averaged by the Deck Unit = 1
* NMEA Latitude = 57 30.56 N
* NMEA Longitude = 008 51.37 E
* NMEA UTC (Time) = Aug 22 2018  09:32:36
* NMEA baud rate = 4800
** Ship: DANA
** Average sound velocity: 1506.00 m/s
** True-depth calculation Thu, 28 Mar 2019 09:24:54 +0000
** CTD Python Module SMHI /ver 3-12/ feb 2012 
** LIMS Job: 20182601-0844
**  26 NNE HANSTHOLM
** Operator: Christian
** Cruise: 08/2018
# nquan = 26
# nvalues = 79                          
# units = specified
# name 0 = scan: Scan Count
# name 1 = prDM: Pressure, Digiquartz [db]
# name 2 = t090C: Temperature [ITS-90, deg C]
# name 3 = t190C: Temperature, 2 [ITS-90, deg C]
# name 4 = T2-T190C: Temperature Difference, 2 - 1 [ITS-90, deg C]
# name 5 = c0S/m: Conductivity [S/m]
# name 6 = c1S/m: Conductivity, 2 [S/m]
# name 7 = pumps: Pump Status
# name 8 = sbeox1ML/L: Oxygen, SBE 43, 2 [ml/l]
# name 9 = sbeox0ML/L: Oxygen, SBE 43 [ml/l]
# name 10 = altM: Altimeter [m]
# name 11 = chloroflTC0: Chlorophyll, Turner Cyclops [ug/l]
# name 12 = cpar: CPAR/Corrected Irradiance [%]
# name 13 = par: PAR/Irradiance, Biospherical/Lico [µE/(cm^2*s)]
# name 14 = spar: SPAR, Biospherical/Licor
# name 15 = sal00: Salinity, Practical [PSU]
# name 16 = sal11: Salinity, Practical, 2 [PSU]
# name 17 = secS-priS: Salinity, Practical, Difference, 2 - 1 [PSU]
# name 18 = sigma-t00: Density [sigma-t, kg/m^3 ]
# name 19 = sigma-t11: Density, 2 [sigma-t, kg/m^3 ]
# name 20 = depSM: Depth [salt water, m], lat = 57.5093
# name 21 = depFM: Depth [true depth, m], lat = 57.5093
# name 22 = dz/dtM: Descent Rate [m/s], WS = 2
# name 23 = svCM: Sound Velocity [Chen-Millero, m/s]
# name 24 = svCM1: Sound Velocity, 2 [Chen-Millero, m/s]
# name 25 = flag: flag
# span 0 =        -66,       4242       
# span 1 =      1.000,     40.000       
# span 2 =    10.9740,    17.6019       
# span 3 =    10.9773,    17.6006       
# span 4 =    -0.0040,     1.4789       
# span 5 =   3.806654,   4.276752       
# span 6 =   3.807489,   4.276982       
# span 7 =          1,          1       
# span 8 =     4.8512,     5.7214       
# span 9 =     4.7000,     5.4400       
# span 10 =       0.94,       9.98      
# span 11 =     0.0506,     0.2760      
# span 12 = 1.0261e-13, 1.1065e+01      
# span 13 = 1.0000e-12, 1.1450e+02      
# span 14 = 9.7211e+02, 1.2481e+03      
# span 15 =    32.6548,    34.0343      
# span 16 =    32.6582,    34.0585      
# span 17 =    -0.0995,     0.0463      
# span 18 =    23.5733,    26.0282      
# span 19 =    23.5760,    26.0422      
# span 20 =      0.991,     39.627      
# span 21 =      0.995,     39.773      
# span 22 =     -0.435,      0.418      
# span 23 =    1492.78,    1512.11      
# span 24 =    1492.79,    1512.12      
# span 25 = 0.0000e+00, 0.0000e+00      
# interval = decibars: 0.5              
# start_time = Aug 22 2018 09:32:36 [NMEA time, first data scan]
# bad_flag = -9.990e-29
*END*
[from data line 56]
       2901     29.000    13.4674    13.5795     0.1120    3.97682    3.98962          1     5.0686     4.9105       9.97     0.0707  6.443e-02  6.377e-01  9.897e+02    33.4348    33.4566     0.0217    25.0869    25.0810     28.730     28.850      0.302    1500.37    1500.76  0.000e+00
       2947     29.500    13.3524    13.5196     0.1673    3.96816    3.98522          1     5.0515     4.9134       9.97     0.0673  5.846e-02  5.777e-01  9.881e+02    33.4543    33.4676     0.0133    25.1251    25.1016     29.226     29.347      0.230    1500.02    1500.59  0.000e+00
       2997     30.000    13.2204    13.4116     0.1914    3.95782    3.97730          1     5.0489     4.8823       9.97     0.0678  5.359e-02  5.289e-01  9.869e+02    33.4728    33.4879     0.0151    25.1660    25.1393     29.721     29.843      0.296    1499.61    1500.27  0.000e+00
       3031     30.500    12.9931    13.2927     0.2995    3.94120    3.96867          1     5.0807     4.8462       9.97     0.0675  4.795e-02  4.730e-01  9.864e+02    33.5161    33.5112    -0.0050    25.2448    25.1812     30.216     30.340      0.364    1498.91    1499.91  0.000e+00
       3071     31.000    12.7723    13.1922     0.4193    3.92624    3.96037          1     5.0609     4.8490       9.79     0.0610  4.217e-02  4.154e-01  9.850e+02    33.5696    33.5214    -0.0482    25.3297    25.2092     30.712     30.837      0.240    1498.25    1499.59  0.000e+00
       3125     31.500    12.6301    12.8980     0.2683    3.91585    3.94188          1     5.0388     4.8188       9.31     0.0604  3.757e-02  3.697e-01  9.839e+02    33.5970    33.6065     0.0096    25.3787    25.3336     31.207     31.333      0.316    1497.81    1498.72  0.000e+00
       3156     32.000    12.4542    12.7401     0.2859    3.90293    3.92963          1     5.0083     4.8694       8.82     0.0633  3.333e-02  3.274e-01  9.825e+02    33.6301    33.6302     0.0002    25.4385    25.3830     31.702     31.830      0.354    1497.26    1498.23  0.000e+00
       3207     32.500    12.3646    12.5970     0.2325    3.89583    3.91928          1     4.9743     4.9127       8.34     0.0590  2.955e-02  2.895e-01  9.797e+02    33.6419    33.6589     0.0170    25.4649    25.4331     32.198     32.327      0.221    1496.98    1497.79  0.000e+00
       3256     33.000    12.1798    12.4056     0.2257    3.88381    3.90487          1     4.9918     4.8930       7.89     0.0581  2.596e-02  2.541e-01  9.788e+02    33.6919    33.6919     0.0000    25.5391    25.4958     32.693     32.823      0.369    1496.42    1497.19  0.000e+00
       3284     33.500    11.9550    12.3472     0.3921    3.86919    3.90006          1     5.0057     4.9005       7.39     0.0547  2.250e-02  2.203e-01  9.789e+02    33.7531    33.6979    -0.0552    25.6292    25.5117     33.188     33.320      0.418    1495.73    1497.01  0.000e+00
       3317     34.000    11.7349    12.2250     0.4899    3.85543    3.89287          1     5.0335     4.8892       6.90     0.0533  1.925e-02  1.885e-01  9.789e+02    33.8187    33.7384    -0.0803    25.7213    25.5665     33.684     33.816      0.292    1495.06    1496.65  0.000e+00
       3367     34.500    11.4707    11.9647     0.4940    3.83873    3.87729          1     5.0199     4.8790       6.42     0.0536  1.646e-02  1.611e-01  9.789e+02    33.8962    33.8227    -0.0734    25.8305    25.6814     34.179     34.313      0.279    1494.25    1495.87  0.000e+00
       3402     35.000    11.3147    11.6409     0.3266    3.82831    3.85631          1     5.0115     4.8960       5.93     0.0563  1.375e-02  1.345e-01  9.784e+02    33.9365    33.9127    -0.0238    25.8904    25.8119     34.674     34.809      0.375    1493.77    1494.87  0.000e+00
       3436     35.500    11.2645    11.6023     0.3376    3.82482    3.85368          1     4.9917     4.9152       5.40     0.0536  1.115e-02  1.088e-01  9.762e+02    33.9480    33.9220    -0.0260    25.9086    25.8263     35.169     35.306      0.292    1493.61    1494.75  0.000e+00
       3491     36.000    11.2402    11.4035     0.1634    3.82326    3.84014          1     4.9787     4.9211       4.93     0.0530  8.601e-03  8.381e-02  9.744e+02    33.9548    33.9711     0.0163    25.9182    25.9011     35.665     35.802      0.213    1493.54    1494.13  0.000e+00
       3538     36.500    11.2111    11.3150     0.1040    3.82117    3.83287          1     4.9816     4.9230       4.47     0.0528  6.009e-03  5.845e-02  9.727e+02    33.9607    33.9806     0.0198    25.9282    25.9247     36.160     36.299      0.306    1493.46    1493.85  0.000e+00
       3574     37.000    11.1326    11.2902     0.1575    3.81604    3.83098          1     4.9834     4.8989       3.98     0.0562  3.703e-03  3.602e-02  9.728e+02    33.9820    33.9846     0.0026    25.9589    25.9324     36.655     36.795      0.341    1493.22    1493.77  0.000e+00
       3610     37.500    11.0328    11.2538     0.2209    3.80992    3.82854          1     4.9810     4.8497       3.48     0.0524  1.591e-03  1.548e-02  9.730e+02    34.0134    33.9938    -0.0196    26.0013    25.9461     37.151     37.291      0.309    1492.92    1493.66  0.000e+00
       3650     38.000    10.9903    11.1882     0.1979    3.80739    3.82420          1     4.9954     4.8418       2.99     0.0547  4.167e-05  4.072e-04  9.749e+02    34.0274    34.0112    -0.0161    26.0198    25.9716     37.646     37.788      0.337    1492.79    1493.47  0.000e+00
       3682     38.500    10.9862    11.1441     0.1578    3.80716    3.82075          1     5.0002     4.8415       2.50     0.0529  1.384e-06  1.349e-05  9.748e+02    34.0287    34.0176    -0.0111    26.0216    25.9845     38.141     38.284      0.372    1492.79    1493.33  0.000e+00
       3725     39.000    10.9833    11.0912     0.1079    3.80702    3.81765          1     4.9785     4.8340       1.99     0.0516  1.026e-13  1.000e-12  9.746e+02    34.0298    34.0354     0.0057    26.0229    26.0080     38.637     38.780      0.225    1492.79    1493.17  0.000e+00
       3781     39.500    10.9781    11.0008     0.0227    3.80685    3.81156          1     4.9321     4.8373       1.52     0.0506  1.026e-13  1.000e-12  9.745e+02    34.0326    34.0585     0.0258    26.0261    26.0422     39.132     39.277      0.242    1492.78    1492.89  0.000e+00
       4242     40.000    10.9740    10.9773     0.0034    3.80665    3.80749          1     4.8512     4.8310       0.94     0.0547  1.029e-13  1.000e-12  9.721e+02    34.0343    34.0395     0.0052    26.0282    26.0317     39.627     39.773     -0.435    1492.78    1492.79  0.000e+00
