ctdpy/tests/etc/all_smhi_bas_2018/SBE09_0827_20180304_0730_26_01_0357.cnv
* Sea-Bird SBE 9 Data File:
* FileName = D:\CTD_SBE911\DAT\26DA.2018.3.57.hex
* Software Version Seasave V 7.21d
* Temperature SN = 034757
* Conductivity SN = 041844
* Number of Bytes Per Scan = 48
* Number of Voltage Words = 5
* Number of Scans Averaged by the Deck Unit = 1
* NMEA Latitude = 55 42.87 N
* NMEA Longitude = 014 43.84 E
* NMEA UTC (Time) = Mar 04 2018  07:30:37
* NMEA baud rate = 4800
** Ship: DANA
** Average sound velocity: 1424.48 m/s
** True-depth calculation Tue, 02 Apr 2019 12:10:20 +0000
** CTD Python Module SMHI /ver 3-12/ feb 2012 
** LIMS Job: 20182601-0357
** Operator:
** Cruise: 02/2018
# nquan = 26
# nvalues = 104                         
# units = specified
# name 0 = scan: Scan Count
# name 1 = prDM: Pressure, Digiquartz [db]
# name 2 = t090C: Temperature [ITS-90, deg C]
# name 3 = t190C: Temperature, 2 [ITS-90, deg C]
# name 4 = T2-T190C: Temperature Difference, 2 - 1 [ITS-90, deg C]
# name 5 = c0S/m: Conductivity [S/m]
# name 6 = c1S/m: Conductivity, 2 [S/m]
# name 7 = pumps: Pump Status
# name 8 = sbeox1ML/L: Oxygen, SBE 43, 2 [ml/l]
# name 9 = sbeox0ML/L: Oxygen, SBE 43 [ml/l]
# name 10 = altM: Altimeter [m]
# name 11 = chloroflTC0: Chlorophyll, Turner Cyclops [ug/l]
# name 12 = cpar: CPAR/Corrected Irradiance [%]
# name 13 = par: PAR/Irradiance, Biospherical/Lico [µE/(cm^2*s)]
# name 14 = spar: SPAR, Biospherical/Licor
# name 15 = sal00: Salinity, Practical [PSU]
# name 16 = sal11: Salinity, Practical, 2 [PSU]
# name 17 = secS-priS: Salinity, Practical, Difference, 2 - 1 [PSU]
# name 18 = sigma-t00: Density [sigma-t, kg/m^3 ]
# name 19 = sigma-t11: Density, 2 [sigma-t, kg/m^3 ]
# name 20 = depSM: Depth [salt water, m], lat = 55.7145
# name 21 = depFM: Depth [true depth, m], lat = 55.7145
# name 22 = dz/dtM: Descent Rate [m/s], WS = 2
# name 23 = svCM: Sound Velocity [Chen-Millero, m/s]
# name 24 = svCM1: Sound Velocity, 2 [Chen-Millero, m/s]
# name 25 = flag: flag
# span 0 =         99,       5348       
# span 1 =      1.000,     52.500       
# span 2 =     2.3935,     2.5614       
# span 3 =     2.3854,     2.5460       
# span 4 =    -0.0331,     0.0103       
# span 5 =   0.742459,   0.748996       
# span 6 =   0.741554,   0.747753       
# span 7 =          1,          1       
# span 8 =     8.6937,     8.7554       
# span 9 =     8.6304,     8.7030       
# span 10 =       0.92,       9.99      
# span 11 =     0.0182,     0.0402      
# span 12 = -9.651e-09, 1.0691e+01      
# span 13 = -1.431e-08, 1.5632e+01      
# span 14 = 1.4622e+02, 1.4825e+02      
# span 15 =     7.3765,     7.4006      
# span 16 =     7.3692,     7.3907      
# span 17 =    -0.0132,    -0.0071      
# span 18 =     5.8836,     5.9027      
# span 19 =     5.8777,     5.8948      
# span 20 =      0.991,     52.017      
# span 21 =      1.013,     53.160      
# span 22 =     -0.034,      0.331      
# span 23 =    1423.87,    1425.49      
# span 24 =    1423.82,    1425.41      
# span 25 = 0.0000e+00, 0.0000e+00      
# interval = decibars: 0.5              
# start_time = Mar 04 2018 07:30:38 [NMEA time, first data scan]
# bad_flag = -9.990e-29
*END*
[from data line 56]
       2933     29.000     2.4203     2.4202    -0.0001    0.74338    0.74270          1     8.7426     8.6877       9.95     0.0338  6.745e-13  1.000e-12  1.482e+02     7.3768     7.3695    -0.0072     5.8838     5.8780     28.735     29.365      0.264    1424.43    1424.42  0.000e+00
       2983     29.500     2.4207     2.4210     0.0003    0.74340    0.74272          1     8.7358     8.6839       9.95     0.0345  6.745e-13  1.000e-12  1.482e+02     7.3768     7.3694    -0.0074     5.8838     5.8779     29.230     29.871      0.234    1424.44    1424.43  0.000e+00
       3033     30.000     2.4202     2.4213     0.0011    0.74339    0.74274          1     8.7319     8.6794       9.95     0.0351  6.745e-13  1.000e-12  1.482e+02     7.3767     7.3695    -0.0072     5.8837     5.8780     29.726     30.377      0.235    1424.45    1424.44  0.000e+00
       3087     30.500     2.4201     2.4211     0.0011    0.74340    0.74275          1     8.7445     8.6925       9.95     0.0363  6.745e-13  1.000e-12  1.482e+02     7.3767     7.3696    -0.0071     5.8837     5.8780     30.221     30.884      0.233    1424.45    1424.45  0.000e+00
       3132     31.000     2.4205     2.4208     0.0003    0.74342    0.74274          1     8.7481     8.6900       9.95     0.0359  6.745e-13  1.000e-12  1.482e+02     7.3768     7.3695    -0.0072     5.8838     5.8780     30.716     31.390      0.281    1424.46    1424.46  0.000e+00
       3182     31.500     2.4226     2.4213    -0.0013    0.74348    0.74276          1     8.7445     8.6870       9.95     0.0360  6.745e-13  1.000e-12  1.482e+02     7.3769     7.3695    -0.0074     5.8839     5.8780     31.212     31.896      0.212    1424.48    1424.47  0.000e+00
       3234     32.000     2.4225     2.4226     0.0001    0.74348    0.74280          1     8.7402     8.6767       9.95     0.0362  6.745e-13  1.000e-12  1.482e+02     7.3769     7.3695    -0.0073     5.8839     5.8780     31.707     32.403      0.277    1424.49    1424.48  0.000e+00
       3276     32.500     2.4250     2.4228    -0.0022    0.74356    0.74281          1     8.7299     8.6747       9.95     0.0367  6.748e-13  1.000e-12  1.482e+02     7.3770     7.3696    -0.0074     5.8840     5.8781     32.202     32.909      0.258    1424.51    1424.49  0.000e+00
       3333     33.000     2.4272     2.4235    -0.0037    0.74363    0.74284          1     8.7344     8.6813       9.95     0.0360  6.753e-13  1.000e-12  1.481e+02     7.3772     7.3696    -0.0076     5.8841     5.8781     32.698     33.415      0.207    1424.53    1424.50  0.000e+00
       3383     33.500     2.4329     2.4250    -0.0079    0.74382    0.74288          1     8.7399     8.6864       9.95     0.0372  6.756e-13  1.000e-12  1.480e+02     7.3779     7.3696    -0.0083     5.8847     5.8781     33.193     33.921      0.273    1424.56    1424.52  0.000e+00
       3430     34.000     2.4357     2.4268    -0.0089    0.74394    0.74295          1     8.7394     8.6891       9.95     0.0391  6.774e-13  1.000e-12  1.476e+02     7.3784     7.3699    -0.0085     5.8851     5.8783     33.689     34.428      0.226    1424.59    1424.53  0.000e+00
       3488     34.500     2.4352     2.4309    -0.0043    0.74391    0.74307          1     8.7327     8.6762       9.95     0.0389  6.822e-13  1.000e-12  1.466e+02     7.3781     7.3702    -0.0080     5.8849     5.8785     34.184     34.934      0.236    1424.59    1424.56  0.000e+00
       3531     35.000     2.4367     2.4331    -0.0036    0.74398    0.74316          1     8.7228     8.6769       9.95     0.0402  6.837e-13  1.000e-12  1.463e+02     7.3784     7.3706    -0.0078     5.8851     5.8788     34.679     35.440      0.286    1424.61    1424.58  0.000e+00
       3579     35.500     2.4396     2.4344    -0.0052    0.74408    0.74321          1     8.7273     8.6754       9.95     0.0392  6.837e-13  1.000e-12  1.463e+02     7.3787     7.3707    -0.0080     5.8854     5.8789     35.175     35.947      0.221    1424.63    1424.59  0.000e+00
       3635     36.000     2.4402     2.4364    -0.0037    0.74410    0.74326          1     8.7394     8.6673       9.95     0.0391  6.839e-13  1.000e-12  1.462e+02     7.3788     7.3707    -0.0081     5.8854     5.8789     35.670     36.453      0.239    1424.64    1424.61  0.000e+00
       3679     36.500     2.4412     2.4378    -0.0034    0.74414    0.74334          1     8.7463     8.6692       9.95     0.0397  6.839e-13  1.000e-12  1.462e+02     7.3789     7.3711    -0.0078     5.8855     5.8793     36.166     36.959      0.275    1424.65    1424.63  0.000e+00
       3731     37.000     2.4412     2.4390    -0.0022    0.74415    0.74338          1     8.7339     8.6726       9.95     0.0385  6.839e-13  1.000e-12  1.462e+02     7.3789     7.3712    -0.0076     5.8855     5.8793     36.661     37.465      0.209    1424.66    1424.64  0.000e+00
       3782     37.500     2.4442     2.4404    -0.0038    0.74424    0.74344          1     8.7318     8.6663       9.95     0.0390  6.839e-13  1.000e-12  1.462e+02     7.3792     7.3715    -0.0076     5.8857     5.8796     37.156     37.972      0.286    1424.68    1424.65  0.000e+00
       3825     38.000     2.4452     2.4423    -0.0030    0.74428    0.74349          1     8.7443     8.6703       9.95     0.0385  6.839e-13  1.000e-12  1.462e+02     7.3793     7.3715    -0.0078     5.8858     5.8795     37.652     38.478      0.243    1424.69    1424.67  0.000e+00
       3881     38.500     2.4500     2.4432    -0.0068    0.74445    0.74354          1     8.7370     8.6768       9.95     0.0394  6.839e-13  1.000e-12  1.462e+02     7.3799     7.3718    -0.0081     5.8863     5.8798     38.147     38.984      0.237    1424.72    1424.68  0.000e+00
       3923     39.000     2.4546     2.4454    -0.0092    0.74462    0.74361          1     8.7380     8.6783       9.95     0.0389  6.839e-13  1.000e-12  1.462e+02     7.3805     7.3719    -0.0086     5.8868     5.8799     38.642     39.491      0.280    1424.75    1424.70  0.000e+00
       3975     39.500     2.4605     2.4500    -0.0106    0.74484    0.74375          1     8.7422     8.6798       9.95     0.0387  6.839e-13  1.000e-12  1.462e+02     7.3815     7.3723    -0.0092     5.8875     5.8802     39.138     39.997      0.214    1424.79    1424.73  0.000e+00
       4025     40.000     2.4694     2.4570    -0.0123    0.74517    0.74401          1     8.7370     8.6602       9.95     0.0376  6.839e-13  1.000e-12  1.462e+02     7.3829     7.3734    -0.0095     5.8886     5.8810     39.633     40.503      0.268    1424.84    1424.77  0.000e+00
       4074     40.500     2.4741     2.4601    -0.0141    0.74536    0.74413          1     8.7270     8.6568       9.95     0.0373  6.839e-13  1.000e-12  1.462e+02     7.3837     7.3739    -0.0098     5.8893     5.8814     40.129     41.009      0.224    1424.87    1424.80  0.000e+00
       4123     41.000     2.4759     2.4647    -0.0113    0.74544    0.74429          1     8.7250     8.6688       9.95     0.0354  6.839e-13  1.000e-12  1.462e+02     7.3840     7.3744    -0.0096     5.8895     5.8819     40.624     41.516      0.282    1424.89    1424.82  0.000e+00
       4168     41.500     2.4802     2.4680    -0.0122    0.74562    0.74443          1     8.7191     8.6710       9.95     0.0345  6.839e-13  1.000e-12  1.462e+02     7.3849     7.3751    -0.0099     5.8903     5.8824     41.119     42.022      0.230    1424.92    1424.85  0.000e+00
       4222     42.000     2.4881     2.4744    -0.0138    0.74595    0.74467          1     8.7172     8.6592       9.95     0.0345  6.839e-13  1.000e-12  1.462e+02     7.3865     7.3761    -0.0104     5.8915     5.8832     41.615     42.528      0.251    1424.96    1424.89  0.000e+00
       4266     42.500     2.4911     2.4783    -0.0129    0.74606    0.74486          1     8.7141     8.6546       9.95     0.0333  6.839e-13  1.000e-12  1.462e+02     7.3869     7.3771    -0.0099     5.8919     5.8840     42.110     43.035      0.270    1424.99    1424.92  0.000e+00
       4316     43.000     2.4940     2.4805    -0.0135    0.74617    0.74494          1     8.7266     8.6623       9.95     0.0332  6.839e-13  1.000e-12  1.462e+02     7.3873     7.3773    -0.0100     5.8922     5.8842     42.605     43.541      0.217    1425.01    1424.93  0.000e+00
       4368     43.500     2.4964     2.4852    -0.0112    0.74627    0.74512          1     8.7199     8.6635       9.95     0.0364  6.839e-13  1.000e-12  1.462e+02     7.3877     7.3781    -0.0096     5.8925     5.8848     43.101     44.047      0.267    1425.03    1424.96  0.000e+00
       4411     44.000     2.4978     2.4880    -0.0098    0.74633    0.74525          1     8.7186     8.6532       9.77     0.0316  6.839e-13  1.000e-12  1.462e+02     7.3880     7.3788    -0.0092     5.8927     5.8854     43.596     44.553      0.255    1425.04    1424.99  0.000e+00
       4464     44.500     2.4989     2.4918    -0.0071    0.74638    0.74539          1     8.7120     8.6687       9.25     0.0306  6.839e-13  1.000e-12  1.462e+02     7.3882     7.3793    -0.0088     5.8928     5.8858     44.091     45.060      0.226    1425.06    1425.01  0.000e+00
       4511     45.000     2.4999     2.4942    -0.0057    0.74643    0.74551          1     8.7134     8.6643       8.74     0.0309  6.839e-13  1.000e-12  1.462e+02     7.3885     7.3799    -0.0085     5.8931     5.8863     44.587     45.566      0.281    1425.07    1425.03  0.000e+00
       4556     45.500     2.5012     2.4955    -0.0056    0.74649    0.74556          1     8.7096     8.6490       8.20     0.0295  6.839e-13  1.000e-12  1.462e+02     7.3887     7.3801    -0.0086     5.8933     5.8864     45.082     46.072      0.245    1425.08    1425.05  0.000e+00
       4608     46.000     2.5041     2.4980    -0.0061    0.74664    0.74567          1     8.7165     8.6512       7.68     0.0292  6.839e-13  1.000e-12  1.462e+02     7.3895     7.3807    -0.0089     5.8939     5.8868     45.577     46.579      0.236    1425.11    1425.07  0.000e+00
       4657     46.500     2.5064     2.4990    -0.0074    0.74674    0.74573          1     8.7157     8.6499       7.16     0.0297  6.839e-13  1.000e-12  1.462e+02     7.3900     7.3810    -0.0090     5.8943     5.8871     46.073     47.085      0.246    1425.13    1425.08  0.000e+00
       4707     47.000     2.5081     2.5000    -0.0082    0.74683    0.74578          1     8.7238     8.6478       6.65     0.0295  6.839e-13  1.000e-12  1.462e+02     7.3905     7.3812    -0.0093     5.8947     5.8873     46.568     47.591      0.237    1425.14    1425.09  0.000e+00
       4756     47.500     2.5110     2.5016    -0.0094    0.74697    0.74586          1     8.7225     8.6554       6.13     0.0284  6.839e-13  1.000e-12  1.462e+02     7.3913     7.3816    -0.0097     5.8953     5.8876     47.064     48.097      0.249    1425.17    1425.11  0.000e+00
       4805     48.000     2.5125     2.5034    -0.0091    0.74705    0.74593          1     8.7154     8.6546       5.61     0.0278  6.839e-13  1.000e-12  1.462e+02     7.3917     7.3819    -0.0098     5.8956     5.8878     47.559     48.604      0.240    1425.18    1425.13  0.000e+00
       4855     48.500     2.5125     2.5061    -0.0065    0.74708    0.74606          1     8.7203     8.6570       5.08     0.0277  6.839e-13  1.000e-12  1.462e+02     7.3919     7.3826    -0.0094     5.8958     5.8883     48.054     49.110      0.248    1425.19    1425.15  0.000e+00
       4901     49.000     2.5134     2.5087    -0.0046    0.74715    0.74620          1     8.7083     8.6661       4.57     0.0266  6.839e-13  1.000e-12  1.462e+02     7.3924     7.3834    -0.0090     5.8962     5.8890     48.550     49.616      0.265    1425.20    1425.17  0.000e+00
       4948     49.500     2.5162     2.5101    -0.0060    0.74729    0.74628          1     8.7085     8.6581       4.08     0.0260  6.839e-13  1.000e-12  1.462e+02     7.3932     7.3838    -0.0094     5.8968     5.8893     49.045     50.123      0.230    1425.22    1425.18  0.000e+00
       5005     50.000     2.5194     2.5118    -0.0076    0.74743    0.74637          1     8.7104     8.6478       3.58     0.0281  6.839e-13  1.000e-12  1.462e+02     7.3938     7.3843    -0.0095     5.8973     5.8897     49.540     50.629      0.230    1425.25    1425.20  0.000e+00
       5051     50.500     2.5228     2.5153    -0.0075    0.74759    0.74656          1     8.7003     8.6406       3.00     0.0271  6.839e-13  1.000e-12  1.462e+02     7.3946     7.3854    -0.0092     5.8980     5.8906     50.036     51.135      0.259    1425.27    1425.22  0.000e+00
       5105     51.000     2.5256     2.5179    -0.0078    0.74771    0.74668          1     8.7051     8.6457       2.45     0.0258  6.839e-13  1.000e-12  1.462e+02     7.3952     7.3861    -0.0092     5.8984     5.8911     50.531     51.641      0.220    1425.29    1425.25  0.000e+00
       5152     51.500     2.5386     2.5207    -0.0179    0.74828    0.74681          1     8.6989     8.6481       1.95     0.0251  6.839e-13  1.000e-12  1.462e+02     7.3982     7.3867    -0.0115     5.9008     5.8916     51.026     52.148      0.280    1425.37    1425.27  0.000e+00
       5198     52.000     2.5580     2.5249    -0.0331    0.74894    0.74697          1     8.6937     8.6304       1.47     0.0266  6.839e-13  1.000e-12  1.462e+02     7.4006     7.3874    -0.0132     5.9027     5.8922     51.522     52.654      0.230    1425.47    1425.30  0.000e+00
       5348     52.500     2.5614     2.5460    -0.0154    0.74900    0.74775          1     8.7028     8.6337       0.92     0.0240  6.794e-13  1.000e-12  1.472e+02     7.4003     7.3907    -0.0096     5.9024     5.8948     52.017     53.160     -0.034    1425.49    1425.41  0.000e+00
