ctdpy/tests/etc/all_smhi_bas_2018/SBE09_1044_20181112_1602_34_01_0139.cnv
* Sea-Bird SBE 9 Data File:
* FileName = C:\ctd\temp\ar18d139.hex
* Software Version Seasave V 7.26.7.107
* Temperature SN = 5351
* Conductivity SN = 3941
* Number of Bytes Per Scan = 41
* Number of Voltage Words = 4
* Number of Scans Averaged by the Deck Unit = 1
* NMEA Latitude = 57 52.02 N
* NMEA Longitude = 011 17.51 E
* NMEA UTC (Time) = Nov 12 2018  16:02:40
* NMEA baud rate = 4800
** Station:  P2
** Operator:  JKro
** Ship: ARANDA
** Average sound velocity: 1487.29 m/s
** True-depth calculation Mon, 12 Nov 2018 16:49:05 +0000
** CTD Python Module SMHI /ver 3-12/ feb 2012 
** LIMS Job: 20183401-0139
** Cruise: SMHI-6-2018
** Latitude [GG MM.mm N]:
** Longitude [GG MM.mm E]
# nquan = 26
# nvalues = 178                         
# units = specified
# name 0 = scan: Scan Count
# name 1 = prDM: Pressure, Digiquartz [db]
# name 2 = t090C: Temperature [ITS-90, deg C]
# name 3 = t190C: Temperature, 2 [ITS-90, deg C]
# name 4 = T2-T190C: Temperature Difference, 2 - 1 [ITS-90, deg C]
# name 5 = c0S/m: Conductivity [S/m]
# name 6 = c1S/m: Conductivity, 2 [S/m]
# name 7 = pumps: Pump Status
# name 8 = sbeox0ML/L: Oxygen, SBE 43 [ml/l]
# name 9 = sbeox1ML/L: Oxygen, SBE 43, 2 [ml/l]
# name 10 = altM: Altimeter [m]
# name 11 = flECO-AFL: Chl-a Fluorescence, WET Labs ECO-AFL/FL [mg/m^3]
# name 12 = flECO-AFL1: Phycocyanin Fluorescence, WET Labs ECO-AFL/FL, 2 [mg/m^3]
# name 13 = par: PAR/Irradiance, Biospherical/Lico [µE/(cm^2*s)]
# name 14 = turbWETntu0: Turbidity, WET Labs ECO [NTU]
# name 15 = sal00: Salinity, Practical [PSU]
# name 16 = sal11: Salinity, Practical, 2 [PSU]
# name 17 = secS-priS: Salinity, Practical, Difference, 2 - 1 [PSU]
# name 18 = sigma-t00: Density [sigma-t, Kg/m^3 ]
# name 19 = sigma-t11: Density, 2 [sigma-t, Kg/m^3 ]
# name 20 = depSM: Depth [salt water, m], lat = 57.867
# name 21 = depFM: Depth [true depth, m], lat = 57.867
# name 22 = dz/dtM: Descent Rate [m/s], WS = 2
# name 23 = svCM: Sound Velocity [Chen-Millero, m/s]
# name 24 = svCM1: Sound Velocity, 2 [Chen-Millero, m/s]
# name 25 = flag: flag
# span 0 =      19157,      25798       
# span 1 =      1.000,     89.500       
# span 2 =     8.7133,    10.9304       
# span 3 =     8.7164,    10.9330       
# span 4 =    -0.0210,     0.0164       
# span 5 =   2.944531,   3.858383       
# span 6 =   2.944848,   3.858558       
# span 7 =          1,          1       
# span 8 =    5.07149,    6.38956       
# span 9 =    4.84544,    6.11207       
# span 10 =       3.62,      98.53      
# span 11 =     0.0702,     1.6744      
# span 12 =     0.1376,     0.4409      
# span 13 = 1.0000e-12, 1.0000e-12      
# span 14 =     0.1448,     1.6094      
# span 15 =    26.1619,    35.0189      
# span 16 =    26.1638,    35.0183      
# span 17 =    -0.0350,     0.0317      
# span 18 =    20.0295,    27.1785      
# span 19 =    20.0309,    27.1771      
# span 20 =      0.992,     88.652      
# span 21 =      0.999,     88.990      
# span 22 =     -0.424,      0.630      
# span 23 =    1479.87,    1492.91      
# span 24 =    1479.88,    1492.92      
# span 25 = 0.0000e+00, 0.0000e+00      
# interval = decibars: 0.5              
# start_time = Nov 12 2018 16:02:41 [NMEA time, first data scan]
# bad_flag = -9.990e-29
*END*
[from data line 168]
      23817     85.000     8.9846     8.9857     0.0011    3.71801    3.71818          1     5.1687     4.9761       7.95     0.1036     0.2213  1.000e-12  0.9836000    35.0097    35.0103     0.0007    27.1282    27.1286     84.196     84.527      0.283    1487.55    1487.56  0.000e+00
      23860     85.500     8.9149     8.9178     0.0029    3.71176    3.71198          1     5.1381     4.9521       7.46     0.0821     0.1809  1.000e-12  1.0687000    35.0124    35.0119    -0.0005    27.1416    27.1407     84.691     85.023      0.304    1487.31    1487.32  0.000e+00
      23896     86.000     8.8719     8.8740     0.0021    3.70793    3.70807          1     5.1317     4.9376       6.99     0.0832     0.2222  1.000e-12  1.1345000    35.0144    35.0138    -0.0006    27.1501    27.1492     85.186     85.519      0.325    1487.16    1487.17  0.000e+00
      23941     86.500     8.8281     8.8351     0.0070    3.70400    3.70457          1     5.1132     4.9217       6.46     0.0889     0.2405  1.000e-12  1.1802000    35.0161    35.0151    -0.0010    27.1583    27.1564     85.681     86.015      0.233    1487.01    1487.03  0.000e+00
      23992     87.000     8.7823     8.7854     0.0031    3.69978    3.70004          1     5.0929     4.9064       5.99     0.0819     0.1929  1.000e-12  1.2460000    35.0166    35.0163    -0.0004    27.1660    27.1652     86.177     86.511      0.284    1486.85    1486.86  0.000e+00
      24030     87.500     8.7677     8.7684     0.0007    3.69851    3.69851          1     5.1020     4.8968       5.52     0.0854     0.2088  1.000e-12  1.3510000    35.0174    35.0167    -0.0006    27.1689    27.1683     86.672     87.006      0.298    1486.80    1486.80  0.000e+00
      24091     88.000     8.7604     8.7594    -0.0010    3.69791    3.69774          1     5.1000     4.8930       4.95     0.0954     0.2159  1.000e-12  1.3114000    35.0180    35.0173    -0.0008    27.1706    27.1701     87.167     87.502      0.200    1486.78    1486.78  0.000e+00
      24156     88.500     8.7325     8.7369     0.0044    3.69531    3.69570          1     5.0907     4.8835       4.50     0.1069     0.2484  1.000e-12  1.3779000    35.0180    35.0177    -0.0003    27.1750    27.1741     87.662     87.998      0.329    1486.69    1486.71  0.000e+00
      24190     89.000     8.7202     8.7204     0.0002    3.69426    3.69422          1     5.0828     4.8712       4.05     0.1071     0.1735  1.000e-12  1.6094000    35.0189    35.0183    -0.0006    27.1776    27.1771     88.157     88.494      0.289    1486.65    1486.65  0.000e+00
      25798     89.500     8.7133     8.7164     0.0031    3.69361    3.69378          1     5.0715     4.8454       3.62     0.1583     0.3032  1.000e-12  1.2674000    35.0185    35.0173    -0.0013    27.1785    27.1770     88.652     88.990     -0.424    1486.63    1486.65  0.000e+00
