ctdpy/tests/etc/all_smhi_bas_2018/SBE09_1044_20180921_2058_34_01_0037.cnv
* Sea-Bird SBE 9 Data File:
* FileName = C:\ctd\temp\2018\AR18D037.hex
* Software Version Seasave V 7.26.6.26
* Temperature SN = 5351
* Conductivity SN = 3941
* Number of Bytes Per Scan = 41
* Number of Voltage Words = 4
* Number of Scans Averaged by the Deck Unit = 1
* NMEA Latitude = 57 07.03 N
* NMEA Longitude = 017 40.11 E
* NMEA UTC (Time) = Sep 21 2018  20:58:43
* NMEA baud rate = 4800
** Station:  BY38
** Operator:  OBac
** Ship: ARANDA
** Average sound velocity: 1445.07 m/s
** True-depth calculation Fri, 21 Sep 2018 22:04:34 +0000
** CTD Python Module SMHI /ver 3-12/ feb 2012 
** LIMS Job: 20183401-0037
** Cruise: SMHI-02-2018
** Latitude [GG MM.mm N] :
** Longitude [GG MM.mm E]:
# nquan = 26
# nvalues = 205                         
# units = specified
# name 0 = scan: Scan Count
# name 1 = prDM: Pressure, Digiquartz [db]
# name 2 = t090C: Temperature [ITS-90, deg C]
# name 3 = t190C: Temperature, 2 [ITS-90, deg C]
# name 4 = T2-T190C: Temperature Difference, 2 - 1 [ITS-90, deg C]
# name 5 = c0S/m: Conductivity [S/m]
# name 6 = c1S/m: Conductivity, 2 [S/m]
# name 7 = pumps: Pump Status
# name 8 = sbeox0ML/L: Oxygen, SBE 43 [ml/l]
# name 9 = sbeox1ML/L: Oxygen, SBE 43, 2 [ml/l]
# name 10 = altM: Altimeter [m]
# name 11 = flECO-AFL: Chl-a Fluorescence, WET Labs ECO-AFL/FL [mg/m^3]
# name 12 = flECO-AFL1: Phycocyanin Fluorescence, WET Labs ECO-AFL/FL, 2 [mg/m^3]
# name 13 = par: PAR/Irradiance, Biospherical/Lico [µE/(cm^2*s)]
# name 14 = turbWETntu0: Turbidity, WET Labs ECO [NTU]
# name 15 = sal00: Salinity, Practical [PSU]
# name 16 = sal11: Salinity, Practical, 2 [PSU]
# name 17 = secS-priS: Salinity, Practical, Difference, 2 - 1 [PSU]
# name 18 = sigma-t00: Density [sigma-t, Kg/m^3 ]
# name 19 = sigma-t11: Density, 2 [sigma-t, Kg/m^3 ]
# name 20 = depSM: Depth [salt water, m], lat = 57.1172
# name 21 = depFM: Depth [true depth, m], lat = 57.1172
# name 22 = dz/dtM: Descent Rate [m/s], WS = 2
# name 23 = svCM: Sound Velocity [Chen-Millero, m/s]
# name 24 = svCM1: Sound Velocity, 2 [Chen-Millero, m/s]
# name 25 = flag: flag
# span 0 =      43592,      48862       
# span 1 =      2.000,    104.000       
# span 2 =     3.8540,    14.4897       
# span 3 =     3.8132,    14.4915       
# span 4 =    -0.1289,     0.4229       
# span 5 =   0.780863,   1.153954       
# span 6 =   0.778056,   1.153944       
# span 7 =          1,          1       
# span 8 =   -0.05579,    7.07724       
# span 9 =    1.48683,    5.59566       
# span 10 =       3.69,      98.89      
# span 11 =     0.2177,     0.9822      
# span 12 =     0.1368,     0.4038      
# span 13 = 1.0000e-12, 1.0000e-12      
# span 14 =     0.1938,     1.4173      
# span 15 =     7.0110,    10.6677      
# span 16 =     7.0108,    10.6670      
# span 17 =    -0.1335,     0.0202      
# span 18 =     4.5777,     8.3911      
# span 19 =     4.5769,     8.3904      
# span 20 =      1.982,    103.018      
# span 21 =      2.028,    105.229      
# span 22 =     -0.163,      1.254      
# span 23 =    1431.21,    1472.65      
# span 24 =    1431.00,    1472.65      
# span 25 = 0.0000e+00, 0.0000e+00      
# interval = decibars: 0.5              
# start_time = Sep 21 2018 20:58:43 [NMEA time, first data scan]
# bad_flag = -9.990e-29
*END*
[from data line 56]
      45555     30.000     5.0352     5.0461     0.0112    0.80455    0.80453          1     6.6352     5.3147      80.29     0.4311     0.2476  1.000e-12  0.2350000     7.4101     7.4075    -0.0026     5.8573     5.8548     29.722     30.404      0.918    1436.34    1436.39  0.000e+00
      45567     30.500     4.9027     4.9086     0.0061    0.80142    0.80124          1     6.6642     5.2377      79.96     0.3414     0.2500  1.000e-12  0.2220000     7.4085     7.4054    -0.0031     5.8612     5.8585     30.217     30.911      0.906    1435.76    1435.78  0.000e+00
      45581     31.000     4.7725     4.7777     0.0054    0.79821    0.79800          1     6.7665     5.2089      91.91     0.3336     0.2511  1.000e-12  0.2222000     7.4055     7.4023    -0.0033     5.8636     5.8609     30.713     31.417      0.791    1435.19    1435.21  0.000e+00
      45600     31.500     4.6366     4.6462     0.0095    0.79496    0.79493          1     6.9529     5.2193      75.71     0.3340     0.2185  1.000e-12  0.2224000     7.4034     7.4009    -0.0024     5.8667     5.8645     31.208     31.923      0.507    1434.60    1434.63  0.000e+00
      45658     32.000     4.8783     4.9348     0.0560    0.80213    0.80330          1     6.7951     5.2344      49.86     0.3559     0.2324  1.000e-12  0.2122000     7.4208     7.4198    -0.0010     5.8716     5.8688     31.703     32.429      0.361    1435.69    1435.94  0.000e+00
      45684     32.500     4.4796     4.5310     0.0513    0.79210    0.79320          1     6.8242     5.2158      37.35     0.3639     0.2516  1.000e-12  0.2055000     7.4098     7.4093    -0.0005     5.8770     5.8749     32.199     32.936      0.786    1433.92    1434.15  0.000e+00
      45696     33.000     4.3030     4.3156     0.0126    0.78757    0.78779          1     6.9048     5.1899      76.50     0.2978     0.2439  1.000e-12  0.2172000     7.4038     7.4032    -0.0007     5.8775     5.8767     32.694     33.442      1.000    1433.13    1433.19  0.000e+00
      45707     33.500     4.0838     4.0849     0.0018    0.78261    0.78243          1     6.9786     5.1749      76.74     0.2981     0.2356  1.000e-12  0.2176000     7.4030     7.4009    -0.0021     5.8830     5.8813     33.189     33.948      1.104    1432.16    1432.16  0.000e+00
      45717     34.000     4.1049     4.1135     0.0081    0.78403    0.78416          1     7.0373     5.1669      76.32     0.2801     0.2343  1.000e-12  0.2302000     7.4125     7.4119    -0.0006     5.8900     5.8893     33.685     34.455      1.101    1432.27    1432.31  0.000e+00
      45728     34.500     4.1269     4.1338     0.0067    0.78492    0.78494          1     7.0713     5.1361      75.76     0.2727     0.1646  1.000e-12  0.2362000     7.4166     7.4152    -0.0014     5.8926     5.8914     34.180     34.961      0.965    1432.39    1432.42  0.000e+00
      45744     35.000     4.1225     4.1196    -0.0029    0.78507    0.78487          1     7.0772     5.1483      75.03     0.2575     0.1607  1.000e-12  0.2397000     7.4190     7.4176    -0.0014     5.8947     5.8936     34.675     35.467      0.595    1432.38    1432.36  0.000e+00
      45811     35.500     4.2399     4.4165     0.1763    0.78851    0.79205          1     6.9818     5.0915      74.07     0.2558     0.2622  1.000e-12  0.1938000     7.4272     7.4231    -0.0041     5.8980     5.8894     35.171     35.974      0.403    1432.92    1433.71  0.000e+00
      45829     36.000     3.9417     3.8132    -0.1289    0.78124    0.77806          1     7.0583     5.0818      73.94     0.2738     0.2369  1.000e-12  0.2044000     7.4209     7.4176    -0.0033     5.9004     5.9010     35.666     36.480      0.810    1431.58    1431.00  0.000e+00
      45842     36.500     3.8540     3.8572     0.0031    0.78086    0.78074          1     7.0687     5.0723      73.54     0.2539     0.2228  1.000e-12  0.2144000     7.4369     7.4349    -0.0020     5.9155     5.9138     36.161     36.986      0.941    1431.21    1431.23  0.000e+00
      45854     37.000     4.0651     4.0668     0.0018    0.78774    0.78761          1     7.0137     5.0434      73.30     0.2275     0.2279  1.000e-12  0.2231000     7.4589     7.4572    -0.0016     5.9279     5.9265     36.657     37.492      0.934    1432.20    1432.21  0.000e+00
      45867     37.500     4.0676     4.0693     0.0017    0.78828    0.78818          1     6.9319     5.0159      72.58     0.2447     0.2363  1.000e-12  0.2319000     7.4637     7.4623    -0.0014     5.9316     5.9305     37.152     37.999      0.795    1432.23    1432.23  0.000e+00
      45886     38.000     4.0411     4.0443     0.0032    0.78817    0.78811          1     6.8892     5.0086      71.87     0.2577     0.2466  1.000e-12  0.2369000     7.4687     7.4672    -0.0014     5.9362     5.9350     37.647     38.505      0.514    1432.12    1432.14  0.000e+00
      45919     38.500     4.0116     4.0145     0.0029    0.78885    0.78880          1     6.8472     4.9768      71.13     0.2439     0.1816  1.000e-12  0.2321000     7.4822     7.4810    -0.0012     5.9478     5.9467     38.143     39.011      0.368    1432.02    1432.03  0.000e+00
      45946     39.000     4.0908     4.0936     0.0028    0.79273    0.79266          1     6.7585     4.9361      70.67     0.2594     0.2523  1.000e-12  0.2379000     7.5035     7.5022    -0.0013     5.9626     5.9615     38.638     39.517      0.573    1432.41    1432.42  0.000e+00
      45964     39.500     4.0657     4.0683     0.0026    0.79287    0.79283          1     6.7143     4.9135      70.39     0.2583     0.2390  1.000e-12  0.2401000     7.5107     7.5097    -0.0010     5.9690     5.9681     39.133     40.024      0.657    1432.31    1432.32  0.000e+00
      45982     40.000     4.0522     4.0545     0.0023    0.79297    0.79294          1     6.6950     4.9062      69.88     0.2421     0.2320  1.000e-12  0.2539000     7.5147     7.5139    -0.0008     5.9725     5.9718     39.628     40.530      0.615    1432.26    1432.27  0.000e+00
      46004     40.500     4.0433     4.0458     0.0025    0.79334    0.79329          1     6.6860     4.9084      69.23     0.2610     0.2274  1.000e-12  0.2479000     7.5204     7.5194    -0.0010     5.9773     5.9764     40.124     41.036      0.517    1432.24    1432.25  0.000e+00
      46029     41.000     4.0319     4.0345     0.0026    0.79363    0.79360          1     6.6734     4.8925      63.80     0.2845     0.2533  1.000e-12  0.2423000     7.5259     7.5250    -0.0009     5.9820     5.9812     40.619     41.542      0.511    1432.20    1432.21  0.000e+00
      46051     41.500     4.0159     4.0182     0.0023    0.79385    0.79381          1     6.6575     4.8650      66.02     0.2510     0.2805  1.000e-12  0.2500000     7.5317     7.5309    -0.0008     5.9870     5.9863     41.114     42.049      0.611    1432.15    1432.16  0.000e+00
      46069     42.000     3.9704     3.9731     0.0027    0.79352    0.79349          1     6.6613     4.8481      15.70     0.2446     0.2145  1.000e-12  0.2520000     7.5388     7.5379    -0.0009     5.9938     5.9929     41.610     42.555      0.692    1431.96    1431.97  0.000e+00
      46085     42.500     3.9495     3.9521     0.0026    0.79337    0.79333          1     6.6654     4.8204      66.25     0.2503     0.2000  1.000e-12  0.2472000     7.5421     7.5411    -0.0010     5.9969     5.9960     42.105     43.061      0.697    1431.88    1431.89  0.000e+00
      46103     43.000     3.9434     3.9463     0.0029    0.79355    0.79352          1     6.6745     4.8010      66.58     0.2511     0.2358  1.000e-12  0.2474000     7.5452     7.5443    -0.0010     5.9995     5.9987     42.600     43.567      0.590    1431.86    1431.87  0.000e+00
      46130     43.500     3.9335     3.9363     0.0029    0.79384    0.79382          1     6.6801     4.7850      66.01     0.2600     0.2381  1.000e-12  0.2530000     7.5504     7.5495    -0.0009     6.0038     6.0031     43.096     44.074      0.395    1431.83    1431.84  0.000e+00
      46163     44.000     3.9625     3.9629     0.0004    0.79560    0.79554          1     6.6852     4.7608      65.44     0.2630     0.1962  1.000e-12  0.2527000     7.5616     7.5610    -0.0007     6.0121     6.0115     43.591     44.580      0.430    1431.98    1431.98  0.000e+00
      46186     44.500     3.9688     3.9708     0.0020    0.79642    0.79639          1     6.6551     4.7364      65.02     0.2622     0.2671  1.000e-12  0.2410000     7.5685     7.5676    -0.0009     6.0174     6.0167     44.086     45.086      0.629    1432.03    1432.04  0.000e+00
      46203     45.000     3.9598     3.9627     0.0030    0.79678    0.79675          1     6.6111     4.7203      64.59     0.2456     0.1972  1.000e-12  0.2590000     7.5742     7.5731    -0.0010     6.0221     6.0212     44.581     45.592      0.735    1432.00    1432.02  0.000e+00
      46218     45.500     3.9368     3.9400     0.0031    0.79709    0.79705          1     6.5634     4.7059      64.39     0.2383     0.1974  1.000e-12  0.2640000     7.5825     7.5815    -0.0010     6.0293     6.0284     45.077     46.098      0.757    1431.92    1431.93  0.000e+00
      46234     46.000     3.9273     3.9294     0.0021    0.79771    0.79766          1     6.5041     4.6898      63.86     0.2300     0.2081  1.000e-12  0.2417000     7.5911     7.5901    -0.0010     6.0363     6.0355     45.572     46.605      0.705    1431.89    1431.90  0.000e+00
      46253     46.500     3.9312     3.9335     0.0023    0.79872    0.79869          1     6.4490     4.6734      62.95     0.2369     0.2277  1.000e-12  0.2428000     7.6004     7.5995    -0.0009     6.0436     6.0429     46.067     47.111      0.605    1431.93    1431.94  0.000e+00
      46275     47.000     3.9258     3.9280     0.0022    0.79922    0.79918          1     6.4013     4.6541      62.44     0.2335     0.2196  1.000e-12  0.2434000     7.6067     7.6058    -0.0010     6.0488     6.0480     46.563     47.617      0.497    1431.92    1431.93  0.000e+00
      46303     47.500     3.9370     3.9389     0.0020    0.80042    0.80035          1     6.3589     4.6364      61.55     0.2347     0.1996  1.000e-12  0.2496000     7.6163     7.6151    -0.0012     6.0562     6.0551     47.058     48.123      0.376    1431.99    1432.00  0.000e+00
      46341     48.000     3.9513     3.9524     0.0011    0.80222    0.80209          1     6.2998     4.6136      61.04     0.2366     0.1934  1.000e-12  0.2406000     7.6313     7.6297    -0.0016     6.0677     6.0664     47.553     48.629      0.329    1432.09    1432.09  0.000e+00
      46370     48.500     3.9672     3.9697     0.0025    0.80432    0.80427          1     6.2501     4.5929      59.86     0.2231     0.1368  1.000e-12  0.2550000     7.6489     7.6478    -0.0011     6.0813     6.0804     48.049     49.136      0.587    1432.19    1432.20  0.000e+00
      46387     49.000     3.9538     3.9554     0.0016    0.80515    0.80509          1     6.1815     4.5666      60.05     0.2547     0.2214  1.000e-12  0.2589000     7.6605     7.6595    -0.0010     6.0909     6.0901     48.544     49.642      0.794    1432.15    1432.16  0.000e+00
      46401     49.500     3.9879     3.9871    -0.0007    0.80720    0.80708          1     6.1157     4.5500      59.89     0.2377     0.2244  1.000e-12  0.2607000     7.6734     7.6723    -0.0011     6.1003     6.0994     49.039     50.148      0.903    1432.33    1432.32  0.000e+00
      46413     50.000     3.9961     3.9994     0.0034    0.80845    0.80839          1     6.0576     4.5383      59.47     0.2177     0.2503  1.000e-12  0.2647000     7.6842     7.6827    -0.0014     6.1086     6.1074     49.534     50.654      0.917    1432.39    1432.40  0.000e+00
      46426     50.500     3.9142     3.9233     0.0089    0.80875    0.80875          1     6.0109     4.5279      59.03     0.2323     0.2417  1.000e-12  0.2685000     7.7065     7.7044    -0.0021     6.1284     6.1265     50.030     51.160      0.833    1432.05    1432.09  0.000e+00
      46443     51.000     3.8748     3.8771     0.0023    0.80891    0.80888          1     5.9549     4.5212      58.43     0.2555     0.2087  1.000e-12  0.2726000     7.7174     7.7165    -0.0008     6.1380     6.1372     50.525     51.667      0.623    1431.90    1431.91  0.000e+00
      46474     51.500     3.8941     3.8951     0.0011    0.81031    0.81032          1     5.8816     4.4966      57.48     0.2485     0.2307  1.000e-12  0.2527000     7.7271     7.7270    -0.0001     6.1452     6.1451     51.020     52.173      0.318    1432.01    1432.01  0.000e+00
      46513     52.000     3.9136     3.9149     0.0014    0.81237    0.81226          1     5.8313     4.4613      56.88     0.2566     0.2236  1.000e-12  0.2580000     7.7435     7.7420    -0.0015     6.1578     6.1566     51.515     52.679      0.440    1432.12    1432.13  0.000e+00
      46535     52.500     3.9625     3.9635     0.0010    0.81547    0.81529          1     5.7027     4.4273      55.96     0.2449     0.2491  1.000e-12  0.2612000     7.7636     7.7614    -0.0022     6.1726     6.1708     52.011     53.185      0.581    1432.38    1432.38  0.000e+00
      46554     53.000     4.0035     4.0067     0.0032    0.82041    0.82032          1     5.5598     4.3964      55.95     0.2559     0.2596  1.000e-12  0.2673000     7.8043     7.8025    -0.0017     6.2038     6.2023     52.506     53.691      0.635    1432.62    1432.63  0.000e+00
      46573     53.500     3.9712     3.9729     0.0017    0.82416    0.82403          1     5.3922     4.3698      55.59     0.2657     0.2078  1.000e-12  0.2660000     7.8503     7.8485    -0.0017     6.2412     6.2398     53.001     54.197      0.690    1432.54    1432.55  0.000e+00
      46589     54.000     4.0358     4.0375     0.0018    0.83173    0.83158          1     5.1495     4.3514      55.29     0.2463     0.2238  1.000e-12  0.2602000     7.9121     7.9102    -0.0019     6.2886     6.2870     53.497     54.703      0.763    1432.92    1432.93  0.000e+00
      46604     54.500     4.0929     4.0902    -0.0026    0.84319    0.84282          1     4.8329     4.3379      54.85     0.2473     0.2364  1.000e-12  0.2702000     8.0153     8.0121    -0.0031     6.3690     6.3666     53.992     55.209      0.799    1433.32    1433.30  0.000e+00
      46619     55.000     4.1771     4.1763    -0.0008    0.85967    0.85897          1     4.4371     4.3209      54.44     0.2449     0.2461  1.000e-12  0.2921000     8.1628     8.1558    -0.0070     6.4837     6.4782     54.487     55.715      0.744    1433.90    1433.88  0.000e+00
      46637     55.500     4.2151     4.2129    -0.0022    0.86948    0.86876          1     3.9536     4.3032      53.73     0.2709     0.2607  1.000e-12  0.3128000     8.2534     8.2466    -0.0068     6.5545     6.5491     54.982     56.221      0.529    1434.19    1434.17  0.000e+00
      46678     56.000     4.2435     4.2584     0.0149    0.87563    0.87797          1     3.4240     4.2582      52.87     0.2790     0.2237  1.000e-12  0.3057000     8.3089     8.3291     0.0202     6.5977     6.6132     55.478     56.727      0.275    1434.39    1434.49  0.000e+00
      46714     56.500     4.3004     4.3019     0.0016    0.88820    0.88777          1     3.0194     4.1992      52.41     0.2934     0.2028  1.000e-12  0.3072000     8.4227     8.4179    -0.0048     6.6862     6.6823     55.973     57.233      0.571    1434.80    1434.80  0.000e+00
      46731     57.000     4.3364     4.3362    -0.0002    0.89789    0.89750          1     2.6883     4.1775      53.09     0.2895     0.2350  1.000e-12  0.3171000     8.5122     8.5083    -0.0039     6.7559     6.7528     56.468     57.739      0.791    1435.09    1435.08  0.000e+00
