ctdpy/tests/etc/all_smhi_bas_2018/SBE09_0827_20181010_1222_26_01_1060.cnv
* Sea-Bird SBE 9 Data File:
* FileName = D:\CTD_SBE911\DAT\26DA.2018.10.60.hex
* Software Version Seasave V 7.21d
* Temperature SN = 4548
* Conductivity SN = 3062
* Number of Bytes Per Scan = 48
* Number of Voltage Words = 5
* Number of Scans Averaged by the Deck Unit = 1
* NMEA Latitude = 57 47.79 N
* NMEA Longitude = 019 32.50 E
* NMEA UTC (Time) = Oct 10 2018  12:24:55
* NMEA baud rate = 4800
** Ship: DANA
** Average sound velocity: 1445.68 m/s
** True-depth calculation Thu, 28 Mar 2019 12:23:40 +0000
** CTD Python Module SMHI /ver 3-12/ feb 2012 
** LIMS Job: 20182601-1060
** Operator: Christian
** Cruise: 10/2018
# nquan = 26
# nvalues = 168                         
# units = specified
# name 0 = scan: Scan Count
# name 1 = prDM: Pressure, Digiquartz [db]
# name 2 = t090C: Temperature [ITS-90, deg C]
# name 3 = t190C: Temperature, 2 [ITS-90, deg C]
# name 4 = T2-T190C: Temperature Difference, 2 - 1 [ITS-90, deg C]
# name 5 = c0S/m: Conductivity [S/m]
# name 6 = c1S/m: Conductivity, 2 [S/m]
# name 7 = pumps: Pump Status
# name 8 = sbeox1ML/L: Oxygen, SBE 43, 2 [ml/l]
# name 9 = sbeox0ML/L: Oxygen, SBE 43 [ml/l]
# name 10 = altM: Altimeter [m]
# name 11 = chloroflTC0: Chlorophyll, Turner Cyclops [ug/l]
# name 12 = cpar: CPAR/Corrected Irradiance [%]
# name 13 = par: PAR/Irradiance, Biospherical/Lico [µE/(cm^2*s)]
# name 14 = spar: SPAR, Biospherical/Licor
# name 15 = sal00: Salinity, Practical [PSU]
# name 16 = sal11: Salinity, Practical, 2 [PSU]
# name 17 = secS-priS: Salinity, Practical, Difference, 2 - 1 [PSU]
# name 18 = sigma-t00: Density [sigma-t, kg/m^3 ]
# name 19 = sigma-t11: Density, 2 [sigma-t, kg/m^3 ]
# name 20 = depSM: Depth [salt water, m], lat = 57.7965
# name 21 = depFM: Depth [true depth, m], lat = 57.7965
# name 22 = dz/dtM: Descent Rate [m/s], WS = 2
# name 23 = svCM: Sound Velocity [Chen-Millero, m/s]
# name 24 = svCM1: Sound Velocity, 2 [Chen-Millero, m/s]
# name 25 = flag: flag
# span 0 =         38,       9243       
# span 1 =      1.000,     84.500       
# span 2 =     3.4541,    11.9762       
# span 3 =     3.4708,    11.9767       
# span 4 =    -0.3873,     0.0313       
# span 5 =   0.770824,   1.117947       
# span 6 =   0.771574,   1.117893       
# span 7 =          1,          1       
# span 8 =     0.0614,     7.7620       
# span 9 =     0.0576,     7.2980       
# span 10 =       1.18,      10.00      
# span 11 =     0.0158,     0.0276      
# span 12 = 3.3959e-13, 9.9357e+00      
# span 13 = 1.0000e-12, 2.9459e+01      
# span 14 = 2.7719e+02, 2.9650e+02      
# span 15 =     6.7731,    10.3410      
# span 16 =     6.7731,    10.3401      
# span 17 =    -0.1366,     0.0490      
# span 18 =     4.7586,     8.1392      
# span 19 =     4.7586,     8.1384      
# span 20 =      0.991,     83.701      
# span 21 =      1.014,     85.560      
# span 22 =     -0.011,      0.514      
# span 23 =    1429.66,    1463.22      
# span 24 =    1429.75,    1463.22      
# span 25 = 0.0000e+00, 0.0000e+00      
# interval = decibars: 0.5              
# start_time = Oct 10 2018 12:24:55 [NMEA time, first data scan]
# bad_flag = -9.990e-29
*END*
         38      1.000    11.9662    11.9697     0.0036    0.88780    0.88789          1     6.9811     6.5449       9.99     0.0276  9.936e+00  2.946e+01  2.965e+02     6.7740     6.7742     0.0001     4.7607     4.7603      0.991      1.014      0.163    1463.12    1463.14  0.000e+00
         87      1.500    11.9615    11.9637     0.0023    0.88779    0.88782          1     6.9873     6.5477       9.99     0.0259  8.175e+00  2.424e+01  2.965e+02     6.7748     6.7746    -0.0001     4.7619     4.7615      1.486      1.521      0.283    1463.11    1463.12  0.000e+00
        248      2.000    11.9661    11.9675     0.0014    0.88784    0.88787          1     6.9960     6.5473       9.99     0.0269  6.988e+00  2.072e+01  2.965e+02     6.7744     6.7743    -0.0001     4.7610     4.7607      1.981      2.027      0.199    1463.14    1463.14  0.000e+00
        318      2.500    11.9638    11.9659     0.0021    0.88783    0.88786          1     6.9953     6.5434       9.99     0.0261  5.991e+00  1.776e+01  2.965e+02     6.7746     6.7745    -0.0001     4.7614     4.7611      2.477      2.534      0.264    1463.14    1463.14  0.000e+00
        355      3.000    11.9723    11.9698    -0.0025    0.88792    0.88790          1     6.9975     6.5431      10.00     0.0259  5.221e+00  1.548e+01  2.965e+02     6.7737     6.7740     0.0003     4.7597     4.7602      2.972      3.041      0.353    1463.18    1463.17  0.000e+00
        393      3.500    11.9693    11.9710     0.0017    0.88789    0.88791          1     6.9951     6.5538      10.00     0.0269  4.339e+00  1.287e+01  2.965e+02     6.7740     6.7739    -0.0001     4.7603     4.7600      3.468      3.548      0.238    1463.17    1463.18  0.000e+00
        458      4.000    11.9738    11.9720    -0.0018    0.88793    0.88793          1     6.9984     6.5499      10.00     0.0267  3.799e+00  1.127e+01  2.965e+02     6.7735     6.7738     0.0003     4.7593     4.7598      3.963      4.055      0.273    1463.20    1463.19  0.000e+00
        493      4.500    11.9722    11.9728     0.0006    0.88791    0.88793          1     7.0049     6.5551      10.00     0.0260  3.328e+00  9.869e+00  2.965e+02     6.7736     6.7736     0.0000     4.7595     4.7595      4.458      4.562      0.333    1463.20    1463.20  0.000e+00
        543      5.000    11.9762    11.9767     0.0006    0.88794    0.88797          1     6.9952     6.5604       9.99     0.0268  2.826e+00  8.380e+00  2.965e+02     6.7731     6.7731     0.0001     4.7586     4.7586      4.954      5.069      0.223    1463.22    1463.22  0.000e+00
        605      5.500    11.9736    11.9713    -0.0023    0.88795    0.88793          1     6.9987     6.5620       9.99     0.0269  2.541e+00  7.535e+00  2.965e+02     6.7735     6.7738     0.0002     4.7593     4.7598      5.449      5.575      0.309    1463.22    1463.21  0.000e+00
        642      6.000    11.9675    11.9709     0.0034    0.88788    0.88792          1     6.9951     6.5573       9.99     0.0262  2.198e+00  6.518e+00  2.965e+02     6.7740     6.7738    -0.0002     4.7605     4.7599      5.944      6.082      0.279    1463.21    1463.22  0.000e+00
        694      6.500    11.9629    11.9658     0.0029    0.88784    0.88788          1     6.9912     6.5522       9.99     0.0260  1.851e+00  5.488e+00  2.965e+02     6.7744     6.7743    -0.0002     4.7614     4.7609      6.440      6.589      0.216    1463.20    1463.21  0.000e+00
        746      7.000    11.9613    11.9633     0.0020    0.88784    0.88786          1     6.9842     6.5421       9.99     0.0256  1.613e+00  4.782e+00  2.965e+02     6.7747     6.7745    -0.0002     4.7618     4.7614      6.935      7.096      0.258    1463.20    1463.21  0.000e+00
        791      7.500    11.9512    11.9591     0.0079    0.88773    0.88783          1     6.9781     6.5435       9.99     0.0255  1.420e+00  4.209e+00  2.965e+02     6.7756     6.7750    -0.0006     4.7638     4.7623      7.430      7.603      0.237    1463.17    1463.20  0.000e+00
        852      8.000    11.9444    11.9501     0.0057    0.88765    0.88774          1     6.9701     6.5440       9.99     0.0255  1.225e+00  3.631e+00  2.965e+02     6.7761     6.7758    -0.0004     4.7652     4.7641      7.926      8.110      0.215    1463.15    1463.18  0.000e+00
        899      8.500    11.9408    11.9455     0.0047    0.88760    0.88769          1     6.9678     6.5429       9.99     0.0244  1.053e+00  3.123e+00  2.965e+02     6.7763     6.7762    -0.0001     4.7658     4.7651      8.421      8.617      0.289    1463.15    1463.17  0.000e+00
        946      9.000    11.9361    11.9405     0.0044    0.88754    0.88762          1     6.9795     6.5346       9.99     0.0244  9.317e-01  2.763e+00  2.965e+02     6.7766     6.7765    -0.0001     4.7666     4.7659      8.917      9.123      0.229    1463.14    1463.16  0.000e+00
        996      9.500    11.9309    11.9360     0.0052    0.88746    0.88756          1     6.9698     6.5341       9.99     0.0244  8.184e-01  2.427e+00  2.965e+02     6.7769     6.7768    -0.0001     4.7675     4.7667      9.412      9.630      0.252    1463.13    1463.15  0.000e+00
       1051     10.000    11.9262    11.9296     0.0034    0.88740    0.88746          1     6.9636     6.5371       9.99     0.0244  6.924e-01  2.053e+00  2.965e+02     6.7771     6.7771    -0.0001     4.7683     4.7678      9.907     10.137      0.215    1463.12    1463.13  0.000e+00
       1096     10.500    11.9227    11.9261     0.0034    0.88734    0.88741          1     6.9660     6.5323       9.99     0.0242  6.178e-01  1.832e+00  2.965e+02     6.7772     6.7772    -0.0000     4.7688     4.7684     10.403     10.644      0.334    1463.12    1463.13  0.000e+00
       1134     11.000    11.9193    11.9219     0.0027    0.88726    0.88734          1     6.9710     6.5333       9.98     0.0243  5.373e-01  1.593e+00  2.965e+02     6.7771     6.7774     0.0002     4.7692     4.7690     10.898     11.151      0.227    1463.11    1463.12  0.000e+00
       1206     11.500    11.9205    11.9200    -0.0005    0.88728    0.88728          1     6.9707     6.5311       9.98     0.0244  4.669e-01  1.385e+00  2.965e+02     6.7770     6.7772     0.0001     4.7689     4.7691     11.393     11.658      0.306    1463.12    1463.12  0.000e+00
       1237     12.000    11.9218    11.9194    -0.0025    0.88731    0.88728          1     6.9780     6.5336       9.98     0.0244  4.099e-01  1.215e+00  2.965e+02     6.7770     6.7772     0.0002     4.7687     4.7692     11.889     12.165      0.361    1463.14    1463.13  0.000e+00
       1280     12.500    11.9151    11.9213     0.0061    0.88720    0.88732          1     6.9728     6.5424       9.98     0.0244  3.553e-01  1.054e+00  2.965e+02     6.7773     6.7771    -0.0002     4.7698     4.7689     12.384     12.671      0.229    1463.12    1463.14  0.000e+00
       1332     13.000    11.9118    11.9183     0.0065    0.88715    0.88728          1     6.9684     6.5426       9.98     0.0245  3.145e-01  9.324e-01  2.965e+02     6.7774     6.7773    -0.0002     4.7704     4.7694     12.879     13.178      0.268    1463.12    1463.14  0.000e+00
       1384     13.500    11.9012    11.9094     0.0082    0.88698    0.88714          1     6.9666     6.5360       9.98     0.0245  2.663e-01  7.896e-01  2.965e+02     6.7779     6.7777    -0.0002     4.7721     4.7709     13.375     13.685      0.209    1463.09    1463.12  0.000e+00
       1433     14.000    11.8983    11.9023     0.0040    0.88693    0.88701          1     6.9781     6.5359       9.98     0.0243  2.325e-01  6.887e-01  2.962e+02     6.7779     6.7779    -0.0000     4.7725     4.7720     13.870     14.192      0.340    1463.08    1463.10  0.000e+00
       1467     14.500    11.8969    11.8990     0.0021    0.88690    0.88695          1     6.9779     6.5324       9.98     0.0241  1.960e-01  5.807e-01  2.963e+02     6.7779     6.7780     0.0001     4.7727     4.7725     14.365     14.699      0.294    1463.09    1463.09  0.000e+00
       1531     15.000    11.8973    11.8979     0.0006    0.88693    0.88694          1     6.9665     6.5319       9.98     0.0244  1.707e-01  5.043e-01  2.954e+02     6.7780     6.7780     0.0000     4.7727     4.7726     14.861     15.206      0.237    1463.10    1463.10  0.000e+00
       1575     15.500    11.8953    11.8967     0.0014    0.88688    0.88693          1     6.9570     6.5302       9.97     0.0243  1.473e-01  4.342e-01  2.948e+02     6.7779     6.7781     0.0001     4.7729     4.7728     15.356     15.712      0.371    1463.10    1463.10  0.000e+00
       1606     16.000    11.8911    11.8938     0.0027    0.88681    0.88687          1     6.9687     6.5263       9.97     0.0233  1.173e-01  3.472e-01  2.960e+02     6.7780     6.7781     0.0000     4.7735     4.7732     15.851     16.219      0.339    1463.09    1463.10  0.000e+00
       1653     16.500    11.8896    11.8911     0.0015    0.88679    0.88683          1     6.9699     6.5350       9.97     0.0240  9.691e-02  2.868e-01  2.959e+02     6.7781     6.7782     0.0000     4.7738     4.7736     16.347     16.726      0.222    1463.09    1463.10  0.000e+00
       1704     17.000    11.8885    11.8898     0.0013    0.88678    0.88681          1     6.9661     6.5359       9.97     0.0242  8.328e-02  2.453e-01  2.946e+02     6.7782     6.7782    -0.0000     4.7740     4.7738     16.842     17.233      0.240    1463.10    1463.10  0.000e+00
       1762     17.500    11.8882    11.8886     0.0005    0.88679    0.88679          1     6.9649     6.5334       9.97     0.0244  6.607e-02  1.947e-01  2.946e+02     6.7782     6.7783     0.0000     4.7741     4.7740     17.337     17.740      0.235    1463.10    1463.10  0.000e+00
       1800     18.000    11.8873    11.8886     0.0014    0.88676    0.88680          1     6.9717     6.5338       9.97     0.0237  5.160e-02  1.520e-01  2.945e+02     6.7782     6.7783     0.0001     4.7741     4.7740     17.833     18.247      0.394    1463.11    1463.11  0.000e+00
       1831     18.500    11.8851    11.8868     0.0018    0.88672    0.88677          1     6.9671     6.5336       9.97     0.0234  3.486e-02  1.027e-01  2.945e+02     6.7782     6.7783     0.0001     4.7744     4.7743     18.328     18.754      0.315    1463.11    1463.11  0.000e+00
       1898     19.000    11.8853    11.8857     0.0004    0.88674    0.88675          1     6.9673     6.5327       9.97     0.0242  2.834e-02  8.345e-02  2.945e+02     6.7782     6.7782     0.0000     4.7744     4.7744     18.823     19.260      0.286    1463.12    1463.12  0.000e+00
       1935     19.500    11.8843    11.8852     0.0009    0.88672    0.88674          1     6.9625     6.5192       9.97     0.0238  1.864e-02  5.489e-02  2.945e+02     6.7782     6.7782     0.0000     4.7745     4.7744     19.319     19.767      0.429    1463.12    1463.12  0.000e+00
       1965     20.000    11.8833    11.8838     0.0005    0.88670    0.88672          1     6.9658     6.5267       9.97     0.0236  3.248e-03  9.566e-03  2.945e+02     6.7782     6.7782     0.0001     4.7746     4.7746     19.814     20.274      0.300    1463.12    1463.13  0.000e+00
       2040     20.500    11.8821    11.8827     0.0006    0.88668    0.88670          1     6.9701     6.5302       9.97     0.0244  2.133e-04  6.279e-04  2.945e+02     6.7782     6.7782     0.0000     4.7748     4.7748     20.309     20.781      0.291    1463.13    1463.13  0.000e+00
       2074     21.000    11.8805    11.8822     0.0017    0.88664    0.88670          1     6.9693     6.5327       9.97     0.0237  3.396e-13  1.000e-12  2.945e+02     6.7781     6.7783     0.0002     4.7749     4.7748     20.805     21.288      0.434    1463.13    1463.14  0.000e+00
       2103     21.500    11.8779    11.8803     0.0024    0.88658    0.88665          1     6.9702     6.5355       9.97     0.0239  3.396e-13  1.000e-12  2.945e+02     6.7780     6.7782     0.0001     4.7752     4.7751     21.300     21.795      0.340    1463.13    1463.14  0.000e+00
       2167     22.000    11.8754    11.8771     0.0018    0.88654    0.88658          1     6.9746     6.5301       9.97     0.0245  3.396e-13  1.000e-12  2.945e+02     6.7781     6.7781     0.0000     4.7756     4.7754     21.795     22.301      0.240    1463.13    1463.13  0.000e+00
       2214     22.500    11.8749    11.8757     0.0008    0.88653    0.88655          1     6.9671     6.5311       9.97     0.0239  3.396e-13  1.000e-12  2.945e+02     6.7781     6.7781     0.0001     4.7756     4.7756     22.291     22.808      0.386    1463.13    1463.14  0.000e+00
       2243     23.000    11.8743    11.8751     0.0009    0.88652    0.88655          1     6.9682     6.5317       9.97     0.0235  3.396e-13  1.000e-12  2.945e+02     6.7781     6.7781     0.0001     4.7757     4.7757     22.786     23.315      0.352    1463.14    1463.14  0.000e+00
       2298     23.500    11.8731    11.8744     0.0013    0.88651    0.88654          1     6.9756     6.5349       9.97     0.0245  3.396e-13  1.000e-12  2.945e+02     6.7781     6.7781     0.0001     4.7759     4.7758     23.281     23.822      0.228    1463.14    1463.15  0.000e+00
       2347     24.000    11.8719    11.8735     0.0016    0.88649    0.88653          1     6.9689     6.5386       9.97     0.0242  3.396e-13  1.000e-12  2.945e+02     6.7781     6.7782     0.0001     4.7761     4.7759     23.777     24.329      0.325    1463.15    1463.15  0.000e+00
       2386     24.500    11.8695    11.8722     0.0027    0.88643    0.88650          1     6.9671     6.5317       9.97     0.0243  3.396e-13  1.000e-12  2.945e+02     6.7780     6.7781     0.0001     4.7763     4.7760     24.272     24.836      0.275    1463.15    1463.16  0.000e+00
       2430     25.000    11.8671    11.8708     0.0036    0.88638    0.88647          1     6.9688     6.5336       9.97     0.0243  3.396e-13  1.000e-12  2.945e+02     6.7780     6.7781     0.0001     4.7766     4.7762     24.767     25.343      0.303    1463.15    1463.16  0.000e+00
       2467     25.500    11.8633    11.8664     0.0031    0.88629    0.88637          1     6.9628     6.5322       9.97     0.0243  3.396e-13  1.000e-12  2.945e+02     6.7779     6.7780     0.0001     4.7770     4.7767     25.263     25.849      0.307    1463.14    1463.15  0.000e+00
       2515     26.000    11.8591    11.8631     0.0039    0.88617    0.88628          1     6.9661     6.5321       9.97     0.0246  3.396e-13  1.000e-12  2.945e+02     6.7776     6.7779     0.0002     4.7774     4.7770     25.758     26.356      0.200    1463.13    1463.15  0.000e+00
       2576     26.500    11.8566    11.8590     0.0024    0.88612    0.88619          1     6.9718     6.5332       9.97     0.0249  3.396e-13  1.000e-12  2.945e+02     6.7776     6.7777     0.0001     4.7776     4.7774     26.253     26.863      0.298    1463.13    1463.14  0.000e+00
       2607     27.000    11.8539    11.8553     0.0014    0.88606    0.88610          1     6.9701     6.5345       9.97     0.0238  3.396e-13  1.000e-12  2.945e+02     6.7776     6.7777     0.0001     4.7780     4.7778     26.748     27.370      0.363    1463.13    1463.13  0.000e+00
       2654     27.500    11.8464    11.8508     0.0043    0.88589    0.88599          1     6.9727     6.5348       9.97     0.0243  3.396e-13  1.000e-12  2.945e+02     6.7774     6.7775     0.0000     4.7788     4.7783     27.244     27.877      0.225    1463.11    1463.12  0.000e+00
       2706     28.000    11.8379    11.8401     0.0022    0.88581    0.88584          1     6.9758     6.5363       9.97     0.0239  3.396e-13  1.000e-12  2.945e+02     6.7783     6.7782    -0.0001     4.7806     4.7802     27.739     28.384      0.345    1463.09    1463.09  0.000e+00
