ctdpy/tests/etc/all_smhi_bas_2018/SBE09_0827_20181010_0719_26_01_1058.cnv
* Sea-Bird SBE 9 Data File:
* FileName = D:\CTD_SBE911\DAT\26DA.2018.10.58.hex
* Software Version Seasave V 7.21d
* Temperature SN = 4548
* Conductivity SN = 3062
* Number of Bytes Per Scan = 48
* Number of Voltage Words = 5
* Number of Scans Averaged by the Deck Unit = 1
* NMEA Latitude = 58 08.71 N
* NMEA Longitude = 019 33.41 E
* NMEA UTC (Time) = Oct 10 2018  07:21:50
* NMEA baud rate = 4800
** Ship: DANA
** Average sound velocity: 1447.07 m/s
** True-depth calculation Thu, 28 Mar 2019 12:23:26 +0000
** CTD Python Module SMHI /ver 3-12/ feb 2012 
** LIMS Job: 20182601-1058
** Operator: Christian
** Cruise: 10/2018
# nquan = 26
# nvalues = 284                         
# units = specified
# name 0 = scan: Scan Count
# name 1 = prDM: Pressure, Digiquartz [db]
# name 2 = t090C: Temperature [ITS-90, deg C]
# name 3 = t190C: Temperature, 2 [ITS-90, deg C]
# name 4 = T2-T190C: Temperature Difference, 2 - 1 [ITS-90, deg C]
# name 5 = c0S/m: Conductivity [S/m]
# name 6 = c1S/m: Conductivity, 2 [S/m]
# name 7 = pumps: Pump Status
# name 8 = sbeox1ML/L: Oxygen, SBE 43, 2 [ml/l]
# name 9 = sbeox0ML/L: Oxygen, SBE 43 [ml/l]
# name 10 = altM: Altimeter [m]
# name 11 = chloroflTC0: Chlorophyll, Turner Cyclops [ug/l]
# name 12 = cpar: CPAR/Corrected Irradiance [%]
# name 13 = par: PAR/Irradiance, Biospherical/Lico [µE/(cm^2*s)]
# name 14 = spar: SPAR, Biospherical/Licor
# name 15 = sal00: Salinity, Practical [PSU]
# name 16 = sal11: Salinity, Practical, 2 [PSU]
# name 17 = secS-priS: Salinity, Practical, Difference, 2 - 1 [PSU]
# name 18 = sigma-t00: Density [sigma-t, kg/m^3 ]
# name 19 = sigma-t11: Density, 2 [sigma-t, kg/m^3 ]
# name 20 = depSM: Depth [salt water, m], lat = 58.1452
# name 21 = depFM: Depth [true depth, m], lat = 58.1452
# name 22 = dz/dtM: Descent Rate [m/s], WS = 2
# name 23 = svCM: Sound Velocity [Chen-Millero, m/s]
# name 24 = svCM1: Sound Velocity, 2 [Chen-Millero, m/s]
# name 25 = flag: flag
# span 0 =         84,      12186       
# span 1 =      2.000,    143.500       
# span 2 =     3.3523,    12.1344       
# span 3 =     3.3627,    12.1333       
# span 4 =    -0.1075,     1.0222       
# span 5 =   0.750028,   1.361343       
# span 6 =   0.752538,   1.359736       
# span 7 =          1,          1       
# span 8 =     0.0375,     7.8140       
# span 9 =     0.0411,     7.3216       
# span 10 =       1.65,      10.03      
# span 11 =     0.0159,     0.0298      
# span 12 = 3.5679e-13, 6.3536e+00      
# span 13 = 1.0000e-12, 1.7290e+01      
# span 14 = 2.6187e+02, 2.8028e+02      
# span 15 =     6.5856,    12.4286      
# span 16 =     6.5857,    12.4139      
# span 17 =    -0.1315,     0.0004      
# span 18 =     4.6031,     9.7168      
# span 19 =     4.6031,     9.7056      
# span 20 =      1.981,    142.119      
# span 21 =      2.028,    145.151      
# span 22 =     -0.096,      0.825      
# span 23 =    1428.81,    1464.11      
# span 24 =    1429.08,    1464.11      
# span 25 = 0.0000e+00, 0.0000e+00      
# interval = decibars: 0.5              
# start_time = Oct 10 2018 07:21:50 [NMEA time, first data scan]
# bad_flag = -9.990e-29
*END*
[from data line 168]
       8049     86.000     5.7535     5.7301    -0.0234    1.12739    1.12248          1     0.0931     0.0780       9.97     0.0169  3.647e-13  1.000e-12  2.742e+02    10.4213    10.3796    -0.0417     8.1999     8.1684     85.184     87.100      0.531    1444.16    1444.01  0.000e+00
       8069     86.500     5.7756     5.7555    -0.0202    1.13136    1.12713          1     0.0884     0.0770       9.97     0.0169  3.647e-13  1.000e-12  2.742e+02    10.4540    10.4181    -0.0359     8.2244     8.1973     85.679     87.605      0.510    1444.31    1444.18  0.000e+00
       8100     87.000     5.7854     5.7630    -0.0224    1.13312    1.12903          1     0.0899     0.0785       9.97     0.0164  3.647e-13  1.000e-12  2.742e+02    10.4685    10.4346    -0.0339     8.2352     8.2098     86.175     88.110      0.269    1444.38    1444.24  0.000e+00
       8177     87.500     5.7972     5.7812    -0.0160    1.13524    1.13241          1     0.0866     0.0754       9.97     0.0170  3.647e-13  1.000e-12  2.742e+02    10.4859    10.4626    -0.0233     8.2482     8.2308     86.670     88.615      0.153    1444.46    1444.36  0.000e+00
       8246     88.000     5.8110     5.7988    -0.0123    1.13816    1.13555          1     0.0863     0.0723       9.97     0.0166  3.647e-13  1.000e-12  2.742e+02    10.5106    10.4884    -0.0222     8.2669     8.2501     87.165     89.121      0.354    1444.55    1444.47  0.000e+00
       8269     88.500     5.8547     5.8090    -0.0456    1.14590    1.13749          1     0.0885     0.0739       9.97     0.0167  3.647e-13  1.000e-12  2.742e+02    10.5741    10.5045    -0.0696     8.3142     8.2621     87.660     89.626      0.528    1444.83    1444.55  0.000e+00
       8300     89.000     5.8988     5.8687    -0.0302    1.15340    1.14744          1     0.0845     0.0722       9.97     0.0167  3.647e-13  1.000e-12  2.742e+02    10.6349    10.5850    -0.0499     8.3595     8.3220     88.155     90.131      0.401    1445.10    1444.91  0.000e+00
       8399     89.500     5.9063     5.9043    -0.0019    1.15451    1.15405          1     0.0814     0.0734       9.97     0.0170  3.647e-13  1.000e-12  2.742e+02    10.6436    10.6396    -0.0040     8.3658     8.3628     88.650     90.636      0.739    1445.15    1445.14  0.000e+00
       8410     90.000     5.9120     5.9062    -0.0059    1.15565    1.15446          1     0.0815     0.0725       9.97     0.0169  3.647e-13  1.000e-12  2.742e+02    10.6530    10.6430    -0.0101     8.3729     8.3654     89.145     91.141      0.802    1445.20    1445.16  0.000e+00
       8426     90.500     5.9412     5.9132    -0.0278    1.16207    1.15573          1     0.0812     0.0716       9.97     0.0170  3.647e-13  1.000e-12  2.742e+02    10.7076    10.6533    -0.0542     8.4141     8.3731     89.641     91.646      0.607    1445.40    1445.21  0.000e+00
       8526     91.000     5.9590     5.9468    -0.0122    1.16535    1.16274          1     0.0756     0.0697       9.97     0.0168  3.641e-13  1.000e-12  2.746e+02    10.7346    10.7125    -0.0221     8.4342     8.4176     90.136     92.151      0.481    1445.52    1445.44  0.000e+00
       8567     91.500     5.9651     5.9549    -0.0102    1.16664    1.16438          1     0.0778     0.0704       9.97     0.0170  3.628e-13  1.000e-12  2.756e+02    10.7454    10.7261    -0.0193     8.4424     8.4278     90.631     92.656      0.476    1445.56    1445.50  0.000e+00
       8618     92.000     5.9755     5.9638    -0.0117    1.16861    1.16632          1     0.0747     0.0684       9.97     0.0167  3.621e-13  1.000e-12  2.761e+02    10.7615    10.7426    -0.0190     8.4544     8.4402     91.126     93.161      0.236    1445.64    1445.56  0.000e+00
       8683     92.500     5.9816     5.9744    -0.0072    1.16978    1.16840          1     0.0702     0.0648       9.97     0.0166  3.621e-13  1.000e-12  2.762e+02    10.7712    10.7597    -0.0115     8.4617     8.4530     91.621     93.666      0.289    1445.68    1445.64  0.000e+00
       8725     93.000     5.9958     5.9795    -0.0163    1.17256    1.16947          1     0.0713     0.0654       9.97     0.0166  3.621e-13  1.000e-12  2.762e+02    10.7942    10.7687    -0.0255     8.4789     8.4598     92.116     94.171      0.263    1445.78    1445.68  0.000e+00
       8768     93.500     6.0046     5.9911    -0.0136    1.17490    1.17178          1     0.0711     0.0644       9.97     0.0166  3.621e-13  1.000e-12  2.762e+02    10.8146    10.7879    -0.0267     8.4944     8.4742     92.611     94.676      0.311    1445.85    1445.76  0.000e+00
       8808     94.000     6.0054     6.0012    -0.0043    1.17541    1.17420          1     0.0721     0.0661       9.97     0.0168  3.621e-13  1.000e-12  2.762e+02    10.8194    10.8087    -0.0107     8.4981     8.4899     93.107     95.181      0.232    1445.87    1445.84  0.000e+00
       8891     94.500     6.0081     6.0047    -0.0034    1.17629    1.17536          1     0.0676     0.0658       9.97     0.0170  3.621e-13  1.000e-12  2.762e+02    10.8272    10.8190    -0.0081     8.5040     8.4978     93.602     95.686      0.286    1445.90    1445.87  0.000e+00
       8924     95.000     6.0127     6.0076    -0.0051    1.17712    1.17618          1     0.0671     0.0625       9.97     0.0167  3.618e-13  1.000e-12  2.764e+02    10.8338    10.8261    -0.0077     8.5090     8.5032     94.097     96.191      0.463    1445.93    1445.90  0.000e+00
       8948     95.500     6.0213     6.0128    -0.0085    1.17860    1.17698          1     0.0653     0.0644       9.97     0.0165  3.606e-13  1.000e-12  2.773e+02    10.8457    10.8323    -0.0134     8.5178     8.5078     94.592     96.696      0.439    1445.99    1445.94  0.000e+00
       9023     96.000     6.0314     6.0258    -0.0056    1.18051    1.17936          1     0.0657     0.0641       9.97     0.0166  3.594e-13  1.000e-12  2.782e+02    10.8614    10.8517    -0.0097     8.5295     8.5222     95.087     97.201      0.301    1446.06    1446.03  0.000e+00
       9074     96.500     6.0459     6.0331    -0.0127    1.18336    1.18087          1     0.0666     0.0605       9.97     0.0168  3.594e-13  1.000e-12  2.782e+02    10.8850    10.8644    -0.0206     8.5472     8.5317     95.582     97.706      0.491    1446.16    1446.08  0.000e+00
       9101     97.000     6.0510     6.0415    -0.0094    1.18419    1.18240          1     0.0670     0.0610       9.97     0.0165  3.594e-13  1.000e-12  2.782e+02    10.8915    10.8768    -0.0147     8.5520     8.5410     96.077     98.211      0.338    1446.20    1446.14  0.000e+00
       9165     97.500     6.0610     6.0514    -0.0096    1.18590    1.18410          1     0.0660     0.0593       9.97     0.0168  3.594e-13  1.000e-12  2.782e+02    10.9052    10.8904    -0.0148     8.5621     8.5511     96.572     98.715      0.221    1446.27    1446.21  0.000e+00
       9215     98.000     6.0752     6.0623    -0.0129    1.18953    1.18620          1     0.0643     0.0618       9.97     0.0163  3.594e-13  1.000e-12  2.782e+02    10.9366    10.9077    -0.0289     8.5859     8.5640     97.068     99.220      0.279    1446.38    1446.29  0.000e+00
       9254     98.500     6.0892     6.0739    -0.0153    1.19271    1.18904          1     0.0633     0.0591       9.97     0.0165  3.594e-13  1.000e-12  2.782e+02    10.9636    10.9321    -0.0316     8.6063     8.5824     97.563     99.725      0.312    1446.48    1446.37  0.000e+00
       9297     99.000     6.0987     6.0813    -0.0173    1.19446    1.19076          1     0.0621     0.0592       9.97     0.0162  3.580e-13  1.000e-12  2.794e+02    10.9779    10.9467    -0.0312     8.6168     8.5934     98.058    100.230      0.257    1446.54    1446.43  0.000e+00
       9344     99.500     6.1023     6.0950    -0.0072    1.19536    1.19368          1     0.0592     0.0591       9.97     0.0164  3.586e-13  1.000e-12  2.789e+02    10.9855    10.9712    -0.0143     8.6226     8.6118     98.553    100.735      0.248    1446.58    1446.53  0.000e+00
       9394    100.000     6.1098     6.1009    -0.0089    1.19736    1.19506          1     0.0613     0.0597       9.97     0.0167  3.586e-13  1.000e-12  2.789e+02    11.0029    10.9829    -0.0199     8.6358     8.6207     99.048    101.240      0.252    1446.64    1446.58  0.000e+00
       9437    100.500     6.1134     6.1086    -0.0048    1.19830    1.19706          1     0.0602     0.0573       9.97     0.0166  3.568e-13  1.000e-12  2.803e+02    11.0110    11.0002    -0.0108     8.6420     8.6338     99.543    101.745      0.307    1446.67    1446.64  0.000e+00
       9474    101.000     6.1154     6.1111    -0.0043    1.19865    1.19771          1     0.0615     0.0571       9.97     0.0166  3.568e-13  1.000e-12  2.803e+02    11.0137    11.0058    -0.0079     8.6439     8.6380    100.038    102.250      0.336    1446.69    1446.66  0.000e+00
       9507    101.500     6.1214     6.1132    -0.0083    1.20022    1.19829          1     0.0598     0.0602       9.97     0.0171  3.568e-13  1.000e-12  2.803e+02    11.0273    11.0107    -0.0166     8.6542     8.6417    100.533    102.755      0.381    1446.74    1446.69  0.000e+00
       9540    102.000     6.1316     6.1211    -0.0106    1.20219    1.19996          1     0.0572     0.0558       9.97     0.0165  3.568e-13  1.000e-12  2.803e+02    11.0435    11.0247    -0.0188     8.6663     8.6522    101.029    103.260      0.337    1446.81    1446.75  0.000e+00
       9576    102.500     6.1436     6.1277    -0.0159    1.20500    1.20141          1     0.0579     0.0577       9.97     0.0163  3.568e-13  1.000e-12  2.803e+02    11.0673    11.0369    -0.0304     8.6843     8.6614    101.524    103.765      0.372    1446.90    1446.80  0.000e+00
       9604    103.000     6.1459     6.1384    -0.0075    1.20578    1.20382          1     0.0560     0.0566       9.97     0.0165  3.568e-13  1.000e-12  2.803e+02    11.0742    11.0572    -0.0170     8.6895     8.6766    102.019    104.269      0.476    1446.93    1446.88  0.000e+00
       9628    103.500     6.1471     6.1419    -0.0053    1.20611    1.20473          1     0.0574     0.0551       9.97     0.0161  3.568e-13  1.000e-12  2.803e+02    11.0771    11.0650    -0.0120     8.6917     8.6826    102.514    104.774      0.504    1446.95    1446.91  0.000e+00
       9653    104.000     6.1528     6.1463    -0.0066    1.20743    1.20570          1     0.0546     0.0546       9.97     0.0164  3.568e-13  1.000e-12  2.803e+02    11.0882    11.0732    -0.0151     8.7001     8.6887    103.009    105.279      0.427    1446.99    1446.94  0.000e+00
       9687    104.500     6.1572     6.1503    -0.0069    1.20904    1.20692          1     0.0573     0.0557       9.97     0.0166  3.568e-13  1.000e-12  2.803e+02    11.1026    11.0839    -0.0188     8.7112     8.6968    103.504    105.784      0.321    1447.04    1446.98  0.000e+00
       9724    105.000     6.1604     6.1521    -0.0083    1.21000    1.20765          1     0.0555     0.0543       9.97     0.0164  3.568e-13  1.000e-12  2.803e+02    11.1111    11.0904    -0.0206     8.7176     8.7019    103.999    106.289      0.363    1447.07    1447.01  0.000e+00
       9753    105.500     6.1670     6.1589    -0.0082    1.21162    1.20943          1     0.0562     0.0546       9.97     0.0167  3.570e-13  1.000e-12  2.801e+02    11.1249    11.1058    -0.0191     8.7280     8.7136    104.494    106.794      0.483    1447.12    1447.06  0.000e+00
       9775    106.000     6.1715     6.1641    -0.0075    1.21261    1.21074          1     0.0557     0.0543       9.97     0.0169  3.571e-13  1.000e-12  2.801e+02    11.1331    11.1170    -0.0161     8.7342     8.7220    104.990    107.299      0.585    1447.16    1447.11  0.000e+00
       9795    106.500     6.1736     6.1671    -0.0064    1.21304    1.21142          1     0.0551     0.0545       9.97     0.0166  3.571e-13  1.000e-12  2.800e+02    11.1367    11.1226    -0.0140     8.7369     8.7262    105.485    107.804      0.581    1447.18    1447.14  0.000e+00
       9819    107.000     6.1830     6.1756    -0.0074    1.21491    1.21324          1     0.0563     0.0550       9.97     0.0166  3.568e-13  1.000e-12  2.802e+02    11.1520    11.1378    -0.0142     8.7483     8.7376    105.980    108.308      0.396    1447.25    1447.20  0.000e+00
       9866    107.500     6.1906     6.1814    -0.0092    1.21659    1.21451          1     0.0561     0.0554       9.97     0.0164  3.568e-13  1.000e-12  2.803e+02    11.1661    11.1485    -0.0176     8.7588     8.7456    106.475    108.813      0.268    1447.31    1447.24  0.000e+00
       9898    108.000     6.1980     6.1906    -0.0074    1.21854    1.21659          1     0.0543     0.0542       9.97     0.0162  3.569e-13  1.000e-12  2.802e+02    11.1830    11.1660    -0.0170     8.7716     8.7588    106.970    109.318      0.564    1447.37    1447.31  0.000e+00
       9915    108.500     6.2023     6.1953    -0.0070    1.21938    1.21773          1     0.0545     0.0535       9.97     0.0168  3.579e-13  1.000e-12  2.794e+02    11.1898    11.1757    -0.0140     8.7767     8.7661    107.465    109.823      0.687    1447.40    1447.35  0.000e+00
       9932    109.000     6.2058     6.1989    -0.0069    1.22006    1.21853          1     0.0555     0.0554       9.97     0.0163  3.590e-13  1.000e-12  2.785e+02    11.1952    11.1823    -0.0129     8.7808     8.7711    107.960    110.328      0.637    1447.43    1447.39  0.000e+00
       9956    109.500     6.2097     6.2046    -0.0050    1.22080    1.21969          1     0.0542     0.0543       9.97     0.0168  3.591e-13  1.000e-12  2.784e+02    11.2012    11.1919    -0.0093     8.7852     8.7782    108.455    110.833      0.354    1447.46    1447.43  0.000e+00
      10024    110.000     6.2146     6.2095    -0.0051    1.22189    1.22071          1     0.0550     0.0525       9.97     0.0166  3.594e-13  1.000e-12  2.782e+02    11.2103    11.2003    -0.0101     8.7921     8.7845    108.950    111.337      0.399    1447.50    1447.47  0.000e+00
      10042    110.500     6.2180     6.2127    -0.0054    1.22293    1.22144          1     0.0510     0.0498       9.97     0.0160  3.594e-13  1.000e-12  2.782e+02    11.2194    11.2064    -0.0129     8.7989     8.7891    109.445    111.842      0.695    1447.54    1447.50  0.000e+00
      10057    111.000     6.2204     6.2164    -0.0041    1.22365    1.22231          1     0.0503     0.0545       9.97     0.0162  3.594e-13  1.000e-12  2.782e+02    11.2257    11.2138    -0.0119     8.8037     8.7946    109.940    112.347      0.748    1447.56    1447.53  0.000e+00
      10073    111.500     6.2234     6.2198    -0.0036    1.22455    1.22330          1     0.0525     0.0562       9.97     0.0163  3.594e-13  1.000e-12  2.782e+02    11.2336    11.2223    -0.0113     8.8097     8.8011    110.436    112.852      0.609    1447.59    1447.56  0.000e+00
      10115    112.000     6.2283     6.2233    -0.0050    1.22569    1.22435          1     0.0514     0.0553       9.97     0.0168  3.594e-13  1.000e-12  2.782e+02    11.2431    11.2315    -0.0116     8.8169     8.8081    110.931    113.357      0.318    1447.63    1447.60  0.000e+00
      10161    112.500     6.2349     6.2289    -0.0060    1.22732    1.22569          1     0.0492     0.0526       9.97     0.0170  3.594e-13  1.000e-12  2.782e+02    11.2571    11.2428    -0.0143     8.8274     8.8166    111.426    113.862      0.544    1447.69    1447.64  0.000e+00
