ctdpy/tests/etc/all_smhi_bas_2018/SBE09_1044_20180530_1054_34_07_0045.cnv
* Sea-Bird SBE 9 Data File:
* FileName = C:\ctd\temp\2018\AU18D045.hex
* Software Version Seasave V 7.26.6.26
* Temperature SN = 5351
* Conductivity SN = 3941
* Number of Bytes Per Scan = 41
* Number of Voltage Words = 4
* Number of Scans Averaged by the Deck Unit = 1
* NMEA Latitude = 56 38.03 N
* NMEA Longitude = 019 35.11 E
* NMEA UTC (Time) = May 30 2018  10:54:26
* NMEA baud rate = 4800
** Station:  BY10
** Operator:  SSip
** Ship: AURA
** Average sound velocity: 1443.09 m/s
** True-depth calculation Wed, 30 May 2018 12:18:24 +0000
** CTD Python Module SMHI /ver 3-12/ feb 2012 
** LIMS Job: 20183407-0045
** Cruise: SMHI-02-2018
** Latitude [GG MM.mm N] :
** Longitude [GG MM.mm E]:
# nquan = 26
# nvalues = 273                         
# units = specified
# name 0 = scan: Scan Count
# name 1 = prDM: Pressure, Digiquartz [db]
# name 2 = t090C: Temperature [ITS-90, deg C]
# name 3 = t190C: Temperature, 2 [ITS-90, deg C]
# name 4 = T2-T190C: Temperature Difference, 2 - 1 [ITS-90, deg C]
# name 5 = c0S/m: Conductivity [S/m]
# name 6 = c1S/m: Conductivity, 2 [S/m]
# name 7 = pumps: Pump Status
# name 8 = sbeox0ML/L: Oxygen, SBE 43 [ml/l]
# name 9 = sbeox1ML/L: Oxygen, SBE 43, 2 [ml/l]
# name 10 = altM: Altimeter [m]
# name 11 = flECO-AFL: Chl-a Fluorescence, WET Labs ECO-AFL/FL [mg/m^3]
# name 12 = flECO-AFL1: Phycocyanin Fluorescence, WET Labs ECO-AFL/FL, 2 [mg/m^3]
# name 13 = par: PAR/Irradiance, Biospherical/Lico [µE/(cm^2*s)]
# name 14 = turbWETntu0: Turbidity, WET Labs ECO [NTU]
# name 15 = sal00: Salinity, Practical [PSU]
# name 16 = sal11: Salinity, Practical, 2 [PSU]
# name 17 = secS-priS: Salinity, Practical, Difference, 2 - 1 [PSU]
# name 18 = sigma-t00: Density [sigma-t, Kg/m^3 ]
# name 19 = sigma-t11: Density, 2 [sigma-t, Kg/m^3 ]
# name 20 = depSM: Depth [salt water, m], lat = 56.6338
# name 21 = depFM: Depth [true depth, m], lat = 56.6338
# name 22 = dz/dtM: Descent Rate [m/s], WS = 2
# name 23 = svCM: Sound Velocity [Chen-Millero, m/s]
# name 24 = svCM1: Sound Velocity, 2 [Chen-Millero, m/s]
# name 25 = flag: flag
# span 0 =       6630,      12169       
# span 1 =      1.000,    137.000       
# span 2 =     2.8661,    14.1124       
# span 3 =     2.8677,    14.4125       
# span 4 =    -0.1512,     0.3210       
# span 5 =   0.748598,   1.404048       
# span 6 =   0.748490,   1.404936       
# span 7 =          1,          1       
# span 8 =   -0.01122,    9.82641       
# span 9 =   -0.21558,   10.00435       
# span 10 =       3.09,      98.71      
# span 11 =     0.2151,     6.9681      
# span 12 =     0.1050,     0.6886      
# span 13 = -3.722e-07, 4.4932e+03      
# span 14 =     0.1194,     0.5790      
# span 15 =     7.2338,    12.8077      
# span 16 =     7.2336,    12.8158      
# span 17 =    -0.0045,     0.0208      
# span 18 =     4.8728,    10.0049      
# span 19 =     4.8268,    10.0112      
# span 20 =      0.991,    135.701      
# span 21 =      1.014,    138.504      
# span 22 =     -0.217,      0.717      
# span 23 =    1426.95,    1471.51      
# span 24 =    1426.96,    1472.57      
# span 25 = 0.0000e+00, 0.0000e+00      
# interval = decibars: 0.5              
# start_time = May 30 2018 10:54:27 [NMEA time, first data scan]
# bad_flag = -9.990e-29
*END*
[from data line 112]
       8801     57.000     2.9704     2.9724     0.0019    0.76599    0.76596          1     8.2273     8.0940      97.60     0.2610     0.2426  3.693e-05  0.1424000     7.4838     7.4830    -0.0008     5.9668     5.9661     56.470     57.728      0.594    1427.57    1427.57  0.000e+00
       8821     57.500     2.9893     2.9905     0.0012    0.76770    0.76765          1     8.1515     8.0198      97.59     0.2603     0.2217 -3.722e-07  0.1241000     7.4973     7.4964    -0.0009     5.9773     5.9767     56.966     58.234      0.580    1427.68    1427.68  0.000e+00
       8842     58.000     2.9881     2.9898     0.0018    0.76898    0.76895          1     8.0370     7.8834      97.58     0.2400     0.2345  1.000e-12  0.1399000     7.5109     7.5101    -0.0008     5.9883     5.9876     57.461     58.740      0.578    1427.70    1427.70  0.000e+00
       8863     58.500     2.9237     2.9282     0.0045    0.76918    0.76917          1     7.8846     7.6790      97.59     0.2439     0.2244  1.000e-12  0.1509000     7.5280     7.5268    -0.0012     6.0025     6.0014     57.956     59.247      0.582    1427.43    1427.45  0.000e+00
       8883     59.000     2.9236     2.9250     0.0014    0.77186    0.77178          1     7.7036     7.4657      97.60     0.2529     0.2329  1.000e-12  0.1555000     7.5561     7.5550    -0.0011     6.0249     6.0240     58.452     59.753      0.584    1427.47    1427.48  0.000e+00
       8904     59.500     2.9799     2.9809     0.0010    0.77602    0.77594          1     7.5348     7.2780      97.60     0.2616     0.2404  1.000e-12  0.1530000     7.5864     7.5854    -0.0010     6.0486     6.0477     58.947     60.259      0.590    1427.78    1427.79  0.000e+00
       8924     60.000     3.0748     3.0746    -0.0002    0.78222    0.78209          1     7.3227     7.0177      97.61     0.2727     0.1916  1.000e-12  0.1384000     7.6289     7.6277    -0.0012     6.0815     6.0805     59.442     60.765      0.594    1428.28    1428.28  0.000e+00
       8944     60.500     3.2129     3.2126    -0.0004    0.79256    0.79238          1     7.0061     6.6283      97.63     0.2619     0.2051  1.000e-12  0.1580000     7.7041     7.7023    -0.0018     6.1397     6.1383     59.937     61.271      0.580    1429.02    1429.02  0.000e+00
       8965     61.000     3.3597     3.3585    -0.0012    0.80507    0.80484          1     6.5910     6.1836      97.62     0.2763     0.2157  1.000e-12  0.1458000     7.7992     7.7971    -0.0021     6.2133     6.2117     60.433     61.778      0.556    1429.82    1429.82  0.000e+00
       8987     61.500     3.5270     3.5248    -0.0021    0.82085    0.82056          1     6.1616     5.7382      97.64     0.2786     0.2403  1.000e-12  0.1520000     7.9225     7.9200    -0.0025     6.3085     6.3066     60.928     62.284      0.548    1430.75    1430.74  0.000e+00
       9009     62.000     3.7003     3.6983    -0.0020    0.83889    0.83852          1     5.7105     5.2328      97.65     0.2690     0.2685  1.000e-12  0.1674000     8.0667     8.0633    -0.0034     6.4197     6.4170     61.423     62.790      0.563    1431.74    1431.72  0.000e+00
       9030     62.500     3.9539     3.9522    -0.0017    0.86462    0.86414          1     5.0980     4.5028      97.64     0.2615     0.2774  1.000e-12  0.1713000     8.2682     8.2638    -0.0045     6.5736     6.5701     61.919     63.296      0.578    1433.15    1433.13  0.000e+00
       9051     63.000     4.1964     4.1938    -0.0026    0.89404    0.89362          1     4.2960     3.6112      97.66     0.2729     0.2244  1.000e-12  0.2047000     8.5081     8.5045    -0.0036     6.7571     6.7543     62.414     63.802      0.578    1434.55    1434.53  0.000e+00
       9072     63.500     4.3350     4.3357     0.0007    0.91549    0.91521          1     3.4583     2.7750      97.66     0.2845     0.2409  1.000e-12  0.2052000     8.6912     8.6882    -0.0030     6.8980     6.8956     62.909     64.307      0.570    1435.41    1435.41  0.000e+00
       9093     64.000     4.4721     4.4715    -0.0007    0.93538    0.93509          1     2.6549     2.0003      97.69     0.2789     0.2448  1.000e-12  0.2042000     8.8577     8.8549    -0.0028     7.0252     7.0230     63.404     64.813      0.563    1436.24    1436.23  0.000e+00
       9114     64.500     4.6179     4.6177    -0.0001    0.95441    0.95437          1     1.8323     1.1677      97.67     0.2802     0.2602  1.000e-12  0.2132000     9.0120     9.0116    -0.0003     7.1420     7.1417     63.900     65.319      0.556    1437.09    1437.09  0.000e+00
       9136     65.000     4.7242     4.7244     0.0002    0.96755    0.96752          1     0.9920     0.3513      97.68     0.3178     0.2901  1.000e-12  0.2591000     9.1164     9.1161    -0.0003     7.2204     7.2202     64.395     65.825      0.555    1437.70    1437.70  0.000e+00
       9157     65.500     4.8054     4.8044    -0.0010    0.97669    0.97649          1     0.3572    -0.1215      52.19     0.4066     0.2658  1.000e-12  0.3685000     9.1866     9.1849    -0.0018     7.2727     7.2713     64.890     66.330      0.565    1438.16    1438.15  0.000e+00
       9178     66.000     4.9007     4.9003    -0.0005    0.98840    0.98820          1     0.0549    -0.2156      97.54     0.4074     0.2657  1.000e-12  0.5453000     9.2786     9.2767    -0.0019     7.3414     7.3399     65.385     66.836      0.574    1438.70    1438.70  0.000e+00
       9199     66.500     5.0353     5.0349    -0.0005    1.00188    1.00166          1    -0.0112    -0.1469      84.96     0.3496     0.2489  1.000e-12  0.3933000     9.3770     9.3749    -0.0021     7.4132     7.4115     65.881     67.341      0.573    1439.42    1439.42  0.000e+00
       9220     67.000     5.1847     5.1853     0.0007    1.01486    1.01471          1     0.0187    -0.0557      66.71     0.3767     0.2575  1.000e-12  0.3155000     9.4654     9.4638    -0.0016     7.4760     7.4747     66.376     67.847      0.564    1440.19    1440.19  0.000e+00
       9242     67.500     5.2890     5.2889    -0.0001    1.02524    1.02506          1     0.0654     0.0147      97.51     0.4234     0.2962  1.000e-12  0.3219000     9.5401     9.5383    -0.0018     7.5299     7.5285     66.871     68.352      0.553    1440.75    1440.75  0.000e+00
       9264     68.000     5.3361     5.3367     0.0006    1.03374    1.03360          1     0.1107     0.0619      97.65     0.4739     0.2210  1.000e-12  0.3575000     9.6117     9.6102    -0.0015     7.5841     7.5829     67.366     68.858      0.547    1441.06    1441.06  0.000e+00
       9286     68.500     5.3777     5.3786     0.0009    1.04126    1.04117          1     0.1417     0.0889      97.67     0.5239     0.2218  1.000e-12  0.3546000     9.6751     9.6739    -0.0012     7.6320     7.6310     67.862     69.363      0.552    1441.32    1441.32  0.000e+00
       9307     69.000     5.4371     5.4375     0.0003    1.04955    1.04947          1     0.1578     0.1057      97.65     0.5658     0.2218  1.000e-12  0.3649000     9.7408     9.7399    -0.0009     7.6808     7.6801     68.357     69.869      0.570    1441.67    1441.67  0.000e+00
       9328     69.500     5.5124     5.5137     0.0013    1.05862    1.05861          1     0.1661     0.1114      94.40     0.6332     0.2336  1.000e-12  0.3532000     9.8096     9.8091    -0.0005     7.7311     7.7306     68.852     70.374      0.580    1442.09    1442.10  0.000e+00
       9349     70.000     5.5670     5.5675     0.0005    1.06588    1.06584          1     0.1705     0.1107      73.10     0.7152     0.2533  1.000e-12  0.3817000     9.8661     9.8655    -0.0005     7.7727     7.7722     69.348     70.879      0.570    1442.41    1442.41  0.000e+00
       9370     70.500     5.6049     5.6062     0.0013    1.07336    1.07333          1     0.1699     0.1114      96.12     0.7170     0.2765  1.000e-12  0.3951000     9.9295     9.9288    -0.0007     7.8206     7.8200     69.843     71.385      0.552    1442.66    1442.66  0.000e+00
       9392     71.000     5.6370     5.6382     0.0012    1.07893    1.07893          1     0.1705     0.1098      97.63     0.7263     0.3033  1.000e-12  0.3876000     9.9756     9.9752    -0.0004     7.8552     7.8548     70.338     71.890      0.549    1442.86    1442.87  0.000e+00
       9414     71.500     5.6511     5.6524     0.0013    1.08388    1.08389          1     0.1701     0.1073      97.64     0.7704     0.2711  1.000e-12  0.3612000    10.0207    10.0204    -0.0003     7.8899     7.8896     70.833     72.395      0.555    1442.99    1442.99  0.000e+00
       9435     72.000     5.6755     5.6767     0.0011    1.08911    1.08909          1     0.1681     0.1054      97.64     0.6247     0.2572  1.000e-12  0.3090000    10.0655    10.0650    -0.0005     7.9239     7.9235     71.329     72.900      0.563    1443.16    1443.16  0.000e+00
       9456     72.500     5.6952     5.6963     0.0012    1.09519    1.09516          1     0.1631     0.1008      97.63     0.7555     0.2738  1.000e-12  0.3328000    10.1201    10.1195    -0.0006     7.9659     7.9653     71.824     73.406      0.569    1443.32    1443.32  0.000e+00
       9477     73.000     5.7076     5.7084     0.0007    1.10023    1.10021          1     0.1576     0.0963      97.64     0.7515     0.3162  1.000e-12  0.2934000    10.1666    10.1662    -0.0005     8.0018     8.0014     72.319     73.911      0.570    1443.44    1443.44  0.000e+00
       9499     73.500     5.7285     5.7292     0.0007    1.10549    1.10545          1     0.1497     0.0919      97.63     0.7357     0.2777  1.000e-12  0.2669000    10.2127    10.2121    -0.0006     8.0369     8.0364     72.814     74.416      0.566    1443.59    1443.60  0.000e+00
       9520     74.000     5.7524     5.7530     0.0006    1.11155    1.11153          1     0.1469     0.0900      97.63     0.7365     0.2651  1.000e-12  0.2603000    10.2658    10.2654    -0.0003     8.0774     8.0770     73.309     74.921      0.557    1443.77    1443.77  0.000e+00
       9542     74.500     5.7732     5.7743     0.0012    1.11632    1.11631          1     0.1433     0.0863      97.62     0.7398     0.3007  1.000e-12  0.2735000    10.3069    10.3065    -0.0004     8.1086     8.1082     73.805     75.427      0.553    1443.92    1443.92  0.000e+00
       9563     75.000     5.7883     5.7893     0.0011    1.12007    1.12005          1     0.1375     0.0857      97.63     0.6390     0.3081  1.000e-12  0.2735000    10.3395    10.3391    -0.0004     8.1334     8.1330     74.300     75.932      0.556    1444.03    1444.04  0.000e+00
       9585     75.500     5.8124     5.8132     0.0008    1.12420    1.12418          1     0.1339     0.0839      97.62     0.6032     0.2813  1.000e-12  0.3202000    10.3733    10.3728    -0.0005     8.1586     8.1581     74.795     76.437      0.560    1444.19    1444.19  0.000e+00
       9606     76.000     5.8483     5.8492     0.0009    1.13086    1.13087          1     0.1305     0.0802      97.62     0.6508     0.2479  1.000e-12  0.3411000    10.4285    10.4283    -0.0002     8.1999     8.1997     75.291     76.942      0.565    1444.42    1444.42  0.000e+00
       9627     76.500     5.8460     5.8470     0.0011    1.13434    1.13431          1     0.1242     0.0770      97.65     0.5915     0.2923  1.000e-12  0.2991000    10.4637    10.4631    -0.0006     8.2278     8.2272     75.786     77.447      0.571    1444.46    1444.47  0.000e+00
       9648     77.000     5.8511     5.8520     0.0009    1.13746    1.13744          1     0.1242     0.0767      78.65     0.5858     0.2718  1.000e-12  0.2667000    10.4932    10.4927    -0.0005     8.2507     8.2503     76.281     77.952      0.569    1444.53    1444.53  0.000e+00
       9669     77.500     5.8631     5.8639     0.0009    1.14109    1.14106          1     0.1251     0.0734      62.53     0.6543     0.2952  1.000e-12  0.2667000    10.5255    10.5249    -0.0005     8.2754     8.2749     76.776     78.457      0.557    1444.63    1444.63  0.000e+00
       9691     78.000     5.8746     5.8755     0.0009    1.14474    1.14471          1     0.1148     0.0725      94.75     0.6120     0.3227  1.000e-12  0.2431000    10.5582    10.5577    -0.0005     8.3005     8.3000     77.271     78.962      0.550    1444.73    1444.73  0.000e+00
       9713     78.500     5.8897     5.8906     0.0009    1.14869    1.14867          1     0.1124     0.0706      97.66     0.5170     0.3241  1.000e-12  0.2351000    10.5927    10.5922    -0.0005     8.3268     8.3263     77.767     79.467      0.557    1444.84    1444.85  0.000e+00
       9734     79.000     5.9077     5.9086     0.0009    1.15318    1.15316          1     0.1108     0.0687      87.90     0.5267     0.3222  1.000e-12  0.2508000    10.6318    10.6313    -0.0005     8.3564     8.3560     78.262     79.973      0.567    1444.98    1444.98  0.000e+00
       9755     79.500     5.9260     5.9269     0.0009    1.15770    1.15767          1     0.1081     0.0677      62.40     0.4917     0.3086  1.000e-12  0.2196000    10.6709    10.6703    -0.0005     8.3861     8.3856     78.757     80.478      0.569    1445.11    1445.11  0.000e+00
       9777     80.000     5.9452     5.9461     0.0009    1.16175    1.16172          1     0.1057     0.0654      77.53     0.4407     0.2799  1.000e-12  0.2050000    10.7051    10.7045    -0.0006     8.4118     8.4113     79.252     80.983      0.565    1445.25    1445.25  0.000e+00
       9798     80.500     5.9577     5.9585     0.0007    1.16426    1.16423          1     0.1022     0.0667      68.50     0.4104     0.3075  1.000e-12  0.2144000    10.7260    10.7255    -0.0005     8.4275     8.4271     79.748     81.488      0.560    1445.33    1445.34  0.000e+00
       9819     81.000     5.9735     5.9746     0.0012    1.16731    1.16730          1     0.1022     0.0640      61.51     0.4432     0.3388  1.000e-12  0.2030000    10.7512    10.7508    -0.0005     8.4464     8.4460     80.243     81.993      0.559    1445.44    1445.44  0.000e+00
       9841     81.500     5.9940     5.9948     0.0007    1.17120    1.17113          1     0.1008     0.0610      96.58     0.4203     0.2366  1.000e-12  0.2041000    10.7833    10.7824    -0.0009     8.4704     8.4697     80.738     82.498      0.553    1445.58    1445.58  0.000e+00
       9863     82.000     6.0065     6.0072     0.0008    1.17410    1.17407          1     0.0963     0.0618      71.86     0.8381     0.3211  1.000e-12  0.2094000    10.8082    10.8077    -0.0005     8.4892     8.4887     81.233     83.003      0.551    1445.67    1445.67  0.000e+00
       9884     82.500     6.0279     6.0282     0.0003    1.17681    1.17679          1     0.0930     0.0634      59.74     0.5727     0.2649  1.000e-12  0.1981000    10.8282    10.8279    -0.0003     8.5035     8.5033     81.728     83.508      0.559    1445.79    1445.79  0.000e+00
       9906     83.000     6.0826     6.0823    -0.0003    1.18142    1.18136          1     0.0973     0.0638      59.21     0.4167     0.2078  1.000e-12  0.1954000    10.8564    10.8559    -0.0005     8.5223     8.5219     82.224     84.013      0.562    1446.07    1446.07  0.000e+00
       9927     83.500     6.0931     6.0940     0.0010    1.18493    1.18490          1     0.1002     0.0806      58.77     0.3899     0.1959  1.000e-12  0.2018000    10.8878    10.8872    -0.0006     8.5463     8.5458     82.719     84.517      0.559    1446.16    1446.16  0.000e+00
       9949     84.000     6.1465     6.1458    -0.0006    1.18973    1.18968          1     0.2097     0.2982      81.97     0.3600     0.2380  1.000e-12  0.2159000    10.9183    10.9180    -0.0003     8.5667     8.5666     83.214     85.022      0.553    1446.43    1446.43  0.000e+00
