ctdpy/tests/etc/all_smhi_bas_2018/SBE09_1044_20180528_1743_34_07_0039.cnv
* Sea-Bird SBE 9 Data File:
* FileName = C:\ctd\temp\2018\AU18D039.hex
* Software Version Seasave V 7.26.6.26
* Temperature SN = 5351
* Conductivity SN = 3941
* Number of Bytes Per Scan = 41
* Number of Voltage Words = 4
* Number of Scans Averaged by the Deck Unit = 1
* NMEA Latitude = 55 37.05 N
* NMEA Longitude = 014 52.06 E
* NMEA UTC (Time) = May 28 2018  17:43:10
* NMEA baud rate = 4800
** Station:  HANÖBUKTEN
** Operator:  JKro
** Ship: AURA
** Average sound velocity: 1441.40 m/s
** True-depth calculation Mon, 28 May 2018 18:38:59 +0000
** CTD Python Module SMHI /ver 3-12/ feb 2012 
** LIMS Job: 20183407-0039
** Cruise: SMHI-02-2018
** Latitude [GG MM.mm N] :
** Longitude [GG MM.mm E]:
# nquan = 26
# nvalues = 148                         
# units = specified
# name 0 = scan: Scan Count
# name 1 = prDM: Pressure, Digiquartz [db]
# name 2 = t090C: Temperature [ITS-90, deg C]
# name 3 = t190C: Temperature, 2 [ITS-90, deg C]
# name 4 = T2-T190C: Temperature Difference, 2 - 1 [ITS-90, deg C]
# name 5 = c0S/m: Conductivity [S/m]
# name 6 = c1S/m: Conductivity, 2 [S/m]
# name 7 = pumps: Pump Status
# name 8 = sbeox0ML/L: Oxygen, SBE 43 [ml/l]
# name 9 = sbeox1ML/L: Oxygen, SBE 43, 2 [ml/l]
# name 10 = altM: Altimeter [m]
# name 11 = flECO-AFL: Chl-a Fluorescence, WET Labs ECO-AFL/FL [mg/m^3]
# name 12 = flECO-AFL1: Phycocyanin Fluorescence, WET Labs ECO-AFL/FL, 2 [mg/m^3]
# name 13 = par: PAR/Irradiance, Biospherical/Lico [µE/(cm^2*s)]
# name 14 = turbWETntu0: Turbidity, WET Labs ECO [NTU]
# name 15 = sal00: Salinity, Practical [PSU]
# name 16 = sal11: Salinity, Practical, 2 [PSU]
# name 17 = secS-priS: Salinity, Practical, Difference, 2 - 1 [PSU]
# name 18 = sigma-t00: Density [sigma-t, Kg/m^3 ]
# name 19 = sigma-t11: Density, 2 [sigma-t, Kg/m^3 ]
# name 20 = depSM: Depth [salt water, m], lat = 55.6175
# name 21 = depFM: Depth [true depth, m], lat = 55.6175
# name 22 = dz/dtM: Descent Rate [m/s], WS = 2
# name 23 = svCM: Sound Velocity [Chen-Millero, m/s]
# name 24 = svCM1: Sound Velocity, 2 [Chen-Millero, m/s]
# name 25 = flag: flag
# span 0 =      11269,      15835       
# span 1 =      1.000,     74.500       
# span 2 =     2.9326,    13.3417       
# span 3 =     2.9352,    13.3738       
# span 4 =    -0.3723,     0.1171       
# span 5 =   0.771353,   1.739182       
# span 6 =   0.771535,   1.739235       
# span 7 =          1,          1       
# span 8 =   -0.01253,    9.29258       
# span 9 =   -0.18856,    9.29334       
# span 10 =     -19.08,      98.70      
# span 11 =     0.2241,     4.6552      
# span 12 =     0.1540,     0.5066      
# span 13 = -2.712e-06, 5.7617e+02      
# span 14 =     0.1208,     0.7046      
# span 15 =     7.2078,    15.9454      
# span 16 =     7.2099,    15.9455      
# span 17 =    -0.0232,     0.0049      
# span 18 =     5.1489,    12.4224      
# span 19 =     5.1452,    12.4224      
# span 20 =      0.991,     73.811      
# span 21 =      1.013,     75.357      
# span 22 =     -0.012,      0.513      
# span 23 =    1427.76,    1469.03      
# span 24 =    1427.77,    1469.18      
# span 25 = 0.0000e+00, 0.0000e+00      
# interval = decibars: 0.5              
# start_time = May 28 2018 17:43:11 [NMEA time, first data scan]
# bad_flag = -9.990e-29
*END*
      11269      1.000    13.3417    13.3211    -0.0201    1.01242    1.01176          1     7.8446     7.8046     -19.08     1.6958     0.3426  5.762e+02  0.3897000     7.5253     7.5241    -0.0013     5.1489     5.1510      0.991      1.013      0.178    1469.03    1468.95  0.000e+00
      11329      1.500    13.1806    13.1986     0.0174    1.00741    1.00796          1     7.8880     7.8504      56.72     1.6671     0.3066  1.900e+02  0.4082000     7.5167     7.5176     0.0009     5.1659     5.1640      1.486      1.520      0.250    1468.45    1468.51  0.000e+00
      11366      2.000    13.1635    13.1782     0.0144    1.00709    1.00755          1     7.8877     7.8228      11.18     1.6724     0.3359  1.078e+02  0.4400000     7.5173     7.5182     0.0008     5.1690     5.1674      1.982      2.027      0.410    1468.39    1468.45  0.000e+00
      11404      2.500    13.2093    13.1756    -0.0331    1.00856    1.00744          1     7.8862     7.8163      96.36     1.6893     0.3594  8.629e+01  0.4603000     7.5201     7.5178    -0.0024     5.1644     5.1675      2.477      2.533      0.284    1468.57    1468.45  0.000e+00
      11447      3.000    13.2787    13.3136     0.0346    1.01064    1.01176          1     7.8750     7.8345      97.38     1.6607     0.3475  7.384e+01  0.4494000     7.5232     7.5253     0.0021     5.1565     5.1530      2.973      3.040      0.409    1468.83    1468.96  0.000e+00
      11477      3.500    13.2570    13.3738     0.1171    1.00994    1.01342          1     7.8547     7.7935      95.15     1.5907     0.3019  6.366e+01  0.4698000     7.5218     7.5267     0.0049     5.1586     5.1452      3.468      3.547      0.338    1468.76    1469.18  0.000e+00
      11517      4.000    13.1074    13.2176     0.1100    1.00539    1.00847          1     7.9002     7.8499      85.65     1.6037     0.3419  5.310e+01  0.4740000     7.5146     7.5176     0.0031     5.1750     5.1612      3.964      4.053      0.310    1468.22    1468.62  0.000e+00
      11552      4.500    13.1564    13.1798     0.0232    1.00710    1.00763          1     7.9230     7.8678      97.35     1.7215     0.3444  4.633e+01  0.4666000     7.5186     7.5183    -0.0003     5.1709     5.1673      4.459      4.560      0.350    1468.41    1468.49  0.000e+00
      11587      5.000    13.2445    13.2343    -0.0099    1.00968    1.00928          1     7.8997     7.8527      97.38     1.7088     0.3024  3.886e+01  0.5164000     7.5220     7.5208    -0.0012     5.1607     5.1612      4.955      5.067      0.343    1468.74    1468.70  0.000e+00
      11622      5.500    13.2118    13.1965    -0.0153    1.00867    1.00811          1     7.9030     7.8421      97.38     1.6763     0.2841  3.303e+01  0.4935000     7.5203     7.5187    -0.0015     5.1641     5.1652      5.450      5.573      0.340    1468.63    1468.57  0.000e+00
      11657      6.000    13.1958    13.1516    -0.0439    1.00824    1.00678          1     7.8782     7.8477      97.38     1.6887     0.2745  2.827e+01  0.4399000     7.5199     7.5168    -0.0031     5.1662     5.1703      5.946      6.080      0.370    1468.58    1468.42  0.000e+00
      11687      6.500    13.1312    13.1877     0.0564    1.00627    1.00796          1     7.9055     7.8358      85.62     1.6725     0.3240  2.468e+01  0.4746000     7.5167     7.5192     0.0025     5.1731     5.1668      6.441      6.586      0.382    1468.35    1468.56  0.000e+00
      11720      7.000    13.1768    13.2100     0.0332    1.00772    1.00859          1     7.8947     7.8305      84.42     1.6694     0.3273  2.125e+01  0.4771000     7.5193     7.5198     0.0005     5.1685     5.1640      6.936      7.093      0.354    1468.53    1468.65  0.000e+00
      11755      7.500    13.1955    13.1986     0.0030    1.00822    1.00828          1     7.9275     7.8465      97.35     1.6679     0.3569  1.860e+01  0.4717000     7.5197     7.5194    -0.0002     5.1661     5.1654      7.432      7.600      0.344    1468.60    1468.61  0.000e+00
      11790      8.000    13.2316    13.1973    -0.0341    1.00944    1.00828          1     7.9657     7.9187      97.39     1.6766     0.3549  1.598e+01  0.4701000     7.5223     7.5197    -0.0026     5.1627     5.1658      7.927      8.106      0.340    1468.74    1468.62  0.000e+00
      11825      8.500    13.1749    13.2178     0.0432    1.00743    1.00880          1     7.9844     8.0008      97.38     1.6946     0.3150  1.417e+01  0.4415000     7.5172     7.5198     0.0027     5.1671     5.1629      8.423      8.613      0.353    1468.54    1468.70  0.000e+00
      11857      9.000    12.7982    12.9079     0.1100    0.99613    0.99860          1     8.2237     8.2454      97.39     1.7994     0.3314  1.245e+01  0.4346000     7.5000     7.4982    -0.0019     5.2081     5.1903      8.918      9.120      0.388    1467.17    1467.56  0.000e+00
      11888      9.500    12.2034    11.8329    -0.3723    0.97793    0.96623          1     7.9409     8.3955      97.39     1.9859     0.3287  1.101e+01  0.4317000     7.4688     7.4456    -0.0232     5.2657     5.2966      9.414      9.626      0.375    1464.96    1463.56  0.000e+00
      11922     10.000    10.1067     9.7650    -0.3405    0.91590    0.90582          1     8.2979     9.0536      97.38     2.4097     0.3485  9.758e+00  0.4011000     7.3645     7.3467    -0.0178     5.4367     5.4608      9.909     10.133      0.336    1456.89    1455.55  0.000e+00
      11957     10.500     8.4133     8.4374     0.0234    0.86813    0.86876          1     8.7097     9.2281      88.49     3.3049     0.4704  8.444e+00  0.3918000     7.2897     7.2903     0.0006     5.5479     5.5461     10.405     10.639      0.369    1450.13    1450.22  0.000e+00
      11988     11.000     7.2056     7.1440    -0.0613    0.83450    0.83273          1     8.9544     9.2933      68.49     4.1309     0.4988  7.396e+00  0.4213000     7.2315     7.2280    -0.0035     5.5953     5.5969     10.900     11.146      0.389    1445.09    1444.83  0.000e+00
      12020     11.500     6.2699     6.3051     0.0350    0.81107    0.81207          1     9.2623     9.2804      73.71     4.6552     0.5066  6.493e+00  0.3571000     7.2078     7.2099     0.0021     5.6374     5.6371     11.395     11.652      0.361    1441.13    1441.28  0.000e+00
      12053     12.000     6.0238     6.0151    -0.0086    0.80670    0.80671          1     9.2926     9.1405      89.69     4.4785     0.5047  5.701e+00  0.3425000     7.2181     7.2200     0.0019     5.6594     5.6614     11.891     12.159      0.408    1440.10    1440.07  0.000e+00
      12080     12.500     5.8572     5.8569    -0.0002    0.80438    0.80430          1     9.2060     8.9960      77.07     4.1149     0.4770  5.000e+00  0.3173000     7.2313     7.2306    -0.0007     5.6784     5.6779     12.386     12.665      0.453    1439.41    1439.41  0.000e+00
      12107     13.000     5.5267     5.5296     0.0029    0.79811    0.79818          1     9.1517     8.9319      97.36     3.5945     0.4709  4.327e+00  0.2915000     7.2414     7.2414     0.0000     5.7026     5.7025     12.882     13.171      0.429    1438.00    1438.01  0.000e+00
      12136     13.500     5.2898     5.2955     0.0057    0.79431    0.79446          1     9.1401     8.9082      97.37     2.7127     0.4066  3.753e+00  0.2407000     7.2554     7.2556     0.0002     5.7243     5.7242     13.377     13.678      0.415    1437.00    1437.02  0.000e+00
      12163     14.000     5.1032     5.1120     0.0089    0.79137    0.79156          1     8.8761     8.6979      97.37     1.3633     0.2833  3.309e+00  0.2143000     7.2670     7.2669    -0.0000     5.7413     5.7409     13.873     14.184      0.460    1436.20    1436.24  0.000e+00
      12188     14.500     4.7574     4.7722     0.0146    0.78357    0.78384          1     8.7028     8.5517      97.38     0.8253     0.2522  2.944e+00  0.2012000     7.2651     7.2645    -0.0006     5.7527     5.7517     14.368     14.691      0.481    1434.68    1434.75  0.000e+00
      12214     15.000     4.2563     4.2680     0.0116    0.77135    0.77153          1     8.6546     8.4746      97.38     0.6662     0.2771  2.603e+00  0.1857000     7.2529     7.2521    -0.0007     5.7591     5.7581     14.863     15.197      0.435    1432.45    1432.50  0.000e+00
      12244     15.500     4.2511     4.2475    -0.0037    0.77261    0.77256          1     8.6206     8.3974      97.39     0.5760     0.2258  2.336e+00  0.1610000     7.2666     7.2669     0.0003     5.7701     5.7705     15.359     15.703      0.393    1432.45    1432.44  0.000e+00
      12274     16.000     4.4010     4.3941    -0.0069    0.77839    0.77824          1     8.6027     8.3654      97.37     0.5241     0.2489  2.120e+00  0.1881000     7.2917     7.2917     0.0000     5.7857     5.7859     15.854     16.210      0.441    1433.16    1433.13  0.000e+00
      12299     16.500     4.5745     4.5675    -0.0069    0.78484    0.78473          1     8.6251     8.4361      97.38     0.4261     0.2335  1.914e+00  0.1430000     7.3179     7.3184     0.0005     5.8010     5.8017     16.350     16.716      0.488    1433.97    1433.94  0.000e+00
      12324     17.000     4.7323     4.7250    -0.0073    0.79061    0.79047          1     8.7309     8.6050      97.39     0.4053     0.2116  1.727e+00  0.1734000     7.3405     7.3408     0.0003     5.8136     5.8140     16.845     17.222      0.460    1434.71    1434.68  0.000e+00
      12352     17.500     4.9125     4.9067    -0.0058    0.79701    0.79687          1     8.8170     8.6967      97.34     0.3652     0.2190  1.559e+00  0.1555000     7.3642     7.3641    -0.0001     5.8257     5.8259     17.341     17.729      0.407    1435.54    1435.52  0.000e+00
      12382     18.000     4.9572     4.9587     0.0015    0.79892    0.79893          1     8.8490     8.7096      71.08     0.3934     0.2229  1.425e+00  0.1703000     7.3733     7.3730    -0.0002     5.8312     5.8309     17.836     18.235      0.419    1435.76    1435.77  0.000e+00
      12409     18.500     4.9624     4.9630     0.0007    0.79978    0.79978          1     8.8352     8.6787      90.48     0.3856     0.2131  1.307e+00  0.1480000     7.3806     7.3803    -0.0002     5.8368     5.8366     18.331     18.741      0.459    1435.80    1435.80  0.000e+00
      12434     19.000     4.9821     4.9838     0.0018    0.80087    0.80089          1     8.8092     8.6366      97.47     0.3730     0.2302  1.191e+00  0.1553000     7.3868     7.3867    -0.0002     5.8410     5.8408     18.827     19.248      0.474    1435.90    1435.91  0.000e+00
      12460     19.500     4.9684     4.9708     0.0024    0.80086    0.80087          1     8.7931     8.6274      97.39     0.3815     0.2200  1.087e+00  0.1514000     7.3898     7.3893    -0.0005     5.8438     5.8434     19.322     19.754      0.460    1435.85    1435.86  0.000e+00
      12487     20.000     4.9394     4.9427     0.0034    0.80063    0.80066          1     8.7737     8.6380      97.39     0.3748     0.2241  1.004e+00  0.1476000     7.3939     7.3934    -0.0005     5.8482     5.8477     19.818     20.260      0.419    1435.74    1435.75  0.000e+00
      12517     20.500     4.9150     4.9176     0.0025    0.80037    0.80040          1     8.7514     8.6297      92.94     0.3698     0.2370  9.241e-01  0.1375000     7.3967     7.3964    -0.0003     5.8514     5.8510     20.313     20.766      0.400    1435.64    1435.65  0.000e+00
      12546     21.000     4.8832     4.8858     0.0026    0.80004    0.80006          1     8.7393     8.6313      57.54     0.3697     0.2115  8.503e-01  0.1461000     7.4004     7.4000    -0.0004     5.8555     5.8551     20.809     21.273      0.455    1435.52    1435.53  0.000e+00
      12570     21.500     4.8480     4.8519     0.0038    0.79965    0.79967          1     8.7333     8.6327      88.44     0.3601     0.2005  7.806e-01  0.1792000     7.4043     7.4036    -0.0007     5.8599     5.8592     21.304     21.779      0.496    1435.37    1435.39  0.000e+00
      12595     22.000     4.8220     4.8247     0.0027    0.79933    0.79934          1     8.7309     8.6230      71.39     0.3580     0.2304  7.051e-01  0.1623000     7.4069     7.4063    -0.0005     5.8629     5.8624     21.799     22.285      0.469    1435.27    1435.28  0.000e+00
      12622     22.500     4.8032     4.8059     0.0028    0.79912    0.79914          1     8.7151     8.6090      56.51     0.3580     0.2226  6.551e-01  0.1496000     7.4089     7.4084    -0.0005     5.8652     5.8647     22.295     22.792      0.404    1435.20    1435.21  0.000e+00
      12654     23.000     4.7748     4.7776     0.0027    0.79876    0.79876          1     8.7012     8.6048      56.24     0.3350     0.2299  6.081e-01  0.1338000     7.4116     7.4110    -0.0006     5.8684     5.8678     22.790     23.298      0.397    1435.08    1435.09  0.000e+00
      12682     23.500     4.7459     4.7480     0.0022    0.79837    0.79836          1     8.7039     8.5965      88.59     0.3090     0.2251  5.606e-01  0.1386000     7.4140     7.4135    -0.0005     5.8714     5.8709     23.286     23.804      0.467    1434.97    1434.98  0.000e+00
      12706     24.000     4.7220     4.7243     0.0023    0.79804    0.79804          1     8.7103     8.5822      97.59     0.3091     0.1883  5.085e-01  0.1366000     7.4160     7.4155    -0.0005     5.8738     5.8733     23.781     24.311      0.500    1434.87    1434.88  0.000e+00
      12731     24.500     4.7080     4.7105     0.0026    0.79789    0.79788          1     8.7126     8.6020      75.76     0.3313     0.2236  4.656e-01  0.1437000     7.4176     7.4170    -0.0006     5.8755     5.8750     24.276     24.817      0.448    1434.82    1434.83  0.000e+00
      12761     25.000     4.7034     4.7052     0.0019    0.79825    0.79823          1     8.7017     8.5999      54.74     0.2969     0.2582  4.291e-01  0.1522000     7.4222     7.4216    -0.0006     5.8793     5.8788     24.772     25.323      0.376    1434.81    1434.82  0.000e+00
      12792     25.500     4.6830     4.6855     0.0025    0.79819    0.79817          1     8.7014     8.5998      54.34     0.2748     0.2327  3.945e-01  0.1416000     7.4262     7.4254    -0.0008     5.8832     5.8825     25.267     25.829      0.421    1434.74    1434.75  0.000e+00
      12818     26.000     4.6733     4.6748     0.0016    0.79847    0.79845          1     8.7088     8.6093      85.11     0.2963     0.2454  3.577e-01  0.1390000     7.4310     7.4304    -0.0006     5.8874     5.8869     25.763     26.336      0.506    1434.71    1434.71  0.000e+00
      12841     26.500     4.6800     4.6806     0.0005    0.79900    0.79894          1     8.7102     8.6234      98.49     0.2969     0.2228  3.222e-01  0.1434000     7.4347     7.4341    -0.0007     5.8901     5.8895     26.258     26.842      0.510    1434.75    1434.75  0.000e+00
      12866     27.000     4.6952     4.6967     0.0014    0.80009    0.80004          1     8.7286     8.6493      98.70     0.2924     0.2096  2.955e-01  0.1396000     7.4421     7.4413    -0.0008     5.8954     5.8947     26.753     27.348      0.422    1434.83    1434.84  0.000e+00
      12899     27.500     4.7016     4.7030     0.0014    0.80092    0.80085          1     8.7942     8.7063      98.59     0.2846     0.2405  2.727e-01  0.1344000     7.4489     7.4479    -0.0010     5.9005     5.8997     27.249     27.855      0.372    1434.88    1434.88  0.000e+00
      12928     28.000     4.7159     4.7148    -0.0011    0.80173    0.80163          1     8.8171     8.7446      73.67     0.2932     0.2152  2.506e-01  0.1458000     7.4538     7.4530    -0.0008     5.9039     5.9033     27.744     28.361      0.468    1434.96    1434.95  0.000e+00
