ctdpy/tests/etc/all_smhi_bas_2018/SBE09_1044_20180419_0631_34_07_0020.cnv
* Sea-Bird SBE 9 Data File:
* FileName = C:\ctd\temp\2018\AU18D020.hex
* Software Version Seasave V 7.26.6.26
* Temperature SN = 5351
* Conductivity SN = 3941
* Number of Bytes Per Scan = 41
* Number of Voltage Words = 4
* Number of Scans Averaged by the Deck Unit = 1
* NMEA Latitude = 57 59.89 N
* NMEA Longitude = 019 52.72 E
* NMEA UTC (Time) = Apr 19 2018  06:31:23
* NMEA baud rate = 4800
** Station:  BY20
** Operator:  SSip
** Ship: AURA
** Average sound velocity: 1440.79 m/s
** True-depth calculation Thu, 19 Apr 2018 07:32:38 +0000
** CTD Python Module SMHI /ver 3-12/ feb 2012 
** LIMS Job: 20183407-0020
** Cruise: SMHI-01-2018
** Latitude [GG MM.mm N] :
** Longitude [GG MM.mm E]:
# nquan = 26
# nvalues = 379                         
# units = specified
# name 0 = scan: Scan Count
# name 1 = prDM: Pressure, Digiquartz [db]
# name 2 = t090C: Temperature [ITS-90, deg C]
# name 3 = t190C: Temperature, 2 [ITS-90, deg C]
# name 4 = T2-T190C: Temperature Difference, 2 - 1 [ITS-90, deg C]
# name 5 = c0S/m: Conductivity [S/m]
# name 6 = c1S/m: Conductivity, 2 [S/m]
# name 7 = pumps: Pump Status
# name 8 = sbeox0ML/L: Oxygen, SBE 43 [ml/l]
# name 9 = sbeox1ML/L: Oxygen, SBE 43, 2 [ml/l]
# name 10 = altM: Altimeter [m]
# name 11 = flECO-AFL: Chl-a Fluorescence, WET Labs ECO-AFL/FL [mg/m^3]
# name 12 = flECO-AFL1: Phycocyanin Fluorescence, WET Labs ECO-AFL/FL, 2 [mg/m^3]
# name 13 = par: PAR/Irradiance, Biospherical/Lico [µE/(cm^2*s)]
# name 14 = turbWETntu0: Turbidity, WET Labs ECO [NTU]
# name 15 = sal00: Salinity, Practical [PSU]
# name 16 = sal11: Salinity, Practical, 2 [PSU]
# name 17 = secS-priS: Salinity, Practical, Difference, 2 - 1 [PSU]
# name 18 = sigma-t00: Density [sigma-t, Kg/m^3 ]
# name 19 = sigma-t11: Density, 2 [sigma-t, Kg/m^3 ]
# name 20 = depSM: Depth [salt water, m], lat = 57.9982
# name 21 = depFM: Depth [true depth, m], lat = 57.9982
# name 22 = dz/dtM: Descent Rate [m/s], WS = 2
# name 23 = svCM: Sound Velocity [Chen-Millero, m/s]
# name 24 = svCM1: Sound Velocity, 2 [Chen-Millero, m/s]
# name 25 = flag: flag
# span 0 =       7382,      16997       
# span 1 =      1.000,    190.000       
# span 2 =     1.9521,     6.7725       
# span 3 =     1.9500,     6.7732       
# span 4 =    -0.0436,     0.0665       
# span 5 =   0.716629,   1.393867       
# span 6 =   0.716852,   1.393861       
# span 7 =          1,          1       
# span 8 =    0.02197,   10.11554       
# span 9 =    0.02511,    9.96127       
# span 10 =       5.09,      99.23      
# span 11 =     0.2629,     4.8457      
# span 12 =     0.1503,     0.8920      
# span 13 = 1.0000e-12, 6.0500e+03      
# span 14 =     0.1255,     1.0539      
# span 15 =     6.9534,    12.7025      
# span 16 =     6.9559,    12.7021      
# span 17 =    -0.0398,     0.0803      
# span 18 =     5.5427,     9.9236      
# span 19 =     5.5447,     9.9233      
# span 20 =      0.991,    188.153      
# span 21 =      1.013,    191.984      
# span 22 =     -0.074,      0.697      
# span 23 =    1422.27,    1452.99      
# span 24 =    1422.26,    1453.00      
# span 25 = 0.0000e+00, 0.0000e+00      
# interval = decibars: 0.5              
# start_time = Apr 19 2018 06:31:23 [NMEA time, first data scan]
# bad_flag = -9.990e-29
*END*
[from data line 112]
       9841     57.000     2.3873     2.3899     0.0025    0.74077    0.74067          1     8.6759     8.5116      98.67     0.4530     0.2138  1.000e-12  0.1305000     7.3526     7.3509    -0.0017     5.8644     5.8631     56.464     57.726      0.498    1424.69    1424.70  0.000e+00
       9866     57.500     2.3535     2.3576     0.0041    0.74107    0.74107          1     8.6320     8.4681      98.67     0.3715     0.1956  1.000e-12  0.1422000     7.3636     7.3626    -0.0010     5.8732     5.8724     56.959     58.232      0.473    1424.55    1424.57  0.000e+00
       9891     58.000     2.3502     2.3481    -0.0021    0.74257    0.74236          1     8.6629     8.4984      98.67     0.3888     0.2191  1.000e-12  0.2221000     7.3803     7.3785    -0.0018     5.8866     5.8851     57.454     58.738      0.491    1424.56    1424.55  0.000e+00
       9915     58.500     2.4461     2.4407    -0.0054    0.74796    0.74747          1     8.6120     8.4367      98.67     0.4596     0.2596  1.000e-12  0.1580000     7.4153     7.4113    -0.0040     5.9146     5.9114     57.950     59.245      0.534    1425.07    1425.04  0.000e+00
       9936     59.000     2.5029     2.5042     0.0013    0.75176    0.75173          1     8.5030     8.3152      61.22     0.4126     0.2538  1.000e-12  0.1394000     7.4424     7.4417    -0.0006     5.9362     5.9357     58.445     59.751      0.559    1425.37    1425.38  0.000e+00
       9958     59.500     2.5175     2.5174    -0.0001    0.75278    0.75269          1     8.4029     8.2195      98.85     0.3723     0.2435  1.000e-12  0.1333000     7.4497     7.4488    -0.0009     5.9420     5.9413     58.940     60.257      0.547    1425.46    1425.46  0.000e+00
       9980     60.000     2.5422     2.5427     0.0005    0.75480    0.75466          1     8.3172     8.1209      98.67     0.3575     0.2818  1.000e-12  0.1330000     7.4653     7.4637    -0.0016     5.9545     5.9531     59.435     60.764      0.500    1425.60    1425.60  0.000e+00
      10006     60.500     2.6034     2.5986    -0.0049    0.75921    0.75885          1     8.1951     7.9612      98.67     0.3480     0.2678  1.000e-12  0.1349000     7.4977     7.4950    -0.0027     5.9801     5.9780     59.931     61.270      0.473    1425.94    1425.91  0.000e+00
      10031     61.000     2.7584     2.7518    -0.0066    0.76781    0.76733          1     8.0218     7.7804      98.67     0.3164     0.2295  1.000e-12  0.1306000     7.5521     7.5486    -0.0034     6.0228     6.0201     60.426     61.776      0.497    1426.74    1426.70  0.000e+00
      10054     61.500     2.9082     2.9031    -0.0050    0.77778    0.77732          1     7.7771     7.5519      98.67     0.3682     0.2274  1.000e-12  0.1408000     7.6216     7.6180    -0.0036     6.0773     6.0745     60.921     62.282      0.522    1427.53    1427.50  0.000e+00
      10077     62.000     3.0190     3.0209     0.0019    0.78636    0.78635          1     7.5630     7.3505      98.67     0.4887     0.2604  1.000e-12  0.1599000     7.6853     7.6848    -0.0006     6.1271     6.1266     61.416     62.788      0.530    1428.13    1428.14  0.000e+00
      10099     62.500     3.0527     3.0559     0.0031    0.78972    0.78984          1     7.4168     7.2137      85.11     0.3560     0.2108  1.000e-12  0.1255000     7.7125     7.7130     0.0005     6.1484     6.1487     61.911     63.295      0.532    1428.33    1428.34  0.000e+00
      10122     63.000     3.1897     3.1860    -0.0038    0.80038    0.79974          1     7.2266     7.0135      84.19     0.3686     0.2316  1.000e-12  0.1368000     7.7910     7.7852    -0.0058     6.2093     6.2047     62.407     63.801      0.519    1429.07    1429.04  0.000e+00
      10146     63.500     3.3624     3.3563    -0.0060    0.81335    0.81275          1     6.9256     6.6912      98.82     0.4118     0.2430  1.000e-12  0.1481000     7.8844     7.8797    -0.0047     6.2811     6.2774     62.902     64.307      0.501    1429.99    1429.95  0.000e+00
      10170     64.000     3.5140     3.5079    -0.0060    0.82426    0.82365          1     6.6105     6.3740      98.68     0.2709     0.2523  1.000e-12  0.1396000     7.9608     7.9559    -0.0048     6.3393     6.3355     63.397     64.813      0.503    1430.78    1430.75  0.000e+00
      10194     64.500     3.6404     3.6350    -0.0054    0.83458    0.83401          1     6.3388     6.1145      98.67     0.3251     0.2696  1.000e-12  0.1463000     8.0365     8.0320    -0.0045     6.3970     6.3935     63.892     65.319      0.503    1431.46    1431.43  0.000e+00
      10217     65.000     3.7929     3.7890    -0.0039    0.84729    0.84681          1     6.0593     5.8283      98.67     0.3102     0.1832  1.000e-12  0.1486000     8.1299     8.1259    -0.0040     6.4678     6.4647     64.388     65.825      0.501    1432.28    1432.26  0.000e+00
      10241     65.500     3.9776     3.9725    -0.0051    0.85934    0.85883          1     5.7447     5.5137      98.67     0.3605     0.2078  1.000e-12  0.1577000     8.2077     8.2037    -0.0040     6.5250     6.5220     64.883     66.331      0.503    1433.22    1433.19  0.000e+00
      10265     66.000     4.1250     4.1212    -0.0039    0.86807    0.86749          1     5.4898     5.2682      98.67     0.3436     0.2209  1.000e-12  0.1533000     8.2600     8.2551    -0.0049     6.5624     6.5586     65.378     66.837      0.516    1433.96    1433.94  0.000e+00
      10288     66.500     4.2664     4.2566    -0.0096    0.88247    0.88138          1     5.1489     4.9240      98.67     0.3324     0.2619  1.000e-12  0.1483000     8.3713     8.3627    -0.0086     6.6464     6.6399     65.873     67.343      0.516    1434.74    1434.69  0.000e+00
      10312     67.000     4.5179     4.4992    -0.0187    0.90415    0.90288          1     4.6376     4.4022      98.67     0.3525     0.2458  1.000e-12  0.1489000     8.5274     8.5194    -0.0081     6.7617     6.7560     66.368     67.849      0.498    1436.07    1435.98  0.000e+00
      10336     67.500     4.5696     4.5752     0.0055    0.91525    0.91500          1     4.2282     4.0147      98.67     0.3279     0.2448  1.000e-12  0.1547000     8.6266     8.6227    -0.0040     6.8385     6.8352     66.864     68.354      0.498    1436.43    1436.45  0.000e+00
      10360     68.000     4.6576     4.6485    -0.0090    0.92801    0.92710          1     3.9341     3.7332      98.67     0.2901     0.2277  1.000e-12  0.1667000     8.7328     8.7260    -0.0069     6.9193     6.9142     67.359     68.860      0.501    1436.97    1436.92  0.000e+00
      10384     68.500     4.8557     4.8471    -0.0085    0.94380    0.94310          1     3.5625     3.3605      98.67     0.2822     0.2035  1.000e-12  0.1838000     8.8399     8.8351    -0.0048     6.9962     6.9927     67.854     69.366      0.483    1437.98    1437.94  0.000e+00
      10410     69.000     5.0401     5.0350    -0.0051    0.96076    0.95996          1     3.1069     2.8952      98.67     0.2960     0.2234  1.000e-12  0.1880000     8.9613     8.9545    -0.0067     7.0842     7.0791     68.349     69.872      0.480    1438.96    1438.92  0.000e+00
      10434     69.500     5.1298     5.1266    -0.0031    0.97283    0.97223          1     2.7083     2.5148      98.67     0.2846     0.1997  1.000e-12  0.1586000     9.0582     9.0531    -0.0051     7.1568     7.1529     68.844     70.377      0.524    1439.48    1439.46  0.000e+00
      10456     70.000     5.2323     5.2302    -0.0021    0.98565    0.98516          1     2.4147     2.2580      98.66     0.2964     0.1682  1.000e-12  0.1497000     9.1587     9.1543    -0.0044     7.2314     7.2280     69.340     70.883      0.548    1440.06    1440.04  0.000e+00
      10478     70.500     5.2361     5.2394     0.0033    0.99282    0.99255          1     2.2413     2.1318      98.67     0.3085     0.2133  1.000e-12  0.1838000     9.2294     9.2257    -0.0036     7.2871     7.2840     69.835     71.389      0.519    1440.17    1440.18  0.000e+00
      10502     71.000     5.1392     5.1417     0.0027    0.99768    0.99735          1     2.1757     2.0906      98.66     0.3091     0.1715  1.000e-12  0.2014000     9.3049     9.3009    -0.0040     7.3514     7.3481     70.330     71.894      0.479    1439.85    1439.86  0.000e+00
      10528     71.500     5.1929     5.1871    -0.0058    1.00950    1.00886          1     1.9848     1.8765      98.66     0.2878     0.2253  1.000e-12  0.1885000     9.4086     9.4038    -0.0048     7.4307     7.4272     70.825     72.400      0.474    1440.23    1440.20  0.000e+00
      10553     72.000     5.3140     5.3129    -0.0010    1.02092    1.02061          1     1.7215     1.6053      98.66     0.3073     0.1927  1.000e-12  0.1640000     9.4889     9.4861    -0.0028     7.4882     7.4860     71.320     72.905      0.488    1440.87    1440.86  0.000e+00
      10577     72.500     5.3491     5.3461    -0.0030    1.02854    1.02809          1     1.5363     1.4183      98.66     0.2931     0.2415  1.000e-12  0.1565000     9.5552     9.5516    -0.0036     7.5388     7.5361     71.816     73.411      0.507    1441.11    1441.09  0.000e+00
      10600     73.000     5.4509     5.4447    -0.0063    1.03892    1.03834          1     1.3254     1.1849      98.66     0.2900     0.2295  1.000e-12  0.1544000     9.6299     9.6259    -0.0040     7.5925     7.5897     72.311     73.916      0.527    1441.65    1441.62  0.000e+00
      10622     73.500     5.5423     5.5383    -0.0040    1.05443    1.05370          1     1.0657     0.9293      91.13     0.3030     0.2143  1.000e-12  0.1731000     9.7584     9.7522    -0.0062     7.6890     7.6844     72.806     74.422      0.534    1442.22    1442.19  0.000e+00
      10645     74.000     5.5650     5.5642    -0.0008    1.06493    1.06465          1     0.8642     0.7629      96.29     0.3030     0.2066  1.000e-12  0.1947000     9.8565     9.8539    -0.0026     7.7653     7.7632     73.301     74.927      0.507    1442.45    1442.44  0.000e+00
      10670     74.500     5.5760     5.5751    -0.0009    1.06857    1.06834          1     0.7622     0.6953      98.63     0.3016     0.1994  1.000e-12  0.1859000     9.8895     9.8875    -0.0020     7.7907     7.7891     73.796     75.432      0.472    1442.54    1442.54  0.000e+00
      10696     75.000     5.5963     5.5955    -0.0008    1.07192    1.07173          1     0.7303     0.6821      98.67     0.3148     0.2101  1.000e-12  0.1754000     9.9169     9.9153    -0.0017     7.8112     7.8099     74.291     75.938      0.485    1442.68    1442.67  0.000e+00
      10719     75.500     5.6116     5.6106    -0.0010    1.07602    1.07572          1     0.7246     0.6780      83.60     0.3259     0.2189  1.000e-12  0.1860000     9.9533     9.9506    -0.0027     7.8390     7.8369     74.787     76.443      0.513    1442.80    1442.79  0.000e+00
      10743     76.000     5.6457     5.6427    -0.0029    1.08321    1.08276          1     0.6657     0.6066      64.66     0.3297     0.1991  1.000e-12  0.1905000    10.0148    10.0112    -0.0037     7.8856     7.8829     75.282     76.948      0.506    1443.03    1443.01  0.000e+00
      10767     76.500     5.6713     5.6707    -0.0006    1.08987    1.08953          1     0.5863     0.5314      98.58     0.3179     0.1749  1.000e-12  0.1958000    10.0736    10.0703    -0.0032     7.9305     7.9280     75.777     77.453      0.496    1443.22    1443.21  0.000e+00
      10791     77.000     5.6907     5.6903    -0.0003    1.09862    1.09834          1     0.5173     0.4598      98.68     0.3155     0.1729  1.000e-12  0.1922000    10.1550    10.1523    -0.0027     7.9936     7.9915     76.272     77.959      0.521    1443.41    1443.41  0.000e+00
      10813     77.500     5.7232     5.7219    -0.0013    1.10478    1.10458          1     0.4333     0.3756      98.68     0.3441     0.2619  1.000e-12  0.1982000    10.2065    10.2049    -0.0016     8.0324     8.0312     76.767     78.464      0.533    1443.63    1443.62  0.000e+00
      10836     78.000     5.7477     5.7469    -0.0008    1.10973    1.10955          1     0.3724     0.3213      98.68     0.3098     0.2633  1.000e-12  0.1981000    10.2483    10.2468    -0.0015     8.0639     8.0628     77.263     78.969      0.500    1443.79    1443.79  0.000e+00
      10861     78.500     5.7623     5.7620    -0.0004    1.11291    1.11279          1     0.3493     0.3043      98.68     0.4843     0.2270  1.000e-12  0.2508000    10.2755    10.2745    -0.0011     8.0845     8.0837     77.758     79.474      0.468    1443.90    1443.89  0.000e+00
      10887     79.000     5.7697     5.7699     0.0002    1.11453    1.11446          1     0.3413     0.3053      98.14     0.3369     0.2406  1.000e-12  0.2180000    10.2894    10.2886    -0.0008     8.0949     8.0943     78.253     79.980      0.480    1443.96    1443.96  0.000e+00
      10911     79.500     5.7779     5.7777    -0.0002    1.11649    1.11638          1     0.3370     0.3014      58.32     0.3104     0.2051  1.000e-12  0.2393000    10.3063    10.3053    -0.0010     8.1078     8.1070     78.748     80.485      0.501    1444.02    1444.02  0.000e+00
      10935     80.000     5.7932     5.7924    -0.0007    1.12032    1.12014          1     0.3256     0.2936      98.41     0.3001     0.1824  1.000e-12  0.2139000    10.3397    10.3381    -0.0016     8.1333     8.1320     79.243     80.990      0.515    1444.13    1444.13  0.000e+00
      10958     80.500     5.8077     5.8074    -0.0002    1.12368    1.12356          1     0.3204     0.2907      98.67     0.3164     0.1930  1.000e-12  0.2202000    10.3686    10.3675    -0.0011     8.1552     8.1543     79.739     81.495      0.527    1444.24    1444.24  0.000e+00
      10981     81.000     5.8170     5.8169    -0.0001    1.12591    1.12581          1     0.3241     0.2932      98.66     0.3134     0.2068  1.000e-12  0.2379000    10.3879    10.3869    -0.0010     8.1698     8.1690     80.234     82.000      0.514    1444.31    1444.31  0.000e+00
      11005     81.500     5.8190     5.8200     0.0011    1.12768    1.12762          1     0.2893     0.2482      98.66     0.3096     0.1926  1.000e-12  0.2171000    10.4048    10.4039    -0.0009     8.1830     8.1822     80.729     82.505      0.473    1444.35    1444.36  0.000e+00
      11031     82.000     5.8047     5.8051     0.0004    1.12839    1.12830          1     0.1968     0.1477      98.66     0.3174     0.1773  1.000e-12  0.3376000    10.4163    10.4153    -0.0010     8.1929     8.1921     81.224     83.010      0.445    1444.31    1444.31  0.000e+00
      11058     82.500     5.8183     5.8180    -0.0003    1.13112    1.13102          1     0.1406     0.1023      98.66     0.3296     0.2118  1.000e-12  0.2936000    10.4392    10.4382    -0.0010     8.2101     8.2094     81.719     83.516      0.477    1444.41    1444.40  0.000e+00
      11082     83.000     5.8406     5.8406     0.0000    1.13613    1.13605          1     0.1281     0.0973      62.59     0.3488     0.2256  1.000e-12  0.2582000    10.4821    10.4813    -0.0007     8.2426     8.2420     82.214     84.021      0.519    1444.56    1444.56  0.000e+00
      11104     83.500     5.8489     5.8492     0.0003    1.13828    1.13822          1     0.1294     0.1054      98.49     0.3519     0.2439  1.000e-12  0.2747000    10.5008    10.5002    -0.0007     8.2569     8.2564     82.709     84.526      0.527    1444.63    1444.63  0.000e+00
      11128     84.000     5.8525     5.8528     0.0003    1.13909    1.13905          1     0.1307     0.1085      98.63     0.3273     0.2432  1.000e-12  0.2745000    10.5077    10.5072    -0.0005     8.2621     8.2617     83.205     85.031      0.506    1444.66    1444.66  0.000e+00
