ctdpy/tests/etc/all_smhi_bas_2018/SBE09_1044_20180318_2223_34_02_0066.cnv
* Sea-Bird SBE 9 Data File:
* FileName = C:\ctd\temp\2018\ME18D066.hex
* Software Version Seasave V 7.26.6.26
* Temperature SN = 5351
* Conductivity SN = 3941
* Number of Bytes Per Scan = 41
* Number of Voltage Words = 4
* Number of Scans Averaged by the Deck Unit = 1
* NMEA Latitude = 55 51.99 N
* NMEA Longitude = 012 44.88 E
* NMEA UTC (Time) = Mar 18 2018  22:23:47
* NMEA baud rate = 4800
** Station:  W Landskrona
** Operator:  SSip
** Ship: MERI
** Average sound velocity: 1461.23 m/s
** True-depth calculation Sun, 18 Mar 2018 22:57:15 +0000
** CTD Python Module SMHI /ver 3-12/ feb 2012 
** LIMS Job: 20183402-0066
** Cruise: SMHI-02-2018
** Latitude [GG MM.mm N] :
** Longitude [GG MM.mm E]:
# nquan = 26
# nvalues = 95                          
# units = specified
# name 0 = scan: Scan Count
# name 1 = prDM: Pressure, Digiquartz [db]
# name 2 = t090C: Temperature [ITS-90, deg C]
# name 3 = t190C: Temperature, 2 [ITS-90, deg C]
# name 4 = T2-T190C: Temperature Difference, 2 - 1 [ITS-90, deg C]
# name 5 = c0S/m: Conductivity [S/m]
# name 6 = c1S/m: Conductivity, 2 [S/m]
# name 7 = pumps: Pump Status
# name 8 = sbeox0ML/L: Oxygen, SBE 43 [ml/l]
# name 9 = sbeox1ML/L: Oxygen, SBE 43, 2 [ml/l]
# name 10 = altM: Altimeter [m]
# name 11 = flECO-AFL: Chl-a Fluorescence, WET Labs ECO-AFL/FL [mg/m^3]
# name 12 = flECO-AFL1: Phycocyanin Fluorescence, WET Labs ECO-AFL/FL, 2 [mg/m^3]
# name 13 = par: PAR/Irradiance, Biospherical/Lico [µE/(cm^2*s)]
# name 14 = turbWETntu0: Turbidity, WET Labs ECO [NTU]
# name 15 = sal00: Salinity, Practical [PSU]
# name 16 = sal11: Salinity, Practical, 2 [PSU]
# name 17 = secS-priS: Salinity, Practical, Difference, 2 - 1 [PSU]
# name 18 = sigma-t00: Density [sigma-t, Kg/m^3 ]
# name 19 = sigma-t11: Density, 2 [sigma-t, Kg/m^3 ]
# name 20 = depSM: Depth [salt water, m], lat = 55.8665
# name 21 = depFM: Depth [true depth, m], lat = 55.8665
# name 22 = dz/dtM: Descent Rate [m/s], WS = 2
# name 23 = svCM: Sound Velocity [Chen-Millero, m/s]
# name 24 = svCM1: Sound Velocity, 2 [Chen-Millero, m/s]
# name 25 = flag: flag
# span 0 =       1562,       3990       
# span 1 =      0.500,     47.500       
# span 2 =     0.8273,     6.1648       
# span 3 =     0.8308,     6.1649       
# span 4 =    -0.0240,     0.0793       
# span 5 =   0.874039,   3.303089       
# span 6 =   0.874152,   3.303148       
# span 7 =          1,          1       
# span 8 =    5.88951,    9.19161       
# span 9 =    5.85697,    9.21137       
# span 10 =       3.23,      49.12      
# span 11 =     0.3212,     1.4069      
# span 12 =     0.2215,     0.3744      
# span 13 = -5.723e-06, 3.1511e-01      
# span 14 =     0.4210,     6.0884      
# span 15 =     9.1957,    33.3093      
# span 16 =     9.1951,    33.3097      
# span 17 =    -0.0592,     0.5649      
# span 18 =     7.3301,    26.1964      
# span 19 =     7.3297,    26.1966      
# span 20 =      0.495,     47.063      
# span 21 =      0.506,     47.353      
# span 22 =     -0.031,      0.543      
# span 23 =    1419.59,    1474.04      
# span 24 =    1419.62,    1474.04      
# span 25 = 0.0000e+00, 0.0000e+00      
# interval = decibars: 0.5              
# start_time = Mar 18 2018 22:23:48 [NMEA time, first data scan]
# bad_flag = -9.990e-29
*END*
       1562      0.500     1.0135     1.0371     0.0237    0.88408    0.88609          1     9.1623     9.1907      49.12     0.8017     0.2380  2.785e-01  0.4210000     9.3000     9.3156     0.0156     7.4145     7.4274      0.495      0.506      0.139    1419.85    1419.98  0.000e+00
       1604      1.000     1.0366     1.0602     0.0237    0.88252    0.88203          1     9.1724     9.1925      48.83     0.7905     0.2690  3.151e-01  0.4792000     9.2753     9.2627    -0.0126     7.3950     7.3853      0.991      1.011      0.296    1419.93    1420.03  0.000e+00
       1639      1.500     1.0390     1.0619     0.0228    0.88059    0.87933          1     9.1747     9.2055      48.67     0.8244     0.2732  1.456e-01  0.5065000     9.2527     9.2315    -0.0211     7.3769     7.3602      1.486      1.517      0.376    1419.92    1420.00  0.000e+00
       1670      2.000     1.0376     1.0522     0.0146    0.87570    0.87609          1     9.1601     9.1970      48.15     0.7926     0.2904  5.875e-02  0.5200000     9.1978     9.1978     0.0000     7.3327     7.3330      1.982      2.022      0.387    1419.85    1419.92  0.000e+00
       1702      2.500     1.0015     1.0339     0.0324    0.87462    0.87544          1     9.1598     9.1926      47.60     0.7780     0.2474  1.334e-02  0.5103000     9.1961     9.1958    -0.0003     7.3308     7.3311      2.477      2.528      0.371    1419.68    1419.84  0.000e+00
       1734      3.000     0.9808     0.9876     0.0068    0.87404    0.87417          1     9.1641     9.1919      47.05     0.7625     0.2955  8.741e-03  0.5485000     9.1957     9.1951    -0.0006     7.3301     7.3297      2.973      3.033      0.379    1419.59    1419.62  0.000e+00
       1765      3.500     0.9864     0.9848    -0.0017    0.87426    0.87415          1     9.1661     9.1825      46.53     0.8036     0.2908  5.196e-03  0.5226000     9.1964     9.1957    -0.0008     7.3308     7.3302      3.468      3.539      0.377    1419.62    1419.62  0.000e+00
       1798      4.000     1.0235     1.0152    -0.0082    0.87657    0.87603          1     9.1916     9.1989      46.00     0.7748     0.2855  9.771e-03  0.5233000     9.2113     9.2078    -0.0036     7.3434     7.3404      3.964      4.044      0.358    1419.83    1419.79  0.000e+00
       1832      4.500     1.0902     1.0886    -0.0016    0.88802    0.88794          1     9.1835     9.1859      45.49     0.7692     0.2784  5.443e-04  0.5488000     9.3207     9.3202    -0.0005     7.4323     7.4319      4.459      4.550      0.351    1420.30    1420.30  0.000e+00
       1867      5.000     1.0548     1.0547     0.0002    0.89949    0.90001          1     9.1041     9.1340      44.93     0.8226     0.2682  3.611e-03  0.5809000     9.4611     9.4670     0.0059     7.5446     7.5493      4.955      5.055      0.338    1420.33    1420.33  0.000e+00
       1902      5.500     0.8639     0.8795     0.0152    0.91693    0.91640          1     9.1272     9.1808      44.46     0.9091     0.3349 -5.723e-06  0.5764000     9.7183     9.7073    -0.0110     7.7483     7.7397      5.450      5.561      0.368    1419.76    1419.82  0.000e+00
       1933      6.000     0.8273     0.8308     0.0035    0.91973    0.91974          1     9.1647     9.2114      44.00     0.9607     0.2881  1.000e-12  0.5348000     9.7617     9.7606    -0.0011     7.7825     7.7817      5.945      6.066      0.395    1419.65    1419.66  0.000e+00
       1962      6.500     0.8440     0.8448     0.0009    0.92052    0.92053          1     9.1447     9.1727      43.49     1.0074     0.2388  1.000e-12  0.5514000     9.7653     9.7651    -0.0002     7.7857     7.7856      6.441      6.571      0.417    1419.74    1419.74  0.000e+00
       1991      7.000     0.8547     0.8470    -0.0078    0.92112    0.92068          1     9.1635     9.1816      43.04     1.0173     0.2871  1.000e-12  0.5204000     9.7687     9.7661    -0.0025     7.7886     7.7864      6.936      7.077      0.432    1419.80    1419.76  0.000e+00
       2018      7.500     0.9092     0.9162     0.0069    0.92456    0.92518          1     9.1771     9.1735      42.46     1.0164     0.2861  1.000e-12  0.5385000     9.7905     9.7954     0.0049     7.8071     7.8111      7.432      7.582      0.441    1420.10    1420.14  0.000e+00
       2045      8.000     1.0249     1.0214    -0.0035    0.94521    0.94532          1     9.0264     9.0314      42.11     0.9848     0.2990  1.000e-12  0.5491000     9.9887     9.9910     0.0024     7.9680     7.9699      7.927      8.087      0.448    1420.93    1420.91  0.000e+00
       2072      8.500     0.9894     0.9877    -0.0015    0.97151    0.97257          1     9.0016     9.0299      41.56     0.9661     0.3176  1.000e-12  0.5291000    10.3000    10.3126     0.0126     8.2177     8.2278      8.423      8.593      0.455    1421.17    1421.19  0.000e+00
       2098      9.000     0.9348     0.9414     0.0067    1.00776    1.00970          1     9.0410     9.0286      40.84     1.0519     0.3043  1.000e-12  0.5989000    10.7332    10.7531     0.0199     8.5650     8.5811      8.918      9.098      0.466    1421.49    1421.55  0.000e+00
       2123      9.500     1.1797     1.1821     0.0021    1.07327    1.07509          1     7.8065     7.7689      40.37     1.1170     0.3027  1.000e-12  0.5865000    11.3967    11.4166     0.0200     9.0999     9.1159      9.413      9.602      0.474    1423.54    1423.58  0.000e+00
       2148     10.000     1.3364     1.3388     0.0024    1.11346    1.11525          1     7.9344     7.8946      39.74     1.1362     0.3351  1.000e-12  0.5149000    11.7982    11.8177     0.0195     9.4227     9.4383      9.909     10.107      0.478    1424.83    1424.86  0.000e+00
       2173     10.500     1.7032     1.7834     0.0793    1.24132    1.29438          1     8.1870     7.8609      39.16     1.2385     0.3493  1.000e-12  0.5406000    13.1036    13.6686     0.5649    10.4639    10.9123     10.404     10.611      0.482    1428.26    1429.35  0.000e+00
       2198     11.000     4.4312     4.4344     0.0041    2.48193    2.49750          1     7.3571     6.9022      38.82     1.4069     0.3744  1.000e-12  0.7506000    25.5953    25.7728     0.1776    20.2760    20.4173     10.900     11.113      0.488    1456.54    1456.79  0.000e+00
       2222     11.500     5.0956     5.0740    -0.0216    2.76255    2.76055          1     6.4481     6.1218      38.44     1.0048     0.3115  1.000e-12  0.9803000    28.2363    28.2320    -0.0043    22.3081    22.3068     11.395     11.612      0.487    1462.71    1462.61  0.000e+00
       2247     12.000     5.3271     5.3169    -0.0100    2.85670    2.85588          1     6.0019     5.8570      37.90     0.8348     0.2911  1.000e-12  1.1413000    29.0968    29.0964    -0.0004    22.9650    22.9658     11.891     12.110      0.484    1464.76    1464.72  0.000e+00
       2272     12.500     5.4064     5.4015    -0.0050    2.89013    2.89009          1     5.9232     5.8891      37.51     0.7870     0.3340  1.000e-12  1.2744000    29.4026    29.4065     0.0038    23.1984    23.2019     12.386     12.607      0.480    1465.48    1465.46  0.000e+00
       2297     13.000     5.6082     5.5843    -0.0240    2.99202    2.98480          1     5.9317     5.9313      37.00     0.7164     0.3312  1.000e-12  1.2421000    30.3651    30.3058    -0.0592    23.9368    23.8926     12.881     13.105      0.486    1467.53    1467.35  0.000e+00
       2321     13.500     5.7808     5.7609    -0.0199    3.07230    3.06697          1     5.9239     5.9334      36.60     0.5572     0.2439  1.000e-12  1.6612000    31.1073    31.0660    -0.0413    24.5036    24.4733     13.377     13.602      0.502    1469.17    1469.04  0.000e+00
       2345     14.000     5.8445     5.8250    -0.0195    3.09984    3.09449          1     5.9028     5.9157      36.11     0.4702     0.2970  1.000e-12  1.9316000    31.3564    31.3147    -0.0417    24.6930    24.6623     13.872     14.099      0.510    1469.75    1469.62  0.000e+00
       2368     14.500     5.8772     5.8719    -0.0053    3.11305    3.11279          1     5.9019     5.9124      35.61     0.4597     0.2706  1.000e-12  2.1842000    31.4736    31.4756     0.0021    24.7816    24.7839     14.368     14.596      0.516    1470.04    1470.02  0.000e+00
       2392     15.000     5.9094     5.9133     0.0039    3.12800    3.13234          1     5.8944     5.9055      35.09     0.4380     0.2708  1.000e-12  2.3200000    31.6104    31.6554     0.0449    24.8859    24.9209     14.863     15.093      0.522    1470.35    1470.42  0.000e+00
       2414     15.500     5.9768     5.9740    -0.0027    3.16090    3.16193          1     5.8895     5.9107      34.57     0.4218     0.2372  1.000e-12  2.5397000    31.9147    31.9290     0.0142    25.1182    25.1297     15.359     15.590      0.524    1471.01    1471.02  0.000e+00
       2437     16.000     5.9824     5.9804    -0.0020    3.18351    3.18383          1     5.8944     5.9286      34.07     0.3968     0.2383  1.000e-12  2.7223000    32.1620    32.1675     0.0054    25.3128    25.3173     15.854     16.087      0.522    1471.35    1471.35  0.000e+00
       2460     16.500     5.9842     5.9813    -0.0028    3.19770    3.19741          1     5.9332     5.9585      33.54     0.3590     0.2830  1.000e-12  2.6424000    32.3189    32.3184    -0.0005    25.4364    25.4364     16.349     16.583      0.526    1471.57    1471.55  0.000e+00
       2483     17.000     5.9883     5.9868    -0.0016    3.20006    3.20044          1     5.9525     5.9680      33.17     0.3357     0.2651  1.000e-12  2.4194000    32.3411    32.3469     0.0058    25.4534    25.4582     16.845     17.080      0.536    1471.62    1471.62  0.000e+00
       2505     17.500     6.0537     6.0412    -0.0125    3.23311    3.22835          1     5.9400     5.9514      32.98     0.3451     0.2217  1.000e-12  2.5641000    32.6479    32.6067    -0.0412    25.6878    25.6567     17.340     17.576      0.536    1472.27    1472.17  0.000e+00
       2528     18.000     6.1003     6.0964    -0.0040    3.25440    3.25426          1     5.9376     5.9417      32.48     0.3216     0.2652  1.000e-12  3.1552000    32.8409    32.8431     0.0023    25.8344    25.8366     17.836     18.073      0.532    1472.71    1472.70  0.000e+00
       2550     18.500     6.1255     6.1246    -0.0009    3.27621    3.27817          1     5.9410     5.9518      31.97     0.3323     0.2328  1.000e-12  3.7592000    33.0601    33.0828     0.0227    26.0043    26.0224     18.331     18.569      0.533    1473.10    1473.12  0.000e+00
       2573     19.000     6.1474     6.1450    -0.0024    3.29670    3.29589          1     5.9399     5.9630      31.44     0.3240     0.2318  1.000e-12  4.2358000    33.2677    33.2610    -0.0067    26.1655    26.1605     18.826     19.066      0.536    1473.45    1473.44  0.000e+00
       2595     19.500     6.1488     6.1480    -0.0008    3.29745    3.29742          1     5.9414     5.9559      29.94     0.3437     0.2710  1.000e-12  4.7755000    33.2745    33.2749     0.0005    26.1707    26.1711     19.322     19.562      0.539    1473.48    1473.47  0.000e+00
       2617     20.000     6.1505     6.1508     0.0002    3.29844    3.29870          1     5.9482     5.9480      29.38     0.3633     0.3153  1.000e-12  5.0840000    33.2836    33.2864     0.0028    26.1777    26.1798     19.817     20.058      0.541    1473.50    1473.51  0.000e+00
       2639     20.500     6.1509     6.1501    -0.0008    3.29861    3.29844          1     5.9461     5.9591      29.17     0.3574     0.3126  1.000e-12  5.2403000    33.2850    33.2838    -0.0012    26.1787    26.1779     20.313     20.554      0.541    1473.51    1473.51  0.000e+00
       2662     21.000     6.1500     6.1499    -0.0002    3.29808    3.29818          1     5.9466     5.9675      28.86     0.3372     0.2420  1.000e-12  5.3673000    33.2796    33.2809     0.0013    26.1746    26.1756     20.808     21.051      0.542    1473.51    1473.51  0.000e+00
       2684     21.500     6.1506     6.1506     0.0000    3.29834    3.29836          1     5.9521     5.9695      28.44     0.3577     0.2406  1.000e-12  5.0764000    33.2817    33.2819     0.0002    26.1762    26.1763     21.304     21.547      0.543    1473.52    1473.53  0.000e+00
       2706     22.000     6.1502     6.1506     0.0004    3.29810    3.29824          1     5.9523     5.9693      27.65     0.3336     0.2288  1.000e-12  5.5376000    33.2792    33.2804     0.0012    26.1742    26.1751     21.799     22.043      0.541    1473.53    1473.53  0.000e+00
       2728     22.500     6.1538     6.1533    -0.0004    3.29970    3.29935          1     5.9544     5.9691      27.52     0.3220     0.2547  1.000e-12  5.2031000    33.2932    33.2898    -0.0034    26.1849    26.1822     22.294     22.540      0.539    1473.57    1473.56  0.000e+00
       2750     23.000     6.1554     6.1562     0.0008    3.30051    3.30060          1     5.9532     5.9676      27.20     0.3302     0.2633  1.000e-12  5.3099000    33.3005    33.3007     0.0002    26.1904    26.1904     22.790     23.036      0.537    1473.59    1473.60  0.000e+00
       2773     23.500     6.1554     6.1553    -0.0001    3.30046    3.30036          1     5.9484     5.9628      26.90     0.3404     0.2426  1.000e-12  5.5452000    33.2998    33.2987    -0.0011    26.1898    26.1890     23.285     23.532      0.534    1473.60    1473.60  0.000e+00
       2795     24.000     6.1554     6.1550    -0.0004    3.30050    3.30034          1     5.9476     5.9615      26.34     0.3391     0.2851  1.000e-12  5.6209000    33.2999    33.2986    -0.0013    26.1899    26.1889     23.781     24.028      0.532    1473.61    1473.60  0.000e+00
       2818     24.500     6.1557     6.1554    -0.0003    3.30066    3.30056          1     5.9522     5.9633      11.73     0.3372     0.2871  1.000e-12  5.4935000    33.3011    33.3003    -0.0008    26.1908    26.1902     24.276     24.525      0.534    1473.62    1473.62  0.000e+00
       2840     25.000     6.1563     6.1562    -0.0001    3.30083    3.30085          1     5.9599     5.9645      25.49     0.3457     0.2657  1.000e-12  5.4108000    33.3022    33.3026     0.0003    26.1916    26.1919     24.771     25.021      0.537    1473.63    1473.63  0.000e+00
       2863     25.500     6.1565     6.1565    -0.0001    3.30094    3.30094          1     5.9589     5.9649      25.29     0.3458     0.3000  1.000e-12  5.6287000    33.3030    33.3030    -0.0000    26.1922    26.1922     25.267     25.517      0.534    1473.64    1473.64  0.000e+00
       2885     26.000     6.1565     6.1564    -0.0001    3.30094    3.30097          1     5.9510     5.9649      24.85     0.3576     0.2682  1.000e-12  5.5083000    33.3027    33.3032     0.0004    26.1920    26.1924     25.762     26.014      0.532    1473.65    1473.65  0.000e+00
       2908     26.500     6.1566     6.1567     0.0001    3.30100    3.30105          1     5.9493     5.9653      24.36     0.3795     0.2461  1.000e-12  5.6500000    33.3031    33.3036     0.0005    26.1923    26.1927     26.257     26.510      0.534    1473.66    1473.66  0.000e+00
       2930     27.000     6.1564     6.1565     0.0001    3.30099    3.30103          1     5.9564     5.9656      23.92     0.3725     0.2713  1.000e-12  5.5406000    33.3029    33.3032     0.0003    26.1922    26.1924     26.753     27.006      0.536    1473.66    1473.66  0.000e+00
       2953     27.500     6.1562     6.1564     0.0002    3.30093    3.30099          1     5.9496     5.9660      23.39     0.3541     0.2661  1.000e-12  5.9102000    33.3022    33.3026     0.0005    26.1916    26.1920     27.248     27.502      0.532    1473.67    1473.67  0.000e+00
