ctdpy/tests/etc/all_smhi_bas_2018/SBE09_1044_20181114_0638_34_01_0144.cnv
* Sea-Bird SBE 9 Data File:
* FileName = C:\ctd\temp\ar18d144.hex
* Software Version Seasave V 7.26.7.107
* Temperature SN = 5351
* Conductivity SN = 3941
* Number of Bytes Per Scan = 41
* Number of Voltage Words = 4
* Number of Scans Averaged by the Deck Unit = 1
* NMEA Latitude = 57 07.03 N
* NMEA Longitude = 017 40.14 E
* NMEA UTC (Time) = Nov 14 2018  06:38:43
* NMEA baud rate = 4800
** Station:  BY38
** Operator:  JKro
** Ship: ARANDA
** Average sound velocity: 1441.30 m/s
** True-depth calculation Wed, 14 Nov 2018 08:01:21 +0000
** CTD Python Module SMHI /ver 3-12/ feb 2012 
** LIMS Job: 20183401-0144
** Cruise: SMHI-6-2018
** Latitude [GG MM.mm N]:
** Longitude [GG MM.mm E]
# nquan = 26
# nvalues = 208                         
# units = specified
# name 0 = scan: Scan Count
# name 1 = prDM: Pressure, Digiquartz [db]
# name 2 = t090C: Temperature [ITS-90, deg C]
# name 3 = t190C: Temperature, 2 [ITS-90, deg C]
# name 4 = T2-T190C: Temperature Difference, 2 - 1 [ITS-90, deg C]
# name 5 = c0S/m: Conductivity [S/m]
# name 6 = c1S/m: Conductivity, 2 [S/m]
# name 7 = pumps: Pump Status
# name 8 = sbeox0ML/L: Oxygen, SBE 43 [ml/l]
# name 9 = sbeox1ML/L: Oxygen, SBE 43, 2 [ml/l]
# name 10 = altM: Altimeter [m]
# name 11 = flECO-AFL: Chl-a Fluorescence, WET Labs ECO-AFL/FL [mg/m^3]
# name 12 = flECO-AFL1: Phycocyanin Fluorescence, WET Labs ECO-AFL/FL, 2 [mg/m^3]
# name 13 = par: PAR/Irradiance, Biospherical/Lico [µE/(cm^2*s)]
# name 14 = turbWETntu0: Turbidity, WET Labs ECO [NTU]
# name 15 = sal00: Salinity, Practical [PSU]
# name 16 = sal11: Salinity, Practical, 2 [PSU]
# name 17 = secS-priS: Salinity, Practical, Difference, 2 - 1 [PSU]
# name 18 = sigma-t00: Density [sigma-t, Kg/m^3 ]
# name 19 = sigma-t11: Density, 2 [sigma-t, Kg/m^3 ]
# name 20 = depSM: Depth [salt water, m], lat = 57.1172
# name 21 = depFM: Depth [true depth, m], lat = 57.1172
# name 22 = dz/dtM: Descent Rate [m/s], WS = 2
# name 23 = svCM: Sound Velocity [Chen-Millero, m/s]
# name 24 = svCM1: Sound Velocity, 2 [Chen-Millero, m/s]
# name 25 = flag: flag
# span 0 =      28963,      36812       
# span 1 =      1.000,    104.500       
# span 2 =     4.2062,     7.6749       
# span 3 =     4.2081,     7.6764       
# span 4 =    -0.0830,     0.0146       
# span 5 =   0.807353,   1.122318       
# span 6 =   0.807448,   1.124749       
# span 7 =          1,          1       
# span 8 =    0.02394,    7.70955       
# span 9 =    0.06105,    7.33501       
# span 10 =       2.60,      98.75      
# span 11 =     0.2352,     1.0692      
# span 12 =     0.1190,     0.3615      
# span 13 = -1.322e-05, 9.9488e+01      
# span 14 =     0.1636,     2.8574      
# span 15 =     7.0527,    10.4026      
# span 16 =     7.0523,    10.4225      
# span 17 =    -0.0176,     0.0199      
# span 18 =     5.4222,     8.1918      
# span 19 =     5.4218,     8.2067      
# span 20 =      0.991,    103.512      
# span 21 =      1.013,    105.745      
# span 22 =     -0.208,      0.756      
# span 23 =    1433.67,    1447.00      
# span 24 =    1433.68,    1447.00      
# span 25 = 0.0000e+00, 0.0000e+00      
# interval = decibars: 0.5              
# start_time = Nov 14 2018 06:38:43 [NMEA time, first data scan]
# bad_flag = -9.990e-29
*END*
[from data line 168]
      32983     85.000     5.1382     5.1399     0.0016    1.02400    1.02403          1     0.0634     0.1235      23.32     0.3825     0.2564  1.000e-12  1.9640000     9.5678     9.5676    -0.0002     7.5592     7.5589     84.201     86.040      0.580    1440.41    1440.41  0.000e+00
      33003     85.500     5.1428     5.1444     0.0016    1.02492    1.02494          1     0.0614     0.1221      22.73     0.3720     0.3024  1.000e-12  2.0345000     9.5757     9.5754    -0.0003     7.5652     7.5649     84.696     86.545      0.532    1440.45    1440.45  0.000e+00
      33034     86.000     5.1443     5.1465     0.0022    1.02519    1.02536          1     0.0597     0.1180      22.10     0.4026     0.2337  1.000e-12  2.1562000     9.5778     9.5789     0.0011     7.5668     7.5676     85.192     87.051      0.296    1440.46    1440.48  0.000e+00
      33087     86.500     5.1408     5.1401    -0.0007    1.02565    1.02612          1     0.0538     0.1157      21.44     0.3790     0.2552  1.000e-12  2.0945000     9.5834     9.5883     0.0050     7.5714     7.5754     85.687     87.556      0.380    1440.46    1440.47  0.000e+00
      33108     87.000     5.1616     5.1639     0.0022    1.03185    1.03196          1     0.0522     0.1168      21.07     0.3753     0.2912  1.000e-12  2.1312000     9.6398     9.6402     0.0004     7.6149     7.6152     86.182     88.062      0.590    1440.63    1440.64  0.000e+00
      33128     87.500     5.1983     5.1995     0.0012    1.03880    1.03870          1     0.0533     0.1142      20.57     0.3982     0.2663  1.000e-12  2.6658000     9.6991     9.6977    -0.0014     7.6600     7.6589     86.677     88.567      0.550    1440.88    1440.88  0.000e+00
      33159     88.000     5.2052     5.2086     0.0034    1.04176    1.04199          1     0.0546     0.1111      19.93     0.4144     0.2318  1.000e-12  2.8574000     9.7268     9.7281     0.0013     7.6816     7.6824     87.172     89.072      0.298    1440.95    1440.97  0.000e+00
      33207     88.500     5.2216     5.2243     0.0027    1.04616    1.04632          1     0.0528     0.1098      19.69     0.4180     0.3100  1.000e-12  2.4932000     9.7663     9.7671     0.0008     7.7120     7.7124     87.668     89.578      0.405    1441.08    1441.09  0.000e+00
      33228     89.000     5.2499     5.2515     0.0016    1.05179    1.05176          1     0.0514     0.1052      19.45     0.4100     0.2882  1.000e-12  2.4135000     9.8146     9.8138    -0.0008     7.7487     7.7480     88.163     90.083      0.592    1441.27    1441.28  0.000e+00
      33247     89.500     5.2761     5.2772     0.0011    1.05711    1.05700          1     0.0507     0.1071      18.68     0.3865     0.2654  1.000e-12  2.0886000     9.8603     9.8589    -0.0014     7.7835     7.7823     88.658     90.588      0.566    1441.45    1441.45  0.000e+00
      33274     90.000     5.2932     5.2943     0.0011    1.06033    1.06028          1     0.0526     0.1090      18.48     0.3968     0.2564  1.000e-12  1.6357000     9.8876     9.8868    -0.0008     7.8042     7.8035     89.153     91.094      0.357    1441.57    1441.57  0.000e+00
      33320     90.500     5.3067     5.3080     0.0013    1.06290    1.06292          1     0.0473     0.1037      17.55     0.3977     0.2510  1.000e-12  1.2587000     9.9094     9.9092    -0.0002     7.8207     7.8205     89.648     91.599      0.284    1441.66    1441.67  0.000e+00
      33352     91.000     5.3224     5.3244     0.0020    1.06590    1.06586          1     0.0500     0.1018      17.19     0.3993     0.2296  1.000e-12  1.2102000     9.9348     9.9339    -0.0009     7.8399     7.8391     90.143     92.104      0.452    1441.77    1441.78  0.000e+00
      33376     91.500     5.3488     5.3502     0.0014    1.07031    1.07028          1     0.0486     0.1034      16.75     0.3997     0.2560  1.000e-12  1.1543000     9.9713     9.9705    -0.0007     7.8674     7.8667     90.639     92.610      0.479    1441.94    1441.94  0.000e+00
      33403     92.000     5.3591     5.3604     0.0013    1.07183    1.07179          1     0.0493     0.1027      16.40     0.3893     0.2664  1.000e-12  1.0914000     9.9834     9.9826    -0.0007     7.8764     7.8757     91.134     93.115      0.420    1442.01    1442.01  0.000e+00
      33435     92.500     5.3704     5.3718     0.0014    1.07354    1.07351          1     0.0499     0.0995      15.71     0.4054     0.2887  1.000e-12  1.0905000     9.9972     9.9964    -0.0008     7.8867     7.8860     91.629     93.620      0.347    1442.08    1442.09  0.000e+00
      33469     93.000     5.3827     5.3841     0.0013    1.07634    1.07620          1     0.0451     0.0986      15.19     0.4116     0.2365  1.000e-12  1.0893000    10.0215    10.0197    -0.0018     7.9052     7.9038     92.124     94.126      0.378    1442.17    1442.18  0.000e+00
      33499     93.500     5.4058     5.4069     0.0010    1.08135    1.08125          1     0.0476     0.0996      14.91     0.4199     0.2626  1.000e-12  1.1213000    10.0648    10.0635    -0.0013     7.9382     7.9371     92.619     94.631      0.421    1442.34    1442.34  0.000e+00
      33528     94.000     5.4268     5.4278     0.0010    1.08499    1.08492          1     0.0449     0.0981      14.52     0.4009     0.2885  1.000e-12  1.0504000    10.0950    10.0940    -0.0010     7.9609     7.9601     93.115     95.136      0.378    1442.47    1442.48  0.000e+00
      33561     94.500     5.4394     5.4407     0.0014    1.08679    1.08676          1     0.0450     0.0966      14.00     0.3960     0.2282  1.000e-12  0.9270000    10.1092    10.1085    -0.0007     7.9715     7.9708     93.610     95.641      0.383    1442.55    1442.56  0.000e+00
      33590     95.000     5.4476     5.4489     0.0013    1.08814    1.08809          1     0.0441     0.0960      13.51     0.3866     0.2336  1.000e-12  0.9651000    10.1201    10.1193    -0.0008     7.9797     7.9789     94.105     96.147      0.453    1442.61    1442.62  0.000e+00
      33616     95.500     5.4597     5.4605     0.0008    1.09042    1.09031          1     0.0450     0.0948      13.03     0.3998     0.2476  1.000e-12  0.8851000    10.1393    10.1380    -0.0013     7.9941     7.9930     94.600     96.652      0.434    1442.69    1442.70  0.000e+00
      33648     96.000     5.4762     5.4771     0.0009    1.09313    1.09305          1     0.0447     0.0958      12.44     0.4178     0.2693  1.000e-12  0.8727000    10.1614    10.1603    -0.0011     8.0107     8.0098     95.095     97.157      0.321    1442.80    1442.81  0.000e+00
      33687     96.500     5.4891     5.4900     0.0009    1.09559    1.09547          1     0.0440     0.0943      11.89     0.4242     0.2346  1.000e-12  0.8768000    10.1821    10.1806    -0.0015     8.0263     8.0251     95.590     97.662      0.371    1442.89    1442.89  0.000e+00
      33714     97.000     5.5049     5.5061     0.0011    1.09877    1.09869          1     0.0445     0.0951      11.46     0.4313     0.2843  1.000e-12  0.7950000    10.2092    10.2080    -0.0011     8.0468     8.0458     96.086     98.167      0.488    1443.00    1443.01  0.000e+00
      33738     97.500     5.5153     5.5165     0.0013    1.10065    1.10061          1     0.0430     0.0905      10.96     0.4248     0.2637  1.000e-12  0.7655000    10.2248    10.2240    -0.0008     8.0585     8.0578     96.581     98.673      0.462    1443.07    1443.08  0.000e+00
      33769     98.000     5.5269     5.5283     0.0014    1.10261    1.10257          1     0.0429     0.0916      10.37     0.4334     0.2670  1.000e-12  0.7162000    10.2408    10.2400    -0.0008     8.0706     8.0698     97.076     99.178      0.330    1443.15    1443.16  0.000e+00
      33808     98.500     5.5369     5.5381     0.0012    1.10423    1.10419          1     0.0412     0.0902       9.77     0.4322     0.2881  1.000e-12  0.7159000    10.2540    10.2532    -0.0007     8.0804     8.0797     97.571     99.683      0.364    1443.22    1443.22  0.000e+00
      33836     99.000     5.5453     5.5463     0.0010    1.10575    1.10570          1     0.0427     0.0913       9.36     0.4187     0.2273  1.000e-12  0.7184000    10.2665    10.2656    -0.0009     8.0898     8.0891     98.066    100.188      0.467    1443.28    1443.28  0.000e+00
      33861     99.500     5.5552     5.5558     0.0006    1.10769    1.10756          1     0.0408     0.0912       8.43     0.4361     0.1954  1.000e-12  0.7286000    10.2828    10.2813    -0.0015     8.1021     8.1009     98.561    100.693      0.445    1443.35    1443.35  0.000e+00
      33892    100.000     5.5649     5.5660     0.0011    1.10968    1.10961          1     0.0432     0.0905       8.12     0.4339     0.2580  1.000e-12  0.6714000    10.2998    10.2987    -0.0010     8.1149     8.1140     99.057    101.199      0.322    1443.42    1443.43  0.000e+00
      33940    100.500     5.5728     5.5732     0.0004    1.11096    1.11081          1     0.0389     0.0889       7.46     0.4197     0.2743  1.000e-12  0.6056000    10.3100    10.3084    -0.0017     8.1226     8.1213     99.552    101.704      0.262    1443.48    1443.48  0.000e+00
      33973    101.000     5.5813     5.5826     0.0013    1.11221    1.11220          1     0.0399     0.0870       7.24     0.4454     0.2678  1.000e-12  0.5982000    10.3199    10.3194    -0.0005     8.1299     8.1294    100.047    102.209      0.458    1443.54    1443.54  0.000e+00
      34008    101.500     5.5829     5.5855     0.0024    1.11250    1.11277          1     0.0406     0.0875       6.71     0.4554     0.2808  1.000e-12  0.5525000    10.3222    10.3241     0.0019     8.1316     8.1330    100.542    102.714      0.340    1443.55    1443.57  0.000e+00
      34097    102.000     5.5874     5.5830    -0.0043    1.11348    1.11242          1     0.0389     0.0870       6.10     0.4499     0.2321  1.000e-12  0.5014000    10.3306    10.3213    -0.0093     8.1380     8.1309    101.037    103.219      0.391    1443.59    1443.56  0.000e+00
      34122    102.500     5.6008     5.6015     0.0006    1.11551    1.11540          1     0.0409     0.0867       5.68     0.4538     0.2625  1.000e-12  0.5638000    10.3467    10.3453    -0.0013     8.1499     8.1488    101.532    103.724      0.365    1443.68    1443.68  0.000e+00
      34227    103.000     5.6009     5.5933    -0.0075    1.11572    1.11416          1     0.0392     0.0819       4.52     0.4228     0.2374  1.000e-12  0.5651000    10.3487    10.3353    -0.0133     8.1515     8.1414    102.028    104.230      0.360    1443.69    1443.64  0.000e+00
      34263    103.500     5.6137     5.6130    -0.0007    1.11805    1.11771          1     0.0369     0.0846       4.07     0.4407     0.2495  1.000e-12  0.5644000    10.3680    10.3648    -0.0032     8.1660     8.1635    102.523    104.735      0.350    1443.78    1443.77  0.000e+00
      34488    104.000     5.6200     5.6106    -0.0094    1.11930    1.11725          1     0.0363     0.0823       3.48     0.4309     0.2599  1.000e-12  0.5728000    10.3784    10.3608    -0.0176     8.1739     8.1605    103.018    105.240      0.284    1443.82    1443.76  0.000e+00
      36812    104.500     5.6393     5.6539     0.0146    1.12232    1.12475          1     0.0239     0.0611       2.60     0.4495     0.3053  1.000e-12  0.6011000    10.4026    10.4225     0.0199     8.1918     8.2067    103.512    105.745     -0.208    1443.94    1444.03  0.000e+00
