ctdpy/tests/etc/all_smhi_bas_2018/SBE09_1044_20180924_0700_34_01_0047.cnv
* Sea-Bird SBE 9 Data File:
* FileName = C:\ctd\temp\2018\AR18D047.hex
* Software Version Seasave V 7.26.6.26
* Temperature SN = 5351
* Conductivity SN = 3941
* Number of Bytes Per Scan = 41
* Number of Voltage Words = 4
* Number of Scans Averaged by the Deck Unit = 1
* NMEA Latitude = 58 18.90 N
* NMEA Longitude = 010 56.35 E
* NMEA UTC (Time) = Sep 24 2018  07:00:12
* NMEA baud rate = 4800
** Station:  Å14
** Operator:  MHan
** Ship: ARANDA
** Average sound velocity: 1500.08 m/s
** True-depth calculation Mon, 24 Sep 2018 07:12:21 +0000
** CTD Python Module SMHI /ver 3-12/ feb 2012 
** LIMS Job: 20183401-0047
** Cruise: SMHI-02-2018
** Latitude [GG MM.mm N] :
** Longitude [GG MM.mm E]:
# nquan = 26
# nvalues = 208                         
# units = specified
# name 0 = scan: Scan Count
# name 1 = prDM: Pressure, Digiquartz [db]
# name 2 = t090C: Temperature [ITS-90, deg C]
# name 3 = t190C: Temperature, 2 [ITS-90, deg C]
# name 4 = T2-T190C: Temperature Difference, 2 - 1 [ITS-90, deg C]
# name 5 = c0S/m: Conductivity [S/m]
# name 6 = c1S/m: Conductivity, 2 [S/m]
# name 7 = pumps: Pump Status
# name 8 = sbeox0ML/L: Oxygen, SBE 43 [ml/l]
# name 9 = sbeox1ML/L: Oxygen, SBE 43, 2 [ml/l]
# name 10 = altM: Altimeter [m]
# name 11 = flECO-AFL: Chl-a Fluorescence, WET Labs ECO-AFL/FL [mg/m^3]
# name 12 = flECO-AFL1: Phycocyanin Fluorescence, WET Labs ECO-AFL/FL, 2 [mg/m^3]
# name 13 = par: PAR/Irradiance, Biospherical/Lico [µE/(cm^2*s)]
# name 14 = turbWETntu0: Turbidity, WET Labs ECO [NTU]
# name 15 = sal00: Salinity, Practical [PSU]
# name 16 = sal11: Salinity, Practical, 2 [PSU]
# name 17 = secS-priS: Salinity, Practical, Difference, 2 - 1 [PSU]
# name 18 = sigma-t00: Density [sigma-t, Kg/m^3 ]
# name 19 = sigma-t11: Density, 2 [sigma-t, Kg/m^3 ]
# name 20 = depSM: Depth [salt water, m], lat = 58.315
# name 21 = depFM: Depth [true depth, m], lat = 58.315
# name 22 = dz/dtM: Descent Rate [m/s], WS = 2
# name 23 = svCM: Sound Velocity [Chen-Millero, m/s]
# name 24 = svCM1: Sound Velocity, 2 [Chen-Millero, m/s]
# name 25 = flag: flag
# span 0 =       1175,       6332       
# span 1 =      0.500,    104.000       
# span 2 =    11.5664,    14.7357       
# span 3 =    11.5672,    14.7357       
# span 4 =    -0.0374,     0.0266       
# span 5 =   3.573479,   4.129627       
# span 6 =   3.605531,   4.129463       
# span 7 =          1,          1       
# span 8 =    4.93937,    5.78114       
# span 9 =    3.15927,   10.31223       
# span 10 =       1.38,      99.29      
# span 11 =     0.3334,     1.4210      
# span 12 =     0.1792,     0.4060      
# span 13 = -4.817e-07, 4.2039e+03      
# span 14 =     0.3898,    12.1537      
# span 15 =    28.7969,    34.6475      
# span 16 =    29.0862,    34.6471      
# span 17 =    -0.0803,     0.2893      
# span 18 =    21.2676,    26.3970      
# span 19 =    21.4905,    26.3966      
# span 20 =      0.495,    103.008      
# span 21 =      0.499,    103.292      
# span 22 =     -0.210,      1.154      
# span 23 =    1496.39,    1503.83      
# span 24 =    1496.39,    1503.84      
# span 25 = 0.0000e+00, 0.0000e+00      
# interval = decibars: 0.5              
# start_time = Sep 24 2018 07:00:12 [NMEA time, first data scan]
# bad_flag = -9.990e-29
*END*
[from data line 112]
       4100     56.500    13.2679    13.2665    -0.0014    4.07575    4.07567          1     5.2198     3.7571      54.28     0.4064     0.2759  1.000e-12  0.8769000    34.5335    34.5341     0.0006    25.9775    25.9782     55.967     56.151      0.453    1501.46    1501.46  0.000e+00
       4192     57.000    13.2503    13.2520     0.0017    4.07449    4.07468          1     5.1757     3.7305      53.38     0.3722     0.2740  1.000e-12  0.8359000    34.5374    34.5377     0.0003    25.9841    25.9840     56.462     56.648      0.860    1501.42    1501.42  0.000e+00
       4203     57.500    13.2585    13.2595     0.0010    4.07559    4.07570          1     5.1374     3.7214      53.29     0.3714     0.2657  1.000e-12  0.8323000    34.5402    34.5403     0.0001    25.9846    25.9845     56.958     57.144      1.071    1501.46    1501.46  0.000e+00
       4213     58.000    13.2644    13.2649     0.0004    4.07644    4.07652          1     5.1001     3.7142      52.73     0.3911     0.2790  1.000e-12  0.9569000    34.5426    34.5430     0.0004    25.9853    25.9854     57.453     57.641      1.136    1501.49    1501.49  0.000e+00
       4222     58.500    13.1914    13.1809    -0.0103    4.06844    4.06712          1     5.0680     3.7079      51.31     0.4067     0.2949  1.000e-12  1.0406000    34.5330    34.5300    -0.0031    25.9926    25.9923     57.948     58.137      1.053    1501.24    1501.20  0.000e+00
       4235     59.000    12.9991    12.9921    -0.0069    4.04879    4.04811          1     5.0353     3.7020      51.01     0.4014     0.2893  1.000e-12  1.0827000    34.5212    34.5212    -0.0001    26.0221    26.0235     58.443     58.633      0.720    1500.60    1500.57  0.000e+00
       4311     59.500    12.9273    12.9368     0.0093    4.04126    4.04234          1     5.0057     3.6718      49.87     0.3744     0.2322  1.000e-12  0.9769000    34.5148    34.5164     0.0017    26.0315    26.0309     58.939     59.130      0.603    1500.36    1500.39  0.000e+00
       4337     60.000    12.8654    12.8674     0.0012    4.03517    4.03530          1     4.9857     3.6559      49.43     0.3584     0.2229  1.000e-12  0.9373000    34.5129    34.5124    -0.0005    26.0424    26.0416     59.434     59.626      0.848    1500.16    1500.16  0.000e+00
       4350     60.500    12.7598    12.7213    -0.0374    4.02511    4.02177          1     4.9801     3.6512      49.16     0.3334     0.2496  1.000e-12  0.9395000    34.5131    34.5164     0.0032    26.0634    26.0736     59.929     60.122      0.888    1499.81    1499.69  0.000e+00
       4363     61.000    12.6454    12.6393    -0.0060    4.01576    4.01545          1     4.9873     3.6549      48.65     0.3482     0.2501  1.000e-12  0.9679000    34.5281    34.5308     0.0026    26.0976    26.1009     60.424     60.619      0.824    1499.45    1499.44  0.000e+00
       4380     61.500    12.6027    12.6084     0.0055    4.01238    4.01297          1     4.9940     3.6564      48.25     0.3687     0.2504  1.000e-12  1.0076000    34.5346    34.5350     0.0004    26.1111    26.1102     60.919     61.115      0.620    1499.33    1499.35  0.000e+00
       4406     62.000    12.5750    12.5714    -0.0035    4.01003    4.00983          1     4.9639     3.6358      47.42     0.3396     0.2015  1.000e-12  0.9435000    34.5372    34.5387     0.0014    26.1185    26.1203     61.415     61.611      0.440    1499.25    1499.24  0.000e+00
       4431     62.500    12.5108    12.5181     0.0070    4.00380    4.00455          1     4.9450     3.6233      46.55     0.3702     0.2063  1.000e-12  0.9464000    34.5360    34.5365     0.0006    26.1301    26.1291     61.910     62.108      0.606    1499.04    1499.06  0.000e+00
       4448     63.000    12.3834    12.3930     0.0099    3.99191    3.99310          1     4.9562     3.6136      46.27     0.3581     0.2216  1.000e-12  0.9457000    34.5384    34.5410     0.0026    26.1568    26.1569     62.405     62.604      0.672    1498.62    1498.65  0.000e+00
       4467     63.500    12.3963    12.4001     0.0038    3.99439    3.99469          1     4.9653     3.5954      45.62     0.3646     0.2315  1.000e-12  0.9493000    34.5502    34.5497    -0.0006    26.1635    26.1623     62.900     63.100      0.542    1498.68    1498.70  0.000e+00
       4496     64.000    12.3968    12.3966    -0.0003    3.99506    3.99531          1     4.9609     3.5725      44.93     0.3625     0.2468  1.000e-12  0.9506000    34.5560    34.5586     0.0026    26.1679    26.1700     63.395     63.596      0.415    1498.70    1498.70  0.000e+00
       4521     64.500    12.3542    12.3466    -0.0076    3.99200    3.99118          1     4.9498     3.5568      44.35     0.3579     0.2871  1.000e-12  0.9985000    34.5655    34.5646    -0.0009    26.1835    26.1843     63.891     64.093      0.668    1498.57    1498.55  0.000e+00
       4536     65.000    12.2695    12.2675    -0.0018    3.98293    3.98273          1     4.9472     3.5439      43.97     0.3580     0.2498  1.000e-12  1.0226000    34.5558    34.5556    -0.0002    26.1923    26.1926     64.386     64.589      0.881    1498.28    1498.28  0.000e+00
       4548     65.500    12.2749    12.2766     0.0012    3.98403    3.98446          1     4.9725     3.5393      43.70     0.3799     0.2483  1.000e-12  1.0498000    34.5612    34.5637     0.0025    26.1955    26.1971     64.881     65.085      0.960    1498.32    1498.33  0.000e+00
       4560     66.000    12.2231    12.2294     0.0068    3.98276    3.98339          1     5.0178     3.5407      43.57     0.3824     0.2343  1.000e-12  1.0543000    34.5966    34.5969     0.0003    26.2330    26.2320     65.376     65.582      0.915    1498.19    1498.21  0.000e+00
       4574     66.500    12.2024    12.2179     0.0156    3.98198    3.98296          1     5.0495     3.5376      42.86     0.3928     0.2313  1.000e-12  1.1853000    34.6078    34.6030    -0.0048    26.2457    26.2390     65.871     66.078      0.717    1498.14    1498.19  0.000e+00
       4599     67.000    12.2206    12.2239     0.0031    3.98386    3.98419          1     5.0432     3.5349      41.91     0.3871     0.2123  1.000e-12  1.1314000    34.6091    34.6092     0.0001    26.2432    26.2426     66.367     66.574      0.429    1498.22    1498.23  0.000e+00
       4629     67.500    12.1383    12.1044    -0.0334    3.97685    3.97422          1     5.0532     3.5310      41.12     0.3933     0.2030  1.000e-12  1.1108000    34.6170    34.6229     0.0058    26.2652    26.2762     66.862     67.070      0.511    1497.95    1497.84  0.000e+00
       4649     68.000    12.0260    12.0292     0.0025    3.96758    3.96792          1     5.0302     3.5197      40.65     0.3614     0.2219  1.000e-12  1.2628000    34.6308    34.6311     0.0004    26.2973    26.2970     67.357     67.566      0.706    1497.60    1497.61  0.000e+00
       4664     68.500    12.0567    12.0476    -0.0090    3.97036    3.96951          1     5.0135     3.5059      40.39     0.3453     0.1792  1.000e-12  1.3378000    34.6291    34.6294     0.0003    26.2902    26.2922     67.852     68.063      0.825    1497.71    1497.68  0.000e+00
       4678     69.000    11.9986    11.9776    -0.0207    3.96510    3.96314          1     5.0160     3.4985      39.88     0.3694     0.1793  1.000e-12  1.4569000    34.6316    34.6320     0.0004    26.3032    26.3075     68.347     68.559      0.876    1497.52    1497.45  0.000e+00
       4691     69.500    11.8649    11.8760     0.0110    3.95286    3.95399          1     5.0189     3.4884      39.46     0.3711     0.2066  1.000e-12  1.4831000    34.6363    34.6369     0.0007    26.3322    26.3306     68.843     69.055      0.865    1497.07    1497.12  0.000e+00
       4705     70.000    11.8651    11.8676     0.0026    3.95301    3.95310          1     5.0140     3.4825      39.02     0.3825     0.2209  1.000e-12  1.7075000    34.6373    34.6359    -0.0014    26.3330    26.3314     69.338     69.551      0.794    1497.09    1497.09  0.000e+00
       4722     70.500    11.8336    11.8305    -0.0032    3.95011    3.94981          1     5.0115     3.4769      38.45     0.3769     0.2783  1.000e-12  1.7682000    34.6381    34.6380    -0.0000    26.3396    26.3401     69.833     70.048      0.677    1496.99    1496.98  0.000e+00
       4741     71.000    11.8145    11.8178     0.0033    3.94838    3.94871          1     5.0121     3.4641      37.80     0.3702     0.3017  1.000e-12  1.8378000    34.6388    34.6389     0.0001    26.3437    26.3432     70.328     70.544      0.578    1496.93    1496.94  0.000e+00
       4763     71.500    11.8109    11.8154     0.0044    3.94811    3.94855          1     5.0141     3.4488      37.25     0.3702     0.2908  1.000e-12  1.8514000    34.6392    34.6393     0.0001    26.3447    26.3440     70.823     71.040      0.567    1496.93    1496.94  0.000e+00
       4784     72.000    11.8116    11.8096    -0.0019    3.94820    3.94803          1     5.0139     3.4381      36.76     0.3702     0.2641  1.000e-12  1.9543000    34.6392    34.6395     0.0003    26.3446    26.3452     71.318     71.536      0.616    1496.94    1496.93  0.000e+00
       4802     72.500    11.8229    11.8176    -0.0051    3.94933    3.94889          1     4.9984     3.4287      36.28     0.3702     0.2224  1.000e-12  1.9300000    34.6395    34.6402     0.0007    26.3427    26.3443     71.814     72.032      0.670    1496.99    1496.97  0.000e+00
       4820     73.000    11.8237    11.8212    -0.0030    3.94944    3.94918          1     5.0052     3.4278      35.80     0.3679     0.2422  1.000e-12  1.8986000    34.6396    34.6394    -0.0002    26.3426    26.3429     72.309     72.529      0.717    1497.00    1496.99  0.000e+00
       4836     73.500    11.8217    11.8139    -0.0072    3.94930    3.94872          1     5.0202     3.4233      35.34     0.3578     0.2535  1.000e-12  1.8151000    34.6400    34.6416     0.0016    26.3433    26.3460     72.804     73.025      0.783    1497.00    1496.97  0.000e+00
       4850     74.000    11.7811    11.8041     0.0225    3.94558    3.94765          1     5.0217     3.4141      34.84     0.3580     0.2784  1.000e-12  1.9145000    34.6412    34.6400    -0.0013    26.3519    26.3466     73.299     73.521      0.866    1496.87    1496.95  0.000e+00
       4863     74.500    11.7997    11.8100     0.0101    3.94757    3.94847          1     5.0151     3.4017      34.40     0.3580     0.2755  1.000e-12  1.9856000    34.6430    34.6423    -0.0008    26.3498    26.3473     73.794     74.017      0.915    1496.94    1496.98  0.000e+00
       4876     75.000    11.8569    11.8620     0.0049    3.95268    3.95314          1     5.0077     3.3946      33.92     0.3723     0.2656  1.000e-12  1.9830000    34.6396    34.6394    -0.0002    26.3363    26.3352     74.289     74.513      0.908    1497.14    1497.16  0.000e+00
       4890     75.500    11.8125    11.7987    -0.0134    3.94838    3.94718          1     5.0003     3.3912      33.47     0.3825     0.2647  1.000e-12  1.9798000    34.6386    34.6397     0.0011    26.3440    26.3474     74.785     75.010      0.837    1497.00    1496.95  0.000e+00
       4905     76.000    11.7549    11.7601     0.0053    3.94311    3.94369          1     4.9900     3.3897      32.96     0.3824     0.2657  1.000e-12  2.0008000    34.6405    34.6414     0.0008    26.3563    26.3560     75.280     75.506      0.728    1496.81    1496.83  0.000e+00
       4923     76.500    11.7281    11.7322     0.0040    3.94075    3.94112          1     4.9906     3.3886      32.39     0.3824     0.2657  1.000e-12  2.1076000    34.6422    34.6420    -0.0003    26.3627    26.3617     75.775     76.002      0.666    1496.73    1496.74  0.000e+00
       4941     77.000    11.7196    11.7334     0.0138    3.94000    3.94119          1     4.9918     3.3798      31.82     0.3824     0.2657  1.000e-12  2.3034000    34.6426    34.6413    -0.0012    26.3645    26.3610     76.270     76.498      0.737    1496.71    1496.75  0.000e+00
       4956     77.500    11.7185    11.7234     0.0049    3.93990    3.94039          1     4.9881     3.3742      31.37     0.3927     0.2657  1.000e-12  2.4478000    34.6423    34.6426     0.0002    26.3645    26.3638     76.765     76.994      0.832    1496.71    1496.73  0.000e+00
       4970     78.000    11.7298    11.7263    -0.0032    3.94104    3.94073          1     4.9836     3.3688      30.93     0.3946     0.2710  1.000e-12  2.4778000    34.6428    34.6430     0.0002    26.3628    26.3636     77.261     77.490      0.868    1496.76    1496.75  0.000e+00
       4984     78.500    11.7045    11.7075     0.0026    3.93872    3.93896          1     4.9798     3.3632      30.50     0.3832     0.2776  1.000e-12  2.5440000    34.6434    34.6429    -0.0005    26.3680    26.3670     77.756     77.987      0.826    1496.68    1496.69  0.000e+00
       4999     79.000    11.6481    11.6445    -0.0034    3.93361    3.93325          1     4.9762     3.3574      29.96     0.3824     0.2598  1.000e-12  2.5986000    34.6456    34.6455    -0.0001    26.3803    26.3809     78.251     78.483      0.708    1496.50    1496.49  0.000e+00
       5019     79.500    11.6324    11.6323    -0.0000    3.93219    3.93218          1     4.9739     3.3513      29.41     0.3824     0.2581  1.000e-12  2.6994000    34.6462    34.6462     0.0000    26.3837    26.3837     78.746     78.979      0.574    1496.45    1496.45  0.000e+00
       5041     80.000    11.6213    11.6242     0.0028    3.93120    3.93148          1     4.9718     3.3465      28.81     0.3824     0.2825  1.000e-12  2.6136000    34.6466    34.6467     0.0001    26.3860    26.3856     79.241     79.475      0.567    1496.43    1496.43  0.000e+00
       5061     80.500    11.6311    11.6304    -0.0008    3.93210    3.93199          1     4.9679     3.3374      28.33     0.3712     0.3251  1.000e-12  2.6328000    34.6461    34.6456    -0.0005    26.3838    26.3836     79.736     79.971      0.705    1496.47    1496.46  0.000e+00
       5076     81.000    11.6194    11.6190    -0.0004    3.93102    3.93096          1     4.9701     3.3285      27.95     0.3701     0.3138  1.000e-12  2.7059000    34.6461    34.6459    -0.0002    26.3861    26.3860     80.232     80.468      0.881    1496.43    1496.43  0.000e+00
       5089     81.500    11.6218    11.6225     0.0006    3.93132    3.93139          1     4.9664     3.3253      27.50     0.3702     0.3093  1.000e-12  2.9230000    34.6467    34.6467     0.0000    26.3861    26.3859     80.727     80.964      1.044    1496.45    1496.45  0.000e+00
       5099     82.000    11.6155    11.6177     0.0024    3.93075    3.93088          1     4.9609     3.3215      27.15     0.3702     0.3064  1.000e-12  2.9165000    34.6467    34.6459    -0.0008    26.3872    26.3862     81.222     81.460      1.140    1496.44    1496.44  0.000e+00
       5109     82.500    11.6072    11.6096     0.0024    3.93006    3.93023          1     4.9545     3.3198      26.74     0.4032     0.2946  1.000e-12  2.8682000    34.6474    34.6469    -0.0005    26.3893    26.3885     81.717     81.956      1.154    1496.42    1496.43  0.000e+00
       5119     83.000    11.6089    11.6103     0.0013    3.93021    3.93031          1     4.9515     3.3183      26.28     0.4069     0.2927  1.000e-12  2.8622000    34.6470    34.6468    -0.0002    26.3887    26.3883     82.212     82.452      1.071    1496.43    1496.44  0.000e+00
       5131     83.500    11.6063    11.6073     0.0011    3.92998    3.93004          1     4.9575     3.3132      25.74     0.4068     0.2929  1.000e-12  2.9195000    34.6471    34.6467    -0.0004    26.3893    26.3888     82.707     82.948      0.894    1496.43    1496.44  0.000e+00
