ctdpy/tests/etc/all_smhi_bas_2018/SBE09_0745_20181210_1229_34_01_0177.cnv
* Sea-Bird SBE 9 Data File:
* FileName = C:\ctd\temp\ar18d177.hex
* Software Version Seasave V 7.26.7.107
* Temperature SN = 4387
* Conductivity SN = 2994
* Number of Bytes Per Scan = 41
* Number of Voltage Words = 4
* Number of Scans Averaged by the Deck Unit = 1
* NMEA Latitude = 58 35.62 N
* NMEA Longitude = 018 14.18 E
* NMEA UTC (Time) = Dec 10 2018  12:29:51
* NMEA baud rate = 4800
** Station:  BY31
** Operator:  JKro
** Ship: ARANDA
** Average sound velocity: 1447.40 m/s
** True-depth calculation Mon, 10 Dec 2018 15:27:34 +0000
** CTD Python Module SMHI /ver 3-12/ feb 2012 
** LIMS Job: 20183401-0177
** Cruise: SMHI-7-2018
** Latitude [GG MM.mm N]:
** Longitude [GG MM.mm E]:
# nquan = 26
# nvalues = 881                         
# units = specified
# name 0 = scan: Scan Count
# name 1 = prDM: Pressure, Digiquartz [db]
# name 2 = t090C: Temperature [ITS-90, deg C]
# name 3 = t190C: Temperature, 2 [ITS-90, deg C]
# name 4 = T2-T190C: Temperature Difference, 2 - 1 [ITS-90, deg C]
# name 5 = c0S/m: Conductivity [S/m]
# name 6 = c1S/m: Conductivity, 2 [S/m]
# name 7 = pumps: Pump Status
# name 8 = sbeox0ML/L: Oxygen, SBE 43 [ml/l]
# name 9 = sbeox1ML/L: Oxygen, SBE 43, 2 [ml/l]
# name 10 = altM: Altimeter [m]
# name 11 = flECO-AFL: Chl-a Fluorescence, WET Labs ECO-AFL/FL [mg/m^3]
# name 12 = flECO-AFL1: Phycocyanin Fluorescence, WET Labs ECO-AFL/FL, 2 [mg/m^3]
# name 13 = par: PAR/Irradiance, Biospherical/Lico [µE/(cm^2*s)]
# name 14 = turbWETntu0: Turbidity, WET Labs ECO [NTU]
# name 15 = sal00: Salinity, Practical [PSU]
# name 16 = sal11: Salinity, Practical, 2 [PSU]
# name 17 = secS-priS: Salinity, Practical, Difference, 2 - 1 [PSU]
# name 18 = sigma-t00: Density [sigma-t, Kg/m^3 ]
# name 19 = sigma-t11: Density, 2 [sigma-t, Kg/m^3 ]
# name 20 = depSM: Depth [salt water, m], lat = 58.5937
# name 21 = depFM: Depth [true depth, m], lat = 58.5937
# name 22 = dz/dtM: Descent Rate [m/s], WS = 2
# name 23 = svCM: Sound Velocity [Chen-Millero, m/s]
# name 24 = svCM1: Sound Velocity, 2 [Chen-Millero, m/s]
# name 25 = flag: flag
# span 0 =      14533,      39260       
# span 1 =      0.500,    440.500       
# span 2 =     4.6214,     6.2340       
# span 3 =     4.6215,     6.2345       
# span 4 =    -0.0061,     0.0375       
# span 5 =   0.777971,   1.245050       
# span 6 =   0.778033,   1.245135       
# span 7 =          1,          1       
# span 8 =    0.00990,    8.01810       
# span 9 =    0.03525,    8.01766       
# span 10 =       3.28,      99.44      
# span 11 =     0.2654,     0.5618      
# span 12 =     0.1426,     0.3239      
# span 13 = 1.0000e-12, 2.1370e+02      
# span 14 =     0.1519,     2.9374      
# span 15 =     6.9527,    11.3727      
# span 16 =     6.9531,    11.3732      
# span 17 =    -0.0044,     0.0047      
# span 18 =     5.4497,     8.9185      
# span 19 =     5.4496,     8.9188      
# span 20 =      0.495,    435.932      
# span 21 =      0.507,    445.009      
# span 22 =     -0.092,      0.733      
# span 23 =    1435.85,    1453.09      
# span 24 =    1435.85,    1453.10      
# span 25 = 0.0000e+00, 0.0000e+00      
# interval = decibars: 0.5              
# start_time = Dec 10 2018 12:29:51 [NMEA time, first data scan]
# bad_flag = -9.990e-29
*END*
[from data line 335]
      22825    168.000     6.0673     6.0676     0.0003    1.20538    1.20546          1     0.0295     0.0543      98.67     0.3442     0.2046  1.000e-12  0.2514000    11.0840    11.0847     0.0007     8.7024     8.7030    166.367    169.897      0.506    1447.65    1447.65  0.000e+00
      22852    168.500     6.0689     6.0693     0.0004    1.20577    1.20585          1     0.0299     0.0605      98.67     0.3348     0.2470  1.000e-12  0.2499000    11.0872    11.0879     0.0006     8.7049     8.7053    166.862    170.402      0.405    1447.67    1447.67  0.000e+00
      22883    169.000     6.0707     6.0710     0.0003    1.20613    1.20620          1     0.0314     0.0576      98.67     0.3282     0.2806  1.000e-12  0.2351000    11.0901    11.0908     0.0006     8.7070     8.7075    167.357    170.907      0.425    1447.69    1447.69  0.000e+00
      22908    169.500     6.0716     6.0719     0.0003    1.20630    1.20638          1     0.0308     0.0578      98.67     0.3485     0.3039  1.000e-12  0.2420000    11.0914    11.0921     0.0007     8.7080     8.7085    167.852    171.412      0.571    1447.70    1447.70  0.000e+00
      22927    170.000     6.0721     6.0723     0.0003    1.20637    1.20646          1     0.0295     0.0582      98.67     0.3574     0.2623  1.000e-12  0.2495000    11.0919    11.0926     0.0008     8.7083     8.7089    168.347    171.917      0.635    1447.71    1447.71  0.000e+00
      22945    170.500     6.0743     6.0747     0.0004    1.20681    1.20693          1     0.0291     0.0601      98.67     0.3580     0.2163  1.000e-12  0.2494000    11.0955    11.0965     0.0010     8.7110     8.7118    168.842    172.421      0.604    1447.73    1447.74  0.000e+00
      22967    171.000     6.0779     6.0782     0.0003    1.20756    1.20764          1     0.0284     0.0550      98.67     0.3456     0.2746  1.000e-12  0.2435000    11.1017    11.1023     0.0006     8.7156     8.7161    169.337    172.926      0.503    1447.76    1447.76  0.000e+00
      22994    171.500     6.0799     6.0803     0.0004    1.20795    1.20801          1     0.0309     0.0559      98.67     0.3466     0.2142  1.000e-12  0.2324000    11.1048    11.1052     0.0005     8.7179     8.7183    169.832    173.431      0.412    1447.78    1447.79  0.000e+00
      23024    172.000     6.0815     6.0819     0.0004    1.20822    1.20830          1     0.0296     0.0580      98.67     0.3533     0.2457  1.000e-12  0.2848000    11.1068    11.1075     0.0007     8.7195     8.7200    170.327    173.936      0.436    1447.80    1447.80  0.000e+00
      23049    172.500     6.0832     6.0835     0.0003    1.20854    1.20863          1     0.0279     0.0561      98.67     0.3333     0.2267  1.000e-12  0.2233000    11.1094    11.1102     0.0008     8.7214     8.7220    170.822    174.441      0.515    1447.82    1447.82  0.000e+00
      23071    173.000     6.0868     6.0870     0.0001    1.20932    1.20939          1     0.0279     0.0532      98.67     0.3335     0.2357  1.000e-12  0.2184000    11.1158    11.1165     0.0007     8.7262     8.7267    171.317    174.946      0.574    1447.85    1447.85  0.000e+00
      23091    173.500     6.0903     6.0907     0.0003    1.21000    1.21009          1     0.0296     0.0571      98.67     0.3558     0.2357  1.000e-12  0.2408000    11.1214    11.1221     0.0008     8.7303     8.7309    171.812    175.451      0.584    1447.88    1447.88  0.000e+00
      23112    174.000     6.0927     6.0929     0.0002    1.21051    1.21058          1     0.0278     0.0562      98.67     0.3336     0.2426  1.000e-12  0.2430000    11.1256    11.1262     0.0006     8.7335     8.7339    172.306    175.955      0.518    1447.90    1447.91  0.000e+00
      23139    174.500     6.0938     6.0943     0.0005    1.21075    1.21086          1     0.0284     0.0563      98.67     0.3296     0.2425  1.000e-12  0.2174000    11.1275    11.1284     0.0009     8.7349     8.7356    172.801    176.460      0.397    1447.92    1447.92  0.000e+00
      23172    175.000     6.0946     6.0949     0.0003    1.21093    1.21099          1     0.0302     0.0580      98.67     0.3336     0.2469  1.000e-12  0.2168000    11.1290    11.1294     0.0005     8.7360     8.7364    173.296    176.965      0.419    1447.93    1447.93  0.000e+00
      23196    175.500     6.0953     6.0956     0.0003    1.21108    1.21116          1     0.0297     0.0546      98.67     0.3582     0.2869  1.000e-12  0.2181000    11.1301    11.1308     0.0007     8.7368     8.7374    173.791    177.470      0.559    1447.94    1447.95  0.000e+00
      23216    176.000     6.0953     6.0957     0.0004    1.21114    1.21120          1     0.0270     0.0554      98.67     0.3485     0.2379  1.000e-12  0.2753000    11.1306    11.1310     0.0005     8.7372     8.7376    174.286    177.975      0.624    1447.95    1447.96  0.000e+00
      23235    176.500     6.0956     6.0959     0.0003    1.21123    1.21130          1     0.0284     0.0580      98.67     0.3341     0.1946  1.000e-12  0.2969000    11.1314    11.1320     0.0006     8.7378     8.7383    174.781    178.480      0.586    1447.96    1447.96  0.000e+00
      23258    177.000     6.0966     6.0972     0.0007    1.21149    1.21162          1     0.0282     0.0572      98.67     0.3266     0.2020  1.000e-12  0.2689000    11.1335    11.1346     0.0011     8.7395     8.7403    175.276    178.985      0.463    1447.98    1447.98  0.000e+00
      23287    177.500     6.0976     6.0984     0.0008    1.21167    1.21181          1     0.0298     0.0569      98.67     0.3331     0.2372  1.000e-12  0.2180000    11.1349    11.1359     0.0011     8.7405     8.7413    175.771    179.489      0.412    1447.99    1448.00  0.000e+00
      23314    178.000     6.0990     6.0994     0.0004    1.21182    1.21190          1     0.0286     0.0545      98.67     0.3534     0.2354  1.000e-12  0.2107000    11.1358    11.1365     0.0007     8.7411     8.7416    176.266    179.994      0.483    1448.01    1448.01  0.000e+00
      23338    178.500     6.0993     6.0996     0.0003    1.21185    1.21193          1     0.0282     0.0556      98.67     0.3468     0.2424  1.000e-12  0.2031000    11.1359    11.1366     0.0006     8.7412     8.7417    176.761    180.499      0.528    1448.02    1448.02  0.000e+00
      23360    179.000     6.1005     6.1008     0.0002    1.21206    1.21214          1     0.0278     0.0550      98.67     0.3255     0.2795  1.000e-12  0.2064000    11.1375    11.1382     0.0007     8.7423     8.7429    177.256    181.004      0.534    1448.03    1448.03  0.000e+00
      23383    179.500     6.1045     6.1048     0.0004    1.21277    1.21287          1     0.0276     0.0567      98.67     0.3360     0.2122  1.000e-12  0.2063000    11.1432    11.1440     0.0008     8.7465     8.7472    177.751    181.509      0.525    1448.07    1448.07  0.000e+00
      23406    180.000     6.1068     6.1072     0.0003    1.21321    1.21330          1     0.0282     0.0558      98.67     0.3436     0.2207  1.000e-12  0.2220000    11.1467    11.1474     0.0007     8.7491     8.7497    178.245    182.014      0.494    1448.09    1448.09  0.000e+00
      23432    180.500     6.1085     6.1089     0.0004    1.21362    1.21371          1     0.0277     0.0555      98.67     0.3418     0.2327  1.000e-12  0.2779000    11.1501    11.1508     0.0007     8.7518     8.7523    178.740    182.519      0.428    1448.11    1448.11  0.000e+00
      23462    181.000     6.1109     6.1113     0.0004    1.21423    1.21432          1     0.0269     0.0556      98.67     0.3615     0.2367  1.000e-12  0.2042000    11.1553    11.1560     0.0007     8.7557     8.7562    179.235    183.023      0.419    1448.13    1448.13  0.000e+00
      23488    181.500     6.1120     6.1123     0.0003    1.21447    1.21455          1     0.0248     0.0561      98.67     0.3495     0.2082  1.000e-12  0.2169000    11.1572    11.1579     0.0007     8.7571     8.7576    179.730    183.528      0.533    1448.15    1448.15  0.000e+00
      23508    182.000     6.1135     6.1137     0.0002    1.21483    1.21491          1     0.0275     0.0561      98.67     0.3567     0.2419  1.000e-12  0.1992000    11.1602    11.1609     0.0007     8.7594     8.7599    180.225    184.033      0.635    1448.16    1448.17  0.000e+00
      23526    182.500     6.1150     6.1154     0.0003    1.21524    1.21532          1     0.0283     0.0558      98.67     0.3336     0.2286  1.000e-12  0.1880000    11.1637    11.1643     0.0006     8.7620     8.7625    180.720    184.538      0.656    1448.18    1448.19  0.000e+00
      23545    183.000     6.1167     6.1170     0.0003    1.21563    1.21571          1     0.0280     0.0553      98.67     0.3416     0.1785  1.000e-12  0.1914000    11.1669    11.1676     0.0007     8.7645     8.7650    181.215    185.043      0.571    1448.20    1448.20  0.000e+00
      23571    183.500     6.1185     6.1188     0.0003    1.21610    1.21613          1     0.0273     0.0551      98.67     0.3380     0.2075  1.000e-12  0.2017000    11.1709    11.1711     0.0002     8.7675     8.7676    181.710    185.548      0.383    1448.22    1448.22  0.000e+00
      23607    184.000     6.1204     6.1207     0.0003    1.21649    1.21656          1     0.0264     0.0554      98.67     0.3341     0.2449  1.000e-12  0.2055000    11.1740    11.1746     0.0006     8.7698     8.7702    182.205    186.053      0.387    1448.24    1448.24  0.000e+00
      23632    184.500     6.1215     6.1218     0.0004    1.21669    1.21677          1     0.0265     0.0556      98.67     0.3459     0.2305  1.000e-12  0.1997000    11.1756    11.1763     0.0007     8.7710     8.7715    182.700    186.557      0.561    1448.26    1448.26  0.000e+00
      23652    185.000     6.1217     6.1220     0.0004    1.21674    1.21682          1     0.0272     0.0555      98.67     0.3458     0.2180  1.000e-12  0.2005000    11.1759    11.1766     0.0007     8.7712     8.7717    183.195    187.062      0.605    1448.27    1448.27  0.000e+00
      23672    185.500     6.1219     6.1222     0.0004    1.21683    1.21691          1     0.0260     0.0571      98.67     0.3535     0.1801  1.000e-12  0.1963000    11.1767    11.1773     0.0006     8.7718     8.7723    183.689    187.567      0.530    1448.28    1448.28  0.000e+00
      23698    186.000     6.1223     6.1228     0.0004    1.21701    1.21709          1     0.0275     0.0546      98.67     0.3428     0.1785  1.000e-12  0.1864000    11.1782    11.1789     0.0007     8.7729     8.7735    184.184    188.072      0.442    1448.29    1448.29  0.000e+00
      23725    186.500     6.1226     6.1229     0.0003    1.21725    1.21733          1     0.0279     0.0533      98.67     0.3502     0.1779  1.000e-12  0.1940000    11.1804    11.1811     0.0007     8.7747     8.7752    184.679    188.577      0.485    1448.30    1448.30  0.000e+00
      23748    187.000     6.1233     6.1237     0.0003    1.21747    1.21754          1     0.0257     0.0566      98.67     0.3504     0.2224  1.000e-12  0.2030000    11.1823    11.1829     0.0006     8.7761     8.7766    185.174    189.082      0.542    1448.31    1448.32  0.000e+00
      23770    187.500     6.1236     6.1240     0.0004    1.21755    1.21762          1     0.0269     0.0546      98.67     0.3399     0.2321  1.000e-12  0.2003000    11.1829    11.1835     0.0006     8.7766     8.7770    185.669    189.586      0.534    1448.32    1448.33  0.000e+00
      23793    188.000     6.1241     6.1245     0.0004    1.21766    1.21774          1     0.0273     0.0527      98.67     0.3335     0.2176  1.000e-12  0.1983000    11.1837    11.1844     0.0007     8.7772     8.7777    186.164    190.091      0.496    1448.33    1448.34  0.000e+00
      23818    188.500     6.1249     6.1252     0.0003    1.21780    1.21788          1     0.0256     0.0557      98.67     0.3296     0.2402  1.000e-12  0.2162000    11.1848    11.1854     0.0006     8.7780     8.7784    186.659    190.596      0.486    1448.35    1448.35  0.000e+00
      23842    189.000     6.1252     6.1256     0.0004    1.21787    1.21795          1     0.0271     0.0546      98.67     0.3244     0.2376  1.000e-12  0.2270000    11.1853    11.1859     0.0007     8.7783     8.7788    187.154    191.101      0.510    1448.36    1448.36  0.000e+00
      23866    189.500     6.1255     6.1259     0.0003    1.21794    1.21802          1     0.0263     0.0533      98.67     0.3335     0.2229  1.000e-12  0.1948000    11.1857    11.1864     0.0006     8.7787     8.7792    187.649    191.606      0.502    1448.37    1448.37  0.000e+00
      23891    190.000     6.1263     6.1268     0.0004    1.21814    1.21821          1     0.0258     0.0551      98.67     0.3361     0.2543  1.000e-12  0.2001000    11.1874    11.1880     0.0006     8.7799     8.7803    188.144    192.111      0.436    1448.38    1448.38  0.000e+00
      23920    190.500     6.1276     6.1279     0.0003    1.21840    1.21847          1     0.0243     0.0565      98.67     0.3416     0.2390  1.000e-12  0.2044000    11.1895    11.1901     0.0006     8.7815     8.7819    188.638    192.615      0.437    1448.40    1448.40  0.000e+00
      23945    191.000     6.1290     6.1293     0.0003    1.21869    1.21877          1     0.0279     0.0549      98.67     0.3338     0.2312  1.000e-12  0.2086000    11.1917    11.1925     0.0008     8.7831     8.7837    189.133    193.120      0.569    1448.41    1448.42  0.000e+00
      23964    191.500     6.1303     6.1309     0.0007    1.21897    1.21913          1     0.0275     0.0513      98.67     0.3335     0.2817  1.000e-12  0.1943000    11.1940    11.1954     0.0014     8.7849     8.7859    189.628    193.625      0.641    1448.43    1448.44  0.000e+00
      23982    192.000     6.1311     6.1315     0.0004    1.21915    1.21924          1     0.0259     0.0507      98.67     0.3335     0.2668  1.000e-12  0.2410000    11.1955    11.1963     0.0008     8.7860     8.7866    190.123    194.130      0.594    1448.44    1448.44  0.000e+00
      24006    192.500     6.1319     6.1323     0.0005    1.21934    1.21943          1     0.0266     0.0542      98.67     0.3251     0.2360  1.000e-12  0.2114000    11.1970    11.1978     0.0008     8.7871     8.7877    190.618    194.635      0.467    1448.46    1448.46  0.000e+00
      24034    193.000     6.1330     6.1334     0.0005    1.21961    1.21970          1     0.0254     0.0533      98.68     0.3302     0.2451  1.000e-12  0.2077000    11.1992    11.2000     0.0008     8.7888     8.7894    191.113    195.140      0.426    1448.47    1448.48  0.000e+00
      24061    193.500     6.1340     6.1345     0.0004    1.21984    1.21992          1     0.0249     0.0513      98.67     0.3228     0.2283  1.000e-12  0.2385000    11.2011    11.2018     0.0007     8.7902     8.7907    191.608    195.644      0.468    1448.49    1448.49  0.000e+00
      24086    194.000     6.1349     6.1353     0.0004    1.22004    1.22012          1     0.0268     0.0554      98.67     0.3422     0.2458  1.000e-12  0.2069000    11.2027    11.2033     0.0007     8.7914     8.7919    192.103    196.149      0.471    1448.50    1448.50  0.000e+00
      24112    194.500     6.1358     6.1362     0.0004    1.22023    1.22032          1     0.0264     0.0537      98.68     0.3351     0.2296  1.000e-12  0.1792000    11.2042    11.2049     0.0007     8.7925     8.7931    192.597    196.654      0.483    1448.51    1448.52  0.000e+00
      24135    195.000     6.1362     6.1366     0.0004    1.22031    1.22039          1     0.0251     0.0510      98.67     0.3430     0.2251  1.000e-12  0.2205000    11.2048    11.2054     0.0006     8.7930     8.7934    193.092    197.159      0.534    1448.52    1448.53  0.000e+00
