ctdpy/tests/etc/all_smhi_bas_2018/SBE09_0827_20181005_1411_26_01_1017.cnv
* Sea-Bird SBE 9 Data File:
* FileName = D:\CTD_SBE911\DAT\26DA.2018.10.17.hex
* Software Version Seasave V 7.21d
* Temperature SN = 4548
* Conductivity SN = 3062
* Number of Bytes Per Scan = 48
* Number of Voltage Words = 5
* Number of Scans Averaged by the Deck Unit = 1
* NMEA Latitude = 56 35.62 N
* NMEA Longitude = 016 49.33 E
* NMEA UTC (Time) = Oct 05 2018  14:14:12
* NMEA baud rate = 4800
** Ship: DANA
** Average sound velocity: 1442.86 m/s
** True-depth calculation Thu, 28 Mar 2019 12:17:55 +0000
** CTD Python Module SMHI /ver 3-12/ feb 2012 
** LIMS Job: 20182601-1017
**  6E Blæsinge
** Operator: Christian
** Cruise: 10/2018
# nquan = 26
# nvalues = 96                          
# units = specified
# name 0 = scan: Scan Count
# name 1 = prDM: Pressure, Digiquartz [db]
# name 2 = t090C: Temperature [ITS-90, deg C]
# name 3 = t190C: Temperature, 2 [ITS-90, deg C]
# name 4 = T2-T190C: Temperature Difference, 2 - 1 [ITS-90, deg C]
# name 5 = c0S/m: Conductivity [S/m]
# name 6 = c1S/m: Conductivity, 2 [S/m]
# name 7 = pumps: Pump Status
# name 8 = sbeox1ML/L: Oxygen, SBE 43, 2 [ml/l]
# name 9 = sbeox0ML/L: Oxygen, SBE 43 [ml/l]
# name 10 = altM: Altimeter [m]
# name 11 = chloroflTC0: Chlorophyll, Turner Cyclops [ug/l]
# name 12 = cpar: CPAR/Corrected Irradiance [%]
# name 13 = par: PAR/Irradiance, Biospherical/Lico [µE/(cm^2*s)]
# name 14 = spar: SPAR, Biospherical/Licor
# name 15 = sal00: Salinity, Practical [PSU]
# name 16 = sal11: Salinity, Practical, 2 [PSU]
# name 17 = secS-priS: Salinity, Practical, Difference, 2 - 1 [PSU]
# name 18 = sigma-t00: Density [sigma-t, kg/m^3 ]
# name 19 = sigma-t11: Density, 2 [sigma-t, kg/m^3 ]
# name 20 = depSM: Depth [salt water, m], lat = 56.5937
# name 21 = depFM: Depth [true depth, m], lat = 56.5937
# name 22 = dz/dtM: Descent Rate [m/s], WS = 2
# name 23 = svCM: Sound Velocity [Chen-Millero, m/s]
# name 24 = svCM1: Sound Velocity, 2 [Chen-Millero, m/s]
# name 25 = flag: flag
# span 0 =        236,       4946       
# span 1 =      1.000,     48.500       
# span 2 =     4.3266,     9.3797       
# span 3 =     4.3275,     9.3805       
# span 4 =    -0.2680,     0.0193       
# span 5 =   0.802188,   0.879545       
# span 6 =   0.801959,   0.879578       
# span 7 =          1,          1       
# span 8 =     4.7129,     7.4928       
# span 9 =     4.3780,     7.0144       
# span 10 =       1.20,      10.00      
# span 11 =     0.0170,     0.0288      
# span 12 = -7.139e-05, 7.9982e+00      
# span 13 = -3.363e-04, 3.8097e+01      
# span 14 = 4.6851e+02, 5.2102e+02      
# span 15 =     7.1944,     7.9976      
# span 16 =     7.1946,     8.0076      
# span 17 =    -0.0003,     0.0253      
# span 18 =     5.3844,     6.3414      
# span 19 =     5.3846,     6.3494      
# span 20 =      0.991,     48.051      
# span 21 =      1.013,     49.116      
# span 22 =     -0.325,      0.535      
# span 23 =    1433.79,    1453.87      
# span 24 =    1433.76,    1453.87      
# span 25 = 0.0000e+00, 0.0000e+00      
# interval = decibars: 0.5              
# start_time = Oct 05 2018 14:14:12 [NMEA time, first data scan]
# bad_flag = -9.990e-29
*END*
        236      1.000     9.3788     9.3785    -0.0004    0.87947    0.87948          1     7.4896     6.9908       9.99     0.0244  7.998e+00  3.810e+01  4.763e+02     7.1955     7.1957     0.0002     5.3846     5.3848      0.991      1.013      0.246    1453.72    1453.72  0.000e+00
        323      1.500     9.3795     9.3792    -0.0003    0.87949    0.87950          1     7.4840     6.9889       9.99     0.0244  6.845e+00  3.262e+01  4.765e+02     7.1955     7.1957     0.0002     5.3845     5.3847      1.486      1.520      0.215    1453.73    1453.73  0.000e+00
        375      2.000     9.3793     9.3796     0.0004    0.87949    0.87952          1     7.4866     6.9870       9.99     0.0271  5.826e+00  2.781e+01  4.773e+02     7.1955     7.1957     0.0002     5.3845     5.3847      1.982      2.026      0.282    1453.74    1453.74  0.000e+00
        409      2.500     9.3785     9.3791     0.0006    0.87949    0.87953          1     7.4873     6.9941       9.99     0.0269  4.595e+00  2.186e+01  4.757e+02     7.1956     7.1958     0.0002     5.3847     5.3848      2.477      2.533      0.339    1453.74    1453.74  0.000e+00
        490      3.000     9.3789     9.3792     0.0004    0.87950    0.87953          1     7.4928     6.9870       9.99     0.0274  3.988e+00  1.909e+01  4.789e+02     7.1956     7.1958     0.0002     5.3847     5.3848      2.973      3.039      0.367    1453.75    1453.75  0.000e+00
        516      3.500     9.3789     9.3792     0.0004    0.87951    0.87955          1     7.4907     6.9896       9.99     0.0269  3.463e+00  1.660e+01  4.793e+02     7.1956     7.1958     0.0002     5.3847     5.3848      3.468      3.546      0.535    1453.76    1453.76  0.000e+00
        544      4.000     9.3791     9.3794     0.0004    0.87952    0.87955          1     7.4885     6.9950       9.99     0.0278  2.924e+00  1.398e+01  4.780e+02     7.1956     7.1958     0.0002     5.3847     5.3848      3.963      4.052      0.318    1453.77    1453.77  0.000e+00
        606      4.500     9.3789     9.3795     0.0006    0.87953    0.87956          1     7.4837     6.9931      10.00     0.0277  2.511e+00  1.198e+01  4.773e+02     7.1956     7.1958     0.0002     5.3847     5.3848      4.459      4.559      0.193    1453.78    1453.78  0.000e+00
        663      5.000     9.3797     9.3805     0.0009    0.87955    0.87958          1     7.4912     6.9985       9.99     0.0282  2.214e+00  1.056e+01  4.769e+02     7.1956     7.1957     0.0001     5.3846     5.3846      4.954      5.065      0.260    1453.79    1453.79  0.000e+00
        701      5.500     9.3796     9.3799     0.0003    0.87953    0.87956          1     7.4877     6.9967       9.99     0.0281  1.907e+00  9.065e+00  4.752e+02     7.1954     7.1956     0.0002     5.3844     5.3846      5.450      5.572      0.335    1453.79    1453.80  0.000e+00
        757      6.000     9.3788     9.3769    -0.0020    0.87952    0.87947          1     7.4832     6.9904       9.99     0.0269  1.630e+00  7.760e+00  4.761e+02     7.1954     7.1953    -0.0000     5.3845     5.3847      5.945      6.078      0.247    1453.80    1453.79  0.000e+00
        814      6.500     9.3747     9.3743    -0.0004    0.87936    0.87937          1     7.4742     6.9852       9.99     0.0269  1.476e+00  7.047e+00  4.773e+02     7.1948     7.1949     0.0001     5.3845     5.3846      6.440      6.585      0.445    1453.79    1453.79  0.000e+00
        838      7.000     9.3735     9.3733    -0.0002    0.87932    0.87935          1     7.4733     6.9820       9.99     0.0269  1.339e+00  6.385e+00  4.770e+02     7.1946     7.1948     0.0002     5.3845     5.3846      6.936      7.092      0.433    1453.79    1453.79  0.000e+00
        877      7.500     9.3723     9.3711    -0.0012    0.87929    0.87928          1     7.4748     6.9824       9.99     0.0269  1.155e+00  5.487e+00  4.752e+02     7.1945     7.1947     0.0002     5.3845     5.3848      7.431      7.598      0.228    1453.80    1453.79  0.000e+00
        942      8.000     9.3714     9.3715     0.0001    0.87928    0.87931          1     7.4775     6.9816       9.99     0.0269  1.065e+00  5.076e+00  4.768e+02     7.1945     7.1948     0.0003     5.3846     5.3848      7.927      8.105      0.221    1453.80    1453.80  0.000e+00
        986      8.500     9.3707     9.3713     0.0006    0.87927    0.87931          1     7.4775     6.9927       9.99     0.0270  9.391e-01  4.473e+00  4.763e+02     7.1946     7.1948     0.0003     5.3847     5.3848      8.422      8.611      0.356    1453.80    1453.81  0.000e+00
       1019      9.000     9.3706     9.3699    -0.0008    0.87927    0.87928          1     7.4786     6.9898       9.99     0.0270  8.224e-01  3.909e+00  4.752e+02     7.1945     7.1948     0.0002     5.3847     5.3849      8.917      9.118      0.299    1453.81    1453.81  0.000e+00
       1079      9.500     9.3697     9.3694    -0.0003    0.87925    0.87927          1     7.4786     6.9838       9.99     0.0275  7.259e-01  3.454e+00  4.759e+02     7.1945     7.1947     0.0002     5.3847     5.3849      9.413      9.624      0.230    1453.82    1453.82  0.000e+00
       1123     10.000     9.3688     9.3697     0.0008    0.87923    0.87929          1     7.4697     6.9894       9.99     0.0288  6.537e-01  3.116e+00  4.767e+02     7.1944     7.1948     0.0003     5.3848     5.3849      9.908     10.131      0.323    1453.82    1453.83  0.000e+00
       1158     10.500     9.3706     9.3708     0.0002    0.87929    0.87932          1     7.4717     6.9884       9.99     0.0271  5.704e-01  2.711e+00  4.753e+02     7.1945     7.1948     0.0002     5.3847     5.3848     10.404     10.637      0.348    1453.84    1453.84  0.000e+00
       1197     11.000     9.3706     9.3720     0.0014    0.87930    0.87936          1     7.4808     6.9768       9.99     0.0269  4.849e-01  2.304e+00  4.752e+02     7.1945     7.1948     0.0003     5.3847     5.3847     10.899     11.144      0.239    1453.85    1453.85  0.000e+00
       1263     11.500     9.3702     9.3700    -0.0002    0.87928    0.87931          1     7.4655     6.9775       9.99     0.0267  4.462e-01  2.124e+00  4.760e+02     7.1944     7.1947     0.0002     5.3846     5.3848     11.394     11.650      0.260    1453.85    1453.85  0.000e+00
       1300     12.000     9.3700     9.3703     0.0003    0.87928    0.87931          1     7.4696     6.9838       9.98     0.0263  3.944e-01  1.880e+00  4.768e+02     7.1944     7.1946     0.0002     5.3846     5.3847     11.890     12.157      0.362    1453.86    1453.86  0.000e+00
       1341     12.500     9.3702     9.3703     0.0001    0.87929    0.87932          1     7.4735     6.9883       9.98     0.0269  3.290e-01  1.560e+00  4.741e+02     7.1944     7.1947     0.0003     5.3846     5.3848     12.385     12.664      0.214    1453.87    1453.87  0.000e+00
       1404     13.000     9.3688     9.3640    -0.0049    0.87927    0.87919          1     7.4700     6.9810       9.98     0.0268  2.990e-01  1.419e+00  4.747e+02     7.1944     7.1947     0.0003     5.3848     5.3855     12.881     13.170      0.283    1453.87    1453.85  0.000e+00
       1439     13.500     9.3455     9.3358    -0.0097    0.87875    0.87861          1     7.4438     6.9736       9.98     0.0269  2.674e-01  1.270e+00  4.752e+02     7.1944     7.1952     0.0007     5.3871     5.3886     13.376     13.677      0.351    1453.79    1453.75  0.000e+00
       1478     14.000     9.3153     9.3134    -0.0020    0.87813    0.87815          1     7.4429     6.9672       9.98     0.0260  2.245e-01  1.065e+00  4.741e+02     7.1950     7.1956     0.0006     5.3905     5.3911     13.871     14.183      0.259    1453.68    1453.67  0.000e+00
       1534     14.500     9.3037     9.3037     0.0000    0.87793    0.87797          1     7.4478     6.9639       9.98     0.0261  1.973e-01  9.336e-01  4.732e+02     7.1955     7.1959     0.0004     5.3920     5.3923     14.367     14.690      0.225    1453.64    1453.64  0.000e+00
       1580     15.000     9.2990     9.2994     0.0004    0.87785    0.87791          1     7.4463     6.9664       9.98     0.0268  1.779e-01  8.451e-01  4.750e+02     7.1957     7.1961     0.0004     5.3926     5.3929     14.862     15.196      0.277    1453.63    1453.63  0.000e+00
       1627     15.500     9.2994     9.2994    -0.0001    0.87789    0.87793          1     7.4474     6.9597       9.98     0.0264  1.512e-01  7.160e-01  4.736e+02     7.1959     7.1963     0.0003     5.3927     5.3930     15.358     15.703      0.240    1453.64    1453.64  0.000e+00
       1675     16.000     9.2944     9.2923    -0.0021    0.87783    0.87784          1     7.4517     6.9589       9.97     0.0266  1.277e-01  6.022e-01  4.716e+02     7.1963     7.1969     0.0005     5.3936     5.3942     15.853     16.209      0.259    1453.63    1453.62  0.000e+00
       1721     16.500     9.2783     9.2760    -0.0023    0.87759    0.87760          1     7.4486     6.9697       9.97     0.0268  1.144e-01  5.413e-01  4.732e+02     7.1974     7.1980     0.0006     5.3960     5.3966     16.348     16.716      0.282    1453.57    1453.56  0.000e+00
       1759     17.000     9.2752     9.2750    -0.0003    0.87756    0.87759          1     7.4423     6.9611       9.97     0.0269  9.948e-02  4.707e-01  4.732e+02     7.1977     7.1980     0.0004     5.3965     5.3968     16.844     17.222      0.349    1453.57    1453.57  0.000e+00
       1795     17.500     9.2470     9.2122    -0.0347    0.87703    0.87652          1     7.4315     6.9530       9.97     0.0257  8.009e-02  3.782e-01  4.722e+02     7.1986     7.2011     0.0025     5.3999     5.4053     17.339     17.729      0.263    1453.47    1453.33  0.000e+00
       1861     18.000     9.1839     9.1810    -0.0029    0.87594    0.87598          1     7.4183     6.9388       9.97     0.0257  6.979e-02  3.292e-01  4.717e+02     7.2016     7.2026     0.0010     5.4084     5.4094     17.835     18.235      0.247    1453.23    1453.22  0.000e+00
       1900     18.500     9.1278     9.1257    -0.0019    0.87491    0.87501          1     7.4171     6.9444       9.97     0.0256  5.866e-02  2.775e-01  4.731e+02     7.2037     7.2050     0.0013     5.4154     5.4167     18.330     18.742      0.310    1453.01    1453.01  0.000e+00
       1951     19.000     9.0145     8.9942    -0.0202    0.87277    0.87268          1     7.4609     7.0144       9.97     0.0254  4.582e-02  2.159e-01  4.712e+02     7.2075     7.2108     0.0033     5.4291     5.4336     18.825     19.248      0.215    1452.57    1452.50  0.000e+00
       2000     19.500     8.6032     8.4635    -0.1390    0.86506    0.86346          1     7.1402     6.8755       9.97     0.0252  3.842e-02  1.810e-01  4.711e+02     7.2220     7.2362     0.0141     5.4779     5.5012     19.321     19.755      0.326    1450.95    1450.40  0.000e+00
       2033     20.000     7.6594     7.3920    -0.2680    0.84754    0.84423          1     6.9618     6.6695       9.97     0.0242  3.018e-02  1.422e-01  4.711e+02     7.2570     7.2823     0.0253     5.5830     5.6225     19.816     20.261      0.373    1447.15    1446.08  0.000e+00
       2069     20.500     7.0711     6.8722    -0.2001    0.83715    0.83448          1     6.9556     6.6258       9.97     0.0231  2.039e-02  9.607e-02  4.711e+02     7.2838     7.3009     0.0171     5.6471     5.6739     20.311     20.768      0.261    1444.76    1443.94  0.000e+00
       2135     21.000     6.7157     6.6104    -0.1034    0.83157    0.83070          1     6.9906     6.6294       9.97     0.0232  1.466e-02  6.885e-02  4.698e+02     7.3067     7.3209     0.0142     5.6884     5.7063     20.807     21.274      0.239    1443.30    1442.87  0.000e+00
       2173     21.500     6.3955     6.2959    -0.0999    0.82642    0.82562          1     6.9305     6.5654       9.97     0.0241  9.158e-03  4.315e-02  4.711e+02     7.3262     7.3400     0.0138     5.7235     5.7402     21.302     21.781      0.361    1441.98    1441.57  0.000e+00
       2212     22.000     6.0050     5.7473    -0.2575    0.81986    0.81652          1     6.8688     6.5179       9.97     0.0218  2.553e-03  1.202e-02  4.709e+02     7.3476     7.3714     0.0238     5.7623     5.7946     21.798     22.287      0.229    1440.34    1439.26  0.000e+00
       2282     22.500     5.4871     5.4172    -0.0697    0.81225    0.81188          1     6.8150     6.4488       9.97     0.0208 -7.139e-05 -3.363e-04  4.691e+02     7.3868     7.3986     0.0118     5.8194     5.8319     22.293     22.793      0.294    1438.17    1437.88  0.000e+00
       2313     23.000     5.3876     5.3634    -0.0241    0.81121    0.81155          1     6.7865     6.4115       9.97     0.0208 -7.131e-13 -3.342e-12  4.707e+02     7.3985     7.4071     0.0086     5.8332     5.8411     22.788     23.300      0.417    1437.76    1437.66  0.000e+00
       2343     23.500     5.3073     5.2238    -0.0835    0.81063    0.81037          1     6.7538     6.3787       9.97     0.0207  2.122e-13  1.000e-12  4.711e+02     7.4105     7.4264     0.0159     5.8462     5.8624     23.284     23.806      0.356    1437.43    1437.08  0.000e+00
       2389     24.000     5.1731     5.1426    -0.0308    0.81018    0.81050          1     6.7152     6.3290       9.97     0.0195  2.126e-13  1.000e-12  4.704e+02     7.4358     7.4457     0.0100     5.8720     5.8811     23.779     24.312      0.200    1436.88    1436.76  0.000e+00
       2452     24.500     5.1414     5.1352    -0.0062    0.81095    0.81144          1     6.6969     6.2917       9.97     0.0194  2.131e-13  1.000e-12  4.693e+02     7.4505     7.4566     0.0061     5.8849     5.8900     24.274     24.819      0.246    1436.77    1436.75  0.000e+00
       2494     25.000     5.1466     5.1415    -0.0051    0.81357    0.81444          1     6.6590     6.2662       9.97     0.0192  2.122e-13  1.000e-12  4.711e+02     7.4750     7.4848     0.0098     5.9041     5.9121     24.770     25.325      0.309    1436.83    1436.82  0.000e+00
       2535     25.500     5.1327     5.1256    -0.0071    0.81538    0.81576          1     6.6100     6.2199       9.97     0.0189  2.125e-13  1.000e-12  4.707e+02     7.4959     7.5013     0.0054     5.9212     5.9258     25.265     25.831      0.255    1436.81    1436.78  0.000e+00
       2586     26.000     5.0722     5.0602    -0.0121    0.81460    0.81475          1     6.5897     6.1932       9.97     0.0182  2.134e-13  1.000e-12  4.685e+02     7.5018     7.5059     0.0042     5.9284     5.9321     25.760     26.337      0.255    1436.56    1436.51  0.000e+00
       2629     26.500     5.0353     5.0228    -0.0125    0.81410    0.81415          1     6.5925     6.1907       9.97     0.0183  2.125e-13  1.000e-12  4.705e+02     7.5050     7.5084     0.0034     5.9324     5.9356     26.256     26.844      0.298    1436.41    1436.35  0.000e+00
       2667     27.000     5.0156     5.0020    -0.0136    0.81387    0.81388          1     6.5812     6.1806       9.97     0.0178  2.122e-13  1.000e-12  4.712e+02     7.5071     7.5103     0.0032     5.9349     5.9379     26.751     27.350      0.323    1436.33    1436.27  0.000e+00
       2705     27.500     4.9874     4.9752    -0.0122    0.81341    0.81340          1     6.5780     6.1699       9.97     0.0176  2.122e-13  1.000e-12  4.711e+02     7.5089     7.5116     0.0027     5.9374     5.9400     27.247     27.856      0.286    1436.21    1436.17  0.000e+00
       2767     28.000     4.9575     4.9456    -0.0120    0.81292    0.81289          1     6.5952     6.1977       9.97     0.0174  2.125e-13  1.000e-12  4.705e+02     7.5108     7.5131     0.0024     5.9401     5.9424     27.742     28.362      0.205    1436.09    1436.04  0.000e+00
