ctdpy/tests/etc/all_smhi_bas_2018/SBE09_0827_20180821_1303_26_01_0825.cnv
* Sea-Bird SBE 9 Data File:
* FileName = D:\CTD_SBE911\DAT\26DA.2018.8.25.hex
* Software Version Seasave V 7.21d
* Temperature SN = 034605
* Conductivity SN = 041844
* Number of Bytes Per Scan = 48
* Number of Voltage Words = 5
* Number of Scans Averaged by the Deck Unit = 1
* NMEA Latitude = 58 27.27 N
* NMEA Longitude = 010 31.54 E
* NMEA UTC (Time) = Aug 21 2018  13:05:37
* NMEA baud rate = 4800
** Ship: DANA
** Average sound velocity: 1484.34 m/s
** True-depth calculation Thu, 28 Mar 2019 09:24:15 +0000
** CTD Python Module SMHI /ver 3-12/ feb 2012 
** LIMS Job: 20182601-0825
**  5 N BRATTEN
** Operator: Christian
** Cruise: 08/2018
# nquan = 26
# nvalues = 464                         
# units = specified
# name 0 = scan: Scan Count
# name 1 = prDM: Pressure, Digiquartz [db]
# name 2 = t090C: Temperature [ITS-90, deg C]
# name 3 = t190C: Temperature, 2 [ITS-90, deg C]
# name 4 = T2-T190C: Temperature Difference, 2 - 1 [ITS-90, deg C]
# name 5 = c0S/m: Conductivity [S/m]
# name 6 = c1S/m: Conductivity, 2 [S/m]
# name 7 = pumps: Pump Status
# name 8 = sbeox1ML/L: Oxygen, SBE 43, 2 [ml/l]
# name 9 = sbeox0ML/L: Oxygen, SBE 43 [ml/l]
# name 10 = altM: Altimeter [m]
# name 11 = chloroflTC0: Chlorophyll, Turner Cyclops [ug/l]
# name 12 = cpar: CPAR/Corrected Irradiance [%]
# name 13 = par: PAR/Irradiance, Biospherical/Lico [µE/(cm^2*s)]
# name 14 = spar: SPAR, Biospherical/Licor
# name 15 = sal00: Salinity, Practical [PSU]
# name 16 = sal11: Salinity, Practical, 2 [PSU]
# name 17 = secS-priS: Salinity, Practical, Difference, 2 - 1 [PSU]
# name 18 = sigma-t00: Density [sigma-t, kg/m^3 ]
# name 19 = sigma-t11: Density, 2 [sigma-t, kg/m^3 ]
# name 20 = depSM: Depth [salt water, m], lat = 58.4545
# name 21 = depFM: Depth [true depth, m], lat = 58.4545
# name 22 = dz/dtM: Descent Rate [m/s], WS = 2
# name 23 = svCM: Sound Velocity [Chen-Millero, m/s]
# name 24 = svCM1: Sound Velocity, 2 [Chen-Millero, m/s]
# name 25 = flag: flag
# span 0 =         33,      16296       
# span 1 =      1.500,    233.000       
# span 2 =     6.4242,    17.0849       
# span 3 =     6.4195,    17.0790       
# span 4 =    -0.2509,     0.5194       
# span 5 =   3.495597,   4.171226       
# span 6 =   3.495756,   4.163322       
# span 7 =          1,          1       
# span 8 =     5.2502,     6.1481       
# span 9 =     5.2362,     6.3640       
# span 10 =       0.59,       9.98      
# span 11 =     0.0254,     0.2204      
# span 12 = 4.8228e-14, 1.3681e+01      
# span 13 = 1.0000e-12, 2.8844e+02      
# span 14 = 1.7460e+03, 2.1100e+03      
# span 15 =    31.7214,    35.1706      
# span 16 =    31.7054,    35.1730      
# span 17 =    -0.4310,     0.1226      
# span 18 =    22.9798,    27.6220      
# span 19 =    22.9689,    27.6240      
# span 20 =      1.486,    230.701      
# span 21 =      1.493,    231.080      
# span 22 =     -0.566,      0.657      
# span 23 =    1479.05,    1509.37      
# span 24 =    1479.04,    1509.33      
# span 25 = 0.0000e+00, 0.0000e+00      
# interval = decibars: 0.5              
# start_time = Aug 21 2018 13:05:37 [NMEA time, first data scan]
# bad_flag = -9.990e-29
*END*
[from data line 223]
      10003    113.000     6.7854     6.7502    -0.0351    3.52519    3.52326          1     5.6310     5.7387       9.97     0.0295  4.856e-14  1.000e-12  2.059e+03    35.1259    35.1404     0.0146    27.5478    27.5641    111.918    112.139      0.457    1479.84    1479.72  0.000e+00
      10030    113.500     6.7541     6.7296    -0.0246    3.52214    3.52146          1     5.6560     5.7490       9.97     0.0303  4.856e-14  1.000e-12  2.059e+03    35.1238    35.1413     0.0176    27.5504    27.5676    112.413    112.635      0.447    1479.72    1479.65  0.000e+00
      10056    114.000     6.7121     6.6886    -0.0235    3.51815    3.51764          1     5.6549     5.7524       9.97     0.0300  4.856e-14  1.000e-12  2.059e+03    35.1222    35.1407     0.0184    27.5549    27.5727    112.908    113.130      0.478    1479.57    1479.50  0.000e+00
      10081    114.500     6.6942     6.6802    -0.0140    3.51650    3.51637          1     5.6441     5.7427       9.97     0.0313  4.859e-14  1.000e-12  2.058e+03    35.1220    35.1349     0.0130    27.5572    27.5693    113.403    113.626      0.498    1479.50    1479.46  0.000e+00
      10104    115.000     6.6842     6.6699    -0.0143    3.51550    3.51534          1     5.6420     5.7500       9.97     0.0305  4.861e-14  1.000e-12  2.057e+03    35.1209    35.1339     0.0129    27.5577    27.5699    113.898    114.122      0.512    1479.47    1479.43  0.000e+00
      10128    115.500     6.6744     6.6649    -0.0094    3.51456    3.51477          1     5.6462     5.7549       9.97     0.0306  4.857e-14  1.000e-12  2.059e+03    35.1203    35.1323     0.0119    27.5586    27.5693    114.393    114.617      0.520    1479.44    1479.42  0.000e+00
      10150    116.000     6.6692     6.6632    -0.0060    3.51414    3.51453          1     5.6475     5.7581       9.97     0.0304  4.855e-14  1.000e-12  2.060e+03    35.1207    35.1312     0.0105    27.5596    27.5687    114.888    115.113      0.528    1479.43    1479.42  0.000e+00
      10173    116.500     6.6671     6.6629    -0.0042    3.51404    3.51451          1     5.6375     5.7535       9.97     0.0310  4.850e-14  1.000e-12  2.062e+03    35.1215    35.1310     0.0095    27.5605    27.5686    115.383    115.608      0.519    1479.43    1479.43  0.000e+00
      10197    117.000     6.6639     6.6590    -0.0048    3.51379    3.51420          1     5.6342     5.7377       9.97     0.0293  4.846e-14  1.000e-12  2.063e+03    35.1218    35.1313     0.0095    27.5612    27.5693    115.879    116.104      0.499    1479.43    1479.42  0.000e+00
      10222    117.500     6.6600     6.6499    -0.0100    3.51341    3.51333          1     5.6417     5.7412       9.97     0.0300  4.844e-14  1.000e-12  2.064e+03    35.1213    35.1307     0.0094    27.5614    27.5701    116.374    116.600      0.448    1479.42    1479.39  0.000e+00
      10251    118.000     6.6533     6.6502    -0.0031    3.51297    3.51347          1     5.6385     5.7216       9.97     0.0309  4.845e-14  1.000e-12  2.064e+03    35.1230    35.1316     0.0087    27.5635    27.5708    116.869    117.095      0.403    1479.40    1479.40  0.000e+00
      10280    118.500     6.6464     6.6406    -0.0058    3.51244    3.51279          1     5.6121     5.6907       9.97     0.0317  4.842e-14  1.000e-12  2.065e+03    35.1240    35.1338     0.0098    27.5653    27.5738    117.364    117.591      0.463    1479.38    1479.38  0.000e+00
      10303    119.000     6.6394     6.6334    -0.0060    3.51184    3.51206          1     5.6018     5.6811       9.97     0.0313  4.842e-14  1.000e-12  2.065e+03    35.1242    35.1328     0.0086    27.5664    27.5740    117.859    118.087      0.542    1479.37    1479.35  0.000e+00
      10324    119.500     6.6366     6.6328    -0.0038    3.51165    3.51198          1     5.6020     5.6862       9.97     0.0306  4.839e-14  1.000e-12  2.066e+03    35.1248    35.1323     0.0075    27.5672    27.5737    118.354    118.582      0.559    1479.36    1479.36  0.000e+00
      10347    120.000     6.6355     6.6325    -0.0030    3.51163    3.51200          1     5.5967     5.6937       9.97     0.0301  4.837e-14  1.000e-12  2.067e+03    35.1254    35.1325     0.0071    27.5679    27.5739    118.849    119.078      0.506    1479.37    1479.37  0.000e+00
      10373    120.500     6.6346     6.6302    -0.0043    3.51160    3.51183          1     5.5976     5.7001       9.97     0.0296  4.837e-14  1.000e-12  2.067e+03    35.1258    35.1327     0.0070    27.5683    27.5744    119.344    119.573      0.424    1479.37    1479.37  0.000e+00
      10403    121.000     6.6289     6.6214    -0.0076    3.51105    3.51109          1     5.6045     5.6893       9.97     0.0305  4.834e-14  1.000e-12  2.069e+03    35.1251    35.1333     0.0083    27.5685    27.5760    119.839    120.069      0.420    1479.36    1479.34  0.000e+00
      10429    121.500     6.6156     6.6040    -0.0116    3.50969    3.50960          1     5.5921     5.6765       9.97     0.0322  4.827e-14  1.000e-12  2.072e+03    35.1235    35.1343     0.0108    27.5690    27.5792    120.334    120.565      0.534    1479.31    1479.28  0.000e+00
      10449    122.000     6.5987     6.5793    -0.0195    3.50794    3.50729          1     5.5704     5.6461       9.97     0.0319  4.823e-14  1.000e-12  2.074e+03    35.1210    35.1338     0.0128    27.5694    27.5822    120.829    121.060      0.604    1479.25    1479.19  0.000e+00
      10469    122.500     6.5798     6.5536    -0.0262    3.50598    3.50494          1     5.5552     5.6202       9.97     0.0319  4.823e-14  1.000e-12  2.074e+03    35.1184    35.1337     0.0154    27.5699    27.5855    121.324    121.556      0.572    1479.18    1479.10  0.000e+00
      10492    123.000     6.5611     6.5481    -0.0130    3.50420    3.50380          1     5.5446     5.6182       9.97     0.0318  4.825e-14  1.000e-12  2.072e+03    35.1174    35.1264     0.0089    27.5717    27.5804    121.819    122.051      0.438    1479.12    1479.08  0.000e+00
      10525    123.500     6.5580     6.5584     0.0005    3.50414    3.50479          1     5.5373     5.6250       9.97     0.0322  4.837e-14  1.000e-12  2.068e+03    35.1198    35.1266     0.0068    27.5739    27.5793    122.314    122.547      0.357    1479.12    1479.13  0.000e+00
      10556    124.000     6.5626     6.5614    -0.0012    3.50473    3.50511          1     5.5296     5.6416       9.97     0.0319  4.843e-14  1.000e-12  2.065e+03    35.1214    35.1268     0.0054    27.5746    27.5790    122.809    123.043      0.469    1479.15    1479.15  0.000e+00
      10579    124.500     6.5645     6.5650     0.0005    3.50502    3.50551          1     5.5338     5.6531       9.97     0.0307  4.849e-14  1.000e-12  2.062e+03    35.1224    35.1273     0.0049    27.5751    27.5789    123.304    123.538      0.539    1479.16    1479.17  0.000e+00
      10601    125.000     6.5671     6.5668    -0.0003    3.50534    3.50583          1     5.5394     5.6637       9.97     0.0306  4.857e-14  1.000e-12  2.059e+03    35.1231    35.1287     0.0057    27.5753    27.5798    123.800    124.034      0.509    1479.18    1479.19  0.000e+00
      10626    125.500     6.5679     6.5649    -0.0030    3.50551    3.50576          1     5.5482     5.6716       9.97     0.0313  4.864e-14  1.000e-12  2.056e+03    35.1237    35.1297     0.0059    27.5757    27.5808    124.295    124.529      0.456    1479.19    1479.19  0.000e+00
      10653    126.000     6.5656     6.5601    -0.0055    3.50531    3.50535          1     5.5596     5.6650       9.97     0.0320  4.870e-14  1.000e-12  2.053e+03    35.1237    35.1298     0.0061    27.5760    27.5815    124.790    125.025      0.457    1479.19    1479.18  0.000e+00
      10679    126.500     6.5612     6.5579    -0.0034    3.50492    3.50511          1     5.5652     5.6633       9.97     0.0317  4.869e-14  1.000e-12  2.054e+03    35.1236    35.1292     0.0056    27.5765    27.5814    125.285    125.521      0.474    1479.18    1479.18  0.000e+00
      10704    127.000     6.5592     6.5545    -0.0047    3.50474    3.50477          1     5.5572     5.6675       9.97     0.0314  4.864e-14  1.000e-12  2.056e+03    35.1234    35.1286     0.0051    27.5767    27.5814    125.780    126.016      0.465    1479.18    1479.17  0.000e+00
      10730    127.500     6.5560     6.5507    -0.0052    3.50444    3.50446          1     5.5540     5.6650       9.97     0.0303  4.861e-14  1.000e-12  2.057e+03    35.1231    35.1287     0.0056    27.5769    27.5820    126.275    126.512      0.470    1479.18    1479.17  0.000e+00
      10755    128.000     6.5490     6.5438    -0.0052    3.50372    3.50377          1     5.5574     5.6667       9.97     0.0303  4.861e-14  1.000e-12  2.057e+03    35.1219    35.1279     0.0059    27.5768    27.5822    126.770    127.007      0.501    1479.16    1479.15  0.000e+00
      10778    128.500     6.5467     6.5392    -0.0075    3.50350    3.50336          1     5.5457     5.6627       9.97     0.0313  4.861e-14  1.000e-12  2.057e+03    35.1216    35.1279     0.0062    27.5769    27.5828    127.265    127.503      0.518    1479.16    1479.14  0.000e+00
      10801    129.000     6.5402     6.5291    -0.0110    3.50281    3.50246          1     5.5365     5.6571       9.97     0.0316  4.863e-14  1.000e-12  2.056e+03    35.1204    35.1279     0.0075    27.5769    27.5842    127.760    127.999      0.489    1479.14    1479.10  0.000e+00
      10828    129.500     6.5322     6.5273    -0.0049    3.50221    3.50226          1     5.5313     5.6517       9.97     0.0309  4.866e-14  1.000e-12  2.055e+03    35.1216    35.1273     0.0057    27.5789    27.5840    128.255    128.494      0.412    1479.12    1479.11  0.000e+00
      10860    130.000     6.5273     6.5208    -0.0065    3.50177    3.50177          1     5.5318     5.6564       9.97     0.0303  4.867e-14  1.000e-12  2.055e+03    35.1216    35.1282     0.0067    27.5795    27.5856    128.750    128.990      0.389    1479.10    1479.09  0.000e+00
      10888    130.500     6.5165     6.5098    -0.0067    3.50071    3.50069          1     5.5439     5.6614       9.97     0.0310  4.871e-14  1.000e-12  2.053e+03    35.1206    35.1273     0.0067    27.5802    27.5863    129.245    129.485      0.478    1479.07    1479.05  0.000e+00
      10911    131.000     6.5108     6.5071    -0.0037    3.50016    3.50033          1     5.5547     5.6641       9.97     0.0315  4.871e-14  1.000e-12  2.053e+03    35.1200    35.1257     0.0056    27.5805    27.5854    129.740    129.981      0.514    1479.06    1479.05  0.000e+00
      10935    131.500     6.5085     6.5029    -0.0056    3.49994    3.49990          1     5.5512     5.6569       9.97     0.0322  4.875e-14  1.000e-12  2.051e+03    35.1197    35.1250     0.0053    27.5805    27.5855    130.235    130.477      0.481    1479.06    1479.04  0.000e+00
      10961    132.000     6.5060     6.5041    -0.0019    3.49972    3.49992          1     5.5420     5.6601       9.97     0.0317  4.880e-14  1.000e-12  2.049e+03    35.1195    35.1238     0.0043    27.5807    27.5843    130.730    130.972      0.469    1479.05    1479.05  0.000e+00
      10986    132.500     6.5071     6.5070    -0.0001    3.49991    3.50025          1     5.5347     5.6605       9.97     0.0318  4.878e-14  1.000e-12  2.050e+03    35.1203    35.1243     0.0039    27.5812    27.5843    131.225    131.468      0.525    1479.07    1479.07  0.000e+00
      11007    133.000     6.5083     6.5063    -0.0020    3.50008    3.50032          1     5.5257     5.6567       9.97     0.0314  4.872e-14  1.000e-12  2.052e+03    35.1208    35.1255     0.0047    27.5814    27.5854    131.720    131.963      0.556    1479.08    1479.08  0.000e+00
      11029    133.500     6.5075     6.5057    -0.0018    3.50005    3.50026          1     5.5276     5.6558       9.97     0.0318  4.870e-14  1.000e-12  2.053e+03    35.1209    35.1252     0.0043    27.5816    27.5852    132.215    132.459      0.513    1479.09    1479.08  0.000e+00
      11054    134.000     6.5079     6.5100     0.0021    3.50020    3.50070          1     5.5407     5.6663       9.97     0.0319  4.870e-14  1.000e-12  2.053e+03    35.1219    35.1254     0.0035    27.5824    27.5848    132.710    132.955      0.478    1479.10    1479.11  0.000e+00
      11079    134.500     6.5120     6.5152     0.0032    3.50072    3.50120          1     5.5527     5.6789       9.97     0.0314  4.875e-14  1.000e-12  2.051e+03    35.1232    35.1253     0.0021    27.5828    27.5841    133.205    133.450      0.498    1479.12    1479.14  0.000e+00
      11102    135.000     6.5175     6.5223     0.0048    3.50137    3.50201          1     5.5547     5.6887       9.97     0.0308  4.880e-14  1.000e-12  2.049e+03    35.1246    35.1268     0.0022    27.5832    27.5843    133.700    133.946      0.529    1479.15    1479.17  0.000e+00
      11125    135.500     6.5238     6.5271     0.0033    3.50207    3.50257          1     5.5594     5.6877       9.97     0.0304  4.885e-14  1.000e-12  2.047e+03    35.1257    35.1279     0.0022    27.5832    27.5845    134.195    134.441      0.533    1479.19    1479.20  0.000e+00
      11148    136.000     6.5278     6.5307     0.0030    3.50256    3.50302          1     5.5666     5.6975       9.97     0.0317  4.885e-14  1.000e-12  2.047e+03    35.1268    35.1289     0.0021    27.5836    27.5848    134.690    134.937      0.498    1479.21    1479.23  0.000e+00
      11173    136.500     6.5324     6.5346     0.0022    3.50311    3.50350          1     5.5724     5.7047       9.97     0.0317  4.885e-14  1.000e-12  2.047e+03    35.1279    35.1300     0.0021    27.5838    27.5852    135.185    135.433      0.456    1479.24    1479.25  0.000e+00
      11200    137.000     6.5359     6.5368     0.0009    3.50353    3.50381          1     5.5725     5.7011       9.97     0.0314  4.878e-14  1.000e-12  2.050e+03    35.1288    35.1310     0.0023    27.5840    27.5857    135.680    135.928      0.465    1479.26    1479.27  0.000e+00
      11225    137.500     6.5380     6.5371    -0.0009    3.50386    3.50401          1     5.5779     5.6919       9.97     0.0314  4.872e-14  1.000e-12  2.052e+03    35.1300    35.1326     0.0026    27.5847    27.5869    136.175    136.424      0.509    1479.28    1479.28  0.000e+00
      11247    138.000     6.5380     6.5364    -0.0016    3.50395    3.50407          1     5.5833     5.6919       9.97     0.0319  4.870e-14  1.000e-12  2.053e+03    35.1307    35.1337     0.0030    27.5853    27.5878    136.670    136.919      0.534    1479.29    1479.29  0.000e+00
      11270    138.500     6.5369     6.5322    -0.0047    3.50391    3.50382          1     5.5838     5.7036       9.97     0.0313  4.870e-14  1.000e-12  2.053e+03    35.1312    35.1351     0.0039    27.5858    27.5895    137.165    137.415      0.518    1479.30    1479.28  0.000e+00
      11294    139.000     6.5340     6.5335    -0.0005    3.50373    3.50392          1     5.5893     5.7102       9.97     0.0309  4.873e-14  1.000e-12  2.052e+03    35.1319    35.1345     0.0026    27.5867    27.5888    137.660    137.911      0.483    1479.29    1479.30  0.000e+00
      11319    139.500     6.5348     6.5341    -0.0008    3.50388    3.50402          1     5.5924     5.7111       9.97     0.0301  4.877e-14  1.000e-12  2.050e+03    35.1325    35.1348     0.0024    27.5871    27.5890    138.155    138.406      0.486    1479.30    1479.30  0.000e+00
      11343    140.000     6.5353     6.5338    -0.0015    3.50396    3.50406          1     5.5861     5.7195       9.97     0.0316  4.882e-14  1.000e-12  2.048e+03    35.1327    35.1353     0.0026    27.5872    27.5895    138.650    138.902      0.532    1479.32    1479.31  0.000e+00
