ctdpy/tests/etc/all_smhi_bas_2018/SBE09_1044_20181207_2333_34_01_0165.cnv
* Sea-Bird SBE 9 Data File:
* FileName = C:\ctd\temp\ar18d165.hex
* Software Version Seasave V 7.26.7.107
* Temperature SN = 5351
* Conductivity SN = 3941
* Number of Bytes Per Scan = 41
* Number of Voltage Words = 4
* Number of Scans Averaged by the Deck Unit = 1
* NMEA Latitude = 58 17.07 N
* NMEA Longitude = 010 30.29 E
* NMEA UTC (Time) = Dec 07 2018  23:33:50
* NMEA baud rate = 4800
** Station:  Å17
** Operator:  ASkj
** Ship: ARANDA
** Average sound velocity: 1484.40 m/s
** True-depth calculation Sun, 09 Dec 2018 17:23:35 +0000
** CTD Python Module SMHI /ver 3-12/ feb 2012 
** LIMS Job: 20183401-0165
** Cruise: SMHI-7-2018
** Latitude [GG MM.mm N]:
** Longitude [GG MM.mm E]
# nquan = 26
# nvalues = 694                         
# units = specified
# name 0 = scan: Scan Count
# name 1 = prDM: Pressure, Digiquartz [db]
# name 2 = t090C: Temperature [ITS-90, deg C]
# name 3 = t190C: Temperature, 2 [ITS-90, deg C]
# name 4 = T2-T190C: Temperature Difference, 2 - 1 [ITS-90, deg C]
# name 5 = c0S/m: Conductivity [S/m]
# name 6 = c1S/m: Conductivity, 2 [S/m]
# name 7 = pumps: Pump Status
# name 8 = sbeox0ML/L: Oxygen, SBE 43 [ml/l]
# name 9 = sbeox1ML/L: Oxygen, SBE 43, 2 [ml/l]
# name 10 = altM: Altimeter [m]
# name 11 = flECO-AFL: Chl-a Fluorescence, WET Labs ECO-AFL/FL [mg/m^3]
# name 12 = flECO-AFL1: Phycocyanin Fluorescence, WET Labs ECO-AFL/FL, 2 [mg/m^3]
# name 13 = par: PAR/Irradiance, Biospherical/Lico [µE/(cm^2*s)]
# name 14 = turbWETntu0: Turbidity, WET Labs ECO [NTU]
# name 15 = sal00: Salinity, Practical [PSU]
# name 16 = sal11: Salinity, Practical, 2 [PSU]
# name 17 = secS-priS: Salinity, Practical, Difference, 2 - 1 [PSU]
# name 18 = sigma-t00: Density [sigma-t, Kg/m^3 ]
# name 19 = sigma-t11: Density, 2 [sigma-t, Kg/m^3 ]
# name 20 = depSM: Depth [salt water, m], lat = 58.2845
# name 21 = depFM: Depth [true depth, m], lat = 58.2845
# name 22 = dz/dtM: Descent Rate [m/s], WS = 2
# name 23 = svCM: Sound Velocity [Chen-Millero, m/s]
# name 24 = svCM1: Sound Velocity, 2 [Chen-Millero, m/s]
# name 25 = flag: flag
# span 0 =      47554,      64003       
# span 1 =      1.500,    348.000       
# span 2 =     6.2804,     9.6082       
# span 3 =     6.2817,     9.6091       
# span 4 =    -0.0604,     0.0176       
# span 5 =   3.384666,   3.767428       
# span 6 =   3.384821,   3.767517       
# span 7 =          1,          1       
# span 8 =    5.28386,    6.56267       
# span 9 =    5.27717,    6.55154       
# span 10 =       5.85,      99.93      
# span 11 =    -0.0045,     1.0000      
# span 12 =     0.1037,     0.3215      
# span 13 = -3.179e-04, 1.3475e-02      
# span 14 =     0.1346,     0.5439      
# span 15 =    32.6833,    35.1418      
# span 16 =    32.6835,    35.1415      
# span 17 =    -0.0523,     0.0139      
# span 18 =    25.4880,    27.6175      
# span 19 =    25.4879,    27.6170      
# span 20 =      1.486,    344.477      
# span 21 =      1.490,    345.038      
# span 22 =      0.006,      1.272      
# span 23 =    1478.76,    1489.32      
# span 24 =    1478.77,    1489.33      
# span 25 = 0.0000e+00, 0.0000e+00      
# interval = decibars: 0.5              
# start_time = Dec 07 2018 23:33:51 [NMEA time, first data scan]
# bad_flag = -9.990e-29
*END*
      47554      1.500     7.7743     7.7766     0.0024    3.38522    3.38673          1     6.5627     6.5515      97.37     1.0000     0.3022 -3.179e-04  0.2334000    32.6851    32.6990     0.0139    25.4886    25.4992      1.486      1.490      0.109    1478.77    1478.80  0.000e+00
      47890      2.000     7.7698     7.7717     0.0019    3.38480    3.38500          1     6.5588     6.5473      97.34     0.8727     0.2565  9.639e-04  0.2597000    32.6846    32.6849     0.0003    25.4889    25.4889      1.981      1.986      0.385    1478.76    1478.77  0.000e+00
      47950      2.500     7.7695     7.7709     0.0014    3.38488    3.38502          1     6.5583     6.5467      97.36     0.8377     0.2498  9.929e-03  0.2554000    32.6855    32.6856     0.0002    25.4896    25.4895      2.477      2.483      0.417    1478.77    1478.78  0.000e+00
      48009      3.000     7.7694     7.7709     0.0014    3.38479    3.38495          1     6.5572     6.5500      97.35     0.8776     0.2315  1.348e-02  0.2468000    32.6844    32.6847     0.0003    25.4888    25.4888      2.972      2.980      0.332    1478.78    1478.78  0.000e+00
      48039      3.500     7.7689     7.7704     0.0015    3.38467    3.38482          1     6.5570     6.5508      97.36     0.8467     0.2623  1.503e-04  0.2412000    32.6833    32.6835     0.0002    25.4880    25.4879      3.467      3.476      0.566    1478.78    1478.79  0.000e+00
      48060      4.000     7.7691     7.7706     0.0015    3.38486    3.38501          1     6.5495     6.5507      97.36     0.8464     0.2915  2.647e-11  0.2640000    32.6849    32.6851     0.0002    25.4892    25.4891      3.963      3.973      0.507    1478.79    1478.80  0.000e+00
      48088      4.500     7.7695     7.7711     0.0016    3.38494    3.38520          1     6.5513     6.5488      97.36     0.8358     0.2962  1.000e-12  0.2769000    32.6852    32.6865     0.0013    25.4894    25.4902      4.458      4.469      0.413    1478.80    1478.81  0.000e+00
      48116      5.000     7.7706     7.7712     0.0006    3.38553    3.38529          1     6.5467     6.5463      97.36     0.8468     0.2614  1.000e-12  0.2533000    32.6903    32.6871    -0.0032    25.4932    25.4906      4.953      4.966      0.516    1478.82    1478.82  0.000e+00
      48136      5.500     7.7732     7.7746     0.0014    3.38671    3.38685          1     6.5487     6.5450      97.34     0.8797     0.2330  1.000e-12  0.2780000    32.7003    32.7004     0.0002    25.5007    25.5006      5.449      5.463      0.647    1478.85    1478.86  0.000e+00
      48153      6.000     7.7734     7.7752     0.0018    3.38678    3.38708          1     6.5512     6.5434      97.37     0.8601     0.2227  1.000e-12  0.2756000    32.7006    32.7020     0.0015    25.5009    25.5018      5.944      5.959      0.657    1478.86    1478.87  0.000e+00
      48173      6.500     7.7819     7.7809    -0.0010    3.38972    3.38918          1     6.5474     6.5386      97.35     0.8415     0.2507  1.000e-12  0.2716000    32.7238    32.7190    -0.0048    25.5179    25.5143      6.440      6.456      0.529    1478.93    1478.92  0.000e+00
      48201      7.000     7.7977     7.7979     0.0002    3.39317    3.39312          1     6.4907     6.4855      97.34     0.8379     0.3030  1.000e-12  0.2623000    32.7458    32.7450    -0.0008    25.5329    25.5323      6.935      6.953      0.377    1479.03    1479.03  0.000e+00
      48235      7.500     7.8040     7.8083     0.0043    3.39420    3.39480          1     6.4378     6.4181      97.35     0.8323     0.2838  1.000e-12  0.2519000    32.7506    32.7530     0.0024    25.5358    25.5371      7.430      7.449      0.426    1479.06    1479.08  0.000e+00
      48258      8.000     7.8226     7.8256     0.0030    3.39737    3.39749          1     6.5301     6.4943      97.36     0.8549     0.2660  1.000e-12  0.2750000    32.7668    32.7653    -0.0015    25.5459    25.5442      7.926      7.946      0.672    1479.16    1479.17  0.000e+00
      48273      8.500     7.9876     7.9963     0.0085    3.42467    3.42624          1     6.5409     6.5010      97.35     0.8586     0.2745  1.000e-12  0.2868000    32.9029    32.9115     0.0085    25.6289    25.6343      8.421      8.442      0.841    1479.97    1480.01  0.000e+00
      48286      9.000     8.4074     8.4047    -0.0025    3.49866    3.49883          1     6.4726     6.4454      97.37     0.7603     0.3215  1.000e-12  0.2736000    33.2924    33.2968     0.0043    25.8723    25.8762      8.916      8.939      0.866    1482.04    1482.04  0.000e+00
      48300      9.500     8.6453     8.6376    -0.0078    3.54614    3.54509          1     6.3616     6.3260      97.36     0.7117     0.2944  1.000e-12  0.2667000    33.5674    33.5637    -0.0038    26.0516    26.0499      9.411      9.435      0.709    1483.28    1483.25  0.000e+00
      48335     10.000     8.8299     8.7697    -0.0604    3.58122    3.57077          1     6.2574     6.2248      97.36     0.5757     0.2605  1.000e-12  0.2328000    33.7602    33.7079    -0.0523    26.1741    26.1425      9.907      9.931      0.359    1484.21    1483.92  0.000e+00
      48382     10.500     8.9439     8.9095    -0.0344    3.60819    3.60076          1     6.2504     6.2251      97.38     0.5901     0.2523  1.000e-12  0.2107000    33.9336    33.8885    -0.0450    26.2919    26.2620     10.402     10.428      0.587    1484.85    1484.67  0.000e+00
      48397     11.000     9.1717     9.1738     0.0021    3.65802    3.65825          1     6.2190     6.1924      97.40     0.4842     0.2214  1.000e-12  0.2024000    34.2353    34.2357     0.0004    26.4918    26.4918     10.898     10.924      0.851    1486.07    1486.08  0.000e+00
      48410     11.500     9.2277     9.2278     0.0002    3.67152    3.67138          1     6.1913     6.1607      97.40     0.3918     0.1928  1.000e-12  0.1985000    34.3219    34.3202    -0.0017    26.5505    26.5491     11.393     11.420      0.960    1486.39    1486.39  0.000e+00
      48422     12.000     9.3142     9.3119    -0.0023    3.69157    3.69115          1     6.1654     6.1314      97.39     0.3330     0.1777  1.000e-12  0.1979000    34.4467    34.4446    -0.0021    26.6341    26.6329     11.888     11.916      0.950    1486.87    1486.86  0.000e+00
      48435     12.500     9.3541     9.3528    -0.0013    3.69988    3.69962          1     6.1431     6.1117      97.40     0.2805     0.2259  1.000e-12  0.2050000    34.4942    34.4927    -0.0015    26.6648    26.6638     12.383     12.412      0.812    1487.08    1487.07  0.000e+00
      48454     13.000     9.3719     9.3687    -0.0034    3.70385    3.70316          1     6.1240     6.1029      97.41     0.2426     0.2484  1.000e-12  0.2038000    34.5180    34.5139    -0.0041    26.6805    26.6778     12.879     12.908      0.528    1487.18    1487.17  0.000e+00
      48488     13.500     9.3920     9.3787    -0.0130    3.70773    3.70450          1     6.1137     6.0919      97.42     0.2235     0.1821  1.000e-12  0.1805000    34.5387    34.5180    -0.0207    26.6934    26.6793     13.374     13.404      0.320    1487.29    1487.22  0.000e+00
      48520     14.000     9.3966     9.3986     0.0020    3.70870    3.70888          1     6.1146     6.0906      97.41     0.2108     0.2053  1.000e-12  0.1737000    34.5441    34.5440    -0.0001    26.6968    26.6964     13.869     13.900      0.450    1487.32    1487.33  0.000e+00
      48544     14.500     9.3995     9.4018     0.0022    3.70916    3.70932          1     6.1127     6.0819      97.42     0.2067     0.1987  1.000e-12  0.1737000    34.5457    34.5452    -0.0006    26.6976    26.6969     14.365     14.396      0.552    1487.34    1487.35  0.000e+00
      48564     15.000     9.4116     9.4102    -0.0014    3.71149    3.71102          1     6.1049     6.0789      97.42     0.2030     0.2259  1.000e-12  0.1849000    34.5580    34.5544    -0.0035    26.7053    26.7027     14.860     14.892      0.647    1487.41    1487.40  0.000e+00
      48582     15.500     9.4195     9.4202     0.0007    3.71310    3.71323          1     6.1002     6.0846      97.43     0.2115     0.2641  1.000e-12  0.1921000    34.5669    34.5675     0.0006    26.7109    26.7113     15.355     15.388      0.706    1487.46    1487.46  0.000e+00
      48598     16.000     9.4228     9.4234     0.0006    3.71418    3.71422          1     6.1060     6.0915      97.43     0.2121     0.2500  1.000e-12  0.1791000    34.5746    34.5744    -0.0002    26.7164    26.7162     15.851     15.884      0.659    1487.49    1487.49  0.000e+00
      48619     16.500     9.4243     9.4243     0.0000    3.71467    3.71453          1     6.1071     6.0972      97.43     0.1879     0.2352  1.000e-12  0.1855000    34.5780    34.5765    -0.0015    26.7188    26.7177     16.346     16.380      0.500    1487.51    1487.50  0.000e+00
      48648     17.000     9.4334     9.4317    -0.0017    3.71718    3.71658          1     6.1070     6.1084      97.43     0.1866     0.2271  1.000e-12  0.1857000    34.5950    34.5904    -0.0045    26.7306    26.7273     16.841     16.876      0.431    1487.57    1487.56  0.000e+00
      48673     17.500     9.4374     9.4367    -0.0006    3.71842    3.71787          1     6.1016     6.0941      97.42     0.2025     0.1851  1.000e-12  0.1788000    34.6037    34.5987    -0.0051    26.7368    26.7330     17.337     17.372      0.571    1487.60    1487.59  0.000e+00
      48691     18.000     9.4384     9.4392     0.0007    3.71997    3.71983          1     6.0869     6.0781      97.43     0.1878     0.1870  1.000e-12  0.1841000    34.6185    34.6164    -0.0021    26.7482    26.7464     17.832     17.868      0.655    1487.63    1487.63  0.000e+00
      48709     18.500     9.4382     9.4389     0.0007    3.72071    3.72058          1     6.0779     6.0640      97.44     0.1797     0.2466  1.000e-12  0.1833000    34.6262    34.6241    -0.0021    26.7543    26.7525     18.327     18.364      0.641    1487.65    1487.65  0.000e+00
      48729     19.000     9.4359     9.4375     0.0017    3.72128    3.72130          1     6.0743     6.0542      97.43     0.1891     0.2261  1.000e-12  0.1722000    34.6342    34.6327    -0.0015    26.7609    26.7595     18.823     18.860      0.545    1487.66    1487.66  0.000e+00
      48755     19.500     9.4315     9.4330     0.0015    3.72120    3.72128          1     6.0682     6.0455      97.44     0.1787     0.1892  1.000e-12  0.1741000    34.6373    34.6367    -0.0006    26.7640    26.7633     19.318     19.356      0.451    1487.65    1487.66  0.000e+00
      48781     20.000     9.4297     9.4308     0.0012    3.72120    3.72124          1     6.0653     6.0423      97.43     0.1627     0.2007  1.000e-12  0.1797000    34.6388    34.6382    -0.0006    26.7655    26.7648     19.813     19.852      0.493    1487.66    1487.66  0.000e+00
      48804     20.500     9.4302     9.4299    -0.0003    3.72351    3.72308          1     6.0675     6.0417      97.45     0.1911     0.2078  1.000e-12  0.1675000    34.6621    34.6579    -0.0042    26.7837    26.7804     20.309     20.348      0.543    1487.70    1487.69  0.000e+00
      48826     21.000     9.4442     9.4437    -0.0005    3.72648    3.72636          1     6.0695     6.0347      97.43     0.1925     0.2171  1.000e-12  0.1806000    34.6791    34.6784    -0.0007    26.7946    26.7942     20.804     20.844      0.540    1487.78    1487.77  0.000e+00
      48848     21.500     9.4622     9.4606    -0.0015    3.72910    3.72878          1     6.0564     6.0240      97.44     0.1721     0.2160  1.000e-12  0.1847000    34.6885    34.6867    -0.0018    26.7990    26.7979     21.299     21.340      0.549    1487.86    1487.85  0.000e+00
      48869     22.000     9.4731     9.4763     0.0031    3.73114    3.73139          1     6.0532     6.0302      97.43     0.1765     0.1811  1.000e-12  0.1907000    34.6988    34.6984    -0.0005    26.8053    26.8044     21.794     21.836      0.593    1487.92    1487.93  0.000e+00
      48889     22.500     9.4564     9.4578     0.0015    3.73020    3.73026          1     6.0584     6.0457      97.43     0.1660     0.2470  1.000e-12  0.1841000    34.7050    34.7043    -0.0007    26.8129    26.8121     22.290     22.332      0.612    1487.88    1487.88  0.000e+00
      48908     23.000     9.4516     9.4537     0.0021    3.73028    3.73045          1     6.0529     6.0492      97.44     0.1275     0.2580  1.000e-12  0.1695000    34.7104    34.7100    -0.0003    26.8179    26.8173     22.785     22.828      0.591    1487.87    1487.88  0.000e+00
      48930     23.500     9.4401     9.4424     0.0024    3.72939    3.72957          1     6.0494     6.0425      97.41     0.1475     0.2163  1.000e-12  0.1909000    34.7120    34.7116    -0.0004    26.8210    26.8203     23.280     23.324      0.519    1487.84    1487.85  0.000e+00
      48955     24.000     9.4055     9.4091     0.0035    3.72667    3.72693          1     6.0611     6.0433      97.38     0.1765     0.2088  1.000e-12  0.1687000    34.7171    34.7164    -0.0007    26.8308    26.8296     23.776     23.820      0.482    1487.73    1487.74  0.000e+00
      48978     24.500     9.3745     9.3762     0.0017    3.72423    3.72435          1     6.0747     6.0446      97.31     0.1703     0.2638  1.000e-12  0.1679000    34.7217    34.7213    -0.0004    26.8394    26.8388     24.271     24.316      0.597    1487.63    1487.64  0.000e+00
      48996     25.000     9.3735     9.3743     0.0008    3.72458    3.72461          1     6.0809     6.0522      97.31     0.1544     0.2210  1.000e-12  0.1641000    34.7261    34.7257    -0.0004    26.8430    26.8425     24.766     24.812      0.692    1487.64    1487.64  0.000e+00
      49013     25.500     9.3774     9.3782     0.0008    3.72529    3.72533          1     6.0746     6.0549      97.25     0.1454     0.2009  1.000e-12  0.1614000    34.7294    34.7291    -0.0003    26.8449    26.8446     25.262     25.308      0.676    1487.67    1487.67  0.000e+00
      49033     26.000     9.3853     9.3853     0.0000    3.72649    3.72643          1     6.0632     6.0453      96.79     0.1425     0.1862  1.000e-12  0.1628000    34.7341    34.7334    -0.0007    26.8473    26.8468     25.757     25.804      0.473    1487.71    1487.71  0.000e+00
      49074     26.500     9.3903     9.3913     0.0010    3.72721    3.72684          1     6.0537     6.0344      97.24     0.1715     0.2064  1.000e-12  0.1651000    34.7364    34.7316    -0.0048    26.8483    26.8444     26.252     26.300      0.297    1487.74    1487.74  0.000e+00
      49101     27.000     9.4230     9.4208    -0.0022    3.73199    3.73163          1     6.0594     6.0428      97.35     0.1680     0.1764  1.000e-12  0.1694000    34.7540    34.7524    -0.0016    26.8567    26.8558     26.747     26.796      0.659    1487.89    1487.88  0.000e+00
      49116     27.500     9.4536     9.4509    -0.0026    3.73625    3.73582          1     6.0574     6.0435      97.39     0.1653     0.2076  1.000e-12  0.1734000    34.7682    34.7663    -0.0019    26.8628    26.8617     27.243     27.292      0.816    1488.03    1488.02  0.000e+00
      49130     28.000     9.5011     9.4979    -0.0033    3.74245    3.74199          1     6.0498     6.0372      97.40     0.1385     0.2217  1.000e-12  0.1732000    34.7860    34.7844    -0.0017    26.8688    26.8681     27.738     27.788      0.836    1488.23    1488.22  0.000e+00
      49145     28.500     9.5356     9.5344    -0.0011    3.74691    3.74668          1     6.0441     6.0305      97.30     0.1312     0.2210  1.000e-12  0.1760000    34.7985    34.7973    -0.0012    26.8729    26.8721     28.233     28.284      0.726    1488.38    1488.37  0.000e+00
