ctdpy/tests/etc/all_smhi_bas_2018/SBE09_1044_20180203_2043_34_02_0055.cnv
* Sea-Bird SBE 9 Data File:
* FileName = C:\ctd\temp\2018\ME18D055.hex
* Software Version Seasave V 7.26.6.26
* Temperature SN = 5351
* Conductivity SN = 3941
* Number of Bytes Per Scan = 41
* Number of Voltage Words = 4
* Number of Scans Averaged by the Deck Unit = 1
* NMEA Latitude = 58 17.66 N
* NMEA Longitude = 010 50.67 E
* NMEA UTC (Time) = Feb 03 2018  20:43:58
* NMEA baud rate = 4800
** Station:  A15
** Operator:  SSip
** Ship: MERI
** Average sound velocity: 1477.21 m/s
** True-depth calculation Sat, 03 Feb 2018 21:30:54 +0000
** CTD Python Module SMHI /ver 3-12/ feb 2012 
** LIMS Job: 20183402-0055
** Cruise: SMHI-01-2018
** Latitude [GG MM.mm N] :
** Longitude [GG MM.mm E]:
# nquan = 26
# nvalues = 257                         
# units = specified
# name 0 = scan: Scan Count
# name 1 = prDM: Pressure, Digiquartz [db]
# name 2 = t090C: Temperature [ITS-90, deg C]
# name 3 = t190C: Temperature, 2 [ITS-90, deg C]
# name 4 = T2-T190C: Temperature Difference, 2 - 1 [ITS-90, deg C]
# name 5 = c0S/m: Conductivity [S/m]
# name 6 = c1S/m: Conductivity, 2 [S/m]
# name 7 = pumps: Pump Status
# name 8 = sbeox0ML/L: Oxygen, SBE 43 [ml/l]
# name 9 = sbeox1ML/L: Oxygen, SBE 43, 2 [ml/l]
# name 10 = altM: Altimeter [m]
# name 11 = flECO-AFL: Chl-a Fluorescence, WET Labs ECO-AFL/FL [mg/m^3]
# name 12 = flECO-AFL1: Phycocyanin Fluorescence, WET Labs ECO-AFL/FL, 2 [mg/m^3]
# name 13 = par: PAR/Irradiance, Biospherical/Lico [µE/(cm^2*s)]
# name 14 = turbWETntu0: Turbidity, WET Labs ECO [NTU]
# name 15 = sal00: Salinity, Practical [PSU]
# name 16 = sal11: Salinity, Practical, 2 [PSU]
# name 17 = secS-priS: Salinity, Practical, Difference, 2 - 1 [PSU]
# name 18 = sigma-t00: Density [sigma-t, Kg/m^3 ]
# name 19 = sigma-t11: Density, 2 [sigma-t, Kg/m^3 ]
# name 20 = depSM: Depth [salt water, m], lat = 58.2943
# name 21 = depFM: Depth [true depth, m], lat = 58.2943
# name 22 = dz/dtM: Descent Rate [m/s], WS = 2
# name 23 = svCM: Sound Velocity [Chen-Millero, m/s]
# name 24 = svCM1: Sound Velocity, 2 [Chen-Millero, m/s]
# name 25 = flag: flag
# span 0 =       5601,      11478       
# span 1 =      2.500,    130.500       
# span 2 =     3.1816,     7.7300       
# span 3 =     3.1822,     7.7355       
# span 4 =    -0.0500,     0.1843       
# span 5 =   2.576514,   3.570141       
# span 6 =   2.576683,   3.570246       
# span 7 =          1,          1       
# span 8 =    6.00506,    7.36721       
# span 9 =    6.00185,    7.39191       
# span 10 =       1.40,      99.37      
# span 11 =     0.1019,     0.9078      
# span 12 =     0.2734,     0.4737      
# span 13 = -1.607e-05, 7.1757e-02      
# span 14 =     0.2107,     2.7288      
# span 15 =    27.7261,    34.8793      
# span 16 =    27.7273,    34.8806      
# span 17 =    -0.0222,     0.4409      
# span 18 =    22.0704,    27.3789      
# span 19 =    22.0713,    27.3800      
# span 20 =      2.477,    129.247      
# span 21 =      2.491,    129.475      
# span 22 =     -0.087,      1.252      
# span 23 =    1453.80,    1481.70      
# span 24 =    1453.81,    1481.70      
# span 25 = 0.0000e+00, 0.0000e+00      
# interval = decibars: 0.5              
# start_time = Feb 03 2018 20:43:58 [NMEA time, first data scan]
# bad_flag = -9.990e-29
*END*
[from data line 168]
       9303     86.500     6.8167     6.8171     0.0004    3.49435    3.49452          1     6.2948     6.2861      49.94     0.2605     0.3370  1.000e-12  1.5348000    34.7658    34.7674     0.0015    27.2596    27.2608     85.678     85.851      0.334    1479.07    1479.08  0.000e+00
       9336     87.000     6.8177     6.8184     0.0007    3.49454    3.49481          1     6.2930     6.2789      49.40     0.2353     0.3292  1.000e-12  1.2653000    34.7666    34.7689     0.0022    27.2601    27.2618     86.174     86.347      0.479    1479.09    1479.09  0.000e+00
       9357     87.500     6.8216     6.8213    -0.0003    3.49519    3.49530          1     6.2808     6.2708      48.99     0.2130     0.3193  1.000e-12  1.2236000    34.7696    34.7711     0.0015    27.2619    27.2631     86.669     86.842      0.690    1479.11    1479.12  0.000e+00
       9372     88.000     6.8235     6.8234    -0.0001    3.49547    3.49559          1     6.2774     6.2797      48.62     0.2158     0.3291  1.000e-12  1.2669000    34.7705    34.7720     0.0015    27.2623    27.2636     87.164     87.338      0.832    1479.13    1479.13  0.000e+00
       9386     88.500     6.8240     6.8242     0.0001    3.49555    3.49571          1     6.2764     6.2890      48.25     0.2237     0.3625  1.000e-12  1.3505000    34.7706    34.7722     0.0016    27.2624    27.2636     87.659     87.834      0.848    1479.14    1479.14  0.000e+00
       9401     89.000     6.8248     6.8245    -0.0003    3.49567    3.49575          1     6.2804     6.2883      47.70     0.2237     0.3703  1.000e-12  1.4167000    34.7709    34.7721     0.0012    27.2625    27.2635     88.154     88.330      0.604    1479.15    1479.15  0.000e+00
       9507     89.500     6.8259     6.8258    -0.0002    3.49586    3.49602          1     6.2859     6.2860      46.98     0.2482     0.3507  1.000e-12  1.2852000    34.7717    34.7736     0.0019    27.2629    27.2645     88.649     88.825      0.496    1479.16    1479.17  0.000e+00
       9552     90.000     6.8257     6.8258     0.0001    3.49617    3.49630          1     6.2822     6.2846      46.57     0.2645     0.3941  1.000e-12  1.1976000    34.7750    34.7764     0.0014    27.2656    27.2667     89.144     89.321      0.441    1479.18    1479.18  0.000e+00
       9675     90.500     6.8172     6.8170    -0.0002    3.49543    3.49555          1     6.2860     6.2753      46.34     0.2110     0.3344  1.000e-12  1.2163000    34.7751    34.7767     0.0016    27.2669    27.2681     89.640     89.817      1.070    1479.15    1479.15  0.000e+00
       9685     91.000     6.8017     6.8013    -0.0004    3.49409    3.49415          1     6.2989     6.2819      45.92     0.2114     0.3339  1.000e-12  1.3623000    34.7757    34.7769     0.0012    27.2695    27.2705     90.135     90.313      1.126    1479.10    1479.10  0.000e+00
       9695     91.500     6.7876     6.7896     0.0019    3.49281    3.49314          1     6.3118     6.2945      45.49     0.2114     0.3759  1.000e-12  1.3782000    34.7757    34.7773     0.0016    27.2714    27.2724     90.630     90.808      1.083    1479.05    1479.06  0.000e+00
       9706     92.000     6.7754     6.7757     0.0003    3.49176    3.49192          1     6.3206     6.3056      45.08     0.1998     0.3748  1.000e-12  1.2979000    34.7762    34.7777     0.0015    27.2735    27.2746     91.125     91.304      0.899    1479.02    1479.02  0.000e+00
       9743     92.500     6.7694     6.7710     0.0016    3.49127    3.49153          1     6.3100     6.3082      44.27     0.1975     0.3301  1.000e-12  1.1817000    34.7767    34.7778     0.0011    27.2747    27.2753     91.620     91.800      0.563    1479.00    1479.01  0.000e+00
       9810     93.000     6.7665     6.7618    -0.0047    3.49080    3.49068          1     6.2939     6.3005      43.53     0.2167     0.3628  1.000e-12  1.1910000    34.7741    34.7776     0.0034    27.2730    27.2764     92.115     92.296      0.969    1478.99    1478.98  0.000e+00
       9820     93.500     6.7260     6.7291     0.0033    3.48754    3.48787          1     6.3002     6.3045      43.23     0.2115     0.3522  1.000e-12  1.2455000    34.7788    34.7794     0.0005    27.2822    27.2822     92.610     92.791      1.147    1478.85    1478.86  0.000e+00
       9830     94.000     6.7213     6.7228     0.0015    3.48720    3.48744          1     6.3067     6.3067      42.87     0.2114     0.3487  1.000e-12  1.2379000    34.7796    34.7806     0.0011    27.2835    27.2841     93.105     93.287      1.209    1478.84    1478.85  0.000e+00
       9839     94.500     6.7200     6.7200     0.0000    3.48711    3.48723          1     6.3147     6.3090      42.40     0.1995     0.3464  1.000e-12  1.1997000    34.7796    34.7810     0.0014    27.2837    27.2847     93.601     93.783      1.170    1478.84    1478.85  0.000e+00
       9850     95.000     6.7180     6.7185     0.0004    3.48701    3.48716          1     6.3230     6.3102      41.93     0.2003     0.3621  1.000e-12  1.1967000    34.7803    34.7814     0.0011    27.2845    27.2853     94.096     94.279      1.021    1478.85    1478.85  0.000e+00
       9864     95.500     6.7173     6.7173    -0.0001    3.48698    3.48710          1     6.3315     6.3134      41.39     0.2177     0.3633  1.000e-12  1.1558000    34.7804    34.7818     0.0014    27.2846    27.2857     94.591     94.774      0.708    1478.85    1478.85  0.000e+00
       9914     96.000     6.7183     6.7210     0.0027    3.48711    3.48746          1     6.3266     6.3212      40.36     0.2058     0.3768  1.000e-12  1.0276000    34.7806    34.7817     0.0011    27.2847    27.2852     95.086     95.270      0.318    1478.87    1478.88  0.000e+00
       9957     96.500     6.7174     6.7212     0.0037    3.48707    3.48750          1     6.3122     6.3170      39.62     0.1836     0.3838  1.000e-12  0.9806000    34.7808    34.7818     0.0010    27.2849    27.2852     95.581     95.766      0.582    1478.87    1478.89  0.000e+00
       9973     97.000     6.7154     6.7149    -0.0005    3.48700    3.48710          1     6.3205     6.3125      39.13     0.2249     0.3786  1.000e-12  1.0476000    34.7819    34.7835     0.0016    27.2861    27.2874     96.076     96.262      0.796    1478.87    1478.87  0.000e+00
       9987     97.500     6.7137     6.7139     0.0001    3.48697    3.48710          1     6.3284     6.3210      38.05     0.2237     0.3662  1.000e-12  1.2460000    34.7829    34.7842     0.0013    27.2871    27.2881     96.571     96.757      0.886    1478.87    1478.88  0.000e+00
      10000     98.000     6.7130     6.7129    -0.0001    3.48697    3.48709          1     6.3295     6.3242      37.53     0.2237     0.3540  1.000e-12  1.4524000    34.7834    34.7848     0.0014    27.2876    27.2887     97.066     97.253      0.890    1478.88    1478.88  0.000e+00
      10013     98.500     6.7111     6.7110    -0.0001    3.48691    3.48703          1     6.3285     6.3256      37.01     0.2168     0.3185  1.000e-12  1.3453000    34.7844    34.7859     0.0015    27.2887    27.2898     97.562     97.749      0.815    1478.88    1478.88  0.000e+00
      10029     99.000     6.7089     6.7088    -0.0001    3.48684    3.48694          1     6.3266     6.3221      36.45     0.2116     0.3678  1.000e-12  1.2667000    34.7856    34.7869     0.0013    27.2899    27.2909     98.057     98.245      0.632    1478.88    1478.89  0.000e+00
      10060     99.500     6.7072     6.7072     0.0000    3.48680    3.48690          1     6.3219     6.3215      35.71     0.2114     0.3755  1.000e-12  1.2250000    34.7866    34.7877     0.0011    27.2909    27.2918     98.552     98.740      0.318    1478.89    1478.89  0.000e+00
      10104    100.000     6.7063     6.7060    -0.0003    3.48678    3.48689          1     6.3176     6.3246      35.06     0.2114     0.3693  1.000e-12  1.0274000    34.7871    34.7887     0.0015    27.2915    27.2927     99.047     99.236      0.410    1478.89    1478.89  0.000e+00
      10125    100.500     6.7059     6.7057    -0.0002    3.48680    3.48691          1     6.3121     6.3280      34.76     0.2114     0.4403  1.000e-12  1.0829000    34.7875    34.7889     0.0014    27.2918    27.2929     99.542     99.732      0.663    1478.90    1478.90  0.000e+00
      10141    101.000     6.7055     6.7054    -0.0001    3.48683    3.48695          1     6.3090     6.3253      34.40     0.2114     0.3860  1.000e-12  1.1121000    34.7880    34.7894     0.0014    27.2923    27.2934    100.037    100.227      0.755    1478.91    1478.91  0.000e+00
      10156    101.500     6.7048     6.7047    -0.0002    3.48684    3.48696          1     6.3193     6.3230      33.94     0.2114     0.3719  1.000e-12  1.1361000    34.7885    34.7900     0.0015    27.2928    27.2940    100.532    100.723      0.753    1478.91    1478.91  0.000e+00
      10172    102.000     6.7042     6.7040    -0.0001    3.48685    3.48698          1     6.3321     6.3180      33.44     0.2223     0.3367  1.000e-12  1.1522000    34.7891    34.7906     0.0015    27.2933    27.2945    101.027    101.219      0.672    1478.92    1478.92  0.000e+00
      10193    102.500     6.7036     6.7036     0.0000    3.48687    3.48699          1     6.3294     6.3059      32.80     0.2237     0.3455  1.000e-12  1.1330000    34.7896    34.7910     0.0013    27.2938    27.2948    101.522    101.715      0.515    1478.93    1478.93  0.000e+00
      10221    103.000     6.7033     6.7032     0.0000    3.48691    3.48704          1     6.3218     6.3126      32.16     0.2080     0.3728  1.000e-12  1.1546000    34.7902    34.7915     0.0014    27.2943    27.2953    102.018    102.210      0.406    1478.93    1478.93  0.000e+00
      10249    103.500     6.7031     6.7030    -0.0001    3.48696    3.48709          1     6.3243     6.3182      31.70     0.1995     0.3528  1.000e-12  1.0968000    34.7907    34.7922     0.0015    27.2947    27.2958    102.513    102.706      0.528    1478.94    1478.94  0.000e+00
      10269    104.000     6.7026     6.7026    -0.0000    3.48706    3.48718          1     6.3208     6.3156      31.26     0.2137     0.3280  1.000e-12  1.1035000    34.7920    34.7933     0.0013    27.2958    27.2968    103.008    103.202      0.633    1478.95    1478.95  0.000e+00
      10287    104.500     6.7029     6.7030     0.0001    3.48734    3.48749          1     6.3202     6.3182      30.83     0.2236     0.3316  1.000e-12  1.1448000    34.7945    34.7961     0.0016    27.2977    27.2990    103.503    103.698      0.632    1478.96    1478.97  0.000e+00
      10307    105.000     6.7030     6.7031     0.0001    3.48751    3.48769          1     6.3231     6.3253      30.28     0.2237     0.3595  1.000e-12  1.2364000    34.7961    34.7979     0.0018    27.2990    27.3004    103.998    104.193      0.548    1478.97    1478.97  0.000e+00
      10332    105.500     6.7034     6.7032    -0.0001    3.48781    3.48791          1     6.3280     6.3245      29.71     0.2111     0.3234  1.000e-12  1.1523000    34.7988    34.8000     0.0012    27.3010    27.3020    104.493    104.689      0.459    1478.99    1478.99  0.000e+00
      10358    106.000     6.7033     6.7029    -0.0003    3.48787    3.48795          1     6.3322     6.3155      29.18     0.2020     0.3786  1.000e-12  1.0900000    34.7992    34.8005     0.0013    27.3014    27.3025    104.988    105.185      0.490    1478.99    1478.99  0.000e+00
      10381    106.500     6.7039     6.7036    -0.0002    3.48798    3.48808          1     6.3275     6.3168      28.77     0.2363     0.3333  1.000e-12  1.1547000    34.7996    34.8010     0.0013    27.3016    27.3027    105.483    105.681      0.584    1479.01    1479.01  0.000e+00
      10400    107.000     6.7041     6.7035    -0.0006    3.48799    3.48806          1     6.3255     6.3233      28.33     0.2173     0.3359  1.000e-12  1.3550000    34.7992    34.8006     0.0014    27.3013    27.3025    105.978    106.176      0.635    1479.01    1479.01  0.000e+00
      10419    107.500     6.7039     6.7038    -0.0001    3.48800    3.48811          1     6.3224     6.3320      27.87     0.2260     0.3407  1.000e-12  1.3434000    34.7993    34.8007     0.0014    27.3013    27.3025    106.473    106.672      0.612    1479.02    1479.02  0.000e+00
      10440    108.000     6.7032     6.7036     0.0004    3.48792    3.48811          1     6.3234     6.3276      27.33     0.2388     0.3609  1.000e-12  1.2649000    34.7988    34.8006     0.0018    27.3011    27.3024    106.969    107.168      0.536    1479.03    1479.03  0.000e+00
      10464    108.500     6.7042     6.7043     0.0001    3.48808    3.48822          1     6.3286     6.3198      26.75     0.2091     0.3609  1.000e-12  1.3046000    34.7994    34.8009     0.0015    27.3014    27.3026    107.464    107.664      0.468    1479.04    1479.04  0.000e+00
      10490    109.000     6.7074     6.7076     0.0001    3.48861    3.48874          1     6.3237     6.3239      26.22     0.2031     0.3480  1.000e-12  1.2445000    34.8017    34.8030     0.0013    27.3028    27.3038    107.959    108.159      0.484    1479.06    1479.06  0.000e+00
      10514    109.500     6.7084     6.7069    -0.0015    3.48874    3.48873          1     6.3238     6.3243      25.76     0.2114     0.3326  1.000e-12  1.1547000    34.8020    34.8034     0.0014    27.3029    27.3042    108.454    108.655      0.536    1479.08    1479.07  0.000e+00
      10535    110.000     6.7079     6.7073    -0.0006    3.48875    3.48887          1     6.3174     6.3171      25.31     0.2114     0.3449  1.000e-12  1.2220000    34.8023    34.8042     0.0019    27.3032    27.3048    108.949    109.151      0.569    1479.08    1479.08  0.000e+00
      10556    110.500     6.7065     6.7061    -0.0003    3.48870    3.48881          1     6.3068     6.3139      24.83     0.2015     0.3589  1.000e-12  1.1241000    34.8029    34.8045     0.0015    27.3039    27.3052    109.444    109.646      0.627    1479.08    1479.09  0.000e+00
      10574    111.000     6.7055     6.7054    -0.0002    3.48866    3.48877          1     6.3079     6.3221      24.34     0.2053     0.3545  1.000e-12  1.1732000    34.8032    34.8046     0.0014    27.3043    27.3054    109.939    110.142      0.698    1479.09    1479.09  0.000e+00
      10590    111.500     6.7042     6.7040    -0.0003    3.48860    3.48870          1     6.3222     6.3284      23.90     0.2114     0.3150  1.000e-12  1.2349000    34.8036    34.8050     0.0014    27.3047    27.3059    110.434    110.638      0.703    1479.09    1479.09  0.000e+00
      10608    112.000     6.7020     6.7020    -0.0000    3.48846    3.48858          1     6.3336     6.3300      23.38     0.2227     0.3266  1.000e-12  1.2493000    34.8040    34.8054     0.0014    27.3053    27.3064    110.929    111.134      0.568    1479.09    1479.10  0.000e+00
      10646    112.500     6.7011     6.7011     0.0001    3.48844    3.48856          1     6.3262     6.3176      22.64     0.2272     0.3310  1.000e-12  1.1536000    34.8045    34.8059     0.0013    27.3059    27.3069    111.424    111.629      0.315    1479.10    1479.10  0.000e+00
      10684    113.000     6.7004     6.7003    -0.0000    3.48846    3.48858          1     6.3104     6.3174      22.17     0.2124     0.3455  1.000e-12  1.0618000    34.8052    34.8066     0.0014    27.3065    27.3076    111.919    112.125      0.618    1479.10    1479.11  0.000e+00
