ctdpy/tests/etc/all_smhi_bas_2018/SBE09_1044_20180202_0223_34_02_0045.cnv
* Sea-Bird SBE 9 Data File:
* FileName = C:\ctd\temp\2018\ME18D045.hex
* Software Version Seasave V 7.26.6.26
* Temperature SN = 5351
* Conductivity SN = 3941
* Number of Bytes Per Scan = 41
* Number of Voltage Words = 4
* Number of Scans Averaged by the Deck Unit = 1
* NMEA Latitude = 55 37.05 N
* NMEA Longitude = 014 52.05 E
* NMEA UTC (Time) = Feb 02 2018  02:23:37
* NMEA baud rate = 4800
** Station:  Hanöbukten
** Operator:  JKro
** Ship: MERI
** Average sound velocity: 1443.66 m/s
** True-depth calculation Fri, 02 Feb 2018 03:23:32 +0000
** CTD Python Module SMHI /ver 3-12/ feb 2012 
** LIMS Job: 20183402-0045
** Cruise: SMHI-01-2018
** Latitude [GG MM.mm N] :
** Longitude [GG MM.mm E]:
# nquan = 26
# nvalues = 149                         
# units = specified
# name 0 = scan: Scan Count
# name 1 = prDM: Pressure, Digiquartz [db]
# name 2 = t090C: Temperature [ITS-90, deg C]
# name 3 = t190C: Temperature, 2 [ITS-90, deg C]
# name 4 = T2-T190C: Temperature Difference, 2 - 1 [ITS-90, deg C]
# name 5 = c0S/m: Conductivity [S/m]
# name 6 = c1S/m: Conductivity, 2 [S/m]
# name 7 = pumps: Pump Status
# name 8 = sbeox0ML/L: Oxygen, SBE 43 [ml/l]
# name 9 = sbeox1ML/L: Oxygen, SBE 43, 2 [ml/l]
# name 10 = altM: Altimeter [m]
# name 11 = flECO-AFL: Chl-a Fluorescence, WET Labs ECO-AFL/FL [mg/m^3]
# name 12 = flECO-AFL1: Phycocyanin Fluorescence, WET Labs ECO-AFL/FL, 2 [mg/m^3]
# name 13 = par: PAR/Irradiance, Biospherical/Lico [µE/(cm^2*s)]
# name 14 = turbWETntu0: Turbidity, WET Labs ECO [NTU]
# name 15 = sal00: Salinity, Practical [PSU]
# name 16 = sal11: Salinity, Practical, 2 [PSU]
# name 17 = secS-priS: Salinity, Practical, Difference, 2 - 1 [PSU]
# name 18 = sigma-t00: Density [sigma-t, Kg/m^3 ]
# name 19 = sigma-t11: Density, 2 [sigma-t, Kg/m^3 ]
# name 20 = depSM: Depth [salt water, m], lat = 55.6175
# name 21 = depFM: Depth [true depth, m], lat = 55.6175
# name 22 = dz/dtM: Descent Rate [m/s], WS = 2
# name 23 = svCM: Sound Velocity [Chen-Millero, m/s]
# name 24 = svCM1: Sound Velocity, 2 [Chen-Millero, m/s]
# name 25 = flag: flag
# span 0 =      15407,      20981       
# span 1 =      1.000,     75.000       
# span 2 =     4.5850,     9.5304       
# span 3 =     4.5857,     9.5220       
# span 4 =    -0.0507,     0.0465       
# span 5 =   0.805543,   1.774518       
# span 6 =   0.805495,   1.774648       
# span 7 =          1,          1       
# span 8 =    0.03915,    8.07790       
# span 9 =    0.23159,    8.02669       
# span 10 =       2.53,      99.37      
# span 11 =     0.2260,     0.7009      
# span 12 =     0.2661,     0.4240      
# span 13 = -3.317e-05, 3.0706e-01      
# span 14 =     0.1420,     0.4964      
# span 15 =     7.5237,    16.3327      
# span 16 =     7.5232,    16.3348      
# span 17 =    -0.0484,     0.0796      
# span 18 =     5.9629,    12.7328      
# span 19 =     5.9616,    12.7347      
# span 20 =      0.991,     74.306      
# span 21 =      1.012,     75.820      
# span 22 =     -0.074,      0.565      
# span 23 =    1434.13,    1463.20      
# span 24 =    1434.12,    1463.19      
# span 25 = 0.0000e+00, 0.0000e+00      
# interval = decibars: 0.5              
# start_time = Feb 02 2018 02:23:38 [NMEA time, first data scan]
# bad_flag = -9.990e-29
*END*
      15407      1.000     4.6130     4.6237     0.0106    0.80607    0.80629          1     8.0779     7.9986      99.04     0.6289     0.3588  3.071e-01  0.1632000     7.5241     7.5239    -0.0002     5.9632     5.9627      0.991      1.012      0.275    1434.16    1434.21  0.000e+00
      15443      1.500     4.6275     4.6439     0.0165    0.80644    0.80681          1     8.0660     7.9988      99.04     0.6147     0.3914  8.551e-02  0.1605000     7.5244     7.5245     0.0001     5.9630     5.9624      1.486      1.519      0.565    1434.24    1434.31  0.000e+00
      15469      2.000     4.6177     4.6643     0.0465    0.80619    0.80727          1     8.0641     8.0081      99.05     0.6405     0.3706  5.921e-02  0.1659000     7.5241     7.5243     0.0002     5.9631     5.9616      1.982      2.025      0.345    1434.20    1434.41  0.000e+00
      15524      2.500     4.6201     4.6256     0.0054    0.80627    0.80634          1     8.0698     8.0134      99.06     0.6442     0.4240  5.138e-02  0.1542000     7.5243     7.5237    -0.0006     5.9631     5.9625      2.477      2.531      0.293    1434.22    1434.24  0.000e+00
      15552      3.000     4.6208     4.6082    -0.0125    0.80629    0.80591          1     8.0627     8.0082      99.08     0.6314     0.3797  1.452e-02  0.1652000     7.5242     7.5233    -0.0009     5.9630     5.9628      2.973      3.037      0.449    1434.23    1434.17  0.000e+00
      15583      3.500     4.6002     4.6055     0.0053    0.80578    0.80586          1     8.0520     8.0107      99.09     0.6388     0.3749  2.679e-02  0.1610000     7.5238     7.5234    -0.0005     5.9634     5.9629      3.468      3.544      0.338    1434.15    1434.17  0.000e+00
      15618      4.000     4.6046     4.6058     0.0012    0.80591    0.80587          1     8.0554     7.9983      99.11     0.6503     0.4012  1.621e-03  0.1722000     7.5240     7.5233    -0.0007     5.9634     5.9629      3.964      4.050      0.393    1434.17    1434.18  0.000e+00
      15651      4.500     4.5969     4.6011     0.0042    0.80573    0.80577          1     8.0722     7.9966      99.11     0.7009     0.3787  4.283e-04  0.1598000     7.5239     7.5233    -0.0005     5.9636     5.9630      4.459      4.556      0.310    1434.15    1434.17  0.000e+00
      15690      5.000     4.5962     4.5970     0.0008    0.80572    0.80568          1     8.0683     7.9990      99.11     0.6601     0.3708  2.104e-03  0.1633000     7.5239     7.5233    -0.0006     5.9636     5.9631      4.955      5.062      0.377    1434.15    1434.15  0.000e+00
      15717      5.500     4.5886     4.5888     0.0002    0.80554    0.80549          1     8.0734     8.0024      99.11     0.6510     0.3710  3.176e-04  0.1517000     7.5238     7.5232    -0.0005     5.9638     5.9634      5.450      5.569      0.459    1434.13    1434.12  0.000e+00
      15745      6.000     4.5900     4.5915     0.0015    0.80559    0.80557          1     8.0748     8.0136      99.15     0.6415     0.3916  1.110e-03  0.1492000     7.5239     7.5233    -0.0006     5.9638     5.9633      5.945      6.075      0.378    1434.14    1434.15  0.000e+00
      15783      6.500     4.5896     4.5933     0.0037    0.80560    0.80563          1     8.0666     8.0213      99.12     0.6506     0.3475 -3.317e-05  0.1580000     7.5239     7.5234    -0.0005     5.9639     5.9634      6.441      6.581      0.306    1434.15    1434.16  0.000e+00
      15818      7.000     4.5911     4.5921     0.0010    0.80564    0.80561          1     8.0583     8.0158      77.68     0.6599     0.3491  1.000e-12  0.1563000     7.5240     7.5235    -0.0005     5.9639     5.9634      6.936      7.087      0.393    1434.16    1434.16  0.000e+00
      15847      7.500     4.5893     4.5919     0.0025    0.80561    0.80562          1     8.0614     8.0162      98.91     0.6922     0.3696  1.000e-12  0.1650000     7.5240     7.5235    -0.0005     5.9639     5.9635      7.432      7.594      0.399    1434.16    1434.17  0.000e+00
      15878      8.000     4.5879     4.5889     0.0010    0.80558    0.80555          1     8.0633     8.0170      99.01     0.6432     0.3642  1.000e-12  0.1683000     7.5240     7.5234    -0.0005     5.9640     5.9635      7.927      8.100      0.392    1434.16    1434.17  0.000e+00
      15909      8.500     4.5937     4.5920    -0.0016    0.80574    0.80564          1     8.0654     8.0075      99.02     0.6251     0.4237  1.000e-12  0.1547000     7.5242     7.5236    -0.0006     5.9640     5.9635      8.423      8.606      0.355    1434.20    1434.19  0.000e+00
      15946      9.000     4.5962     4.5967     0.0006    0.80580    0.80577          1     8.0698     8.0212      99.02     0.6802     0.3981  1.000e-12  0.1621000     7.5242     7.5237    -0.0005     5.9639     5.9635      8.918      9.112      0.316    1434.22    1434.22  0.000e+00
      15982      9.500     4.6072     4.6092     0.0020    0.80608    0.80611          1     8.0546     8.0182      99.02     0.6591     0.3599  1.000e-12  0.1594000     7.5244     7.5242    -0.0002     5.9637     5.9634      9.414      9.619      0.373    1434.27    1434.28  0.000e+00
      16012     10.000     4.6071     4.6069    -0.0002    0.80608    0.80602          1     8.0522     8.0192      99.01     0.6561     0.3343  1.000e-12  0.1650000     7.5243     7.5238    -0.0005     5.9636     5.9632      9.909     10.125      0.408    1434.28    1434.28  0.000e+00
      16042     10.500     4.6352     4.6301    -0.0051    0.80678    0.80660          1     8.0589     8.0123      99.01     0.6478     0.3565  1.000e-12  0.1512000     7.5249     7.5243    -0.0006     5.9631     5.9628     10.405     10.631      0.362    1434.41    1434.39  0.000e+00
      16078     11.000     4.6359     4.6211    -0.0147    0.80679    0.80639          1     8.0719     7.9986      99.01     0.6820     0.3365  1.000e-12  0.1540000     7.5247     7.5241    -0.0006     5.9629     5.9630     10.900     11.137      0.335    1434.42    1434.36  0.000e+00
      16112     11.500     4.6138     4.6103    -0.0035    0.80625    0.80611          1     8.0727     7.9984      99.01     0.6477     0.3435  1.000e-12  0.1579000     7.5243     7.5237    -0.0006     5.9633     5.9630     11.395     11.644      0.364    1434.33    1434.32  0.000e+00
      16145     12.000     4.5952     4.5964     0.0012    0.80579    0.80578          1     8.0702     8.0018      98.95     0.6703     0.3502  1.000e-12  0.1647000     7.5239     7.5234    -0.0004     5.9636     5.9633     11.891     12.150      0.367    1434.26    1434.26  0.000e+00
      16179     12.500     4.5926     4.5969     0.0042    0.80573    0.80579          1     8.0578     8.0218      99.00     0.6736     0.3798  1.000e-12  0.1664000     7.5238     7.5235    -0.0003     5.9637     5.9633     12.386     12.656      0.348    1434.26    1434.27  0.000e+00
      16212     13.000     4.5963     4.5972     0.0009    0.80584    0.80582          1     8.0398     8.0171      98.96     0.6557     0.3497  1.000e-12  0.2167000     7.5240     7.5236    -0.0004     5.9637     5.9633     12.882     13.162      0.382    1434.28    1434.28  0.000e+00
      16242     13.500     4.5940     4.5905    -0.0035    0.80579    0.80566          1     8.0487     8.0265      98.96     0.6335     0.3452  1.000e-12  0.1566000     7.5239     7.5234    -0.0005     5.9637     5.9634     13.377     13.669      0.382    1434.28    1434.26  0.000e+00
      16277     14.000     4.5899     4.5900     0.0001    0.80570    0.80566          1     8.0665     8.0150      98.96     0.6547     0.3943  1.000e-12  0.1579000     7.5239     7.5234    -0.0005     5.9639     5.9635     13.873     14.175      0.311    1434.27    1434.27  0.000e+00
      16316     14.500     4.5882     4.5887     0.0005    0.80567    0.80564          1     8.0683     8.0046      99.00     0.6926     0.3593  1.000e-12  0.1610000     7.5239     7.5235    -0.0004     5.9639     5.9636     14.368     14.681      0.353    1434.27    1434.27  0.000e+00
      16346     15.000     4.5886     4.5893     0.0007    0.80569    0.80566          1     8.0707     8.0023      98.99     0.6626     0.3675  1.000e-12  0.1669000     7.5240     7.5235    -0.0005     5.9640     5.9636     14.863     15.187      0.410    1434.28    1434.28  0.000e+00
      16376     15.500     4.5882     4.5892     0.0010    0.80569    0.80567          1     8.0638     8.0080      98.97     0.6513     0.3509  1.000e-12  0.1688000     7.5239     7.5236    -0.0004     5.9639     5.9636     15.359     15.694      0.372    1434.28    1434.29  0.000e+00
      16411     16.000     4.5882     4.5890     0.0008    0.80570    0.80567          1     8.0580     8.0184      98.93     0.6726     0.3738  1.000e-12  0.1599000     7.5240     7.5236    -0.0005     5.9640     5.9636     15.854     16.200      0.340    1434.29    1434.29  0.000e+00
      16446     16.500     4.5881     4.5887     0.0006    0.80571    0.80568          1     8.0706     8.0121      95.56     0.6920     0.3909  1.000e-12  0.1697000     7.5241     7.5236    -0.0005     5.9640     5.9637     16.350     16.706      0.350    1434.30    1434.30  0.000e+00
      16481     17.000     4.5882     4.5887     0.0005    0.80571    0.80569          1     8.0604     8.0195      82.08     0.6592     0.3590  1.000e-12  0.1604000     7.5240     7.5236    -0.0004     5.9640     5.9637     16.845     17.212      0.336    1434.31    1434.31  0.000e+00
      16515     17.500     4.5881     4.5885     0.0005    0.80572    0.80568          1     8.0568     8.0185      99.37     0.6805     0.3660  1.000e-12  0.1629000     7.5240     7.5235    -0.0005     5.9640     5.9636     17.341     17.719      0.372    1434.31    1434.32  0.000e+00
      16546     18.000     4.5858     4.5864     0.0006    0.80565    0.80562          1     8.0686     8.0139      86.51     0.6692     0.3823  1.000e-12  0.1581000     7.5238     7.5234    -0.0004     5.9639     5.9635     17.836     18.225      0.405    1434.31    1434.31  0.000e+00
      16576     18.500     4.5855     4.5861     0.0006    0.80565    0.80562          1     8.0662     7.9999      75.46     0.6342     0.3679  1.000e-12  0.1633000     7.5238     7.5233    -0.0005     5.9640     5.9635     18.331     18.731      0.376    1434.32    1434.32  0.000e+00
      16613     19.000     4.5850     4.5857     0.0007    0.80565    0.80562          1     8.0483     8.0036      85.54     0.6575     0.4087  1.000e-12  0.1607000     7.5238     7.5234    -0.0004     5.9640     5.9636     18.827     19.237      0.284    1434.32    1434.33  0.000e+00
      16654     19.500     4.5854     4.5864     0.0010    0.80567    0.80564          1     8.0686     8.0111      80.65     0.6506     0.3652  1.000e-12  0.1480000     7.5238     7.5234    -0.0004     5.9640     5.9636     19.322     19.744      0.368    1434.33    1434.34  0.000e+00
      16681     20.000     4.5861     4.5866     0.0005    0.80569    0.80566          1     8.0620     8.0197      99.02     0.6588     0.3798  1.000e-12  0.1612000     7.5239     7.5234    -0.0004     5.9640     5.9636     19.818     20.250      0.467    1434.34    1434.35  0.000e+00
      16708     20.500     4.5857     4.5864     0.0006    0.80569    0.80566          1     8.0453     8.0181      98.89     0.6548     0.3709  1.000e-12  0.1585000     7.5239     7.5234    -0.0005     5.9640     5.9636     20.313     20.756      0.403    1434.35    1434.35  0.000e+00
      16746     21.000     4.5863     4.5869     0.0006    0.80571    0.80568          1     8.0599     8.0074      98.88     0.6592     0.3454  1.000e-12  0.1740000     7.5239     7.5235    -0.0005     5.9640     5.9636     20.809     21.262      0.268    1434.36    1434.36  0.000e+00
      16790     21.500     4.5865     4.5873     0.0007    0.80573    0.80570          1     8.0524     7.9966      98.85     0.6852     0.3935  1.000e-12  0.1589000     7.5239     7.5235    -0.0005     5.9640     5.9636     21.304     21.769      0.351    1434.37    1434.37  0.000e+00
      16818     22.000     4.5868     4.5874     0.0006    0.80574    0.80571          1     8.0570     7.9981      89.21     0.6871     0.3736  1.000e-12  0.1660000     7.5239     7.5235    -0.0004     5.9640     5.9636     21.799     22.275      0.471    1434.38    1434.38  0.000e+00
      16843     22.500     4.5866     4.5872     0.0006    0.80575    0.80571          1     8.0736     8.0094      77.09     0.6515     0.3568  1.000e-12  0.1595000     7.5240     7.5235    -0.0004     5.9640     5.9636     22.295     22.781      0.435    1434.39    1434.39  0.000e+00
      16878     23.000     4.5864     4.5871     0.0007    0.80575    0.80571          1     8.0773     8.0207      95.97     0.6382     0.3919  1.000e-12  0.1619000     7.5239     7.5235    -0.0005     5.9640     5.9636     22.790     23.287      0.295    1434.39    1434.40  0.000e+00
      16921     23.500     4.5861     4.5868     0.0006    0.80575    0.80571          1     8.0604     8.0177      89.37     0.6637     0.3548  1.000e-12  0.1785000     7.5239     7.5234    -0.0005     5.9640     5.9636     23.286     23.794      0.309    1434.40    1434.40  0.000e+00
      16955     24.000     4.5862     4.5869     0.0006    0.80575    0.80572          1     8.0505     8.0154      93.89     0.6702     0.3453  1.000e-12  0.1620000     7.5239     7.5234    -0.0005     5.9640     5.9636     23.781     24.300      0.397    1434.41    1434.41  0.000e+00
      16983     24.500     4.5865     4.5871     0.0007    0.80576    0.80573          1     8.0546     8.0198      62.51     0.6570     0.3791  1.000e-12  0.1708000     7.5239     7.5235    -0.0004     5.9640     5.9636     24.276     24.806      0.445    1434.42    1434.42  0.000e+00
      17010     25.000     4.5865     4.5870     0.0005    0.80578    0.80574          1     8.0581     8.0234      67.49     0.6643     0.3512  1.000e-12  0.1611000     7.5240     7.5235    -0.0005     5.9640     5.9636     24.772     25.312      0.398    1434.43    1434.43  0.000e+00
      17050     25.500     4.5867     4.5873     0.0006    0.80579    0.80576          1     8.0703     8.0128      74.39     0.6532     0.3745  1.000e-12  0.1578000     7.5240     7.5235    -0.0004     5.9640     5.9636     25.267     25.819      0.257    1434.43    1434.44  0.000e+00
      17093     26.000     4.5870     4.5875     0.0006    0.80580    0.80577          1     8.0670     8.0117      90.69     0.6454     0.3697  1.000e-12  0.1549000     7.5239     7.5235    -0.0004     5.9640     5.9636     25.763     26.325      0.390    1434.44    1434.44  0.000e+00
      17119     26.500     4.5870     4.5875     0.0005    0.80581    0.80577          1     8.0493     7.9917      96.56     0.6281     0.3903  1.000e-12  0.1492000     7.5239     7.5234    -0.0005     5.9640     5.9636     26.258     26.831      0.490    1434.45    1434.45  0.000e+00
      17144     27.000     4.5873     4.5879     0.0007    0.80582    0.80579          1     8.0582     8.0000      91.64     0.6355     0.3551  1.000e-12  0.1716000     7.5239     7.5235    -0.0005     5.9640     5.9636     26.753     27.337      0.419    1434.46    1434.46  0.000e+00
      17183     27.500     4.5874     4.5881     0.0008    0.80583    0.80580          1     8.0602     8.0156      71.81     0.6449     0.3551  1.000e-12  0.1678000     7.5240     7.5235    -0.0005     5.9640     5.9636     27.249     27.844      0.259    1434.47    1434.47  0.000e+00
      17228     28.000     4.5871     4.5879     0.0008    0.80583    0.80581          1     8.0513     8.0267      50.72     0.6282     0.3755  1.000e-12  0.1563000     7.5239     7.5235    -0.0004     5.9639     5.9636     27.744     28.350      0.364    1434.47    1434.48  0.000e+00
