ctdpy/tests/etc/all_smhi_bas_2018/SBE09_1044_20180418_1652_34_07_0017.cnv
* Sea-Bird SBE 9 Data File:
* FileName = C:\ctd\temp\2018\AU18D017.hex
* Software Version Seasave V 7.26.6.26
* Temperature SN = 5351
* Conductivity SN = 3941
* Number of Bytes Per Scan = 41
* Number of Voltage Words = 4
* Number of Scans Averaged by the Deck Unit = 1
* NMEA Latitude = 56 38.01 N
* NMEA Longitude = 019 35.08 E
* NMEA UTC (Time) = Apr 18 2018  16:52:46
* NMEA baud rate = 4800
** Station:  BY10
** Operator:  SSip
** Ship: AURA
** Average sound velocity: 1437.69 m/s
** True-depth calculation Wed, 18 Apr 2018 17:49:26 +0000
** CTD Python Module SMHI /ver 3-12/ feb 2012 
** LIMS Job: 20183407-0017
** Cruise: SMHI-01-2018
** Latitude [GG MM.mm N] :
** Longitude [GG MM.mm E]:
# nquan = 26
# nvalues = 273                         
# units = specified
# name 0 = scan: Scan Count
# name 1 = prDM: Pressure, Digiquartz [db]
# name 2 = t090C: Temperature [ITS-90, deg C]
# name 3 = t190C: Temperature, 2 [ITS-90, deg C]
# name 4 = T2-T190C: Temperature Difference, 2 - 1 [ITS-90, deg C]
# name 5 = c0S/m: Conductivity [S/m]
# name 6 = c1S/m: Conductivity, 2 [S/m]
# name 7 = pumps: Pump Status
# name 8 = sbeox0ML/L: Oxygen, SBE 43 [ml/l]
# name 9 = sbeox1ML/L: Oxygen, SBE 43, 2 [ml/l]
# name 10 = altM: Altimeter [m]
# name 11 = flECO-AFL: Chl-a Fluorescence, WET Labs ECO-AFL/FL [mg/m^3]
# name 12 = flECO-AFL1: Phycocyanin Fluorescence, WET Labs ECO-AFL/FL, 2 [mg/m^3]
# name 13 = par: PAR/Irradiance, Biospherical/Lico [µE/(cm^2*s)]
# name 14 = turbWETntu0: Turbidity, WET Labs ECO [NTU]
# name 15 = sal00: Salinity, Practical [PSU]
# name 16 = sal11: Salinity, Practical, 2 [PSU]
# name 17 = secS-priS: Salinity, Practical, Difference, 2 - 1 [PSU]
# name 18 = sigma-t00: Density [sigma-t, Kg/m^3 ]
# name 19 = sigma-t11: Density, 2 [sigma-t, Kg/m^3 ]
# name 20 = depSM: Depth [salt water, m], lat = 56.6335
# name 21 = depFM: Depth [true depth, m], lat = 56.6335
# name 22 = dz/dtM: Descent Rate [m/s], WS = 2
# name 23 = svCM: Sound Velocity [Chen-Millero, m/s]
# name 24 = svCM1: Sound Velocity, 2 [Chen-Millero, m/s]
# name 25 = flag: flag
# span 0 =       6645,      12777       
# span 1 =      1.000,    137.000       
# span 2 =     2.6732,     6.8981       
# span 3 =     2.6719,     6.8984       
# span 4 =    -0.0306,     0.0479       
# span 5 =   0.753219,   1.413282       
# span 6 =   0.753302,   1.413217       
# span 7 =          1,          1       
# span 8 =    0.04017,    9.97615       
# span 9 =    0.03855,    9.84668       
# span 10 =       4.04,      98.66      
# span 11 =     0.2500,     5.6912      
# span 12 =     0.1693,     1.1097      
# span 13 = -1.221e-06, 1.9588e+03      
# span 14 =     0.1128,     0.8791      
# span 15 =     7.3955,    12.8873      
# span 16 =     7.3947,    12.8866      
# span 17 =    -0.0178,     0.0003      
# span 18 =     5.8898,    10.0649      
# span 19 =     5.8894,    10.0643      
# span 20 =      0.991,    135.701      
# span 21 =      1.013,    138.502      
# span 22 =     -0.132,      0.739      
# span 23 =    1425.90,    1452.57      
# span 24 =    1425.92,    1452.57      
# span 25 = 0.0000e+00, 0.0000e+00      
# interval = decibars: 0.5              
# start_time = Apr 18 2018 16:52:46 [NMEA time, first data scan]
# bad_flag = -9.990e-29
*END*
[from data line 112]
       9127     57.000     2.8484     2.8499     0.0015    0.75932    0.75931          1     8.9985     8.8757      89.97     0.4477     0.2431  1.000e-12  0.1298000     7.4421     7.4416    -0.0005     5.9344     5.9340     56.470     57.715      0.455    1426.95    1426.95  0.000e+00
       9153     57.500     2.7990     2.8016     0.0025    0.75817    0.75818          1     8.9704     8.8532      92.54     0.4448     0.2671  1.000e-12  0.1257000     7.4414     7.4409    -0.0005     5.9342     5.9338     56.966     58.221      0.486    1426.73    1426.74  0.000e+00
       9176     58.000     2.6732     2.6719    -0.0012    0.75518    0.75510          1     9.0018     8.8782      98.59     0.4231     0.2671  1.000e-12  0.1298000     7.4390     7.4385    -0.0005     5.9330     5.9326     57.461     58.728      0.564    1426.15    1426.14  0.000e+00
       9196     58.500     2.7175     2.7163    -0.0012    0.75638    0.75628          1     9.0124     8.8768      98.61     0.4158     0.2311  1.092e-12  0.1252000     7.4413     7.4406    -0.0007     5.9346     5.9341     57.956     59.234      0.595    1426.36    1426.36  0.000e+00
       9216     59.000     2.7571     2.7569    -0.0002    0.75747    0.75742          1     9.0070     8.8513      98.61     0.3979     0.2602  7.396e-06  0.1365000     7.4436     7.4430    -0.0005     5.9362     5.9358     58.452     59.740      0.556    1426.56    1426.56  0.000e+00
       9240     59.500     2.7958     2.7956    -0.0002    0.75854    0.75849          1     8.9945     8.8299      98.61     0.3990     0.2401  6.169e-08  0.1306000     7.4457     7.4452    -0.0005     5.9377     5.9373     58.947     60.246      0.497    1426.75    1426.75  0.000e+00
       9264     60.000     2.8127     2.8143     0.0017    0.75899    0.75898          1     9.0140     8.8544      98.61     0.4085     0.2525  9.998e-13  0.1214000     7.4465     7.4460    -0.0005     5.9382     5.9378     59.442     60.753      0.509    1426.84    1426.84  0.000e+00
       9287     60.500     2.8309     2.8333     0.0023    0.75947    0.75949          1     9.0211     8.8823      88.35     0.4135     0.2702  1.000e-12  0.1332000     7.4473     7.4469    -0.0004     5.9387     5.9384     59.937     61.259      0.546    1426.93    1426.94  0.000e+00
       9309     61.000     2.8596     2.8616     0.0020    0.76024    0.76025          1     9.0223     8.8995      95.22     0.4185     0.2742  1.000e-12  0.1453000     7.4486     7.4482    -0.0004     5.9396     5.9392     60.433     61.765      0.536    1427.07    1427.08  0.000e+00
       9332     61.500     2.8508     2.8520     0.0012    0.76007    0.76005          1     9.0269     8.8959      98.66     0.4360     0.2582  1.000e-12  0.1256000     7.4488     7.4483    -0.0005     5.9398     5.9394     60.928     62.272      0.510    1427.04    1427.04  0.000e+00
       9355     62.000     2.8485     2.8495     0.0009    0.76012    0.76009          1     9.0198     8.8751      82.87     0.4257     0.1790  1.000e-12  0.1230000     7.4497     7.4493    -0.0005     5.9406     5.9402     61.423     62.778      0.526    1427.04    1427.04  0.000e+00
       9377     62.500     2.8482     2.8496     0.0013    0.76019    0.76018          1     9.0105     8.8662      96.21     0.4042     0.2645  1.000e-12  0.1233000     7.4505     7.4501    -0.0004     5.9412     5.9409     61.919     63.284      0.574    1427.04    1427.05  0.000e+00
       9397     63.000     2.8252     2.8270     0.0018    0.75986    0.75985          1     9.0099     8.8657      98.60     0.4214     0.2202  1.000e-12  0.1302000     7.4524     7.4518    -0.0006     5.9428     5.9423     62.414     63.790      0.595    1426.95    1426.96  0.000e+00
       9418     63.500     2.8122     2.8129     0.0007    0.75984    0.75981          1     9.0005     8.8611      84.76     0.4167     0.2350  1.000e-12  0.1345000     7.4551     7.4546    -0.0005     5.9451     5.9447     62.909     64.297      0.559    1426.90    1426.90  0.000e+00
       9441     64.000     2.8007     2.8025     0.0019    0.75965    0.75966          1     8.9602     8.8235      95.90     0.3973     0.2530  1.000e-12  0.1300000     7.4557     7.4553    -0.0004     5.9456     5.9453     63.404     64.803      0.481    1426.85    1426.86  0.000e+00
       9468     64.500     2.7723     2.7731     0.0008    0.75904    0.75901          1     8.9268     8.7850      98.61     0.4016     0.2403  1.000e-12  0.1245000     7.4558     7.4552    -0.0005     5.9459     5.9454     63.900     65.309      0.474    1426.73    1426.73  0.000e+00
       9491     65.000     2.7410     2.7436     0.0026    0.75888    0.75890          1     8.9028     8.7489      98.60     0.4092     0.2519  1.000e-12  0.1574000     7.4614     7.4609    -0.0005     5.9505     5.9501     64.395     65.815      0.555    1426.60    1426.61  0.000e+00
       9511     65.500     2.7600     2.7605     0.0006    0.75961    0.75958          1     8.8773     8.7300      98.56     0.4029     0.2214  1.000e-12  0.2127000     7.4646     7.4641    -0.0005     5.9530     5.9526     64.890     66.322      0.609    1426.70    1426.70  0.000e+00
       9531     66.000     2.7869     2.7884     0.0015    0.76060    0.76058          1     8.8544     8.7071      98.60     0.3890     0.2409  1.000e-12  0.1185000     7.4686     7.4681    -0.0006     5.9560     5.9556     65.385     66.828      0.597    1426.84    1426.85  0.000e+00
       9552     66.500     2.8033     2.8045     0.0012    0.76243    0.76243          1     8.7786     8.6065      98.60     0.4019     0.2567  1.000e-12  0.1334000     7.4841     7.4837    -0.0003     5.9683     5.9680     65.881     67.334      0.536    1426.94    1426.95  0.000e+00
       9576     67.000     2.8199     2.8192    -0.0007    0.76639    0.76627          1     8.6155     8.3958      97.78     0.4769     0.2632  1.000e-12  0.1851000     7.5218     7.5207    -0.0011     5.9983     5.9974     66.376     67.840      0.481    1427.08    1427.07  0.000e+00
       9601     67.500     2.8482     2.8479    -0.0004    0.76948    0.76938          1     8.4000     8.1631      97.82     0.4086     0.2405  1.000e-12  0.1590000     7.5476     7.5466    -0.0010     6.0187     6.0179     66.871     68.347      0.495    1427.25    1427.25  0.000e+00
       9624     68.000     2.9319     2.9286    -0.0032    0.77521    0.77498          1     8.2824     8.0284      80.67     0.3605     0.2399  1.000e-12  0.1245000     7.5881     7.5865    -0.0016     6.0504     6.0491     67.366     68.853      0.554    1427.70    1427.68  0.000e+00
       9645     68.500     3.0502     3.0452    -0.0049    0.78415    0.78389          1     8.0011     7.6975      77.08     0.3482     0.2739  1.000e-12  0.1222000     7.6537     7.6522    -0.0015     6.1015     6.1003     67.862     69.359      0.580    1428.33    1428.31  0.000e+00
       9666     69.000     3.3642     3.3576    -0.0066    0.80742    0.80686          1     7.4184     7.0260      97.12     0.3314     0.2709  1.000e-12  0.1280000     7.8213     7.8170    -0.0043     6.2307     6.2274     68.357     69.865      0.558    1430.00    1429.96  0.000e+00
       9688     69.500     3.6367     3.6277    -0.0090    0.83385    0.83283          1     6.6770     6.1536      97.36     0.3202     0.2031  1.000e-12  0.1128000     8.0290     8.0207    -0.0083     6.3911     6.3847     68.852     70.371      0.534    1431.52    1431.46  0.000e+00
       9711     70.000     3.8711     3.8507    -0.0210    0.88261    0.88036          1     5.3886     4.6726      97.36     0.3207     0.2299  1.000e-12  0.1175000     8.4732     8.4554    -0.0178     6.7384     6.7248     69.348     70.877      0.533    1433.15    1433.04  0.000e+00
       9733     70.500     4.6328     4.6017    -0.0306    0.95520    0.95400          1     3.6942     2.9648      97.35     0.3208     0.2346  1.000e-12  0.1195000     9.0150     9.0113    -0.0037     7.1437     7.1420     69.843     71.383      0.526    1437.26    1437.11  0.000e+00
       9756     71.000     4.8978     4.8823    -0.0154    0.98274    0.98152          1     2.3910     1.8796      97.38     0.3015     0.2203  1.000e-12  0.1137000     9.2213     9.2133    -0.0080     7.2961     7.2904     70.338     71.889      0.521    1438.69    1438.62  0.000e+00
       9779     71.500     5.0542     5.0477    -0.0066    1.00165    1.00116          1     1.7245     1.4397      87.21     0.2889     0.2128  1.000e-12  0.1324000     9.3686     9.3654    -0.0032     7.4057     7.4035     70.833     72.394      0.536    1439.57    1439.54  0.000e+00
       9801     72.000     5.1401     5.1368    -0.0033    1.01089    1.01069          1     1.4575     1.2974      70.33     0.2928     0.2294  1.000e-12  0.1301000     9.4373     9.4363    -0.0011     7.4560     7.4553     71.329     72.900      0.548    1440.04    1440.03  0.000e+00
       9823     72.500     5.1987     5.1961    -0.0025    1.01674    1.01654          1     1.3488     1.2576      73.84     0.2958     0.2068  1.000e-12  0.1194000     9.4795     9.4782    -0.0013     7.4865     7.4856     71.824     73.405      0.551    1440.36    1440.35  0.000e+00
       9845     73.000     5.2542     5.2517    -0.0024    1.02254    1.02236          1     1.3016     1.2387      97.79     0.2869     0.1816  1.000e-12  0.1193000     9.5220     9.5209    -0.0011     7.5173     7.5166     72.319     73.911      0.546    1440.66    1440.65  0.000e+00
       9867     73.500     5.3029     5.2995    -0.0034    1.02796    1.02775          1     1.2573     1.1935      97.96     0.2974     0.2063  1.000e-12  0.1244000     9.5624     9.5612    -0.0012     7.5468     7.5461     72.814     74.416      0.538    1440.94    1440.92  0.000e+00
       9889     74.000     5.3742     5.3683    -0.0059    1.03580    1.03538          1     1.1680     1.0927      80.88     0.3018     0.1907  1.000e-12  0.1242000     9.6204     9.6180    -0.0024     7.5890     7.5874     73.310     74.921      0.535    1441.33    1441.30  0.000e+00
       9912     74.500     5.4866     5.4787    -0.0079    1.05055    1.04977          1     1.0240     0.9278      69.20     0.3278     0.1879  1.000e-12  0.1136000     9.7356     9.7300    -0.0056     7.6741     7.6701     73.805     75.427      0.530    1441.97    1441.92  0.000e+00
       9935     75.000     5.5957     5.5916    -0.0041    1.06743    1.06689          1     0.8353     0.7245      81.99     0.3125     0.2385  1.000e-12  0.1319000     9.8723     9.8681    -0.0042     7.7760     7.7729     74.300     75.932      0.515    1442.62    1442.59  0.000e+00
       9958     75.500     5.6582     5.6578    -0.0004    1.07832    1.07814          1     0.6768     0.5788      71.41     0.3176     0.2711  1.000e-12  0.1230000     9.9625     9.9607    -0.0017     7.8436     7.8423     74.795     76.438      0.521    1443.01    1443.00  0.000e+00
       9981     76.000     5.6656     5.6659     0.0003    1.08149    1.08132          1     0.5971     0.5262      66.62     0.3213     0.2218  1.000e-12  0.1158000     9.9917     9.9900    -0.0018     7.8663     7.8649     75.290     76.943      0.559    1443.08    1443.08  0.000e+00
      10001     76.500     5.6754     5.6746    -0.0007    1.08535    1.08519          1     0.5489     0.4905      93.57     0.3123     0.2290  1.000e-12  0.1164000    10.0273    10.0259    -0.0014     7.8938     7.8927     75.786     77.448      0.578    1443.18    1443.17  0.000e+00
      10022     77.000     5.6992     5.6979    -0.0013    1.09126    1.09102          1     0.4911     0.4271      80.18     0.3081     0.2378  1.000e-12  0.1269000    10.0790    10.0770    -0.0020     7.9332     7.9317     76.281     77.953      0.556    1443.35    1443.35  0.000e+00
      10045     77.500     5.7192     5.7185    -0.0006    1.09782    1.09756          1     0.4222     0.3540      72.15     0.3542     0.2206  1.000e-12  0.1363000    10.1384    10.1359    -0.0024     7.9789     7.9770     76.776     78.459      0.511    1443.52    1443.52  0.000e+00
      10069     78.000     5.7379     5.7376    -0.0003    1.10414    1.10387          1     0.3532     0.2878      75.02     0.2986     0.1871  1.000e-12  0.1423000    10.1956    10.1930    -0.0026     8.0229     8.0209     77.271     78.964      0.496    1443.68    1443.68  0.000e+00
      10093     78.500     5.7568     5.7572     0.0004    1.10978    1.10962          1     0.3021     0.2432      84.79     0.3216     0.1838  1.000e-12  0.1318000    10.2460    10.2443    -0.0017     8.0615     8.0601     77.767     79.469      0.529    1443.84    1443.84  0.000e+00
      10115     79.000     5.7712     5.7714     0.0001    1.11453    1.11440          1     0.2686     0.2187      86.05     0.3005     0.2077  1.000e-12  0.1363000    10.2889    10.2876    -0.0013     8.0945     8.0934     78.262     79.974      0.565    1443.96    1443.96  0.000e+00
      10135     79.500     5.7817     5.7818     0.0001    1.11779    1.11766          1     0.2463     0.2010      83.31     0.3217     0.2213  1.000e-12  0.1534000    10.3180    10.3167    -0.0013     8.1169     8.1158     78.757     80.479      0.573    1444.05    1444.05  0.000e+00
      10156     80.000     5.7935     5.7938     0.0003    1.12176    1.12164          1     0.2296     0.1852      97.38     0.3285     0.2218  1.000e-12  0.1657000    10.3539    10.3526    -0.0013     8.1444     8.1434     79.252     80.985      0.561    1444.15    1444.15  0.000e+00
      10178     80.500     5.8046     5.8049     0.0004    1.12532    1.12518          1     0.2131     0.1661      97.22     0.3219     0.2046  1.000e-12  0.1819000    10.3859    10.3844    -0.0015     8.1690     8.1678     79.748     81.490      0.534    1444.25    1444.25  0.000e+00
      10202     81.000     5.8198     5.8205     0.0007    1.13026    1.13009          1     0.1998     0.1516      61.10     0.3218     0.1857  1.000e-12  0.1978000    10.4304    10.4285    -0.0019     8.2032     8.2016     80.243     81.995      0.503    1444.38    1444.38  0.000e+00
      10226     81.500     5.8369     5.8375     0.0006    1.13555    1.13536          1     0.1843     0.1401      60.42     0.3213     0.1831  1.000e-12  0.2026000    10.4778    10.4756    -0.0021     8.2394     8.2377     80.738     82.500      0.496    1444.52    1444.52  0.000e+00
      10250     82.000     5.8540     5.8548     0.0007    1.14063    1.14048          1     0.1665     0.1269      60.08     0.3213     0.2093  1.000e-12  0.2223000    10.5230    10.5212    -0.0017     8.2740     8.2726     81.233     83.005      0.539    1444.66    1444.66  0.000e+00
      10271     82.500     5.8762     5.8767     0.0005    1.14707    1.14692          1     0.1497     0.1126      59.83     0.3225     0.2606  1.000e-12  0.2226000    10.5801    10.5784    -0.0017     8.3177     8.3163     81.728     83.510      0.595    1444.83    1444.83  0.000e+00
      10290     83.000     5.8998     5.8999     0.0001    1.15334    1.15319          1     0.1451     0.1068      59.20     0.3219     0.2278  1.000e-12  0.2073000    10.6351    10.6336    -0.0016     8.3596     8.3583     82.224     84.015      0.597    1445.01    1445.01  0.000e+00
      10311     83.500     5.9279     5.9282     0.0002    1.16076    1.16057          1     0.1395     0.1042      58.66     0.3083     0.2140  1.000e-12  0.2150000    10.7001    10.6981    -0.0020     8.4090     8.4074     82.719     84.520      0.536    1445.22    1445.22  0.000e+00
      10335     84.000     5.9534     5.9536     0.0002    1.16768    1.16741          1     0.1305     0.0983      58.04     0.3114     0.2071  1.000e-12  0.2289000    10.7608    10.7581    -0.0027     8.4552     8.4531     83.214     85.025      0.476    1445.41    1445.41  0.000e+00
