ctdpy/tests/etc/all_smhi_bas_2018/SBE09_1044_20181017_0345_34_01_0100.cnv
* Sea-Bird SBE 9 Data File:
* FileName = C:\LUOTAUS\DATA_IN\hex_in\SMHI\ar18d100.hex
* Software Version Seasave V 7.23.2
* Temperature SN = 5351
* Conductivity SN = 3941
* Number of Bytes Per Scan = 30
* Number of Voltage Words = 4
* Number of Scans Averaged by the Deck Unit = 1
** Station:  BY1
** Operator:  OBac
** Ship: ARANDA
** Average sound velocity: 1470.33 m/s
** True-depth calculation Wed, 17 Oct 2018 04:13:05 +0000
** CTD Python Module SMHI /ver 3-12/ feb 2012 
** LIMS Job: 20183401-0100
** Cruise: SMHI-4-2018
** Latitude [GG MM.mm N]: 55 00.933 N
** Longitude [GG MM.mm E] 13 18.046 E
# nquan = 26
# nvalues = 82                          
# units = specified
# name 0 = scan: Scan Count
# name 1 = prDM: Pressure, Digiquartz [db]
# name 2 = t090C: Temperature [ITS-90, deg C]
# name 3 = t190C: Temperature, 2 [ITS-90, deg C]
# name 4 = T2-T190C: Temperature Difference, 2 - 1 [ITS-90, deg C]
# name 5 = c0S/m: Conductivity [S/m]
# name 6 = c1S/m: Conductivity, 2 [S/m]
# name 7 = pumps: Pump Status
# name 8 = sbeox0ML/L: Oxygen, SBE 43 [ml/l]
# name 9 = sbeox1ML/L: Oxygen, SBE 43, 2 [ml/l]
# name 10 = altM: Altimeter [m]
# name 11 = flECO-AFL: Chl-a Fluorescence, WET Labs ECO-AFL/FL [mg/m^3]
# name 12 = flECO-AFL1: Phycocyanin Fluorescence, WET Labs ECO-AFL/FL, 2 [mg/m^3]
# name 13 = par: PAR/Irradiance, Biospherical/Lico [µE/(cm^2*s)]
# name 14 = turbWETntu0: Turbidity, WET Labs ECO [NTU]
# name 15 = sal00: Salinity, Practical [PSU]
# name 16 = sal11: Salinity, Practical, 2 [PSU]
# name 17 = secS-priS: Salinity, Practical, Difference, 2 - 1 [PSU]
# name 18 = sigma-t00: Density [sigma-t, Kg/m^3 ]
# name 19 = sigma-t11: Density, 2 [sigma-t, Kg/m^3 ]
# name 20 = depSM: Depth [salt water, m], lat = 0
# name 21 = depFM: Depth [true depth, m], lat = 0
# name 22 = dz/dtM: Descent Rate [m/s], WS = 2
# name 23 = svCM: Sound Velocity [Chen-Millero, m/s]
# name 24 = svCM1: Sound Velocity, 2 [Chen-Millero, m/s]
# name 25 = flag: flag
# span 0 =      16140,      18463       
# span 1 =      1.500,     41.500       
# span 2 =    11.2348,    14.4292       
# span 3 =    11.2333,    14.4217       
# span 4 =    -0.0791,     0.0639       
# span 5 =   1.108757,   2.249837       
# span 6 =   1.108883,   2.240643       
# span 7 =          1,          1       
# span 8 =    4.34822,    7.43834       
# span 9 =    4.16823,    6.92582       
# span 10 =       2.99,      36.41      
# span 11 =     0.2620,     2.5874      
# span 12 =     0.2009,     0.6418      
# span 13 = 1.0000e-12, 1.0000e-12      
# span 14 =     0.1989,     1.1593      
# span 15 =     8.4553,    17.5245      
# span 16 =     8.4304,    17.4773      
# span 17 =    -0.1526,     0.1298      
# span 18 =     5.9264,    12.7029      
# span 19 =     5.9044,    12.6894      
# span 20 =      1.491,     41.765      
# span 21 =      1.519,     42.459      
# span 22 =     -0.335,      0.598      
# span 23 =    1464.26,    1484.19      
# span 24 =    1464.26,    1484.11      
# span 25 = 0.0000e+00, 0.0000e+00      
# interval = decibars: 0.5              
# start_time = Oct 17 2018 03:45:02 [System UTC, header]
# bad_flag = -9.990e-29
*END*
      16140      1.500    12.6692    12.7369     0.0639    1.12334    1.12219          1     7.1592     6.7364       5.17     2.3893     0.6418  1.000e-12  0.3865000     8.5679     8.5431    -0.0248     6.0499     6.0212      1.491      1.519      0.070    1467.84    1468.05  0.000e+00
      16193      2.000    12.6692    12.6351    -0.0336    1.12341    1.12347          1     7.2276     6.8274       4.78     2.4296     0.5330  1.000e-12  0.4116000     8.5685     8.5767     0.0082     6.0503     6.0615      1.989      2.025      0.258    1467.86    1467.74  0.000e+00
      16233      2.500    12.8588    12.8536    -0.0055    1.11737    1.11807          1     7.1497     6.7435       4.66     2.3879     0.5057  1.000e-12  0.4175000     8.4764     8.4833     0.0069     5.9521     5.9581      2.486      2.531      0.335    1468.44    1468.43  0.000e+00
      16265      3.000    12.9243    12.9436     0.0192    1.11659    1.11407          1     7.1181     6.7119       4.59     2.4498     0.5117  1.000e-12  0.4355000     8.4553     8.4304    -0.0249     5.9264     5.9044      2.983      3.037      0.421    1468.66    1468.70  0.000e+00
      16291      3.500    12.8928    12.8909    -0.0013    1.11885    1.11890          1     7.1675     6.7544       4.63     2.3946     0.5142  1.000e-12  0.4423000     8.4807     8.4815     0.0008     5.9505     5.9514      3.481      3.544      0.478    1468.58    1468.58  0.000e+00
      16316      4.000    12.7687    12.7779     0.0088    1.12242    1.12214          1     7.2164     6.7865       6.41     2.3730     0.5384  1.000e-12  0.4206000     8.5377     8.5334    -0.0043     6.0124     6.0077      3.978      4.050      0.488    1468.21    1468.24  0.000e+00
      16340      4.500    12.7336    12.7239    -0.0102    1.12336    1.12306          1     7.2739     6.8462      25.53     2.3731     0.5435  1.000e-12  0.4155000     8.5533     8.5530    -0.0003     6.0294     6.0306      4.475      4.556      0.509    1468.11    1468.08  0.000e+00
      16363      5.000    12.6915    12.6119    -0.0791    1.12224    1.12451          1     7.3046     6.8924      10.10     2.3847     0.5164  1.000e-12  0.4442000     8.5535     8.5902     0.0366     6.0356     6.0752      4.972      5.062      0.530    1467.97    1467.72  0.000e+00
      16385      5.500    12.6244    12.6197    -0.0050    1.12643    1.12648          1     7.3135     6.8980      16.48     2.2869     0.5074  1.000e-12  0.4065000     8.6031     8.6046     0.0015     6.0834     6.0852      5.470      5.568      0.523    1467.79    1467.78  0.000e+00
      16409      6.000    12.5479    12.5467    -0.0012    1.12624    1.12643          1     7.3266     6.9258      21.45     2.2569     0.4978  1.000e-12  0.4181000     8.6188     8.6207     0.0019     6.1064     6.1080      5.967      6.075      0.522    1467.54    1467.54  0.000e+00
      16431      6.500    12.3658    12.3674     0.0015    1.12567    1.12544          1     7.2444     6.8652      29.62     2.2857     0.4712  1.000e-12  0.4327000     8.6557     8.6534    -0.0022     6.1604     6.1584      6.464      6.581      0.543    1466.93    1466.93  0.000e+00
      16453      7.000    12.1915    12.2020     0.0105    1.12160    1.12281          1     7.1973     6.8298      11.36     2.2688     0.4717  1.000e-12  0.4303000     8.6618     8.6694     0.0076     6.1891     6.1936      6.961      7.087      0.571    1466.30    1466.35  0.000e+00
      16473      7.500    11.8240    11.8371     0.0130    1.10876    1.11038          1     7.1892     6.8136       6.77     2.1966     0.4985  1.000e-12  0.4244000     8.6389     8.6495     0.0106     6.2210     6.2275      7.459      7.593      0.572    1464.93    1464.99  0.000e+00
      16495      8.000    11.7129    11.7070    -0.0059    1.11143    1.10888          1     7.1868     6.7798       6.38     2.0788     0.4685  1.000e-12  0.4347000     8.6871     8.6670    -0.0201     6.2730     6.2583      7.956      8.099      0.551    1464.58    1464.54  0.000e+00
      16517      8.500    11.8754    11.8692    -0.0062    1.13177    1.12956          1     7.3162     6.8475       5.90     2.2548     0.4994  1.000e-12  0.4345000     8.8204     8.8032    -0.0171     6.3545     6.3421      8.453      8.605      0.543    1465.35    1465.31  0.000e+00
      16539      9.000    11.9867    11.9903     0.0036    1.13966    1.13943          1     7.4383     6.9244      21.62     2.2533     0.5265  1.000e-12  0.4387000     8.8604     8.8577    -0.0027     6.3705     6.3679      8.950      9.111      0.560    1465.82    1465.83  0.000e+00
      16560      9.500    12.1086    12.1147     0.0061    1.14920    1.14775          1     7.4065     6.9111      36.41     2.2062     0.4852  1.000e-12  0.4309000     8.9115     8.8979    -0.0136     6.3933     6.3819      9.448      9.617      0.580    1466.34    1466.34  0.000e+00
      16580     10.000    12.2850    12.2946     0.0096    1.16241    1.16244          1     7.3542     6.8848      36.09     2.2204     0.4711  1.000e-12  0.4294000     8.9800     8.9779    -0.0020     6.4219     6.4189      9.945     10.123      0.585    1467.07    1467.11  0.000e+00
      16601     10.500    12.3328    12.3357     0.0029    1.16621    1.16591          1     7.3344     6.8741      35.59     2.2774     0.5048  1.000e-12  0.4404000     9.0002     8.9970    -0.0032     6.4308     6.4279     10.442     10.629      0.571    1467.28    1467.29  0.000e+00
      16622     11.000    12.4176    12.4242     0.0066    1.17408    1.17304          1     7.2516     6.8034      35.08     2.3503     0.4982  1.000e-12  0.4549000     9.0454     9.0351    -0.0102     6.4538     6.4449     10.939     11.135      0.555    1467.65    1467.66  0.000e+00
      16644     11.500    12.5642    12.5672     0.0030    1.18596    1.18528          1     7.1287     6.7001      34.66     2.3505     0.4953  1.000e-12  0.4343000     9.1089     9.1025    -0.0064     6.4820     6.4767     11.437     11.641      0.554    1468.27    1468.27  0.000e+00
      16666     12.000    12.6239    12.6263     0.0024    1.19258    1.19232          1     7.0912     6.6755      34.10     2.4765     0.5115  1.000e-12  0.4439000     9.1493     9.1466    -0.0027     6.5047     6.5022     11.934     12.147      0.569    1468.54    1468.55  0.000e+00
      16686     12.500    12.6213    12.6185    -0.0026    1.19991    1.19795          1     7.0929     6.6814      33.59     2.4193     0.4999  1.000e-12  0.4593000     9.2107     9.1951    -0.0156     6.5523     6.5407     12.431     12.653      0.588    1468.62    1468.58  0.000e+00
      16706     13.000    12.8817    12.9012     0.0193    1.21930    1.21938          1     7.0086     6.6204      33.08     2.4251     0.4643  1.000e-12  0.4591000     9.3075     9.3034    -0.0041     6.5892     6.5832     12.928     13.159      0.592    1469.68    1469.74  0.000e+00
      16727     13.500    12.9119    12.9131     0.0013    1.22330    1.22312          1     6.8908     6.5523      32.55     2.5003     0.5046  1.000e-12  0.4577000     9.3331     9.3313    -0.0018     6.6045     6.6029     13.425     13.665      0.584    1469.83    1469.83  0.000e+00
      16748     14.000    12.7304    12.7227    -0.0078    1.22194    1.22252          1     6.7382     6.4287      32.07     2.5874     0.5398  1.000e-12  0.4876000     9.3664     9.3731     0.0067     6.6566     6.6629     13.923     14.171      0.571    1469.22    1469.20  0.000e+00
      16769     14.500    12.4053    12.4000    -0.0053    1.21333    1.21269          1     6.5394     6.2476      31.67     2.4053     0.5232  1.000e-12  0.4379000     9.3752     9.3711    -0.0041     6.7100     6.7076     14.420     14.677      0.561    1468.06    1468.03  0.000e+00
      16790     15.000    12.3340    12.3237    -0.0103    1.22068    1.22153          1     6.4200     6.1344      31.04     2.2411     0.4404  1.000e-12  0.4150000     9.4543     9.4641     0.0098     6.7809     6.7899     14.917     15.183      0.575    1467.90    1467.87  0.000e+00
      16811     15.500    11.9303    11.9296    -0.0008    1.21173    1.21101          1     6.3594     6.0575      22.85     2.0458     0.4408  1.000e-12  0.3862000     9.4807     9.4748    -0.0059     6.8573     6.8528     15.414     15.689      0.595    1466.46    1466.45  0.000e+00
      16831     16.000    12.1342    12.1418     0.0077    1.23663    1.23443          1     6.3261     6.0006      21.57     1.8612     0.4409  1.000e-12  0.3632000     9.6388     9.6183    -0.0205     6.9514     6.9345     15.911     16.194      0.591    1467.40    1467.41  0.000e+00
      16851     16.500    12.2104    12.2130     0.0026    1.24857    1.24806          1     6.2968     5.9651      25.63     1.6944     0.4317  1.000e-12  0.3530000     9.7198     9.7148    -0.0050     7.0033     6.9991     16.409     16.700      0.568    1467.79    1467.79  0.000e+00
      16873     17.000    12.1944    12.1978     0.0034    1.24997    1.25010          1     6.2821     5.9495      27.87     1.2504     0.3963  1.000e-12  0.2895000     9.7357     9.7358     0.0001     7.0178     7.0174     16.906     17.206      0.551    1467.76    1467.77  0.000e+00
      16895     17.500    12.1623    12.1642     0.0019    1.24901    1.24910          1     6.2265     5.9072      28.14     1.0388     0.3829  1.000e-12  0.2812000     9.7358     9.7361     0.0003     7.0224     7.0223     17.403     17.712      0.566    1467.65    1467.65  0.000e+00
      16915     18.000    12.0950    12.0959     0.0009    1.24870    1.24876          1     6.1814     5.8763      27.86     1.0013     0.3198  1.000e-12  0.2806000     9.7505     9.7509     0.0004     7.0431     7.0432     17.900     18.217      0.591    1467.42    1467.43  0.000e+00
      16935     18.500    11.9982    12.0017     0.0034    1.24504    1.24579          1     6.1874     5.8765      27.44     0.9466     0.2927  1.000e-12  0.2693000     9.7446     9.7501     0.0055     7.0519     7.0557     18.398     18.723      0.598    1467.07    1467.09  0.000e+00
      16955     19.000    11.9144    11.9137    -0.0007    1.24221    1.24178          1     6.1120     5.8148      26.91     0.8535     0.2848  1.000e-12  0.2544000     9.7424     9.7390    -0.0035     7.0617     7.0591     18.895     19.229      0.587    1466.77    1466.76  0.000e+00
      16976     19.500    11.9545    11.9555     0.0011    1.24704    1.24709          1     6.0653     5.7762      26.39     0.8093     0.3096  1.000e-12  0.2668000     9.7729     9.7730     0.0001     7.0797     7.0797     19.392     19.734      0.568    1466.96    1466.96  0.000e+00
      16998     20.000    11.7711    11.7736     0.0024    1.23949    1.24062          1     6.0434     5.7511      25.89     0.8209     0.2511  1.000e-12  0.2670000     9.7565     9.7654     0.0090     7.0919     7.0985     19.889     20.240      0.563    1466.27    1466.29  0.000e+00
      17019     20.500    11.6498    11.6595     0.0096    1.23553    1.23519          1     5.9237     5.6440      25.37     0.8150     0.2180  1.000e-12  0.2620000     9.7544     9.7489    -0.0055     7.1066     7.1011     20.386     20.746      0.578    1465.83    1465.86  0.000e+00
      17039     21.000    11.6910    11.7015     0.0105    1.23938    1.24174          1     5.8330     5.5686      24.87     0.7768     0.2620  1.000e-12  0.2513000     9.7763     9.7937     0.0174     7.1179     7.1300     20.884     21.251      0.591    1466.01    1466.07  0.000e+00
      17059     21.500    11.2348    11.2333    -0.0013    1.21972    1.22029          1     5.8248     5.5413      24.35     0.7040     0.3210  1.000e-12  0.2465000     9.7274     9.7326     0.0052     7.1400     7.1442     21.381     21.757      0.589    1464.26    1464.26  0.000e+00
      17080     22.000    11.2547    11.2624     0.0076    1.22270    1.22197          1     5.8697     5.5342      23.82     0.5517     0.3082  1.000e-12  0.2548000     9.7477     9.7394    -0.0083     7.1531     7.1457     21.878     22.263      0.574    1464.37    1464.39  0.000e+00
      17101     22.500    11.5663    11.5806     0.0143    1.24721    1.24581          1     5.9123     5.5491      23.29     0.5404     0.2400  1.000e-12  0.2663000     9.8759     9.8602    -0.0158     7.2116     7.1975     22.375     22.768      0.563    1465.70    1465.73  0.000e+00
      17122     23.000    11.7411    11.7317    -0.0093    1.26066    1.25879          1     5.8822     5.5290      22.78     0.5751     0.2335  1.000e-12  0.2458000     9.9444     9.9309    -0.0135     7.2412     7.2321     22.872     23.274      0.572    1466.43    1466.38  0.000e+00
      17143     23.500    11.8250    11.8313     0.0064    1.27997    1.27873          1     5.7743     5.4557      22.27     0.6053     0.2407  1.000e-12  0.2427000    10.0866    10.0743    -0.0123     7.3398     7.3294     23.370     23.780      0.584    1466.92    1466.93  0.000e+00
      17164     24.000    11.8038    11.8105     0.0066    1.28249    1.28283          1     5.7103     5.4065      21.76     0.6157     0.2475  1.000e-12  0.2426000    10.1136    10.1148     0.0012     7.3635     7.3635     23.867     24.285      0.582    1466.88    1466.91  0.000e+00
      17184     24.500    11.8113    11.8084    -0.0029    1.28442    1.28327          1     5.7756     5.4461      21.27     0.6001     0.2498  1.000e-12  0.2411000    10.1281    10.1190    -0.0091     7.3737     7.3671     24.364     24.791      0.574    1466.94    1466.92  0.000e+00
      17205     25.000    11.9131    11.9088    -0.0041    1.30469    1.29967          1     5.7992     5.4411      20.78     0.5760     0.2368  1.000e-12  0.2292000    10.2730    10.2314    -0.0416     7.4716     7.4401     24.861     25.296      0.574    1467.49    1467.43  0.000e+00
      17226     25.500    12.2305    12.2361     0.0056    1.35034    1.34675          1     5.7525     5.4047      20.26     0.5548     0.2259  1.000e-12  0.2288000    10.5728    10.5408    -0.0320     7.6588     7.6332     25.358     25.802      0.579    1469.02    1469.00  0.000e+00
      17247     26.000    12.2533    12.2571     0.0038    1.36298    1.36280          1     5.7311     5.3997      19.74     0.5049     0.2322  1.000e-12  0.2252000    10.6736    10.6710    -0.0026     7.7333     7.7308     25.856     26.307      0.585    1469.23    1469.24  0.000e+00
      17267     26.500    12.1618    12.1606    -0.0012    1.36845    1.36765          1     5.7372     5.4163      19.23     0.5039     0.2465  1.000e-12  0.2353000    10.7460    10.7395    -0.0065     7.8022     7.7974     26.353     26.812      0.587    1468.99    1468.98  0.000e+00
      17288     27.000    12.3070    12.3592     0.0520    1.37974    1.38135          1     5.7361     5.4276      18.74     0.5341     0.2363  1.000e-12  0.2537000    10.8001    10.7989    -0.0012     7.8233     7.8148     26.850     27.318      0.586    1469.59    1469.78  0.000e+00
      17308     27.500    12.5032    12.5042     0.0011    1.39322    1.39262          1     5.7307     5.4220      18.24     0.4913     0.2829  1.000e-12  0.2420000    10.8580    10.8526    -0.0054     7.8396     7.8353     27.347     27.823      0.587    1470.38    1470.38  0.000e+00
      17329     28.000    12.4509    12.4600     0.0093    1.39056    1.39156          1     5.6901     5.3713      12.68     0.4474     0.2684  1.000e-12  0.2197000    10.8504    10.8562     0.0058     7.8414     7.8445     27.844     28.328      0.585    1470.19    1470.23  0.000e+00
      17349     28.500    12.3501    12.3586     0.0085    1.38725    1.38721          1     5.7270     5.3800       8.05     0.4351     0.2539  1.000e-12  0.2156000    10.8513    10.8485    -0.0028     7.8566     7.8532     28.341     28.834      0.575    1469.84    1469.86  0.000e+00
