ctdpy/tests/etc/all_smhi_bas_2018/SBE09_1044_20181112_0857_34_01_0137.cnv
* Sea-Bird SBE 9 Data File:
* FileName = C:\ctd\temp\ar18d137.hex
* Software Version Seasave V 7.26.7.107
* Temperature SN = 5351
* Conductivity SN = 3941
* Number of Bytes Per Scan = 41
* Number of Voltage Words = 4
* Number of Scans Averaged by the Deck Unit = 1
* NMEA Latitude = 58 20.38 N
* NMEA Longitude = 011 01.64 E
* NMEA UTC (Time) = Nov 12 2018  08:57:19
* NMEA baud rate = 4800
** Station:  A13
** Operator:  A-KTh
** Ship: ARANDA
** Average sound velocity: 1489.60 m/s
** True-depth calculation Mon, 12 Nov 2018 09:50:37 +0000
** CTD Python Module SMHI /ver 3-12/ feb 2012 
** LIMS Job: 20183401-0137
** Cruise: SMHI-6-2018
** Latitude [GG MM.mm N]:
** Longitude [GG MM.mm E]
# nquan = 26
# nvalues = 201                         
# units = specified
# name 0 = scan: Scan Count
# name 1 = prDM: Pressure, Digiquartz [db]
# name 2 = t090C: Temperature [ITS-90, deg C]
# name 3 = t190C: Temperature, 2 [ITS-90, deg C]
# name 4 = T2-T190C: Temperature Difference, 2 - 1 [ITS-90, deg C]
# name 5 = c0S/m: Conductivity [S/m]
# name 6 = c1S/m: Conductivity, 2 [S/m]
# name 7 = pumps: Pump Status
# name 8 = sbeox0ML/L: Oxygen, SBE 43 [ml/l]
# name 9 = sbeox1ML/L: Oxygen, SBE 43, 2 [ml/l]
# name 10 = altM: Altimeter [m]
# name 11 = flECO-AFL: Chl-a Fluorescence, WET Labs ECO-AFL/FL [mg/m^3]
# name 12 = flECO-AFL1: Phycocyanin Fluorescence, WET Labs ECO-AFL/FL, 2 [mg/m^3]
# name 13 = par: PAR/Irradiance, Biospherical/Lico [µE/(cm^2*s)]
# name 14 = turbWETntu0: Turbidity, WET Labs ECO [NTU]
# name 15 = sal00: Salinity, Practical [PSU]
# name 16 = sal11: Salinity, Practical, 2 [PSU]
# name 17 = secS-priS: Salinity, Practical, Difference, 2 - 1 [PSU]
# name 18 = sigma-t00: Density [sigma-t, Kg/m^3 ]
# name 19 = sigma-t11: Density, 2 [sigma-t, Kg/m^3 ]
# name 20 = depSM: Depth [salt water, m], lat = 58.3397
# name 21 = depFM: Depth [true depth, m], lat = 58.3397
# name 22 = dz/dtM: Descent Rate [m/s], WS = 2
# name 23 = svCM: Sound Velocity [Chen-Millero, m/s]
# name 24 = svCM1: Sound Velocity, 2 [Chen-Millero, m/s]
# name 25 = flag: flag
# span 0 =      24582,      29312       
# span 1 =      2.000,    102.000       
# span 2 =     9.2489,    10.6455       
# span 3 =     9.2565,    10.6445       
# span 4 =    -0.1007,     0.0362       
# span 5 =   3.268839,   3.846573       
# span 6 =   3.268896,   3.846705       
# span 7 =          1,          1       
# span 8 =    5.04905,    6.20420       
# span 9 =    4.86043,    5.90685       
# span 10 =      -2.15,      98.03      
# span 11 =     0.0840,     1.4864      
# span 12 =     0.1026,     0.4119      
# span 13 = 1.0000e-12, 8.4877e+01      
# span 14 =     0.3089,     1.7863      
# span 15 =    29.4313,    35.0065      
# span 16 =    29.4312,    35.0032      
# span 17 =    -0.0369,     0.0077      
# span 18 =    22.5879,    27.0829      
# span 19 =    22.5875,    27.0780      
# span 20 =      1.981,    101.027      
# span 21 =      1.992,    101.288      
# span 22 =     -0.140,      1.186      
# span 23 =    1483.56,    1492.65      
# span 24 =    1483.57,    1492.65      
# span 25 = 0.0000e+00, 0.0000e+00      
# interval = decibars: 0.5              
# start_time = Nov 12 2018 08:57:19 [NMEA time, first data scan]
# bad_flag = -9.990e-29
*END*
[from data line 168]
      28319     86.000    10.0533    10.0558     0.0025    3.81427    3.81448          1     5.3423     5.1019      18.47     0.1314     0.2442  1.000e-12  1.1941000    34.9627    34.9625    -0.0002    26.9138    26.9131     85.183     85.420      0.617    1491.39    1491.40  0.000e+00
      28336     86.500    10.0537    10.0542     0.0004    3.81434    3.81434          1     5.3413     5.1037      18.05     0.1276     0.1787  1.000e-12  1.2266000    34.9627    34.9624    -0.0004    26.9137    26.9133     85.678     85.916      0.724    1491.40    1491.40  0.000e+00
      28352     87.000    10.0502    10.0522     0.0020    3.81401    3.81418          1     5.3335     5.1000      17.66     0.1382     0.1963  1.000e-12  1.2498000    34.9626    34.9624    -0.0002    26.9142    26.9136     86.173     86.412      0.747    1491.40    1491.40  0.000e+00
      28368     87.500    10.0462    10.0461    -0.0001    3.81362    3.81359          1     5.3262     5.1010      17.15     0.1322     0.2094  1.000e-12  1.2252000    34.9622    34.9621    -0.0002    26.9146    26.9145     86.668     86.908      0.668    1491.39    1491.39  0.000e+00
      28390     88.000    10.0418    10.0429     0.0012    3.81321    3.81329          1     5.3240     5.1042      16.54     0.1315     0.2325  1.000e-12  1.1809000    34.9621    34.9618    -0.0003    26.9152    26.9148     87.163     87.404      0.447    1491.38    1491.39  0.000e+00
      28428     88.500    10.0419    10.0426     0.0007    3.81326    3.81331          1     5.3245     5.1014      15.90     0.1221     0.2496  1.000e-12  1.2081000    34.9622    34.9621    -0.0001    26.9153    26.9151     87.659     87.900      0.328    1491.39    1491.39  0.000e+00
      28455     89.000    10.0404    10.0387    -0.0018    3.81328    3.81299          1     5.3252     5.0994      15.57     0.1142     0.2406  1.000e-12  1.2178000    34.9636    34.9624    -0.0012    26.9167    26.9160     88.154     88.395      0.615    1491.40    1491.39  0.000e+00
      28472     89.500    10.0366    10.0374     0.0008    3.81283    3.81288          1     5.3123     5.0961      15.27     0.1138     0.2342  1.000e-12  1.2165000    34.9625    34.9623    -0.0003    26.9165    26.9161     88.649     88.891      0.763    1491.39    1491.39  0.000e+00
      28486     90.000    10.0345    10.0347     0.0002    3.81271    3.81264          1     5.3001     5.0931      14.83     0.1138     0.2223  1.000e-12  1.2170000    34.9631    34.9622    -0.0009    26.9172    26.9165     89.144     89.387      0.780    1491.39    1491.39  0.000e+00
      28502     90.500    10.0324    10.0338     0.0014    3.81269    3.81278          1     5.2988     5.0929      14.32     0.1244     0.2047  1.000e-12  1.2699000    34.9646    34.9643    -0.0004    26.9188    26.9183     89.639     89.883      0.632    1491.39    1491.40  0.000e+00
      28537     91.000    10.0323    10.0308    -0.0015    3.81266    3.81246          1     5.3196     5.1029      13.62     0.1396     0.1896  1.000e-12  1.3600000    34.9643    34.9637    -0.0005    26.9186    26.9184     90.134     90.379      0.329    1491.40    1491.40  0.000e+00
      28579     91.500    10.0292    10.0278    -0.0014    3.81232    3.81217          1     5.2857     5.0860      13.21     0.1699     0.2416  1.000e-12  1.2306000    34.9636    34.9634    -0.0002    26.9186    26.9186     90.629     90.875      0.633    1491.40    1491.39  0.000e+00
      28593     92.000     9.9946     9.9859    -0.0086    3.80907    3.80838          1     5.2395     5.0629      12.90     0.1656     0.1026  1.000e-12  1.1634000    34.9636    34.9650     0.0014    26.9245    26.9271     91.125     91.371      0.905    1491.28    1491.25  0.000e+00
      28604     92.500     9.8876     9.8894     0.0014    3.79915    3.79949          1     5.2130     5.0513      12.55     0.1145     0.1042  1.000e-12  1.2941000    34.9654    34.9671     0.0017    26.9441    26.9451     91.620     91.867      0.980    1490.91    1490.92  0.000e+00
      28616     93.000     9.7776     9.7716    -0.0058    3.78958    3.78911          1     5.2058     5.0443      12.07     0.1148     0.1936  1.000e-12  1.2984000    34.9735    34.9745     0.0011    26.9691    26.9710     92.115     92.363      0.902    1490.53    1490.51  0.000e+00
      28632     93.500     9.7340     9.7359     0.0018    3.78578    3.78584          1     5.2368     5.0307      11.56     0.1144     0.2065  1.000e-12  1.3294000    34.9766    34.9754    -0.0013    26.9790    26.9776     92.610     92.859      0.629    1490.39    1490.39  0.000e+00
      28673     94.000     9.8195     9.7184    -0.1007    3.79312    3.78398          1     5.2410     4.9988      10.75     0.1363     0.2273  1.000e-12  1.2597000    34.9688    34.9730     0.0041    26.9584    26.9787     93.105     93.355      0.308    1490.69    1490.33  0.000e+00
      28708     94.500     9.6860     9.6601    -0.0267    3.78129    3.77908          1     5.2010     4.9818      10.36     0.1657     0.2765  1.000e-12  1.2635000    34.9766    34.9790     0.0024    26.9870    26.9932     93.600     93.850      0.604    1490.23    1490.14  0.000e+00
      28724     95.000     9.6299     9.6252    -0.0046    3.77651    3.77609          1     5.1754     4.9734      10.01     0.1496     0.2494  1.000e-12  1.3573000    34.9816    34.9818     0.0002    27.0003    27.0013     94.095     94.346      0.727    1490.04    1490.02  0.000e+00
      28740     95.500     9.6188     9.6164    -0.0024    3.77550    3.77526          1     5.1623     4.9680       9.56     0.1137     0.2341  1.000e-12  1.4915000    34.9817    34.9816    -0.0001    27.0023    27.0026     94.591     94.842      0.682    1490.01    1490.00  0.000e+00
      28761     96.000     9.6131     9.6160     0.0028    3.77494    3.77518          1     5.1679     4.9619       9.04     0.1350     0.2076  1.000e-12  1.5694000    34.9813    34.9810    -0.0003    27.0029    27.0022     95.086     95.338      0.484    1489.99    1490.00  0.000e+00
      28798     96.500     9.5752     9.5796     0.0045    3.77165    3.77201          1     5.1707     4.9522       8.37     0.1334     0.2071  1.000e-12  1.6400000    34.9841    34.9834    -0.0007    27.0114    27.0101     95.581     95.834      0.290    1489.87    1489.88  0.000e+00
      28833     97.000     9.5689     9.5790     0.0101    3.77113    3.77209          1     5.1569     4.9510       7.95     0.1516     0.2209  1.000e-12  1.5515000    34.9846    34.9846     0.0001    27.0128    27.0112     96.076     96.330      0.421    1489.85    1489.89  0.000e+00
      28861     97.500     9.5564     9.5640     0.0076    3.77010    3.77078          1     5.1642     4.9604       7.48     0.1317     0.1782  1.000e-12  1.7863000    34.9859    34.9855    -0.0004    27.0160    27.0144     96.571     96.826      0.311    1489.82    1489.84  0.000e+00
      28931     98.000     9.5352     9.5357     0.0005    3.76813    3.76820          1     5.1192     4.9334       6.93     0.1727     0.1911  1.000e-12  1.3351000    34.9859    34.9862     0.0003    27.0195    27.0197     97.066     97.322      0.360    1489.75    1489.75  0.000e+00
      28953     98.500     9.4800     9.4812     0.0011    3.76340    3.76349          1     5.1369     4.9289       6.64     0.1379     0.2021  1.000e-12  1.4696000    34.9906    34.9903    -0.0002    27.0323    27.0320     97.561     97.817      0.545    1489.56    1489.57  0.000e+00
      28980     99.000     9.4684     9.4714     0.0031    3.76242    3.76264          1     5.1412     4.9286       6.11     0.1446     0.2076  1.000e-12  1.4947000    34.9916    34.9909    -0.0007    27.0350    27.0340     98.056     98.313      0.359    1489.53    1489.54  0.000e+00
      29047     99.500     9.4705     9.4764     0.0060    3.76261    3.76315          1     5.1137     4.9177       5.50     0.1528     0.2468  1.000e-12  1.2963000    34.9912    34.9910    -0.0002    27.0344    27.0333     98.551     98.809      0.394    1489.55    1489.57  0.000e+00
      29067    100.000     9.4020     9.4153     0.0133    3.75660    3.75773          1     5.1188     4.9109       5.16     0.1278     0.2248  1.000e-12  1.5611000    34.9956    34.9943    -0.0013    27.0492    27.0459     99.047     99.305      0.486    1489.31    1489.36  0.000e+00
      29128    100.500     9.3912     9.4087     0.0177    3.75572    3.75716          1     5.1072     4.9087       4.50     0.1394     0.2079  1.000e-12  1.4664000    34.9967    34.9946    -0.0022    27.0519    27.0472     99.542     99.801      0.348    1489.28    1489.34  0.000e+00
      29173    101.000     9.3175     9.3540     0.0362    3.74917    3.75226          1     5.0721     4.8882       4.16     0.1267     0.2071  1.000e-12  1.3894000    35.0006    34.9970    -0.0036    27.0670    27.0582    100.037    100.297      0.562    1489.02    1489.15  0.000e+00
      29197    101.500     9.2525     9.2653     0.0127    3.74335    3.74453          1     5.0491     4.8685       3.68     0.1247     0.1947  1.000e-12  1.7426000    35.0035    35.0032    -0.0002    27.0799    27.0776    100.532    100.793      0.392    1488.80    1488.85  0.000e+00
      29312    102.000     9.2489     9.2565     0.0078    3.74333    3.74359          1     5.0865     4.8604       2.81     0.1393     0.2076  1.000e-12  1.5341000    35.0065    35.0019    -0.0046    27.0829    27.0780    101.027    101.288     -0.140    1488.80    1488.82  0.000e+00
