ctdpy/tests/etc/all_smhi_bas_2018/SBE09_0827_20180829_0753_26_01_0931.cnv
* Sea-Bird SBE 9 Data File:
* FileName = D:\CTD_SBE911\DAT\26DA.2018.8.131.hex
* Software Version Seasave V 7.21d
* Temperature SN = 034605
* Conductivity SN = 041844
* Number of Bytes Per Scan = 48
* Number of Voltage Words = 5
* Number of Scans Averaged by the Deck Unit = 1
* NMEA Latitude = 56 48.30 N
* NMEA Longitude = 012 12.72 E
* NMEA UTC (Time) = Aug 29 2018  07:56:13
* NMEA baud rate = 4800
** Ship: DANA
** Average sound velocity: 1499.60 m/s
** True-depth calculation Thu, 28 Mar 2019 09:55:06 +0000
** CTD Python Module SMHI /ver 3-12/ feb 2012 
** LIMS Job: 20182601-0931
**  MORUPS BANK
** Operator: Christian
** Cruise: 08/2018
# nquan = 26
# nvalues = 71                          
# units = specified
# name 0 = scan: Scan Count
# name 1 = prDM: Pressure, Digiquartz [db]
# name 2 = t090C: Temperature [ITS-90, deg C]
# name 3 = t190C: Temperature, 2 [ITS-90, deg C]
# name 4 = T2-T190C: Temperature Difference, 2 - 1 [ITS-90, deg C]
# name 5 = c0S/m: Conductivity [S/m]
# name 6 = c1S/m: Conductivity, 2 [S/m]
# name 7 = pumps: Pump Status
# name 8 = sbeox1ML/L: Oxygen, SBE 43, 2 [ml/l]
# name 9 = sbeox0ML/L: Oxygen, SBE 43 [ml/l]
# name 10 = altM: Altimeter [m]
# name 11 = chloroflTC0: Chlorophyll, Turner Cyclops [ug/l]
# name 12 = cpar: CPAR/Corrected Irradiance [%]
# name 13 = par: PAR/Irradiance, Biospherical/Lico [µE/(cm^2*s)]
# name 14 = spar: SPAR, Biospherical/Licor
# name 15 = sal00: Salinity, Practical [PSU]
# name 16 = sal11: Salinity, Practical, 2 [PSU]
# name 17 = secS-priS: Salinity, Practical, Difference, 2 - 1 [PSU]
# name 18 = sigma-t00: Density [sigma-t, kg/m^3 ]
# name 19 = sigma-t11: Density, 2 [sigma-t, kg/m^3 ]
# name 20 = depSM: Depth [salt water, m], lat = 56.805
# name 21 = depFM: Depth [true depth, m], lat = 56.805
# name 22 = dz/dtM: Descent Rate [m/s], WS = 2
# name 23 = svCM: Sound Velocity [Chen-Millero, m/s]
# name 24 = svCM1: Sound Velocity, 2 [Chen-Millero, m/s]
# name 25 = flag: flag
# span 0 =        314,       3983       
# span 1 =      1.500,     36.500       
# span 2 =     8.4669,    18.2058       
# span 3 =     8.5285,    18.1883       
# span 4 =    -0.0829,     1.0915       
# span 5 =   3.069645,   4.028078       
# span 6 =   3.059643,   4.028732       
# span 7 =          1,          1       
# span 8 =     4.2721,     6.0047       
# span 9 =     4.2480,     5.7933       
# span 10 =       1.08,       9.98      
# span 11 =     0.0169,     0.2318      
# span 12 = 2.0423e-13, 7.9021e+00      
# span 13 = 1.0000e-12, 4.0479e+01      
# span 14 = 4.8794e+02, 5.1223e+02      
# span 15 =    22.4532,    33.5957      
# span 16 =    22.3249,    33.6156      
# span 17 =    -1.0067,     0.0607      
# span 18 =    15.7176,    26.1012      
# span 19 =    15.6004,    26.1074      
# span 20 =      1.486,     36.162      
# span 21 =      1.504,     36.413      
# span 22 =     -0.158,      0.338      
# span 23 =    1483.09,    1508.79      
# span 24 =    1483.35,    1508.75      
# span 25 = 0.0000e+00, 0.0000e+00      
# interval = decibars: 0.5              
# start_time = Aug 29 2018 07:56:13 [NMEA time, first data scan]
# bad_flag = -9.990e-29
*END*
[from data line 56]
       3169     29.500    11.0087    11.3358     0.3273    3.69515    3.72402          1     4.7999     4.7082       8.26     0.1390  1.160e-02  5.701e-02  4.915e+02    32.8994    32.8919    -0.0074    25.1385    25.0742     29.227     29.462      0.215    1491.36    1492.49  0.000e+00
       3215     30.000    10.8147    11.1869     0.3723    3.68338    3.71420          1     4.7951     4.6879       7.77     0.0496  8.351e-03  4.104e-02  4.915e+02    32.9565    32.9280    -0.0285    25.2172    25.1291     29.723     29.959      0.303    1490.75    1492.02  0.000e+00
       3254     30.500    10.6249    11.0132     0.3880    3.67270    3.70291          1     4.7648     4.6752       7.27     0.0468  4.958e-03  2.437e-02  4.915e+02    33.0211    32.9718    -0.0493    25.3006    25.1941     30.218     30.456      0.305    1490.16    1491.48  0.000e+00
       3295     31.000    10.4111    10.9149     0.5038    3.65740    3.69590          1     4.7341     4.6795       6.81     0.0463  1.922e-03  9.448e-03  4.915e+02    33.0613    32.9904    -0.0709    25.3688    25.2260     30.713     30.953      0.282    1489.46    1491.16  0.000e+00
       3339     31.500    10.1980    10.7590     0.5609    3.64215    3.68729          1     4.7523     4.6416       6.34     0.0466  5.234e-05  2.572e-04  4.914e+02    33.1015    33.0452    -0.0563    25.4364    25.2959     31.209     31.449      0.269    1488.75    1490.68  0.000e+00
       3384     32.000     9.9813    10.5222     0.5409    3.62534    3.67215          1     4.7341     4.4873       5.84     0.0453  4.311e-08  2.119e-07  4.909e+02    33.1294    33.1081    -0.0212    25.4946    25.3861     31.704     31.946      0.264    1488.01    1489.93  0.000e+00
       3428     32.500     9.5869    10.2961     0.7092    3.59883    3.65638          1     4.6888     4.3568       5.34     0.0497  2.042e-13  1.000e-12  4.896e+02    33.2218    33.1553    -0.0665    25.6319    25.4617     32.199     32.442      0.284    1486.70    1489.18  0.000e+00
       3470     33.000     9.1762    10.0026     0.8266    3.57167    3.63687          1     4.6230     4.2480       5.42     0.0522  2.043e-13  1.000e-12  4.894e+02    33.3234    33.2265    -0.0969    25.7774    25.5668     32.695     32.939      0.284    1485.33    1488.22  0.000e+00
       3512     33.500     8.6498     9.7417     1.0915    3.54387    3.61913          1     4.5383     4.3131       4.37     0.0510  2.043e-13  1.000e-12  4.894e+02    33.5284    33.2860    -0.2424    26.0204    25.6566     33.190     33.435      0.290    1483.64    1487.36  0.000e+00
       3554     34.000     8.5631     9.4096     0.8466    3.53857    3.59981          1     4.4423     4.3122       4.55     0.0580  2.043e-13  1.000e-12  4.894e+02    33.5547    33.3960    -0.1586    26.0543    25.7968     33.686     33.932      0.286    1483.36    1486.29  0.000e+00
       3594     34.500     8.5534     9.1506     0.5970    3.53806    3.58209          1     4.4282     4.3009       3.72     0.0622  2.043e-13  1.000e-12  4.894e+02    33.5582    33.4547    -0.1035    26.0586    25.8844     34.181     34.428      0.296    1483.33    1485.42  0.000e+00
       3637     35.000     8.5387     8.9827     0.4442    3.53745    3.57314          1     4.3867     4.2934       2.86     0.0610  2.043e-13  1.000e-12  4.894e+02    33.5656    33.5195    -0.0461    26.0666    25.9616     34.676     34.924      0.270    1483.30    1484.89  0.000e+00
       3682     35.500     8.5141     8.7591     0.2448    3.53622    3.55859          1     4.3302     4.2848       3.17     0.0626  2.043e-13  1.000e-12  4.894e+02    33.5758    33.5784     0.0027    26.0783    26.0427     35.172     35.421      0.261    1483.23    1484.14  0.000e+00
       3729     36.000     8.4844     8.6581     0.1739    3.53462    3.55209          1     4.3289     4.2786       3.15     0.0645  2.043e-13  1.000e-12  4.894e+02    33.5869    33.6058     0.0189    26.0916    26.0798     35.667     35.917      0.266    1483.14    1483.81  0.000e+00
       3983     36.500     8.4669     8.5285     0.0615    3.53390    3.54134          1     4.2721     4.2663       1.08     0.0670  2.049e-13  1.000e-12  4.879e+02    33.5957    33.6156     0.0199    26.1012    26.1074     36.162     36.413     -0.158    1483.09    1483.35  0.000e+00
