ctdpy/tests/etc/all_smhi_bas_2018/SBE09_0827_20180226_1209_26_01_0317.cnv
* Sea-Bird SBE 9 Data File:
* FileName = D:\CTD_SBE911\DAT\26DA.2018.3.17.hex
* Software Version Seasave V 7.21d
* Temperature SN = 034757
* Conductivity SN = 041844
* Number of Bytes Per Scan = 48
* Number of Voltage Words = 5
* Number of Scans Averaged by the Deck Unit = 1
* NMEA Latitude = 55 44.91 N
* NMEA Longitude = 015 22.62 E
* NMEA UTC (Time) = Feb 26 2018  12:09:37
* NMEA baud rate = 4800
** Ship: DANA
** Average sound velocity: 1428.72 m/s
** True-depth calculation Wed, 03 Apr 2019 11:57:18 +0000
** CTD Python Module SMHI /ver 3-12/ feb 2012 
** LIMS Job: 20182601-0317
** Operator:
** Cruise: 02/2018
# nquan = 24
# nvalues = 115                         
# units = specified
# name 0 = scan: Scan Count
# name 1 = prDM: Pressure, Digiquartz [db]
# name 2 = t090C: Temperature [ITS-90, deg C]
# name 3 = t190C: Temperature, 2 [ITS-90, deg C]
# name 4 = T2-T190C: Temperature Difference, 2 - 1 [ITS-90, deg C]
# name 5 = c0S/m: Conductivity [S/m]
# name 6 = c1S/m: Conductivity, 2 [S/m]
# name 7 = pumps: Pump Status
# name 8 = altM: Altimeter [m]
# name 9 = chloroflTC0: Chlorophyll, Turner Cyclops [ug/l]
# name 10 = cpar: CPAR/Corrected Irradiance [%]
# name 11 = par: PAR/Irradiance, Biospherical/Lico [µE/(cm^2*s)]
# name 12 = spar: SPAR, Biospherical/Licor
# name 13 = sal00: Salinity, Practical [PSU]
# name 14 = sal11: Salinity, Practical, 2 [PSU]
# name 15 = secS-priS: Salinity, Practical, Difference, 2 - 1 [PSU]
# name 16 = sigma-t00: Density [sigma-t, kg/m^3 ]
# name 17 = sigma-t11: Density, 2 [sigma-t, kg/m^3 ]
# name 18 = depSM: Depth [salt water, m], lat = 55.7485
# name 19 = depFM: Depth [true depth, m], lat = 55.7485
# name 20 = dz/dtM: Descent Rate [m/s], WS = 2
# name 21 = svCM: Sound Velocity [Chen-Millero, m/s]
# name 22 = svCM1: Sound Velocity, 2 [Chen-Millero, m/s]
# name 23 = flag: flag
# span 0 =          5,       5737       
# span 1 =      1.000,     58.000       
# span 2 =     3.0423,     6.7388       
# span 3 =     3.0420,     7.2132       
# span 4 =    -0.0077,     0.4736       
# span 5 =   0.760014,   1.190626       
# span 6 =   0.758666,   1.312417       
# span 7 =          1,          1       
# span 8 =       2.57,       9.97       
# span 9 =     0.0134,     0.3129       
# span 10 = -9.482e-09, 1.6778e+01      
# span 11 = -8.222e-08, 1.0018e+02      
# span 12 = 5.9707e+02, 1.8662e+03      
# span 13 =     7.4112,    10.7428      
# span 14 =     7.3957,    11.7681      
# span 15 =    -0.0376,     1.0254      
# span 16 =     5.9080,     8.3870      
# span 17 =     5.8957,     9.1527      
# span 18 =      0.991,     57.465      
# span 19 =      1.013,     58.722      
# span 20 =      0.000,      0.942      
# span 21 =    1426.96,    1448.29      
# span 22 =    1426.95,    1451.52      
# span 23 = 0.0000e+00, 0.0000e+00      
# interval = decibars: 0.5              
# start_time = Feb 26 2018 12:09:37 [NMEA time, first data scan]
# bad_flag = -9.990e-29
*END*
[from data line 61]
       3097     31.500     3.0533     3.0548     0.0015    0.76071    0.76015          1       9.95     0.0141  7.921e-14  1.000e-12  1.262e+03     7.4128     7.4066    -0.0062     5.9093     5.9044     31.212     31.895      0.569    1427.45    1427.45  0.000e+00
       3154     32.000     3.0549     3.0558     0.0009    0.76079    0.76021          1       9.95     0.0139  7.768e-14  1.000e-12  1.288e+03     7.4131     7.4069    -0.0063     5.9096     5.9046     31.707     32.402      0.397    1427.47    1427.46  0.000e+00
       3227     32.500     3.0543     3.0511    -0.0032    0.76074    0.76007          1       9.95     0.0134  7.568e-14  1.000e-12  1.321e+03     7.4127     7.4065    -0.0063     5.9093     5.9043     32.202     32.908      0.578    1427.48    1427.45  0.000e+00
       3263     33.000     3.0547     3.0550     0.0003    0.76081    0.76017          1       9.95     0.0136  7.467e-14  1.000e-12  1.340e+03     7.4133     7.4065    -0.0068     5.9097     5.9043     32.698     33.414      0.427    1427.49    1427.48  0.000e+00
       3351     33.500     3.0720     3.0751     0.0031    0.76154    0.76098          1       9.95     0.0134  7.198e-14  1.000e-12  1.389e+03     7.4169     7.4103    -0.0066     5.9124     5.9071     33.193     33.921      0.574    1427.58    1427.58  0.000e+00
       3371     34.000     3.0770     3.0779     0.0009    0.76174    0.76110          1       9.95     0.0134  7.192e-14  1.000e-12  1.390e+03     7.4177     7.4108    -0.0069     5.9130     5.9075     33.689     34.427      0.527    1427.61    1427.60  0.000e+00
       3407     34.500     3.0889     3.0957     0.0068    0.76226    0.76183          1       9.95     0.0135  7.194e-14  1.000e-12  1.390e+03     7.4204     7.4143    -0.0060     5.9150     5.9101     34.184     34.933      0.264    1427.68    1427.70  0.000e+00
       3462     35.000     3.0909     3.0869    -0.0040    0.76227    0.76153          1       9.95     0.0135  7.153e-14  1.000e-12  1.398e+03     7.4199     7.4131    -0.0068     5.9146     5.9092     34.679     35.439      0.214    1427.69    1427.67  0.000e+00
       3528     35.500     3.0967     3.0977     0.0010    0.76255    0.76196          1       9.95     0.0134  6.981e-14  1.000e-12  1.433e+03     7.4215     7.4150    -0.0064     5.9158     5.9107     35.175     35.946      0.235    1427.73    1427.72  0.000e+00
       3577     36.000     3.0997     3.1026     0.0029    0.76266    0.76213          1       9.95     0.0135  6.795e-14  1.000e-12  1.472e+03     7.4219     7.4157    -0.0062     5.9161     5.9111     35.670     36.452      0.234    1427.75    1427.76  0.000e+00
       3631     36.500     3.1038     3.1052     0.0014    0.76284    0.76226          1       9.95     0.0140  6.610e-14  1.000e-12  1.513e+03     7.4227     7.4164    -0.0063     5.9167     5.9117     36.165     36.958      0.240    1427.78    1427.78  0.000e+00
       3674     37.000     3.1066     3.1078     0.0011    0.76296    0.76236          1       9.95     0.0137  6.586e-14  1.000e-12  1.518e+03     7.4233     7.4167    -0.0065     5.9171     5.9119     36.661     37.464      0.353    1427.80    1427.80  0.000e+00
       3704     37.500     3.1075     3.1054    -0.0022    0.76297    0.76231          1       9.95     0.0134  6.595e-14  1.000e-12  1.516e+03     7.4231     7.4167    -0.0064     5.9170     5.9119     37.156     37.971      0.373    1427.81    1427.79  0.000e+00
       3746     38.000     3.1061     3.1026    -0.0035    0.76294    0.76217          1       9.95     0.0134  6.569e-14  1.000e-12  1.522e+03     7.4230     7.4158    -0.0072     5.9169     5.9112     37.652     38.477      0.208    1427.81    1427.79  0.000e+00
       3820     38.500     3.1076     3.1074    -0.0002    0.76299    0.76237          1       9.95     0.0140  6.440e-14  1.000e-12  1.553e+03     7.4231     7.4167    -0.0064     5.9170     5.9119     38.147     38.983      0.228    1427.83    1427.82  0.000e+00
       3867     39.000     3.1079     3.1080     0.0001    0.76301    0.76241          1       9.95     0.0139  6.370e-14  1.000e-12  1.570e+03     7.4232     7.4169    -0.0063     5.9171     5.9120     38.642     39.490      0.296    1427.84    1427.83  0.000e+00
       3903     39.500     3.1087     3.1084    -0.0003    0.76304    0.76242          1       9.95     0.0134  6.449e-14  1.000e-12  1.551e+03     7.4233     7.4169    -0.0064     5.9171     5.9120     39.138     39.996      0.329    1427.85    1427.84  0.000e+00
       3954     40.000     3.1092     3.1093     0.0001    0.76307    0.76246          1       9.95     0.0134  6.575e-14  1.000e-12  1.521e+03     7.4234     7.4170    -0.0064     5.9172     5.9121     39.633     40.502      0.233    1427.86    1427.85  0.000e+00
       4004     40.500     3.1106     3.1103    -0.0003    0.76314    0.76253          1       9.95     0.0134  6.565e-14  1.000e-12  1.523e+03     7.4237     7.4175    -0.0063     5.9174     5.9124     40.128     41.008      0.419    1427.87    1427.86  0.000e+00
       4028     41.000     3.1095     3.1088    -0.0007    0.76309    0.76247          1       9.95     0.0134  6.493e-14  1.000e-12  1.540e+03     7.4234     7.4170    -0.0063     5.9172     5.9121     40.624     41.515      0.445    1427.88    1427.87  0.000e+00
       4103     41.500     3.1112     3.1122     0.0010    0.76317    0.76259          1       9.95     0.0134  6.394e-14  1.000e-12  1.564e+03     7.4237     7.4175    -0.0062     5.9174     5.9124     41.119     42.021      0.324    1427.89    1427.89  0.000e+00
       4162     42.000     3.1158     3.1156    -0.0002    0.76337    0.76276          1       9.95     0.0134  6.436e-14  1.000e-12  1.554e+03     7.4247     7.4184    -0.0064     5.9182     5.9131     41.614     42.527      0.493    1427.92    1427.91  0.000e+00
       4189     42.500     3.1187     3.1193     0.0007    0.76350    0.76289          1       9.95     0.0134  6.523e-14  1.000e-12  1.533e+03     7.4253     7.4188    -0.0065     5.9186     5.9134     42.110     43.033      0.332    1427.95    1427.94  0.000e+00
       4267     43.000     3.1198     3.1192    -0.0006    0.76355    0.76291          1       9.95     0.0134  6.560e-14  1.000e-12  1.524e+03     7.4256     7.4190    -0.0066     5.9188     5.9135     42.605     43.540      0.350    1427.96    1427.95  0.000e+00
       4291     43.500     3.1210     3.1214     0.0004    0.76361    0.76301          1       9.95     0.0134  6.478e-14  1.000e-12  1.544e+03     7.4258     7.4194    -0.0064     5.9190     5.9139     43.101     44.046      0.532    1427.97    1427.97  0.000e+00
       4314     44.000     3.1220     3.1230     0.0010    0.76365    0.76308          1       9.95     0.0134  6.379e-14  1.000e-12  1.568e+03     7.4260     7.4198    -0.0062     5.9191     5.9141     43.596     44.552      0.424    1427.98    1427.98  0.000e+00
       4390     44.500     3.1264     3.1270     0.0006    0.76384    0.76325          1       9.95     0.0140  6.195e-14  1.000e-12  1.614e+03     7.4269     7.4205    -0.0063     5.9198     5.9147     44.091     45.059      0.251    1428.01    1428.01  0.000e+00
       4442     45.000     3.1313     3.1310    -0.0003    0.76405    0.76340          1       9.95     0.0142  6.098e-14  1.000e-12  1.640e+03     7.4279     7.4212    -0.0067     5.9205     5.9152     44.587     45.565      0.300    1428.04    1428.04  0.000e+00
       4486     45.500     3.1391     3.1548     0.0156    0.76454    0.76429          1       9.95     0.0134  6.013e-14  1.000e-12  1.663e+03     7.4311     7.4249    -0.0062     5.9230     5.9178     45.082     46.071      0.257    1428.09    1428.16  0.000e+00
       4533     46.000     3.2157     3.2576     0.0421    0.76815    0.76898          1       9.95     0.0139  5.977e-14  1.000e-12  1.673e+03     7.4509     7.4499    -0.0010     5.9379     5.9365     45.577     46.577      0.251    1428.48    1428.67  0.000e+00
       4578     46.500     3.2631     3.2942     0.0312    0.77043    0.77076          1       9.95     0.0141  5.925e-14  1.000e-12  1.688e+03     7.4636     7.4599    -0.0038     5.9474     5.9440     46.073     47.084      0.319    1428.72    1428.86  0.000e+00
       4611     47.000     3.3556     3.4074     0.0514    0.77525    0.77568          1       9.95     0.0137  5.888e-14  1.000e-12  1.698e+03     7.4923     7.4847    -0.0076     5.9689     5.9620     46.568     47.590      0.352    1429.19    1429.42  0.000e+00
       4654     47.500     3.4599     3.4817     0.0221    0.78026    0.78046          1       9.95     0.0140  5.833e-14  1.000e-12  1.714e+03     7.5200     7.5170    -0.0030     5.9893     5.9865     47.063     48.096      0.227    1429.71    1429.80  0.000e+00
       4709     48.000     3.4739     3.4980     0.0242    0.78108    0.78110          1       9.95     0.0147  5.747e-14  1.000e-12  1.740e+03     7.5251     7.5197    -0.0054     5.9931     5.9884     47.559     48.602      0.256    1429.79    1429.89  0.000e+00
       4756     48.500     3.5384     3.6096     0.0712    0.78578    0.78923          1       9.95     0.0141  5.686e-14  1.000e-12  1.759e+03     7.5586     7.5777     0.0190     6.0187     6.0325     48.054     49.109      0.251    1430.13    1430.48  0.000e+00
       4801     49.000     3.5968     3.6333     0.0366    0.79034    0.79204          1       9.95     0.0137  5.671e-14  1.000e-12  1.764e+03     7.5919     7.6010     0.0090     6.0441     6.0506     48.549     49.615      0.300    1430.45    1430.62  0.000e+00
       4841     49.500     3.6345     3.6525     0.0179    0.79335    0.79344          1       9.95     0.0142  5.649e-14  1.000e-12  1.770e+03     7.6141     7.6109    -0.0032     6.0610     6.0581     49.045     50.121      0.254    1430.66    1430.73  0.000e+00
       4893     50.000     3.6564     3.6955     0.0391    0.79494    0.79623          1       9.95     0.0145  5.633e-14  1.000e-12  1.776e+03     7.6253     7.6294     0.0041     6.0695     6.0720     49.540     50.627      0.290    1430.78    1430.96  0.000e+00
       4925     50.500     3.6871     3.7066     0.0195    0.79691    0.79660          1       9.82     0.0143  5.641e-14  1.000e-12  1.773e+03     7.6383     7.6305    -0.0078     6.0793     6.0726     50.035     51.133      0.391    1430.94    1431.02  0.000e+00
       4985     51.000     3.7258     3.7311     0.0053    0.79879    0.79820          1       9.32     0.0145  5.627e-14  1.000e-12  1.777e+03     7.6485     7.6412    -0.0073     6.0866     6.0806     50.531     51.640      0.263    1431.14    1431.15  0.000e+00
       5045     51.500     3.7354     3.7356     0.0001    0.79935    0.79819          1       8.80     0.0145  5.598e-14  1.000e-12  1.786e+03     7.6520     7.6400    -0.0119     6.0891     6.0796     51.026     52.146      0.413    1431.19    1431.18  0.000e+00
       5078     52.000     3.7622     3.7675     0.0054    0.80071    0.80005          1       8.19     0.0142  5.565e-14  1.000e-12  1.797e+03     7.6596     7.6515    -0.0080     6.0946     6.0881     51.521     52.652      0.283    1431.33    1431.35  0.000e+00
       5130     52.500     3.7747     3.7774     0.0027    0.80136    0.80065          1       7.74     0.0144  5.493e-14  1.000e-12  1.820e+03     7.6633     7.6553    -0.0079     6.0972     6.0909     52.017     53.158      0.270    1431.40    1431.40  0.000e+00
       5209     53.000     3.7998     3.8077     0.0080    0.80272    0.80215          1       7.17     0.0140  5.444e-14  1.000e-12  1.837e+03     7.6712     7.6635    -0.0077     6.1030     6.0967     52.512     53.664      0.351    1431.53    1431.56  0.000e+00
       5238     53.500     3.8276     3.8478     0.0202    0.80465    0.80430          1       6.72     0.0140  5.438e-14  1.000e-12  1.839e+03     7.6844     7.6761    -0.0083     6.1129     6.1058     53.007     54.171      0.676    1431.68    1431.76  0.000e+00
       5254     54.000     3.8603     3.9005     0.0402    0.80725    0.80815          1       6.18     0.0140  5.441e-14  1.000e-12  1.838e+03     7.7033     7.7031    -0.0002     6.1271     6.1260     53.503     54.677      0.611    1431.86    1432.04  0.000e+00
       5322     54.500     3.9236     3.9640     0.0408    0.81257    0.81315          1       5.61     0.0145  5.403e-14  1.000e-12  1.851e+03     7.7428     7.7391    -0.0036     6.1570     6.1531     53.998     55.183      0.502    1432.21    1432.38  0.000e+00
       5382     55.000     4.0023     4.1330     0.1307    0.81966    0.82602          1       5.13     0.0143  5.365e-14  1.000e-12  1.864e+03     7.7965     7.8302     0.0336     6.1977     6.2209     54.493     55.689      0.762    1432.64    1433.27  0.000e+00
       5398     55.500     4.1246     4.5590     0.4347    0.83429    0.86679          1       4.53     0.0136  5.374e-14  1.000e-12  1.861e+03     7.9164     8.1395     0.2231     6.2896     6.4524     54.989     56.195      0.592    1433.35    1435.57  0.000e+00
       5477     56.000     5.1246     5.4879     0.3634    0.97039    0.99205          1       6.39     0.0146  5.373e-14  1.000e-12  1.861e+03     9.0304     9.1538     0.1233     7.1323     7.2143     55.484     56.701      0.358    1439.19    1440.94  0.000e+00
       5529     56.500     5.7734     5.8390     0.0658    1.05636    1.05697          1       4.01     0.0158  5.358e-14  1.000e-12  1.866e+03     9.7133     9.7008    -0.0125     7.6404     7.6269     55.979     57.207      0.434    1442.88    1443.15  0.000e+00
       5561     57.000     5.8973     5.9607     0.0639    1.07423    1.07462          1       3.37     0.0161  5.373e-14  1.000e-12  1.861e+03     9.8545     9.8400    -0.0145     7.7446     7.7294     56.475     57.712      0.309    1443.60    1443.85  0.000e+00
       5683     57.500     6.2677     6.4346     0.1652    1.12355    1.12481          1       2.97     0.0163  5.360e-14  1.000e-12  1.866e+03    10.2317    10.1941    -0.0376     8.0185     7.9778     56.970     58.217      0.527    1445.66    1446.32  0.000e+00
       5737     58.000     6.7388     7.2132     0.4736    1.19063    1.31242          1       3.19     0.0177  5.378e-14  1.000e-12  1.860e+03    10.7428    11.7681     1.0254     8.3870     9.1527     57.465     58.722      0.024    1448.29    1451.52  0.000e+00
