ctdpy/tests/etc/all_smhi_bas_2018/SBE09_1044_20180126_0728_34_02_0013.cnv
* Sea-Bird SBE 9 Data File:
* FileName = C:\ctd\temp\2018\ME18D013.hex
* Software Version Seasave V 7.26.6.26
* Temperature SN = 5351
* Conductivity SN = 3941
* Number of Bytes Per Scan = 41
* Number of Voltage Words = 4
* Number of Scans Averaged by the Deck Unit = 1
* NMEA Latitude = 55 00.96 N
* NMEA Longitude = 013 18.04 E
* NMEA UTC (Time) = Jan 26 2018  07:29:13
* NMEA baud rate = 4800
** Station:  BY1
** Operator:  JKro
** Ship: MERI
** Average sound velocity: 1401.03 m/s
** True-depth calculation Sat, 27 Jan 2018 21:54:36 +0000
** CTD Python Module SMHI /ver 3-12/ feb 2012 
** LIMS Job: 20183402-0013
** Cruise: SMHI-01-2018
** Latitude [GG MM.mm N] :
** Longitude [GG MM.mm E]:
# nquan = 26
# nvalues = 84                          
# units = specified
# name 0 = scan: Scan Count
# name 1 = prDM: Pressure, Digiquartz [db]
# name 2 = t090C: Temperature [ITS-90, deg C]
# name 3 = t190C: Temperature, 2 [ITS-90, deg C]
# name 4 = T2-T190C: Temperature Difference, 2 - 1 [ITS-90, deg C]
# name 5 = c0S/m: Conductivity [S/m]
# name 6 = c1S/m: Conductivity, 2 [S/m]
# name 7 = pumps: Pump Status
# name 8 = sbeox0ML/L: Oxygen, SBE 43 [ml/l]
# name 9 = sbeox1ML/L: Oxygen, SBE 43, 2 [ml/l]
# name 10 = altM: Altimeter [m]
# name 11 = flECO-AFL: Chl-a Fluorescence, WET Labs ECO-AFL/FL [mg/m^3]
# name 12 = flECO-AFL1: Phycocyanin Fluorescence, WET Labs ECO-AFL/FL, 2 [mg/m^3]
# name 13 = par: PAR/Irradiance, Biospherical/Lico [µE/(cm^2*s)]
# name 14 = turbWETntu0: Turbidity, WET Labs ECO [NTU]
# name 15 = sal00: Salinity, Practical [PSU]
# name 16 = sal11: Salinity, Practical, 2 [PSU]
# name 17 = secS-priS: Salinity, Practical, Difference, 2 - 1 [PSU]
# name 18 = sigma-t00: Density [sigma-t, Kg/m^3 ]
# name 19 = sigma-t11: Density, 2 [sigma-t, Kg/m^3 ]
# name 20 = depSM: Depth [salt water, m], lat = 55.016
# name 21 = depFM: Depth [true depth, m], lat = 55.016
# name 22 = dz/dtM: Descent Rate [m/s], WS = 2
# name 23 = svCM: Sound Velocity [Chen-Millero, m/s]
# name 24 = svCM1: Sound Velocity, 2 [Chen-Millero, m/s]
# name 25 = flag: flag
# span 0 =      10117,      15042       
# span 1 =      1.000,     42.500       
# span 2 =     4.4186,     9.1388       
# span 3 =     4.4194,     9.1208       
# span 4 =    -0.2934,     0.3564       
# span 5 =   0.834760,   1.678755       
# span 6 =   0.834793,   1.668635       
# span 7 =          1,          1       
# span 8 =    3.72197,    8.21514       
# span 9 =    3.62834,    8.21898       
# span 10 =       2.38,      42.09      
# span 11 =     0.3046,     0.9817      
# span 12 =     0.2842,     0.4101      
# span 13 = 1.0000e-12, 7.1934e+01      
# span 14 =     0.1936,     0.7423      
# span 15 =     7.8478,    14.5629      
# span 16 =     7.8486,    14.4747      
# span 17 =    -0.0883,     0.2715      
# span 18 =     6.2116,    11.1482      
# span 19 =     6.2245,    11.0815      
# span 20 =      0.991,     42.104      
# span 21 =     -0.000,     43.005      
# span 22 =     -0.268,      0.356      
# span 23 =    1433.92,    1462.44      
# span 24 =    1433.92,    1462.26      
# span 25 = 0.0000e+00, 0.0000e+00      
# interval = decibars: 0.5              
# start_time = Jan 26 2018 07:29:13 [NMEA time, first data scan]
# bad_flag = -9.990e-29
*END*
      10117      1.000     4.8377     4.5418    -0.2934    0.84365    0.83690          1     8.1889     8.1641      42.09     0.9770     0.2901  7.193e+01  0.1979000     7.8483     7.8507     0.0024     6.2116     6.2245      0.991      1.012      0.237    1435.57    1434.27  0.000e+00
      10157      1.500     4.4858     4.4696    -0.0165    0.83529    0.83499          1     8.2135     8.1967      41.95     0.9576     0.3603  2.709e+01  0.2023000     7.8478     7.8486     0.0008     6.2240     6.2253      1.486      1.518      0.285    1434.02    1433.95  0.000e+00
      10198      2.000     4.4605     4.4606     0.0001    0.83476    0.83481          1     8.2091     8.2140      41.35     0.9439     0.3358  1.847e+01  0.2073000     7.8484     7.8488     0.0004     6.2254     6.2258      1.982      2.024      0.343    1433.92    1433.92  0.000e+00
      10232      2.500     4.4611     4.4612     0.0001    0.83479    0.83482          1     8.2055     8.2190      40.78     0.9543     0.3347  1.526e+01  0.2045000     7.8484     7.8487     0.0003     6.2254     6.2256      2.477      2.531      0.320    1433.93    1433.93  0.000e+00
      10274      3.000     4.4609     4.4598    -0.0010    0.83481    0.83480          1     8.2129     8.2123      40.12     0.9563     0.3772  1.291e+01  0.2082000     7.8486     7.8487     0.0001     6.2256     6.2257      2.973      3.037      0.270    1433.94    1433.93  0.000e+00
      10318      3.500     4.4589     4.4600     0.0011    0.83476    0.83479          1     8.2129     8.2141      39.65     0.9817     0.3777  1.132e+01  0.1936000     7.8485     7.8486     0.0001     6.2256     6.2256      3.468      3.543      0.292    1433.93    1433.94  0.000e+00
      10356      4.000     4.4603     4.4623     0.0020    0.83492    0.83512          1     8.2151     8.2084      39.13     0.9444     0.3453  9.595e+00  0.1993000     7.8497     7.8512     0.0015     6.2265     6.2276      3.964      4.049      0.325    1433.95    1433.96  0.000e+00
      10395      4.500     4.4638     4.4648     0.0010    0.83549    0.83553          1     8.2078     8.2099      38.62     0.9417     0.3504  8.309e+00  0.2029000     7.8546     7.8547     0.0001     6.2303     6.2303      4.459      4.555      0.293    1433.98    1433.98  0.000e+00
      10435      5.000     4.4670     4.4685     0.0015    0.83592    0.83592          1     8.2067     8.2046      38.09     0.9469     0.4061  7.331e+00  0.2008000     7.8581     7.8578    -0.0003     6.2329     6.2326      4.955      5.061      0.312    1434.01    1434.01  0.000e+00
      10472      5.500     4.4699     4.4711     0.0012    0.83604    0.83605          1     8.1928     8.2096      37.63     0.9393     0.4028  6.280e+00  0.2031000     7.8586     7.8583    -0.0002     6.2332     6.2330      5.450      5.567      0.345    1434.03    1434.03  0.000e+00
      10506      6.000     4.4713     4.4715     0.0003    0.83615    0.83612          1     8.2051     8.2047      37.17     0.9164     0.3407  5.488e+00  0.1995000     7.8593     7.8589    -0.0003     6.2337     6.2334      5.946      6.073      0.339    1434.04    1434.04  0.000e+00
      10543      6.500     4.4665     4.4662    -0.0003    0.83605    0.83617          1     8.2123     8.2012      36.66     0.9281     0.3402  4.847e+00  0.2052000     7.8593     7.8606     0.0013     6.2339     6.2349      6.441      6.580      0.323    1434.03    1434.03  0.000e+00
      10580      7.000     4.4611     4.4611    -0.0000    0.83649    0.83645          1     8.2117     8.1890      36.27     0.9025     0.3397  4.268e+00  0.1970000     7.8649     7.8646    -0.0003     6.2386     6.2383      6.937      7.086      0.333    1434.02    1434.02  0.000e+00
      10615      7.500     4.4602     4.4608     0.0007    0.83663    0.83659          1     8.1909     8.1883      35.81     0.8925     0.3585  3.746e+00  0.2083000     7.8665     7.8660    -0.0005     6.2398     6.2394      7.432      7.592      0.346    1434.03    1434.03  0.000e+00
      10650      8.000     4.4594     4.4605     0.0011    0.83671    0.83668          1     8.1980     8.1947      35.35     0.8938     0.4055  3.340e+00  0.2069000     7.8674     7.8670    -0.0005     6.2406     6.2402      7.928      8.098      0.339    1434.03    1434.04  0.000e+00
      10686      8.500     4.4614     4.4625     0.0011    0.83686    0.83685          1     8.1901     8.1926      34.84     0.8826     0.3469  2.963e+00  0.2054000     7.8684     7.8681    -0.0003     6.2413     6.2410      8.423      8.604      0.330    1434.05    1434.05  0.000e+00
      10722      9.000     4.4620     4.4629     0.0009    0.83691    0.83688          1     8.1800     8.1849      34.41     0.8916     0.3705  2.643e+00  0.2024000     7.8687     7.8682    -0.0005     6.2415     6.2411      8.919      9.110      0.324    1434.06    1434.06  0.000e+00
      10759      9.500     4.4753     4.4762     0.0009    0.83931    0.83937          1     8.1689     8.1842      33.87     0.8819     0.3833  2.343e+00  0.2009000     7.8897     7.8901     0.0004     6.2577     6.2580      9.414      9.616      0.344    1434.15    1434.16  0.000e+00
      10793     10.000     4.4952     4.4956     0.0005    0.84584    0.84555          1     8.1589     8.1534      33.34     0.8546     0.3796  2.104e+00  0.2069000     7.9509     7.9479    -0.0030     6.3056     6.3032      9.910     10.122      0.346    1434.33    1434.33  0.000e+00
      10829     10.500     4.4998     4.5006     0.0009    0.84906    0.84896          1     8.1495     8.1450      32.99     0.8360     0.3493  1.881e+00  0.1965000     7.9822     7.9811    -0.0011     6.3302     6.3293     10.405     10.628      0.330    1434.40    1434.40  0.000e+00
      10865     11.000     4.5035     4.5042     0.0007    0.85050    0.85046          1     8.1534     8.1354      32.57     0.8136     0.4091  1.679e+00  0.2194000     7.9958     7.9953    -0.0005     6.3409     6.3404     10.901     11.134      0.335    1434.44    1434.44  0.000e+00
      10901     11.500     4.5034     4.5043     0.0009    0.85095    0.85095          1     8.1803     8.1322      31.95     0.8158     0.4029  1.499e+00  0.2159000     8.0004     8.0001    -0.0003     6.3445     6.3443     11.396     11.640      0.335    1434.45    1434.46  0.000e+00
      10936     12.000     4.5043     4.5047     0.0004    0.85167    0.85167          1     8.1785     8.1351      31.49     0.8287     0.3751  1.340e+00  0.2229000     8.0074     8.0072    -0.0002     6.3500     6.3499     11.891     12.147      0.336    1434.47    1434.47  0.000e+00
      10972     12.500     4.5033     4.5041     0.0008    0.85200    0.85192          1     8.1791     8.1395      31.11     0.8184     0.3218  1.199e+00  0.2236000     8.0109     8.0098    -0.0010     6.3528     6.3520     12.387     12.653      0.336    1434.48    1434.48  0.000e+00
      11008     13.000     4.5017     4.5023     0.0006    0.85236    0.85241          1     8.1750     8.1348      30.72     0.8346     0.3370  1.079e+00  0.2379000     8.0148     8.0152     0.0003     6.3560     6.3563     12.882     13.159      0.329    1434.49    1434.49  0.000e+00
      11045     13.500     4.4977     4.4985     0.0008    0.85322    0.85316          1     8.1825     8.1328      30.21     0.8547     0.3390  9.798e-01  0.2445000     8.0244     8.0236    -0.0008     6.3638     6.3631     13.378     13.665      0.334    1434.49    1434.49  0.000e+00
      11080     14.000     4.4960     4.4968     0.0008    0.85389    0.85388          1     8.1773     8.1343      29.77     0.8617     0.3600  8.687e-01  0.2492000     8.0316     8.0313    -0.0003     6.3695     6.3692     13.873     14.171      0.344    1434.50    1434.50  0.000e+00
      11115     14.500     4.4967     4.4975     0.0008    0.85519    0.85514          1     8.1781     8.1452      29.22     0.8344     0.3604  7.913e-01  0.2515000     8.0444     8.0437    -0.0007     6.3797     6.3791     14.369     14.677      0.334    1434.53    1434.53  0.000e+00
      11152     15.000     4.5022     4.5030     0.0007    0.85797    0.85791          1     8.1842     8.1565      28.74     0.8381     0.4026  6.995e-01  0.2624000     8.0712     8.0703    -0.0008     6.4007     6.4000     14.864     15.183      0.324    1434.59    1434.60  0.000e+00
      11188     15.500     4.5076     4.5085     0.0009    0.86005    0.85999          1     8.1821     8.1454      28.22     0.8292     0.3701  6.363e-01  0.2561000     8.0908     8.0899    -0.0008     6.4160     6.4154     15.360     15.689      0.341    1434.65    1434.65  0.000e+00
      11223     16.000     4.5136     4.5148     0.0012    0.86209    0.86206          1     8.1742     8.1387      27.82     0.8404     0.3765  5.746e-01  0.2587000     8.1099     8.1093    -0.0006     6.4310     6.4305     15.855     16.195      0.346    1434.71    1434.71  0.000e+00
      11258     16.500     4.5149     4.5154     0.0005    0.86495    0.86487          1     8.1814     8.1376      27.72     0.8267     0.3521  5.112e-01  0.2857000     8.1384     8.1375    -0.0009     6.4535     6.4528     16.351     16.701      0.328    1434.76    1434.76  0.000e+00
      11295     17.000     4.4898     4.4897    -0.0001    0.87049    0.87049          1     8.1837     8.1343      27.81     0.8189     0.3747  4.586e-01  0.3012000     8.2007     8.2007     0.0000     6.5038     6.5038     16.846     17.207      0.331    1434.74    1434.73  0.000e+00
      11330     17.500     4.4733     4.4736     0.0004    0.87229    0.87224          1     8.1874     8.1315      27.50     0.7614     0.3881  4.081e-01  0.3191000     8.2230     8.2224    -0.0006     6.5220     6.5215     17.341     17.713      0.352    1434.70    1434.70  0.000e+00
      11364     18.000     4.4594     4.4603     0.0009    0.87327    0.87322          1     8.1894     8.1268      26.94     0.7789     0.3507  3.559e-01  0.3241000     8.2363     8.2355    -0.0008     6.5331     6.5324     17.837     18.219      0.352    1434.66    1434.66  0.000e+00
      11399     18.500     4.4549     4.4558     0.0009    0.87369    0.87365          1     8.1756     8.1442      26.39     0.7725     0.3661  3.152e-01  0.3389000     8.2416     8.2409    -0.0006     6.5374     6.5369     18.332     18.725      0.334    1434.66    1434.66  0.000e+00
      11435     19.000     4.4464     4.4468     0.0005    0.87407    0.87403          1     8.1765     8.1543      25.92     0.7583     0.3900  2.835e-01  0.3399000     8.2475     8.2470    -0.0006     6.5424     6.5419     18.828     19.231      0.337    1434.63    1434.63  0.000e+00
      11470     19.500     4.4358     4.4369     0.0011    0.87479    0.87475          1     8.1960     8.1458      25.45     0.7486     0.3665  2.527e-01  0.3338000     8.2574     8.2567    -0.0008     6.5506     6.5500     19.323     19.737      0.356    1434.61    1434.61  0.000e+00
      11503     20.000     4.4293     4.4301     0.0008    0.87540    0.87536          1     8.1809     8.1484      24.89     0.7483     0.3661  2.198e-01  0.3534000     8.2652     8.2646    -0.0006     6.5570     6.5565     19.819     20.243      0.349    1434.60    1434.60  0.000e+00
      11539     20.500     4.4253     4.4263     0.0010    0.87561    0.87558          1     8.1813     8.1472      24.32     0.7599     0.3971  1.894e-01  0.3713000     8.2682     8.2676    -0.0006     6.5595     6.5590     20.314     20.749      0.331    1434.59    1434.59  0.000e+00
      11575     21.000     4.4228     4.4237     0.0009    0.87569    0.87566          1     8.1785     8.1375      23.89     0.7529     0.3661  1.596e-01  0.3623000     8.2696     8.2691    -0.0005     6.5607     6.5603     20.810     21.255      0.341    1434.59    1434.59  0.000e+00
      11609     21.500     4.4219     4.4227     0.0008    0.87572    0.87570          1     8.1766     8.1472      23.45     0.7483     0.3772  1.332e-01  0.3783000     8.2701     8.2697    -0.0004     6.5611     6.5608     21.305     21.760      0.349    1434.59    1434.60  0.000e+00
      11644     22.000     4.4215     4.4223     0.0009    0.87579    0.87575          1     8.1850     8.1500      22.96     0.7526     0.3662  1.150e-01  0.3707000     8.2708     8.2701    -0.0006     6.5617     6.5611     21.800     22.266      0.343    1434.60    1434.60  0.000e+00
      11680     22.500     4.4206     4.4216     0.0010    0.87584    0.87580          1     8.1751     8.1367      22.29     0.7687     0.3586  9.515e-02  0.3742000     8.2714     8.2708    -0.0006     6.5622     6.5617     22.296     22.772      0.338    1434.61    1434.61  0.000e+00
      11715     23.000     4.4194     4.4203     0.0010    0.87585    0.87582          1     8.1751     8.1549      21.55     0.7578     0.3805  7.854e-02  0.3582000     8.2718     8.2712    -0.0006     6.5625     6.5621     22.791     23.278      0.343    1434.61    1434.61  0.000e+00
      11750     23.500     4.4190     4.4199     0.0010    0.87586    0.87583          1     8.1904     8.1585      14.92     0.7540     0.3277  5.794e-02  0.3728000     8.2719     8.2714    -0.0005     6.5627     6.5622     23.287     23.784      0.345    1434.61    1434.62  0.000e+00
      11784     24.000     4.4186     4.4194     0.0008    0.87595    0.87591          1     8.1817     8.1444       8.39     0.7519     0.3774  4.639e-02  0.3786000     8.2728     8.2723    -0.0006     6.5634     6.5629     23.782     24.290      0.344    1434.62    1434.62  0.000e+00
      11820     24.500     4.4187     4.4194     0.0007    0.87600    0.87596          1     8.1885     8.1442       8.45     0.7517     0.4101  3.525e-02  0.3716000     8.2732     8.2726    -0.0006     6.5637     6.5632     24.278     24.796      0.338    1434.63    1434.63  0.000e+00
      11855     25.000     4.4190     4.4198     0.0008    0.87604    0.87600          1     8.2010     8.1438       8.82     0.7466     0.3665  2.150e-02  0.3793000     8.2735     8.2729    -0.0006     6.5639     6.5634     24.773     25.302      0.346    1434.64    1434.64  0.000e+00
      11889     25.500     4.4190     4.4197     0.0007    0.87605    0.87601          1     8.1834     8.1500       8.65     0.7458     0.3611  1.131e-02  0.3723000     8.2735     8.2729    -0.0006     6.5639     6.5634     25.269     25.808      0.345    1434.65    1434.65  0.000e+00
      11925     26.000     4.4192     4.4199     0.0007    0.87608    0.87603          1     8.1674     8.1474       8.55     0.7399     0.3864  1.602e-03  0.3766000     8.2737     8.2730    -0.0007     6.5641     6.5635     25.764     26.314      0.339    1434.66    1434.66  0.000e+00
      11960     26.500     4.4196     4.4205     0.0009    0.87611    0.87608          1     8.1725     8.1438       8.50     0.7396     0.3403  1.923e-06  0.3928000     8.2738     8.2733    -0.0005     6.5642     6.5637     26.259     26.820      0.340    1434.67    1434.67  0.000e+00
      11995     27.000     4.4203     4.4211     0.0008    0.87615    0.87611          1     8.1806     8.1496       8.62     0.7442     0.3491  2.260e-12  0.3695000     8.2740     8.2734    -0.0006     6.5642     6.5638     26.755     27.326      0.348    1434.68    1434.68  0.000e+00
      12029     27.500     4.4208     4.4215     0.0007    0.87618    0.87614          1     8.1858     8.1363       8.26     0.7294     0.3765  1.000e-12  0.3906000     8.2741     8.2735    -0.0006     6.5643     6.5638     27.250     27.832      0.344    1434.69    1434.69  0.000e+00
      12065     28.000     4.4206     4.4217     0.0010    0.87618    0.87616          1     8.1825     8.1451       8.01     0.7448     0.3450  1.000e-12  0.3707000     8.2741     8.2736    -0.0005     6.5643     6.5639     27.746     28.338      0.334    1434.70    1434.70  0.000e+00
