ctdpy/tests/etc/all_smhi_bas_2018/SBE09_0827_20181006_0434_26_01_1023.cnv
* Sea-Bird SBE 9 Data File:
* FileName = D:\CTD_SBE911\DAT\26DA.2018.10.23.hex
* Software Version Seasave V 7.21d
* Temperature SN = 4548
* Conductivity SN = 3062
* Number of Bytes Per Scan = 48
* Number of Voltage Words = 5
* Number of Scans Averaged by the Deck Unit = 1
* NMEA Latitude = 57 16.51 N
* NMEA Longitude = 017 32.14 E
* NMEA UTC (Time) = Oct 06 2018  04:36:38
* NMEA baud rate = 4800
** Ship: DANA
** Average sound velocity: 1451.73 m/s
** True-depth calculation Thu, 28 Mar 2019 12:18:34 +0000
** CTD Python Module SMHI /ver 3-12/ feb 2012 
** LIMS Job: 20182601-1023
** Operator: Christian
** Cruise: 10/2018
# nquan = 26
# nvalues = 160                         
# units = specified
# name 0 = scan: Scan Count
# name 1 = prDM: Pressure, Digiquartz [db]
# name 2 = t090C: Temperature [ITS-90, deg C]
# name 3 = t190C: Temperature, 2 [ITS-90, deg C]
# name 4 = T2-T190C: Temperature Difference, 2 - 1 [ITS-90, deg C]
# name 5 = c0S/m: Conductivity [S/m]
# name 6 = c1S/m: Conductivity, 2 [S/m]
# name 7 = pumps: Pump Status
# name 8 = sbeox1ML/L: Oxygen, SBE 43, 2 [ml/l]
# name 9 = sbeox0ML/L: Oxygen, SBE 43 [ml/l]
# name 10 = altM: Altimeter [m]
# name 11 = chloroflTC0: Chlorophyll, Turner Cyclops [ug/l]
# name 12 = cpar: CPAR/Corrected Irradiance [%]
# name 13 = par: PAR/Irradiance, Biospherical/Lico [µE/(cm^2*s)]
# name 14 = spar: SPAR, Biospherical/Licor
# name 15 = sal00: Salinity, Practical [PSU]
# name 16 = sal11: Salinity, Practical, 2 [PSU]
# name 17 = secS-priS: Salinity, Practical, Difference, 2 - 1 [PSU]
# name 18 = sigma-t00: Density [sigma-t, kg/m^3 ]
# name 19 = sigma-t11: Density, 2 [sigma-t, kg/m^3 ]
# name 20 = depSM: Depth [salt water, m], lat = 57.2752
# name 21 = depFM: Depth [true depth, m], lat = 57.2752
# name 22 = dz/dtM: Descent Rate [m/s], WS = 2
# name 23 = svCM: Sound Velocity [Chen-Millero, m/s]
# name 24 = svCM1: Sound Velocity, 2 [Chen-Millero, m/s]
# name 25 = flag: flag
# span 0 =         -3,       9072       
# span 1 =      1.000,     80.500       
# span 2 =     4.1253,    12.6165       
# span 3 =     4.1107,    12.6167       
# span 4 =    -0.4429,     0.0493       
# span 5 =   0.790241,   1.127116       
# span 6 =   0.790020,   1.127115       
# span 7 =          1,          1       
# span 8 =     0.0460,     7.2496       
# span 9 =     0.0535,     6.7998       
# span 10 =       0.74,       9.97      
# span 11 =     0.0159,     0.0280      
# span 12 = 4.9241e-11, 4.9241e-11      
# span 13 = 1.0000e-12, 1.0000e-12      
# span 14 = 2.0308e+00, 2.0308e+00      
# span 15 =     6.8592,    10.4447      
# span 16 =     6.8595,    10.4445      
# span 17 =    -0.0002,     0.0622      
# span 18 =     4.7393,     8.2231      
# span 19 =     4.7395,     8.2229      
# span 20 =      0.991,     79.743      
# span 21 =      1.014,     81.510      
# span 22 =     -0.175,      0.524      
# span 23 =    1432.78,    1466.09      
# span 24 =    1432.65,    1466.09      
# span 25 = 0.0000e+00, 0.0000e+00      
# interval = decibars: 0.5              
# start_time = Oct 06 2018 04:36:38 [NMEA time, first data scan]
# bad_flag = -9.990e-29
*END*
[from data line 112]
       5327     57.000     4.3734     4.3857     0.0123    0.88999    0.89201          1     3.6398     3.5405       9.97     0.0160  4.924e-11  1.000e-12  2.031e+00     8.4222     8.4396     0.0174     6.6834     6.6967     56.467     57.759      0.343    1435.13    1435.21  0.000e+00
       5370     57.500     4.4034     4.4177     0.0143    0.89557    0.89844          1     3.4202     3.3018       9.97     0.0161  4.924e-11  1.000e-12  2.031e+00     8.4712     8.4967     0.0255     6.7212     6.7409     56.963     58.264      0.239    1435.34    1435.44  0.000e+00
       5419     58.000     4.4766     4.5078     0.0311    0.90986    0.91448          1     3.0812     3.0289       9.97     0.0159  4.924e-11  1.000e-12  2.031e+00     8.5976     8.6365     0.0389     6.8189     6.8486     57.458     58.770      0.284    1435.83    1436.02  0.000e+00
       5462     58.500     4.5608     4.5806     0.0199    0.92552    0.92909          1     2.6077     2.6256       9.97     0.0160  4.924e-11  1.000e-12  2.031e+00     8.7346     8.7656     0.0311     6.9244     6.9483     57.953     59.276      0.240    1436.39    1436.52  0.000e+00
       5518     59.000     4.6220     4.6407     0.0186    0.93849    0.94148          1     2.1847     2.2039       9.97     0.0161  4.924e-11  1.000e-12  2.031e+00     8.8500     8.8754     0.0254     7.0135     7.0329     58.448     59.782      0.241    1436.82    1436.93  0.000e+00
       5560     59.500     4.6860     4.7001     0.0141    0.95103    0.95287          1     1.8868     1.9281       9.97     0.0164  4.924e-11  1.000e-12  2.031e+00     8.9600     8.9749     0.0149     7.0981     7.1093     58.944     60.287      0.286    1437.25    1437.33  0.000e+00
       5604     60.000     4.7038     4.7124     0.0086    0.95413    0.95533          1     1.7560     1.7474       9.97     0.0163  4.924e-11  1.000e-12  2.031e+00     8.9865     8.9964     0.0099     7.1185     7.1259     59.439     60.793      0.286    1437.37    1437.42  0.000e+00
       5641     60.500     4.7241     4.7315     0.0074    0.95815    0.95901          1     1.6883     1.6681       9.97     0.0165  4.924e-11  1.000e-12  2.031e+00     9.0218     9.0285     0.0068     7.1455     7.1506     59.934     61.299      0.341    1437.51    1437.55  0.000e+00
       5680     61.000     4.7339     4.7432     0.0094    0.95950    0.96081          1     1.6610     1.6016       9.97     0.0164  4.924e-11  1.000e-12  2.031e+00     9.0327     9.0435     0.0107     7.1538     7.1619     60.429     61.804      0.248    1437.57    1437.63  0.000e+00
       5740     61.500     4.7639     4.7793     0.0155    0.96469    0.96675          1     1.5628     1.4947       9.97     0.0169  4.924e-11  1.000e-12  2.031e+00     9.0771     9.0937     0.0166     7.1877     7.2002     60.925     62.310      0.233    1437.77    1437.86  0.000e+00
       5781     62.000     4.8167     4.8397     0.0229    0.97438    0.97764          1     1.3511     1.3479       9.97     0.0165  4.924e-11  1.000e-12  2.031e+00     9.1606     9.1873     0.0267     7.2516     7.2718     61.420     62.816      0.302    1438.12    1438.25  0.000e+00
       5830     62.500     4.8945     4.9245     0.0302    0.98873    0.99357          1     1.0662     1.0564       9.97     0.0168  4.924e-11  1.000e-12  2.031e+00     9.2843     9.3248     0.0405     7.3462     7.3769     61.915     63.321      0.217    1438.63    1438.81  0.000e+00
       5879     63.000     4.9502     4.9633     0.0130    0.99848    0.99980          1     0.8774     0.8776       9.97     0.0166  4.924e-11  1.000e-12  2.031e+00     9.3671     9.3769     0.0097     7.4092     7.4164     62.410     63.827      0.315    1438.98    1439.05  0.000e+00
       5916     63.500     4.9838     5.0012     0.0174    1.00375    1.00589          1     0.7867     0.7940       9.97     0.0170  4.924e-11  1.000e-12  2.031e+00     9.4109     9.4276     0.0167     7.4423     7.4548     62.906     64.332      0.295    1439.19    1439.29  0.000e+00
       5962     64.000     5.0736     5.1228     0.0493    1.01949    1.02705          1     0.5754     0.6021       9.97     0.0170  4.924e-11  1.000e-12  2.031e+00     9.5443     9.6064     0.0622     7.5436     7.5904     63.401     64.838      0.265    1439.76    1440.06  0.000e+00
       6002     64.500     5.1533     5.1809     0.0275    1.03381    1.03703          1     0.4003     0.4270       9.97     0.0168  4.924e-11  1.000e-12  2.031e+00     9.6657     9.6901     0.0244     7.6358     7.6538     63.896     65.343      0.284    1440.27    1440.42  0.000e+00
       6059     65.000     5.2101     5.2346     0.0244    1.04295    1.04625          1     0.3105     0.3087       9.97     0.0167  4.924e-11  1.000e-12  2.031e+00     9.7412     9.7673     0.0260     7.6927     7.7121     64.391     65.849      0.211    1440.62    1440.76  0.000e+00
       6108     65.500     5.2484     5.2658     0.0174    1.04962    1.05132          1     0.2516     0.2476       9.97     0.0170  4.924e-11  1.000e-12  2.031e+00     9.7971     9.8091     0.0120     7.7350     7.7436     64.887     66.354      0.332    1440.87    1440.96  0.000e+00
       6144     66.000     5.2848     5.3031     0.0183    1.05532    1.05786          1     0.1897     0.1939       9.97     0.0170  4.924e-11  1.000e-12  2.031e+00     9.8437     9.8639     0.0202     7.7700     7.7849     65.382     66.859      0.266    1441.09    1441.20  0.000e+00
       6205     66.500     5.3097     5.3241     0.0143    1.06011    1.06204          1     0.1446     0.1286       9.97     0.0170  4.924e-11  1.000e-12  2.031e+00     9.8845     9.8997     0.0151     7.8009     7.8121     65.877     67.365      0.283    1441.26    1441.34  0.000e+00
       6238     67.000     5.3364     5.3515     0.0151    1.06499    1.06667          1     0.1302     0.1171       9.97     0.0171  4.924e-11  1.000e-12  2.031e+00     9.9256     9.9381     0.0124     7.8320     7.8410     66.372     67.870      0.399    1441.44    1441.52  0.000e+00
       6272     67.500     5.3669     5.3867     0.0198    1.07008    1.07295          1     0.1334     0.1148       9.97     0.0171  4.924e-11  1.000e-12  2.031e+00     9.9676     9.9906     0.0229     7.8636     7.8806     66.868     68.375      0.260    1441.63    1441.74  0.000e+00
       6340     68.000     5.4133     5.4291     0.0158    1.07922    1.08130          1     0.1284     0.1092       9.97     0.0172  4.924e-11  1.000e-12  2.031e+00    10.0456    10.0617     0.0161     7.9226     7.9345     67.363     68.881      0.265    1441.94    1442.03  0.000e+00
       6377     68.500     5.4474     5.4589     0.0115    1.08557    1.08693          1     0.1298     0.1052       9.97     0.0171  4.924e-11  1.000e-12  2.031e+00    10.0990    10.1092     0.0102     7.9630     7.9704     67.858     69.386      0.296    1442.16    1442.22  0.000e+00
       6431     69.000     5.4709     5.4905     0.0197    1.08978    1.09293          1     0.1210     0.1015       9.97     0.0171  4.924e-11  1.000e-12  2.031e+00    10.1341    10.1598     0.0257     7.9894     8.0086     68.353     69.891      0.216    1442.31    1442.43  0.000e+00
       6475     69.500     5.4975     5.5041     0.0066    1.09474    1.09524          1     0.1189     0.0985       9.97     0.0172  4.924e-11  1.000e-12  2.031e+00    10.1757    10.1787     0.0030     8.0208     8.0228     68.849     70.396      0.337    1442.49    1442.52  0.000e+00
       6512     70.000     5.5037     5.5088     0.0051    1.09556    1.09600          1     0.1139     0.0954       9.97     0.0171  4.924e-11  1.000e-12  2.031e+00    10.1821    10.1848     0.0028     8.0255     8.0274     69.344     70.902      0.271    1442.53    1442.56  0.000e+00
       6566     70.500     5.5153     5.5253     0.0100    1.09759    1.09895          1     0.1097     0.0937       9.97     0.0171  4.924e-11  1.000e-12  2.031e+00    10.1988    10.2093     0.0106     8.0380     8.0458     69.839     71.407      0.225    1442.61    1442.67  0.000e+00
       6613     71.000     5.5342     5.5420     0.0078    1.10134    1.10232          1     0.1057     0.0883       9.97     0.0175  4.924e-11  1.000e-12  2.031e+00    10.2305    10.2380     0.0075     8.0620     8.0675     70.334     71.912      0.257    1442.74    1442.79  0.000e+00
       6663     71.500     5.5631     5.5747     0.0116    1.10666    1.10837          1     0.1046     0.0848       9.97     0.0178  4.924e-11  1.000e-12  2.031e+00    10.2750    10.2885     0.0136     8.0955     8.1055     70.829     72.417      0.234    1442.93    1443.00  0.000e+00
       6713     72.000     5.5955     5.6059     0.0105    1.11274    1.11436          1     0.0971     0.0864       9.86     0.0171  4.924e-11  1.000e-12  2.031e+00    10.3259    10.3390     0.0131     8.1338     8.1436     71.325     72.922      0.250    1443.14    1443.20  0.000e+00
       6756     72.500     5.6149     5.6235     0.0087    1.11661    1.11773          1     0.0948     0.0829       9.38     0.0171  4.924e-11  1.000e-12  2.031e+00    10.3586    10.3672     0.0086     8.1585     8.1648     71.820     73.427      0.306    1443.27    1443.32  0.000e+00
       6800     73.000     5.6251     5.6301     0.0050    1.11839    1.11899          1     0.0956     0.0810       8.86     0.0171  4.924e-11  1.000e-12  2.031e+00    10.3733    10.3777     0.0044     8.1695     8.1727     72.315     73.933      0.236    1443.34    1443.37  0.000e+00
       6852     73.500     5.6294     5.6325     0.0031    1.11925    1.11949          1     0.0889     0.0804       8.36     0.0171  4.924e-11  1.000e-12  2.031e+00    10.3804    10.3819     0.0015     8.1749     8.1759     72.810     74.438      0.278    1443.38    1443.40  0.000e+00
       6890     74.000     5.6318     5.6343     0.0025    1.11973    1.11985          1     0.0899     0.0796       7.83     0.0172  4.924e-11  1.000e-12  2.031e+00    10.3844    10.3848     0.0005     8.1779     8.1781     73.306     74.943      0.301    1443.40    1443.42  0.000e+00
       6942     74.500     5.6350     5.6365     0.0015    1.12020    1.12030          1     0.0865     0.0787       7.26     0.0171  4.924e-11  1.000e-12  2.031e+00    10.3880    10.3886     0.0006     8.1805     8.1809     73.801     75.448      0.204    1443.43    1443.44  0.000e+00
       6996     75.000     5.6376     5.6399     0.0023    1.12063    1.12072          1     0.0876     0.0746       6.78     0.0171  4.924e-11  1.000e-12  2.031e+00    10.3914    10.3916     0.0002     8.1831     8.1831     74.296     75.953      0.301    1443.45    1443.46  0.000e+00
       7033     75.500     5.6432     5.6471     0.0039    1.12161    1.12207          1     0.0827     0.0749       6.24     0.0171  4.924e-11  1.000e-12  2.031e+00    10.3995    10.4028     0.0034     8.1891     8.1915     74.791     76.458      0.293    1443.50    1443.52  0.000e+00
       7082     76.000     5.6550     5.6591     0.0042    1.12384    1.12438          1     0.0810     0.0744       5.68     0.0171  4.924e-11  1.000e-12  2.031e+00    10.4181    10.4222     0.0041     8.2031     8.2061     75.286     76.963      0.230    1443.58    1443.60  0.000e+00
       7128     76.500     5.6589     5.6610     0.0021    1.12460    1.12473          1     0.0804     0.0730       5.19     0.0171  4.924e-11  1.000e-12  2.031e+00    10.4244    10.4250     0.0006     8.2079     8.2082     75.782     77.469      0.305    1443.61    1443.62  0.000e+00
       7169     77.000     5.6629     5.6657     0.0028    1.12529    1.12563          1     0.0790     0.0719       4.64     0.0171  4.924e-11  1.000e-12  2.031e+00    10.4299    10.4324     0.0025     8.2120     8.2138     76.277     77.974      0.259    1443.64    1443.66  0.000e+00
       7220     77.500     5.6671     5.6691     0.0020    1.12613    1.12629          1     0.0754     0.0734       4.11     0.0171  4.924e-11  1.000e-12  2.031e+00    10.4370    10.4380     0.0010     8.2173     8.2180     76.772     78.479      0.250    1443.68    1443.69  0.000e+00
       7265     78.000     5.6699     5.6708     0.0009    1.12664    1.12664          1     0.0780     0.0710       3.59     0.0171  4.924e-11  1.000e-12  2.031e+00    10.4410    10.4408    -0.0002     8.2204     8.2201     77.267     78.984      0.245    1443.70    1443.71  0.000e+00
       7318     78.500     5.6699     5.6706     0.0007    1.12660    1.12659          1     0.0746     0.0690       3.05     0.0171  4.924e-11  1.000e-12  2.031e+00    10.4406    10.4403    -0.0002     8.2200     8.2198     77.762     79.489      0.242    1443.71    1443.71  0.000e+00
       7360     79.000     5.6703     5.6719     0.0017    1.12670    1.12685          1     0.0684     0.0689       2.54     0.0171  4.924e-11  1.000e-12  2.031e+00    10.4415    10.4424     0.0010     8.2207     8.2213     78.258     79.994      0.289    1443.72    1443.73  0.000e+00
       7408     79.500     5.6722     5.6731     0.0008    1.12706    1.12709          1     0.0731     0.0696       2.01     0.0171  4.924e-11  1.000e-12  2.031e+00    10.4443    10.4444     0.0000     8.2228     8.2228     78.753     80.499      0.233    1443.74    1443.74  0.000e+00
       7454     80.000     5.6724     5.6732     0.0008    1.12712    1.12712          1     0.0718     0.0671       1.49     0.0171  4.924e-11  1.000e-12  2.031e+00    10.4447    10.4445    -0.0002     8.2231     8.2229     79.248     81.004      0.292    1443.75    1443.75  0.000e+00
       9072     80.500     5.6718     5.6722     0.0004    1.12692    1.12691          1     0.0460     0.0535       0.74     0.0171  4.924e-11  1.000e-12  2.031e+00    10.4429    10.4427    -0.0002     8.2217     8.2215     79.743     81.510     -0.175    1443.75    1443.76  0.000e+00
