ctdpy/tests/etc/all_smhi_bas_2018/SBE09_0827_20181010_1222_26_01_1060.cnv
* Sea-Bird SBE 9 Data File:
* FileName = D:\CTD_SBE911\DAT\26DA.2018.10.60.hex
* Software Version Seasave V 7.21d
* Temperature SN = 4548
* Conductivity SN = 3062
* Number of Bytes Per Scan = 48
* Number of Voltage Words = 5
* Number of Scans Averaged by the Deck Unit = 1
* NMEA Latitude = 57 47.79 N
* NMEA Longitude = 019 32.50 E
* NMEA UTC (Time) = Oct 10 2018  12:24:55
* NMEA baud rate = 4800
** Ship: DANA
** Average sound velocity: 1445.68 m/s
** True-depth calculation Thu, 28 Mar 2019 12:23:40 +0000
** CTD Python Module SMHI /ver 3-12/ feb 2012 
** LIMS Job: 20182601-1060
** Operator: Christian
** Cruise: 10/2018
# nquan = 26
# nvalues = 168                         
# units = specified
# name 0 = scan: Scan Count
# name 1 = prDM: Pressure, Digiquartz [db]
# name 2 = t090C: Temperature [ITS-90, deg C]
# name 3 = t190C: Temperature, 2 [ITS-90, deg C]
# name 4 = T2-T190C: Temperature Difference, 2 - 1 [ITS-90, deg C]
# name 5 = c0S/m: Conductivity [S/m]
# name 6 = c1S/m: Conductivity, 2 [S/m]
# name 7 = pumps: Pump Status
# name 8 = sbeox1ML/L: Oxygen, SBE 43, 2 [ml/l]
# name 9 = sbeox0ML/L: Oxygen, SBE 43 [ml/l]
# name 10 = altM: Altimeter [m]
# name 11 = chloroflTC0: Chlorophyll, Turner Cyclops [ug/l]
# name 12 = cpar: CPAR/Corrected Irradiance [%]
# name 13 = par: PAR/Irradiance, Biospherical/Lico [µE/(cm^2*s)]
# name 14 = spar: SPAR, Biospherical/Licor
# name 15 = sal00: Salinity, Practical [PSU]
# name 16 = sal11: Salinity, Practical, 2 [PSU]
# name 17 = secS-priS: Salinity, Practical, Difference, 2 - 1 [PSU]
# name 18 = sigma-t00: Density [sigma-t, kg/m^3 ]
# name 19 = sigma-t11: Density, 2 [sigma-t, kg/m^3 ]
# name 20 = depSM: Depth [salt water, m], lat = 57.7965
# name 21 = depFM: Depth [true depth, m], lat = 57.7965
# name 22 = dz/dtM: Descent Rate [m/s], WS = 2
# name 23 = svCM: Sound Velocity [Chen-Millero, m/s]
# name 24 = svCM1: Sound Velocity, 2 [Chen-Millero, m/s]
# name 25 = flag: flag
# span 0 =         38,       9243       
# span 1 =      1.000,     84.500       
# span 2 =     3.4541,    11.9762       
# span 3 =     3.4708,    11.9767       
# span 4 =    -0.3873,     0.0313       
# span 5 =   0.770824,   1.117947       
# span 6 =   0.771574,   1.117893       
# span 7 =          1,          1       
# span 8 =     0.0614,     7.7620       
# span 9 =     0.0576,     7.2980       
# span 10 =       1.18,      10.00      
# span 11 =     0.0158,     0.0276      
# span 12 = 3.3959e-13, 9.9357e+00      
# span 13 = 1.0000e-12, 2.9459e+01      
# span 14 = 2.7719e+02, 2.9650e+02      
# span 15 =     6.7731,    10.3410      
# span 16 =     6.7731,    10.3401      
# span 17 =    -0.1366,     0.0490      
# span 18 =     4.7586,     8.1392      
# span 19 =     4.7586,     8.1384      
# span 20 =      0.991,     83.701      
# span 21 =      1.014,     85.560      
# span 22 =     -0.011,      0.514      
# span 23 =    1429.66,    1463.22      
# span 24 =    1429.75,    1463.22      
# span 25 = 0.0000e+00, 0.0000e+00      
# interval = decibars: 0.5              
# start_time = Oct 10 2018 12:24:55 [NMEA time, first data scan]
# bad_flag = -9.990e-29
*END*
[from data line 112]
       5344     57.000     3.5156     3.5468     0.0313    0.79584    0.79399          1     6.2997     6.0634       9.97     0.0159  3.492e-13  1.000e-12  2.864e+02     7.6668     7.6404    -0.0265     6.1052     6.0836     56.465     57.753      0.325    1430.30    1430.41  0.000e+00
       5419     57.500     3.5225     3.5316     0.0091    0.79943    0.79620          1     6.1752     5.9506       9.97     0.0159  3.492e-13  1.000e-12  2.864e+02     7.7022     7.6667    -0.0355     6.1333     6.1049     56.960     58.259      0.272    1430.39    1430.38  0.000e+00
       5463     58.000     3.5374     3.5368    -0.0006    0.80217    0.80143          1     6.0474     5.8835       9.97     0.0159  3.492e-13  1.000e-12  2.864e+02     7.7270     7.7195    -0.0075     6.1528     6.1468     57.455     58.766      0.465    1430.49    1430.48  0.000e+00
       5489     58.500     3.5525     3.5516    -0.0008    0.80505    0.80424          1     5.9031     5.7406       9.97     0.0159  3.492e-13  1.000e-12  2.864e+02     7.7531     7.7450    -0.0081     6.1733     6.1668     57.951     59.272      0.353    1430.60    1430.59  0.000e+00
       5567     59.000     3.5780     3.5579    -0.0201    0.80896    0.80437          1     5.7871     5.6273       9.97     0.0159  3.492e-13  1.000e-12  2.864e+02     7.7873     7.7447    -0.0427     6.2000     6.1664     58.446     59.778      0.312    1430.77    1430.63  0.000e+00
       5600     59.500     3.6896     3.6761    -0.0136    0.82179    0.81934          1     5.4611     5.5108       9.97     0.0159  3.492e-13  1.000e-12  2.864e+02     7.8930     7.8709    -0.0221     6.2818     6.2645     58.941     60.284      0.465    1431.42    1431.33  0.000e+00
       5627     60.000     3.7304     3.7206    -0.0099    0.82754    0.82584          1     5.1434     5.2030       9.97     0.0159  3.492e-13  1.000e-12  2.864e+02     7.9424     7.9272    -0.0152     6.3202     6.3083     59.436     60.790      0.328    1431.68    1431.62  0.000e+00
       5714     60.500     3.7367     3.6994    -0.0372    0.82803    0.82239          1     5.0895     5.0540       9.97     0.0159  3.516e-13  1.000e-12  2.844e+02     7.9458     7.8967    -0.0491     6.3228     6.2845     59.932     61.296      0.323    1431.72    1431.49  0.000e+00
       5740     61.000     3.7569     3.7522    -0.0047    0.83095    0.82973          1     4.9761     4.9346       9.97     0.0159  3.517e-13  1.000e-12  2.843e+02     7.9709     7.9594    -0.0115     6.3422     6.3332     60.427     61.802      0.402    1431.85    1431.82  0.000e+00
       5784     61.500     3.7871     3.7564    -0.0307    0.83519    0.83069          1     4.8273     4.7312       9.97     0.0159  3.517e-13  1.000e-12  2.843e+02     8.0071     7.9682    -0.0389     6.3703     6.3401     60.922     62.308      0.230    1432.04    1431.85  0.000e+00
       5843     62.000     3.8563     3.8006    -0.0557    0.84375    0.83596          1     4.5738     4.6422       9.97     0.0159  3.517e-13  1.000e-12  2.843e+02     8.0781     8.0116    -0.0665     6.4251     6.3736     61.417     62.814      0.307    1432.46    1432.12  0.000e+00
       5879     62.500     3.9592     3.8979    -0.0613    0.85628    0.84772          1     4.2222     4.4009       9.97     0.0159  3.517e-13  1.000e-12  2.843e+02     8.1813     8.1086    -0.0727     6.5045     6.4483     61.913     63.320      0.286    1433.06    1432.69  0.000e+00
       5926     63.000     4.0302     3.9517    -0.0786    0.86762    0.85546          1     3.8705     4.1030       9.97     0.0159  3.517e-13  1.000e-12  2.843e+02     8.2799     8.1747    -0.1051     6.5809     6.4995     62.408     63.826      0.259    1433.51    1433.02  0.000e+00
       5976     63.500     4.0911     4.0244    -0.0667    0.87609    0.86624          1     3.6705     3.8386       9.97     0.0159  3.517e-13  1.000e-12  2.843e+02     8.3512     8.2670    -0.0842     6.6358     6.5709     62.903     64.332      0.214    1433.89    1433.48  0.000e+00
       6028     64.000     4.1225     4.0883    -0.0342    0.88048    0.87542          1     3.5705     3.6140       9.97     0.0158  3.517e-13  1.000e-12  2.843e+02     8.3881     8.3450    -0.0431     6.6642     6.6310     63.398     64.838      0.306    1434.08    1433.87  0.000e+00
       6067     64.500     4.2374     4.1778    -0.0595    0.89586    0.88757          1     3.1057     3.3688       9.97     0.0159  3.517e-13  1.000e-12  2.843e+02     8.5160     8.4465    -0.0695     6.7621     6.7089     63.893     65.344      0.248    1434.77    1434.41  0.000e+00
       6125     65.000     4.3146     4.2096    -0.1050    0.90666    0.89180          1     2.6447     3.1429       9.97     0.0159  3.517e-13  1.000e-12  2.843e+02     8.6062     8.4814    -0.1248     6.8313     6.7356     64.389     65.850      0.287    1435.23    1434.61  0.000e+00
       6158     65.500     4.4031     4.3692    -0.0339    0.91870    0.91325          1     2.3932     2.8254       9.97     0.0159  3.517e-13  1.000e-12  2.843e+02     8.7058     8.6591    -0.0467     6.9072     6.8713     64.884     66.356      0.366    1435.76    1435.55  0.000e+00
       6203     66.000     4.4416     4.3898    -0.0517    0.92419    0.91722          1     2.1931     2.4168       9.97     0.0159  3.517e-13  1.000e-12  2.843e+02     8.7515     8.6942    -0.0573     6.9421     6.8984     65.379     66.861      0.221    1436.00    1435.70  0.000e+00
       6266     66.500     4.4702     4.4465    -0.0237    0.92822    0.92406          1     2.0697     2.3114       9.97     0.0159  3.517e-13  1.000e-12  2.843e+02     8.7849     8.7487    -0.0361     6.9675     6.9397     65.874     67.367      0.330    1436.18    1436.03  0.000e+00
       6295     67.000     4.5025     4.4954    -0.0071    0.93287    0.93175          1     1.9442     2.0736       9.97     0.0161  3.517e-13  1.000e-12  2.843e+02     8.8236     8.8140    -0.0095     6.9970     6.9898     66.369     67.873      0.341    1436.38    1436.34  0.000e+00
       6373     67.500     4.5236     4.4872    -0.0364    0.93626    0.93068          1     1.8460     1.9299       9.97     0.0160  3.531e-13  1.000e-12  2.832e+02     8.8524     8.8053    -0.0470     7.0191     6.9831     66.865     68.378      0.299    1436.52    1436.30  0.000e+00
       6409     68.000     4.5508     4.5425    -0.0083    0.94160    0.93991          1     1.7575     1.8613       9.97     0.0161  3.539e-13  1.000e-12  2.826e+02     8.8994     8.8844    -0.0150     7.0553     7.0438     67.360     68.884      0.514    1436.71    1436.65  0.000e+00
       6431     68.500     4.6003     4.5874    -0.0129    0.94803    0.94620          1     1.6989     1.7413       9.97     0.0160  3.541e-13  1.000e-12  2.824e+02     8.9513     8.9362    -0.0151     7.0946     7.0831     67.855     69.390      0.442    1437.00    1436.92  0.000e+00
       6497     69.000     4.6360     4.5788    -0.0571    0.95306    0.94483          1     1.6825     1.6521       9.97     0.0159  3.542e-13  1.000e-12  2.823e+02     8.9927     8.9245    -0.0682     7.1260     7.0742     68.350     69.896      0.270    1437.22    1436.88  0.000e+00
       6543     69.500     4.6641     4.6531    -0.0110    0.95774    0.95565          1     1.8103     1.6638       9.97     0.0162  3.542e-13  1.000e-12  2.823e+02     9.0325     9.0143    -0.0183     7.1564     7.1424     68.846     70.401      0.405    1437.40    1437.33  0.000e+00
       6576     70.000     4.7042     4.6759    -0.0283    0.96396    0.95973          1     1.9060     1.7190       9.97     0.0160  3.542e-13  1.000e-12  2.823e+02     9.0846     9.0495    -0.0351     7.1961     7.1694     69.341     70.907      0.267    1437.65    1437.48  0.000e+00
       6643     70.500     4.7817     4.6938    -0.0880    0.97705    0.96294          1     1.6405     1.6804       9.97     0.0160  3.542e-13  1.000e-12  2.823e+02     9.1960     9.0770    -0.1189     7.2811     7.1905     69.836     71.412      0.232    1438.14    1437.61  0.000e+00
       6686     71.000     4.9128     4.7899    -0.1228    0.99313    0.97677          1     1.0647     1.5709       9.97     0.0161  3.542e-13  1.000e-12  2.823e+02     9.3223     9.1908    -0.1314     7.3754     7.2767     70.331     71.918      0.275    1438.89    1438.18  0.000e+00
       6736     71.500     5.0152     4.9008    -0.1143    1.00786    0.99116          1     0.5914     1.2160       9.97     0.0159  3.542e-13  1.000e-12  2.823e+02     9.4422     9.3056    -0.1366     7.4656     7.3627     70.826     72.424      0.240    1439.50    1438.82  0.000e+00
       6776     72.000     5.1272     5.0133    -0.1140    1.02342    1.00700          1     0.3341     0.8836       9.97     0.0164  3.542e-13  1.000e-12  2.823e+02     9.5672     9.4340    -0.1333     7.5593     7.4592     71.322     72.929      0.353    1440.15    1439.49  0.000e+00
       6816     72.500     5.2084     5.1281    -0.0803    1.03512    1.02362          1     0.1993     0.5680       9.97     0.0161  3.542e-13  1.000e-12  2.823e+02     9.6616     9.5689    -0.0927     7.6299     7.5606     71.817     73.434      0.239    1440.63    1440.17  0.000e+00
       6880     73.000     5.2733     5.2141    -0.0591    1.04478    1.03594          1     0.1537     0.2840       9.97     0.0162  3.542e-13  1.000e-12  2.823e+02     9.7399     9.6682    -0.0718     7.6885     7.6348     72.312     73.940      0.284    1441.02    1440.68  0.000e+00
       6919     73.500     5.2928     5.2679    -0.0249    1.04768    1.04400          1     0.1499     0.2133       9.97     0.0164  3.542e-13  1.000e-12  2.823e+02     9.7634     9.7336    -0.0298     7.7061     7.6838     72.807     74.445      0.277    1441.15    1441.00  0.000e+00
       6967     74.000     5.3526     5.3102    -0.0423    1.05734    1.05036          1     0.1438     0.1569       9.97     0.0167  3.542e-13  1.000e-12  2.823e+02     9.8428     9.7851    -0.0577     7.7658     7.7224     73.302     74.951      0.225    1441.51    1441.26  0.000e+00
       7035     74.500     5.3896     5.3591    -0.0304    1.06298    1.05846          1     0.1469     0.1296       9.97     0.0170  3.542e-13  1.000e-12  2.823e+02     9.8884     9.8520    -0.0364     7.7998     7.7726     73.798     75.456      0.273    1441.74    1441.56  0.000e+00
       7071     75.000     5.4110     5.3944    -0.0166    1.06648    1.06385          1     0.1418     0.1197       9.97     0.0170  3.542e-13  1.000e-12  2.823e+02     9.9172     9.8956    -0.0216     7.8214     7.8053     74.293     75.961      0.385    1441.88    1441.78  0.000e+00
       7108     75.500     5.4570     5.4248    -0.0322    1.07449    1.06869          1     0.1407     0.1203       9.97     0.0171  3.543e-13  1.000e-12  2.822e+02     9.9838     9.9351    -0.0487     7.8715     7.8348     74.788     76.467      0.259    1442.17    1441.97  0.000e+00
       7165     76.000     5.5013     5.4718    -0.0296    1.08107    1.07640          1     0.1356     0.1134       9.97     0.0170  3.543e-13  1.000e-12  2.822e+02    10.0364     9.9985    -0.0379     7.9107     7.8823     75.283     76.972      0.228    1442.43    1442.26  0.000e+00
       7209     76.500     5.5497     5.5187    -0.0310    1.08910    1.08361          1     0.1297     0.1076       9.78     0.0171  3.563e-13  1.000e-12  2.806e+02    10.1023    10.0566    -0.0456     7.9600     7.9257     75.778     77.477      0.294    1442.73    1442.54  0.000e+00
       7252     77.000     5.5822     5.5628    -0.0194    1.09494    1.09129          1     0.1261     0.1025       9.26     0.0171  3.558e-13  1.000e-12  2.810e+02    10.1509    10.1202    -0.0307     7.9965     7.9734     76.274     77.982      0.239    1442.94    1442.82  0.000e+00
       7318     77.500     5.6112     5.5913    -0.0199    1.10015    1.09655          1     0.1195     0.0980       8.72     0.0170  3.567e-13  1.000e-12  2.804e+02    10.1942    10.1641    -0.0301     8.0290     8.0064     76.769     78.488      0.254    1443.13    1443.01  0.000e+00
       7356     78.000     5.6387     5.6186    -0.0201    1.10536    1.10157          1     0.1136     0.0920       8.26     0.0170  3.568e-13  1.000e-12  2.803e+02    10.2379    10.2060    -0.0319     8.0619     8.0379     77.264     78.993      0.374    1443.31    1443.18  0.000e+00
       7394     78.500     5.6657     5.6465    -0.0191    1.11010    1.10686          1     0.1113     0.0946       7.67     0.0170  3.568e-13  1.000e-12  2.803e+02    10.2769    10.2503    -0.0266     8.0912     8.0713     77.759     79.498      0.242    1443.49    1443.37  0.000e+00
       7460     79.000     5.6883     5.6738    -0.0145    1.11416    1.11153          1     0.1060     0.0889       7.17     0.0171  3.568e-13  1.000e-12  2.803e+02    10.3105    10.2886    -0.0219     8.1164     8.1000     78.254     80.003      0.284    1443.63    1443.54  0.000e+00
       7495     79.500     5.6984     5.6870    -0.0114    1.11602    1.11405          1     0.1050     0.0846       6.65     0.0170  3.568e-13  1.000e-12  2.803e+02    10.3259    10.3097    -0.0162     8.1279     8.1158     78.749     80.508      0.324    1443.70    1443.63  0.000e+00
       7537     80.000     5.7056     5.6983    -0.0072    1.11721    1.11593          1     0.1067     0.0864       6.10     0.0171  3.568e-13  1.000e-12  2.803e+02    10.3355    10.3249    -0.0105     8.1350     8.1272     79.245     81.013      0.207    1443.75    1443.71  0.000e+00
       7611     80.500     5.7076     5.7041    -0.0035    1.11755    1.11699          1     0.1005     0.0833       5.60     0.0171  3.568e-13  1.000e-12  2.803e+02    10.3382    10.3336    -0.0046     8.1371     8.1337     79.740     81.519      0.270    1443.77    1443.75  0.000e+00
       7647     81.000     5.7090     5.7058    -0.0031    1.11781    1.11731          1     0.0950     0.0820       5.11     0.0171  3.568e-13  1.000e-12  2.803e+02    10.3403    10.3362    -0.0041     8.1386     8.1356     80.235     82.024      0.327    1443.79    1443.77  0.000e+00
       7691     81.500     5.7094     5.7082    -0.0012    1.11789    1.11768          1     0.0963     0.0785       4.55     0.0171  3.568e-13  1.000e-12  2.803e+02    10.3408    10.3391    -0.0017     8.1391     8.1378     80.730     82.529      0.226    1443.80    1443.79  0.000e+00
       7749     82.000     5.7096     5.7088    -0.0007    1.11792    1.11777          1     0.0896     0.0754       3.99     0.0171  3.568e-13  1.000e-12  2.803e+02    10.3410    10.3397    -0.0013     8.1392     8.1382     81.225     83.034      0.234    1443.81    1443.80  0.000e+00
       7792     82.500     5.7097     5.7089    -0.0008    1.11793    1.11780          1     0.0928     0.0772       3.51     0.0172  3.568e-13  1.000e-12  2.803e+02    10.3409    10.3399    -0.0010     8.1391     8.1383     81.721     83.539      0.307    1443.82    1443.81  0.000e+00
       7836     83.000     5.7096     5.7093    -0.0002    1.11791    1.11783          1     0.0892     0.0761       2.94     0.0171  3.568e-13  1.000e-12  2.803e+02    10.3407    10.3400    -0.0007     8.1389     8.1384     82.216     84.044      0.225    1443.83    1443.82  0.000e+00
       7892     83.500     5.7096     5.7096    -0.0000    1.11791    1.11785          1     0.0858     0.0755       2.41     0.0171  3.568e-13  1.000e-12  2.803e+02    10.3406    10.3401    -0.0006     8.1389     8.1384     82.711     84.550      0.245    1443.83    1443.83  0.000e+00
       7937     84.000     5.7099     5.7096    -0.0003    1.11794    1.11785          1     0.0884     0.0753       1.92     0.0172  3.568e-13  1.000e-12  2.803e+02    10.3408    10.3400    -0.0008     8.1390     8.1384     83.206     85.055      0.266    1443.84    1443.84  0.000e+00
