ctdpy/tests/etc/all_smhi_bas_2018/SBE09_1044_20180923_0154_34_01_0041.cnv
* Sea-Bird SBE 9 Data File:
* FileName = C:\ctd\temp\2018\AR18D041.hex
* Software Version Seasave V 7.26.6.26
* Temperature SN = 5351
* Conductivity SN = 3941
* Number of Bytes Per Scan = 41
* Number of Voltage Words = 4
* Number of Scans Averaged by the Deck Unit = 1
* NMEA Latitude = 55 00.95 N
* NMEA Longitude = 013 18.05 E
* NMEA UTC (Time) = Sep 23 2018  01:54:43
* NMEA baud rate = 4800
** Station:  BY1
** Operator:  MHan
** Ship: ARANDA
** Average sound velocity: 1483.06 m/s
** True-depth calculation Sun, 23 Sep 2018 02:30:20 +0000
** CTD Python Module SMHI /ver 3-12/ feb 2012 
** LIMS Job: 20183401-0041
** Cruise: SMHI-02-2018
** Latitude [GG MM.mm N] :
** Longitude [GG MM.mm E]:
# nquan = 26
# nvalues = 80                          
# units = specified
# name 0 = scan: Scan Count
# name 1 = prDM: Pressure, Digiquartz [db]
# name 2 = t090C: Temperature [ITS-90, deg C]
# name 3 = t190C: Temperature, 2 [ITS-90, deg C]
# name 4 = T2-T190C: Temperature Difference, 2 - 1 [ITS-90, deg C]
# name 5 = c0S/m: Conductivity [S/m]
# name 6 = c1S/m: Conductivity, 2 [S/m]
# name 7 = pumps: Pump Status
# name 8 = sbeox0ML/L: Oxygen, SBE 43 [ml/l]
# name 9 = sbeox1ML/L: Oxygen, SBE 43, 2 [ml/l]
# name 10 = altM: Altimeter [m]
# name 11 = flECO-AFL: Chl-a Fluorescence, WET Labs ECO-AFL/FL [mg/m^3]
# name 12 = flECO-AFL1: Phycocyanin Fluorescence, WET Labs ECO-AFL/FL, 2 [mg/m^3]
# name 13 = par: PAR/Irradiance, Biospherical/Lico [µE/(cm^2*s)]
# name 14 = turbWETntu0: Turbidity, WET Labs ECO [NTU]
# name 15 = sal00: Salinity, Practical [PSU]
# name 16 = sal11: Salinity, Practical, 2 [PSU]
# name 17 = secS-priS: Salinity, Practical, Difference, 2 - 1 [PSU]
# name 18 = sigma-t00: Density [sigma-t, Kg/m^3 ]
# name 19 = sigma-t11: Density, 2 [sigma-t, Kg/m^3 ]
# name 20 = depSM: Depth [salt water, m], lat = 55.0158
# name 21 = depFM: Depth [true depth, m], lat = 55.0158
# name 22 = dz/dtM: Descent Rate [m/s], WS = 2
# name 23 = svCM: Sound Velocity [Chen-Millero, m/s]
# name 24 = svCM1: Sound Velocity, 2 [Chen-Millero, m/s]
# name 25 = flag: flag
# span 0 =      13992,      18051       
# span 1 =      1.500,     41.000       
# span 2 =    15.6437,    16.5334       
# span 3 =    15.6444,    16.5324       
# span 4 =    -0.0746,     0.0722       
# span 5 =   1.157469,   2.510629       
# span 6 =   1.157515,   2.510367       
# span 7 =          1,          1       
# span 8 =    2.40375,    6.25075       
# span 9 =    2.18159,    4.99068       
# span 10 =       2.43,      41.22      
# span 11 =     0.3080,     2.1526      
# span 12 =     0.1779,     0.5973      
# span 13 = -6.040e-04, 7.7288e-02      
# span 14 =     0.1570,     0.4409      
# span 15 =     8.1875,    18.9765      
# span 16 =     8.1871,    18.9749      
# span 17 =    -0.1060,     0.4191      
# span 18 =     5.2747,    13.5174      
# span 19 =     5.2741,    13.5164      
# span 20 =      1.487,     40.626      
# span 21 =      1.520,     41.434      
# span 22 =      0.012,      1.034      
# span 23 =    1477.97,    1491.77      
# span 24 =    1477.97,    1491.76      
# span 25 = 0.0000e+00, 0.0000e+00      
# interval = decibars: 0.5              
# start_time = Sep 23 2018 01:54:43 [NMEA time, first data scan]
# bad_flag = -9.990e-29
*END*
[from data line 56]
      15593     29.500    16.4431    16.4294    -0.0137    2.13038    2.12654          1     3.5570     3.5335      14.12     0.6238     0.2948  1.000e-12  0.2058000    15.5761    15.5507    -0.0254    10.7781    10.7614     29.232     29.864      0.312    1489.39    1489.31  0.000e+00
      15639     30.000    16.3414    16.3310    -0.0105    2.13183    2.13065          1     3.2065     3.4364      13.59     0.5995     0.2936  1.000e-12  0.2162000    15.6271    15.6217    -0.0054    10.8371    10.8350     29.727     30.368      0.564    1489.13    1489.09  0.000e+00
      15654     30.500    16.2597    16.2564    -0.0029    2.14409    2.14414          1     3.1554     3.4285      13.32     0.5604     0.2763  1.000e-12  0.1995000    15.7573    15.7590     0.0017    10.9526    10.9545     30.223     30.872      0.877    1489.02    1489.01  0.000e+00
      15665     31.000    15.8698    15.8695    -0.0006    2.18521    2.18601          1     3.2835     3.4340      12.94     0.5280     0.2489  1.000e-12  0.1967000    16.2456    16.2522     0.0066    11.4016    11.4067     30.718     31.376      0.987    1488.32    1488.32  0.000e+00
      15677     31.500    15.9919    15.9995     0.0075    2.25353    2.25422          1     3.4478     3.4272      12.52     0.4205     0.2509  1.000e-12  0.1871000    16.7493    16.7518     0.0025    11.7626    11.7630     31.214     31.879      0.944    1489.30    1489.33  0.000e+00
      15691     32.000    16.2460    16.2462     0.0002    2.32157    2.32188          1     3.5539     3.4014      11.97     0.4414     0.3134  1.000e-12  0.1943000    17.1939    17.1964     0.0025    12.0522    12.0541     31.709     32.382      0.693    1490.64    1490.65  0.000e+00
      15742     32.500    16.1368    16.2089     0.0722    2.24447    2.29994          1     3.3705     3.3071      11.10     0.4775     0.2905  1.000e-12  0.2059000    16.6156    17.0347     0.4191    11.6321    11.9380     32.204     32.886      0.347    1489.64    1490.35  0.000e+00
      15781     33.000    16.1744    16.1910     0.0168    2.33344    2.35210          1     3.3385     3.2511      10.71     0.4666     0.3106  1.000e-12  0.1927000    17.3212    17.4655     0.1443    12.1637    12.2706     32.700     33.389      0.774    1490.58    1490.79  0.000e+00
      15793     33.500    16.1568    16.1584     0.0014    2.37390    2.37367          1     3.3467     3.2439      10.42     0.4679     0.2586  1.000e-12  0.1990000    17.6577    17.6552    -0.0025    12.4242    12.4220     33.195     33.892      1.004    1490.91    1490.91  0.000e+00
      15803     34.000    16.1690    16.1698     0.0009    2.37915    2.37919          1     3.3453     3.2284      10.02     0.4679     0.2498  1.000e-12  0.2546000    17.6951    17.6950    -0.0001    12.4504    12.4501     33.691     34.395      1.034    1491.00    1491.00  0.000e+00
      15814     34.500    16.1641    16.1647     0.0005    2.38271    2.38282          1     3.3422     3.2133       9.58     0.4670     0.2319  1.000e-12  0.2515000    17.7261    17.7268     0.0007    12.4751    12.4755     34.186     34.898      0.874    1491.03    1491.03  0.000e+00
      15850     35.000    16.1560    16.1568     0.0008    2.36886    2.38067          1     3.3409     3.1725       8.76     0.4313     0.2361  1.000e-12  0.2763000    17.6169    17.7126     0.0958    12.3932    12.4662     34.682     35.401      0.427    1490.89    1491.00  0.000e+00
      15912     35.500    16.1480    16.1467    -0.0016    2.36497    2.37801          1     3.3563     3.1158       8.10     0.4807     0.2991  1.000e-12  0.3027000    17.5886    17.6954     0.1067    12.3733    12.4551     35.177     35.904      0.556    1490.84    1490.95  0.000e+00
      15925     36.000    16.1090    16.1118     0.0032    2.39896    2.39831          1     3.5549     3.1031       7.81     0.4723     0.2949  1.000e-12  0.3060000    17.8829    17.8762    -0.0066    12.6058    12.6002     35.672     36.407      0.845    1491.06    1491.06  0.000e+00
      15938     36.500    16.1274    16.1283     0.0010    2.41420    2.41391          1     3.7898     3.0890       7.42     0.4668     0.2950  1.000e-12  0.3033000    17.9989    17.9961    -0.0028    12.6908    12.6885     36.168     36.910      0.961    1491.26    1491.26  0.000e+00
      15950     37.000    16.1793    16.1821     0.0027    2.43226    2.43253          1     3.8684     3.0728       7.02     0.4296     0.2591  1.000e-12  0.3422000    18.1228    18.1237     0.0010    12.7751    12.7752     36.663     37.413      0.943    1491.58    1491.58  0.000e+00
      15963     37.500    16.1326    16.1321    -0.0006    2.46536    2.46524          1     3.7212     3.0626       6.48     0.3958     0.2526  1.000e-12  0.3784000    18.4147    18.4140    -0.0007    13.0074    13.0070     37.159     37.916      0.760    1491.77    1491.76  0.000e+00
      16007     38.000    16.0203    16.0116    -0.0088    2.44915    2.45760          1     3.3759     3.0357       5.66     0.3531     0.2563  1.000e-12  0.3806000    18.3337    18.4068     0.0730    12.9680    13.0255     37.654     38.418      0.432    1491.32    1491.37  0.000e+00
      16066     38.500    16.0066    16.0547     0.0482    2.43588    2.43461          1     2.8393     2.9947       5.14     0.3824     0.2058  1.000e-12  0.3657000    18.2310    18.1983    -0.0327    12.8921    12.8576     38.149     38.921      0.823    1491.17    1491.28  0.000e+00
      16077     39.000    15.7646    15.8259     0.0617    2.48003    2.47063          1     2.5720     2.9876       4.86     0.3758     0.2395  1.000e-12  0.3621000    18.7063    18.6004    -0.1060    13.3035    13.2103     38.645     39.424      0.992    1490.93    1491.01  0.000e+00
      16088     39.500    15.6719    15.6735     0.0015    2.48452    2.48457          1     2.4188     2.9814       4.50     0.3703     0.2652  1.000e-12  0.3605000    18.7870    18.7868    -0.0003    13.3834    13.3829     39.140     39.926      0.969    1490.73    1490.74  0.000e+00
      16101     40.000    15.6437    15.6444     0.0007    2.48817    2.48829          1     2.4038     2.9752       3.98     0.3431     0.2478  1.000e-12  0.3889000    18.8305    18.8312     0.0006    13.4222    13.4226     39.636     40.429      0.714    1490.70    1490.70  0.000e+00
      16469     40.500    15.6827    15.6662    -0.0164    2.49037    2.49521          1     2.6535     2.6791       3.18     0.3080     0.2331  1.000e-12  0.4222000    18.8302    18.8781     0.0479    13.4144    13.4543     40.131     40.931      0.309    1490.83    1490.84  0.000e+00
      18051     41.000    15.7278    15.7266    -0.0012    2.51063    2.51037          1     2.8133     2.1816       2.43     0.3086     0.2444  1.000e-12  0.4409000    18.9765    18.9749    -0.0016    13.5174    13.5164     40.626     41.434      0.012    1491.16    1491.15  0.000e+00
