ctdpy/tests/etc/all_smhi_bas_2018/SBE09_0827_20181007_0457_26_01_1033.cnv
* Sea-Bird SBE 9 Data File:
* FileName = D:\CTD_SBE911\DAT\26DA.2018.10.33.hex
* Software Version Seasave V 7.21d
* Temperature SN = 4548
* Conductivity SN = 3062
* Number of Bytes Per Scan = 48
* Number of Voltage Words = 5
* Number of Scans Averaged by the Deck Unit = 1
* NMEA Latitude = 58 11.76 N
* NMEA Longitude = 017 35.56 E
* NMEA UTC (Time) = Oct 07 2018  05:00:29
* NMEA baud rate = 4800
** Ship: DANA
** Average sound velocity: 1442.36 m/s
** True-depth calculation Thu, 28 Mar 2019 12:20:19 +0000
** CTD Python Module SMHI /ver 3-12/ feb 2012 
** LIMS Job: 20182601-1033
** Operator: Christian
** Cruise: 10/2018
# nquan = 26
# nvalues = 212                         
# units = specified
# name 0 = scan: Scan Count
# name 1 = prDM: Pressure, Digiquartz [db]
# name 2 = t090C: Temperature [ITS-90, deg C]
# name 3 = t190C: Temperature, 2 [ITS-90, deg C]
# name 4 = T2-T190C: Temperature Difference, 2 - 1 [ITS-90, deg C]
# name 5 = c0S/m: Conductivity [S/m]
# name 6 = c1S/m: Conductivity, 2 [S/m]
# name 7 = pumps: Pump Status
# name 8 = sbeox1ML/L: Oxygen, SBE 43, 2 [ml/l]
# name 9 = sbeox0ML/L: Oxygen, SBE 43 [ml/l]
# name 10 = altM: Altimeter [m]
# name 11 = chloroflTC0: Chlorophyll, Turner Cyclops [ug/l]
# name 12 = cpar: CPAR/Corrected Irradiance [%]
# name 13 = par: PAR/Irradiance, Biospherical/Lico [µE/(cm^2*s)]
# name 14 = spar: SPAR, Biospherical/Licor
# name 15 = sal00: Salinity, Practical [PSU]
# name 16 = sal11: Salinity, Practical, 2 [PSU]
# name 17 = secS-priS: Salinity, Practical, Difference, 2 - 1 [PSU]
# name 18 = sigma-t00: Density [sigma-t, kg/m^3 ]
# name 19 = sigma-t11: Density, 2 [sigma-t, kg/m^3 ]
# name 20 = depSM: Depth [salt water, m], lat = 58.196
# name 21 = depFM: Depth [true depth, m], lat = 58.196
# name 22 = dz/dtM: Descent Rate [m/s], WS = 2
# name 23 = svCM: Sound Velocity [Chen-Millero, m/s]
# name 24 = svCM1: Sound Velocity, 2 [Chen-Millero, m/s]
# name 25 = flag: flag
# span 0 =         82,      10967       
# span 1 =      1.000,    106.500       
# span 2 =     3.6808,     9.3334       
# span 3 =     3.6821,     9.3337       
# span 4 =    -0.1205,     0.4325       
# span 5 =   0.770465,   1.157153       
# span 6 =   0.771305,   1.157230       
# span 7 =          1,          1       
# span 8 =     0.0524,     7.5366       
# span 9 =     0.0449,     7.1699       
# span 10 =       0.48,       9.96      
# span 11 =     0.0159,     0.0306      
# span 12 = 1.6383e-11, 2.4626e-11      
# span 13 = 1.0000e-12, 1.0000e-12      
# span 14 = 4.0603e+00, 6.1001e+00      
# span 15 =     6.8801,    10.6847      
# span 16 =     6.8802,    10.6852      
# span 17 =    -0.1696,     0.0005      
# span 18 =     5.1432,     8.4018      
# span 19 =     5.1432,     8.4021      
# span 20 =      0.991,    105.484      
# span 21 =      1.013,    107.741      
# span 22 =     -0.277,      0.321      
# span 23 =    1430.57,    1453.30      
# span 24 =    1430.62,    1453.30      
# span 25 = 0.0000e+00, 0.0000e+00      
# interval = decibars: 0.5              
# start_time = Oct 07 2018 05:00:29 [NMEA time, first data scan]
# bad_flag = -9.990e-29
*END*
[from data line 168]
       7913     85.000     5.5783     5.5772    -0.0011    1.10309    1.10270          1     0.0850     0.0662       9.96     0.0170  2.217e-11  1.000e-12  4.668e+00    10.2322    10.2287    -0.0035     8.0609     8.0581     84.194     86.022      0.258    1443.16    1443.15  0.000e+00
       7957     85.500     5.5820     5.5799    -0.0021    1.10373    1.10322          1     0.0846     0.0646       9.96     0.0171  2.190e-11  1.000e-12  4.734e+00    10.2374    10.2330    -0.0045     8.0648     8.0614     84.689     86.527      0.267    1443.19    1443.17  0.000e+00
       8004     86.000     5.5856     5.5836    -0.0020    1.10442    1.10391          1     0.0833     0.0655       9.96     0.0171  2.160e-11  1.000e-12  4.810e+00    10.2432    10.2387    -0.0045     8.0691     8.0657     85.184     87.032      0.255    1443.22    1443.20  0.000e+00
       8052     86.500     5.5871     5.5861    -0.0009    1.10469    1.10442          1     0.0817     0.0629       9.96     0.0171  1.990e-11  1.000e-12  5.230e+00    10.2454    10.2429    -0.0025     8.0708     8.0689     85.679     87.537      0.237    1443.23    1443.23  0.000e+00
       8103     87.000     5.5921     5.5893    -0.0028    1.10568    1.10502          1     0.0783     0.0637       9.96     0.0169  2.161e-11  1.000e-12  4.806e+00    10.2536    10.2479    -0.0057     8.0770     8.0726     86.174     88.043      0.268    1443.27    1443.26  0.000e+00
       8144     87.500     5.5946     5.5929    -0.0017    1.10617    1.10571          1     0.0786     0.0631       9.96     0.0169  2.070e-11  1.000e-12  5.032e+00    10.2577    10.2536    -0.0041     8.0801     8.0769     86.669     88.548      0.261    1443.30    1443.29  0.000e+00
       8196     88.000     5.5992     5.5969    -0.0022    1.10710    1.10653          1     0.0786     0.0625       9.96     0.0171  2.061e-11  1.000e-12  5.054e+00    10.2656    10.2604    -0.0051     8.0860     8.0821     87.165     89.053      0.254    1443.34    1443.32  0.000e+00
       8236     88.500     5.6018     5.5997    -0.0021    1.10761    1.10710          1     0.0790     0.0609       9.96     0.0171  2.007e-11  1.000e-12  5.188e+00    10.2697    10.2653    -0.0045     8.0892     8.0858     87.660     89.558      0.273    1443.36    1443.35  0.000e+00
       8287     89.000     5.6096     5.6047    -0.0049    1.10929    1.10805          1     0.0793     0.0603       9.96     0.0171  2.015e-11  1.000e-12  5.168e+00    10.2841    10.2731    -0.0110     8.1000     8.0917     88.155     90.063      0.251    1443.42    1443.39  0.000e+00
       8328     89.500     5.6341     5.6224    -0.0118    1.11406    1.11152          1     0.0783     0.0599       9.96     0.0170  1.970e-11  1.000e-12  5.280e+00    10.3243    10.3024    -0.0218     8.1303     8.1138     88.650     90.568      0.281    1443.59    1443.51  0.000e+00
       8376     90.000     5.6425     5.6364    -0.0061    1.11583    1.11433          1     0.0782     0.0587       9.96     0.0170  1.965e-11  1.000e-12  5.291e+00    10.3392    10.3261    -0.0132     8.1417     8.1317     89.145     91.074      0.243    1443.65    1443.61  0.000e+00
       8423     90.500     5.6505     5.6455    -0.0049    1.11790    1.11651          1     0.0737     0.0603       9.96     0.0171  1.998e-11  1.000e-12  5.211e+00    10.3574    10.3450    -0.0124     8.1556     8.1461     89.640     91.579      0.259    1443.71    1443.68  0.000e+00
       8467     91.000     5.6516     5.6498    -0.0018    1.11809    1.11760          1     0.0751     0.0580       9.96     0.0170  1.862e-11  1.000e-12  5.547e+00    10.3590    10.3546    -0.0044     8.1567     8.1534     90.135     92.084      0.280    1443.73    1443.71  0.000e+00
       8513     91.500     5.6542     5.6521    -0.0020    1.11879    1.11816          1     0.0724     0.0610       9.96     0.0171  1.894e-11  1.000e-12  5.467e+00    10.3651    10.3594    -0.0057     8.1614     8.1570     90.630     92.589      0.254    1443.75    1443.74  0.000e+00
       8559     92.000     5.6567     5.6550    -0.0017    1.11943    1.11889          1     0.0736     0.0588       9.96     0.0171  1.914e-11  1.000e-12  5.419e+00    10.3706    10.3657    -0.0050     8.1656     8.1618     91.126     93.094      0.262    1443.78    1443.77  0.000e+00
       8606     92.500     5.6617     5.6588    -0.0030    1.12077    1.11986          1     0.0735     0.0569       9.96     0.0170  1.896e-11  1.000e-12  5.464e+00    10.3823    10.3742    -0.0081     8.1745     8.1683     91.621     93.599      0.263    1443.82    1443.80  0.000e+00
       8649     93.000     5.6663     5.6629    -0.0034    1.12183    1.12089          1     0.0738     0.0587       9.96     0.0170  1.952e-11  1.000e-12  5.324e+00    10.3915    10.3830    -0.0085     8.1815     8.1750     92.116     94.104      0.277    1443.86    1443.84  0.000e+00
       8697     93.500     5.6740     5.6681    -0.0059    1.12380    1.12218          1     0.0736     0.0565       9.96     0.0170  1.774e-11  1.000e-12  5.764e+00    10.4087    10.3943    -0.0145     8.1946     8.1836     92.611     94.610      0.239    1443.93    1443.88  0.000e+00
       8743     94.000     5.6911     5.6795    -0.0116    1.12747    1.12474          1     0.0722     0.0576       9.96     0.0170  1.923e-11  1.000e-12  5.395e+00    10.4400    10.4163    -0.0238     8.2183     8.2003     93.106     95.115      0.281    1444.05    1443.97  0.000e+00
       8786     94.500     5.7004     5.6912    -0.0092    1.12943    1.12728          1     0.0711     0.0568       9.96     0.0171  1.787e-11  1.000e-12  5.733e+00    10.4567    10.4380    -0.0187     8.2309     8.2167     93.601     95.620      0.274    1444.12    1444.05  0.000e+00
       8829     95.000     5.7092     5.7014    -0.0079    1.13133    1.12948          1     0.0695     0.0555       9.96     0.0171  1.807e-11  1.000e-12  5.682e+00    10.4728    10.4567    -0.0160     8.2431     8.2309     94.096     96.125      0.269    1444.18    1444.13  0.000e+00
       8879     95.500     5.7356     5.7182    -0.0174    1.13652    1.13285          1     0.0682     0.0563       9.96     0.0171  1.739e-11  1.000e-12  5.851e+00    10.5165    10.4851    -0.0313     8.2760     8.2523     94.592     96.630      0.240    1444.36    1444.24  0.000e+00
       8923     96.000     5.7723     5.7433    -0.0290    1.14313    1.13761          1     0.0669     0.0563       9.96     0.0171  1.860e-11  1.000e-12  5.552e+00    10.5709    10.5248    -0.0461     8.3167     8.2821     95.087     97.135      0.280    1444.59    1444.41  0.000e+00
       8969     96.500     5.7844     5.7708    -0.0135    1.14513    1.14269          1     0.0685     0.0556       9.96     0.0171  1.686e-11  1.000e-12  5.983e+00    10.5870    10.5669    -0.0201     8.3287     8.3136     95.582     97.640      0.250    1444.67    1444.59  0.000e+00
       9015     97.000     5.7863     5.7801    -0.0062    1.14543    1.14429          1     0.0681     0.0560       9.96     0.0170  1.691e-11  1.000e-12  5.970e+00    10.5893    10.5799    -0.0094     8.3304     8.3233     96.077     98.145      0.272    1444.69    1444.65  0.000e+00
       9059     97.500     5.7877     5.7847    -0.0029    1.14563    1.14511          1     0.0684     0.0555       9.96     0.0171  1.728e-11  1.000e-12  5.878e+00    10.5907    10.5865    -0.0042     8.3314     8.3283     96.572     98.650      0.282    1444.71    1444.69  0.000e+00
       9101     98.000     5.7905     5.7873    -0.0032    1.14605    1.14553          1     0.0688     0.0561       9.96     0.0171  1.732e-11  1.000e-12  5.870e+00    10.5940    10.5898    -0.0042     8.3338     8.3307     97.067     99.155      0.268    1444.73    1444.71  0.000e+00
       9149     98.500     5.7913     5.7900    -0.0013    1.14615    1.14590          1     0.0678     0.0550       9.74     0.0171  1.638e-11  1.000e-12  6.100e+00    10.5947    10.5926    -0.0021     8.3343     8.3327     97.562     99.660      0.268    1444.74    1444.73  0.000e+00
       9188     99.000     5.7937     5.7916    -0.0021    1.14652    1.14613          1     0.0687     0.0558       9.17     0.0171  1.724e-11  1.000e-12  5.887e+00    10.5975    10.5943    -0.0032     8.3364     8.3340     98.057    100.166      0.303    1444.77    1444.75  0.000e+00
       9233     99.500     5.7963     5.7943    -0.0020    1.14694    1.14652          1     0.0678     0.0547       8.59     0.0171  1.708e-11  1.000e-12  5.927e+00    10.6008    10.5972    -0.0035     8.3388     8.3361     98.553    100.671      0.249    1444.79    1444.78  0.000e+00
       9277    100.000     5.8042     5.7977    -0.0065    1.14844    1.14710          1     0.0686     0.0535       8.10     0.0170  1.683e-11  1.000e-12  5.989e+00    10.6133    10.6018    -0.0114     8.3482     8.3396     99.048    101.176      0.306    1444.85    1444.80  0.000e+00
       9316    100.500     5.8100     5.8038    -0.0063    1.14954    1.14824          1     0.0664     0.0531       7.50     0.0170  1.661e-11  1.000e-12  6.044e+00    10.6223    10.6113    -0.0110     8.3549     8.3467     99.543    101.681      0.291    1444.89    1444.85  0.000e+00
       9360    101.000     5.8223     5.8114    -0.0108    1.15196    1.14968          1     0.0675     0.0528       6.97     0.0170  1.680e-11  1.000e-12  5.997e+00    10.6425    10.6231    -0.0194     8.3701     8.3555    100.038    102.186      0.272    1444.98    1444.91  0.000e+00
       9402    101.500     5.8337     5.8243    -0.0094    1.15413    1.15219          1     0.0661     0.0528       6.43     0.0170  1.758e-11  1.000e-12  5.803e+00    10.6605    10.6440    -0.0164     8.3836     8.3712    100.533    102.691      0.300    1445.06    1445.00  0.000e+00
       9444    102.000     5.8373     5.8320    -0.0053    1.15488    1.15370          1     0.0638     0.0529       5.82     0.0171  1.653e-11  1.000e-12  6.064e+00    10.6667    10.6566    -0.0100     8.3883     8.3807    101.028    103.196      0.266    1445.09    1445.05  0.000e+00
       9489    102.500     5.8425     5.8372    -0.0053    1.15585    1.15475          1     0.0635     0.0511       5.31     0.0170  1.675e-11  1.000e-12  6.010e+00    10.6746    10.6653    -0.0093     8.3942     8.3872    101.523    103.701      0.280    1445.13    1445.09  0.000e+00
       9530    103.000     5.8442     5.8410    -0.0032    1.15617    1.15550          1     0.0641     0.0528       4.76     0.0170  1.702e-11  1.000e-12  5.943e+00    10.6772    10.6715    -0.0057     8.3962     8.3918    102.018    104.206      0.293    1445.15    1445.13  0.000e+00
       9572    103.500     5.8453     5.8438    -0.0015    1.15634    1.15601          1     0.0618     0.0512       4.22     0.0170  1.661e-11  1.000e-12  6.044e+00    10.6785    10.6757    -0.0029     8.3971     8.3949    102.513    104.711      0.285    1445.16    1445.15  0.000e+00
       9615    104.000     5.8455     5.8450    -0.0005    1.15641    1.15623          1     0.0640     0.0524       3.67     0.0171  1.714e-11  1.000e-12  5.912e+00    10.6791    10.6774    -0.0016     8.3975     8.3963    103.009    105.216      0.274    1445.17    1445.17  0.000e+00
       9657    104.500     5.8462     5.8456    -0.0006    1.15654    1.15635          1     0.0626     0.0528       3.11     0.0169  1.642e-11  1.000e-12  6.091e+00    10.6800    10.6783    -0.0017     8.3982     8.3969    103.504    105.721      0.292    1445.18    1445.18  0.000e+00
       9699    105.000     5.8463     5.8461    -0.0002    1.15656    1.15645          1     0.0635     0.0521       2.56     0.0169  1.641e-11  1.000e-12  6.093e+00    10.6801    10.6791    -0.0010     8.3983     8.3975    103.999    106.226      0.286    1445.19    1445.19  0.000e+00
       9741    105.500     5.8469     5.8465    -0.0004    1.15669    1.15654          1     0.0621     0.0500       2.04     0.0170  1.641e-11  1.000e-12  6.093e+00    10.6811    10.6797    -0.0014     8.3990     8.3980    104.494    106.731      0.286    1445.20    1445.20  0.000e+00
       9784    106.000     5.8472     5.8471    -0.0001    1.15675    1.15664          1     0.0623     0.0512       1.45     0.0171  1.641e-11  1.000e-12  6.093e+00    10.6815    10.6805    -0.0010     8.3993     8.3985    104.989    107.236      0.244    1445.21    1445.21  0.000e+00
      10967    106.500     5.8495     5.8503     0.0008    1.15715    1.15723          1     0.0524     0.0449       0.48     0.0169  1.641e-11  1.000e-12  6.093e+00    10.6847    10.6852     0.0005     8.4018     8.4021    105.484    107.741     -0.277    1445.23    1445.24  0.000e+00
