ctdpy/tests/etc/all_smhi_bas_2018/SBE09_0827_20181004_1416_26_01_1009.cnv
* Sea-Bird SBE 9 Data File:
* FileName = D:\CTD_SBE911\DAT\26DA.2018.10.9.hex
* Software Version Seasave V 7.21d
* Temperature SN = 4548
* Conductivity SN = 3062
* Number of Bytes Per Scan = 48
* Number of Voltage Words = 5
* Number of Scans Averaged by the Deck Unit = 1
* NMEA Latitude = 55 46.17 N
* NMEA Longitude = 016 06.68 E
* NMEA UTC (Time) = Oct 04 2018  14:19:08
* NMEA baud rate = 4800
** Ship: DANA
** Average sound velocity: 1445.59 m/s
** True-depth calculation Thu, 28 Mar 2019 12:16:58 +0000
** CTD Python Module SMHI /ver 3-12/ feb 2012 
** LIMS Job: 20182601-1009
**  19 SE UTKLIPPAN
** Operator: Christian
** Cruise: 10/2018
# nquan = 26
# nvalues = 122                         
# units = specified
# name 0 = scan: Scan Count
# name 1 = prDM: Pressure, Digiquartz [db]
# name 2 = t090C: Temperature [ITS-90, deg C]
# name 3 = t190C: Temperature, 2 [ITS-90, deg C]
# name 4 = T2-T190C: Temperature Difference, 2 - 1 [ITS-90, deg C]
# name 5 = c0S/m: Conductivity [S/m]
# name 6 = c1S/m: Conductivity, 2 [S/m]
# name 7 = pumps: Pump Status
# name 8 = sbeox1ML/L: Oxygen, SBE 43, 2 [ml/l]
# name 9 = sbeox0ML/L: Oxygen, SBE 43 [ml/l]
# name 10 = altM: Altimeter [m]
# name 11 = chloroflTC0: Chlorophyll, Turner Cyclops [ug/l]
# name 12 = cpar: CPAR/Corrected Irradiance [%]
# name 13 = par: PAR/Irradiance, Biospherical/Lico [µE/(cm^2*s)]
# name 14 = spar: SPAR, Biospherical/Licor
# name 15 = sal00: Salinity, Practical [PSU]
# name 16 = sal11: Salinity, Practical, 2 [PSU]
# name 17 = secS-priS: Salinity, Practical, Difference, 2 - 1 [PSU]
# name 18 = sigma-t00: Density [sigma-t, kg/m^3 ]
# name 19 = sigma-t11: Density, 2 [sigma-t, kg/m^3 ]
# name 20 = depSM: Depth [salt water, m], lat = 55.7695
# name 21 = depFM: Depth [true depth, m], lat = 55.7695
# name 22 = dz/dtM: Descent Rate [m/s], WS = 2
# name 23 = svCM: Sound Velocity [Chen-Millero, m/s]
# name 24 = svCM1: Sound Velocity, 2 [Chen-Millero, m/s]
# name 25 = flag: flag
# span 0 =       -102,       7550       
# span 1 =      0.500,     61.000       
# span 2 =     4.6802,     9.6904       
# span 3 =     4.6287,     9.7385       
# span 4 =    -0.3027,     0.2504       
# span 5 =   0.846563,   1.646581       
# span 6 =   0.846768,   1.646595       
# span 7 =          1,          1       
# span 8 =     0.0645,     7.8393       
# span 9 =     0.0595,     7.3285       
# span 10 =       1.44,      10.00      
# span 11 =     0.0000,     0.0000      
# span 12 = 2.9768e-13, 1.0193e+01      
# span 13 = 1.0000e-12, 3.4420e+01      
# span 14 = 3.1274e+02, 3.3810e+02      
# span 15 =     7.5623,    14.5429      
# span 16 =     7.5636,    14.5430      
# span 17 =    -0.0004,     0.2754      
# span 18 =     5.8971,    11.2106      
# span 19 =     5.8970,    11.2107      
# span 20 =      0.495,     60.437      
# span 21 =      0.506,     61.698      
# span 22 =     -0.240,      0.344      
# span 23 =    1436.27,    1463.28      
# span 24 =    1436.08,    1463.43      
# span 25 = 0.0000e+00, 0.0000e+00      
# interval = decibars: 0.5              
# start_time = Oct 04 2018 14:19:09 [NMEA time, first data scan]
# bad_flag = -9.990e-29
*END*
[from data line 56]
       3007     28.500     6.2494     6.2472    -0.0021    0.85077    0.85081          1     7.5696     7.0834       9.96     0.0000  3.197e-13  1.000e-12  3.128e+02     7.5901     7.5910     0.0009     5.9400     5.9408     28.239     28.858      0.270    1441.80    1441.79  0.000e+00
       3050     29.000     6.2180     6.1887    -0.0293    0.84999    0.84944          1     7.5499     7.0660       9.96     0.0000  3.197e-13  1.000e-12  3.128e+02     7.5895     7.5909     0.0013     5.9413     5.9441     28.735     29.364      0.270    1441.67    1441.55  0.000e+00
       3094     29.500     6.1352     6.0872    -0.0481    0.84804    0.84714          1     7.5047     7.0354       9.96     0.0000  3.189e-13  1.000e-12  3.136e+02     7.5893     7.5913     0.0021     5.9458     5.9502     29.230     29.870      0.291    1441.33    1441.12  0.000e+00
       3135     30.000     6.0316     5.9738    -0.0578    0.84656    0.84677          1     7.4319     6.9760       9.96     0.0000  3.189e-13  1.000e-12  3.136e+02     7.5981     7.6131     0.0150     5.9586     5.9735     29.725     30.376      0.260    1440.90    1440.67  0.000e+00
       3196     30.500     5.9460     5.9060    -0.0401    0.84888    0.84959          1     7.2818     6.8572       9.96     0.0000  3.183e-13  1.000e-12  3.141e+02     7.6397     7.6557     0.0160     5.9960     6.0108     30.221     30.883      0.209    1440.59    1440.44  0.000e+00
       3243     31.000     5.8414     5.8061    -0.0353    0.84916    0.84923          1     7.1267     6.7596       9.96     0.0000  3.177e-13  1.000e-12  3.148e+02     7.6661     7.6748     0.0087     6.0224     6.0311     30.716     31.389      0.321    1440.19    1440.04  0.000e+00
       3279     31.500     5.7736     5.8081     0.0348    0.84995    0.85691          1     7.1253     6.7127       9.96     0.0000  3.177e-13  1.000e-12  3.148e+02     7.6891     7.7487     0.0596     6.0440     6.0891     31.212     31.895      0.333    1439.93    1440.15  0.000e+00
       3319     32.000     5.9242     6.0811     0.1569    0.86460    0.87648          1     7.0201     6.5503       9.96     0.0000  3.177e-13  1.000e-12  3.148e+02     7.7967     7.8755     0.0787     6.1209     6.1744     31.707     32.401      0.261    1440.72    1441.49  0.000e+00
       3371     32.500     6.0615     6.0606    -0.0009    0.87874    0.88155          1     6.7844     6.3911       9.96     0.0000  3.177e-13  1.000e-12  3.148e+02     7.9019     7.9293     0.0274     6.1964     6.2180     32.202     32.907      0.229    1441.45    1441.48  0.000e+00
       3418     33.000     5.9874     5.9639    -0.0235    0.88578    0.88787          1     6.5964     6.2516       9.96     0.0000  3.177e-13  1.000e-12  3.148e+02     7.9874     8.0132     0.0258     6.2679     6.2896     32.698     33.414      0.274    1441.25    1441.18  0.000e+00
       3462     33.500     5.9278     5.9111    -0.0167    0.89197    0.89418          1     6.4809     6.1311       9.96     0.0000  3.177e-13  1.000e-12  3.148e+02     8.0616     8.0871     0.0254     6.3297     6.3507     33.193     33.920      0.268    1441.10    1441.06  0.000e+00
       3508     34.000     5.8314     5.7716    -0.0600    0.89506    0.89525          1     6.3535     6.0182       9.96     0.0000  3.177e-13  1.000e-12  3.148e+02     8.1146     8.1309     0.0163     6.3767     6.3927     33.688     34.426      0.257    1440.76    1440.52  0.000e+00
       3553     34.500     5.5381     5.4533    -0.0846    0.89115    0.89073          1     6.2944     5.9452       9.96     0.0000  3.177e-13  1.000e-12  3.148e+02     8.1471     8.1635     0.0165     6.4174     6.4345     34.184     34.932      0.266    1439.54    1439.19  0.000e+00
       3600     35.000     5.5233     5.5574     0.0343    0.89525    0.89843          1     6.3166     5.9298       9.96     0.0000  3.166e-13  1.000e-12  3.159e+02     8.1910     8.2138     0.0229     6.4528     6.4691     34.679     35.438      0.260    1439.54    1439.72  0.000e+00
       3643     35.500     5.6252     5.6384     0.0129    0.90462    0.90787          1     6.2466     5.8777       9.96     0.0000  3.158e-13  1.000e-12  3.167e+02     8.2581     8.2868     0.0287     6.5007     6.5227     35.175     35.944      0.298    1440.07    1440.17  0.000e+00
       3685     36.000     5.5932     5.5763    -0.0170    0.91010    0.91151          1     6.1793     5.8068       9.96     0.0000  3.157e-13  1.000e-12  3.168e+02     8.3198     8.3379     0.0181     6.5510     6.5662     35.670     36.450      0.261    1440.02    1439.97  0.000e+00
       3734     36.500     5.5435     5.4989    -0.0450    0.91195    0.91273          1     6.1267     5.7578       9.96     0.0000  3.157e-13  1.000e-12  3.168e+02     8.3503     8.3690     0.0187     6.5776     6.5946     36.165     36.956      0.244    1439.85    1439.68  0.000e+00
       3781     37.000     5.2328     5.0565    -0.1760    0.90664    0.90404          1     5.9747     5.6447       9.96     0.0000  3.157e-13  1.000e-12  3.168e+02     8.3752     8.3935     0.0183     6.6120     6.6343     36.661     37.462      0.256    1438.54    1437.79  0.000e+00
       3832     37.500     4.8307     4.6836    -0.1473    0.90037    0.89912          1     5.7837     5.4701       9.96     0.0000  3.157e-13  1.000e-12  3.168e+02     8.4137     8.4385     0.0248     6.6598     6.6852     37.156     37.967      0.230    1436.84    1436.22  0.000e+00
       3878     38.000     4.6802     4.6287    -0.0514    0.90356    0.90503          1     5.5954     5.3171       9.96     0.0000  3.157e-13  1.000e-12  3.168e+02     8.4842     8.5122     0.0281     6.7215     6.7457     37.651     38.473      0.299    1436.27    1436.08  0.000e+00
       3917     38.500     4.6934     4.6992     0.0058    0.91114    0.91319          1     5.5600     5.2488       9.96     0.0000  3.157e-13  1.000e-12  3.168e+02     8.5573     8.5765     0.0192     6.7789     6.7939     38.147     38.979      0.292    1436.43    1436.48  0.000e+00
       3962     39.000     4.9263     4.9835     0.0574    0.92812    0.93498          1     5.5273     5.2023       9.96     0.0000  3.157e-13  1.000e-12  3.168e+02     8.6679     8.7219     0.0540     6.8570     6.8973     38.642     39.485      0.249    1437.61    1437.92  0.000e+00
       4011     39.500     4.9115     4.9315     0.0198    0.93555    0.93943          1     5.3799     5.0631       9.96     0.0000  3.155e-13  1.000e-12  3.170e+02     8.7465     8.7802     0.0337     6.9199     6.9458     39.138     39.991      0.250    1437.65    1437.78  0.000e+00
       4057     40.000     5.0754     5.1696     0.0944    0.94677    0.95134          1     5.3837     5.0390       9.96     0.0000  3.137e-13  1.000e-12  3.188e+02     8.8159     8.8367     0.0208     6.9676     6.9797     39.633     40.497      0.259    1438.46    1438.90  0.000e+00
       4105     40.500     5.3629     5.4040     0.0409    0.96127    0.96410          1     5.3996     5.0875       9.96     0.0000  3.136e-13  1.000e-12  3.188e+02     8.8846     8.9019     0.0172     7.0085     7.0201     40.128     41.002      0.248    1439.81    1440.01  0.000e+00
       4154     41.000     5.2070     5.1623    -0.0447    0.95940    0.95903          1     5.2380     4.9573       9.96     0.0000  3.136e-13  1.000e-12  3.188e+02     8.9074     8.9155     0.0081     7.0340     7.0425     40.624     41.508      0.246    1439.17    1438.99  0.000e+00
       4202     41.500     5.0528     5.0308    -0.0219    0.95705    0.95744          1     5.0735     4.8192       9.96     0.0000  3.136e-13  1.000e-12  3.188e+02     8.9249     8.9347     0.0099     7.0549     7.0637     41.119     42.014      0.260    1438.53    1438.44  0.000e+00
       4245     42.000     4.9837     4.9431    -0.0406    0.95774    0.95770          1     4.9388     4.6818       9.96     0.0000  3.136e-13  1.000e-12  3.188e+02     8.9503     8.9608     0.0105     7.0780     7.0881     41.614     42.519      0.296    1438.27    1438.10  0.000e+00
       4289     42.500     5.0110     5.0748     0.0639    0.96288    0.96612          1     4.9897     4.6773       9.96     0.0000  3.136e-13  1.000e-12  3.188e+02     8.9946     9.0098     0.0152     7.1118     7.1209     42.110     43.025      0.242    1438.45    1438.75  0.000e+00
       4341     43.000     5.2047     5.2053     0.0005    0.97434    0.97560          1     4.9844     4.7101       9.96     0.0000  3.136e-13  1.000e-12  3.188e+02     9.0572     9.0697     0.0125     7.1525     7.1623     42.605     43.531      0.248    1439.38    1439.40  0.000e+00
       4386     43.500     5.0859     5.0945     0.0088    0.97474    0.97601          1     4.8715     4.5906       9.96     0.0000  3.134e-13  1.000e-12  3.191e+02     9.0934     9.1038     0.0104     7.1867     7.1945     43.100     44.036      0.276    1438.92    1438.97  0.000e+00
       4430     44.000     5.3472     5.3998     0.0527    0.98704    0.98953          1     4.9178     4.5854       9.96     0.0000  3.120e-13  1.000e-12  3.205e+02     9.1452     9.1557     0.0105     7.2150     7.2207     43.596     44.542      0.248    1440.13    1440.37  0.000e+00
       4483     44.500     5.5471     5.6197     0.0724    0.99883    1.00183          1     4.9071     4.5934       9.96     0.0000  3.116e-13  1.000e-12  3.209e+02     9.2079     9.2178     0.0099     7.2543     7.2583     44.091     45.048      0.232    1441.08    1441.41  0.000e+00
       4528     45.000     5.7583     5.8356     0.0776    1.01180    1.01544          1     4.9111     4.5947       9.96     0.0000  3.116e-13  1.000e-12  3.209e+02     9.2784     9.2931     0.0147     7.2985     7.3057     44.587     45.553      0.316    1442.09    1442.44  0.000e+00
       4564     45.500     6.1117     6.3625     0.2504    1.03237    1.04371          1     4.9077     4.5973       9.96     0.0000  3.116e-13  1.000e-12  3.209e+02     9.3833     9.4247     0.0414     7.3604     7.3771     45.082     46.059      0.323    1443.74    1444.85  0.000e+00
       4608     46.000     6.5689     6.7522     0.1834    1.05738    1.06789          1     4.7423     4.4456       9.96     0.0000  3.116e-13  1.000e-12  3.209e+02     9.5005     9.5512     0.0507     7.4232     7.4504     45.577     46.564      0.230    1445.83    1446.66  0.000e+00
       4663     46.500     6.8246     6.9070     0.0824    1.08407    1.08922          1     4.7123     4.4147       9.96     0.0000  3.116e-13  1.000e-12  3.209e+02     9.6869     9.7133     0.0264     7.5519     7.5667     46.073     47.070      0.260    1447.14    1447.52  0.000e+00
       4703     47.000     7.0541     7.1265     0.0724    1.10470    1.10925          1     4.6055     4.3413       9.96     0.0000  3.116e-13  1.000e-12  3.209e+02     9.8204     9.8433     0.0230     7.6398     7.6524     46.568     47.575      0.298    1448.27    1448.60  0.000e+00
       4748     47.500     7.3053     7.4924     0.1869    1.12583    1.13746          1     4.5055     4.2295       9.96     0.0000  3.111e-13  1.000e-12  3.215e+02     9.9503    10.0072     0.0569     7.7222     7.7516     47.063     48.081      0.245    1449.48    1450.32  0.000e+00
       4798     48.000     7.9028     8.0051     0.1026    1.17478    1.18160          1     4.2911     4.0611       9.96     0.0000  3.108e-13  1.000e-12  3.218e+02    10.2415    10.2758     0.0343     7.9005     7.9184     47.559     48.586      0.243    1452.30    1452.76  0.000e+00
       4845     48.500     8.2032     8.2938     0.0905    1.20357    1.20962          1     4.1942     3.9677       9.96     0.0000  3.097e-13  1.000e-12  3.229e+02    10.4235    10.4533     0.0298     8.0160     8.0309     48.054     49.091      0.277    1453.75    1454.15  0.000e+00
       4885     49.000     8.3522     8.4531     0.1009    1.22019    1.22805          1     4.1306     3.9005       9.96     0.0000  3.097e-13  1.000e-12  3.229e+02    10.5345    10.5777     0.0432     8.0888     8.1130     48.549     49.596      0.309    1454.50    1454.95  0.000e+00
       4929     49.500     8.5335     8.6506     0.1170    1.23996    1.25068          1     4.0431     3.8039       9.96     0.0000  3.097e-13  1.000e-12  3.229e+02    10.6644    10.7285     0.0642     8.1729     8.2115     49.045     50.102      0.242    1455.39    1455.94  0.000e+00
       4979     50.000     8.7814     8.9150     0.1336    1.26896    1.28323          1     3.8819     3.6719       9.96     0.0000  3.097e-13  1.000e-12  3.229e+02    10.8581    10.9491     0.0911     8.2995     8.3570     49.540     50.607      0.248    1456.62    1457.27  0.000e+00
       5026     50.500     8.9820     9.1051     0.1232    1.31221    1.33082          1     3.6232     3.4311       9.96     0.0000  3.097e-13  1.000e-12  3.229e+02    11.1958    11.3286     0.1328     8.5423     8.6328     50.035     51.112      0.259    1457.84    1458.49  0.000e+00
       5069     51.000     9.1814     9.2823     0.1009    1.34583    1.36182          1     3.4950     3.2971       9.96     0.0000  3.097e-13  1.000e-12  3.229e+02    11.4427    11.5574     0.1148     8.7136     8.7921     50.531     51.617      0.306    1458.94    1459.47  0.000e+00
       5109     51.500     9.2557     9.3808     0.1250    1.36294    1.38179          1     3.3885     3.1719       9.96     0.0000  3.097e-13  1.000e-12  3.229e+02    11.5762    11.7088     0.1326     8.8096     8.8991     51.026     52.121      0.278    1459.40    1460.05  0.000e+00
       5159     52.000     9.3833     9.4836     0.1004    1.38580    1.39945          1     3.2696     3.0636       9.95     0.0000  3.096e-13  1.000e-12  3.230e+02    11.7447    11.8371     0.0924     8.9267     8.9875     51.521     52.626      0.230    1460.11    1460.61  0.000e+00
       5205     52.500     9.5077     9.5959     0.0880    1.41029    1.43008          1     3.1061     2.9123       9.60     0.0000  3.085e-13  1.000e-12  3.241e+02    11.9283    12.0803     0.1520     9.0558     9.1641     52.017     53.131      0.287    1460.83    1461.36  0.000e+00
       5249     53.000     9.5784     9.5854     0.0070    1.44247    1.46648          1     2.8147     2.5972       9.07     0.0000  3.078e-13  1.000e-12  3.249e+02    12.1997    12.4176     0.2180     9.2589     9.4276     52.512     53.636      0.268    1461.44    1461.73  0.000e+00
       5291     53.500     9.5717     9.6297     0.0580    1.47816    1.51034          1     2.4113     2.2636       8.64     0.0000  3.078e-13  1.000e-12  3.249e+02    12.5296    12.8050     0.2754     9.5163     9.7237     53.007     54.140      0.314    1461.82    1462.38  0.000e+00
       5332     54.000     9.6843     9.7385     0.0542    1.53442    1.55811          1     2.0595     1.9781       8.18     0.0000  3.078e-13  1.000e-12  3.249e+02    13.0069    13.2053     0.1984     9.8744    10.0222     53.503     54.645      0.245    1462.85    1463.30  0.000e+00
       5390     54.500     9.6904     9.6762    -0.0142    1.57041    1.58814          1     1.7466     1.6377       7.72     0.0000  3.078e-13  1.000e-12  3.249e+02    13.3363    13.5052     0.1689    10.1297    10.2627     53.998     55.149      0.227    1463.28    1463.43  0.000e+00
       5434     55.000     9.5925     9.5011    -0.0915    1.59300    1.60728          1     1.4079     1.3376       7.21     0.0000  3.078e-13  1.000e-12  3.249e+02    13.5816    13.7486     0.1670    10.3320    10.4726     54.493     55.653      0.319    1463.21    1463.06  0.000e+00
       5472     55.500     9.4448     9.1421    -0.3027    1.60929    1.62578          1     1.0775     0.9530       6.65     0.0000  3.078e-13  1.000e-12  3.249e+02    13.7888    14.0607     0.2718    10.5104    10.7567     54.989     56.157      0.300    1462.90    1462.05  0.000e+00
