ctdpy/tests/etc/all_smhi_bas_2018/SBE09_1044_20181205_0338_34_01_0151.cnv
* Sea-Bird SBE 9 Data File:
* FileName = C:\ctd\temp\ar18d151.hex
* Software Version Seasave V 7.26.7.107
* Temperature SN = 5351
* Conductivity SN = 3941
* Number of Bytes Per Scan = 41
* Number of Voltage Words = 4
* Number of Scans Averaged by the Deck Unit = 1
* NMEA Latitude = 58 52.90 N
* NMEA Longitude = 020 19.73 E
* NMEA UTC (Time) = Dec 05 2018  03:38:11
* NMEA baud rate = 4800
** Station:  BY29
** Operator:  JKro
** Ship: ARANDA
** Average sound velocity: 1443.58 m/s
** True-depth calculation Sun, 09 Dec 2018 13:43:15 +0000
** CTD Python Module SMHI /ver 3-12/ feb 2012 
** LIMS Job: 20183401-0151
** Cruise: SMHI-7-2018
** Latitude [GG MM.mm N]:
** Longitude [GG MM.mm E]
# nquan = 26
# nvalues = 335                         
# units = specified
# name 0 = scan: Scan Count
# name 1 = prDM: Pressure, Digiquartz [db]
# name 2 = t090C: Temperature [ITS-90, deg C]
# name 3 = t190C: Temperature, 2 [ITS-90, deg C]
# name 4 = T2-T190C: Temperature Difference, 2 - 1 [ITS-90, deg C]
# name 5 = c0S/m: Conductivity [S/m]
# name 6 = c1S/m: Conductivity, 2 [S/m]
# name 7 = pumps: Pump Status
# name 8 = sbeox0ML/L: Oxygen, SBE 43 [ml/l]
# name 9 = sbeox1ML/L: Oxygen, SBE 43, 2 [ml/l]
# name 10 = altM: Altimeter [m]
# name 11 = flECO-AFL: Chl-a Fluorescence, WET Labs ECO-AFL/FL [mg/m^3]
# name 12 = flECO-AFL1: Phycocyanin Fluorescence, WET Labs ECO-AFL/FL, 2 [mg/m^3]
# name 13 = par: PAR/Irradiance, Biospherical/Lico [µE/(cm^2*s)]
# name 14 = turbWETntu0: Turbidity, WET Labs ECO [NTU]
# name 15 = sal00: Salinity, Practical [PSU]
# name 16 = sal11: Salinity, Practical, 2 [PSU]
# name 17 = secS-priS: Salinity, Practical, Difference, 2 - 1 [PSU]
# name 18 = sigma-t00: Density [sigma-t, Kg/m^3 ]
# name 19 = sigma-t11: Density, 2 [sigma-t, Kg/m^3 ]
# name 20 = depSM: Depth [salt water, m], lat = 58.8817
# name 21 = depFM: Depth [true depth, m], lat = 58.8817
# name 22 = dz/dtM: Descent Rate [m/s], WS = 2
# name 23 = svCM: Sound Velocity [Chen-Millero, m/s]
# name 24 = svCM1: Sound Velocity, 2 [Chen-Millero, m/s]
# name 25 = flag: flag
# span 0 =      36414,      46222       
# span 1 =      2.500,    169.500       
# span 2 =     3.9066,     7.0705       
# span 3 =     3.9077,     7.0715       
# span 4 =    -0.0530,     0.0418       
# span 5 =   0.788822,   1.251694       
# span 6 =   0.788808,   1.251683       
# span 7 =          1,          1       
# span 8 =    0.02494,    7.83544       
# span 9 =    1.27680,    6.00149       
# span 10 =       2.33,     113.12      
# span 11 =     0.2554,     0.4093      
# span 12 =     0.1338,     0.3885      
# span 13 = 9.2428e-13, 2.9494e-12      
# span 14 =     0.1081,     5.8832      
# span 15 =     6.8367,    11.4707      
# span 16 =     6.8363,    11.4704      
# span 17 =    -0.0388,     0.0174      
# span 18 =     5.2959,     8.9919      
# span 19 =     5.2956,     8.9916      
# span 20 =      2.477,    167.848      
# span 21 =      2.533,    171.408      
# span 22 =     -0.081,      1.668      
# span 23 =    1432.35,    1449.09      
# span 24 =    1432.36,    1449.09      
# span 25 = 0.0000e+00, 0.0000e+00      
# interval = decibars: 0.5              
# start_time = Dec 05 2018 03:38:11 [NMEA time, first data scan]
# bad_flag = -9.990e-29
*END*
      36414      2.500     7.0634     7.0644     0.0011    0.78887    0.78885          1     7.8166     5.7239     113.12     0.3268     0.2303  1.000e-12  0.1081000     6.8370     6.8366    -0.0005     5.2966     5.2962      2.477      2.533      0.055    1443.88    1443.88  0.000e+00
      36440      3.000     7.0641     7.0668     0.0027    0.78889    0.78890          1     7.8210     5.7259      72.37     0.3442     0.2071  1.000e-12  0.1526000     6.8370     6.8366    -0.0004     5.2965     5.2960      2.972      3.040      0.435    1443.89    1443.90  0.000e+00
      36483      3.500     7.0646     7.0665     0.0019    0.78891    0.78891          1     7.8233     5.7155      36.01     0.3728     0.2768  2.949e-12  0.1418000     6.8370     6.8366    -0.0004     5.2965     5.2961      3.467      3.546      0.369    1443.90    1443.91  0.000e+00
      36613      4.000     7.0639     7.0658     0.0019    0.78890    0.78890          1     7.8223     5.6755      99.84     0.3506     0.2872  9.243e-13  0.1284000     6.8370     6.8366    -0.0004     5.2965     5.2961      3.963      4.053      0.842    1443.90    1443.91  0.000e+00
      36621      4.500     7.0638     7.0649     0.0011    0.78890    0.78888          1     7.8207     5.6660      97.46     0.3457     0.2653  1.000e-12  0.1368000     6.8370     6.8365    -0.0005     5.2966     5.2961      4.458      4.559      0.880    1443.91    1443.92  0.000e+00
      36635      5.000     7.0619     7.0620     0.0001    0.78887    0.78883          1     7.8192     5.6480      97.44     0.3518     0.2353  1.000e-12  0.1430000     6.8369     6.8366    -0.0004     5.2967     5.2964      4.953      5.066      0.746    1443.91    1443.91  0.000e+00
      36660      5.500     7.0597     7.0610     0.0013    0.78882    0.78881          1     7.8231     5.6335      97.45     0.3477     0.2164  1.000e-12  0.1473000     6.8369     6.8365    -0.0004     5.2968     5.2964      5.449      5.572      0.406    1443.91    1443.91  0.000e+00
      36699      6.000     7.0644     7.0660     0.0016    0.78894    0.78894          1     7.8263     5.6240      97.42     0.3457     0.2767  1.000e-12  0.1426000     6.8370     6.8366    -0.0003     5.2965     5.2962      5.944      6.079      0.481    1443.94    1443.94  0.000e+00
      36718      6.500     7.0705     7.0664    -0.0041    0.78907    0.78895          1     7.8231     5.6247      97.43     0.3556     0.2446  1.000e-12  0.1429000     6.8370     6.8366    -0.0003     5.2961     5.2961      6.439      6.586      0.513    1443.97    1443.95  0.000e+00
      36754      7.000     7.0637     7.0643     0.0005    0.78893    0.78890          1     7.8194     5.6118      97.44     0.3596     0.2000  1.000e-12  0.1323000     6.8370     6.8366    -0.0004     5.2966     5.2963      6.934      7.092      0.299    1443.95    1443.95  0.000e+00
      36796      7.500     7.0612     7.0643     0.0032    0.78888    0.78891          1     7.8172     5.6049      97.44     0.3522     0.1901  1.000e-12  0.1193000     6.8369     6.8366    -0.0004     5.2967     5.2962      7.430      7.599      0.537    1443.95    1443.96  0.000e+00
      36813      8.000     7.0598     7.0608     0.0010    0.78885    0.78884          1     7.8149     5.6058      97.45     0.3458     0.2217  1.000e-12  0.1288000     6.8369     6.8366    -0.0003     5.2968     5.2965      7.925      8.105      0.706    1443.95    1443.95  0.000e+00
      36829      8.500     7.0606     7.0615     0.0009    0.78888    0.78885          1     7.8186     5.6054      97.44     0.3458     0.2760  1.000e-12  0.1368000     6.8369     6.8365    -0.0004     5.2967     5.2964      8.420      8.612      0.743    1443.96    1443.96  0.000e+00
      36846      9.000     7.0596     7.0608     0.0012    0.78887    0.78884          1     7.8223     5.6082      97.44     0.3345     0.2511  1.000e-12  0.1408000     6.8369     6.8365    -0.0005     5.2968     5.2964      8.916      9.119      0.712    1443.97    1443.97  0.000e+00
      36863      9.500     7.0588     7.0602     0.0014    0.78885    0.78884          1     7.8236     5.6112      97.45     0.3329     0.2317  1.000e-12  0.1372000     6.8370     6.8366    -0.0004     5.2969     5.2965      9.411      9.625      0.662    1443.97    1443.97  0.000e+00
      36882     10.000     7.0592     7.0606     0.0014    0.78887    0.78886          1     7.8240     5.6067      97.44     0.3353     0.2220  1.000e-12  0.1324000     6.8369     6.8366    -0.0004     5.2969     5.2965      9.906     10.132      0.576    1443.98    1443.98  0.000e+00
      36919     10.500     7.0602     7.0615     0.0013    0.78890    0.78888          1     7.8238     5.5973      67.18     0.3484     0.2520  1.000e-12  0.1350000     6.8369     6.8366    -0.0004     5.2968     5.2964     10.402     10.638      0.331    1443.99    1444.00  0.000e+00
      36977     11.000     7.0623     7.0637     0.0013    0.78898    0.78897          1     7.8155     5.5900      98.82     0.3475     0.2443  1.000e-12  0.1352000     6.8372     6.8369    -0.0003     5.2968     5.2965     10.897     11.145      0.607    1444.01    1444.01  0.000e+00
      36989     11.500     7.0669     7.0682     0.0014    0.78914    0.78910          1     7.8165     5.5979      97.44     0.3524     0.2475  1.000e-12  0.1454000     6.8378     6.8371    -0.0007     5.2970     5.2964     11.392     11.651      0.913    1444.04    1444.04  0.000e+00
      37001     12.000     7.0671     7.0683     0.0012    0.78910    0.78909          1     7.8190     5.6000      97.48     0.3697     0.2354  1.000e-12  0.1663000     6.8373     6.8370    -0.0003     5.2966     5.2962     11.888     12.158      1.031    1444.04    1444.05  0.000e+00
      37011     12.500     7.0672     7.0684     0.0012    0.78911    0.78911          1     7.8199     5.5994      97.46     0.3670     0.2225  1.000e-12  0.1657000     6.8373     6.8371    -0.0002     5.2966     5.2963     12.383     12.665      1.014    1444.05    1444.06  0.000e+00
      37024     13.000     7.0666     7.0679     0.0013    0.78914    0.78913          1     7.8168     5.5940      97.45     0.3456     0.2272  1.000e-12  0.1383000     6.8376     6.8373    -0.0003     5.2969     5.2965     12.878     13.171      0.851    1444.06    1444.06  0.000e+00
      37044     13.500     7.0668     7.0681     0.0013    0.78912    0.78912          1     7.8144     5.5914      97.44     0.3525     0.2686  1.000e-12  0.1374000     6.8374     6.8371    -0.0003     5.2967     5.2963     13.374     13.678      0.463    1444.07    1444.07  0.000e+00
      37091     14.000     7.0669     7.0680     0.0012    0.78913    0.78912          1     7.8158     5.5907      97.42     0.3458     0.3003  1.000e-12  0.1344000     6.8374     6.8370    -0.0003     5.2967     5.2963     13.869     14.184      0.356    1444.07    1444.08  0.000e+00
      37116     14.500     7.0674     7.0686     0.0012    0.78915    0.78914          1     7.8177     5.5915      97.45     0.3504     0.2369  1.000e-12  0.1312000     6.8374     6.8371    -0.0004     5.2967     5.2963     14.364     14.691      0.520    1444.09    1444.09  0.000e+00
      37141     15.000     7.0661     7.0673     0.0012    0.78911    0.78910          1     7.8210     5.5884      97.42     0.3575     0.2658  1.000e-12  0.1446000     6.8372     6.8369    -0.0003     5.2966     5.2963     14.859     15.198      0.396    1444.09    1444.09  0.000e+00
      37178     15.500     7.0661     7.0674     0.0013    0.78911    0.78909          1     7.8164     5.5842      97.43     0.3754     0.2416  1.000e-12  0.1497000     6.8372     6.8368    -0.0004     5.2966     5.2962     15.355     15.704      0.392    1444.09    1444.10  0.000e+00
      37200     16.000     7.0666     7.0677     0.0010    0.78913    0.78910          1     7.8089     5.5873      97.46     0.3438     0.2317  1.000e-12  0.1392000     6.8372     6.8367    -0.0004     5.2965     5.2961     15.850     16.211      0.756    1444.11    1444.11  0.000e+00
      37214     16.500     7.0671     7.0687     0.0016    0.78916    0.78915          1     7.8060     5.5886      97.42     0.3334     0.2139  1.000e-12  0.1361000     6.8373     6.8370    -0.0004     5.2966     5.2962     16.345     16.717      0.971    1444.12    1444.12  0.000e+00
      37225     17.000     7.0682     7.0689     0.0007    0.78920    0.78916          1     7.8074     5.5911      97.45     0.3335     0.2071  1.000e-12  0.1316000     6.8374     6.8369    -0.0005     5.2966     5.2962     16.841     17.224      1.049    1444.13    1444.13  0.000e+00
      37235     17.500     7.0683     7.0694     0.0011    0.78921    0.78920          1     7.8094     5.5923      97.47     0.3335     0.2349  1.000e-12  0.1318000     6.8375     6.8371    -0.0003     5.2967     5.2963     17.336     17.730      0.976    1444.14    1444.14  0.000e+00
      37249     18.000     7.0690     7.0708     0.0018    0.78921    0.78919          1     7.8134     5.5923      97.43     0.3335     0.2714  1.000e-12  0.1393000     6.8373     6.8367    -0.0006     5.2965     5.2959     17.831     18.237      0.689    1444.15    1444.16  0.000e+00
      37318     18.500     7.0680     7.0697     0.0017    0.78920    0.78919          1     7.8075     5.5853      97.43     0.3383     0.2249  1.000e-12  0.1449000     6.8373     6.8369    -0.0005     5.2966     5.2961     18.326     18.744      0.353    1444.15    1444.16  0.000e+00
      37350     19.000     7.0688     7.0699     0.0011    0.78924    0.78923          1     7.8046     5.5830      97.45     0.3593     0.1918  1.000e-12  0.1405000     6.8375     6.8371    -0.0003     5.2966     5.2963     18.822     19.250      0.695    1444.16    1444.17  0.000e+00
      37365     19.500     7.0689     7.0698     0.0009    0.78926    0.78925          1     7.8085     5.5855      97.44     0.3694     0.2048  1.000e-12  0.1365000     6.8376     6.8373    -0.0003     5.2967     5.2964     19.317     19.757      0.795    1444.17    1444.17  0.000e+00
      37379     20.000     7.0688     7.0698     0.0010    0.78927    0.78926          1     7.8136     5.5879      97.43     0.3492     0.2322  1.000e-12  0.1409000     6.8376     6.8373    -0.0003     5.2967     5.2964     19.812     20.263      0.757    1444.18    1444.18  0.000e+00
      37397     20.500     7.0682     7.0698     0.0016    0.78927    0.78925          1     7.8147     5.5893      97.43     0.3460     0.2036  1.000e-12  0.1701000     6.8377     6.8372    -0.0005     5.2968     5.2963     20.308     20.770      0.585    1444.18    1444.19  0.000e+00
      37424     21.000     7.0685     7.0701     0.0016    0.78925    0.78923          1     7.8148     5.5874      97.43     0.3575     0.2171  1.000e-12  0.1778000     6.8374     6.8369    -0.0005     5.2966     5.2961     20.803     21.277      0.407    1444.19    1444.20  0.000e+00
      37452     21.500     7.0699     7.0710     0.0011    0.78922    0.78921          1     7.8175     5.5845      97.46     0.3629     0.2132  1.000e-12  0.1454000     6.8368     6.8364    -0.0004     5.2960     5.2957     21.298     21.783      0.518    1444.21    1444.21  0.000e+00
      37473     22.000     7.0704     7.0715     0.0011    0.78923    0.78922          1     7.8159     5.5882      97.46     0.3614     0.2292  1.000e-12  0.1453000     6.8367     6.8364    -0.0003     5.2959     5.2956     21.793     22.290      0.617    1444.22    1444.22  0.000e+00
      37492     22.500     7.0696     7.0712     0.0016    0.78924    0.78923          1     7.8139     5.5884      97.45     0.3697     0.2394  1.000e-12  0.1372000     6.8369     6.8365    -0.0004     5.2961     5.2957     22.289     22.796      0.596    1444.22    1444.23  0.000e+00
      37514     23.000     7.0691     7.0712     0.0022    0.78923    0.78922          1     7.8137     5.5904      97.45     0.3452     0.2256  1.000e-12  0.1432000     6.8369     6.8363    -0.0005     5.2961     5.2956     22.784     23.303      0.496    1444.23    1444.24  0.000e+00
      37541     23.500     7.0675     7.0690     0.0015    0.78924    0.78922          1     7.8165     5.5909      97.43     0.3442     0.3885  1.000e-12  0.1375000     6.8372     6.8368    -0.0005     5.2965     5.2961     23.279     23.810      0.422    1444.23    1444.23  0.000e+00
      37569     24.000     7.0646     7.0660     0.0015    0.78925    0.78924          1     7.8166     5.5865      64.41     0.3334     0.2401  1.000e-12  0.1376000     6.8378     6.8375    -0.0004     5.2972     5.2968     23.774     24.316      0.480    1444.23    1444.23  0.000e+00
      37592     24.500     7.0641     7.0654     0.0013    0.78926    0.78925          1     7.8112     5.5897      28.86     0.3359     0.2338  1.000e-12  0.1390000     6.8380     6.8376    -0.0004     5.2974     5.2970     24.270     24.823      0.467    1444.23    1444.24  0.000e+00
      37624     25.000     7.0564     7.0577     0.0013    0.78928    0.78927          1     7.8117     5.5913      40.23     0.3522     0.2349  1.000e-12  0.1438000     6.8396     6.8393    -0.0004     5.2992     5.2988     24.765     25.329      0.329    1444.21    1444.21  0.000e+00
      37660     25.500     7.0442     7.0446     0.0004    0.78931    0.78929          1     7.8054     5.5881      88.24     0.3281     0.2098  1.000e-12  0.1365000     6.8423     6.8420    -0.0002     5.3020     5.3018     25.260     25.836      0.472    1444.17    1444.17  0.000e+00
      37680     26.000     7.0421     7.0404    -0.0017    0.78933    0.78933          1     7.8045     5.5887      97.60     0.3336     0.2402  1.000e-12  0.1408000     6.8428     6.8431     0.0004     5.3026     5.3030     25.756     26.342      0.668    1444.17    1444.16  0.000e+00
      37697     26.500     7.0365     7.0396     0.0030    0.78936    0.78933          1     7.8080     5.5898      97.44     0.3459     0.2475  1.000e-12  0.1420000     6.8441     6.8433    -0.0008     5.3040     5.3031     26.251     26.849      0.730    1444.16    1444.17  0.000e+00
      37713     27.000     7.0380     7.0416     0.0036    0.78936    0.78933          1     7.8123     5.5910      97.43     0.3221     0.2150  1.000e-12  0.1420000     6.8438     6.8428    -0.0010     5.3036     5.3026     26.746     27.356      0.714    1444.17    1444.18  0.000e+00
      37730     27.500     7.0555     7.0492    -0.0063    0.78933    0.78933          1     7.8122     5.5899      97.44     0.3328     0.2203  1.000e-12  0.1409000     6.8399     6.8412     0.0012     5.2995     5.3008     27.241     27.862      0.686    1444.25    1444.22  0.000e+00
      37748     28.000     7.0651     7.0658     0.0007    0.78932    0.78930          1     7.8133     5.5912      97.45     0.3458     0.2465  1.000e-12  0.1372000     6.8379     6.8376    -0.0003     5.2972     5.2969     27.737     28.369      0.660    1444.29    1444.29  0.000e+00
      37767     28.500     7.0646     7.0650     0.0004    0.78933    0.78931          1     7.8123     5.5904      97.45     0.3572     0.2447  1.000e-12  0.1376000     6.8380     6.8378    -0.0003     5.2974     5.2971     28.232     28.875      0.537    1444.30    1444.30  0.000e+00
      37835     29.000     7.0649     7.0652     0.0003    0.78933    0.78931          1     7.8121     5.5900      97.46     0.3453     0.2263  1.000e-12  0.1387000     6.8379     6.8377    -0.0002     5.2972     5.2970     28.727     29.382      0.316    1444.31    1444.31  0.000e+00
      37882     29.500     7.0665     7.0684     0.0019    0.78933    0.78931          1     7.8103     5.5830      97.34     0.3367     0.1907  1.000e-12  0.1458000     6.8376     6.8370    -0.0006     5.2969     5.2963     29.222     29.889      0.685    1444.32    1444.33  0.000e+00
