ctdpy/tests/etc/all_smhi_bas_2018/SBE09_1044_20180203_2043_34_02_0055.cnv
* Sea-Bird SBE 9 Data File:
* FileName = C:\ctd\temp\2018\ME18D055.hex
* Software Version Seasave V 7.26.6.26
* Temperature SN = 5351
* Conductivity SN = 3941
* Number of Bytes Per Scan = 41
* Number of Voltage Words = 4
* Number of Scans Averaged by the Deck Unit = 1
* NMEA Latitude = 58 17.66 N
* NMEA Longitude = 010 50.67 E
* NMEA UTC (Time) = Feb 03 2018  20:43:58
* NMEA baud rate = 4800
** Station:  A15
** Operator:  SSip
** Ship: MERI
** Average sound velocity: 1477.21 m/s
** True-depth calculation Sat, 03 Feb 2018 21:30:54 +0000
** CTD Python Module SMHI /ver 3-12/ feb 2012 
** LIMS Job: 20183402-0055
** Cruise: SMHI-01-2018
** Latitude [GG MM.mm N] :
** Longitude [GG MM.mm E]:
# nquan = 26
# nvalues = 257                         
# units = specified
# name 0 = scan: Scan Count
# name 1 = prDM: Pressure, Digiquartz [db]
# name 2 = t090C: Temperature [ITS-90, deg C]
# name 3 = t190C: Temperature, 2 [ITS-90, deg C]
# name 4 = T2-T190C: Temperature Difference, 2 - 1 [ITS-90, deg C]
# name 5 = c0S/m: Conductivity [S/m]
# name 6 = c1S/m: Conductivity, 2 [S/m]
# name 7 = pumps: Pump Status
# name 8 = sbeox0ML/L: Oxygen, SBE 43 [ml/l]
# name 9 = sbeox1ML/L: Oxygen, SBE 43, 2 [ml/l]
# name 10 = altM: Altimeter [m]
# name 11 = flECO-AFL: Chl-a Fluorescence, WET Labs ECO-AFL/FL [mg/m^3]
# name 12 = flECO-AFL1: Phycocyanin Fluorescence, WET Labs ECO-AFL/FL, 2 [mg/m^3]
# name 13 = par: PAR/Irradiance, Biospherical/Lico [µE/(cm^2*s)]
# name 14 = turbWETntu0: Turbidity, WET Labs ECO [NTU]
# name 15 = sal00: Salinity, Practical [PSU]
# name 16 = sal11: Salinity, Practical, 2 [PSU]
# name 17 = secS-priS: Salinity, Practical, Difference, 2 - 1 [PSU]
# name 18 = sigma-t00: Density [sigma-t, Kg/m^3 ]
# name 19 = sigma-t11: Density, 2 [sigma-t, Kg/m^3 ]
# name 20 = depSM: Depth [salt water, m], lat = 58.2943
# name 21 = depFM: Depth [true depth, m], lat = 58.2943
# name 22 = dz/dtM: Descent Rate [m/s], WS = 2
# name 23 = svCM: Sound Velocity [Chen-Millero, m/s]
# name 24 = svCM1: Sound Velocity, 2 [Chen-Millero, m/s]
# name 25 = flag: flag
# span 0 =       5601,      11478       
# span 1 =      2.500,    130.500       
# span 2 =     3.1816,     7.7300       
# span 3 =     3.1822,     7.7355       
# span 4 =    -0.0500,     0.1843       
# span 5 =   2.576514,   3.570141       
# span 6 =   2.576683,   3.570246       
# span 7 =          1,          1       
# span 8 =    6.00506,    7.36721       
# span 9 =    6.00185,    7.39191       
# span 10 =       1.40,      99.37      
# span 11 =     0.1019,     0.9078      
# span 12 =     0.2734,     0.4737      
# span 13 = -1.607e-05, 7.1757e-02      
# span 14 =     0.2107,     2.7288      
# span 15 =    27.7261,    34.8793      
# span 16 =    27.7273,    34.8806      
# span 17 =    -0.0222,     0.4409      
# span 18 =    22.0704,    27.3789      
# span 19 =    22.0713,    27.3800      
# span 20 =      2.477,    129.247      
# span 21 =      2.491,    129.475      
# span 22 =     -0.087,      1.252      
# span 23 =    1453.80,    1481.70      
# span 24 =    1453.81,    1481.70      
# span 25 = 0.0000e+00, 0.0000e+00      
# interval = decibars: 0.5              
# start_time = Feb 03 2018 20:43:58 [NMEA time, first data scan]
# bad_flag = -9.990e-29
*END*
       5601      2.500     3.1816     3.1824     0.0008    2.57651    2.57675          1     7.3579     7.3919      75.97     0.9056     0.4262  7.176e-02  1.2395000    27.7261    27.7281     0.0020    22.0704    22.0719      2.477      2.491      0.301    1453.80    1453.81  0.000e+00
       5716      3.000     3.1838     3.1822    -0.0016    2.57678    2.57668          1     7.3672     7.3919       3.29     0.9074     0.4260  2.868e-02  1.3257000    27.7271    27.7273     0.0002    22.0710    22.0713      2.972      2.990      0.682    1453.82    1453.81  0.000e+00
       5734      3.500     3.1970     3.1863    -0.0107    2.57977    2.57757          1     7.3620     7.3884       1.46     0.9074     0.4351  2.512e-02  1.3596000    27.7509    27.7341    -0.0168    22.0890    22.0764      3.467      3.488      0.716    1453.92    1453.85  0.000e+00
       5752      4.000     3.2038     3.1986    -0.0052    2.58130    2.58029          1     7.3598     7.3769       1.48     0.8986     0.4205  6.559e-03  1.3164000    27.7629    27.7554    -0.0075    22.0980    22.0924      3.963      3.986      0.592    1453.97    1453.94  0.000e+00
       5798      4.500     3.1992     3.1983    -0.0010    2.58043    2.58033          1     7.3571     7.3669       1.40     0.8952     0.4737 -1.607e-05  1.2065000    27.7563    27.7559    -0.0004    22.0931    22.0928      4.458      4.484      0.359    1453.95    1453.95  0.000e+00
       5848      5.000     3.1938     3.1944     0.0006    2.57922    2.57923          1     7.3552     7.3691      73.47     0.9078     0.4708  9.662e-13  1.1373000    27.7465    27.7460    -0.0004    22.0857    22.0853      4.953      4.983      0.710    1453.92    1453.92  0.000e+00
       5860      5.500     3.1964     3.1978     0.0013    2.57967    2.58018          1     7.3527     7.3706      98.52     0.9074     0.4526  1.000e-12  1.2516000    27.7493    27.7541     0.0048    22.0877    22.0915      5.449      5.481      0.921    1453.94    1453.96  0.000e+00
       5872      6.000     3.1926     3.1955     0.0028    2.57899    2.57974          1     7.3521     7.3681      98.70     0.9074     0.4150  1.000e-12  1.2607000    27.7443    27.7507     0.0064    22.0841    22.0889      5.944      5.979      0.966    1453.93    1453.95  0.000e+00
       5884      6.500     3.1934     3.1936     0.0002    2.57914    2.57917          1     7.3517     7.3614      98.71     0.8848     0.3863  1.000e-12  1.3872000    27.7452    27.7453     0.0002    22.0847    22.0848      6.440      6.477      0.867    1453.94    1453.94  0.000e+00
       5901      7.000     3.2017     3.2029     0.0012    2.58040    2.58067          1     7.3544     7.3609      98.70     0.8790     0.4302  1.000e-12  1.4019000    27.7527    27.7549     0.0022    22.0900    22.0917      6.935      6.976      0.609    1454.00    1454.00  0.000e+00
       5951      7.500     3.2011     3.2041     0.0029    2.58063    2.58131          1     7.3502     7.3463      98.70     0.8766     0.4206  1.000e-12  1.2468000    27.7557    27.7611     0.0055    22.0925    22.0966      7.430      7.474      0.344    1454.01    1454.03  0.000e+00
       5993      8.000     3.2137     3.2113    -0.0023    2.58471    2.58389          1     7.3484     7.3319      98.70     0.8426     0.3384  1.000e-12  1.1628000    27.7928    27.7853    -0.0076    22.1211    22.1152      7.925      7.972      0.752    1454.12    1454.10  0.000e+00
       6004      8.500     3.2601     3.2588    -0.0014    2.59879    2.59842          1     7.3468     7.3318      98.71     0.8434     0.3759  1.000e-12  1.2048000    27.9190    27.9158    -0.0032    22.2180    22.2156      8.421      8.470      0.979    1454.49    1454.48  0.000e+00
       6016      9.000     3.2811     3.2782    -0.0032    2.60498    2.60426          1     7.3448     7.3260      98.70     0.8427     0.3922  1.000e-12  1.3413000    27.9736    27.9677    -0.0060    22.2599    22.2554      8.916      8.969      1.084    1454.66    1454.64  0.000e+00
       6026      9.500     3.2907     3.2896    -0.0010    2.60835    2.60801          1     7.3356     7.3131      98.71     0.8420     0.3878  1.000e-12  1.3390000    28.0049    28.0018    -0.0031    22.2841    22.2817      9.411      9.467      1.077    1454.75    1454.74  0.000e+00
       6037     10.000     3.3021     3.3046     0.0026    2.61193    2.61274          1     7.3081     7.3015      98.71     0.8643     0.3876  1.000e-12  1.4259000    28.0370    28.0444     0.0074    22.3088    22.3145      9.907      9.965      0.983    1454.85    1454.87  0.000e+00
       6051     10.500     3.3171     3.3176     0.0005    2.61661    2.61695          1     7.2901     7.2894      98.70     0.8669     0.4077  1.000e-12  1.4423000    28.0790    28.0826     0.0036    22.3411    22.3439     10.402     10.463      0.773    1454.97    1454.98  0.000e+00
       6073     11.000     3.3214     3.3197    -0.0017    2.61769    2.61693          1     7.2753     7.2654      98.70     0.8857     0.4378  1.000e-12  1.4063000    28.0877    28.0803    -0.0074    22.3477    22.3419     10.897     10.961      0.436    1455.01    1455.00  0.000e+00
       6116     11.500     3.3361     3.3504     0.0144    2.62268    2.62748          1     7.1125     7.0894      98.70     0.8587     0.4123  1.000e-12  1.1802000    28.1336    28.1779     0.0443    22.3830    22.4172     11.393     11.459      0.303    1455.14    1455.26  0.000e+00
       6143     12.000     3.4147     3.4307     0.0159    2.64893    2.65406          1     7.0681     7.0837      98.70     0.8447     0.3929  1.000e-12  1.2331000    28.3743    28.4208     0.0464    22.5685    22.6041     11.888     11.957      0.685    1455.80    1455.93  0.000e+00
       6157     12.500     3.5125     3.5109    -0.0013    2.68031    2.67899          1     7.0629     7.1424      98.71     0.8455     0.4037  1.000e-12  1.2647000    28.6575    28.6434    -0.0141    22.7859    22.7748     12.384     12.455      0.871    1456.59    1456.57  0.000e+00
       6170     13.000     3.5612     3.7487     0.1843    2.69817    2.75006          1     6.9943     7.0932      98.71     0.8548     0.4166  1.000e-12  1.3609000    28.8238    29.2647     0.4409    22.9141    23.2486     12.879     12.953      0.943    1457.02    1458.39  0.000e+00
       6182     13.500     4.1617     4.1730     0.0140    2.85816    2.85952          1     6.8597     6.9653      98.70     0.8454     0.4351  1.000e-12  1.3187000    30.1533    30.1587     0.0055    23.9178    23.9211     13.374     13.451      0.932    1461.29    1461.34  0.000e+00
       6195     14.000     4.3891     4.3907     0.0015    2.91702    2.91523          1     6.7055     6.8102      98.71     0.7848     0.4640  1.000e-12  1.1051000    30.6259    30.6037    -0.0222    24.2711    24.2533     13.870     13.948      0.834    1462.86    1462.84  0.000e+00
       6211     14.500     4.6585     4.6696     0.0110    2.97453    2.97565          1     6.7198     6.8013      98.71     0.7561     0.4645  1.000e-12  0.9970000    31.0394    31.0419     0.0024    24.5722    24.5730     14.365     14.445      0.653    1464.51    1464.56  0.000e+00
       6235     15.000     4.9962     5.0773     0.0802    3.02997    3.04329          1     6.7361     6.8678      98.71     0.6941     0.4384  1.000e-12  0.8023000    31.3579    31.4332     0.0753    24.7890    24.8398     14.860     14.942      0.450    1466.32    1466.75  0.000e+00
       6265     15.500     5.9937     6.0249     0.0323    3.22494    3.23077          1     6.5648     6.6840      98.71     0.5382     0.3983  1.000e-12  0.5962000    32.6127    32.6488     0.0361    25.6666    25.6916     15.355     15.439      0.446    1471.95    1472.13  0.000e+00
       6288     16.000     6.3236     6.3158    -0.0079    3.29292    3.29236          1     6.4541     6.5064      98.70     0.4037     0.3771  1.000e-12  0.4862000    33.0552    33.0564     0.0012    25.9756    25.9775     15.851     15.936      0.555    1473.84    1473.80  0.000e+00
       6309     16.500     6.4226     6.4180    -0.0045    3.31222    3.31190          1     6.4194     6.4305      98.70     0.3623     0.3605  1.000e-12  0.4283000    33.1731    33.1741     0.0010    26.0558    26.0572     16.346     16.432      0.589    1474.38    1474.37  0.000e+00
       6329     17.000     6.4745     6.4652    -0.0090    3.32106    3.31982          1     6.3815     6.3778      98.71     0.3644     0.3601  1.000e-12  0.4001000    33.2205    33.2157    -0.0048    26.0866    26.0840     16.841     16.928      0.601    1474.65    1474.61  0.000e+00
       6349     17.500     6.5554     6.5643     0.0088    3.33468    3.33663          1     6.3604     6.3651      98.70     0.3278     0.3370  1.000e-12  0.3809000    33.2925    33.3053     0.0129    26.1328    26.1418     17.337     17.425      0.653    1475.07    1475.12  0.000e+00
       6366     18.000     6.5985     6.5938    -0.0049    3.34211    3.34134          1     6.3681     6.3796      98.70     0.3156     0.3281  1.000e-12  0.3809000    33.3324    33.3285    -0.0039    26.1587    26.1563     17.832     17.921      0.726    1475.30    1475.28  0.000e+00
       6382     18.500     6.6718     6.6722     0.0005    3.35432    3.35509          1     6.3555     6.3749      98.70     0.3092     0.3311  1.000e-12  0.3809000    33.3956    33.4037     0.0081    26.1989    26.2052     18.327     18.417      0.770    1475.67    1475.68  0.000e+00
       6397     19.000     6.7968     6.8089     0.0122    3.37771    3.37906          1     6.3225     6.3371      98.70     0.3164     0.3544  1.000e-12  0.3528000    33.5313    33.5344     0.0030    26.2893    26.2900     18.823     18.913      0.743    1476.34    1476.39  0.000e+00
       6414     19.500     6.9280     6.9275    -0.0005    3.40060    3.40036          1     6.2825     6.2927      98.70     0.2936     0.3537  1.000e-12  0.3356000    33.6545    33.6524    -0.0022    26.3687    26.3671     19.318     19.410      0.605    1477.01    1477.01  0.000e+00
       6440     20.000     6.9684     6.9827     0.0145    3.40829    3.41079          1     6.2519     6.2665      98.69     0.2558     0.3246  1.000e-12  0.3211000    33.6992    33.7126     0.0134    26.3984    26.4070     19.813     19.906      0.405    1477.23    1477.31  0.000e+00
       6473     20.500     7.0577     7.0618     0.0040    3.42438    3.42628          1     6.2092     6.2309      98.69     0.2388     0.3359  1.000e-12  0.3002000    33.7878    33.8047     0.0169    26.4560    26.4687     20.309     20.402      0.415    1477.70    1477.74  0.000e+00
       6497     21.000     7.1470     7.1409    -0.0060    3.44098    3.44049          1     6.1879     6.2204      98.69     0.2358     0.3535  1.000e-12  0.3066000    33.8817    33.8823     0.0006    26.5177    26.5189     20.804     20.898      0.601    1478.17    1478.15  0.000e+00
       6515     21.500     7.2266     7.2279     0.0012    3.45309    3.45306          1     6.1714     6.2018      98.69     0.2266     0.3433  1.000e-12  0.3113000    33.9355    33.9339    -0.0016    26.5489    26.5474     21.299     21.394      0.741    1478.55    1478.56  0.000e+00
       6530     22.000     7.3574     7.3568    -0.0004    3.47260    3.47239          1     6.1532     6.1790      98.68     0.1988     0.3328  1.000e-12  0.3013000    34.0194    34.0177    -0.0017    26.5966    26.5953     21.794     21.890      0.808    1479.17    1479.17  0.000e+00
       6544     22.500     7.4160     7.4169     0.0009    3.48397    3.48403          1     6.1391     6.1555      98.69     0.1869     0.3306  1.000e-12  0.2859000    34.0852    34.0850    -0.0002    26.6401    26.6398     22.290     22.386      0.783    1479.49    1479.49  0.000e+00
       6560     23.000     7.4921     7.4926     0.0005    3.49831    3.49859          1     6.1204     6.1264      98.68     0.1752     0.3459  1.000e-12  0.2724000    34.1658    34.1683     0.0025    26.6926    26.6946     22.785     22.882      0.649    1479.89    1479.89  0.000e+00
       6584     23.500     7.5244     7.5243    -0.0001    3.50589    3.50614          1     6.1055     6.1025      98.68     0.1636     0.3569  1.000e-12  0.2832000    34.2160    34.2187     0.0027    26.7275    26.7297     23.280     23.378      0.427    1480.08    1480.08  0.000e+00
       6622     24.000     7.5463     7.5543     0.0080    3.51002    3.51196          1     6.0874     6.0901      98.68     0.1483     0.4070  1.000e-12  0.2515000    34.2389    34.2520     0.0131    26.7424    26.7515     23.776     23.874      0.290    1480.20    1480.25  0.000e+00
       6659     24.500     7.5748     7.5718    -0.0030    3.51684    3.51672          1     6.0754     6.0786      98.68     0.1524     0.3455  1.000e-12  0.2395000    34.2844    34.2861     0.0017    26.7741    26.7759     24.271     24.370      0.468    1480.38    1480.37  0.000e+00
       6679     25.000     7.5789     7.5775    -0.0014    3.51837    3.51842          1     6.0869     6.0815      98.68     0.1446     0.3410  1.000e-12  0.2346000    34.2968    34.2987     0.0019    26.7832    26.7849     24.766     24.866      0.666    1480.41    1480.41  0.000e+00
       6695     25.500     7.5869     7.5877     0.0007    3.52108    3.52137          1     6.0882     6.0770      98.68     0.1405     0.3630  1.000e-12  0.2386000    34.3179    34.3203     0.0024    26.7987    26.8004     25.261     25.362      0.752    1480.48    1480.49  0.000e+00
       6711     26.000     7.6074     7.6069    -0.0005    3.52684    3.52688          1     6.0695     6.0703      98.68     0.1382     0.3547  1.000e-12  0.2456000    34.3599    34.3608     0.0009    26.8287    26.8295     25.757     25.858      0.740    1480.62    1480.62  0.000e+00
       6728     26.500     7.6168     7.6164    -0.0004    3.53217    3.53237          1     6.0540     6.0647      98.68     0.1406     0.3425  1.000e-12  0.2422000    34.4080    34.4106     0.0026    26.8652    26.8673     26.252     26.354      0.615    1480.72    1480.72  0.000e+00
       6756     27.000     7.6142     7.6164     0.0022    3.53479    3.53626          1     6.0662     6.0658      98.68     0.1393     0.3251  1.000e-12  0.2428000    34.4387    34.4525     0.0138    26.8897    26.9003     26.747     26.850      0.345    1480.76    1480.78  0.000e+00
       6801     27.500     7.6150     7.6135    -0.0014    3.53719    3.53823          1     6.0918     6.0727      98.68     0.1332     0.3274  1.000e-12  0.2133000    34.4638    34.4766     0.0128    26.9093    26.9196     27.243     27.346      0.326    1480.80    1480.81  0.000e+00
       6827     28.000     7.6209     7.6184    -0.0025    3.54046    3.54035          1     6.0845     6.0606      98.67     0.1258     0.4239  1.000e-12  0.2107000    34.4930    34.4944     0.0014    26.9314    26.9329     27.738     27.842      0.593    1480.87    1480.86  0.000e+00
       6845     28.500     7.6255     7.6246    -0.0009    3.54134    3.54134          1     6.0788     6.0607      98.67     0.1322     0.3336  1.000e-12  0.2201000    34.4978    34.4987     0.0009    26.9345    26.9354     28.233     28.338      0.708    1480.90    1480.90  0.000e+00
       6861     29.000     7.6271     7.6263    -0.0007    3.54180    3.54187          1     6.0723     6.0615      98.67     0.1547     0.3157  1.000e-12  0.2463000    34.5009    34.5025     0.0016    26.9367    26.9381     28.729     28.834      0.712    1480.92    1480.92  0.000e+00
       6879     29.500     7.6369     7.6345    -0.0023    3.54372    3.54354          1     6.0599     6.0537      98.67     0.1436     0.3135  1.000e-12  0.2473000    34.5118    34.5122     0.0005    26.9439    26.9446     29.224     29.330      0.624    1480.98    1480.97  0.000e+00
