ctdpy/tests/etc/all_smhi_bas_2018/SBE09_1044_20181111_1659_34_01_0131.cnv
* Sea-Bird SBE 9 Data File:
* FileName = C:\ctd\temp\ar18d131.hex
* Software Version Seasave V 7.26.7.107
* Temperature SN = 5351
* Conductivity SN = 3941
* Number of Bytes Per Scan = 41
* Number of Voltage Words = 4
* Number of Scans Averaged by the Deck Unit = 1
* NMEA Latitude = 56 40.14 N
* NMEA Longitude = 012 06.70 E
* NMEA UTC (Time) = Nov 11 2018  16:59:50
* NMEA baud rate = 4800
** Station:  Anholt E
** Operator:  A-KTh
** Ship: ARANDA
** Average sound velocity: 1488.18 m/s
** True-depth calculation Sun, 11 Nov 2018 18:22:57 +0000
** CTD Python Module SMHI /ver 3-12/ feb 2012 
** LIMS Job: 20183401-0131
** Cruise: SMHI-6-2018
** Latitude [GG MM.mm N]:
** Longitude [GG MM.mm E]
# nquan = 26
# nvalues = 112                         
# units = specified
# name 0 = scan: Scan Count
# name 1 = prDM: Pressure, Digiquartz [db]
# name 2 = t090C: Temperature [ITS-90, deg C]
# name 3 = t190C: Temperature, 2 [ITS-90, deg C]
# name 4 = T2-T190C: Temperature Difference, 2 - 1 [ITS-90, deg C]
# name 5 = c0S/m: Conductivity [S/m]
# name 6 = c1S/m: Conductivity, 2 [S/m]
# name 7 = pumps: Pump Status
# name 8 = sbeox0ML/L: Oxygen, SBE 43 [ml/l]
# name 9 = sbeox1ML/L: Oxygen, SBE 43, 2 [ml/l]
# name 10 = altM: Altimeter [m]
# name 11 = flECO-AFL: Chl-a Fluorescence, WET Labs ECO-AFL/FL [mg/m^3]
# name 12 = flECO-AFL1: Phycocyanin Fluorescence, WET Labs ECO-AFL/FL, 2 [mg/m^3]
# name 13 = par: PAR/Irradiance, Biospherical/Lico [µE/(cm^2*s)]
# name 14 = turbWETntu0: Turbidity, WET Labs ECO [NTU]
# name 15 = sal00: Salinity, Practical [PSU]
# name 16 = sal11: Salinity, Practical, 2 [PSU]
# name 17 = secS-priS: Salinity, Practical, Difference, 2 - 1 [PSU]
# name 18 = sigma-t00: Density [sigma-t, Kg/m^3 ]
# name 19 = sigma-t11: Density, 2 [sigma-t, Kg/m^3 ]
# name 20 = depSM: Depth [salt water, m], lat = 56.669
# name 21 = depFM: Depth [true depth, m], lat = 56.669
# name 22 = dz/dtM: Descent Rate [m/s], WS = 2
# name 23 = svCM: Sound Velocity [Chen-Millero, m/s]
# name 24 = svCM1: Sound Velocity, 2 [Chen-Millero, m/s]
# name 25 = flag: flag
# span 0 =      39020,      41929       
# span 1 =      1.500,     57.000       
# span 2 =     9.8944,    12.8492       
# span 3 =     9.8967,    12.8501       
# span 4 =    -0.0261,     0.0105       
# span 5 =   2.222023,   3.884284       
# span 6 =   2.223483,   3.884367       
# span 7 =          1,          1       
# span 8 =    4.40201,    6.77717       
# span 9 =    4.22607,    6.47696       
# span 10 =       4.35,      99.23      
# span 11 =     0.1485,     1.5661      
# span 12 =     0.1465,     0.4124      
# span 13 = -1.176e-04, 1.7706e-01      
# span 14 =     0.1992,     1.2548      
# span 15 =    19.3712,    33.2048      
# span 16 =    19.3838,    33.2046      
# span 17 =    -0.0776,     0.0393      
# span 18 =    14.7947,    25.0588      
# span 19 =    14.8042,    25.0585      
# span 20 =      1.486,     56.470      
# span 21 =      1.506,     56.836      
# span 22 =      0.155,      0.710      
# span 23 =    1470.51,    1498.15      
# span 24 =    1470.53,    1498.15      
# span 25 = 0.0000e+00, 0.0000e+00      
# interval = decibars: 0.5              
# start_time = Nov 11 2018 16:59:50 [NMEA time, first data scan]
# bad_flag = -9.990e-29
*END*
[from data line 56]
      40446     29.500    12.4672    12.4707     0.0034    3.78168    3.78261          1     4.6915     4.5164      31.81     0.1832     0.2845  1.000e-12  0.4700000    32.4579    32.4638     0.0059    24.5273    24.5312     29.228     29.506      0.517    1495.87    1495.89  0.000e+00
      40469     30.000    12.4811    12.4799    -0.0012    3.79542    3.79542          1     4.7368     4.5381      31.27     0.1696     0.2631  1.000e-12  0.5018000    32.5771    32.5781     0.0009    24.6170    24.6180     29.723     30.003      0.537    1496.07    1496.07  0.000e+00
      40490     30.500    12.4871    12.4888     0.0017    3.80213    3.80252          1     4.7291     4.5355      30.82     0.1627     0.2442  1.000e-12  0.4159000    32.6358    32.6381     0.0022    24.6614    24.6628     30.219     30.500      0.600    1496.17    1496.17  0.000e+00
      40509     31.000    12.5266    12.5272     0.0007    3.81005    3.81013          1     4.6953     4.5175      30.35     0.1599     0.2230  1.000e-12  0.4237000    32.6769    32.6771     0.0002    24.6856    24.6857     30.714     30.998      0.647    1496.36    1496.36  0.000e+00
      40527     31.500    12.5359    12.5368     0.0009    3.81275    3.81279          1     4.6683     4.5029      29.88     0.1585     0.2621  1.000e-12  0.4276000    32.6944    32.6940    -0.0005    24.6974    24.6969     31.209     31.495      0.626    1496.42    1496.42  0.000e+00
      40548     32.000    12.5445    12.5450     0.0005    3.81413    3.81414          1     4.6644     4.4935      29.30     0.1490     0.2405  1.000e-12  0.4067000    32.6999    32.6996    -0.0003    24.7000    24.6997     31.705     31.991      0.526    1496.46    1496.46  0.000e+00
      40574     32.500    12.5471    12.5474     0.0003    3.81462    3.81461          1     4.6836     4.4857      28.80     0.1490     0.2240  1.000e-12  0.4055000    32.7021    32.7018    -0.0003    24.7012    24.7010     32.200     32.488      0.462    1496.48    1496.48  0.000e+00
      40599     33.000    12.5502    12.5512     0.0010    3.81541    3.81549          1     4.6737     4.4781      28.28     0.1688     0.2458  1.000e-12  0.4052000    32.7068    32.7066    -0.0001    24.7042    24.7039     32.695     32.985      0.550    1496.51    1496.51  0.000e+00
      40618     33.500    12.5661    12.5683     0.0022    3.81800    3.81814          1     4.6481     4.4726      27.85     0.1836     0.2071  1.000e-12  0.4087000    32.7174    32.7168    -0.0006    24.7095    24.7086     33.191     33.482      0.629    1496.58    1496.59  0.000e+00
      40637     34.000    12.5854    12.5865     0.0011    3.82303    3.82297          1     4.6455     4.4685      27.32     0.1634     0.2071  1.000e-12  0.4229000    32.7485    32.7470    -0.0015    24.7298    24.7284     33.686     33.979      0.637    1496.69    1496.69  0.000e+00
      40656     34.500    12.6069    12.6072     0.0003    3.82838    3.82829          1     4.6466     4.4570      26.83     0.1590     0.2295  1.000e-12  0.4394000    32.7806    32.7794    -0.0011    24.7505    24.7496     34.181     34.476      0.580    1496.81    1496.81  0.000e+00
      40679     35.000    12.6233    12.6240     0.0007    3.83192    3.83199          1     4.6307     4.4449      26.34     0.1782     0.2291  1.000e-12  0.4522000    32.7999    32.7999     0.0001    24.7623    24.7622     34.677     34.973      0.491    1496.90    1496.90  0.000e+00
      40705     35.500    12.6259    12.6268     0.0009    3.83406    3.83410          1     4.6173     4.4347      25.74     0.1738     0.1941  1.000e-12  0.4486000    32.8178    32.8173    -0.0004    24.7757    24.7752     35.172     35.470      0.481    1496.93    1496.94  0.000e+00
      40728     36.000    12.6482    12.6483     0.0002    3.84185    3.84167          1     4.5781     4.4034      25.27     0.1808     0.1931  1.000e-12  0.4637000    32.8724    32.8706    -0.0018    24.8137    24.8123     35.667     35.967      0.567    1497.09    1497.08  0.000e+00
      40748     36.500    12.7017    12.7030     0.0012    3.84995    3.85001          1     4.5522     4.3872      24.88     0.1908     0.2347  1.000e-12  0.4940000    32.9026    32.9021    -0.0005    24.8267    24.8261     36.163     36.464      0.633    1497.31    1497.31  0.000e+00
      40766     37.000    12.6863    12.6871     0.0009    3.84878    3.84888          1     4.5637     4.3940      24.41     0.1695     0.2477  1.000e-12  0.4919000    32.9048    32.9050     0.0002    24.8314    24.8314     36.658     36.961      0.627    1497.27    1497.27  0.000e+00
      40787     37.500    12.6731    12.6742     0.0011    3.84793    3.84801          1     4.5920     4.4139      23.84     0.1653     0.2573  1.000e-12  0.4944000    32.9079    32.9078    -0.0001    24.8364    24.8361     37.153     37.458      0.544    1497.23    1497.24  0.000e+00
      40812     38.000    12.6634    12.6641     0.0007    3.84781    3.84782          1     4.6047     4.4266      23.26     0.1639     0.2023  1.000e-12  0.4976000    32.9151    32.9146    -0.0005    24.8438    24.8433     37.649     37.955      0.451    1497.22    1497.22  0.000e+00
      40839     38.500    12.6717    12.6718     0.0001    3.84991    3.84990          1     4.5885     4.4096      22.80     0.1745     0.1545  1.000e-12  0.5015000    32.9277    32.9275    -0.0002    24.8520    24.8518     38.144     38.452      0.523    1497.27    1497.27  0.000e+00
      40859     39.000    12.6780    12.6788     0.0008    3.85256    3.85258          1     4.5792     4.3973      22.41     0.1911     0.1741  1.000e-12  0.5043000    32.9472    32.9467    -0.0004    24.8659    24.8654     38.639     38.949      0.668    1497.32    1497.33  0.000e+00
      40875     39.500    12.6664    12.6675     0.0011    3.85257    3.85269          1     4.5859     4.3972      21.96     0.1497     0.2209  1.000e-12  0.5106000    32.9572    32.9574     0.0002    24.8759    24.8758     39.135     39.446      0.697    1497.30    1497.31  0.000e+00
      40893     40.000    12.6704    12.6705     0.0002    3.85345    3.85343          1     4.5887     4.3873      21.44     0.1629     0.2382  1.000e-12  0.5137000    32.9619    32.9616    -0.0003    24.8788    24.8785     39.630     39.943      0.594    1497.33    1497.33  0.000e+00
      40918     40.500    12.7226    12.7274     0.0048    3.86262    3.86310          1     4.5429     4.3461      20.81     0.1643     0.2091  1.000e-12  0.5810000    33.0034    33.0037     0.0003    24.9008    24.9001     40.125     40.440      0.450    1497.56    1497.58  0.000e+00
      40945     41.000    12.8157    12.8175     0.0017    3.87570    3.87587          1     4.4785     4.3019      20.27     0.1605     0.2190  1.000e-12  0.5608000    33.0462    33.0462     0.0000    24.9157    24.9154     40.621     40.936      0.513    1497.94    1497.94  0.000e+00
      40965     41.500    12.8337    12.8345     0.0008    3.87834    3.87841          1     4.4582     4.2893      19.88     0.1619     0.2365  1.000e-12  0.5322000    33.0553    33.0552    -0.0001    24.9193    24.9191     41.116     41.433      0.668    1498.02    1498.02  0.000e+00
      40982     42.000    12.8385    12.8396     0.0012    3.87962    3.87975          1     4.4606     4.2920      19.49     0.1603     0.2070  1.000e-12  0.5515000    33.0630    33.0633     0.0003    24.9243    24.9243     41.611     41.930      0.710    1498.05    1498.05  0.000e+00
      40999     42.500    12.8432    12.8439     0.0007    3.88081    3.88087          1     4.4696     4.2992      18.96     0.1485     0.2071  1.000e-12  0.5619000    33.0700    33.0700    -0.0001    24.9288    24.9287     42.107     42.427      0.622    1498.08    1498.09  0.000e+00
      41022     43.000    12.8492    12.8501     0.0009    3.88280    3.88291          1     4.4768     4.3028      18.37     0.1722     0.1987  1.000e-12  0.5842000    33.0834    33.0837     0.0003    24.9381    24.9381     42.602     42.924      0.445    1498.13    1498.13  0.000e+00
      41053     43.500    12.8417    12.8426     0.0009    3.88354    3.88363          1     4.4834     4.3020      17.77     0.1539     0.2020  1.000e-12  0.6092000    33.0969    33.0969     0.0001    24.9499    24.9498     43.097     43.421      0.443    1498.13    1498.13  0.000e+00
      41076     44.000    12.8349    12.8357     0.0008    3.88367    3.88375          1     4.4851     4.2960      17.35     0.1682     0.2249  1.000e-12  0.6126000    33.1038    33.1039     0.0000    24.9566    24.9565     43.592     43.918      0.613    1498.12    1498.12  0.000e+00
      41093     44.500    12.8326    12.8332     0.0007    3.88376    3.88385          1     4.4704     4.2925      16.97     0.1647     0.2252  1.000e-12  0.6298000    33.1066    33.1068     0.0002    24.9592    24.9593     44.088     44.415      0.681    1498.12    1498.13  0.000e+00
      41111     45.000    12.8304    12.8311     0.0007    3.88383    3.88391          1     4.4569     4.2916      16.46     0.1613     0.1779  1.000e-12  0.6566000    33.1089    33.1090     0.0001    24.9615    24.9614     44.583     44.911      0.621    1498.13    1498.13  0.000e+00
      41134     45.500    12.8284    12.8292     0.0008    3.88385    3.88393          1     4.4600     4.2927      15.87     0.1510     0.2354  1.000e-12  0.6607000    33.1107    33.1107     0.0000    24.9632    24.9631     45.078     45.408      0.472    1498.13    1498.13  0.000e+00
      41162     46.000    12.8282    12.8290     0.0008    3.88396    3.88403          1     4.4686     4.2930      15.29     0.1611     0.2357  1.000e-12  0.6583000    33.1116    33.1116    -0.0000    24.9640    24.9638     45.574     45.905      0.456    1498.14    1498.14  0.000e+00
      41185     46.500    12.8278    12.8286     0.0008    3.88428    3.88437          1     4.4813     4.2905      14.90     0.1613     0.2219  1.000e-12  0.6741000    33.1149    33.1150     0.0001    24.9666    24.9665     46.069     46.402      0.604    1498.15    1498.15  0.000e+00
      41203     47.000    12.8232    12.8240     0.0008    3.88402    3.88413          1     4.4765     4.2859      14.49     0.1511     0.2269  1.000e-12  0.6853000    33.1162    33.1165     0.0004    24.9685    24.9686     46.564     46.899      0.680    1498.14    1498.15  0.000e+00
      41221     47.500    12.8148    12.8156     0.0008    3.88365    3.88374          1     4.4578     4.2827      13.99     0.1548     0.2316  1.000e-12  0.7019000    33.1199    33.1199     0.0000    24.9730    24.9729     47.060     47.396      0.629    1498.13    1498.13  0.000e+00
      41242     48.000    12.7942    12.7961     0.0019    3.88272    3.88284          1     4.4424     4.2737      13.42     0.1667     0.2078  1.000e-12  0.7764000    33.1288    33.1283    -0.0005    24.9840    24.9832     47.555     47.893      0.498    1498.08    1498.08  0.000e+00
      41269     48.500    12.7825    12.7837     0.0012    3.88241    3.88252          1     4.4335     4.2608      12.91     0.1844     0.2069  1.000e-12  0.8983000    33.1360    33.1360     0.0000    24.9918    24.9916     48.050     48.390      0.478    1498.06    1498.06  0.000e+00
      41292     49.000    12.7688    12.7699     0.0011    3.88192    3.88202          1     4.4264     4.2542      12.43     0.1917     0.1787  1.000e-12  0.9233000    33.1431    33.1431    -0.0000    25.0000    24.9998     48.546     48.886      0.557    1498.03    1498.03  0.000e+00
      41312     49.500    12.7588    12.7597     0.0008    3.88183    3.88193          1     4.4298     4.2465      11.97     0.1843     0.2388  1.000e-12  0.9801000    33.1509    33.1510     0.0002    25.0079    25.0079     49.041     49.383      0.613    1498.01    1498.01  0.000e+00
      41331     50.000    12.7545    12.7552     0.0007    3.88218    3.88229          1     4.4229     4.2425      11.50     0.1818     0.2317  1.000e-12  1.1423000    33.1578    33.1582     0.0004    25.0141    25.0143     49.536     49.880      0.611    1498.01    1498.01  0.000e+00
      41352     50.500    12.7550    12.7557     0.0007    3.88255    3.88262          1     4.4091     4.2371      10.99     0.1891     0.1711  1.000e-12  1.2377000    33.1607    33.1607     0.0000    25.0163    25.0162     50.031     50.377      0.549    1498.03    1498.03  0.000e+00
      41375     51.000    12.7556    12.7565     0.0008    3.88297    3.88312          1     4.4026     4.2313      10.47     0.1934     0.2221  1.000e-12  1.2548000    33.1639    33.1645     0.0006    25.0186    25.0190     50.527     50.874      0.522    1498.04    1498.04  0.000e+00
      41397     51.500    12.7533    12.7540     0.0006    3.88357    3.88367          1     4.4050     4.2344       9.99     0.1916     0.2078  1.000e-12  1.1972000    33.1715    33.1718     0.0003    25.0250    25.0251     51.022     51.371      0.551    1498.05    1498.05  0.000e+00
      41420     52.000    12.7463    12.7473     0.0010    3.88370    3.88379          1     4.4185     4.2400       9.47     0.1872     0.2071  1.000e-12  1.1369000    33.1786    33.1786    -0.0001    25.0319    25.0316     51.517     51.867      0.481    1498.04    1498.04  0.000e+00
      41449     52.500    12.7384    12.7396     0.0011    3.88358    3.88369          1     4.4284     4.2418       8.90     0.1953     0.1922  1.000e-12  1.0930000    33.1842    33.1843     0.0000    25.0378    25.0376     52.013     52.364      0.366    1498.03    1498.03  0.000e+00
      41483     53.000    12.7361    12.7368     0.0007    3.88356    3.88365          1     4.4173     4.2375       8.37     0.1891     0.1465  1.000e-12  1.0659000    33.1859    33.1861     0.0002    25.0395    25.0396     52.508     52.861      0.389    1498.03    1498.04  0.000e+00
      41512     53.500    12.7334    12.7344     0.0010    3.88356    3.88366          1     4.4210     4.2404       7.92     0.1752     0.2288  1.000e-12  1.0602000    33.1881    33.1881     0.0000    25.0417    25.0416     53.003     53.358      0.386    1498.03    1498.04  0.000e+00
      41559     54.000    12.7312    12.7322     0.0010    3.88357    3.88367          1     4.4206     4.2432       7.34     0.1827     0.2504  1.000e-12  1.0346000    33.1898    33.1899     0.0001    25.0435    25.0434     53.499     53.855      0.238    1498.04    1498.04  0.000e+00
      41609     54.500    12.7297    12.7309     0.0011    3.88366    3.88377          1     4.4209     4.2432       6.85     0.1799     0.2334  1.000e-12  1.0668000    33.1918    33.1918     0.0000    25.0453    25.0451     53.994     54.352      0.341    1498.04    1498.05  0.000e+00
      41644     55.000    12.7271    12.7281     0.0009    3.88384    3.88392          1     4.4106     4.2352       6.39     0.1841     0.2553  1.000e-12  1.1562000    33.1956    33.1955    -0.0001    25.0488    25.0486     54.489     54.848      0.257    1498.05    1498.05  0.000e+00
      41712     55.500    12.7268    12.7280     0.0013    3.88384    3.88396          1     4.4261     4.2348       5.80     0.1853     0.1806  1.000e-12  1.0510000    33.1957    33.1957     0.0000    25.0489    25.0487     54.984     55.345      0.248    1498.05    1498.06  0.000e+00
      41755     56.000    12.7213    12.7226     0.0012    3.88370    3.88380          1     4.4121     4.2355       5.37     0.1884     0.1975  1.000e-12  1.1049000    33.1990    33.1988    -0.0001    25.0525    25.0522     55.480     55.842      0.244    1498.05    1498.05  0.000e+00
      41814     56.500    12.7159    12.7175     0.0016    3.88356    3.88369          1     4.4020     4.2261       4.81     0.2131     0.2133  1.000e-12  1.1485000    33.2022    33.2020    -0.0002    25.0561    25.0556     55.975     56.339      0.232    1498.04    1498.05  0.000e+00
