ctdpy/tests/etc/all_smhi_bas_2018/SBE09_1044_20180318_0435_34_02_0063.cnv
* Sea-Bird SBE 9 Data File:
* FileName = C:\ctd\temp\2018\ME18D063.hex
* Software Version Seasave V 7.26.6.26
* Temperature SN = 5351
* Conductivity SN = 3941
* Number of Bytes Per Scan = 41
* Number of Voltage Words = 4
* Number of Scans Averaged by the Deck Unit = 1
* NMEA Latitude = 55 22.98 N
* NMEA Longitude = 015 20.02 E
* NMEA UTC (Time) = Mar 18 2018  04:35:17
* NMEA baud rate = 4800
** Station:  BY4
** Operator:  Mhan
** Ship: MERI
** Average sound velocity: 1433.39 m/s
** True-depth calculation Sun, 18 Mar 2018 05:22:27 +0000
** CTD Python Module SMHI /ver 3-12/ feb 2012 
** LIMS Job: 20183402-0063
** Cruise: SMHI-02-2018
** Latitude [GG MM.mm N] :
** Longitude [GG MM.mm E]:
# nquan = 26
# nvalues = 175                         
# units = specified
# name 0 = scan: Scan Count
# name 1 = prDM: Pressure, Digiquartz [db]
# name 2 = t090C: Temperature [ITS-90, deg C]
# name 3 = t190C: Temperature, 2 [ITS-90, deg C]
# name 4 = T2-T190C: Temperature Difference, 2 - 1 [ITS-90, deg C]
# name 5 = c0S/m: Conductivity [S/m]
# name 6 = c1S/m: Conductivity, 2 [S/m]
# name 7 = pumps: Pump Status
# name 8 = sbeox0ML/L: Oxygen, SBE 43 [ml/l]
# name 9 = sbeox1ML/L: Oxygen, SBE 43, 2 [ml/l]
# name 10 = altM: Altimeter [m]
# name 11 = flECO-AFL: Chl-a Fluorescence, WET Labs ECO-AFL/FL [mg/m^3]
# name 12 = flECO-AFL1: Phycocyanin Fluorescence, WET Labs ECO-AFL/FL, 2 [mg/m^3]
# name 13 = par: PAR/Irradiance, Biospherical/Lico [µE/(cm^2*s)]
# name 14 = turbWETntu0: Turbidity, WET Labs ECO [NTU]
# name 15 = sal00: Salinity, Practical [PSU]
# name 16 = sal11: Salinity, Practical, 2 [PSU]
# name 17 = secS-priS: Salinity, Practical, Difference, 2 - 1 [PSU]
# name 18 = sigma-t00: Density [sigma-t, Kg/m^3 ]
# name 19 = sigma-t11: Density, 2 [sigma-t, Kg/m^3 ]
# name 20 = depSM: Depth [salt water, m], lat = 55.383
# name 21 = depFM: Depth [true depth, m], lat = 55.383
# name 22 = dz/dtM: Descent Rate [m/s], WS = 2
# name 23 = svCM: Sound Velocity [Chen-Millero, m/s]
# name 24 = svCM1: Sound Velocity, 2 [Chen-Millero, m/s]
# name 25 = flag: flag
# span 0 =       5233,       9459       
# span 1 =      1.000,     88.000       
# span 2 =     2.1392,     8.3667       
# span 3 =     2.1384,     8.3673       
# span 4 =    -0.0584,     0.0275       
# span 5 =   0.741814,   1.816997       
# span 6 =   0.741770,   1.817028       
# span 7 =          1,          1       
# span 8 =    0.06500,    8.91156       
# span 9 =    0.06173,    8.92265       
# span 10 =       1.90,      98.72      
# span 11 =     0.2531,     0.9928      
# span 12 =     0.2617,     0.4564      
# span 13 = -8.262e-05, 1.0255e+00      
# span 14 =     0.1727,     0.9031      
# span 15 =     7.4294,    16.8910      
# span 16 =     7.4292,    16.8912      
# span 17 =    -0.0856,     0.0202      
# span 18 =     5.9253,    13.1968      
# span 19 =     5.9252,    13.1969      
# span 20 =      0.991,     87.185      
# span 21 =      1.013,     88.943      
# span 22 =      0.022,      1.108      
# span 23 =    1422.75,    1460.20      
# span 24 =    1422.75,    1460.20      
# span 25 = 0.0000e+00, 0.0000e+00      
# interval = decibars: 0.5              
# start_time = Mar 18 2018 04:35:17 [NMEA time, first data scan]
# bad_flag = -9.990e-29
*END*
       5233      1.000     2.1401     2.1396    -0.0005    0.74181    0.74179          1     8.9116     8.9154       4.01     0.9087     0.3695  1.026e+00  0.2173000     7.4294     7.4292    -0.0002     5.9253     5.9252      0.991      1.013      0.158    1422.75    1422.75  0.000e+00
       5296      1.500     2.1392     2.1384    -0.0008    0.74184    0.74177          1     8.9106     8.9113       4.86     0.8787     0.4068  6.071e-01  0.1953000     7.4298     7.4293    -0.0005     5.9256     5.9252      1.486      1.519      0.260    1422.75    1422.75  0.000e+00
       5331      2.000     2.1415     2.1393    -0.0022    0.74189    0.74181          1     8.8981     8.9045       4.65     0.9153     0.4060  2.793e-01  0.1894000     7.4298     7.4295    -0.0004     5.9257     5.9254      1.982      2.025      0.518    1422.77    1422.76  0.000e+00
       5349      2.500     2.1412     2.1411    -0.0001    0.74189    0.74186          1     8.8891     8.9063       4.50     0.9382     0.3965  1.710e-01  0.1881000     7.4298     7.4294    -0.0004     5.9257     5.9253      2.477      2.531      0.837    1422.78    1422.78  0.000e+00
       5361      3.000     2.1410     2.1429     0.0019    0.74190    0.74191          1     8.8852     8.9059       4.42     0.8786     0.3842  1.296e-01  0.1989000     7.4298     7.4295    -0.0004     5.9257     5.9254      2.973      3.038      1.004    1422.78    1422.79  0.000e+00
       5372      3.500     2.1426     2.1435     0.0009    0.74194    0.74193          1     8.8868     8.9088      11.73     0.8785     0.3870  1.126e-01  0.1993000     7.4299     7.4296    -0.0003     5.9257     5.9255      3.468      3.544      1.000    1422.80    1422.80  0.000e+00
       5385      4.000     2.1443     2.1429    -0.0014    0.74199    0.74192          1     8.8940     8.9115      95.45     0.8601     0.4000  1.076e-01  0.1931000     7.4299     7.4295    -0.0004     5.9257     5.9254      3.964      4.050      0.796    1422.82    1422.81  0.000e+00
       5431      4.500     2.1443     2.1440    -0.0004    0.74200    0.74195          1     8.9017     8.9142      98.56     0.8617     0.4070  7.412e-02  0.1990000     7.4299     7.4295    -0.0004     5.9257     5.9254      4.459      4.556      0.418    1422.82    1422.82  0.000e+00
       5480      5.000     2.1414     2.1420     0.0006    0.74194    0.74191          1     8.9086     8.9157      98.58     0.8720     0.4043  1.857e-02  0.2013000     7.4299     7.4294    -0.0004     5.9257     5.9254      4.955      5.063      0.752    1422.82    1422.82  0.000e+00
       5492      5.500     2.1420     2.1426     0.0007    0.74195    0.74194          1     8.9033     8.9155      98.56     0.8803     0.4055  1.268e-02  0.1862000     7.4298     7.4295    -0.0003     5.9256     5.9254      5.450      5.569      0.908    1422.83    1422.83  0.000e+00
       5505      6.000     2.1465     2.1471     0.0005    0.74207    0.74205          1     8.8985     8.9156      98.57     0.8779     0.4056 -8.262e-05  0.1886000     7.4300     7.4296    -0.0003     5.9258     5.9255      5.946      6.075      0.957    1422.86    1422.86  0.000e+00
       5517      6.500     2.1549     2.1553     0.0004    0.74228    0.74225          1     8.8937     8.9184      98.62     0.8654     0.4030  2.748e-11  0.1982000     7.4301     7.4298    -0.0004     5.9260     5.9257      6.441      6.581      0.921    1422.91    1422.91  0.000e+00
       5530      7.000     2.1606     2.1559    -0.0046    0.74241    0.74229          1     8.8951     8.9196      98.63     0.8698     0.4055  1.000e-12  0.1982000     7.4302     7.4300    -0.0002     5.9260     5.9259      6.937      7.088      0.782    1422.94    1422.92  0.000e+00
       5551      7.500     2.1523     2.1529     0.0005    0.74224    0.74224          1     8.8938     8.9227      98.66     0.8799     0.3867  1.000e-12  0.1955000     7.4302     7.4301    -0.0001     5.9260     5.9259      7.432      7.594      0.458    1422.91    1422.91  0.000e+00
       5603      8.000     2.1511     2.1507    -0.0004    0.74220    0.74216          1     8.8952     8.9097      98.70     0.9074     0.4402  1.000e-12  0.2098000     7.4300     7.4296    -0.0004     5.9259     5.9256      7.927      8.100      0.359    1422.91    1422.91  0.000e+00
       5626      8.500     2.1518     2.1515    -0.0003    0.74222    0.74220          1     8.8933     8.9088      98.71     0.9433     0.4495  1.000e-12  0.1929000     7.4300     7.4298    -0.0002     5.9258     5.9257      8.423      8.607      0.625    1422.92    1422.92  0.000e+00
       5644      9.000     2.1554     2.1536    -0.0018    0.74232    0.74224          1     8.8922     8.9109      98.71     0.8969     0.4491  1.000e-12  0.1925000     7.4301     7.4297    -0.0004     5.9260     5.9256      8.918      9.113      0.690    1422.95    1422.94  0.000e+00
       5661      9.500     2.1514     2.1516     0.0002    0.74223    0.74220          1     8.8940     8.9126      98.71     0.8867     0.4386  1.000e-12  0.1914000     7.4300     7.4296    -0.0004     5.9259     5.9256      9.414      9.619      0.647    1422.94    1422.94  0.000e+00
       5681     10.000     2.1525     2.1504    -0.0021    0.74226    0.74218          1     8.8997     8.9104      98.71     0.9017     0.4209  1.000e-12  0.1979000     7.4300     7.4297    -0.0004     5.9259     5.9256      9.909     10.125      0.552    1422.95    1422.94  0.000e+00
       5705     10.500     2.1439     2.1448     0.0009    0.74205    0.74204          1     8.9075     8.9133      98.71     0.9480     0.4359  1.000e-12  0.2061000     7.4298     7.4293    -0.0004     5.9256     5.9253     10.405     10.632      0.530    1422.92    1422.92  0.000e+00
       5726     11.000     2.1431     2.1436     0.0005    0.74203    0.74202          1     8.9097     8.9171      98.71     0.9576     0.3910  1.000e-12  0.1915000     7.4296     7.4294    -0.0002     5.9255     5.9253     10.900     11.138      0.617    1422.92    1422.92  0.000e+00
       5744     11.500     2.1432     2.1436     0.0003    0.74204    0.74203          1     8.9070     8.9166      98.71     0.9347     0.4347  1.000e-12  0.1977000     7.4297     7.4294    -0.0003     5.9256     5.9253     11.396     11.644      0.674    1422.93    1422.93  0.000e+00
       5762     12.000     2.1434     2.1439     0.0005    0.74206    0.74204          1     8.9042     8.9103      98.71     0.9142     0.4515  1.000e-12  0.1930000     7.4298     7.4295    -0.0003     5.9256     5.9254     11.891     12.150      0.614    1422.94    1422.94  0.000e+00
       5786     12.500     2.1429     2.1436     0.0007    0.74206    0.74204          1     8.8995     8.9073      98.71     0.8969     0.3675  1.000e-12  0.1951000     7.4298     7.4294    -0.0004     5.9256     5.9254     12.387     12.657      0.391    1422.94    1422.95  0.000e+00
       5835     13.000     2.1431     2.1435     0.0004    0.74207    0.74205          1     8.8939     8.9045      82.63     0.9297     0.4171  1.000e-12  0.1884000     7.4298     7.4295    -0.0003     5.9256     5.9254     12.882     13.163      0.347    1422.95    1422.95  0.000e+00
       5860     13.500     2.1438     2.1444     0.0005    0.74210    0.74209          1     8.8975     8.9073      98.69     0.9126     0.3617  1.000e-12  0.1804000     7.4298     7.4296    -0.0003     5.9257     5.9255     13.377     13.669      0.785    1422.96    1422.97  0.000e+00
       5872     14.000     2.1448     2.1516     0.0067    0.74214    0.74233          1     8.8987     8.9064      98.72     0.9231     0.3441  1.000e-12  0.1921000     7.4300     7.4304     0.0004     5.9258     5.9261     13.873     14.176      1.018    1422.97    1423.01  0.000e+00
       5883     14.500     2.1525     2.1543     0.0019    0.74241    0.74242          1     8.8956     8.9059      84.01     0.9208     0.3163  1.000e-12  0.1910000     7.4310     7.4307    -0.0004     5.9267     5.9264     14.368     14.682      1.108    1423.02    1423.03  0.000e+00
       5893     15.000     2.1512     2.1519     0.0007    0.74236    0.74234          1     8.8942     8.9059      79.03     0.8792     0.3199  1.000e-12  0.1954000     7.4307     7.4303    -0.0004     5.9264     5.9261     14.864     15.188      1.064    1423.02    1423.02  0.000e+00
       5904     15.500     2.1496     2.1498     0.0002    0.74232    0.74228          1     8.8913     8.9093      88.82     0.8711     0.3658  1.000e-12  0.1981000     7.4305     7.4301    -0.0004     5.9262     5.9260     15.359     15.694      0.862    1423.02    1423.02  0.000e+00
       5943     16.000     2.1479     2.1479    -0.0000    0.74227    0.74223          1     8.8952     8.9107      98.31     0.8794     0.3804  1.000e-12  0.2011000     7.4303     7.4299    -0.0004     5.9261     5.9258     15.855     16.201      0.425    1423.02    1423.02  0.000e+00
       5999     16.500     2.1466     2.1456    -0.0010    0.74222    0.74216          1     8.8939     8.9119      79.88     0.9385     0.3928  1.000e-12  0.1914000     7.4301     7.4296    -0.0004     5.9259     5.9255     16.350     16.707      0.648    1423.02    1423.02  0.000e+00
       6012     17.000     2.1440     2.1449     0.0008    0.74216    0.74214          1     8.8955     8.9111      98.66     0.9441     0.4200  1.000e-12  0.1927000     7.4299     7.4295    -0.0004     5.9257     5.9254     16.846     17.213      0.882    1423.02    1423.02  0.000e+00
       6024     17.500     2.1439     2.1447     0.0008    0.74215    0.74214          1     8.8950     8.9110      77.54     0.9207     0.4171  1.000e-12  0.1990000     7.4298     7.4295    -0.0003     5.9257     5.9254     17.341     17.719      0.970    1423.02    1423.03  0.000e+00
       6036     18.000     2.1444     2.1455     0.0011    0.74218    0.74218          1     8.8964     8.9112      91.20     0.9196     0.4021  1.000e-12  0.2011000     7.4299     7.4296    -0.0003     5.9257     5.9255     17.836     18.226      0.947    1423.04    1423.04  0.000e+00
       6049     18.500     2.1458     2.1461     0.0003    0.74223    0.74220          1     8.8948     8.9100      98.40     0.8838     0.4041  1.000e-12  0.1981000     7.4300     7.4297    -0.0003     5.9258     5.9256     18.332     18.732      0.799    1423.05    1423.05  0.000e+00
       6069     19.000     2.1468     2.1468     0.0001    0.74227    0.74224          1     8.8931     8.9032      98.71     0.8958     0.3855  1.000e-12  0.1991000     7.4302     7.4298    -0.0003     5.9260     5.9257     18.827     19.238      0.494    1423.06    1423.06  0.000e+00
       6108     19.500     2.1484     2.1494     0.0009    0.74233    0.74233          1     8.8912     8.9024      84.92     0.9486     0.4339  1.000e-12  0.1878000     7.4304     7.4301    -0.0003     5.9262     5.9259     19.323     19.744      0.294    1423.08    1423.08  0.000e+00
       6139     20.000     2.1508     2.1523     0.0016    0.74242    0.74245          1     8.8861     8.9055      73.09     0.9120     0.3974  1.000e-12  0.2063000     7.4307     7.4307     0.0000     5.9264     5.9264     19.818     20.251      0.562    1423.10    1423.11  0.000e+00
       6157     20.500     2.1547     2.1562     0.0015    0.74258    0.74261          1     8.8818     8.9039      89.71     0.9329     0.3783  1.000e-12  0.2943000     7.4314     7.4315     0.0000     5.9270     5.9270     20.314     20.757      0.682    1423.13    1423.13  0.000e+00
       6174     21.000     2.1560     2.1567     0.0007    0.74265    0.74264          1     8.8802     8.9003      76.33     0.9339     0.3322  1.000e-12  0.2283000     7.4318     7.4315    -0.0003     5.9273     5.9271     20.809     21.263      0.673    1423.14    1423.14  0.000e+00
       6193     21.500     2.1557     2.1563     0.0006    0.74264    0.74263          1     8.8887     8.9049      85.52     0.9232     0.3792  1.000e-12  0.1956000     7.4317     7.4314    -0.0003     5.9273     5.9270     21.304     21.770      0.573    1423.15    1423.15  0.000e+00
       6217     22.000     2.1554     2.1564     0.0010    0.74264    0.74264          1     8.8908     8.9048      98.54     0.9362     0.4404  1.000e-12  0.1939000     7.4317     7.4315    -0.0002     5.9272     5.9270     21.800     22.276      0.474    1423.15    1423.16  0.000e+00
       6243     22.500     2.1548     2.1556     0.0008    0.74262    0.74262          1     8.8947     8.9011      98.71     0.9733     0.4564  1.000e-12  0.1940000     7.4315     7.4313    -0.0002     5.9271     5.9269     22.295     22.782      0.495    1423.16    1423.16  0.000e+00
       6265     23.000     2.1542     2.1557     0.0014    0.74259    0.74262          1     8.8928     8.9048      98.71     0.9432     0.4501  1.000e-12  0.1849000     7.4313     7.4313    -0.0001     5.9269     5.9269     22.791     23.288      0.575    1423.16    1423.17  0.000e+00
       6285     23.500     2.1540     2.1546     0.0006    0.74259    0.74256          1     8.8852     8.9035      98.71     0.9330     0.4488  1.000e-12  0.1802000     7.4313     7.4308    -0.0005     5.9269     5.9265     23.286     23.795      0.636    1423.17    1423.17  0.000e+00
       6303     24.000     2.1545     2.1551     0.0006    0.74261    0.74260          1     8.8795     8.9032      90.06     0.9138     0.4221  1.000e-12  0.1799000     7.4313     7.4311    -0.0003     5.9269     5.9267     23.781     24.301      0.654    1423.18    1423.18  0.000e+00
       6321     24.500     2.1538     2.1545     0.0008    0.74258    0.74259          1     8.8866     8.9056      69.04     0.9126     0.4198  1.000e-12  0.1961000     7.4311     7.4310    -0.0001     5.9267     5.9267     24.277     24.807      0.625    1423.18    1423.19  0.000e+00
       6342     25.000     2.1532     2.1538     0.0006    0.74258    0.74256          1     8.8965     8.9080      69.94     0.9195     0.4108  1.000e-12  0.2151000     7.4311     7.4308    -0.0003     5.9267     5.9265     24.772     25.313      0.555    1423.19    1423.19  0.000e+00
       6366     25.500     2.1519     2.1536     0.0017    0.74254    0.74257          1     8.8971     8.9014      97.96     0.9421     0.4023  1.000e-12  0.2068000     7.4310     7.4308    -0.0001     5.9266     5.9265     25.268     25.820      0.446    1423.19    1423.20  0.000e+00
       6397     26.000     2.1534     2.1541     0.0007    0.74260    0.74259          1     8.8941     8.9026      98.71     0.9928     0.3972  1.000e-12  0.1949000     7.4312     7.4309    -0.0003     5.9268     5.9266     25.763     26.326      0.381    1423.21    1423.21  0.000e+00
       6426     26.500     2.1579     2.1584     0.0005    0.74283    0.74279          1     8.8862     8.9035      98.71     0.9311     0.3773  1.000e-12  0.1953000     7.4325     7.4320    -0.0005     5.9279     5.9275     26.259     26.832      0.513    1423.24    1423.24  0.000e+00
       6446     27.000     2.1586     2.1573    -0.0013    0.74283    0.74273          1     8.8840     8.9046      92.11     0.9103     0.3980  1.000e-12  0.1927000     7.4323     7.4315    -0.0008     5.9277     5.9271     26.754     27.338      0.670    1423.25    1423.24  0.000e+00
       6462     27.500     2.1521     2.1529     0.0008    0.74255    0.74255          1     8.8851     8.9022      65.19     0.9197     0.4399  1.000e-12  0.1967000     7.4307     7.4305    -0.0002     5.9264     5.9263     27.249     27.845      0.761    1423.22    1423.22  0.000e+00
       6477     28.000     2.1562     2.1569     0.0007    0.74275    0.74273          1     8.8891     8.9013      95.20     0.9063     0.4050  1.000e-12  0.1895000     7.4318     7.4315    -0.0003     5.9273     5.9270     27.745     28.351      0.790    1423.25    1423.25  0.000e+00
