ctdpy/tests/etc/all_smhi_bas_2018/SBE09_1044_20180921_0535_34_01_0035.cnv
* Sea-Bird SBE 9 Data File:
* FileName = C:\ctd\temp\2018\AR18D035.hex
* Software Version Seasave V 7.26.6.26
* Temperature SN = 5351
* Conductivity SN = 3941
* Number of Bytes Per Scan = 41
* Number of Voltage Words = 4
* Number of Scans Averaged by the Deck Unit = 1
* NMEA Latitude = 58 52.91 N
* NMEA Longitude = 020 19.67 E
* NMEA UTC (Time) = Sep 21 2018  05:35:34
* NMEA baud rate = 4800
** Station:  BY29/LL19
** Operator:  Obac
** Ship: ARANDA
** Average sound velocity: 1449.91 m/s
** True-depth calculation Fri, 21 Sep 2018 06:01:31 +0000
** CTD Python Module SMHI /ver 3-12/ feb 2012 
** LIMS Job: 20183401-0035
** Cruise: SMHI-02-2018
** Latitude [GG MM.mm N] :
** Longitude [GG MM.mm E]:
# nquan = 26
# nvalues = 342                         
# units = specified
# name 0 = scan: Scan Count
# name 1 = prDM: Pressure, Digiquartz [db]
# name 2 = t090C: Temperature [ITS-90, deg C]
# name 3 = t190C: Temperature, 2 [ITS-90, deg C]
# name 4 = T2-T190C: Temperature Difference, 2 - 1 [ITS-90, deg C]
# name 5 = c0S/m: Conductivity [S/m]
# name 6 = c1S/m: Conductivity, 2 [S/m]
# name 7 = pumps: Pump Status
# name 8 = sbeox0ML/L: Oxygen, SBE 43 [ml/l]
# name 9 = sbeox1ML/L: Oxygen, SBE 43, 2 [ml/l]
# name 10 = altM: Altimeter [m]
# name 11 = flECO-AFL: Chl-a Fluorescence, WET Labs ECO-AFL/FL [mg/m^3]
# name 12 = flECO-AFL1: Phycocyanin Fluorescence, WET Labs ECO-AFL/FL, 2 [mg/m^3]
# name 13 = par: PAR/Irradiance, Biospherical/Lico [µE/(cm^2*s)]
# name 14 = turbWETntu0: Turbidity, WET Labs ECO [NTU]
# name 15 = sal00: Salinity, Practical [PSU]
# name 16 = sal11: Salinity, Practical, 2 [PSU]
# name 17 = secS-priS: Salinity, Practical, Difference, 2 - 1 [PSU]
# name 18 = sigma-t00: Density [sigma-t, Kg/m^3 ]
# name 19 = sigma-t11: Density, 2 [sigma-t, Kg/m^3 ]
# name 20 = depSM: Depth [salt water, m], lat = 58.8818
# name 21 = depFM: Depth [true depth, m], lat = 58.8818
# name 22 = dz/dtM: Descent Rate [m/s], WS = 2
# name 23 = svCM: Sound Velocity [Chen-Millero, m/s]
# name 24 = svCM1: Sound Velocity, 2 [Chen-Millero, m/s]
# name 25 = flag: flag
# span 0 =       8659,      16146       
# span 1 =      2.000,    172.500       
# span 2 =     3.2427,    16.0243       
# span 3 =     3.2472,    16.0244       
# span 4 =    -0.1002,     0.0983       
# span 5 =   0.744321,   1.284233       
# span 6 =   0.744272,   1.284200       
# span 7 =          1,          1       
# span 8 =    0.02094,    7.35295       
# span 9 =    0.93597,   12.82083       
# span 10 =       2.41,      99.22      
# span 11 =     0.2184,     1.1794      
# span 12 =     0.1388,     0.5569      
# span 13 = -2.094e-05, 9.7096e+01      
# span 14 =     0.1621,     1.7086      
# span 15 =     6.3194,    11.7550      
# span 16 =     6.3192,    11.7543      
# span 17 =    -0.0166,     0.0031      
# span 18 =     3.8013,     9.2076      
# span 19 =     3.8008,     9.2070      
# span 20 =      1.981,    170.818      
# span 21 =      2.029,    174.457      
# span 22 =     -0.135,      0.879      
# span 23 =    1428.54,    1477.49      
# span 24 =    1428.56,    1477.49      
# span 25 = 0.0000e+00, 0.0000e+00      
# interval = decibars: 0.5              
# start_time = Sep 21 2018 05:35:34 [NMEA time, first data scan]
# bad_flag = -9.990e-29
*END*
       8659      2.000    15.9791    15.9806     0.0015    0.91714    0.91712          1     6.4544     4.3892      98.20     1.1228     0.4337  9.710e+01  0.3769000     6.3252     6.3248    -0.0004     3.8013     3.8008      1.981      2.029      0.278    1476.78    1476.78  0.000e+00
       8709      2.500    15.9780    15.9794     0.0014    0.91713    0.91710          1     6.4518     4.3793      98.23     1.1085     0.4375  7.720e+01  0.3479000     6.3252     6.3248    -0.0004     3.8015     3.8010      2.477      2.537      0.354    1476.78    1476.79  0.000e+00
       8814      3.000    15.9774    15.9788     0.0014    0.91712    0.91711          1     6.4379     4.8351      98.23     1.0796     0.4622  6.206e+01  0.3622000     6.3252     6.3249    -0.0003     3.8016     3.8011      2.972      3.044      0.304    1476.79    1476.79  0.000e+00
       8864      3.500    15.9764    15.9777     0.0014    0.91708    0.91707          1     6.4479     4.9203      98.21     1.1032     0.4553  5.086e+01  0.3733000     6.3251     6.3248    -0.0003     3.8017     3.8012      3.467      3.551      0.297    1476.79    1476.80  0.000e+00
       8901      4.000    15.9782    15.9779    -0.0003    0.91723    0.91712          1     6.4369     4.8582      98.23     1.1068     0.4514  4.284e+01  0.3744000     6.3259     6.3251    -0.0008     3.8020     3.8014      3.963      4.059      0.394    1476.81    1476.81  0.000e+00
       8925      4.500    15.9798    15.9806     0.0009    0.91731    0.91727          1     6.4257     4.8505      97.42     1.1309     0.4579  3.599e+01  0.3947000     6.3261     6.3257    -0.0004     3.8020     3.8015      4.458      4.566      0.626    1476.82    1476.82  0.000e+00
       8942      5.000    15.9795    15.9814     0.0019    0.91731    0.91732          1     6.4283     4.8870      32.89     1.1481     0.5565  2.917e+01  0.4284000     6.3262     6.3259    -0.0002     3.8020     3.8015      4.953      5.073      0.691    1476.83    1476.83  0.000e+00
       8960      5.500    15.9791    15.9816     0.0026    0.91730    0.91734          1     6.4261     4.8842      93.93     1.1576     0.5161  2.314e+01  0.3969000     6.3261     6.3260    -0.0001     3.8020     3.8015      5.448      5.581      0.573    1476.84    1476.84  0.000e+00
       8988      6.000    15.9780    15.9815     0.0035    0.91726    0.91734          1     6.4295     4.8479      97.50     1.1671     0.4719  1.927e+01  0.3841000     6.3259     6.3259     0.0001     3.8020     3.8015      5.944      6.088      0.377    1476.84    1476.85  0.000e+00
       9020      6.500    15.9797    15.9818     0.0021    0.91732    0.91734          1     6.4390     5.0083      48.29     1.1698     0.4725  1.697e+01  0.3521000     6.3261     6.3259    -0.0002     3.8019     3.8014      6.439      6.595      0.495    1476.86    1476.86  0.000e+00
       9040      7.000    15.9807    15.9824     0.0017    0.91739    0.91740          1     6.4357     5.1045      98.24     1.1581     0.5079  1.407e+01  0.3683000     6.3264     6.3262    -0.0002     3.8019     3.8015      6.935      7.103      0.661    1476.87    1476.87  0.000e+00
       9057      7.500    15.9813    15.9821     0.0008    0.91742    0.91738          1     6.4331     5.0961      98.24     1.1652     0.5190  1.163e+01  0.3769000     6.3265     6.3261    -0.0004     3.8019     3.8015      7.430      7.610      0.687    1476.88    1476.88  0.000e+00
       9075      8.000    15.9806    15.9820     0.0014    0.91738    0.91738          1     6.4359     5.1061      98.22     1.1674     0.4842  9.544e+00  0.3839000     6.3263     6.3260    -0.0003     3.8019     3.8014      7.925      8.117      0.593    1476.88    1476.89  0.000e+00
       9099      8.500    15.9805    15.9814     0.0009    0.91736    0.91732          1     6.4429     5.2274      98.22     1.1598     0.4586  8.180e+00  0.3757000     6.3261     6.3257    -0.0004     3.8018     3.8013      8.420      8.625      0.468    1476.89    1476.89  0.000e+00
       9126      9.000    15.9801    15.9812     0.0011    0.91734    0.91732          1     6.4400     5.4428      98.20     1.1624     0.5237  7.048e+00  0.3648000     6.3260     6.3256    -0.0003     3.8017     3.8013      8.916      9.132      0.465    1476.90    1476.90  0.000e+00
       9150      9.500    15.9803    15.9819     0.0016    0.91737    0.91736          1     6.4392     5.6560      98.24     1.1327     0.5433  6.032e+00  0.3603000     6.3261     6.3258    -0.0003     3.8018     3.8013      9.411      9.639      0.569    1476.91    1476.91  0.000e+00
       9169     10.000    15.9800    15.9818     0.0018    0.91736    0.91737          1     6.4470     5.9022      98.21     1.1567     0.5278  5.080e+00  0.3651000     6.3260     6.3258    -0.0002     3.8018     3.8013      9.906     10.147      0.652    1476.91    1476.92  0.000e+00
       9187     10.500    15.9792    15.9806     0.0015    0.91733    0.91732          1     6.4477     6.1473      88.92     1.1482     0.5186  4.317e+00  0.3859000     6.3259     6.3256    -0.0003     3.8019     3.8014     10.402     10.654      0.654    1476.92    1476.92  0.000e+00
       9206     11.000    15.9788    15.9798     0.0011    0.91733    0.91730          1     6.4428     6.3995      20.22     1.1510     0.5457  3.755e+00  0.4073000     6.3259     6.3255    -0.0004     3.8019     3.8015     10.897     11.161      0.594    1476.93    1476.93  0.000e+00
       9228     11.500    15.9784    15.9804     0.0019    0.91732    0.91732          1     6.4446     6.5064      68.95     1.1572     0.4829  3.201e+00  0.4182000     6.3259     6.3255    -0.0003     3.8020     3.8014     11.392     11.669      0.516    1476.93    1476.94  0.000e+00
       9252     12.000    15.9796    15.9806     0.0011    0.91738    0.91734          1     6.4349     7.0015      98.42     1.1545     0.4633  2.682e+00  0.3798000     6.3261     6.3256    -0.0004     3.8019     3.8014     11.888     12.176      0.499    1476.94    1476.95  0.000e+00
       9275     12.500    15.9804    15.9818     0.0014    0.91741    0.91740          1     6.4297     7.4123      98.26     1.1422     0.4440  2.264e+00  0.3610000     6.3262     6.3258    -0.0003     3.8018     3.8013     12.383     12.683      0.549    1476.95    1476.96  0.000e+00
       9296     13.000    15.9787    15.9801     0.0014    0.91734    0.91732          1     6.4307     7.6826      98.21     1.1329     0.4519  2.002e+00  0.3718000     6.3258     6.3254    -0.0004     3.8019     3.8014     12.878     13.191      0.580    1476.96    1476.96  0.000e+00
       9317     13.500    15.9780    15.9804     0.0024    0.91731    0.91734          1     6.4307     7.6850      28.46     1.1419     0.4741  1.808e+00  0.3677000     6.3257     6.3255    -0.0002     3.8019     3.8014     13.373     13.698      0.595    1476.96    1476.97  0.000e+00
       9337     14.000    15.9781    15.9801     0.0021    0.91732    0.91732          1     6.4376     7.8849      46.46     1.1406     0.4353  1.572e+00  0.3562000     6.3257     6.3254    -0.0003     3.8019     3.8013     13.869     14.206      0.601    1476.97    1476.98  0.000e+00
       9356     14.500    15.9778    15.9788     0.0010    0.91730    0.91726          1     6.4275     8.3506      76.73     1.1382     0.5199  1.288e+00  0.3568000     6.3256     6.3251    -0.0004     3.8018     3.8013     14.364     14.713      0.599    1476.98    1476.98  0.000e+00
       9377     15.000    15.9784    15.9793     0.0009    0.91732    0.91729          1     6.4327     8.7791      97.69     1.1453     0.5308  1.047e+00  0.3896000     6.3256     6.3252    -0.0004     3.8018     3.8013     14.859     15.220      0.553    1476.99    1476.99  0.000e+00
       9400     15.500    15.9778    15.9785     0.0007    0.91730    0.91725          1     6.4393     9.1892      98.24     1.1453     0.5282  8.913e-01  0.3847000     6.3255     6.3250    -0.0004     3.8017     3.8013     15.355     15.728      0.493    1476.99    1477.00  0.000e+00
       9425     16.000    15.9769    15.9788     0.0019    0.91726    0.91728          1     6.4271     9.3213      98.23     1.1340     0.4928  8.238e-01  0.4034000     6.3253     6.3251    -0.0002     3.8018     3.8013     15.850     16.235      0.541    1477.00    1477.01  0.000e+00
       9445     16.500    15.9780    15.9787     0.0007    0.91733    0.91729          1     6.4369     9.4651      98.27     1.1559     0.4245  7.341e-01  0.3772000     6.3256     6.3252    -0.0005     3.8018     3.8014     16.345     16.742      0.681    1477.01    1477.01  0.000e+00
       9461     17.000    15.9763    15.9787     0.0023    0.91727    0.91729          1     6.4407     9.6045      58.51     1.1500     0.4659  6.264e-01  0.3703000     6.3254     6.3252    -0.0002     3.8020     3.8014     16.841     17.250      0.753    1477.01    1477.02  0.000e+00
       9477     17.500    15.9756    15.9790     0.0033    0.91726    0.91732          1     6.4337     9.6396      43.19     1.1341     0.4632  5.152e-01  0.3656000     6.3253     6.3253    -0.0001     3.8021     3.8014     17.336     17.757      0.703    1477.02    1477.03  0.000e+00
       9496     18.000    15.9759    15.9774     0.0016    0.91726    0.91724          1     6.4353     9.8538      95.75     1.1356     0.4433  4.213e-01  0.3649000     6.3253     6.3249    -0.0004     3.8019     3.8014     17.831     18.264      0.525    1477.03    1477.03  0.000e+00
       9526     18.500    15.9768    15.9794     0.0026    0.91729    0.91732          1     6.4343    10.1982      77.99     1.1414     0.4860  3.641e-01  0.3724000     6.3253     6.3252    -0.0002     3.8019     3.8012     18.326     18.772      0.396    1477.04    1477.05  0.000e+00
       9553     19.000    15.9761    15.9776     0.0014    0.91728    0.91725          1     6.4291    10.0261      10.05     1.1691     0.5244  3.187e-01  0.4042000     6.3253     6.3249    -0.0004     3.8019     3.8014     18.822     19.279      0.582    1477.05    1477.05  0.000e+00
       9570     19.500    15.9766    15.9772     0.0007    0.91729    0.91724          1     6.4442    10.0752      40.62     1.1342     0.4698  2.734e-01  0.4176000     6.3253     6.3248    -0.0005     3.8018     3.8014     19.317     19.786      0.701    1477.06    1477.06  0.000e+00
       9586     20.000    15.9764    15.9753    -0.0011    0.91729    0.91716          1     6.4494     9.9330      22.35     1.1309     0.4868  2.236e-01  0.4169000     6.3253     6.3244    -0.0008     3.8018     3.8014     19.812     20.294      0.699    1477.06    1477.06  0.000e+00
       9605     20.500    15.9734    15.9745     0.0011    0.91715    0.91713          1     6.4454    10.2210      15.83     1.1679     0.4908  1.778e-01  0.3980000     6.3247     6.3243    -0.0004     3.8019     3.8015     20.308     20.801      0.618    1477.06    1477.06  0.000e+00
       9626     21.000    15.9712    15.9722     0.0010    0.91706    0.91702          1     6.4414    10.9040      49.01     1.1384     0.4435  1.478e-01  0.3603000     6.3243     6.3238    -0.0005     3.8020     3.8015     20.803     21.308      0.524    1477.06    1477.06  0.000e+00
       9651     21.500    15.9665    15.9675     0.0011    0.91684    0.91680          1     6.4387    10.6885      46.03     1.1333     0.4851  1.255e-01  0.3994000     6.3233     6.3229    -0.0004     3.8021     3.8016     21.298     21.816      0.489    1477.05    1477.05  0.000e+00
       9675     22.000    15.9666    15.9679     0.0014    0.91684    0.91682          1     6.4269    10.1845      24.51     1.1794     0.4855  1.004e-01  0.3952000     6.3233     6.3229    -0.0004     3.8021     3.8016     21.793     22.323      0.535    1477.06    1477.06  0.000e+00
       9696     22.500    15.9657    15.9639    -0.0019    0.91682    0.91663          1     6.4166    10.5616      99.22     1.1602     0.4626  7.519e-02  0.3811000     6.3233     6.3222    -0.0011     3.8022     3.8017     22.289     22.830      0.616    1477.07    1477.06  0.000e+00
       9714     23.000    15.9597    15.9595    -0.0003    0.91652    0.91643          1     6.4170    10.4035      98.25     1.1313     0.4810  4.665e-02  0.3759000     6.3219     6.3214    -0.0006     3.8022     3.8018     22.784     23.338      0.664    1477.05    1477.05  0.000e+00
       9732     23.500    15.9542    15.9539    -0.0003    0.91629    0.91618          1     6.4260    10.1577      98.23     1.1306     0.5297  3.378e-02  0.3958000     6.3211     6.3203    -0.0008     3.8025     3.8020     23.279     23.845      0.656    1477.04    1477.04  0.000e+00
       9751     24.000    15.9498    15.9512     0.0015    0.91608    0.91607          1     6.4373    10.4892      89.19     1.1118     0.4775  1.947e-02  0.3780000     6.3202     6.3199    -0.0003     3.8026     3.8021     23.775     24.352      0.591    1477.03    1477.04  0.000e+00
       9773     24.500    15.9484    15.9498     0.0014    0.91603    0.91600          1     6.4384    10.2148       9.19     1.0867     0.4407  6.230e-03  0.3731000     6.3199     6.3196    -0.0004     3.8027     3.8022     24.270     24.860      0.515    1477.04    1477.04  0.000e+00
       9797     25.000    15.9467    15.9492     0.0026    0.91597    0.91601          1     6.4164     9.5822      25.68     1.0778     0.4787  1.037e-03  0.3788000     6.3197     6.3197    -0.0001     3.8028     3.8023     24.765     25.367      0.507    1477.04    1477.05  0.000e+00
       9820     25.500    15.9417    15.9506     0.0087    0.91592    0.91619          1     6.4066     9.6509      73.12     1.0875     0.5026 -2.094e-05  0.3646000     6.3201     6.3207     0.0006     3.8040     3.8029     25.260     25.874      0.549    1477.03    1477.06  0.000e+00
       9841     26.000    15.9399    15.9430     0.0031    0.91594    0.91597          1     6.4300     9.7311      97.28     1.0944     0.4948  1.000e-12  0.3399000     6.3205     6.3203    -0.0002     3.8046     3.8039     25.756     26.382      0.591    1477.03    1477.04  0.000e+00
       9861     26.500    15.9370    15.9389     0.0018    0.91583    0.91584          1     6.4275     9.8793      98.26     1.0961     0.5444  1.000e-12  0.3601000     6.3201     6.3199    -0.0002     3.8048     3.8043     26.251     26.889      0.610    1477.03    1477.04  0.000e+00
       9880     27.000    15.9354    15.9369     0.0015    0.91578    0.91576          1     6.4182     9.7184      98.23     1.0955     0.4440  1.000e-12  0.3717000     6.3200     6.3196    -0.0004     3.8050     3.8044     26.746     27.396      0.605    1477.03    1477.04  0.000e+00
       9900     27.500    15.9359    15.9373     0.0014    0.91572    0.91572          1     6.4136     9.3807      98.23     1.0652     0.4430  1.000e-12  0.3655000     6.3194     6.3192    -0.0002     3.8045     3.8041     27.241     27.904      0.597    1477.04    1477.05  0.000e+00
       9921     28.000    15.9364    15.9376     0.0012    0.91576    0.91575          1     6.4083     9.5237      98.24     1.0502     0.4628  1.000e-12  0.3671000     6.3196     6.3193    -0.0003     3.8045     3.8041     27.737     28.411      0.582    1477.05    1477.06  0.000e+00
       9942     28.500    15.9371    15.9384     0.0014    0.91587    0.91586          1     6.4053     9.3397      98.25     1.0618     0.4904  1.000e-12  0.3777000     6.3203     6.3200    -0.0003     3.8049     3.8044     28.232     28.918      0.539    1477.06    1477.07  0.000e+00
       9965     29.000    15.9369    15.9383     0.0014    0.91595    0.91594          1     6.4027     9.1289      98.24     1.0842     0.5569  1.000e-12  0.3518000     6.3208     6.3206    -0.0003     3.8054     3.8049     28.727     29.426      0.513    1477.07    1477.08  0.000e+00
