ctdpy/tests/etc/all_smhi_bas_2018/SBE09_1044_20180528_1743_34_07_0039.cnv
* Sea-Bird SBE 9 Data File:
* FileName = C:\ctd\temp\2018\AU18D039.hex
* Software Version Seasave V 7.26.6.26
* Temperature SN = 5351
* Conductivity SN = 3941
* Number of Bytes Per Scan = 41
* Number of Voltage Words = 4
* Number of Scans Averaged by the Deck Unit = 1
* NMEA Latitude = 55 37.05 N
* NMEA Longitude = 014 52.06 E
* NMEA UTC (Time) = May 28 2018  17:43:10
* NMEA baud rate = 4800
** Station:  HANÖBUKTEN
** Operator:  JKro
** Ship: AURA
** Average sound velocity: 1441.40 m/s
** True-depth calculation Mon, 28 May 2018 18:38:59 +0000
** CTD Python Module SMHI /ver 3-12/ feb 2012 
** LIMS Job: 20183407-0039
** Cruise: SMHI-02-2018
** Latitude [GG MM.mm N] :
** Longitude [GG MM.mm E]:
# nquan = 26
# nvalues = 148                         
# units = specified
# name 0 = scan: Scan Count
# name 1 = prDM: Pressure, Digiquartz [db]
# name 2 = t090C: Temperature [ITS-90, deg C]
# name 3 = t190C: Temperature, 2 [ITS-90, deg C]
# name 4 = T2-T190C: Temperature Difference, 2 - 1 [ITS-90, deg C]
# name 5 = c0S/m: Conductivity [S/m]
# name 6 = c1S/m: Conductivity, 2 [S/m]
# name 7 = pumps: Pump Status
# name 8 = sbeox0ML/L: Oxygen, SBE 43 [ml/l]
# name 9 = sbeox1ML/L: Oxygen, SBE 43, 2 [ml/l]
# name 10 = altM: Altimeter [m]
# name 11 = flECO-AFL: Chl-a Fluorescence, WET Labs ECO-AFL/FL [mg/m^3]
# name 12 = flECO-AFL1: Phycocyanin Fluorescence, WET Labs ECO-AFL/FL, 2 [mg/m^3]
# name 13 = par: PAR/Irradiance, Biospherical/Lico [µE/(cm^2*s)]
# name 14 = turbWETntu0: Turbidity, WET Labs ECO [NTU]
# name 15 = sal00: Salinity, Practical [PSU]
# name 16 = sal11: Salinity, Practical, 2 [PSU]
# name 17 = secS-priS: Salinity, Practical, Difference, 2 - 1 [PSU]
# name 18 = sigma-t00: Density [sigma-t, Kg/m^3 ]
# name 19 = sigma-t11: Density, 2 [sigma-t, Kg/m^3 ]
# name 20 = depSM: Depth [salt water, m], lat = 55.6175
# name 21 = depFM: Depth [true depth, m], lat = 55.6175
# name 22 = dz/dtM: Descent Rate [m/s], WS = 2
# name 23 = svCM: Sound Velocity [Chen-Millero, m/s]
# name 24 = svCM1: Sound Velocity, 2 [Chen-Millero, m/s]
# name 25 = flag: flag
# span 0 =      11269,      15835       
# span 1 =      1.000,     74.500       
# span 2 =     2.9326,    13.3417       
# span 3 =     2.9352,    13.3738       
# span 4 =    -0.3723,     0.1171       
# span 5 =   0.771353,   1.739182       
# span 6 =   0.771535,   1.739235       
# span 7 =          1,          1       
# span 8 =   -0.01253,    9.29258       
# span 9 =   -0.18856,    9.29334       
# span 10 =     -19.08,      98.70      
# span 11 =     0.2241,     4.6552      
# span 12 =     0.1540,     0.5066      
# span 13 = -2.712e-06, 5.7617e+02      
# span 14 =     0.1208,     0.7046      
# span 15 =     7.2078,    15.9454      
# span 16 =     7.2099,    15.9455      
# span 17 =    -0.0232,     0.0049      
# span 18 =     5.1489,    12.4224      
# span 19 =     5.1452,    12.4224      
# span 20 =      0.991,     73.811      
# span 21 =      1.013,     75.357      
# span 22 =     -0.012,      0.513      
# span 23 =    1427.76,    1469.03      
# span 24 =    1427.77,    1469.18      
# span 25 = 0.0000e+00, 0.0000e+00      
# interval = decibars: 0.5              
# start_time = May 28 2018 17:43:11 [NMEA time, first data scan]
# bad_flag = -9.990e-29
*END*
[from data line 56]
      12975     29.000     4.6546     4.6579     0.0034    0.80143    0.80143          1     8.8991     8.8079      97.33     0.2870     0.2217  2.037e-01  0.1360000     7.4645     7.4637    -0.0008     5.9145     5.9138     28.735     29.373      0.464    1434.71    1434.73  0.000e+00
      13004     29.500     4.6429     4.6443     0.0015    0.80148    0.80142          1     8.8760     8.7792      58.07     0.2969     0.2396  1.803e-01  0.1415000     7.4675     7.4666    -0.0009     5.9173     5.9166     29.230     29.880      0.395    1434.67    1434.68  0.000e+00
      13035     30.000     4.5944     4.6037     0.0093    0.80087    0.80102          1     8.7774     8.6628      65.72     0.2759     0.2477  1.629e-01  0.1385000     7.4723     7.4717    -0.0006     5.9228     5.9220     29.726     30.386      0.413    1434.47    1434.51  0.000e+00
      13062     30.500     4.4498     4.4533     0.0035    0.79758    0.79760          1     8.6905     8.5730      52.84     0.2603     0.2118  1.492e-01  0.1425000     7.4719     7.4713    -0.0006     5.9272     5.9266     30.221     30.892      0.472    1433.84    1433.85  0.000e+00
      13086     31.000     4.3974     4.3989     0.0014    0.79666    0.79662          1     8.6853     8.5879      47.58     0.2724     0.2247  1.282e-01  0.1433000     7.4744     7.4738    -0.0006     5.9308     5.9302     30.717     31.399      0.492    1433.61    1433.62  0.000e+00
      13111     31.500     4.4047     4.4042    -0.0005    0.79775    0.79763          1     8.6898     8.6252      47.03     0.2725     0.2240  1.161e-01  0.1480000     7.4837     7.4826    -0.0011     5.9380     5.9371     31.212     31.905      0.452    1433.67    1433.67  0.000e+00
      13140     32.000     4.3926     4.4031     0.0106    0.79844    0.79860          1     8.6750     8.5982      46.71     0.2792     0.2018  1.012e-01  0.1387000     7.4933     7.4926    -0.0007     5.9460     5.9451     31.707     32.411      0.401    1433.63    1433.68  0.000e+00
      13170     32.500     4.2162     4.2235     0.0073    0.79423    0.79424          1     8.5930     8.4630      46.15     0.2504     0.1887  9.188e-02  0.1407000     7.4910     7.4894    -0.0016     5.9493     5.9478     32.203     32.917      0.432    1432.85    1432.88  0.000e+00
      13196     33.000     4.2341     4.2335    -0.0007    0.79512    0.79505          1     8.4220     8.2984      45.77     0.2632     0.1820  7.596e-02  0.1333000     7.4958     7.4952    -0.0006     5.9526     5.9522     32.698     33.424      0.468    1432.94    1432.94  0.000e+00
      13222     33.500     4.2402     4.2404     0.0002    0.79538    0.79532          1     8.3798     8.2556      45.25     0.2725     0.2156  6.256e-02  0.1368000     7.4970     7.4964    -0.0006     5.9534     5.9529     33.194     33.930      0.460    1432.98    1432.98  0.000e+00
      13248     34.000     4.2495     4.2462    -0.0038    0.79574    0.79556          1     8.5010     8.4117      67.62     0.2764     0.2201  5.012e-02  0.1368000     7.4985     7.4974    -0.0011     5.9543     5.9535     33.689     34.436      0.437    1433.03    1433.02  0.000e+00
      13276     34.500     4.5509     4.5341    -0.0163    0.80624    0.80597          1     8.6764     8.6640      72.46     0.2799     0.2187  4.217e-02  0.1378000     7.5354     7.5365     0.0011     5.9742     5.9756     34.184     34.942      0.429    1434.43    1434.36  0.000e+00
      13304     35.000     4.6418     4.6446     0.0027    0.80941    0.80945          1     8.8491     8.7992      43.26     0.2666     0.2070  3.185e-02  0.1371000     7.5465     7.5462    -0.0003     5.9800     5.9796     34.680     35.449      0.441    1434.86    1434.87  0.000e+00
      13331     35.500     4.6616     4.6614    -0.0003    0.81003    0.80997          1     8.9146     8.8202      43.18     0.2603     0.2676  2.320e-02  0.1403000     7.5481     7.5475    -0.0006     5.9806     5.9801     35.175     35.955      0.450    1434.96    1434.95  0.000e+00
      13358     36.000     4.7266     4.7247    -0.0019    0.81209    0.81199          1     8.9373     8.8355      42.97     0.2674     0.2609  1.306e-02  0.1494000     7.5538     7.5533    -0.0006     5.9828     5.9824     35.670     36.461      0.447    1435.26    1435.25  0.000e+00
      13384     36.500     4.8145     4.8118    -0.0027    0.81498    0.81485          1     8.9202     8.8200      42.43     0.2725     0.2439  6.629e-03  0.1540000     7.5625     7.5619    -0.0007     5.9865     5.9861     36.166     36.967      0.456    1435.66    1435.65  0.000e+00
      13411     37.000     4.8180     4.8210     0.0029    0.81537    0.81538          1     8.8760     8.7710      41.88     0.2890     0.2216  1.548e-03  0.1684000     7.5655     7.5650    -0.0005     5.9888     5.9882     36.661     37.474      0.445    1435.69    1435.70  0.000e+00
      13439     37.500     4.7559     4.7637     0.0077    0.81412    0.81420          1     8.8224     8.7027      41.69     0.2882     0.2071  2.398e-04  0.1791000     7.5672     7.5662    -0.0009     5.9923     5.9913     37.157     37.980      0.423    1435.43    1435.46  0.000e+00
      13467     38.000     4.6606     4.6660     0.0054    0.81226    0.81230          1     8.7714     8.6658      41.24     0.2745     0.2394 -2.712e-06  0.2105000     7.5703     7.5694    -0.0009     5.9982     5.9973     37.652     38.486      0.432    1435.02    1435.04  0.000e+00
      13494     38.500     4.6135     4.6170     0.0036    0.81136    0.81137          1     8.7664     8.6775      40.57     0.2952     0.2135  9.940e-13  0.1896000     7.5720     7.5713    -0.0007     6.0012     6.0005     38.147     38.992      0.444    1434.82    1434.83  0.000e+00
      13521     39.000     4.5049     4.5114     0.0064    0.80887    0.80895          1     8.7181     8.6068      40.45     0.2969     0.2303  1.000e-12  0.1866000     7.5718     7.5711    -0.0007     6.0046     6.0039     38.643     39.498      0.450    1434.35    1434.37  0.000e+00
      13548     39.500     4.3607     4.3662     0.0055    0.80555    0.80551          1     8.6299     8.5530      67.94     0.2974     0.2224  1.000e-12  0.1858000     7.5714     7.5697    -0.0017     6.0088     6.0073     39.138     40.005      0.451    1433.71    1433.73  0.000e+00
      13574     40.000     4.1128     4.1117    -0.0011    0.79909    0.79909          1     8.6347     8.5769      39.46     0.3055     0.2447  1.000e-12  0.1676000     7.5630     7.5633     0.0003     6.0093     6.0096     39.633     40.511      0.442    1432.60    1432.59  0.000e+00
      13602     40.500     3.9940     3.9954     0.0015    0.79598    0.79588          1     8.5402     8.5105      37.96     0.2727     0.2021  1.000e-12  0.1545000     7.5586     7.5573    -0.0014     6.0089     6.0078     40.129     41.017      0.411    1432.07    1432.07  0.000e+00
      13632     41.000     3.7689     3.7967     0.0277    0.79000    0.79047          1     8.4263     8.3981      37.14     0.2729     0.2697  1.000e-12  0.1428000     7.5495     7.5479    -0.0016     6.0068     6.0049     40.624     41.523      0.413    1431.05    1431.17  0.000e+00
      13660     41.500     3.4238     3.4283     0.0046    0.78237    0.78226          1     8.4048     8.3392      36.74     0.2563     0.2322  1.000e-12  0.1310000     7.5510     7.5488    -0.0022     6.0146     6.0128     41.120     42.030      0.450    1429.49    1429.51  0.000e+00
      13686     42.000     3.4394     3.4390    -0.0004    0.78406    0.78397          1     8.3916     8.3046      52.01     0.2307     0.2219  1.000e-12  0.1323000     7.5648     7.5640    -0.0008     6.0253     6.0247     41.615     42.536      0.462    1429.59    1429.58  0.000e+00
      13713     42.500     3.4507     3.4542     0.0035    0.78515    0.78515          1     8.3949     8.3091      48.73     0.2241     0.2279  1.000e-12  0.1367000     7.5734     7.5725    -0.0009     6.0320     6.0313     42.110     43.042      0.428    1429.66    1429.67  0.000e+00
      13742     43.000     3.3898     3.3976     0.0077    0.78432    0.78438          1     8.3641     8.2708      58.45     0.2241     0.2228  1.000e-12  0.1385000     7.5790     7.5778    -0.0012     6.0374     6.0364     42.606     43.548      0.397    1429.39    1429.43  0.000e+00
      13772     43.500     3.2672     3.2728     0.0056    0.78214    0.78218          1     8.2941     8.1789      12.63     0.2242     0.2160  1.000e-12  0.1419000     7.5851     7.5841    -0.0009     6.0441     6.0433     43.101     44.054      0.444    1428.85    1428.87  0.000e+00
      13797     44.000     3.1827     3.1867     0.0040    0.78083    0.78083          1     8.2577     8.1470      28.86     0.2740     0.2701  1.000e-12  0.1392000     7.5912     7.5903    -0.0009     6.0501     6.0493     43.596     44.561      0.487    1428.48    1428.49  0.000e+00
      13822     44.500     3.1366     3.1398     0.0032    0.78026    0.78025          1     8.2462     8.1400      33.71     0.2477     0.2489  1.000e-12  0.1284000     7.5960     7.5951    -0.0008     6.0545     6.0538     44.092     45.067      0.438    1428.28    1428.29  0.000e+00
      13853     45.000     3.1164     3.1188     0.0024    0.78031    0.78028          1     8.2253     8.1056      33.70     0.2458     0.2290  1.000e-12  0.1307000     7.6012     7.6003    -0.0009     6.0589     6.0581     44.587     45.573      0.380    1428.20    1428.21  0.000e+00
      13883     45.500     3.1224     3.1227     0.0003    0.78158    0.78149          1     8.2228     8.1111      33.57     0.2421     0.2197  1.000e-12  0.1324000     7.6130     7.6120    -0.0010     6.0682     6.0675     45.082     46.079      0.440    1428.25    1428.25  0.000e+00
      13908     46.000     3.1518     3.1520     0.0002    0.78332    0.78325          1     8.2517     8.1643      33.09     0.2684     0.2171  1.000e-12  0.1216000     7.6242     7.6234    -0.0007     6.0768     6.0762     45.578     46.585      0.470    1428.41    1428.41  0.000e+00
      13935     46.500     3.1483     3.1510     0.0027    0.78419    0.78416          1     8.2826     8.2014      32.59     0.2517     0.1913  1.000e-12  0.1323000     7.6341     7.6331    -0.0010     6.0847     6.0839     46.073     47.092      0.429    1428.41    1428.43  0.000e+00
      13965     47.000     3.1208     3.1244     0.0036    0.78443    0.78442          1     8.2879     8.1854      32.04     0.2562     0.2126  1.000e-12  0.1312000     7.6430     7.6420    -0.0010     6.0922     6.0914     46.569     47.598      0.398    1428.31    1428.32  0.000e+00
      13994     47.500     3.0798     3.0821     0.0023    0.78435    0.78433          1     8.2500     8.1325      31.58     0.2480     0.2088  1.000e-12  0.1292000     7.6519     7.6511    -0.0008     6.0997     6.0991     47.064     48.104      0.433    1428.14    1428.15  0.000e+00
      14020     48.000     3.0465     3.0499     0.0033    0.78477    0.78474          1     8.1742     8.0337      31.02     0.2336     0.2211  1.000e-12  0.1274000     7.6641     7.6630    -0.0011     6.1099     6.1089     47.559     48.610      0.451    1428.01    1428.02  0.000e+00
      14047     48.500     3.0084     3.0116     0.0032    0.78551    0.78548          1     8.0951     7.9366      30.44     0.2394     0.1540  1.000e-12  0.1331000     7.6809     7.6798    -0.0011     6.1237     6.1227     48.055     49.116      0.430    1427.86    1427.88  0.000e+00
      14076     49.000     2.9806     2.9838     0.0032    0.78750    0.78736          1     8.0224     7.8815      29.95     0.2304     0.2245  1.000e-12  0.1301000     7.7084     7.7062    -0.0022     6.1458     6.1441     48.550     49.623      0.419    1427.78    1427.79  0.000e+00
      14105     49.500     2.9681     2.9701     0.0020    0.78938    0.78931          1     7.9663     7.8392      29.40     0.2745     0.2556  1.000e-12  0.1367000     7.7311     7.7299    -0.0012     6.1641     6.1631     49.045     50.129      0.401    1427.76    1427.77  0.000e+00
      14136     50.000     2.9663     2.9679     0.0016    0.79095    0.79091          1     7.9170     7.7870      28.91     0.2466     0.2567  1.000e-12  0.1296000     7.7480     7.7472    -0.0008     6.1776     6.1770     49.541     50.635      0.394    1427.78    1427.79  0.000e+00
      14165     50.500     2.9775     2.9785     0.0010    0.79173    0.79167          1     7.8880     7.7795      28.34     0.2420     0.2066  1.000e-12  0.1274000     7.7534     7.7526    -0.0009     6.1818     6.1811     50.036     51.141      0.446    1427.85    1427.85  0.000e+00
      14190     51.000     2.9761     2.9779     0.0019    0.79242    0.79240          1     7.8743     7.7438      27.85     0.2570     0.2071  1.000e-12  0.1368000     7.7609     7.7603    -0.0007     6.1878     6.1873     50.531     51.647      0.466    1427.86    1427.86  0.000e+00
      14217     51.500     2.9717     2.9737     0.0020    0.79305    0.79300          1     7.8450     7.7188      27.34     0.2443     0.2209  1.000e-12  0.1354000     7.7685     7.7676    -0.0009     6.1939     6.1932     51.027     52.153      0.414    1427.86    1427.86  0.000e+00
      14249     52.000     2.9678     2.9696     0.0018    0.79371    0.79368          1     7.8195     7.7181      26.73     0.2555     0.2258  1.000e-12  0.1270000     7.7764     7.7757    -0.0007     6.2003     6.1997     51.522     52.659      0.371    1427.86    1427.86  0.000e+00
      14280     52.500     2.9677     2.9694     0.0017    0.79406    0.79397          1     7.8102     7.7007      26.23     0.2727     0.1835  1.000e-12  0.1208000     7.7800     7.7787    -0.0014     6.2031     6.2021     52.017     53.165      0.429    1427.87    1427.87  0.000e+00
      14305     53.000     2.9634     2.9651     0.0017    0.79642    0.79623          1     7.7648     7.6397      25.75     0.2538     0.2301  1.000e-12  0.1468000     7.8059     7.8034    -0.0024     6.2238     6.2218     52.513     53.672      0.493    1427.89    1427.89  0.000e+00
      14329     53.500     2.9515     2.9552     0.0037    0.79998    0.79974          1     7.6912     7.5435      25.21     0.2664     0.2330  1.000e-12  0.1511000     7.8462     7.8427    -0.0035     6.2561     6.2533     53.008     54.178      0.467    1427.89    1427.91  0.000e+00
      14358     54.000     2.9326     2.9352     0.0025    0.80903    0.80861          1     7.5407     7.3686      24.59     0.2630     0.2450  1.000e-12  0.1500000     7.9462     7.9411    -0.0051     6.3360     6.3320     53.503     54.684      0.374    1427.95    1427.95  0.000e+00
      14393     54.500     2.9386     2.9393     0.0007    0.81952    0.81920          1     7.3732     7.2176      24.01     0.2633     0.2566  1.000e-12  0.1496000     8.0554     8.0519    -0.0035     6.4231     6.4203     53.999     55.190      0.377    1428.12    1428.12  0.000e+00
      14421     55.000     2.9466     2.9476     0.0010    0.82457    0.82443          1     7.2920     7.1753      23.55     0.2725     0.2435  1.000e-12  0.1716000     8.1067     8.1049    -0.0018     6.4640     6.4625     54.494     55.696      0.469    1428.23    1428.24  0.000e+00
      14445     55.500     2.9626     2.9635     0.0009    0.82937    0.82923          1     7.2245     7.1402      23.14     0.2790     0.2611  1.000e-12  0.1910000     8.1532     8.1515    -0.0017     6.5009     6.4996     54.989     56.202      0.495    1428.38    1428.38  0.000e+00
      14470     56.000     2.9653     2.9669     0.0016    0.83324    0.83303          1     7.2038     7.0964      22.59     0.2851     0.2490  1.000e-12  0.2106000     8.1934     8.1908    -0.0026     6.5329     6.5308     55.485     56.708      0.452    1428.45    1428.45  0.000e+00
