ctdpy/tests/etc/all_smhi_bas_2018/SBE09_1044_20181018_0134_34_01_0104.cnv
* Sea-Bird SBE 9 Data File:
* FileName = C:\LUOTAUS\DATA_IN\hex_in\SMHI\ar18d104.hex
* Software Version Seasave V 7.23.2
* Temperature SN = 5351
* Conductivity SN = 3941
* Number of Bytes Per Scan = 30
* Number of Voltage Words = 4
* Number of Scans Averaged by the Deck Unit = 1
* NMEA baud rate = 4800
** Station:  Å17
** Operator:  DBSj
** Ship: ARANDA
** Average sound velocity: 1487.15 m/s
** True-depth calculation Thu, 18 Oct 2018 03:27:05 +0000
** CTD Python Module SMHI /ver 3-12/ feb 2012 
** LIMS Job: 20183401-0104
** Cruise: SMHI-4-2018
** Latitude [GG MM.mm N]: 58 17.107 N
** Longitude [GG MM.mm E] 10 30.258 E
# nquan = 26
# nvalues = 694                         
# units = specified
# name 0 = scan: Scan Count
# name 1 = prDM: Pressure, Digiquartz [db]
# name 2 = t090C: Temperature [ITS-90, deg C]
# name 3 = t190C: Temperature, 2 [ITS-90, deg C]
# name 4 = T2-T190C: Temperature Difference, 2 - 1 [ITS-90, deg C]
# name 5 = c0S/m: Conductivity [S/m]
# name 6 = c1S/m: Conductivity, 2 [S/m]
# name 7 = pumps: Pump Status
# name 8 = sbeox0ML/L: Oxygen, SBE 43 [ml/l]
# name 9 = sbeox1ML/L: Oxygen, SBE 43, 2 [ml/l]
# name 10 = altM: Altimeter [m]
# name 11 = flECO-AFL: Chl-a Fluorescence, WET Labs ECO-AFL/FL [mg/m^3]
# name 12 = flECO-AFL1: Phycocyanin Fluorescence, WET Labs ECO-AFL/FL, 2 [mg/m^3]
# name 13 = par: PAR/Irradiance, Biospherical/Lico [µE/(cm^2*s)]
# name 14 = turbWETntu0: Turbidity, WET Labs ECO [NTU]
# name 15 = sal00: Salinity, Practical [PSU]
# name 16 = sal11: Salinity, Practical, 2 [PSU]
# name 17 = secS-priS: Salinity, Practical, Difference, 2 - 1 [PSU]
# name 18 = sigma-t00: Density [sigma-t, Kg/m^3 ]
# name 19 = sigma-t11: Density, 2 [sigma-t, Kg/m^3 ]
# name 20 = depSM: Depth [salt water, m], lat = 0
# name 21 = depFM: Depth [true depth, m], lat = 0
# name 22 = dz/dtM: Descent Rate [m/s], WS = 2
# name 23 = svCM: Sound Velocity [Chen-Millero, m/s]
# name 24 = svCM1: Sound Velocity, 2 [Chen-Millero, m/s]
# name 25 = flag: flag
# span 0 =      34817,      69608       
# span 1 =      1.500,    348.000       
# span 2 =     6.7014,    12.5909       
# span 3 =     6.7025,    12.5919       
# span 4 =    -0.0084,     0.0220       
# span 5 =   3.527814,   3.923935       
# span 6 =   3.527863,   3.924030       
# span 7 =          1,          1       
# span 8 =    5.17309,    5.89097       
# span 9 =    4.88816,    5.55965       
# span 10 =       3.58,     124.73      
# span 11 =     0.0161,     1.1200      
# span 12 =     0.1050,     0.3219      
# span 13 = -3.639e-05, 3.5119e-03      
# span 14 =     0.1591,     1.0269      
# span 15 =    33.1920,    35.1323      
# span 16 =    33.1927,    35.1314      
# span 17 =    -0.0047,     0.0194      
# span 18 =    25.0726,    27.5619      
# span 19 =    25.0728,    27.5609      
# span 20 =      1.492,    345.797      
# span 21 =      1.490,    345.104      
# span 22 =     -0.087,      0.822      
# span 23 =    1482.65,    1496.90      
# span 24 =    1482.65,    1496.90      
# span 25 = 0.0000e+00, 0.0000e+00      
# interval = decibars: 0.5              
# start_time = Oct 18 2018 01:34:43 [System UTC, header]
# bad_flag = -9.990e-29
*END*
[from data line 558]
      47131    280.500     6.9922     6.9934     0.0012    3.55242    3.55245          1     5.4557     5.1687      98.71     0.0392     0.2071  1.000e-12  0.3323000    35.1313    35.1303    -0.0010    27.5234    27.5225    278.770    278.197      0.609    1483.40    1483.40  0.000e+00
      47150    281.000     6.9841     6.9862     0.0021    3.55159    3.55169          1     5.4496     5.1768      98.72     0.0398     0.1898  1.000e-12  0.3334000    35.1301    35.1291    -0.0011    27.5236    27.5225    279.266    278.692      0.631    1483.38    1483.38  0.000e+00
      47169    281.500     6.9687     6.9714     0.0027    3.55005    3.55024          1     5.4587     5.1846      98.72     0.0405     0.2176  1.000e-12  0.3867000    35.1286    35.1280    -0.0007    27.5246    27.5237    279.763    279.188      0.547    1483.32    1483.33  0.000e+00
      47196    282.000     6.9249     6.9365     0.0117    3.54570    3.54668          1     5.4617     5.1939      98.72     0.0580     0.2864  1.000e-12  0.3509000    35.1251    35.1241    -0.0011    27.5279    27.5255    280.259    279.683      0.427    1483.16    1483.20  0.000e+00
      47223    282.500     6.9000     6.9029     0.0030    3.54346    3.54362          1     5.4698     5.2073      98.72     0.0269     0.2337  1.000e-12  0.3932000    35.1256    35.1243    -0.0013    27.5317    27.5303    280.756    280.179      0.522    1483.07    1483.08  0.000e+00
      47243    283.000     6.8837     6.8866     0.0029    3.54208    3.54226          1     5.4812     5.2043      98.72     0.0492     0.2082  1.000e-12  0.4130000    35.1266    35.1256    -0.0010    27.5348    27.5336    281.253    280.675      0.659    1483.02    1483.03  0.000e+00
      47260    283.500     6.8803     6.8810     0.0008    3.54182    3.54180          1     5.4874     5.2013      98.71     0.0448     0.2619  1.000e-12  0.4100000    35.1270    35.1261    -0.0010    27.5356    27.5347    281.749    281.170      0.694    1483.01    1483.01  0.000e+00
      47278    284.000     6.8564     6.8650     0.0086    3.53962    3.54035          1     5.4925     5.2051      11.86     0.0381     0.2385  1.000e-12  0.4087000    35.1269    35.1261    -0.0008    27.5388    27.5370    282.246    281.666      0.619    1482.93    1482.96  0.000e+00
      47300    284.500     6.8282     6.8257    -0.0024    3.53702    3.53668          1     5.5030     5.2114       7.27     0.0374     0.2079  1.000e-12  0.4333000    35.1267    35.1254    -0.0013    27.5425    27.5419    282.742    282.162      0.476    1482.82    1482.81  0.000e+00
      47328    285.000     6.8054     6.8052    -0.0003    3.53490    3.53479          1     5.5051     5.2129      97.58     0.0386     0.2071  1.000e-12  0.4651000    35.1262    35.1253    -0.0009    27.5453    27.5446    283.239    282.657      0.479    1482.74    1482.74  0.000e+00
      47350    285.500     6.7928     6.7980     0.0051    3.53381    3.53418          1     5.5013     5.2173      98.73     0.0392     0.2094  1.000e-12  0.4815000    35.1268    35.1257    -0.0011    27.5475    27.5459    283.736    283.153      0.602    1482.70    1482.72  0.000e+00
      47368    286.000     6.7785     6.7803     0.0018    3.53254    3.53259          1     5.5004     5.2228      98.72     0.0561     0.2218  1.000e-12  0.5459000    35.1271    35.1259    -0.0012    27.5497    27.5485    284.232    283.648      0.651    1482.66    1482.66  0.000e+00
      47387    286.500     6.7742     6.7757     0.0015    3.53215    3.53220          1     5.5069     5.2238      98.72     0.0570     0.2110  1.000e-12  0.5768000    35.1270    35.1259    -0.0011    27.5502    27.5491    284.729    284.144      0.602    1482.65    1482.65  0.000e+00
      47409    287.000     6.7729     6.7732     0.0004    3.53205    3.53199          1     5.5196     5.2225      98.72     0.0498     0.1928  1.000e-12  0.5839000    35.1270    35.1259    -0.0010    27.5504    27.5495    285.225    284.640      0.520    1482.65    1482.65  0.000e+00
      47433    287.500     6.7722     6.7746     0.0024    3.53203    3.53215          1     5.5202     5.2232      98.72     0.0463     0.1957  1.000e-12  0.5558000    35.1272    35.1261    -0.0011    27.5506    27.5494    285.722    285.135      0.532    1482.66    1482.67  0.000e+00
      47454    288.000     6.7724     6.7740     0.0015    3.53206    3.53212          1     5.5127     5.2248      98.72     0.0398     0.2165  1.000e-12  0.5692000    35.1270    35.1261    -0.0009    27.5505    27.5495    286.218    285.631      0.606    1482.67    1482.67  0.000e+00
      47473    288.500     6.7722     6.7741     0.0019    3.53208    3.53217          1     5.5184     5.2218      98.72     0.0513     0.1782  1.000e-12  0.5649000    35.1272    35.1263    -0.0009    27.5507    27.5497    286.715    286.126      0.636    1482.67    1482.68  0.000e+00
      47492    289.000     6.7715     6.7730     0.0015    3.53205    3.53210          1     5.5220     5.2164      87.54     0.0414     0.1672  1.000e-12  0.5678000    35.1274    35.1264    -0.0009    27.5508    27.5499    287.211    286.622      0.593    1482.68    1482.68  0.000e+00
      47514    289.500     6.7712     6.7731     0.0019    3.53206    3.53213          1     5.5175     5.2132      46.99     0.0416     0.1852  1.000e-12  0.5740000    35.1275    35.1264    -0.0011    27.5510    27.5498    287.708    287.118      0.530    1482.69    1482.69  0.000e+00
      47537    290.000     6.7679     6.7700     0.0020    3.53177    3.53188          1     5.5090     5.2166      99.75     0.0501     0.2123  1.000e-12  0.6174000    35.1274    35.1266    -0.0008    27.5514    27.5505    288.205    287.613      0.539    1482.68    1482.69  0.000e+00
      47558    290.500     6.7656     6.7682     0.0027    3.53159    3.53175          1     5.5076     5.2237      56.44     0.0475     0.2205  1.000e-12  0.6905000    35.1277    35.1267    -0.0010    27.5519    27.5508    288.701    288.109      0.580    1482.68    1482.69  0.000e+00
      47578    291.000     6.7604     6.7615     0.0011    3.53115    3.53116          1     5.5118     5.2258      75.70     0.0282     0.2074  1.000e-12  0.6208000    35.1277    35.1268    -0.0009    27.5526    27.5518    289.198    288.605      0.573    1482.67    1482.67  0.000e+00
      47600    291.500     6.7590     6.7607     0.0017    3.53106    3.53110          1     5.5044     5.2257      98.02     0.0473     0.1824  1.000e-12  0.5815000    35.1280    35.1267    -0.0012    27.5531    27.5518    289.694    289.100      0.522    1482.67    1482.68  0.000e+00
      47625    292.000     6.7590     6.7609     0.0018    3.53108    3.53115          1     5.5057     5.2228      98.72     0.0599     0.1999  1.000e-12  0.5670000    35.1280    35.1268    -0.0011    27.5531    27.5519    290.191    289.596      0.486    1482.68    1482.69  0.000e+00
      47649    292.500     6.7590     6.7609     0.0019    3.53111    3.53118          1     5.5106     5.2226      98.72     0.0446     0.1969  1.000e-12  0.5967000    35.1280    35.1268    -0.0012    27.5531    27.5519    290.687    290.091      0.512    1482.69    1482.69  0.000e+00
      47671    293.000     6.7590     6.7609     0.0019    3.53113    3.53120          1     5.5166     5.2289      98.71     0.0392     0.1931  1.000e-12  0.5750000    35.1280    35.1268    -0.0012    27.5531    27.5519    291.184    290.587      0.577    1482.70    1482.70  0.000e+00
      47691    293.500     6.7594     6.7610     0.0016    3.53119    3.53125          1     5.5226     5.2316      98.72     0.0412     0.2010  1.000e-12  0.5671000    35.1279    35.1270    -0.0010    27.5530    27.5520    291.680    291.083      0.629    1482.71    1482.71  0.000e+00
      47710    294.000     6.7592     6.7610     0.0018    3.53120    3.53126          1     5.5198     5.2307      98.72     0.0487     0.2359  1.000e-12  0.5886000    35.1280    35.1269    -0.0011    27.5531    27.5520    292.177    291.578      0.648    1482.71    1482.72  0.000e+00
      47728    294.500     6.7593     6.7609     0.0015    3.53124    3.53128          1     5.5165     5.2277      98.72     0.0488     0.2131  1.000e-12  0.6401000    35.1281    35.1270    -0.0011    27.5531    27.5520    292.673    292.074      0.636    1482.72    1482.73  0.000e+00
      47748    295.000     6.7593     6.7615     0.0022    3.53126    3.53137          1     5.5205     5.2189      98.72     0.0497     0.2071  1.000e-12  0.6167000    35.1281    35.1270    -0.0011    27.5531    27.5520    293.170    292.569      0.593    1482.73    1482.74  0.000e+00
      47769    295.500     6.7593     6.7612     0.0019    3.53128    3.53136          1     5.5275     5.2177      98.71     0.0458     0.2065  1.000e-12  0.6104000    35.1281    35.1270    -0.0011    27.5531    27.5520    293.667    293.065      0.538    1482.74    1482.75  0.000e+00
      47792    296.000     6.7595     6.7612     0.0017    3.53131    3.53139          1     5.5133     5.2262      98.71     0.0437     0.2084  1.000e-12  0.6437000    35.1280    35.1271    -0.0009    27.5530    27.5521    294.163    293.561      0.539    1482.75    1482.75  0.000e+00
      47813    296.500     6.7597     6.7616     0.0019    3.53135    3.53144          1     5.5091     5.2276      65.34     0.0496     0.2216  1.000e-12  0.6773000    35.1280    35.1270    -0.0010    27.5530    27.5519    294.660    294.056      0.600    1482.76    1482.76  0.000e+00
      47832    297.000     6.7591     6.7606     0.0014    3.53134    3.53138          1     5.5185     5.2266      21.44     0.0393     0.2002  1.000e-12  0.6194000    35.1281    35.1271    -0.0010    27.5531    27.5522    295.156    294.552      0.646    1482.76    1482.77  0.000e+00
      47850    297.500     6.7586     6.7603     0.0016    3.53132    3.53138          1     5.5256     5.2264      98.42     0.0553     0.2014  1.000e-12  0.6223000    35.1282    35.1271    -0.0011    27.5533    27.5522    295.653    295.048      0.629    1482.77    1482.77  0.000e+00
      47871    298.000     6.7575     6.7602     0.0027    3.53124    3.53139          1     5.5212     5.2246      98.71     0.0567     0.2213  1.000e-12  0.5981000    35.1282    35.1271    -0.0011    27.5534    27.5522    296.149    295.543      0.517    1482.77    1482.78  0.000e+00
      47900    298.500     6.7575     6.7600     0.0025    3.53127    3.53140          1     5.4955     5.2226      98.71     0.0377     0.2130  1.000e-12  0.5966000    35.1283    35.1271    -0.0012    27.5535    27.5522    296.646    296.039      0.383    1482.78    1482.79  0.000e+00
      47930    299.000     6.7583     6.7604     0.0021    3.53137    3.53145          1     5.4976     5.2211      23.92     0.0280     0.2209  1.000e-12  0.6341000    35.1283    35.1271    -0.0012    27.5534    27.5521    297.142    296.534      0.502    1482.79    1482.80  0.000e+00
      47950    299.500     6.7574     6.7597     0.0023    3.53130    3.53141          1     5.5076     5.2235      32.26     0.0211     0.2649  1.000e-12  0.6098000    35.1282    35.1271    -0.0011    27.5534    27.5522    297.639    297.030      0.673    1482.80    1482.81  0.000e+00
      47966    300.000     6.7563     6.7577     0.0014    3.53121    3.53125          1     5.5164     5.2249      97.50     0.0162     0.2478  1.000e-12  0.5877000    35.1282    35.1271    -0.0010    27.5536    27.5526    298.135    297.526      0.730    1482.80    1482.81  0.000e+00
      47983    300.500     6.7561     6.7573     0.0011    3.53121    3.53123          1     5.5204     5.2259      98.72     0.0498     0.2409  1.000e-12  0.6123000    35.1281    35.1272    -0.0010    27.5536    27.5527    298.632    298.021      0.666    1482.81    1482.81  0.000e+00
      48004    301.000     6.7547     6.7561     0.0013    3.53111    3.53114          1     5.5213     5.2245      98.71     0.0517     0.2202  1.000e-12  0.6412000    35.1281    35.1271    -0.0010    27.5538    27.5528    299.129    298.517      0.491    1482.81    1482.82  0.000e+00
      48034    301.500     6.7531     6.7549     0.0018    3.53099    3.53106          1     5.5187     5.2233      98.72     0.0425     0.1816  1.000e-12  0.6418000    35.1282    35.1272    -0.0011    27.5541    27.5530    299.625    299.012      0.418    1482.81    1482.82  0.000e+00
      48058    302.000     6.7523     6.7539     0.0016    3.53094    3.53099          1     5.5171     5.2211      98.72     0.0461     0.1996  1.000e-12  0.6361000    35.1283    35.1271    -0.0012    27.5542    27.5531    300.122    299.508      0.611    1482.82    1482.83  0.000e+00
      48075    302.500     6.7536     6.7555     0.0019    3.53107    3.53117          1     5.5230     5.2220      98.72     0.0462     0.2222  1.000e-12  0.6500000    35.1281    35.1272    -0.0009    27.5539    27.5530    300.618    300.004      0.744    1482.83    1482.84  0.000e+00
      48090    303.000     6.7508     6.7533     0.0025    3.53084    3.53097          1     5.5306     5.2242      98.71     0.0398     0.2218  1.000e-12  0.6662000    35.1281    35.1270    -0.0011    27.5543    27.5531    301.115    300.499      0.758    1482.83    1482.84  0.000e+00
      48107    303.500     6.7505     6.7520     0.0015    3.53083    3.53089          1     5.5313     5.2256      98.72     0.0398     0.2202  1.000e-12  0.7588000    35.1281    35.1272    -0.0009    27.5543    27.5534    301.611    300.995      0.657    1482.84    1482.84  0.000e+00
      48129    304.000     6.7501     6.7482    -0.0019    3.53082    3.53054          1     5.5284     5.2262      98.72     0.0521     0.1944  1.000e-12  0.6757000    35.1282    35.1271    -0.0011    27.5544    27.5538    302.108    301.490      0.479    1482.84    1482.83  0.000e+00
      48158    304.500     6.7442     6.7459     0.0016    3.53030    3.53034          1     5.5233     5.2264      92.27     0.0465     0.2061  1.000e-12  0.6370000    35.1282    35.1269    -0.0013    27.5553    27.5540    302.604    301.986      0.442    1482.83    1482.83  0.000e+00
      48182    305.000     6.7420     6.7413    -0.0007    3.53010    3.52996          1     5.5149     5.2274      67.43     0.0550     0.1926  1.000e-12  0.6748000    35.1280    35.1272    -0.0008    27.5554    27.5549    303.101    302.482      0.567    1482.83    1482.82  0.000e+00
      48201    305.500     6.7383     6.7399     0.0015    3.52980    3.52985          1     5.5164     5.2286      98.17     0.0581     0.1917  1.000e-12  0.6795000    35.1281    35.1271    -0.0011    27.5560    27.5550    303.597    302.977      0.643    1482.82    1482.83  0.000e+00
      48219    306.000     6.7374     6.7393     0.0019    3.52974    3.52982          1     5.5239     5.2320      98.72     0.0521     0.2112  1.000e-12  0.6806000    35.1281    35.1271    -0.0011    27.5561    27.5550    304.094    303.473      0.645    1482.83    1482.83  0.000e+00
      48238    306.500     6.7374     6.7388     0.0014    3.52978    3.52981          1     5.5264     5.2355      53.41     0.0295     0.2333  1.000e-12  0.7145000    35.1283    35.1272    -0.0011    27.5563    27.5552    304.590    303.969      0.592    1482.84    1482.84  0.000e+00
      48260    307.000     6.7357     6.7365     0.0008    3.52965    3.52963          1     5.5187     5.2269       5.65     0.0434     0.2202  1.000e-12  0.6863000    35.1284    35.1274    -0.0011    27.5566    27.5557    305.087    304.464      0.515    1482.84    1482.84  0.000e+00
      48286    307.500     6.7350     6.7367     0.0017    3.52962    3.52967          1     5.5124     5.2275      21.85     0.0508     0.1788  1.000e-12  0.6568000    35.1284    35.1273    -0.0011    27.5567    27.5556    305.583    304.960      0.460    1482.84    1482.85  0.000e+00
