ctdpy/tests/etc/all_smhi_bas_2018/SBE09_1044_20180530_1711_34_07_0047.cnv
* Sea-Bird SBE 9 Data File:
* FileName = C:\ctd\temp\2018\AU18D047.hex
* Software Version Seasave V 7.26.6.26
* Temperature SN = 5351
* Conductivity SN = 3941
* Number of Bytes Per Scan = 41
* Number of Voltage Words = 4
* Number of Scans Averaged by the Deck Unit = 1
* NMEA Latitude = 57 18.74 N
* NMEA Longitude = 020 04.58 E
* NMEA UTC (Time) = May 30 2018  17:11:39
* NMEA baud rate = 4800
** Station:  BY15_extra
** Operator:  JKro
** Ship: AURA
** Average sound velocity: 1447.48 m/s
** True-depth calculation Wed, 30 May 2018 18:51:30 +0000
** CTD Python Module SMHI /ver 3-12/ feb 2012 
** LIMS Job: 20183407-0047
** Cruise: SMHI-02-2018
** Latitude [GG MM.mm N] :
** Longitude [GG MM.mm E]:
# nquan = 26
# nvalues = 470                         
# units = specified
# name 0 = scan: Scan Count
# name 1 = prDM: Pressure, Digiquartz [db]
# name 2 = t090C: Temperature [ITS-90, deg C]
# name 3 = t190C: Temperature, 2 [ITS-90, deg C]
# name 4 = T2-T190C: Temperature Difference, 2 - 1 [ITS-90, deg C]
# name 5 = c0S/m: Conductivity [S/m]
# name 6 = c1S/m: Conductivity, 2 [S/m]
# name 7 = pumps: Pump Status
# name 8 = sbeox0ML/L: Oxygen, SBE 43 [ml/l]
# name 9 = sbeox1ML/L: Oxygen, SBE 43, 2 [ml/l]
# name 10 = altM: Altimeter [m]
# name 11 = flECO-AFL: Chl-a Fluorescence, WET Labs ECO-AFL/FL [mg/m^3]
# name 12 = flECO-AFL1: Phycocyanin Fluorescence, WET Labs ECO-AFL/FL, 2 [mg/m^3]
# name 13 = par: PAR/Irradiance, Biospherical/Lico [µE/(cm^2*s)]
# name 14 = turbWETntu0: Turbidity, WET Labs ECO [NTU]
# name 15 = sal00: Salinity, Practical [PSU]
# name 16 = sal11: Salinity, Practical, 2 [PSU]
# name 17 = secS-priS: Salinity, Practical, Difference, 2 - 1 [PSU]
# name 18 = sigma-t00: Density [sigma-t, Kg/m^3 ]
# name 19 = sigma-t11: Density, 2 [sigma-t, Kg/m^3 ]
# name 20 = depSM: Depth [salt water, m], lat = 57.3123
# name 21 = depFM: Depth [true depth, m], lat = 57.3123
# name 22 = dz/dtM: Descent Rate [m/s], WS = 2
# name 23 = svCM: Sound Velocity [Chen-Millero, m/s]
# name 24 = svCM1: Sound Velocity, 2 [Chen-Millero, m/s]
# name 25 = flag: flag
# span 0 =      11456,      23177       
# span 1 =      1.000,    235.500       
# span 2 =     2.8823,    14.6436       
# span 3 =     2.8855,    14.6449       
# span 4 =    -0.1652,     0.4320       
# span 5 =   0.759800,   1.459479       
# span 6 =   0.759795,   1.459470       
# span 7 =          1,          1       
# span 8 =    0.01707,    9.91208       
# span 9 =    0.01865,   10.11863       
# span 10 =      -1.52,      98.71      
# span 11 =     0.2118,     8.9025      
# span 12 =     0.1484,     0.8930      
# span 13 = 1.0000e-12, 3.8163e+02      
# span 14 =     0.1193,     0.5053      
# span 15 =     7.2323,    13.2903      
# span 16 =     7.2333,    13.2899      
# span 17 =    -0.0270,     0.0014      
# span 18 =     4.7527,    10.3741      
# span 19 =     4.7521,    10.3737      
# span 20 =      0.991,    233.198      
# span 21 =      1.014,    237.823      
# span 22 =      0.159,      0.589      
# span 23 =    1426.95,    1473.33      
# span 24 =    1426.97,    1473.33      
# span 25 = 0.0000e+00, 0.0000e+00      
# interval = decibars: 0.5              
# start_time = May 30 2018 17:11:39 [NMEA time, first data scan]
# bad_flag = -9.990e-29
*END*
[from data line 446]
      22630    224.000     6.9057     6.9067     0.0010    1.45684    1.45684          1     0.0191     0.0199      15.07     0.4124     0.2839  1.000e-12  0.2275000    13.2671    13.2667    -0.0004    10.3560    10.3556    221.817    226.230      0.534    1454.80    1454.80  0.000e+00
      22653    224.500     6.9055     6.9064     0.0009    1.45704    1.45702          1     0.0194     0.0197      14.54     0.3912     0.2306  1.000e-12  0.2263000    13.2691    13.2686    -0.0005    10.3576    10.3571    222.311    226.734      0.518    1454.81    1454.81  0.000e+00
      22677    225.000     6.9056     6.9065     0.0010    1.45723    1.45721          1     0.0187     0.0201      14.01     0.3956     0.2226  1.000e-12  0.2480000    13.2708    13.2703    -0.0005    10.3589    10.3584    222.806    227.238      0.515    1454.82    1454.82  0.000e+00
      22700    225.500     6.9057     6.9067     0.0010    1.45741    1.45740          1     0.0183     0.0202      13.49     0.3957     0.2463  1.000e-12  0.2541000    13.2724    13.2720    -0.0005    10.3602    10.3597    223.301    227.742      0.516    1454.83    1454.83  0.000e+00
      22723    226.000     6.9056     6.9065     0.0009    1.45754    1.45752          1     0.0182     0.0197      12.95     0.3887     0.2340  1.000e-12  0.2427000    13.2736    13.2731    -0.0004    10.3611    10.3607    223.796    228.247      0.519    1454.84    1454.84  0.000e+00
      22746    226.500     6.9057     6.9067     0.0010    1.45762    1.45761          1     0.0183     0.0204      12.45     0.3733     0.2635  1.000e-12  0.2463000    13.2743    13.2738    -0.0005    10.3616    10.3612    224.291    228.751      0.523    1454.85    1454.85  0.000e+00
      22769    227.000     6.9060     6.9070     0.0010    1.45778    1.45776          1     0.0197     0.0197      11.94     0.3857     0.2573  1.000e-12  0.2403000    13.2756    13.2751    -0.0005    10.3626    10.3622    224.786    229.255      0.523    1454.86    1454.86  0.000e+00
      22792    227.500     6.9062     6.9071     0.0009    1.45794    1.45793          1     0.0195     0.0202      11.46     0.4069     0.2351  1.000e-12  0.2238000    13.2771    13.2767    -0.0005    10.3638    10.3634    225.281    229.759      0.523    1454.87    1454.87  0.000e+00
      22815    228.000     6.9071     6.9081     0.0010    1.45817    1.45816          1     0.0184     0.0200      10.96     0.4068     0.2218  1.000e-12  0.3208000    13.2789    13.2784    -0.0005    10.3651    10.3647    225.775    230.263      0.523    1454.89    1454.89  0.000e+00
      22838    228.500     6.9078     6.9088     0.0010    1.45842    1.45842          1     0.0175     0.0197      10.43     0.3962     0.2294  1.000e-12  0.2452000    13.2810    13.2806    -0.0004    10.3667    10.3663    226.270    230.767      0.523    1454.90    1454.90  0.000e+00
      22861    229.000     6.9073     6.9083     0.0010    1.45869    1.45867          1     0.0196     0.0199       9.89     0.3766     0.2585  1.000e-12  0.2293000    13.2837    13.2832    -0.0005    10.3689    10.3684    226.765    231.271      0.517    1454.91    1454.91  0.000e+00
      22884    229.500     6.9071     6.9080     0.0010    1.45882    1.45882          1     0.0193     0.0216       9.37     0.3798     0.1770  1.000e-12  0.2372000    13.2850    13.2846    -0.0004    10.3699    10.3695    227.260    231.775      0.520    1454.92    1454.92  0.000e+00
      22907    230.000     6.9071     6.9081     0.0010    1.45900    1.45899          1     0.0180     0.0202       8.86     0.4160     0.2979  1.000e-12  0.2377000    13.2866    13.2862    -0.0004    10.3712    10.3708    227.755    232.279      0.529    1454.93    1454.93  0.000e+00
      22930    230.500     6.9071     6.9081     0.0010    1.45913    1.45912          1     0.0188     0.0191       8.33     0.4169     0.2471  1.000e-12  0.2400000    13.2878    13.2874    -0.0004    10.3721    10.3717    228.250    232.783      0.525    1454.94    1454.94  0.000e+00
      22953    231.000     6.9070     6.9080     0.0010    1.45933    1.45932          1     0.0187     0.0198       7.83     0.3958     0.2538  1.000e-12  0.2480000    13.2897    13.2893    -0.0005    10.3736    10.3732    228.745    233.287      0.522    1454.95    1454.95  0.000e+00
      22976    231.500     6.9070     6.9079     0.0009    1.45939    1.45938          1     0.0174     0.0200       7.31     0.4246     0.2574  1.000e-12  0.2568000    13.2902    13.2897    -0.0005    10.3740    10.3736    229.239    233.791      0.511    1454.96    1454.96  0.000e+00
      23000    232.000     6.9070     6.9080     0.0010    1.45940    1.45939          1     0.0174     0.0203       6.79     0.4390     0.2463  1.000e-12  0.2877000    13.2903    13.2898    -0.0005    10.3741    10.3736    229.734    234.295      0.494    1454.96    1454.97  0.000e+00
      23024    232.500     6.9069     6.9079     0.0010    1.45941    1.45941          1     0.0195     0.0197       6.26     0.4167     0.2555  1.000e-12  0.2802000    13.2903    13.2898    -0.0005    10.3741    10.3736    230.229    234.799      0.499    1454.97    1454.97  0.000e+00
      23048    233.000     6.9070     6.9080     0.0010    1.45942    1.45942          1     0.0195     0.0199       5.75     0.3957     0.2790  1.000e-12  0.3243000    13.2902    13.2898    -0.0004    10.3740    10.3736    230.724    235.303      0.517    1454.98    1454.98  0.000e+00
      23071    233.500     6.9070     6.9080     0.0010    1.45944    1.45943          1     0.0182     0.0199       5.24     0.3704     0.2911  1.000e-12  0.2536000    13.2903    13.2898    -0.0005    10.3741    10.3736    231.219    235.807      0.525    1454.99    1454.99  0.000e+00
      23094    234.000     6.9071     6.9080     0.0009    1.45945    1.45944          1     0.0179     0.0200       4.74     0.3930     0.2751  1.000e-12  0.2649000    13.2903    13.2898    -0.0004    10.3740    10.3736    231.714    236.311      0.498    1455.00    1455.00  0.000e+00
      23119    234.500     6.9070     6.9080     0.0010    1.45945    1.45945          1     0.0181     0.0200       4.24     0.5011     0.2454  1.000e-12  0.2612000    13.2902    13.2898    -0.0004    10.3740    10.3736    232.208    236.815      0.455    1455.00    1455.01  0.000e+00
      23147    235.000     6.9070     6.9080     0.0010    1.45947    1.45947          1     0.0171     0.0200       3.69     0.3838     0.3107  1.000e-12  0.2607000    13.2903    13.2899    -0.0005    10.3741    10.3737    232.703    237.319      0.432    1455.01    1455.02  0.000e+00
      23177    235.500     6.9069     6.9080     0.0011    1.45948    1.45947          1     0.0173     0.0200       3.16     0.4102     0.2267  1.000e-12  0.2777000    13.2903    13.2898    -0.0005    10.3741    10.3736    233.198    237.823      0.306    1455.02    1455.02  0.000e+00
