ctdpy/tests/etc/all_smhi_bas_2018/SBE09_1044_20181111_2058_34_01_0132.cnv
* Sea-Bird SBE 9 Data File:
* FileName = C:\ctd\temp\ar18d132.hex
* Software Version Seasave V 7.26.7.107
* Temperature SN = 5351
* Conductivity SN = 3941
* Number of Bytes Per Scan = 41
* Number of Voltage Words = 4
* Number of Scans Averaged by the Deck Unit = 1
* NMEA Latitude = 57 11.57 N
* NMEA Longitude = 011 39.48 E
* NMEA UTC (Time) = Nov 11 2018  20:58:43
* NMEA baud rate = 4800
** Station:  Fladen
** Operator:  A-KTh
** Ship: ARANDA
** Average sound velocity: 1489.08 m/s
** True-depth calculation Sun, 11 Nov 2018 21:33:53 +0000
** CTD Python Module SMHI /ver 3-12/ feb 2012 
** LIMS Job: 20183401-0132
** Cruise: SMHI-6-2018
** Latitude [GG MM.mm N]:
** Longitude [GG MM.mm E]
# nquan = 26
# nvalues = 161                         
# units = specified
# name 0 = scan: Scan Count
# name 1 = prDM: Pressure, Digiquartz [db]
# name 2 = t090C: Temperature [ITS-90, deg C]
# name 3 = t190C: Temperature, 2 [ITS-90, deg C]
# name 4 = T2-T190C: Temperature Difference, 2 - 1 [ITS-90, deg C]
# name 5 = c0S/m: Conductivity [S/m]
# name 6 = c1S/m: Conductivity, 2 [S/m]
# name 7 = pumps: Pump Status
# name 8 = sbeox0ML/L: Oxygen, SBE 43 [ml/l]
# name 9 = sbeox1ML/L: Oxygen, SBE 43, 2 [ml/l]
# name 10 = altM: Altimeter [m]
# name 11 = flECO-AFL: Chl-a Fluorescence, WET Labs ECO-AFL/FL [mg/m^3]
# name 12 = flECO-AFL1: Phycocyanin Fluorescence, WET Labs ECO-AFL/FL, 2 [mg/m^3]
# name 13 = par: PAR/Irradiance, Biospherical/Lico [µE/(cm^2*s)]
# name 14 = turbWETntu0: Turbidity, WET Labs ECO [NTU]
# name 15 = sal00: Salinity, Practical [PSU]
# name 16 = sal11: Salinity, Practical, 2 [PSU]
# name 17 = secS-priS: Salinity, Practical, Difference, 2 - 1 [PSU]
# name 18 = sigma-t00: Density [sigma-t, Kg/m^3 ]
# name 19 = sigma-t11: Density, 2 [sigma-t, Kg/m^3 ]
# name 20 = depSM: Depth [salt water, m], lat = 57.1928
# name 21 = depFM: Depth [true depth, m], lat = 57.1928
# name 22 = dz/dtM: Descent Rate [m/s], WS = 2
# name 23 = svCM: Sound Velocity [Chen-Millero, m/s]
# name 24 = svCM1: Sound Velocity, 2 [Chen-Millero, m/s]
# name 25 = flag: flag
# span 0 =       1146,       4987       
# span 1 =      1.500,     81.500       
# span 2 =    10.0117,    12.4114       
# span 3 =    10.0130,    12.4117       
# span 4 =    -0.0139,     0.0408       
# span 5 =   2.687388,   3.907697       
# span 6 =   2.687464,   3.907703       
# span 7 =          1,          1       
# span 8 =    5.00945,    6.51898       
# span 9 =    4.81907,    6.22717       
# span 10 =       2.54,      98.50      
# span 11 =     0.1137,     1.3427      
# span 12 =     0.1174,     0.3937      
# span 13 = -3.834e-07, 6.4277e-02      
# span 14 =     0.1487,     1.6047      
# span 15 =    23.7847,    34.8486      
# span 16 =    23.7846,    34.8480      
# span 17 =    -0.0884,     0.1130      
# span 18 =    18.2097,    26.8055      
# span 19 =    18.2095,    26.8048      
# span 20 =      1.486,     80.734      
# span 21 =      1.500,     81.014      
# span 22 =     -0.075,      0.821      
# span 23 =    1476.28,    1497.09      
# span 24 =    1476.30,    1497.10      
# span 25 = 0.0000e+00, 0.0000e+00      
# interval = decibars: 0.5              
# start_time = Nov 11 2018 20:58:44 [NMEA time, first data scan]
# bad_flag = -9.990e-29
*END*
[from data line 56]
       2512     29.500    11.8260    11.8265     0.0006    3.89553    3.89558          1     5.2186     5.0191      50.33     0.1337     0.2033  1.000e-12  0.4857000    34.1293    34.1293     0.0000    25.9456    25.9456     29.227     29.426      0.743    1495.68    1495.68  0.000e+00
       2528     30.000    11.7826    11.7825    -0.0001    3.89488    3.89495          1     5.2501     5.0426      80.80     0.1587     0.1911  1.000e-12  0.4985000    34.1625    34.1634     0.0008    25.9796    25.9803     29.722     29.922      0.677    1495.57    1495.57  0.000e+00
       2548     30.500    11.6633    11.6654     0.0020    3.89040    3.89057          1     5.2623     5.0538      78.85     0.1329     0.1782  1.000e-12  0.4975000    34.2284    34.2282    -0.0002    26.0531    26.0526     30.217     30.418      0.545    1495.25    1495.26  0.000e+00
       2574     31.000    11.6071    11.6089     0.0017    3.88819    3.88832          1     5.2375     5.0424      52.60     0.1347     0.1923  1.000e-12  0.5110000    34.2584    34.2580    -0.0004    26.0869    26.0862     30.712     30.915      0.456    1495.10    1495.11  0.000e+00
       2599     31.500    11.3475    11.3506     0.0031    3.87012    3.87066          1     5.2899     5.0900      63.00     0.1626     0.1777  1.000e-12  0.5486000    34.3209    34.3235     0.0026    26.1834    26.1849     31.208     31.411      0.540    1494.28    1494.30  0.000e+00
       2619     32.000    11.0744    11.0823     0.0078    3.84845    3.84898          1     5.3157     5.1173      71.31     0.1626     0.2335  1.000e-12  0.5597000    34.3605    34.3585    -0.0020    26.2641    26.2611     31.703     31.907      0.658    1493.39    1493.41  0.000e+00
       2636     32.500    10.9951    10.9971     0.0020    3.84241    3.84259          1     5.3402     5.1357      52.69     0.1595     0.2412  1.000e-12  0.5630000    34.3743    34.3742    -0.0001    26.2892    26.2887     32.198     32.403      0.726    1493.14    1493.14  0.000e+00
       2652     33.000    10.8001    10.8068     0.0066    3.82407    3.82475          1     5.3708     5.1562      86.92     0.1603     0.2064  1.000e-12  0.5513000    34.3738    34.3744     0.0005    26.3237    26.3229     32.694     32.900      0.738    1492.46    1492.48  0.000e+00
       2668     33.500    10.6121    10.6144     0.0023    3.81189    3.81211          1     5.3988     5.1758      49.34     0.1553     0.1887  1.000e-12  0.5854000    34.4284    34.4285     0.0001    26.3996    26.3992     33.189     33.396      0.702    1491.87    1491.88  0.000e+00
       2686     34.000    10.5155    10.5179     0.0025    3.80916    3.80939          1     5.4215     5.1961      49.74     0.1529     0.1924  1.000e-12  0.6717000    34.4921    34.4921    -0.0000    26.4662    26.4658     33.684     33.892      0.623    1491.61    1491.62  0.000e+00
       2708     34.500    10.4211    10.4237     0.0026    3.80383    3.80410          1     5.4268     5.1975      49.28     0.1883     0.2443  1.000e-12  1.0953000    34.5276    34.5278     0.0002    26.5104    26.5101     34.180     34.388      0.512    1491.33    1491.34  0.000e+00
       2734     35.000    10.4090    10.4088    -0.0001    3.80320    3.80326          1     5.4148     5.1929      48.58     0.1704     0.1920  1.000e-12  0.7222000    34.5325    34.5332     0.0007    26.5163    26.5169     34.675     34.884      0.480    1491.30    1491.30  0.000e+00
       2757     35.500    10.3397    10.3387    -0.0009    3.79829    3.79830          1     5.4742     5.2250      48.20     0.1908     0.1925  1.000e-12  0.7155000    34.5485    34.5495     0.0010    26.5409    26.5418     35.170     35.380      0.623    1491.08    1491.08  0.000e+00
       2774     36.000    10.2820    10.2835     0.0015    3.79618    3.79630          1     5.5311     5.2497      47.70     0.1893     0.2025  1.000e-12  0.7635000    34.5817    34.5815    -0.0002    26.5768    26.5765     35.666     35.876      0.752    1490.92    1490.93  0.000e+00
       2788     36.500    10.2752    10.2762     0.0010    3.79590    3.79600          1     5.5439     5.2624      61.48     0.1835     0.2071  1.000e-12  0.7910000    34.5852    34.5852    -0.0000    26.5807    26.5806     36.161     36.372      0.788    1490.91    1490.92  0.000e+00
       2804     37.000    10.2566    10.2586     0.0020    3.79431    3.79449          1     5.5290     5.2652      72.65     0.1714     0.2199  1.000e-12  0.8499000    34.5866    34.5865    -0.0001    26.5850    26.5847     36.656     36.869      0.730    1490.85    1490.86  0.000e+00
       2822     37.500    10.2505    10.2519     0.0014    3.79407    3.79420          1     5.5183     5.2629      46.85     0.1706     0.2210  1.000e-12  0.8414000    34.5897    34.5896    -0.0000    26.5885    26.5882     37.152     37.365      0.601    1490.85    1490.85  0.000e+00
       2845     38.000    10.2518    10.2535     0.0017    3.79469    3.79485          1     5.5150     5.2642      45.96     0.1673     0.1962  1.000e-12  0.8299000    34.5945    34.5945    -0.0001    26.5921    26.5917     37.647     37.861      0.488    1490.86    1490.87  0.000e+00
       2870     38.500    10.2582    10.2595     0.0013    3.79627    3.79634          1     5.5232     5.2714      51.72     0.1699     0.1699  1.000e-12  0.8304000    34.6042    34.6037    -0.0005    26.5985    26.5979     38.142     38.357      0.539    1490.91    1490.91  0.000e+00
       2890     39.000    10.2616    10.2628     0.0012    3.79757    3.79751          1     5.5400     5.2823      75.15     0.1931     0.2516  1.000e-12  0.8270000    34.6140    34.6122    -0.0019    26.6056    26.6039     38.638     38.853      0.657    1490.94    1490.94  0.000e+00
       2907     39.500    10.2618    10.2636     0.0017    3.79822    3.79862          1     5.5582     5.2945      43.91     0.1827     0.2027  1.000e-12  0.8790000    34.6201    34.6226     0.0024    26.6103    26.6119     39.133     39.349      0.710    1490.96    1490.96  0.000e+00
       2924     40.000    10.2640    10.2653     0.0013    3.79996    3.80003          1     5.5711     5.3108      43.66     0.2195     0.2079  1.000e-12  0.8946000    34.6355    34.6350    -0.0005    26.6219    26.6213     39.628     39.845      0.699    1490.99    1490.99  0.000e+00
       2941     40.500    10.2653    10.2668     0.0015    3.80044    3.80060          1     5.5846     5.3242      43.35     0.2529     0.2476  1.000e-12  0.9080000    34.6388    34.6390     0.0002    26.6243    26.6242     40.123     40.341      0.645    1491.01    1491.01  0.000e+00
       2961     41.000    10.2667    10.2671     0.0004    3.80082    3.80071          1     5.5908     5.3357      42.84     0.1837     0.2127  1.000e-12  0.8972000    34.6411    34.6397    -0.0014    26.6258    26.6247     40.619     40.837      0.587    1491.02    1491.02  0.000e+00
       2982     41.500    10.2693    10.2709     0.0015    3.80152    3.80165          1     5.5933     5.3501      42.39     0.1898     0.2071  1.000e-12  0.9178000    34.6456    34.6454    -0.0002    26.6289    26.6285     41.114     41.333      0.569    1491.05    1491.05  0.000e+00
       3003     42.000    10.2717    10.2732     0.0015    3.80206    3.80222          1     5.6046     5.3624      76.51     0.2015     0.2071  1.000e-12  0.9007000    34.6485    34.6487     0.0002    26.6308    26.6306     41.609     41.829      0.589    1491.07    1491.07  0.000e+00
       3023     42.500    10.2714    10.2727     0.0013    3.80222    3.80232          1     5.6108     5.3679      41.48     0.2010     0.2079  1.000e-12  0.8837000    34.6501    34.6499    -0.0002    26.6321    26.6317     42.105     42.325      0.602    1491.08    1491.08  0.000e+00
       3043     43.000    10.2753    10.2772     0.0019    3.80276    3.80295          1     5.6134     5.3675      40.77     0.1909     0.2215  1.000e-12  0.8757000    34.6517    34.6519     0.0001    26.6326    26.6324     42.600     42.821      0.610    1491.10    1491.11  0.000e+00
       3063     43.500    10.2795    10.2807     0.0012    3.80332    3.80343          1     5.6146     5.3624      40.32     0.1904     0.2398  1.000e-12  0.8870000    34.6532    34.6531    -0.0001    26.6331    26.6328     43.095     43.317      0.639    1491.13    1491.13  0.000e+00
       3081     44.000    10.2774    10.2790     0.0016    3.80317    3.80331          1     5.6177     5.3594      40.02     0.1849     0.2578  1.000e-12  0.8795000    34.6535    34.6534    -0.0002    26.6337    26.6333     43.591     43.813      0.686    1491.13    1491.13  0.000e+00
       3098     44.500    10.2771    10.2785     0.0014    3.80326    3.80336          1     5.6167     5.3579      39.42     0.1794     0.2783  1.000e-12  0.8792000    34.6544    34.6541    -0.0003    26.6344    26.6339     44.086     44.309      0.699    1491.13    1491.14  0.000e+00
       3115     45.000    10.2765    10.2779     0.0014    3.80327    3.80337          1     5.6137     5.3560      38.99     0.1696     0.2057  1.000e-12  0.8977000    34.6548    34.6546    -0.0003    26.6349    26.6344     44.581     44.806      0.636    1491.14    1491.15  0.000e+00
       3136     45.500    10.2768    10.2782     0.0014    3.80335    3.80346          1     5.6182     5.3561      38.28     0.2072     0.1912  1.000e-12  0.8831000    34.6552    34.6550    -0.0002    26.6351    26.6347     45.076     45.302      0.536    1491.15    1491.15  0.000e+00
       3160     46.000    10.2781    10.2797     0.0016    3.80365    3.80379          1     5.6077     5.3649      37.72     0.2146     0.2156  1.000e-12  0.9234000    34.6567    34.6566    -0.0001    26.6360    26.6357     45.572     45.798      0.531    1491.16    1491.17  0.000e+00
       3181     46.500    10.2711    10.2727     0.0016    3.80331    3.80345          1     5.6010     5.3685      37.23     0.2088     0.2328  1.000e-12  0.9228000    34.6598    34.6596    -0.0002    26.6397    26.6393     46.067     46.294      0.621    1491.15    1491.16  0.000e+00
       3199     47.000    10.2715    10.2730     0.0014    3.80379    3.80391          1     5.6103     5.3665      36.75     0.2057     0.2076  1.000e-12  0.9202000    34.6640    34.6638    -0.0002    26.6428    26.6425     46.562     46.790      0.703    1491.17    1491.17  0.000e+00
       3215     47.500    10.2719    10.2732     0.0013    3.80407    3.80420          1     5.6177     5.3692      36.30     0.2068     0.2009  1.000e-12  0.9554000    34.6663    34.6664     0.0001    26.6445    26.6444     47.058     47.286      0.730    1491.18    1491.18  0.000e+00
       3232     48.000    10.2728    10.2741     0.0014    3.80455    3.80465          1     5.6219     5.3746      35.88     0.1966     0.1919  1.000e-12  0.9525000    34.6701    34.6699    -0.0003    26.6474    26.6470     47.553     47.782      0.688    1491.20    1491.20  0.000e+00
       3250     48.500    10.2732    10.2746     0.0015    3.80505    3.80513          1     5.6267     5.3770      35.37     0.1952     0.1925  1.000e-12  0.9863000    34.6746    34.6740    -0.0006    26.6509    26.6501     48.048     48.278      0.592    1491.21    1491.21  0.000e+00
       3273     49.000    10.2732    10.2745     0.0013    3.80538    3.80548          1     5.6339     5.3789      34.96     0.2023     0.2032  1.000e-12  1.0723000    34.6777    34.6775    -0.0003    26.6533    26.6529     48.543     48.774      0.523    1491.22    1491.23  0.000e+00
       3296     49.500    10.2737    10.2750     0.0013    3.80559    3.80568          1     5.6296     5.3853      34.44     0.1913     0.2410  1.000e-12  0.9527000    34.6791    34.6788    -0.0003    26.6543    26.6538     49.039     49.270      0.541    1491.23    1491.24  0.000e+00
       3317     50.000    10.2738    10.2751     0.0013    3.80570    3.80580          1     5.6301     5.3900      33.97     0.1819     0.2183  1.000e-12  0.9694000    34.6798    34.6796    -0.0002    26.6548    26.6544     49.534     49.766      0.594    1491.24    1491.25  0.000e+00
       3336     50.500    10.2736    10.2749     0.0013    3.80577    3.80587          1     5.6401     5.3975      33.43     0.1832     0.1174  1.000e-12  0.9813000    34.6805    34.6803    -0.0002    26.6554    26.6550     50.029     50.262      0.647    1491.25    1491.26  0.000e+00
       3354     51.000    10.2736    10.2748     0.0013    3.80584    3.80593          1     5.6504     5.4007      32.55     0.1783     0.1746  1.000e-12  0.9849000    34.6811    34.6808    -0.0003    26.6558    26.6554     50.525     50.758      0.699    1491.26    1491.27  0.000e+00
       3371     51.500    10.2736    10.2750     0.0014    3.80605    3.80614          1     5.6513     5.4006      31.87     0.1724     0.2095  1.000e-12  0.9883000    34.6829    34.6826    -0.0003    26.6573    26.6568     51.020     51.254      0.728    1491.27    1491.28  0.000e+00
       3387     52.000    10.2722    10.2736     0.0014    3.80656    3.80665          1     5.6456     5.3983      31.73     0.2008     0.2642  1.000e-12  0.9949000    34.6892    34.6887    -0.0005    26.6624    26.6618     51.515     51.750      0.714    1491.28    1491.29  0.000e+00
       3404     52.500    10.2712    10.2724     0.0012    3.80686    3.80696          1     5.6280     5.3919      31.53     0.2060     0.2294  1.000e-12  1.0266000    34.6929    34.6928    -0.0001    26.6655    26.6652     52.010     52.246      0.643    1491.29    1491.30  0.000e+00
       3425     53.000    10.2672    10.2683     0.0011    3.80727    3.80736          1     5.6147     5.3831      31.13     0.1860     0.2506  1.000e-12  1.0990000    34.7008    34.7007    -0.0001    26.6723    26.6721     52.506     52.742      0.513    1491.30    1491.30  0.000e+00
       3452     53.500    10.2641    10.2652     0.0011    3.80715    3.80723          1     5.6121     5.3591      30.39     0.2122     0.2637  1.000e-12  1.0758000    34.7022    34.7020    -0.0003    26.6740    26.6736     53.001     53.238      0.458    1491.29    1491.30  0.000e+00
       3476     54.000    10.2599    10.2601     0.0001    3.80686    3.80690          1     5.5721     5.3224      29.83     0.2247     0.2294  1.000e-12  1.2680000    34.7031    34.7033     0.0003    26.6754    26.6756     53.496     53.734      0.604    1491.29    1491.29  0.000e+00
       3494     54.500    10.2289    10.2255    -0.0031    3.80595    3.80597          1     5.5098     5.2940      28.68     0.2360     0.2070  1.000e-12  1.0102000    34.7233    34.7268     0.0035    26.6965    26.6998     53.991     54.230      0.754    1491.21    1491.20  0.000e+00
       3508     55.000    10.2217    10.2241     0.0024    3.80589    3.80599          1     5.4742     5.2767      28.66     0.2188     0.2306  1.000e-12  1.0019000    34.7294    34.7280    -0.0013    26.7025    26.7011     54.487     54.726      0.821    1491.20    1491.21  0.000e+00
       3522     55.500    10.2183    10.2214     0.0030    3.80585    3.80597          1     5.4633     5.2629      28.14     0.1829     0.2347  1.000e-12  0.9867000    34.7320    34.7303    -0.0016    26.7051    26.7033     54.982     55.222      0.790    1491.20    1491.21  0.000e+00
       3539     56.000    10.2115    10.2136     0.0021    3.80579    3.80589          1     5.4584     5.2473      27.61     0.1857     0.2641  1.000e-12  0.9942000    34.7376    34.7367    -0.0009    26.7107    26.7096     55.477     55.719      0.655    1491.19    1491.20  0.000e+00
       3562     56.500    10.2084    10.2099     0.0015    3.80577    3.80588          1     5.4602     5.2325      27.17     0.1983     0.2339  1.000e-12  0.9993000    34.7402    34.7399    -0.0003    26.7133    26.7128     55.973     56.215      0.464    1491.19    1491.20  0.000e+00
