ctdpy/tests/etc/all_smhi_bas_2018/SBE09_1044_20180128_1002_34_02_0024.cnv
* Sea-Bird SBE 9 Data File:
* FileName = C:\ctd\temp\2018\ME18D024.hex
* Software Version Seasave V 7.26.6.26
* Temperature SN = 5351
* Conductivity SN = 3941
* Number of Bytes Per Scan = 41
* Number of Voltage Words = 4
* Number of Scans Averaged by the Deck Unit = 1
* NMEA Latitude = 56 38.03 N
* NMEA Longitude = 019 35.12 E
* NMEA UTC (Time) = Jan 28 2018  10:03:02
* NMEA baud rate = 4800
** Station:  BY10
** Operator:  JKro
** Ship: MERI
** Average sound velocity: 1441.26 m/s
** True-depth calculation Sun, 28 Jan 2018 11:14:44 +0000
** CTD Python Module SMHI /ver 3-12/ feb 2012 
** LIMS Job: 20183402-0024
** Cruise: SMHI-01-2018
** Latitude [GG MM.mm N] :
** Longitude [GG MM.mm E]:
# nquan = 26
# nvalues = 269                         
# units = specified
# name 0 = scan: Scan Count
# name 1 = prDM: Pressure, Digiquartz [db]
# name 2 = t090C: Temperature [ITS-90, deg C]
# name 3 = t190C: Temperature, 2 [ITS-90, deg C]
# name 4 = T2-T190C: Temperature Difference, 2 - 1 [ITS-90, deg C]
# name 5 = c0S/m: Conductivity [S/m]
# name 6 = c1S/m: Conductivity, 2 [S/m]
# name 7 = pumps: Pump Status
# name 8 = sbeox0ML/L: Oxygen, SBE 43 [ml/l]
# name 9 = sbeox1ML/L: Oxygen, SBE 43, 2 [ml/l]
# name 10 = altM: Altimeter [m]
# name 11 = flECO-AFL: Chl-a Fluorescence, WET Labs ECO-AFL/FL [mg/m^3]
# name 12 = flECO-AFL1: Phycocyanin Fluorescence, WET Labs ECO-AFL/FL, 2 [mg/m^3]
# name 13 = par: PAR/Irradiance, Biospherical/Lico [µE/(cm^2*s)]
# name 14 = turbWETntu0: Turbidity, WET Labs ECO [NTU]
# name 15 = sal00: Salinity, Practical [PSU]
# name 16 = sal11: Salinity, Practical, 2 [PSU]
# name 17 = secS-priS: Salinity, Practical, Difference, 2 - 1 [PSU]
# name 18 = sigma-t00: Density [sigma-t, Kg/m^3 ]
# name 19 = sigma-t11: Density, 2 [sigma-t, Kg/m^3 ]
# name 20 = depSM: Depth [salt water, m], lat = 56.6338
# name 21 = depFM: Depth [true depth, m], lat = 56.6338
# name 22 = dz/dtM: Descent Rate [m/s], WS = 2
# name 23 = svCM: Sound Velocity [Chen-Millero, m/s]
# name 24 = svCM1: Sound Velocity, 2 [Chen-Millero, m/s]
# name 25 = flag: flag
# span 0 =      17026,      26328       
# span 1 =      2.000,    136.000       
# span 2 =     4.5697,     6.7868       
# span 3 =     4.5705,     6.7848       
# span 4 =    -0.0424,     0.0196       
# span 5 =   0.792083,   1.398240       
# span 6 =   0.792049,   1.397644       
# span 7 =          1,          1       
# span 8 =    0.01204,    8.12241       
# span 9 =    0.04915,    8.10123       
# span 10 =       1.90,      99.02      
# span 11 =     0.2490,     0.5016      
# span 12 =     0.2451,     0.3900      
# span 13 = -4.650e-05, 1.5595e+02      
# span 14 =     0.0953,     0.3331      
# span 15 =     7.3926,    12.7513      
# span 16 =     7.3921,    12.7462      
# span 17 =    -0.1093,     0.0406      
# span 18 =     5.8594,     9.9608      
# span 19 =     5.8588,     9.9570      
# span 20 =      1.982,    134.711      
# span 21 =      2.025,    137.500      
# span 22 =     -0.044,      1.482      
# span 23 =    1433.87,    1452.25      
# span 24 =    1433.87,    1452.23      
# span 25 = 0.0000e+00, 0.0000e+00      
# interval = decibars: 0.5              
# start_time = Jan 28 2018 10:03:02 [NMEA time, first data scan]
# bad_flag = -9.990e-29
*END*
[from data line 168]
      23189     86.000     6.0412     6.0425     0.0014    1.19060    1.19067          1     0.1252     0.1819      64.92     0.2874     0.3342  1.000e-12  0.2118000    10.9605    10.9607     0.0002     8.6069     8.6070     85.195     87.043      0.727    1446.07    1446.08  0.000e+00
      23205     86.500     6.0618     6.0623     0.0006    1.19612    1.19606          1     0.0933     0.1586      82.30     0.2826     0.3137  1.000e-12  0.2158000    11.0086    11.0078    -0.0008     8.6434     8.6428     85.690     87.547      0.718    1446.23    1446.23  0.000e+00
      23223     87.000     6.0722     6.0727     0.0006    1.19899    1.19891          1     0.0923     0.1506      57.62     0.2741     0.3036  1.000e-12  0.2159000    11.0337    11.0327    -0.0010     8.6625     8.6617     86.186     88.052      0.582    1446.31    1446.31  0.000e+00
      23272     87.500     6.0388     6.0584     0.0196    1.19068    1.19526          1     0.1071     0.1629      59.47     0.3061     0.2992  1.000e-12  0.2243000    10.9617    11.0010     0.0393     8.6079     8.6376     86.681     88.557      0.288    1446.08    1446.22  0.000e+00
      23341     88.000     6.0336     6.0487     0.0151    1.18931    1.19299          1     0.1245     0.1704      55.13     0.2956     0.2999  1.000e-12  0.2249000    10.9496    10.9814     0.0318     8.5988     8.6229     87.176     89.062      0.413    1446.06    1446.16  0.000e+00
      23363     88.500     6.0966     6.0960    -0.0006    1.20423    1.20395          1     0.1322     0.1685      54.91     0.2716     0.2967  1.000e-12  0.2282000    11.0775    11.0749    -0.0026     8.6954     8.6934     87.671     89.567      0.542    1446.49    1446.49  0.000e+00
      23384     89.000     6.1084     6.1085     0.0001    1.20698    1.20687          1     0.1497     0.1866      54.46     0.2773     0.2921  1.000e-12  0.2304000    11.1009    11.0998    -0.0011     8.7130     8.7122     88.166     90.072      0.566    1446.58    1446.58  0.000e+00
      23406     89.500     6.1173     6.1175     0.0002    1.20868    1.20860          1     0.1812     0.2090      53.96     0.3064     0.3033  1.000e-12  0.2329000    11.1149    11.1140    -0.0009     8.7235     8.7227     88.662     90.577      0.502    1446.64    1446.64  0.000e+00
      23443     90.000     6.1145     6.1183     0.0038    1.20784    1.20855          1     0.1966     0.2221      71.55     0.3007     0.2917  1.000e-12  0.2230000    11.1073    11.1132     0.0059     8.7177     8.7220     89.157     91.082      0.280    1446.63    1446.65  0.000e+00
      23497     90.500     6.1213     6.1271     0.0058    1.20945    1.21057          1     0.2090     0.2290      51.58     0.2937     0.2577  1.000e-12  0.2143000    11.1210    11.1302     0.0092     8.7280     8.7349     89.652     91.587      0.463    1446.68    1446.72  0.000e+00
      23515     91.000     6.1519     6.1513    -0.0006    1.21665    1.21640          1     0.2568     0.2724      51.73     0.2975     0.2969  1.000e-12  0.2050000    11.1825    11.1802    -0.0023     8.7743     8.7726     90.147     92.091      0.625    1446.90    1446.89  0.000e+00
      23534     91.500     6.1645     6.1646     0.0001    1.21966    1.21957          1     0.3059     0.3178      50.75     0.3086     0.3264  1.000e-12  0.1981000    11.2082    11.2072    -0.0009     8.7937     8.7930     90.642     92.596      0.527    1446.99    1446.99  0.000e+00
      23604     92.000     6.1570     6.1449    -0.0121    1.21817    1.21565          1     0.2765     0.3174      50.04     0.3012     0.2755  1.000e-12  0.1949000    11.1957    11.1746    -0.0211     8.7844     8.7686     91.138     93.101      0.302    1446.95    1446.88  0.000e+00
      23642     92.500     6.1634     6.1666     0.0031    1.21947    1.22009          1     0.3164     0.3422      49.65     0.3040     0.3033  1.000e-12  0.1932000    11.2064    11.2116     0.0051     8.7924     8.7963     91.633     93.606      0.629    1447.00    1447.02  0.000e+00
      23658     93.000     6.1892     6.1889    -0.0002    1.22558    1.22539          1     0.3886     0.4007      49.25     0.2970     0.3156  1.000e-12  0.1976000    11.2585    11.2567    -0.0018     8.8317     8.8303     92.128     94.111      0.724    1447.18    1447.18  0.000e+00
      23674     93.500     6.2047     6.2046    -0.0001    1.22919    1.22904          1     0.4553     0.4559      48.78     0.2969     0.3067  1.000e-12  0.1814000    11.2891    11.2877    -0.0014     8.8547     8.8536     92.623     94.616      0.706    1447.30    1447.29  0.000e+00
      23693     94.000     6.2172     6.2171    -0.0001    1.23216    1.23205          1     0.5030     0.4955      48.25     0.2861     0.2936  1.000e-12  0.1700000    11.3143    11.3133    -0.0010     8.8737     8.8729     93.118     95.120      0.583    1447.39    1447.39  0.000e+00
      23737     94.500     6.2139     6.2126    -0.0013    1.23212    1.23172          1     0.4783     0.4916      63.42     0.2763     0.2719  1.000e-12  0.1622000    11.3150    11.3114    -0.0036     8.8745     8.8717     93.614     95.625      0.322    1447.38    1447.37  0.000e+00
      23823     95.000     6.1966     6.2040     0.0072    1.22805    1.23019          1     0.4133     0.4423      45.63     0.2816     0.2860  1.000e-12  0.1652000    11.2802    11.2990     0.0188     8.8482     8.8625     94.109     96.130      0.503    1447.28    1447.33  0.000e+00
      23838     95.500     6.2254     6.2263     0.0010    1.23814    1.23817          1     0.4980     0.5036      46.61     0.2724     0.2830  1.000e-12  0.1614000    11.3708    11.3708    -0.0000     8.9176     8.9175     94.604     96.635      0.722    1447.52    1447.52  0.000e+00
      23853     96.000     6.2257     6.2261     0.0004    1.24028    1.24018          1     0.5549     0.5543      46.28     0.2725     0.2817  1.000e-12  0.1605000    11.3918    11.3907    -0.0011     8.9341     8.9332     95.099     97.139      0.791    1447.55    1447.55  0.000e+00
      23868     96.500     6.2277     6.2281     0.0003    1.24146    1.24142          1     0.5897     0.5876      45.77     0.2757     0.2600  1.000e-12  0.1589000    11.4028    11.4022    -0.0005     8.9425     8.9421     95.594     97.644      0.755    1447.58    1447.59  0.000e+00
      23885     97.000     6.2307     6.2311     0.0003    1.24233    1.24229          1     0.6082     0.6045      45.26     0.2844     0.2926  1.000e-12  0.1550000    11.4104    11.4098    -0.0005     8.9483     8.9479     96.090     98.149      0.592    1447.61    1447.62  0.000e+00
      23943     97.500     6.2257     6.2231    -0.0026    1.24090    1.23965          1     0.5551     0.5861      44.44     0.2750     0.3050  1.000e-12  0.1528000    11.3977    11.3862    -0.0115     8.9387     8.9298     96.585     98.654      0.315    1447.58    1447.56  0.000e+00
      24020     98.000     6.2250     6.2117    -0.0133    1.24086    1.23597          1     0.5076     0.5762      43.85     0.2738     0.3177  1.000e-12  0.1541000    11.3974    11.3533    -0.0442     8.9385     8.9047     97.080     99.159      0.656    1447.59    1447.48  0.000e+00
      24033     98.500     6.2324     6.2305    -0.0020    1.24450    1.24364          1     0.5552     0.5980      43.49     0.2846     0.3164  1.000e-12  0.1542000    11.4310    11.4231    -0.0079     8.9644     8.9584     97.575     99.663      0.900    1447.67    1447.65  0.000e+00
      24045     99.000     6.2414     6.2413    -0.0001    1.24560    1.24547          1     0.5813     0.6105      43.11     0.2847     0.3044  1.000e-12  0.1551000    11.4388    11.4376    -0.0013     8.9700     8.9690     98.070    100.168      0.989    1447.73    1447.72  0.000e+00
      24056     99.500     6.2479     6.2482     0.0003    1.24676    1.24670          1     0.5952     0.6138      42.64     0.2847     0.2999  1.000e-12  0.1545000    11.4480    11.4474    -0.0006     8.9768     8.9763     98.566    100.673      0.934    1447.77    1447.77  0.000e+00
      24070    100.000     6.2524     6.2528     0.0004    1.24779    1.24774          1     0.6020     0.6160      42.07     0.2816     0.3133  1.000e-12  0.1502000    11.4567    11.4561    -0.0006     8.9833     8.9828     99.061    101.177      0.664    1447.81    1447.81  0.000e+00
      24157    100.500     6.2471     6.2478     0.0007    1.24621    1.24642          1     0.5733     0.5911      41.43     0.2810     0.3193  1.000e-12  0.1400000    11.4427    11.4445     0.0018     8.9726     8.9740     99.556    101.682      0.578    1447.78    1447.78  0.000e+00
      24196    101.000     6.2454     6.2496     0.0042    1.24580    1.24666          1     0.5691     0.5909      41.17     0.2848     0.3103  1.000e-12  0.1418000    11.4391    11.4462     0.0071     8.9699     8.9752    100.051    102.187      0.902    1447.78    1447.80  0.000e+00
      24208    101.500     6.2728     6.2755     0.0027    1.25173    1.25208          1     0.5758     0.5962      40.65     0.2632     0.2861  1.000e-12  0.1427000    11.4886    11.4912     0.0026     9.0070     9.0088    100.546    102.692      0.933    1447.96    1447.98  0.000e+00
      24221    102.000     6.2854     6.2859     0.0006    1.25479    1.25478          1     0.5804     0.6018      40.07     0.2613     0.2916  1.000e-12  0.1430000    11.5147    11.5144    -0.0003     9.0266     9.0264    101.041    103.196      0.839    1448.06    1448.06  0.000e+00
      24238    102.500     6.2918     6.2924     0.0005    1.25702    1.25692          1     0.5847     0.6065      39.58     0.2604     0.3016  1.000e-12  0.1378000    11.5346    11.5334    -0.0012     9.0418     9.0408    101.537    103.701      0.564    1448.12    1448.12  0.000e+00
      24324    103.000     6.2591     6.2642     0.0052    1.24883    1.24968          1     0.5613     0.5887      38.55     0.2721     0.3005  1.000e-12  0.1414000    11.4642    11.4709     0.0067     8.9887     8.9936    102.032    104.206      0.321    1447.90    1447.93  0.000e+00
      24355    103.500     6.2852     6.2944     0.0091    1.25533    1.25759          1     0.5705     0.5950      38.26     0.2781     0.2879  1.000e-12  0.1345000    11.5198    11.5391     0.0193     9.0307     9.0452    102.527    104.711      0.571    1448.09    1448.15  0.000e+00
      24375    104.000     6.3068     6.3172     0.0104    1.26045    1.26279          1     0.5824     0.6024      37.82     0.2866     0.2933  1.000e-12  0.1247000    11.5633    11.5829     0.0196     9.0634     9.0780    103.022    105.215      0.607    1448.24    1448.31  0.000e+00
      24395    104.500     6.3293     6.3302     0.0008    1.26565    1.26565          1     0.5828     0.6056      37.30     0.2967     0.3155  1.000e-12  0.1310000    11.6071    11.6068    -0.0003     9.0962     9.0959    103.517    105.720      0.576    1448.40    1448.40  0.000e+00
      24417    105.000     6.3397     6.3402     0.0004    1.26851    1.26841          1     0.5726     0.5997      36.72     0.2645     0.3162  1.000e-12  0.1352000    11.6318    11.6307    -0.0011     9.1149     9.1140    104.012    106.225      0.494    1448.48    1448.48  0.000e+00
      24444    105.500     6.3503     6.3506     0.0003    1.27175    1.27170          1     0.5606     0.5853      36.13     0.2724     0.2767  1.000e-12  0.1293000    11.6603    11.6596    -0.0007     9.1366     9.1360    104.508    106.729      0.396    1448.57    1448.57  0.000e+00
      24481    106.000     6.3578     6.3582     0.0004    1.27402    1.27398          1     0.5713     0.5979      35.51     0.2940     0.2916  1.000e-12  0.1688000    11.6801    11.6796    -0.0005     9.1516     9.1512    105.003    107.234      0.256    1448.63    1448.63  0.000e+00
      24539    106.500     6.3642     6.3642     0.0000    1.27573    1.27551          1     0.5903     0.6140      34.90     0.2714     0.3204  1.000e-12  0.1273000    11.6948    11.6926    -0.0022     9.1627     9.1610    105.498    107.739      0.284    1448.69    1448.68  0.000e+00
      24567    107.000     6.3754     6.3756     0.0003    1.27921    1.27911          1     0.6022     0.6250      34.51     0.2696     0.2999  1.000e-12  0.1273000    11.7254    11.7244    -0.0011     9.1860     9.1851    105.993    108.243      0.553    1448.78    1448.78  0.000e+00
      24586    107.500     6.3850     6.3854     0.0005    1.28204    1.28199          1     0.6068     0.6270      34.13     0.2725     0.2987  1.000e-12  0.1309000    11.7501    11.7494    -0.0006     9.2047     9.2041    106.488    108.748      0.658    1448.86    1448.86  0.000e+00
      24604    108.000     6.3912     6.3917     0.0004    1.28389    1.28384          1     0.6007     0.6200      33.75     0.2744     0.3344  1.000e-12  0.1296000    11.7662    11.7655    -0.0007     9.2169     9.2163    106.983    109.252      0.624    1448.91    1448.91  0.000e+00
      24627    108.500     6.3982     6.3985     0.0003    1.28579    1.28571          1     0.5765     0.6043      33.11     0.2807     0.3096  1.000e-12  0.1324000    11.7825    11.7816    -0.0009     9.2292     9.2285    107.479    109.757      0.408    1448.97    1448.97  0.000e+00
      24671    109.000     6.4016     6.4022     0.0005    1.28690    1.28678          1     0.5638     0.5923      32.37     0.2557     0.2965  1.000e-12  0.1398000    11.7923    11.7909    -0.0014     9.2367     9.2355    107.974    110.262      0.286    1449.01    1449.01  0.000e+00
      24700    109.500     6.4077     6.4078     0.0001    1.28852    1.28845          1     0.5611     0.5860      32.02     0.2728     0.2699  1.000e-12  0.1738000    11.8062    11.8054    -0.0008     9.2472     9.2465    108.469    110.766      0.509    1449.06    1449.06  0.000e+00
      24722    110.000     6.4164     6.4167     0.0003    1.29099    1.29091          1     0.5500     0.5803      31.64     0.2616     0.2937  1.000e-12  0.1369000    11.8275    11.8266    -0.0009     9.2633     9.2626    108.964    111.271      0.470    1449.13    1449.13  0.000e+00
      24772    110.500     6.4189     6.4157    -0.0032    1.29205    1.29085          1     0.5468     0.5710      30.94     0.2827     0.2957  1.000e-12  0.1246000    11.8371    11.8263    -0.0108     9.2706     9.2624    109.459    111.775      0.282    1449.16    1449.13  0.000e+00
      24820    111.000     6.4304     6.4286    -0.0018    1.29516    1.29469          1     0.5696     0.5929      30.45     0.2627     0.2461  1.000e-12  0.1396000    11.8638    11.8597    -0.0040     9.2908     9.2878    109.954    112.280      0.586    1449.25    1449.24  0.000e+00
      24835    111.500     6.4402     6.4403     0.0001    1.29890    1.29881          1     0.5943     0.6174      30.06     0.2509     0.3223  1.000e-12  0.1487000    11.8974    11.8965    -0.0010     9.3166     9.3158    110.449    112.785      0.763    1449.34    1449.34  0.000e+00
      24849    112.000     6.4470     6.4472     0.0002    1.30103    1.30095          1     0.6025     0.6220      29.61     0.2852     0.3182  1.000e-12  0.1356000    11.9160    11.9152    -0.0008     9.3307     9.3300    110.945    113.289      0.777    1449.40    1449.40  0.000e+00
      24865    112.500     6.4586     6.4587     0.0001    1.30402    1.30395          1     0.5919     0.6128      29.11     0.2907     0.3158  1.000e-12  0.1483000    11.9415    11.9408    -0.0007     9.3498     9.3493    111.440    113.794      0.664    1449.49    1449.49  0.000e+00
