ctdpy/tests/etc/all_smhi_bas_2018/SBE09_1044_20181114_1640_34_01_0146.cnv
* Sea-Bird SBE 9 Data File:
* FileName = C:\ctd\temp\ar18d146.hex
* Software Version Seasave V 7.26.7.107
* Temperature SN = 5351
* Conductivity SN = 3941
* Number of Bytes Per Scan = 41
* Number of Voltage Words = 4
* Number of Scans Averaged by the Deck Unit = 1
* NMEA Latitude = 58 35.62 N
* NMEA Longitude = 018 14.20 E
* NMEA UTC (Time) = Nov 14 2018  16:40:31
* NMEA baud rate = 4800
** Station:  BY31
** Operator:  JKro
** Ship: ARANDA
** Average sound velocity: 1448.41 m/s
** True-depth calculation Wed, 14 Nov 2018 19:17:05 +0000
** CTD Python Module SMHI /ver 3-12/ feb 2012 
** LIMS Job: 20183401-0146
** Cruise: SMHI-6-2018
** Latitude [GG MM.mm N]:
** Longitude [GG MM.mm E]
# nquan = 26
# nvalues = 880                         
# units = specified
# name 0 = scan: Scan Count
# name 1 = prDM: Pressure, Digiquartz [db]
# name 2 = t090C: Temperature [ITS-90, deg C]
# name 3 = t190C: Temperature, 2 [ITS-90, deg C]
# name 4 = T2-T190C: Temperature Difference, 2 - 1 [ITS-90, deg C]
# name 5 = c0S/m: Conductivity [S/m]
# name 6 = c1S/m: Conductivity, 2 [S/m]
# name 7 = pumps: Pump Status
# name 8 = sbeox0ML/L: Oxygen, SBE 43 [ml/l]
# name 9 = sbeox1ML/L: Oxygen, SBE 43, 2 [ml/l]
# name 10 = altM: Altimeter [m]
# name 11 = flECO-AFL: Chl-a Fluorescence, WET Labs ECO-AFL/FL [mg/m^3]
# name 12 = flECO-AFL1: Phycocyanin Fluorescence, WET Labs ECO-AFL/FL, 2 [mg/m^3]
# name 13 = par: PAR/Irradiance, Biospherical/Lico [µE/(cm^2*s)]
# name 14 = turbWETntu0: Turbidity, WET Labs ECO [NTU]
# name 15 = sal00: Salinity, Practical [PSU]
# name 16 = sal11: Salinity, Practical, 2 [PSU]
# name 17 = secS-priS: Salinity, Practical, Difference, 2 - 1 [PSU]
# name 18 = sigma-t00: Density [sigma-t, Kg/m^3 ]
# name 19 = sigma-t11: Density, 2 [sigma-t, Kg/m^3 ]
# name 20 = depSM: Depth [salt water, m], lat = 58.5937
# name 21 = depFM: Depth [true depth, m], lat = 58.5937
# name 22 = dz/dtM: Descent Rate [m/s], WS = 2
# name 23 = svCM: Sound Velocity [Chen-Millero, m/s]
# name 24 = svCM1: Sound Velocity, 2 [Chen-Millero, m/s]
# name 25 = flag: flag
# span 0 =      12663,      36311       
# span 1 =      1.000,    440.500       
# span 2 =     4.4712,     7.9326       
# span 3 =     4.4742,     7.9337       
# span 4 =    -0.0085,     0.0141       
# span 5 =   0.802402,   1.248946       
# span 6 =   0.802378,   1.248950       
# span 7 =          1,          1       
# span 8 =    0.00737,    7.70316       
# span 9 =    0.03667,    7.32873       
# span 10 =       3.54,      99.30      
# span 11 =     0.2565,     1.1812      
# span 12 =     0.1368,     0.3929      
# span 13 = -7.059e-05, 1.0941e+00      
# span 14 =     0.1486,     1.7715      
# span 15 =     6.8123,    11.4068      
# span 16 =     6.8120,    11.4063      
# span 17 =    -0.0075,     0.0012      
# span 18 =     5.2139,     8.9444      
# span 19 =     5.2135,     8.9439      
# span 20 =      0.991,    435.932      
# span 21 =      1.013,    444.969      
# span 22 =     -0.008,      0.612      
# span 23 =    1434.99,    1453.19      
# span 24 =    1435.00,    1453.20      
# span 25 = 0.0000e+00, 0.0000e+00      
# interval = decibars: 0.5              
# start_time = Nov 14 2018 16:40:32 [NMEA time, first data scan]
# bad_flag = -9.990e-29
*END*
[from data line 669]
      29322    335.500     6.2338     6.2352     0.0014    1.24488    1.24487          1     0.0131     0.0428      98.71     0.3436     0.2628  1.000e-12  0.1633000    11.3902    11.3896    -0.0006     8.9322     8.9317    332.105    338.970      0.444    1451.43    1451.43  0.000e+00
      29348    336.000     6.2337     6.2352     0.0015    1.24486    1.24486          1     0.0113     0.0442      98.71     0.3602     0.2339  1.000e-12  0.1676000    11.3899    11.3894    -0.0005     8.9320     8.9315    332.600    339.475      0.466    1451.43    1451.44  0.000e+00
      29373    336.500     6.2340     6.2355     0.0014    1.24492    1.24491          1     0.0115     0.0421      98.71     0.3553     0.2390  1.000e-12  0.1666000    11.3903    11.3897    -0.0006     8.9323     8.9317    333.094    339.979      0.501    1451.44    1451.45  0.000e+00
      29396    337.000     6.2342     6.2356     0.0014    1.24496    1.24496          1     0.0137     0.0455      98.71     0.3359     0.2742  1.000e-12  0.1608000    11.3906    11.3901    -0.0005     8.9325     8.9320    333.589    340.484      0.517    1451.45    1451.46  0.000e+00
      29420    337.500     6.2342     6.2356     0.0014    1.24496    1.24496          1     0.0100     0.0440      98.71     0.3272     0.2321  1.000e-12  0.1558000    11.3905    11.3900    -0.0005     8.9324     8.9320    334.083    340.989      0.486    1451.46    1451.47  0.000e+00
      29446    338.000     6.2343     6.2357     0.0014    1.24500    1.24500          1     0.0104     0.0439      98.71     0.3459     0.2327  1.000e-12  0.1774000    11.3908    11.3902    -0.0005     8.9327     8.9321    334.578    341.494      0.441    1451.47    1451.48  0.000e+00
      29474    338.500     6.2344     6.2359     0.0015    1.24504    1.24503          1     0.0118     0.0430      98.71     0.3209     0.2105  1.000e-12  0.1660000    11.3909    11.3904    -0.0005     8.9328     8.9323    335.072    341.998      0.454    1451.48    1451.48  0.000e+00
      29499    339.000     6.2349     6.2362     0.0014    1.24511    1.24510          1     0.0119     0.0435      98.71     0.3177     0.2749  1.000e-12  0.1611000    11.3914    11.3909    -0.0006     8.9332     8.9326    335.567    342.503      0.510    1451.49    1451.49  0.000e+00
      29521    339.500     6.2350     6.2364     0.0014    1.24514    1.24514          1     0.0115     0.0450      98.71     0.3361     0.1818  1.000e-12  0.1551000    11.3916    11.3911    -0.0005     8.9333     8.9328    336.061    343.008      0.524    1451.50    1451.50  0.000e+00
      29545    340.000     6.2349     6.2364     0.0015    1.24515    1.24515          1     0.0111     0.0420      98.71     0.3252     0.1531  1.000e-12  0.1675000    11.3916    11.3911    -0.0005     8.9333     8.9328    336.556    343.513      0.477    1451.51    1451.51  0.000e+00
      29572    340.500     6.2350     6.2365     0.0015    1.24518    1.24517          1     0.0119     0.0449      98.71     0.3310     0.1704  1.000e-12  0.1827000    11.3918    11.3912    -0.0005     8.9334     8.9329    337.050    344.017      0.436    1451.51    1451.52  0.000e+00
      29599    341.000     6.2351     6.2366     0.0015    1.24520    1.24519          1     0.0135     0.0430      98.71     0.3733     0.2026  1.000e-12  0.1578000    11.3918    11.3913    -0.0005     8.9334     8.9329    337.545    344.522      0.471    1451.52    1451.53  0.000e+00
      29623    341.500     6.2353     6.2368     0.0015    1.24522    1.24521          1     0.0115     0.0444      98.71     0.3377     0.2071  1.000e-12  0.1866000    11.3919    11.3913    -0.0006     8.9335     8.9329    338.039    345.027      0.522    1451.53    1451.54  0.000e+00
      29645    342.000     6.2354     6.2368     0.0014    1.24525    1.24524          1     0.0109     0.0446      98.71     0.3258     0.2163  1.000e-12  0.1871000    11.3921    11.3915    -0.0006     8.9336     8.9331    338.534    345.532      0.513    1451.54    1451.55  0.000e+00
      29671    342.500     6.2353     6.2368     0.0015    1.24526    1.24526          1     0.0115     0.0424      98.71     0.3450     0.2475  1.000e-12  0.1914000    11.3921    11.3916    -0.0005     8.9336     8.9331    339.028    346.036      0.447    1451.55    1451.55  0.000e+00
      29699    343.000     6.2353     6.2368     0.0014    1.24527    1.24527          1     0.0113     0.0441      98.71     0.3263     0.2421  1.000e-12  0.1633000    11.3921    11.3916    -0.0005     8.9336     8.9331    339.523    346.541      0.436    1451.56    1451.56  0.000e+00
      29725    343.500     6.2355     6.2369     0.0014    1.24528    1.24528          1     0.0129     0.0439      98.71     0.3269     0.2045  1.000e-12  0.1493000    11.3921    11.3916    -0.0005     8.9336     8.9331    340.018    347.046      0.503    1451.56    1451.57  0.000e+00
      29747    344.000     6.2356     6.2370     0.0014    1.24530    1.24530          1     0.0136     0.0398      98.71     0.3247     0.2084  1.000e-12  0.1723000    11.3921    11.3917    -0.0005     8.9337     8.9332    340.512    347.551      0.531    1451.57    1451.58  0.000e+00
      29770    344.500     6.2356     6.2370     0.0014    1.24532    1.24532          1     0.0112     0.0437      98.71     0.3259     0.2102  1.000e-12  0.1593000    11.3923    11.3918    -0.0005     8.9338     8.9333    341.007    348.056      0.499    1451.58    1451.59  0.000e+00
      29796    345.000     6.2356     6.2370     0.0015    1.24534    1.24534          1     0.0110     0.0448      98.71     0.3533     0.2136  1.000e-12  0.1550000    11.3924    11.3918    -0.0005     8.9338     8.9333    341.501    348.560      0.449    1451.59    1451.60  0.000e+00
      29823    345.500     6.2357     6.2371     0.0014    1.24537    1.24536          1     0.0102     0.0421      98.71     0.3411     0.2351  1.000e-12  0.1612000    11.3925    11.3920    -0.0005     8.9339     8.9334    341.996    349.065      0.445    1451.60    1451.60  0.000e+00
      29849    346.000     6.2358     6.2372     0.0014    1.24539    1.24539          1     0.0104     0.0438      98.71     0.3256     0.2158  1.000e-12  0.1784000    11.3926    11.3921    -0.0005     8.9340     8.9335    342.490    349.570      0.487    1451.61    1451.61  0.000e+00
      29873    346.500     6.2359     6.2373     0.0014    1.24542    1.24542          1     0.0119     0.0421      98.71     0.3255     0.2116  1.000e-12  0.1689000    11.3928    11.3923    -0.0005     8.9341     8.9337    342.985    350.075      0.508    1451.62    1451.62  0.000e+00
      29897    347.000     6.2360     6.2374     0.0014    1.24544    1.24544          1     0.0115     0.0423      98.71     0.3339     0.2182  1.000e-12  0.1632000    11.3929    11.3924    -0.0005     8.9342     8.9337    343.479    350.579      0.486    1451.62    1451.63  0.000e+00
      29923    347.500     6.2360     6.2374     0.0014    1.24546    1.24547          1     0.0123     0.0421      98.71     0.3373     0.2065  1.000e-12  0.1610000    11.3930    11.3925    -0.0005     8.9343     8.9338    343.974    351.084      0.460    1451.63    1451.64  0.000e+00
      29948    348.000     6.2361     6.2375     0.0014    1.24548    1.24548          1     0.0101     0.0439      98.71     0.3374     0.2165  1.000e-12  0.1514000    11.3930    11.3925    -0.0005     8.9343     8.9338    344.468    351.589      0.477    1451.64    1451.65  0.000e+00
      29973    348.500     6.2363     6.2377     0.0014    1.24551    1.24551          1     0.0120     0.0438      98.63     0.3371     0.2626  1.000e-12  0.1683000    11.3932    11.3927    -0.0005     8.9344     8.9339    344.963    352.094      0.501    1451.65    1451.66  0.000e+00
      29997    349.000     6.2364     6.2378     0.0014    1.24555    1.24554          1     0.0126     0.0394      98.67     0.3032     0.2323  1.000e-12  0.1691000    11.3934    11.3929    -0.0006     8.9346     8.9341    345.457    352.598      0.489    1451.66    1451.66  0.000e+00
      30022    349.500     6.2364     6.2378     0.0015    1.24557    1.24556          1     0.0102     0.0434      98.71     0.3146     0.2081  1.000e-12  0.1712000    11.3935    11.3930    -0.0005     8.9347     8.9342    345.952    353.103      0.453    1451.67    1451.67  0.000e+00
      30049    350.000     6.2364     6.2379     0.0015    1.24559    1.24559          1     0.0106     0.0430      98.49     0.3253     0.2288  1.000e-12  0.1705000    11.3936    11.3931    -0.0005     8.9348     8.9343    346.446    353.608      0.464    1451.67    1451.68  0.000e+00
      30074    350.500     6.2366     6.2379     0.0014    1.24561    1.24560          1     0.0113     0.0426      98.69     0.3152     0.2066  1.000e-12  0.1632000    11.3936    11.3931    -0.0006     8.9348     8.9342    346.941    354.113      0.521    1451.68    1451.69  0.000e+00
      30096    351.000     6.2366     6.2380     0.0014    1.24562    1.24561          1     0.0114     0.0424      98.71     0.3348     0.1938  1.000e-12  0.1582000    11.3937    11.3932    -0.0005     8.9348     8.9343    347.435    354.617      0.531    1451.69    1451.70  0.000e+00
      30119    351.500     6.2365     6.2380     0.0015    1.24563    1.24562          1     0.0116     0.0430      98.71     0.3467     0.2144  1.000e-12  0.1561000    11.3937    11.3932    -0.0005     8.9348     8.9343    347.930    355.122      0.469    1451.70    1451.71  0.000e+00
      30147    352.000     6.2366     6.2381     0.0015    1.24566    1.24565          1     0.0110     0.0427      98.71     0.3360     0.1873  1.000e-12  0.1590000    11.3939    11.3933    -0.0006     8.9350     8.9344    348.424    355.627      0.431    1451.71    1451.71  0.000e+00
      30174    352.500     6.2368     6.2382     0.0014    1.24569    1.24569          1     0.0111     0.0419      98.71     0.3360     0.2756  1.000e-12  0.1679000    11.3940    11.3935    -0.0005     8.9351     8.9346    348.919    356.132      0.473    1451.72    1451.72  0.000e+00
      30198    353.000     6.2369     6.2383     0.0014    1.24572    1.24571          1     0.0118     0.0425      97.70     0.3367     0.2132  1.000e-12  0.1955000    11.3942    11.3937    -0.0005     8.9352     8.9347    349.413    356.636      0.514    1451.73    1451.73  0.000e+00
      30221    353.500     6.2369     6.2384     0.0014    1.24573    1.24573          1     0.0109     0.0408      94.67     0.3378     0.2266  1.000e-12  0.1873000    11.3942    11.3937    -0.0005     8.9352     8.9347    349.908    357.141      0.513    1451.73    1451.74  0.000e+00
      30245    354.000     6.2370     6.2384     0.0014    1.24576    1.24575          1     0.0103     0.0447      93.37     0.3374     0.2394  1.000e-12  0.1668000    11.3944    11.3938    -0.0005     8.9353     8.9348    350.402    357.646      0.485    1451.74    1451.75  0.000e+00
      30271    354.500     6.2371     6.2384     0.0014    1.24578    1.24578          1     0.0129     0.0431      92.64     0.3417     0.2036  1.000e-12  0.1678000    11.3944    11.3940    -0.0005     8.9354     8.9349    350.897    358.151      0.449    1451.75    1451.76  0.000e+00
      30298    355.000     6.2372     6.2385     0.0014    1.24580    1.24580          1     0.0108     0.0410      92.79     0.3507     0.1773  1.000e-12  0.2122000    11.3945    11.3941    -0.0005     8.9354     8.9349    351.391    358.655      0.468    1451.76    1451.77  0.000e+00
      30322    355.500     6.2373     6.2387     0.0014    1.24582    1.24582          1     0.0117     0.0416      95.07     0.3463     0.1778  1.000e-12  0.2210000    11.3946    11.3942    -0.0004     8.9355     8.9350    351.886    359.160      0.527    1451.77    1451.77  0.000e+00
      30344    356.000     6.2374     6.2388     0.0014    1.24585    1.24584          1     0.0118     0.0420      91.05     0.3420     0.1952  1.000e-12  0.1645000    11.3948    11.3942    -0.0005     8.9356     8.9351    352.380    359.665      0.524    1451.78    1451.78  0.000e+00
      30369    356.500     6.2373     6.2388     0.0014    1.24587    1.24586          1     0.0106     0.0440      90.42     0.3448     0.2228  1.000e-12  0.1692000    11.3949    11.3943    -0.0006     8.9357     8.9352    352.875    360.170      0.443    1451.79    1451.79  0.000e+00
      30398    357.000     6.2374     6.2388     0.0014    1.24589    1.24588          1     0.0113     0.0414      89.87     0.3386     0.2208  1.000e-12  0.1689000    11.3949    11.3944    -0.0005     8.9357     8.9352    353.369    360.674      0.427    1451.79    1451.80  0.000e+00
      30424    357.500     6.2376     6.2390     0.0013    1.24591    1.24590          1     0.0117     0.0420      94.48     0.3351     0.2440  1.000e-12  0.1677000    11.3950    11.3944    -0.0006     8.9357     8.9352    353.864    361.179      0.506    1451.80    1451.81  0.000e+00
      30446    358.000     6.2376     6.2391     0.0014    1.24591    1.24591          1     0.0122     0.0425      98.66     0.3346     0.2444  1.000e-12  0.1865000    11.3950    11.3944    -0.0005     8.9357     8.9352    354.358    361.684      0.542    1451.81    1451.82  0.000e+00
      30469    358.500     6.2377     6.2391     0.0014    1.24594    1.24594          1     0.0110     0.0440      98.65     0.3315     0.2283  1.000e-12  0.2071000    11.3951    11.3946    -0.0005     8.9358     8.9353    354.853    362.189      0.513    1451.82    1451.82  0.000e+00
      30493    359.000     6.2378     6.2393     0.0015    1.24598    1.24597          1     0.0100     0.0426      88.84     0.3443     0.1793  1.000e-12  0.1718000    11.3954    11.3948    -0.0006     8.9360     8.9355    355.347    362.694      0.464    1451.83    1451.83  0.000e+00
      30520    359.500     6.2378     6.2393     0.0015    1.24599    1.24599          1     0.0116     0.0426      98.80     0.3234     0.2039  1.000e-12  0.2304000    11.3954    11.3948    -0.0005     8.9360     8.9355    355.842    363.198      0.445    1451.84    1451.84  0.000e+00
      30547    360.000     6.2379     6.2393     0.0014    1.24600    1.24599          1     0.0121     0.0429      98.71     0.3231     0.1616  1.000e-12  0.1793000    11.3954    11.3948    -0.0006     8.9360     8.9355    356.336    363.703      0.455    1451.84    1451.85  0.000e+00
      30573    360.500     6.2380     6.2394     0.0014    1.24603    1.24602          1     0.0113     0.0423      98.71     0.3510     0.1533  1.000e-12  0.1593000    11.3955    11.3950    -0.0006     8.9361     8.9356    356.831    364.208      0.477    1451.85    1451.86  0.000e+00
      30597    361.000     6.2381     6.2395     0.0014    1.24604    1.24604          1     0.0115     0.0404      88.63     0.3538     0.2225  1.000e-12  0.1558000    11.3955    11.3950    -0.0005     8.9362     8.9357    357.325    364.713      0.508    1451.86    1451.87  0.000e+00
      30620    361.500     6.2382     6.2396     0.0014    1.24608    1.24606          1     0.0108     0.0417      85.38     0.3162     0.2077  1.000e-12  0.1563000    11.3957    11.3951    -0.0006     8.9363     8.9357    357.820    365.217      0.526    1451.87    1451.88  0.000e+00
      30643    362.000     6.2383     6.2397     0.0014    1.24610    1.24609          1     0.0103     0.0413      92.91     0.3357     0.2352  1.000e-12  0.1606000    11.3958    11.3953    -0.0005     8.9364     8.9359    358.314    365.722      0.506    1451.88    1451.88  0.000e+00
      30668    362.500     6.2383     6.2397     0.0015    1.24611    1.24611          1     0.0111     0.0426      84.42     0.3380     0.2751  1.000e-12  0.1521000    11.3958    11.3953    -0.0005     8.9364     8.9359    358.808    366.227      0.451    1451.89    1451.89  0.000e+00
