ctdpy/tests/etc/all_smhi_bas_2018/SBE09_0827_20181007_1524_26_01_1037.cnv
* Sea-Bird SBE 9 Data File:
* FileName = D:\CTD_SBE911\DAT\26DA.2018.10.37.hex
* Software Version Seasave V 7.21d
* Temperature SN = 4548
* Conductivity SN = 3062
* Number of Bytes Per Scan = 48
* Number of Voltage Words = 5
* Number of Scans Averaged by the Deck Unit = 1
* NMEA Latitude = 58 16.44 N
* NMEA Longitude = 018 30.83 E
* NMEA UTC (Time) = Oct 07 2018  15:26:47
* NMEA baud rate = 4800
** Ship: DANA
** Average sound velocity: 1442.73 m/s
** True-depth calculation Thu, 28 Mar 2019 12:20:44 +0000
** CTD Python Module SMHI /ver 3-12/ feb 2012 
** LIMS Job: 20182601-1037
**  20 W Gotska Sandön
** Operator: Christian
** Cruise: 10/2018
# nquan = 26
# nvalues = 157                         
# units = specified
# name 0 = scan: Scan Count
# name 1 = prDM: Pressure, Digiquartz [db]
# name 2 = t090C: Temperature [ITS-90, deg C]
# name 3 = t190C: Temperature, 2 [ITS-90, deg C]
# name 4 = T2-T190C: Temperature Difference, 2 - 1 [ITS-90, deg C]
# name 5 = c0S/m: Conductivity [S/m]
# name 6 = c1S/m: Conductivity, 2 [S/m]
# name 7 = pumps: Pump Status
# name 8 = sbeox1ML/L: Oxygen, SBE 43, 2 [ml/l]
# name 9 = sbeox0ML/L: Oxygen, SBE 43 [ml/l]
# name 10 = altM: Altimeter [m]
# name 11 = chloroflTC0: Chlorophyll, Turner Cyclops [ug/l]
# name 12 = cpar: CPAR/Corrected Irradiance [%]
# name 13 = par: PAR/Irradiance, Biospherical/Lico [µE/(cm^2*s)]
# name 14 = spar: SPAR, Biospherical/Licor
# name 15 = sal00: Salinity, Practical [PSU]
# name 16 = sal11: Salinity, Practical, 2 [PSU]
# name 17 = secS-priS: Salinity, Practical, Difference, 2 - 1 [PSU]
# name 18 = sigma-t00: Density [sigma-t, kg/m^3 ]
# name 19 = sigma-t11: Density, 2 [sigma-t, kg/m^3 ]
# name 20 = depSM: Depth [salt water, m], lat = 58.274
# name 21 = depFM: Depth [true depth, m], lat = 58.274
# name 22 = dz/dtM: Descent Rate [m/s], WS = 2
# name 23 = svCM: Sound Velocity [Chen-Millero, m/s]
# name 24 = svCM1: Sound Velocity, 2 [Chen-Millero, m/s]
# name 25 = flag: flag
# span 0 =        179,       8970       
# span 1 =      1.000,     79.000       
# span 2 =     3.6100,    10.5209       
# span 3 =     3.6168,    10.5210       
# span 4 =    -0.1716,     0.0995       
# span 5 =   0.767415,   1.149409       
# span 6 =   0.767857,   1.145405       
# span 7 =          1,          1       
# span 8 =     0.0524,     7.7639       
# span 9 =     0.0533,     7.3099       
# span 10 =       1.16,      10.00      
# span 11 =     0.0158,     0.0341      
# span 12 = -1.493e-06, 4.6641e+00      
# span 13 = -5.169e-06, 1.5513e+01      
# span 14 = 3.2788e+02, 3.9283e+02      
# span 15 =     6.9513,    10.6263      
# span 16 =     6.9513,    10.5922      
# span 17 =    -0.1962,     0.0202      
# span 18 =     5.0737,     8.3584      
# span 19 =     5.0737,     8.3327      
# span 20 =      0.991,     78.251      
# span 21 =      1.013,     79.953      
# span 22 =     -0.090,      0.465      
# span 23 =    1430.08,    1458.09      
# span 24 =    1430.10,    1458.09      
# span 25 = 0.0000e+00, 0.0000e+00      
# interval = decibars: 0.5              
# start_time = Oct 07 2018 15:26:48 [NMEA time, first data scan]
# bad_flag = -9.990e-29
*END*
[from data line 56]
       2857     29.000     4.5203     4.5221     0.0018    0.77503    0.77552          1     7.4844     7.0590       9.96     0.0179  2.740e-13  1.000e-12  3.649e+02     7.2300     7.2345     0.0045     5.7331     5.7366     28.729     29.384      0.278    1433.82    1433.83  0.000e+00
       2897     29.500     4.4800     4.4804     0.0004    0.77504    0.77538          1     7.4883     7.0520       9.96     0.0176  2.770e-13  1.000e-12  3.610e+02     7.2388     7.2422     0.0034     5.7414     5.7440     29.224     29.891      0.285    1433.66    1433.66  0.000e+00
       2950     30.000     4.4535     4.4813     0.0278    0.77551    0.77611          1     7.5251     7.0950       9.96     0.0179  2.820e-13  1.000e-12  3.546e+02     7.2493     7.2492    -0.0001     5.7505     5.7496     29.719     30.397      0.199    1433.56    1433.69  0.000e+00
       3002     30.500     4.2838     4.2856     0.0019    0.77350    0.77407          1     7.4853     7.0736       9.96     0.0171  2.773e-13  1.000e-12  3.606e+02     7.2664     7.2718     0.0053     5.7691     5.7732     30.214     30.903      0.327    1432.83    1432.85  0.000e+00
       3033     31.000     4.1197     4.1202     0.0005    0.77119    0.77158          1     7.4668     7.0736       9.96     0.0171  2.766e-13  1.000e-12  3.615e+02     7.2794     7.2832     0.0037     5.7839     5.7869     30.710     31.410      0.371    1432.12    1432.13  0.000e+00
       3077     31.500     4.0001     4.0437     0.0446    0.76934    0.77047          1     7.4564     7.0842       9.96     0.0171  2.750e-13  1.000e-12  3.636e+02     7.2872     7.2889     0.0018     5.7930     5.7934     31.205     31.916      0.216    1431.60    1431.80  0.000e+00
       3135     32.000     3.7786     3.8398     0.0611    0.76741    0.76861          1     7.4018     7.0210       9.96     0.0171  2.720e-13  1.000e-12  3.677e+02     7.3170     7.3155    -0.0015     5.8217     5.8192     31.700     32.422      0.305    1430.65    1430.92  0.000e+00
       3168     32.500     3.6761     3.6858     0.0097    0.76750    0.76786          1     7.3796     7.0015       9.96     0.0171  2.730e-13  1.000e-12  3.663e+02     7.3408     7.3424     0.0015     5.8428     5.8438     32.196     32.929      0.327    1430.22    1430.27  0.000e+00
       3222     33.000     3.6430     3.6863     0.0435    0.76846    0.76883          1     7.3528     6.9638       9.96     0.0171  2.774e-13  1.000e-12  3.605e+02     7.3582     7.3522    -0.0060     5.8572     5.8517     32.691     33.435      0.209    1430.10    1430.29  0.000e+00
       3271     33.500     3.6332     3.6449     0.0116    0.76961    0.76974          1     7.3112     6.9267       9.96     0.0170  2.766e-13  1.000e-12  3.615e+02     7.3721     7.3709    -0.0013     5.8685     5.8673     33.186     33.941      0.337    1430.08    1430.14  0.000e+00
       3306     34.000     3.6286     3.6355     0.0069    0.77062    0.77075          1     7.2810     6.8922       9.96     0.0173  2.783e-13  1.000e-12  3.593e+02     7.3835     7.3833    -0.0002     5.8776     5.8773     33.681     34.447      0.286    1430.09    1430.12  0.000e+00
       3360     34.500     3.6231     3.6428     0.0197    0.77175    0.77152          1     7.2324     6.8558       9.96     0.0170  2.734e-13  1.000e-12  3.658e+02     7.3963     7.3894    -0.0069     5.8879     5.8821     34.177     34.954      0.244    1430.08    1430.17  0.000e+00
       3399     35.000     3.6139     3.6185     0.0046    0.77340    0.77335          1     7.1740     6.8226       9.96     0.0165  2.691e-13  1.000e-12  3.716e+02     7.4153     7.4138    -0.0015     5.9032     5.9020     34.672     35.460      0.350    1430.08    1430.10  0.000e+00
       3441     35.500     3.6109     3.6251     0.0142    0.77496    0.77450          1     7.1099     6.7614       9.96     0.0165  2.725e-13  1.000e-12  3.670e+02     7.4320     7.4240    -0.0080     5.9166     5.9099     35.167     35.966      0.229    1430.09    1430.15  0.000e+00
       3497     36.000     3.6110     3.6282     0.0172    0.77659    0.77571          1     7.0460     6.7103       9.96     0.0171  2.705e-13  1.000e-12  3.696e+02     7.4487     7.4358    -0.0130     5.9299     5.9193     35.662     36.473      0.283    1430.12    1430.18  0.000e+00
       3535     36.500     3.6127     3.6224     0.0097    0.77743    0.77726          1     7.0153     6.6633       9.96     0.0164  2.750e-13  1.000e-12  3.637e+02     7.4569     7.4530    -0.0039     5.9364     5.9331     36.158     36.979      0.289    1430.15    1430.19  0.000e+00
       3587     37.000     3.6100     3.6230     0.0131    0.77933    0.77824          1     6.9555     6.6168       9.96     0.0160  2.751e-13  1.000e-12  3.635e+02     7.4771     7.4628    -0.0142     5.9525     5.9409     36.653     37.485      0.234    1430.17    1430.21  0.000e+00
       3627     37.500     3.6133     3.6168     0.0035    0.78087    0.78069          1     6.8913     6.5601       9.96     0.0160  2.695e-13  1.000e-12  3.710e+02     7.4921     7.4894    -0.0027     5.9644     5.9622     37.148     37.991      0.343    1430.21    1430.22  0.000e+00
       3668     38.000     3.6147     3.6229     0.0082    0.78142    0.78121          1     6.8599     6.5020       9.96     0.0164  2.709e-13  1.000e-12  3.692e+02     7.4974     7.4933    -0.0041     5.9685     5.9651     37.644     38.498      0.247    1430.23    1430.26  0.000e+00
       3717     38.500     3.6161     3.6252     0.0091    0.78375    0.78289          1     6.7772     6.4587       9.96     0.0160  2.656e-13  1.000e-12  3.765e+02     7.5210     7.5100    -0.0110     5.9873     5.9784     38.139     39.004      0.288    1430.28    1430.31  0.000e+00
       3766     39.000     3.6231     3.6266     0.0035    0.78723    0.78572          1     6.6436     6.3660       9.96     0.0161  2.702e-13  1.000e-12  3.701e+02     7.5552     7.5387    -0.0164     6.0144     6.0012     38.634     39.510      0.207    1430.36    1430.36  0.000e+00
       3822     39.500     3.6356     3.6372     0.0016    0.79163    0.78911          1     6.4924     6.2671       9.96     0.0160  2.750e-13  1.000e-12  3.636e+02     7.5975     7.5712    -0.0263     6.0478     6.0269     39.129     40.016      0.292    1430.48    1430.45  0.000e+00
       3859     40.000     3.6337     3.6376     0.0039    0.79424    0.79366          1     6.3856     6.1479       9.96     0.0161  2.784e-13  1.000e-12  3.592e+02     7.6248     7.6180    -0.0068     6.0696     6.0641     39.625     40.523      0.297    1430.52    1430.52  0.000e+00
       3914     40.500     3.6450     3.6454     0.0004    0.79752    0.79508          1     6.2676     6.0179       9.96     0.0160  2.779e-13  1.000e-12  3.599e+02     7.6559     7.6307    -0.0253     6.0941     6.0740     40.120     41.029      0.232    1430.62    1430.58  0.000e+00
       3955     41.000     3.6731     3.6700    -0.0031    0.80194    0.80082          1     6.1127     5.9336       9.96     0.0160  2.667e-13  1.000e-12  3.749e+02     7.6948     7.6839    -0.0109     6.1245     6.1159     40.615     41.535      0.405    1430.80    1430.77  0.000e+00
       3984     41.500     3.6985     3.6980    -0.0005    0.80616    0.80553          1     5.9785     5.7914       9.96     0.0161  2.664e-13  1.000e-12  3.754e+02     7.7322     7.7258    -0.0063     6.1537     6.1486     41.110     42.041      0.348    1430.97    1430.96  0.000e+00
       4040     42.000     3.7085     3.6926    -0.0158    0.80749    0.80401          1     5.8885     5.6641       9.96     0.0161  2.662e-13  1.000e-12  3.757e+02     7.7435     7.7114    -0.0322     6.1625     6.1372     41.606     42.547      0.202    1431.04    1430.93  0.000e+00
       4091     42.500     3.7173     3.7165    -0.0008    0.80883    0.80769          1     5.8607     5.6510       9.96     0.0163  2.706e-13  1.000e-12  3.696e+02     7.7551     7.7435    -0.0115     6.1715     6.1623     42.101     43.053      0.302    1431.10    1431.08  0.000e+00
       4134     43.000     3.7421     3.7316    -0.0105    0.81155    0.80983          1     5.8061     5.5402       9.96     0.0163  2.780e-13  1.000e-12  3.597e+02     7.7772     7.7619    -0.0153     6.1885     6.1766     42.596     43.559      0.239    1431.25    1431.18  0.000e+00
       4191     43.500     3.7788     3.7508    -0.0280    0.81587    0.81185          1     5.6848     5.4579       9.96     0.0159  2.840e-13  1.000e-12  3.521e+02     7.8127     7.7781    -0.0346     6.2160     6.1891     43.091     44.066      0.223    1431.47    1431.30  0.000e+00
       4236     44.000     3.8631     3.8310    -0.0321    0.82895    0.82323          1     5.3448     5.3469       9.96     0.0160  2.782e-13  1.000e-12  3.595e+02     7.9269     7.8758    -0.0510     6.3048     6.2650     43.587     44.572      0.331    1432.01    1431.80  0.000e+00
       4269     44.500     3.8994     3.8905    -0.0089    0.83535    0.83322          1     5.1098     5.1047       9.96     0.0161  2.695e-13  1.000e-12  3.710e+02     7.9837     7.9640    -0.0197     6.3491     6.3336     44.082     45.078      0.347    1432.25    1432.19  0.000e+00
       4313     45.000     3.9450     3.9227    -0.0223    0.84210    0.83821          1     4.8726     4.8151       9.96     0.0160  2.670e-13  1.000e-12  3.745e+02     8.0418     8.0073    -0.0345     6.3941     6.3672     44.577     45.584      0.227    1432.54    1432.39  0.000e+00
       4365     45.500     3.9617     3.9385    -0.0233    0.84458    0.84063          1     4.7960     4.7027       9.96     0.0159  2.652e-13  1.000e-12  3.770e+02     8.0631     8.0282    -0.0349     6.4105     6.3834     45.072     46.090      0.275    1432.65    1432.50  0.000e+00
       4411     46.000     3.9927     3.9607    -0.0320    0.84915    0.84391          1     4.6891     4.6211       9.96     0.0162  2.750e-13  1.000e-12  3.637e+02     8.1023     8.0564    -0.0459     6.4408     6.4052     45.568     46.596      0.217    1432.85    1432.64  0.000e+00
       4470     46.500     4.0576     4.0120    -0.0456    0.85952    0.85176          1     4.4146     4.4469       9.96     0.0160  2.795e-13  1.000e-12  3.578e+02     8.1923     8.1241    -0.0682     6.5106     6.4577     46.063     47.102      0.262    1433.26    1432.97  0.000e+00
       4509     47.000     4.0741     4.0516    -0.0224    0.86207    0.85813          1     4.3008     4.2972       9.96     0.0160  2.781e-13  1.000e-12  3.596e+02     8.2143     8.1794    -0.0348     6.5276     6.5005     46.558     47.608      0.303    1433.37    1433.23  0.000e+00
       4552     47.500     4.0856     4.0641    -0.0215    0.86439    0.86038          1     4.2453     4.1607       9.96     0.0159  2.717e-13  1.000e-12  3.682e+02     8.2351     8.1994    -0.0357     6.5438     6.5161     47.053     48.114      0.276    1433.46    1433.32  0.000e+00
       4593     48.000     4.1059     4.0837    -0.0223    0.86818    0.86383          1     4.1499     4.0747       9.96     0.0159  2.621e-13  1.000e-12  3.816e+02     8.2687     8.2297    -0.0390     6.5699     6.5396     47.549     48.620      0.287    1433.60    1433.45  0.000e+00
       4641     48.500     4.1182     4.1012    -0.0170    0.87020    0.86705          1     4.0851     3.9738       9.96     0.0160  2.627e-13  1.000e-12  3.806e+02     8.2862     8.2582    -0.0280     6.5834     6.5617     48.044     49.126      0.227    1433.69    1433.57  0.000e+00
       4693     49.000     4.1649     4.1212    -0.0438    0.87727    0.87028          1     3.9343     3.8862       9.96     0.0160  2.706e-13  1.000e-12  3.697e+02     8.3467     8.2862    -0.0605     6.6300     6.5833     48.539     49.632      0.221    1433.98    1433.71  0.000e+00
       4755     49.500     4.2271     4.1637    -0.0635    0.88691    0.87643          1     3.6583     3.7577       9.96     0.0160  2.785e-13  1.000e-12  3.591e+02     8.4293     8.3384    -0.0909     6.6937     6.6235     49.034     50.138      0.245    1434.37    1433.97  0.000e+00
       4792     50.000     4.2696     4.2178    -0.0518    0.89444    0.88540          1     3.4790     3.6269       9.96     0.0160  2.786e-13  1.000e-12  3.589e+02     8.4953     8.4162    -0.0791     6.7448     6.6836     49.530     50.643      0.361    1434.65    1434.32  0.000e+00
       4834     50.500     4.2927     4.2614    -0.0312    0.89764    0.89243          1     3.3821     3.4288       9.96     0.0160  2.713e-13  1.000e-12  3.686e+02     8.5220     8.4768    -0.0452     6.7652     6.7303     50.025     51.149      0.220    1434.80    1434.60  0.000e+00
       4890     51.000     4.3148     4.2771    -0.0376    0.90114    0.89511          1     3.3192     3.2647       9.96     0.0161  2.577e-13  1.000e-12  3.881e+02     8.5519     8.5001    -0.0518     6.7882     6.7483     50.520     51.655      0.314    1434.95    1434.71  0.000e+00
       4922     51.500     4.3679     4.3140    -0.0539    0.90906    0.90054          1     3.1919     3.2189       9.96     0.0159  2.581e-13  1.000e-12  3.874e+02     8.6188     8.5459    -0.0730     6.8395     6.7834     51.015     52.161      0.353    1435.27    1434.94  0.000e+00
       4984     52.000     4.4107     4.3660    -0.0446    0.91473    0.90819          1     3.0547     3.0922       9.96     0.0159  2.688e-13  1.000e-12  3.724e+02     8.6653     8.6104    -0.0549     6.8749     6.8329     51.510     52.667      0.227    1435.53    1435.26  0.000e+00
       5048     52.500     4.4244     4.4051    -0.0193    0.91685    0.91392          1     3.0051     2.9635       9.96     0.0160  2.797e-13  1.000e-12  3.576e+02     8.6833     8.6585    -0.0248     6.8887     6.8696     52.006     53.172      0.317    1435.62    1435.51  0.000e+00
       5086     53.000     4.4467     4.4283    -0.0185    0.91970    0.91700          1     2.9507     2.8679       9.96     0.0162  2.821e-13  1.000e-12  3.545e+02     8.7064     8.6838    -0.0227     6.9062     6.8889     52.501     53.678      0.277    1435.76    1435.65  0.000e+00
       5134     53.500     4.4978     4.4528    -0.0450    0.92758    0.92070          1     2.7552     2.7797       9.96     0.0159  2.709e-13  1.000e-12  3.693e+02     8.7730     8.7148    -0.0582     6.9571     6.9126     52.996     54.184      0.265    1436.08    1435.81  0.000e+00
       5174     54.000     4.5643     4.4880    -0.0763    0.93824    0.92588          1     2.3752     2.6793       9.96     0.0159  2.604e-13  1.000e-12  3.841e+02     8.8637     8.7583    -0.1054     7.0265     6.9458     53.491     54.690      0.307    1436.50    1436.03  0.000e+00
       5221     54.500     4.6179     4.5715    -0.0464    0.94609    0.93861          1     2.0007     2.3616       9.96     0.0164  2.595e-13  1.000e-12  3.854e+02     8.9291     8.8655    -0.0636     7.0763     7.0277     53.987     55.195      0.218    1436.83    1436.54  0.000e+00
       5271     55.000     4.7566     4.6238    -0.1327    0.96991    0.94702          1     1.5815     2.0972       9.96     0.0166  2.587e-13  1.000e-12  3.866e+02     9.1330     8.9368    -0.1962     7.2323     7.0822     54.482     55.701      0.290    1437.71    1436.87  0.000e+00
       5331     55.500     4.8383     4.7288    -0.1095    0.98157    0.96460          1     1.3047     1.7045       9.96     0.0164  2.742e-13  1.000e-12  3.649e+02     9.2285     9.0867    -0.1419     7.3044     7.1967     54.977     56.207      0.222    1438.20    1437.53  0.000e+00
       5386     56.000     4.8761     4.8343    -0.0419    0.98707    0.98037          1     1.2296     1.4389       9.96     0.0166  2.714e-13  1.000e-12  3.684e+02     9.2736     9.2174    -0.0562     7.3385     7.2958     55.472     56.712      0.369    1438.43    1438.17  0.000e+00
