ctdpy/tests/etc/all_smhi_bas_2018/SBE09_1044_20180924_0440_34_01_0045.cnv
* Sea-Bird SBE 9 Data File:
* FileName = C:\ctd\temp\2018\AR18D045.hex
* Software Version Seasave V 7.26.6.26
* Temperature SN = 5351
* Conductivity SN = 3941
* Number of Bytes Per Scan = 41
* Number of Voltage Words = 4
* Number of Scans Averaged by the Deck Unit = 1
* NMEA Latitude = 58 16.03 N
* NMEA Longitude = 010 43.46 E
* NMEA UTC (Time) = Sep 24 2018  04:40:12
* NMEA baud rate = 4800
** Station:  Å16
** Operator:  Obac
** Ship: ARANDA
** Average sound velocity: 1488.62 m/s
** True-depth calculation Mon, 24 Sep 2018 06:38:13 +0000
** CTD Python Module SMHI /ver 3-12/ feb 2012 
** LIMS Job: 20183401-0045
** Cruise: SMHI-02-2018
** Latitude [GG MM.mm N] :
** Longitude [GG MM.mm E]:
# nquan = 26
# nvalues = 401                         
# units = specified
# name 0 = scan: Scan Count
# name 1 = prDM: Pressure, Digiquartz [db]
# name 2 = t090C: Temperature [ITS-90, deg C]
# name 3 = t190C: Temperature, 2 [ITS-90, deg C]
# name 4 = T2-T190C: Temperature Difference, 2 - 1 [ITS-90, deg C]
# name 5 = c0S/m: Conductivity [S/m]
# name 6 = c1S/m: Conductivity, 2 [S/m]
# name 7 = pumps: Pump Status
# name 8 = sbeox0ML/L: Oxygen, SBE 43 [ml/l]
# name 9 = sbeox1ML/L: Oxygen, SBE 43, 2 [ml/l]
# name 10 = altM: Altimeter [m]
# name 11 = flECO-AFL: Chl-a Fluorescence, WET Labs ECO-AFL/FL [mg/m^3]
# name 12 = flECO-AFL1: Phycocyanin Fluorescence, WET Labs ECO-AFL/FL, 2 [mg/m^3]
# name 13 = par: PAR/Irradiance, Biospherical/Lico [µE/(cm^2*s)]
# name 14 = turbWETntu0: Turbidity, WET Labs ECO [NTU]
# name 15 = sal00: Salinity, Practical [PSU]
# name 16 = sal11: Salinity, Practical, 2 [PSU]
# name 17 = secS-priS: Salinity, Practical, Difference, 2 - 1 [PSU]
# name 18 = sigma-t00: Density [sigma-t, Kg/m^3 ]
# name 19 = sigma-t11: Density, 2 [sigma-t, Kg/m^3 ]
# name 20 = depSM: Depth [salt water, m], lat = 58.2672
# name 21 = depFM: Depth [true depth, m], lat = 58.2672
# name 22 = dz/dtM: Descent Rate [m/s], WS = 2
# name 23 = svCM: Sound Velocity [Chen-Millero, m/s]
# name 24 = svCM1: Sound Velocity, 2 [Chen-Millero, m/s]
# name 25 = flag: flag
# span 0 =       9318,      18366       
# span 1 =      2.000,    202.000       
# span 2 =     6.7818,    14.8450       
# span 3 =     6.7833,    14.8458       
# span 4 =    -0.0181,     0.0556       
# span 5 =   3.527833,   4.233862       
# span 6 =   3.527891,   4.233848       
# span 7 =          1,          1       
# span 8 =    4.70301,    5.82411       
# span 9 =    3.24444,    4.41454       
# span 10 =       2.98,      99.78      
# span 11 =     0.0757,     1.0280      
# span 12 =     0.1377,     0.3521      
# span 13 = 1.0000e-12, 1.8114e+00      
# span 14 =     0.1635,     1.5385      
# span 15 =    33.0684,    35.1153      
# span 16 =    33.0682,    35.1146      
# span 17 =    -0.0148,     0.0096      
# span 18 =    24.7735,    27.5398      
# span 19 =    24.7733,    27.5387      
# span 20 =      1.981,    200.026      
# span 21 =      1.988,    200.389      
# span 22 =      0.012,      1.277      
# span 23 =    1481.19,    1506.30      
# span 24 =    1481.20,    1506.30      
# span 25 = 0.0000e+00, 0.0000e+00      
# interval = decibars: 0.5              
# start_time = Sep 24 2018 04:40:12 [NMEA time, first data scan]
# bad_flag = -9.990e-29
*END*
[from data line 223]
      14433    113.500     8.3893     8.3919     0.0026    3.66000    3.66014          1     5.1052     3.4601      97.42     0.2753     0.2569  1.000e-12  0.6412000    34.9720    34.9708    -0.0012    27.1926    27.1912    112.415    112.657      0.587    1485.77    1485.78  0.000e+00
      14463    114.000     8.3603     8.3681     0.0077    3.65773    3.65835          1     5.1136     3.4755      97.41     0.2628     0.2155  1.000e-12  0.6030000    34.9763    34.9752    -0.0011    27.2004    27.1984    112.910    113.152      0.348    1485.67    1485.70  0.000e+00
      14497    114.500     8.2652     8.2761     0.0111    3.65012    3.65117          1     5.1209     3.4848      97.42     0.2571     0.2365  1.000e-12  0.6034000    34.9897    34.9899     0.0003    27.2255    27.2241    113.405    113.648      0.495    1485.34    1485.38  0.000e+00
      14516    115.000     8.1526     8.1579     0.0052    3.64126    3.64151          1     5.1487     3.4871      97.43     0.2488     0.2502  1.000e-12  0.6278000    35.0068    35.0044    -0.0025    27.2562    27.2535    113.900    114.144      0.651    1484.95    1484.96  0.000e+00
      14534    115.500     8.1112     8.1145     0.0032    3.63772    3.63788          1     5.1734     3.4910      97.43     0.2278     0.2191  1.000e-12  0.5698000    35.0100    35.0086    -0.0015    27.2650    27.2633    114.395    114.640      0.685    1484.81    1484.81  0.000e+00
      14551    116.000     8.0905     8.0923     0.0018    3.63590    3.63599          1     5.2034     3.4984      97.47     0.2300     0.1948  1.000e-12  0.5616000    35.0110    35.0102    -0.0008    27.2689    27.2680    114.890    115.135      0.622    1484.74    1484.74  0.000e+00
      14573    116.500     8.1116     8.1121     0.0005    3.63849    3.63835          1     5.2499     3.5041      97.71     0.2310     0.2066  1.000e-12  0.5296000    35.0174    35.0155    -0.0019    27.2707    27.2691    115.385    115.631      0.500    1484.83    1484.83  0.000e+00
      14600    117.000     8.1359     8.1378     0.0020    3.64229    3.64231          1     5.3111     3.5080      98.17     0.2268     0.2084  1.000e-12  0.5007000    35.0337    35.0319    -0.0018    27.2798    27.2781    115.880    116.127      0.463    1484.95    1484.96  0.000e+00
      14624    117.500     8.0982     8.1076     0.0094    3.64032    3.64093          1     5.3647     3.5134      98.68     0.2192     0.2323  1.000e-12  0.4735000    35.0499    35.0471    -0.0028    27.2983    27.2947    116.375    116.623      0.594    1484.84    1484.87  0.000e+00
      14642    118.000     8.0447     8.0456     0.0010    3.63598    3.63594          1     5.3666     3.5175      98.68     0.2276     0.2429  1.000e-12  0.4313000    35.0567    35.0554    -0.0013    27.3117    27.3105    116.871    117.118      0.746    1484.65    1484.65  0.000e+00
      14656    118.500     8.0337     8.0324    -0.0012    3.63507    3.63489          1     5.3454     3.5189      98.68     0.2123     0.2507  1.000e-12  0.3934000    35.0577    35.0570    -0.0007    27.3141    27.3138    117.366    117.614      0.823    1484.62    1484.62  0.000e+00
      14670    119.000     8.0009     7.9999    -0.0011    3.63213    3.63198          1     5.3275     3.5273      98.68     0.2079     0.2337  1.000e-12  0.3901000    35.0587    35.0582    -0.0006    27.3199    27.3196    117.861    118.110      0.797    1484.51    1484.50  0.000e+00
      14687    119.500     7.9603     7.9609     0.0005    3.62854    3.62855          1     5.3235     3.5363      98.68     0.1920     0.2300  1.000e-12  0.3838000    35.0606    35.0601    -0.0005    27.3275    27.3270    118.356    118.606      0.618    1484.36    1484.37  0.000e+00
      14724    120.000     7.9479     7.9575     0.0093    3.62713    3.62802          1     5.2983     3.5539      98.69     0.2025     0.2303  1.000e-12  0.3799000    35.0576    35.0576     0.0000    27.3270    27.3255    118.851    119.101      0.310    1484.32    1484.36  0.000e+00
      14767    120.500     7.8819     7.9312     0.0494    3.62084    3.62518          1     5.2349     3.5734      98.68     0.2155     0.2330  1.000e-12  0.3696000    35.0558    35.0531    -0.0027    27.3354    27.3259    119.346    119.597      0.591    1484.08    1484.26  0.000e+00
      14781    121.000     7.8262     7.8275     0.0014    3.61521    3.61532          1     5.2228     3.5904      98.69     0.2104     0.1758  1.000e-12  0.4129000    35.0508    35.0507    -0.0001    27.3398    27.3395    119.841    120.093      0.832    1483.87    1483.87  0.000e+00
      14794    121.500     7.7956     7.7982     0.0026    3.61254    3.61275          1     5.2063     3.5951      98.69     0.2086     0.2085  1.000e-12  0.4328000    35.0525    35.0521    -0.0003    27.3457    27.3450    120.336    120.588      0.909    1483.76    1483.77  0.000e+00
      14807    122.000     7.7671     7.7704     0.0033    3.61008    3.61033          1     5.1943     3.5983      98.68     0.1872     0.2496  1.000e-12  0.5384000    35.0543    35.0537    -0.0006    27.3513    27.3503    120.831    121.084      0.881    1483.67    1483.68  0.000e+00
      14821    122.500     7.7336     7.7340     0.0007    3.60736    3.60732          1     5.1897     3.6028      98.69     0.1818     0.2484  1.000e-12  0.5835000    35.0583    35.0574    -0.0009    27.3595    27.3587    121.326    121.580      0.761    1483.55    1483.55  0.000e+00
      14840    123.000     7.6462     7.6439    -0.0024    3.59988    3.59982          1     5.1967     3.6216      98.70     0.1835     0.2442  1.000e-12  0.6766000    35.0650    35.0667     0.0016    27.3776    27.3792    121.821    122.076      0.587    1483.24    1483.23  0.000e+00
      14864    123.500     7.5796     7.5837     0.0041    3.59362    3.59394          1     5.2083     3.6312      98.69     0.1740     0.2220  1.000e-12  0.8544000    35.0640    35.0633    -0.0007    27.3865    27.3854    122.316    122.571      0.464    1482.99    1483.00  0.000e+00
      14892    124.000     7.5769     7.5779     0.0009    3.59335    3.59335          1     5.2171     3.6300      98.69     0.1628     0.2084  1.000e-12  1.0027000    35.0635    35.0626    -0.0009    27.3865    27.3857    122.811    123.067      0.422    1482.99    1482.99  0.000e+00
      14920    124.500     7.5718     7.5753     0.0035    3.59288    3.59314          1     5.2218     3.6386      98.69     0.1790     0.1729  1.000e-12  1.0645000    35.0634    35.0627    -0.0006    27.3871    27.3861    123.306    123.563      0.434    1482.98    1482.99  0.000e+00
      14946    125.000     7.5650     7.5682     0.0032    3.59225    3.59247          1     5.2191     3.6362      98.69     0.1608     0.1785  1.000e-12  1.0546000    35.0631    35.0624    -0.0008    27.3880    27.3869    123.801    124.058      0.506    1482.96    1482.97  0.000e+00
      14968    125.500     7.5601     7.5646     0.0046    3.59179    3.59216          1     5.2114     3.6316      98.64     0.1831     0.1377  1.000e-12  1.1032000    35.0629    35.0624    -0.0006    27.3885    27.3874    124.296    124.554      0.583    1482.95    1482.96  0.000e+00
      14988    126.000     7.5530     7.5611     0.0081    3.59117    3.59185          1     5.2072     3.6436      97.69     0.1730     0.2204  1.000e-12  1.0932000    35.0630    35.0622    -0.0008    27.3896    27.3878    124.792    125.050      0.623    1482.93    1482.96  0.000e+00
      15007    126.500     7.5352     7.5379     0.0026    3.58944    3.58962          1     5.2025     3.6475      97.45     0.1659     0.2126  1.000e-12  1.1161000    35.0620    35.0613    -0.0007    27.3914    27.3904    125.287    125.545      0.610    1482.87    1482.88  0.000e+00
      15027    127.000     7.5206     7.5193    -0.0012    3.58801    3.58781          1     5.1997     3.6468      97.42     0.1626     0.2176  1.000e-12  1.1644000    35.0609    35.0601    -0.0008    27.3927    27.3922    125.782    126.041      0.597    1482.82    1482.81  0.000e+00
      15047    127.500     7.5063     7.5118     0.0054    3.58660    3.58709          1     5.1977     3.6537      97.63     0.1728     0.2377  1.000e-12  1.2296000    35.0597    35.0596    -0.0002    27.3938    27.3929    126.277    126.537      0.642    1482.77    1482.79  0.000e+00
      15065    128.000     7.5031     7.5088     0.0057    3.58634    3.58680          1     5.1931     3.6518      98.18     0.1610     0.2917  1.000e-12  1.2288000    35.0599    35.0592    -0.0008    27.3944    27.3930    126.772    127.032      0.705    1482.77    1482.79  0.000e+00
      15081    128.500     7.5008     7.5026     0.0018    3.58613    3.58622          1     5.1914     3.6451      97.48     0.1569     0.2813  1.000e-12  1.2486000    35.0597    35.0589    -0.0008    27.3946    27.3937    127.267    127.528      0.707    1482.77    1482.77  0.000e+00
      15099    129.000     7.4972     7.4983     0.0012    3.58581    3.58583          1     5.1914     3.6537      75.76     0.1499     0.2626  1.000e-12  1.2958000    35.0595    35.0587    -0.0009    27.3950    27.3941    127.762    128.024      0.607    1482.76    1482.76  0.000e+00
      15124    129.500     7.4957     7.4974     0.0017    3.58573    3.58580          1     5.1838     3.6633      84.98     0.1507     0.1818  1.000e-12  1.3014000    35.0600    35.0590    -0.0010    27.3956    27.3945    128.257    128.519      0.384    1482.76    1482.77  0.000e+00
      15165    130.000     7.5006     7.4973    -0.0033    3.58629    3.58583          1     5.1754     3.6594      99.54     0.1679     0.1995  1.000e-12  1.2690000    35.0608    35.0592    -0.0017    27.3955    27.3947    128.752    129.015      0.326    1482.79    1482.78  0.000e+00
      15193    130.500     7.4962     7.4981     0.0020    3.58583    3.58592          1     5.1875     3.6618      97.72     0.1466     0.2232  1.000e-12  1.3272000    35.0601    35.0591    -0.0010    27.3956    27.3945    129.247    129.511      0.598    1482.78    1482.79  0.000e+00
      15209    131.000     7.4958     7.4979     0.0021    3.58581    3.58592          1     5.1912     3.6664      98.67     0.1420     0.2275  1.000e-12  1.3223000    35.0600    35.0591    -0.0009    27.3955    27.3945    129.742    130.007      0.755    1482.79    1482.80  0.000e+00
      15224    131.500     7.4948     7.4968     0.0020    3.58574    3.58584          1     5.1945     3.6658      98.69     0.1502     0.2076  1.000e-12  1.2865000    35.0601    35.0591    -0.0009    27.3957    27.3947    130.237    130.502      0.812    1482.79    1482.80  0.000e+00
      15239    132.000     7.4934     7.4964     0.0030    3.58563    3.58582          1     5.1930     3.6640      98.69     0.1488     0.2271  1.000e-12  1.3027000    35.0600    35.0590    -0.0010    27.3959    27.3947    130.732    130.998      0.787    1482.80    1482.81  0.000e+00
      15255    132.500     7.4931     7.4938     0.0008    3.58563    3.58561          1     5.1893     3.6597      98.69     0.1483     0.2498  1.000e-12  1.3155000    35.0600    35.0591    -0.0009    27.3959    27.3951    131.227    131.494      0.694    1482.80    1482.81  0.000e+00
      15274    133.000     7.4936     7.4954     0.0018    3.58570    3.58577          1     5.1851     3.6549      98.68     0.1482     0.2118  1.000e-12  1.3446000    35.0601    35.0591    -0.0010    27.3960    27.3949    131.722    131.989      0.577    1482.81    1482.82  0.000e+00
      15297    133.500     7.4933     7.4952     0.0019    3.58573    3.58581          1     5.1778     3.6537      97.87     0.1683     0.2252  1.000e-12  1.3413000    35.0604    35.0595    -0.0010    27.3963    27.3952    132.217    132.485      0.536    1482.82    1482.83  0.000e+00
      15319    134.000     7.4857     7.4888     0.0031    3.58514    3.58530          1     5.1786     3.6518      97.72     0.1731     0.2278  1.000e-12  1.3118000    35.0615    35.0601    -0.0015    27.3982    27.3966    132.712    132.981      0.549    1482.80    1482.81  0.000e+00
      15341    134.500     7.4652     7.4672     0.0020    3.58349    3.58357          1     5.1871     3.6559      98.34     0.1592     0.2321  1.000e-12  1.3565000    35.0640    35.0628    -0.0012    27.4031    27.4019    133.207    133.476      0.458    1482.73    1482.74  0.000e+00
      15384    135.000     7.4712     7.4714     0.0003    3.58403    3.58397          1     5.1871     3.6632      98.65     0.1512     0.2341  1.000e-12  1.2982000    35.0635    35.0626    -0.0009    27.4019    27.4011    133.702    133.972      0.284    1482.77    1482.76  0.000e+00
      15422    135.500     7.4568     7.4586     0.0017    3.58302    3.58310          1     5.1882     3.6601      98.41     0.1591     0.2309  1.000e-12  1.2456000    35.0668    35.0659    -0.0009    27.4065    27.4055    134.197    134.468      0.659    1482.72    1482.73  0.000e+00
      15435    136.000     7.4526     7.4546     0.0020    3.58286    3.58294          1     5.1906     3.6587      98.59     0.1595     0.2471  1.000e-12  1.2547000    35.0691    35.0679    -0.0012    27.4090    27.4077    134.692    134.963      0.926    1482.72    1482.72  0.000e+00
      15447    136.500     7.4504     7.4521     0.0018    3.58276    3.58284          1     5.1909     3.6578      98.23     0.1615     0.2634  1.000e-12  1.4253000    35.0701    35.0690    -0.0010    27.4100    27.4090    135.187    135.459      1.059    1482.72    1482.72  0.000e+00
      15457    137.000     7.4496     7.4516     0.0021    3.58273    3.58281          1     5.1944     3.6590      97.53     0.1602     0.2948  1.000e-12  1.4354000    35.0702    35.0690    -0.0012    27.4103    27.4090    135.683    135.955      1.086    1482.72    1482.73  0.000e+00
      15468    137.500     7.4462     7.4482     0.0020    3.58257    3.58264          1     5.2004     3.6603      97.53     0.1606     0.2904  1.000e-12  1.4393000    35.0717    35.0705    -0.0012    27.4119    27.4107    136.177    136.450      1.003    1482.72    1482.73  0.000e+00
      15481    138.000     7.4433     7.4452     0.0019    3.58243    3.58251          1     5.2076     3.6636      92.19     0.1594     0.2276  1.000e-12  1.4435000    35.0728    35.0718    -0.0009    27.4132    27.4122    136.672    136.946      0.787    1482.72    1482.73  0.000e+00
      15504    138.500     7.4428     7.4444     0.0017    3.58244    3.58252          1     5.2151     3.6647      76.04     0.1710     0.2217  1.000e-12  1.4683000    35.0732    35.0724    -0.0008    27.4136    27.4128    137.167    137.442      0.376    1482.72    1482.73  0.000e+00
      15562    139.000     7.4466     7.4587     0.0121    3.58272    3.58351          1     5.2179     3.6669      99.27     0.1606     0.2218  1.000e-12  1.1990000    35.0721    35.0686    -0.0036    27.4122    27.4077    137.663    137.938      0.323    1482.75    1482.79  0.000e+00
      15587    139.500     7.4412     7.4429     0.0017    3.58237    3.58245          1     5.2293     3.6610      72.04     0.1595     0.2211  1.000e-12  1.2073000    35.0736    35.0728    -0.0008    27.4141    27.4132    138.157    138.433      0.593    1482.74    1482.74  0.000e+00
      15605    140.000     7.4338     7.4355     0.0018    3.58193    3.58201          1     5.2338     3.6576      98.80     0.1488     0.2163  1.000e-12  1.4560000    35.0760    35.0751    -0.0009    27.4171    27.4162    138.653    138.929      0.742    1482.72    1482.72  0.000e+00
      15620    140.500     7.4339     7.4359     0.0020    3.58196    3.58205          1     5.2330     3.6625      85.38     0.1443     0.2081  1.000e-12  1.4418000    35.0759    35.0749    -0.0010    27.4171    27.4160    139.148    139.425      0.841    1482.73    1482.74  0.000e+00
