ctdpy/tests/etc/all_smhi_bas_2018/SBE09_0745_20181210_1229_34_01_0177.cnv
* Sea-Bird SBE 9 Data File:
* FileName = C:\ctd\temp\ar18d177.hex
* Software Version Seasave V 7.26.7.107
* Temperature SN = 4387
* Conductivity SN = 2994
* Number of Bytes Per Scan = 41
* Number of Voltage Words = 4
* Number of Scans Averaged by the Deck Unit = 1
* NMEA Latitude = 58 35.62 N
* NMEA Longitude = 018 14.18 E
* NMEA UTC (Time) = Dec 10 2018  12:29:51
* NMEA baud rate = 4800
** Station:  BY31
** Operator:  JKro
** Ship: ARANDA
** Average sound velocity: 1447.40 m/s
** True-depth calculation Mon, 10 Dec 2018 15:27:34 +0000
** CTD Python Module SMHI /ver 3-12/ feb 2012 
** LIMS Job: 20183401-0177
** Cruise: SMHI-7-2018
** Latitude [GG MM.mm N]:
** Longitude [GG MM.mm E]:
# nquan = 26
# nvalues = 881                         
# units = specified
# name 0 = scan: Scan Count
# name 1 = prDM: Pressure, Digiquartz [db]
# name 2 = t090C: Temperature [ITS-90, deg C]
# name 3 = t190C: Temperature, 2 [ITS-90, deg C]
# name 4 = T2-T190C: Temperature Difference, 2 - 1 [ITS-90, deg C]
# name 5 = c0S/m: Conductivity [S/m]
# name 6 = c1S/m: Conductivity, 2 [S/m]
# name 7 = pumps: Pump Status
# name 8 = sbeox0ML/L: Oxygen, SBE 43 [ml/l]
# name 9 = sbeox1ML/L: Oxygen, SBE 43, 2 [ml/l]
# name 10 = altM: Altimeter [m]
# name 11 = flECO-AFL: Chl-a Fluorescence, WET Labs ECO-AFL/FL [mg/m^3]
# name 12 = flECO-AFL1: Phycocyanin Fluorescence, WET Labs ECO-AFL/FL, 2 [mg/m^3]
# name 13 = par: PAR/Irradiance, Biospherical/Lico [µE/(cm^2*s)]
# name 14 = turbWETntu0: Turbidity, WET Labs ECO [NTU]
# name 15 = sal00: Salinity, Practical [PSU]
# name 16 = sal11: Salinity, Practical, 2 [PSU]
# name 17 = secS-priS: Salinity, Practical, Difference, 2 - 1 [PSU]
# name 18 = sigma-t00: Density [sigma-t, Kg/m^3 ]
# name 19 = sigma-t11: Density, 2 [sigma-t, Kg/m^3 ]
# name 20 = depSM: Depth [salt water, m], lat = 58.5937
# name 21 = depFM: Depth [true depth, m], lat = 58.5937
# name 22 = dz/dtM: Descent Rate [m/s], WS = 2
# name 23 = svCM: Sound Velocity [Chen-Millero, m/s]
# name 24 = svCM1: Sound Velocity, 2 [Chen-Millero, m/s]
# name 25 = flag: flag
# span 0 =      14533,      39260       
# span 1 =      0.500,    440.500       
# span 2 =     4.6214,     6.2340       
# span 3 =     4.6215,     6.2345       
# span 4 =    -0.0061,     0.0375       
# span 5 =   0.777971,   1.245050       
# span 6 =   0.778033,   1.245135       
# span 7 =          1,          1       
# span 8 =    0.00990,    8.01810       
# span 9 =    0.03525,    8.01766       
# span 10 =       3.28,      99.44      
# span 11 =     0.2654,     0.5618      
# span 12 =     0.1426,     0.3239      
# span 13 = 1.0000e-12, 2.1370e+02      
# span 14 =     0.1519,     2.9374      
# span 15 =     6.9527,    11.3727      
# span 16 =     6.9531,    11.3732      
# span 17 =    -0.0044,     0.0047      
# span 18 =     5.4497,     8.9185      
# span 19 =     5.4496,     8.9188      
# span 20 =      0.495,    435.932      
# span 21 =      0.507,    445.009      
# span 22 =     -0.092,      0.733      
# span 23 =    1435.85,    1453.09      
# span 24 =    1435.85,    1453.10      
# span 25 = 0.0000e+00, 0.0000e+00      
# interval = decibars: 0.5              
# start_time = Dec 10 2018 12:29:51 [NMEA time, first data scan]
# bad_flag = -9.990e-29
*END*
[from data line 781]
      33585    391.000     6.2289     6.2292     0.0003    1.24352    1.24360          1     0.0123     0.0395      54.67     0.3522     0.2659  1.000e-12  0.1783000    11.3681    11.3688     0.0006     8.9152     8.9157    386.992    395.037      0.524    1452.27    1452.27  0.000e+00
      33608    391.500     6.2290     6.2293     0.0003    1.24353    1.24361          1     0.0146     0.0390      54.18     0.3497     0.2285  1.000e-12  0.1781000    11.3681    11.3688     0.0006     8.9152     8.9157    387.486    395.542      0.544    1452.28    1452.28  0.000e+00
      33630    392.000     6.2290     6.2293     0.0003    1.24354    1.24362          1     0.0170     0.0388      53.69     0.3508     0.2313  1.000e-12  0.1692000    11.3681    11.3687     0.0006     8.9152     8.9157    387.980    396.047      0.538    1452.29    1452.29  0.000e+00
      33653    392.500     6.2289     6.2293     0.0003    1.24355    1.24363          1     0.0156     0.0410      53.19     0.3138     0.2375  1.000e-12  0.1682000    11.3682    11.3688     0.0006     8.9152     8.9157    388.475    396.552      0.490    1452.30    1452.30  0.000e+00
      33679    393.000     6.2290     6.2293     0.0003    1.24356    1.24364          1     0.0142     0.0387      52.67     0.3436     0.2130  1.000e-12  0.1645000    11.3681    11.3688     0.0007     8.9152     8.9157    388.969    397.056      0.444    1452.30    1452.31  0.000e+00
      33706    393.500     6.2290     6.2293     0.0003    1.24357    1.24364          1     0.0131     0.0388      52.08     0.3352     0.2272  1.000e-12  0.1753000    11.3682    11.3687     0.0006     8.9152     8.9157    389.464    397.561      0.464    1452.31    1452.31  0.000e+00
      33731    394.000     6.2291     6.2293     0.0003    1.24358    1.24366          1     0.0133     0.0412      51.56     0.3460     0.2517  1.000e-12  0.1711000    11.3681    11.3688     0.0007     8.9152     8.9157    389.958    398.066      0.511    1452.32    1452.32  0.000e+00
      33753    394.500     6.2291     6.2294     0.0004    1.24359    1.24367          1     0.0123     0.0396      51.08     0.3448     0.2358  1.000e-12  0.1817000    11.3681    11.3688     0.0006     8.9152     8.9157    390.453    398.571      0.511    1452.33    1452.33  0.000e+00
      33778    395.000     6.2291     6.2294     0.0004    1.24360    1.24368          1     0.0131     0.0388      50.71     0.3336     0.2272  1.000e-12  0.1762000    11.3681    11.3688     0.0007     8.9152     8.9157    390.947    399.075      0.472    1452.34    1452.34  0.000e+00
      33804    395.500     6.2292     6.2295     0.0003    1.24363    1.24370          1     0.0126     0.0413      50.16     0.3335     0.2474  1.000e-12  0.1708000    11.3683    11.3689     0.0006     8.9153     8.9158    391.441    399.580      0.463    1452.34    1452.35  0.000e+00
      33829    396.000     6.2293     6.2296     0.0003    1.24364    1.24371          1     0.0157     0.0382      49.68     0.3330     0.2163  1.000e-12  0.1817000    11.3683    11.3689     0.0006     8.9153     8.9158    391.936    400.085      0.511    1452.35    1452.35  0.000e+00
      33851    396.500     6.2294     6.2296     0.0003    1.24367    1.24374          1     0.0157     0.0401      49.21     0.3329     0.2367  1.000e-12  0.1756000    11.3684    11.3690     0.0006     8.9154     8.9159    392.430    400.590      0.552    1452.36    1452.36  0.000e+00
      33873    397.000     6.2296     6.2299     0.0003    1.24373    1.24381          1     0.0126     0.0394      48.68     0.3431     0.2338  1.000e-12  0.1895000    11.3688    11.3695     0.0007     8.9157     8.9162    392.924    401.094      0.523    1452.37    1452.37  0.000e+00
      33898    397.500     6.2297     6.2300     0.0003    1.24374    1.24381          1     0.0130     0.0382      48.06     0.3371     0.2751  1.000e-12  0.1806000    11.3689    11.3694     0.0006     8.9157     8.9162    393.419    401.599      0.442    1452.38    1452.38  0.000e+00
      33926    398.000     6.2297     6.2300     0.0004    1.24375    1.24383          1     0.0132     0.0391      47.48     0.3537     0.2369  1.000e-12  0.2009000    11.3689    11.3695     0.0006     8.9158     8.9162    393.913    402.104      0.459    1452.39    1452.39  0.000e+00
      33950    398.500     6.2298     6.2301     0.0003    1.24377    1.24385          1     0.0120     0.0401      47.04     0.3280     0.1959  1.000e-12  0.2373000    11.3689    11.3696     0.0007     8.9158     8.9163    394.408    402.609      0.539    1452.40    1452.40  0.000e+00
      33972    399.000     6.2299     6.2302     0.0003    1.24380    1.24388          1     0.0129     0.0410      46.60     0.3436     0.1963  1.000e-12  0.1970000    11.3691    11.3698     0.0007     8.9159     8.9164    394.902    403.114      0.535    1452.41    1452.41  0.000e+00
      33996    399.500     6.2299     6.2302     0.0004    1.24381    1.24389          1     0.0127     0.0390      45.97     0.3439     0.2329  1.000e-12  0.1662000    11.3691    11.3698     0.0007     8.9159     8.9164    395.396    403.618      0.458    1452.41    1452.42  0.000e+00
      34023    400.000     6.2299     6.2303     0.0004    1.24382    1.24389          1     0.0124     0.0395      45.59     0.3405     0.2208  1.000e-12  0.2447000    11.3692    11.3697     0.0006     8.9159     8.9164    395.891    404.123      0.475    1452.42    1452.42  0.000e+00
      34046    400.500     6.2300     6.2303     0.0003    1.24385    1.24391          1     0.0172     0.0384      45.12     0.3323     0.2358  1.000e-12  0.2489000    11.3692    11.3698     0.0006     8.9160     8.9164    396.385    404.628      0.563    1452.43    1452.43  0.000e+00
      34067    401.000     6.2300     6.2303     0.0003    1.24385    1.24393          1     0.0135     0.0388      44.49     0.3221     0.2556  1.000e-12  0.2192000    11.3692    11.3698     0.0006     8.9160     8.9165    396.880    405.133      0.558    1452.44    1452.44  0.000e+00
      34090    401.500     6.2300     6.2303     0.0003    1.24387    1.24394          1     0.0137     0.0405      43.86     0.3284     0.2608  1.000e-12  0.2122000    11.3693    11.3699     0.0006     8.9161     8.9165    397.374    405.637      0.446    1452.45    1452.45  0.000e+00
      34121    402.000     6.2300     6.2304     0.0004    1.24388    1.24395          1     0.0125     0.0397      43.26     0.3349     0.2374  1.000e-12  0.1719000    11.3693    11.3699     0.0005     8.9161     8.9165    397.868    406.142      0.405    1452.45    1452.46  0.000e+00
      34148    402.500     6.2302     6.2305     0.0003    1.24391    1.24398          1     0.0152     0.0402      42.79     0.3324     0.2409  1.000e-12  0.1663000    11.3694    11.3701     0.0006     8.9162     8.9166    398.363    406.647      0.518    1452.46    1452.46  0.000e+00
      34169    403.000     6.2304     6.2307     0.0003    1.24395    1.24402          1     0.0132     0.0367      42.38     0.3490     0.2630  1.000e-12  0.1744000    11.3696    11.3702     0.0006     8.9163     8.9168    398.857    407.152      0.583    1452.47    1452.47  0.000e+00
      34189    403.500     6.2306     6.2308     0.0003    1.24401    1.24408          1     0.0107     0.0373      41.90     0.3574     0.2511  1.000e-12  0.1989000    11.3701    11.3707     0.0006     8.9166     8.9171    399.351    407.656      0.562    1452.48    1452.48  0.000e+00
      34212    404.000     6.2306     6.2309     0.0003    1.24402    1.24409          1     0.0106     0.0411      41.36     0.3458     0.2254  1.000e-12  0.1937000    11.3701    11.3707     0.0006     8.9167     8.9171    399.846    408.161      0.494    1452.49    1452.49  0.000e+00
      34237    404.500     6.2306     6.2309     0.0003    1.24403    1.24410          1     0.0137     0.0379      40.83     0.3458     0.2611  1.000e-12  0.1880000    11.3701    11.3707     0.0006     8.9167     8.9171    400.340    408.666      0.477    1452.50    1452.50  0.000e+00
      34262    405.000     6.2307     6.2310     0.0003    1.24404    1.24412          1     0.0165     0.0387      40.34     0.3458     0.2283  1.000e-12  0.1937000    11.3701    11.3708     0.0007     8.9167     8.9172    400.835    409.171      0.512    1452.51    1452.51  0.000e+00
      34285    405.500     6.2308     6.2311     0.0003    1.24406    1.24414          1     0.0123     0.0389      39.78     0.3337     0.2241  1.000e-12  0.1823000    11.3702    11.3708     0.0006     8.9167     8.9172    401.329    409.676      0.517    1452.51    1452.52  0.000e+00
      34309    406.000     6.2308     6.2312     0.0004    1.24409    1.24417          1     0.0137     0.0401      39.21     0.3345     0.2407  1.000e-12  0.1665000    11.3704    11.3710     0.0006     8.9169     8.9174    401.823    410.180      0.479    1452.52    1452.53  0.000e+00
      34335    406.500     6.2308     6.2312     0.0004    1.24411    1.24419          1     0.0123     0.0408      38.71     0.3232     0.2422  1.000e-12  0.1737000    11.3705    11.3711     0.0006     8.9169     8.9174    402.318    410.685      0.454    1452.53    1452.53  0.000e+00
      34361    407.000     6.2311     6.2314     0.0003    1.24417    1.24425          1     0.0106     0.0384      38.22     0.3320     0.2101  1.000e-12  0.1921000    11.3708    11.3715     0.0007     8.9172     8.9177    402.812    411.190      0.490    1452.54    1452.54  0.000e+00
      34384    407.500     6.2313     6.2317     0.0003    1.24422    1.24429          1     0.0140     0.0388      37.78     0.3534     0.2132  1.000e-12  0.1736000    11.3712    11.3718     0.0007     8.9174     8.9180    403.307    411.695      0.545    1452.55    1452.55  0.000e+00
      34405    408.000     6.2316     6.2318     0.0002    1.24427    1.24432          1     0.0128     0.0401      37.28     0.3270     0.2329  1.000e-12  0.1697000    11.3715    11.3720     0.0005     8.9177     8.9181    403.801    412.199      0.590    1452.56    1452.56  0.000e+00
      34425    408.500     6.2317     6.2320     0.0003    1.24430    1.24438          1     0.0101     0.0383      36.81     0.3219     0.2249  1.000e-12  0.1735000    11.3717    11.3724     0.0007     8.9179     8.9184    404.295    412.704      0.596    1452.57    1452.57  0.000e+00
      34445    409.000     6.2317     6.2320     0.0003    1.24433    1.24440          1     0.0111     0.0377      36.25     0.3473     0.1970  1.000e-12  0.1826000    11.3719    11.3725     0.0006     8.9180     8.9184    404.790    413.209      0.534    1452.58    1452.58  0.000e+00
      34471    409.500     6.2317     6.2321     0.0004    1.24436    1.24443          1     0.0155     0.0392      35.63     0.3484     0.2197  1.000e-12  0.1868000    11.3720    11.3726     0.0006     8.9181     8.9185    405.284    413.714      0.430    1452.59    1452.59  0.000e+00
      34501    410.000     6.2318     6.2322     0.0004    1.24437    1.24445          1     0.0154     0.0375      35.12     0.3208     0.2487  1.000e-12  0.1817000    11.3721    11.3727     0.0006     8.9182     8.9186    405.778    414.218      0.434    1452.59    1452.60  0.000e+00
      34526    410.500     6.2319     6.2322     0.0003    1.24439    1.24446          1     0.0135     0.0391      34.56     0.3286     0.2082  1.000e-12  0.1794000    11.3722    11.3727     0.0006     8.9182     8.9186    406.273    414.723      0.530    1452.60    1452.60  0.000e+00
      34547    411.000     6.2319     6.2323     0.0004    1.24440    1.24447          1     0.0152     0.0398      34.06     0.3459     0.2541  1.000e-12  0.1773000    11.3722    11.3728     0.0006     8.9182     8.9186    406.767    415.228      0.580    1452.61    1452.61  0.000e+00
      34567    411.500     6.2320     6.2323     0.0004    1.24442    1.24449          1     0.0109     0.0378      33.55     0.3447     0.2498  1.000e-12  0.1941000    11.3722    11.3728     0.0006     8.9182     8.9187    407.261    415.733      0.549    1452.62    1452.62  0.000e+00
      34591    412.000     6.2320     6.2324     0.0004    1.24443    1.24450          1     0.0121     0.0402      33.04     0.3458     0.2549  1.000e-12  0.1828000    11.3723    11.3728     0.0006     8.9183     8.9187    407.756    416.238      0.471    1452.63    1452.63  0.000e+00
      34618    412.500     6.2320     6.2324     0.0004    1.24444    1.24452          1     0.0131     0.0367      32.56     0.3572     0.2368  1.000e-12  0.1938000    11.3723    11.3729     0.0006     8.9183     8.9187    408.250    416.742      0.471    1452.64    1452.64  0.000e+00
      34642    413.000     6.2321     6.2325     0.0003    1.24445    1.24452          1     0.0144     0.0401      32.04     0.3580     0.2049  1.000e-12  0.1824000    11.3722    11.3728     0.0006     8.9182     8.9187    408.744    417.247      0.542    1452.64    1452.65  0.000e+00
      34662    413.500     6.2322     6.2324     0.0003    1.24446    1.24454          1     0.0131     0.0400      31.58     0.3391     0.2507  1.000e-12  0.1723000    11.3723    11.3729     0.0006     8.9183     8.9187    409.239    417.752      0.573    1452.65    1452.65  0.000e+00
      34684    414.000     6.2321     6.2325     0.0003    1.24447    1.24454          1     0.0099     0.0382      31.03     0.3330     0.2659  1.000e-12  0.1764000    11.3722    11.3728     0.0006     8.9182     8.9187    409.733    418.257      0.523    1452.66    1452.66  0.000e+00
      34709    414.500     6.2321     6.2325     0.0003    1.24448    1.24455          1     0.0138     0.0400      30.44     0.3399     0.2270  1.000e-12  0.1819000    11.3722    11.3728     0.0006     8.9182     8.9187    410.228    418.761      0.454    1452.67    1452.67  0.000e+00
      34736    415.000     6.2322     6.2325     0.0003    1.24449    1.24456          1     0.0139     0.0376      29.92     0.3314     0.2227  1.000e-12  0.2068000    11.3722    11.3729     0.0006     8.9182     8.9187    410.722    419.266      0.496    1452.68    1452.68  0.000e+00
      34758    415.500     6.2323     6.2325     0.0003    1.24450    1.24457          1     0.0171     0.0380      29.47     0.3381     0.2109  1.000e-12  0.1996000    11.3722    11.3728     0.0006     8.9182     8.9186    411.216    419.771      0.557    1452.68    1452.69  0.000e+00
      34779    416.000     6.2323     6.2326     0.0003    1.24451    1.24458          1     0.0111     0.0384      28.93     0.3511     0.2267  1.000e-12  0.1751000    11.3722    11.3728     0.0006     8.9182     8.9187    411.711    420.276      0.523    1452.69    1452.70  0.000e+00
      34805    416.500     6.2322     6.2326     0.0003    1.24452    1.24459          1     0.0132     0.0385      28.35     0.3295     0.1943  1.000e-12  0.1858000    11.3723    11.3728     0.0006     8.9182     8.9187    412.205    420.780      0.439    1452.70    1452.70  0.000e+00
      34833    417.000     6.2322     6.2326     0.0004    1.24454    1.24461          1     0.0107     0.0385      27.83     0.3296     0.2016  1.000e-12  0.1866000    11.3723    11.3729     0.0005     8.9183     8.9187    412.699    421.285      0.487    1452.71    1452.71  0.000e+00
      34854    417.500     6.2324     6.2327     0.0003    1.24455    1.24462          1     0.0117     0.0382      27.41     0.3461     0.2321  1.000e-12  0.1910000    11.3723    11.3729     0.0006     8.9183     8.9187    413.194    421.790      0.602    1452.72    1452.72  0.000e+00
      34873    418.000     6.2324     6.2328     0.0003    1.24456    1.24462          1     0.0144     0.0387      26.97     0.3458     0.2306  1.000e-12  0.1701000    11.3723    11.3728     0.0005     8.9182     8.9186    413.688    422.295      0.632    1452.73    1452.73  0.000e+00
