ctdpy/tests/etc/all_smhi_bas_2018/SBE09_1044_20181109_0830_34_01_0120.cnv
* Sea-Bird SBE 9 Data File:
* FileName = C:\ctd\temp\ar18d120.hex
* Software Version Seasave V 7.26.7.107
* Temperature SN = 5351
* Conductivity SN = 3941
* Number of Bytes Per Scan = 41
* Number of Voltage Words = 4
* Number of Scans Averaged by the Deck Unit = 1
* NMEA Latitude = 57 59.90 N
* NMEA Longitude = 019 52.72 E
* NMEA UTC (Time) = Nov 09 2018  08:30:52
* NMEA baud rate = 4800
** Station:  BY20
** Operator:  JKro
** Ship: ARANDA
** Average sound velocity: 1424.60 m/s
** True-depth calculation Fri, 09 Nov 2018 10:17:04 +0000
** CTD Python Module SMHI /ver 3-12/ feb 2012 
** LIMS Job: 20183401-0120
** Cruise: SMHI-6-2018
** Latitude [GG MM.mm N]:
** Longitude [GG MM.mm E]
# nquan = 26
# nvalues = 387                         
# units = specified
# name 0 = scan: Scan Count
# name 1 = prDM: Pressure, Digiquartz [db]
# name 2 = t090C: Temperature [ITS-90, deg C]
# name 3 = t190C: Temperature, 2 [ITS-90, deg C]
# name 4 = T2-T190C: Temperature Difference, 2 - 1 [ITS-90, deg C]
# name 5 = c0S/m: Conductivity [S/m]
# name 6 = c1S/m: Conductivity, 2 [S/m]
# name 7 = pumps: Pump Status
# name 8 = sbeox0ML/L: Oxygen, SBE 43 [ml/l]
# name 9 = sbeox1ML/L: Oxygen, SBE 43, 2 [ml/l]
# name 10 = altM: Altimeter [m]
# name 11 = flECO-AFL: Chl-a Fluorescence, WET Labs ECO-AFL/FL [mg/m^3]
# name 12 = flECO-AFL1: Phycocyanin Fluorescence, WET Labs ECO-AFL/FL, 2 [mg/m^3]
# name 13 = par: PAR/Irradiance, Biospherical/Lico [µE/(cm^2*s)]
# name 14 = turbWETntu0: Turbidity, WET Labs ECO [NTU]
# name 15 = sal00: Salinity, Practical [PSU]
# name 16 = sal11: Salinity, Practical, 2 [PSU]
# name 17 = secS-priS: Salinity, Practical, Difference, 2 - 1 [PSU]
# name 18 = sigma-t00: Density [sigma-t, Kg/m^3 ]
# name 19 = sigma-t11: Density, 2 [sigma-t, Kg/m^3 ]
# name 20 = depSM: Depth [salt water, m], lat = 57.9983
# name 21 = depFM: Depth [true depth, m], lat = 57.9983
# name 22 = dz/dtM: Descent Rate [m/s], WS = 2
# name 23 = svCM: Sound Velocity [Chen-Millero, m/s]
# name 24 = svCM1: Sound Velocity, 2 [Chen-Millero, m/s]
# name 25 = flag: flag
# span 0 =      30926,      41490       
# span 1 =      1.000,    194.000       
# span 2 =     3.8165,     8.8110       
# span 3 =     3.8167,     8.8302       
# span 4 =    -0.0074,     0.0502       
# span 5 =   0.789142,   1.384897       
# span 6 =   0.789037,   1.384890       
# span 7 =          1,          1       
# span 8 =    0.01321,    7.51483       
# span 9 =    0.04357,    7.23879       
# span 10 =       1.63,      99.46      
# span 11 =     0.2415,     0.9107      
# span 12 =     0.1649,     0.3734      
# span 13 = 1.0000e-12, 1.7102e+02      
# span 14 =     0.1617,     2.1914      
# span 15 =     6.9314,    12.6295      
# span 16 =     6.9311,    12.6290      
# span 17 =    -0.0083,     0.0007      
# span 18 =     5.2334,     9.8700      
# span 19 =     5.2313,     9.8694      
# span 20 =      0.991,    192.112      
# span 21 =     -0.000,    196.032      
# span 22 =      0.165,      0.542      
# span 23 =    1431.47,    1452.78      
# span 24 =    1431.46,    1452.78      
# span 25 = 0.0000e+00, 0.0000e+00      
# interval = decibars: 0.5              
# start_time = Nov 09 2018 08:30:52 [NMEA time, first data scan]
# bad_flag = -9.990e-29
*END*
      30926      1.000     8.7908     8.7923     0.0016    0.83660    0.83659          1     7.4991     7.1652       4.43     0.8675     0.3179  1.710e+02  0.3191000     6.9322     6.9318    -0.0004     5.2349     5.2344      0.991      1.013      0.213    1451.05    1451.06  0.000e+00
      30972      1.500     8.7899     8.7903     0.0004    0.83658    0.83654          1     7.4729     7.1616       4.47     0.8576     0.2967  8.569e+01  0.3138000     6.9321     6.9317    -0.0004     5.2349     5.2345      1.486      1.520      0.318    1451.06    1451.06  0.000e+00
      31005      2.000     8.7879     8.7895     0.0016    0.83656    0.83654          1     7.4800     7.1614      47.29     0.8646     0.3017  4.872e+01  0.3232000     6.9323     6.9318    -0.0004     5.2352     5.2347      1.981      2.026      0.382    1451.06    1451.07  0.000e+00
      31036      2.500     8.7915     8.7939     0.0024    0.83662    0.83662          1     7.4738     7.1587      99.46     0.8944     0.3098  4.183e+01  0.3173000     6.9320     6.9316    -0.0004     5.2347     5.2341      2.477      2.533      0.403    1451.08    1451.09  0.000e+00
      31064      3.000     8.7938     8.7930    -0.0008    0.83667    0.83660          1     7.4803     7.1640      98.71     0.9020     0.3097  3.597e+01  0.3058000     6.9320     6.9316    -0.0004     5.2345     5.2342      2.972      3.040      0.456    1451.10    1451.10  0.000e+00
      31089      3.500     8.7898     8.7909     0.0011    0.83659    0.83656          1     7.5052     7.1588      98.71     0.9030     0.2996  3.111e+01  0.3100000     6.9320     6.9316    -0.0004     5.2348     5.2344      3.468      3.546      0.486    1451.09    1451.09  0.000e+00
      31114      4.000     8.7975     8.7978     0.0003    0.83677    0.83673          1     7.5148     7.1568      71.73     0.9107     0.2951  2.679e+01  0.3194000     6.9321     6.9317    -0.0004     5.2342     5.2339      3.963      4.053      0.486    1451.13    1451.13  0.000e+00
      31138      4.500     8.8000     8.7986    -0.0014    0.83684    0.83676          1     7.5115     7.1688      29.57     0.9033     0.3390  2.355e+01  0.3165000     6.9321     6.9317    -0.0004     5.2340     5.2338      4.458      4.560      0.498    1451.15    1451.14  0.000e+00
      31162      5.000     8.7947     8.8035     0.0088    0.83673    0.83690          1     7.5042     7.1662      97.64     0.8974     0.3333  2.051e+01  0.3260000     6.9321     6.9320    -0.0001     5.2345     5.2335      4.954      5.066      0.528    1451.13    1451.17  0.000e+00
      31184      5.500     8.8110     8.8302     0.0192    0.83715    0.83752          1     7.4990     7.1615      98.70     0.9001     0.2957  1.807e+01  0.3542000     6.9326     6.9322    -0.0004     5.2334     5.2313      5.449      5.573      0.540    1451.21    1451.28  0.000e+00
      31206      6.000     8.7998     8.8064     0.0066    0.83686    0.83698          1     7.4908     7.1704      98.71     0.9101     0.3042  1.560e+01  0.3591000     6.9322     6.9320    -0.0002     5.2341     5.2333      5.944      6.079      0.536    1451.17    1451.20  0.000e+00
      31229      6.500     8.7992     8.8029     0.0037    0.83686    0.83690          1     7.4820     7.1667      98.71     0.8953     0.3537  1.351e+01  0.3292000     6.9323     6.9319    -0.0004     5.2342     5.2336      6.440      6.586      0.523    1451.18    1451.19  0.000e+00
      31252      7.000     8.8028     8.7957    -0.0071    0.83693    0.83670          1     7.4901     7.1638      98.71     0.8952     0.3155  1.189e+01  0.3224000     6.9321     6.9315    -0.0006     5.2337     5.2339      6.935      7.093      0.512    1451.20    1451.17  0.000e+00
      31276      7.500     8.7871     8.7866    -0.0006    0.83651    0.83646          1     7.5026     7.1616      98.71     0.8947     0.3284  1.038e+01  0.3237000     6.9314     6.9311    -0.0004     5.2346     5.2344      7.430      7.599      0.516    1451.14    1451.14  0.000e+00
      31299      8.000     8.7859     8.7870     0.0010    0.83649    0.83648          1     7.5014     7.1593      98.71     0.8952     0.2949  9.049e+00  0.3427000     6.9314     6.9311    -0.0003     5.2347     5.2344      7.926      8.106      0.533    1451.14    1451.15  0.000e+00
      31321      8.500     8.7842     8.7858     0.0015    0.83648    0.83646          1     7.4893     7.1609      98.71     0.8946     0.3375  7.925e+00  0.3470000     6.9316     6.9311    -0.0004     5.2350     5.2345      8.421      8.612      0.542    1451.15    1451.15  0.000e+00
      31343      9.000     8.7849     8.7856     0.0007    0.83650    0.83647          1     7.4894     7.1616      98.71     0.8963     0.3734  6.946e+00  0.3326000     6.9316     6.9312    -0.0004     5.2349     5.2346      8.916      9.119      0.531    1451.16    1451.16  0.000e+00
      31366      9.500     8.7846     8.7859     0.0014    0.83651    0.83650          1     7.4946     7.1635      59.94     0.9042     0.3548  6.129e+00  0.3134000     6.9317     6.9313    -0.0004     5.2351     5.2346      9.412      9.626      0.515    1451.16    1451.17  0.000e+00
      31390     10.000     8.7842     8.7854     0.0012    0.83654    0.83653          1     7.4983     7.1630      67.13     0.9023     0.3197  5.449e+00  0.3212000     6.9320     6.9316    -0.0003     5.2353     5.2349      9.907     10.132      0.508    1451.17    1451.18  0.000e+00
      31413     10.500     8.7814     8.7825     0.0011    0.83661    0.83659          1     7.4960     7.1573      99.10     0.8709     0.3052  4.862e+00  0.3498000     6.9331     6.9327    -0.0004     5.2364     5.2360     10.402     10.639      0.512    1451.17    1451.17  0.000e+00
      31436     11.000     8.7811     8.7826     0.0015    0.83665    0.83664          1     7.4917     7.1573      98.71     0.8167     0.2944  4.329e+00  0.3211000     6.9335     6.9331    -0.0004     5.2368     5.2363     10.898     11.146      0.519    1451.18    1451.18  0.000e+00
      31460     11.500     8.7814     8.7827     0.0013    0.83671    0.83667          1     7.4919     7.1514      98.71     0.7484     0.3073  3.834e+00  0.3364000     6.9338     6.9333    -0.0006     5.2370     5.2365     11.393     11.652      0.509    1451.19    1451.19  0.000e+00
      31484     12.000     8.7813     8.7827     0.0014    0.83678    0.83674          1     7.4820     7.1449      98.71     0.6884     0.3095  3.405e+00  0.3160000     6.9344     6.9338    -0.0006     5.2375     5.2369     11.888     12.159      0.494    1451.19    1451.20  0.000e+00
      31508     12.500     8.7811     8.7827     0.0016    0.83690    0.83688          1     7.4748     7.1432      98.71     0.6876     0.3412  3.050e+00  0.3164000     6.9355     6.9351    -0.0005     5.2384     5.2378     12.384     12.665      0.496    1451.20    1451.21  0.000e+00
      31532     13.000     8.7805     8.7822     0.0018    0.83700    0.83696          1     7.4711     7.1435      98.71     0.6987     0.3067  2.729e+00  0.3325000     6.9365     6.9357    -0.0007     5.2392     5.2384     12.879     13.172      0.506    1451.21    1451.22  0.000e+00
      31556     13.500     8.7790     8.7804     0.0014    0.83711    0.83710          1     7.4722     7.1431      98.71     0.6906     0.3189  2.449e+00  0.3186000     6.9377     6.9373    -0.0004     5.2402     5.2398     13.374     13.679      0.501    1451.21    1451.22  0.000e+00
      31580     14.000     8.7782     8.7797     0.0014    0.83717    0.83716          1     7.4811     7.1375      98.71     0.6969     0.3131  2.193e+00  0.3206000     6.9383     6.9379    -0.0004     5.2408     5.2404     13.870     14.185      0.478    1451.22    1451.22  0.000e+00
      31606     14.500     8.7782     8.7797     0.0015    0.83722    0.83721          1     7.4820     7.1379      39.42     0.6913     0.2788  1.967e+00  0.3222000     6.9387     6.9383    -0.0004     5.2411     5.2407     14.365     14.692      0.466    1451.23    1451.23  0.000e+00
      31631     15.000     8.7780     8.7796     0.0015    0.83720    0.83720          1     7.4852     7.1352      86.04     0.6881     0.2893  1.768e+00  0.3321000     6.9385     6.9382    -0.0003     5.2410     5.2406     14.860     15.198      0.480    1451.23    1451.24  0.000e+00
      31656     15.500     8.7780     8.7795     0.0016    0.83723    0.83721          1     7.4951     7.1368      98.83     0.6881     0.2920  1.583e+00  0.3239000     6.9387     6.9383    -0.0005     5.2412     5.2406     15.356     15.705      0.497    1451.24    1451.25  0.000e+00
      31680     16.000     8.7779     8.7794     0.0015    0.83726    0.83725          1     7.4776     7.1449      98.71     0.6558     0.3074  1.417e+00  0.3311000     6.9390     6.9386    -0.0004     5.2413     5.2409     15.851     16.212      0.496    1451.25    1451.26  0.000e+00
      31704     16.500     8.7777     8.7792     0.0016    0.83736    0.83735          1     7.4631     7.1415      98.71     0.6613     0.2912  1.276e+00  0.3275000     6.9398     6.9394    -0.0004     5.2420     5.2416     16.346     16.718      0.486    1451.26    1451.26  0.000e+00
      31729     17.000     8.7790     8.7804     0.0014    0.83756    0.83753          1     7.4619     7.1401      98.71     0.6681     0.2664  1.145e+00  0.3269000     6.9413     6.9408    -0.0005     5.2431     5.2426     16.842     17.225      0.485    1451.27    1451.28  0.000e+00
      31754     17.500     8.7800     8.7815     0.0015    0.83774    0.83773          1     7.4604     7.1372      98.71     0.6642     0.2713  1.024e+00  0.3213000     6.9426     6.9423    -0.0003     5.2440     5.2436     17.337     17.732      0.489    1451.29    1451.29  0.000e+00
      31778     18.000     8.7803     8.7817     0.0015    0.83788    0.83784          1     7.4685     7.1302      98.71     0.6588     0.3137  9.181e-01  0.3191000     6.9438     6.9431    -0.0007     5.2449     5.2443     17.832     18.238      0.487    1451.30    1451.30  0.000e+00
      31803     18.500     8.7807     8.7821     0.0015    0.83801    0.83795          1     7.4708     7.1274      98.71     0.6574     0.2701  8.245e-01  0.3215000     6.9449     6.9441    -0.0008     5.2457     5.2449     18.328     18.745      0.489    1451.31    1451.31  0.000e+00
      31827     19.000     8.7814     8.7829     0.0014    0.83831    0.83824          1     7.4619     7.1301      98.71     0.6526     0.2418  7.392e-01  0.3309000     6.9473     6.9463    -0.0009     5.2475     5.2467     18.823     19.251      0.494    1451.32    1451.33  0.000e+00
      31852     19.500     8.7817     8.7832     0.0015    0.83841    0.83840          1     7.4666     7.1262      98.71     0.6347     0.2580  6.608e-01  0.3381000     6.9481     6.9477    -0.0004     5.2481     5.2477     19.318     19.758      0.486    1451.33    1451.34  0.000e+00
      31877     20.000     8.7856     8.7870     0.0013    0.83888    0.83885          1     7.4603     7.1203      98.71     0.6272     0.2830  5.963e-01  0.3353000     6.9514     6.9509    -0.0005     5.2504     5.2499     19.814     20.265      0.474    1451.36    1451.37  0.000e+00
      31902     20.500     8.7924     8.7922    -0.0002    0.83952    0.83934          1     7.4499     7.1207      98.71     0.6276     0.3120  5.343e-01  0.3427000     6.9558     6.9542    -0.0016     5.2532     5.2519     20.309     20.771      0.476    1451.40    1451.40  0.000e+00
      31927     21.000     8.7953     8.7960     0.0007    0.83982    0.83972          1     7.4480     7.1241      98.71     0.6266     0.2845  4.781e-01  0.3579000     6.9578     6.9568    -0.0010     5.2545     5.2536     20.804     21.278      0.484    1451.42    1451.42  0.000e+00
      31952     21.500     8.7997     8.8012     0.0015    0.84025    0.84026          1     7.4520     7.1271      98.71     0.6246     0.2828  4.283e-01  0.3588000     6.9607     6.9606    -0.0001     5.2563     5.2561     21.300     21.784      0.492    1451.45    1451.46  0.000e+00
      31976     22.000     8.8004     8.8018     0.0015    0.84040    0.84040          1     7.4548     7.1327      98.71     0.6132     0.2973  3.757e-01  0.3598000     6.9618     6.9616    -0.0003     5.2572     5.2568     21.795     22.291      0.504    1451.47    1451.47  0.000e+00
      31999     22.500     8.8000     8.8016     0.0017    0.84065    0.84060          1     7.4527     7.1282      98.71     0.6043     0.3116  3.279e-01  0.3603000     6.9641     6.9633    -0.0008     5.2590     5.2582     22.290     22.798      0.510    1451.47    1451.48  0.000e+00
      32023     23.000     8.7991     8.8004     0.0013    0.84096    0.84089          1     7.4666     7.1314      98.71     0.5937     0.3577  2.954e-01  0.3632000     6.9670     6.9661    -0.0008     5.2613     5.2605     22.786     23.304      0.488    1451.48    1451.49  0.000e+00
      32049     23.500     8.7973     8.7984     0.0011    0.84103    0.84100          1     7.4658     7.1361      75.06     0.5963     0.3515  2.674e-01  0.3517000     6.9679     6.9674    -0.0005     5.2622     5.2617     23.281     23.811      0.461    1451.48    1451.49  0.000e+00
      32075     24.000     8.7942     8.7953     0.0011    0.84095    0.84092          1     7.4697     7.1395      33.36     0.6002     0.2599  2.347e-01  0.3443000     6.9678     6.9673    -0.0004     5.2623     5.2619     23.776     24.317      0.475    1451.48    1451.48  0.000e+00
      32099     24.500     8.7875     8.7893     0.0018    0.84085    0.84084          1     7.4718     7.1436      81.79     0.5805     0.2518  2.088e-01  0.3293000     6.9681     6.9677    -0.0004     5.2632     5.2628     24.272     24.824      0.497    1451.46    1451.47  0.000e+00
      32123     25.000     8.7825     8.7840     0.0016    0.84083    0.84081          1     7.4647     7.1399      98.59     0.5960     0.2668  1.801e-01  0.3397000     6.9689     6.9685    -0.0005     5.2643     5.2638     24.767     25.331      0.493    1451.45    1451.46  0.000e+00
      32148     25.500     8.7696     8.7742     0.0046    0.84076    0.84077          1     7.4589     7.1334      98.71     0.5786     0.2811  1.532e-01  0.3215000     6.9707     6.9699    -0.0008     5.2669     5.2659     25.262     25.837      0.475    1451.41    1451.42  0.000e+00
      32174     26.000     8.7476     8.7507     0.0031    0.84055    0.84058          1     7.4610     7.1313      98.71     0.5682     0.3066  1.313e-01  0.3471000     6.9731     6.9728    -0.0004     5.2708     5.2702     25.757     26.344      0.466    1451.33    1451.34  0.000e+00
      32199     26.500     8.7350     8.7381     0.0031    0.84037    0.84038          1     7.4615     7.1308      98.71     0.5545     0.3173  1.165e-01  0.3881000     6.9739     6.9734    -0.0005     5.2725     5.2718     26.253     26.850      0.479    1451.29    1451.30  0.000e+00
      32224     27.000     8.7324     8.7342     0.0018    0.84036    0.84033          1     7.4580     7.1388      98.71     0.5553     0.2739  9.489e-02  0.3457000     6.9743     6.9737    -0.0006     5.2730     5.2724     26.748     27.357      0.503    1451.29    1451.29  0.000e+00
      32247     27.500     8.7306     8.7326     0.0019    0.84078    0.84071          1     7.4497     7.1257      98.71     0.5336     0.2655  7.878e-02  0.3473000     6.9783     6.9774    -0.0009     5.2763     5.2754     27.243     27.864      0.505    1451.29    1451.30  0.000e+00
      32272     28.000     8.7054     8.7082     0.0028    0.84020    0.84022          1     7.4555     7.1280      98.71     0.5319     0.2493  6.590e-02  0.3517000     6.9780     6.9777    -0.0003     5.2784     5.2779     27.739     28.370      0.487    1451.20    1451.21  0.000e+00
