ctdpy/tests/etc/all_smhi_bas_2018/SBE09_0827_20180822_0429_26_01_0839.cnv
* Sea-Bird SBE 9 Data File:
* FileName = D:\CTD_SBE911\DAT\26DA.2018.8.39.hex
* Software Version Seasave V 7.21d
* Temperature SN = 034605
* Conductivity SN = 041844
* Number of Bytes Per Scan = 48
* Number of Voltage Words = 5
* Number of Scans Averaged by the Deck Unit = 1
* NMEA Latitude = 57 36.82 N
* NMEA Longitude = 009 06.33 E
* NMEA UTC (Time) = Aug 22 2018  04:31:21
* NMEA baud rate = 4800
** Ship: DANA
** Average sound velocity: 1508.32 m/s
** True-depth calculation Thu, 28 Mar 2019 09:24:37 +0000
** CTD Python Module SMHI /ver 3-12/ feb 2012 
** LIMS Job: 20182601-0839
**  4 S REVET
** Operator: Christian
** Cruise: 08/2018
# nquan = 26
# nvalues = 78                          
# units = specified
# name 0 = scan: Scan Count
# name 1 = prDM: Pressure, Digiquartz [db]
# name 2 = t090C: Temperature [ITS-90, deg C]
# name 3 = t190C: Temperature, 2 [ITS-90, deg C]
# name 4 = T2-T190C: Temperature Difference, 2 - 1 [ITS-90, deg C]
# name 5 = c0S/m: Conductivity [S/m]
# name 6 = c1S/m: Conductivity, 2 [S/m]
# name 7 = pumps: Pump Status
# name 8 = sbeox1ML/L: Oxygen, SBE 43, 2 [ml/l]
# name 9 = sbeox0ML/L: Oxygen, SBE 43 [ml/l]
# name 10 = altM: Altimeter [m]
# name 11 = chloroflTC0: Chlorophyll, Turner Cyclops [ug/l]
# name 12 = cpar: CPAR/Corrected Irradiance [%]
# name 13 = par: PAR/Irradiance, Biospherical/Lico [µE/(cm^2*s)]
# name 14 = spar: SPAR, Biospherical/Licor
# name 15 = sal00: Salinity, Practical [PSU]
# name 16 = sal11: Salinity, Practical, 2 [PSU]
# name 17 = secS-priS: Salinity, Practical, Difference, 2 - 1 [PSU]
# name 18 = sigma-t00: Density [sigma-t, kg/m^3 ]
# name 19 = sigma-t11: Density, 2 [sigma-t, kg/m^3 ]
# name 20 = depSM: Depth [salt water, m], lat = 57.6137
# name 21 = depFM: Depth [true depth, m], lat = 57.6137
# name 22 = dz/dtM: Descent Rate [m/s], WS = 2
# name 23 = svCM: Sound Velocity [Chen-Millero, m/s]
# name 24 = svCM1: Sound Velocity, 2 [Chen-Millero, m/s]
# name 25 = flag: flag
# span 0 =        -89,       5626       
# span 1 =      1.500,     40.000       
# span 2 =    11.2610,    17.4869       
# span 3 =    11.2771,    17.4910       
# span 4 =    -0.5308,     0.0153       
# span 5 =   3.826643,   4.266834       
# span 6 =   3.826480,   4.267437       
# span 7 =          1,          1       
# span 8 =     4.9297,     5.7402       
# span 9 =     4.8064,     5.4433       
# span 10 =       0.88,       9.98      
# span 11 =     0.0321,     0.2233      
# span 12 = -2.894e-04, 7.4786e+00      
# span 13 = -8.815e-05, 2.1263e+00      
# span 14 = 2.8432e+01, 3.2493e+01      
# span 15 =    32.5980,    33.9673      
# span 16 =    32.6000,    33.9993      
# span 17 =    -0.0164,     0.2465      
# span 18 =    23.5571,    25.9242      
# span 19 =    23.5572,    25.9264      
# span 20 =      1.486,     39.627      
# span 21 =      1.493,     39.785      
# span 22 =     -0.418,      0.399      
# span 23 =    1493.70,    1511.83      
# span 24 =    1493.73,    1511.83      
# span 25 = 0.0000e+00, 0.0000e+00      
# interval = decibars: 0.5              
# start_time = Aug 22 2018 04:31:21 [NMEA time, first data scan]
# bad_flag = -9.990e-29
*END*
        -89      1.500    17.4754    17.4752    -0.0002    4.25797    4.25836          1     5.6901     5.4122       9.98     0.2075  7.479e+00  2.126e+00  2.843e+01    32.5980    32.6015     0.0035    23.5594    23.5621      1.486      1.493     -0.072    1511.53    1511.54  0.000e+00
        301      2.000    17.4760    17.4751    -0.0009    4.25806    4.25842          1     5.6872     5.4302       9.98     0.1925  7.370e+00  2.095e+00  2.843e+01    32.5981    32.6019     0.0038    23.5593    23.5624      1.982      1.990      0.381    1511.54    1511.54  0.000e+00
        335      2.500    17.4758    17.4752    -0.0006    4.25808    4.25845          1     5.6964     5.4259       9.98     0.1968  6.247e+00  1.776e+00  2.843e+01    32.5983    32.6019     0.0036    23.5595    23.5624      2.477      2.488      0.300    1511.55    1511.55  0.000e+00
        365      3.000    17.4759    17.4751    -0.0008    4.25812    4.25847          1     5.7134     5.4194       9.98     0.1923  5.364e+00  1.525e+00  2.843e+01    32.5983    32.6019     0.0035    23.5595    23.5624      2.972      2.985      0.389    1511.56    1511.56  0.000e+00
        404      3.500    17.4759    17.4750    -0.0009    4.25813    4.25849          1     5.7090     5.4258       9.98     0.2014  4.847e+00  1.378e+00  2.843e+01    32.5982    32.6020     0.0038    23.5594    23.5625      3.468      3.483      0.266    1511.57    1511.57  0.000e+00
        449      4.000    17.4759    17.4753    -0.0006    4.25815    4.25853          1     5.7096     5.4237       9.97     0.1990  4.409e+00  1.254e+00  2.843e+01    32.5982    32.6019     0.0037    23.5594    23.5624      3.963      3.980      0.293    1511.57    1511.58  0.000e+00
        492      4.500    17.4760    17.4754    -0.0006    4.25818    4.25856          1     5.6992     5.4240       9.97     0.2189  3.965e+00  1.127e+00  2.843e+01    32.5982    32.6020     0.0038    23.5594    23.5624      4.458      4.478      0.264    1511.58    1511.59  0.000e+00
        534      5.000    17.4763    17.4756    -0.0007    4.25824    4.25861          1     5.6922     5.4195       9.97     0.1981  3.681e+00  1.047e+00  2.843e+01    32.5984    32.6020     0.0037    23.5594    23.5624      4.954      4.975      0.328    1511.59    1511.59  0.000e+00
        569      5.500    17.4763    17.4756    -0.0007    4.25826    4.25864          1     5.6885     5.4264       9.97     0.2042  3.389e+00  9.684e-01  2.859e+01    32.5983    32.6021     0.0037    23.5594    23.5624      5.449      5.473      0.311    1511.60    1511.60  0.000e+00
        613      6.000    17.4765    17.4758    -0.0007    4.25830    4.25868          1     5.6852     5.4316       9.97     0.2143  3.034e+00  8.798e-01  2.903e+01    32.5983    32.6022     0.0039    23.5593    23.5625      5.945      5.971      0.266    1511.61    1511.61  0.000e+00
        654      6.500    17.4769    17.4910     0.0140    4.25840    4.25989          1     5.7025     5.4323       9.97     0.2045  2.640e+00  7.800e-01  2.959e+01    32.5986    32.6000     0.0015    23.5595    23.5572      6.440      6.468      0.305    1511.62    1511.66  0.000e+00
        697      7.000    17.4848    17.4818    -0.0030    4.25919    4.25942          1     5.7039     5.4104       9.97     0.2087  2.393e+00  7.113e-01  2.976e+01    32.5989    32.6033     0.0044    23.5578    23.5619      6.935      6.966      0.270    1511.65    1511.65  0.000e+00
        737      7.500    17.4832    17.4794    -0.0038    4.25904    4.25913          1     5.7098     5.4348       9.97     0.2035  2.066e+00  6.218e-01  3.011e+01    32.5987    32.6026     0.0038    23.5580    23.5619      7.431      7.463      0.348    1511.65    1511.65  0.000e+00
        772      8.000    17.4814    17.4766    -0.0048    4.25888    4.25889          1     5.7219     5.4264       9.97     0.2233  1.856e+00  5.640e-01  3.040e+01    32.5986    32.6026     0.0039    23.5584    23.5626      7.926      7.961      0.295    1511.66    1511.65  0.000e+00
        819      8.500    17.4793    17.4762    -0.0031    4.25871    4.25885          1     5.7139     5.4201       9.97     0.1991  1.616e+00  4.922e-01  3.046e+01    32.5986    32.6024     0.0038    23.5589    23.5626      8.421      8.458      0.264    1511.66    1511.65  0.000e+00
        858      9.000    17.4775    17.4764    -0.0011    4.25853    4.25888          1     5.7332     5.4259       9.97     0.1970  1.453e+00  4.427e-01  3.046e+01    32.5984    32.6023     0.0038    23.5592    23.5624      8.917      8.956      0.322    1511.66    1511.66  0.000e+00
        896      9.500    17.4773    17.4763    -0.0009    4.25853    4.25889          1     5.7231     5.4250       9.97     0.1931  1.276e+00  3.872e-01  3.036e+01    32.5984    32.6022     0.0039    23.5592    23.5624      9.412      9.453      0.313    1511.67    1511.67  0.000e+00
        934     10.000    17.4775    17.4795     0.0020    4.25859    4.25914          1     5.7213     5.4151       9.97     0.1804  1.107e+00  3.371e-01  3.046e+01    32.5985    32.6016     0.0031    23.5592    23.5611      9.907      9.951      0.315    1511.68    1511.69  0.000e+00
        973     10.500    17.4815    17.4823     0.0007    4.25899    4.25950          1     5.7317     5.4244       9.97     0.1791  9.824e-01  2.993e-01  3.046e+01    32.5985    32.6023     0.0038    23.5583    23.5610     10.403     10.448      0.308    1511.70    1511.71  0.000e+00
       1012     11.000    17.4829    17.4847     0.0018    4.25916    4.25968          1     5.7254     5.4433       9.97     0.1854  8.222e-01  2.505e-01  3.046e+01    32.5988    32.6017     0.0030    23.5582    23.5600     10.898     10.946      0.297    1511.71    1511.72  0.000e+00
       1054     11.500    17.4869    17.4806    -0.0063    4.25955    4.25947          1     5.7402     5.4181       9.97     0.1847  7.226e-01  2.201e-01  3.046e+01    32.5986    32.6031     0.0044    23.5571    23.5620     11.394     11.444      0.286    1511.73    1511.72  0.000e+00
       1094     12.000    17.4842    17.4775    -0.0067    4.25930    4.25916          1     5.7250     5.4036       9.97     0.1873  5.898e-01  1.797e-01  3.046e+01    32.5985    32.6027     0.0042    23.5576    23.5625     11.889     11.941      0.325    1511.73    1511.72  0.000e+00
       1131     12.500    17.4792    17.4776    -0.0016    4.25884    4.25913          1     5.7224     5.3973       9.97     0.1835  5.012e-01  1.527e-01  3.046e+01    32.5984    32.6022     0.0038    23.5588    23.5621     12.384     12.439      0.294    1511.73    1511.73  0.000e+00
       1178     13.000    17.4802    17.4783    -0.0019    4.25897    4.25925          1     5.7171     5.4151       9.97     0.1785  3.972e-01  1.210e-01  3.046e+01    32.5986    32.6024     0.0039    23.5587    23.5620     12.880     12.936      0.238    1511.74    1511.74  0.000e+00
       1224     13.500    17.4784    17.4773    -0.0012    4.25882    4.25914          1     5.7114     5.4352       9.97     0.1795  3.144e-01  9.577e-02  3.046e+01    32.5985    32.6022     0.0037    23.5590    23.5621     13.375     13.434      0.322    1511.74    1511.74  0.000e+00
       1257     14.000    17.4785    17.4783    -0.0001    4.25886    4.25927          1     5.7218     5.4229       9.97     0.1765  2.286e-01  6.964e-02  3.046e+01    32.5986    32.6023     0.0037    23.5591    23.5619     13.870     13.931      0.368    1511.75    1511.75  0.000e+00
       1293     14.500    17.4790    17.4789    -0.0001    4.25892    4.25937          1     5.7069     5.4276       9.97     0.1778  1.461e-01  4.450e-02  3.046e+01    32.5985    32.6025     0.0040    23.5589    23.5620     14.366     14.429      0.290    1511.76    1511.76  0.000e+00
       1337     15.000    17.4795    17.4788    -0.0007    4.25901    4.25939          1     5.7288     5.4202       9.97     0.1773  8.461e-02  2.578e-02  3.046e+01    32.5988    32.6026     0.0038    23.5590    23.5621     14.861     14.926      0.293    1511.77    1511.77  0.000e+00
       1376     15.500    17.4797    17.4791    -0.0005    4.25906    4.25945          1     5.7172     5.4263       9.97     0.1782  2.126e-02  6.478e-03  3.046e+01    32.5988    32.6026     0.0038    23.5590    23.5620     15.356     15.424      0.294    1511.78    1511.78  0.000e+00
       1417     16.000    17.4800    17.4792    -0.0008    4.25911    4.25948          1     5.7135     5.4290       9.97     0.1888 -2.894e-04 -8.815e-05  3.046e+01    32.5988    32.6026     0.0038    23.5589    23.5620     15.852     15.922      0.323    1511.79    1511.79  0.000e+00
       1451     16.500    17.4800    17.4792    -0.0008    4.25913    4.25950          1     5.7267     5.4284       9.98     0.1802  3.388e-12  1.032e-12  3.046e+01    32.5988    32.6026     0.0038    23.5589    23.5620     16.347     16.419      0.326    1511.80    1511.80  0.000e+00
       1494     17.000    17.4799    17.4791    -0.0009    4.25914    4.25952          1     5.7083     5.4267       9.98     0.1819  3.283e-12  1.000e-12  3.046e+01    32.5988    32.6027     0.0039    23.5589    23.5621     16.842     16.917      0.263    1511.80    1511.80  0.000e+00
       1538     17.500    17.4798    17.4790    -0.0008    4.25917    4.25954          1     5.7196     5.4189       9.98     0.1815  3.283e-12  1.000e-12  3.046e+01    32.5989    32.6028     0.0039    23.5590    23.5622     17.338     17.414      0.278    1511.81    1511.81  0.000e+00
       1581     18.000    17.4785    17.4773    -0.0012    4.25904    4.25943          1     5.7212     5.4119       9.98     0.1788  3.283e-12  1.000e-12  3.046e+01    32.5987    32.6031     0.0044    23.5592    23.5628     17.833     17.912      0.297    1511.81    1511.82  0.000e+00
       1617     18.500    17.4787    17.4778    -0.0009    4.25912    4.25948          1     5.7264     5.4251       9.98     0.1804  3.283e-12  1.000e-12  3.046e+01    32.5991    32.6028     0.0038    23.5594    23.5625     18.328     18.409      0.362    1511.83    1511.83  0.000e+00
       1652     19.000    17.4784    17.4771    -0.0012    4.25912    4.25950          1     5.7120     5.4221       9.98     0.1781  3.283e-12  1.000e-12  3.046e+01    32.5991    32.6033     0.0042    23.5595    23.5630     18.824     18.907      0.310    1511.83    1511.83  0.000e+00
       1695     19.500    17.4739    17.4681    -0.0058    4.25878    4.25886          1     5.7005     5.3976       9.98     0.1830  3.283e-12  1.000e-12  3.046e+01    32.5997    32.6050     0.0053    23.5610    23.5665     19.319     19.404      0.280    1511.83    1511.82  0.000e+00
       1733     20.000    17.4664    17.4661    -0.0002    4.25816    4.25862          1     5.6768     5.3832       9.98     0.1871  3.283e-12  1.000e-12  3.046e+01    32.6002    32.6044     0.0041    23.5632    23.5664     19.814     19.902      0.349    1511.81    1511.82  0.000e+00
       1767     20.500    17.4610    17.4540    -0.0070    4.25769    4.25784          1     5.6753     5.3845       9.98     0.1889  3.283e-12  1.000e-12  3.046e+01    32.6003    32.6073     0.0070    23.5646    23.5716     20.310     20.399      0.332    1511.81    1511.79  0.000e+00
       1807     21.000    17.4425    17.4358    -0.0066    4.25610    4.25628          1     5.6442     5.3684       9.98     0.2000  3.283e-12  1.000e-12  3.046e+01    32.6014    32.6083     0.0069    23.5698    23.5767     20.805     20.897      0.277    1511.76    1511.75  0.000e+00
       1854     21.500    17.4300    17.4236    -0.0063    4.25513    4.25534          1     5.6448     5.3414       9.98     0.2078  3.283e-12  1.000e-12  3.046e+01    32.6030    32.6100     0.0070    23.5740    23.5808     21.300     21.395      0.246    1511.73    1511.72  0.000e+00
       1899     22.000    17.4189    17.4141    -0.0047    4.25479    4.25516          1     5.6296     5.3275       9.98     0.2089  3.283e-12  1.000e-12  3.046e+01    32.6089    32.6158     0.0069    23.5812    23.5876     21.796     21.892      0.311    1511.72    1511.71  0.000e+00
       1937     22.500    17.4160    17.4115    -0.0044    4.25472    4.25501          1     5.6121     5.3156       9.98     0.2114  3.283e-12  1.000e-12  3.046e+01    32.6104    32.6165     0.0061    23.5830    23.5887     22.291     22.390      0.295    1511.72    1511.71  0.000e+00
       1978     23.000    17.4134    17.4117    -0.0017    4.25462    4.25504          1     5.6255     5.3211       9.98     0.2102  3.283e-12  1.000e-12  3.046e+01    32.6115    32.6165     0.0050    23.5845    23.5887     22.786     22.887      0.330    1511.72    1511.72  0.000e+00
       2009     23.500    17.4117    17.4092    -0.0025    4.25460    4.25501          1     5.6251     5.3165       9.98     0.2094  3.283e-12  1.000e-12  3.046e+01    32.6125    32.6180     0.0055    23.5856    23.5905     23.282     23.385      0.399    1511.72    1511.72  0.000e+00
       2044     24.000    17.4040    17.3962    -0.0078    4.25778    4.26050          1     5.5988     5.2957       9.98     0.2095  3.283e-12  1.000e-12  3.046e+01    32.6457    32.6753     0.0296    23.6129    23.6374     23.777     23.882      0.293    1511.75    1511.76  0.000e+00
       2089     24.500    17.3927    17.3894    -0.0033    4.26553    4.26690          1     5.5766     5.2603       9.98     0.2064  3.283e-12  1.000e-12  3.046e+01    32.7210    32.7354     0.0144    23.6733    23.6851     24.272     24.380      0.295    1511.81    1511.81  0.000e+00
       2125     25.000    17.3907    17.3891    -0.0016    4.26683    4.26744          1     5.5553     5.2774       9.98     0.1994  3.283e-12  1.000e-12  3.046e+01    32.7337    32.7402     0.0065    23.6834    23.6888     24.768     24.877      0.316    1511.82    1511.83  0.000e+00
       2170     25.500    17.3854    17.3790    -0.0064    4.26674    4.26723          1     5.5760     5.2483       9.98     0.1940  3.283e-12  1.000e-12  3.046e+01    32.7370    32.7463     0.0094    23.6872    23.6959     25.263     25.375      0.244    1511.82    1511.81  0.000e+00
       2215     26.000    17.1797    17.1365    -0.0434    4.25477    4.25620          1     5.5680     5.1803       9.98     0.1909  3.277e-12  1.000e-12  3.052e+01    32.8007    32.8482     0.0475    23.7847    23.8312     25.758     25.872      0.310    1511.28    1511.21  0.000e+00
       2251     26.500    16.8752    16.8063    -0.0688    4.23786    4.23845          1     5.5159     5.1772       9.98     0.2088  3.266e-12  1.000e-12  3.063e+01    32.9027    32.9643     0.0616    23.9342    23.9975     26.254     26.370      0.331    1510.49    1510.35  0.000e+00
       2290     27.000    16.6386    16.5475    -0.0907    4.22445    4.22380          1     5.4979     5.1845       9.98     0.2134  3.281e-12  1.000e-12  3.048e+01    32.9802    33.0497     0.0695    24.0487    24.1230     26.749     26.867      0.285    1509.87    1509.67  0.000e+00
       2333     27.500    16.3151    16.2045    -0.1106    4.20362    4.20334          1     5.4395     5.0681       9.98     0.2034  3.248e-12  1.000e-12  3.081e+01    33.0651    33.1546     0.0895    24.1881    24.2821     27.244     27.364      0.301    1508.98    1508.75  0.000e+00
       2370     28.000    16.0374    15.9660    -0.0715    4.18490    4.18593          1     5.3432     5.0814       9.98     0.1832  3.227e-12  1.000e-12  3.101e+01    33.1311    33.1999     0.0688    24.3019    24.3709     27.740     27.861      0.314    1508.21    1508.07  0.000e+00
       2412     28.500    15.8708    15.8358    -0.0351    4.17375    4.17616          1     5.3522     5.1375       9.98     0.1837  3.177e-12  1.000e-12  3.151e+01    33.1714    33.2222     0.0507    24.3705    24.4174     28.235     28.359      0.280    1507.75    1507.70  0.000e+00
