ctdpy/tests/etc/all_smhi_bas_2018/SBE09_1044_20181206_1457_34_01_0158.cnv
* Sea-Bird SBE 9 Data File:
* FileName = C:\ctd\temp\ar18d158.hex
* Software Version Seasave V 7.26.7.107
* Temperature SN = 5351
* Conductivity SN = 3941
* Number of Bytes Per Scan = 41
* Number of Voltage Words = 4
* Number of Scans Averaged by the Deck Unit = 1
* NMEA Latitude = 55 23.00 N
* NMEA Longitude = 015 20.03 E
* NMEA UTC (Time) = Dec 06 2018  14:57:31
* NMEA baud rate = 4800
** Station:  BY4
** Operator:  ASkj
** Ship: ARANDA
** Average sound velocity: 1456.51 m/s
** True-depth calculation Sun, 09 Dec 2018 14:58:52 +0000
** CTD Python Module SMHI /ver 3-12/ feb 2012 
** LIMS Job: 20183401-0158
** Cruise: SMHI-7-2018
** Latitude [GG MM.mm N]:
** Longitude [GG MM.mm E]
# nquan = 26
# nvalues = 165                         
# units = specified
# name 0 = scan: Scan Count
# name 1 = prDM: Pressure, Digiquartz [db]
# name 2 = t090C: Temperature [ITS-90, deg C]
# name 3 = t190C: Temperature, 2 [ITS-90, deg C]
# name 4 = T2-T190C: Temperature Difference, 2 - 1 [ITS-90, deg C]
# name 5 = c0S/m: Conductivity [S/m]
# name 6 = c1S/m: Conductivity, 2 [S/m]
# name 7 = pumps: Pump Status
# name 8 = sbeox0ML/L: Oxygen, SBE 43 [ml/l]
# name 9 = sbeox1ML/L: Oxygen, SBE 43, 2 [ml/l]
# name 10 = altM: Altimeter [m]
# name 11 = flECO-AFL: Chl-a Fluorescence, WET Labs ECO-AFL/FL [mg/m^3]
# name 12 = flECO-AFL1: Phycocyanin Fluorescence, WET Labs ECO-AFL/FL, 2 [mg/m^3]
# name 13 = par: PAR/Irradiance, Biospherical/Lico [µE/(cm^2*s)]
# name 14 = turbWETntu0: Turbidity, WET Labs ECO [NTU]
# name 15 = sal00: Salinity, Practical [PSU]
# name 16 = sal11: Salinity, Practical, 2 [PSU]
# name 17 = secS-priS: Salinity, Practical, Difference, 2 - 1 [PSU]
# name 18 = sigma-t00: Density [sigma-t, Kg/m^3 ]
# name 19 = sigma-t11: Density, 2 [sigma-t, Kg/m^3 ]
# name 20 = depSM: Depth [salt water, m], lat = 55.3833
# name 21 = depFM: Depth [true depth, m], lat = 55.3833
# name 22 = dz/dtM: Descent Rate [m/s], WS = 2
# name 23 = svCM: Sound Velocity [Chen-Millero, m/s]
# name 24 = svCM1: Sound Velocity, 2 [Chen-Millero, m/s]
# name 25 = flag: flag
# span 0 =      19620,      23890       
# span 1 =      2.000,     84.000       
# span 2 =     7.4970,    11.7154       
# span 3 =     7.4981,    11.7215       
# span 4 =    -0.0799,     0.2640       
# span 5 =   0.896573,   2.028786       
# span 6 =   0.896567,   2.029069       
# span 7 =          1,          1       
# span 8 =    0.07642,    7.76643       
# span 9 =    0.09847,    7.78627       
# span 10 =       5.00,      98.22      
# span 11 =     0.2165,     1.1981      
# span 12 =     0.1570,     0.4239      
# span 13 = 1.0000e-12, 5.6169e-02      
# span 14 =     0.1734,     0.7300      
# span 15 =     7.7472,    17.2650      
# span 16 =     7.7468,    17.2658      
# span 17 =    -0.1298,     0.5143      
# span 18 =     5.9794,    13.0874      
# span 19 =     5.9789,    13.0874      
# span 20 =      1.982,     83.223      
# span 21 =      2.025,     84.857      
# span 22 =     -0.166,      1.084      
# span 23 =    1446.86,    1472.65      
# span 24 =    1446.88,    1472.64      
# span 25 = 0.0000e+00, 0.0000e+00      
# interval = decibars: 0.5              
# start_time = Dec 06 2018 14:57:31 [NMEA time, first data scan]
# bad_flag = -9.990e-29
*END*
[from data line 56]
      20919     30.000     7.5024     7.5035     0.0011    0.89707    0.89707          1     7.7589     7.7613      60.61     1.0930     0.3472  1.000e-12  0.2575000     7.7478     7.7476    -0.0002     5.9803     5.9800     29.726     30.374      0.500    1447.28    1447.28  0.000e+00
      20943     30.500     7.5027     7.5037     0.0010    0.89709    0.89708          1     7.7587     7.7641      60.09     1.1069     0.4088  1.000e-12  0.2324000     7.7479     7.7475    -0.0004     5.9803     5.9799     30.222     30.881      0.522    1447.29    1447.29  0.000e+00
      20965     31.000     7.5026     7.5035     0.0009    0.89711    0.89709          1     7.7519     7.7691      59.70     1.0919     0.3229  1.000e-12  0.2444000     7.7480     7.7476    -0.0004     5.9804     5.9800     30.717     31.387      0.562    1447.30    1447.30  0.000e+00
      20985     31.500     7.5023     7.5033     0.0011    0.89709    0.89707          1     7.7501     7.7720      59.42     1.0979     0.3353  1.000e-12  0.2440000     7.7478     7.7475    -0.0004     5.9803     5.9799     31.213     31.893      0.601    1447.30    1447.31  0.000e+00
      21005     32.000     7.5024     7.5034     0.0011    0.89710    0.89708          1     7.7481     7.7742      58.89     1.0983     0.3375  1.000e-12  0.2413000     7.7478     7.7475    -0.0004     5.9803     5.9799     31.708     32.399      0.621    1447.31    1447.31  0.000e+00
      21024     32.500     7.5025     7.5036     0.0011    0.89711    0.89712          1     7.7465     7.7705      58.35     1.0582     0.3441  1.000e-12  0.2422000     7.7478     7.7477    -0.0001     5.9803     5.9801     32.203     32.906      0.592    1447.32    1447.32  0.000e+00
      21046     33.000     7.5026     7.5036     0.0011    0.89712    0.89713          1     7.7526     7.7687      57.66     1.0929     0.4239  1.000e-12  0.2303000     7.7479     7.7477    -0.0002     5.9803     5.9801     32.699     33.412      0.499    1447.33    1447.33  0.000e+00
      21073     33.500     7.5025     7.5037     0.0013    0.89713    0.89713          1     7.7552     7.7659      56.34     1.1064     0.3700  1.000e-12  0.2453000     7.7479     7.7476    -0.0003     5.9803     5.9800     33.194     33.918      0.424    1447.34    1447.34  0.000e+00
      21101     34.000     7.5024     7.5035     0.0011    0.89714    0.89713          1     7.7504     7.7587      55.87     1.1343     0.3819  1.000e-12  0.2482000     7.7479     7.7476    -0.0003     5.9804     5.9800     33.690     34.424      0.517    1447.34    1447.35  0.000e+00
      21121     34.500     7.5023     7.5034     0.0012    0.89713    0.89713          1     7.7523     7.7588      55.62     1.0933     0.3680  1.000e-12  0.2288000     7.7478     7.7475    -0.0003     5.9803     5.9800     34.185     34.931      0.688    1447.35    1447.35  0.000e+00
      21137     35.000     7.5023     7.5034     0.0011    0.89714    0.89712          1     7.7541     7.7622      55.27     1.0897     0.3590  1.000e-12  0.2279000     7.7478     7.7474    -0.0004     5.9803     5.9799     34.680     35.437      0.795    1447.36    1447.36  0.000e+00
      21151     35.500     7.5026     7.5037     0.0011    0.89715    0.89714          1     7.7551     7.7704      54.84     1.0857     0.3536  1.000e-12  0.2238000     7.7478     7.7475    -0.0003     5.9802     5.9799     35.176     35.943      0.775    1447.37    1447.37  0.000e+00
      21168     36.000     7.5025     7.5036     0.0011    0.89714    0.89716          1     7.7562     7.7744      54.49     1.0747     0.3630  1.000e-12  0.2366000     7.7477     7.7476    -0.0001     5.9802     5.9800     35.671     36.449      0.552    1447.38    1447.38  0.000e+00
      21214     36.500     7.5025     7.5036     0.0011    0.89715    0.89715          1     7.7471     7.7710      53.56     1.0885     0.3704  1.000e-12  0.2228000     7.7477     7.7475    -0.0002     5.9802     5.9800     36.167     36.956      0.314    1447.38    1447.39  0.000e+00
      21247     37.000     7.5027     7.5036     0.0011    0.89716    0.89715          1     7.7434     7.7696      53.29     1.1132     0.3674  1.000e-12  0.2268000     7.7477     7.7474    -0.0003     5.9802     5.9799     36.662     37.462      0.689    1447.39    1447.39  0.000e+00
      21260     37.500     7.5025     7.5034     0.0010    0.89716    0.89715          1     7.7438     7.7643      53.09     1.1170     0.3682  1.000e-12  0.2286000     7.7477     7.7474    -0.0003     5.9802     5.9799     37.157     37.968      0.899    1447.40    1447.40  0.000e+00
      21273     38.000     7.5026     7.5036     0.0011    0.89718    0.89717          1     7.7457     7.7613      52.62     1.0710     0.3528  1.000e-12  0.2349000     7.7478     7.7475    -0.0003     5.9803     5.9799     37.653     38.474      0.965    1447.41    1447.41  0.000e+00
      21285     38.500     7.5025     7.5036     0.0011    0.89718    0.89717          1     7.7474     7.7622      52.08     1.0708     0.3511  1.000e-12  0.2369000     7.7478     7.7474    -0.0004     5.9802     5.9799     38.148     38.981      0.896    1447.41    1447.42  0.000e+00
      21300     39.000     7.5026     7.5036     0.0011    0.89719    0.89718          1     7.7497     7.7649      51.47     1.0460     0.3642  1.000e-12  0.2514000     7.7477     7.7474    -0.0003     5.9802     5.9799     38.644     39.487      0.672    1447.42    1447.43  0.000e+00
      21330     39.500     7.5025     7.5036     0.0012    0.89719    0.89718          1     7.7485     7.7694      50.50     1.0879     0.3177  1.000e-12  0.2414000     7.7477     7.7474    -0.0003     5.9802     5.9798     39.139     39.993      0.326    1447.43    1447.43  0.000e+00
      21369     40.000     7.5026     7.5036     0.0010    0.89721    0.89720          1     7.7471     7.7695      49.82     1.0892     0.3324  1.000e-12  0.2175000     7.7478     7.7475    -0.0003     5.9802     5.9799     39.634     40.499      0.444    1447.44    1447.44  0.000e+00
      21390     40.500     7.5026     7.5033     0.0008    0.89721    0.89719          1     7.7431     7.7665      49.64     1.0919     0.3559  1.000e-12  0.2430000     7.7477     7.7474    -0.0003     5.9802     5.9799     40.130     41.006      0.631    1447.45    1447.45  0.000e+00
      21408     41.000     7.5025     7.5034     0.0009    0.89720    0.89721          1     7.7453     7.7643      49.25     1.0852     0.3976  1.000e-12  0.2603000     7.7476     7.7474    -0.0001     5.9801     5.9799     40.625     41.512      0.707    1447.45    1447.46  0.000e+00
      21424     41.500     7.5022     7.5032     0.0010    0.89720    0.89720          1     7.7469     7.7600      48.82     1.0558     0.3410  1.000e-12  0.2468000     7.7476     7.7474    -0.0002     5.9801     5.9799     41.120     42.018      0.694    1447.46    1447.46  0.000e+00
      21443     42.000     7.5019     7.5029     0.0010    0.89718    0.89717          1     7.7462     7.7601      48.30     1.0619     0.2840  1.000e-12  0.2394000     7.7474     7.7471    -0.0003     5.9800     5.9797     41.616     42.524      0.589    1447.47    1447.47  0.000e+00
      21467     42.500     7.5017     7.5028     0.0011    0.89717    0.89716          1     7.7420     7.7670      62.18     1.0762     0.3346  1.000e-12  0.2375000     7.7473     7.7470    -0.0003     5.9799     5.9796     42.111     43.031      0.439    1447.47    1447.48  0.000e+00
      21496     43.000     7.5019     7.5029     0.0011    0.89718    0.89717          1     7.7402     7.7618      54.60     1.0770     0.3936  1.000e-12  0.2346000     7.7473     7.7470    -0.0003     5.9799     5.9796     42.607     43.537      0.464    1447.48    1447.49  0.000e+00
      21519     43.500     7.5020     7.5035     0.0016    0.89718    0.89723          1     7.7446     7.7555      46.35     1.0945     0.3657  1.000e-12  0.2299000     7.7473     7.7473     0.0000     5.9799     5.9798     43.102     44.043      0.589    1447.49    1447.50  0.000e+00
      21538     44.000     7.5043     7.5054     0.0011    0.89741    0.89739          1     7.7515     7.7649      46.17     1.1046     0.3402  1.000e-12  0.2298000     7.7487     7.7483    -0.0004     5.9808     5.9805     43.597     44.549      0.633    1447.51    1447.52  0.000e+00
      21557     44.500     7.5048     7.5062     0.0014    0.89745    0.89747          1     7.7521     7.7737      45.67     1.0597     0.3550  1.000e-12  0.2479000     7.7490     7.7489    -0.0001     5.9810     5.9808     44.093     45.055      0.614    1447.52    1447.53  0.000e+00
      21577     45.000     7.5047     7.5058     0.0011    0.89742    0.89743          1     7.7493     7.7717      45.19     1.0673     0.3585  1.000e-12  0.2406000     7.7487     7.7485    -0.0002     5.9808     5.9805     44.588     45.562      0.574    1447.53    1447.53  0.000e+00
      21599     45.500     7.5049     7.5056     0.0007    0.89747    0.89742          1     7.7492     7.7696      44.55     1.0644     0.3383  1.000e-12  0.2525000     7.7490     7.7484    -0.0006     5.9810     5.9805     45.083     46.068      0.557    1447.54    1447.54  0.000e+00
      21620     46.000     7.5052     7.5056     0.0003    0.89750    0.89745          1     7.7510     7.7701      44.03     1.0667     0.3673  1.000e-12  0.2609000     7.7492     7.7486    -0.0006     5.9811     5.9806     45.579     46.574      0.554    1447.55    1447.55  0.000e+00
      21643     46.500     7.5054     7.5062     0.0008    0.89752    0.89752          1     7.7499     7.7707      43.56     1.0848     0.3537  1.000e-12  0.2505000     7.7492     7.7491    -0.0002     5.9812     5.9810     46.074     47.080      0.468    1447.56    1447.56  0.000e+00
      21675     47.000     7.5065     7.5071     0.0006    0.89763    0.89756          1     7.5988     7.6160      42.86     1.1031     0.4085  1.000e-12  0.2384000     7.7499     7.7492    -0.0008     5.9816     5.9810     46.569     47.587      0.354    1447.57    1447.57  0.000e+00
      21705     47.500     7.5048     7.5064     0.0016    0.89748    0.89753          1     7.5144     7.5116      42.33     1.1028     0.4178  1.000e-12  0.2396000     7.7489     7.7490     0.0000     5.9810     5.9809     47.065     48.093      0.594    1447.57    1447.58  0.000e+00
      21721     48.000     7.5082     7.5099     0.0016    0.89788    0.89789          1     7.7420     7.6212      42.02     1.0933     0.3222  1.000e-12  0.2433000     7.7517     7.7515    -0.0002     5.9829     5.9826     47.560     48.599      0.833    1447.60    1447.60  0.000e+00
      21734     48.500     7.5313     7.5356     0.0043    0.90159    0.90280          1     7.5190     7.3734      41.65     1.0709     0.3182  1.000e-12  0.2419000     7.7810     7.7913     0.0103     6.0041     6.0118     48.056     49.105      0.926    1447.74    1447.77  0.000e+00
      21746     49.000     7.9021     7.9262     0.0241    0.99985    1.00406          1     6.8034     6.6071      41.33     1.0372     0.2935  1.000e-12  0.2424000     8.6044     8.6375     0.0331     6.6189     6.6428     48.551     49.611      0.881    1450.28    1450.42  0.000e+00
      21761     49.500     8.7057     8.7059     0.0001    1.12871    1.12794          1     5.9164     5.6997      40.70     0.8067     0.2873  1.000e-12  0.2423000     9.5863     9.5793    -0.0070     7.3143     7.3088     49.046     50.117      0.651    1454.75    1454.74  0.000e+00
      21806     50.000     8.2767     8.3123     0.0358    1.04840    1.05230          1     5.9920     5.9043      39.78     0.5954     0.2456  1.000e-12  0.2099000     8.9546     8.9818     0.0272     6.8587     6.8769     49.542     50.623      0.332    1452.24    1452.42  0.000e+00
      21846     50.500     8.7196     8.6571    -0.0621    1.15094    1.13497          1     5.5923     5.4836      39.20     0.8552     0.1934  1.000e-12  0.1996000     9.7853     9.6555    -0.1298     7.4679     7.3725     50.037     51.129      0.700    1455.06    1454.65  0.000e+00
      21859     51.000     9.2357     9.2331    -0.0026    1.23270    1.23224          1     5.0677     4.9250      38.98     0.5412     0.1780  1.000e-12  0.2111000    10.3896    10.3861    -0.0035     7.8875     7.8851     50.532     51.634      0.935    1457.86    1457.85  0.000e+00
      21871     51.500     9.5759     9.5759     0.0000    1.27353    1.27322          1     4.8721     4.7019      38.65     0.5367     0.1675  1.000e-12  0.2094000    10.6608    10.6580    -0.0028     8.0621     8.0599     51.028     52.139      1.004    1459.53    1459.53  0.000e+00
      21882     52.000     9.8478     9.8456    -0.0022    1.30967    1.30934          1     4.7186     4.6119      38.15     0.2974     0.1633  1.000e-12  0.2109000    10.9062    10.9038    -0.0024     8.2224     8.2208     51.523     52.644      0.931    1460.90    1460.88  0.000e+00
      21897     52.500    10.0480    10.0459    -0.0021    1.37255    1.37255          1     4.4635     4.4248      37.67     0.2489     0.1966  1.000e-12  0.2090000    11.4108    11.4115     0.0007     8.5912     8.5920     52.018     53.149      0.695    1462.29    1462.28  0.000e+00
      21928     53.000    10.1007    10.0221    -0.0799    1.39141    1.37482          1     4.3722     4.3617      36.77     0.2524     0.2280  1.000e-12  0.1921000    11.5626    11.4350    -0.1276     8.7024     8.6116     52.514     53.654      0.298    1462.68    1462.22  0.000e+00
      21982     53.500    10.0294    10.1692     0.1399    1.37375    1.39608          1     4.6350     4.7189      36.07     0.3237     0.2256  1.000e-12  0.1873000    11.4252    11.5752     0.1500     8.6038     8.7013     53.009     54.159      0.480    1462.25    1462.95  0.000e+00
      21998     54.000    11.1474    11.1663     0.0206    1.57751    1.58041          1     4.5165     4.4840      35.75     0.3250     0.2087  1.000e-12  0.1796000    12.8788    12.8981     0.0193     9.5910     9.6034     53.504     54.664      0.847    1468.24    1468.34  0.000e+00
      22010     54.500    11.4133    11.4105    -0.0028    1.62922    1.62869          1     4.4603     4.4078      35.38     0.2603     0.1773  1.000e-12  0.1902000    13.2416    13.2380    -0.0037     9.8351     9.8326     54.000     55.168      1.026    1469.67    1469.66  0.000e+00
      22021     55.000    11.5621    11.5624     0.0002    1.65779    1.65754          1     4.3724     4.3173      34.96     0.2581     0.1778  1.000e-12  0.1928000    13.4403    13.4380    -0.0023     9.9680     9.9661     54.495     55.672      1.084    1470.46    1470.46  0.000e+00
      22031     55.500    11.6607    11.6610     0.0003    1.68374    1.68346          1     4.2675     4.2255      34.52     0.2360     0.1778  1.000e-12  0.1844000    13.6329    13.6303    -0.0026    10.1029    10.1008     54.991     56.177      1.021    1471.07    1471.07  0.000e+00
      22044     56.000    11.7154    11.7163     0.0009    1.70823    1.70804          1     4.1684     4.1021      33.97     0.2226     0.1779  1.000e-12  0.1813000    13.8283    13.8263    -0.0020    10.2460    10.2444     55.486     56.681      0.806    1471.51    1471.51  0.000e+00
      22078     56.500    11.4325    11.4511     0.0186    1.65673    1.66043          1     4.2073     4.1667      36.02     0.2310     0.2272  1.000e-12  0.1809000    13.4733    13.5000     0.0267    10.0103    10.0286     55.981     57.185      0.372    1470.04    1470.15  0.000e+00
      22134     57.000    11.2093    11.4752     0.2640    1.60211    1.67102          1     4.2211     4.0523      58.02     0.2499     0.2283  1.000e-12  0.1734000    13.0734    13.5878     0.5143     9.7328    10.0940     56.477     57.689      0.528    1468.76    1470.35  0.000e+00
