ctdpy/tests/etc/all_smhi_bas_2018/SBE09_0827_20180823_1350_26_01_0868.cnv
* Sea-Bird SBE 9 Data File:
* FileName = D:\CTD_SBE911\DAT\26DA.2018.8.68.hex
* Software Version Seasave V 7.21d
* Temperature SN = 034605
* Conductivity SN = 041844
* Number of Bytes Per Scan = 48
* Number of Voltage Words = 5
* Number of Scans Averaged by the Deck Unit = 1
* NMEA Latitude = 57 54.44 N
* NMEA Longitude = 009 55.38 E
* NMEA UTC (Time) = Aug 23 2018  13:52:38
* NMEA baud rate = 4800
** Ship: DANA
** Average sound velocity: 1499.20 m/s
** True-depth calculation Thu, 28 Mar 2019 09:25:51 +0000
** CTD Python Module SMHI /ver 3-12/ feb 2012 
** LIMS Job: 20182601-0868
**  17 N HIRTSHALS
** Operator: Christian
** Cruise: 08/2018
# nquan = 26
# nvalues = 124                         
# units = specified
# name 0 = scan: Scan Count
# name 1 = prDM: Pressure, Digiquartz [db]
# name 2 = t090C: Temperature [ITS-90, deg C]
# name 3 = t190C: Temperature, 2 [ITS-90, deg C]
# name 4 = T2-T190C: Temperature Difference, 2 - 1 [ITS-90, deg C]
# name 5 = c0S/m: Conductivity [S/m]
# name 6 = c1S/m: Conductivity, 2 [S/m]
# name 7 = pumps: Pump Status
# name 8 = sbeox1ML/L: Oxygen, SBE 43, 2 [ml/l]
# name 9 = sbeox0ML/L: Oxygen, SBE 43 [ml/l]
# name 10 = altM: Altimeter [m]
# name 11 = chloroflTC0: Chlorophyll, Turner Cyclops [ug/l]
# name 12 = cpar: CPAR/Corrected Irradiance [%]
# name 13 = par: PAR/Irradiance, Biospherical/Lico [µE/(cm^2*s)]
# name 14 = spar: SPAR, Biospherical/Licor
# name 15 = sal00: Salinity, Practical [PSU]
# name 16 = sal11: Salinity, Practical, 2 [PSU]
# name 17 = secS-priS: Salinity, Practical, Difference, 2 - 1 [PSU]
# name 18 = sigma-t00: Density [sigma-t, kg/m^3 ]
# name 19 = sigma-t11: Density, 2 [sigma-t, kg/m^3 ]
# name 20 = depSM: Depth [salt water, m], lat = 57.9073
# name 21 = depFM: Depth [true depth, m], lat = 57.9073
# name 22 = dz/dtM: Descent Rate [m/s], WS = 2
# name 23 = svCM: Sound Velocity [Chen-Millero, m/s]
# name 24 = svCM1: Sound Velocity, 2 [Chen-Millero, m/s]
# name 25 = flag: flag
# span 0 =        203,       6038       
# span 1 =      1.500,     63.000       
# span 2 =     9.7986,    17.5596       
# span 3 =     9.7977,    17.5594       
# span 4 =    -0.4419,     0.0193       
# span 5 =   3.726682,   4.264846       
# span 6 =   3.727135,   4.268067       
# span 7 =          1,          1       
# span 8 =     5.0714,     5.7546       
# span 9 =     4.8280,     5.4923       
# span 10 =       2.45,       9.98      
# span 11 =     0.0549,     0.3244      
# span 12 = -4.709e-05, 8.7417e+00      
# span 13 = -1.310e-04, 2.8277e+01      
# span 14 = 2.2013e+02, 3.2349e+02      
# span 15 =    32.4782,    34.5678      
# span 16 =    32.4783,    34.5714      
# span 17 =    -0.0079,     0.2264      
# span 18 =    23.4557,    26.6486      
# span 19 =    23.4564,    26.6515      
# span 20 =      1.486,     62.407      
# span 21 =      1.493,     62.593      
# span 22 =     -0.120,      0.480      
# span 23 =    1489.35,    1511.95      
# span 24 =    1489.33,    1511.99      
# span 25 = 0.0000e+00, 0.0000e+00      
# interval = decibars: 0.5              
# start_time = Aug 23 2018 13:52:38 [NMEA time, first data scan]
# bad_flag = -9.990e-29
*END*
[from data line 112]
       5351     57.500     9.9775     9.9552    -0.0222    3.73648    3.73544          1     5.1534     5.1092       6.32     0.0817  4.405e-13  1.000e-12  2.270e+02    34.2537    34.2641     0.0105    26.3730    26.3849     56.960     57.136      0.224    1489.79    1489.72  0.000e+00
       5396     58.000     9.9410     9.9312    -0.0098    3.73314    3.73315          1     5.1369     5.1073       5.85     0.1057  4.436e-13  1.000e-12  2.254e+02    34.2539    34.2633     0.0094    26.3794    26.3883     57.455     57.632      0.282    1489.66    1489.64  0.000e+00
       5450     58.500     9.9182     9.9050    -0.0130    3.73176    3.73177          1     5.1234     5.1006       5.38     0.0991  4.436e-13  1.000e-12  2.254e+02    34.2613    34.2739     0.0126    26.3890    26.4010     57.950     58.128      0.193    1489.60    1489.57  0.000e+00
       5510     59.000     9.8733     9.8615    -0.0119    3.72838    3.72843          1     5.1226     5.0948       4.89     0.0707  4.436e-13  1.000e-12  2.254e+02    34.2691    34.2808     0.0117    26.4026    26.4138     58.445     58.625      0.312    1489.46    1489.43  0.000e+00
       5541     59.500     9.8577     9.8447    -0.0131    3.72743    3.72756          1     5.1101     5.0949       4.38     0.0715  4.442e-13  1.000e-12  2.251e+02    34.2740    34.2878     0.0138    26.4091    26.4220     58.941     59.121      0.354    1489.41    1489.38  0.000e+00
       5586     60.000     9.8334     9.8203    -0.0131    3.72668    3.72714          1     5.1048     5.0927       3.86     0.0779  4.443e-13  1.000e-12  2.251e+02    34.2892    34.3063     0.0171    26.4251    26.4406     59.436     59.617      0.208    1489.35    1489.33  0.000e+00
       5654     60.500     9.8327     9.8357     0.0029    3.73434    3.73632          1     5.1217     5.1353       3.40     0.0686  4.478e-13  1.000e-12  2.233e+02    34.3682    34.3857     0.0175    26.4868    26.5000     59.931     60.113      0.316    1489.45    1489.49  0.000e+00
       5684     61.000     9.8442     9.8430    -0.0012    3.74210    3.74367          1     5.1443     5.1789       2.94     0.0799  4.476e-13  1.000e-12  2.234e+02    34.4365    34.4538     0.0173    26.5383    26.5520     60.426     60.609      0.363    1489.59    1489.60  0.000e+00
       5739     61.500     9.8291     9.8217    -0.0074    3.74933    3.75055          1     5.1832     5.2108       2.45     0.0785  4.498e-13  1.000e-12  2.223e+02    34.5249    34.5446     0.0197    26.6099    26.6265     60.921     61.105      0.217    1489.65    1489.65  0.000e+00
       5803     62.000     9.8120     9.8085    -0.0035    3.75107    3.75148          1     5.2012     5.2130       2.49     0.0602  4.518e-13  1.000e-12  2.213e+02    34.5590    34.5664     0.0075    26.6394    26.6458     61.417     61.601      0.345    1489.64    1489.63  0.000e+00
       5834     62.500     9.8064     9.8008    -0.0055    3.75094    3.75127          1     5.2198     5.2109       2.53     0.0584  4.518e-13  1.000e-12  2.214e+02    34.5627    34.5714     0.0087    26.6433    26.6510     61.912     62.097      0.333    1489.63    1489.62  0.000e+00
       6038     63.000     9.7986     9.7977    -0.0008    3.75072    3.75099          1     5.2180     5.1943       3.79     0.0572  4.543e-13  1.000e-12  2.201e+02    34.5678    34.5713     0.0035    26.6486    26.6515     62.407     62.593     -0.120    1489.62    1489.62  0.000e+00
