ctdpy/tests/etc/all_smhi_bas_2018/SBE09_0827_20180225_0815_26_01_0303.cnv
* Sea-Bird SBE 9 Data File:
* FileName = D:\CTD_SBE911\DAT\26DA.2018.3.3.hex
* Software Version Seasave V 7.21d
* Temperature SN = 034757
* Conductivity SN = 041844
* Number of Bytes Per Scan = 48
* Number of Voltage Words = 5
* Number of Scans Averaged by the Deck Unit = 1
* NMEA Latitude = 55 39.19 N
* NMEA Longitude = 014 32.87 E
* NMEA UTC (Time) = Feb 25 2018  08:16:01
* NMEA baud rate = 4800
** Ship: DANA
** Average sound velocity: 1429.46 m/s
** True-depth calculation Tue, 02 Apr 2019 08:31:31 +0000
** CTD Python Module SMHI /ver 3-12/ feb 2012 
** LIMS Job: 20182601-0303
** Operator:
** Cruise: 02/2018
# nquan = 26
# nvalues = 100                         
# units = specified
# name 0 = scan: Scan Count
# name 1 = prDM: Pressure, Digiquartz [db]
# name 2 = t090C: Temperature [ITS-90, deg C]
# name 3 = t190C: Temperature, 2 [ITS-90, deg C]
# name 4 = T2-T190C: Temperature Difference, 2 - 1 [ITS-90, deg C]
# name 5 = c0S/m: Conductivity [S/m]
# name 6 = c1S/m: Conductivity, 2 [S/m]
# name 7 = pumps: Pump Status
# name 8 = sbeox1ML/L: Oxygen, SBE 43, 2 [ml/l]
# name 9 = sbeox0ML/L: Oxygen, SBE 43 [ml/l]
# name 10 = altM: Altimeter [m]
# name 11 = chloroflTC0: Chlorophyll, Turner Cyclops [ug/l]
# name 12 = cpar: CPAR/Corrected Irradiance [%]
# name 13 = par: PAR/Irradiance, Biospherical/Lico [µE/(cm^2*s)]
# name 14 = spar: SPAR, Biospherical/Licor
# name 15 = sal00: Salinity, Practical [PSU]
# name 16 = sal11: Salinity, Practical, 2 [PSU]
# name 17 = secS-priS: Salinity, Practical, Difference, 2 - 1 [PSU]
# name 18 = sigma-t00: Density [sigma-t, kg/m^3 ]
# name 19 = sigma-t11: Density, 2 [sigma-t, kg/m^3 ]
# name 20 = depSM: Depth [salt water, m], lat = 55.6532
# name 21 = depFM: Depth [true depth, m], lat = 55.6532
# name 22 = dz/dtM: Descent Rate [m/s], WS = 2
# name 23 = svCM: Sound Velocity [Chen-Millero, m/s]
# name 24 = svCM1: Sound Velocity, 2 [Chen-Millero, m/s]
# name 25 = flag: flag
# span 0 =         76,       5256       
# span 1 =      1.500,     51.000       
# span 2 =     3.4033,     6.0519       
# span 3 =     3.4025,     4.9654       
# span 4 =    -1.0887,     0.0044       
# span 5 =   0.778574,   1.113826       
# span 6 =   0.777869,   0.904247       
# span 7 =          1,          1       
# span 8 =     7.2962,     8.1372       
# span 9 =     4.3518,     8.3636       
# span 10 =       0.81,      10.00      
# span 11 =     0.0123,     0.0520      
# span 12 = -1.201e-05, 4.9867e+00      
# span 13 = -6.173e-05, 2.7442e+01      
# span 14 = 5.0592e+02, 1.5741e+03      
# span 15 =     7.5203,    10.2271      
# span 16 =     7.5141,     8.4225      
# span 17 =    -1.8046,     0.0026      
# span 18 =     5.9903,     8.0387      
# span 19 =     5.9854,     6.6643      
# span 20 =      1.486,     50.531      
# span 21 =      1.519,     51.635      
# span 22 =      0.116,      0.521      
# span 23 =    1428.73,    1444.70      
# span 24 =    1428.73,    1437.67      
# span 25 = 0.0000e+00, 0.0000e+00      
# interval = decibars: 0.5              
# start_time = Feb 25 2018 08:16:01 [NMEA time, first data scan]
# bad_flag = -9.990e-29
*END*
[from data line 56]
       2928     29.500     3.4125     3.4110    -0.0015    0.77906    0.77845          1     8.1202     8.2519       9.96     0.0386  1.788e-13  1.000e-12  5.592e+02     7.5210     7.5150    -0.0060     5.9909     5.9861     29.230     29.868      0.251    1429.21    1429.20  0.000e+00
       2992     30.000     3.4126     3.4113    -0.0013    0.77907    0.77845          1     8.1087     8.2432       9.96     0.0462  1.744e-13  1.000e-12  5.733e+02     7.5210     7.5149    -0.0061     5.9909     5.9860     29.726     30.374      0.235    1429.22    1429.20  0.000e+00
       3033     30.500     3.4119     3.4112    -0.0007    0.77906    0.77846          1     8.0983     8.2356       9.96     0.0487  1.710e-13  1.000e-12  5.847e+02     7.5210     7.5149    -0.0060     5.9909     5.9861     30.221     30.880      0.342    1429.22    1429.21  0.000e+00
       3070     31.000     3.4141     3.4110    -0.0031    0.77920    0.77846          1     8.0703     8.2314       9.96     0.0491  1.662e-13  1.000e-12  6.020e+02     7.5219     7.5149    -0.0070     5.9916     5.9860     30.716     31.387      0.283    1429.24    1429.22  0.000e+00
       3143     31.500     3.4142     3.4119    -0.0022    0.77922    0.77852          1     8.1034     8.2457       9.96     0.0475  1.396e-13  1.000e-12  7.260e+02     7.5220     7.5152    -0.0068     5.9916     5.9863     31.212     31.893      0.228    1429.25    1429.23  0.000e+00
       3197     32.000     3.4129     3.4130     0.0001    0.77913    0.77860          1     8.1039     8.2624       9.96     0.0507  1.330e-13  1.000e-12  7.521e+02     7.5213     7.5158    -0.0055     5.9911     5.9867     31.707     32.399      0.447    1429.25    1429.24  0.000e+00
       3220     32.500     3.4136     3.4128    -0.0009    0.77920    0.77860          1     8.0917     8.2616       9.96     0.0520  1.441e-13  1.000e-12  6.940e+02     7.5218     7.5157    -0.0061     5.9915     5.9867     32.203     32.905      0.492    1429.26    1429.25  0.000e+00
       3270     33.000     3.4148     3.4128    -0.0020    0.77928    0.77860          1     8.1129     8.2396       9.96     0.0487  1.405e-13  1.000e-12  7.154e+02     7.5223     7.5157    -0.0065     5.9918     5.9867     32.698     33.412      0.282    1429.28    1429.26  0.000e+00
       3338     33.500     3.4148     3.4141    -0.0007    0.77928    0.77869          1     8.1177     8.2342       9.95     0.0459  1.095e-13  1.000e-12  9.135e+02     7.5222     7.5162    -0.0060     5.9918     5.9871     33.193     33.918      0.408    1429.28    1429.27  0.000e+00
       3365     34.000     3.4149     3.4138    -0.0011    0.77929    0.77869          1     8.1259     8.2475       9.95     0.0478  9.987e-14  1.000e-12  1.003e+03     7.5222     7.5163    -0.0059     5.9918     5.9871     33.689     34.424      0.356    1429.29    1429.28  0.000e+00
       3427     34.500     3.4146     3.4138    -0.0008    0.77926    0.77868          1     8.1098     8.2432       9.95     0.0449  8.316e-14  1.000e-12  1.210e+03     7.5219     7.5161    -0.0058     5.9916     5.9870     34.184     34.930      0.223    1429.30    1429.29  0.000e+00
       3479     35.000     3.4148     3.4138    -0.0010    0.77930    0.77868          1     8.1147     8.2502       9.95     0.0447  7.939e-14  1.000e-12  1.260e+03     7.5221     7.5160    -0.0061     5.9918     5.9869     34.680     35.437      0.316    1429.31    1429.30  0.000e+00
       3518     35.500     3.4160     3.4138    -0.0022    0.77936    0.77868          1     8.1202     8.2480       9.95     0.0470  7.062e-14  1.000e-12  1.419e+03     7.5225     7.5160    -0.0065     5.9920     5.9869     35.175     35.943      0.282    1429.32    1429.30  0.000e+00
       3565     36.000     3.4154     3.4140    -0.0015    0.77934    0.77871          1     8.1219     8.2426       9.95     0.0441  6.771e-14  1.000e-12  1.479e+03     7.5223     7.5161    -0.0062     5.9919     5.9870     35.670     36.449      0.244    1429.33    1429.31  0.000e+00
       3617     36.500     3.4145     3.4142    -0.0003    0.77929    0.77872          1     8.1372     8.2485       9.95     0.0430  8.758e-14  1.000e-12  1.154e+03     7.5219     7.5161    -0.0058     5.9916     5.9870     36.166     36.955      0.227    1429.33    1429.32  0.000e+00
       3664     37.000     3.4142     3.4140    -0.0002    0.77930    0.77872          1     8.1114     8.2461       9.95     0.0434  1.026e-13  1.000e-12  9.742e+02     7.5221     7.5161    -0.0060     5.9917     5.9869     36.661     37.461      0.298    1429.34    1429.33  0.000e+00
       3702     37.500     3.4147     3.4138    -0.0009    0.77933    0.77872          1     8.1186     8.2500       9.95     0.0444  1.077e-13  1.000e-12  9.288e+02     7.5222     7.5161    -0.0061     5.9918     5.9870     37.156     37.968      0.293    1429.35    1429.34  0.000e+00
       3768     38.000     3.4175     3.4137    -0.0038    0.77946    0.77873          1     8.1179     8.2459       9.96     0.0447  1.166e-13  1.000e-12  8.600e+02     7.5228     7.5161    -0.0068     5.9923     5.9870     37.652     38.474      0.239    1429.37    1429.34  0.000e+00
       3816     38.500     3.4241     3.4151    -0.0090    0.77978    0.77877          1     8.1214     8.2333       9.96     0.0486  1.304e-13  1.000e-12  7.676e+02     7.5245     7.5161    -0.0084     5.9935     5.9870     38.147     38.980      0.378    1429.41    1429.36  0.000e+00
       3847     39.000     3.4223     3.4186    -0.0037    0.77968    0.77894          1     8.1241     8.2430       9.96     0.0474  1.371e-13  1.000e-12  7.298e+02     7.5238     7.5170    -0.0068     5.9930     5.9876     38.643     39.486      0.324    1429.41    1429.38  0.000e+00
       3901     39.500     3.4220     3.4179    -0.0040    0.77967    0.77894          1     8.1010     8.2444       9.96     0.0427  1.359e-13  1.000e-12  7.356e+02     7.5238     7.5171    -0.0067     5.9929     5.9877     39.138     39.993      0.215    1429.41    1429.39  0.000e+00
       3948     40.000     3.4270     3.4195    -0.0075    0.77990    0.77900          1     8.1172     8.2359       9.96     0.0457  1.374e-13  1.000e-12  7.279e+02     7.5249     7.5173    -0.0076     5.9937     5.9878     39.633     40.499      0.329    1429.45    1429.40  0.000e+00
       3988     40.500     3.4362     3.4229    -0.0133    0.78024    0.77913          1     8.1108     8.2348       9.96     0.0434  1.387e-13  1.000e-12  7.209e+02     7.5262     7.5178    -0.0084     5.9946     5.9882     40.129     41.005      0.242    1429.50    1429.43  0.000e+00
       4044     41.000     3.4357     3.4292    -0.0066    0.78023    0.77936          1     8.0997     8.2294       9.96     0.0422  1.351e-13  1.000e-12  7.403e+02     7.5261     7.5187    -0.0074     5.9946     5.9888     40.624     41.511      0.289    1429.50    1429.46  0.000e+00
       4079     41.500     3.4372     3.4324    -0.0048    0.78028    0.77951          1     8.1321     8.2243       9.96     0.0432  1.257e-13  1.000e-12  7.964e+02     7.5262     7.5193    -0.0068     5.9946     5.9892     41.119     42.018      0.321    1429.52    1429.49  0.000e+00
       4139     42.000     3.4402     3.4354    -0.0048    0.78038    0.77962          1     8.1171     8.2240       9.94     0.0382  1.008e-13  1.000e-12  1.020e+03     7.5265     7.5198    -0.0067     5.9948     5.9895     41.615     42.524      0.218    1429.54    1429.51  0.000e+00
       4196     42.500     3.4431     3.4396    -0.0035    0.78052    0.77977          1     8.0923     8.2250       9.63     0.0363  7.046e-14  1.000e-12  1.420e+03     7.5272     7.5203    -0.0069     5.9953     5.9899     42.110     43.030      0.326    1429.56    1429.54  0.000e+00
       4232     43.000     3.4392     3.4373    -0.0019    0.78040    0.77973          1     8.1210     8.2264       9.09     0.0343  6.481e-14  1.000e-12  1.544e+03     7.5268     7.5203    -0.0065     5.9951     5.9899     42.606     43.536      0.296    1429.55    1429.53  0.000e+00
       4278     43.500     3.4362     3.4374     0.0012    0.78033    0.77975          1     8.1177     8.2246       8.55     0.0330  6.413e-14  1.000e-12  1.559e+03     7.5267     7.5204    -0.0063     5.9950     5.9900     43.101     44.042      0.246    1429.55    1429.54  0.000e+00
       4328     44.000     3.4378     3.4374    -0.0004    0.78040    0.77976          1     8.1125     8.2282       8.02     0.0317  6.464e-14  1.000e-12  1.547e+03     7.5270     7.5204    -0.0066     5.9953     5.9900     43.596     44.549      0.241    1429.56    1429.55  0.000e+00
       4379     44.500     3.4441     3.4370    -0.0071    0.78062    0.77977          1     8.1002     8.2215       7.50     0.0304  6.510e-14  1.000e-12  1.536e+03     7.5278     7.5206    -0.0072     5.9958     5.9901     44.092     45.055      0.213    1429.60    1429.56  0.000e+00
       4434     45.000     3.4393     3.4386    -0.0007    0.78046    0.77983          1     8.0853     8.2170       6.99     0.0277  7.764e-14  1.000e-12  1.294e+03     7.5271     7.5208    -0.0063     5.9953     5.9903     44.587     45.561      0.285    1429.58    1429.57  0.000e+00
       4472     45.500     3.4390     3.4385    -0.0005    0.78048    0.77988          1     8.0834     8.2231       6.46     0.0204  8.536e-14  1.000e-12  1.172e+03     7.5273     7.5213    -0.0060     5.9955     5.9907     45.082     46.067      0.272    1429.59    1429.58  0.000e+00
       4543     46.000     3.4386     3.4382    -0.0004    0.78051    0.77990          1     8.1222     8.2229       5.97     0.0175  7.108e-14  1.000e-12  1.412e+03     7.5277     7.5214    -0.0063     5.9958     5.9908     45.578     46.574      0.301    1429.60    1429.59  0.000e+00
       4576     46.500     3.4387     3.4378    -0.0009    0.78058    0.77993          1     8.1011     8.2238       5.46     0.0171  7.159e-14  1.000e-12  1.397e+03     7.5283     7.5217    -0.0065     5.9963     5.9911     46.073     47.080      0.433    1429.61    1429.59  0.000e+00
       4607     47.000     3.4444     3.4375    -0.0069    0.78091    0.77997          1     8.0690     8.2089       4.90     0.0170  7.565e-14  1.000e-12  1.322e+03     7.5304     7.5222    -0.0082     5.9978     5.9914     46.568     47.586      0.281    1429.64    1429.60  0.000e+00
       4686     47.500     3.4811     3.4492    -0.0319    0.78263    0.78048          1     8.0960     8.1875       4.40     0.0177  8.958e-14  1.000e-12  1.121e+03     7.5395     7.5247    -0.0148     6.0045     5.9933     47.064     48.092      0.219    1429.83    1429.67  0.000e+00
       4735     48.000     3.5568     3.4955    -0.0613    0.78593    0.78225          1     8.0683     8.1351       3.90     0.0174  7.259e-14  1.000e-12  1.379e+03     7.5559     7.5321    -0.0238     6.0162     5.9984     47.559     48.599      0.314    1430.20    1429.89  0.000e+00
       4767     48.500     3.6086     3.5631    -0.0453    0.78795    0.78506          1     8.0525     8.0858       3.37     0.0171  6.658e-14  1.000e-12  1.502e+03     7.5646     7.5454    -0.0192     6.0222     6.0077     48.054     49.105      0.387    1430.46    1430.23  0.000e+00
       4816     49.000     3.6449     3.6161    -0.0292    0.78938    0.78726          1     7.9835     8.0449       2.85     0.0173  6.449e-14  1.000e-12  1.551e+03     7.5708     7.5557    -0.0151     6.0264     6.0149     48.550     49.611      0.254    1430.64    1430.49  0.000e+00
       4889     49.500     3.7595     3.7096    -0.0498    0.79308    0.79020          1     7.9086     7.9129       2.40     0.0171  6.405e-14  1.000e-12  1.561e+03     7.5821     7.5641    -0.0180     6.0331     6.0198     49.045     50.117      0.379    1431.18    1430.93  0.000e+00
       4922     50.000     3.8367     3.7775    -0.0586    0.79671    0.79260          1     7.8444     7.9789       1.87     0.0171  6.429e-14  1.000e-12  1.556e+03     7.6013     7.5730    -0.0283     6.0466     6.0254     49.540     50.623      0.357    1431.56    1431.26  0.000e+00
       5215     50.500     4.6182     4.1536    -0.4639    0.89244    0.81793          1     7.6127     6.7977       1.36     0.0180  6.371e-14  1.000e-12  1.570e+03     8.3823     7.7426    -0.6397     6.6417     6.1502     50.036     51.130      0.380    1436.06    1433.17  0.000e+00
       5256     51.000     6.0519     4.9654    -1.0887    1.11383    0.90425          1     7.2962     4.3518       0.81     0.0204  6.353e-14  1.000e-12  1.574e+03    10.2271     8.4225    -1.8046     8.0387     6.6643     50.531     51.635      0.116    1444.70    1437.67  0.000e+00
