ctdpy/tests/etc/all_smhi_bas_2018/SBE09_0827_20180823_1350_26_01_0868.cnv
* Sea-Bird SBE 9 Data File:
* FileName = D:\CTD_SBE911\DAT\26DA.2018.8.68.hex
* Software Version Seasave V 7.21d
* Temperature SN = 034605
* Conductivity SN = 041844
* Number of Bytes Per Scan = 48
* Number of Voltage Words = 5
* Number of Scans Averaged by the Deck Unit = 1
* NMEA Latitude = 57 54.44 N
* NMEA Longitude = 009 55.38 E
* NMEA UTC (Time) = Aug 23 2018  13:52:38
* NMEA baud rate = 4800
** Ship: DANA
** Average sound velocity: 1499.20 m/s
** True-depth calculation Thu, 28 Mar 2019 09:25:51 +0000
** CTD Python Module SMHI /ver 3-12/ feb 2012 
** LIMS Job: 20182601-0868
**  17 N HIRTSHALS
** Operator: Christian
** Cruise: 08/2018
# nquan = 26
# nvalues = 124                         
# units = specified
# name 0 = scan: Scan Count
# name 1 = prDM: Pressure, Digiquartz [db]
# name 2 = t090C: Temperature [ITS-90, deg C]
# name 3 = t190C: Temperature, 2 [ITS-90, deg C]
# name 4 = T2-T190C: Temperature Difference, 2 - 1 [ITS-90, deg C]
# name 5 = c0S/m: Conductivity [S/m]
# name 6 = c1S/m: Conductivity, 2 [S/m]
# name 7 = pumps: Pump Status
# name 8 = sbeox1ML/L: Oxygen, SBE 43, 2 [ml/l]
# name 9 = sbeox0ML/L: Oxygen, SBE 43 [ml/l]
# name 10 = altM: Altimeter [m]
# name 11 = chloroflTC0: Chlorophyll, Turner Cyclops [ug/l]
# name 12 = cpar: CPAR/Corrected Irradiance [%]
# name 13 = par: PAR/Irradiance, Biospherical/Lico [µE/(cm^2*s)]
# name 14 = spar: SPAR, Biospherical/Licor
# name 15 = sal00: Salinity, Practical [PSU]
# name 16 = sal11: Salinity, Practical, 2 [PSU]
# name 17 = secS-priS: Salinity, Practical, Difference, 2 - 1 [PSU]
# name 18 = sigma-t00: Density [sigma-t, kg/m^3 ]
# name 19 = sigma-t11: Density, 2 [sigma-t, kg/m^3 ]
# name 20 = depSM: Depth [salt water, m], lat = 57.9073
# name 21 = depFM: Depth [true depth, m], lat = 57.9073
# name 22 = dz/dtM: Descent Rate [m/s], WS = 2
# name 23 = svCM: Sound Velocity [Chen-Millero, m/s]
# name 24 = svCM1: Sound Velocity, 2 [Chen-Millero, m/s]
# name 25 = flag: flag
# span 0 =        203,       6038       
# span 1 =      1.500,     63.000       
# span 2 =     9.7986,    17.5596       
# span 3 =     9.7977,    17.5594       
# span 4 =    -0.4419,     0.0193       
# span 5 =   3.726682,   4.264846       
# span 6 =   3.727135,   4.268067       
# span 7 =          1,          1       
# span 8 =     5.0714,     5.7546       
# span 9 =     4.8280,     5.4923       
# span 10 =       2.45,       9.98      
# span 11 =     0.0549,     0.3244      
# span 12 = -4.709e-05, 8.7417e+00      
# span 13 = -1.310e-04, 2.8277e+01      
# span 14 = 2.2013e+02, 3.2349e+02      
# span 15 =    32.4782,    34.5678      
# span 16 =    32.4783,    34.5714      
# span 17 =    -0.0079,     0.2264      
# span 18 =    23.4557,    26.6486      
# span 19 =    23.4564,    26.6515      
# span 20 =      1.486,     62.407      
# span 21 =      1.493,     62.593      
# span 22 =     -0.120,      0.480      
# span 23 =    1489.35,    1511.95      
# span 24 =    1489.33,    1511.99      
# span 25 = 0.0000e+00, 0.0000e+00      
# interval = decibars: 0.5              
# start_time = Aug 23 2018 13:52:38 [NMEA time, first data scan]
# bad_flag = -9.990e-29
*END*
[from data line 56]
       2773     29.500    12.5724    12.5349    -0.0377    3.93773    3.94009          1     5.5761     5.4494       9.97     0.1268  3.698e-13  1.000e-12  2.704e+02    33.8590    33.9155     0.0565    25.5931    25.6442     29.225     29.345      0.237    1497.89    1497.83  0.000e+00
       2824     30.000    12.3698    12.3107    -0.0591    3.91611    3.91851          1     5.6131     5.3431       9.97     0.1279  3.703e-13  1.000e-12  2.701e+02    33.8336    33.9102     0.0766    25.6126    25.6834     29.720     29.841      0.288    1497.19    1497.08  0.000e+00
       2857     30.500    11.7835    11.6194    -0.1637    3.86489    3.87100          1     5.4832     5.2302       9.97     0.1235  3.703e-13  1.000e-12  2.700e+02    33.8683    34.0787     0.2104    25.7506    25.9445     30.215     30.338      0.389    1495.23    1494.92  0.000e+00
       2896     31.000    11.2402    11.0869    -0.1536    3.81824    3.81497          1     5.3672     5.1961       9.97     0.0996  3.733e-13  1.000e-12  2.679e+02    33.9073    34.0165     0.1093    25.8814    25.9943     30.711     30.834      0.248    1493.41    1493.00  0.000e+00
       2975     31.500    11.0308    11.0022    -0.0286    3.79805    3.80281          1     5.2819     5.1745       9.97     0.0843  3.733e-13  1.000e-12  2.679e+02    33.8999    33.9737     0.0738    25.9133    25.9759     31.206     31.331      0.360    1492.67    1492.66  0.000e+00
       2998     32.000    10.9189    10.8696    -0.0494    3.79049    3.79451          1     5.2724     5.1740       9.97     0.0856  3.757e-13  1.000e-12  2.661e+02    33.9278    34.0136     0.0858    25.9551    26.0307     31.701     31.827      0.480    1492.32    1492.25  0.000e+00
       3035     32.500    10.8790    10.8537    -0.0254    3.78802    3.79139          1     5.2468     5.1669       9.97     0.0781  3.764e-13  1.000e-12  2.657e+02    33.9398    33.9970     0.0571    25.9715    26.0206     32.197     32.323      0.289    1492.20    1492.18  0.000e+00
       3118     33.000    10.8724    10.8670    -0.0053    3.78866    3.79214          1     5.2164     5.1633       9.97     0.0801  3.789e-13  1.000e-12  2.639e+02    33.9522    33.9919     0.0397    25.9824    26.0142     32.692     32.820      0.351    1492.20    1492.23  0.000e+00
       3144     33.500    10.8669    10.8583    -0.0086    3.78859    3.79165          1     5.2381     5.1538       9.97     0.0831  3.788e-13  1.000e-12  2.640e+02    33.9563    33.9949     0.0386    25.9865    26.0181     33.187     33.316      0.408    1492.20    1492.21  0.000e+00
       3181     34.000    10.8472    10.8347    -0.0125    3.78690    3.78955          1     5.2325     5.1574       9.97     0.0831  3.805e-13  1.000e-12  2.628e+02    33.9575    33.9956     0.0381    25.9910    26.0229     33.682     33.812      0.255    1492.14    1492.14  0.000e+00
       3239     34.500    10.8177    10.8118    -0.0059    3.78455    3.78699          1     5.2176     5.1602       9.97     0.0929  3.817e-13  1.000e-12  2.620e+02    33.9612    33.9910     0.0298    25.9991    26.0233     34.178     34.309      0.234    1492.05    1492.06  0.000e+00
       3281     35.000    10.8006    10.7969    -0.0037    3.78342    3.78606          1     5.2068     5.1597       9.97     0.0881  3.838e-13  1.000e-12  2.606e+02    33.9656    33.9955     0.0299    26.0056    26.0295     34.673     34.805      0.306    1492.00    1492.02  0.000e+00
       3322     35.500    10.7928    10.7894    -0.0034    3.78344    3.78553          1     5.2131     5.1539       9.97     0.0817  3.847e-13  1.000e-12  2.600e+02    33.9728    33.9968     0.0241    26.0125    26.0319     35.168     35.301      0.265    1491.99    1492.01  0.000e+00
       3371     36.000    10.7968    10.7952    -0.0016    3.78498    3.78686          1     5.2262     5.1685       9.97     0.0874  3.862e-13  1.000e-12  2.589e+02    33.9843    34.0045     0.0203    26.0208    26.0368     35.664     35.798      0.248    1492.03    1492.04  0.000e+00
       3415     36.500    10.7902    10.7779    -0.0122    3.78828    3.79005          1     5.2287     5.1841       9.97     0.0970  3.877e-13  1.000e-12  2.579e+02    34.0232    34.0524     0.0292    26.0523    26.0772     36.159     36.294      0.310    1492.06    1492.05  0.000e+00
       3455     37.000    10.6958    10.6848    -0.0112    3.78433    3.78654          1     5.2394     5.1912       9.97     0.0928  3.877e-13  1.000e-12  2.579e+02    34.0713    34.1038     0.0325    26.1065    26.1337     36.654     36.791      0.238    1491.79    1491.79  0.000e+00
       3519     37.500    10.6815    10.6744    -0.0070    3.78340    3.78474          1     5.2373     5.2050       9.97     0.0889  3.908e-13  1.000e-12  2.559e+02    34.0752    34.0952     0.0200    26.1120    26.1288     37.149     37.287      0.273    1491.75    1491.75  0.000e+00
       3552     38.000    10.6779    10.6683    -0.0095    3.78334    3.78455          1     5.2455     5.1904       9.97     0.1077  3.908e-13  1.000e-12  2.559e+02    34.0776    34.0987     0.0211    26.1145    26.1327     37.645     37.783      0.406    1491.75    1491.74  0.000e+00
       3584     38.500    10.6459    10.6148    -0.0310    3.78079    3.78101          1     5.2425     5.1933       9.97     0.0891  3.929e-13  1.000e-12  2.545e+02    34.0817    34.1130     0.0313    26.1234    26.1532     38.140     38.279      0.293    1491.65    1491.58  0.000e+00
       3654     39.000    10.5441    10.5354    -0.0088    3.77272    3.77432          1     5.2560     5.1986       9.97     0.0883  3.939e-13  1.000e-12  2.539e+02    34.0955    34.1198     0.0243    26.1520    26.1724     38.635     38.776      0.278    1491.32    1491.31  0.000e+00
       3689     39.500    10.5130    10.5033    -0.0096    3.77050    3.77182          1     5.2420     5.1922       9.97     0.0975  3.939e-13  1.000e-12  2.538e+02    34.1021    34.1244     0.0223    26.1626    26.1816     39.130     39.272      0.408    1491.22    1491.21  0.000e+00
       3721     40.000    10.4980    10.4882    -0.0098    3.76931    3.77042          1     5.2282     5.1918       9.97     0.0932  3.971e-13  1.000e-12  2.518e+02    34.1039    34.1243     0.0204    26.1666    26.1842     39.626     39.768      0.275    1491.18    1491.17  0.000e+00
       3794     40.500    10.4407    10.4299    -0.0109    3.76531    3.76642          1     5.2133     5.1635       9.97     0.0838  3.971e-13  1.000e-12  2.518e+02    34.1170    34.1384     0.0214    26.1868    26.2053     40.121     40.265      0.302    1491.00    1490.99  0.000e+00
       3826     41.000    10.4185    10.4112    -0.0074    3.76387    3.76506          1     5.2128     5.1665       9.97     0.1035  3.981e-13  1.000e-12  2.512e+02    34.1231    34.1421     0.0190    26.1954    26.2115     40.616     40.761      0.377    1490.94    1490.93  0.000e+00
       3875     41.500    10.4107    10.4037    -0.0069    3.76333    3.76426          1     5.2166     5.1742       9.97     0.0925  4.008e-13  1.000e-12  2.495e+02    34.1247    34.1407     0.0160    26.1980    26.2117     41.112     41.257      0.230    1490.92    1490.91  0.000e+00
       3932     42.000    10.3944    10.3887    -0.0058    3.76227    3.76323          1     5.2158     5.1819       9.97     0.0897  4.034e-13  1.000e-12  2.479e+02    34.1290    34.1442     0.0152    26.2042    26.2170     41.607     41.753      0.381    1490.87    1490.87  0.000e+00
       3959     42.500    10.3867    10.3808    -0.0058    3.76185    3.76266          1     5.2196     5.1821       9.97     0.0993  4.036e-13  1.000e-12  2.478e+02    34.1319    34.1456     0.0137    26.2078    26.2195     42.102     42.250      0.401    1490.86    1490.86  0.000e+00
       4009     43.000    10.3780    10.3727    -0.0053    3.76122    3.76198          1     5.2229     5.1813       9.97     0.1014  4.049e-13  1.000e-12  2.470e+02    34.1334    34.1461     0.0127    26.2104    26.2213     42.597     42.746      0.228    1490.84    1490.83  0.000e+00
       4074     43.500    10.3705    10.3670    -0.0034    3.76078    3.76156          1     5.2284     5.1897       9.97     0.1036  4.070e-13  1.000e-12  2.457e+02    34.1359    34.1470     0.0111    26.2137    26.2229     43.093     43.242      0.343    1490.82    1490.82  0.000e+00
       4104     44.000    10.3410    10.3165    -0.0244    3.75870    3.75945          1     5.2198     5.1531       9.97     0.0807  4.088e-13  1.000e-12  2.447e+02    34.1423    34.1729     0.0306    26.2238    26.2519     43.588     43.738      0.358    1490.73    1490.68  0.000e+00
       4151     44.500    10.2133    10.1902    -0.0230    3.74933    3.75008          1     5.1980     5.1252       9.97     0.0694  4.103e-13  1.000e-12  2.437e+02    34.1673    34.1968     0.0295    26.2653    26.2923     44.083     44.235      0.211    1490.31    1490.27  0.000e+00
       4208     45.000    10.1573    10.1374    -0.0197    3.74475    3.74493          1     5.1609     5.1005       9.97     0.0592  4.103e-13  1.000e-12  2.437e+02    34.1735    34.1940     0.0206    26.2797    26.2992     44.578     44.731      0.261    1490.13    1490.08  0.000e+00
       4250     45.500    10.1324    10.1196    -0.0128    3.74266    3.74301          1     5.1490     5.1096       9.97     0.0554  4.125e-13  1.000e-12  2.424e+02    34.1755    34.1911     0.0157    26.2855    26.3000     45.074     45.227      0.295    1490.05    1490.02  0.000e+00
       4288     46.000    10.1211    10.1054    -0.0156    3.74179    3.74179          1     5.1368     5.1113       9.97     0.0554  4.138e-13  1.000e-12  2.417e+02    34.1771    34.1918     0.0148    26.2887    26.3029     45.569     45.723      0.339    1490.02    1489.98  0.000e+00
       4325     46.500    10.1052    10.0898    -0.0155    3.74057    3.74070          1     5.1377     5.1061       9.97     0.0556  4.139e-13  1.000e-12  2.416e+02    34.1794    34.1953     0.0159    26.2933    26.3083     46.064     46.220      0.269    1489.97    1489.94  0.000e+00
       4392     47.000    10.0861    10.0786    -0.0075    3.73953    3.74008          1     5.1490     5.1022       9.97     0.0654  4.170e-13  1.000e-12  2.398e+02    34.1868    34.1994     0.0126    26.3023    26.3134     46.559     46.716      0.264    1489.92    1489.91  0.000e+00
       4429     47.500    10.0780    10.0718    -0.0062    3.73936    3.74000          1     5.1440     5.1090       9.97     0.0601  4.173e-13  1.000e-12  2.396e+02    34.1923    34.2048     0.0124    26.3080    26.3187     47.055     47.212      0.407    1489.91    1489.90  0.000e+00
       4459     48.000    10.0657    10.0592    -0.0065    3.73869    3.73928          1     5.1401     5.1109       9.97     0.0584  4.173e-13  1.000e-12  2.396e+02    34.1970    34.2091     0.0121    26.3137    26.3243     47.550     47.708      0.342    1489.88    1489.87  0.000e+00
       4522     48.500    10.0543    10.0514    -0.0029    3.73804    3.73869          1     5.1350     5.1036       9.97     0.0587  4.198e-13  1.000e-12  2.382e+02    34.2008    34.2103     0.0094    26.3187    26.3265     48.045     48.204      0.239    1489.85    1489.85  0.000e+00
       4572     49.000    10.0517    10.0494    -0.0022    3.73805    3.73862          1     5.1336     5.0995       9.97     0.0618  4.210e-13  1.000e-12  2.375e+02    34.2033    34.2112     0.0079    26.3210    26.3276     48.541     48.701      0.407    1489.85    1489.85  0.000e+00
       4598     49.500    10.0513    10.0488    -0.0025    3.73811    3.73865          1     5.1244     5.0992       9.97     0.0586  4.209e-13  1.000e-12  2.376e+02    34.2039    34.2119     0.0079    26.3216    26.3282     49.036     49.197      0.427    1489.86    1489.86  0.000e+00
       4636     50.000    10.0502    10.0464    -0.0038    3.73809    3.73854          1     5.1360     5.1001       9.97     0.0578  4.213e-13  1.000e-12  2.374e+02    34.2046    34.2127     0.0082    26.3223    26.3293     49.531     49.693      0.242    1489.87    1489.86  0.000e+00
       4716     50.500    10.0448    10.0426    -0.0022    3.73767    3.73812          1     5.1161     5.0997       9.97     0.0619  4.247e-13  1.000e-12  2.355e+02    34.2052    34.2119     0.0067    26.3237    26.3293     50.026     50.189      0.302    1489.86    1489.86  0.000e+00
       4746     51.000    10.0432    10.0402    -0.0030    3.73757    3.73796          1     5.1318     5.0998       9.97     0.0571  4.245e-13  1.000e-12  2.356e+02    34.2054    34.2123     0.0069    26.3242    26.3300     50.522     50.685      0.374    1489.86    1489.86  0.000e+00
       4783     51.500    10.0386    10.0339    -0.0047    3.73722    3.73754          1     5.1399     5.1009       9.97     0.0654  4.247e-13  1.000e-12  2.354e+02    34.2060    34.2137     0.0077    26.3254    26.3322     51.017     51.182      0.215    1489.85    1489.84  0.000e+00
       4857     52.000    10.0308    10.0287    -0.0022    3.73674    3.73711          1     5.1229     5.0925       9.97     0.0549  4.283e-13  1.000e-12  2.335e+02    34.2082    34.2141     0.0058    26.3285    26.3334     51.512     51.678      0.284    1489.83    1489.83  0.000e+00
       4888     52.500    10.0316    10.0291    -0.0026    3.73702    3.73733          1     5.1248     5.0955       9.97     0.0637  4.282e-13  1.000e-12  2.336e+02    34.2102    34.2157     0.0056    26.3298    26.3346     52.007     52.174      0.396    1489.85    1489.84  0.000e+00
       4922     53.000    10.0314    10.0290    -0.0024    3.73712    3.73746          1     5.1202     5.1010       9.97     0.0585  4.296e-13  1.000e-12  2.328e+02    34.2111    34.2168     0.0057    26.3306    26.3354     52.503     52.670      0.291    1489.86    1489.85  0.000e+00
       4975     53.500    10.0352    10.0369     0.0018    3.73785    3.73839          1     5.1083     5.0967       9.97     0.0605  4.319e-13  1.000e-12  2.315e+02    34.2149    34.2186     0.0038    26.3329    26.3355     52.998     53.167      0.224    1489.88    1489.89  0.000e+00
       5024     54.000    10.0738    10.0931     0.0193    3.74285    3.74445          1     5.1329     5.1231       9.78     0.0678  4.319e-13  1.000e-12  2.315e+02    34.2289    34.2269    -0.0020    26.3373    26.3324     53.493     53.663      0.254    1490.05    1490.11  0.000e+00
       5071     54.500    10.1459    10.1631     0.0171    3.75217    3.75346          1     5.1465     5.1547       9.29     0.0738  4.339e-13  1.000e-12  2.305e+02    34.2553    34.2522    -0.0030    26.3455    26.3402     53.988     54.159      0.266    1490.35    1490.40  0.000e+00
       5114     55.000    10.1639    10.1636    -0.0003    3.75557    3.75596          1     5.1820     5.1806       8.83     0.0785  4.357e-13  1.000e-12  2.295e+02    34.2726    34.2768     0.0042    26.3560    26.3593     54.483     54.655      0.272    1490.44    1490.44  0.000e+00
       5166     55.500    10.1525    10.1406    -0.0119    3.75498    3.75461          1     5.2016     5.1669       8.30     0.0999  4.366e-13  1.000e-12  2.290e+02    34.2772    34.2847     0.0075    26.3615    26.3694     54.979     55.151      0.207    1490.41    1490.38  0.000e+00
       5217     56.000    10.0940    10.0702    -0.0239    3.74868    3.74743          1     5.1985     5.1481       7.81     0.0928  4.397e-13  1.000e-12  2.274e+02    34.2682    34.2781     0.0099    26.3645    26.3763     55.474     55.647      0.303    1490.20    1490.13  0.000e+00
       5253     56.500    10.0494    10.0252    -0.0242    3.74390    3.74292          1     5.1753     5.1333       7.33     0.0860  4.395e-13  1.000e-12  2.275e+02    34.2617    34.2746     0.0129    26.3670    26.3812     55.969     56.144      0.332    1490.04    1489.97  0.000e+00
