ctdpy/tests/etc/all_smhi_bas_2018/SBE09_1044_20181018_1629_34_01_0110.cnv
* Sea-Bird SBE 9 Data File:
* FileName = C:\ctd\temp\ar18d110.hex
* Software Version Seasave V 7.26.7.107
* Temperature SN = 5351
* Conductivity SN = 3941
* Number of Bytes Per Scan = 41
* Number of Voltage Words = 4
* Number of Scans Averaged by the Deck Unit = 1
* NMEA Latitude = 57 52.00 N
* NMEA Longitude = 011 17.53 E
* NMEA UTC (Time) = Oct 18 2018  14:29:41
* NMEA baud rate = 4800
** Station:  P2
** Operator:  ASkj
** Ship: ARANDA
** Average sound velocity: 1497.49 m/s
** True-depth calculation Thu, 18 Oct 2018 15:21:14 +0000
** CTD Python Module SMHI /ver 3-12/ feb 2012 
** LIMS Job: 20183401-0110
** Cruise: SMHI-4-2018
** Latitude [GG MM.mm N]:
** Longitude [GG MM.mm E]
# nquan = 26
# nvalues = 177                         
# units = specified
# name 0 = scan: Scan Count
# name 1 = prDM: Pressure, Digiquartz [db]
# name 2 = t090C: Temperature [ITS-90, deg C]
# name 3 = t190C: Temperature, 2 [ITS-90, deg C]
# name 4 = T2-T190C: Temperature Difference, 2 - 1 [ITS-90, deg C]
# name 5 = c0S/m: Conductivity [S/m]
# name 6 = c1S/m: Conductivity, 2 [S/m]
# name 7 = pumps: Pump Status
# name 8 = sbeox0ML/L: Oxygen, SBE 43 [ml/l]
# name 9 = sbeox1ML/L: Oxygen, SBE 43, 2 [ml/l]
# name 10 = altM: Altimeter [m]
# name 11 = flECO-AFL: Chl-a Fluorescence, WET Labs ECO-AFL/FL [mg/m^3]
# name 12 = flECO-AFL1: Phycocyanin Fluorescence, WET Labs ECO-AFL/FL, 2 [mg/m^3]
# name 13 = par: PAR/Irradiance, Biospherical/Lico [µE/(cm^2*s)]
# name 14 = turbWETntu0: Turbidity, WET Labs ECO [NTU]
# name 15 = sal00: Salinity, Practical [PSU]
# name 16 = sal11: Salinity, Practical, 2 [PSU]
# name 17 = secS-priS: Salinity, Practical, Difference, 2 - 1 [PSU]
# name 18 = sigma-t00: Density [sigma-t, Kg/m^3 ]
# name 19 = sigma-t11: Density, 2 [sigma-t, Kg/m^3 ]
# name 20 = depSM: Depth [salt water, m], lat = 57.8667
# name 21 = depFM: Depth [true depth, m], lat = 57.8667
# name 22 = dz/dtM: Descent Rate [m/s], WS = 2
# name 23 = svCM: Sound Velocity [Chen-Millero, m/s]
# name 24 = svCM1: Sound Velocity, 2 [Chen-Millero, m/s]
# name 25 = flag: flag
# span 0 =      31307,      36965       
# span 1 =      1.000,     89.000       
# span 2 =     9.9801,    13.7518       
# span 3 =     9.9828,    13.7526       
# span 4 =    -0.0133,     0.0317       
# span 5 =   3.613137,   3.977647       
# span 6 =   3.613260,   3.977840       
# span 7 =          1,          1       
# span 8 =    4.81642,    6.06519       
# span 9 =    4.56254,    5.73164       
# span 10 =       4.74,      97.46      
# span 11 =     0.1160,     2.3653      
# span 12 =     0.1615,     0.4886      
# span 13 = -2.560e-05, 3.7819e+02      
# span 14 =     0.2045,     1.4638      
# span 15 =    30.3236,    34.9476      
# span 16 =    30.3222,    34.9456      
# span 17 =    -0.0490,     0.0656      
# span 18 =    22.7376,    26.9145      
# span 19 =    22.7353,    26.9124      
# span 20 =      0.991,     88.157      
# span 21 =      0.996,     88.432      
# span 22 =     -0.079,      0.745      
# span 23 =    1491.16,    1500.42      
# span 24 =    1491.17,    1500.42      
# span 25 = 0.0000e+00, 0.0000e+00      
# interval = decibars: 0.5              
# start_time = Oct 18 2018 14:29:41 [NMEA time, first data scan]
# bad_flag = -9.990e-29
*END*
[from data line 112]
      34493     57.000    12.4484    12.4495     0.0011    3.93316    3.93318          1     5.6590     5.3337      35.55     0.2468     0.2355  1.000e-12  0.5622000    33.9153    33.9147    -0.0007    25.6609    25.6601     56.465     56.672      0.589    1498.00    1498.00  0.000e+00
      34514     57.500    12.4508    12.4521     0.0013    3.93386    3.93390          1     5.6779     5.3629      35.07     0.2739     0.2646  1.000e-12  0.5560000    33.9197    33.9190    -0.0008    25.6638    25.6629     56.960     57.169      0.563    1498.02    1498.02  0.000e+00
      34536     58.000    12.4208    12.4250     0.0041    3.93359    3.93371          1     5.6922     5.3869      34.59     0.3093     0.2606  1.000e-12  0.5097000    33.9440    33.9415    -0.0025    25.6884    25.6857     57.455     57.665      0.538    1497.95    1497.96  0.000e+00
      34559     58.500    12.3984    12.3999     0.0015    3.93350    3.93354          1     5.6969     5.3940      34.10     0.4544     0.2396  1.000e-12  0.4615000    33.9632    33.9623    -0.0009    25.7076    25.7067     57.950     58.162      0.547    1497.91    1497.91  0.000e+00
      34580     59.000    12.4071    12.4074     0.0002    3.93728    3.93686          1     5.6415     5.3489      33.68     0.3855     0.2528  1.000e-12  0.5099000    33.9915    33.9872    -0.0043    25.7280    25.7246     58.446     58.658      0.583    1497.98    1497.97  0.000e+00
      34600     59.500    12.5111    12.5133     0.0022    3.95355    3.95353          1     5.5604     5.2762      33.13     0.3225     0.2935  1.000e-12  0.4951000    34.0536    34.0514    -0.0022    25.7559    25.7538     58.941     59.155      0.606    1498.41    1498.42  0.000e+00
      34620     60.000    12.5549    12.5554     0.0005    3.96062    3.96053          1     5.5065     5.2226      32.63     0.2629     0.2448  1.000e-12  0.4813000    34.0817    34.0804    -0.0013    25.7692    25.7681     59.436     59.651      0.571    1498.60    1498.60  0.000e+00
      34643     60.500    12.5798    12.5811     0.0013    3.96477    3.96477          1     5.4710     5.1911      32.06     0.1804     0.2378  1.000e-12  0.5486000    34.0987    34.0975    -0.0012    25.7775    25.7763     59.931     60.148      0.487    1498.72    1498.72  0.000e+00
      34669     61.000    12.5899    12.5902     0.0004    3.96649    3.96636          1     5.4694     5.1729      30.93     0.1711     0.2353  1.000e-12  0.5486000    34.1058    34.1043    -0.0015    25.7810    25.7798     60.426     60.644      0.458    1498.77    1498.77  0.000e+00
      34694     61.500    12.6073    12.6063    -0.0010    3.97072    3.97007          1     5.4490     5.1633      30.66     0.1670     0.2337  1.000e-12  0.5651000    34.1304    34.1251    -0.0053    25.7967    25.7928     60.922     61.141      0.539    1498.86    1498.85  0.000e+00
      34714     62.000    12.6247    12.6270     0.0022    3.97552    3.97572          1     5.4326     5.1660      30.31     0.1383     0.2460  1.000e-12  0.5765000    34.1605    34.1603    -0.0002    25.8166    25.8161     61.417     61.637      0.602    1498.96    1498.97  0.000e+00
      34734     62.500    12.6290    12.6323     0.0033    3.97765    3.97784          1     5.4191     5.1587      29.84     0.1484     0.2357  1.000e-12  0.7001000    34.1767    34.1756    -0.0012    25.8284    25.8268     61.912     62.133      0.607    1499.01    1499.02  0.000e+00
      34754     63.000    12.6063    12.6099     0.0036    3.97600    3.97640          1     5.4236     5.1559      29.52     0.1444     0.2240  1.000e-12  0.6423000    34.1813    34.1820     0.0007    25.8364    25.8362     62.407     62.630      0.570    1498.94    1498.96  0.000e+00
      34776     63.500    12.5600    12.5630     0.0030    3.97089    3.97123          1     5.4274     5.1408      29.03     0.1301     0.2031  1.000e-12  0.5738000    34.1741    34.1746     0.0005    25.8398    25.8397     62.903     63.126      0.567    1498.79    1498.80  0.000e+00
      34796     64.000    12.5417    12.5433     0.0017    3.96962    3.96969          1     5.4267     5.1307      28.59     0.1170     0.2195  1.000e-12  0.5868000    34.1785    34.1776    -0.0008    25.8468    25.8458     63.398     63.623      0.599    1498.74    1498.74  0.000e+00
      34816     64.500    12.4975    12.4992     0.0018    3.96547    3.96586          1     5.4225     5.1229      28.09     0.1377     0.2647  1.000e-12  0.6348000    34.1785    34.1807     0.0022    25.8555    25.8568     63.893     64.119      0.589    1498.60    1498.61  0.000e+00
      34837     65.000    12.4506    12.4522     0.0015    3.96190    3.96190          1     5.4035     5.1081      27.58     0.1196     0.2657  1.000e-12  0.6561000    34.1865    34.1852    -0.0013    25.8708    25.8695     64.388     64.616      0.532    1498.46    1498.46  0.000e+00
      34861     65.500    12.4352    12.4380     0.0027    3.96413    3.96393          1     5.3624     5.0824      27.02     0.1164     0.2259  1.000e-12  0.6566000    34.2218    34.2174    -0.0044    25.9011    25.8972     64.883     65.112      0.513    1498.46    1498.46  0.000e+00
      34884     66.000    12.4086    12.4104     0.0018    3.96498    3.96504          1     5.3345     5.0650      26.58     0.1236     0.2115  1.000e-12  0.6427000    34.2542    34.2531    -0.0010    25.9314    25.9303     65.379     65.608      0.562    1498.41    1498.42  0.000e+00
      34904     66.500    12.3903    12.3909     0.0006    3.96626    3.96632          1     5.3327     5.0602      26.22     0.1218     0.2224  1.000e-12  0.6366000    34.2830    34.2829    -0.0001    25.9573    25.9572     65.874     66.105      0.579    1498.39    1498.40  0.000e+00
      34926     67.000    12.3825    12.3840     0.0015    3.96654    3.96662          1     5.3275     5.0570      25.72     0.1171     0.2454  1.000e-12  0.6320000    34.2926    34.2920    -0.0006    25.9662    25.9655     66.369     66.601      0.530    1498.39    1498.39  0.000e+00
      34950     67.500    12.3769    12.3785     0.0016    3.96627    3.96636          1     5.3301     5.0553      25.14     0.1260     0.2611  1.000e-12  0.6132000    34.2949    34.2943    -0.0006    25.9691    25.9684     66.864     67.098      0.486    1498.38    1498.38  0.000e+00
      34974     68.000    12.3376    12.3420     0.0044    3.96446    3.96472          1     5.3133     5.0348      24.59     0.1288     0.2488  1.000e-12  0.6139000    34.3132    34.3117    -0.0015    25.9909    25.9890     67.359     67.594      0.542    1498.28    1498.29  0.000e+00
      34995     68.500    12.2940    12.2934    -0.0006    3.96271    3.96273          1     5.2680     5.0004      24.16     0.1389     0.2363  1.000e-12  0.6252000    34.3360    34.3367     0.0007    26.0171    26.0177     67.855     68.090      0.593    1498.16    1498.16  0.000e+00
      35015     69.000    12.2167    12.2202     0.0035    3.95918    3.95954          1     5.2334     4.9731      23.69     0.1290     0.2247  1.000e-12  0.6255000    34.3725    34.3728     0.0003    26.0603    26.0598     68.350     68.587      0.584    1497.95    1497.96  0.000e+00
      35036     69.500    12.1170    12.1191     0.0021    3.95444    3.95447          1     5.2157     4.9650      23.18     0.1207     0.2071  1.000e-12  0.6558000    34.4180    34.4165    -0.0015    26.1147    26.1132     68.845     69.083      0.534    1497.68    1497.68  0.000e+00
      35060     70.000    12.1005    12.1039     0.0035    3.95325    3.95362          1     5.1988     4.9589      22.65     0.1202     0.1987  1.000e-12  0.6789000    34.4216    34.4221     0.0005    26.1207    26.1204     69.340     69.579      0.534    1497.63    1497.64  0.000e+00
      35081     70.500    12.0922    12.0898    -0.0024    3.95257    3.95219          1     5.2015     4.9515      22.15     0.1242     0.2101  1.000e-12  0.6700000    34.4224    34.4209    -0.0015    26.1229    26.1221     69.835     70.076      0.613    1497.61    1497.60  0.000e+00
      35099     71.000    12.0644    12.0709     0.0064    3.94993    3.95064          1     5.1988     4.9448      21.70     0.1160     0.2218  1.000e-12  0.6621000    34.4222    34.4230     0.0008    26.1280    26.1274     70.331     70.572      0.663    1497.53    1497.55  0.000e+00
      35117     71.500    12.0194    12.0207     0.0013    3.94722    3.94728          1     5.1947     4.9425      21.17     0.1253     0.2126  1.000e-12  0.7067000    34.4371    34.4365    -0.0006    26.1482    26.1475     70.826     71.068      0.628    1497.40    1497.40  0.000e+00
      35138     72.000    12.0100    12.0124     0.0024    3.94735    3.94753          1     5.1966     4.9379      20.62     0.1280     0.2013  1.000e-12  0.7159000    34.4469    34.4463    -0.0005    26.1576    26.1567     71.321     71.565      0.507    1497.39    1497.39  0.000e+00
      35165     72.500    11.9970    11.9992     0.0021    3.94726    3.94730          1     5.1891     4.9240      20.03     0.1260     0.1705  1.000e-12  0.7273000    34.4577    34.4561    -0.0016    26.1684    26.1668     71.816     72.061      0.433    1497.36    1497.37  0.000e+00
      35192     73.000    11.9712    11.9740     0.0028    3.94675    3.94700          1     5.1776     4.9190      19.59     0.1510     0.1769  1.000e-12  0.7310000    34.4765    34.4763    -0.0001    26.1879    26.1873     72.311     72.557      0.514    1497.31    1497.32  0.000e+00
      35213     73.500    11.9124    11.9123    -0.0001    3.94366    3.94367          1     5.1537     4.9052      19.12     0.1516     0.2160  1.000e-12  0.7283000    34.5005    34.5007     0.0002    26.2178    26.2179     72.807     73.053      0.594    1497.14    1497.14  0.000e+00
      35232     74.000    11.8627    11.8633     0.0006    3.94096    3.94107          1     5.1220     4.8803      18.72     0.1419     0.2362  1.000e-12  0.7466000    34.5200    34.5206     0.0006    26.2423    26.2427     73.302     73.550      0.599    1497.00    1497.00  0.000e+00
      35253     74.500    11.8224    11.8220    -0.0005    3.93824    3.93823          1     5.1010     4.8545      18.47     0.1498     0.2099  1.000e-12  0.8137000    34.5305    34.5309     0.0003    26.2581    26.2584     73.797     74.046      0.580    1496.89    1496.89  0.000e+00
      35274     75.000    11.7806    11.7824     0.0018    3.93508    3.93522          1     5.0838     4.8354      18.67     0.1384     0.2175  1.000e-12  0.8265000    34.5384    34.5380    -0.0004    26.2721    26.2715     74.292     74.542      0.571    1496.76    1496.77  0.000e+00
      35295     75.500    11.7276    11.7290     0.0015    3.93134    3.93151          1     5.0764     4.8234      18.37     0.1470     0.2303  1.000e-12  0.8693000    34.5508    34.5511     0.0004    26.2917    26.2917     74.787     75.038      0.538    1496.60    1496.61  0.000e+00
      35318     76.000    11.6958    11.6976     0.0017    3.92890    3.92905          1     5.0882     4.8153      17.86     0.1499     0.2274  1.000e-12  0.9069000    34.5562    34.5561    -0.0001    26.3019    26.3015     75.283     75.535      0.526    1496.50    1496.51  0.000e+00
      35341     76.500    11.6839    11.6856     0.0016    3.92792    3.92804          1     5.0926     4.8154      17.43     0.1387     0.2026  1.000e-12  0.9264000    34.5574    34.5571    -0.0003    26.3050    26.3045     75.778     76.031      0.541    1496.48    1496.48  0.000e+00
      35362     77.000    11.6765    11.6771     0.0006    3.92720    3.92723          1     5.0877     4.8245      16.94     0.1375     0.1777  1.000e-12  0.9384000    34.5571    34.5568    -0.0003    26.3062    26.3059     76.273     76.527      0.601    1496.46    1496.46  0.000e+00
      35381     77.500    11.6660    11.6665     0.0005    3.92628    3.92630          1     5.0861     4.8311      16.46     0.1616     0.2049  1.000e-12  0.9485000    34.5576    34.5573    -0.0003    26.3085    26.3082     76.768     77.023      0.621    1496.43    1496.43  0.000e+00
      35401     78.000    11.6395    11.6406     0.0011    3.92428    3.92445          1     5.0342     4.8012      15.97     0.1394     0.2001  1.000e-12  0.9687000    34.5624    34.5631     0.0007    26.3172    26.3176     77.263     77.519      0.596    1496.35    1496.36  0.000e+00
      35422     78.500    11.5416    11.5477     0.0062    3.91787    3.91851          1     4.9879     4.7755      15.47     0.1559     0.1968  1.000e-12  0.9771000    34.5905    34.5911     0.0006    26.3574    26.3567     77.759     78.016      0.544    1496.06    1496.08  0.000e+00
      35446     79.000    11.2305    11.2511     0.0204    3.89844    3.89973          1     4.9699     4.7557      14.90     0.1625     0.2245  1.000e-12  1.0150000    34.6901    34.6835    -0.0065    26.4922    26.4833     78.254     78.512      0.458    1495.10    1495.17  0.000e+00
      35474     79.500    11.0587    11.0693     0.0106    3.88626    3.88697          1     4.9349     4.7084      14.38     0.1537     0.2488  1.000e-12  1.0275000    34.7309    34.7278    -0.0031    26.5553    26.5510     78.749     79.008      0.459    1494.56    1494.60  0.000e+00
      35498     80.000    10.8965    10.8982     0.0016    3.87393    3.87458          1     4.9095     4.6901      13.92     0.1503     0.2029  1.000e-12  1.0491000    34.7610    34.7659     0.0049    26.6081    26.6116     79.244     79.504      0.552    1494.04    1494.05  0.000e+00
      35518     80.500    10.7779    10.7778    -0.0002    3.86486    3.86496          1     4.9066     4.6850      13.50     0.1408     0.1784  1.000e-12  1.0907000    34.7826    34.7837     0.0011    26.6462    26.6471     79.739     80.000      0.629    1493.66    1493.66  0.000e+00
      35536     81.000    10.7429    10.7432     0.0003    3.86195    3.86200          1     4.9118     4.6800      13.03     0.1284     0.2216  1.000e-12  1.1331000    34.7864    34.7867     0.0003    26.6554    26.6556     80.235     80.496      0.632    1493.55    1493.55  0.000e+00
      35556     81.500    10.6759    10.6769     0.0010    3.85659    3.85686          1     4.9083     4.6721      12.52     0.1389     0.2019  1.000e-12  1.1321000    34.7962    34.7979     0.0017    26.6750    26.6761     80.730     80.992      0.611    1493.33    1493.34  0.000e+00
      35576     82.000    10.5968    10.5975     0.0007    3.85032    3.85048          1     4.8990     4.6609      12.02     0.1302     0.1615  1.000e-12  1.1462000    34.8082    34.8091     0.0009    26.6983    26.6989     81.225     81.488      0.565    1493.07    1493.08  0.000e+00
      35598     82.500    10.5528    10.5539     0.0011    3.84675    3.84690          1     4.8868     4.6432      11.49     0.1340     0.2511  1.000e-12  1.1695000    34.8140    34.8145     0.0005    26.7107    26.7108     81.720     81.984      0.537    1492.93    1492.94  0.000e+00
      35620     83.000    10.5129    10.5140     0.0011    3.84354    3.84368          1     4.8797     4.6311      10.98     0.1382     0.2083  1.000e-12  1.1947000    34.8195    34.8199     0.0004    26.7220    26.7221     82.215     82.480      0.532    1492.81    1492.81  0.000e+00
      35643     83.500    10.4528    10.4544     0.0017    3.83857    3.83887          1     4.8935     4.6297      10.50     0.1382     0.2406  1.000e-12  1.2327000    34.8266    34.8281     0.0015    26.7381    26.7390     82.710     82.976      0.535    1492.61    1492.62  0.000e+00
      35666     84.000    10.4067    10.4069     0.0002    3.83491    3.83501          1     4.8756     4.6149      10.00     0.1438     0.2413  1.000e-12  1.2671000    34.8334    34.8342     0.0008    26.7515    26.7521     83.206     83.472      0.522    1492.46    1492.47  0.000e+00
