ctdpy/tests/etc/all_smhi_bas_2018/SBE09_1044_20180203_1749_34_02_0053.cnv
* Sea-Bird SBE 9 Data File:
* FileName = C:\ctd\temp\2018\ME18D053.hex
* Software Version Seasave V 7.26.6.26
* Temperature SN = 5351
* Conductivity SN = 3941
* Number of Bytes Per Scan = 41
* Number of Voltage Words = 4
* Number of Scans Averaged by the Deck Unit = 1
* NMEA Latitude = 58 20.36 N
* NMEA Longitude = 011 01.64 E
* NMEA UTC (Time) = Feb 03 2018  17:49:21
* NMEA baud rate = 4800
** Station:  A13
** Operator:  SSip
** Ship: MERI
** Average sound velocity: 1471.69 m/s
** True-depth calculation Sat, 03 Feb 2018 18:55:37 +0000
** CTD Python Module SMHI /ver 3-12/ feb 2012 
** LIMS Job: 20183402-0053
** Cruise: SMHI-01-2018
** Latitude [GG MM.mm N] :
** Longitude [GG MM.mm E]:
# nquan = 26
# nvalues = 200                         
# units = specified
# name 0 = scan: Scan Count
# name 1 = prDM: Pressure, Digiquartz [db]
# name 2 = t090C: Temperature [ITS-90, deg C]
# name 3 = t190C: Temperature, 2 [ITS-90, deg C]
# name 4 = T2-T190C: Temperature Difference, 2 - 1 [ITS-90, deg C]
# name 5 = c0S/m: Conductivity [S/m]
# name 6 = c1S/m: Conductivity, 2 [S/m]
# name 7 = pumps: Pump Status
# name 8 = sbeox0ML/L: Oxygen, SBE 43 [ml/l]
# name 9 = sbeox1ML/L: Oxygen, SBE 43, 2 [ml/l]
# name 10 = altM: Altimeter [m]
# name 11 = flECO-AFL: Chl-a Fluorescence, WET Labs ECO-AFL/FL [mg/m^3]
# name 12 = flECO-AFL1: Phycocyanin Fluorescence, WET Labs ECO-AFL/FL, 2 [mg/m^3]
# name 13 = par: PAR/Irradiance, Biospherical/Lico [µE/(cm^2*s)]
# name 14 = turbWETntu0: Turbidity, WET Labs ECO [NTU]
# name 15 = sal00: Salinity, Practical [PSU]
# name 16 = sal11: Salinity, Practical, 2 [PSU]
# name 17 = secS-priS: Salinity, Practical, Difference, 2 - 1 [PSU]
# name 18 = sigma-t00: Density [sigma-t, Kg/m^3 ]
# name 19 = sigma-t11: Density, 2 [sigma-t, Kg/m^3 ]
# name 20 = depSM: Depth [salt water, m], lat = 58.3393
# name 21 = depFM: Depth [true depth, m], lat = 58.3393
# name 22 = dz/dtM: Descent Rate [m/s], WS = 2
# name 23 = svCM: Sound Velocity [Chen-Millero, m/s]
# name 24 = svCM1: Sound Velocity, 2 [Chen-Millero, m/s]
# name 25 = flag: flag
# span 0 =       5798,      10073       
# span 1 =      1.000,    100.500       
# span 2 =     3.1385,     6.1533       
# span 3 =     3.1389,     6.1535       
# span 4 =    -0.0631,     0.3353       
# span 5 =   2.523437,   3.367913       
# span 6 =   2.523598,   3.368042       
# span 7 =          1,          1       
# span 8 =    6.54347,    7.41887       
# span 9 =    6.53861,    7.46594       
# span 10 =       1.36,      99.93      
# span 11 =     0.3360,     0.9333      
# span 12 =     0.3013,     0.4830      
# span 13 = 9.9847e-13, 6.7839e-01      
# span 14 =     0.5865,     2.4834      
# span 15 =    27.1362,    34.1701      
# span 16 =    27.1369,    34.1712      
# span 17 =    -0.1380,     0.7737      
# span 18 =    21.6039,    26.8965      
# span 19 =    21.6042,    26.8973      
# span 20 =      0.990,     99.542      
# span 21 =      0.997,     99.764      
# span 22 =     -0.170,      1.058      
# span 23 =    1452.84,    1475.35      
# span 24 =    1452.84,    1475.36      
# span 25 = 0.0000e+00, 0.0000e+00      
# interval = decibars: 0.5              
# start_time = Feb 03 2018 17:49:22 [NMEA time, first data scan]
# bad_flag = -9.990e-29
*END*
[from data line 168]
       9342     85.000     6.0017     6.0019     0.0001    3.36692    3.36705          1     6.5595     6.5518      17.91     0.4288     0.4081  1.000e-12  2.1322000    34.1680    34.1693     0.0012    26.8950    26.8960     84.193     84.390      0.361    1475.09    1475.09  0.000e+00
       9368     85.500     6.0020     6.0022     0.0001    3.36698    3.36709          1     6.5435     6.5554      17.65     0.4074     0.3915  1.000e-12  2.1017000    34.1681    34.1693     0.0011    26.8950    26.8959     84.688     84.886      0.626    1475.10    1475.10  0.000e+00
       9384     86.000     6.0021     6.0022     0.0001    3.36701    3.36712          1     6.5550     6.5696      17.37     0.4027     0.3725  1.000e-12  2.2299000    34.1681    34.1692     0.0011    26.8950    26.8959     85.183     85.382      0.782    1475.11    1475.11  0.000e+00
       9398     86.500     6.0019     6.0022     0.0003    3.36705    3.36716          1     6.5722     6.5746      16.86     0.4007     0.3629  1.000e-12  2.3148000    34.1685    34.1695     0.0010    26.8953    26.8961     85.678     85.878      0.787    1475.12    1475.12  0.000e+00
       9415     87.000     6.0021     6.0022     0.0001    3.36707    3.36719          1     6.5837     6.5772      16.43     0.3776     0.3626  1.000e-12  2.1908000    34.1682    34.1695     0.0013    26.8951    26.8961     86.173     86.374      0.593    1475.13    1475.13  0.000e+00
       9453     87.500     6.0018     6.0019     0.0001    3.36708    3.36720          1     6.5851     6.5643      15.45     0.4043     0.3962  1.000e-12  2.1067000    34.1685    34.1697     0.0012    26.8954    26.8963     86.668     86.870      0.303    1475.13    1475.14  0.000e+00
       9487     88.000     6.0020     6.0022     0.0002    3.36712    3.36724          1     6.5707     6.5667      15.00     0.4157     0.3606  1.000e-12  2.1343000    34.1685    34.1696     0.0011    26.8953    26.8961     87.164     87.366      0.594    1475.14    1475.15  0.000e+00
       9504     88.500     6.0023     6.0024     0.0002    3.36714    3.36727          1     6.5705     6.5719      14.72     0.3978     0.3343  1.000e-12  2.2014000    34.1681    34.1694     0.0013    26.8950    26.8960     87.659     87.862      0.783    1475.15    1475.15  0.000e+00
       9518     89.000     6.0023     6.0025     0.0002    3.36720    3.36732          1     6.5758     6.5715      14.37     0.3847     0.3188  1.000e-12  2.1771000    34.1685    34.1696     0.0012    26.8953    26.8962     88.154     88.357      0.833    1475.16    1475.16  0.000e+00
       9532     89.500     6.0023     6.0025     0.0002    3.36723    3.36735          1     6.5793     6.5661      14.06     0.3914     0.3226  1.000e-12  2.1694000    34.1686    34.1698     0.0012    26.8954    26.8963     88.649     88.853      0.761    1475.17    1475.17  0.000e+00
       9550     90.000     6.0024     6.0027     0.0003    3.36725    3.36738          1     6.5795     6.5606      13.52     0.4067     0.3615  1.000e-12  2.1512000    34.1685    34.1697     0.0012    26.8953    26.8962     89.144     89.349      0.570    1475.18    1475.18  0.000e+00
       9582     90.500     6.0025     6.0026     0.0002    3.36733    3.36742          1     6.5670     6.5538      12.99     0.4079     0.3571  1.000e-12  2.1295000    34.1690    34.1699     0.0009    26.8957    26.8964     89.639     89.845      0.312    1475.19    1475.19  0.000e+00
       9622     91.000     6.0026     6.0028     0.0002    3.36735    3.36746          1     6.5712     6.5551      12.49     0.4077     0.3582  1.000e-12  2.2080000    34.1690    34.1700     0.0011    26.8956    26.8965     90.134     90.341      0.434    1475.20    1475.20  0.000e+00
       9643     91.500     6.0028     6.0029     0.0002    3.36740    3.36750          1     6.5841     6.5695      12.19     0.4016     0.3984  1.000e-12  2.0960000    34.1691    34.1700     0.0009    26.8957    26.8964     90.629     90.837      0.644    1475.20    1475.21  0.000e+00
       9660     92.000     6.0028     6.0032     0.0003    3.36741    3.36754          1     6.5825     6.5718      11.92     0.4003     0.4093  1.000e-12  2.1163000    34.1689    34.1699     0.0011    26.8955    26.8963     91.125     91.333      0.755    1475.21    1475.22  0.000e+00
       9675     92.500     6.0031     6.0034     0.0003    3.36747    3.36761          1     6.5763     6.5656      11.57     0.4027     0.4047  1.000e-12  2.2616000    34.1690    34.1703     0.0013    26.8956    26.8965     91.620     91.829      0.797    1475.22    1475.22  0.000e+00
       9690     93.000     6.0030     6.0032     0.0001    3.36748    3.36760          1     6.5744     6.5579      11.12     0.3852     0.4039  1.000e-12  2.1754000    34.1689    34.1701     0.0012    26.8955    26.8965     92.115     92.325      0.760    1475.23    1475.23  0.000e+00
       9707     93.500     6.0030     6.0031     0.0001    3.36749    3.36759          1     6.5757     6.5610      10.56     0.3725     0.3684  1.000e-12  2.1171000    34.1689    34.1698     0.0009    26.8955    26.8962     92.610     92.821      0.604    1475.24    1475.24  0.000e+00
       9740     94.000     6.0028     6.0031     0.0003    3.36753    3.36766          1     6.5767     6.5671       9.85     0.3716     0.3559  1.000e-12  2.1623000    34.1693    34.1704     0.0011    26.8959    26.8967     93.105     93.317      0.298    1475.25    1475.25  0.000e+00
       9789     94.500     6.0029     6.0031     0.0002    3.36760    3.36770          1     6.5779     6.5537       9.37     0.3989     0.3790  1.000e-12  2.2393000    34.1697    34.1705     0.0009    26.8961    26.8968     93.600     93.813      0.474    1475.26    1475.26  0.000e+00
       9806     95.000     6.0032     6.0033     0.0000    3.36765    3.36775          1     6.5748     6.5578       9.13     0.4217     0.4399  1.000e-12  2.0387000    34.1696    34.1707     0.0011    26.8961    26.8969     94.095     94.309      0.759    1475.27    1475.27  0.000e+00
       9820     95.500     6.0032     6.0033     0.0000    3.36768    3.36780          1     6.5722     6.5653       8.84     0.4071     0.4521  1.000e-12  2.1947000    34.1697    34.1709     0.0013    26.8961    26.8971     94.590     94.805      0.881    1475.27    1475.27  0.000e+00
       9832     96.000     6.0030     6.0032     0.0002    3.36770    3.36782          1     6.5710     6.5701       8.49     0.4014     0.4239  1.000e-12  2.2419000    34.1700    34.1710     0.0010    26.8964    26.8972     95.086     95.300      0.888    1475.28    1475.28  0.000e+00
       9846     96.500     6.0030     6.0032     0.0002    3.36773    3.36785          1     6.5700     6.5719       8.07     0.4003     0.4243  1.000e-12  2.2059000    34.1700    34.1711     0.0010    26.8964    26.8972     95.581     95.796      0.774    1475.29    1475.29  0.000e+00
       9866     97.000     6.0030     6.0032     0.0002    3.36775    3.36788          1     6.5754     6.5642       7.56     0.3869     0.4357  1.000e-12  2.1379000    34.1700    34.1712     0.0012    26.8964    26.8973     96.076     96.292      0.503    1475.30    1475.30  0.000e+00
       9905     97.500     6.0030     6.0032     0.0002    3.36778    3.36788          1     6.5717     6.5386       6.91     0.3974     0.3622  1.000e-12  2.2008000    34.1701    34.1710     0.0009    26.8965    26.8971     96.571     96.788      0.275    1475.30    1475.31  0.000e+00
       9939     98.000     6.0031     6.0033     0.0001    3.36781    3.36792          1     6.5803     6.5524       6.48     0.4006     0.3952  1.000e-12  2.2151000    34.1700    34.1711     0.0011    26.8964    26.8973     97.066     97.284      0.513    1475.31    1475.32  0.000e+00
       9958     98.500     6.0033     6.0035     0.0001    3.36785    3.36796          1     6.5754     6.5582       6.16     0.4101     0.3926  1.000e-12  2.2247000    34.1700    34.1711     0.0012    26.8963    26.8972     97.561     97.780      0.640    1475.32    1475.32  0.000e+00
       9976     99.000     6.0033     6.0035     0.0002    3.36788    3.36799          1     6.5718     6.5677       5.71     0.4010     0.3805  1.000e-12  2.0231000    34.1700    34.1711     0.0010    26.8964    26.8972     98.056     98.276      0.656    1475.33    1475.33  0.000e+00
       9995     99.500     6.0035     6.0036     0.0002    3.36789    3.36801          1     6.5727     6.5769       5.22     0.4001     0.3631  1.000e-12  2.0650000    34.1699    34.1710     0.0012    26.8962    26.8972     98.551     98.772      0.599    1475.34    1475.34  0.000e+00
      10017    100.000     6.0034     6.0035     0.0001    3.36791    3.36803          1     6.5748     6.5793       4.75     0.3905     0.3639  1.000e-12  2.0942000    34.1698    34.1711     0.0013    26.8962    26.8972     99.047     99.268      0.492    1475.35    1475.35  0.000e+00
      10073    100.500     6.0031     6.0034     0.0003    3.36791    3.36804          1     6.5775     6.5595       4.11     0.4140     0.3753  1.000e-12  1.7655000    34.1699    34.1711     0.0011    26.8963    26.8972     99.542     99.764     -0.170    1475.35    1475.36  0.000e+00
