ctdpy/tests/etc/all_smhi_bas_2018/SBE09_1044_20180129_1937_34_02_0032.cnv
* Sea-Bird SBE 9 Data File:
* FileName = C:\ctd\temp\2018\ME18D032.hex
* Software Version Seasave V 7.26.6.26
* Temperature SN = 5351
* Conductivity SN = 3941
* Number of Bytes Per Scan = 41
* Number of Voltage Words = 4
* Number of Scans Averaged by the Deck Unit = 1
* NMEA Latitude = 58 52.92 N
* NMEA Longitude = 020 19.64 E
* NMEA UTC (Time) = Jan 29 2018  19:37:43
* NMEA baud rate = 4800
** Station:  BY29/LL19
** Operator:  JKro
** Ship: MERI
** Average sound velocity: 1442.05 m/s
** True-depth calculation Mon, 29 Jan 2018 20:59:20 +0000
** CTD Python Module SMHI /ver 3-12/ feb 2012 
** LIMS Job: 20183402-0032
** Cruise: SMHI-01-2018
** Latitude [GG MM.mm N] :
** Longitude [GG MM.mm E]:
# nquan = 26
# nvalues = 343                         
# units = specified
# name 0 = scan: Scan Count
# name 1 = prDM: Pressure, Digiquartz [db]
# name 2 = t090C: Temperature [ITS-90, deg C]
# name 3 = t190C: Temperature, 2 [ITS-90, deg C]
# name 4 = T2-T190C: Temperature Difference, 2 - 1 [ITS-90, deg C]
# name 5 = c0S/m: Conductivity [S/m]
# name 6 = c1S/m: Conductivity, 2 [S/m]
# name 7 = pumps: Pump Status
# name 8 = sbeox0ML/L: Oxygen, SBE 43 [ml/l]
# name 9 = sbeox1ML/L: Oxygen, SBE 43, 2 [ml/l]
# name 10 = altM: Altimeter [m]
# name 11 = flECO-AFL: Chl-a Fluorescence, WET Labs ECO-AFL/FL [mg/m^3]
# name 12 = flECO-AFL1: Phycocyanin Fluorescence, WET Labs ECO-AFL/FL, 2 [mg/m^3]
# name 13 = par: PAR/Irradiance, Biospherical/Lico [µE/(cm^2*s)]
# name 14 = turbWETntu0: Turbidity, WET Labs ECO [NTU]
# name 15 = sal00: Salinity, Practical [PSU]
# name 16 = sal11: Salinity, Practical, 2 [PSU]
# name 17 = secS-priS: Salinity, Practical, Difference, 2 - 1 [PSU]
# name 18 = sigma-t00: Density [sigma-t, Kg/m^3 ]
# name 19 = sigma-t11: Density, 2 [sigma-t, Kg/m^3 ]
# name 20 = depSM: Depth [salt water, m], lat = 58.882
# name 21 = depFM: Depth [true depth, m], lat = 58.882
# name 22 = dz/dtM: Descent Rate [m/s], WS = 2
# name 23 = svCM: Sound Velocity [Chen-Millero, m/s]
# name 24 = svCM1: Sound Velocity, 2 [Chen-Millero, m/s]
# name 25 = flag: flag
# span 0 =      16117,      27143       
# span 1 =      1.000,    172.000       
# span 2 =     4.4452,     6.4565       
# span 3 =     4.4541,     6.4569       
# span 4 =    -0.0129,     0.0172       
# span 5 =   0.757078,   1.285262       
# span 6 =   0.757229,   1.285231       
# span 7 =          1,          1       
# span 8 =    0.00901,    8.20744       
# span 9 =    0.02782,    8.15005       
# span 10 =       0.02,     135.96      
# span 11 =     0.2639,     0.4209      
# span 12 =     0.2604,     0.3994      
# span 13 = 9.9490e-13, 2.3052e-01      
# span 14 =     0.1143,     0.5929      
# span 15 =     7.0691,    11.7452      
# span 16 =     7.0686,    11.7448      
# span 17 =    -0.0153,     0.0063      
# span 18 =     5.6069,     9.1957      
# span 19 =     5.6066,     9.1953      
# span 20 =      0.990,    170.323      
# span 21 =      1.013,    173.893      
# span 22 =     -0.005,      0.951      
# span 23 =    1432.84,    1450.19      
# span 24 =    1432.91,    1450.19      
# span 25 = 0.0000e+00, 0.0000e+00      
# interval = decibars: 0.5              
# start_time = Jan 29 2018 19:37:43 [NMEA time, first data scan]
# bad_flag = -9.990e-29
*END*
[from data line 223]
      22962    112.500     6.2599     6.2601     0.0002    1.24101    1.24094          1     0.0265     0.0541      63.17     0.3337     0.2943  1.000e-12  0.4387000    11.3845    11.3838    -0.0007     8.9260     8.9254    111.419    113.839      0.346    1447.95    1447.95  0.000e+00
      22994    113.000     6.2672     6.2672    -0.0001    1.24296    1.24290          1     0.0263     0.0566      62.69     0.3335     0.2948  1.000e-12  0.4080000    11.4013    11.4007    -0.0006     8.9387     8.9382    111.914    114.343      0.434    1448.01    1448.01  0.000e+00
      23019    113.500     6.2768     6.2763    -0.0005    1.24472    1.24461          1     0.0242     0.0553      62.24     0.3335     0.3176  1.000e-12  0.3992000    11.4154    11.4146    -0.0009     8.9492     8.9485    112.409    114.848      0.494    1448.08    1448.08  0.000e+00
      23043    114.000     6.2818     6.2818    -0.0000    1.24583    1.24576          1     0.0263     0.0541      61.74     0.3418     0.3112  1.000e-12  0.3921000    11.4247    11.4241    -0.0007     8.9561     8.9556    112.904    115.353      0.456    1448.12    1448.12  0.000e+00
      23079    114.500     6.2878     6.2877    -0.0001    1.24748    1.24733          1     0.0261     0.0542      61.09     0.3337     0.3130  1.000e-12  0.3816000    11.4390    11.4375    -0.0015     8.9669     8.9658    113.399    115.858      0.264    1448.17    1448.17  0.000e+00
      23131    115.000     6.2931     6.2932     0.0001    1.24893    1.24884          1     0.0264     0.0543      60.56     0.3202     0.3381  1.000e-12  0.3866000    11.4515    11.4506    -0.0009     8.9763     8.9756    113.894    116.362      0.381    1448.22    1448.22  0.000e+00
      23153    115.500     6.2954     6.2957     0.0002    1.24950    1.24946          1     0.0269     0.0547      60.20     0.3213     0.3558  1.000e-12  0.4003000    11.4563    11.4558    -0.0005     8.9800     8.9796    114.389    116.867      0.611    1448.24    1448.24  0.000e+00
      23170    116.000     6.2963     6.2964     0.0002    1.25041    1.25035          1     0.0252     0.0535      59.74     0.3213     0.3641  1.000e-12  0.4022000    11.4649    11.4643    -0.0006     8.9867     8.9862    114.884    117.372      0.656    1448.26    1448.26  0.000e+00
      23190    116.500     6.2986     6.2986    -0.0000    1.25118    1.25112          1     0.0255     0.0532      59.24     0.3266     0.3577  1.000e-12  0.4254000    11.4717    11.4711    -0.0006     8.9919     8.9914    115.379    117.877      0.533    1448.29    1448.29  0.000e+00
      23230    117.000     6.3013     6.3008    -0.0006    1.25185    1.25148          1     0.0253     0.0532      58.49     0.3228     0.3116  1.000e-12  0.4562000    11.4773    11.4739    -0.0035     8.9961     8.9934    115.875    118.381      0.265    1448.32    1448.31  0.000e+00
      23288    117.500     6.3058     6.3005    -0.0053    1.25369    1.25197          1     0.0264     0.0523      58.01     0.3212     0.3125  1.000e-12  0.4561000    11.4940    11.4787    -0.0153     9.0089     8.9973    116.370    118.886      0.438    1448.36    1448.32  0.000e+00
      23307    118.000     6.3085     6.3086     0.0001    1.25443    1.25441          1     0.0249     0.0487      57.65     0.3213     0.3198  1.000e-12  0.4652000    11.5003    11.5000    -0.0003     9.0137     9.0135    116.865    119.391      0.634    1448.39    1448.39  0.000e+00
      23325    118.500     6.3117     6.3118     0.0001    1.25513    1.25510          1     0.0243     0.0474      57.19     0.3213     0.3183  1.000e-12  0.4801000    11.5061    11.5058    -0.0003     9.0180     9.0178    117.360    119.895      0.645    1448.42    1448.42  0.000e+00
      23346    119.000     6.3148     6.3151     0.0002    1.25574    1.25571          1     0.0248     0.0506      56.65     0.3277     0.3164  1.000e-12  0.5293000    11.5110    11.5106    -0.0004     9.0216     9.0213    117.855    120.400      0.468    1448.45    1448.45  0.000e+00
      23395    119.500     6.3162     6.3157    -0.0005    1.25598    1.25581          1     0.0242     0.0507      55.92     0.3262     0.3035  1.000e-12  0.5176000    11.5128    11.5113    -0.0015     9.0229     9.0218    118.350    120.905      0.260    1448.46    1448.46  0.000e+00
      23434    120.000     6.3190     6.3192     0.0002    1.25645    1.25644          1     0.0208     0.0481      55.58     0.3211     0.3335  1.000e-12  0.5013000    11.5165    11.5162    -0.0002     9.0257     9.0255    118.845    121.410      0.504    1448.49    1448.49  0.000e+00
      23454    120.500     6.3220     6.3222     0.0002    1.25715    1.25712          1     0.0196     0.0489      55.27     0.3314     0.3319  1.000e-12  0.5058000    11.5222    11.5218    -0.0004     9.0300     9.0297    119.340    121.914      0.560    1448.52    1448.52  0.000e+00
      23479    121.000     6.3231     6.3235     0.0003    1.25746    1.25743          1     0.0238     0.0494      54.69     0.3251     0.3408  1.000e-12  0.5155000    11.5249    11.5244    -0.0004     9.0320     9.0316    119.835    122.419      0.360    1448.53    1448.53  0.000e+00
      23530    121.500     6.3251     6.3252     0.0001    1.25795    1.25785          1     0.0213     0.0487      53.97     0.3168     0.3527  1.000e-12  0.5097000    11.5289    11.5279    -0.0010     9.0350     9.0342    120.330    122.924      0.326    1448.55    1448.55  0.000e+00
      23555    122.000     6.3363     6.3357    -0.0006    1.26057    1.26041          1     0.0228     0.0485      53.77     0.3214     0.3173  1.000e-12  0.5226000    11.5510    11.5497    -0.0013     9.0516     9.0506    120.825    123.428      0.586    1448.64    1448.63  0.000e+00
      23574    122.500     6.3416     6.3418     0.0002    1.26172    1.26168          1     0.0221     0.0492      53.27     0.3162     0.3285  1.000e-12  0.5625000    11.5605    11.5600    -0.0005     9.0587     9.0583    121.320    123.933      0.608    1448.68    1448.68  0.000e+00
      23597    123.000     6.3449     6.3452     0.0003    1.26243    1.26240          1     0.0234     0.0481      52.71     0.3202     0.3029  1.000e-12  0.5929000    11.5664    11.5660    -0.0004     9.0631     9.0628    121.815    124.438      0.409    1448.71    1448.71  0.000e+00
      23651    123.500     6.3468     6.3472     0.0004    1.26280    1.26271          1     0.0219     0.0481      52.01     0.3345     0.2877  1.000e-12  0.5914000    11.5693    11.5682    -0.0011     9.0653     9.0644    122.310    124.943      0.267    1448.73    1448.73  0.000e+00
      23688    124.000     6.3491     6.3494     0.0002    1.26318    1.26314          1     0.0217     0.0469      51.61     0.3215     0.3180  1.000e-12  0.5795000    11.5721    11.5717    -0.0004     9.0673     9.0670    122.805    125.447      0.496    1448.75    1448.75  0.000e+00
      23709    124.500     6.3508     6.3510     0.0002    1.26347    1.26345          1     0.0216     0.0445      51.21     0.3114     0.3625  1.000e-12  0.5593000    11.5744    11.5741    -0.0003     9.0690     9.0687    123.300    125.952      0.575    1448.77    1448.77  0.000e+00
      23730    125.000     6.3527     6.3530     0.0003    1.26385    1.26382          1     0.0218     0.0443      50.62     0.3023     0.3521  1.000e-12  0.5618000    11.5774    11.5770    -0.0004     9.0713     9.0709    123.795    126.457      0.517    1448.79    1448.79  0.000e+00
      23759    125.500     6.3558     6.3562     0.0004    1.26456    1.26453          1     0.0206     0.0467      49.96     0.3206     0.3044  1.000e-12  0.5722000    11.5833    11.5829    -0.0004     9.0756     9.0753    124.290    126.961      0.344    1448.81    1448.82  0.000e+00
      23802    126.000     6.3603     6.3605     0.0002    1.26541    1.26536          1     0.0211     0.0447      49.29     0.3213     0.3242  1.000e-12  0.5725000    11.5901    11.5895    -0.0006     9.0807     9.0802    124.785    127.466      0.286    1448.85    1448.85  0.000e+00
      23838    126.500     6.3669     6.3670     0.0002    1.26658    1.26653          1     0.0199     0.0424      48.85     0.3213     0.3545  1.000e-12  0.5904000    11.5994    11.5989    -0.0006     9.0875     9.0871    125.280    127.971      0.389    1448.90    1448.90  0.000e+00
      23866    127.000     6.3714     6.3717     0.0003    1.26728    1.26726          1     0.0199     0.0461      48.34     0.3213     0.3461  1.000e-12  0.5659000    11.6047    11.6044    -0.0004     9.0914     9.0911    125.775    128.475      0.447    1448.93    1448.93  0.000e+00
      23893    127.500     6.3742     6.3744     0.0002    1.26772    1.26768          1     0.0213     0.0445      47.82     0.3109     0.3189  1.000e-12  0.5397000    11.6080    11.6075    -0.0005     9.0938     9.0934    126.270    128.980      0.418    1448.96    1448.96  0.000e+00
      23924    128.000     6.3749     6.3753     0.0003    1.26789    1.26785          1     0.0166     0.0428      47.28     0.3242     0.3047  1.000e-12  0.5173000    11.6093    11.6089    -0.0004     9.0947     9.0944    126.765    129.485      0.365    1448.97    1448.97  0.000e+00
      23957    128.500     6.3767     6.3769     0.0001    1.26839    1.26833          1     0.0212     0.0433      46.72     0.3336     0.3150  1.000e-12  0.5124000    11.6136    11.6129    -0.0007     9.0980     9.0974    127.260    129.989      0.378    1448.99    1448.99  0.000e+00
      23987    129.000     6.3814     6.3816     0.0002    1.26939    1.26934          1     0.0188     0.0435      46.21     0.3258     0.3244  1.000e-12  0.5358000    11.6218    11.6213    -0.0005     9.1041     9.1037    127.755    130.494      0.405    1449.03    1449.03  0.000e+00
      24017    129.500     6.3845     6.3847     0.0002    1.27004    1.26999          1     0.0195     0.0438      45.67     0.3218     0.3217  1.000e-12  0.5284000    11.6271    11.6266    -0.0005     9.1081     9.1076    128.250    130.999      0.367    1449.06    1449.06  0.000e+00
      24059    130.000     6.3874     6.3877     0.0003    1.27054    1.27050          1     0.0185     0.0433      45.08     0.3335     0.3314  1.000e-12  0.4825000    11.6309    11.6304    -0.0005     9.1109     9.1104    128.745    131.503      0.256    1449.08    1449.08  0.000e+00
      24099    130.500     6.3888     6.3891     0.0003    1.27075    1.27072          1     0.0186     0.0433      44.68     0.3335     0.3393  1.000e-12  0.4718000    11.6325    11.6321    -0.0004     9.1120     9.1117    129.240    132.008      0.462    1449.10    1449.10  0.000e+00
      24120    131.000     6.3896     6.3897     0.0002    1.27084    1.27081          1     0.0190     0.0440      44.28     0.3458     0.3336  1.000e-12  0.4609000    11.6330    11.6326    -0.0003     9.1123     9.1120    129.735    132.513      0.598    1449.11    1449.11  0.000e+00
      24139    131.500     6.3940     6.3940    -0.0000    1.27157    1.27151          1     0.0173     0.0442      43.82     0.3458     0.3233  1.000e-12  0.4538000    11.6387    11.6380    -0.0007     9.1165     9.1159    130.230    133.017      0.555    1449.14    1449.14  0.000e+00
      24168    132.000     6.3962     6.3965     0.0003    1.27207    1.27202          1     0.0190     0.0423      43.15     0.3298     0.3214  1.000e-12  0.4156000    11.6427    11.6421    -0.0006     9.1195     9.1190    130.725    133.522      0.300    1449.16    1449.17  0.000e+00
      24233    132.500     6.3964     6.3945    -0.0018    1.27211    1.27172          1     0.0173     0.0422      42.54     0.3252     0.3634  1.000e-12  0.3911000    11.6429    11.6397    -0.0032     9.1196     9.1173    131.220    134.027      0.320    1449.17    1449.16  0.000e+00
      24259    133.000     6.4012     6.4013     0.0000    1.27302    1.27296          1     0.0173     0.0406      42.19     0.3157     0.3457  1.000e-12  0.3953000    11.6503    11.6496    -0.0007     9.1251     9.1246    131.715    134.531      0.490    1449.21    1449.21  0.000e+00
      24282    133.500     6.4036     6.4040     0.0003    1.27352    1.27349          1     0.0173     0.0451      41.74     0.3335     0.3489  1.000e-12  0.3954000    11.6543    11.6538    -0.0005     9.1280     9.1277    132.210    135.036      0.500    1449.23    1449.23  0.000e+00
      24308    134.000     6.4052     6.4054     0.0003    1.27386    1.27383          1     0.0181     0.0399      41.25     0.3273     0.3328  1.000e-12  0.3852000    11.6570    11.6567    -0.0003     9.1301     9.1298    132.705    135.541      0.414    1449.25    1449.25  0.000e+00
      24349    134.500     6.4078     6.4080     0.0002    1.27446    1.27440          1     0.0181     0.0385      40.62     0.3093     0.3331  1.000e-12  0.3956000    11.6620    11.6613    -0.0007     9.1338     9.1333    133.200    136.045      0.243    1449.28    1449.28  0.000e+00
      24393    135.000     6.4117     6.4119     0.0003    1.27529    1.27525          1     0.0181     0.0402      40.07     0.3153     0.3433  1.000e-12  0.3973000    11.6688    11.6683    -0.0005     9.1389     9.1385    133.696    136.550      0.445    1449.31    1449.31  0.000e+00
      24414    135.500     6.4134     6.4137     0.0003    1.27561    1.27558          1     0.0175     0.0353      39.70     0.3262     0.2991  1.000e-12  0.3948000    11.6713    11.6708    -0.0004     9.1407     9.1403    134.191    137.055      0.566    1449.33    1449.33  0.000e+00
      24436    136.000     6.4156     6.4159     0.0002    1.27613    1.27608          1     0.0173     0.0385      39.18     0.3303     0.3020  1.000e-12  0.4047000    11.6756    11.6750    -0.0006     9.1439     9.1434    134.686    137.559      0.497    1449.35    1449.35  0.000e+00
      24473    136.500     6.4175     6.4171    -0.0003    1.27663    1.27645          1     0.0181     0.0399      38.52     0.3238     0.3086  1.000e-12  0.4002000    11.6798    11.6781    -0.0017     9.1471     9.1458    135.180    138.064      0.263    1449.37    1449.37  0.000e+00
      24532    137.000     6.4201     6.4203     0.0002    1.27720    1.27714          1     0.0159     0.0399      37.96     0.3236     0.3580  1.000e-12  0.3988000    11.6845    11.6838    -0.0007     9.1506     9.1500    135.676    138.569      0.380    1449.40    1449.40  0.000e+00
      24554    137.500     6.4240     6.4242     0.0002    1.27798    1.27795          1     0.0184     0.0374      37.59     0.3331     0.3374  1.000e-12  0.3996000    11.6908    11.6904    -0.0004     9.1553     9.1550    136.171    139.073      0.559    1449.43    1449.43  0.000e+00
      24574    138.000     6.4252     6.4255     0.0004    1.27826    1.27825          1     0.0176     0.0374      37.13     0.3335     0.3799  1.000e-12  0.4077000    11.6930    11.6928    -0.0002     9.1569     9.1568    136.666    139.578      0.586    1449.44    1449.45  0.000e+00
      24596    138.500     6.4275     6.4278     0.0003    1.27880    1.27877          1     0.0155     0.0393      36.63     0.3335     0.3679  1.000e-12  0.4214000    11.6975    11.6971    -0.0004     9.1603     9.1600    137.161    140.083      0.518    1449.47    1449.47  0.000e+00
      24629    139.000     6.4286     6.4288     0.0002    1.27906    1.27901          1     0.0173     0.0375      35.94     0.3381     0.3273  1.000e-12  0.4160000    11.6996    11.6990    -0.0006     9.1618     9.1614    137.656    140.587      0.319    1449.48    1449.48  0.000e+00
      24713    139.500     6.4262     6.4263     0.0000    1.27859    1.27848          1     0.0174     0.0385      35.38     0.3412     0.3309  1.000e-12  0.3944000    11.6957    11.6946    -0.0011     9.1589     9.1581    138.151    141.092      0.471    1449.48    1449.48  0.000e+00
