ctdpy/tests/etc/all_smhi_bas_2018/SBE09_1044_20180924_0225_34_01_0044.cnv
* Sea-Bird SBE 9 Data File:
* FileName = C:\ctd\temp\2018\AR18D044.hex
* Software Version Seasave V 7.26.6.26
* Temperature SN = 5351
* Conductivity SN = 3941
* Number of Bytes Per Scan = 41
* Number of Voltage Words = 4
* Number of Scans Averaged by the Deck Unit = 1
* NMEA Latitude = 58 17.07 N
* NMEA Longitude = 010 30.26 E
* NMEA UTC (Time) = Sep 24 2018  02:25:02
* NMEA baud rate = 4800
** Station:  Å17
** Operator:  Obac
** Ship: ARANDA
** Average sound velocity: 1483.92 m/s
** True-depth calculation Mon, 24 Sep 2018 03:53:07 +0000
** CTD Python Module SMHI /ver 3-12/ feb 2012 
** LIMS Job: 20183401-0044
** Cruise: SMHI-02-2018
** Latitude [GG MM.mm N] :
** Longitude [GG MM.mm E]:
# nquan = 26
# nvalues = 699                         
# units = specified
# name 0 = scan: Scan Count
# name 1 = prDM: Pressure, Digiquartz [db]
# name 2 = t090C: Temperature [ITS-90, deg C]
# name 3 = t190C: Temperature, 2 [ITS-90, deg C]
# name 4 = T2-T190C: Temperature Difference, 2 - 1 [ITS-90, deg C]
# name 5 = c0S/m: Conductivity [S/m]
# name 6 = c1S/m: Conductivity, 2 [S/m]
# name 7 = pumps: Pump Status
# name 8 = sbeox0ML/L: Oxygen, SBE 43 [ml/l]
# name 9 = sbeox1ML/L: Oxygen, SBE 43, 2 [ml/l]
# name 10 = altM: Altimeter [m]
# name 11 = flECO-AFL: Chl-a Fluorescence, WET Labs ECO-AFL/FL [mg/m^3]
# name 12 = flECO-AFL1: Phycocyanin Fluorescence, WET Labs ECO-AFL/FL, 2 [mg/m^3]
# name 13 = par: PAR/Irradiance, Biospherical/Lico [µE/(cm^2*s)]
# name 14 = turbWETntu0: Turbidity, WET Labs ECO [NTU]
# name 15 = sal00: Salinity, Practical [PSU]
# name 16 = sal11: Salinity, Practical, 2 [PSU]
# name 17 = secS-priS: Salinity, Practical, Difference, 2 - 1 [PSU]
# name 18 = sigma-t00: Density [sigma-t, Kg/m^3 ]
# name 19 = sigma-t11: Density, 2 [sigma-t, Kg/m^3 ]
# name 20 = depSM: Depth [salt water, m], lat = 58.2845
# name 21 = depFM: Depth [true depth, m], lat = 58.2845
# name 22 = dz/dtM: Descent Rate [m/s], WS = 2
# name 23 = svCM: Sound Velocity [Chen-Millero, m/s]
# name 24 = svCM1: Sound Velocity, 2 [Chen-Millero, m/s]
# name 25 = flag: flag
# span 0 =      31822,      46290       
# span 1 =      2.000,    351.000       
# span 2 =     6.2336,    13.9834       
# span 3 =     6.2359,    13.9827       
# span 4 =    -0.1679,     0.1369       
# span 5 =   3.487019,   3.962252       
# span 6 =   3.487131,   3.962391       
# span 7 =          1,          1       
# span 8 =    5.49261,    6.26747       
# span 9 =    3.52079,    4.11344       
# span 10 =       0.00,      99.50      
# span 11 =     0.0157,     0.9418      
# span 12 =     0.1335,     0.3260      
# span 13 = 1.0000e-12, 1.0000e-12      
# span 14 =     0.1078,     0.7324      
# span 15 =    32.5937,    35.1561      
# span 16 =    32.5931,    35.1548      
# span 17 =    -0.0135,     0.2352      
# span 18 =    24.3321,    27.6386      
# span 19 =    24.3314,    27.6374      
# span 20 =      1.981,    347.445      
# span 21 =      1.989,    348.058      
# span 22 =     -0.253,      1.278      
# span 23 =    1479.84,    1500.96      
# span 24 =    1479.84,    1500.98      
# span 25 = 0.0000e+00, 0.0000e+00      
# interval = decibars: 0.5              
# start_time = Sep 24 2018 02:25:02 [NMEA time, first data scan]
# bad_flag = -9.990e-29
*END*
[from data line 502]
      42149    253.000     6.6393     6.6413     0.0020    3.51708    3.51714          1     5.5161     3.7090      98.67     0.0888     0.2235  1.000e-12  0.2884000    35.1147    35.1133    -0.0014    27.5589    27.5576    250.496    250.921      0.405    1481.56    1481.56  0.000e+00
      42174    253.500     6.6396     6.6414     0.0018    3.51711    3.51719          1     5.5162     3.7016      98.68     0.0941     0.2367  1.000e-12  0.3070000    35.1145    35.1135    -0.0010    27.5588    27.5577    250.991    251.417      0.581    1481.56    1481.57  0.000e+00
      42192    254.000     6.6399     6.6416     0.0017    3.51717    3.51722          1     5.5146     3.6911      98.62     0.0840     0.2072  1.000e-12  0.3031000    35.1146    35.1135    -0.0011    27.5588    27.5576    251.486    251.913      0.754    1481.57    1481.58  0.000e+00
      42207    254.500     6.6401     6.6418     0.0016    3.51722    3.51727          1     5.5128     3.6867      98.51     0.0716     0.2071  1.000e-12  0.2959000    35.1147    35.1135    -0.0011    27.5588    27.5577    251.980    252.408      0.878    1481.58    1481.59  0.000e+00
      42220    255.000     6.6400     6.6414     0.0013    3.51725    3.51727          1     5.5131     3.6879      98.62     0.0803     0.2071  1.000e-12  0.2978000    35.1149    35.1137    -0.0012    27.5590    27.5578    252.475    252.904      0.937    1481.59    1481.59  0.000e+00
      42232    255.500     6.6402     6.6421     0.0020    3.51728    3.51738          1     5.5165     3.6891      98.67     0.0827     0.2187  1.000e-12  0.2953000    35.1148    35.1139    -0.0009    27.5589    27.5579    252.970    253.399      0.900    1481.60    1481.61  0.000e+00
      42246    256.000     6.6409     6.6428     0.0019    3.51739    3.51748          1     5.5196     3.6942      98.68     0.0765     0.2224  1.000e-12  0.2999000    35.1150    35.1140    -0.0010    27.5589    27.5579    253.465    253.895      0.723    1481.61    1481.62  0.000e+00
      42274    256.500     6.6407     6.6426     0.0020    3.51741    3.51748          1     5.5191     3.7027      98.68     0.0723     0.2501  1.000e-12  0.3069000    35.1153    35.1140    -0.0013    27.5592    27.5579    253.959    254.391      0.352    1481.62    1481.63  0.000e+00
      42315    257.000     6.6406     6.6426     0.0020    3.51741    3.51748          1     5.5165     3.7016      98.68     0.0805     0.2049  1.000e-12  0.2603000    35.1151    35.1139    -0.0012    27.5590    27.5578    254.454    254.886      0.449    1481.63    1481.63  0.000e+00
      42335    257.500     6.6408     6.6425     0.0017    3.51744    3.51750          1     5.5122     3.6967      98.68     0.0694     0.1990  1.000e-12  0.2808000    35.1149    35.1138    -0.0011    27.5589    27.5578    254.949    255.382      0.640    1481.64    1481.64  0.000e+00
      42353    258.000     6.6388     6.6406     0.0019    3.51727    3.51734          1     5.5089     3.6997      98.68     0.0629     0.2083  1.000e-12  0.2967000    35.1149    35.1138    -0.0011    27.5591    27.5580    255.444    255.877      0.679    1481.64    1481.64  0.000e+00
      42370    258.500     6.6375     6.6392     0.0017    3.51716    3.51722          1     5.5109     3.7040      98.68     0.0669     0.2493  1.000e-12  0.2775000    35.1147    35.1137    -0.0010    27.5592    27.5582    255.938    256.373      0.675    1481.64    1481.64  0.000e+00
      42388    259.000     6.6382     6.6400     0.0019    3.51727    3.51737          1     5.5151     3.6982      98.68     0.0714     0.2353  1.000e-12  0.2549000    35.1150    35.1142    -0.0008    27.5593    27.5584    256.433    256.869      0.689    1481.65    1481.66  0.000e+00
      42405    259.500     6.6390     6.6408     0.0018    3.51739    3.51747          1     5.5163     3.6954      98.68     0.0519     0.2231  1.000e-12  0.2673000    35.1152    35.1143    -0.0010    27.5594    27.5584    256.928    257.364      0.710    1481.66    1481.67  0.000e+00
      42422    260.000     6.6414     6.6428     0.0014    3.51772    3.51774          1     5.5162     3.6975      98.63     0.0627     0.2352  1.000e-12  0.2699000    35.1161    35.1149    -0.0012    27.5598    27.5586    257.423    257.860      0.689    1481.68    1481.68  0.000e+00
      42440    260.500     6.6419     6.6438     0.0018    3.51782    3.51788          1     5.5188     3.6963      98.64     0.0714     0.2514  1.000e-12  0.2732000    35.1164    35.1153    -0.0012    27.5599    27.5588    257.917    258.356      0.603    1481.69    1481.70  0.000e+00
      42463    261.000     6.6424     6.6441     0.0017    3.51789    3.51794          1     5.5122     3.6916      98.64     0.0734     0.2527  1.000e-12  0.2754000    35.1166    35.1153    -0.0012    27.5600    27.5588    258.412    258.851      0.458    1481.70    1481.71  0.000e+00
      42493    261.500     6.6433     6.6451     0.0018    3.51804    3.51809          1     5.4955     3.6950      98.64     0.0745     0.2411  1.000e-12  0.2626000    35.1170    35.1157    -0.0013    27.5602    27.5589    258.907    259.347      0.444    1481.71    1481.72  0.000e+00
      42516    262.000     6.6448     6.6464     0.0016    3.51820    3.51825          1     5.5005     3.6959      98.65     0.0739     0.2515  1.000e-12  0.2738000    35.1170    35.1160    -0.0010    27.5600    27.5590    259.401    259.842      0.632    1481.73    1481.73  0.000e+00
      42533    262.500     6.6452     6.6468     0.0016    3.51827    3.51833          1     5.5021     3.6960      98.65     0.0956     0.2502  1.000e-12  0.2860000    35.1172    35.1161    -0.0010    27.5601    27.5590    259.896    260.338      0.751    1481.74    1481.74  0.000e+00
      42548    263.000     6.6452     6.6468     0.0017    3.51830    3.51836          1     5.4994     3.6978      98.66     0.0903     0.2482  1.000e-12  0.2755000    35.1173    35.1162    -0.0011    27.5602    27.5591    260.391    260.834      0.766    1481.75    1481.75  0.000e+00
      42564    263.500     6.6463     6.6480     0.0017    3.51847    3.51853          1     5.5061     3.6996      98.67     0.0837     0.2426  1.000e-12  0.2607000    35.1177    35.1166    -0.0010    27.5603    27.5593    260.886    261.329      0.699    1481.76    1481.77  0.000e+00
      42583    264.000     6.6464     6.6481     0.0017    3.51851    3.51856          1     5.5149     3.7010      98.66     0.0733     0.1950  1.000e-12  0.2700000    35.1178    35.1167    -0.0012    27.5604    27.5593    261.380    261.825      0.579    1481.77    1481.77  0.000e+00
      42608    264.500     6.6469     6.6486     0.0017    3.51861    3.51865          1     5.5150     3.7008      98.66     0.0649     0.2149  1.000e-12  0.2925000    35.1182    35.1169    -0.0012    27.5606    27.5594    261.875    262.320      0.376    1481.78    1481.78  0.000e+00
      42653    265.000     6.6482     6.6500     0.0018    3.51880    3.51885          1     5.5080     3.6947      98.66     0.0727     0.2651  1.000e-12  0.2421000    35.1187    35.1173    -0.0014    27.5609    27.5595    262.370    262.816      0.326    1481.79    1481.80  0.000e+00
      42677    265.500     6.6504     6.6523     0.0019    3.51908    3.51915          1     5.5097     3.6831      98.66     0.0805     0.2584  1.000e-12  0.2549000    35.1193    35.1182    -0.0011    27.5610    27.5599    262.865    263.312      0.751    1481.81    1481.82  0.000e+00
      42690    266.000     6.6505     6.6522     0.0017    3.51912    3.51917          1     5.5144     3.6810      98.66     0.0720     0.2805  1.000e-12  0.2709000    35.1193    35.1182    -0.0012    27.5610    27.5599    263.359    263.807      0.962    1481.82    1481.82  0.000e+00
      42701    266.500     6.6500     6.6522     0.0022    3.51910    3.51920          1     5.5205     3.6799      98.66     0.0661     0.2305  1.000e-12  0.2694000    35.1194    35.1183    -0.0011    27.5612    27.5600    263.854    264.303      1.064    1481.83    1481.83  0.000e+00
      42712    267.000     6.6498     6.6517     0.0019    3.51911    3.51918          1     5.5216     3.6786      98.66     0.0624     0.1776  1.000e-12  0.2692000    35.1195    35.1184    -0.0012    27.5613    27.5601    264.348    264.798      1.076    1481.83    1481.84  0.000e+00
      42723    267.500     6.6493     6.6512     0.0019    3.51909    3.51915          1     5.5209     3.6741      98.66     0.0618     0.1860  1.000e-12  0.2705000    35.1195    35.1183    -0.0012    27.5613    27.5601    264.843    265.294      0.987    1481.84    1481.85  0.000e+00
      42736    268.000     6.6487     6.6501     0.0014    3.51905    3.51908          1     5.5210     3.6734      98.67     0.0713     0.2618  1.000e-12  0.2778000    35.1195    35.1184    -0.0011    27.5614    27.5604    265.338    265.790      0.767    1481.85    1481.85  0.000e+00
      42763    268.500     6.6476     6.6497     0.0021    3.51897    3.51905          1     5.5256     3.6808      98.67     0.0649     0.2274  1.000e-12  0.2585000    35.1194    35.1182    -0.0012    27.5615    27.5603    265.833    266.285      0.367    1481.85    1481.85  0.000e+00
      42806    269.000     6.6474     6.6496     0.0023    3.51897    3.51906          1     5.5247     3.6843      98.66     0.0776     0.2157  1.000e-12  0.2576000    35.1194    35.1182    -0.0012    27.5615    27.5602    266.327    266.781      0.413    1481.86    1481.86  0.000e+00
      42827    269.500     6.6476     6.6493     0.0017    3.51900    3.51905          1     5.5229     3.6837      98.66     0.0970     0.2114  1.000e-12  0.2615000    35.1192    35.1181    -0.0011    27.5614    27.5603    266.822    267.276      0.667    1481.86    1481.87  0.000e+00
      42843    270.000     6.6476     6.6492     0.0017    3.51902    3.51909          1     5.5212     3.6851      98.67     0.0939     0.2354  1.000e-12  0.2601000    35.1193    35.1183    -0.0010    27.5614    27.5604    267.317    267.772      0.731    1481.87    1481.88  0.000e+00
      42859    270.500     6.6476     6.6492     0.0016    3.51905    3.51909          1     5.5235     3.6857      98.67     0.0802     0.2191  1.000e-12  0.2596000    35.1193    35.1181    -0.0012    27.5614    27.5602    267.812    268.268      0.671    1481.88    1481.89  0.000e+00
      42879    271.000     6.6460     6.6484     0.0024    3.51892    3.51904          1     5.5282     3.6863      98.67     0.0762     0.2075  1.000e-12  0.2696000    35.1193    35.1181    -0.0012    27.5617    27.5604    268.306    268.763      0.552    1481.88    1481.89  0.000e+00
      42903    271.500     6.6383     6.6412     0.0029    3.51817    3.51833          1     5.5357     3.6848      98.67     0.0721     0.2071  1.000e-12  0.2740000    35.1186    35.1174    -0.0012    27.5622    27.5608    268.801    269.259      0.560    1481.86    1481.87  0.000e+00
      42922    272.000     6.6360     6.6378     0.0018    3.51797    3.51804          1     5.5383     3.6839      98.67     0.0518     0.2071  1.000e-12  0.2609000    35.1184    35.1174    -0.0010    27.5622    27.5612    269.296    269.755      0.706    1481.86    1481.87  0.000e+00
      42937    272.500     6.6362     6.6381     0.0019    3.51801    3.51809          1     5.5433     3.6875      98.67     0.0710     0.2071  1.000e-12  0.2721000    35.1184    35.1174    -0.0010    27.5623    27.5612    269.790    270.250      0.809    1481.87    1481.87  0.000e+00
      42951    273.000     6.6364     6.6383     0.0018    3.51809    3.51815          1     5.5498     3.6881      98.68     0.0693     0.2081  1.000e-12  0.2720000    35.1187    35.1175    -0.0012    27.5625    27.5613    270.285    270.746      0.808    1481.88    1481.88  0.000e+00
      42967    273.500     6.6354     6.6373     0.0018    3.51801    3.51807          1     5.5476     3.6866      98.68     0.0828     0.1961  1.000e-12  0.2718000    35.1187    35.1175    -0.0012    27.5626    27.5614    270.780    271.241      0.680    1481.88    1481.89  0.000e+00
      42990    274.000     6.6356     6.6373     0.0018    3.51808    3.51812          1     5.5420     3.6837      98.67     0.0760     0.2009  1.000e-12  0.2782000    35.1191    35.1178    -0.0014    27.5629    27.5616    271.275    271.737      0.439    1481.89    1481.90  0.000e+00
      43026    274.500     6.6365     6.6381     0.0016    3.51823    3.51825          1     5.5408     3.6784      98.68     0.0712     0.2375  1.000e-12  0.2634000    35.1195    35.1181    -0.0013    27.5631    27.5618    271.769    272.233      0.349    1481.90    1481.91  0.000e+00
      43054    275.000     6.6346     6.6367     0.0020    3.51808    3.51815          1     5.5397     3.6790      98.68     0.0707     0.1769  1.000e-12  0.2769000    35.1195    35.1182    -0.0013    27.5634    27.5621    272.264    272.728      0.578    1481.90    1481.91  0.000e+00
      43071    275.500     6.6290     6.6329     0.0039    3.51756    3.51783          1     5.5314     3.6784      98.68     0.0599     0.2876  1.000e-12  0.2898000    35.1194    35.1184    -0.0010    27.5640    27.5627    272.759    273.224      0.744    1481.89    1481.91  0.000e+00
      43086    276.000     6.6302     6.6326     0.0025    3.51769    3.51782          1     5.5300     3.6786      98.68     0.0681     0.3206  1.000e-12  0.2952000    35.1193    35.1182    -0.0011    27.5638    27.5626    273.253    273.719      0.806    1481.90    1481.91  0.000e+00
      43101    276.500     6.6305     6.6316     0.0010    3.51775    3.51774          1     5.5268     3.6803      98.67     0.0753     0.1861  1.000e-12  0.2982000    35.1194    35.1181    -0.0013    27.5638    27.5627    273.748    274.215      0.771    1481.91    1481.92  0.000e+00
      43117    277.000     6.6296     6.6327     0.0031    3.51769    3.51788          1     5.5242     3.6791      98.67     0.0659     0.1950  1.000e-12  0.2980000    35.1194    35.1183    -0.0011    27.5640    27.5627    274.243    274.711      0.643    1481.92    1481.93  0.000e+00
      43140    277.500     6.6282     6.6302     0.0019    3.51759    3.51767          1     5.5261     3.6737      98.67     0.0695     0.2248  1.000e-12  0.3061000    35.1194    35.1183    -0.0011    27.5642    27.5630    274.737    275.206      0.477    1481.92    1481.93  0.000e+00
      43168    278.000     6.6278     6.6297     0.0019    3.51757    3.51764          1     5.5268     3.6783      98.67     0.0657     0.2358  1.000e-12  0.3192000    35.1194    35.1183    -0.0012    27.5642    27.5630    275.232    275.702      0.473    1481.93    1481.93  0.000e+00
      43190    278.500     6.6271     6.6287     0.0015    3.51752    3.51756          1     5.5218     3.6800      98.68     0.0686     0.2326  1.000e-12  0.3088000    35.1193    35.1181    -0.0012    27.5642    27.5631    275.727    276.197      0.627    1481.93    1481.94  0.000e+00
      43207    279.000     6.6272     6.6287     0.0015    3.51755    3.51760          1     5.5157     3.6744      98.68     0.0738     0.1926  1.000e-12  0.3046000    35.1192    35.1182    -0.0010    27.5641    27.5631    276.221    276.693      0.743    1481.94    1481.95  0.000e+00
      43222    279.500     6.6243     6.6273     0.0029    3.51730    3.51747          1     5.5118     3.6756      98.68     0.0837     0.2070  1.000e-12  0.3215000    35.1192    35.1180    -0.0012    27.5645    27.5632    276.716    277.189      0.778    1481.94    1481.95  0.000e+00
      43238    280.000     6.6149     6.6171     0.0023    3.51640    3.51649          1     5.5134     3.6862      98.68     0.0686     0.2342  1.000e-12  0.3273000    35.1186    35.1173    -0.0012    27.5653    27.5640    277.211    277.684      0.727    1481.91    1481.92  0.000e+00
