ctdpy/tests/etc/all_smhi_bas_2018/SBE09_0827_20181123_0903_26_01_1226.cnv
* Sea-Bird SBE 9 Data File:
* FileName = D:\CTD_SBE911\DAT\26DA.2018.12.26.hex
* Software Version Seasave V 7.21d
* Temperature SN = 4548
* Conductivity SN = 3062
* Number of Bytes Per Scan = 48
* Number of Voltage Words = 5
* Number of Scans Averaged by the Deck Unit = 1
* NMEA Latitude = 57 40.19 N
* NMEA Longitude = 019 23.41 E
* NMEA UTC (Time) = Nov 23 2018  09:03:50
* NMEA baud rate = 4800
** Ship: DANA
** Average sound velocity: 1442.94 m/s
** True-depth calculation Tue, 02 Apr 2019 12:13:26 +0000
** CTD Python Module SMHI /ver 3-12/ feb 2012 
** LIMS Job: 20182601-1226
** Operator: Ronny
** Cruise: 12/2018
# nquan = 26
# nvalues = 145                         
# units = specified
# name 0 = scan: Scan Count
# name 1 = prDM: Pressure, Digiquartz [db]
# name 2 = t090C: Temperature [ITS-90, deg C]
# name 3 = t190C: Temperature, 2 [ITS-90, deg C]
# name 4 = T2-T190C: Temperature Difference, 2 - 1 [ITS-90, deg C]
# name 5 = c0S/m: Conductivity [S/m]
# name 6 = c1S/m: Conductivity, 2 [S/m]
# name 7 = pumps: Pump Status
# name 8 = sbeox1ML/L: Oxygen, SBE 43, 2 [ml/l]
# name 9 = sbeox0ML/L: Oxygen, SBE 43 [ml/l]
# name 10 = altM: Altimeter [m]
# name 11 = chloroflTC0: Chlorophyll, Turner Cyclops [ug/l]
# name 12 = cpar: CPAR/Corrected Irradiance [%]
# name 13 = par: PAR/Irradiance, Biospherical/Lico [µE/(cm^2*s)]
# name 14 = spar: SPAR, Biospherical/Licor
# name 15 = sal00: Salinity, Practical [PSU]
# name 16 = sal11: Salinity, Practical, 2 [PSU]
# name 17 = secS-priS: Salinity, Practical, Difference, 2 - 1 [PSU]
# name 18 = sigma-t00: Density [sigma-t, kg/m^3 ]
# name 19 = sigma-t11: Density, 2 [sigma-t, kg/m^3 ]
# name 20 = depSM: Depth [salt water, m], lat = 57.6698
# name 21 = depFM: Depth [true depth, m], lat = 57.6698
# name 22 = dz/dtM: Descent Rate [m/s], WS = 2
# name 23 = svCM: Sound Velocity [Chen-Millero, m/s]
# name 24 = svCM1: Sound Velocity, 2 [Chen-Millero, m/s]
# name 25 = flag: flag
# span 0 =        284,       7550       
# span 1 =      1.500,     73.500       
# span 2 =     3.5168,     8.3894       
# span 3 =     3.5075,     8.3912       
# span 4 =    -0.3123,     0.1045       
# span 5 =   0.774230,   1.015815       
# span 6 =   0.773960,   1.016073       
# span 7 =          1,          1       
# span 8 =     0.4741,     7.4456       
# span 9 =     0.4400,     7.6813       
# span 10 =       1.51,       9.99      
# span 11 =     0.0157,     0.0213      
# span 12 = 8.7930e-13, 7.9074e+00      
# span 13 = 1.0000e-12, 9.3039e+00      
# span 14 = 1.0452e+02, 1.1770e+02      
# span 15 =     7.0114,     9.5097      
# span 16 =     7.0114,     9.5115      
# span 17 =    -0.0002,     0.0413      
# span 18 =     5.3365,     7.5170      
# span 19 =     5.3364,     7.5183      
# span 20 =      1.486,     72.808      
# span 21 =      1.520,     74.431      
# span 22 =     -0.025,      0.324      
# span 23 =    1429.90,    1450.00      
# span 24 =    1429.86,    1450.00      
# span 25 = 0.0000e+00, 0.0000e+00      
# interval = decibars: 0.5              
# start_time = Nov 23 2018 09:03:50 [NMEA time, first data scan]
# bad_flag = -9.990e-29
*END*
[from data line 56]
       2896     29.500     8.3779     8.3778    -0.0001    0.84113    0.84116          1     7.3969     7.6142       9.96     0.0194  8.926e-13  1.000e-12  1.120e+02     7.0511     7.0514     0.0003     5.3641     5.3644     29.225     29.887      0.324    1449.99    1449.99  0.000e+00
       2937     30.000     8.3747     8.3627    -0.0119    0.84111    0.84108          1     7.3983     7.6143       9.96     0.0194  8.926e-13  1.000e-12  1.120e+02     7.0515     7.0537     0.0021     5.3648     5.3675     29.721     30.394      0.257    1449.99    1449.94  0.000e+00
       2986     30.500     8.3414     8.3280    -0.0134    0.84103    0.84104          1     7.4043     7.6300       9.96     0.0195  8.953e-13  1.000e-12  1.117e+02     7.0574     7.0602     0.0027     5.3722     5.3755     30.216     30.900      0.254    1449.87    1449.82  0.000e+00
       3033     31.000     8.3319     8.3312    -0.0006    0.84106    0.84106          1     7.4174     7.6333       9.96     0.0195  8.953e-13  1.000e-12  1.117e+02     7.0595     7.0596     0.0001     5.3747     5.3748     30.711     31.407      0.260    1449.84    1449.84  0.000e+00
       3077     31.500     8.3281     8.3274    -0.0006    0.84107    0.84108          1     7.4142     7.6438       9.96     0.0195  8.953e-13  1.000e-12  1.117e+02     7.0603     7.0605     0.0002     5.3756     5.3758     31.207     31.913      0.259    1449.83    1449.83  0.000e+00
       3127     32.000     8.3229     8.3162    -0.0067    0.84111    0.84115          1     7.4189     7.6476       9.96     0.0195  8.953e-13  1.000e-12  1.117e+02     7.0617     7.0633     0.0016     5.3771     5.3789     31.702     32.420      0.237    1449.82    1449.80  0.000e+00
       3174     32.500     8.3057     8.2995    -0.0062    0.84123    0.84127          1     7.4219     7.6473       9.96     0.0195  8.953e-13  1.000e-12  1.117e+02     7.0661     7.0677     0.0016     5.3821     5.3838     32.197     32.927      0.282    1449.76    1449.74  0.000e+00
       3215     33.000     8.2834     8.2775    -0.0059    0.84137    0.84140          1     7.4254     7.6612       9.96     0.0195  8.953e-13  1.000e-12  1.117e+02     7.0717     7.0732     0.0015     5.3883     5.3900     32.692     33.433      0.281    1449.69    1449.67  0.000e+00
       3263     33.500     8.2721     8.2659    -0.0062    0.84137    0.84138          1     7.4312     7.6655       9.96     0.0197  8.953e-13  1.000e-12  1.117e+02     7.0740     7.0753     0.0013     5.3910     5.3926     33.188     33.940      0.237    1449.65    1449.63  0.000e+00
       3313     34.000     8.2642     8.2621    -0.0020    0.84137    0.84138          1     7.4429     7.6681       9.96     0.0195  8.953e-13  1.000e-12  1.117e+02     7.0755     7.0761     0.0005     5.3929     5.3935     33.683     34.446      0.240    1449.63    1449.62  0.000e+00
       3360     34.500     8.2596     8.2581    -0.0015    0.84137    0.84137          1     7.4384     7.6614       9.96     0.0195  8.953e-13  1.000e-12  1.117e+02     7.0763     7.0767     0.0004     5.3939     5.3943     34.178     34.953      0.282    1449.62    1449.62  0.000e+00
       3407     35.000     8.2534     8.2492    -0.0042    0.84132    0.84128          1     7.4423     7.6654       9.96     0.0195  8.953e-13  1.000e-12  1.117e+02     7.0772     7.0776     0.0005     5.3951     5.3958     34.674     35.459      0.228    1449.61    1449.59  0.000e+00
       3459     35.500     8.2501     8.2492    -0.0009    0.84151    0.84159          1     7.4371     7.6755       9.96     0.0198  8.953e-13  1.000e-12  1.117e+02     7.0794     7.0804     0.0009     5.3971     5.3979     35.169     35.966      0.248    1449.60    1449.60  0.000e+00
       3504     36.000     8.2480     8.2476    -0.0004    0.84165    0.84168          1     7.4456     7.6789       9.96     0.0198  8.953e-13  1.000e-12  1.117e+02     7.0811     7.0814     0.0004     5.3986     5.3989     35.664     36.472      0.291    1449.60    1449.60  0.000e+00
       3546     36.500     8.2459     8.2454    -0.0005    0.84169    0.84171          1     7.4250     7.6813       9.96     0.0201  8.953e-13  1.000e-12  1.117e+02     7.0818     7.0820     0.0003     5.3993     5.3996     36.160     36.979      0.248    1449.60    1449.60  0.000e+00
       3599     37.000     8.2420     8.2406    -0.0014    0.84174    0.84184          1     7.4375     7.6728       9.96     0.0196  8.953e-13  1.000e-12  1.117e+02     7.0830     7.0841     0.0011     5.4006     5.4016     36.655     37.485      0.243    1449.60    1449.59  0.000e+00
       3646     37.500     8.2496     8.2514     0.0018    0.84276    0.84321          1     7.4024     7.6338       9.96     0.0196  8.953e-13  1.000e-12  1.117e+02     7.0907     7.0943     0.0036     5.4060     5.4087     37.150     37.992      0.253    1449.65    1449.66  0.000e+00
       3695     38.000     8.2469     8.2471     0.0001    0.84447    0.84462          1     7.3566     7.5668       9.96     0.0192  8.953e-13  1.000e-12  1.117e+02     7.1066     7.1079     0.0013     5.4187     5.4197     37.645     38.498      0.237    1449.66    1449.67  0.000e+00
       3748     38.500     8.2324     8.2201    -0.0122    0.84477    0.84491          1     7.3165     7.5468       9.96     0.0184  8.953e-13  1.000e-12  1.117e+02     7.1121     7.1159     0.0038     5.4242     5.4282     38.141     39.005      0.236    1449.62    1449.57  0.000e+00
       3794     39.000     8.1890     8.1810    -0.0080    0.84433    0.84437          1     7.3203     7.5314       9.96     0.0181  8.953e-13  1.000e-12  1.117e+02     7.1169     7.1189     0.0020     5.4315     5.4338     38.636     39.511      0.281    1449.46    1449.43  0.000e+00
       3836     39.500     8.1035     8.0947    -0.0089    0.84297    0.84298          1     7.3011     7.4906       9.96     0.0180  8.953e-13  1.000e-12  1.117e+02     7.1218     7.1237     0.0019     5.4424     5.4447     39.131     40.018      0.268    1449.12    1449.09  0.000e+00
       3885     40.000     7.9624     7.8958    -0.0666    0.84035    0.83933          1     7.2654     7.4400       9.96     0.0173  8.953e-13  1.000e-12  1.117e+02     7.1265     7.1308     0.0043     5.4575     5.4662     39.627     40.524      0.239    1448.56    1448.29  0.000e+00
       3933     40.500     7.7861     7.7622    -0.0240    0.83734    0.83714          1     7.2305     7.4151       9.96     0.0171  8.953e-13  1.000e-12  1.117e+02     7.1349     7.1379     0.0030     5.4780     5.4822     40.122     41.031      0.252    1447.85    1447.76  0.000e+00
       3981     41.000     7.7151     7.6900    -0.0249    0.83669    0.83648          1     7.2109     7.4265       9.96     0.0171  8.953e-13  1.000e-12  1.117e+02     7.1433     7.1465     0.0032     5.4901     5.4946     40.617     41.537      0.250    1447.58    1447.48  0.000e+00
       4032     41.500     7.6773     7.6474    -0.0299    0.83657    0.83640          1     7.2119     7.4211       9.96     0.0171  8.953e-13  1.000e-12  1.117e+02     7.1500     7.1545     0.0046     5.4982     5.5041     41.112     42.044      0.229    1447.44    1447.32  0.000e+00
       4079     42.000     7.5948     7.5815    -0.0133    0.83604    0.83608          1     7.2085     7.3852       9.96     0.0171  8.953e-13  1.000e-12  1.117e+02     7.1619     7.1650     0.0030     5.5139     5.5173     41.608     42.550      0.286    1447.12    1447.07  0.000e+00
       4121     42.500     7.4750     7.4520    -0.0229    0.83484    0.83481          1     7.1695     7.3464       9.96     0.0170  8.953e-13  1.000e-12  1.117e+02     7.1755     7.1799     0.0044     5.5334     5.5386     42.103     43.057      0.274    1446.65    1446.56  0.000e+00
       4170     43.000     7.3412     7.3053    -0.0356    0.83362    0.83335          1     7.1834     7.3680       9.96     0.0170  8.953e-13  1.000e-12  1.117e+02     7.1917     7.1967     0.0050     5.5559     5.5624     42.598     43.563      0.215    1446.12    1445.98  0.000e+00
       4226     43.500     7.1879     7.1060    -0.0820    0.83145    0.83051          1     7.2564     7.3672       9.96     0.0164  8.953e-13  1.000e-12  1.117e+02     7.2033     7.2117     0.0083     5.5758     5.5880     43.094     44.070      0.261    1445.51    1445.18  0.000e+00
       4269     44.000     6.8318     6.7049    -0.1266    0.82594    0.82458          1     7.2576     7.2649       9.96     0.0163  8.953e-13  1.000e-12  1.117e+02     7.2263     7.2402     0.0140     5.6176     5.6367     43.589     44.576      0.259    1444.05    1443.53  0.000e+00
       4322     44.500     5.9634     5.6501    -0.3123    0.81243    0.80804          1     7.2506     7.2614       9.96     0.0165  8.953e-13  1.000e-12  1.117e+02     7.2822     7.3073     0.0251     5.7127     5.7483     44.084     45.083      0.211    1440.44    1439.11  0.000e+00
       4374     45.000     4.8326     4.6218    -0.2122    0.79237    0.79011          1     7.3026     7.2809       9.96     0.0159  8.953e-13  1.000e-12  1.117e+02     7.3323     7.3564     0.0241     5.8029     5.8300     44.579     45.589      0.280    1435.58    1434.68  0.000e+00
       4414     45.500     4.0765     3.9930    -0.0832    0.77890    0.77868          1     7.3492     7.4459       9.96     0.0159  8.953e-13  1.000e-12  1.117e+02     7.3654     7.3819     0.0165     5.8530     5.8683     45.075     46.095      0.266    1432.27    1431.91  0.000e+00
       4466     46.000     3.8235     3.7286    -0.0950    0.77539    0.77460          1     7.3066     7.4953       9.96     0.0159  8.953e-13  1.000e-12  1.117e+02     7.3866     7.4001     0.0135     5.8761     5.8889     45.570     46.602      0.226    1431.16    1430.75  0.000e+00
       4518     46.500     3.6859     3.6276    -0.0579    0.77423    0.77396          1     7.2778     7.4958       9.96     0.0159  8.953e-13  1.000e-12  1.117e+02     7.4059     7.4164     0.0105     5.8944     5.9039     46.065     47.108      0.246    1430.57    1430.32  0.000e+00
       4563     47.000     3.6218     3.5911    -0.0308    0.77446    0.77462          1     7.2597     7.4552       9.96     0.0159  8.953e-13  1.000e-12  1.117e+02     7.4229     7.4315     0.0086     5.9091     5.9165     46.560     47.614      0.265    1430.31    1430.18  0.000e+00
       4613     47.500     3.6050     3.5822    -0.0228    0.77532    0.77547          1     7.1933     7.3945       9.96     0.0158  8.956e-13  1.000e-12  1.117e+02     7.4355     7.4422     0.0067     5.9195     5.9252     47.056     48.120      0.222    1430.26    1430.16  0.000e+00
       4664     48.000     3.5865     3.5581    -0.0284    0.77565    0.77566          1     7.1621     7.3519       9.96     0.0158  8.964e-13  1.000e-12  1.116e+02     7.4430     7.4496     0.0067     5.9258     5.9316     47.551     48.627      0.266    1430.19    1430.07  0.000e+00
       4708     48.500     3.5168     3.5075    -0.0093    0.77523    0.77549          1     7.1366     7.3370       9.96     0.0158  8.991e-13  1.000e-12  1.112e+02     7.4547     7.4594     0.0048     5.9363     5.9403     48.046     49.133      0.257    1429.90    1429.86  0.000e+00
       4756     49.000     3.5246     3.5269     0.0023    0.77646    0.77692          1     7.0692     7.2916       9.96     0.0158  9.032e-13  1.000e-12  1.107e+02     7.4655     7.4697     0.0042     5.9448     5.9481     48.541     49.639      0.251    1429.96    1429.97  0.000e+00
       4806     49.500     3.7021     3.8069     0.1045    0.78225    0.78513          1     6.8468     7.0328       9.96     0.0158  9.079e-13  1.000e-12  1.102e+02     7.4842     7.4896     0.0055     5.9562     5.9583     49.037     50.146      0.239    1430.79    1431.28  0.000e+00
       4852     50.000     3.8196     3.8144    -0.0049    0.78595    0.78617          1     6.4816     6.6751       9.96     0.0159  9.103e-13  1.000e-12  1.099e+02     7.4950     7.4985     0.0034     5.9624     5.9653     49.532     50.652      0.276    1431.35    1431.33  0.000e+00
       4899     50.500     3.7380     3.7334    -0.0045    0.78470    0.78487          1     6.5181     6.6709       9.96     0.0159  9.115e-13  1.000e-12  1.097e+02     7.5010     7.5037     0.0027     5.9690     5.9712     50.027     51.158      0.229    1430.99    1430.98  0.000e+00
       4953     51.000     3.6732     3.6471    -0.0261    0.78366    0.78337          1     6.5771     6.7366       9.96     0.0159  9.119e-13  1.000e-12  1.097e+02     7.5052     7.5081     0.0030     5.9736     5.9765     50.523     51.664      0.242    1430.71    1430.60  0.000e+00
       4997     51.500     3.5873     3.5763    -0.0110    0.78225    0.78225          1     6.6872     6.8767       9.96     0.0158  9.119e-13  1.000e-12  1.097e+02     7.5104     7.5130     0.0026     5.9794     5.9817     51.018     52.171      0.285    1430.34    1430.29  0.000e+00
       5045     52.000     3.5828     3.5774    -0.0054    0.78312    0.78328          1     6.6749     6.8562       9.96     0.0157  9.119e-13  1.000e-12  1.097e+02     7.5204     7.5232     0.0028     5.9874     5.9898     51.513     52.677      0.219    1430.34    1430.32  0.000e+00
       5098     52.500     3.5908     3.5900    -0.0008    0.78403    0.78420          1     6.6135     6.7994       9.96     0.0158  9.119e-13  1.000e-12  1.097e+02     7.5278     7.5297     0.0019     5.9932     5.9948     52.008     53.183      0.262    1430.39    1430.39  0.000e+00
       5143     53.000     3.6078     3.6096     0.0018    0.78513    0.78532          1     6.5353     6.7124       9.96     0.0158  9.119e-13  1.000e-12  1.097e+02     7.5351     7.5367     0.0016     5.9987     5.9999     52.504     53.689      0.252    1430.49    1430.50  0.000e+00
       5194     53.500     3.6229     3.6286     0.0057    0.78612    0.78655          1     6.4616     6.6434       9.96     0.0159  9.119e-13  1.000e-12  1.097e+02     7.5418     7.5448     0.0031     6.0037     6.0060     52.999     54.195      0.220    1430.57    1430.60  0.000e+00
       5250     54.000     3.6461     3.6570     0.0109    0.78740    0.78807          1     6.4029     6.5928       9.96     0.0159  9.119e-13  1.000e-12  1.097e+02     7.5495     7.5539     0.0044     6.0094     6.0127     53.494     54.702      0.240    1430.70    1430.75  0.000e+00
       5293     54.500     3.6551     3.6551     0.0000    0.78884    0.78902          1     6.3423     6.5138       9.96     0.0159  9.119e-13  1.000e-12  1.097e+02     7.5621     7.5640     0.0019     6.0193     6.0208     53.989     55.208      0.278    1430.76    1430.76  0.000e+00
       5347     55.000     3.6477     3.6466    -0.0012    0.78972    0.79007          1     6.2952     6.4569       9.96     0.0158  9.119e-13  1.000e-12  1.097e+02     7.5729     7.5767     0.0038     6.0280     6.0310     54.485     55.714      0.207    1430.75    1430.75  0.000e+00
       5401     55.500     3.6523     3.6545     0.0023    0.79173    0.79246          1     6.2036     6.3631       9.96     0.0158  9.119e-13  1.000e-12  1.097e+02     7.5924     7.5994     0.0070     6.0434     6.0490     54.980     56.220      0.241    1430.80    1430.82  0.000e+00
       5447     56.000     3.6756     3.6909     0.0153    0.79700    0.79871          1     6.0415     6.1741       9.96     0.0158  9.119e-13  1.000e-12  1.097e+02     7.6412     7.6552     0.0140     6.0818     6.0926     55.475     56.727      0.275    1430.98    1431.07  0.000e+00
       5500     56.500     3.7243     3.7348     0.0105    0.80237    0.80460          1     5.7295     5.9073       9.96     0.0159  9.119e-13  1.000e-12  1.097e+02     7.6849     7.7054     0.0205     6.1156     6.1316     55.970     57.233      0.201    1431.26    1431.34  0.000e+00
