ctdpy/tests/etc/all_smhi_bas_2018/SBE09_1044_20180416_1652_34_07_0008.cnv
* Sea-Bird SBE 9 Data File:
* FileName = C:\ctd\temp\2018\AU18D008.hex
* Software Version Seasave V 7.26.6.26
* Temperature SN = 5351
* Conductivity SN = 3941
* Number of Bytes Per Scan = 41
* Number of Voltage Words = 4
* Number of Scans Averaged by the Deck Unit = 1
* NMEA Latitude = 57 11.56 N
* NMEA Longitude = 011 39.49 E
* NMEA UTC (Time) = Apr 16 2018  16:52:32
* NMEA baud rate = 4800
** Station:  Fladen
** Operator:  SSip
** Ship: AURA
** Average sound velocity: 1474.36 m/s
** True-depth calculation Mon, 16 Apr 2018 18:20:44 +0000
** CTD Python Module SMHI /ver 3-12/ feb 2012 
** LIMS Job: 20183407-0008
** Cruise: SMHI-01-2018
** Latitude [GG MM.mm N] :
** Longitude [GG MM.mm E]:
# nquan = 26
# nvalues = 160                         
# units = specified
# name 0 = scan: Scan Count
# name 1 = prDM: Pressure, Digiquartz [db]
# name 2 = t090C: Temperature [ITS-90, deg C]
# name 3 = t190C: Temperature, 2 [ITS-90, deg C]
# name 4 = T2-T190C: Temperature Difference, 2 - 1 [ITS-90, deg C]
# name 5 = c0S/m: Conductivity [S/m]
# name 6 = c1S/m: Conductivity, 2 [S/m]
# name 7 = pumps: Pump Status
# name 8 = sbeox0ML/L: Oxygen, SBE 43 [ml/l]
# name 9 = sbeox1ML/L: Oxygen, SBE 43, 2 [ml/l]
# name 10 = altM: Altimeter [m]
# name 11 = flECO-AFL: Chl-a Fluorescence, WET Labs ECO-AFL/FL [mg/m^3]
# name 12 = flECO-AFL1: Phycocyanin Fluorescence, WET Labs ECO-AFL/FL, 2 [mg/m^3]
# name 13 = par: PAR/Irradiance, Biospherical/Lico [µE/(cm^2*s)]
# name 14 = turbWETntu0: Turbidity, WET Labs ECO [NTU]
# name 15 = sal00: Salinity, Practical [PSU]
# name 16 = sal11: Salinity, Practical, 2 [PSU]
# name 17 = secS-priS: Salinity, Practical, Difference, 2 - 1 [PSU]
# name 18 = sigma-t00: Density [sigma-t, Kg/m^3 ]
# name 19 = sigma-t11: Density, 2 [sigma-t, Kg/m^3 ]
# name 20 = depSM: Depth [salt water, m], lat = 57.1927
# name 21 = depFM: Depth [true depth, m], lat = 57.1927
# name 22 = dz/dtM: Descent Rate [m/s], WS = 2
# name 23 = svCM: Sound Velocity [Chen-Millero, m/s]
# name 24 = svCM1: Sound Velocity, 2 [Chen-Millero, m/s]
# name 25 = flag: flag
# span 0 =       5584,       8999       
# span 1 =      0.500,     80.000       
# span 2 =     4.2095,     6.9486       
# span 3 =     4.2157,     6.9493       
# span 4 =    -0.3650,     0.0654       
# span 5 =   1.955889,   3.515926       
# span 6 =   1.955936,   3.515979       
# span 7 =          1,          1       
# span 8 =    5.42621,    8.26401       
# span 9 =    5.34231,    8.22272       
# span 10 =       3.86,      96.31      
# span 11 =     0.0588,     9.3511      
# span 12 =     0.1334,     1.4011      
# span 13 = -1.544e-06, 5.3031e+02      
# span 14 =     0.4201,     1.4843      
# span 15 =    19.4247,    34.8770      
# span 16 =    19.4504,    34.8769      
# span 17 =    -0.1604,     0.0396      
# span 18 =    15.1884,    27.3296      
# span 19 =    15.2522,    27.3294      
# span 20 =      0.495,     79.249      
# span 21 =      0.502,     79.451      
# span 22 =     -0.307,      0.666      
# span 23 =    1448.99,    1479.60      
# span 24 =    1449.00,    1479.60      
# span 25 = 0.0000e+00, 0.0000e+00      
# interval = decibars: 0.5              
# start_time = Apr 16 2018 16:52:32 [NMEA time, first data scan]
# bad_flag = -9.990e-29
*END*
[from data line 56]
       6757     28.500     6.7007     6.7004    -0.0003    3.46566    3.46564          1     5.7225     5.6410      96.30     0.3731     0.2692  2.517e-01  0.5784000    34.5945    34.5946     0.0001    27.1403    27.1404     28.236     28.389      0.562    1477.46    1477.45  0.000e+00
       6779     29.000     6.7061     6.7061    -0.0000    3.46657    3.46656          1     5.7306     5.6496      96.31     0.3245     0.2279  2.255e-01  0.5897000    34.5989    34.5989    -0.0001    27.1431    27.1430     28.731     28.885      0.549    1477.49    1477.49  0.000e+00
       6801     29.500     6.7264     6.7256    -0.0009    3.46979    3.46982          1     5.7520     5.6714      73.32     0.3266     0.1863  1.999e-01  0.6007000    34.6139    34.6151     0.0011    27.1521    27.1531     29.226     29.381      0.543    1477.60    1477.59  0.000e+00
       6823     30.000     6.7708     6.7698    -0.0010    3.47675    3.47674          1     5.7717     5.6968      73.77     0.2964     0.2078  1.747e-01  0.6312000    34.6459    34.6468     0.0009    27.1713    27.1721     29.722     29.877      0.553    1477.82    1477.81  0.000e+00
       6844     30.500     6.7808     6.7806    -0.0002    3.47838    3.47835          1     5.7793     5.7053      63.57     0.2116     0.2212  1.535e-01  0.6485000    34.6536    34.6534    -0.0002    27.1760    27.1759     30.217     30.372      0.570    1477.87    1477.87  0.000e+00
       6865     31.000     6.7824     6.7827     0.0004    3.47865    3.47871          1     5.7833     5.7122      63.97     0.2044     0.2092  1.353e-01  0.6573000    34.6548    34.6550     0.0002    27.1767    27.1769     30.713     30.868      0.574    1477.89    1477.89  0.000e+00
       6886     31.500     6.7828     6.7833     0.0005    3.47875    3.47881          1     5.7875     5.7273      64.36     0.2643     0.2151  1.175e-01  0.7011000    34.6552    34.6553     0.0002    27.1770    27.1770     31.208     31.364      0.557    1477.90    1477.90  0.000e+00
       6908     32.000     6.7940     6.7964     0.0023    3.48051    3.48088          1     5.7871     5.7316      65.27     0.2631     0.2307  1.048e-01  0.7098000    34.6630    34.6647     0.0017    27.1817    27.1827     31.703     31.860      0.537    1477.96    1477.97  0.000e+00
       6931     32.500     6.8114     6.8120     0.0006    3.48312    3.48324          1     5.7795     5.7195      57.01     0.1838     0.2299  9.114e-02  0.6857000    34.6741    34.6748     0.0007    27.1880    27.1885     32.198     32.356      0.538    1478.05    1478.06  0.000e+00
       6953     33.000     6.8136     6.8142     0.0006    3.48377    3.48383          1     5.7784     5.7068      66.61     0.1387     0.1888  7.391e-02  0.6851000    34.6788    34.6789     0.0001    27.1914    27.1914     32.694     32.851      0.554    1478.07    1478.08  0.000e+00
       6974     33.500     6.8193     6.8194     0.0001    3.48473    3.48478          1     5.7889     5.7025      69.13     0.1470     0.1334  6.246e-02  0.6857000    34.6834    34.6838     0.0004    27.1943    27.1946     33.189     33.347      0.563    1478.11    1478.11  0.000e+00
       6995     34.000     6.8272     6.8272     0.0001    3.48603    3.48605          1     5.7907     5.7011      59.84     0.1454     0.1930  4.628e-02  0.7227000    34.6895    34.6897     0.0002    27.1980    27.1982     33.684     33.843      0.561    1478.16    1478.16  0.000e+00
       7017     34.500     6.8308     6.8312     0.0004    3.48663    3.48667          1     5.7840     5.7019      72.19     0.1226     0.2294  3.474e-02  0.7189000    34.6923    34.6923     0.0000    27.1997    27.1997     34.180     34.339      0.555    1478.18    1478.19  0.000e+00
       7039     35.000     6.8311     6.8314     0.0003    3.48670    3.48673          1     5.7783     5.7012      76.07     0.1014     0.2344  2.453e-02  0.7098000    34.6925    34.6925     0.0000    27.1998    27.1998     34.675     34.834      0.552    1478.19    1478.19  0.000e+00
       7060     35.500     6.8338     6.8341     0.0003    3.48724    3.48728          1     5.7684     5.6848      73.10     0.1099     0.2254  1.301e-02  0.7060000    34.6954    34.6955     0.0001    27.2018    27.2018     35.170     35.330      0.549    1478.22    1478.22  0.000e+00
       7082     36.000     6.8378     6.8385     0.0007    3.48805    3.48817          1     5.7560     5.6756      82.82     0.1585     0.2441  5.133e-03  0.7113000    34.7002    34.7007     0.0006    27.2049    27.2053     35.666     35.826      0.548    1478.24    1478.25  0.000e+00
       7104     36.500     6.8418     6.8422     0.0004    3.48886    3.48891          1     5.7446     5.6721      60.03     0.1966     0.2324  5.954e-04  0.7165000    34.7048    34.7050     0.0003    27.2080    27.2082     36.161     36.322      0.550    1478.27    1478.28  0.000e+00
       7126     37.000     6.8432     6.8436     0.0004    3.48916    3.48921          1     5.7306     5.6616      87.39     0.1019     0.1996 -1.544e-06  0.7274000    34.7065    34.7066     0.0001    27.2092    27.2093     36.656     36.818      0.553    1478.29    1478.29  0.000e+00
       7148     37.500     6.8454     6.8458     0.0004    3.48967    3.48971          1     5.7105     5.6436      77.24     0.1122     0.2381 -2.265e-12  0.7233000    34.7096    34.7097     0.0001    27.2113    27.2114     37.152     37.313      0.557    1478.31    1478.31  0.000e+00
       7169     38.000     6.8488     6.8493     0.0004    3.49026    3.49033          1     5.6882     5.6135      77.94     0.1220     0.2315  1.000e-12  0.7200000    34.7125    34.7128     0.0003    27.2131    27.2133     37.647     37.809      0.562    1478.34    1478.34  0.000e+00
       7190     38.500     6.8522     6.8525     0.0003    3.49109    3.49112          1     5.6821     5.6050      57.74     0.1265     0.1707  1.000e-12  0.7317000    34.7179    34.7180     0.0002    27.2169    27.2170     38.142     38.305      0.563    1478.36    1478.36  0.000e+00
       7212     39.000     6.8545     6.8547     0.0002    3.49177    3.49177          1     5.6850     5.6132      51.35     0.1192     0.2068  1.000e-12  0.7472000    34.7228    34.7227    -0.0001    27.2205    27.2204     38.638     38.801      0.573    1478.39    1478.39  0.000e+00
       7232     39.500     6.8620     6.8614    -0.0006    3.49328    3.49318          1     5.6805     5.6029      89.95     0.1013     0.1934  1.000e-12  0.7725000    34.7317    34.7313    -0.0005    27.2265    27.2262     39.133     39.296      0.576    1478.44    1478.43  0.000e+00
       7253     40.000     6.8720     6.8719    -0.0001    3.49516    3.49515          1     5.6678     5.5936      86.31     0.1016     0.1918  1.000e-12  0.7843000    34.7421    34.7421    -0.0001    27.2333    27.2333     39.628     39.792      0.582    1478.50    1478.50  0.000e+00
       7274     40.500     6.8767     6.8769     0.0003    3.49617    3.49622          1     5.6571     5.5892      59.12     0.0930     0.2109  1.000e-12  0.8025000    34.7483    34.7486     0.0003    27.2375    27.2378     40.123     40.288      0.602    1478.53    1478.53  0.000e+00
       7293     41.000     6.8843     6.8844     0.0001    3.49790    3.49793          1     5.6452     5.5888      42.47     0.0900     0.2393  1.000e-12  0.8275000    34.7595    34.7597     0.0002    27.2454    27.2455     40.619     40.784      0.608    1478.58    1478.58  0.000e+00
       7313     41.500     6.8871     6.8873     0.0002    3.49859    3.49862          1     5.6418     5.5882      65.31     0.1025     0.1644  1.000e-12  0.8508000    34.7640    34.7641     0.0000    27.2485    27.2485     41.114     41.280      0.594    1478.61    1478.61  0.000e+00
       7334     42.000     6.8874     6.8877     0.0003    3.49866    3.49870          1     5.6484     5.5878      82.68     0.1364     0.1954  1.000e-12  0.8670000    34.7643    34.7644     0.0002    27.2487    27.2488     41.609     41.775      0.579    1478.62    1478.62  0.000e+00
       7355     42.500     6.8878     6.8887     0.0009    3.49877    3.49890          1     5.6553     5.5866      41.56     0.1143     0.2205  1.000e-12  0.8498000    34.7648    34.7653     0.0005    27.2490    27.2493     42.105     42.271      0.574    1478.63    1478.63  0.000e+00
       7375     43.000     6.8901     6.8908     0.0008    3.49914    3.49928          1     5.6602     5.5863      68.92     0.1336     0.2211  1.000e-12  0.8453000    34.7663    34.7671     0.0008    27.2499    27.2504     42.600     42.767      0.577    1478.64    1478.65  0.000e+00
       7396     43.500     6.8963     6.8962     0.0000    3.50019    3.50021          1     5.6613     5.5899      40.40     0.1256     0.1938  1.000e-12  0.8576000    34.7714    34.7716     0.0002    27.2531    27.2533     43.095     43.263      0.593    1478.68    1478.68  0.000e+00
       7416     44.000     6.9007     6.9010     0.0004    3.50115    3.50121          1     5.6586     5.5916      39.30     0.1016     0.2880  1.000e-12  0.8760000    34.7772    34.7776     0.0004    27.2570    27.2573     43.591     43.758      0.608    1478.72    1478.72  0.000e+00
       7436     44.500     6.9059     6.9062     0.0003    3.50207    3.50213          1     5.6513     5.5976      38.81     0.0690     0.2622  1.000e-12  0.8958000    34.7819    34.7822     0.0003    27.2600    27.2602     44.086     44.254      0.604    1478.75    1478.75  0.000e+00
       7456     45.000     6.9079     6.9086     0.0006    3.50254    3.50260          1     5.6488     5.5981      38.44     0.0898     0.2337  1.000e-12  0.8766000    34.7847    34.7848     0.0000    27.2620    27.2619     44.581     44.750      0.574    1478.77    1478.77  0.000e+00
       7477     45.500     6.9131     6.9136     0.0005    3.50336    3.50344          1     5.6542     5.5898      37.92     0.0899     0.2092  1.000e-12  0.8745000    34.7883    34.7887     0.0004    27.2641    27.2643     45.076     45.246      0.549    1478.80    1478.81  0.000e+00
       7500     46.000     6.9196     6.9201     0.0004    3.50457    3.50461          1     5.6550     5.5815      37.14     0.0910     0.2218  1.000e-12  0.8785000    34.7949    34.7949     0.0000    27.2683    27.2683     45.572     45.741      0.551    1478.85    1478.85  0.000e+00
       7521     46.500     6.9172     6.9178     0.0006    3.50461    3.50467          1     5.6475     5.5777      36.66     0.0905     0.1941  1.000e-12  0.8844000    34.7974    34.7976     0.0001    27.2707    27.2707     46.067     46.237      0.566    1478.85    1478.85  0.000e+00
       7542     47.000     6.9165     6.9170     0.0005    3.50473    3.50480          1     5.6400     5.5694      36.32     0.0870     0.2128  1.000e-12  0.8937000    34.7992    34.7994     0.0002    27.2722    27.2723     46.562     46.733      0.576    1478.85    1478.86  0.000e+00
       7563     47.500     6.9211     6.9215     0.0004    3.50553    3.50559          1     5.6320     5.5600      89.23     0.0801     0.2218  1.000e-12  0.9027000    34.8032    34.8035     0.0003    27.2747    27.2749     47.058     47.229      0.586    1478.89    1478.89  0.000e+00
       7583     48.000     6.9232     6.9237     0.0005    3.50605    3.50612          1     5.6260     5.5622      95.69     0.1243     0.2218  1.000e-12  0.9022000    34.8065    34.8068     0.0003    27.2770    27.2772     47.553     47.724      0.584    1478.91    1478.91  0.000e+00
       7604     48.500     6.9245     6.9250     0.0005    3.50633    3.50641          1     5.6262     5.5613      85.92     0.1088     0.2218  1.000e-12  0.9016000    34.8080    34.8084     0.0004    27.2780    27.2783     48.048     48.220      0.579    1478.92    1478.92  0.000e+00
       7624     49.000     6.9268     6.9273     0.0005    3.50684    3.50691          1     5.6197     5.5507      33.99     0.3052     0.1825  1.000e-12  0.9265000    34.8111    34.8114     0.0003    27.2802    27.2803     48.543     48.716      0.571    1478.94    1478.94  0.000e+00
       7646     49.500     6.9266     6.9272     0.0006    3.50705    3.50711          1     5.6128     5.5468      33.79     0.3730     0.2216  1.000e-12  0.9358000    34.8133    34.8134     0.0000    27.2819    27.2819     49.039     49.212      0.573    1478.95    1478.95  0.000e+00
       7666     50.000     6.9266     6.9271     0.0005    3.50733    3.50740          1     5.6061     5.5366      38.63     0.0913     0.2234  1.000e-12  0.9074000    34.8162    34.8165     0.0002    27.2842    27.2843     49.534     49.707      0.583    1478.96    1478.97  0.000e+00
       7687     50.500     6.9293     6.9297     0.0004    3.50826    3.50833          1     5.5975     5.5249      66.53     0.0596     0.1936  1.000e-12  0.8959000    34.8235    34.8239     0.0004    27.2895    27.2898     50.029     50.203      0.591    1478.99    1478.99  0.000e+00
       7707     51.000     6.9338     6.9341     0.0004    3.50949    3.50955          1     5.5921     5.5209      32.16     0.0742     0.2071  1.000e-12  0.9097000    34.8323    34.8326     0.0003    27.2959    27.2961     50.525     50.699      0.593    1479.03    1479.03  0.000e+00
       7727     51.500     6.9374     6.9379     0.0005    3.51044    3.51053          1     5.5891     5.5161      31.90     0.0916     0.1710  1.000e-12  0.9136000    34.8388    34.8394     0.0005    27.3005    27.3009     51.020     51.195      0.590    1479.06    1479.06  0.000e+00
       7748     52.000     6.9410     6.9415     0.0005    3.51111    3.51117          1     5.5882     5.5116      31.32     0.0911     0.1633  1.000e-12  0.9097000    34.8423    34.8425     0.0001    27.3028    27.3029     51.515     51.690      0.583    1479.09    1479.09  0.000e+00
       7768     52.500     6.9421     6.9426     0.0006    3.51138    3.51144          1     5.5858     5.5112      30.86     0.0717     0.1668  1.000e-12  0.9094000    34.8439    34.8441     0.0001    27.3039    27.3039     52.010     52.186      0.578    1479.10    1479.10  0.000e+00
       7789     53.000     6.9429     6.9435     0.0005    3.51160    3.51165          1     5.5802     5.5112      30.44     0.0801     0.1784  1.000e-12  0.9395000    34.8453    34.8453     0.0000    27.3048    27.3048     52.506     52.682      0.581    1479.11    1479.12  0.000e+00
       7810     53.500     6.9430     6.9435     0.0006    3.51172    3.51178          1     5.5728     5.5014      30.12     0.0691     0.2210  1.000e-12  0.9424000    34.8463    34.8464     0.0001    27.3057    27.3057     53.001     53.177      0.585    1479.12    1479.13  0.000e+00
       7830     54.000     6.9429     6.9435     0.0006    3.51184    3.51191          1     5.5754     5.5027      29.58     0.0701     0.1888  1.000e-12  0.9381000    34.8474    34.8476     0.0001    27.3065    27.3066     53.496     53.673      0.586    1479.13    1479.13  0.000e+00
       7851     54.500     6.9434     6.9440     0.0006    3.51201    3.51208          1     5.5721     5.5114      29.05     0.1000     0.1580  1.000e-12  0.9301000    34.8485    34.8488     0.0003    27.3073    27.3075     53.991     54.169      0.585    1479.14    1479.15  0.000e+00
       7871     55.000     6.9440     6.9445     0.0006    3.51217    3.51223          1     5.5697     5.5061      28.64     0.1490     0.1465  1.000e-12  0.9307000    34.8495    34.8497     0.0002    27.3080    27.3081     54.487     54.665      0.590    1479.16    1479.16  0.000e+00
       7891     55.500     6.9444     6.9450     0.0006    3.51230    3.51236          1     5.5763     5.4973      28.15     0.0805     0.2068  1.000e-12  0.9380000    34.8502    34.8503     0.0000    27.3086    27.3085     54.982     55.160      0.594    1479.17    1479.17  0.000e+00
