ctdpy/tests/etc/all_smhi_bas_2018/SBE09_1044_20180416_0433_34_07_0005.cnv
* Sea-Bird SBE 9 Data File:
* FileName = C:\ctd\temp\2018\AU18D005.hex
* Software Version Seasave V 7.26.6.26
* Temperature SN = 5351
* Conductivity SN = 3941
* Number of Bytes Per Scan = 41
* Number of Voltage Words = 4
* Number of Scans Averaged by the Deck Unit = 1
* NMEA Latitude = 58 17.64 N
* NMEA Longitude = 010 50.71 E
* NMEA UTC (Time) = Apr 16 2018  04:33:06
* NMEA baud rate = 4800
** Station:  A15
** Operator:  SSip
** Ship: AURA
** Average sound velocity: 1475.71 m/s
** True-depth calculation Mon, 16 Apr 2018 05:18:52 +0000
** CTD Python Module SMHI /ver 3-12/ feb 2012 
** LIMS Job: 20183407-0005
** Cruise: SMHI-01-2018
** Latitude [GG MM.mm N] :
** Longitude [GG MM.mm E]:
# nquan = 26
# nvalues = 265                         
# units = specified
# name 0 = scan: Scan Count
# name 1 = prDM: Pressure, Digiquartz [db]
# name 2 = t090C: Temperature [ITS-90, deg C]
# name 3 = t190C: Temperature, 2 [ITS-90, deg C]
# name 4 = T2-T190C: Temperature Difference, 2 - 1 [ITS-90, deg C]
# name 5 = c0S/m: Conductivity [S/m]
# name 6 = c1S/m: Conductivity, 2 [S/m]
# name 7 = pumps: Pump Status
# name 8 = sbeox0ML/L: Oxygen, SBE 43 [ml/l]
# name 9 = sbeox1ML/L: Oxygen, SBE 43, 2 [ml/l]
# name 10 = altM: Altimeter [m]
# name 11 = flECO-AFL: Chl-a Fluorescence, WET Labs ECO-AFL/FL [mg/m^3]
# name 12 = flECO-AFL1: Phycocyanin Fluorescence, WET Labs ECO-AFL/FL, 2 [mg/m^3]
# name 13 = par: PAR/Irradiance, Biospherical/Lico [µE/(cm^2*s)]
# name 14 = turbWETntu0: Turbidity, WET Labs ECO [NTU]
# name 15 = sal00: Salinity, Practical [PSU]
# name 16 = sal11: Salinity, Practical, 2 [PSU]
# name 17 = secS-priS: Salinity, Practical, Difference, 2 - 1 [PSU]
# name 18 = sigma-t00: Density [sigma-t, Kg/m^3 ]
# name 19 = sigma-t11: Density, 2 [sigma-t, Kg/m^3 ]
# name 20 = depSM: Depth [salt water, m], lat = 58.294
# name 21 = depFM: Depth [true depth, m], lat = 58.294
# name 22 = dz/dtM: Descent Rate [m/s], WS = 2
# name 23 = svCM: Sound Velocity [Chen-Millero, m/s]
# name 24 = svCM1: Sound Velocity, 2 [Chen-Millero, m/s]
# name 25 = flag: flag
# span 0 =       6421,      12392       
# span 1 =      0.500,    132.500       
# span 2 =     2.5611,     7.3944       
# span 3 =     2.5592,     7.3946       
# span 4 =    -0.0291,     0.1135       
# span 5 =   2.302295,   3.552962       
# span 6 =   2.301691,   3.553038       
# span 7 =          1,          1       
# span 8 =    5.62086,    8.41247       
# span 9 =    5.54778,    8.35399       
# span 10 =       4.06,      99.26      
# span 11 =     0.0275,     9.2615      
# span 12 =     0.1369,     1.5587      
# span 13 = -3.584e-06, 4.3790e+01      
# span 14 =     0.1518,     1.6162      
# span 15 =    23.8666,    35.0041      
# span 16 =    23.7591,    35.0042      
# span 17 =    -0.2264,     0.0315      
# span 18 =    18.9368,    27.3945      
# span 19 =    18.8437,    27.3945      
# span 20 =      0.495,    131.227      
# span 21 =      0.500,    131.498      
# span 22 =      0.003,      0.641      
# span 23 =    1449.43,    1481.60      
# span 24 =    1449.48,    1481.60      
# span 25 = 0.0000e+00, 0.0000e+00      
# interval = decibars: 0.5              
# start_time = Apr 16 2018 04:33:06 [NMEA time, first data scan]
# bad_flag = -9.990e-29
*END*
[from data line 223]
      11510    112.000     7.2223     7.2228     0.0005    3.54940    3.54947          1     5.7791     5.6987      24.77     0.0424     0.2123  1.000e-12  1.0271000    34.9484    34.9486     0.0002    27.3470    27.3470    110.929    111.175      0.591    1481.29    1481.29  0.000e+00
      11531    112.500     7.2221     7.2227     0.0006    3.54948    3.54955          1     5.7759     5.6988      24.25     0.0362     0.2465  1.000e-12  1.0216000    34.9492    34.9494     0.0001    27.3476    27.3476    111.424    111.670      0.601    1481.30    1481.30  0.000e+00
      11550    113.000     7.2227     7.2233     0.0006    3.54953    3.54960          1     5.7723     5.7027      23.78     0.0556     0.2712  1.000e-12  1.0505000    34.9490    34.9491     0.0001    27.3473    27.3474    111.920    112.166      0.616    1481.31    1481.31  0.000e+00
      11570    113.500     7.2227     7.2233     0.0007    3.54958    3.54966          1     5.7657     5.7022      23.33     0.0578     0.2627  1.000e-12  1.0408000    34.9493    34.9495     0.0002    27.3476    27.3477    112.415    112.662      0.619    1481.32    1481.32  0.000e+00
      11589    114.000     7.2218     7.2225     0.0007    3.54967    3.54973          1     5.7612     5.6962      22.81     0.0606     0.2254  1.000e-12  1.0390000    34.9508    34.9508    -0.0000    27.3489    27.3488    112.910    113.158      0.598    1481.32    1481.33  0.000e+00
      11610    114.500     7.2212     7.2218     0.0006    3.54973    3.54981          1     5.7641     5.6864      22.30     0.0637     0.2543  1.000e-12  1.0614000    34.9519    34.9521     0.0002    27.3499    27.3499    113.405    113.653      0.573    1481.33    1481.33  0.000e+00
      11631    115.000     7.2206     7.2212     0.0005    3.54978    3.54987          1     5.7668     5.6856      21.79     0.0567     0.2568  1.000e-12  1.1499000    34.9527    34.9532     0.0004    27.3506    27.3509    113.900    114.149      0.568    1481.34    1481.34  0.000e+00
      11652    115.500     7.2198     7.2204     0.0006    3.54982    3.54988          1     5.7609     5.6842      21.29     0.0544     0.2340  1.000e-12  1.1033000    34.9537    34.9538     0.0001    27.3515    27.3514    114.395    114.645      0.581    1481.34    1481.35  0.000e+00
      11672    116.000     7.2186     7.2191     0.0006    3.54984    3.54990          1     5.7521     5.6673      20.80     0.0563     0.2452  1.000e-12  1.1172000    34.9550    34.9551     0.0001    27.3526    27.3527    114.890    115.140      0.598    1481.35    1481.35  0.000e+00
      11692    116.500     7.2182     7.2188     0.0005    3.54989    3.54996          1     5.7428     5.6464      20.30     0.0469     0.2133  1.000e-12  1.1609000    34.9556    34.9558     0.0002    27.3532    27.3533    115.385    115.636      0.615    1481.36    1481.36  0.000e+00
      11711    117.000     7.2183     7.2189     0.0006    3.54992    3.54999          1     5.7361     5.6319      19.80     0.0358     0.2188  1.000e-12  1.2155000    34.9557    34.9558     0.0001    27.3532    27.3532    115.880    116.132      0.627    1481.36    1481.37  0.000e+00
      11730    117.500     7.2183     7.2189     0.0007    3.54995    3.55002          1     5.7315     5.6363      19.31     0.0581     0.2305  1.000e-12  1.2221000    34.9558    34.9558     0.0001    27.3533    27.3533    116.375    116.628      0.625    1481.37    1481.38  0.000e+00
      11750    118.000     7.2183     7.2188     0.0006    3.54998    3.55005          1     5.7280     5.6435      18.81     0.0668     0.2310  1.000e-12  1.2263000    34.9558    34.9560     0.0002    27.3534    27.3534    116.870    117.123      0.608    1481.38    1481.38  0.000e+00
      11770    118.500     7.2180     7.2187     0.0006    3.55001    3.55006          1     5.7225     5.6458      18.31     0.0666     0.2269  1.000e-12  1.2318000    34.9561    34.9561     0.0000    27.3536    27.3535    117.365    117.619      0.576    1481.39    1481.39  0.000e+00
      11792    119.000     7.2174     7.2182     0.0008    3.54998    3.55006          1     5.7103     5.6404      17.79     0.0666     0.2717  1.000e-12  1.2365000    34.9563    34.9563     0.0001    27.3538    27.3538    117.860    118.115      0.550    1481.40    1481.40  0.000e+00
      11814    119.500     7.2105     7.2114     0.0009    3.54981    3.54987          1     5.6873     5.6200      17.26     0.0616     0.2806  1.000e-12  1.2540000    34.9611    34.9608    -0.0003    27.3586    27.3583    118.355    118.610      0.561    1481.38    1481.38  0.000e+00
      11834    120.000     7.2036     7.2042     0.0006    3.55077    3.55083          1     5.6681     5.5962      16.76     0.0371     0.2387  1.000e-12  1.3069000    34.9783    34.9784     0.0001    27.3731    27.3732    118.851    119.106      0.597    1481.39    1481.39  0.000e+00
      11854    120.500     7.2012     7.2019     0.0006    3.55134    3.55140          1     5.6570     5.5759      16.27     0.0729     0.2065  1.000e-12  1.3198000    34.9868    34.9868     0.0000    27.3801    27.3801    119.346    119.602      0.627    1481.40    1481.40  0.000e+00
      11873    121.000     7.1996     7.2002     0.0006    3.55160    3.55165          1     5.6497     5.5634      15.84     0.0832     0.2317  1.000e-12  1.3121000    34.9910    34.9909    -0.0001    27.3837    27.3836    119.841    120.098      0.641    1481.40    1481.41  0.000e+00
      11891    121.500     7.1987     7.1994     0.0006    3.55176    3.55184          1     5.6445     5.5643      15.37     0.0855     0.2470  1.000e-12  1.3138000    34.9934    34.9935     0.0001    27.3857    27.3857    120.336    120.593      0.627    1481.41    1481.41  0.000e+00
      11911    122.000     7.1986     7.1992     0.0006    3.55186    3.55193          1     5.6399     5.5764      14.85     0.0440     0.2440  1.000e-12  1.3872000    34.9944    34.9945     0.0001    27.3865    27.3865    120.831    121.089      0.594    1481.42    1481.42  0.000e+00
      11932    122.500     7.1982     7.1988     0.0005    3.55200    3.55206          1     5.6396     5.5843      14.31     0.0584     0.2303  1.000e-12  1.3599000    34.9960    34.9961     0.0002    27.3878    27.3879    121.326    121.585      0.570    1481.43    1481.43  0.000e+00
      11953    123.000     7.1979     7.1985     0.0006    3.55209    3.55217          1     5.6424     5.5823      13.81     0.0562     0.2427  1.000e-12  1.3569000    34.9971    34.9973     0.0002    27.3888    27.3888    121.821    122.080      0.564    1481.44    1481.44  0.000e+00
      11974    123.500     7.1978     7.1983     0.0006    3.55223    3.55229          1     5.6475     5.5729      13.33     0.0633     0.2370  1.000e-12  1.3715000    34.9985    34.9986     0.0001    27.3898    27.3899    122.316    122.576      0.571    1481.45    1481.45  0.000e+00
      11995    124.000     7.1976     7.1981     0.0005    3.55231    3.55237          1     5.6486     5.5699      12.83     0.0666     0.2265  1.000e-12  1.3954000    34.9993    34.9995     0.0002    27.3905    27.3906    122.811    123.072      0.593    1481.45    1481.46  0.000e+00
      12015    124.500     7.1966     7.1973     0.0006    3.55233    3.55240          1     5.6510     5.5652      12.35     0.0662     0.2322  1.000e-12  1.4164000    35.0002    35.0003     0.0001    27.3914    27.3914    123.306    123.567      0.617    1481.46    1481.46  0.000e+00
      12034    125.000     7.1957     7.1963     0.0006    3.55238    3.55244          1     5.6516     5.5625      11.87     0.0572     0.2331  1.000e-12  1.4166000    35.0015    35.0016     0.0001    27.3925    27.3925    123.801    124.063      0.631    1481.47    1481.47  0.000e+00
      12053    125.500     7.1952     7.1958     0.0006    3.55243    3.55249          1     5.6422     5.5702      11.37     0.0438     0.2387  1.000e-12  1.4357000    35.0023    35.0023     0.0000    27.3932    27.3932    124.296    124.559      0.622    1481.47    1481.48  0.000e+00
      12073    126.000     7.1951     7.1958     0.0007    3.55247    3.55254          1     5.6361     5.5800      10.88     0.0429     0.2372  1.000e-12  1.4588000    35.0026    35.0026     0.0000    27.3935    27.3934    124.791    125.054      0.600    1481.48    1481.48  0.000e+00
      12093    126.500     7.1953     7.1959     0.0007    3.55251    3.55256          1     5.6387     5.5808      10.36     0.0579     0.2203  1.000e-12  1.4848000    35.0026    35.0025    -0.0001    27.3935    27.3933    125.286    125.550      0.583    1481.49    1481.49  0.000e+00
      12114    127.000     7.1955     7.1961     0.0006    3.55255    3.55262          1     5.6441     5.5774       9.85     0.0574     0.1936  1.000e-12  1.5007000    35.0026    35.0028     0.0002    27.3934    27.3935    125.781    126.046      0.574    1481.50    1481.50  0.000e+00
      12135    127.500     7.1956     7.1963     0.0006    3.55261    3.55266          1     5.6449     5.5631       9.34     0.0482     0.2277  1.000e-12  1.4814000    35.0029    35.0027    -0.0001    27.3936    27.3934    126.276    126.541      0.579    1481.51    1481.51  0.000e+00
      12155    128.000     7.1958     7.1964     0.0005    3.55267    3.55272          1     5.6431     5.5567       8.84     0.0659     0.2327  1.000e-12  1.4818000    35.0031    35.0030    -0.0001    27.3937    27.3936    126.771    127.037      0.591    1481.52    1481.52  0.000e+00
      12175    128.500     7.1960     7.1967     0.0006    3.55271    3.55277          1     5.6371     5.5538       8.34     0.0812     0.2292  1.000e-12  1.4921000    35.0030    35.0030    -0.0000    27.3937    27.3936    127.267    127.533      0.599    1481.53    1481.53  0.000e+00
      12195    129.000     7.1963     7.1969     0.0006    3.55278    3.55283          1     5.6310     5.5478       7.86     0.0904     0.2733  1.000e-12  1.5125000    35.0033    35.0032    -0.0001    27.3939    27.3937    127.762    128.029      0.598    1481.54    1481.54  0.000e+00
      12215    129.500     7.1962     7.1968     0.0005    3.55282    3.55289          1     5.6269     5.5509       7.35     0.1015     0.2378  1.000e-12  1.5894000    35.0036    35.0038     0.0001    27.3941    27.3941    128.257    128.524      0.599    1481.55    1481.55  0.000e+00
      12235    130.000     7.1960     7.1966     0.0006    3.55286    3.55293          1     5.6230     5.5514       6.86     0.0827     0.2301  1.000e-12  1.5599000    35.0040    35.0041     0.0001    27.3944    27.3944    128.752    129.020      0.594    1481.55    1481.56  0.000e+00
      12256    130.500     7.1961     7.1967     0.0006    3.55288    3.55296          1     5.6209     5.5532       6.36     0.0772     0.2380  1.000e-12  1.5604000    35.0039    35.0041     0.0002    27.3944    27.3945    129.247    129.516      0.581    1481.56    1481.56  0.000e+00
      12277    131.000     7.1960     7.1966     0.0006    3.55292    3.55298          1     5.6220     5.5586       5.84     0.0777     0.2625  1.000e-12  1.5855000    35.0041    35.0042     0.0001    27.3945    27.3945    129.742    130.011      0.563    1481.57    1481.57  0.000e+00
      12298    131.500     7.1960     7.1966     0.0006    3.55294    3.55301          1     5.6233     5.5640       5.35     0.0765     0.2301  1.000e-12  1.6162000    35.0041    35.0042     0.0001    27.3945    27.3945    130.237    130.507      0.543    1481.58    1481.58  0.000e+00
      12321    132.000     7.1960     7.1967     0.0007    3.55296    3.55304          1     5.6211     5.5629       4.85     0.0681     0.2428  1.000e-12  1.5852000    35.0041    35.0042     0.0001    27.3945    27.3945    130.732    131.003      0.544    1481.59    1481.59  0.000e+00
      12392    132.500     7.1978     7.1978    -0.0001    3.55282    3.55294          1     5.6359     5.5655       4.06     0.0854     0.2458  1.000e-12  1.4372000    35.0004    35.0018     0.0014    27.3914    27.3925    131.227    131.498      0.003    1481.60    1481.60  0.000e+00
