ctdpy/tests/etc/all_smhi_bas_2018/SBE09_1044_20181016_0227_34_01_0096.cnv
* Sea-Bird SBE 9 Data File:
* FileName = C:\ctd\temp\ar18d096.hex
* Software Version Seasave V 7.21e
* Temperature SN = 5351
* Conductivity SN = 3941
* Number of Bytes Per Scan = 41
* Number of Voltage Words = 4
* Number of Scans Averaged by the Deck Unit = 1
* NMEA Latitude = 55 33.31 N
* NMEA Longitude = 018 24.00 E
* NMEA UTC (Time) = Oct 16 2018  05:27:42
* NMEA baud rate = 4800
** Station:  BCS III-10
** Operator:  OBac
** Ship: ARANDA
** Average sound velocity: 1452.96 m/s
** True-depth calculation Tue, 16 Oct 2018 06:22:10 +0000
** CTD Python Module SMHI /ver 3-12/ feb 2012 
** LIMS Job: 20183401-0096
** Cruise: SMHI-4-2018
** Latitude [GG MM.mm N]:
** Longitude [GG MM.mm E]
# nquan = 26
# nvalues = 168                         
# units = specified
# name 0 = scan: Scan Count
# name 1 = prDM: Pressure, Digiquartz [db]
# name 2 = t090C: Temperature [ITS-90, deg C]
# name 3 = t190C: Temperature, 2 [ITS-90, deg C]
# name 4 = T2-T190C: Temperature Difference, 2 - 1 [ITS-90, deg C]
# name 5 = c0S/m: Conductivity [S/m]
# name 6 = c1S/m: Conductivity, 2 [S/m]
# name 7 = pumps: Pump Status
# name 8 = sbeox0ML/L: Oxygen, SBE 43 [ml/l]
# name 9 = sbeox1ML/L: Oxygen, SBE 43, 2 [ml/l]
# name 10 = altM: Altimeter [m]
# name 11 = flECO-AFL: Chl-a Fluorescence, WET Labs ECO-AFL/FL [mg/m^3]
# name 12 = flECO-AFL1: Phycocyanin Fluorescence, WET Labs ECO-AFL/FL, 2 [mg/m^3]
# name 13 = par: PAR/Irradiance, Biospherical/Lico [µE/(cm^2*s)]
# name 14 = turbWETntu0: Turbidity, WET Labs ECO [NTU]
# name 15 = sal00: Salinity, Practical [PSU]
# name 16 = sal11: Salinity, Practical, 2 [PSU]
# name 17 = secS-priS: Salinity, Practical, Difference, 2 - 1 [PSU]
# name 18 = sigma-t00: Density [sigma-t, Kg/m^3 ]
# name 19 = sigma-t11: Density, 2 [sigma-t, Kg/m^3 ]
# name 20 = depSM: Depth [salt water, m], lat = 55.5552
# name 21 = depFM: Depth [true depth, m], lat = 55.5552
# name 22 = dz/dtM: Descent Rate [m/s], WS = 2
# name 23 = svCM: Sound Velocity [Chen-Millero, m/s]
# name 24 = svCM1: Sound Velocity, 2 [Chen-Millero, m/s]
# name 25 = flag: flag
# span 0 =      29189,      32906       
# span 1 =      1.500,     85.000       
# span 2 =     3.4368,    13.5482       
# span 3 =     3.4385,    13.5664       
# span 4 =    -0.0060,     0.0614       
# span 5 =   0.775886,   1.139369       
# span 6 =   0.775900,   1.138913       
# span 7 =          1,          1       
# span 8 = -9.990e-29, -9.990e-29       
# span 9 = -9.990e-29, -9.990e-29       
# span 10 =       3.97,     118.35      
# span 11 =     0.2454,     1.5164      
# span 12 =     0.1692,     0.4382      
# span 13 = -2.555e-06, 3.7090e+01      
# span 14 =     0.1430,     1.4822      
# span 15 =     7.2871,    10.5300      
# span 16 =     7.2831,    10.5258      
# span 17 =    -0.0063,     0.0002      
# span 18 =     4.9751,     8.2834      
# span 19 =     4.9720,     8.2802      
# span 20 =      1.486,     84.212      
# span 21 =      1.520,     86.082      
# span 22 =      0.160,      0.639      
# span 23 =    1429.83,    1469.70      
# span 24 =    1429.84,    1469.70      
# span 25 = 0.0000e+00, 0.0000e+00      
# interval = decibars: 0.5              
# start_time = Oct 16 2018 05:27:42 [NMEA time, first data scan]
# bad_flag = -9.990e-29
*END*
[from data line 112]
      31700     57.500     3.7249     3.7300     0.0051    0.77900    0.77905          1 -9.990e-29 -9.990e-29      31.71     0.3161     0.1956  1.000e-12  0.2033000     7.4444     7.4438    -0.0007     5.9242     5.9236     56.971     58.263      0.566    1430.97    1431.00  0.000e+00
      31723     58.000     3.6688     3.6754     0.0066    0.77796    0.77802          1 -9.990e-29 -9.990e-29      31.16     0.3038     0.2147  1.000e-12  0.2497000     7.4466     7.4456    -0.0009     5.9271     5.9262     57.466     58.769      0.502    1430.73    1430.76  0.000e+00
      31748     58.500     3.6144     3.6182     0.0038    0.77699    0.77701          1 -9.990e-29 -9.990e-29      31.60     0.2958     0.2328  1.000e-12  0.1470000     7.4489     7.4484    -0.0006     5.9300     5.9295     57.962     59.275      0.511    1430.49    1430.51  0.000e+00
      31770     59.000     3.5888     3.5942     0.0055    0.77682    0.77687          1 -9.990e-29 -9.990e-29      31.22     0.3086     0.2357  1.000e-12  0.1430000     7.4530     7.4523    -0.0007     5.9337     5.9330     58.457     59.782      0.579    1430.39    1430.41  0.000e+00
      31789     59.500     3.5377     3.5422     0.0046    0.77589    0.77590          1 -9.990e-29 -9.990e-29      29.82     0.2829     0.2249  1.000e-12  0.1538000     7.4551     7.4542    -0.0009     5.9363     5.9355     58.952     60.288      0.603    1430.17    1430.19  0.000e+00
      31810     60.000     3.5314     3.5342     0.0028    0.77612    0.77612          1 -9.990e-29 -9.990e-29      29.11     0.2904     0.1947  1.000e-12  0.1767000     7.4588     7.4582    -0.0006     5.9394     5.9388     59.448     60.794      0.567    1430.15    1430.16  0.000e+00
      31832     60.500     3.5236     3.5259     0.0023    0.77637    0.77635          1 -9.990e-29 -9.990e-29      28.51     0.2878     0.1795  1.000e-12  0.1739000     7.4632     7.4625    -0.0007     5.9430     5.9424     59.943     61.300      0.509    1430.13    1430.14  0.000e+00
      31857     61.000     3.5503     3.5499    -0.0004    0.77752    0.77745          1 -9.990e-29 -9.990e-29      27.93     0.2801     0.2306  1.000e-12  0.1641000     7.4688     7.4682    -0.0006     5.9470     5.9465     60.438     61.807      0.501    1430.27    1430.26  0.000e+00
      31880     61.500     3.5787     3.5801     0.0015    0.77872    0.77869          1 -9.990e-29 -9.990e-29      27.40     0.2769     0.2350  1.000e-12  0.1767000     7.4746     7.4740    -0.0006     5.9511     5.9506     60.934     62.313      0.553    1430.41    1430.42  0.000e+00
      31900     62.000     3.5549     3.5589     0.0040    0.77859    0.77861          1 -9.990e-29 -9.990e-29      26.96     0.2705     0.2023  1.000e-12  0.1914000     7.4786     7.4779    -0.0007     5.9547     5.9541     61.429     62.819      0.601    1430.32    1430.33  0.000e+00
      31920     62.500     3.5434     3.5447     0.0013    0.77870    0.77866          1 -9.990e-29 -9.990e-29      26.47     0.2694     0.1886  1.000e-12  0.1554000     7.4824     7.4817    -0.0007     5.9580     5.9574     61.924     63.325      0.597    1430.28    1430.28  0.000e+00
      31941     63.000     3.5380     3.5422     0.0043    0.77904    0.77906          1 -9.990e-29 -9.990e-29      26.00     0.2677     0.2261  1.000e-12  0.1638000     7.4871     7.4864    -0.0007     5.9617     5.9611     62.420     63.832      0.531    1430.27    1430.28  0.000e+00
      31965     63.500     3.4635     3.4713     0.0078    0.77748    0.77756          1 -9.990e-29 -9.990e-29      25.50     0.2701     0.2905  1.000e-12  0.2355000     7.4881     7.4872    -0.0010     5.9639     5.9630     62.915     64.338      0.484    1429.93    1429.97  0.000e+00
      31990     64.000     3.4368     3.4385     0.0016    0.77758    0.77752          1 -9.990e-29 -9.990e-29      25.08     0.2714     0.2351  1.000e-12  0.1991000     7.4952     7.4943    -0.0009     5.9699     5.9692     63.410     64.844      0.539    1429.83    1429.84  0.000e+00
      32010     64.500     3.4744     3.4733    -0.0011    0.77956    0.77946          1 -9.990e-29 -9.990e-29      24.58     0.2803     0.2115  1.000e-12  0.1696000     7.5070     7.5062    -0.0008     5.9787     5.9781     63.906     65.350      0.608    1430.03    1430.02  0.000e+00
      32029     65.000     3.5353     3.5350    -0.0003    0.78238    0.78230          1 -9.990e-29 -9.990e-29      23.95     0.2955     0.2268  1.000e-12  0.1750000     7.5220     7.5211    -0.0008     5.9896     5.9889     64.401     65.857      0.612    1430.33    1430.33  0.000e+00
      32050     65.500     3.5322     3.5374     0.0051    0.78373    0.78371          1 -9.990e-29 -9.990e-29      23.42     0.2946     0.2389  1.000e-12  0.1986000     7.5365     7.5351    -0.0014     6.0012     6.0000     64.896     66.363      0.552    1430.34    1430.36  0.000e+00
      32074     66.000     3.5120     3.5149     0.0028    0.78630    0.78609          1 -9.990e-29 -9.990e-29      22.79     0.2828     0.2020  1.000e-12  0.1918000     7.5677     7.5649    -0.0029     6.0264     6.0241     65.391     66.869      0.481    1430.30    1430.31  0.000e+00
      32099     66.500     3.5380     3.5374    -0.0007    0.79147    0.79123          1 -9.990e-29 -9.990e-29      22.23     0.2939     0.1894  1.000e-12  0.2050000     7.6149     7.6126    -0.0023     6.0635     6.0617     65.887     67.375      0.514    1430.49    1430.48  0.000e+00
      32120     67.000     3.5362     3.5415     0.0052    0.79726    0.79707          1 -9.990e-29 -9.990e-29      21.76     0.2709     0.2922  1.000e-12  0.1983000     7.6752     7.6720    -0.0032     6.1115     6.1089     66.382     67.881      0.588    1430.56    1430.58  0.000e+00
      32140     67.500     3.5142     3.5157     0.0015    0.80144    0.80131          1 -9.990e-29 -9.990e-29      21.21     0.2649     0.2373  1.000e-12  0.1952000     7.7236     7.7220    -0.0017     6.1505     6.1491     66.877     68.388      0.615    1430.53    1430.54  0.000e+00
      32159     68.000     3.5395     3.5397     0.0002    0.80679    0.80656          1 -9.990e-29 -9.990e-29      20.71     0.2573     0.2343  1.000e-12  0.1929000     7.7729     7.7705    -0.0025     6.1893     6.1873     67.373     68.894      0.584    1430.72    1430.72  0.000e+00
      32181     68.500     3.5992     3.5957    -0.0036    0.81465    0.81424          1 -9.990e-29 -9.990e-29      20.14     0.2623     0.2340  1.000e-12  0.1983000     7.8398     7.8365    -0.0033     6.2413     6.2387     67.868     69.400      0.515    1431.09    1431.07  0.000e+00
      32206     69.000     3.7069     3.7009    -0.0060    0.82754    0.82696          1 -9.990e-29 -9.990e-29      19.55     0.2840     0.1955  1.000e-12  0.1977000     7.9467     7.9422    -0.0046     6.3242     6.3206     68.363     69.906      0.486    1431.72    1431.69  0.000e+00
      32230     69.500     3.8101     3.8056    -0.0045    0.84182    0.84124          1 -9.990e-29 -9.990e-29      18.72     0.2926     0.2110  1.000e-12  0.2043000     8.0686     8.0637    -0.0048     6.4187     6.4149     68.859     70.412      0.553    1432.35    1432.33  0.000e+00
      32250     70.000     3.8974     3.8958    -0.0017    0.85503    0.85467          1 -9.990e-29 -9.990e-29      17.97     0.2454     0.2656  1.000e-12  0.1970000     8.1829     8.1795    -0.0033     6.5074     6.5048     69.354     70.918      0.608    1432.90    1432.89  0.000e+00
      32270     70.500     3.9684     3.9658    -0.0025    0.86422    0.86400          1 -9.990e-29 -9.990e-29      17.63     0.2640     0.2017  1.000e-12  0.1986000     8.2594     8.2578    -0.0016     6.5663     6.5651     69.849     71.424      0.590    1433.33    1433.31  0.000e+00
      32291     71.000     4.0557     4.0513    -0.0044    0.87731    0.87667          1 -9.990e-29 -9.990e-29      17.09     0.2763     0.2073  1.000e-12  0.2044000     8.3716     8.3662    -0.0054     6.6530     6.6489     70.344     71.930      0.531    1433.87    1433.85  0.000e+00
      32315     71.500     4.1384     4.1359    -0.0025    0.89210    0.89165          1 -9.990e-29 -9.990e-29      16.65     0.2652     0.2132  1.000e-12  0.2035000     8.5020     8.4981    -0.0039     6.7541     6.7511     70.840     72.436      0.508    1434.42    1434.40  0.000e+00
      32338     72.000     4.1824     4.1826     0.0002    0.90001    0.89981          1 -9.990e-29 -9.990e-29      16.19     0.2461     0.2117  1.000e-12  0.1924000     8.5716     8.5695    -0.0021     6.8080     6.8063     71.335     72.942      0.552    1434.71    1434.71  0.000e+00
      32358     72.500     4.1955     4.1959     0.0004    0.90177    0.90161          1 -9.990e-29 -9.990e-29      15.75     0.2463     0.3222  1.000e-12  0.1977000     8.5862     8.5845    -0.0018     6.8192     6.8178     71.830     73.447      0.588    1434.80    1434.80  0.000e+00
      32379     73.000     4.2406     4.2382    -0.0024    0.90819    0.90783          1 -9.990e-29 -9.990e-29      15.31     0.2591     0.1731  1.000e-12  0.1866000     8.6401     8.6369    -0.0031     6.8605     6.8581     72.326     73.953      0.567    1435.08    1435.06  0.000e+00
      32401     73.500     4.3729     4.3672    -0.0057    0.92885    0.92809          1 -9.990e-29 -9.990e-29      14.73     0.2588     0.2270  1.000e-12  0.1914000     8.8162     8.8098    -0.0063     6.9957     6.9909     72.821     74.459      0.518    1435.90    1435.86  0.000e+00
      32425     74.000     4.5130     4.5138     0.0007    0.95103    0.95069          1 -9.990e-29 -9.990e-29      14.22     0.2747     0.1852  1.000e-12  0.1958000     9.0047     9.0010    -0.0037     7.1402     7.1372     73.316     74.965      0.515    1436.77    1436.77  0.000e+00
      32447     74.500     4.5883     4.5885     0.0002    0.96242    0.96207          1 -9.990e-29 -9.990e-29      13.71     0.2731     0.1692  1.000e-12  0.1928000     9.1001     9.0964    -0.0036     7.2129     7.2100     73.812     75.470      0.576    1437.23    1437.23  0.000e+00
      32467     75.000     4.6872     4.6873     0.0001    0.97873    0.97839          1 -9.990e-29 -9.990e-29      13.24     0.2751     0.1972  1.000e-12  0.1944000     9.2386     9.2351    -0.0034     7.3187     7.3159     74.307     75.976      0.615    1437.85    1437.85  0.000e+00
      32487     75.500     4.8215     4.8188    -0.0026    0.99218    0.99165          1 -9.990e-29 -9.990e-29      12.76     0.2853     0.2357  1.000e-12  0.1985000     9.3375     9.3329    -0.0046     7.3914     7.3878     74.802     76.481      0.583    1438.58    1438.56  0.000e+00
      32509     76.000     4.9915     4.9884    -0.0031    1.01097    1.01058          1 -9.990e-29 -9.990e-29      12.18     0.3201     0.2341  1.000e-12  0.2071000     9.4796     9.4765    -0.0031     7.4963     7.4940     75.297     76.987      0.507    1439.51    1439.50  0.000e+00
      32534     76.500     5.0801     5.0779    -0.0022    1.02155    1.02122          1 -9.990e-29 -9.990e-29      11.62     0.3316     0.2718  1.000e-12  0.2467000     9.5611     9.5584    -0.0027     7.5566     7.5546     75.793     77.492      0.495    1440.01    1440.00  0.000e+00
      32557     77.000     5.1603     5.1577    -0.0026    1.03314    1.03257          1 -9.990e-29 -9.990e-29      11.11     0.3443     0.2206  1.000e-12  0.2125000     9.6548     9.6498    -0.0050     7.6269     7.6230     76.288     77.998      0.562    1440.49    1440.47  0.000e+00
      32577     77.500     5.2675     5.2656    -0.0019    1.04835    1.04803          1 -9.990e-29 -9.990e-29      10.67     0.3426     0.2103  1.000e-12  0.2007000     9.7767     9.7740    -0.0027     7.7179     7.7159     76.783     78.503      0.604    1441.12    1441.11  0.000e+00
      32597     78.000     5.3521     5.3516    -0.0004    1.06051    1.06031          1 -9.990e-29 -9.990e-29      10.12     0.3311     0.2335  1.000e-12  0.1946000     9.8741     9.8723    -0.0018     7.7905     7.7890     77.279     79.009      0.591    1441.61    1441.61  0.000e+00
      32618     78.500     5.3965     5.3973     0.0008    1.06859    1.06856          1 -9.990e-29 -9.990e-29       9.66     0.3156     0.2358  1.000e-12  0.1946000     9.9420     9.9415    -0.0005     7.8417     7.8413     77.774     79.514      0.535    1441.90    1441.90  0.000e+00
      32642     79.000     5.4166     5.4174     0.0009    1.07212    1.07203          1 -9.990e-29 -9.990e-29       9.43     0.3249     0.2329  1.000e-12  0.1971000     9.9714     9.9703    -0.0011     7.8639     7.8630     78.269     80.019      0.503    1442.03    1442.04  0.000e+00
      32665     79.500     5.4330     5.4337     0.0007    1.07473    1.07456          1 -9.990e-29 -9.990e-29       9.71     0.3440     0.1988  1.000e-12  0.1944000     9.9927     9.9907    -0.0019     7.8798     7.8783     78.764     80.525      0.538    1442.14    1442.14  0.000e+00
      32686     80.000     5.4591     5.4606     0.0014    1.07950    1.07938          1 -9.990e-29 -9.990e-29       9.20     0.3417     0.1924  1.000e-12  0.2072000    10.0326    10.0310    -0.0016     7.9100     7.9086     79.260     81.030      0.576    1442.31    1442.32  0.000e+00
      32707     80.500     5.4849     5.4865     0.0016    1.08462    1.08455          1 -9.990e-29 -9.990e-29       8.67     0.3203     0.1987  1.000e-12  0.1993000    10.0761    10.0750    -0.0011     7.9429     7.9419     79.755     81.535      0.581    1442.48    1442.49  0.000e+00
      32728     81.000     5.5171     5.5180     0.0010    1.09006    1.08991          1 -9.990e-29 -9.990e-29       8.17     0.3339     0.2125  1.000e-12  0.1941000    10.1209    10.1191    -0.0018     7.9765     7.9750     80.250     82.040      0.566    1442.69    1442.69  0.000e+00
      32749     81.500     5.5471     5.5490     0.0018    1.09400    1.09398          1 -9.990e-29 -9.990e-29       7.59     0.3440     0.2495  1.000e-12  0.2949000    10.1512    10.1505    -0.0007     7.9987     7.9980     80.746     82.546      0.544    1442.86    1442.87  0.000e+00
      32772     82.000     5.5684     5.5692     0.0008    1.09695    1.09684          1 -9.990e-29 -9.990e-29       6.95     0.3347     0.2767  1.000e-12  0.4576000    10.1743    10.1730    -0.0013     8.0158     8.0147     81.241     83.051      0.533    1442.99    1442.99  0.000e+00
      32794     82.500     5.5975     5.5986     0.0010    1.10075    1.10063          1 -9.990e-29 -9.990e-29       6.57     0.3236     0.2554  1.000e-12  0.6954000    10.2034    10.2019    -0.0015     8.0371     8.0359     81.736     83.556      0.531    1443.16    1443.17  0.000e+00
      32817     83.000     5.6243     5.6254     0.0011    1.10523    1.10512          1 -9.990e-29 -9.990e-29       6.04     0.3451     0.2137  1.000e-12  1.2256000    10.2400    10.2386    -0.0014     8.0645     8.0633     82.231     84.061      0.535    1443.33    1443.34  0.000e+00
      32839     83.500     5.6608     5.6600    -0.0007    1.11142    1.11110          1 -9.990e-29 -9.990e-29       5.53     0.3798     0.1993  1.000e-12  1.1649000    10.2907    10.2877    -0.0029     8.1023     8.1001     82.727     84.566      0.542    1443.56    1443.55  0.000e+00
      32861     84.000     5.7196     5.7186    -0.0011    1.12125    1.12088          1 -9.990e-29 -9.990e-29       5.02     0.3468     0.2240  1.000e-12  1.3758000    10.3708    10.3675    -0.0033     8.1621     8.1595     83.222     85.072      0.555    1443.92    1443.91  0.000e+00
      32883     84.500     5.7741     5.7737    -0.0004    1.13337    1.13295          1 -9.990e-29 -9.990e-29       4.52     0.3603     0.2793  1.000e-12  1.4822000    10.4749    10.4709    -0.0041     8.2410     8.2378     83.717     85.577      0.546    1444.30    1444.29  0.000e+00
