ctdpy/tests/etc/all_smhi_bas_2018/SBE09_0827_20180828_0438_26_01_0919.cnv
* Sea-Bird SBE 9 Data File:
* FileName = D:\CTD_SBE911\DAT\26DA.2018.8.119.hex
* Software Version Seasave V 7.21d
* Temperature SN = 034605
* Conductivity SN = 041844
* Number of Bytes Per Scan = 48
* Number of Voltage Words = 5
* Number of Scans Averaged by the Deck Unit = 1
* NMEA Latitude = 56 38.51 N
* NMEA Longitude = 011 50.20 E
* NMEA UTC (Time) = Aug 28 2018  04:41:01
* NMEA baud rate = 4800
** Ship: DANA
** Average sound velocity: 1504.84 m/s
** True-depth calculation Thu, 28 Mar 2019 09:53:59 +0000
** CTD Python Module SMHI /ver 3-12/ feb 2012 
** LIMS Job: 20182601-0919
**  7 S ANHOLT KNOB
** Operator: Christian
** Cruise: 08/2018
# nquan = 26
# nvalues = 65                          
# units = specified
# name 0 = scan: Scan Count
# name 1 = prDM: Pressure, Digiquartz [db]
# name 2 = t090C: Temperature [ITS-90, deg C]
# name 3 = t190C: Temperature, 2 [ITS-90, deg C]
# name 4 = T2-T190C: Temperature Difference, 2 - 1 [ITS-90, deg C]
# name 5 = c0S/m: Conductivity [S/m]
# name 6 = c1S/m: Conductivity, 2 [S/m]
# name 7 = pumps: Pump Status
# name 8 = sbeox1ML/L: Oxygen, SBE 43, 2 [ml/l]
# name 9 = sbeox0ML/L: Oxygen, SBE 43 [ml/l]
# name 10 = altM: Altimeter [m]
# name 11 = chloroflTC0: Chlorophyll, Turner Cyclops [ug/l]
# name 12 = cpar: CPAR/Corrected Irradiance [%]
# name 13 = par: PAR/Irradiance, Biospherical/Lico [µE/(cm^2*s)]
# name 14 = spar: SPAR, Biospherical/Licor
# name 15 = sal00: Salinity, Practical [PSU]
# name 16 = sal11: Salinity, Practical, 2 [PSU]
# name 17 = secS-priS: Salinity, Practical, Difference, 2 - 1 [PSU]
# name 18 = sigma-t00: Density [sigma-t, kg/m^3 ]
# name 19 = sigma-t11: Density, 2 [sigma-t, kg/m^3 ]
# name 20 = depSM: Depth [salt water, m], lat = 56.6418
# name 21 = depFM: Depth [true depth, m], lat = 56.6418
# name 22 = dz/dtM: Descent Rate [m/s], WS = 2
# name 23 = svCM: Sound Velocity [Chen-Millero, m/s]
# name 24 = svCM1: Sound Velocity, 2 [Chen-Millero, m/s]
# name 25 = flag: flag
# span 0 =         34,       5463       
# span 1 =      2.000,     34.000       
# span 2 =    13.6337,    18.4791       
# span 3 =    13.6571,    18.4005       
# span 4 =    -0.2690,     1.1791       
# span 5 =   3.127148,   4.082107       
# span 6 =   3.127545,   4.079301       
# span 7 =          1,          1       
# span 8 =     4.7021,     5.9947       
# span 9 =     4.5613,     5.6512       
# span 10 =       1.04,       9.97      
# span 11 =     0.0517,     0.1964      
# span 12 = -1.208e-04, 7.2537e+00      
# span 13 = -3.924e-05, 2.5526e+00      
# span 14 = 2.0306e+01, 3.5242e+01      
# span 15 =    22.7444,    32.3200      
# span 16 =    22.7465,    32.3335      
# span 17 =    -2.0512,     0.0185      
# span 18 =    15.8687,    24.1915      
# span 19 =    15.8703,    24.1862      
# span 20 =      1.982,     33.686      
# span 21 =      2.005,     33.958      
# span 22 =     -0.299,      0.503      
# span 23 =    1499.69,    1510.10      
# span 24 =    1499.76,    1510.04      
# span 25 = 0.0000e+00, 0.0000e+00      
# interval = decibars: 0.5              
# start_time = Aug 28 2018 04:41:01 [NMEA time, first data scan]
# bad_flag = -9.990e-29
*END*
[from data line 56]
       2709     30.000    14.0518    14.9275     0.8758    3.90624    3.96973          1     5.0299     4.6547       5.01     0.0572  4.113e-12  1.000e-12  2.432e+01    32.2776    32.1289    -0.1486    24.0734    23.7750     29.723     29.980      0.289    1500.95    1503.60  0.000e+00
       2749     30.500    14.0467    14.6730     0.6263    3.90600    3.95466          1     4.9824     4.6729       4.53     0.0541  4.359e-12  1.000e-12  2.298e+01    32.2795    32.2025    -0.0769    24.0759    23.8858     30.219     30.477      0.314    1500.94    1502.88  0.000e+00
       2791     31.000    14.0415    14.4548     0.4132    3.90575    3.94016          1     4.9387     4.6779       4.04     0.0553  4.471e-12  1.000e-12  2.237e+01    32.2814    32.2516    -0.0299    24.0785    23.9696     30.714     30.975      0.242    1500.93    1502.24  0.000e+00
       2843     31.500    14.0409    14.2130     0.1723    3.90590    3.92359          1     4.8951     4.6462       3.56     0.0531  4.476e-12  1.000e-12  2.234e+01    32.2831    32.3016     0.0185    24.0799    24.0586     31.209     31.472      0.276    1500.94    1501.52  0.000e+00
       2881     32.000    13.8892    14.1786     0.2894    3.89362    3.92006          1     4.8722     4.5826       3.07     0.0517  4.476e-12  1.000e-12  2.234e+01    32.2969    32.2977     0.0008    24.1216    24.0628     31.705     31.969      0.281    1500.47    1501.41  0.000e+00
       3238     32.500    13.7862    13.9088     0.1224    3.88558    3.89749          1     4.7845     4.5745       2.55     0.0566  4.846e-12  1.000e-12  2.066e+01    32.3091    32.3160     0.0069    24.1520    24.1323     32.200     32.467      0.223    1500.15    1500.56  0.000e+00
       3352     33.000    13.7014    13.7953     0.0939    3.87903    3.88880          1     4.7445     4.5748       2.06     0.0620  4.924e-12  1.000e-12  2.031e+01    32.3196    32.3310     0.0115    24.1774    24.1672     32.695     32.964      0.269    1499.89    1500.22  0.000e+00
       3391     33.500    13.6765    13.7455     0.0690    3.87683    3.88456          1     4.7299     4.5691       1.58     0.0613  4.924e-12  1.000e-12  2.031e+01    32.3200    32.3335     0.0135    24.1828    24.1792     33.191     33.461      0.314    1499.82    1500.06  0.000e+00
       5463     34.000    13.6337    13.6571     0.0233    3.87297    3.87502          1     4.7021     4.5613       1.04     0.0620  4.924e-12  1.000e-12  2.031e+01    32.3200    32.3194    -0.0007    24.1915    24.1862     33.686     33.958     -0.299    1499.69    1499.76  0.000e+00
