ctdpy/tests/etc/all_smhi_bas_2018/SBE09_1044_20181110_2055_34_01_0127.cnv
* Sea-Bird SBE 9 Data File:
* FileName = C:\ctd\temp\ar18d127.hex
* Software Version Seasave V 7.26.7.107
* Temperature SN = 5351
* Conductivity SN = 3941
* Number of Bytes Per Scan = 41
* Number of Voltage Words = 4
* Number of Scans Averaged by the Deck Unit = 1
* NMEA Latitude = 55 22.97 N
* NMEA Longitude = 015 20.00 E
* NMEA UTC (Time) = Nov 10 2018  20:55:21
* NMEA baud rate = 4800
** Station:  BY4
** Operator:  JKro
** Ship: ARANDA
** Average sound velocity: 1457.19 m/s
** True-depth calculation Sat, 10 Nov 2018 21:56:17 +0000
** CTD Python Module SMHI /ver 3-12/ feb 2012 
** LIMS Job: 20183401-0127
** Cruise: SMHI-6-2018
** Latitude [GG MM.mm N]:
** Longitude [GG MM.mm E]
# nquan = 26
# nvalues = 170                         
# units = specified
# name 0 = scan: Scan Count
# name 1 = prDM: Pressure, Digiquartz [db]
# name 2 = t090C: Temperature [ITS-90, deg C]
# name 3 = t190C: Temperature, 2 [ITS-90, deg C]
# name 4 = T2-T190C: Temperature Difference, 2 - 1 [ITS-90, deg C]
# name 5 = c0S/m: Conductivity [S/m]
# name 6 = c1S/m: Conductivity, 2 [S/m]
# name 7 = pumps: Pump Status
# name 8 = sbeox0ML/L: Oxygen, SBE 43 [ml/l]
# name 9 = sbeox1ML/L: Oxygen, SBE 43, 2 [ml/l]
# name 10 = altM: Altimeter [m]
# name 11 = flECO-AFL: Chl-a Fluorescence, WET Labs ECO-AFL/FL [mg/m^3]
# name 12 = flECO-AFL1: Phycocyanin Fluorescence, WET Labs ECO-AFL/FL, 2 [mg/m^3]
# name 13 = par: PAR/Irradiance, Biospherical/Lico [µE/(cm^2*s)]
# name 14 = turbWETntu0: Turbidity, WET Labs ECO [NTU]
# name 15 = sal00: Salinity, Practical [PSU]
# name 16 = sal11: Salinity, Practical, 2 [PSU]
# name 17 = secS-priS: Salinity, Practical, Difference, 2 - 1 [PSU]
# name 18 = sigma-t00: Density [sigma-t, Kg/m^3 ]
# name 19 = sigma-t11: Density, 2 [sigma-t, Kg/m^3 ]
# name 20 = depSM: Depth [salt water, m], lat = 55.3828
# name 21 = depFM: Depth [true depth, m], lat = 55.3828
# name 22 = dz/dtM: Descent Rate [m/s], WS = 2
# name 23 = svCM: Sound Velocity [Chen-Millero, m/s]
# name 24 = svCM1: Sound Velocity, 2 [Chen-Millero, m/s]
# name 25 = flag: flag
# span 0 =      17319,      22146       
# span 1 =      1.000,     85.500       
# span 2 =     6.9232,    11.5569       
# span 3 =     6.9297,    11.5553       
# span 4 =    -0.0350,     0.0396       
# span 5 =   0.890851,   2.069892       
# span 6 =   0.890815,   2.069787       
# span 7 =          1,          1       
# span 8 =    0.05182,    7.52604       
# span 9 =    0.13574,    7.19305       
# span 10 =       3.66,     114.17      
# span 11 =     0.2420,     1.9428      
# span 12 =     0.1540,     0.5149      
# span 13 = -1.823e-04, 5.6816e-01      
# span 14 =     0.2342,     1.7177      
# span 15 =     7.5385,    17.5107      
# span 16 =     7.5380,    17.5105      
# span 17 =    -0.0126,     0.0098      
# span 18 =     5.7536,    13.2389      
# span 19 =     5.7531,    13.2389      
# span 20 =      0.991,     84.709      
# span 21 =      1.013,     86.387      
# span 22 =      0.173,      0.667      
# span 23 =    1446.40,    1473.50      
# span 24 =    1446.43,    1473.54      
# span 25 = 0.0000e+00, 0.0000e+00      
# interval = decibars: 0.5              
# start_time = Nov 10 2018 20:55:22 [NMEA time, first data scan]
# bad_flag = -9.990e-29
*END*
[from data line 112]
      20353     57.000    10.8650    10.8898     0.0246    1.53981    1.53948          1     3.3166     3.4166      33.02     0.2801     0.2321  1.000e-12  0.2641000    12.6404    12.6290    -0.0114     9.4434     9.4313     56.477     57.698      0.546    1466.95    1467.03  0.000e+00
      20374     57.500    10.3136    10.3281     0.0145    1.53305    1.53331          1     2.6264     2.8649      32.45     0.2753     0.2320  1.000e-12  0.2732000    12.7704    12.7677    -0.0027     9.6146     9.6106     56.972     58.202      0.537    1465.03    1465.08  0.000e+00
      20398     58.000    10.2598    10.2542    -0.0056    1.54210    1.54124          1     2.2603     2.4971      31.89     0.2600     0.2441  1.000e-12  0.2744000    12.8711    12.8654    -0.0057     9.6994     9.6957     57.467     58.707      0.474    1464.95    1464.93  0.000e+00
      20425     58.500    10.3947    10.3986     0.0039    1.56767    1.56702          1     1.9944     2.1985      31.33     0.2603     0.2375  1.000e-12  0.2562000    13.0547    13.0474    -0.0073     9.8250     9.8189     57.963     59.211      0.448    1465.70    1465.70  0.000e+00
      20451     59.000    10.2417    10.2425     0.0008    1.58206    1.58137          1     1.7545     1.9445      30.84     0.2562     0.2049  1.000e-12  0.2366000    13.2400    13.2335    -0.0065     9.9880     9.9829     58.458     59.715      0.504    1465.35    1465.34  0.000e+00
      20473     59.500    10.6201    10.6027    -0.0175    1.62090    1.61960          1     1.7393     1.8723      30.33     0.2537     0.2091  1.000e-12  0.2474000    13.4531    13.4478    -0.0053    10.1051    10.1032     58.953     60.219      0.538    1467.05    1466.97  0.000e+00
      20496     60.000    10.8868    10.8814    -0.0055    1.65866    1.65774          1     1.7754     1.8575      29.83     0.2524     0.2267  1.000e-12  0.2467000    13.6945    13.6882    -0.0063    10.2572    10.2530     59.448     60.723      0.507    1468.35    1468.32  0.000e+00
      20521     60.500    10.9825    10.9778    -0.0048    1.68538    1.68433          1     1.6441     1.7298      29.27     0.2426     0.1956  1.000e-12  0.2434000    13.8982    13.8906    -0.0076    10.4021    10.3968     59.944     61.228      0.461    1468.96    1468.93  0.000e+00
      20547     61.000    11.1338    11.1265    -0.0072    1.71017    1.70944          1     1.5138     1.6054      28.89     0.2728     0.1540  1.000e-12  0.2342000    14.0629    14.0591    -0.0038    10.5090    10.5071     60.439     61.732      0.478    1469.73    1469.69  0.000e+00
      20571     61.500    11.1839    11.1861     0.0022    1.72406    1.72377          1     1.5131     1.5802      28.36     0.2725     0.1966  1.000e-12  0.2495000    14.1678    14.1645    -0.0034    10.5834    10.5804     60.935     62.235      0.528    1470.04    1470.05  0.000e+00
      20593     62.000    11.1317    11.1324     0.0006    1.72924    1.72906          1     1.6104     1.6363      27.81     0.2725     0.2077  1.000e-12  0.2600000    14.2341    14.2323    -0.0019    10.6418    10.6403     61.430     62.739      0.554    1469.94    1469.94  0.000e+00
      20615     62.500    11.3459    11.3364    -0.0093    1.75101    1.75005          1     1.9231     1.8590      27.30     0.2840     0.2071  1.000e-12  0.2415000    14.3457    14.3408    -0.0049    10.6983    10.6959     61.925     63.243      0.528    1470.87    1470.83  0.000e+00
      20639     63.000    11.4778    11.4877     0.0097    1.77353    1.77341          1     2.0683     1.9766      26.74     0.2741     0.2574  1.000e-12  0.2584000    14.4951    14.4902    -0.0049    10.7954    10.7902     62.420     63.747      0.465    1471.55    1471.58  0.000e+00
      20666     63.500    11.5234    11.5131    -0.0102    1.78816    1.78667          1     1.8095     1.7951      26.23     0.2515     0.2756  1.000e-12  0.2481000    14.6070    14.5978    -0.0092    10.8752    10.8695     62.916     64.251      0.445    1471.85    1471.81  0.000e+00
      20692     64.000    11.5318    11.5458     0.0140    1.80469    1.80482          1     1.7113     1.7279      25.73     0.2594     0.2356  1.000e-12  0.2592000    14.7509    14.7465    -0.0044    10.9854    10.9799     63.411     64.755      0.488    1472.07    1472.11  0.000e+00
      20716     64.500    11.4687    11.4666    -0.0022    1.81201    1.81167          1     2.1744     2.0747      25.33     0.2603     0.2102  1.000e-12  0.2601000    14.8412    14.8389    -0.0022    11.0643    11.0628     63.906     65.258      0.521    1471.95    1471.94  0.000e+00
      20739     65.000    11.5569    11.5538    -0.0031    1.82566    1.82536          1     2.5560     2.3702      24.79     0.2883     0.2176  1.000e-12  0.2696000    14.9274    14.9259    -0.0014    11.1182    11.1176     64.402     65.762      0.496    1472.39    1472.37  0.000e+00
      20765     65.500    11.5486    11.5553     0.0067    1.83159    1.83171          1     2.4972     2.3668      24.25     0.2599     0.2116  1.000e-12  0.2919000    14.9834    14.9818    -0.0016    11.1627    11.1605     64.897     66.266      0.445    1472.43    1472.45  0.000e+00
      20792     66.000    11.3247    11.3369     0.0123    1.82304    1.82327          1     2.1185     2.1127      23.78     0.2679     0.1648  1.000e-12  0.3020000    14.9972    14.9944    -0.0029    11.2054    11.2015     65.392     66.769      0.468    1471.63    1471.67  0.000e+00
      20816     66.500    11.2428    11.2442     0.0013    1.82688    1.82654          1     1.6153     1.7272      23.24     0.2720     0.1672  1.000e-12  0.3032000    15.0647    15.0611    -0.0036    11.2692    11.2662     65.888     67.273      0.519    1471.42    1471.42  0.000e+00
      20839     67.000    11.0405    11.0639     0.0233    1.82389    1.82459          1     1.2016     1.3906      22.72     0.2797     0.1779  1.000e-12  0.3252000    15.1203    15.1170    -0.0033    11.3403    11.3345     66.383     67.777      0.504    1470.74    1470.82  0.000e+00
      20864     67.500    10.5871    10.5970     0.0100    1.80051    1.80076          1     0.8150     1.0539      22.18     0.2843     0.1778  1.000e-12  0.3580000    15.0941    15.0924    -0.0017    11.3817    11.3790     66.878     68.280      0.468    1469.03    1469.06  0.000e+00
      20889     68.000    10.4171    10.4337     0.0169    1.80034    1.80075          1     0.5234     0.7798      21.73     0.2683     0.1778  1.000e-12  0.3898000    15.1628    15.1596    -0.0031    11.4574    11.4528     67.374     68.784      0.483    1468.48    1468.54  0.000e+00
      20913     68.500     9.8600     9.8816     0.0212    1.77919    1.77954          1     0.2829     0.5456      21.23     0.2752     0.1823  1.000e-12  0.3720000    15.1999    15.1941    -0.0058    11.5575    11.5503     67.869     69.287      0.517    1466.42    1466.49  0.000e+00
      20936     69.000     9.9048     9.8962    -0.0086    1.79315    1.79214          1     0.2785     0.4847      20.72     0.2786     0.2017  1.000e-12  0.3621000    15.3106    15.3049    -0.0057    11.6379    11.6345     68.364     69.791      0.497    1466.73    1466.69  0.000e+00
      20962     69.500    10.2094    10.2141     0.0046    1.82575    1.82571          1     0.3805     0.5199      20.14     0.2670     0.2286  1.000e-12  0.3749000    15.4834    15.4811    -0.0023    11.7333    11.7309     68.860     70.294      0.434    1468.11    1468.12  0.000e+00
      20991     70.000    10.0805    10.0852     0.0046    1.82415    1.82394          1     0.2179     0.3715      19.57     0.2930     0.2249  1.000e-12  0.4429000    15.5235    15.5195    -0.0039    11.7810    11.7773     69.355     70.797      0.440    1467.67    1467.69  0.000e+00
      21016     70.500     9.7771     9.7886     0.0115    1.81348    1.81405          1     0.0903     0.2543      19.09     0.3104     0.2211  1.000e-12  0.5419000    15.5541    15.5545     0.0003    11.8430    11.8419     69.850     71.301      0.491    1466.56    1466.61  0.000e+00
      21041     71.000     9.7833     9.7789    -0.0042    1.82373    1.82348          1     0.0925     0.2307      18.61     0.2981     0.2121  1.000e-12  0.5657000    15.6471    15.6466    -0.0005    11.9146    11.9147     70.346     71.804      0.470    1466.71    1466.69  0.000e+00
      21068     71.500    10.0689    10.0629    -0.0059    1.85492    1.85451          1     0.2510     0.3397      18.07     0.3039     0.2495  1.000e-12  0.5552000    15.8136    15.8125    -0.0012    12.0078    12.0077     70.841     72.307      0.439    1468.00    1467.98  0.000e+00
      21095     72.000    10.3201    10.3136    -0.0066    1.88364    1.88328          1     0.4681     0.5001      17.59     0.2955     0.1905  1.000e-12  0.5468000    15.9699    15.9694    -0.0005    12.0964    12.0968     71.336     72.810      0.460    1469.15    1469.13  0.000e+00
      21120     72.500     9.8406     9.8556     0.0153    1.86095    1.86171          1     0.4401     0.4824      17.09     0.2979     0.2177  1.000e-12  0.6984000    15.9694    15.9699     0.0005    12.1576    12.1560     71.831     73.314      0.466    1467.34    1467.40  0.000e+00
      21147     73.000     9.3175     9.3216     0.0038    1.83355    1.83350          1     0.3626     0.4290      16.54     0.3194     0.2077  1.000e-12  0.8426000    15.9432    15.9409    -0.0023    12.2020    12.1997     72.327     73.817      0.429    1465.31    1465.32  0.000e+00
      21176     73.500     9.6701     9.6837     0.0136    1.86536    1.86672          1     0.5704     0.5869      15.99     0.3246     0.1886  1.000e-12  0.8584000    16.0848    16.0915     0.0067    12.2680    12.2715     72.822     74.320      0.419    1466.84    1466.90  0.000e+00
      21204     74.000    10.3803    10.3837     0.0034    1.92619    1.92649          1     0.9263     0.8596      15.50     0.2903     0.1632  1.000e-12  0.5227000    16.3361    16.3374     0.0013    12.3725    12.3731     73.317     74.823      0.444    1469.85    1469.87  0.000e+00
      21231     74.500    10.7615    10.7263    -0.0350    1.96371    1.96106          1     1.1016     1.0107      14.99     0.2740     0.1850  1.000e-12  0.5154000    16.5100    16.5015    -0.0084    12.4551    12.4535     73.813     75.326      0.421    1471.49    1471.35  0.000e+00
      21261     75.000    11.2401    11.2286    -0.0117    2.00737    2.00632          1     1.1304     1.0618      14.47     0.2420     0.2344  1.000e-12  0.4510000    16.6933    16.6890    -0.0043    12.5298    12.5281     74.308     75.829      0.390    1473.50    1473.45  0.000e+00
      21290     75.500    11.2242    11.2429     0.0186    2.00886    2.00969          1     0.9233     0.9316      13.99     0.2598     0.2284  1.000e-12  0.5691000    16.7140    16.7130    -0.0009    12.5480    12.5446     74.803     76.332      0.455    1473.47    1473.54  0.000e+00
      21315     76.000    10.7834    10.8190     0.0357    1.98327    1.98489          1     0.7106     0.7832      13.51     0.2870     0.2213  1.000e-12  0.6687000    16.6797    16.6784    -0.0013    12.5838    12.5778     75.299     76.835      0.482    1471.80    1471.94  0.000e+00
      21341     76.500    10.1937    10.2334     0.0396    1.94902    1.95110          1     0.6135     0.7081      12.99     0.3145     0.2280  1.000e-12  0.7810000    16.6315    16.6327     0.0012    12.6263    12.6220     75.794     77.338      0.420    1469.55    1469.70  0.000e+00
      21372     77.000     9.7551     9.7866     0.0315    1.92573    1.92719          1     0.4140     0.5448      12.44     0.2948     0.2230  1.000e-12  0.8487000    16.6145    16.6138    -0.0007    12.6701    12.6655     76.289     77.841      0.391    1467.87    1467.99  0.000e+00
      21401     77.500     9.3610     9.3681     0.0072    1.90474    1.90479          1     0.1671     0.3276      11.97     0.3260     0.2439  1.000e-12  1.1475000    16.5976    16.5948    -0.0028    12.7060    12.7030     76.784     78.344      0.451    1466.35    1466.37  0.000e+00
      21427     78.000     9.2605     9.2629     0.0024    1.90014    1.90010          1     0.0756     0.2228      11.45     0.3382     0.2078  1.000e-12  1.4932000    16.6003    16.5988    -0.0015    12.7204    12.7189     77.280     78.846      0.451    1465.97    1465.98  0.000e+00
      21455     78.500     9.3265     9.3239    -0.0026    1.90850    1.90824          1     0.0562     0.1792      10.95     0.3363     0.2315  1.000e-12  1.2215000    16.6491    16.6478    -0.0013    12.7504    12.7497     77.775     79.349      0.396    1466.29    1466.28  0.000e+00
      21486     79.000     9.3477     9.3554     0.0078    1.91660    1.91654          1     0.0694     0.1702      10.42     0.3779     0.2302  1.000e-12  1.7177000    16.7162    16.7120    -0.0041    12.7999    12.7958     78.270     79.852      0.401    1466.46    1466.49  0.000e+00
      21515     79.500     9.0754     9.0856     0.0101    1.91156    1.91138          1     0.0563     0.1490       9.95     0.3374     0.2316  1.000e-12  0.9028000    16.7953    16.7888    -0.0065    12.8944    12.8882     78.766     80.355      0.427    1465.52    1465.55  0.000e+00
      21543     80.000     9.2333     9.2238    -0.0094    1.92897    1.92849          1     0.0518     0.1357       9.43     0.3407     0.2079  1.000e-12  1.0527000    16.8873    16.8872    -0.0001    12.9471    12.9481     79.261     80.858      0.419    1466.25    1466.21  0.000e+00
      21573     80.500     9.4465     9.4358    -0.0107    1.94585    1.94521          1     0.0785     0.1477       8.89     0.3250     0.2282  1.000e-12  0.9267000    16.9475    16.9464    -0.0011    12.9678    12.9683     79.756     81.360      0.365    1467.15    1467.11  0.000e+00
      21612     81.000     9.7598     9.7421    -0.0178    1.97361    1.97222          1     0.2114     0.2432       8.32     0.3073     0.2075  1.000e-12  0.7289000    17.0621    17.0574    -0.0047    13.0174    13.0159     80.251     81.863      0.271    1468.50    1468.42  0.000e+00
      21662     81.500    10.1057    10.0976    -0.0079    2.00228    2.00178          1     0.4454     0.4398       7.74     0.3047     0.2061  1.000e-12  0.5708000    17.1682    17.1673    -0.0009    13.0548    13.0552     80.747     82.366      0.220    1469.94    1469.91  0.000e+00
      21715     82.000    10.3451    10.3479     0.0028    2.02321    2.02316          1     0.6477     0.6174       7.24     0.2918     0.1875  1.000e-12  0.5211000    17.2503    17.2485    -0.0018    13.0866    13.0849     81.242     82.869      0.240    1470.95    1470.96  0.000e+00
      21767     82.500    10.4862    10.4860    -0.0002    2.03575    2.03577          1     0.6567     0.6484       6.74     0.2916     0.2166  1.000e-12  0.4600000    17.3001    17.3003     0.0002    13.1060    13.1062     81.737     83.371      0.209    1471.55    1471.55  0.000e+00
      21829     83.000    10.4897    10.4904     0.0007    2.03616    2.03614          1     0.6036     0.6195       6.19     0.3037     0.2347  1.000e-12  0.4202000    17.3021    17.3016    -0.0005    13.1071    13.1066     82.233     83.874      0.203    1471.57    1471.58  0.000e+00
      21886     83.500    10.3348    10.3388     0.0040    2.02863    2.02895          1     0.5145     0.5529       5.71     0.2898     0.2210  1.000e-12  0.4161000    17.3053    17.3064     0.0011    13.1307    13.1310     82.728     84.377      0.195    1471.01    1471.02  0.000e+00
      21950     84.000    10.4300    10.4283    -0.0017    2.04326    2.04301          1     0.6543     0.6526       5.18     0.2755     0.1942  1.000e-12  0.4324000    17.3961    17.3946    -0.0015    13.1882    13.1872     83.223     84.879      0.202    1471.48    1471.47  0.000e+00
