ctdpy/tests/etc/all_smhi_bas_2018/SBE09_0827_20180225_0602_26_01_0301.cnv
* Sea-Bird SBE 9 Data File:
* FileName = D:\CTD_SBE911\DAT\26DA.2018.3.1.hex
* Software Version Seasave V 7.21d
* Temperature SN = 034757
* Conductivity SN = 041844
* Number of Bytes Per Scan = 48
* Number of Voltage Words = 5
* Number of Scans Averaged by the Deck Unit = 1
* NMEA Latitude = 55 35.38 N
* NMEA Longitude = 014 35.99 E
* NMEA UTC (Time) = Feb 25 2018  06:03:08
* NMEA baud rate = 4800
** Ship: DANA
** Average sound velocity: 1434.65 m/s
** True-depth calculation Tue, 02 Apr 2019 08:31:21 +0000
** CTD Python Module SMHI /ver 3-12/ feb 2012 
** LIMS Job: 20182601-0301
** Operator:
** Cruise: 02/2018
# nquan = 26
# nvalues = 127                         
# units = specified
# name 0 = scan: Scan Count
# name 1 = prDM: Pressure, Digiquartz [db]
# name 2 = t090C: Temperature [ITS-90, deg C]
# name 3 = t190C: Temperature, 2 [ITS-90, deg C]
# name 4 = T2-T190C: Temperature Difference, 2 - 1 [ITS-90, deg C]
# name 5 = c0S/m: Conductivity [S/m]
# name 6 = c1S/m: Conductivity, 2 [S/m]
# name 7 = pumps: Pump Status
# name 8 = sbeox1ML/L: Oxygen, SBE 43, 2 [ml/l]
# name 9 = sbeox0ML/L: Oxygen, SBE 43 [ml/l]
# name 10 = altM: Altimeter [m]
# name 11 = chloroflTC0: Chlorophyll, Turner Cyclops [ug/l]
# name 12 = cpar: CPAR/Corrected Irradiance [%]
# name 13 = par: PAR/Irradiance, Biospherical/Lico [µE/(cm^2*s)]
# name 14 = spar: SPAR, Biospherical/Licor
# name 15 = sal00: Salinity, Practical [PSU]
# name 16 = sal11: Salinity, Practical, 2 [PSU]
# name 17 = secS-priS: Salinity, Practical, Difference, 2 - 1 [PSU]
# name 18 = sigma-t00: Density [sigma-t, kg/m^3 ]
# name 19 = sigma-t11: Density, 2 [sigma-t, kg/m^3 ]
# name 20 = depSM: Depth [salt water, m], lat = 55.5897
# name 21 = depFM: Depth [true depth, m], lat = 55.5897
# name 22 = dz/dtM: Descent Rate [m/s], WS = 2
# name 23 = svCM: Sound Velocity [Chen-Millero, m/s]
# name 24 = svCM1: Sound Velocity, 2 [Chen-Millero, m/s]
# name 25 = flag: flag
# span 0 =        144,       7439       
# span 1 =      1.500,     64.500       
# span 2 =     3.3440,     8.4827       
# span 3 =     3.3437,     8.4946       
# span 4 =    -0.0604,     0.3224       
# span 5 =   0.777137,   1.713150       
# span 6 =   0.776541,   1.714410       
# span 7 =          1,          1       
# span 8 =     0.4693,     8.1856       
# span 9 =     0.5222,     8.2681       
# span 10 =      -2.13,       9.96      
# span 11 =     0.0136,     0.0263      
# span 12 = 6.1551e-12, 5.9974e+00      
# span 13 = 9.9999e-13, 7.3078e-01      
# span 14 = 1.2185e+01, 1.6247e+01      
# span 15 =     7.5204,    15.3596      
# span 16 =     7.5140,    15.3812      
# span 17 =    -0.0098,     0.2546      
# span 18 =     5.9915,    11.8911      
# span 19 =     5.9863,    11.9103      
# span 20 =      1.486,     63.906      
# span 21 =      1.519,     65.256      
# span 22 =      0.020,      0.664      
# span 23 =    1428.47,    1459.96      
# span 24 =    1428.46,    1459.91      
# span 25 = 0.0000e+00, 0.0000e+00      
# interval = decibars: 0.5              
# start_time = Feb 25 2018 06:03:08 [NMEA time, first data scan]
# bad_flag = -9.990e-29
*END*
[from data line 112]
       5432     57.500     8.0619     8.2497     0.1879    1.39339    1.41215          1     2.5936     2.6212       7.69     0.0232  7.009e-12  1.000e-12  1.427e+01    12.2609    12.3732     0.1123     9.4652     9.5346     56.971     58.202      0.338    1455.59    1456.48  0.000e+00
       5476     58.000     8.3591     8.4837     0.1246    1.46626    1.49782          1     2.3762     2.4217       7.17     0.0221  7.034e-12  1.000e-12  1.422e+01    12.8485    13.1030     0.2546     9.8951    10.0812     57.466     58.707      0.229    1457.51    1458.32  0.000e+00
       5529     58.500     8.2957     8.3005     0.0048    1.51603    1.51718          1     2.0310     2.0465       6.68     0.0240  7.034e-12  1.000e-12  1.422e+01    13.3464    13.3556     0.0091    10.2905    10.2971     57.962     59.211      0.265    1457.88    1457.91  0.000e+00
       5572     59.000     8.3483     8.3829     0.0346    1.53087    1.53187          1     1.9706     1.9965       6.18     0.0256  6.958e-12  1.000e-12  1.439e+01    13.4681    13.4645    -0.0036    10.3801    10.3737     58.457     59.715      0.263    1458.25    1458.38  0.000e+00
       5619     59.500     8.4456     8.4923     0.0466    1.55581    1.56289          1     1.9343     1.9792       5.69     0.0252  6.941e-12  1.000e-12  1.443e+01    13.6686    13.7181     0.0495    10.5267    10.5604     58.952     60.219      0.259    1458.89    1459.14  0.000e+00
       5662     60.000     8.4741     8.4946     0.0206    1.57024    1.57410          1     1.8781     1.9464       5.19     0.0250  6.730e-12  1.000e-12  1.492e+01    13.7951    13.8240     0.0289    10.6224    10.6428     59.447     60.723      0.310    1459.17    1459.29  0.000e+00
       5701     60.500     8.4575     8.4493    -0.0082    1.57345    1.57748          1     1.8294     1.9140       4.67     0.0256  6.661e-12  1.000e-12  1.508e+01    13.8321    13.8738     0.0417    10.6530    10.6864     59.943     61.227      0.264    1459.16    1459.18  0.000e+00
       5761     61.000     8.4511     8.4749     0.0238    1.58518    1.59001          1     1.7815     1.8581       4.51     0.0256  6.577e-12  1.000e-12  1.527e+01    13.9465    13.9834     0.0368    10.7430    10.7693     60.438     61.731      0.226    1459.28    1459.42  0.000e+00
       5803     61.500     8.4827     8.4221    -0.0604    1.60313    1.60387          1     1.7087     1.7622       3.74     0.0254  6.367e-12  1.000e-12  1.576e+01    14.1055    14.1368     0.0313    10.8637    10.8945     60.933     62.235      0.379    1459.61    1459.41  0.000e+00
       5834     62.000     8.3552     8.3869     0.0313    1.60748    1.62081          1     1.5526     1.6024       3.59     0.0263  6.445e-12  1.000e-12  1.558e+01    14.1981    14.3130     0.1149    10.9494    11.0357     61.429     62.738      0.316    1459.22    1459.49  0.000e+00
       5907     62.500     8.3932     8.3909    -0.0020    1.64187    1.65030          1     1.5003     1.5582       2.88     0.0246  6.232e-12  1.000e-12  1.607e+01    14.5127    14.5946     0.0819    11.1910    11.2552     61.924     63.242      0.266    1459.77    1459.86  0.000e+00
       5947     63.000     8.3684     8.3492    -0.0193    1.66430    1.66624          1     1.4483     1.4977       3.98     0.0230  6.185e-12  1.000e-12  1.618e+01    14.7385    14.7653     0.0267    11.3699    11.3928     62.419     63.746      0.396    1459.96    1459.91  0.000e+00
       6517     63.500     8.2602     8.2339    -0.0264    1.67758    1.67901          1     1.2168     1.2548       2.15     0.0219  6.176e-12  1.000e-12  1.620e+01    14.9120    14.9369     0.0249    11.5167    11.5389     62.915     64.249      0.261    1459.75    1459.67  0.000e+00
       7368     64.000     8.1694     8.1137    -0.0556    1.69089    1.69644          1     0.8633     0.8718       3.55     0.0216  6.156e-12  1.000e-12  1.625e+01    15.0794    15.1573     0.0779    11.6569    11.7235     63.410     64.753      0.261    1459.60    1459.47  0.000e+00
       7439     64.500     8.0204     7.9991    -0.0218    1.71315    1.71441          1     0.4693     0.5222      -2.13     0.0248  6.155e-12  1.000e-12  1.625e+01    15.3596    15.3812     0.0218    11.8911    11.9103     63.906     65.256      0.020    1459.36    1459.30  0.000e+00
