ctdpy/tests/etc/all_smhi_bas_2018/SBE09_1044_20180129_0926_34_02_0030.cnv
* Sea-Bird SBE 9 Data File:
* FileName = C:\ctd\temp\2018\ME18D030.hex
* Software Version Seasave V 7.26.6.26
* Temperature SN = 5351
* Conductivity SN = 3941
* Number of Bytes Per Scan = 41
* Number of Voltage Words = 4
* Number of Scans Averaged by the Deck Unit = 1
* NMEA Latitude = 57 59.88 N
* NMEA Longitude = 019 52.76 E
* NMEA UTC (Time) = Jan 29 2018  09:26:30
* NMEA baud rate = 4800
** Station:  BY20
** Operator:  SSip
** Ship: MERI
** Average sound velocity: 1444.28 m/s
** True-depth calculation Mon, 29 Jan 2018 11:02:07 +0000
** CTD Python Module SMHI /ver 3-12/ feb 2012 
** LIMS Job: 20183402-0030
** Cruise: SMHI-01-2018
** Latitude [GG MM.mm N] :
** Longitude [GG MM.mm E]:
# nquan = 26
# nvalues = 378                         
# units = specified
# name 0 = scan: Scan Count
# name 1 = prDM: Pressure, Digiquartz [db]
# name 2 = t090C: Temperature [ITS-90, deg C]
# name 3 = t190C: Temperature, 2 [ITS-90, deg C]
# name 4 = T2-T190C: Temperature Difference, 2 - 1 [ITS-90, deg C]
# name 5 = c0S/m: Conductivity [S/m]
# name 6 = c1S/m: Conductivity, 2 [S/m]
# name 7 = pumps: Pump Status
# name 8 = sbeox0ML/L: Oxygen, SBE 43 [ml/l]
# name 9 = sbeox1ML/L: Oxygen, SBE 43, 2 [ml/l]
# name 10 = altM: Altimeter [m]
# name 11 = flECO-AFL: Chl-a Fluorescence, WET Labs ECO-AFL/FL [mg/m^3]
# name 12 = flECO-AFL1: Phycocyanin Fluorescence, WET Labs ECO-AFL/FL, 2 [mg/m^3]
# name 13 = par: PAR/Irradiance, Biospherical/Lico [µE/(cm^2*s)]
# name 14 = turbWETntu0: Turbidity, WET Labs ECO [NTU]
# name 15 = sal00: Salinity, Practical [PSU]
# name 16 = sal11: Salinity, Practical, 2 [PSU]
# name 17 = secS-priS: Salinity, Practical, Difference, 2 - 1 [PSU]
# name 18 = sigma-t00: Density [sigma-t, Kg/m^3 ]
# name 19 = sigma-t11: Density, 2 [sigma-t, Kg/m^3 ]
# name 20 = depSM: Depth [salt water, m], lat = 57.998
# name 21 = depFM: Depth [true depth, m], lat = 57.998
# name 22 = dz/dtM: Descent Rate [m/s], WS = 2
# name 23 = svCM: Sound Velocity [Chen-Millero, m/s]
# name 24 = svCM1: Sound Velocity, 2 [Chen-Millero, m/s]
# name 25 = flag: flag
# span 0 =      11872,      20777       
# span 1 =      2.000,    190.500       
# span 2 =     4.6756,     6.8041       
# span 3 =     4.6763,     6.8044       
# span 4 =    -0.0175,     0.0749       
# span 5 =   0.790855,   1.405748       
# span 6 =   0.790811,   1.405725       
# span 7 =          1,          1       
# span 8 =    0.00873,    8.08276       
# span 9 =    0.03000,    8.03389       
# span 10 =       4.74,     100.24      
# span 11 =     0.2668,     0.3953      
# span 12 =     0.2405,     0.4631      
# span 13 = 1.0000e-12, 4.7678e+01      
# span 14 =     0.1187,     2.0100      
# span 15 =     7.3556,    12.8081      
# span 16 =     7.3555,    12.8077      
# span 17 =    -0.0430,     0.0234      
# span 18 =     5.8250,    10.0040      
# span 19 =     5.8241,    10.0037      
# span 20 =      1.981,    188.648      
# span 21 =      2.025,    192.491      
# span 22 =     -0.057,      1.316      
# span 23 =    1434.31,    1453.26      
# span 24 =    1434.32,    1453.26      
# span 25 = 0.0000e+00, 0.0000e+00      
# interval = decibars: 0.5              
# start_time = Jan 29 2018 09:26:31 [NMEA time, first data scan]
# bad_flag = -9.990e-29
*END*
[from data line 112]
      14466     58.000     4.6933     4.6942     0.0009    0.79210    0.79209          1     8.0541     7.9997      98.30     0.3594     0.3730  1.000e-12  0.1622000     7.3587     7.3584    -0.0004     5.8294     5.8291     57.454     58.733      0.987    1435.21    1435.21  0.000e+00
      14479     58.500     4.6942     4.6949     0.0007    0.79215    0.79212          1     8.0443     7.9909      98.25     0.3580     0.3796  1.000e-12  0.1602000     7.3590     7.3585    -0.0004     5.8295     5.8292     57.950     59.239      0.879    1435.22    1435.22  0.000e+00
      14494     59.000     4.6944     4.6950     0.0007    0.79216    0.79214          1     8.0378     7.9945      98.25     0.3373     0.3456  1.000e-12  0.1594000     7.3590     7.3586    -0.0004     5.8295     5.8292     58.445     59.745      0.658    1435.23    1435.23  0.000e+00
      14528     59.500     4.6938     4.6946     0.0008    0.79216    0.79214          1     8.0448     7.9978      98.48     0.3620     0.3368  1.000e-12  0.1549000     7.3589     7.3586    -0.0003     5.8295     5.8292     58.940     60.252      0.304    1435.24    1435.24  0.000e+00
      14589     60.000     4.6942     4.6946     0.0004    0.79217    0.79213          1     8.0509     7.9941      98.65     0.3750     0.3251  1.000e-12  0.1567000     7.3589     7.3585    -0.0005     5.8295     5.8291     59.435     60.758      0.479    1435.24    1435.25  0.000e+00
      14605     60.500     4.6957     4.6962     0.0006    0.79223    0.79221          1     8.0532     7.9920      98.65     0.3610     0.3678  1.000e-12  0.1594000     7.3592     7.3589    -0.0003     5.8297     5.8294     59.931     61.264      0.816    1435.26    1435.26  0.000e+00
      14618     61.000     4.6957     4.6966     0.0009    0.79226    0.79224          1     8.0516     7.9954      98.65     0.3368     0.3268  1.000e-12  0.1430000     7.3593     7.3590    -0.0003     5.8298     5.8295     60.426     61.771      0.998    1435.27    1435.27  0.000e+00
      14629     61.500     4.6971     4.6977     0.0007    0.79234    0.79232          1     8.0480     7.9977      98.64     0.3402     0.2425  1.000e-12  0.1422000     7.3598     7.3594    -0.0003     5.8301     5.8298     60.921     62.277      1.093    1435.28    1435.28  0.000e+00
      14639     62.000     4.6977     4.6985     0.0007    0.79240    0.79237          1     8.0430     7.9983      98.64     0.3397     0.2415  1.000e-12  0.1514000     7.3602     7.3598    -0.0005     5.8304     5.8300     61.416     62.783      1.109    1435.29    1435.30  0.000e+00
      14650     62.500     4.6990     4.6998     0.0008    0.79248    0.79246          1     8.0360     8.0034      98.64     0.3435     0.2801  1.000e-12  0.1560000     7.3607     7.3603    -0.0004     5.8307     5.8304     61.911     63.290      1.034    1435.31    1435.31  0.000e+00
      14662     63.000     4.7001     4.7008     0.0007    0.79254    0.79252          1     8.0367     8.0068      98.65     0.3328     0.2886  1.000e-12  0.1555000     7.3609     7.3605    -0.0003     5.8309     5.8306     62.407     63.796      0.829    1435.32    1435.32  0.000e+00
      14704     63.500     4.7008     4.7005    -0.0002    0.79258    0.79250          1     8.0382     7.9981      98.65     0.3425     0.3403  1.000e-12  0.1631000     7.3611     7.3604    -0.0007     5.8310     5.8304     62.902     64.302      0.432    1435.33    1435.33  0.000e+00
      14765     64.000     4.7026     4.7004    -0.0022    0.79267    0.79249          1     8.0286     7.9902      98.66     0.3579     0.2688  1.000e-12  0.1641000     7.3616     7.3602    -0.0013     5.8313     5.8303     63.397     64.809      0.659    1435.35    1435.34  0.000e+00
      14778     64.500     4.7051     4.7052     0.0002    0.79281    0.79277          1     8.0104     7.9735      98.66     0.3527     0.2932  1.000e-12  0.1617000     7.3623     7.3619    -0.0004     5.8318     5.8315     63.892     65.315      0.877    1435.37    1435.37  0.000e+00
      14790     65.000     4.7083     4.7090     0.0007    0.79298    0.79295          1     8.0020     7.9662      98.66     0.3401     0.3218  1.000e-12  0.1657000     7.3632     7.3627    -0.0004     5.8324     5.8320     64.388     65.821      0.983    1435.39    1435.40  0.000e+00
      14802     65.500     4.7104     4.7104    -0.0000    0.79311    0.79304          1     8.0058     7.9680      98.66     0.3323     0.3141  1.000e-12  0.1745000     7.3640     7.3633    -0.0008     5.8330     5.8324     64.883     66.328      1.018    1435.41    1435.41  0.000e+00
      14813     66.000     4.7113     4.7118     0.0004    0.79318    0.79315          1     8.0277     7.9836      98.66     0.3224     0.3157  1.000e-12  0.1752000     7.3645     7.3640    -0.0004     5.8333     5.8329     65.378     66.834      0.991    1435.42    1435.42  0.000e+00
      14826     66.500     4.7134     4.7142     0.0007    0.79332    0.79332          1     8.0206     7.9699      79.67     0.2948     0.3167  1.000e-12  0.1793000     7.3653     7.3651    -0.0002     5.8339     5.8337     65.873     67.340      0.896    1435.44    1435.44  0.000e+00
      14840     67.000     4.7337     4.7311    -0.0026    0.79478    0.79454          1     7.9582     7.9167      53.53     0.3142     0.3182  1.000e-12  0.1723000     7.3753     7.3735    -0.0018     5.8411     5.8398     66.368     67.847      0.698    1435.55    1435.54  0.000e+00
      14867     67.500     4.7838     4.7755    -0.0082    0.80013    0.79887          1     7.8340     7.7986     100.24     0.3256     0.3026  1.000e-12  0.1691000     7.4173     7.4067    -0.0106     5.8726     5.8645     66.864     68.353      0.330    1435.83    1435.78  0.000e+00
      14925     68.000     4.8745     4.8581    -0.0165    0.81397    0.81134          1     7.3028     7.3256      98.59     0.3245     0.3433  1.000e-12  0.1592000     7.5346     7.5121    -0.0225     5.9621     5.9449     67.359     68.859      0.413    1436.39    1436.29  0.000e+00
      14944     68.500     4.9980     4.9858    -0.0121    0.83722    0.83460          1     6.5036     6.6874      98.60     0.3236     0.3344  1.000e-12  0.1756000     7.7374     7.7141    -0.0232     6.1178     6.0999     67.854     69.365      0.690    1437.20    1437.12  0.000e+00
      14959     69.000     5.1451     5.1316    -0.0135    0.87751    0.87333          1     5.5014     5.8749      98.61     0.3163     0.3344  1.000e-12  0.1965000     8.1026     8.0644    -0.0382     6.4005     6.3709     68.349     69.871      0.772    1438.32    1438.21  0.000e+00
      14975     69.500     5.2567     5.2528    -0.0041    0.91363    0.91285          1     4.3681     4.9542      66.27     0.2884     0.3326  1.000e-12  0.1756000     8.4338     8.4271    -0.0067     6.6574     6.6523     68.844     70.377      0.734    1439.24    1439.21  0.000e+00
      14993     70.000     5.4201     5.4131    -0.0068    0.94646    0.94630          1     3.2754     4.0419      79.56     0.2786     0.3200  1.000e-12  0.1651000     8.7179     8.7180     0.0002     6.8740     6.8744     69.340     70.883      0.609    1440.32    1440.29  0.000e+00
      15015     70.500     5.5300     5.5256    -0.0044    0.96154    0.96121          1     2.4665     3.2753      98.48     0.2715     0.3158  1.000e-12  0.1462000     8.8386     8.8364    -0.0022     6.9638     6.9623     69.835     71.389      0.507    1440.95    1440.93  0.000e+00
      15039     71.000     5.6508     5.6460    -0.0048    0.98422    0.98354          1     2.0262     2.7483      98.24     0.2754     0.3168  1.000e-12  0.1291000     9.0308     9.0254    -0.0054     7.1092     7.1052     70.330     71.895      0.561    1441.73    1441.70  0.000e+00
      15058     71.500     5.6783     5.6781    -0.0002    0.99335    0.99312          1     1.8390     2.4834      98.57     0.2969     0.3115  1.000e-12  0.1238000     9.1137     9.1114    -0.0022     7.1730     7.1713     70.825     72.400      0.666    1441.96    1441.95  0.000e+00
      15075     72.000     5.6830     5.6829    -0.0001    0.99525    0.99516          1     1.7358     2.3135      98.65     0.2683     0.2725  1.000e-12  0.1244000     9.1311     9.1303    -0.0008     7.1865     7.1859     71.320     72.906      0.721    1442.01    1442.01  0.000e+00
      15092     72.500     5.6985     5.6975    -0.0009    0.99888    0.99868          1     1.5979     2.1260      98.66     0.2668     0.3225  1.000e-12  0.1304000     9.1627     9.1610    -0.0017     7.2106     7.2093     71.816     73.412      0.695    1442.12    1442.12  0.000e+00
      15110     73.000     5.7253     5.7249    -0.0004    1.01212    1.01191          1     1.4246     1.9067      98.67     0.2851     0.3515  1.000e-12  0.1540000     9.2863     9.2843    -0.0020     7.3066     7.3051     72.311     73.917      0.562    1442.40    1442.40  0.000e+00
      15141     73.500     5.7366     5.7372     0.0006    1.01761    1.01762          1     1.3355     1.7266      98.68     0.2765     0.3178  1.000e-12  0.1187000     9.3373     9.3373    -0.0000     7.3462     7.3462     72.806     74.423      0.319    1442.52    1442.53  0.000e+00
      15183     74.000     5.7408     5.7415     0.0008    1.02974    1.02851          1     1.2537     1.5280      98.68     0.2757     0.3179  1.000e-12  0.1263000     9.4562     9.4438    -0.0123     7.4397     7.4300     73.301     74.928      0.410    1442.70    1442.69  0.000e+00
      15204     74.500     5.7398     5.7399     0.0002    1.04884    1.04841          1     0.9877     1.2709      98.68     0.2836     0.3149  1.000e-12  0.1187000     9.6457     9.6414    -0.0042     7.5892     7.5859     73.796     75.434      0.667    1442.94    1442.94  0.000e+00
      15220     75.000     5.7479     5.7480     0.0000    1.05933    1.05910          1     0.7651     1.0617      98.68     0.2863     0.3155  1.000e-12  0.1250000     9.7474     9.7451    -0.0024     7.6690     7.6671     74.292     75.939      0.789    1443.11    1443.11  0.000e+00
      15234     75.500     5.7556     5.7555    -0.0001    1.06749    1.06698          1     0.5719     0.8762      98.68     0.2890     0.3193  1.000e-12  0.1471000     9.8261     9.8211    -0.0050     7.7306     7.7266     74.787     76.445      0.819    1443.25    1443.25  0.000e+00
      15249     76.000     5.7593     5.7595     0.0003    1.08137    1.08105          1     0.3948     0.7050      98.68     0.3026     0.3165  1.000e-12  0.1526000     9.9629     9.9597    -0.0032     7.8382     7.8356     75.282     76.950      0.773    1443.45    1443.45  0.000e+00
      15266     76.500     5.7640     5.7640    -0.0001    1.08771    1.08749          1     0.2580     0.5636      98.68     0.3165     0.3200  1.000e-12  0.1573000    10.0245    10.0223    -0.0022     7.8864     7.8847     75.777     77.455      0.666    1443.56    1443.55  0.000e+00
      15286     77.000     5.7735     5.7734    -0.0000    1.09465    1.09429          1     0.1844     0.4631      83.53     0.2957     0.3566  1.000e-12  0.2086000    10.0906    10.0870    -0.0036     7.9380     7.9352     76.272     77.960      0.532    1443.69    1443.68  0.000e+00
      15312     77.500     5.7688     5.7698     0.0009    1.10034    1.10010          1     0.1435     0.3747      65.80     0.3084     0.3060  1.000e-12  0.2649000    10.1485    10.1459    -0.0026     7.9839     7.9818     76.767     78.466      0.444    1443.75    1443.75  0.000e+00
      15339     78.000     5.7694     5.7697     0.0003    1.10375    1.10364          1     0.1320     0.3209      98.89     0.3455     0.2829  1.000e-12  0.2601000    10.1822    10.1811    -0.0011     8.0105     8.0096     77.263     78.971      0.471    1443.80    1443.80  0.000e+00
      15363     78.500     5.7745     5.7746     0.0001    1.10643    1.10632          1     0.1414     0.3039      98.68     0.3208     0.3312  1.000e-12  0.2832000    10.2073    10.2062    -0.0011     8.0300     8.0291     77.758     79.476      0.536    1443.86    1443.86  0.000e+00
      15384     79.000     5.7823     5.7822    -0.0001    1.10942    1.10929          1     0.1401     0.2811      98.68     0.3213     0.3178  1.000e-12  0.2791000    10.2346    10.2334    -0.0012     8.0510     8.0501     78.253     79.981      0.568    1443.94    1443.94  0.000e+00
      15405     79.500     5.7919     5.7918    -0.0001    1.11401    1.11387          1     0.1304     0.2508      98.68     0.3135     0.3159  1.000e-12  0.2852000    10.2773    10.2760    -0.0013     8.0841     8.0831     78.748     80.487      0.541    1444.04    1444.04  0.000e+00
      15429     80.000     5.7932     5.7941     0.0009    1.11827    1.11820          1     0.0939     0.2076      98.68     0.3091     0.3177  1.000e-12  0.3057000    10.3192    10.3182    -0.0010     8.1171     8.1163     79.243     80.992      0.487    1444.11    1444.11  0.000e+00
      15454     80.500     5.7816     5.7822     0.0006    1.12032    1.12023          1     0.0597     0.1610      98.68     0.3225     0.3234  1.000e-12  0.2942000    10.3431    10.3420    -0.0011     8.1366     8.1357     79.738     81.497      0.501    1444.10    1444.10  0.000e+00
      15477     81.000     5.7889     5.7889     0.0001    1.12392    1.12380          1     0.0496     0.1474      98.67     0.3287     0.3253  1.000e-12  0.2567000    10.3767    10.3755    -0.0012     8.1627     8.1617     80.234     82.002      0.600    1444.18    1444.18  0.000e+00
      15495     81.500     5.7942     5.7943     0.0001    1.12675    1.12664          1     0.0546     0.1489      98.68     0.3213     0.2862  1.000e-12  0.2345000    10.4032    10.4021    -0.0011     8.1833     8.1824     80.729     82.507      0.703    1444.24    1444.24  0.000e+00
      15511     82.000     5.8014     5.8013    -0.0001    1.13068    1.13047          1     0.0639     0.1503      98.68     0.3213     0.3059  1.000e-12  0.2288000    10.4400    10.4381    -0.0020     8.2118     8.2103     81.224     83.012      0.773    1444.33    1444.33  0.000e+00
      15526     82.500     5.8116     5.8116     0.0000    1.13488    1.13474          1     0.0686     0.1442      98.67     0.3245     0.3152  1.000e-12  0.3378000    10.4787    10.4773    -0.0014     8.2417     8.2406     81.719     83.517      0.788    1444.43    1444.43  0.000e+00
      15541     83.000     5.8305     5.8303    -0.0002    1.13901    1.13891          1     0.0716     0.1393      98.68     0.3333     0.2790  1.000e-12  0.6647000    10.5139    10.5130    -0.0009     8.2683     8.2676     82.214     84.023      0.728    1444.56    1444.56  0.000e+00
      15560     83.500     5.8414     5.8416     0.0003    1.14068    1.14064          1     0.0747     0.1439      98.68     0.3510     0.2968  1.000e-12  0.6900000    10.5271    10.5266    -0.0005     8.2780     8.2776     82.709     84.528      0.550    1444.63    1444.63  0.000e+00
      15601     84.000     5.8367     5.8372     0.0005    1.13906    1.13944          1     0.0866     0.1448      98.67     0.3462     0.3452  1.000e-12  0.5748000    10.5123    10.5160     0.0037     8.2667     8.2695     83.205     85.033      0.283    1444.60    1444.61  0.000e+00
      15643     84.500     5.8481     5.8483     0.0002    1.14268    1.14254          1     0.0823     0.1346      98.67     0.3336     0.3429  1.000e-12  0.4958000    10.5447    10.5433    -0.0014     8.2915     8.2904     83.700     85.538      0.554    1444.70    1444.70  0.000e+00
      15660     85.000     5.8488     5.8492     0.0004    1.14425    1.14415          1     0.0751     0.1288      98.67     0.3504     0.3299  1.000e-12  0.6287000    10.5602    10.5591    -0.0011     8.3036     8.3027     84.195     86.043      0.775    1444.73    1444.73  0.000e+00
