ctdpy/tests/etc/all_smhi_bas_2018/SBE09_1044_20180131_1829_34_02_0039.cnv
* Sea-Bird SBE 9 Data File:
* FileName = C:\ctd\temp\2018\ME18D039.hex
* Software Version Seasave V 7.26.6.26
* Temperature SN = 5351
* Conductivity SN = 3941
* Number of Bytes Per Scan = 41
* Number of Voltage Words = 4
* Number of Scans Averaged by the Deck Unit = 1
* NMEA Latitude = 58 01.03 N
* NMEA Longitude = 017 59.07 E
* NMEA UTC (Time) = Jan 31 2018  18:29:28
* NMEA baud rate = 4800
** Station:  BY32
** Operator:  JKro
** Ship: MERI
** Average sound velocity: 1440.92 m/s
** True-depth calculation Wed, 31 Jan 2018 19:43:32 +0000
** CTD Python Module SMHI /ver 3-12/ feb 2012 
** LIMS Job: 20183402-0039
** Cruise: SMHI-01-2018
** Latitude [GG MM.mm N] :
** Longitude [GG MM.mm E]:
# nquan = 26
# nvalues = 391                         
# units = specified
# name 0 = scan: Scan Count
# name 1 = prDM: Pressure, Digiquartz [db]
# name 2 = t090C: Temperature [ITS-90, deg C]
# name 3 = t190C: Temperature, 2 [ITS-90, deg C]
# name 4 = T2-T190C: Temperature Difference, 2 - 1 [ITS-90, deg C]
# name 5 = c0S/m: Conductivity [S/m]
# name 6 = c1S/m: Conductivity, 2 [S/m]
# name 7 = pumps: Pump Status
# name 8 = sbeox0ML/L: Oxygen, SBE 43 [ml/l]
# name 9 = sbeox1ML/L: Oxygen, SBE 43, 2 [ml/l]
# name 10 = altM: Altimeter [m]
# name 11 = flECO-AFL: Chl-a Fluorescence, WET Labs ECO-AFL/FL [mg/m^3]
# name 12 = flECO-AFL1: Phycocyanin Fluorescence, WET Labs ECO-AFL/FL, 2 [mg/m^3]
# name 13 = par: PAR/Irradiance, Biospherical/Lico [µE/(cm^2*s)]
# name 14 = turbWETntu0: Turbidity, WET Labs ECO [NTU]
# name 15 = sal00: Salinity, Practical [PSU]
# name 16 = sal11: Salinity, Practical, 2 [PSU]
# name 17 = secS-priS: Salinity, Practical, Difference, 2 - 1 [PSU]
# name 18 = sigma-t00: Density [sigma-t, Kg/m^3 ]
# name 19 = sigma-t11: Density, 2 [sigma-t, Kg/m^3 ]
# name 20 = depSM: Depth [salt water, m], lat = 58.0172
# name 21 = depFM: Depth [true depth, m], lat = 58.0172
# name 22 = dz/dtM: Descent Rate [m/s], WS = 2
# name 23 = svCM: Sound Velocity [Chen-Millero, m/s]
# name 24 = svCM1: Sound Velocity, 2 [Chen-Millero, m/s]
# name 25 = flag: flag
# span 0 =      15007,      29452       
# span 1 =      1.500,    196.500       
# span 2 =     4.5372,     6.2803       
# span 3 =     4.5390,     6.2754       
# span 4 =    -0.1082,     0.0525       
# span 5 =   0.775714,   1.144254       
# span 6 =   0.775704,   1.144239       
# span 7 =          1,          1       
# span 8 =    0.00091,    8.04492       
# span 9 =    0.01521,    8.00646       
# span 10 =       3.65,     101.53      
# span 11 =     0.2399,     0.4070      
# span 12 =     0.2517,     0.3807      
# span 13 = -2.416e-03, 6.3525e-02      
# span 14 =     0.1111,     2.3253      
# span 15 =     7.2317,    10.5795      
# span 16 =     7.2313,    10.5792      
# span 17 =    -0.0765,     0.0218      
# span 18 =     5.7330,     8.3264      
# span 19 =     5.7328,     8.3261      
# span 20 =      1.486,    194.586      
# span 21 =      1.519,    198.711      
# span 22 =     -0.155,      1.369      
# span 23 =    1433.58,    1446.01      
# span 24 =    1433.58,    1446.00      
# span 25 = 0.0000e+00, 0.0000e+00      
# interval = decibars: 0.5              
# start_time = Jan 31 2018 18:29:28 [NMEA time, first data scan]
# bad_flag = -9.990e-29
*END*
[from data line 168]
      20962     85.500     5.5082     5.5090     0.0008    1.01470    1.01465          1     1.1050     1.2864      39.91     0.3128     0.2929  1.000e-12  0.1637000     9.3700     9.3693    -0.0008     7.3844     7.3837     84.690     86.570      0.597    1441.77    1441.77  0.000e+00
      21034     86.000     5.5062     5.5080     0.0024    1.01511    1.01436          1     1.1443     1.2635     101.53     0.3038     0.3056  1.000e-12  0.1861000     9.3746     9.3666    -0.0080     7.3881     7.3817     85.185     87.075      0.651    1441.78    1441.77  0.000e+00
      21094     86.500     5.4752     5.4913     0.0154    1.01687    1.01445          1     1.1298     1.2226      98.87     0.3092     0.2623  1.000e-12  0.1545000     9.4007     9.3721    -0.0286     7.4104     7.3869     85.680     87.581      1.313    1441.68    1441.72  0.000e+00
      21100     87.000     5.4726     5.4734     0.0009    1.01849    1.01832          1     1.0157     1.1279      98.66     0.2879     0.2604  1.000e-12  0.1980000     9.4175     9.4156    -0.0019     7.4237     7.4222     86.176     88.086      1.369    1441.70    1441.70  0.000e+00
      21109     87.500     5.4737     5.4743     0.0006    1.02150    1.02130          1     0.9190     1.0506      98.64     0.2847     0.2622  1.000e-12  0.2091000     9.4471     9.4449    -0.0021     7.4470     7.4453     86.671     88.592      1.309    1441.75    1441.75  0.000e+00
      21118     88.000     5.4751     5.4755     0.0004    1.02656    1.02642          1     0.8393     0.9843      98.65     0.2814     0.2971  1.000e-12  0.2104000     9.4971     9.4956    -0.0015     7.4865     7.4853     87.166     89.097      1.078    1441.83    1441.83  0.000e+00
      21156     88.500     5.4779     5.4789     0.0010    1.02655    1.02632          1     0.8192     0.9341      98.65     0.2960     0.3201  1.000e-12  0.2689000     9.4961     9.4936    -0.0026     7.4855     7.4835     87.661     89.603      0.689    1441.85    1441.85  0.000e+00
      21253     89.000     5.4833     5.4830    -0.0002    1.02440    1.02486          1     0.8061     0.8632      98.65     0.3204     0.3778  1.000e-12  0.2641000     9.4731     9.4777     0.0047     7.4670     7.4708     88.156     90.108      1.115    1441.85    1441.85  0.000e+00
      21266     89.500     5.4741     5.4793     0.0051    1.03140    1.02894          1     0.6812     0.7606      98.66     0.3213     0.3717  1.000e-12  0.2650000     9.5455     9.5195    -0.0260     7.5247     7.5039     88.651     90.614      1.095    1441.91    1441.90  0.000e+00
      21277     90.000     5.4632     5.4631    -0.0001    1.04573    1.04504          1     0.5170     0.6289      98.66     0.3213     0.2630  1.000e-12  0.2761000     9.6916     9.6847    -0.0069     7.6406     7.6352     89.146     91.119      0.944    1442.06    1442.04  0.000e+00
      21298     90.500     5.4732     5.4735     0.0003    1.04982    1.04964          1     0.3893     0.5114      98.66     0.3228     0.2828  1.000e-12  0.2965000     9.7296     9.7276    -0.0019     7.6700     7.6685     89.642     91.625      0.575    1442.15    1442.15  0.000e+00
      21416     91.000     5.4779     5.4770    -0.0009    1.04313    1.04430          1     0.3674     0.4512      98.66     0.3213     0.2717  1.000e-12  0.2956000     9.6613     9.6732     0.0119     7.6159     7.6254     90.137     92.130      1.120    1442.10    1442.11  0.000e+00
      21424     91.500     5.4738     5.4726    -0.0012    1.05161    1.05375          1     0.2377     0.3820      98.66     0.3213     0.2737  1.000e-12  0.2965000     9.7472     9.7689     0.0218     7.6839     7.7011     90.632     92.635      1.136    1442.19    1442.22  0.000e+00
      21434     92.000     5.4756     5.4753    -0.0003    1.06241    1.06205          1     0.1234     0.2975      98.66     0.3006     0.3185  1.000e-12  0.3426000     9.8545     9.8509    -0.0035     7.7685     7.7657     91.127     93.141      1.014    1442.35    1442.34  0.000e+00
      21448     92.500     5.4817     5.4813    -0.0004    1.06469    1.06432          1     0.0479     0.2102      98.66     0.3022     0.3108  1.000e-12  0.3510000     9.8754     9.8718    -0.0036     7.7847     7.7819     91.622     93.646      0.651    1442.41    1442.40  0.000e+00
      21550     93.000     5.4872     5.4872    -0.0001    1.06566    1.06329          1     0.1652     0.2050      98.66     0.3162     0.3141  1.000e-12  0.2989000     9.8834     9.8597    -0.0237     7.7907     7.7720     92.117     94.151      0.538    1442.45    1442.42  0.000e+00
      21576     93.500     5.4918     5.4905    -0.0013    1.06818    1.06595          1     0.0736     0.1317      98.66     0.3091     0.3031  1.000e-12  0.2932000     9.9073     9.8853    -0.0220     7.8092     7.7920     92.612     94.657      0.661    1442.51    1442.47  0.000e+00
      21595     94.000     5.4964     5.4963    -0.0002    1.07008    1.06977          1     0.0115     0.0959      98.66     0.3091     0.3210  1.000e-12  0.3240000     9.9248     9.9217    -0.0030     7.8228     7.8204     93.108     95.162      0.561    1442.56    1442.55  0.000e+00
      21623     94.500     5.4952     5.4960     0.0008    1.07095    1.07082          1     0.0009     0.0844      98.65     0.3279     0.3228  1.000e-12  0.4281000     9.9338     9.9322    -0.0016     7.8300     7.8287     93.603     95.667      0.348    1442.57    1442.57  0.000e+00
      21667     95.000     5.4937     5.4942     0.0005    1.07279    1.07263          1     0.0229     0.0890      98.66     0.3458     0.3314  1.000e-12  0.7652000     9.9526     9.9507    -0.0018     7.8449     7.8435     94.098     96.173      0.252    1442.60    1442.60  0.000e+00
      21714     95.500     5.4996     5.4998     0.0002    1.07622    1.07600          1     0.0423     0.0918      98.66     0.3513     0.3096  1.000e-12  1.3329000     9.9851     9.9828    -0.0023     7.8703     7.8685     94.593     96.678      0.277    1442.67    1442.67  0.000e+00
      21755     96.000     5.5070     5.5077     0.0007    1.07912    1.07916          1     0.0498     0.0884      98.66     0.3659     0.3220  1.000e-12  1.8324000    10.0118    10.0120     0.0002     7.8910     7.8911     95.088     97.183      0.314    1442.75    1442.75  0.000e+00
      21788     96.500     5.5127     5.5130     0.0003    1.08106    1.08094          1     0.0517     0.0879      98.66     0.3709     0.3431  1.000e-12  2.1070000    10.0295    10.0281    -0.0013     7.9046     7.9035     95.583     97.689      0.474    1442.80    1442.80  0.000e+00
      21809     97.000     5.5213     5.5215     0.0003    1.08394    1.08389          1     0.0536     0.0909      98.66     0.3702     0.3162  1.000e-12  2.2171000    10.0556    10.0550    -0.0006     7.9247     7.9242     96.078     98.194      0.591    1442.88    1442.88  0.000e+00
      21829     97.500     5.5228     5.5232     0.0004    1.08493    1.08491          1     0.0510     0.0908      98.66     0.3915     0.3211  1.000e-12  2.2832000    10.0650    10.0647    -0.0003     7.9321     7.9318     96.574     98.699      0.503    1442.91    1442.91  0.000e+00
      21896     98.000     5.5219     5.5223     0.0003    1.08458    1.08445          1     0.0557     0.0795      98.66     0.3767     0.3359  1.000e-12  2.1774000    10.0617    10.0603    -0.0014     7.9295     7.9283     97.069     99.204      0.380    1442.90    1442.90  0.000e+00
      21934     98.500     5.5243     5.5248     0.0006    1.08520    1.08525          1     0.0499     0.0829      98.66     0.3941     0.3629  1.000e-12  2.1448000    10.0671    10.0674     0.0003     7.9336     7.9338     97.564     99.710      0.711    1442.93    1442.93  0.000e+00
      21949     99.000     5.5250     5.5255     0.0005    1.08546    1.08543          1     0.0479     0.0842      98.66     0.3825     0.3627  1.000e-12  2.2425000    10.0694    10.0690    -0.0004     7.9354     7.9350     98.059    100.215      0.731    1442.94    1442.95  0.000e+00
      21968     99.500     5.5227     5.5234     0.0007    1.08583    1.08580          1     0.0464     0.0798      98.66     0.3824     0.3581  1.000e-12  2.2994000    10.0737    10.0732    -0.0005     7.9389     7.9385     98.554    100.720      0.501    1442.95    1442.95  0.000e+00
      22034    100.000     5.5224     5.5230     0.0005    1.08579    1.08470          1     0.0500     0.0740      98.66     0.3716     0.3076  1.000e-12  2.2161000    10.0733    10.0622    -0.0111     7.9386     7.9298     99.049    101.225      0.329    1442.95    1442.94  0.000e+00
      22063    100.500     5.5216     5.5222     0.0006    1.08622    1.08616          1     0.0435     0.0751      98.66     0.3737     0.2672  1.000e-12  2.2369000    10.0778    10.0770    -0.0008     7.9422     7.9415     99.544    101.731      0.535    1442.96    1442.97  0.000e+00
      22085    101.000     5.5214     5.5218     0.0004    1.08628    1.08625          1     0.0417     0.0698      98.66     0.3844     0.3430  1.000e-12  2.3224000    10.0783    10.0779    -0.0004     7.9426     7.9423    100.039    102.236      0.485    1442.97    1442.97  0.000e+00
      22115    101.500     5.5205     5.5211     0.0006    1.08659    1.08655          1     0.0435     0.0647      98.66     0.3838     0.3807  1.000e-12  2.3253000    10.0816    10.0810    -0.0006     7.9453     7.9448    100.535    102.741      0.347    1442.98    1442.98  0.000e+00
      22162    102.000     5.5222     5.5224     0.0002    1.08779    1.08754          1     0.0406     0.0735      98.66     0.3901     0.3333  1.000e-12  2.2686000    10.0931    10.0905    -0.0025     7.9542     7.9522    101.030    103.246      0.216    1443.01    1443.01  0.000e+00
      22211    102.500     5.5239     5.5245     0.0005    1.08881    1.08877          1     0.0422     0.0748      98.66     0.3709     0.3291  1.000e-12  2.1996000    10.1026    10.1021    -0.0005     7.9617     7.9612    101.525    103.752      0.376    1443.04    1443.04  0.000e+00
      22236    103.000     5.5246     5.5250     0.0004    1.08916    1.08913          1     0.0408     0.0702      98.66     0.3701     0.3352  1.000e-12  2.2126000    10.1059    10.1055    -0.0004     7.9642     7.9639    102.020    104.257      0.557    1443.05    1443.05  0.000e+00
      22256    103.500     5.5247     5.5251     0.0004    1.08929    1.08927          1     0.0428     0.0642      98.66     0.3819     0.3066  1.000e-12  2.1937000    10.1071    10.1067    -0.0004     7.9652     7.9649    102.515    104.762      0.579    1443.06    1443.06  0.000e+00
      22280    104.000     5.5247     5.5252     0.0005    1.08953    1.08949          1     0.0372     0.0677      98.66     0.4015     0.3709  1.000e-12  2.1846000    10.1093    10.1088    -0.0005     7.9669     7.9665    103.010    105.267      0.368    1443.07    1443.07  0.000e+00
      22344    104.500     5.5251     5.5253     0.0002    1.08968    1.08941          1     0.0380     0.0662      98.66     0.3902     0.3680  1.000e-12  2.0907000    10.1107    10.1079    -0.0028     7.9680     7.9658    103.505    105.773      0.342    1443.08    1443.08  0.000e+00
      22369    105.000     5.5259     5.5264     0.0005    1.09005    1.09005          1     0.0394     0.0689      98.46     0.3825     0.3719  1.000e-12  2.1317000    10.1140    10.1138    -0.0002     7.9706     7.9704    104.000    106.278      0.494    1443.10    1443.10  0.000e+00
      22396    105.500     5.5262     5.5267     0.0006    1.09036    1.09032          1     0.0371     0.0674      97.93     0.3868     0.3298  1.000e-12  2.1521000    10.1170    10.1164    -0.0006     7.9729     7.9724    104.495    106.783      0.310    1443.11    1443.11  0.000e+00
      22454    106.000     5.5263     5.5268     0.0005    1.09037    1.09030          1     0.0368     0.0622      97.26     0.3952     0.3502  1.000e-12  2.0852000    10.1169    10.1161    -0.0008     7.9728     7.9721    104.991    107.288      0.380    1443.12    1443.12  0.000e+00
      22474    106.500     5.5271     5.5275     0.0005    1.09052    1.09048          1     0.0325     0.0583      96.97     0.3946     0.3500  1.000e-12  2.1292000    10.1181    10.1176    -0.0006     7.9737     7.9733    105.486    107.794      0.650    1443.13    1443.13  0.000e+00
      22491    107.000     5.5301     5.5305     0.0004    1.09193    1.09189          1     0.0351     0.0569      96.59     0.3946     0.3302  1.000e-12  2.1578000    10.1313    10.1307    -0.0005     7.9840     7.9835    105.981    108.299      0.669    1443.17    1443.17  0.000e+00
      22522    107.500     5.5396     5.5391    -0.0005    1.09536    1.09488          1     0.0354     0.0648      96.24     0.4018     0.3189  1.000e-12  2.0073000    10.1626    10.1580    -0.0046     8.0082     8.0045    106.476    108.804      0.442    1443.26    1443.25  0.000e+00
      22608    108.000     5.5373     5.5368    -0.0006    1.09444    1.09389          1     0.0354     0.0607      96.30     0.3965     0.3346  1.107e-12  1.8000000    10.1541    10.1487    -0.0053     8.0015     7.9973    106.971    109.309      0.704    1443.25    1443.24  0.000e+00
      22620    108.500     5.5543     5.5553     0.0011    1.10011    1.10021          1     0.0346     0.0627      95.38     0.4070     0.3479  1.310e-05  1.8388000    10.2056    10.2063     0.0007     8.0413     8.0417    107.466    109.815      0.879    1443.40    1443.40  0.000e+00
      22632    109.000     5.5570     5.5582     0.0012    1.10088    1.10102          1     0.0343     0.0605      94.75     0.3886     0.3399  4.438e-07  1.6857000    10.2124    10.2135     0.0011     8.0465     8.0472    107.961    110.320      0.869    1443.42    1443.43  0.000e+00
      22647    109.500     5.5635     5.5633    -0.0002    1.10262    1.10237          1     0.0342     0.0586      94.12     0.3808     0.3335  2.925e-08  1.6165000    10.2278    10.2253    -0.0025     8.0582     8.0563    108.456    110.825      0.644    1443.48    1443.47  0.000e+00
      22719    110.000     5.5554     5.5622     0.0069    1.10004    1.10192          1     0.0336     0.0533      93.26     0.3693     0.3444  1.000e-12  1.4369000    10.2043    10.2211     0.0167     8.0402     8.0530    108.951    111.330      0.384    1443.42    1443.47  0.000e+00
      22763    110.500     5.5586     5.5653     0.0067    1.10095    1.10285          1     0.0321     0.0499      92.77     0.3702     0.3217  1.000e-12  1.4554000    10.2124    10.2294     0.0170     8.0464     8.0594    109.447    111.835      0.628    1443.45    1443.50  0.000e+00
      22781    111.000     5.5693     5.5702     0.0009    1.10408    1.10414          1     0.0314     0.0570      92.40     0.3642     0.3188  1.000e-12  1.4390000    10.2403    10.2407     0.0003     8.0678     8.0680    109.942    112.341      0.579    1443.54    1443.55  0.000e+00
      22811    111.500     5.5711     5.5723     0.0011    1.10463    1.10481          1     0.0293     0.0565      91.85     0.3713     0.3322  1.000e-12  1.3993000    10.2453    10.2467     0.0014     8.0716     8.0726    110.437    112.846      0.318    1443.56    1443.57  0.000e+00
      22858    112.000     5.5782     5.5791     0.0009    1.10681    1.10687          1     0.0313     0.0574      91.21     0.3918     0.3234  1.000e-12  1.3529000    10.2648    10.2652     0.0003     8.0866     8.0868    110.932    113.351      0.326    1443.63    1443.63  0.000e+00
