ctdpy/tests/etc/all_smhi_bas_2018/SBE09_0827_20180127_1507_26_01_0237.cnv
* Sea-Bird SBE 9 Data File:
* FileName = D:\CTD_SBE911\DAT\26DA.2018.1.137.hex
* Software Version Seasave V 7.21d
* Temperature SN = 034757
* Conductivity SN = 041844
* Number of Bytes Per Scan = 48
* Number of Voltage Words = 5
* Number of Scans Averaged by the Deck Unit = 1
* NMEA Latitude = 57 12.10 N
* NMEA Longitude = 011 25.72 E
* NMEA UTC (Time) = Jan 27 2018  15:07:51
* NMEA baud rate = 4800
** Ship: DANA
** Average sound velocity: 1471.72 m/s
** True-depth calculation Thu, 28 Mar 2019 08:32:47 +0000
** CTD Python Module SMHI /ver 3-12/ feb 2012 
** LIMS Job: 20182601-0237
** W Groves Flak
** Operator: Ronny Sørensen
** Cruise: 01/2018
# nquan = 26
# nvalues = 147                         
# units = specified
# name 0 = scan: Scan Count
# name 1 = prDM: Pressure, Digiquartz [db]
# name 2 = t090C: Temperature [ITS-90, deg C]
# name 3 = t190C: Temperature, 2 [ITS-90, deg C]
# name 4 = T2-T190C: Temperature Difference, 2 - 1 [ITS-90, deg C]
# name 5 = c0S/m: Conductivity [S/m]
# name 6 = c1S/m: Conductivity, 2 [S/m]
# name 7 = pumps: Pump Status
# name 8 = sbeox1ML/L: Oxygen, SBE 43, 2 [ml/l]
# name 9 = sbeox0ML/L: Oxygen, SBE 43 [ml/l]
# name 10 = altM: Altimeter [m]
# name 11 = chloroflTC0: Chlorophyll, Turner Cyclops [ug/l]
# name 12 = cpar: CPAR/Corrected Irradiance [%]
# name 13 = par: PAR/Irradiance, Biospherical/Lico [µE/(cm^2*s)]
# name 14 = spar: SPAR, Biospherical/Licor
# name 15 = sal00: Salinity, Practical [PSU]
# name 16 = sal11: Salinity, Practical, 2 [PSU]
# name 17 = secS-priS: Salinity, Practical, Difference, 2 - 1 [PSU]
# name 18 = sigma-t00: Density [sigma-t, kg/m^3 ]
# name 19 = sigma-t11: Density, 2 [sigma-t, kg/m^3 ]
# name 20 = depSM: Depth [salt water, m], lat = 57.2017
# name 21 = depFM: Depth [true depth, m], lat = 57.2017
# name 22 = dz/dtM: Descent Rate [m/s], WS = 2
# name 23 = svCM: Sound Velocity [Chen-Millero, m/s]
# name 24 = svCM1: Sound Velocity, 2 [Chen-Millero, m/s]
# name 25 = flag: flag
# span 0 =        247,      10017       
# span 1 =      2.000,     75.000       
# span 2 =     4.1995,     7.5022       
# span 3 =     4.1891,     7.5006       
# span 4 =    -0.1015,     0.1625       
# span 5 =   2.256822,   3.496584       
# span 6 =   2.254312,   3.496729       
# span 7 =          1,          1       
# span 8 =     5.6141,     7.0838       
# span 9 =     5.7365,     7.1127       
# span 10 =      -1.24,       9.95      
# span 11 =     0.0208,     0.0609      
# span 12 = 4.4764e-12, 5.5040e+00      
# span 13 = 1.0000e-12, 1.1249e+00      
# span 14 = 1.7255e+01, 2.2339e+01      
# span 15 =    23.2402,    34.1118      
# span 16 =    23.2191,    34.1149      
# span 17 =    -0.5591,     0.7019      
# span 18 =    18.4311,    26.6487      
# span 19 =    18.4151,    26.6515      
# span 20 =      1.982,     74.296      
# span 21 =      2.000,     74.535      
# span 22 =     -0.362,      0.289      
# span 23 =    1452.42,    1480.71      
# span 24 =    1452.36,    1480.71      
# span 25 = 0.0000e+00, 0.0000e+00      
# interval = decibars: 0.5              
# start_time = Jan 27 2018 15:07:51 [NMEA time, first data scan]
# bad_flag = -9.990e-29
*END*
        247      2.000     4.1995     4.2076     0.0080    2.25682    2.26008          1     7.0838     6.6531       9.95     0.0217  5.504e+00  1.125e+00  2.045e+01    23.2402    23.2713     0.0310    18.4311    18.4551      1.982      2.000      0.208    1452.42    1452.49  0.000e+00
        486      2.500     4.2124     4.1891    -0.0232    2.26283    2.25431          1     7.0702     7.0097       9.95     0.0211  4.582e+00  9.306e-01  2.031e+01    23.2986    23.2191    -0.0795    18.4764    18.4151      2.477      2.500      0.235    1452.56    1452.36  0.000e+00
        549      3.000     4.2584     4.2381    -0.0203    2.27729    2.26813          1     7.0501     7.1127       9.95     0.0210  3.777e+00  7.671e-01  2.031e+01    23.4287    23.3398    -0.0888    18.5760    18.5071      2.972      3.000      0.217    1452.93    1452.73  0.000e+00
        595      3.500     4.3613     4.3052    -0.0562    2.31625    2.29154          1     7.0065     7.0919       9.95     0.0208  3.171e+00  6.439e-01  2.031e+01    23.7931    23.5554    -0.2377    18.8568    18.6728      3.468      3.500      0.277    1453.84    1453.30  0.000e+00
        648      4.000     4.3887     4.3460    -0.0426    2.32317    2.30884          1     6.9482     7.0858       9.95     0.0220  2.593e+00  5.266e-01  2.031e+01    23.8510    23.7207    -0.1303    18.9005    18.8006      3.963      4.000      0.214    1454.04    1453.69  0.000e+00
        695      4.500     4.4726     4.4448    -0.0279    2.35798    2.34100          1     6.9656     7.0597       9.95     0.0244  2.107e+00  4.280e-01  2.031e+01    24.1811    24.0105    -0.1706    19.1553    19.0224      4.459      4.500      0.282    1454.82    1454.49  0.000e+00
        749      5.000     4.5079     4.4684    -0.0398    2.36940    2.35488          1     6.9527     7.0409       9.95     0.0248  1.710e+00  3.473e-01  2.031e+01    24.2833    24.1492    -0.1341    19.2333    19.1303      4.954      4.999      0.213    1455.11    1454.77  0.000e+00
        797      5.500     4.4974     4.4791    -0.0182    2.36800    2.36014          1     6.9279     7.0480       9.95     0.0249  1.349e+00  2.738e-01  2.031e+01    24.2750    24.2002    -0.0748    19.2276    19.1699      5.449      5.499      0.289    1455.06    1454.89  0.000e+00
        849      6.000     4.5377     4.5163    -0.0214    2.38350    2.37413          1     6.9328     7.0335       9.95     0.0248  1.024e+00  2.080e-01  2.031e+01    24.4193    24.3299    -0.0894    19.3386    19.2695      5.945      5.999      0.211    1455.43    1455.22  0.000e+00
        899      6.500     4.5526     4.5257    -0.0269    2.39024    2.37675          1     6.8736     7.0145       9.95     0.0251  7.780e-01  1.580e-01  2.031e+01    24.4837    24.3521    -0.1316    19.3883    19.2863      6.440      6.498      0.274    1455.58    1455.30  0.000e+00
        945      7.000     4.5698     4.5598    -0.0099    2.39572    2.38626          1     6.8641     6.9870       9.95     0.0257  5.326e-01  1.082e-01  2.031e+01    24.5323    24.4335    -0.0988    19.4254    19.3480      6.935      6.998      0.248    1455.72    1455.56  0.000e+00
        995      7.500     4.6334     4.6617     0.0283    2.42068    2.42858          1     6.8300     6.9248       9.95     0.0259  3.502e-01  7.111e-02  2.031e+01    24.7648    24.8323     0.0675    19.6041    19.6551      7.431      7.497      0.236    1456.30    1456.50  0.000e+00
       1045      8.000     4.8241     4.7228    -0.1015    2.50946    2.45261          1     6.7538     6.8539       9.95     0.0266  1.632e-01  3.314e-02  2.031e+01    25.6145    25.0554    -0.5591    20.2597    19.8264      7.926      7.997      0.230    1458.19    1457.05  0.000e+00
       1101      8.500     4.9339     4.9099    -0.0238    2.56038    2.52918          1     6.6847     6.7705       9.95     0.0271  1.856e-02  3.769e-03  2.031e+01    26.1002    25.7695    -0.3307    20.6342    20.3748      8.422      8.496      0.230    1459.27    1458.75  0.000e+00
       1148      9.000     5.0128     5.0235     0.0106    2.59094    2.58514          1     6.6139     6.7229       9.95     0.0262  1.989e-04  4.039e-05  2.031e+01    26.3798    26.3065    -0.0733    20.8480    20.7890      8.917      8.995      0.243    1459.96    1459.92  0.000e+00
       1201      9.500     5.0816     5.0925     0.0108    2.62526    2.62059          1     6.6013     6.6884       9.95     0.0266  4.924e-12  1.000e-12  2.031e+01    26.7087    26.6479    -0.0608    21.1016    21.0524      9.412      9.494      0.238    1460.68    1460.64  0.000e+00
       1248     10.000     5.1221     5.1229     0.0008    2.64302    2.64363          1     6.5643     6.6717       9.95     0.0271  4.924e-12  1.000e-12  2.031e+01    26.8746    26.8808     0.0062    21.2288    21.2337      9.908      9.992      0.252    1461.06    1461.07  0.000e+00
       1300     10.500     5.1345     5.1467     0.0123    2.65612    2.65601          1     6.5121     6.6623       9.95     0.0267  4.924e-12  1.000e-12  2.031e+01    27.0110    26.9999    -0.0111    21.3355    21.3255     10.403     10.491      0.231    1461.30    1461.33  0.000e+00
       1348     11.000     5.1793     5.2103     0.0310    2.67937    2.68852          1     6.4819     6.6282       9.95     0.0269  4.924e-12  1.000e-12  2.031e+01    27.2343    27.3114     0.0770    21.5076    21.5655     10.899     10.989      0.240    1461.77    1462.00  0.000e+00
       1401     11.500     5.2276     5.2521     0.0245    2.70886    2.71594          1     6.4903     6.6005       9.95     0.0269  4.924e-12  1.000e-12  2.031e+01    27.5244    27.5834     0.0591    21.7321    21.7764     11.394     11.488      0.239    1462.35    1462.52  0.000e+00
       1449     12.000     5.2781     5.2660    -0.0119    2.73664    2.72567          1     6.4649     6.5742       9.95     0.0271  4.924e-12  1.000e-12  2.031e+01    27.7931    27.6804    -0.1126    21.9395    21.8517     11.889     11.986      0.237    1462.90    1462.71  0.000e+00
       1503     12.500     5.3246     5.2963    -0.0282    2.76113    2.73900          1     6.4314     6.5575       9.95     0.0269  4.924e-12  1.000e-12  2.031e+01    28.0278    27.8041    -0.2238    22.1203    21.9463     12.385     12.485      0.239    1463.40    1463.00  0.000e+00
       1549     13.000     5.3132     5.3458     0.0324    2.75701    2.76816          1     6.4329     6.5486       9.95     0.0274  4.924e-12  1.000e-12  2.031e+01    27.9911    28.0885     0.0974    22.0924    22.1661     12.880     12.983      0.251    1463.32    1463.57  0.000e+00
       1600     13.500     5.3530     5.4163     0.0633    2.77852    2.80034          1     6.3667     6.5227       9.95     0.0285  4.924e-12  1.000e-12  2.031e+01    28.1980    28.3883     0.1902    22.2519    22.3956     13.375     13.481      0.231    1463.75    1464.25  0.000e+00
       1651     14.000     5.4224     5.5156     0.0933    2.81789    2.86157          1     6.3194     6.4703       9.95     0.0276  4.924e-12  1.000e-12  2.031e+01    28.5791    28.9872     0.4081    22.5458    22.8584     13.871     13.979      0.240    1464.53    1465.42  0.000e+00
       1701     14.500     5.5016     5.6156     0.1140    2.86794    2.93966          1     6.2830     6.4362       9.95     0.0281  4.924e-12  1.000e-12  2.031e+01    29.0703    29.7723     0.7019    22.9256    23.4677     14.366     14.477      0.236    1465.48    1466.83  0.000e+00
       1753     15.000     5.5925     5.6680     0.0755    2.93691    2.98865          1     6.2555     6.4015       9.95     0.0290  4.924e-12  1.000e-12  2.031e+01    29.7617    30.2733     0.5115    23.4619    23.8577     14.861     14.975      0.231    1466.73    1467.68  0.000e+00
       1803     15.500     5.6524     5.6883     0.0359    2.98550    3.00642          1     6.2389     6.3771       9.95     0.0290  4.924e-12  1.000e-12  2.031e+01    30.2518    30.4535     0.2018    23.8424    23.9978     15.357     15.472      0.241    1467.60    1468.00  0.000e+00
       1854     16.000     5.7018     5.7366     0.0348    3.02269    3.03788          1     6.2383     6.3630       9.95     0.0290  4.924e-12  1.000e-12  2.031e+01    30.6232    30.7616     0.1384    24.1303    24.2356     15.852     15.970      0.230    1468.28    1468.60  0.000e+00
       1904     16.500     5.7262     5.7577     0.0315    3.04318    3.06618          1     6.2385     6.3579       9.95     0.0293  4.924e-12  1.000e-12  2.031e+01    30.8301    31.0587     0.2286    24.2910    24.4679     16.348     16.467      0.248    1468.65    1469.07  0.000e+00
       1954     17.000     5.7445     5.7399    -0.0046    3.05941    3.07241          1     6.2322     6.3488       9.95     0.0299  4.924e-12  1.000e-12  2.031e+01    30.9948    31.1447     0.1499    24.4189    24.5379     16.843     16.964      0.233    1468.94    1469.11  0.000e+00
       2006     17.500     5.7394     5.7234    -0.0160    3.07006    3.08013          1     6.2230     6.3306       9.95     0.0302  4.924e-12  1.000e-12  2.031e+01    31.1187    31.2464     0.1277    24.5174    24.6201     17.338     17.461      0.233    1469.08    1469.18  0.000e+00
       2056     18.000     5.7268     5.7103    -0.0165    3.08113    3.10955          1     6.2092     6.3199       9.95     0.0303  4.924e-12  1.000e-12  2.031e+01    31.2542    31.5886     0.3344    24.6259    24.8920     17.834     17.958      0.257    1469.21    1469.57  0.000e+00
       2102     18.500     5.7132     5.6621    -0.0511    3.10409    3.14047          1     6.1908     6.3181       9.95     0.0305  4.924e-12  1.000e-12  2.031e+01    31.5243    31.9820     0.4578    24.8409    25.2086     18.329     18.455      0.248    1469.51    1469.88  0.000e+00
       2151     19.000     5.6778     5.6205    -0.0573    3.13039    3.15545          1     6.1659     6.3198       9.95     0.0315  4.924e-12  1.000e-12  2.031e+01    31.8532    32.1903     0.3371    25.1049    25.3781     18.824     18.952      0.260    1469.79    1469.99  0.000e+00
       2195     19.500     5.6419     5.5957    -0.0462    3.14665    3.15925          1     6.1660     6.3296       9.95     0.0320  4.924e-12  1.000e-12  2.031e+01    32.0703    32.2567     0.1865    25.2807    25.4335     19.320     19.449      0.273    1469.93    1469.98  0.000e+00
       2241     20.000     5.6102     5.5698    -0.0404    3.15505    3.16010          1     6.1955     6.3204       9.95     0.0321  4.924e-12  1.000e-12  2.031e+01    32.1952    32.2910     0.0958    25.3832    25.4636     19.815     19.946      0.249    1469.97    1469.92  0.000e+00
       2289     20.500     5.5739     5.5458    -0.0281    3.15964    3.16143          1     6.2401     6.3375       9.95     0.0329  4.924e-12  1.000e-12  2.031e+01    32.2816    32.3289     0.0472    25.4558    25.4964     20.310     20.442      0.249    1469.94    1469.88  0.000e+00
       2339     21.000     5.5501     5.5435    -0.0066    3.16149    3.16213          1     6.2244     6.3479       9.95     0.0330  4.924e-12  1.000e-12  2.031e+01    32.3251    32.3386     0.0135    25.4929    25.5044     20.806     20.939      0.242    1469.90    1469.89  0.000e+00
       2387     21.500     5.5446     5.5414    -0.0032    3.16228    3.16269          1     6.2469     6.3432       9.95     0.0333  4.924e-12  1.000e-12  2.031e+01    32.3391    32.3468     0.0077    25.5046    25.5111     21.301     21.435      0.248    1469.91    1469.90  0.000e+00
       2436     22.000     5.5408     5.5383    -0.0026    3.16280    3.16305          1     6.2230     6.3397       9.95     0.0330  4.924e-12  1.000e-12  2.031e+01    32.3483    32.3537     0.0054    25.5123    25.5169     21.796     21.932      0.250    1469.91    1469.91  0.000e+00
       2482     22.500     5.5369     5.5324    -0.0045    3.16329    3.16362          1     6.2367     6.3455       9.95     0.0331  4.924e-12  1.000e-12  2.031e+01    32.3574    32.3655     0.0081    25.5200    25.5269     22.292     22.429      0.273    1469.92    1469.91  0.000e+00
       2526     23.000     5.5299     5.5252    -0.0048    3.16402    3.16450          1     6.2510     6.3401       9.95     0.0338  4.924e-12  1.000e-12  2.031e+01    32.3722    32.3822     0.0099    25.5325    25.5409     22.787     22.925      0.261    1469.91    1469.91  0.000e+00
       2573     23.500     5.5238     5.5217    -0.0021    3.16530    3.16569          1     6.2440     6.3434       9.95     0.0339  4.924e-12  1.000e-12  2.031e+01    32.3924    32.3988     0.0064    25.5492    25.5545     23.282     23.422      0.251    1469.92    1469.92  0.000e+00
       2623     24.000     5.5171     5.5112    -0.0059    3.16732    3.16775          1     6.2252     6.3359       9.95     0.0339  4.924e-12  1.000e-12  2.031e+01    32.4215    32.4320     0.0106    25.5729    25.5820     23.778     23.918      0.233    1469.94    1469.93  0.000e+00
       2673     24.500     5.5517     5.5947     0.0430    3.18176    3.18451          1     6.2162     6.3373       9.95     0.0342  4.924e-12  1.000e-12  2.031e+01    32.5513    32.5408    -0.0104    25.6716    25.6583     24.273     24.415      0.249    1470.25    1470.41  0.000e+00
       2721     25.000     5.6671     5.6967     0.0295    3.19776    3.20033          1     6.1932     6.3047       9.95     0.0348  4.924e-12  1.000e-12  2.031e+01    32.6203    32.6208     0.0005    25.7126    25.7095     24.768     24.911      0.247    1470.81    1470.93  0.000e+00
       2769     25.500     5.7174     5.7513     0.0338    3.20564    3.20865          1     6.1992     6.3024       9.95     0.0345  4.924e-12  1.000e-12  2.031e+01    32.6604    32.6615     0.0011    25.7383    25.7352     25.264     25.408      0.264    1471.07    1471.21  0.000e+00
       2813     26.000     5.7690     5.7871     0.0182    3.21787    3.22104          1     6.1813     6.2844       9.95     0.0349  4.924e-12  1.000e-12  2.031e+01    32.7480    32.7661     0.0181    25.8014    25.8136     25.759     25.904      0.272    1471.40    1471.50  0.000e+00
       2858     26.500     5.7557     5.7439    -0.0118    3.22197    3.22198          1     6.1724     6.2755       9.95     0.0351  4.924e-12  1.000e-12  2.031e+01    32.8070    32.8186     0.0116    25.8496    25.8602     26.254     26.401      0.261    1471.43    1471.40  0.000e+00
       2906     27.000     5.7048     5.6913    -0.0135    3.21856    3.21837          1     6.1948     6.3024       9.95     0.0352  4.924e-12  1.000e-12  2.031e+01    32.8177    32.8288     0.0111    25.8642    25.8746     26.750     26.897      0.243    1471.25    1471.21  0.000e+00
       2956     27.500     5.6619     5.6512    -0.0107    3.21526    3.21516          1     6.2119     6.2932       9.95     0.0353  4.924e-12  1.000e-12  2.031e+01    32.8220    32.8313     0.0093    25.8727    25.8813     27.245     27.394      0.243    1471.09    1471.06  0.000e+00
       3004     28.000     5.6126     5.5952    -0.0174    3.21136    3.21092          1     6.2116     6.3121       9.95     0.0354  4.924e-12  1.000e-12  2.031e+01    32.8257    32.8377     0.0120    25.8814    25.8930     27.741     27.890      0.253    1470.90    1470.85  0.000e+00
       3051     28.500     5.5770     5.5632    -0.0138    3.20878    3.20867          1     6.1980     6.3213       9.95     0.0355  4.924e-12  1.000e-12  2.031e+01    32.8310    32.8432     0.0122    25.8899    25.9012     28.236     28.387      0.254    1470.78    1470.73  0.000e+00
       3098     29.000     5.5578     5.5546    -0.0032    3.20860    3.20889          1     6.1617     6.3198       9.95     0.0356  4.914e-12  1.000e-12  2.035e+01    32.8475    32.8539     0.0064    25.9051    25.9106     28.731     28.883      0.269    1470.73    1470.72  0.000e+00
