ctdpy/tests/etc/all_smhi_bas_2018/SBE09_1044_20180203_2209_34_02_0056.cnv
* Sea-Bird SBE 9 Data File:
* FileName = C:\ctd\temp\2018\ME18D056.hex
* Software Version Seasave V 7.26.6.26
* Temperature SN = 5351
* Conductivity SN = 3941
* Number of Bytes Per Scan = 41
* Number of Voltage Words = 4
* Number of Scans Averaged by the Deck Unit = 1
* NMEA Latitude = 58 16.04 N
* NMEA Longitude = 010 43.44 E
* NMEA UTC (Time) = Feb 03 2018  22:09:49
* NMEA baud rate = 4800
** Station:  A16
** Operator:  SSip
** Ship: MERI
** Average sound velocity: 1477.66 m/s
** True-depth calculation Sun, 04 Feb 2018 01:43:40 +0000
** CTD Python Module SMHI /ver 3-12/ feb 2012 
** LIMS Job: 20183402-0056
** Cruise: SMHI-01-2018
** Latitude [GG MM.mm N] :
** Longitude [GG MM.mm E]:
# nquan = 26
# nvalues = 398                         
# units = specified
# name 0 = scan: Scan Count
# name 1 = prDM: Pressure, Digiquartz [db]
# name 2 = t090C: Temperature [ITS-90, deg C]
# name 3 = t190C: Temperature, 2 [ITS-90, deg C]
# name 4 = T2-T190C: Temperature Difference, 2 - 1 [ITS-90, deg C]
# name 5 = c0S/m: Conductivity [S/m]
# name 6 = c1S/m: Conductivity, 2 [S/m]
# name 7 = pumps: Pump Status
# name 8 = sbeox0ML/L: Oxygen, SBE 43 [ml/l]
# name 9 = sbeox1ML/L: Oxygen, SBE 43, 2 [ml/l]
# name 10 = altM: Altimeter [m]
# name 11 = flECO-AFL: Chl-a Fluorescence, WET Labs ECO-AFL/FL [mg/m^3]
# name 12 = flECO-AFL1: Phycocyanin Fluorescence, WET Labs ECO-AFL/FL, 2 [mg/m^3]
# name 13 = par: PAR/Irradiance, Biospherical/Lico [µE/(cm^2*s)]
# name 14 = turbWETntu0: Turbidity, WET Labs ECO [NTU]
# name 15 = sal00: Salinity, Practical [PSU]
# name 16 = sal11: Salinity, Practical, 2 [PSU]
# name 17 = secS-priS: Salinity, Practical, Difference, 2 - 1 [PSU]
# name 18 = sigma-t00: Density [sigma-t, Kg/m^3 ]
# name 19 = sigma-t11: Density, 2 [sigma-t, Kg/m^3 ]
# name 20 = depSM: Depth [salt water, m], lat = 58.2673
# name 21 = depFM: Depth [true depth, m], lat = 58.2673
# name 22 = dz/dtM: Descent Rate [m/s], WS = 2
# name 23 = svCM: Sound Velocity [Chen-Millero, m/s]
# name 24 = svCM1: Sound Velocity, 2 [Chen-Millero, m/s]
# name 25 = flag: flag
# span 0 =       3533,      11442       
# span 1 =      1.500,    200.000       
# span 2 =     4.4074,     7.1306       
# span 3 =     4.4070,     7.1302       
# span 4 =    -0.1439,     0.0343       
# span 5 =   2.923300,   3.527743       
# span 6 =   2.923380,   3.527848       
# span 7 =          1,          1       
# span 8 =    6.05426,    7.00694       
# span 9 =    6.07067,    7.01260       
# span 10 =       1.46,     100.13      
# span 11 =     0.1031,     0.9325      
# span 12 =     0.2378,     0.4356      
# span 13 = -2.806e-05, 1.7245e-01      
# span 14 =     0.2398,     1.2129      
# span 15 =    30.6836,    34.9233      
# span 16 =    30.6851,    34.9246      
# span 17 =    -0.1361,     0.0448      
# span 18 =    24.3124,    27.4269      
# span 19 =    24.3134,    27.4279      
# span 20 =      1.486,    198.046      
# span 21 =      1.492,    198.340      
# span 22 =     -0.008,      1.289      
# span 23 =    1462.82,    1479.89      
# span 24 =    1462.82,    1479.90      
# span 25 = 0.0000e+00, 0.0000e+00      
# interval = decibars: 0.5              
# start_time = Feb 03 2018 22:09:50 [NMEA time, first data scan]
# bad_flag = -9.990e-29
*END*
[from data line 223]
       7733    113.000     6.6152     6.6150    -0.0002    3.49009    3.49020          1     6.3094     6.3150      98.68     0.1765     0.3147  1.000e-12  0.7443000    34.9100    34.9114     0.0014    27.4007    27.4019    111.920    112.092      0.742    1478.90    1478.90  0.000e+00
       7748    113.500     6.6157     6.6167     0.0010    3.49018    3.49042          1     6.2994     6.3133      98.68     0.1883     0.3274  1.000e-12  0.8080000    34.9103    34.9120     0.0017    27.4009    27.4021    112.415    112.587      0.753    1478.91    1478.92  0.000e+00
       7765    114.000     6.6164     6.6177     0.0012    3.49028    3.49056          1     6.3003     6.3144      98.68     0.1506     0.3362  1.000e-12  0.7967000    34.9104    34.9122     0.0018    27.4008    27.4021    112.910    113.083      0.684    1478.93    1478.93  0.000e+00
       7784    114.500     6.6170     6.6175     0.0005    3.49035    3.49054          1     6.3046     6.3143      98.68     0.1602     0.3425  1.000e-12  0.8244000    34.9104    34.9119     0.0016    27.4007    27.4019    113.405    113.579      0.580    1478.94    1478.94  0.000e+00
       7807    115.000     6.6188     6.6188     0.0000    3.49060    3.49072          1     6.3117     6.3077      98.68     0.1723     0.2717  1.000e-12  0.8445000    34.9110    34.9124     0.0014    27.4010    27.4021    113.900    114.074      0.524    1478.95    1478.96  0.000e+00
       7829    115.500     6.6200     6.6210     0.0009    3.49076    3.49098          1     6.3126     6.3136      98.68     0.1649     0.3440  1.000e-12  0.8318000    34.9114    34.9128     0.0014    27.4011    27.4021    114.395    114.570      0.606    1478.97    1478.97  0.000e+00
       7847    116.000     6.6203     6.6199    -0.0004    3.49081    3.49090          1     6.3147     6.3168      98.68     0.1765     0.3314  1.000e-12  0.8367000    34.9113    34.9127     0.0015    27.4010    27.4022    114.890    115.066      0.730    1478.97    1478.97  0.000e+00
       7862    116.500     6.6217     6.6212    -0.0005    3.49099    3.49107          1     6.3237     6.3155      98.68     0.1691     0.3168  1.000e-12  0.8293000    34.9116    34.9130     0.0014    27.4011    27.4023    115.385    115.561      0.775    1478.99    1478.99  0.000e+00
       7877    117.000     6.6224     6.6226     0.0002    3.49108    3.49124          1     6.3293     6.3178      98.68     0.1642     0.3158  1.000e-12  0.8259000    34.9117    34.9133     0.0016    27.4011    27.4023    115.880    116.057      0.690    1479.00    1479.00  0.000e+00
       7901    117.500     6.6224     6.6220    -0.0004    3.49112    3.49119          1     6.3199     6.3160      98.68     0.1575     0.3355  1.000e-12  0.8440000    34.9118    34.9131     0.0013    27.4012    27.4022    116.375    116.553      0.402    1479.01    1479.01  0.000e+00
       7946    118.000     6.6214     6.6213    -0.0002    3.49103    3.49112          1     6.3087     6.3057      98.68     0.1658     0.3301  1.000e-12  0.7708000    34.9117    34.9127     0.0011    27.4012    27.4020    116.870    117.048      0.336    1479.01    1479.01  0.000e+00
       7968    118.500     6.6225     6.6223    -0.0002    3.49116    3.49126          1     6.3178     6.3134      98.68     0.1492     0.3288  1.000e-12  0.7572000    34.9117    34.9130     0.0013    27.4010    27.4021    117.366    117.544      0.744    1479.02    1479.03  0.000e+00
       7982    119.000     6.6233     6.6229    -0.0004    3.49130    3.49136          1     6.3141     6.3182      98.68     0.1442     0.3421  1.000e-12  0.7717000    34.9122    34.9133     0.0011    27.4013    27.4022    117.861    118.040      0.948    1479.04    1479.04  0.000e+00
       7993    119.500     6.6248     6.6242    -0.0006    3.49150    3.49153          1     6.3074     6.3197      98.68     0.1789     0.3481  1.000e-12  0.8784000    34.9126    34.9136     0.0010    27.4015    27.4023    118.356    118.535      1.044    1479.05    1479.05  0.000e+00
       8004    120.000     6.6325     6.6327     0.0001    3.49235    3.49254          1     6.2986     6.3188      98.68     0.1759     0.3374  1.000e-12  0.8840000    34.9139    34.9159     0.0019    27.4014    27.4030    118.851    119.031      1.044    1479.09    1479.09  0.000e+00
       8016    120.500     6.6369     6.6367    -0.0001    3.49283    3.49293          1     6.2978     6.3080      98.68     0.1648     0.3305  1.000e-12  0.8919000    34.9146    34.9158     0.0012    27.4014    27.4024    119.346    119.527      0.938    1479.12    1479.12  0.000e+00
       8030    121.000     6.6368     6.6372     0.0004    3.49283    3.49300          1     6.2986     6.2989      98.68     0.1573     0.3477  1.000e-12  0.8957000    34.9144    34.9159     0.0015    27.4013    27.4024    119.841    120.023      0.704    1479.13    1479.13  0.000e+00
       8062    121.500     6.6363     6.6373     0.0010    3.49279    3.49301          1     6.2927     6.2963      98.68     0.1840     0.3752  1.000e-12  0.8638000    34.9143    34.9157     0.0014    27.4012    27.4022    120.336    120.518      0.320    1479.13    1479.14  0.000e+00
       8117    122.000     6.6339     6.6370     0.0031    3.49259    3.49304          1     6.3063     6.3002      98.68     0.1744     0.3627  1.000e-12  0.7211000    34.9141    34.9161     0.0020    27.4014    27.4026    120.831    121.014      0.487    1479.13    1479.14  0.000e+00
       8133    122.500     6.6403     6.6394    -0.0010    3.49329    3.49331          1     6.2992     6.2927      98.68     0.1765     0.3313  1.000e-12  0.7473000    34.9151    34.9164     0.0012    27.4014    27.4024    121.326    121.510      0.818    1479.17    1479.16  0.000e+00
       8145    123.000     6.6409     6.6405    -0.0004    3.49338    3.49347          1     6.2936     6.2925      98.68     0.1759     0.3324  1.000e-12  0.9307000    34.9154    34.9167     0.0013    27.4015    27.4025    121.821    122.005      0.994    1479.17    1479.17  0.000e+00
       8156    123.500     6.6434     6.6428    -0.0006    3.49370    3.49373          1     6.2892     6.2952      98.68     0.1748     0.3304  1.000e-12  0.9549000    34.9162    34.9171     0.0009    27.4018    27.4026    122.316    122.501      1.070    1479.19    1479.19  0.000e+00
       8167    124.000     6.6480     6.6463    -0.0016    3.49423    3.49417          1     6.2901     6.2959      98.68     0.1748     0.3181  1.000e-12  0.9781000    34.9171    34.9182     0.0011    27.4019    27.4029    122.811    122.997      1.051    1479.22    1479.22  0.000e+00
       8179    124.500     6.6491     6.6491     0.0001    3.49437    3.49451          1     6.2884     6.2976      98.68     0.1757     0.3145  1.000e-12  0.9963000    34.9173    34.9187     0.0014    27.4019    27.4030    123.306    123.492      0.917    1479.23    1479.24  0.000e+00
       8195    125.000     6.6501     6.6501    -0.0000    3.49451    3.49462          1     6.2849     6.2980      98.68     0.1829     0.3044  1.000e-12  1.0085000    34.9175    34.9187     0.0012    27.4019    27.4029    123.801    123.988      0.610    1479.25    1479.25  0.000e+00
       8237    125.500     6.6465     6.6474     0.0009    3.49414    3.49435          1     6.2872     6.2895      98.68     0.1703     0.3305  1.000e-12  0.8842000    34.9168    34.9183     0.0014    27.4018    27.4029    124.296    124.484      0.307    1479.24    1479.24  0.000e+00
       8270    126.000     6.6487     6.6491     0.0004    3.49438    3.49456          1     6.2792     6.2920      98.68     0.1757     0.3442  1.000e-12  0.8000000    34.9169    34.9186     0.0016    27.4016    27.4029    124.792    124.979      0.627    1479.26    1479.26  0.000e+00
       8285    126.500     6.6503     6.6504     0.0001    3.49461    3.49474          1     6.2772     6.2907      98.68     0.1871     0.3468  1.000e-12  0.8306000    34.9176    34.9190     0.0014    27.4020    27.4030    125.287    125.475      0.784    1479.27    1479.27  0.000e+00
       8299    127.000     6.6507     6.6506    -0.0001    3.49468    3.49479          1     6.2772     6.2915      98.68     0.1680     0.3456  1.000e-12  1.0032000    34.9178    34.9192     0.0014    27.4020    27.4032    125.782    125.971      0.809    1479.28    1479.28  0.000e+00
       8314    127.500     6.6503     6.6501    -0.0002    3.49468    3.49478          1     6.2815     6.2939      98.68     0.1619     0.3519  1.000e-12  1.0277000    34.9179    34.9192     0.0013    27.4022    27.4032    126.277    126.466      0.726    1479.29    1479.29  0.000e+00
       8334    128.000     6.6473     6.6470    -0.0002    3.49442    3.49452          1     6.2874     6.2978      98.68     0.1538     0.3652  1.000e-12  1.0360000    34.9179    34.9192     0.0013    27.4026    27.4036    126.772    126.962      0.569    1479.29    1479.29  0.000e+00
       8358    128.500     6.6450     6.6449    -0.0001    3.49422    3.49432          1     6.2821     6.3006      98.68     0.1873     0.4042  1.000e-12  1.0835000    34.9176    34.9190     0.0013    27.4027    27.4038    127.267    127.458      0.523    1479.28    1479.29  0.000e+00
       8379    129.000     6.6422     6.6420    -0.0003    3.49399    3.49409          1     6.2843     6.3047      98.68     0.1657     0.3335  1.000e-12  1.1557000    34.9178    34.9191     0.0014    27.4032    27.4043    127.762    127.954      0.645    1479.28    1479.28  0.000e+00
       8396    129.500     6.6406     6.6406    -0.0001    3.49386    3.49397          1     6.2951     6.3031      98.68     0.1695     0.3384  1.000e-12  1.1228000    34.9177    34.9190     0.0013    27.4033    27.4044    128.257    128.449      0.716    1479.28    1479.29  0.000e+00
       8412    130.000     6.6390     6.6389    -0.0000    3.49373    3.49384          1     6.3063     6.2941      98.68     0.1753     0.3443  1.000e-12  1.0774000    34.9177    34.9189     0.0012    27.4035    27.4045    128.752    128.945      0.671    1479.29    1479.29  0.000e+00
       8433    130.500     6.6388     6.6388     0.0000    3.49373    3.49386          1     6.3079     6.2885      98.68     0.1874     0.2731  1.000e-12  1.1054000    34.9176    34.9190     0.0014    27.4035    27.4046    129.247    129.441      0.506    1479.29    1479.30  0.000e+00
       8463    131.000     6.6387     6.6388     0.0001    3.49376    3.49388          1     6.3025     6.2936      98.68     0.1772     0.3211  1.000e-12  1.1161000    34.9177    34.9190     0.0012    27.4036    27.4046    129.742    129.936      0.383    1479.30    1479.30  0.000e+00
       8491    131.500     6.6381     6.6380    -0.0001    3.49375    3.49386          1     6.3002     6.2991      98.68     0.1742     0.3598  1.000e-12  1.1652000    34.9180    34.9194     0.0013    27.4040    27.4050    130.237    130.432      0.543    1479.31    1479.31  0.000e+00
       8510    132.000     6.6245     6.6239    -0.0005    3.49250    3.49258          1     6.3046     6.3005      98.68     0.1638     0.3333  1.000e-12  1.1178000    34.9177    34.9192     0.0015    27.4055    27.4068    130.732    130.928      0.738    1479.26    1479.26  0.000e+00
       8525    132.500     6.6201     6.6199    -0.0002    3.49202    3.49212          1     6.3120     6.3070      98.68     0.1845     0.3306  1.000e-12  1.1162000    34.9167    34.9179     0.0013    27.4053    27.4063    131.227    131.423      0.855    1479.25    1479.25  0.000e+00
       8538    133.000     6.6075     6.6070    -0.0005    3.49079    3.49086          1     6.3182     6.3154      98.68     0.1989     0.3329  1.000e-12  1.1121000    34.9155    34.9168     0.0013    27.4061    27.4072    131.722    131.919      0.881    1479.21    1479.21  0.000e+00
       8551    133.500     6.5967     6.5990     0.0023    3.48965    3.49004          1     6.3238     6.3224      98.68     0.1769     0.3008  1.000e-12  0.9605000    34.9136    34.9156     0.0020    27.4060    27.4073    132.217    132.415      0.797    1479.17    1479.18  0.000e+00
       8569    134.000     6.5914     6.5923     0.0009    3.48921    3.48940          1     6.3377     6.3317      98.68     0.1641     0.2791  1.000e-12  0.8734000    34.9139    34.9151     0.0012    27.4070    27.4078    132.712    132.910      0.578    1479.16    1479.17  0.000e+00
       8600    134.500     6.5922     6.5967     0.0045    3.48933    3.48982          1     6.3478     6.3313      98.68     0.1638     0.3499  1.000e-12  0.8524000    34.9142    34.9150     0.0009    27.4071    27.4071    133.207    133.406      0.339    1479.17    1479.19  0.000e+00
       8634    135.000     6.5913     6.5959     0.0046    3.48923    3.48978          1     6.3335     6.3194      98.68     0.1824     0.3293  1.000e-12  0.7455000    34.9137    34.9152     0.0015    27.4068    27.4074    133.702    133.902      0.475    1479.18    1479.20  0.000e+00
       8655    135.500     6.5884     6.5892     0.0008    3.48893    3.48914          1     6.3257     6.3061      98.68     0.1717     0.3381  1.000e-12  0.7552000    34.9131    34.9147     0.0016    27.4068    27.4079    134.197    134.397      0.718    1479.17    1479.18  0.000e+00
       8669    136.000     6.5863     6.5866     0.0003    3.48874    3.48889          1     6.3287     6.3098      98.68     0.1625     0.3458  1.000e-12  0.7762000    34.9129    34.9143     0.0014    27.4069    27.4080    134.692    134.893      0.863    1479.17    1479.18  0.000e+00
       8682    136.500     6.5852     6.5853     0.0001    3.48867    3.48880          1     6.3304     6.3185      98.68     0.1561     0.3461  1.000e-12  0.7047000    34.9130    34.9143     0.0013    27.4071    27.4081    135.187    135.389      0.892    1479.18    1479.18  0.000e+00
       8695    137.000     6.5847     6.5850     0.0002    3.48864    3.48878          1     6.3256     6.3149      98.68     0.1537     0.3449  1.000e-12  0.7018000    34.9129    34.9141     0.0012    27.4071    27.4080    135.682    135.884      0.784    1479.18    1479.19  0.000e+00
       8715    137.500     6.5812     6.5812     0.0001    3.48831    3.48842          1     6.3227     6.2999      98.68     0.1529     0.2915  1.000e-12  0.7493000    34.9126    34.9137     0.0011    27.4074    27.4082    136.177    136.380      0.520    1479.18    1479.18  0.000e+00
       8748    138.000     6.5793     6.5796     0.0002    3.48817    3.48827          1     6.3306     6.3111      98.68     0.1457     0.3178  1.000e-12  0.6151000    34.9126    34.9135     0.0009    27.4076    27.4083    136.672    136.876      0.350    1479.18    1479.18  0.000e+00
       8776    138.500     6.5794     6.5792    -0.0002    3.48816    3.48827          1     6.3373     6.3276      98.68     0.1614     0.3134  1.000e-12  0.6268000    34.9123    34.9136     0.0013    27.4073    27.4084    137.168    137.371      0.562    1479.19    1479.19  0.000e+00
       8794    139.000     6.5792     6.5794     0.0002    3.48819    3.48834          1     6.3320     6.3287      98.68     0.1763     0.3163  1.000e-12  0.6303000    34.9125    34.9139     0.0014    27.4075    27.4086    137.662    137.867      0.734    1479.19    1479.20  0.000e+00
       8809    139.500     6.5795     6.5803     0.0008    3.48828    3.48848          1     6.3226     6.3299      98.26     0.1670     0.3205  1.000e-12  0.6564000    34.9130    34.9144     0.0014    27.4079    27.4088    138.158    138.363      0.823    1479.20    1479.21  0.000e+00
       8823    140.000     6.5809     6.5816     0.0006    3.48849    3.48865          1     6.3143     6.3260      97.44     0.1661     0.3325  1.000e-12  0.6582000    34.9135    34.9147     0.0012    27.4081    27.4089    138.653    138.859      0.821    1479.22    1479.22  0.000e+00
