ctdpy/tests/etc/all_smhi_bas_2018/SBE09_1044_20180530_1054_34_07_0045.cnv
* Sea-Bird SBE 9 Data File:
* FileName = C:\ctd\temp\2018\AU18D045.hex
* Software Version Seasave V 7.26.6.26
* Temperature SN = 5351
* Conductivity SN = 3941
* Number of Bytes Per Scan = 41
* Number of Voltage Words = 4
* Number of Scans Averaged by the Deck Unit = 1
* NMEA Latitude = 56 38.03 N
* NMEA Longitude = 019 35.11 E
* NMEA UTC (Time) = May 30 2018  10:54:26
* NMEA baud rate = 4800
** Station:  BY10
** Operator:  SSip
** Ship: AURA
** Average sound velocity: 1443.09 m/s
** True-depth calculation Wed, 30 May 2018 12:18:24 +0000
** CTD Python Module SMHI /ver 3-12/ feb 2012 
** LIMS Job: 20183407-0045
** Cruise: SMHI-02-2018
** Latitude [GG MM.mm N] :
** Longitude [GG MM.mm E]:
# nquan = 26
# nvalues = 273                         
# units = specified
# name 0 = scan: Scan Count
# name 1 = prDM: Pressure, Digiquartz [db]
# name 2 = t090C: Temperature [ITS-90, deg C]
# name 3 = t190C: Temperature, 2 [ITS-90, deg C]
# name 4 = T2-T190C: Temperature Difference, 2 - 1 [ITS-90, deg C]
# name 5 = c0S/m: Conductivity [S/m]
# name 6 = c1S/m: Conductivity, 2 [S/m]
# name 7 = pumps: Pump Status
# name 8 = sbeox0ML/L: Oxygen, SBE 43 [ml/l]
# name 9 = sbeox1ML/L: Oxygen, SBE 43, 2 [ml/l]
# name 10 = altM: Altimeter [m]
# name 11 = flECO-AFL: Chl-a Fluorescence, WET Labs ECO-AFL/FL [mg/m^3]
# name 12 = flECO-AFL1: Phycocyanin Fluorescence, WET Labs ECO-AFL/FL, 2 [mg/m^3]
# name 13 = par: PAR/Irradiance, Biospherical/Lico [µE/(cm^2*s)]
# name 14 = turbWETntu0: Turbidity, WET Labs ECO [NTU]
# name 15 = sal00: Salinity, Practical [PSU]
# name 16 = sal11: Salinity, Practical, 2 [PSU]
# name 17 = secS-priS: Salinity, Practical, Difference, 2 - 1 [PSU]
# name 18 = sigma-t00: Density [sigma-t, Kg/m^3 ]
# name 19 = sigma-t11: Density, 2 [sigma-t, Kg/m^3 ]
# name 20 = depSM: Depth [salt water, m], lat = 56.6338
# name 21 = depFM: Depth [true depth, m], lat = 56.6338
# name 22 = dz/dtM: Descent Rate [m/s], WS = 2
# name 23 = svCM: Sound Velocity [Chen-Millero, m/s]
# name 24 = svCM1: Sound Velocity, 2 [Chen-Millero, m/s]
# name 25 = flag: flag
# span 0 =       6630,      12169       
# span 1 =      1.000,    137.000       
# span 2 =     2.8661,    14.1124       
# span 3 =     2.8677,    14.4125       
# span 4 =    -0.1512,     0.3210       
# span 5 =   0.748598,   1.404048       
# span 6 =   0.748490,   1.404936       
# span 7 =          1,          1       
# span 8 =   -0.01122,    9.82641       
# span 9 =   -0.21558,   10.00435       
# span 10 =       3.09,      98.71      
# span 11 =     0.2151,     6.9681      
# span 12 =     0.1050,     0.6886      
# span 13 = -3.722e-07, 4.4932e+03      
# span 14 =     0.1194,     0.5790      
# span 15 =     7.2338,    12.8077      
# span 16 =     7.2336,    12.8158      
# span 17 =    -0.0045,     0.0208      
# span 18 =     4.8728,    10.0049      
# span 19 =     4.8268,    10.0112      
# span 20 =      0.991,    135.701      
# span 21 =      1.014,    138.504      
# span 22 =     -0.217,      0.717      
# span 23 =    1426.95,    1471.51      
# span 24 =    1426.96,    1472.57      
# span 25 = 0.0000e+00, 0.0000e+00      
# interval = decibars: 0.5              
# start_time = May 30 2018 10:54:27 [NMEA time, first data scan]
# bad_flag = -9.990e-29
*END*
[from data line 56]
       7726     29.000     3.5217     3.5251     0.0033    0.76088    0.76092          1     8.9621     8.7501      98.71     0.3457     0.2842  4.380e+00  0.1425000     7.3080     7.3077    -0.0003     5.8195     5.8192     28.733     29.376      0.620    1429.42    1429.44  0.000e+00
       7746     29.500     3.5730     3.5733     0.0004    0.76247    0.76244          1     8.9583     8.7789      98.71     0.3137     0.2203  4.038e+00  0.1320000     7.3128     7.3125    -0.0004     5.8224     5.8221     29.228     29.882      0.598    1429.67    1429.67  0.000e+00
       7766     30.000     3.5887     3.5852    -0.0032    0.76344    0.76329          1     8.9739     8.8589      98.71     0.3302     0.1607  3.739e+00  0.1500000     7.3192     7.3185    -0.0007     5.8272     5.8267     29.723     30.389      0.587    1429.76    1429.74  0.000e+00
       7787     30.500     3.6897     3.7026     0.0127    0.76680    0.76711          1     9.0734     8.9932      98.71     0.3415     0.1822  3.465e+00  0.1575000     7.3309     7.3311     0.0002     5.8346     5.8345     30.219     30.895      0.600    1430.24    1430.30  0.000e+00
       7806     31.000     3.6661     3.6749     0.0087    0.76638    0.76655          1     9.2310     9.1253      98.71     0.3334     0.2119  3.216e+00  0.1484000     7.3318     7.3316    -0.0002     5.8358     5.8355     30.714     31.401      0.622    1430.14    1430.18  0.000e+00
       7825     31.500     3.7011     3.6989    -0.0022    0.76754    0.76743          1     9.2418     9.1123      98.71     0.3335     0.2219  2.985e+00  0.1438000     7.3358     7.3352    -0.0006     5.8383     5.8378     31.209     31.908      0.639    1430.31    1430.30  0.000e+00
       7844     32.000     3.8537     3.8490    -0.0047    0.77202    0.77182          1     9.1792     9.0344      98.71     0.3164     0.2333  2.752e+00  0.1390000     7.3472     7.3462    -0.0010     5.8441     5.8434     31.705     32.414      0.645    1431.03    1431.00  0.000e+00
       7862     32.500     3.8553     3.8588     0.0035    0.77233    0.77236          1     9.1390     8.9821      98.71     0.3018     0.2192  2.539e+00  0.1395000     7.3500     7.3495    -0.0005     5.8463     5.8459     32.200     32.920      0.632    1431.05    1431.06  0.000e+00
       7882     33.000     3.7464     3.7502     0.0037    0.76977    0.76980          1     9.1067     8.9471      98.71     0.2851     0.1946  2.344e+00  0.1441000     7.3482     7.3477    -0.0005     5.8472     5.8468     32.695     33.427      0.604    1430.56    1430.58  0.000e+00
       7902     33.500     3.7801     3.7801     0.0001    0.77096    0.77091          1     9.0355     8.8925      98.71     0.3215     0.1998  2.180e+00  0.1438000     7.3528     7.3522    -0.0006     5.8502     5.8498     33.191     33.933      0.585    1430.72    1430.73  0.000e+00
       7923     34.000     3.7361     3.7412     0.0049    0.77017    0.77020          1     8.9615     8.8271      98.71     0.3022     0.2088  2.026e+00  0.1382000     7.3546     7.3537    -0.0009     5.8525     5.8517     33.686     34.439      0.596    1430.54    1430.56  0.000e+00
       7942     34.500     3.7447     3.7469     0.0022    0.77090    0.77091          1     8.9455     8.8200      98.71     0.3079     0.2377  1.881e+00  0.1380000     7.3600     7.3596    -0.0005     5.8567     5.8563     34.181     34.945      0.627    1430.59    1430.60  0.000e+00
       7961     35.000     3.6798     3.6804     0.0007    0.76959    0.76954          1     8.9986     8.8823      98.71     0.3194     0.2657  1.745e+00  0.1378000     7.3612     7.3605    -0.0006     5.8589     5.8584     34.677     35.452      0.650    1430.31    1430.31  0.000e+00
       7979     35.500     3.7963     3.7904    -0.0059    0.77312    0.77294          1     9.0724     8.9789      98.71     0.3092     0.2679  1.615e+00  0.1413000     7.3709     7.3704    -0.0005     5.8642     5.8640     35.172     35.958      0.655    1430.85    1430.83  0.000e+00
       7998     36.000     3.9453     3.9389    -0.0065    0.77747    0.77725          1     9.1323     9.0606      98.71     0.2820     0.2373  1.490e+00  0.1529000     7.3816     7.3809    -0.0007     5.8694     5.8689     35.667     36.464      0.641    1431.55    1431.52  0.000e+00
       8017     36.500     4.0776     4.0748    -0.0028    0.78145    0.78134          1     9.1676     9.0899      98.71     0.2821     0.2220  1.381e+00  0.1477000     7.3922     7.3917    -0.0004     5.8745     5.8743     36.163     36.971      0.614    1432.16    1432.15  0.000e+00
       8037     37.000     4.1020     4.1040     0.0021    0.78243    0.78243          1     9.1705     9.0652      98.71     0.2968     0.2218  1.275e+00  0.1381000     7.3966     7.3961    -0.0006     5.8775     5.8770     36.658     37.477      0.584    1432.29    1432.30  0.000e+00
       8058     37.500     4.0667     4.0715     0.0048    0.78166    0.78170          1     9.1508     9.0258      98.71     0.2969     0.2163  1.188e+00  0.1315000     7.3967     7.3960    -0.0006     5.8784     5.8777     37.153     37.983      0.580    1432.14    1432.16  0.000e+00
       8078     38.000     4.0128     4.0180     0.0052    0.78033    0.78039          1     9.1369     9.0080      98.71     0.3196     0.2226  1.100e+00  0.1309000     7.3952     7.3947    -0.0006     5.8786     5.8780     37.649     38.490      0.611    1431.90    1431.92  0.000e+00
       8097     38.500     3.9300     3.9342     0.0041    0.77838    0.77841          1     9.1014     8.9693      98.70     0.3000     0.2107  1.021e+00  0.1385000     7.3940     7.3933    -0.0006     5.8796     5.8790     38.144     38.996      0.651    1431.54    1431.55  0.000e+00
       8115     39.000     3.8858     3.8891     0.0032    0.77753    0.77755          1     9.0045     8.8795      98.69     0.2883     0.1893  9.427e-01  0.1440000     7.3953     7.3947    -0.0006     5.8817     5.8812     38.639     39.502      0.672    1431.34    1431.36  0.000e+00
       8133     39.500     3.8229     3.8287     0.0057    0.77622    0.77628          1     8.9396     8.8387      98.67     0.3094     0.2055  8.682e-01  0.1371000     7.3961     7.3954    -0.0006     5.8837     5.8830     39.135     40.008      0.672    1431.07    1431.10  0.000e+00
       8151     40.000     3.7187     3.7249     0.0063    0.77381    0.77389          1     8.9725     8.8917      98.64     0.2823     0.1975  8.057e-01  0.1459000     7.3950     7.3944    -0.0006     5.8851     5.8845     39.630     40.515      0.664    1430.60    1430.63  0.000e+00
       8169     40.500     3.6038     3.6082     0.0044    0.77105    0.77110          1     9.0275     8.9409      98.26     0.2853     0.1929  7.471e-01  0.1422000     7.3927     7.3922    -0.0005     5.8855     5.8850     40.125     41.021      0.648    1430.09    1430.11  0.000e+00
       8188     41.000     3.6717     3.6682    -0.0035    0.77325    0.77311          1     9.0425     8.9521      97.66     0.3082     0.2310  6.880e-01  0.1234000     7.3999     7.3991    -0.0007     5.8898     5.8893     40.621     41.527      0.633    1430.41    1430.40  0.000e+00
       8207     41.500     3.6726     3.6771     0.0045    0.77361    0.77367          1     9.0101     8.9193      97.64     0.2612     0.2374  6.393e-01  0.1252000     7.4032     7.4028    -0.0004     5.8925     5.8921     41.116     42.034      0.646    1430.43    1430.45  0.000e+00
       8225     42.000     3.5754     3.5802     0.0049    0.77129    0.77137          1     8.9113     8.8210      97.64     0.2676     0.2086  5.936e-01  0.1202000     7.4015     7.4011    -0.0003     5.8929     5.8926     41.611     42.540      0.665    1429.99    1430.01  0.000e+00
       8243     42.500     3.4245     3.4313     0.0069    0.76757    0.76772          1     8.7979     8.7100      97.61     0.2725     0.1050  5.505e-01  0.1223000     7.3974     7.3974    -0.0000     5.8922     5.8921     42.107     43.046      0.676    1429.31    1429.34  0.000e+00
       8260     43.000     3.2129     3.2234     0.0105    0.76241    0.76261          1     8.7188     8.6265      97.62     0.2725     0.2211  5.038e-01  0.1312000     7.3922     7.3919    -0.0003     5.8911     5.8907     42.602     43.552      0.685    1428.34    1428.39  0.000e+00
       8278     43.500     3.0253     3.0316     0.0063    0.75789    0.75797          1     8.6620     8.5550      97.61     0.2811     0.2521  4.667e-01  0.1359000     7.3881     7.3874    -0.0006     5.8899     5.8893     43.097     44.059      0.683    1427.48    1427.51  0.000e+00
       8296     44.000     2.9742     2.9773     0.0031    0.75695    0.75698          1     8.5875     8.4640      97.63     0.2813     0.2208  4.312e-01  0.1342000     7.3899     7.3895    -0.0004     5.8918     5.8915     43.593     44.565      0.669    1427.26    1427.27  0.000e+00
       8314     44.500     2.9983     2.9952    -0.0030    0.75802    0.75786          1     8.5700     8.4481      97.62     0.2725     0.1996  3.934e-01  0.1306000     7.3955     7.3946    -0.0009     5.8961     5.8954     44.088     45.071      0.648    1427.38    1427.37  0.000e+00
       8333     45.000     3.0295     3.0302     0.0006    0.75910    0.75906          1     8.5890     8.4659      97.60     0.2838     0.1987  3.631e-01  0.1408000     7.3996     7.3989    -0.0006     5.8990     5.8985     44.583     45.578      0.638    1427.54    1427.54  0.000e+00
       8352     45.500     3.0583     3.0561    -0.0021    0.76016    0.76006          1     8.6015     8.4881      97.61     0.2569     0.2071  3.313e-01  0.1360000     7.4039     7.4034    -0.0005     5.9022     5.9018     45.078     46.084      0.637    1427.69    1427.68  0.000e+00
       8370     46.000     3.1387     3.1419     0.0032    0.76257    0.76257          1     8.6071     8.5107      97.61     0.2467     0.2071  3.029e-01  0.1328000     7.4105     7.4098    -0.0007     5.9066     5.9060     45.574     46.590      0.645    1428.07    1428.09  0.000e+00
       8389     46.500     3.0757     3.0800     0.0043    0.76136    0.76138          1     8.5856     8.4930      97.59     0.2975     0.2575  2.812e-01  0.1421000     7.4123     7.4115    -0.0007     5.9087     5.9081     46.069     47.096      0.654    1427.79    1427.81  0.000e+00
       8407     47.000     3.0377     3.0400     0.0023    0.76073    0.76073          1     8.5486     8.4420      97.58     0.2384     0.2779  2.619e-01  0.1391000     7.4145     7.4139    -0.0005     5.9108     5.9104     46.565     47.603      0.654    1427.63    1427.64  0.000e+00
       8425     47.500     2.9716     2.9754     0.0038    0.75943    0.75945          1     8.5211     8.3926      97.58     0.2454     0.2221  2.366e-01  0.1348000     7.4160     7.4153    -0.0007     5.9127     5.9121     47.060     48.109      0.645    1427.33    1427.35  0.000e+00
       8444     48.000     2.9196     2.9217     0.0021    0.75842    0.75841          1     8.4914     8.3653      97.57     0.2715     0.2101  2.145e-01  0.1322000     7.4173     7.4168    -0.0005     5.9142     5.9137     47.555     48.615      0.633    1427.10    1427.11  0.000e+00
       8463     48.500     2.9077     2.9097     0.0021    0.75841    0.75840          1     8.4472     8.3280      97.57     0.2477     0.2071  1.925e-01  0.1309000     7.4200     7.4193    -0.0006     5.9163     5.9158     48.050     49.121      0.629    1427.06    1427.07  0.000e+00
       8482     49.000     2.9044     2.9065     0.0021    0.75863    0.75862          1     8.4237     8.2995      97.57     0.2750     0.2071  1.757e-01  0.1345000     7.4230     7.4223    -0.0007     5.9188     5.9182     48.546     49.628      0.632    1427.05    1427.06  0.000e+00
       8501     49.500     2.8973     2.8995     0.0022    0.75878    0.75877          1     8.4383     8.3078      97.57     0.2757     0.2071  1.538e-01  0.1311000     7.4261     7.4255    -0.0006     5.9213     5.9208     49.041     50.134      0.638    1427.04    1427.04  0.000e+00
       8520     50.000     2.8889     2.8905     0.0016    0.75888    0.75886          1     8.4196     8.2873      97.56     0.2590     0.2234  1.373e-01  0.1194000     7.4290     7.4284    -0.0006     5.9237     5.9233     49.536     50.640      0.640    1427.01    1427.01  0.000e+00
       8539     50.500     2.9645     2.9628    -0.0016    0.76103    0.76095          1     8.3790     8.2663      97.57     0.2247     0.2240  1.218e-01  0.1303000     7.4340     7.4336    -0.0004     5.9271     5.9268     50.032     51.147      0.638    1427.37    1427.36  0.000e+00
       8558     51.000     2.9346     2.9353     0.0007    0.76061    0.76056          1     8.3714     8.2679      97.58     0.2578     0.1923  1.094e-01  0.1300000     7.4365     7.4358    -0.0007     5.9293     5.9287     50.527     51.653      0.641    1427.24    1427.25  0.000e+00
       8576     51.500     2.8842     2.8859     0.0017    0.75961    0.75958          1     8.3692     8.2564      97.58     0.2524     0.2236  9.933e-02  0.1337000     7.4376     7.4369    -0.0007     5.9306     5.9301     51.022     52.159      0.624    1427.02    1427.03  0.000e+00
       8596     52.000     2.8661     2.8677     0.0016    0.75943    0.75940          1     8.3675     8.2498      97.57     0.2151     0.2340  8.498e-02  0.1358000     7.4399     7.4392    -0.0007     5.9326     5.9320     51.518     52.665      0.593    1426.95    1426.96  0.000e+00
       8617     52.500     2.8732     2.8746     0.0014    0.75985    0.75982          1     8.3837     8.2698      95.37     0.2363     0.2274  7.438e-02  0.1251000     7.4425     7.4418    -0.0006     5.9346     5.9341     52.013     53.172      0.580    1426.99    1427.00  0.000e+00
       8637     53.000     2.8951     2.8956     0.0005    0.76060    0.76056          1     8.3891     8.2829      91.29     0.2463     0.2070  6.229e-02  0.1297000     7.4453     7.4447    -0.0005     5.9367     5.9362     52.508     53.678      0.585    1427.11    1427.11  0.000e+00
       8658     53.500     2.9317     2.9327     0.0011    0.76182    0.76179          1     8.3580     8.2639      97.57     0.2782     0.1523  4.800e-02  0.1358000     7.4496     7.4490    -0.0006     5.9398     5.9393     53.003     54.184      0.580    1427.29    1427.29  0.000e+00
       8679     54.000     2.9413     2.9437     0.0024    0.76235    0.76234          1     8.3374     8.2451      97.57     0.2795     0.1589  4.123e-02  0.1373000     7.4527     7.4521    -0.0006     5.9422     5.9418     53.499     54.690      0.571    1427.34    1427.35  0.000e+00
       8700     54.500     2.9003     2.9030     0.0027    0.76158    0.76157          1     8.3235     8.2183      97.59     0.2464     0.1764  3.209e-02  0.1366000     7.4542     7.4535    -0.0007     5.9437     5.9431     53.994     55.197      0.572    1427.16    1427.18  0.000e+00
       8721     55.000     2.9217     2.9222     0.0006    0.76245    0.76240          1     8.2903     8.1759      97.59     0.2358     0.1957  2.346e-02  0.1248000     7.4583     7.4575    -0.0007     5.9468     5.9462     54.489     55.703      0.584    1427.28    1427.28  0.000e+00
       8741     55.500     2.9196     2.9225     0.0029    0.76278    0.76280          1     8.2785     8.1598      97.58     0.2592     0.2071  1.651e-02  0.1365000     7.4621     7.4616    -0.0005     5.9499     5.9495     54.985     56.209      0.596    1427.28    1427.29  0.000e+00
       8761     56.000     2.9359     2.9382     0.0022    0.76354    0.76353          1     8.2680     8.1397      97.59     0.2442     0.1940  8.029e-03  0.1335000     7.4663     7.4656    -0.0007     5.9531     5.9525     55.480     56.715      0.606    1427.37    1427.38  0.000e+00
