ctdpy/tests/etc/all_smhi_bas_2018/SBE09_1044_20180530_1711_34_07_0047.cnv
* Sea-Bird SBE 9 Data File:
* FileName = C:\ctd\temp\2018\AU18D047.hex
* Software Version Seasave V 7.26.6.26
* Temperature SN = 5351
* Conductivity SN = 3941
* Number of Bytes Per Scan = 41
* Number of Voltage Words = 4
* Number of Scans Averaged by the Deck Unit = 1
* NMEA Latitude = 57 18.74 N
* NMEA Longitude = 020 04.58 E
* NMEA UTC (Time) = May 30 2018  17:11:39
* NMEA baud rate = 4800
** Station:  BY15_extra
** Operator:  JKro
** Ship: AURA
** Average sound velocity: 1447.48 m/s
** True-depth calculation Wed, 30 May 2018 18:51:30 +0000
** CTD Python Module SMHI /ver 3-12/ feb 2012 
** LIMS Job: 20183407-0047
** Cruise: SMHI-02-2018
** Latitude [GG MM.mm N] :
** Longitude [GG MM.mm E]:
# nquan = 26
# nvalues = 470                         
# units = specified
# name 0 = scan: Scan Count
# name 1 = prDM: Pressure, Digiquartz [db]
# name 2 = t090C: Temperature [ITS-90, deg C]
# name 3 = t190C: Temperature, 2 [ITS-90, deg C]
# name 4 = T2-T190C: Temperature Difference, 2 - 1 [ITS-90, deg C]
# name 5 = c0S/m: Conductivity [S/m]
# name 6 = c1S/m: Conductivity, 2 [S/m]
# name 7 = pumps: Pump Status
# name 8 = sbeox0ML/L: Oxygen, SBE 43 [ml/l]
# name 9 = sbeox1ML/L: Oxygen, SBE 43, 2 [ml/l]
# name 10 = altM: Altimeter [m]
# name 11 = flECO-AFL: Chl-a Fluorescence, WET Labs ECO-AFL/FL [mg/m^3]
# name 12 = flECO-AFL1: Phycocyanin Fluorescence, WET Labs ECO-AFL/FL, 2 [mg/m^3]
# name 13 = par: PAR/Irradiance, Biospherical/Lico [µE/(cm^2*s)]
# name 14 = turbWETntu0: Turbidity, WET Labs ECO [NTU]
# name 15 = sal00: Salinity, Practical [PSU]
# name 16 = sal11: Salinity, Practical, 2 [PSU]
# name 17 = secS-priS: Salinity, Practical, Difference, 2 - 1 [PSU]
# name 18 = sigma-t00: Density [sigma-t, Kg/m^3 ]
# name 19 = sigma-t11: Density, 2 [sigma-t, Kg/m^3 ]
# name 20 = depSM: Depth [salt water, m], lat = 57.3123
# name 21 = depFM: Depth [true depth, m], lat = 57.3123
# name 22 = dz/dtM: Descent Rate [m/s], WS = 2
# name 23 = svCM: Sound Velocity [Chen-Millero, m/s]
# name 24 = svCM1: Sound Velocity, 2 [Chen-Millero, m/s]
# name 25 = flag: flag
# span 0 =      11456,      23177       
# span 1 =      1.000,    235.500       
# span 2 =     2.8823,    14.6436       
# span 3 =     2.8855,    14.6449       
# span 4 =    -0.1652,     0.4320       
# span 5 =   0.759800,   1.459479       
# span 6 =   0.759795,   1.459470       
# span 7 =          1,          1       
# span 8 =    0.01707,    9.91208       
# span 9 =    0.01865,   10.11863       
# span 10 =      -1.52,      98.71      
# span 11 =     0.2118,     8.9025      
# span 12 =     0.1484,     0.8930      
# span 13 = 1.0000e-12, 3.8163e+02      
# span 14 =     0.1193,     0.5053      
# span 15 =     7.2323,    13.2903      
# span 16 =     7.2333,    13.2899      
# span 17 =    -0.0270,     0.0014      
# span 18 =     4.7527,    10.3741      
# span 19 =     4.7521,    10.3737      
# span 20 =      0.991,    233.198      
# span 21 =      1.014,    237.823      
# span 22 =      0.159,      0.589      
# span 23 =    1426.95,    1473.33      
# span 24 =    1426.97,    1473.33      
# span 25 = 0.0000e+00, 0.0000e+00      
# interval = decibars: 0.5              
# start_time = May 30 2018 17:11:39 [NMEA time, first data scan]
# bad_flag = -9.990e-29
*END*
[from data line 279]
      18711    140.500     6.7724     6.7733     0.0010    1.39494    1.39490          1     0.0332     0.0305      98.70     0.3233     0.2029  1.000e-12  0.1432000    12.7230    12.7223    -0.0007     9.9398     9.9392    139.159    142.043      0.505    1452.23    1452.23  0.000e+00
      18734    141.000     6.7739     6.7749     0.0009    1.39560    1.39557          1     0.0324     0.0305      98.70     0.3493     0.2473  1.000e-12  0.1493000    12.7289    12.7283    -0.0006     9.9443     9.9437    139.654    142.547      0.498    1452.25    1452.25  0.000e+00
      18759    141.500     6.7771     6.7780     0.0009    1.39642    1.39639          1     0.0324     0.0314      98.71     0.3360     0.2450  1.000e-12  0.1539000    12.7357    12.7352    -0.0005     9.9494     9.9489    140.149    143.051      0.498    1452.28    1452.28  0.000e+00
      18783    142.000     6.7792     6.7801     0.0009    1.39711    1.39709          1     0.0316     0.0290      98.70     0.3268     0.1620  1.000e-12  0.1600000    12.7416    12.7411    -0.0005     9.9539     9.9534    140.644    143.556      0.499    1452.30    1452.30  0.000e+00
      18807    142.500     6.7814     6.7823     0.0008    1.39784    1.39782          1     0.0323     0.0306      98.64     0.2965     0.2304  1.000e-12  0.1605000    12.7480    12.7474    -0.0005     9.9587     9.9582    141.139    144.060      0.500    1452.33    1452.33  0.000e+00
      18831    143.000     6.7844     6.7853     0.0009    1.39881    1.39879          1     0.0335     0.0289      98.28     0.2893     0.1932  1.000e-12  0.1584000    12.7564    12.7558    -0.0006     9.9650     9.9645    141.634    144.564      0.511    1452.36    1452.36  0.000e+00
      18854    143.500     6.7874     6.7882     0.0008    1.39991    1.39986          1     0.0301     0.0294      97.81     0.3063     0.2622  1.000e-12  0.1789000    12.7660    12.7652    -0.0008     9.9724     9.9717    142.129    145.068      0.513    1452.39    1452.39  0.000e+00
      18878    144.000     6.7923     6.7929     0.0006    1.40162    1.40155          1     0.0302     0.0308      97.84     0.3249     0.2141  1.000e-12  0.2010000    12.7810    12.7801    -0.0009     9.9837     9.9830    142.624    145.573      0.497    1452.44    1452.44  0.000e+00
      18902    144.500     6.7952     6.7962     0.0010    1.40269    1.40267          1     0.0317     0.0291      97.41     0.3311     0.1838  1.000e-12  0.2481000    12.7904    12.7898    -0.0006     9.9909     9.9903    143.119    146.077      0.496    1452.47    1452.47  0.000e+00
      18926    145.000     6.7938     6.7948     0.0010    1.40340    1.40337          1     0.0311     0.0283      96.64     0.3180     0.2174  1.000e-12  0.3017000    12.7979    12.7972    -0.0007     9.9968     9.9962    143.614    146.581      0.504    1452.48    1452.48  0.000e+00
      18949    145.500     6.7963     6.7971     0.0008    1.40428    1.40424          1     0.0317     0.0292      95.94     0.2949     0.1760  1.000e-12  0.3138000    12.8054    12.8048    -0.0006    10.0026    10.0020    144.109    147.085      0.510    1452.51    1452.51  0.000e+00
      18973    146.000     6.8004     6.8013     0.0008    1.40535    1.40533          1     0.0322     0.0295      95.33     0.3334     0.1956  1.000e-12  0.3325000    12.8144    12.8139    -0.0005    10.0093    10.0088    144.604    147.590      0.509    1452.54    1452.55  0.000e+00
      18997    146.500     6.8028     6.8037     0.0009    1.40637    1.40635          1     0.0287     0.0297      94.76     0.3957     0.2707  1.000e-12  0.3039000    12.8236    12.8230    -0.0006    10.0163    10.0158    145.099    148.094      0.500    1452.57    1452.58  0.000e+00
      19021    147.000     6.8041     6.8050     0.0009    1.40697    1.40695          1     0.0280     0.0276      94.24     0.3074     0.2570  1.000e-12  0.3172000    12.8289    12.8283    -0.0006    10.0204    10.0199    145.594    148.598      0.500    1452.59    1452.60  0.000e+00
      19045    147.500     6.8069     6.8078     0.0009    1.40796    1.40796          1     0.0282     0.0289      93.73     0.2881     0.2091  1.000e-12  0.3389000    12.8375    12.8371    -0.0004    10.0269    10.0265    146.089    149.102      0.503    1452.62    1452.63  0.000e+00
      19068    148.000     6.8087     6.8096     0.0009    1.40852    1.40850          1     0.0304     0.0280      93.22     0.3025     0.2242  1.000e-12  0.3096000    12.8423    12.8417    -0.0005    10.0305    10.0300    146.584    149.606      0.508    1452.65    1452.65  0.000e+00
      19092    148.500     6.8110     6.8119     0.0009    1.40922    1.40919          1     0.0281     0.0279      92.70     0.3213     0.2484  1.000e-12  0.3109000    12.8482    12.8476    -0.0006    10.0350    10.0344    147.079    150.111      0.511    1452.67    1452.67  0.000e+00
      19115    149.000     6.8140     6.8150     0.0010    1.41018    1.41016          1     0.0285     0.0286      92.20     0.3437     0.2091  1.000e-12  0.2991000    12.8565    12.8559    -0.0006    10.0412    10.0407    147.574    150.615      0.512    1452.70    1452.70  0.000e+00
      19139    149.500     6.8159     6.8168     0.0009    1.41082    1.41080          1     0.0285     0.0285      91.68     0.3012     0.2415  1.000e-12  0.2300000    12.8620    12.8615    -0.0005    10.0454    10.0449    148.069    151.119      0.510    1452.72    1452.73  0.000e+00
      19163    150.000     6.8182     6.8192     0.0009    1.41155    1.41154          1     0.0298     0.0284      91.16     0.2887     0.1953  1.000e-12  0.2310000    12.8683    12.8678    -0.0005    10.0501    10.0497    148.565    151.623      0.502    1452.75    1452.75  0.000e+00
      19187    150.500     6.8208     6.8217     0.0009    1.41233    1.41231          1     0.0273     0.0282      90.63     0.2964     0.1872  1.000e-12  0.2216000    12.8749    12.8743    -0.0005    10.0551    10.0546    149.060    152.128      0.491    1452.78    1452.78  0.000e+00
      19211    151.000     6.8228     6.8237     0.0009    1.41318    1.41316          1     0.0282     0.0284      90.10     0.3004     0.1919  1.000e-12  0.1973000    12.8825    12.8819    -0.0005    10.0609    10.0604    149.555    152.632      0.501    1452.80    1452.81  0.000e+00
      19235    151.500     6.8254     6.8263     0.0009    1.41448    1.41446          1     0.0295     0.0284      89.59     0.3111     0.1988  1.000e-12  0.1856000    12.8942    12.8936    -0.0006    10.0699    10.0694    150.050    153.136      0.519    1452.84    1452.84  0.000e+00
      19258    152.000     6.8291     6.8300     0.0010    1.41587    1.41586          1     0.0288     0.0284      89.08     0.3285     0.2070  1.000e-12  0.1862000    12.9065    12.9060    -0.0005    10.0793    10.0788    150.545    153.640      0.517    1452.87    1452.88  0.000e+00
      19281    152.500     6.8315     6.8324     0.0010    1.41662    1.41660          1     0.0272     0.0280      88.57     0.3213     0.2071  1.000e-12  0.1800000    12.9128    12.9122    -0.0006    10.0841    10.0835    151.040    154.144      0.511    1452.90    1452.90  0.000e+00
      19305    153.000     6.8334     6.8344     0.0010    1.41744    1.41743          1     0.0284     0.0288      88.06     0.2978     0.2157  1.000e-12  0.2058000    12.9202    12.9196    -0.0005    10.0896    10.0892    151.535    154.648      0.507    1452.93    1452.93  0.000e+00
      19328    153.500     6.8355     6.8365     0.0010    1.41800    1.41799          1     0.0287     0.0285      87.54     0.3309     0.2761  1.000e-12  0.3132000    12.9248    12.9243    -0.0005    10.0931    10.0926    152.030    155.153      0.495    1452.95    1452.95  0.000e+00
      19353    154.000     6.8368     6.8378     0.0010    1.41866    1.41865          1     0.0284     0.0283      87.01     0.3168     0.2753  1.000e-12  0.1664000    12.9307    12.9302    -0.0005    10.0977    10.0972    152.525    155.657      0.488    1452.97    1452.97  0.000e+00
      19377    154.500     6.8377     6.8386     0.0010    1.41931    1.41928          1     0.0281     0.0284      86.51     0.3447     0.1809  1.000e-12  0.1719000    12.9367    12.9361    -0.0007    10.1023    10.1017    153.020    156.161      0.505    1452.99    1452.99  0.000e+00
      19401    155.000     6.8407     6.8417     0.0010    1.42008    1.42006          1     0.0278     0.0275      86.01     0.3099     0.1652  1.000e-12  0.2204000    12.9431    12.9425    -0.0006    10.1070    10.1065    153.515    156.665      0.520    1453.02    1453.02  0.000e+00
      19424    155.500     6.8436     6.8446     0.0009    1.42051    1.42050          1     0.0275     0.0277      85.50     0.3458     0.2255  1.000e-12  0.1823000    12.9461    12.9456    -0.0005    10.1092    10.1087    154.010    157.169      0.522    1453.04    1453.04  0.000e+00
      19447    156.000     6.8459     6.8469     0.0009    1.42111    1.42108          1     0.0266     0.0278      84.98     0.3162     0.1951  1.000e-12  0.1850000    12.9511    12.9505    -0.0006    10.1129    10.1123    154.505    157.674      0.509    1453.06    1453.07  0.000e+00
      19471    156.500     6.8476     6.8486     0.0010    1.42200    1.42199          1     0.0293     0.0282      84.45     0.3033     0.1633  1.000e-12  0.1479000    12.9591    12.9586    -0.0005    10.1191    10.1186    155.000    158.178      0.493    1453.09    1453.09  0.000e+00
      19495    157.000     6.8476     6.8486     0.0010    1.42245    1.42243          1     0.0280     0.0278      83.95     0.3096     0.1947  1.000e-12  0.1498000    12.9634    12.9629    -0.0006    10.1225    10.1219    155.495    158.682      0.498    1453.10    1453.11  0.000e+00
      19519    157.500     6.8487     6.8496     0.0009    1.42306    1.42303          1     0.0262     0.0283      83.48     0.3426     0.2205  1.000e-12  0.1936000    12.9690    12.9684    -0.0006    10.1267    10.1262    155.990    159.186      0.507    1453.12    1453.13  0.000e+00
      19543    158.000     6.8501     6.8511     0.0010    1.42361    1.42359          1     0.0274     0.0275      83.10     0.3314     0.2051  1.000e-12  0.1887000    12.9738    12.9732    -0.0006    10.1304    10.1299    156.485    159.690      0.505    1453.14    1453.15  0.000e+00
      19566    158.500     6.8517     6.8526     0.0009    1.42417    1.42415          1     0.0276     0.0276      82.58     0.3081     0.2462  1.000e-12  0.1752000    12.9786    12.9781    -0.0005    10.1340    10.1336    156.980    160.194      0.514    1453.16    1453.17  0.000e+00
      19589    159.000     6.8535     6.8544     0.0009    1.42486    1.42485          1     0.0279     0.0278      81.96     0.2958     0.2328  1.000e-12  0.1711000    12.9846    12.9842    -0.0005    10.1386    10.1382    157.475    160.699      0.519    1453.19    1453.19  0.000e+00
      19613    159.500     6.8544     6.8554     0.0010    1.42522    1.42521          1     0.0265     0.0268      81.40     0.3174     0.1940  1.000e-12  0.1707000    12.9878    12.9873    -0.0005    10.1410    10.1405    157.970    161.203      0.499    1453.20    1453.21  0.000e+00
      19638    160.000     6.8560     6.8569     0.0009    1.42582    1.42580          1     0.0266     0.0253      80.89     0.3489     0.1782  1.000e-12  0.1736000    12.9930    12.9925    -0.0005    10.1449    10.1445    158.465    161.707      0.489    1453.22    1453.23  0.000e+00
      19662    160.500     6.8571     6.8580     0.0009    1.42636    1.42635          1     0.0293     0.0298      80.39     0.3046     0.1774  1.000e-12  0.1756000    12.9978    12.9973    -0.0005    10.1487    10.1482    158.960    162.211      0.507    1453.24    1453.25  0.000e+00
      19685    161.000     6.8577     6.8587     0.0009    1.42681    1.42678          1     0.0261     0.0280      79.94     0.3431     0.2281  1.000e-12  0.1793000    13.0019    13.0013    -0.0006    10.1518    10.1513    159.455    162.715      0.515    1453.26    1453.26  0.000e+00
      19708    161.500     6.8586     6.8596     0.0009    1.42726    1.42726          1     0.0274     0.0247      79.45     0.3117     0.2661  1.000e-12  0.1795000    13.0059    13.0055    -0.0004    10.1549    10.1545    159.950    163.219      0.506    1453.27    1453.28  0.000e+00
      19732    162.000     6.8598     6.8608     0.0010    1.42778    1.42776          1     0.0270     0.0274      78.84     0.3132     0.2932  1.000e-12  0.1916000    13.0105    13.0099    -0.0006    10.1584    10.1579    160.445    163.723      0.503    1453.29    1453.30  0.000e+00
      19756    162.500     6.8611     6.8620     0.0009    1.42832    1.42830          1     0.0265     0.0284      78.31     0.3027     0.2669  1.000e-12  0.1862000    13.0152    13.0147    -0.0005    10.1620    10.1615    160.940    164.228      0.508    1453.31    1453.31  0.000e+00
      19780    163.000     6.8623     6.8632     0.0009    1.42876    1.42875          1     0.0256     0.0246      77.78     0.3199     0.2028  1.000e-12  0.2014000    13.0190    13.0186    -0.0005    10.1649    10.1645    161.435    164.732      0.501    1453.33    1453.33  0.000e+00
      19804    163.500     6.8633     6.8643     0.0009    1.42916    1.42915          1     0.0256     0.0272      77.26     0.3033     0.2165  1.000e-12  0.1826000    13.0225    13.0220    -0.0005    10.1675    10.1671    161.930    165.236      0.496    1453.35    1453.35  0.000e+00
      19828    164.000     6.8643     6.8653     0.0010    1.42954    1.42953          1     0.0281     0.0264      76.75     0.3186     0.2808  1.000e-12  0.1765000    13.0258    13.0253    -0.0005    10.1700    10.1696    162.425    165.740      0.509    1453.36    1453.37  0.000e+00
      19851    164.500     6.8645     6.8655     0.0010    1.42982    1.42982          1     0.0251     0.0278      76.24     0.3160     0.2070  1.000e-12  0.1810000    13.0284    13.0279    -0.0005    10.1721    10.1716    162.920    166.244      0.517    1453.37    1453.38  0.000e+00
      19875    165.000     6.8656     6.8665     0.0009    1.43019    1.43018          1     0.0228     0.0260      75.69     0.2917     0.2206  1.000e-12  0.1832000    13.0315    13.0310    -0.0005    10.1744    10.1740    163.415    166.748      0.504    1453.39    1453.39  0.000e+00
      19899    165.500     6.8666     6.8676     0.0010    1.43068    1.43067          1     0.0269     0.0248      75.15     0.3087     0.2216  1.000e-12  0.1735000    13.0358    13.0353    -0.0005    10.1777    10.1773    163.910    167.252      0.496    1453.41    1453.41  0.000e+00
      19923    166.000     6.8681     6.8691     0.0009    1.43124    1.43123          1     0.0254     0.0255      74.66     0.3375     0.1858  1.000e-12  0.1882000    13.0407    13.0403    -0.0004    10.1814    10.1810    164.405    167.757      0.499    1453.43    1453.43  0.000e+00
      19947    166.500     6.8692     6.8701     0.0009    1.43206    1.43204          1     0.0257     0.0252      74.03     0.3171     0.1876  1.000e-12  0.1943000    13.0483    13.0478    -0.0005    10.1873    10.1868    164.900    168.261      0.506    1453.45    1453.45  0.000e+00
      19970    167.000     6.8702     6.8711     0.0009    1.43268    1.43267          1     0.0262     0.0263      73.61     0.3031     0.2106  1.000e-12  0.1772000    13.0539    13.0535    -0.0005    10.1916    10.1912    165.395    168.765      0.509    1453.47    1453.47  0.000e+00
      19994    167.500     6.8718     6.8727     0.0009    1.43328    1.43326          1     0.0227     0.0244      73.19     0.3149     0.2275  1.000e-12  0.1865000    13.0592    13.0586    -0.0005    10.1956    10.1951    165.890    169.269      0.507    1453.49    1453.49  0.000e+00
