ctdpy/tests/etc/all_smhi_bas_2018/SBE09_1044_20180416_0433_34_07_0005.cnv
* Sea-Bird SBE 9 Data File:
* FileName = C:\ctd\temp\2018\AU18D005.hex
* Software Version Seasave V 7.26.6.26
* Temperature SN = 5351
* Conductivity SN = 3941
* Number of Bytes Per Scan = 41
* Number of Voltage Words = 4
* Number of Scans Averaged by the Deck Unit = 1
* NMEA Latitude = 58 17.64 N
* NMEA Longitude = 010 50.71 E
* NMEA UTC (Time) = Apr 16 2018  04:33:06
* NMEA baud rate = 4800
** Station:  A15
** Operator:  SSip
** Ship: AURA
** Average sound velocity: 1475.71 m/s
** True-depth calculation Mon, 16 Apr 2018 05:18:52 +0000
** CTD Python Module SMHI /ver 3-12/ feb 2012 
** LIMS Job: 20183407-0005
** Cruise: SMHI-01-2018
** Latitude [GG MM.mm N] :
** Longitude [GG MM.mm E]:
# nquan = 26
# nvalues = 265                         
# units = specified
# name 0 = scan: Scan Count
# name 1 = prDM: Pressure, Digiquartz [db]
# name 2 = t090C: Temperature [ITS-90, deg C]
# name 3 = t190C: Temperature, 2 [ITS-90, deg C]
# name 4 = T2-T190C: Temperature Difference, 2 - 1 [ITS-90, deg C]
# name 5 = c0S/m: Conductivity [S/m]
# name 6 = c1S/m: Conductivity, 2 [S/m]
# name 7 = pumps: Pump Status
# name 8 = sbeox0ML/L: Oxygen, SBE 43 [ml/l]
# name 9 = sbeox1ML/L: Oxygen, SBE 43, 2 [ml/l]
# name 10 = altM: Altimeter [m]
# name 11 = flECO-AFL: Chl-a Fluorescence, WET Labs ECO-AFL/FL [mg/m^3]
# name 12 = flECO-AFL1: Phycocyanin Fluorescence, WET Labs ECO-AFL/FL, 2 [mg/m^3]
# name 13 = par: PAR/Irradiance, Biospherical/Lico [µE/(cm^2*s)]
# name 14 = turbWETntu0: Turbidity, WET Labs ECO [NTU]
# name 15 = sal00: Salinity, Practical [PSU]
# name 16 = sal11: Salinity, Practical, 2 [PSU]
# name 17 = secS-priS: Salinity, Practical, Difference, 2 - 1 [PSU]
# name 18 = sigma-t00: Density [sigma-t, Kg/m^3 ]
# name 19 = sigma-t11: Density, 2 [sigma-t, Kg/m^3 ]
# name 20 = depSM: Depth [salt water, m], lat = 58.294
# name 21 = depFM: Depth [true depth, m], lat = 58.294
# name 22 = dz/dtM: Descent Rate [m/s], WS = 2
# name 23 = svCM: Sound Velocity [Chen-Millero, m/s]
# name 24 = svCM1: Sound Velocity, 2 [Chen-Millero, m/s]
# name 25 = flag: flag
# span 0 =       6421,      12392       
# span 1 =      0.500,    132.500       
# span 2 =     2.5611,     7.3944       
# span 3 =     2.5592,     7.3946       
# span 4 =    -0.0291,     0.1135       
# span 5 =   2.302295,   3.552962       
# span 6 =   2.301691,   3.553038       
# span 7 =          1,          1       
# span 8 =    5.62086,    8.41247       
# span 9 =    5.54778,    8.35399       
# span 10 =       4.06,      99.26      
# span 11 =     0.0275,     9.2615      
# span 12 =     0.1369,     1.5587      
# span 13 = -3.584e-06, 4.3790e+01      
# span 14 =     0.1518,     1.6162      
# span 15 =    23.8666,    35.0041      
# span 16 =    23.7591,    35.0042      
# span 17 =    -0.2264,     0.0315      
# span 18 =    18.9368,    27.3945      
# span 19 =    18.8437,    27.3945      
# span 20 =      0.495,    131.227      
# span 21 =      0.500,    131.498      
# span 22 =      0.003,      0.641      
# span 23 =    1449.43,    1481.60      
# span 24 =    1449.48,    1481.60      
# span 25 = 0.0000e+00, 0.0000e+00      
# interval = decibars: 0.5              
# start_time = Apr 16 2018 04:33:06 [NMEA time, first data scan]
# bad_flag = -9.990e-29
*END*
[from data line 168]
      10386     84.500     7.2514     7.2520     0.0006    3.54684    3.54692          1     5.7054     5.6329      52.26     0.0584     0.2349  1.000e-12  0.8068000    34.9047    34.9048     0.0002    27.3084    27.3084     83.698     83.910      0.571    1480.89    1480.90  0.000e+00
      10407     85.000     7.2493     7.2499     0.0005    3.54676    3.54682          1     5.7008     5.6235      51.66     0.0275     0.2559  1.000e-12  0.8385000    34.9057    34.9057     0.0001    27.3095    27.3094     84.193     84.406      0.540    1480.90    1480.90  0.000e+00
      10430     85.500     7.2477     7.2484     0.0007    3.54668    3.54677          1     5.6955     5.6111      51.12     0.0475     0.2542  1.000e-12  0.8867000    34.9061    34.9064     0.0003    27.3100    27.3102     84.688     84.901      0.523    1480.90    1480.90  0.000e+00
      10453     86.000     7.2441     7.2447     0.0007    3.54639    3.54645          1     5.6884     5.6097      50.66     0.0460     0.2373  1.000e-12  0.9051000    34.9063    34.9063     0.0000    27.3107    27.3106     85.183     85.397      0.544    1480.89    1480.90  0.000e+00
      10474     86.500     7.2397     7.2403     0.0006    3.54598    3.54605          1     5.6868     5.6138      50.20     0.0410     0.2259  1.000e-12  0.9256000    34.9060    34.9062     0.0001    27.3111    27.3111     85.678     85.893      0.586    1480.88    1480.89  0.000e+00
      10494     87.000     7.2386     7.2390     0.0004    3.54589    3.54595          1     5.6880     5.6148      49.84     0.0424     0.2616  1.000e-12  0.9291000    34.9060    34.9062     0.0002    27.3112    27.3113     86.174     86.389      0.610    1480.89    1480.89  0.000e+00
      10514     87.500     7.2359     7.2365     0.0006    3.54568    3.54576          1     5.6828     5.6045      49.28     0.0497     0.2101  1.000e-12  0.9321000    34.9061    34.9064     0.0004    27.3117    27.3119     86.669     86.884      0.605    1480.89    1480.89  0.000e+00
      10534     88.000     7.2347     7.2354     0.0007    3.54561    3.54570          1     5.6826     5.5939      48.67     0.0652     0.1921  1.000e-12  0.9620000    34.9062    34.9065     0.0003    27.3119    27.3121     87.164     87.380      0.583    1480.89    1480.89  0.000e+00
      10555     88.500     7.2357     7.2361     0.0005    3.54575    3.54582          1     5.6860     5.5933      48.14     0.0661     0.2084  1.000e-12  1.0176000    34.9066    34.9069     0.0003    27.3121    27.3123     87.659     87.876      0.551    1480.90    1480.90  0.000e+00
      10577     89.000     7.2360     7.2370     0.0010    3.54585    3.54596          1     5.6875     5.6116      47.62     0.0509     0.2587  1.000e-12  0.9852000    34.9071    34.9074     0.0002    27.3125    27.3125     88.154     88.372      0.524    1480.91    1480.92  0.000e+00
      10601     89.500     7.2393     7.2396     0.0002    3.54626    3.54631          1     5.6909     5.6147      47.09     0.0587     0.1754  1.000e-12  0.9648000    34.9080    34.9083     0.0002    27.3127    27.3129     88.649     88.867      0.530    1480.93    1480.94  0.000e+00
      10622     90.000     7.2407     7.2417     0.0010    3.54648    3.54660          1     5.6841     5.6095      46.63     0.0502     0.2269  1.000e-12  0.9666000    34.9087    34.9090     0.0003    27.3131    27.3132     89.144     89.363      0.572    1480.95    1480.95  0.000e+00
      10643     90.500     7.2425     7.2424    -0.0000    3.54670    3.54672          1     5.6772     5.6143      46.19     0.0411     0.2302  1.000e-12  0.9679000    34.9091    34.9094     0.0003    27.3132    27.3134     89.639     89.859      0.600    1480.96    1480.96  0.000e+00
      10662     91.000     7.2447     7.2454     0.0007    3.54698    3.54709          1     5.6767     5.6088      45.76     0.0576     0.2110  1.000e-12  0.9549000    34.9098    34.9103     0.0005    27.3133    27.3136     90.135     90.354      0.597    1480.98    1480.99  0.000e+00
      10683     91.500     7.2537     7.2539     0.0002    3.54800    3.54814          1     5.6802     5.6077      45.31     0.0458     0.1823  1.000e-12  0.9663000    34.9115    34.9129     0.0013    27.3135    27.3145     90.630     90.850      0.571    1481.03    1481.03  0.000e+00
      10705     92.000     7.2730     7.2735     0.0006    3.55030    3.55041          1     5.6853     5.6223      75.67     0.0516     0.2311  1.000e-12  0.9851000    34.9170    34.9176     0.0006    27.3150    27.3154     91.125     91.346      0.545    1481.12    1481.12  0.000e+00
      10727     92.500     7.2762     7.2766     0.0003    3.55082    3.55088          1     5.6925     5.6232      44.03     0.0448     0.2212  1.000e-12  0.9225000    34.9192    34.9194     0.0003    27.3163    27.3164     91.620     91.842      0.539    1481.14    1481.14  0.000e+00
      10749     93.000     7.2770     7.2775     0.0005    3.55098    3.55105          1     5.6954     5.6184      43.58     0.0370     0.2366  1.000e-12  0.8823000    34.9199    34.9201     0.0002    27.3167    27.3168     92.115     92.337      0.551    1481.15    1481.15  0.000e+00
      10770     93.500     7.2770     7.2776     0.0005    3.55108    3.55114          1     5.6931     5.6212      43.14     0.0460     0.2323  1.000e-12  0.8906000    34.9207    34.9208     0.0001    27.3174    27.3173     92.610     92.833      0.565    1481.16    1481.16  0.000e+00
      10792     94.000     7.2766     7.2771     0.0005    3.55110    3.55118          1     5.6995     5.6224      42.83     0.0643     0.2223  1.000e-12  0.9022000    34.9211    34.9215     0.0004    27.3178    27.3180     93.105     93.329      0.574    1481.17    1481.17  0.000e+00
      10812     94.500     7.2775     7.2779     0.0003    3.55133    3.55139          1     5.7108     5.6264      42.52     0.0466     0.2277  1.000e-12  0.9432000    34.9225    34.9227     0.0002    27.3187    27.3188     93.601     93.825      0.587    1481.18    1481.18  0.000e+00
      10832     95.000     7.2776     7.2781     0.0006    3.55148    3.55156          1     5.7157     5.6369      41.79     0.0632     0.1777  1.000e-12  0.9533000    34.9238    34.9241     0.0003    27.3197    27.3199     94.096     94.320      0.616    1481.19    1481.19  0.000e+00
      10851     95.500     7.2768     7.2773     0.0005    3.55144    3.55151          1     5.7209     5.6438      41.27     0.0564     0.1960  1.000e-12  0.9702000    34.9239    34.9241     0.0002    27.3199    27.3200     94.591     94.816      0.617    1481.20    1481.20  0.000e+00
      10871     96.000     7.2761     7.2766     0.0005    3.55141    3.55148          1     5.7237     5.6440      40.87     0.0480     0.2297  1.000e-12  0.9902000    34.9240    34.9243     0.0002    27.3201    27.3202     95.086     95.312      0.606    1481.20    1481.20  0.000e+00
      10891     96.500     7.2752     7.2758     0.0006    3.55138    3.55143          1     5.7246     5.6445      40.33     0.0562     0.2695  1.000e-12  1.0088000    34.9242    34.9243     0.0001    27.3204    27.3204     95.581     95.807      0.596    1481.21    1481.21  0.000e+00
      10911     97.000     7.2733     7.2740     0.0006    3.55122    3.55130          1     5.7267     5.6514      39.81     0.0454     0.1790  1.000e-12  0.9491000    34.9242    34.9244     0.0002    27.3206    27.3207     96.076     96.303      0.593    1481.21    1481.21  0.000e+00
      10932     97.500     7.2718     7.2723     0.0005    3.55121    3.55125          1     5.7274     5.6628      39.25     0.0527     0.2196  1.000e-12  0.9500000    34.9254    34.9253    -0.0001    27.3218    27.3217     96.571     96.799      0.602    1481.21    1481.21  0.000e+00
      10951     98.000     7.2713     7.2719     0.0006    3.55130    3.55136          1     5.7344     5.6708      38.71     0.0533     0.2340  1.000e-12  0.9601000    34.9265    34.9267     0.0002    27.3227    27.3228     97.066     97.295      0.620    1481.22    1481.22  0.000e+00
      10970     98.500     7.2692     7.2698     0.0006    3.55119    3.55126          1     5.7434     5.6790      38.20     0.0481     0.2305  1.000e-12  0.9756000    34.9273    34.9274     0.0002    27.3236    27.3237     97.562     97.790      0.625    1481.22    1481.22  0.000e+00
      10990     99.000     7.2686     7.2691     0.0005    3.55115    3.55123          1     5.7461     5.6777      37.70     0.0447     0.1780  1.000e-12  0.9905000    34.9272    34.9276     0.0004    27.3237    27.3239     98.057     98.286      0.612    1481.23    1481.23  0.000e+00
      11010     99.500     7.2671     7.2677     0.0006    3.55107    3.55116          1     5.7509     5.6724      37.24     0.0411     0.2086  1.000e-12  0.9815000    34.9276    34.9279     0.0003    27.3242    27.3244     98.552     98.782      0.601    1481.23    1481.23  0.000e+00
      11030    100.000     7.2641     7.2647     0.0006    3.55094    3.55101          1     5.7524     5.6803      36.79     0.0387     0.2270  1.000e-12  0.9816000    34.9290    34.9291     0.0001    27.3257    27.3257     99.047     99.277      0.596    1481.23    1481.23  0.000e+00
      11050    100.500     7.2633     7.2638     0.0006    3.55101    3.55107          1     5.7438     5.6819      36.28     0.0382     0.2356  1.000e-12  1.0098000    34.9303    34.9305     0.0002    27.3269    27.3269     99.542     99.773      0.588    1481.23    1481.24  0.000e+00
      11070    101.000     7.2634     7.2639     0.0006    3.55108    3.55115          1     5.7371     5.6663      35.78     0.0472     0.2640  1.000e-12  1.1067000    34.9307    34.9309     0.0002    27.3271    27.3273    100.037    100.269      0.588    1481.24    1481.25  0.000e+00
      11091    101.500     7.2635     7.2639     0.0003    3.55114    3.55120          1     5.7344     5.6557      35.23     0.0374     0.2164  1.000e-12  1.0727000    34.9310    34.9313     0.0003    27.3274    27.3275    100.532    100.765      0.603    1481.25    1481.26  0.000e+00
      11110    102.000     7.2624     7.2628     0.0005    3.55113    3.55119          1     5.7276     5.6521      34.72     0.0496     0.2623  1.000e-12  1.0995000    34.9318    34.9320     0.0002    27.3281    27.3282    101.027    101.260      0.617    1481.26    1481.26  0.000e+00
      11129    102.500     7.2621     7.2627     0.0006    3.55116    3.55122          1     5.7230     5.6551      34.23     0.0582     0.2957  1.000e-12  1.1288000    34.9321    34.9323     0.0001    27.3285    27.3285    101.523    101.756      0.621    1481.27    1481.27  0.000e+00
      11149    103.000     7.2620     7.2626     0.0006    3.55118    3.55126          1     5.7184     5.6601      33.72     0.0559     0.1787  1.000e-12  1.1609000    34.9322    34.9325     0.0003    27.3285    27.3287    102.018    102.252      0.617    1481.27    1481.28  0.000e+00
      11168    103.500     7.2623     7.2626     0.0003    3.55124    3.55130          1     5.7153     5.6620      33.21     0.0369     0.2211  1.000e-12  1.1374000    34.9323    34.9326     0.0003    27.3286    27.3288    102.513    102.748      0.608    1481.28    1481.28  0.000e+00
      11188    104.000     7.2627     7.2631     0.0003    3.55129    3.55136          1     5.7181     5.6570      32.71     0.0526     0.2355  1.000e-12  1.1466000    34.9322    34.9325     0.0003    27.3285    27.3286    103.008    103.243      0.594    1481.29    1481.29  0.000e+00
      11209    104.500     7.2627     7.2633     0.0006    3.55132    3.55139          1     5.7264     5.6548      32.20     0.0619     0.2286  1.000e-12  1.1558000    34.9323    34.9324     0.0001    27.3285    27.3285    103.503    103.739      0.585    1481.30    1481.30  0.000e+00
      11229    105.000     7.2607     7.2616     0.0010    3.55123    3.55132          1     5.7354     5.6620      31.71     0.0625     0.1784  1.000e-12  1.1570000    34.9331    34.9331    -0.0000    27.3294    27.3293    103.998    104.235      0.599    1481.30    1481.31  0.000e+00
      11249    105.500     7.2596     7.2602     0.0006    3.55120    3.55127          1     5.7407     5.6659      31.25     0.0450     0.2185  1.000e-12  1.1444000    34.9336    34.9338     0.0002    27.3300    27.3301    104.493    104.730      0.619    1481.31    1481.31  0.000e+00
      11268    106.000     7.2592     7.2598     0.0005    3.55131    3.55139          1     5.7397     5.6626      30.78     0.0476     0.2055  1.000e-12  1.1437000    34.9350    34.9353     0.0003    27.3311    27.3313    104.988    105.226      0.618    1481.32    1481.32  0.000e+00
      11288    106.500     7.2516     7.2527     0.0011    3.55081    3.55092          1     5.7452     5.6727      30.26     0.0515     0.2016  1.000e-12  1.1983000    34.9369    34.9370     0.0001    27.3337    27.3336    105.483    105.722      0.596    1481.30    1481.30  0.000e+00
      11308    107.000     7.2430     7.2439     0.0009    3.55006    3.55014          1     5.7701     5.7025      29.73     0.0509     0.2280  1.000e-12  1.1912000    34.9372    34.9371    -0.0001    27.3352    27.3350    105.978    106.218      0.583    1481.27    1481.28  0.000e+00
      11329    107.500     7.2397     7.2403     0.0006    3.54981    3.54987          1     5.7849     5.7168      29.23     0.0422     0.1942  1.000e-12  1.1033000    34.9375    34.9376     0.0001    27.3359    27.3358    106.473    106.713      0.591    1481.27    1481.27  0.000e+00
      11349    108.000     7.2395     7.2403     0.0007    3.54983    3.54991          1     5.7874     5.7151      28.74     0.0656     0.2110  1.000e-12  1.0039000    34.9377    34.9378     0.0001    27.3361    27.3360    106.969    107.209      0.603    1481.28    1481.28  0.000e+00
      11369    108.500     7.2375     7.2382     0.0007    3.54969    3.54976          1     5.7933     5.7212      28.26     0.0500     0.2220  1.000e-12  1.0179000    34.9379    34.9381     0.0002    27.3365    27.3366    107.464    107.705      0.609    1481.28    1481.28  0.000e+00
      11388    109.000     7.2366     7.2371     0.0005    3.54964    3.54971          1     5.8000     5.7207      27.76     0.0533     0.2196  1.000e-12  1.0037000    34.9381    34.9383     0.0002    27.3368    27.3369    107.959    108.200      0.612    1481.28    1481.28  0.000e+00
      11408    109.500     7.2360     7.2366     0.0006    3.54964    3.54970          1     5.8033     5.7195      27.29     0.0604     0.2071  1.000e-12  0.9855000    34.9384    34.9385     0.0001    27.3371    27.3371    108.454    108.696      0.614    1481.29    1481.29  0.000e+00
      11428    110.000     7.2347     7.2352     0.0005    3.54960    3.54966          1     5.8023     5.7144      26.84     0.0667     0.1770  1.000e-12  0.9837000    34.9391    34.9392     0.0001    27.3378    27.3379    108.949    109.192      0.599    1481.29    1481.29  0.000e+00
      11448    110.500     7.2310     7.2316     0.0006    3.54958    3.54966          1     5.7943     5.7068      26.30     0.0567     0.2039  1.000e-12  0.9981000    34.9424    34.9426     0.0002    27.3410    27.3410    109.444    109.688      0.574    1481.29    1481.29  0.000e+00
      11469    111.000     7.2282     7.2284     0.0002    3.54953    3.54957          1     5.7870     5.7075      25.78     0.0638     0.2638  1.000e-12  1.0197000    34.9443    34.9446     0.0002    27.3429    27.3431    109.939    110.183      0.572    1481.29    1481.29  0.000e+00
