ctdpy/tests/etc/all_smhi_bas_2018/SBE09_0827_20181127_1347_26_01_1259.cnv
* Sea-Bird SBE 9 Data File:
* FileName = D:\CTD_SBE911\DAT\26DA.2018.12.59.hex
* Software Version Seasave V 7.21d
* Temperature SN = 4548
* Conductivity SN = 3062
* Number of Bytes Per Scan = 48
* Number of Voltage Words = 5
* Number of Scans Averaged by the Deck Unit = 1
* NMEA Latitude = 55 41.10 N
* NMEA Longitude = 014 50.05 E
* NMEA UTC (Time) = Nov 27 2018  13:47:39
* NMEA baud rate = 4800
** Ship: DANA
** Average sound velocity: 1450.68 m/s
** True-depth calculation Tue, 02 Apr 2019 12:15:58 +0000
** CTD Python Module SMHI /ver 3-12/ feb 2012 
** LIMS Job: 20182601-1259
** Operator: Ronny
** Cruise: 12/2018
# nquan = 26
# nvalues = 110                         
# units = specified
# name 0 = scan: Scan Count
# name 1 = prDM: Pressure, Digiquartz [db]
# name 2 = t090C: Temperature [ITS-90, deg C]
# name 3 = t190C: Temperature, 2 [ITS-90, deg C]
# name 4 = T2-T190C: Temperature Difference, 2 - 1 [ITS-90, deg C]
# name 5 = c0S/m: Conductivity [S/m]
# name 6 = c1S/m: Conductivity, 2 [S/m]
# name 7 = pumps: Pump Status
# name 8 = sbeox1ML/L: Oxygen, SBE 43, 2 [ml/l]
# name 9 = sbeox0ML/L: Oxygen, SBE 43 [ml/l]
# name 10 = altM: Altimeter [m]
# name 11 = chloroflTC0: Chlorophyll, Turner Cyclops [ug/l]
# name 12 = cpar: CPAR/Corrected Irradiance [%]
# name 13 = par: PAR/Irradiance, Biospherical/Lico [µE/(cm^2*s)]
# name 14 = spar: SPAR, Biospherical/Licor
# name 15 = sal00: Salinity, Practical [PSU]
# name 16 = sal11: Salinity, Practical, 2 [PSU]
# name 17 = secS-priS: Salinity, Practical, Difference, 2 - 1 [PSU]
# name 18 = sigma-t00: Density [sigma-t, kg/m^3 ]
# name 19 = sigma-t11: Density, 2 [sigma-t, kg/m^3 ]
# name 20 = depSM: Depth [salt water, m], lat = 55.685
# name 21 = depFM: Depth [true depth, m], lat = 55.685
# name 22 = dz/dtM: Descent Rate [m/s], WS = 2
# name 23 = svCM: Sound Velocity [Chen-Millero, m/s]
# name 24 = svCM1: Sound Velocity, 2 [Chen-Millero, m/s]
# name 25 = flag: flag
# span 0 =        293,       5664       
# span 1 =      1.000,     55.500       
# span 2 =     7.7406,    10.6379       
# span 3 =     7.7408,    10.6634       
# span 4 =    -0.2071,     0.1259       
# span 5 =   0.898070,   1.551776       
# span 6 =   0.898051,   1.554867       
# span 7 =          1,          1       
# span 8 =     3.1902,     7.4721       
# span 9 =     3.3861,     7.7017       
# span 10 =       1.19,       9.99      
# span 11 =     0.0164,     0.0328      
# span 12 = 3.7309e-13, 3.9425e+00      
# span 13 = 1.0000e-12, 1.2332e+01      
# span 14 = 1.8446e+02, 3.1952e+02      
# span 15 =     7.7071,    12.8711      
# span 16 =     7.7068,    12.9004      
# span 17 =    -0.0926,     0.1074      
# span 18 =     5.9300,     9.6687      
# span 19 =     5.9297,     9.6920      
# span 20 =      0.991,     54.989      
# span 21 =      1.013,     56.179      
# span 22 =     -0.121,      0.294      
# span 23 =    1447.81,    1465.85      
# span 24 =    1447.81,    1465.86      
# span 25 = 0.0000e+00, 0.0000e+00      
# interval = decibars: 0.5              
# start_time = Nov 27 2018 13:47:39 [NMEA time, first data scan]
# bad_flag = -9.990e-29
*END*
[from data line 56]
       2861     29.000     7.8736     7.8736     0.0000    0.90540    0.90537          1     7.3820     7.6096       9.96     0.0274  4.699e-13  1.000e-12  2.128e+02     7.7426     7.7423    -0.0003     5.9472     5.9469     28.735     29.363      0.271    1448.78    1448.78  0.000e+00
       2907     29.500     7.8769     7.8774     0.0005    0.90560    0.90559          1     7.3677     7.6054       9.96     0.0279  4.722e-13  1.000e-12  2.118e+02     7.7436     7.7434    -0.0002     5.9477     5.9475     29.230     29.869      0.262    1448.81    1448.81  0.000e+00
       2952     30.000     7.8942     7.8933    -0.0009    0.90649    0.90631          1     7.3617     7.5983       9.96     0.0270  4.750e-13  1.000e-12  2.105e+02     7.7480     7.7465    -0.0014     5.9497     5.9487     29.726     30.376      0.268    1448.89    1448.88  0.000e+00
       2997     30.500     7.9345     7.9340    -0.0005    0.90840    0.90827          1     7.3545     7.5804       9.96     0.0269  4.812e-13  1.000e-12  2.078e+02     7.7565     7.7554    -0.0011     5.9532     5.9524     30.221     30.882      0.256    1449.07    1449.07  0.000e+00
       3043     31.000     7.9515     7.9518     0.0003    0.90982    0.90965          1     7.3598     7.5856       9.96     0.0264  4.834e-13  1.000e-12  2.069e+02     7.7658     7.7641    -0.0017     5.9590     5.9577     30.716     31.388      0.271    1449.16    1449.16  0.000e+00
       3086     31.500     7.9685     7.9683    -0.0002    0.91118    0.91103          1     7.3482     7.5868       9.96     0.0259  4.875e-13  1.000e-12  2.051e+02     7.7744     7.7731    -0.0014     5.9644     5.9634     31.212     31.895      0.276    1449.25    1449.25  0.000e+00
       3132     32.000     7.9780     7.9796     0.0015    0.91194    0.91189          1     7.3357     7.5826       9.96     0.0265  4.885e-13  1.000e-12  2.047e+02     7.7792     7.7784    -0.0009     5.9674     5.9666     31.707     32.401      0.256    1449.30    1449.31  0.000e+00
       3178     32.500     8.0114     8.0138     0.0025    0.91411    0.91406          1     7.3060     7.5585       9.96     0.0256  4.954e-13  1.000e-12  2.019e+02     7.7916     7.7906    -0.0010     5.9743     5.9734     32.203     32.907      0.277    1449.46    1449.47  0.000e+00
       3220     33.000     8.0331     8.0361     0.0031    0.91519    0.91524          1     7.3030     7.5374       9.96     0.0259  4.980e-13  1.000e-12  2.008e+02     7.7967     7.7965    -0.0002     5.9765     5.9761     32.698     33.413      0.272    1449.57    1449.58  0.000e+00
       3267     33.500     8.0367     8.0384     0.0017    0.91552    0.91553          1     7.3112     7.5458       9.96     0.0260  4.971e-13  1.000e-12  2.012e+02     7.7989     7.7986    -0.0003     5.9779     5.9776     33.193     33.919      0.245    1449.59    1449.60  0.000e+00
       3315     34.000     8.0414     8.0400    -0.0014    0.91585    0.91575          1     7.3095     7.5502       9.96     0.0267  5.013e-13  1.000e-12  1.995e+02     7.8007     7.8001    -0.0006     5.9790     5.9786     33.689     34.426      0.264    1449.62    1449.61  0.000e+00
       3359     34.500     8.0390     8.0353    -0.0037    0.91581    0.91561          1     7.3186     7.5559       9.96     0.0269  5.026e-13  1.000e-12  1.990e+02     7.8008     7.7999    -0.0009     5.9793     5.9788     34.184     34.932      0.284    1449.62    1449.60  0.000e+00
       3401     35.000     8.0383     8.0371    -0.0013    0.91580    0.91572          1     7.3142     7.5576       9.96     0.0270  5.025e-13  1.000e-12  1.990e+02     7.8009     7.8004    -0.0005     5.9794     5.9791     34.680     35.438      0.272    1449.62    1449.62  0.000e+00
       3447     35.500     8.0317     8.0358     0.0041    0.91556    0.91568          1     7.3133     7.5559       9.96     0.0269  5.025e-13  1.000e-12  1.990e+02     7.8001     7.8003     0.0002     5.9793     5.9791     35.175     35.944      0.257    1449.60    1449.62  0.000e+00
       3493     36.000     8.0296     8.0322     0.0026    0.91560    0.91564          1     7.3052     7.5561       9.96     0.0269  5.050e-13  1.000e-12  1.980e+02     7.8008     7.8006    -0.0002     5.9801     5.9797     35.670     36.451      0.276    1449.61    1449.62  0.000e+00
       3536     36.500     8.0286     8.0283    -0.0002    0.91570    0.91566          1     7.3158     7.5520       9.96     0.0269  5.102e-13  1.000e-12  1.960e+02     7.8019     7.8016    -0.0003     5.9810     5.9808     36.166     36.957      0.265    1449.61    1449.61  0.000e+00
       3583     37.000     8.0112     8.0115     0.0002    0.91572    0.91562          1     7.3308     7.5699       9.96     0.0270  5.141e-13  1.000e-12  1.945e+02     7.8059     7.8050    -0.0010     5.9856     5.9848     36.661     37.463      0.258    1449.55    1449.55  0.000e+00
       3628     37.500     8.0193     8.0193    -0.0000    0.91649    0.91642          1     7.3235     7.5689       9.96     0.0276  5.130e-13  1.000e-12  1.949e+02     7.8111     7.8105    -0.0006     5.9889     5.9885     37.156     37.969      0.266    1449.60    1449.60  0.000e+00
       3674     38.000     8.0252     8.0267     0.0014    0.91741    0.91737          1     7.3347     7.5783       9.96     0.0270  5.147e-13  1.000e-12  1.943e+02     7.8182     7.8175    -0.0007     5.9940     5.9933     37.652     38.476      0.268    1449.64    1449.65  0.000e+00
       3717     38.500     8.0324     8.0327     0.0003    0.91796    0.91792          1     7.3429     7.5735       9.96     0.0269  5.182e-13  1.000e-12  1.930e+02     7.8216     7.8211    -0.0005     5.9961     5.9957     38.147     38.982      0.278    1449.68    1449.68  0.000e+00
       3761     39.000     8.0361     8.0364     0.0003    0.91849    0.91840          1     7.3434     7.5734       9.96     0.0268  5.194e-13  1.000e-12  1.925e+02     7.8255     7.8247    -0.0008     5.9988     5.9981     38.643     39.488      0.261    1449.71    1449.71  0.000e+00
       3809     39.500     8.0523     8.0519    -0.0004    0.91951    0.91939          1     7.3319     7.5626       9.96     0.0271  5.212e-13  1.000e-12  1.919e+02     7.8312     7.8302    -0.0010     6.0019     6.0012     39.138     39.994      0.259    1449.79    1449.79  0.000e+00
       3853     40.000     8.0724     8.0712    -0.0012    0.92068    0.92043          1     7.3172     7.5691       9.96     0.0275  5.226e-13  1.000e-12  1.914e+02     7.8373     7.8354    -0.0019     6.0051     6.0036     39.633     40.501      0.274    1449.89    1449.88  0.000e+00
       3899     40.500     8.1694     8.1640    -0.0054    0.92665    0.92566          1     7.3215     7.5598       9.96     0.0271  5.245e-13  1.000e-12  1.907e+02     7.8703     7.8624    -0.0078     6.0227     6.0170     40.129     41.007      0.253    1450.33    1450.30  0.000e+00
       3946     41.000     8.2168     8.2143    -0.0025    0.92948    0.92906          1     7.2948     7.5551       9.96     0.0273  5.238e-13  1.000e-12  1.909e+02     7.8855     7.8822    -0.0032     6.0305     6.0282     40.624     41.513      0.264    1450.55    1450.54  0.000e+00
       3989     41.500     8.2445     8.2439    -0.0006    0.93137    0.93112          1     7.2952     7.5396       9.96     0.0269  5.264e-13  1.000e-12  1.900e+02     7.8965     7.8943    -0.0022     6.0367     6.0351     41.119     42.019      0.274    1450.69    1450.68  0.000e+00
       4035     42.000     8.2857     8.2853    -0.0003    0.93356    0.93320          1     7.2526     7.5224       9.96     0.0266  5.238e-13  1.000e-12  1.909e+02     7.9071     7.9040    -0.0032     6.0415     6.0391     41.615     42.525      0.257    1450.87    1450.87  0.000e+00
       4081     42.500     8.4576     8.4501    -0.0075    0.94173    0.94049          1     7.2427     7.4643       9.96     0.0265  5.256e-13  1.000e-12  1.903e+02     7.9429     7.9333    -0.0096     6.0543     6.0475     42.110     43.032      0.264    1451.62    1451.58  0.000e+00
       4127     43.000     8.6853     8.6769    -0.0084    0.95746    0.95520          1     7.0716     7.1839       9.96     0.0256  5.294e-13  1.000e-12  1.889e+02     8.0340     8.0154    -0.0186     6.1050     6.0912     42.605     43.538      0.254    1452.66    1452.60  0.000e+00
       4176     43.500     8.7029     8.6952    -0.0077    0.96642    0.96396          1     6.8028     6.8674       9.96     0.0244  5.295e-13  1.000e-12  1.889e+02     8.1110     8.0905    -0.0205     6.1635     6.1482     43.101     44.044      0.248    1452.83    1452.78  0.000e+00
       4223     44.000     8.5856     8.6017     0.0161    0.96859    0.96584          1     6.6705     6.7111       9.96     0.0224  5.295e-13  1.000e-12  1.889e+02     8.1575     8.1288    -0.0286     6.2105     6.1867     43.596     44.550      0.258    1452.43    1452.46  0.000e+00
       4269     44.500     8.6321     8.6052    -0.0270    0.97597    0.97111          1     6.5484     6.6742       9.96     0.0208  5.334e-13  1.000e-12  1.875e+02     8.2136     8.1757    -0.0379     6.2501     6.2230     44.091     45.056      0.265    1452.69    1452.54  0.000e+00
       4315     45.000     8.9248     8.7176    -0.2071    0.99621    0.98061          1     6.5110     6.8430       9.96     0.0206  5.301e-13  1.000e-12  1.886e+02     8.3283     8.2357    -0.0926     6.3121     6.2595     44.587     45.562      0.250    1454.01    1453.07  0.000e+00
       4362     45.500     9.0706     8.9411    -0.1294    1.00861    0.99760          1     6.6692     7.1098       9.96     0.0212  5.340e-13  1.000e-12  1.873e+02     8.4057     8.3369    -0.0688     6.3584     6.3173     45.082     46.068      0.269    1454.69    1454.10  0.000e+00
       4405     46.000     9.1048     9.0709    -0.0339    1.01506    1.01117          1     6.8393     7.1415       9.96     0.0228  5.352e-13  1.000e-12  1.868e+02     8.4555     8.4286    -0.0270     6.3939     6.3762     45.578     46.574      0.269    1454.90    1454.73  0.000e+00
       4454     46.500     9.1129     9.0872    -0.0257    1.01907    1.01433          1     6.8657     7.0630       9.96     0.0229  5.352e-13  1.000e-12  1.868e+02     8.4896     8.4531    -0.0365     6.4196     6.3937     46.073     47.080      0.238    1454.98    1454.83  0.000e+00
       4502     47.000     9.0490     9.0732     0.0243    1.02468    1.01991          1     6.7746     6.7263       9.94     0.0223  5.360e-13  1.000e-12  1.866e+02     8.5552     8.5065    -0.0487     6.4771     6.4367     46.568     47.586      0.262    1454.82    1454.85  0.000e+00
       4547     47.500     8.8458     8.9717     0.1259    1.02396    1.02304          1     6.4934     6.1838       9.58     0.0213  5.356e-13  1.000e-12  1.867e+02     8.5975     8.5588    -0.0386     6.5297     6.4875     47.064     48.092      0.272    1454.07    1454.52  0.000e+00
       4592     48.000     8.7703     8.8282     0.0579    1.03246    1.02636          1     6.0970     5.8973       9.05     0.0185  5.353e-13  1.000e-12  1.868e+02     8.6928     8.6234    -0.0694     6.6113     6.5517     47.559     48.598      0.263    1453.89    1454.04  0.000e+00
       4639     48.500     8.8107     8.8071    -0.0036    1.04755    1.03852          1     5.8236     5.7795       8.51     0.0172  5.394e-13  1.000e-12  1.854e+02     8.8198     8.7387    -0.0811     6.7066     6.6437     48.054     49.104      0.251    1454.22    1454.10  0.000e+00
       4685     49.000     8.8370     8.8334    -0.0037    1.06665    1.06052          1     5.6194     5.6710       8.00     0.0171  5.397e-13  1.000e-12  1.853e+02     8.9867     8.9319    -0.0549     6.8343     6.7919     48.550     49.610      0.278    1454.53    1454.45  0.000e+00
       4728     49.500     8.8942     8.8754    -0.0189    1.08035    1.07555          1     5.4623     5.5782       7.47     0.0171  5.399e-13  1.000e-12  1.852e+02     9.0966     9.0578    -0.0388     6.9144     6.8860     49.045     50.116      0.260    1454.90    1454.78  0.000e+00
       4778     50.000     9.1094     9.0762    -0.0331    1.10523    1.09747          1     5.4145     5.5601       6.94     0.0171  5.387e-13  1.000e-12  1.857e+02     9.2665     9.2048    -0.0617     7.0255     6.9807     49.540     50.622      0.244    1455.97    1455.77  0.000e+00
       4822     50.500     9.5207     9.5164    -0.0045    1.16392    1.16061          1     5.3030     5.4437       6.43     0.0171  5.411e-13  1.000e-12  1.848e+02     9.6875     9.6589    -0.0286     7.3107     7.2890     50.036     51.127      0.293    1458.12    1458.06  0.000e+00
       4864     51.000     9.6592     9.6483    -0.0108    1.17827    1.17477          1     5.2568     5.4233       5.90     0.0171  5.397e-13  1.000e-12  1.853e+02     9.7789     9.7505    -0.0285     7.3670     7.3460     50.531     51.633      0.269    1458.78    1458.70  0.000e+00
       4911     51.500     9.6815     9.6808    -0.0007    1.20540    1.20105          1     5.3482     5.5730       5.36     0.0171  5.353e-13  1.000e-12  1.868e+02    10.0163     9.9775    -0.0389     7.5492     7.5190     51.026     52.138      0.251    1459.16    1459.11  0.000e+00
       4958     52.000     9.7631     9.7615    -0.0016    1.23139    1.22962          1     5.3760     5.5370       4.85     0.0172  5.403e-13  1.000e-12  1.851e+02    10.2267    10.2113    -0.0155     7.7038     7.6920     51.522     52.644      0.263    1459.74    1459.72  0.000e+00
       5004     52.500     9.7893     9.7882    -0.0011    1.23722    1.23615          1     5.2874     5.4627       4.32     0.0171  5.403e-13  1.000e-12  1.851e+02    10.2716    10.2622    -0.0094     7.7358     7.7286     52.017     53.149      0.251    1459.91    1459.89  0.000e+00
       5052     53.000     9.8797     9.8895     0.0099    1.27182    1.27002          1     5.2864     5.5050       3.80     0.0171  5.398e-13  1.000e-12  1.852e+02    10.5561    10.5370    -0.0191     7.9467     7.9307     52.512     53.654      0.257    1460.61    1460.62  0.000e+00
       5097     53.500    10.0848    10.1248     0.0399    1.30169    1.30458          1     5.1827     5.3261       3.28     0.0179  5.415e-13  1.000e-12  1.847e+02    10.7635    10.7775     0.0139     8.0842     8.0904     53.008     54.160      0.268    1461.66    1461.83  0.000e+00
       5144     54.000    10.2998    10.3789     0.0790    1.33206    1.34097          1     4.8611     5.0252       2.75     0.0171  5.411e-13  1.000e-12  1.848e+02    10.9707    11.0262     0.0556     8.2196     8.2533     53.503     54.665      0.249    1462.75    1463.12  0.000e+00
       5191     54.500    10.4159    10.5001     0.0841    1.35820    1.37320          1     4.6942     4.8220       2.23     0.0171  5.421e-13  1.000e-12  1.845e+02    11.1683    11.2757     0.1074     8.3589     8.4319     53.998     55.170      0.260    1463.44    1463.89  0.000e+00
       5237     55.000    10.6379    10.6634     0.0257    1.47001    1.48203          1     4.1423     4.0750       1.72     0.0170  5.413e-13  1.000e-12  1.848e+02    12.0949    12.1941     0.0992     9.0500     9.1237     54.494     55.675      0.257    1465.40    1465.62  0.000e+00
       5664     55.500    10.5049    10.5005    -0.0047    1.55178    1.55487          1     3.1902     3.3861       1.19     0.0164  5.268e-13  1.000e-12  1.898e+02    12.8711    12.9004     0.0293     9.6687     9.6920     54.989     56.179     -0.121    1465.85    1465.86  0.000e+00
