ctdpy/tests/etc/all_smhi_bas_2018/SBE09_1044_20180131_0611_34_02_0037.cnv
* Sea-Bird SBE 9 Data File:
* FileName = C:\ctd\temp\2018\ME18D037.hex
* Software Version Seasave V 7.26.6.26
* Temperature SN = 5351
* Conductivity SN = 3941
* Number of Bytes Per Scan = 41
* Number of Voltage Words = 4
* Number of Scans Averaged by the Deck Unit = 1
* NMEA Latitude = 58 47.30 N
* NMEA Longitude = 019 05.73 E
* NMEA UTC (Time) = Jan 31 2018  06:11:31
* NMEA baud rate = 4800
** Station:  BY30
** Operator:  JKro
** Ship: MERI
** Average sound velocity: 1441.79 m/s
** True-depth calculation Wed, 31 Jan 2018 08:17:32 +0000
** CTD Python Module SMHI /ver 3-12/ feb 2012 
** LIMS Job: 20183402-0037
** Cruise: SMHI-01-2018
** Latitude [GG MM.mm N] :
** Longitude [GG MM.mm E]:
# nquan = 26
# nvalues = 363                         
# units = specified
# name 0 = scan: Scan Count
# name 1 = prDM: Pressure, Digiquartz [db]
# name 2 = t090C: Temperature [ITS-90, deg C]
# name 3 = t190C: Temperature, 2 [ITS-90, deg C]
# name 4 = T2-T190C: Temperature Difference, 2 - 1 [ITS-90, deg C]
# name 5 = c0S/m: Conductivity [S/m]
# name 6 = c1S/m: Conductivity, 2 [S/m]
# name 7 = pumps: Pump Status
# name 8 = sbeox0ML/L: Oxygen, SBE 43 [ml/l]
# name 9 = sbeox1ML/L: Oxygen, SBE 43, 2 [ml/l]
# name 10 = altM: Altimeter [m]
# name 11 = flECO-AFL: Chl-a Fluorescence, WET Labs ECO-AFL/FL [mg/m^3]
# name 12 = flECO-AFL1: Phycocyanin Fluorescence, WET Labs ECO-AFL/FL, 2 [mg/m^3]
# name 13 = par: PAR/Irradiance, Biospherical/Lico [µE/(cm^2*s)]
# name 14 = turbWETntu0: Turbidity, WET Labs ECO [NTU]
# name 15 = sal00: Salinity, Practical [PSU]
# name 16 = sal11: Salinity, Practical, 2 [PSU]
# name 17 = secS-priS: Salinity, Practical, Difference, 2 - 1 [PSU]
# name 18 = sigma-t00: Density [sigma-t, Kg/m^3 ]
# name 19 = sigma-t11: Density, 2 [sigma-t, Kg/m^3 ]
# name 20 = depSM: Depth [salt water, m], lat = 58.7883
# name 21 = depFM: Depth [true depth, m], lat = 58.7883
# name 22 = dz/dtM: Descent Rate [m/s], WS = 2
# name 23 = svCM: Sound Velocity [Chen-Millero, m/s]
# name 24 = svCM1: Sound Velocity, 2 [Chen-Millero, m/s]
# name 25 = flag: flag
# span 0 =       8105,      24982       
# span 1 =      0.500,    181.500       
# span 2 =     4.2383,     6.2042       
# span 3 =     4.2390,     6.2045       
# span 4 =    -0.0438,     0.0208       
# span 5 =   0.768398,   1.234800       
# span 6 =   0.768384,   1.234762       
# span 7 =          1,          1       
# span 8 =    0.00352,    8.22119       
# span 9 =    0.02081,    8.15645       
# span 10 =       2.49,      99.72      
# span 11 =     0.2382,     0.4153      
# span 12 =     0.2595,     0.4002      
# span 13 = -1.036e-05, 6.3207e-01      
# span 14 =     0.1481,     1.8192      
# span 15 =     7.2278,    11.3289      
# span 16 =     7.2276,    11.3283      
# span 17 =    -0.0105,     0.0077      
# span 18 =     5.7386,     8.8860      
# span 19 =     5.7382,     8.8855      
# span 20 =      0.495,    179.727      
# span 21 =      0.506,    183.484      
# span 22 =     -0.307,      0.507      
# span 23 =    1432.15,    1448.75      
# span 24 =    1432.15,    1448.75      
# span 25 = 0.0000e+00, 0.0000e+00      
# interval = decibars: 0.5              
# start_time = Jan 31 2018 06:11:32 [NMEA time, first data scan]
# bad_flag = -9.990e-29
*END*
[from data line 56]
      10143     28.500     4.3258     4.3263     0.0005    0.77443    0.77440          1     8.1362     8.0989      13.46     0.3472     0.3593  1.000e-12  0.1840000     7.2668     7.2663    -0.0005     5.7682     5.7678     28.232     28.862      0.368    1432.99    1432.99  0.000e+00
      10174     29.000     4.3271     4.3278     0.0007    0.77448    0.77446          1     8.1247     8.1080      14.64     0.3278     0.3188  1.000e-12  0.1718000     7.2670     7.2666    -0.0004     5.7683     5.7680     28.727     29.369      0.399    1433.00    1433.01  0.000e+00
      10204     29.500     4.3271     4.3280     0.0009    0.77449    0.77446          1     8.1322     8.1056      43.63     0.3183     0.2966  1.000e-12  0.1659000     7.2670     7.2665    -0.0005     5.7683     5.7679     29.223     29.875      0.394    1433.01    1433.02  0.000e+00
      10236     30.000     4.3275     4.3282     0.0007    0.77450    0.77448          1     8.1419     8.0842      11.92     0.3146     0.3142  1.000e-12  0.1657000     7.2670     7.2665    -0.0004     5.7683     5.7679     29.718     30.381      0.361    1433.02    1433.02  0.000e+00
      10268     30.500     4.3273     4.3283     0.0009    0.77451    0.77449          1     8.1408     8.0964      11.47     0.3142     0.3304  1.000e-12  0.1579000     7.2670     7.2666    -0.0004     5.7683     5.7680     30.213     30.888      0.392    1433.03    1433.03  0.000e+00
      10298     31.000     4.3292     4.3300     0.0008    0.77468    0.77465          1     8.1386     8.1085      11.03     0.3222     0.3203  1.000e-12  0.1639000     7.2682     7.2678    -0.0004     5.7692     5.7688     30.708     31.394      0.414    1433.05    1433.05  0.000e+00
      10328     31.500     4.3301     4.3306     0.0005    0.77477    0.77473          1     8.1357     8.1082      10.47     0.3154     0.3285  1.000e-12  0.1802000     7.2689     7.2684    -0.0005     5.7697     5.7693     31.204     31.900      0.369    1433.06    1433.06  0.000e+00
      10363     32.000     4.3295     4.3300     0.0005    0.77478    0.77475          1     8.1359     8.1020       9.85     0.3485     0.3151  1.000e-12  0.1666000     7.2690     7.2686    -0.0004     5.7698     5.7696     31.699     32.407      0.341    1433.07    1433.07  0.000e+00
      10396     32.500     4.3272     4.3270    -0.0003    0.77475    0.77470          1     8.1225     8.1006       9.38     0.3379     0.3067  1.000e-12  0.1775000     7.2692     7.2687    -0.0005     5.7700     5.7697     32.194     32.913      0.390    1433.06    1433.06  0.000e+00
      10425     33.000     4.3117     4.3118     0.0001    0.77450    0.77447          1     8.1248     8.0965      39.45     0.3295     0.3037  1.000e-12  0.1691000     7.2701     7.2697    -0.0004     5.7712     5.7709     32.689     33.419      0.435    1433.00    1433.00  0.000e+00
      10452     33.500     4.2991     4.2996     0.0005    0.77440    0.77437          1     8.1299     8.0985      15.16     0.3403     0.2897  1.000e-12  0.1654000     7.2717     7.2713    -0.0004     5.7729     5.7726     33.185     33.926      0.426    1432.95    1432.96  0.000e+00
      10483     34.000     4.2971     4.2977     0.0006    0.77445    0.77442          1     8.1337     8.1041       7.86     0.3301     0.3140  1.000e-12  0.1623000     7.2726     7.2722    -0.0004     5.7737     5.7733     33.680     34.432      0.350    1432.96    1432.96  0.000e+00
      10521     34.500     4.3028     4.3037     0.0009    0.77467    0.77466          1     8.1355     8.1057       7.27     0.3291     0.3161  1.000e-12  0.1588000     7.2735     7.2731    -0.0004     5.7742     5.7739     34.175     34.938      0.321    1432.99    1432.99  0.000e+00
      10554     35.000     4.3104     4.3118     0.0014    0.77499    0.77499          1     8.1227     8.1025       6.80     0.3083     0.3311  1.000e-12  0.1552000     7.2750     7.2747    -0.0003     5.7752     5.7749     34.670     35.445      0.417    1433.04    1433.04  0.000e+00
      10581     35.500     4.3134     4.3140     0.0006    0.77511    0.77508          1     8.1238     8.0954       6.28     0.3086     0.3321  1.000e-12  0.1635000     7.2755     7.2751    -0.0005     5.7755     5.7751     35.166     35.951      0.442    1433.06    1433.06  0.000e+00
      10609     36.000     4.3138     4.3145     0.0007    0.77513    0.77511          1     8.1233     8.0925       5.66     0.3133     0.2730  1.000e-12  0.1495000     7.2755     7.2751    -0.0004     5.7755     5.7751     35.661     36.457      0.389    1433.06    1433.07  0.000e+00
      10644     36.500     4.3206     4.3211     0.0004    0.77538    0.77535          1     8.1081     8.0817       5.06     0.3128     0.3290  1.000e-12  0.1481000     7.2765     7.2761    -0.0004     5.7760     5.7757     36.156     36.964      0.336    1433.11    1433.11  0.000e+00
      10679     37.000     4.3365     4.3370     0.0005    0.77600    0.77595          1     8.0972     8.0773       4.64     0.3192     0.2889  1.000e-12  0.1520000     7.2791     7.2786    -0.0005     5.7776     5.7772     36.651     37.470      0.374    1433.19    1433.19  0.000e+00
      10708     37.500     4.3627     4.3628     0.0001    0.77699    0.77694          1     8.0855     8.0666      33.74     0.2991     0.2926  1.000e-12  0.1551000     7.2832     7.2827    -0.0006     5.7802     5.7797     37.147     37.976      0.447    1433.32    1433.32  0.000e+00
      10734     38.000     4.3953     4.3959     0.0005    0.77833    0.77828          1     8.0709     8.0587      96.76     0.2949     0.3362  1.000e-12  0.1513000     7.2895     7.2888    -0.0006     5.7841     5.7836     37.642     38.483      0.419    1433.48    1433.48  0.000e+00
      10768     38.500     4.4033     4.4037     0.0004    0.77866    0.77862          1     8.0679     8.0497      98.73     0.2975     0.2946  1.000e-12  0.1774000     7.2909     7.2904    -0.0005     5.7851     5.7846     38.137     38.989      0.322    1433.53    1433.53  0.000e+00
      10805     39.000     4.4100     4.4103     0.0003    0.77896    0.77891          1     8.0637     8.0287      98.73     0.3060     0.3415  1.000e-12  0.1681000     7.2924     7.2918    -0.0005     5.7860     5.7856     38.632     39.495      0.355    1433.56    1433.56  0.000e+00
      10835     39.500     4.4150     4.4157     0.0007    0.77920    0.77918          1     8.0664     8.0284      98.73     0.2954     0.3225  1.000e-12  0.1717000     7.2936     7.2932    -0.0004     5.7868     5.7865     39.128     40.002      0.429    1433.60    1433.60  0.000e+00
      10862     40.000     4.4209     4.4215     0.0006    0.77948    0.77945          1     8.0499     8.0309      98.73     0.2960     0.2987  1.000e-12  0.1608000     7.2951     7.2946    -0.0005     5.7878     5.7874     39.623     40.508      0.430    1433.63    1433.63  0.000e+00
      10893     40.500     4.4240     4.4246     0.0006    0.77962    0.77959          1     8.0653     8.0372      98.73     0.3043     0.3438  1.000e-12  0.1713000     7.2957     7.2953    -0.0004     5.7882     5.7879     40.118     41.014      0.350    1433.65    1433.66  0.000e+00
      10932     41.000     4.4280     4.4277    -0.0003    0.77979    0.77973          1     8.0823     8.0345      83.80     0.2949     0.3162  1.000e-12  0.1746000     7.2965     7.2959    -0.0005     5.7887     5.7883     40.613     41.521      0.305    1433.68    1433.68  0.000e+00
      10967     41.500     4.4314     4.4320     0.0006    0.78000    0.77996          1     8.0806     8.0352      98.98     0.3038     0.3459  1.000e-12  0.1572000     7.2978     7.2973    -0.0005     5.7896     5.7892     41.109     42.027      0.413    1433.71    1433.71  0.000e+00
      10993     42.000     4.4319     4.4322     0.0003    0.78005    0.78001          1     8.0829     8.0356      84.75     0.2984     0.3232  1.000e-12  0.1733000     7.2981     7.2976    -0.0005     5.7899     5.7895     41.604     42.533      0.434    1433.72    1433.72  0.000e+00
      11023     42.500     4.4321     4.4327     0.0007    0.78011    0.78009          1     8.0820     8.0353      96.17     0.2879     0.3032  1.000e-12  0.1584000     7.2986     7.2983    -0.0003     5.7903     5.7900     42.099     43.040      0.372    1433.73    1433.73  0.000e+00
      11057     43.000     4.4361     4.4368     0.0007    0.78054    0.78051          1     8.0779     8.0469      98.71     0.2571     0.2738  1.000e-12  0.1714000     7.3020     7.3015    -0.0005     5.7928     5.7924     42.594     43.546      0.348    1433.76    1433.76  0.000e+00
      11092     43.500     4.4459     4.4472     0.0014    0.78136    0.78133          1     8.0531     8.0378      98.72     0.2719     0.3106  1.000e-12  0.1792000     7.3080     7.3074    -0.0006     5.7973     5.7968     43.090     44.052      0.357    1433.81    1433.82  0.000e+00
      11124     44.000     4.4578     4.4585     0.0007    0.78207    0.78201          1     8.0390     8.0126      98.72     0.2709     0.3125  1.000e-12  0.1894000     7.3124     7.3117    -0.0008     5.8004     5.7998     43.585     44.559      0.382    1433.88    1433.88  0.000e+00
      11155     44.500     4.4606     4.4612     0.0007    0.78247    0.78242          1     8.0189     7.9904      58.93     0.2571     0.3038  1.000e-12  0.1782000     7.3157     7.3151    -0.0006     5.8030     5.8024     44.080     45.065      0.390    1433.91    1433.91  0.000e+00
      11186     45.000     4.4611     4.4621     0.0011    0.78263    0.78261          1     8.0137     7.9769      94.52     0.2908     0.3055  1.000e-12  0.1822000     7.3172     7.3168    -0.0004     5.8041     5.8038     44.575     45.571      0.384    1433.92    1433.92  0.000e+00
      11218     45.500     4.4691     4.4698     0.0007    0.78329    0.78326          1     8.0018     7.9611      91.30     0.2701     0.3372  1.000e-12  0.1941000     7.3220     7.3214    -0.0005     5.8077     5.8072     45.070     46.078      0.352    1433.97    1433.97  0.000e+00
      11253     46.000     4.4794     4.4800     0.0006    0.78388    0.78384          1     7.9732     7.9380      98.82     0.2613     0.3193  1.000e-12  0.1828000     7.3255     7.3250    -0.0005     5.8101     5.8097     45.566     46.584      0.364    1434.03    1434.03  0.000e+00
      11284     46.500     4.5014     4.5025     0.0011    0.78520    0.78517          1     7.9178     7.9245      98.72     0.2746     0.3505  1.000e-12  0.1978000     7.3338     7.3333    -0.0005     5.8160     5.8155     46.061     47.090      0.399    1434.14    1434.15  0.000e+00
      11314     47.000     4.5156     4.5160     0.0003    0.78651    0.78647          1     7.8642     7.8733      98.72     0.2736     0.3465  1.000e-12  0.1823000     7.3438     7.3432    -0.0005     5.8235     5.8230     46.556     47.597      0.374    1434.23    1434.23  0.000e+00
      11348     47.500     4.5198     4.5216     0.0017    0.78695    0.78699          1     7.8367     7.8256      98.72     0.2834     0.3042  1.000e-12  0.1823000     7.3472     7.3472    -0.0000     5.8260     5.8260     47.051     48.103      0.352    1434.26    1434.27  0.000e+00
      11381     48.000     4.5559     4.5573     0.0014    0.78995    0.78994          1     7.7481     7.7556      98.72     0.2529     0.3265  1.000e-12  0.1841000     7.3691     7.3687    -0.0004     5.8422     5.8418     47.547     48.609      0.388    1434.45    1434.46  0.000e+00
      11411     48.500     4.6240     4.6248     0.0008    0.79571    0.79557          1     7.5804     7.6126      98.72     0.2686     0.3401  1.000e-12  0.1774000     7.4115     7.4099    -0.0016     5.8736     5.8723     48.042     49.116      0.397    1434.82    1434.82  0.000e+00
      11442     49.000     4.6567     4.6547    -0.0020    0.79990    0.79960          1     7.4231     7.4683      98.72     0.2832     0.2916  1.000e-12  0.1807000     7.4459     7.4434    -0.0025     5.8998     5.8978     48.537     49.622      0.364    1435.02    1435.00  0.000e+00
      11478     49.500     4.6847     4.6866     0.0019    0.80238    0.80259          1     7.3029     7.3705      98.72     0.2633     0.2814  1.000e-12  0.1788000     7.4644     7.4661     0.0017     5.9134     5.9148     49.032     50.128      0.335    1435.17    1435.18  0.000e+00
      11511     50.000     4.7035     4.7070     0.0035    0.80523    0.80604          1     7.2202     7.2934      98.72     0.2615     0.2908  1.000e-12  0.1748000     7.4885     7.4959     0.0074     5.9319     5.9376     49.527     50.635      0.395    1435.29    1435.32  0.000e+00
      11540     50.500     4.7064     4.7072     0.0009    0.80630    0.80692          1     7.1990     7.2424      98.72     0.2737     0.3101  1.000e-12  0.1535000     7.4986     7.5045     0.0059     5.9398     5.9445     50.023     51.141      0.406    1435.33    1435.34  0.000e+00
      11572     51.000     4.7050     4.7054     0.0003    0.80804    0.80812          1     7.1788     7.2157      98.72     0.2775     0.3003  1.000e-12  0.1670000     7.5162     7.5169     0.0007     5.9538     5.9543     50.518     51.647      0.365    1435.35    1435.35  0.000e+00
      11604     51.500     4.7011     4.7018     0.0007    0.80924    0.80916          1     7.1673     7.1913      98.72     0.2697     0.2674  1.000e-12  0.1804000     7.5290     7.5281    -0.0009     5.9641     5.9633     51.013     52.153      0.380    1435.36    1435.36  0.000e+00
      11635     52.000     4.7010     4.7021     0.0010    0.80951    0.80952          1     7.1646     7.1803      98.72     0.2987     0.3112  1.000e-12  0.1791000     7.5317     7.5315    -0.0001     5.9662     5.9660     51.508     52.660      0.375    1435.37    1435.37  0.000e+00
      11669     52.500     4.7022     4.7035     0.0013    0.80960    0.80966          1     7.1696     7.1632      98.72     0.2621     0.2799  1.000e-12  0.1766000     7.5323     7.5325     0.0002     5.9666     5.9667     52.004     53.166      0.339    1435.38    1435.39  0.000e+00
      11706     53.000     4.7148     4.7149     0.0001    0.81073    0.81071          1     7.1568     7.1470      79.01     0.2624     0.2663  1.000e-12  0.1681000     7.5406     7.5403    -0.0003     5.9728     5.9725     52.499     53.672      0.345    1435.46    1435.46  0.000e+00
      11737     53.500     4.7199     4.7192    -0.0007    0.81137    0.81122          1     7.1356     7.1250      78.23     0.2382     0.3144  1.000e-12  0.1792000     7.5458     7.5444    -0.0014     5.9767     5.9756     52.994     54.178      0.433    1435.49    1435.49  0.000e+00
      11762     54.000     4.7321     4.7325     0.0003    0.81294    0.81288          1     7.0987     7.0897      98.63     0.2708     0.2595  1.000e-12  0.1861000     7.5586     7.5579    -0.0007     5.9864     5.9859     53.489     54.685      0.471    1435.57    1435.57  0.000e+00
      11790     54.500     4.7457     4.7487     0.0030    0.81474    0.81494          1     7.0288     7.0340      98.72     0.2588     0.2793  1.000e-12  0.1843000     7.5734     7.5747     0.0014     5.9976     5.9986     53.984     55.191      0.389    1435.66    1435.68  0.000e+00
      11826     55.000     4.7663     4.7651    -0.0011    0.81746    0.81700          1     6.9406     6.9473      98.72     0.2591     0.2937  1.000e-12  0.1910000     7.5958     7.5915    -0.0043     6.0146     6.0112     54.480     55.697      0.308    1435.79    1435.78  0.000e+00
      11864     55.500     4.7746     4.7723    -0.0022    0.81957    0.81921          1     6.8618     6.8683      98.72     0.2675     0.2934  1.000e-12  0.1789000     7.6149     7.6119    -0.0031     6.0295     6.0271     54.975     56.203      0.357    1435.86    1435.84  0.000e+00
