ctdpy/tests/etc/all_smhi_bas_2018/SBE09_0827_20180225_0602_26_01_0301.cnv
* Sea-Bird SBE 9 Data File:
* FileName = D:\CTD_SBE911\DAT\26DA.2018.3.1.hex
* Software Version Seasave V 7.21d
* Temperature SN = 034757
* Conductivity SN = 041844
* Number of Bytes Per Scan = 48
* Number of Voltage Words = 5
* Number of Scans Averaged by the Deck Unit = 1
* NMEA Latitude = 55 35.38 N
* NMEA Longitude = 014 35.99 E
* NMEA UTC (Time) = Feb 25 2018  06:03:08
* NMEA baud rate = 4800
** Ship: DANA
** Average sound velocity: 1434.65 m/s
** True-depth calculation Tue, 02 Apr 2019 08:31:21 +0000
** CTD Python Module SMHI /ver 3-12/ feb 2012 
** LIMS Job: 20182601-0301
** Operator:
** Cruise: 02/2018
# nquan = 26
# nvalues = 127                         
# units = specified
# name 0 = scan: Scan Count
# name 1 = prDM: Pressure, Digiquartz [db]
# name 2 = t090C: Temperature [ITS-90, deg C]
# name 3 = t190C: Temperature, 2 [ITS-90, deg C]
# name 4 = T2-T190C: Temperature Difference, 2 - 1 [ITS-90, deg C]
# name 5 = c0S/m: Conductivity [S/m]
# name 6 = c1S/m: Conductivity, 2 [S/m]
# name 7 = pumps: Pump Status
# name 8 = sbeox1ML/L: Oxygen, SBE 43, 2 [ml/l]
# name 9 = sbeox0ML/L: Oxygen, SBE 43 [ml/l]
# name 10 = altM: Altimeter [m]
# name 11 = chloroflTC0: Chlorophyll, Turner Cyclops [ug/l]
# name 12 = cpar: CPAR/Corrected Irradiance [%]
# name 13 = par: PAR/Irradiance, Biospherical/Lico [µE/(cm^2*s)]
# name 14 = spar: SPAR, Biospherical/Licor
# name 15 = sal00: Salinity, Practical [PSU]
# name 16 = sal11: Salinity, Practical, 2 [PSU]
# name 17 = secS-priS: Salinity, Practical, Difference, 2 - 1 [PSU]
# name 18 = sigma-t00: Density [sigma-t, kg/m^3 ]
# name 19 = sigma-t11: Density, 2 [sigma-t, kg/m^3 ]
# name 20 = depSM: Depth [salt water, m], lat = 55.5897
# name 21 = depFM: Depth [true depth, m], lat = 55.5897
# name 22 = dz/dtM: Descent Rate [m/s], WS = 2
# name 23 = svCM: Sound Velocity [Chen-Millero, m/s]
# name 24 = svCM1: Sound Velocity, 2 [Chen-Millero, m/s]
# name 25 = flag: flag
# span 0 =        144,       7439       
# span 1 =      1.500,     64.500       
# span 2 =     3.3440,     8.4827       
# span 3 =     3.3437,     8.4946       
# span 4 =    -0.0604,     0.3224       
# span 5 =   0.777137,   1.713150       
# span 6 =   0.776541,   1.714410       
# span 7 =          1,          1       
# span 8 =     0.4693,     8.1856       
# span 9 =     0.5222,     8.2681       
# span 10 =      -2.13,       9.96      
# span 11 =     0.0136,     0.0263      
# span 12 = 6.1551e-12, 5.9974e+00      
# span 13 = 9.9999e-13, 7.3078e-01      
# span 14 = 1.2185e+01, 1.6247e+01      
# span 15 =     7.5204,    15.3596      
# span 16 =     7.5140,    15.3812      
# span 17 =    -0.0098,     0.2546      
# span 18 =     5.9915,    11.8911      
# span 19 =     5.9863,    11.9103      
# span 20 =      1.486,     63.906      
# span 21 =      1.519,     65.256      
# span 22 =      0.020,      0.664      
# span 23 =    1428.47,    1459.96      
# span 24 =    1428.46,    1459.91      
# span 25 = 0.0000e+00, 0.0000e+00      
# interval = decibars: 0.5              
# start_time = Feb 25 2018 06:03:08 [NMEA time, first data scan]
# bad_flag = -9.990e-29
*END*
        144      1.500     3.3468     3.3470     0.0003    0.77719    0.77654          1     8.1391     8.2450       9.91     0.0142  5.997e+00  7.308e-01  1.219e+01     7.5208     7.5140    -0.0068     5.9918     5.9863      1.486      1.519      0.357    1428.47    1428.46  0.000e+00
        254      2.000     3.3474     3.3499     0.0024    0.77723    0.77671          1     8.1338     8.2481       9.95     0.0146  4.216e+00  5.137e-01  1.219e+01     7.5210     7.5150    -0.0059     5.9918     5.9871      1.982      2.025      0.422    1428.48    1428.48  0.000e+00
        343      2.500     3.3480     3.3468    -0.0012    0.77724    0.77665          1     8.1621     8.2563       9.95     0.0148  3.108e+00  3.787e-01  1.219e+01     7.5209     7.5150    -0.0059     5.9918     5.9872      2.477      2.531      0.249    1428.49    1428.48  0.000e+00
        409      3.000     3.3459     3.3447    -0.0011    0.77717    0.77657          1     8.1796     8.2518       9.95     0.0150  2.345e+00  2.857e-01  1.219e+01     7.5206     7.5147    -0.0060     5.9916     5.9869      2.973      3.037      0.246    1428.49    1428.47  0.000e+00
        454      3.500     3.3464     3.3455    -0.0009    0.77719    0.77658          1     8.1856     8.2536       9.95     0.0147  1.782e+00  2.172e-01  1.219e+01     7.5207     7.5145    -0.0062     5.9916     5.9867      3.468      3.544      0.380    1428.50    1428.49  0.000e+00
        503      4.000     3.3457     3.3437    -0.0020    0.77718    0.77655          1     8.1738     8.2456       9.95     0.0142  1.205e+00  1.468e-01  1.219e+01     7.5206     7.5145    -0.0060     5.9916     5.9868      3.964      4.050      0.223    1428.50    1428.49  0.000e+00
        569      4.500     3.3442     3.3441    -0.0000    0.77714    0.77656          1     8.1421     8.2510       9.95     0.0141  8.454e-01  1.030e-01  1.219e+01     7.5204     7.5144    -0.0060     5.9915     5.9867      4.459      4.556      0.397    1428.50    1428.50  0.000e+00
        591      5.000     3.3440     3.3438    -0.0002    0.77714    0.77656          1     8.1547     8.2603       9.96     0.0147  4.526e-01  5.515e-02  1.219e+01     7.5205     7.5144    -0.0061     5.9915     5.9867      4.955      5.062      0.498    1428.51    1428.50  0.000e+00
        642      5.500     3.3443     3.3437    -0.0006    0.77716    0.77656          1     8.1720     8.2568       9.51     0.0147  6.885e-02  8.389e-03  1.219e+01     7.5205     7.5144    -0.0061     5.9915     5.9867      5.450      5.569      0.404    1428.52    1428.51  0.000e+00
        705      6.000     3.3453     3.3442    -0.0010    0.77719    0.77658          1     8.1543     8.2606       9.19     0.0147  3.196e-03  3.894e-04  1.219e+01     7.5205     7.5144    -0.0061     5.9915     5.9867      5.946      6.075      0.664    1428.53    1428.52  0.000e+00
        725      6.500     3.3448     3.3447    -0.0001    0.77719    0.77659          1     8.1630     8.2486       9.22     0.0144  6.777e-05  8.258e-06  1.219e+01     7.5205     7.5144    -0.0061     5.9916     5.9867      6.441      6.581      0.476    1428.54    1428.53  0.000e+00
        827      7.000     3.3448     3.3445    -0.0003    0.77719    0.77659          1     8.1489     8.2492       9.30     0.0145  8.207e-12  1.000e-12  1.219e+01     7.5205     7.5143    -0.0062     5.9916     5.9866      6.936      7.087      0.487    1428.55    1428.54  0.000e+00
        850      7.500     3.3453     3.3449    -0.0004    0.77722    0.77662          1     8.1426     8.2469       9.32     0.0140  8.207e-12  1.000e-12  1.219e+01     7.5206     7.5144    -0.0062     5.9916     5.9867      7.432      7.594      0.558    1428.56    1428.55  0.000e+00
        874      8.000     3.3453     3.3445    -0.0007    0.77723    0.77662          1     8.1610     8.2523       9.35     0.0145  8.207e-12  1.000e-12  1.219e+01     7.5206     7.5145    -0.0061     5.9916     5.9868      7.927      8.100      0.360    1428.56    1428.55  0.000e+00
        969      8.500     3.3553     3.3502    -0.0051    0.77760    0.77685          1     8.1400     8.2475       9.37     0.0136  8.207e-12  1.000e-12  1.219e+01     7.5221     7.5155    -0.0066     5.9926     5.9875      8.423      8.606      0.303    1428.62    1428.59  0.000e+00
        997      9.000     3.3519     3.3471    -0.0047    0.77748    0.77674          1     8.1484     8.2580       9.38     0.0139  8.207e-12  1.000e-12  1.219e+01     7.5216     7.5150    -0.0066     5.9923     5.9871      8.918      9.112      0.411    1428.61    1428.58  0.000e+00
       1030      9.500     3.3505     3.3528     0.0023    0.77745    0.77691          1     8.1453     8.2424       9.38     0.0137  8.207e-12  1.000e-12  1.219e+01     7.5215     7.5154    -0.0061     5.9922     5.9873      9.414      9.618      0.260    1428.61    1428.61  0.000e+00
       1107     10.000     3.3558     3.3510    -0.0048    0.77764    0.77690          1     8.1720     8.2602       9.39     0.0147  8.207e-12  1.000e-12  1.219e+01     7.5222     7.5156    -0.0066     5.9927     5.9876      9.909     10.125      0.290    1428.65    1428.62  0.000e+00
       1140     10.500     3.3542     3.3540    -0.0002    0.77759    0.77697          1     8.1563     8.2667       9.40     0.0138  8.207e-12  1.000e-12  1.219e+01     7.5219     7.5156    -0.0063     5.9925     5.9875     10.405     10.631      0.377    1428.65    1428.64  0.000e+00
       1176     11.000     3.3570     3.3576     0.0006    0.77770    0.77712          1     8.1702     8.2491       9.40     0.0143  8.207e-12  1.000e-12  1.219e+01     7.5223     7.5162    -0.0061     5.9928     5.9879     10.900     11.137      0.239    1428.67    1428.66  0.000e+00
       1254     11.500     3.3569     3.3541    -0.0028    0.77769    0.77700          1     8.1153     8.2509       9.39     0.0148  8.207e-12  1.000e-12  1.219e+01     7.5222     7.5157    -0.0065     5.9927     5.9876     11.395     11.643      0.321    1428.67    1428.65  0.000e+00
       1281     12.000     3.3551     3.3541    -0.0010    0.77763    0.77700          1     8.1351     8.2538       9.41     0.0158  8.207e-12  1.000e-12  1.219e+01     7.5219     7.5156    -0.0063     5.9925     5.9875     11.891     12.150      0.430    1428.67    1428.66  0.000e+00
       1338     12.500     3.3567     3.3592     0.0025    0.77770    0.77717          1     8.1520     8.2476       9.41     0.0159  8.207e-12  1.000e-12  1.219e+01     7.5222     7.5162    -0.0061     5.9928     5.9879     12.386     12.656      0.258    1428.69    1428.69  0.000e+00
       1403     13.000     3.3631     3.3673     0.0042    0.77795    0.77742          1     8.1620     8.2681       9.40     0.0163  8.207e-12  1.000e-12  1.219e+01     7.5233     7.5168    -0.0064     5.9935     5.9883     12.882     13.162      0.413    1428.73    1428.74  0.000e+00
       1429     13.500     3.3699     3.3719     0.0020    0.77819    0.77764          1     8.1592     8.2492       9.41     0.0171  8.207e-12  1.000e-12  1.219e+01     7.5241     7.5179    -0.0062     5.9941     5.9891     13.377     13.668      0.398    1428.77    1428.77  0.000e+00
       1470     14.000     3.3705     3.3710     0.0005    0.77820    0.77761          1     8.1560     8.2388       9.41     0.0170  8.207e-12  1.000e-12  1.219e+01     7.5240     7.5178    -0.0062     5.9939     5.9890     13.873     14.175      0.222    1428.78    1428.77  0.000e+00
       1534     14.500     3.3642     3.3652     0.0010    0.77795    0.77742          1     8.1558     8.2477       9.41     0.0171  8.207e-12  1.000e-12  1.219e+01     7.5229     7.5171    -0.0058     5.9931     5.9885     14.368     14.681      0.204    1428.75    1428.75  0.000e+00
       1586     15.000     3.3597     3.3575    -0.0021    0.77780    0.77715          1     8.1641     8.2545       9.41     0.0171  8.207e-12  1.000e-12  1.219e+01     7.5223     7.5160    -0.0063     5.9927     5.9877     14.863     15.187      0.268    1428.74    1428.72  0.000e+00
       1628     15.500     3.3577     3.3538    -0.0039    0.77773    0.77705          1     8.1807     8.2491       9.41     0.0171  8.207e-12  1.000e-12  1.219e+01     7.5219     7.5157    -0.0062     5.9925     5.9876     15.359     15.693      0.283    1428.74    1428.71  0.000e+00
       1675     16.000     3.3487     3.3482    -0.0005    0.77742    0.77683          1     8.1583     8.2452       9.41     0.0172  8.207e-12  1.000e-12  1.219e+01     7.5207     7.5147    -0.0060     5.9917     5.9869     15.854     16.200      0.208    1428.71    1428.70  0.000e+00
       1745     16.500     3.3479     3.3464    -0.0015    0.77742    0.77680          1     8.1736     8.2538       9.39     0.0172  8.207e-12  1.000e-12  1.219e+01     7.5209     7.5147    -0.0062     5.9918     5.9869     16.350     16.706      0.269    1428.71    1428.69  0.000e+00
       1778     17.000     3.3496     3.3548     0.0052    0.77752    0.77705          1     8.1688     8.2509       9.41     0.0171  8.207e-12  1.000e-12  1.219e+01     7.5214     7.5153    -0.0061     5.9922     5.9873     16.845     17.212      0.484    1428.73    1428.74  0.000e+00
       1801     17.500     3.3519     3.3537     0.0019    0.77760    0.77709          1     8.1418     8.2549       9.42     0.0171  8.207e-12  1.000e-12  1.219e+01     7.5217     7.5160    -0.0057     5.9924     5.9878     17.341     17.718      0.491    1428.74    1428.74  0.000e+00
       1860     18.000     3.3553     3.3601     0.0049    0.77774    0.77726          1     8.1353     8.2523       9.41     0.0171  8.113e-12  1.000e-12  1.235e+01     7.5222     7.5161    -0.0062     5.9928     5.9878     17.836     18.224      0.339    1428.77    1428.78  0.000e+00
       1933     18.500     3.3646     3.3667     0.0021    0.77808    0.77752          1     8.1503     8.2492       9.39     0.0171  8.146e-12  1.000e-12  1.229e+01     7.5235     7.5172    -0.0063     5.9936     5.9886     18.331     18.731      0.578    1428.82    1428.82  0.000e+00
       1950     19.000     3.3625     3.3587    -0.0037    0.77797    0.77731          1     8.1451     8.2512       9.40     0.0171  8.206e-12  1.000e-12  1.219e+01     7.5228     7.5168    -0.0060     5.9931     5.9884     18.827     19.237      0.581    1428.82    1428.79  0.000e+00
       1998     19.500     3.3581     3.3566    -0.0014    0.77784    0.77719          1     8.1472     8.2440       9.41     0.0171  7.987e-12  1.000e-12  1.257e+01     7.5224     7.5160    -0.0064     5.9928     5.9878     19.322     19.743      0.382    1428.81    1428.79  0.000e+00
       2080     20.000     3.3589     3.3654     0.0065    0.77787    0.77743          1     8.1533     8.2577       9.40     0.0171  7.729e-12  1.000e-12  1.301e+01     7.5225     7.5164    -0.0061     5.9929     5.9879     19.818     20.249      0.559    1428.82    1428.84  0.000e+00
       2098     20.500     3.3650     3.3681     0.0031    0.77810    0.77760          1     8.1508     8.2590       9.41     0.0171  7.833e-12  1.000e-12  1.283e+01     7.5234     7.5174    -0.0059     5.9935     5.9887     20.313     20.756      0.542    1428.85    1428.86  0.000e+00
       2125     21.000     3.3596     3.3552    -0.0044    0.77787    0.77721          1     8.1291     8.2561       9.43     0.0171  7.540e-12  1.000e-12  1.334e+01     7.5221     7.5163    -0.0058     5.9926     5.9881     20.809     21.262      0.290    1428.84    1428.81  0.000e+00
       2214     21.500     3.3499     3.3507     0.0007    0.77756    0.77697          1     8.1658     8.2470       9.40     0.0170  7.438e-12  1.000e-12  1.352e+01     7.5211     7.5148    -0.0063     5.9919     5.9869     21.304     21.768      0.262    1428.80    1428.79  0.000e+00
       2249     22.000     3.3607     3.3647     0.0040    0.77796    0.77744          1     8.1653     8.2413       9.41     0.0170  7.310e-12  1.000e-12  1.374e+01     7.5227     7.5164    -0.0063     5.9930     5.9880     21.799     22.274      0.364    1428.86    1428.87  0.000e+00
       2282     22.500     3.3588     3.3545    -0.0043    0.77785    0.77719          1     8.1537     8.2549       9.42     0.0171  7.160e-12  1.000e-12  1.400e+01     7.5220     7.5160    -0.0059     5.9925     5.9878     22.295     22.781      0.354    1428.86    1428.83  0.000e+00
       2321     23.000     3.3615     3.3653     0.0038    0.77802    0.77745          1     8.1600     8.2496       9.42     0.0169  7.275e-12  1.000e-12  1.380e+01     7.5230     7.5162    -0.0068     5.9933     5.9878     22.790     23.287      0.246    1428.88    1428.89  0.000e+00
       2382     23.500     3.3833     3.3951     0.0117    0.77885    0.77851          1     8.1416     8.2491       9.41     0.0170  7.174e-12  1.000e-12  1.397e+01     7.5264     7.5202    -0.0062     5.9957     5.9905     23.286     23.793      0.287    1428.99    1429.04  0.000e+00
       2413     24.000     3.4093     3.4217     0.0124    0.77984    0.77949          1     8.1574     8.2493       9.41     0.0171  7.031e-12  1.000e-12  1.422e+01     7.5306     7.5241    -0.0065     5.9986     5.9932     23.781     24.299      0.475    1429.12    1429.17  0.000e+00
       2439     24.500     3.4129     3.4145     0.0016    0.77995    0.77938          1     8.1377     8.2347       9.42     0.0165  7.101e-12  1.000e-12  1.410e+01     7.5308     7.5245    -0.0063     5.9987     5.9937     24.276     24.806      0.375    1429.15    1429.14  0.000e+00
       2523     25.000     3.4106     3.4100    -0.0006    0.77982    0.77911          1     8.1666     8.2331       9.38     0.0162  7.038e-12  1.000e-12  1.421e+01     7.5299     7.5228    -0.0071     5.9980     5.9923     24.772     25.312      0.321    1429.14    1429.13  0.000e+00
       2554     25.500     3.4111     3.4152     0.0040    0.77984    0.77934          1     8.1606     8.2282       9.40     0.0161  7.034e-12  1.000e-12  1.422e+01     7.5300     7.5239    -0.0061     5.9981     5.9932     25.267     25.818      0.498    1429.15    1429.16  0.000e+00
       2579     26.000     3.4151     3.4204     0.0053    0.78002    0.77954          1     8.1395     8.2237       9.42     0.0160  7.034e-12  1.000e-12  1.422e+01     7.5309     7.5247    -0.0062     5.9987     5.9937     25.763     26.324      0.388    1429.18    1429.20  0.000e+00
       2657     26.500     3.4275     3.4192    -0.0082    0.78047    0.77959          1     8.1405     8.2195       9.41     0.0163  7.034e-12  1.000e-12  1.422e+01     7.5325     7.5254    -0.0072     5.9998     5.9943     26.258     26.830      0.263    1429.25    1429.20  0.000e+00
       2703     27.000     3.4116     3.4227     0.0109    0.77983    0.77959          1     8.1380     8.2304       9.41     0.0159  7.034e-12  1.000e-12  1.422e+01     7.5296     7.5245    -0.0051     5.9977     5.9935     26.753     27.337      0.480    1429.18    1429.22  0.000e+00
       2725     27.500     3.4173     3.4298     0.0124    0.78009    0.77983          1     8.1308     8.2314       9.43     0.0159  7.034e-12  1.000e-12  1.422e+01     7.5308     7.5253    -0.0055     5.9986     5.9940     27.249     27.843      0.500    1429.21    1429.26  0.000e+00
       2774     28.000     3.4268     3.4313     0.0045    0.78044    0.77992          1     8.1292     8.2259       9.41     0.0163  7.034e-12  1.000e-12  1.422e+01     7.5322     7.5257    -0.0065     5.9996     5.9943     27.744     28.349      0.296    1429.26    1429.28  0.000e+00
       2850     28.500     3.4233     3.4199    -0.0034    0.78028    0.77962          1     8.1575     8.2325       9.37     0.0162  7.034e-12  1.000e-12  1.422e+01     7.5313     7.5252    -0.0060     5.9989     5.9942     28.240     28.855      0.403    1429.26    1429.23  0.000e+00
