ctdpy/tests/etc/all_smhi_bas_2018/SBE09_1044_20180924_0700_34_01_0047.cnv
* Sea-Bird SBE 9 Data File:
* FileName = C:\ctd\temp\2018\AR18D047.hex
* Software Version Seasave V 7.26.6.26
* Temperature SN = 5351
* Conductivity SN = 3941
* Number of Bytes Per Scan = 41
* Number of Voltage Words = 4
* Number of Scans Averaged by the Deck Unit = 1
* NMEA Latitude = 58 18.90 N
* NMEA Longitude = 010 56.35 E
* NMEA UTC (Time) = Sep 24 2018  07:00:12
* NMEA baud rate = 4800
** Station:  Å14
** Operator:  MHan
** Ship: ARANDA
** Average sound velocity: 1500.08 m/s
** True-depth calculation Mon, 24 Sep 2018 07:12:21 +0000
** CTD Python Module SMHI /ver 3-12/ feb 2012 
** LIMS Job: 20183401-0047
** Cruise: SMHI-02-2018
** Latitude [GG MM.mm N] :
** Longitude [GG MM.mm E]:
# nquan = 26
# nvalues = 208                         
# units = specified
# name 0 = scan: Scan Count
# name 1 = prDM: Pressure, Digiquartz [db]
# name 2 = t090C: Temperature [ITS-90, deg C]
# name 3 = t190C: Temperature, 2 [ITS-90, deg C]
# name 4 = T2-T190C: Temperature Difference, 2 - 1 [ITS-90, deg C]
# name 5 = c0S/m: Conductivity [S/m]
# name 6 = c1S/m: Conductivity, 2 [S/m]
# name 7 = pumps: Pump Status
# name 8 = sbeox0ML/L: Oxygen, SBE 43 [ml/l]
# name 9 = sbeox1ML/L: Oxygen, SBE 43, 2 [ml/l]
# name 10 = altM: Altimeter [m]
# name 11 = flECO-AFL: Chl-a Fluorescence, WET Labs ECO-AFL/FL [mg/m^3]
# name 12 = flECO-AFL1: Phycocyanin Fluorescence, WET Labs ECO-AFL/FL, 2 [mg/m^3]
# name 13 = par: PAR/Irradiance, Biospherical/Lico [µE/(cm^2*s)]
# name 14 = turbWETntu0: Turbidity, WET Labs ECO [NTU]
# name 15 = sal00: Salinity, Practical [PSU]
# name 16 = sal11: Salinity, Practical, 2 [PSU]
# name 17 = secS-priS: Salinity, Practical, Difference, 2 - 1 [PSU]
# name 18 = sigma-t00: Density [sigma-t, Kg/m^3 ]
# name 19 = sigma-t11: Density, 2 [sigma-t, Kg/m^3 ]
# name 20 = depSM: Depth [salt water, m], lat = 58.315
# name 21 = depFM: Depth [true depth, m], lat = 58.315
# name 22 = dz/dtM: Descent Rate [m/s], WS = 2
# name 23 = svCM: Sound Velocity [Chen-Millero, m/s]
# name 24 = svCM1: Sound Velocity, 2 [Chen-Millero, m/s]
# name 25 = flag: flag
# span 0 =       1175,       6332       
# span 1 =      0.500,    104.000       
# span 2 =    11.5664,    14.7357       
# span 3 =    11.5672,    14.7357       
# span 4 =    -0.0374,     0.0266       
# span 5 =   3.573479,   4.129627       
# span 6 =   3.605531,   4.129463       
# span 7 =          1,          1       
# span 8 =    4.93937,    5.78114       
# span 9 =    3.15927,   10.31223       
# span 10 =       1.38,      99.29      
# span 11 =     0.3334,     1.4210      
# span 12 =     0.1792,     0.4060      
# span 13 = -4.817e-07, 4.2039e+03      
# span 14 =     0.3898,    12.1537      
# span 15 =    28.7969,    34.6475      
# span 16 =    29.0862,    34.6471      
# span 17 =    -0.0803,     0.2893      
# span 18 =    21.2676,    26.3970      
# span 19 =    21.4905,    26.3966      
# span 20 =      0.495,    103.008      
# span 21 =      0.499,    103.292      
# span 22 =     -0.210,      1.154      
# span 23 =    1496.39,    1503.83      
# span 24 =    1496.39,    1503.84      
# span 25 = 0.0000e+00, 0.0000e+00      
# interval = decibars: 0.5              
# start_time = Sep 24 2018 07:00:12 [NMEA time, first data scan]
# bad_flag = -9.990e-29
*END*
[from data line 168]
       5174     84.500    11.6137    11.6147     0.0010    3.93067    3.93073          1     4.9688     3.3065      24.38     0.3987     0.1964  1.000e-12  3.0212000    34.6465    34.6461    -0.0004    26.3874    26.3869     83.698     83.941      0.426    1496.47    1496.47  0.000e+00
       5201     85.000    11.6116    11.6120     0.0004    3.93047    3.93048          1     4.9588     3.2946      23.85     0.4047     0.2250  1.000e-12  2.9833000    34.6463    34.6460    -0.0003    26.3877    26.3874     84.193     84.437      0.580    1496.47    1496.47  0.000e+00
       5219     85.500    11.6135    11.6152     0.0017    3.93067    3.93081          1     4.9561     3.2892      23.46     0.3942     0.2976  1.000e-12  3.2391000    34.6462    34.6460    -0.0002    26.3872    26.3868     84.688     84.933      0.801    1496.49    1496.49  0.000e+00
       5232     86.000    11.5931    11.5991     0.0062    3.92881    3.92936          1     4.9586     3.2858      23.10     0.4104     0.2760  1.000e-12  3.2709000    34.6468    34.6466    -0.0002    26.3915    26.3903     85.183     85.429      0.975    1496.43    1496.45  0.000e+00
       5243     86.500    11.5855    11.5918     0.0062    3.92812    3.92865          1     4.9546     3.2800      22.75     0.4316     0.2466  1.000e-12  3.3179000    34.6469    34.6463    -0.0006    26.3930    26.3914     85.678     85.925      1.075    1496.41    1496.43  0.000e+00
       5254     87.000    11.5895    11.5939     0.0044    3.92856    3.92892          1     4.9487     3.2780      22.32     0.4312     0.2503  1.000e-12  3.3701000    34.6473    34.6467    -0.0006    26.3926    26.3913     86.173     86.422      1.092    1496.43    1496.45  0.000e+00
       5265     87.500    11.5877    11.5861    -0.0015    3.92835    3.92817          1     4.9470     3.2767      21.81     0.4312     0.2913  1.000e-12  3.6504000    34.6466    34.6464    -0.0002    26.3924    26.3925     86.668     86.918      1.025    1496.43    1496.43  0.000e+00
       5277     88.000    11.5738    11.5744     0.0006    3.92710    3.92714          1     4.9477     3.2746      21.36     0.4287     0.2941  1.000e-12  3.6478000    34.6472    34.6470    -0.0002    26.3954    26.3951     87.164     87.414      0.865    1496.39    1496.39  0.000e+00
       5294     88.500    11.5733    11.5749     0.0016    3.92706    3.92719          1     4.9542     3.2706      20.72     0.4076     0.2280  1.000e-12  3.5063000    34.6470    34.6468    -0.0002    26.3953    26.3949     87.659     87.910      0.634    1496.40    1496.40  0.000e+00
       5317     89.000    11.5731    11.5749     0.0018    3.92707    3.92722          1     4.9507     3.2630      20.05     0.3969     0.2309  1.000e-12  3.4444000    34.6471    34.6468    -0.0002    26.3954    26.3949     88.154     88.406      0.519    1496.41    1496.41  0.000e+00
       5339     89.500    11.5774    11.5800     0.0026    3.92748    3.92771          1     4.9476     3.2579      19.50     0.4039     0.2581  1.000e-12  3.5004000    34.6469    34.6467    -0.0002    26.3945    26.3939     88.649     88.902      0.631    1496.43    1496.44  0.000e+00
       5356     90.000    11.5888    11.5915     0.0028    3.92851    3.92873          1     4.9521     3.2572      19.05     0.4125     0.2766  1.000e-12  3.7987000    34.6462    34.6457    -0.0005    26.3918    26.3910     89.144     89.399      0.764    1496.48    1496.48  0.000e+00
       5370     90.500    11.5904    11.5913     0.0009    3.92867    3.92873          1     4.9534     3.2564      18.61     0.4311     0.2106  1.000e-12  4.6346000    34.6460    34.6458    -0.0002    26.3914    26.3910     89.639     89.895      0.841    1496.49    1496.49  0.000e+00
       5384     91.000    11.5886    11.5919     0.0032    3.92855    3.92882          1     4.9507     3.2523      18.18     0.4415     0.2148  1.000e-12  4.6609000    34.6463    34.6459    -0.0004    26.3919    26.3910     90.135     90.391      0.863    1496.49    1496.50  0.000e+00
       5398     91.500    11.5950    11.5979     0.0030    3.92911    3.92934          1     4.9492     3.2471      17.76     0.4553     0.2785  1.000e-12  4.6923000    34.6456    34.6452    -0.0004    26.3902    26.3894     90.630     90.887      0.845    1496.52    1496.53  0.000e+00
       5413     92.000    11.5920    11.5941     0.0020    3.92885    3.92902          1     4.9505     3.2448      17.22     0.4477     0.2756  1.000e-12  5.1183000    34.6456    34.6453    -0.0003    26.3908    26.3902     91.125     91.383      0.802    1496.52    1496.53  0.000e+00
       5428     92.500    11.5770    11.5789     0.0018    3.92759    3.92773          1     4.9521     3.2409      16.64     0.4427     0.2658  1.000e-12  5.3402000    34.6469    34.6466    -0.0003    26.3946    26.3940     91.620     91.880      0.747    1496.48    1496.48  0.000e+00
       5445     93.000    11.5753    11.5752    -0.0001    3.92746    3.92742          1     4.9534     3.2367      16.13     0.4071     0.2726  1.000e-12  4.3433000    34.6471    34.6468    -0.0003    26.3951    26.3949     92.115     92.376      0.695    1496.48    1496.48  0.000e+00
       5463     93.500    11.5759    11.5763     0.0005    3.92753    3.92754          1     4.9541     3.2343      15.59     0.4005     0.2780  1.000e-12  3.9050000    34.6470    34.6467    -0.0003    26.3949    26.3946     92.610     92.872      0.674    1496.49    1496.49  0.000e+00
       5480     94.000    11.5750    11.5788     0.0037    3.92748    3.92778          1     4.9543     3.2327      15.12     0.3960     0.2780  1.000e-12  3.6775000    34.6472    34.6466    -0.0006    26.3952    26.3940     93.105     93.368      0.690    1496.49    1496.51  0.000e+00
       5498     94.500    11.5851    11.5892     0.0042    3.92838    3.92872          1     4.9525     3.2269      14.59     0.4066     0.2685  1.000e-12  4.4967000    34.6464    34.6458    -0.0006    26.3927    26.3914     93.600     93.864      0.701    1496.54    1496.55  0.000e+00
       5515     95.000    11.5913    11.5933     0.0020    3.92895    3.92909          1     4.9487     3.2217      14.12     0.4370     0.2610  1.000e-12  4.8908000    34.6459    34.6454    -0.0005    26.3912    26.3904     94.095     94.360      0.734    1496.57    1496.57  0.000e+00
       5530     95.500    11.5872    11.5931     0.0059    3.92860    3.92911          1     4.9485     3.2201      13.64     0.4555     0.2356  1.000e-12  5.1460000    34.6461    34.6455    -0.0005    26.3920    26.3905     94.591     94.857      0.783    1496.56    1496.58  0.000e+00
       5545     96.000    11.5825    11.5898     0.0074    3.92819    3.92879          1     4.9472     3.2164      13.16     0.4556     0.2478  1.000e-12  5.4476000    34.6462    34.6453    -0.0009    26.3930    26.3910     95.086     95.353      0.809    1496.55    1496.58  0.000e+00
       5560     96.500    11.5751    11.5736    -0.0015    3.92760    3.92745          1     4.9468     3.2156      12.68     0.4418     0.2657  1.000e-12  5.1147000    34.6471    34.6470    -0.0001    26.3951    26.3953     95.581     95.849      0.785    1496.54    1496.53  0.000e+00
       5576     97.000    11.5887    11.5892     0.0005    3.92879    3.92883          1     4.9531     3.2148      12.19     0.3951     0.2813  1.000e-12  4.0046000    34.6459    34.6458    -0.0000    26.3916    26.3915     96.076     96.345      0.692    1496.59    1496.59  0.000e+00
       5596     97.500    11.5839    11.5794    -0.0045    3.92838    3.92795          1     4.9589     3.2130      11.61     0.4417     0.2880  1.000e-12  4.4144000    34.6461    34.6461    -0.0000    26.3927    26.3935     96.571     96.841      0.526    1496.58    1496.57  0.000e+00
       5623     98.000    11.5718    11.5730     0.0012    3.92734    3.92743          1     4.9526     3.2126      11.02     0.4271     0.3009  1.000e-12  3.7501000    34.6470    34.6467    -0.0002    26.3956    26.3952     97.066     97.337      0.470    1496.55    1496.55  0.000e+00
       5646     98.500    11.5693    11.5694     0.0001    3.92714    3.92712          1     4.9516     3.2100      10.55     0.4093     0.3278  1.000e-12  3.3723000    34.6472    34.6469    -0.0003    26.3962    26.3960     97.561     97.834      0.662    1496.55    1496.55  0.000e+00
       5661     99.000    11.5671    11.5683     0.0012    3.92698    3.92705          1     4.9539     3.2043      10.16     0.4076     0.2431  1.000e-12  3.3381000    34.6474    34.6470    -0.0004    26.3968    26.3963     98.057     98.330      0.831    1496.55    1496.56  0.000e+00
       5674     99.500    11.5664    11.5672     0.0008    3.92695    3.92698          1     4.9502     3.2023       9.74     0.4194     0.2393  1.000e-12  3.3880000    34.6475    34.6471    -0.0004    26.3970    26.3966     98.552     98.826      0.933    1496.56    1496.56  0.000e+00
       5687    100.000    11.5685    11.5690     0.0005    3.92714    3.92718          1     4.9462     3.2033       9.29     0.4200     0.2216  1.000e-12  3.3949000    34.6472    34.6471    -0.0001    26.3964    26.3963     99.047     99.322      0.971    1496.57    1496.58  0.000e+00
       5699    100.500    11.5687    11.5707     0.0019    3.92718    3.92732          1     4.9451     3.2022       8.85     0.4310     0.2386  1.000e-12  3.4987000    34.6472    34.6468    -0.0004    26.3963    26.3957     99.542     99.818      0.940    1496.58    1496.59  0.000e+00
       5712    101.000    11.5708    11.5741     0.0033    3.92741    3.92767          1     4.9470     3.2011       8.33     0.4312     0.3314  1.000e-12  3.5713000    34.6473    34.6468    -0.0005    26.3961    26.3950    100.037    100.314      0.818    1496.60    1496.61  0.000e+00
       5729    101.500    11.5732    11.5725    -0.0007    3.92760    3.92752          1     4.9531     3.1989       7.74     0.4312     0.3011  1.000e-12  3.9080000    34.6466    34.6465    -0.0001    26.3951    26.3951    100.532    100.811      0.558    1496.61    1496.61  0.000e+00
       5770    102.000    11.5699    11.5711     0.0012    3.92733    3.92741          1     4.9439     3.1972       6.98     0.3965     0.2320  1.000e-12  3.7823000    34.6469    34.6466    -0.0003    26.3959    26.3954    101.027    101.307      0.248    1496.61    1496.61  0.000e+00
       5817    102.500    11.5710    11.5738     0.0028    3.92746    3.92767          1     4.9394     3.1927       6.49     0.4165     0.2208  1.000e-12  3.4684000    34.6469    34.6463    -0.0005    26.3957    26.3947    101.522    101.803      0.413    1496.62    1496.63  0.000e+00
       5839    103.000    11.5740    11.5767     0.0027    3.92772    3.92793          1     4.9470     3.1902       6.14     0.4363     0.2634  1.000e-12  3.7372000    34.6466    34.6460    -0.0005    26.3949    26.3940    102.017    102.299      0.541    1496.64    1496.65  0.000e+00
       5986    103.500    11.5741    11.5752     0.0011    3.92773    3.92780          1     4.9498     3.1811       5.63     0.4552     0.2841  1.000e-12  4.0068000    34.6462    34.6459    -0.0003    26.3946    26.3941    102.512    102.795      0.377    1496.65    1496.65  0.000e+00
       6332    104.000    11.5761    11.5784     0.0024    3.92790    3.92805          1     4.9411     3.1593       4.88     0.4326     0.2910  1.000e-12  4.3228000    34.6458    34.6452    -0.0007    26.3939    26.3930    103.008    103.292     -0.210    1496.66    1496.67  0.000e+00
