ctdpy/tests/etc/all_smhi_bas_2018/SBE09_0827_20181125_0541_26_01_1242.cnv
* Sea-Bird SBE 9 Data File:
* FileName = D:\CTD_SBE911\DAT\26DA.2018.12.42.hex
* Software Version Seasave V 7.21d
* Temperature SN = 4548
* Conductivity SN = 3062
* Number of Bytes Per Scan = 48
* Number of Voltage Words = 5
* Number of Scans Averaged by the Deck Unit = 1
* NMEA Latitude = 57 27.63 N
* NMEA Longitude = 017 35.35 E
* NMEA UTC (Time) = Nov 25 2018  05:42:15
* NMEA baud rate = 4800
** Ship: DANA
** Average sound velocity: 1442.61 m/s
** True-depth calculation Tue, 02 Apr 2019 12:14:40 +0000
** CTD Python Module SMHI /ver 3-12/ feb 2012 
** LIMS Job: 20182601-1242
** Operator: Ronny
** Cruise: 12/2018
# nquan = 26
# nvalues = 155                         
# units = specified
# name 0 = scan: Scan Count
# name 1 = prDM: Pressure, Digiquartz [db]
# name 2 = t090C: Temperature [ITS-90, deg C]
# name 3 = t190C: Temperature, 2 [ITS-90, deg C]
# name 4 = T2-T190C: Temperature Difference, 2 - 1 [ITS-90, deg C]
# name 5 = c0S/m: Conductivity [S/m]
# name 6 = c1S/m: Conductivity, 2 [S/m]
# name 7 = pumps: Pump Status
# name 8 = sbeox1ML/L: Oxygen, SBE 43, 2 [ml/l]
# name 9 = sbeox0ML/L: Oxygen, SBE 43 [ml/l]
# name 10 = altM: Altimeter [m]
# name 11 = chloroflTC0: Chlorophyll, Turner Cyclops [ug/l]
# name 12 = cpar: CPAR/Corrected Irradiance [%]
# name 13 = par: PAR/Irradiance, Biospherical/Lico [µE/(cm^2*s)]
# name 14 = spar: SPAR, Biospherical/Licor
# name 15 = sal00: Salinity, Practical [PSU]
# name 16 = sal11: Salinity, Practical, 2 [PSU]
# name 17 = secS-priS: Salinity, Practical, Difference, 2 - 1 [PSU]
# name 18 = sigma-t00: Density [sigma-t, kg/m^3 ]
# name 19 = sigma-t11: Density, 2 [sigma-t, kg/m^3 ]
# name 20 = depSM: Depth [salt water, m], lat = 57.4605
# name 21 = depFM: Depth [true depth, m], lat = 57.4605
# name 22 = dz/dtM: Descent Rate [m/s], WS = 2
# name 23 = svCM: Sound Velocity [Chen-Millero, m/s]
# name 24 = svCM1: Sound Velocity, 2 [Chen-Millero, m/s]
# name 25 = flag: flag
# span 0 =        -16,       7592       
# span 1 =      1.500,     78.500       
# span 2 =     4.3319,     7.4424       
# span 3 =     4.3177,     7.4418       
# span 4 =    -0.1185,     0.1244       
# span 5 =   0.787016,   1.010873       
# span 6 =   0.787118,   1.036818       
# span 7 =          1,          1       
# span 8 =     0.5964,     7.6811       
# span 9 =     0.6602,     7.9222       
# span 10 =       1.58,       9.96      
# span 11 =     0.0159,     0.0272      
# span 12 = 4.9241e-11, 4.9241e-11      
# span 13 = 1.0000e-12, 1.0000e-12      
# span 14 = 2.0308e+00, 2.0308e+00      
# span 15 =     6.8367,     9.4663      
# span 16 =     6.8371,     9.6928      
# span 17 =    -0.0025,     0.2265      
# span 18 =     5.3008,     7.4840      
# span 19 =     5.3012,     7.6572      
# span 20 =      1.486,     77.761      
# span 21 =      1.520,     79.510      
# span 22 =     -0.033,      0.868      
# span 23 =    1434.58,    1446.11      
# span 24 =    1434.57,    1446.11      
# span 25 = 0.0000e+00, 0.0000e+00      
# interval = decibars: 0.5              
# start_time = Nov 25 2018 05:42:15 [NMEA time, first data scan]
# bad_flag = -9.990e-29
*END*
[from data line 112]
       5563     57.500     6.3652     6.3496    -0.0156    0.81375    0.81364          1     7.2666     7.4764       9.96     0.0165  4.924e-11  1.000e-12  2.031e+00     7.2075     7.2098     0.0023     5.6319     5.6346     56.962     58.251      0.268    1442.27    1442.21  0.000e+00
       5612     58.000     6.3339     6.3088    -0.0251    0.81346    0.81327          1     7.2755     7.4866       9.96     0.0161  4.924e-11  1.000e-12  2.031e+00     7.2113     7.2149     0.0035     5.6367     5.6410     57.457     58.757      0.212    1442.15    1442.05  0.000e+00
       5673     58.500     6.2858     6.2663    -0.0195    0.81307    0.81293          1     7.2485     7.4669       9.96     0.0161  4.924e-11  1.000e-12  2.031e+00     7.2178     7.2205     0.0028     5.6446     5.6479     57.952     59.264      0.291    1441.96    1441.88  0.000e+00
       5707     59.000     6.2540     6.2457    -0.0085    0.81280    0.81278          1     7.2500     7.4729       9.96     0.0162  4.924e-11  1.000e-12  2.031e+00     7.2219     7.2234     0.0016     5.6496     5.6513     58.448     59.770      0.300    1441.84    1441.80  0.000e+00
       5768     59.500     6.2399     6.2249    -0.0149    0.81271    0.81262          1     7.2762     7.4850       9.96     0.0161  4.924e-11  1.000e-12  2.031e+00     7.2239     7.2263     0.0023     5.6520     5.6547     58.943     60.277      0.214    1441.79    1441.73  0.000e+00
       5814     60.000     6.2401     6.2451     0.0050    0.81422    0.81480          1     7.2384     7.3818       9.96     0.0164  4.924e-11  1.000e-12  2.031e+00     7.2383     7.2427     0.0044     5.6634     5.6665     59.438     60.783      0.361    1441.81    1441.84  0.000e+00
       5846     60.500     6.2042     6.1933    -0.0109    0.81551    0.81565          1     7.0307     7.1606       9.96     0.0166  4.924e-11  1.000e-12  2.031e+00     7.2581     7.2619     0.0037     5.6810     5.6846     59.933     61.289      0.308    1441.69    1441.65  0.000e+00
       5904     61.000     6.0865     6.0367    -0.0499    0.81541    0.81541          1     6.7863     6.9486       9.96     0.0164  4.924e-11  1.000e-12  2.031e+00     7.2823     7.2930     0.0107     5.7066     5.7177     60.429     61.796      0.221    1441.23    1441.03  0.000e+00
       5951     61.500     5.9969     5.9692    -0.0278    0.81601    0.81617          1     6.7092     6.8840       9.96     0.0162  4.924e-11  1.000e-12  2.031e+00     7.3073     7.3148     0.0075     5.7311     5.7385     60.924     62.302      0.260    1440.88    1440.77  0.000e+00
       6007     62.000     5.9445     5.8612    -0.0830    0.81549    0.81459          1     6.6766     6.8650       9.96     0.0163  4.924e-11  1.000e-12  2.031e+00     7.3136     7.3228     0.0093     5.7389     5.7505     61.419     62.809      0.228    1440.68    1440.33  0.000e+00
       6052     62.500     5.8303     5.7860    -0.0443    0.81423    0.81394          1     6.6628     6.8243       9.96     0.0162  4.924e-11  1.000e-12  2.031e+00     7.3260     7.3329     0.0069     5.7546     5.7623     61.914     63.315      0.268    1440.21    1440.02  0.000e+00
       6106     63.000     5.7878     5.7749    -0.0130    0.81614    0.81699          1     6.5805     6.7492       9.96     0.0163  4.924e-11  1.000e-12  2.031e+00     7.3537     7.3648     0.0111     5.7786     5.7880     62.409     63.821      0.230    1440.07    1440.03  0.000e+00
       6152     63.500     5.7522     5.7442    -0.0081    0.81939    0.82006          1     6.4860     6.6680       9.96     0.0160  4.924e-11  1.000e-12  2.031e+00     7.3929     7.4011     0.0082     5.8114     5.8183     62.905     64.328      0.294    1439.97    1439.95  0.000e+00
       6196     64.000     5.7191     5.6956    -0.0232    0.82030    0.82091          1     6.4160     6.6056       9.96     0.0161  4.924e-11  1.000e-12  2.031e+00     7.4089     7.4200     0.0111     5.8256     5.8356     63.400     64.834      0.240    1439.86    1439.77  0.000e+00
       6259     64.500     5.7570     5.8338     0.0767    0.82315    0.82665          1     6.4459     6.6537       9.96     0.0160  4.924e-11  1.000e-12  2.031e+00     7.4281     7.4452     0.0170     5.8389     5.8484     63.895     65.340      0.217    1440.05    1440.41  0.000e+00
       6303     65.000     5.9050     5.9109     0.0057    0.83043    0.83140          1     6.4455     6.5766       9.96     0.0160  4.924e-11  1.000e-12  2.031e+00     7.4659     7.4741     0.0081     5.8611     5.8672     64.390     65.847      0.328    1440.75    1440.78  0.000e+00
       6347     65.500     5.6234     5.5473    -0.0761    0.82552    0.82483          1     6.4389     6.5839       9.96     0.0162  4.924e-11  1.000e-12  2.031e+00     7.4806     7.4908     0.0102     5.8870     5.8987     64.886     66.353      0.215    1439.56    1439.24  0.000e+00
       6417     66.000     5.2656     5.1470    -0.1185    0.81963    0.81805          1     6.3745     6.4694       9.96     0.0160  4.924e-11  1.000e-12  2.031e+00     7.5027     7.5138     0.0110     5.9209     5.9347     65.381     66.859      0.295    1438.04    1437.53  0.000e+00
       6449     66.500     5.1059     5.1233     0.0172    0.81981    0.82111          1     6.3109     6.4134       9.96     0.0159  4.924e-11  1.000e-12  2.031e+00     7.5404     7.5492     0.0089     5.9575     5.9637     65.876     67.365      0.351    1437.39    1437.48  0.000e+00
       6506     67.000     5.0827     4.9653    -0.1169    0.82185    0.82028          1     6.0438     6.1840       9.96     0.0159  4.924e-11  1.000e-12  2.031e+00     7.5657     7.5768     0.0110     5.9784     5.9918     66.371     67.872      0.214    1437.33    1436.83  0.000e+00
       6560     67.500     4.7546     4.6639    -0.0908    0.81549    0.81418          1     5.9293     6.0394       9.96     0.0159  4.924e-11  1.000e-12  2.031e+00     7.5771     7.5848     0.0077     6.0002     6.0096     66.867     68.378      0.328    1435.91    1435.52  0.000e+00
       6599     68.000     4.6811     4.6494    -0.0316    0.81531    0.81554          1     5.8982     6.0373       9.96     0.0159  4.924e-11  1.000e-12  2.031e+00     7.5921     7.6016     0.0096     6.0147     6.0234     67.362     68.884      0.252    1435.61    1435.48  0.000e+00
       6658     68.500     4.6766     4.6556    -0.0210    0.81682    0.81719          1     5.8473     6.0165       9.96     0.0159  4.924e-11  1.000e-12  2.031e+00     7.6082     7.6167     0.0085     6.0277     6.0352     67.857     69.390      0.252    1435.62    1435.54  0.000e+00
       6698     69.000     4.6566     4.6546    -0.0020    0.81792    0.81829          1     5.8297     5.9944       9.96     0.0159  4.924e-11  1.000e-12  2.031e+00     7.6238     7.6279     0.0041     6.0407     6.0440     68.352     69.896      0.332    1435.56    1435.56  0.000e+00
       6740     69.500     4.7222     4.7480     0.0258    0.82194    0.82397          1     5.8018     5.9558       9.96     0.0159  4.924e-11  1.000e-12  2.031e+00     7.6487     7.6631     0.0144     6.0582     6.0686     68.847     70.403      0.242    1435.89    1436.02  0.000e+00
       6790     70.000     4.7193     4.6972    -0.0220    0.82688    0.82862          1     5.6560     5.8175       9.96     0.0159  4.924e-11  1.000e-12  2.031e+00     7.6988     7.7214     0.0226     6.0979     6.1166     69.343     70.909      0.263    1435.95    1435.88  0.000e+00
       6842     70.500     4.6201     4.5379    -0.0824    0.82644    0.82635          1     5.5356     5.6832       9.92     0.0159  4.924e-11  1.000e-12  2.031e+00     7.7174     7.7357     0.0183     6.1162     6.1335     69.838     71.415      0.230    1435.54    1435.20  0.000e+00
       6888     71.000     4.4820     4.4626    -0.0195    0.82935    0.83026          1     5.4039     5.5181       9.55     0.0159  4.924e-11  1.000e-12  2.031e+00     7.7790     7.7927     0.0137     6.1697     6.1812     70.333     71.921      0.292    1435.01    1434.95  0.000e+00
       6933     71.500     4.4748     4.4666    -0.0081    0.83219    0.83319          1     5.2679     5.3844       9.00     0.0159  4.924e-11  1.000e-12  2.031e+00     7.8093     7.8213     0.0120     6.1940     6.2038     70.828     72.427      0.229    1435.03    1435.01  0.000e+00
       6990     72.000     4.4878     4.4723    -0.0153    0.83339    0.83449          1     5.2185     5.3358       8.46     0.0159  4.924e-11  1.000e-12  2.031e+00     7.8183     7.8330     0.0148     6.2006     6.2129     71.324     72.934      0.267    1435.11    1435.06  0.000e+00
       7025     72.500     4.3674     4.3466    -0.0211    0.83589    0.83620          1     5.1227     5.1999       7.98     0.0159  4.924e-11  1.000e-12  2.031e+00     7.8721     7.8802     0.0081     6.2472     6.2543     71.819     73.440      0.374    1434.65    1434.57  0.000e+00
       7064     73.000     4.3371     4.3269    -0.0101    0.83985    0.84341          1     4.8850     5.0065       7.43     0.0159  4.924e-11  1.000e-12  2.031e+00     7.9193     7.9579     0.0386     6.2857     6.3166     72.314     73.946      0.241    1434.58    1434.58  0.000e+00
       7124     73.500     4.3319     4.3177    -0.0143    0.84545    0.84698          1     4.6414     4.7914       6.93     0.0159  4.924e-11  1.000e-12  2.031e+00     7.9774     7.9963     0.0189     6.3319     6.3474     72.809     74.452      0.282    1434.64    1434.60  0.000e+00
       7158     74.000     4.3459     4.3621     0.0162    0.85778    0.85966          1     4.4824     4.4958       6.45     0.0159  4.924e-11  1.000e-12  2.031e+00     8.0990     8.1141     0.0151     6.4279     6.4393     73.304     74.958      0.363    1434.87    1434.96  0.000e+00
       7198     74.500     4.4336     4.4568     0.0232    0.87193    0.87850          1     4.0076     4.0743       5.87     0.0159  4.924e-11  1.000e-12  2.031e+00     8.2208     8.2816     0.0609     6.5216     6.5691     73.800     75.464      0.236    1435.42    1435.60  0.000e+00
       7260     75.000     4.4817     4.5019     0.0202    0.88972    0.89512          1     3.4390     3.5872       5.34     0.0159  4.924e-11  1.000e-12  2.031e+00     8.3892     8.4388     0.0496     6.6535     6.6921     74.295     75.970      0.285    1435.86    1436.01  0.000e+00
       7296     75.500     4.5114     4.5201     0.0087    0.90155    0.90358          1     3.2527     3.2601       4.84     0.0159  4.924e-11  1.000e-12  2.031e+00     8.5016     8.5198     0.0183     6.7415     6.7557     74.790     76.476      0.328    1436.14    1436.20  0.000e+00
       7338     76.000     4.5415     4.5652     0.0236    0.91041    0.91669          1     2.9706     2.9900       4.30     0.0159  4.924e-11  1.000e-12  2.031e+00     8.5836     8.6411     0.0575     6.8054     6.8501     75.285     76.981      0.249    1436.39    1436.57  0.000e+00
       7393     76.500     4.5960     4.6330     0.0370    0.92510    0.93275          1     2.5268     2.6122       3.75     0.0159  4.924e-11  1.000e-12  2.031e+00     8.7182     8.7861     0.0678     6.9101     6.9625     75.780     77.487      0.251    1436.81    1437.06  0.000e+00
       7432     77.000     4.7433     4.7640     0.0206    0.95506    0.95786          1     2.1629     2.0701       3.27     0.0159  4.924e-11  1.000e-12  2.031e+00     8.9825     9.0054     0.0228     7.1137     7.1309     76.276     77.993      0.337    1437.81    1437.93  0.000e+00
       7473     77.500     4.8309     4.9082     0.0773    0.97396    0.98932          1     1.5769     1.5546       2.69     0.0159  4.924e-11  1.000e-12  2.031e+00     9.1500     9.2838     0.1338     7.2426     7.3451     76.771     78.499      0.240    1438.41    1438.92  0.000e+00
       7532     78.000     4.9595     5.0434     0.0841    1.00200    1.01634          1     0.8427     1.1137       2.17     0.0159  4.924e-11  1.000e-12  2.031e+00     9.3977     9.5188     0.1211     7.4330     7.5249     77.266     79.004      0.236    1439.30    1439.82  0.000e+00
       7592     78.500     5.0338     5.1571     0.1244    1.01087    1.03682          1     0.5964     0.6602       1.58     0.0159  4.924e-11  1.000e-12  2.031e+00     9.4663     9.6928     0.2265     7.4840     7.6572     77.761     79.510     -0.033    1439.72    1440.55  0.000e+00
