ctdpy/tests/etc/all_smhi_bas_2018/SBE09_1044_20181205_0925_34_01_0152.cnv
* Sea-Bird SBE 9 Data File:
* FileName = C:\ctd\temp\ar18d152.hex
* Software Version Seasave V 7.26.7.107
* Temperature SN = 5351
* Conductivity SN = 3941
* Number of Bytes Per Scan = 41
* Number of Voltage Words = 4
* Number of Scans Averaged by the Deck Unit = 1
* NMEA Latitude = 57 59.89 N
* NMEA Longitude = 019 52.78 E
* NMEA UTC (Time) = Dec 05 2018  09:25:31
* NMEA baud rate = 4800
** Station:  BY20
** Operator:  ASkj
** Ship: ARANDA
** Average sound velocity: 1444.53 m/s
** True-depth calculation Sun, 09 Dec 2018 13:44:05 +0000
** CTD Python Module SMHI /ver 3-12/ feb 2012 
** LIMS Job: 20183401-0152
** Cruise: SMHI-7-2018
** Latitude [GG MM.mm N]:
** Longitude [GG MM.mm E]
# nquan = 26
# nvalues = 376                         
# units = specified
# name 0 = scan: Scan Count
# name 1 = prDM: Pressure, Digiquartz [db]
# name 2 = t090C: Temperature [ITS-90, deg C]
# name 3 = t190C: Temperature, 2 [ITS-90, deg C]
# name 4 = T2-T190C: Temperature Difference, 2 - 1 [ITS-90, deg C]
# name 5 = c0S/m: Conductivity [S/m]
# name 6 = c1S/m: Conductivity, 2 [S/m]
# name 7 = pumps: Pump Status
# name 8 = sbeox0ML/L: Oxygen, SBE 43 [ml/l]
# name 9 = sbeox1ML/L: Oxygen, SBE 43, 2 [ml/l]
# name 10 = altM: Altimeter [m]
# name 11 = flECO-AFL: Chl-a Fluorescence, WET Labs ECO-AFL/FL [mg/m^3]
# name 12 = flECO-AFL1: Phycocyanin Fluorescence, WET Labs ECO-AFL/FL, 2 [mg/m^3]
# name 13 = par: PAR/Irradiance, Biospherical/Lico [µE/(cm^2*s)]
# name 14 = turbWETntu0: Turbidity, WET Labs ECO [NTU]
# name 15 = sal00: Salinity, Practical [PSU]
# name 16 = sal11: Salinity, Practical, 2 [PSU]
# name 17 = secS-priS: Salinity, Practical, Difference, 2 - 1 [PSU]
# name 18 = sigma-t00: Density [sigma-t, Kg/m^3 ]
# name 19 = sigma-t11: Density, 2 [sigma-t, Kg/m^3 ]
# name 20 = depSM: Depth [salt water, m], lat = 57.9982
# name 21 = depFM: Depth [true depth, m], lat = 57.9982
# name 22 = dz/dtM: Descent Rate [m/s], WS = 2
# name 23 = svCM: Sound Velocity [Chen-Millero, m/s]
# name 24 = svCM1: Sound Velocity, 2 [Chen-Millero, m/s]
# name 25 = flag: flag
# span 0 =      43613,      54070       
# span 1 =      1.000,    188.500       
# span 2 =     4.0717,     6.6869       
# span 3 =     4.0729,     6.6877       
# span 4 =    -0.0274,     0.0200       
# span 5 =   0.796524,   1.367945       
# span 6 =   0.796507,   1.367927       
# span 7 =          1,          1       
# span 8 =    0.02761,    7.87426       
# span 9 =    1.47990,    6.63088       
# span 10 =       5.70,     104.77      
# span 11 =     0.2724,     0.6079      
# span 12 =     0.1336,     0.3215      
# span 13 = -2.155e-07, 3.5409e+02      
# span 14 =     0.1946,     1.9502      
# span 15 =     7.1516,    12.4780      
# span 16 =     7.1511,    12.4775      
# span 17 =    -0.0388,     0.0317      
# span 18 =     5.6145,     9.7541      
# span 19 =     5.6140,     9.7537      
# span 20 =      0.991,    186.668      
# span 21 =      1.013,    190.495      
# span 22 =     -0.011,      1.420      
# span 23 =    1433.19,    1452.33      
# span 24 =    1433.20,    1452.33      
# span 25 = 0.0000e+00, 0.0000e+00      
# interval = decibars: 0.5              
# start_time = Dec 05 2018 09:25:31 [NMEA time, first data scan]
# bad_flag = -9.990e-29
*END*
[from data line 335]
      53132    168.500     6.6645     6.6655     0.0010    1.35806    1.35801          1     0.0320     1.5461      26.33     0.3457     0.2256  1.000e-12  0.3274000    12.3923    12.3914    -0.0008     9.6885     9.6878    166.870    170.321      0.355    1451.81    1451.82  0.000e+00
      53162    169.000     6.6646     6.6655     0.0009    1.35829    1.35827          1     0.0334     1.5480      25.82     0.3600     0.2263  1.000e-12  0.3382000    12.3944    12.3940    -0.0005     9.6902     9.6898    167.365    170.825      0.416    1451.82    1451.83  0.000e+00
      53191    169.500     6.6648     6.6657     0.0009    1.35840    1.35838          1     0.0313     1.5498      25.05     0.3718     0.1917  1.000e-12  0.3979000    12.3954    12.3949    -0.0005     9.6910     9.6905    167.860    171.329      0.459    1451.83    1451.84  0.000e+00
      53214    170.000     6.6652     6.6660     0.0008    1.35850    1.35849          1     0.0316     1.5495      24.70     0.3622     0.2084  1.000e-12  0.3064000    12.3961    12.3957    -0.0004     9.6915     9.6911    168.355    171.834      0.645    1451.84    1451.85  0.000e+00
      53230    170.500     6.6653     6.6661     0.0008    1.35853    1.35853          1     0.0325     1.5506      24.40     0.3686     0.2628  1.000e-12  0.3188000    12.3962    12.3960    -0.0003     9.6916     9.6913    168.850    172.338      0.792    1451.85    1451.86  0.000e+00
      53244    171.000     6.6654     6.6663     0.0009    1.35856    1.35856          1     0.0304     1.5565      24.01     0.3711     0.2750  1.000e-12  0.3229000    12.3964    12.3961    -0.0002     9.6917     9.6914    169.345    172.843      0.819    1451.86    1451.86  0.000e+00
      53259    171.500     6.6659     6.6667     0.0008    1.35879    1.35878          1     0.0314     1.5561      23.51     0.3625     0.2929  1.000e-12  0.3107000    12.3985    12.3981    -0.0004     9.6933     9.6929    169.840    173.347      0.695    1451.87    1451.88  0.000e+00
      53284    172.000     6.6660     6.6670     0.0011    1.35910    1.35907          1     0.0312     1.5576      22.69     0.3532     0.2588  1.000e-12  0.3390000    12.4014    12.4007    -0.0007     9.6956     9.6949    170.335    173.851      0.386    1451.89    1451.89  0.000e+00
      53324    172.500     6.6664     6.6673     0.0009    1.35924    1.35923          1     0.0323     1.5622      22.08     0.3502     0.2774  1.000e-12  0.3439000    12.4025    12.4020    -0.0004     9.6964     9.6960    170.830    174.356      0.385    1451.90    1451.90  0.000e+00
      53346    173.000     6.6673     6.6680     0.0007    1.35937    1.35935          1     0.0308     1.5587      21.71     0.3516     0.2625  1.000e-12  0.3000000    12.4033    12.4029    -0.0004     9.6970     9.6966    171.325    174.860      0.631    1451.91    1451.91  0.000e+00
      53363    173.500     6.6681     6.6688     0.0007    1.35955    1.35953          1     0.0311     1.5620      21.33     0.3594     0.2339  1.000e-12  0.3860000    12.4047    12.4043    -0.0004     9.6980     9.6977    171.820    175.365      0.686    1451.92    1451.92  0.000e+00
      53381    174.000     6.6690     6.6699     0.0009    1.35985    1.35983          1     0.0314     1.5646      20.78     0.3609     0.2323  1.000e-12  0.3692000    12.4072    12.4067    -0.0005     9.6999     9.6995    172.315    175.869      0.570    1451.94    1451.94  0.000e+00
      53410    174.500     6.6697     6.6706     0.0010    1.36011    1.36010          1     0.0323     1.5648      19.82     0.3694     0.2603  1.000e-12  0.3909000    12.4095    12.4091    -0.0005     9.7017     9.7013    172.810    176.373      0.387    1451.95    1451.96  0.000e+00
      53440    175.000     6.6702     6.6711     0.0009    1.36031    1.36031          1     0.0316     1.5661      19.57     0.3719     0.2448  1.000e-12  0.2970000    12.4112    12.4109    -0.0004     9.7030     9.7026    173.305    176.878      0.529    1451.96    1451.97  0.000e+00
      53458    175.500     6.6714     6.6721     0.0007    1.36068    1.36066          1     0.0293     1.5681      19.19     0.3636     0.2688  1.000e-12  0.2751000    12.4144    12.4139    -0.0005     9.7053     9.7049    173.800    177.382      0.685    1451.98    1451.98  0.000e+00
      53475    176.000     6.6722     6.6731     0.0009    1.36117    1.36116          1     0.0307     1.5681      18.74     0.3610     0.2768  1.000e-12  0.2784000    12.4187    12.4183    -0.0004     9.7087     9.7083    174.295    177.886      0.719    1452.00    1452.00  0.000e+00
      53492    176.500     6.6729     6.6737     0.0008    1.36163    1.36161          1     0.0311     1.5686      18.23     0.3599     0.2644  1.000e-12  0.3386000    12.4230    12.4225    -0.0005     9.7120     9.7115    174.790    178.391      0.654    1452.02    1452.02  0.000e+00
      53512    177.000     6.6730     6.6739     0.0009    1.36177    1.36175          1     0.0309     1.5676      17.23     0.3602     0.2317  1.000e-12  0.3241000    12.4242    12.4237    -0.0005     9.7129     9.7125    175.285    178.895      0.550    1452.02    1452.03  0.000e+00
      53536    177.500     6.6732     6.6741     0.0009    1.36190    1.36188          1     0.0294     1.5699      16.87     0.3536     0.2286  1.000e-12  0.3404000    12.4253    12.4248    -0.0006     9.7138     9.7133    175.780    179.399      0.479    1452.03    1452.04  0.000e+00
      53562    178.000     6.6740     6.6749     0.0009    1.36225    1.36222          1     0.0314     1.5745      16.48     0.3571     0.2170  1.000e-12  0.3228000    12.4284    12.4278    -0.0006     9.7162     9.7156    176.275    179.904      0.446    1452.05    1452.05  0.000e+00
      53591    178.500     6.6746     6.6756     0.0010    1.36247    1.36245          1     0.0318     1.5790      15.97     0.3531     0.2337  1.000e-12  0.2776000    12.4303    12.4297    -0.0006     9.7176     9.7171    176.769    180.408      0.381    1452.06    1452.07  0.000e+00
      53624    179.000     6.6756     6.6765     0.0009    1.36274    1.36272          1     0.0316     1.5794      15.45     0.3619     0.2732  1.000e-12  0.2632000    12.4325    12.4319    -0.0006     9.7193     9.7188    177.264    180.913      0.434    1452.08    1452.08  0.000e+00
      53646    179.500     6.6763     6.6771     0.0009    1.36293    1.36292          1     0.0315     1.5849      15.07     0.3612     0.2633  1.000e-12  0.2472000    12.4340    12.4336    -0.0004     9.7204     9.7200    177.759    181.417      0.649    1452.09    1452.09  0.000e+00
      53663    180.000     6.6766     6.6773     0.0007    1.36319    1.36318          1     0.0304     1.5876      14.74     0.3527     0.2903  1.000e-12  0.3111000    12.4364    12.4359    -0.0004     9.7222     9.7219    178.254    181.921      0.794    1452.10    1452.11  0.000e+00
      53677    180.500     6.6771     6.6780     0.0010    1.36361    1.36359          1     0.0295     1.5823      14.26     0.3475     0.3187  1.000e-12  0.3408000    12.4402    12.4397    -0.0005     9.7252     9.7247    178.749    182.426      0.855    1452.12    1452.12  0.000e+00
      53690    181.000     6.6783     6.6791     0.0008    1.36408    1.36406          1     0.0295     1.5765      13.74     0.3587     0.2648  1.000e-12  0.4022000    12.4443    12.4438    -0.0005     9.7283     9.7279    179.244    182.930      0.820    1452.14    1452.14  0.000e+00
      53706    181.500     6.6790     6.6799     0.0008    1.36435    1.36433          1     0.0304     1.5780      13.17     0.3613     0.2219  1.000e-12  0.3937000    12.4466    12.4461    -0.0005     9.7301     9.7296    179.739    183.434      0.665    1452.15    1452.15  0.000e+00
      53731    182.000     6.6796     6.6805     0.0009    1.36486    1.36475          1     0.0308     1.5860      12.47     0.3694     0.1924  1.000e-12  0.3490000    12.4513    12.4499    -0.0014     9.7338     9.7326    180.234    183.939      0.346    1452.17    1452.17  0.000e+00
      53788    182.500     6.6808     6.6815     0.0007    1.36551    1.36539          1     0.0309     1.5855      11.75     0.3571     0.2185  1.000e-12  0.2790000    12.4573    12.4558    -0.0015     9.7383     9.7371    180.729    184.443      0.313    1452.19    1452.19  0.000e+00
      53814    183.000     6.6822     6.6830     0.0008    1.36606    1.36600          1     0.0292     1.5894      11.41     0.3473     0.2186  1.000e-12  0.2767000    12.4621    12.4612    -0.0008     9.7420     9.7412    181.224    184.947      0.612    1452.21    1452.21  0.000e+00
      53831    183.500     6.6833     6.6840     0.0008    1.36657    1.36653          1     0.0291     1.5905      11.03     0.3408     0.2750  1.000e-12  0.2768000    12.4666    12.4660    -0.0006     9.7454     9.7449    181.719    185.452      0.788    1452.22    1452.23  0.000e+00
      53845    184.000     6.6844     6.6852     0.0008    1.36701    1.36700          1     0.0306     1.5925      10.62     0.3843     0.2560  1.000e-12  0.3692000    12.4704    12.4701    -0.0004     9.7484     9.7480    182.214    185.956      0.906    1452.24    1452.24  0.000e+00
      53857    184.500     6.6851     6.6859     0.0008    1.36724    1.36723          1     0.0321     1.5951      10.13     0.3834     0.2348  1.000e-12  0.3685000    12.4724    12.4720    -0.0004     9.7499     9.7495    182.709    186.461      0.979    1452.26    1452.26  0.000e+00
      53869    185.000     6.6854     6.6863     0.0009    1.36738    1.36738          1     0.0321     1.5945       9.71     0.3595     0.2301  1.000e-12  0.3359000    12.4736    12.4732    -0.0004     9.7508     9.7504    183.204    186.965      0.995    1452.27    1452.27  0.000e+00
      53881    185.500     6.6858     6.6866     0.0009    1.36752    1.36751          1     0.0279     1.5930       9.19     0.3620     0.2315  1.000e-12  0.3342000    12.4747    12.4743    -0.0003     9.7516     9.7513    183.698    187.469      0.915    1452.28    1452.28  0.000e+00
      53896    186.000     6.6862     6.6870     0.0008    1.36766    1.36765          1     0.0288     1.5916       8.61     0.3697     0.2631  1.000e-12  0.3135000    12.4759    12.4755    -0.0004     9.7525     9.7521    184.193    187.974      0.645    1452.29    1452.29  0.000e+00
      53983    186.500     6.6856     6.6862     0.0007    1.36746    1.36728          1     0.0298     1.5923       7.91     0.3736     0.2629  1.000e-12  0.3095000    12.4740    12.4720    -0.0020     9.7510     9.7495    184.688    188.478      0.712    1452.29    1452.29  0.000e+00
      54020    187.000     6.6856     6.6869     0.0013    1.36735    1.36753          1     0.0306     1.5934       7.63     0.3714     0.2219  1.000e-12  0.3454000    12.4728    12.4741     0.0013     9.7501     9.7510    185.183    188.982      1.086    1452.30    1452.30  0.000e+00
      54031    187.500     6.6863     6.6874     0.0010    1.36772    1.36778          1     0.0284     1.5962       7.18     0.3724     0.2285  1.000e-12  0.3533000    12.4761    12.4763     0.0002     9.7527     9.7528    185.678    189.487      1.080    1452.31    1452.32  0.000e+00
      54042    188.000     6.6869     6.6877     0.0008    1.36794    1.36793          1     0.0314     1.5960       6.72     0.3793     0.2328  1.000e-12  0.4408000    12.4780    12.4775    -0.0005     9.7541     9.7537    186.173    189.991      0.922    1452.33    1452.33  0.000e+00
      54070    188.500     6.6867     6.6876     0.0008    1.36790    1.36786          1     0.0276     1.5882       5.70     0.3842     0.2115  1.000e-12  0.3978000    12.4775    12.4767    -0.0007     9.7537     9.7531    186.668    190.495     -0.011    1452.33    1452.33  0.000e+00
