ctdpy/tests/etc/all_smhi_bas_2018/SBE09_0827_20181010_0237_26_01_1056.cnv
* Sea-Bird SBE 9 Data File:
* FileName = D:\CTD_SBE911\DAT\26DA.2018.10.56.hex
* Software Version Seasave V 7.21d
* Temperature SN = 4548
* Conductivity SN = 3062
* Number of Bytes Per Scan = 48
* Number of Voltage Words = 5
* Number of Scans Averaged by the Deck Unit = 1
* NMEA Latitude = 58 15.05 N
* NMEA Longitude = 019 11.88 E
* NMEA UTC (Time) = Oct 10 2018  02:40:29
* NMEA baud rate = 4800
** Ship: DANA
** Average sound velocity: 1455.56 m/s
** True-depth calculation Thu, 28 Mar 2019 12:23:13 +0000
** CTD Python Module SMHI /ver 3-12/ feb 2012 
** LIMS Job: 20182601-1056
**  4SW Gotska sandon
** Operator: Christian A-KTh
** Cruise: 10/2018
# nquan = 26
# nvalues = 118                         
# units = specified
# name 0 = scan: Scan Count
# name 1 = prDM: Pressure, Digiquartz [db]
# name 2 = t090C: Temperature [ITS-90, deg C]
# name 3 = t190C: Temperature, 2 [ITS-90, deg C]
# name 4 = T2-T190C: Temperature Difference, 2 - 1 [ITS-90, deg C]
# name 5 = c0S/m: Conductivity [S/m]
# name 6 = c1S/m: Conductivity, 2 [S/m]
# name 7 = pumps: Pump Status
# name 8 = sbeox1ML/L: Oxygen, SBE 43, 2 [ml/l]
# name 9 = sbeox0ML/L: Oxygen, SBE 43 [ml/l]
# name 10 = altM: Altimeter [m]
# name 11 = chloroflTC0: Chlorophyll, Turner Cyclops [ug/l]
# name 12 = cpar: CPAR/Corrected Irradiance [%]
# name 13 = par: PAR/Irradiance, Biospherical/Lico [µE/(cm^2*s)]
# name 14 = spar: SPAR, Biospherical/Licor
# name 15 = sal00: Salinity, Practical [PSU]
# name 16 = sal11: Salinity, Practical, 2 [PSU]
# name 17 = secS-priS: Salinity, Practical, Difference, 2 - 1 [PSU]
# name 18 = sigma-t00: Density [sigma-t, kg/m^3 ]
# name 19 = sigma-t11: Density, 2 [sigma-t, kg/m^3 ]
# name 20 = depSM: Depth [salt water, m], lat = 58.2508
# name 21 = depFM: Depth [true depth, m], lat = 58.2508
# name 22 = dz/dtM: Descent Rate [m/s], WS = 2
# name 23 = svCM: Sound Velocity [Chen-Millero, m/s]
# name 24 = svCM1: Sound Velocity, 2 [Chen-Millero, m/s]
# name 25 = flag: flag
# span 0 =         70,       5961       
# span 1 =      2.000,     60.500       
# span 2 =     3.8902,    10.8557       
# span 3 =     3.8766,    10.8560       
# span 4 =    -0.2964,     0.0521       
# span 5 =   0.783442,   0.882383       
# span 6 =   0.783632,   0.882391       
# span 7 =          1,          1       
# span 8 =     5.0876,     7.3398       
# span 9 =     4.8068,     6.8754       
# span 10 =       2.39,       9.97      
# span 11 =     0.0159,     0.0294      
# span 12 = -1.061e+02, 2.5708e+03      
# span 13 = 1.0000e-12, 1.0000e-12      
# span 14 = 1.9786e+00, 2.0330e+00      
# span 15 =     6.9316,     8.0976      
# span 16 =     6.9315,     8.1728      
# span 17 =    -0.0002,     0.0751      
# span 18 =     5.0200,     6.4311      
# span 19 =     5.0198,     6.4890      
# span 20 =      1.981,     59.929      
# span 21 =      2.027,     61.306      
# span 22 =      0.117,      0.534      
# span 23 =    1431.91,    1459.52      
# span 24 =    1431.78,    1459.52      
# span 25 = 0.0000e+00, 0.0000e+00      
# interval = decibars: 0.5              
# start_time = Oct 10 2018 02:40:29 [NMEA time, first data scan]
# bad_flag = -9.990e-29
*END*
         70      2.000    10.8557    10.8560     0.0004    0.88214    0.88213          1     7.1827     6.7219       9.97     0.0265  4.924e-11  1.000e-12  2.031e+00     6.9316     6.9315    -0.0001     5.0200     5.0198      1.981      2.027      0.292    1459.15    1459.15  0.000e+00
        291      2.500    10.8548    10.8551     0.0003    0.88214    0.88215          1     7.1842     6.7221       9.97     0.0277  4.924e-11  1.000e-12  2.031e+00     6.9317     6.9317     0.0001     5.0201     5.0201      2.477      2.534      0.263    1459.15    1459.15  0.000e+00
        476      3.000    10.8539    10.8546     0.0007    0.88213    0.88214          1     7.1847     6.7279       9.97     0.0269  4.924e-11  1.000e-12  2.031e+00     6.9317     6.9317    -0.0000     5.0202     5.0202      2.972      3.040      0.486    1459.16    1459.16  0.000e+00
        505      3.500    10.8538    10.8543     0.0005    0.88214    0.88215          1     7.1828     6.7366       9.97     0.0286  4.924e-11  1.000e-12  2.031e+00     6.9318     6.9318     0.0000     5.0203     5.0202      3.467      3.547      0.293    1459.17    1459.17  0.000e+00
        592      4.000    10.8522    10.8528     0.0007    0.88213    0.88214          1     7.1803     6.7274       9.97     0.0289  4.924e-11  1.000e-12  2.031e+00     6.9319     6.9319     0.0000     5.0206     5.0205      3.963      4.054      0.219    1459.17    1459.17  0.000e+00
        630      4.500    10.8525    10.8530     0.0005    0.88214    0.88215          1     7.1693     6.7304       9.97     0.0291  4.924e-11  1.000e-12  2.031e+00     6.9319     6.9319     0.0000     5.0206     5.0205      4.458      4.561      0.403    1459.18    1459.18  0.000e+00
        665      5.000    10.8529    10.8545     0.0016    0.88215    0.88218          1     7.1762     6.7303       9.97     0.0289  4.924e-11  1.000e-12  2.031e+00     6.9319     6.9318    -0.0001     5.0205     5.0203      4.954      5.067      0.272    1459.19    1459.19  0.000e+00
        732      5.500    10.8528    10.8544     0.0016    0.88215    0.88218          1     7.1797     6.7301       9.97     0.0270  4.924e-11  1.000e-12  2.031e+00     6.9319     6.9318    -0.0001     5.0205     5.0203      5.449      5.574      0.277    1459.19    1459.20  0.000e+00
        770      6.000    10.8529    10.8514    -0.0015    0.88216    0.88214          1     7.1769     6.7282       9.97     0.0262  4.924e-11  1.000e-12  2.031e+00     6.9319     6.9320     0.0001     5.0205     5.0208      5.944      6.081      0.263    1459.20    1459.20  0.000e+00
        831      6.500    10.8506    10.8503    -0.0004    0.88213    0.88213          1     7.1711     6.7284       9.97     0.0260  2.571e+03  1.000e-12  1.979e+00     6.9320     6.9321     0.0000     5.0209     5.0209      6.440      6.587      0.236    1459.20    1459.20  0.000e+00
        873      7.000    10.8501    10.8505     0.0004    0.88212    0.88214          1     7.1810     6.7179       9.97     0.0256 -1.061e+02  1.000e-12  2.033e+00     6.9320     6.9321     0.0001     5.0209     5.0209      6.935      7.094      0.405    1459.21    1459.21  0.000e+00
        902      7.500    10.8506    10.8511     0.0005    0.88214    0.88215          1     7.1784     6.7208       9.97     0.0259  2.269e-10  1.000e-12  2.031e+00     6.9320     6.9320     0.0000     5.0208     5.0208      7.430      7.601      0.318    1459.22    1459.22  0.000e+00
        977      8.000    10.8519    10.8520     0.0001    0.88217    0.88218          1     7.1692     6.7309       9.97     0.0265  4.924e-11  1.000e-12  2.031e+00     6.9320     6.9320     0.0000     5.0207     5.0207      7.926      8.108      0.269    1459.23    1459.23  0.000e+00
       1017      8.500    10.8521    10.8526     0.0005    0.88218    0.88219          1     7.1752     6.7346       9.97     0.0261  4.924e-11  1.000e-12  2.031e+00     6.9319     6.9320     0.0000     5.0206     5.0206      8.421      8.614      0.266    1459.24    1459.24  0.000e+00
       1077      9.000    10.8523    10.8528     0.0005    0.88219    0.88220          1     7.1809     6.7293       9.97     0.0266  4.924e-11  1.000e-12  2.031e+00     6.9320     6.9320     0.0000     5.0206     5.0206      8.916      9.121      0.270    1459.25    1459.25  0.000e+00
       1113      9.500    10.8525    10.8528     0.0004    0.88220    0.88221          1     7.1842     6.7377       9.97     0.0284  4.924e-11  1.000e-12  2.031e+00     6.9320     6.9320     0.0000     5.0206     5.0206      9.412      9.628      0.372    1459.26    1459.26  0.000e+00
       1152     10.000    10.8524    10.8536     0.0011    0.88221    0.88222          1     7.1778     6.7327       9.97     0.0270  4.924e-11  1.000e-12  2.031e+00     6.9320     6.9319    -0.0001     5.0206     5.0204      9.907     10.134      0.227    1459.27    1459.27  0.000e+00
       1213     10.500    10.8525    10.8512    -0.0014    0.88221    0.88218          1     7.1765     6.7293       9.97     0.0272  4.924e-11  1.000e-12  2.031e+00     6.9319     6.9320     0.0000     5.0206     5.0207     10.402     10.641      0.296    1459.27    1459.27  0.000e+00
       1250     11.000    10.8506    10.8507     0.0001    0.88218    0.88218          1     7.1713     6.7302       9.97     0.0276  4.924e-11  1.000e-12  2.031e+00     6.9320     6.9320     0.0000     5.0208     5.0208     10.898     11.148      0.262    1459.27    1459.28  0.000e+00
       1312     11.500    10.8506    10.8508     0.0003    0.88218    0.88219          1     7.1775     6.7274       9.97     0.0271  4.924e-11  1.000e-12  2.031e+00     6.9320     6.9320     0.0000     5.0208     5.0208     11.393     11.655      0.253    1459.28    1459.28  0.000e+00
       1355     12.000    10.8511    10.8511     0.0001    0.88220    0.88220          1     7.1779     6.7300       9.97     0.0269  4.924e-11  1.000e-12  2.031e+00     6.9320     6.9320    -0.0000     5.0208     5.0208     11.888     12.161      0.297    1459.29    1459.29  0.000e+00
       1399     12.500    10.8512    10.8512     0.0000    0.88220    0.88221          1     7.1720     6.7170       9.97     0.0267  4.924e-11  1.000e-12  2.031e+00     6.9319     6.9319     0.0000     5.0207     5.0207     12.384     12.668      0.265    1459.30    1459.30  0.000e+00
       1443     13.000    10.8507    10.8510     0.0002    0.88221    0.88221          1     7.1753     6.7277       9.97     0.0269  4.924e-11  1.000e-12  2.031e+00     6.9319     6.9320     0.0000     5.0208     5.0208     12.879     13.175      0.336    1459.31    1459.31  0.000e+00
       1471     13.500    10.8498    10.8505     0.0008    0.88221    0.88222          1     7.1723     6.7214       9.97     0.0257  4.924e-11  1.000e-12  2.031e+00     6.9321     6.9321    -0.0000     5.0210     5.0209     13.374     13.682      0.433    1459.31    1459.31  0.000e+00
       1525     14.000    10.8494    10.8483    -0.0011    0.88221    0.88221          1     7.1741     6.7270       9.97     0.0265  4.924e-11  1.000e-12  2.031e+00     6.9322     6.9323     0.0002     5.0211     5.0214     13.869     14.188      0.267    1459.32    1459.32  0.000e+00
       1591     14.500    10.8481    10.8498     0.0017    0.88220    0.88222          1     7.1757     6.7232       9.97     0.0266  4.924e-11  1.000e-12  2.031e+00     6.9323     6.9321    -0.0002     5.0214     5.0210     14.365     14.695      0.441    1459.32    1459.33  0.000e+00
       1615     15.000    10.8472    10.8462    -0.0010    0.88220    0.88220          1     7.1775     6.7145       9.97     0.0269  4.924e-11  1.000e-12  2.031e+00     6.9324     6.9325     0.0002     5.0215     5.0218     14.860     15.202      0.414    1459.33    1459.32  0.000e+00
       1687     15.500    10.8484    10.8497     0.0013    0.88222    0.88224          1     7.1731     6.7258       9.97     0.0269  4.924e-11  1.000e-12  2.031e+00     6.9323     6.9322    -0.0001     5.0213     5.0211     15.355     15.708      0.286    1459.34    1459.35  0.000e+00
       1729     16.000    10.8510    10.8516     0.0006    0.88226    0.88227          1     7.1686     6.7300       9.97     0.0257  4.924e-11  1.000e-12  2.031e+00     6.9320     6.9321     0.0000     5.0208     5.0208     15.851     16.215      0.487    1459.36    1459.36  0.000e+00
       1752     16.500    10.8514    10.8517     0.0003    0.88227    0.88228          1     7.1737     6.7252       9.97     0.0261  4.924e-11  1.000e-12  2.031e+00     6.9320     6.9320     0.0000     5.0208     5.0208     16.346     16.722      0.463    1459.37    1459.37  0.000e+00
       1789     17.000    10.8510    10.8505    -0.0005    0.88227    0.88227          1     7.1729     6.7178       9.97     0.0267  4.924e-11  1.000e-12  2.031e+00     6.9321     6.9322     0.0001     5.0209     5.0210     16.841     17.229      0.251    1459.37    1459.37  0.000e+00
       1850     17.500    10.8502    10.8505     0.0003    0.88227    0.88228          1     7.1704     6.7235       9.97     0.0261  4.924e-11  1.000e-12  2.031e+00     6.9322     6.9322     0.0000     5.0210     5.0210     17.337     17.735      0.206    1459.38    1459.38  0.000e+00
       1896     18.000    10.8503    10.8505     0.0002    0.88228    0.88229          1     7.1720     6.7278       9.97     0.0257  4.924e-11  1.000e-12  2.031e+00     6.9322     6.9322     0.0000     5.0210     5.0210     17.832     18.242      0.340    1459.39    1459.39  0.000e+00
       1930     18.500    10.8506    10.8509     0.0003    0.88228    0.88229          1     7.1792     6.7336       9.97     0.0263  4.924e-11  1.000e-12  2.031e+00     6.9321     6.9321     0.0000     5.0209     5.0209     18.327     18.749      0.286    1459.40    1459.40  0.000e+00
       1999     19.000    10.8503    10.8507     0.0004    0.88229    0.88230          1     7.1751     6.7264       9.97     0.0267  4.924e-11  1.000e-12  2.031e+00     6.9321     6.9321     0.0000     5.0210     5.0209     18.823     19.256      0.272    1459.40    1459.40  0.000e+00
       2035     19.500    10.8502    10.8504     0.0001    0.88229    0.88230          1     7.1730     6.7338       9.97     0.0271  4.924e-11  1.000e-12  2.031e+00     6.9321     6.9321     0.0000     5.0210     5.0210     19.318     19.762      0.435    1459.41    1459.41  0.000e+00
       2061     20.000    10.8502    10.8504     0.0002    0.88230    0.88231          1     7.1765     6.7361       9.97     0.0273  4.924e-11  1.000e-12  2.031e+00     6.9321     6.9322     0.0000     5.0210     5.0210     19.813     20.269      0.415    1459.42    1459.42  0.000e+00
       2097     20.500    10.8505    10.8509     0.0004    0.88231    0.88232          1     7.1666     6.7220       9.97     0.0267  4.924e-11  1.000e-12  2.031e+00     6.9321     6.9322     0.0000     5.0209     5.0209     20.309     20.776      0.239    1459.43    1459.43  0.000e+00
       2162     21.000    10.8502    10.8505     0.0002    0.88232    0.88233          1     7.1729     6.7196       9.97     0.0262  4.924e-11  1.000e-12  2.031e+00     6.9322     6.9322     0.0000     5.0210     5.0210     20.804     21.282      0.237    1459.43    1459.44  0.000e+00
       2210     21.500    10.8496    10.8501     0.0004    0.88232    0.88232          1     7.1680     6.7241       9.97     0.0264  4.924e-11  1.000e-12  2.031e+00     6.9322     6.9322    -0.0000     5.0211     5.0211     21.299     21.789      0.248    1459.44    1459.44  0.000e+00
       2254     22.000    10.8496    10.8499     0.0002    0.88232    0.88233          1     7.1805     6.7247       9.97     0.0259  4.924e-11  1.000e-12  2.031e+00     6.9322     6.9323     0.0000     5.0211     5.0211     21.794     22.296      0.297    1459.45    1459.45  0.000e+00
       2298     22.500    10.8490    10.8489    -0.0001    0.88232    0.88232          1     7.1790     6.7215       9.97     0.0261  4.924e-11  1.000e-12  2.031e+00     6.9323     6.9323     0.0000     5.0213     5.0213     22.290     22.803      0.222    1459.45    1459.45  0.000e+00
       2359     23.000    10.8491    10.8495     0.0004    0.88233    0.88234          1     7.1748     6.7243       9.97     0.0259  4.924e-11  1.000e-12  2.031e+00     6.9323     6.9323     0.0000     5.0212     5.0212     22.785     23.309      0.316    1459.46    1459.47  0.000e+00
       2386     23.500    10.8490    10.8498     0.0008    0.88233    0.88235          1     7.1797     6.7290       9.97     0.0262  4.924e-11  1.000e-12  2.031e+00     6.9323     6.9323    -0.0000     5.0213     5.0212     23.280     23.816      0.481    1459.47    1459.47  0.000e+00
       2411     24.000    10.8500    10.8504     0.0004    0.88236    0.88236          1     7.1792     6.7305       9.97     0.0264  4.924e-11  1.000e-12  2.031e+00     6.9322     6.9322    -0.0000     5.0211     5.0211     23.776     24.323      0.399    1459.48    1459.48  0.000e+00
       2502     24.500    10.8503    10.8507     0.0004    0.88237    0.88238          1     7.1668     6.7248       9.97     0.0262  4.924e-11  1.000e-12  2.031e+00     6.9322     6.9322     0.0000     5.0210     5.0210     24.271     24.830      0.279    1459.49    1459.49  0.000e+00
       2541     25.000    10.8498    10.8498    -0.0001    0.88237    0.88237          1     7.1700     6.7308       9.97     0.0261  4.924e-11  1.000e-12  2.031e+00     6.9323     6.9323     0.0000     5.0211     5.0212     24.766     25.336      0.399    1459.50    1459.50  0.000e+00
       2577     25.500    10.8496    10.8504     0.0007    0.88237    0.88238          1     7.1782     6.7311       9.97     0.0268  4.924e-11  1.000e-12  2.031e+00     6.9323     6.9322    -0.0000     5.0212     5.0210     25.262     25.843      0.283    1459.51    1459.51  0.000e+00
       2625     26.000    10.8505    10.8507     0.0002    0.88238    0.88239          1     7.1801     6.7372       9.97     0.0260  4.924e-11  1.000e-12  2.031e+00     6.9322     6.9322     0.0000     5.0210     5.0210     25.757     26.350      0.266    1459.52    1459.52  0.000e+00
       2665     26.500    10.8480    10.8477    -0.0003    0.88236    0.88236          1     7.1723     6.7339       9.97     0.0257  4.924e-11  1.000e-12  2.031e+00     6.9324     6.9325     0.0001     5.0214     5.0215     26.252     26.856      0.328    1459.51    1459.51  0.000e+00
       2699     27.000    10.8265    10.8097    -0.0168    0.88208    0.88190          1     7.1801     6.7352       9.97     0.0258  4.924e-11  1.000e-12  2.031e+00     6.9340     6.9357     0.0016     5.0252     5.0285     26.747     27.363      0.364    1459.44    1459.38  0.000e+00
       2734     27.500    10.7900    10.7903     0.0003    0.88162    0.88167          1     7.1882     6.7402       9.97     0.0267  4.924e-11  1.000e-12  2.031e+00     6.9370     6.9373     0.0003     5.0318     5.0320     27.243     27.870      0.268    1459.31    1459.32  0.000e+00
       2813     28.000    10.7125    10.7088    -0.0038    0.88064    0.88065          1     7.1931     6.7490       9.97     0.0265  4.924e-11  1.000e-12  2.031e+00     6.9432     6.9440     0.0008     5.0456     5.0466     27.738     28.377      0.247    1459.03    1459.02  0.000e+00
       2856     28.500    10.7083    10.7039    -0.0044    0.88065    0.88062          1     7.1920     6.7492       9.97     0.0265  4.924e-11  1.000e-12  2.031e+00     6.9440     6.9446     0.0006     5.0467     5.0477     28.233     28.883      0.284    1459.03    1459.01  0.000e+00
       2900     29.000    10.6906    10.6823    -0.0083    0.88044    0.88037          1     7.1968     6.7538       9.97     0.0268  4.924e-11  1.000e-12  2.031e+00     6.9455     6.9466     0.0010     5.0499     5.0516     28.729     29.390      0.298    1458.97    1458.94  0.000e+00
