ctdpy/tests/etc/all_smhi_bas_2018/SBE09_1044_20180530_1054_34_07_0045.cnv
* Sea-Bird SBE 9 Data File:
* FileName = C:\ctd\temp\2018\AU18D045.hex
* Software Version Seasave V 7.26.6.26
* Temperature SN = 5351
* Conductivity SN = 3941
* Number of Bytes Per Scan = 41
* Number of Voltage Words = 4
* Number of Scans Averaged by the Deck Unit = 1
* NMEA Latitude = 56 38.03 N
* NMEA Longitude = 019 35.11 E
* NMEA UTC (Time) = May 30 2018  10:54:26
* NMEA baud rate = 4800
** Station:  BY10
** Operator:  SSip
** Ship: AURA
** Average sound velocity: 1443.09 m/s
** True-depth calculation Wed, 30 May 2018 12:18:24 +0000
** CTD Python Module SMHI /ver 3-12/ feb 2012 
** LIMS Job: 20183407-0045
** Cruise: SMHI-02-2018
** Latitude [GG MM.mm N] :
** Longitude [GG MM.mm E]:
# nquan = 26
# nvalues = 273                         
# units = specified
# name 0 = scan: Scan Count
# name 1 = prDM: Pressure, Digiquartz [db]
# name 2 = t090C: Temperature [ITS-90, deg C]
# name 3 = t190C: Temperature, 2 [ITS-90, deg C]
# name 4 = T2-T190C: Temperature Difference, 2 - 1 [ITS-90, deg C]
# name 5 = c0S/m: Conductivity [S/m]
# name 6 = c1S/m: Conductivity, 2 [S/m]
# name 7 = pumps: Pump Status
# name 8 = sbeox0ML/L: Oxygen, SBE 43 [ml/l]
# name 9 = sbeox1ML/L: Oxygen, SBE 43, 2 [ml/l]
# name 10 = altM: Altimeter [m]
# name 11 = flECO-AFL: Chl-a Fluorescence, WET Labs ECO-AFL/FL [mg/m^3]
# name 12 = flECO-AFL1: Phycocyanin Fluorescence, WET Labs ECO-AFL/FL, 2 [mg/m^3]
# name 13 = par: PAR/Irradiance, Biospherical/Lico [µE/(cm^2*s)]
# name 14 = turbWETntu0: Turbidity, WET Labs ECO [NTU]
# name 15 = sal00: Salinity, Practical [PSU]
# name 16 = sal11: Salinity, Practical, 2 [PSU]
# name 17 = secS-priS: Salinity, Practical, Difference, 2 - 1 [PSU]
# name 18 = sigma-t00: Density [sigma-t, Kg/m^3 ]
# name 19 = sigma-t11: Density, 2 [sigma-t, Kg/m^3 ]
# name 20 = depSM: Depth [salt water, m], lat = 56.6338
# name 21 = depFM: Depth [true depth, m], lat = 56.6338
# name 22 = dz/dtM: Descent Rate [m/s], WS = 2
# name 23 = svCM: Sound Velocity [Chen-Millero, m/s]
# name 24 = svCM1: Sound Velocity, 2 [Chen-Millero, m/s]
# name 25 = flag: flag
# span 0 =       6630,      12169       
# span 1 =      1.000,    137.000       
# span 2 =     2.8661,    14.1124       
# span 3 =     2.8677,    14.4125       
# span 4 =    -0.1512,     0.3210       
# span 5 =   0.748598,   1.404048       
# span 6 =   0.748490,   1.404936       
# span 7 =          1,          1       
# span 8 =   -0.01122,    9.82641       
# span 9 =   -0.21558,   10.00435       
# span 10 =       3.09,      98.71      
# span 11 =     0.2151,     6.9681      
# span 12 =     0.1050,     0.6886      
# span 13 = -3.722e-07, 4.4932e+03      
# span 14 =     0.1194,     0.5790      
# span 15 =     7.2338,    12.8077      
# span 16 =     7.2336,    12.8158      
# span 17 =    -0.0045,     0.0208      
# span 18 =     4.8728,    10.0049      
# span 19 =     4.8268,    10.0112      
# span 20 =      0.991,    135.701      
# span 21 =      1.014,    138.504      
# span 22 =     -0.217,      0.717      
# span 23 =    1426.95,    1471.51      
# span 24 =    1426.96,    1472.57      
# span 25 = 0.0000e+00, 0.0000e+00      
# interval = decibars: 0.5              
# start_time = May 30 2018 10:54:27 [NMEA time, first data scan]
# bad_flag = -9.990e-29
*END*
       6630      1.000    14.1124    14.4125     0.3019    1.00515    1.01256          1     8.4198     8.1571      94.99     0.5576     0.2510  4.493e+03  0.2433000     7.3194     7.3209     0.0016     4.8728     4.8268      0.991      1.014      0.431    1471.51    1472.57  0.000e+00
       6651      1.500    13.8295    14.0787     0.2473    0.99729    1.00317          1     8.4976     8.4594      97.46     0.5209     0.2785  3.145e+03  0.2609000     7.3109     7.3102    -0.0007     4.9101     4.8712      1.486      1.520      0.599    1470.51    1471.39  0.000e+00
       6671      2.000    13.8129    13.8771     0.0647    0.99657    0.99756          1     8.3680     8.4411      97.45     0.5008     0.2354  1.919e+03  0.2594000     7.3083     7.3040    -0.0043     4.9107     4.8978      1.982      2.027      0.608    1470.46    1470.69  0.000e+00
       6691      2.500    13.7225    13.8803     0.1578    0.99360    0.99769          1     8.4125     8.4314      97.43     0.5371     0.2057  1.840e+03  0.2635000     7.3019     7.3044     0.0025     4.9198     4.8975      2.477      2.534      0.588    1470.14    1470.70  0.000e+00
       6711      3.000    12.9850    13.3062     0.3210    0.97418    0.98221          1     8.6128     8.7094      97.44     0.6295     0.2243  1.531e+03  0.2721000     7.2867     7.2898     0.0031     5.0156     4.9709      2.972      3.041      0.590    1467.48    1468.64  0.000e+00
       6731      3.500    12.5723    12.5159    -0.0559    0.96360    0.96173          1     8.7669     8.9641      97.44     0.7629     0.2672  1.344e+03  0.2919000     7.2803     7.2759    -0.0044     5.0704     5.0747      3.468      3.547      0.619    1466.00    1465.79  0.000e+00
       6750      4.000    12.3710    12.2194    -0.1512    0.95843    0.95454          1     8.9469     9.1340      97.44     0.9037     0.2967  1.149e+03  0.2803000     7.2768     7.2742    -0.0026     5.0950     5.1137      3.963      4.054      0.651    1465.26    1464.70  0.000e+00
       6768      4.500    12.0889    12.0744    -0.0141    0.95178    0.95107          1     9.0889     9.2622      97.45     0.9644     0.3062  1.005e+03  0.3093000     7.2767     7.2736    -0.0031     5.1331     5.1327      4.459      4.561      0.660    1464.23    1464.18  0.000e+00
       6786      5.000    11.9605    11.9313    -0.0298    0.94895    0.94789          1     9.1434     9.3400      97.45     1.0152     0.3072  8.722e+02  0.3500000     7.2782     7.2751    -0.0031     5.1512     5.1527      4.954      5.067      0.657    1463.77    1463.66  0.000e+00
       6805      5.500    11.6627    11.6244    -0.0374    0.94175    0.94075          1     9.2824     9.5103      97.44     1.0720     0.2949  6.702e+02  0.4511000     7.2763     7.2755    -0.0009     5.1880     5.1923      5.450      5.574      0.662    1462.66    1462.52  0.000e+00
       6823      6.000    11.1351    11.1310    -0.0059    0.92920    0.92897          1     9.3006     9.6541      97.43     1.1073     0.2719  6.196e+02  0.3701000     7.2745     7.2734    -0.0011     5.2523     5.2519      5.945      6.081      0.659    1460.69    1460.67  0.000e+00
       6841      6.500    10.4258    10.3604    -0.0641    0.91216    0.91043          1     9.3838     9.8276      97.44     1.1519     0.2657  5.436e+02  0.3421000     7.2699     7.2681    -0.0018     5.3318     5.3378      6.440      6.587      0.648    1457.98    1457.73  0.000e+00
       6860      7.000     9.8204     9.6999    -0.1207    0.89757    0.89462          1     9.6319    10.0044      97.44     1.2330     0.2658  4.833e+02  0.3801000     7.2646     7.2631    -0.0015     5.3926     5.4043      6.936      7.094      0.660    1455.63    1455.16  0.000e+00
       6877      7.500     9.2308     9.2391     0.0083    0.88376    0.88382          1     9.8090    10.0011      97.44     1.2777     0.3055  4.512e+02  0.3628000     7.2625     7.2613    -0.0012     5.4513     5.4496      7.431      7.600      0.689    1453.32    1453.35  0.000e+00
       6895      8.000     9.1583     9.1565    -0.0019    0.88376    0.88360          1     9.8264     9.8425      97.42     1.3383     0.3214  3.896e+02  0.3473000     7.2771     7.2761    -0.0010     5.4697     5.4692      7.927      8.107      0.705    1453.06    1453.05  0.000e+00
       6911      8.500     9.0920     9.0877    -0.0042    0.88262    0.88240          1     9.7695     9.6795      97.44     1.4170     0.3381  3.406e+02  0.3301000     7.2805     7.2794    -0.0010     5.4787     5.4783      8.422      8.613      0.711    1452.81    1452.79  0.000e+00
       6928      9.000     8.9867     8.9809    -0.0057    0.88023    0.88001          1     9.6911     9.5699      97.43     1.6123     0.3364  3.084e+02  0.3685000     7.2807     7.2799    -0.0008     5.4888     5.4888      8.917      9.120      0.711    1452.39    1452.37  0.000e+00
       6945      9.500     8.8448     8.8451     0.0003    0.87676    0.87670          1     9.6235     9.5055      97.43     1.6959     0.3425  2.646e+02  0.3539000     7.2787     7.2780    -0.0006     5.5005     5.5000      9.413      9.626      0.709    1451.83    1451.83  0.000e+00
       6962     10.000     8.7180     8.7189     0.0008    0.87365    0.87365          1     9.5882     9.4823      97.42     1.7897     0.3502  2.386e+02  0.3227000     7.2767     7.2765    -0.0002     5.5106     5.5103      9.908     10.133      0.709    1451.33    1451.33  0.000e+00
       6979     10.500     8.6215     8.6228     0.0014    0.87138    0.87135          1     9.5900     9.4768      97.44     1.8574     0.4161  2.161e+02  0.3130000     7.2761     7.2756    -0.0006     5.5188     5.5182     10.404     10.639      0.717    1450.95    1450.95  0.000e+00
       6996     11.000     8.5608     8.5628     0.0019    0.87011    0.87009          1     9.6043     9.4764      97.42     1.9405     0.4184  1.948e+02  0.3258000     7.2771     7.2765    -0.0006     5.5249     5.5243     10.899     11.146      0.707    1450.71    1450.72  0.000e+00
       7013     11.500     8.5139     8.5162     0.0023    0.86926    0.86926          1     9.5886     9.4396      97.43     2.0939     0.3370  1.721e+02  0.3590000     7.2790     7.2785    -0.0005     5.5306     5.5300     11.394     11.652      0.644    1450.53    1450.54  0.000e+00
       7033     12.000     8.4887     8.4911     0.0024    0.86926    0.86925          1     9.5285     9.3395      97.43     2.2852     0.3707  1.537e+02  0.3360000     7.2841     7.2835    -0.0006     5.5368     5.5361     11.890     12.159      0.588    1450.45    1450.46  0.000e+00
       7054     12.500     8.4631     8.4649     0.0018    0.86949    0.86948          1     9.4416     9.2400      97.43     2.4280     0.3314  1.357e+02  0.3260000     7.2915     7.2910    -0.0005     5.5447     5.5442     12.385     12.665      0.582    1450.36    1450.37  0.000e+00
       7074     13.000     8.3914     8.3931     0.0017    0.86815    0.86814          1     9.3793     9.1863      97.42     2.7463     0.3407  1.240e+02  0.3353000     7.2941     7.2936    -0.0005     5.5530     5.5525     12.881     13.172      0.584    1450.08    1450.09  0.000e+00
       7095     13.500     8.3172     8.3186     0.0015    0.86652    0.86652          1     9.3472     9.1733      97.43     3.2168     0.4810  1.062e+02  0.3539000     7.2946     7.2943    -0.0003     5.5598     5.5594     13.376     13.678      0.588    1449.79    1449.79  0.000e+00
       7115     14.000     8.2626     8.2643     0.0017    0.86540    0.86538          1     9.3140     9.1688      97.44     3.7809     0.5097  9.992e+01  0.3719000     7.2957     7.2952    -0.0005     5.5652     5.5647     13.871     14.185      0.603    1449.58    1449.58  0.000e+00
       7135     14.500     8.2205     8.2214     0.0010    0.86455    0.86454          1     9.2686     9.1337      97.43     4.1543     0.5286  8.836e+01  0.3946000     7.2966     7.2964    -0.0002     5.5695     5.5693     14.367     14.691      0.611    1449.42    1449.42  0.000e+00
       7154     15.000     8.1711     8.1719     0.0008    0.86344    0.86342          1     9.2277     9.0879      97.44     4.3755     0.5559  7.810e+01  0.3646000     7.2968     7.2964    -0.0004     5.5738     5.5735     14.862     15.197      0.611    1449.22    1449.23  0.000e+00
       7174     15.500     8.1123     8.1143     0.0020    0.86205    0.86206          1     9.2296     9.0795      97.43     4.7025     0.5845  7.055e+01  0.3536000     7.2962     7.2959    -0.0003     5.5783     5.5778     15.358     15.704      0.605    1448.99    1449.00  0.000e+00
       7194     16.000     8.0570     8.0593     0.0023    0.86077    0.86079          1     9.2229     9.0658      97.43     5.1548     0.5593  6.282e+01  0.3659000     7.2960     7.2957    -0.0003     5.5826     5.5822     15.853     16.210      0.588    1448.77    1448.78  0.000e+00
       7215     16.500     8.0289     8.0308     0.0019    0.86052    0.86052          1     9.1911     9.0437      97.43     5.8923     0.6231  5.497e+01  0.3777000     7.2995     7.2992    -0.0004     5.5877     5.5872     16.348     16.717      0.567    1448.67    1448.68  0.000e+00
       7237     17.000     7.9757     7.9769     0.0011    0.85975    0.85974          1     9.2368     9.1091      97.44     6.5257     0.6308  4.949e+01  0.3888000     7.3035     7.3031    -0.0003     5.5951     5.5947     16.844     17.223      0.562    1448.47    1448.47  0.000e+00
       7258     17.500     7.8720     7.8737     0.0017    0.85677    0.85683          1     9.2897     9.1926      97.44     6.9681     0.6372  4.436e+01  0.3939000     7.2978     7.2980     0.0002     5.5990     5.5990     17.339     17.730      0.577    1448.04    1448.05  0.000e+00
       7278     18.000     7.7915     7.7954     0.0040    0.85440    0.85454          1     9.2571     9.1994      97.44     6.8805     0.6886  3.874e+01  0.3881000     7.2928     7.2933     0.0005     5.6014     5.6014     17.834     18.236      0.588    1447.71    1447.73  0.000e+00
       7298     18.500     7.5523     7.5545     0.0022    0.84764    0.84768          1     9.1354     9.1340      97.43     6.4382     0.6045  3.437e+01  0.3733000     7.2804     7.2803    -0.0001     5.6100     5.6097     18.330     18.743      0.590    1446.72    1446.73  0.000e+00
       7319     19.000     7.1647     7.1676     0.0028    0.83732    0.83742          1     9.0899     9.1522      97.42     5.8569     0.6235  3.014e+01  0.3542000     7.2659     7.2661     0.0003     5.6264     5.6264     18.825     19.249      0.586    1445.10    1445.11  0.000e+00
       7339     19.500     6.6143     6.6173     0.0030    0.82278    0.82303          1     9.1293     9.2205      97.43     5.0763     0.5537  2.634e+01  0.3366000     7.2452     7.2470     0.0018     5.6464     5.6476     19.321     19.755      0.574    1442.77    1442.78  0.000e+00
       7361     20.000     6.1738     6.1777     0.0041    0.81235    0.81250          1     9.1824     9.2800      97.44     2.8813     0.4211  2.319e+01  0.2790000     7.2394     7.2400     0.0006     5.6679     5.6682     19.816     20.262      0.559    1440.90    1440.92  0.000e+00
       7382     20.500     5.8218     5.8303     0.0084    0.80446    0.80466          1     9.2687     9.3350      97.44     1.4589     0.2953  2.047e+01  0.2412000     7.2387     7.2388     0.0001     5.6860     5.6857     20.311     20.768      0.555    1439.39    1439.43  0.000e+00
       7404     21.000     5.4974     5.4974     0.0000    0.79722    0.79727          1     9.3481     9.3687      97.45     0.9154     0.2810  1.813e+01  0.2155000     7.2380     7.2385     0.0005     5.7013     5.7016     20.807     21.275      0.570    1438.00    1438.00  0.000e+00
       7424     21.500     5.1921     5.1900    -0.0018    0.79073    0.79072          1     9.2536     9.2560      97.44     0.7643     0.1872  1.620e+01  0.1929000     7.2403     7.2407     0.0003     5.7165     5.7168     21.302     21.781      0.590    1436.68    1436.67  0.000e+00
       7445     22.000     4.7775     4.7884     0.0109    0.78171    0.78190          1     9.2166     9.2313      97.44     0.6750     0.1868  1.457e+01  0.2055000     7.2413     7.2408    -0.0005     5.7333     5.7324     21.797     22.287      0.594    1434.86    1434.91  0.000e+00
       7465     22.500     4.2797     4.2872     0.0076    0.77064    0.77102          1     9.1587     9.1384      97.46     0.5950     0.2202  1.329e+01  0.1849000     7.2394     7.2416     0.0022     5.7475     5.7490     22.293     22.794      0.583    1432.65    1432.69  0.000e+00
       7486     23.000     3.8293     3.8374     0.0081    0.76027    0.76043          1     8.9796     8.8964      97.46     0.5347     0.2113  1.211e+01  0.1763000     7.2338     7.2336    -0.0002     5.7545     5.7541     22.788     23.300      0.570    1430.63    1430.67  0.000e+00
       7507     23.500     3.6227     3.6246     0.0019    0.75618    0.75611          1     8.8959     8.7446      97.46     0.4683     0.1919  1.117e+01  0.1693000     7.2377     7.2366    -0.0012     5.7616     5.7606     23.284     23.806      0.563    1429.70    1429.71  0.000e+00
       7528     24.000     3.2843     3.2820    -0.0024    0.74860    0.74849          1     8.9504     8.7226      97.50     0.4128     0.2385  1.021e+01  0.1618000     7.2351     7.2345    -0.0006     5.7650     5.7645     23.779     24.313      0.572    1428.17    1428.16  0.000e+00
       7549     24.500     3.4389     3.4398     0.0012    0.75322    0.75323          1     9.0508     8.8254      97.52     0.4042     0.2573  9.324e+00  0.1618000     7.2482     7.2481    -0.0001     5.7732     5.7730     24.274     24.819      0.595    1428.90    1428.90  0.000e+00
       7569     25.000     3.6612     3.6577    -0.0034    0.76012    0.76001          1     9.1642     8.9858      97.61     0.3612     0.2320  8.551e+00  0.1452000     7.2694     7.2691    -0.0004     5.7862     5.7860     24.770     25.325      0.612    1429.95    1429.93  0.000e+00
       7588     25.500     3.8439     3.8491     0.0052    0.76591    0.76599          1     9.2109     9.0454      98.30     0.3724     0.1644  7.800e+00  0.1520000     7.2879     7.2875    -0.0004     5.7972     5.7968     25.265     25.832      0.608    1430.80    1430.83  0.000e+00
       7608     26.000     3.8566     3.8567     0.0001    0.76676    0.76670          1     9.2679     9.0813      98.69     0.3763     0.1986  7.147e+00  0.1576000     7.2936     7.2930    -0.0006     5.8015     5.8010     25.760     26.338      0.589    1430.88    1430.88  0.000e+00
       7629     26.500     3.7144     3.7184     0.0039    0.76362    0.76364          1     9.3245     9.1069      98.71     0.3702     0.2140  6.589e+00  0.1625000     7.2932     7.2926    -0.0006     5.8041     5.8036     26.256     26.844      0.585    1430.24    1430.26  0.000e+00
       7649     27.000     3.7069     3.7082     0.0012    0.76386    0.76384          1     9.2388     9.0276      98.71     0.3690     0.2241  6.097e+00  0.1739000     7.2973     7.2969    -0.0004     5.8076     5.8072     26.751     27.351      0.601    1430.22    1430.22  0.000e+00
       7669     27.500     3.7366     3.7394     0.0027    0.76529    0.76532          1     9.1048     8.9157      98.71     0.3492     0.2498  5.627e+00  0.1523000     7.3053     7.3049    -0.0004     5.8133     5.8130     27.246     27.857      0.618    1430.37    1430.39  0.000e+00
       7688     28.000     3.6134     3.6201     0.0067    0.76261    0.76272          1     9.0477     8.8631      98.71     0.3329     0.1987  5.180e+00  0.1465000     7.3053     7.3051    -0.0003     5.8157     5.8154     27.742     28.363      0.631    1429.82    1429.85  0.000e+00
