ctdpy/tests/etc/all_smhi_bas_2018/SBE09_0827_20180823_1350_26_01_0868.cnv
* Sea-Bird SBE 9 Data File:
* FileName = D:\CTD_SBE911\DAT\26DA.2018.8.68.hex
* Software Version Seasave V 7.21d
* Temperature SN = 034605
* Conductivity SN = 041844
* Number of Bytes Per Scan = 48
* Number of Voltage Words = 5
* Number of Scans Averaged by the Deck Unit = 1
* NMEA Latitude = 57 54.44 N
* NMEA Longitude = 009 55.38 E
* NMEA UTC (Time) = Aug 23 2018  13:52:38
* NMEA baud rate = 4800
** Ship: DANA
** Average sound velocity: 1499.20 m/s
** True-depth calculation Thu, 28 Mar 2019 09:25:51 +0000
** CTD Python Module SMHI /ver 3-12/ feb 2012 
** LIMS Job: 20182601-0868
**  17 N HIRTSHALS
** Operator: Christian
** Cruise: 08/2018
# nquan = 26
# nvalues = 124                         
# units = specified
# name 0 = scan: Scan Count
# name 1 = prDM: Pressure, Digiquartz [db]
# name 2 = t090C: Temperature [ITS-90, deg C]
# name 3 = t190C: Temperature, 2 [ITS-90, deg C]
# name 4 = T2-T190C: Temperature Difference, 2 - 1 [ITS-90, deg C]
# name 5 = c0S/m: Conductivity [S/m]
# name 6 = c1S/m: Conductivity, 2 [S/m]
# name 7 = pumps: Pump Status
# name 8 = sbeox1ML/L: Oxygen, SBE 43, 2 [ml/l]
# name 9 = sbeox0ML/L: Oxygen, SBE 43 [ml/l]
# name 10 = altM: Altimeter [m]
# name 11 = chloroflTC0: Chlorophyll, Turner Cyclops [ug/l]
# name 12 = cpar: CPAR/Corrected Irradiance [%]
# name 13 = par: PAR/Irradiance, Biospherical/Lico [µE/(cm^2*s)]
# name 14 = spar: SPAR, Biospherical/Licor
# name 15 = sal00: Salinity, Practical [PSU]
# name 16 = sal11: Salinity, Practical, 2 [PSU]
# name 17 = secS-priS: Salinity, Practical, Difference, 2 - 1 [PSU]
# name 18 = sigma-t00: Density [sigma-t, kg/m^3 ]
# name 19 = sigma-t11: Density, 2 [sigma-t, kg/m^3 ]
# name 20 = depSM: Depth [salt water, m], lat = 57.9073
# name 21 = depFM: Depth [true depth, m], lat = 57.9073
# name 22 = dz/dtM: Descent Rate [m/s], WS = 2
# name 23 = svCM: Sound Velocity [Chen-Millero, m/s]
# name 24 = svCM1: Sound Velocity, 2 [Chen-Millero, m/s]
# name 25 = flag: flag
# span 0 =        203,       6038       
# span 1 =      1.500,     63.000       
# span 2 =     9.7986,    17.5596       
# span 3 =     9.7977,    17.5594       
# span 4 =    -0.4419,     0.0193       
# span 5 =   3.726682,   4.264846       
# span 6 =   3.727135,   4.268067       
# span 7 =          1,          1       
# span 8 =     5.0714,     5.7546       
# span 9 =     4.8280,     5.4923       
# span 10 =       2.45,       9.98      
# span 11 =     0.0549,     0.3244      
# span 12 = -4.709e-05, 8.7417e+00      
# span 13 = -1.310e-04, 2.8277e+01      
# span 14 = 2.2013e+02, 3.2349e+02      
# span 15 =    32.4782,    34.5678      
# span 16 =    32.4783,    34.5714      
# span 17 =    -0.0079,     0.2264      
# span 18 =    23.4557,    26.6486      
# span 19 =    23.4564,    26.6515      
# span 20 =      1.486,     62.407      
# span 21 =      1.493,     62.593      
# span 22 =     -0.120,      0.480      
# span 23 =    1489.35,    1511.95      
# span 24 =    1489.33,    1511.99      
# span 25 = 0.0000e+00, 0.0000e+00      
# interval = decibars: 0.5              
# start_time = Aug 23 2018 13:52:38 [NMEA time, first data scan]
# bad_flag = -9.990e-29
*END*
        203      1.500    17.5324    17.5242    -0.0082    4.25101    4.24931          1     5.7119     5.4659       9.98     0.2769  8.742e+00  2.828e+01  3.235e+02    32.4927    32.4848    -0.0079    23.4652    23.4610      1.486      1.493      0.212    1511.58    1511.55  0.000e+00
        276      2.000    17.5258    17.5229    -0.0029    4.24871    4.24844          1     5.6973     5.4712       9.98     0.2711  7.636e+00  2.458e+01  3.219e+02    32.4782    32.4783     0.0000    23.4557    23.4564      1.981      1.990      0.212    1511.55    1511.54  0.000e+00
        328      2.500    17.5352    17.5359     0.0007    4.25176    4.25160          1     5.6720     5.4791       9.98     0.2724  6.691e+00  2.147e+01  3.208e+02    32.4966    32.4947    -0.0019    23.4675    23.4658      2.477      2.488      0.313    1511.61    1511.61  0.000e+00
        362      3.000    17.5438    17.5444     0.0005    4.25442    4.25472          1     5.6974     5.4917       9.98     0.2702  5.891e+00  1.889e+01  3.208e+02    32.5122    32.5143     0.0021    23.4774    23.4788      2.972      2.986      0.315    1511.66    1511.67  0.000e+00
        431      3.500    17.5402    17.5459     0.0057    4.25348    4.25535          1     5.7154     5.4632       9.98     0.2855  5.369e+00  1.712e+01  3.189e+02    32.5069    32.5183     0.0113    23.4742    23.4815      3.468      3.483      0.267    1511.65    1511.68  0.000e+00
        474      4.000    17.5512    17.5508    -0.0003    4.25715    4.25703          1     5.7078     5.4626       9.98     0.2769  4.884e+00  1.551e+01  3.176e+02    32.5292    32.5285    -0.0007    23.4886    23.4882      3.963      3.981      0.457    1511.72    1511.72  0.000e+00
        498      4.500    17.5526    17.5522    -0.0003    4.25783    4.25809          1     5.7290     5.4865       9.98     0.2751  4.395e+00  1.392e+01  3.168e+02    32.5337    32.5362     0.0025    23.4918    23.4938      4.458      4.478      0.444    1511.74    1511.74  0.000e+00
        535      5.000    17.5524    17.5530     0.0006    4.25781    4.25853          1     5.7546     5.4923       9.98     0.2827  3.993e+00  1.264e+01  3.167e+02    32.5336    32.5392     0.0056    23.4917    23.4958      4.954      4.976      0.230    1511.75    1511.75  0.000e+00
        615      5.500    17.5523    17.5547     0.0024    4.25780    4.25887          1     5.7079     5.4673       9.98     0.2905  3.720e+00  1.171e+01  3.147e+02    32.5334    32.5406     0.0072    23.4916    23.4965      5.449      5.473      0.321    1511.75    1511.77  0.000e+00
        641      6.000    17.5596    17.5594    -0.0002    4.26006    4.26035          1     5.6620     5.4631       9.98     0.2889  3.275e+00  1.031e+01  3.148e+02    32.5467    32.5493     0.0026    23.5000    23.5020      5.944      5.971      0.454    1511.80    1511.80  0.000e+00
        669      6.500    17.5594    17.5590    -0.0004    4.26015    4.26065          1     5.6845     5.4650       9.98     0.2937  2.916e+00  9.179e+00  3.148e+02    32.5474    32.5520     0.0046    23.5006    23.5042      6.440      6.469      0.314    1511.81    1511.81  0.000e+00
        747      7.000    17.5577    17.5588     0.0012    4.25976    4.26074          1     5.7480     5.4709       9.98     0.2899  2.690e+00  8.412e+00  3.127e+02    32.5453    32.5527     0.0074    23.4994    23.5048      6.935      6.966      0.257    1511.81    1511.82  0.000e+00
        785      7.500    17.5591    17.5589    -0.0002    4.26040    4.26090          1     5.7493     5.4655       9.98     0.2902  2.386e+00  7.458e+00  3.125e+02    32.5494    32.5538     0.0045    23.5022    23.5057      7.430      7.464      0.346    1511.83    1511.83  0.000e+00
        823      8.000    17.5592    17.5584    -0.0008    4.26048    4.26094          1     5.7323     5.4597       9.98     0.3164  2.123e+00  6.597e+00  3.108e+02    32.5498    32.5544     0.0046    23.5025    23.5062      7.926      7.961      0.273    1511.83    1511.84  0.000e+00
        877      8.500    17.5590    17.5578    -0.0012    4.26053    4.26086          1     5.7351     5.4635       9.98     0.3085  1.955e+00  6.047e+00  3.093e+02    32.5502    32.5540     0.0038    23.5028    23.5061      8.421      8.459      0.231    1511.84    1511.84  0.000e+00
        920      9.000    17.5586    17.5572    -0.0014    4.26056    4.26095          1     5.7144     5.4656       9.98     0.2909  1.752e+00  5.408e+00  3.087e+02    32.5506    32.5550     0.0044    23.5033    23.5070      8.916      8.956      0.324    1511.85    1511.85  0.000e+00
        958      9.500    17.5579    17.5568    -0.0012    4.26056    4.26096          1     5.7304     5.4620       9.98     0.3067  1.571e+00  4.848e+00  3.085e+02    32.5510    32.5553     0.0043    23.5037    23.5073      9.412      9.454      0.273    1511.86    1511.86  0.000e+00
       1019     10.000    17.5573    17.5562    -0.0011    4.26055    4.26094          1     5.7303     5.4544       9.98     0.3037  1.430e+00  4.388e+00  3.069e+02    32.5512    32.5554     0.0042    23.5040    23.5075      9.907      9.952      0.232    1511.86    1511.87  0.000e+00
       1063     10.500    17.5559    17.5545    -0.0014    4.26048    4.26085          1     5.7227     5.4460       9.98     0.2912  1.295e+00  3.970e+00  3.067e+02    32.5516    32.5558     0.0043    23.5047    23.5082     10.403     10.449      0.350    1511.87    1511.87  0.000e+00
       1099     11.000    17.5547    17.5526    -0.0021    4.26046    4.26085          1     5.7341     5.4395       9.98     0.3112  1.157e+00  3.533e+00  3.053e+02    32.5521    32.5572     0.0051    23.5053    23.5098     10.898     10.947      0.264    1511.87    1511.87  0.000e+00
       1158     11.500    17.5529    17.5493    -0.0035    4.26046    4.26092          1     5.6906     5.4353       9.98     0.2984  1.047e+00  3.184e+00  3.040e+02    32.5535    32.5602     0.0068    23.5068    23.5128     11.393     11.444      0.245    1511.88    1511.87  0.000e+00
       1196     12.000    17.5502    17.5463    -0.0039    4.26050    4.26093          1     5.6728     5.4147       9.98     0.2969  9.566e-01  2.895e+00  3.026e+02    32.5558    32.5626     0.0068    23.5092    23.5153     11.889     11.942      0.343    1511.88    1511.88  0.000e+00
       1238     12.500    17.5479    17.5455    -0.0024    4.26051    4.26092          1     5.6875     5.4193       9.98     0.3239  8.607e-01  2.602e+00  3.023e+02    32.5576    32.5629     0.0054    23.5111    23.5158     12.384     12.440      0.239    1511.88    1511.88  0.000e+00
       1291     13.000    17.5466    17.5452    -0.0014    4.26053    4.26092          1     5.7091     5.4052       9.98     0.2990  7.689e-01  2.311e+00  3.005e+02    32.5585    32.5630     0.0045    23.5122    23.5160     12.879     12.937      0.268    1511.89    1511.89  0.000e+00
       1329     13.500    17.5455    17.5434    -0.0021    4.26054    4.26096          1     5.6929     5.4178       9.97     0.2964  6.927e-01  2.082e+00  3.006e+02    32.5593    32.5646     0.0053    23.5130    23.5176     13.375     13.435      0.318    1511.90    1511.90  0.000e+00
       1375     14.000    17.5443    17.5413    -0.0030    4.26056    4.26119          1     5.6907     5.4058       9.97     0.3244  6.343e-01  1.899e+00  2.994e+02    32.5603    32.5681     0.0078    23.5141    23.5208     13.870     13.932      0.218    1511.90    1511.90  0.000e+00
       1432     14.500    17.5429    17.5398    -0.0032    4.26080    4.26163          1     5.6574     5.3930       9.97     0.2822  5.664e-01  1.690e+00  2.985e+02    32.5632    32.5729     0.0096    23.5166    23.5248     14.365     14.430      0.249    1511.91    1511.91  0.000e+00
       1473     15.000    17.5403    17.5312    -0.0091    4.26107    4.26180          1     5.6410     5.3902       9.97     0.2791  5.042e-01  1.501e+00  2.976e+02    32.5675    32.5810     0.0135    23.5205    23.5330     14.861     14.927      0.310    1511.91    1511.90  0.000e+00
       1514     15.500    17.5360    17.5242    -0.0118    4.26135    4.26386          1     5.6623     5.3910       9.97     0.3021  4.619e-01  1.370e+00  2.965e+02    32.5732    32.6040     0.0309    23.5259    23.5524     15.356     15.425      0.274    1511.92    1511.92  0.000e+00
       1560     16.000    17.5329    17.5337     0.0008    4.26239    4.26807          1     5.6314     5.3692       9.97     0.2802  4.164e-01  1.234e+00  2.965e+02    32.5844    32.6322     0.0478    23.5352    23.5717     15.851     15.922      0.259    1511.93    1511.99  0.000e+00
       1608     16.500    17.5294    17.5028    -0.0266    4.26443    4.26763          1     5.6293     5.3521       9.97     0.2677  3.680e-01  1.084e+00  2.946e+02    32.6045    32.6531     0.0486    23.5515    23.5950     16.347     16.420      0.245    1511.95    1511.93  0.000e+00
       1653     17.000    17.4730    17.3496    -0.1234    4.26485    4.26307          1     5.5957     5.2655       9.97     0.2415  3.293e-01  9.676e-01  2.938e+02    32.6532    32.7376     0.0844    23.6022    23.6962     16.842     16.918      0.313    1511.84    1511.57  0.000e+00
       1687     17.500    17.3619    17.1647    -0.1973    4.26159    4.25856          1     5.4876     5.1748       9.97     0.2366  2.979e-01  8.716e-01  2.925e+02    32.7147    32.8487     0.1340    23.6757    23.8250     17.337     17.415      0.364    1511.59    1511.15  0.000e+00
       1732     18.000    17.2126    16.9147    -0.2975    4.25610    4.24707          1     5.3356     5.1047       9.97     0.1967  2.672e-01  7.801e-01  2.919e+02    32.7884    32.9532     0.1649    23.7675    23.9638     17.833     17.913      0.227    1511.24    1510.53  0.000e+00
       1801     18.500    16.9164    16.8623    -0.0541    4.24276    4.24183          1     5.2596     4.9878       9.97     0.1383  2.369e-01  6.879e-01  2.903e+02    32.9143    32.9506     0.0363    23.9336    23.9740     18.328     18.410      0.318    1510.50    1510.37  0.000e+00
       1830     19.000    16.8927    16.8328    -0.0601    4.24085    4.23934          1     5.2501     5.0166       9.97     0.1349  2.104e-01  6.109e-01  2.904e+02    32.9170    32.9530     0.0360    23.9412    23.9828     18.823     18.907      0.408    1510.43    1510.30  0.000e+00
       1861     19.500    16.8799    16.8170    -0.0629    4.24021    4.23778          1     5.2635     5.0127       9.97     0.1386  1.878e-01  5.453e-01  2.903e+02    32.9218    32.9522     0.0304    23.9478    23.9858     19.319     19.405      0.342    1510.41    1510.26  0.000e+00
       1916     20.000    16.8461    16.7851    -0.0610    4.23788    4.23539          1     5.2659     5.0143       9.97     0.1471  1.689e-01  4.861e-01  2.877e+02    32.9291    32.9575     0.0284    23.9613    23.9973     19.814     19.902      0.200    1510.33    1510.17  0.000e+00
       1979     20.500    16.8041    16.7337    -0.0705    4.23498    4.23181          1     5.2463     4.9791       9.97     0.1338  1.463e-01  4.188e-01  2.863e+02    32.9382    32.9684     0.0302    23.9780    24.0176     20.309     20.399      0.359    1510.22    1510.04  0.000e+00
       2005     21.000    16.7432    16.5858    -0.1572    4.23071    4.22402          1     5.2002     4.9465       9.97     0.1238  1.264e-01  3.619e-01  2.864e+02    32.9508    33.0221     0.0713    24.0019    24.0930     20.804     20.897      0.457    1510.05    1509.66  0.000e+00
       2035     21.500    16.6514    16.4762    -0.1753    4.22435    4.21577          1     5.1548     4.9319       9.97     0.1216  1.082e-01  3.100e-01  2.864e+02    32.9707    33.0403     0.0696    24.0384    24.1322     21.300     21.394      0.317    1509.81    1509.35  0.000e+00
       2111     22.000    16.5007    16.3902    -0.1105    4.21381    4.20885          1     5.1509     4.8906       9.97     0.1173  9.450e-02  2.690e-01  2.846e+02    33.0028    33.0507     0.0479    24.0978    24.1600     21.795     21.891      0.290    1509.39    1509.11  0.000e+00
       2149     22.500    16.3638    16.2919    -0.0720    4.20397    4.20249          1     5.1516     4.8916       9.97     0.1101  7.769e-02  2.209e-01  2.843e+02    33.0296    33.0763     0.0466    24.1498    24.2021     22.290     22.389      0.416    1509.01    1508.84  0.000e+00
       2178     23.000    16.2661    15.9330    -0.3331    4.19695    4.18128          1     5.0976     4.8764       9.97     0.1062  6.213e-02  1.756e-01  2.825e+02    33.0488    33.1884     0.1396    24.1869    24.3693     22.786     22.886      0.356    1508.74    1507.87  0.000e+00
       2228     23.500    15.9138    15.6386    -0.2751    4.16958    4.15318          1     5.0714     4.8280       9.97     0.1076  4.927e-02  1.391e-01  2.823e+02    33.1005    33.1854     0.0849    24.3061    24.4331     23.281     23.383      0.209    1507.72    1506.96  0.000e+00
       2281     24.000    15.5765    15.4563    -0.1203    4.14422    4.14212          1     5.1020     4.8688       9.97     0.1106  3.661e-02  1.030e-01  2.813e+02    33.1574    33.2400     0.0827    24.4253    24.5155     23.776     23.880      0.293    1506.74    1506.46  0.000e+00
       2318     24.500    15.2591    14.9235    -0.3359    4.12008    4.10835          1     5.1164     4.9059       9.97     0.1138  2.363e-02  6.623e-02  2.803e+02    33.2087    33.3887     0.1800    24.5347    24.7463     24.272     24.377      0.337    1505.81    1504.96  0.000e+00
       2354     25.000    14.6495    14.2075    -0.4419    4.07286    4.05594          1     5.1398     5.0052       9.97     0.1124  1.310e-02  3.668e-02  2.799e+02    33.3001    33.5265     0.2264    24.7368    25.0049     24.767     24.874      0.290    1503.99    1502.83  0.000e+00
       2415     25.500    13.8438    13.6247    -0.2209    4.01325    4.00590          1     5.2885     5.1587       9.97     0.1138  3.251e-03  9.063e-03  2.783e+02    33.4474    33.5705     0.1231    25.0192    25.1597     25.262     25.371      0.234    1501.56    1500.99  0.000e+00
       2461     26.000    13.5107    13.4045    -0.1058    3.98671    3.98792          1     5.3431     5.2454       9.97     0.1176 -4.709e-05 -1.310e-04  2.781e+02    33.4909    33.5955     0.1047    25.1214    25.2239     25.758     25.868      0.384    1500.53    1500.30  0.000e+00
       2491     26.500    13.3949    13.3341    -0.0608    3.98257    3.98963          1     5.3982     5.3177       9.97     0.1676  3.646e-13  1.008e-12  2.764e+02    33.5536    33.6737     0.1201    25.1934    25.2986     26.253     26.365      0.366    1500.23    1500.17  0.000e+00
       2538     27.000    13.2996    13.2008    -0.0990    3.98512    3.98946          1     5.4791     5.3433       9.97     0.1200  3.628e-13  1.000e-12  2.756e+02    33.6615    33.7901     0.1285    25.2961    25.4154     26.748     26.862      0.199    1500.05    1499.87  0.000e+00
       2601     27.500    12.9985    12.9311    -0.0673    3.96507    3.96831          1     5.4533     5.3425       9.97     0.1215  3.649e-13  1.000e-12  2.741e+02    33.7391    33.8301     0.0910    25.4164    25.5003     27.244     27.358      0.312    1499.15    1499.03  0.000e+00
       2632     28.000    12.8127    12.7305    -0.0820    3.95642    3.95888          1     5.4831     5.4124       9.97     0.1190  3.647e-13  1.000e-12  2.742e+02    33.8226    33.9198     0.0973    25.5178    25.6093     27.739     27.855      0.359    1498.63    1498.47  0.000e+00
       2675     28.500    12.7002    12.6511    -0.0492    3.94897    3.95108          1     5.5301     5.4410       9.97     0.1222  3.665e-13  1.000e-12  2.728e+02    33.8522    33.9165     0.0644    25.5628    25.6224     28.234     28.351      0.236    1498.30    1498.21  0.000e+00
