ctdpy/tests/etc/all_smhi_bas_2018/SBE09_0827_20180828_0832_26_01_0922.cnv
* Sea-Bird SBE 9 Data File:
* FileName = D:\CTD_SBE911\DAT\26DA.2018.8.122.hex
* Software Version Seasave V 7.21d
* Temperature SN = 034605
* Conductivity SN = 041844
* Number of Bytes Per Scan = 48
* Number of Voltage Words = 5
* Number of Scans Averaged by the Deck Unit = 1
* NMEA Latitude = 56 48.46 N
* NMEA Longitude = 011 49.45 E
* NMEA UTC (Time) = Aug 28 2018  08:34:48
* NMEA baud rate = 4800
** Ship: DANA
** Average sound velocity: 1504.89 m/s
** True-depth calculation Thu, 28 Mar 2019 09:54:08 +0000
** CTD Python Module SMHI /ver 3-12/ feb 2012 
** LIMS Job: 20182601-0922
**  FYRBANKEN
** Operator: Christian
** Cruise: 08/2018
# nquan = 26
# nvalues = 83                          
# units = specified
# name 0 = scan: Scan Count
# name 1 = prDM: Pressure, Digiquartz [db]
# name 2 = t090C: Temperature [ITS-90, deg C]
# name 3 = t190C: Temperature, 2 [ITS-90, deg C]
# name 4 = T2-T190C: Temperature Difference, 2 - 1 [ITS-90, deg C]
# name 5 = c0S/m: Conductivity [S/m]
# name 6 = c1S/m: Conductivity, 2 [S/m]
# name 7 = pumps: Pump Status
# name 8 = sbeox1ML/L: Oxygen, SBE 43, 2 [ml/l]
# name 9 = sbeox0ML/L: Oxygen, SBE 43 [ml/l]
# name 10 = altM: Altimeter [m]
# name 11 = chloroflTC0: Chlorophyll, Turner Cyclops [ug/l]
# name 12 = cpar: CPAR/Corrected Irradiance [%]
# name 13 = par: PAR/Irradiance, Biospherical/Lico [µE/(cm^2*s)]
# name 14 = spar: SPAR, Biospherical/Licor
# name 15 = sal00: Salinity, Practical [PSU]
# name 16 = sal11: Salinity, Practical, 2 [PSU]
# name 17 = secS-priS: Salinity, Practical, Difference, 2 - 1 [PSU]
# name 18 = sigma-t00: Density [sigma-t, kg/m^3 ]
# name 19 = sigma-t11: Density, 2 [sigma-t, kg/m^3 ]
# name 20 = depSM: Depth [salt water, m], lat = 56.8077
# name 21 = depFM: Depth [true depth, m], lat = 56.8077
# name 22 = dz/dtM: Descent Rate [m/s], WS = 2
# name 23 = svCM: Sound Velocity [Chen-Millero, m/s]
# name 24 = svCM1: Sound Velocity, 2 [Chen-Millero, m/s]
# name 25 = flag: flag
# span 0 =       -200,       4332       
# span 1 =      1.000,     42.000       
# span 2 =     9.8491,    18.3770       
# span 3 =     9.7957,    18.3596       
# span 4 =    -1.2900,     0.0598       
# span 5 =   3.130283,   4.135636       
# span 6 =   3.130446,   4.136748       
# span 7 =          1,          1       
# span 8 =     4.1844,     6.0204       
# span 9 =     4.1340,     5.6817       
# span 10 =       0.84,       9.98      
# span 11 =    -0.0782,     0.2185      
# span 12 = 1.5130e-13, 9.8494e+00      
# span 13 = 1.0000e-12, 7.0265e+01      
# span 14 = 6.4662e+02, 7.1348e+02      
# span 15 =    22.8502,    33.0485      
# span 16 =    22.8474,    33.1280      
# span 17 =    -0.0642,     0.5272      
# span 18 =    15.9770,    25.4534      
# span 19 =    15.9711,    25.5244      
# span 20 =      0.991,     41.611      
# span 21 =      1.003,     41.900      
# span 22 =      0.049,      0.687      
# span 23 =    1487.60,    1511.33      
# span 24 =    1487.50,    1511.45      
# span 25 = 0.0000e+00, 0.0000e+00      
# interval = decibars: 0.5              
# start_time = Aug 28 2018 08:34:49 [NMEA time, first data scan]
# bad_flag = -9.990e-29
*END*
       -200      1.000    18.0569    18.0543    -0.0025    3.13117    3.13137          1     5.9809     5.6787       9.98    -0.0782  9.849e+00  7.027e+01  7.135e+02    22.8502    22.8532     0.0030    15.9798    15.9826      0.991      1.003      0.065    1502.22    1502.22  0.000e+00
        560      1.500    18.0463    18.0448    -0.0014    3.13073    3.13096          1     5.9811     5.6712       9.98     0.1396  8.601e+00  6.121e+01  7.116e+02    22.8524    22.8550     0.0026    15.9839    15.9862      1.486      1.504      0.344    1502.20    1502.20  0.000e+00
        873      2.000    18.0455    18.0442    -0.0013    3.13071    3.13083          1     5.9925     5.6817       9.98     0.1439  7.169e+00  5.096e+01  7.108e+02    22.8525    22.8543     0.0018    15.9841    15.9858      1.982      2.005      0.498    1502.21    1502.21  0.000e+00
        950      2.500    18.0461    18.0517     0.0056    3.13077    3.13130          1     5.9885     5.6690       9.98     0.0625  6.678e+00  4.747e+01  7.108e+02    22.8526    22.8538     0.0012    15.9840    15.9837      2.477      2.506      0.497    1502.22    1502.24  0.000e+00
        983      3.000    18.0568    18.0857     0.0288    3.13155    3.13288          1     5.9832     5.6672       9.98     0.1048  6.067e+00  4.312e+01  7.108e+02    22.8527    22.8474    -0.0053    15.9817    15.9711      2.972      3.008      0.687    1502.26    1502.34  0.000e+00
       1021      3.500    18.0595    18.0848     0.0253    3.13169    3.13354          1     6.0096     5.6659       9.98     0.1462  5.326e+00  3.786e+01  7.108e+02    22.8522    22.8531     0.0008    15.9807    15.9756      3.468      3.509      0.402    1502.27    1502.35  0.000e+00
       1087      4.000    18.0702    18.0743     0.0041    3.13223    3.13325          1     5.9846     5.6716       9.98     0.1749  4.999e+00  3.553e+01  7.108e+02    22.8505    22.8565     0.0060    15.9770    15.9806      3.963      4.010      0.522    1502.31    1502.33  0.000e+00
       1105      4.500    18.0512    18.0639     0.0126    3.13113    3.13217          1     5.9951     5.6717       9.98     0.1788  4.530e+00  3.222e+01  7.112e+02    22.8521    22.8534     0.0013    15.9825    15.9806      4.459      4.511      0.523    1502.26    1502.31  0.000e+00
       1167      5.000    18.0496    18.0409    -0.0086    3.13099    3.13106          1     6.0157     5.6714       9.98     0.1643  3.988e+00  2.843e+01  7.129e+02    22.8517    22.8571     0.0054    15.9826    15.9887      4.954      5.013      0.316    1502.27    1502.25  0.000e+00
       1213      5.500    18.0396    18.0342    -0.0054    3.13037    3.13045          1     6.0140     5.6646       9.98     0.1649  3.695e+00  2.633e+01  7.127e+02    22.8522    22.8558     0.0036    15.9852    15.9892      5.450      5.514      0.488    1502.25    1502.23  0.000e+00
       1241      6.000    18.0381    18.0343    -0.0038    3.13031    3.13069          1     5.9923     5.6675       9.98     0.1593  3.343e+00  2.383e+01  7.128e+02    22.8524    22.8576     0.0051    15.9858    15.9905      5.945      6.015      0.331    1502.25    1502.25  0.000e+00
       1306      6.500    18.0358    18.0346    -0.0012    3.13028    3.13085          1     6.0088     5.6647       9.98     0.1633  3.061e+00  2.182e+01  7.128e+02    22.8533    22.8586     0.0052    15.9870    15.9912      6.440      6.516      0.306    1502.25    1502.26  0.000e+00
       1339      7.000    18.0354    18.0347    -0.0006    3.13050    3.13092          1     6.0160     5.6797       9.98     0.1539  2.827e+00  2.015e+01  7.128e+02    22.8552    22.8589     0.0037    15.9884    15.9915      6.936      7.018      0.431    1502.26    1502.27  0.000e+00
       1367      7.500    18.0356    18.0357     0.0001    3.13071    3.13154          1     6.0203     5.6766       9.98     0.1551  2.570e+00  1.832e+01  7.128e+02    22.8566    22.8632     0.0066    15.9895    15.9945      7.431      7.519      0.376    1502.27    1502.28  0.000e+00
       1411      8.000    18.0365    18.0363    -0.0002    3.13149    3.13205          1     6.0204     5.6627       9.98     0.1592  2.333e+00  1.663e+01  7.128e+02    22.8623    22.8669     0.0046    15.9936    15.9972      7.927      8.020      0.210    1502.29    1502.30  0.000e+00
       1468      8.500    18.0401    18.0448     0.0047    3.13499    3.13721          1     5.9390     5.6277       9.98     0.1550  2.165e+00  1.543e+01  7.128e+02    22.8884    22.9036     0.0153    16.0127    16.0232      8.422      8.521      0.301    1502.34    1502.37  0.000e+00
       1499      9.000    18.0750    18.0985     0.0235    3.17827    3.18558          1     5.9359     5.6522       9.98     0.1615  1.954e+00  1.393e+01  7.128e+02    23.2174    23.2630     0.0456    16.2554    16.2848      8.917      9.023      0.424    1502.82    1502.95  0.000e+00
       1529      9.500    18.1508    18.1726     0.0218    3.25187    3.26315          1     5.9625     5.6425       9.98     0.1666  1.762e+00  1.256e+01  7.128e+02    23.7678    23.8462     0.0784    16.6573    16.7121      9.413      9.524      0.303    1503.68    1503.84  0.000e+00
       1610     10.000    18.2005    18.2089     0.0084    3.29118    3.29263          1     5.8484     5.5333       9.98     0.1542  1.592e+00  1.135e+01  7.128e+02    24.0561    24.0629     0.0068    16.8656    16.8688      9.908     10.024      0.337    1504.16    1504.20  0.000e+00
       1634     10.500    18.2993    18.3596     0.0598    3.38008    3.37663          1     5.8602     5.4868       9.98     0.1627  1.491e+00  1.063e+01  7.128e+02    24.7158    24.6516    -0.0642    17.3452    17.2822     10.403     10.525      0.523    1505.21    1505.32  0.000e+00
       1659     11.000    18.3770    18.3343    -0.0424    3.61116    3.65753          1     5.8147     5.3965       9.98     0.1657  1.369e+00  9.758e+00  7.128e+02    26.5450    26.9521     0.4071    18.7210    19.0415     10.899     11.025      0.387    1507.51    1507.85  0.000e+00
       1743     11.500    18.2805    18.2757    -0.0048    3.74383    3.74691          1     5.6770     5.3467       9.98     0.1832  1.241e+00  8.848e+00  7.128e+02    27.6920    27.7206     0.0286    19.6184    19.6413     11.394     11.525      0.357    1508.53    1508.55  0.000e+00
       1765     12.000    18.2660    18.2617    -0.0043    3.75205    3.75272          1     5.6741     5.3365       9.98     0.1795  1.145e+00  8.159e+00  7.128e+02    27.7693    27.7777     0.0084    19.6808    19.6882     11.890     12.025      0.564    1508.58    1508.58  0.000e+00
       1788     12.500    18.2544    18.2405    -0.0138    3.75562    3.75882          1     5.6672     5.3409       9.98     0.1749  1.037e+00  7.394e+00  7.128e+02    27.8063    27.8420     0.0357    19.7118    19.7423     12.385     12.524      0.414    1508.60    1508.60  0.000e+00
       1877     13.000    18.2251    18.2228    -0.0023    3.77058    3.76932          1     5.6557     5.2992       9.98     0.2185  9.504e-01  6.774e+00  7.128e+02    27.9491    27.9403    -0.0089    19.8277    19.8214     12.880     13.023      0.350    1508.68    1508.66  0.000e+00
       1901     13.500    18.1923    18.1751    -0.0171    3.79909    3.80201          1     5.6290     5.2532       9.98     0.1995  8.495e-01  6.055e+00  7.128e+02    28.2064    28.2423     0.0359    20.0317    20.0632     13.376     13.523      0.525    1508.88    1508.87  0.000e+00
       1926     14.000    18.1610    18.1491    -0.0120    3.83302    3.84253          1     5.5631     5.2401       9.98     0.1726  7.673e-01  5.469e+00  7.128e+02    28.5079    28.5948     0.0869    20.2693    20.3384     13.871     14.022      0.376    1509.14    1509.20  0.000e+00
       2007     14.500    18.1463    18.1355    -0.0108    3.85111    3.85967          1     5.5124     5.1928       9.98     0.1683  7.048e-01  5.023e+00  7.127e+02    28.6675    28.7460     0.0784    20.3946    20.4570     14.367     14.521      0.306    1509.28    1509.34  0.000e+00
       2036     15.000    18.1316    18.1304    -0.0013    3.88803    3.89333          1     5.4911     5.2027       9.98     0.1744  6.491e-01  4.614e+00  7.108e+02    28.9835    29.0284     0.0449    20.6393    20.6739     14.862     15.020      0.463    1509.60    1509.65  0.000e+00
       2063     15.500    18.1278    18.1177    -0.0101    3.91748    3.92887          1     5.5161     5.2077       9.98     0.1601  5.863e-01  4.167e+00  7.108e+02    29.2303    29.3321     0.1018    20.8287    20.9088     15.357     15.519      0.379    1509.88    1509.97  0.000e+00
       2116     16.000    18.1079    18.0932    -0.0145    3.93758    3.94729          1     5.5177     5.1891       9.98     0.1505  5.333e-01  3.786e+00  7.099e+02    29.4114    29.5026     0.0912    20.9717    21.0448     15.853     16.018      0.206    1510.04    1510.10  0.000e+00
       2175     16.500    18.0822    18.0599    -0.0223    3.95317    3.95863          1     5.4858     5.1375       9.98     0.1544  4.870e-01  3.451e+00  7.087e+02    29.5593    29.6209     0.0616    21.0908    21.1431     16.348     16.517      0.362    1510.13    1510.14  0.000e+00
       2200     17.000    18.0210    18.0032    -0.0178    3.99298    4.00568          1     5.4623     5.1351       9.98     0.1517  4.402e-01  3.120e+00  7.088e+02    29.9353    30.0544     0.1191    21.3926    21.4878     16.843     17.015      0.464    1510.39    1510.47  0.000e+00
       2228     17.500    18.0073    17.9813    -0.0260    4.01334    4.02964          1     5.4472     5.1459       9.98     0.1413  4.017e-01  2.840e+00  7.070e+02    30.1152    30.2707     0.1554    21.5333    21.6583     17.339     17.514      0.317    1510.56    1510.66  0.000e+00
       2306     18.000    17.9889    17.9765    -0.0125    4.02748    4.03610          1     5.4395     5.1430       9.98     0.1529  3.690e-01  2.608e+00  7.067e+02    30.2468    30.3282     0.0813    21.6383    21.7034     17.834     18.012      0.307    1510.66    1510.72  0.000e+00
       2334     18.500    17.9763    17.9690    -0.0073    4.03957    4.04235          1     5.4274     5.1438       9.98     0.1492  3.341e-01  2.360e+00  7.062e+02    30.3572    30.3859     0.0287    21.7256    21.7493     18.330     18.511      0.469    1510.76    1510.77  0.000e+00
       2361     19.000    17.9686    17.9529    -0.0157    4.04335    4.04816          1     5.4227     5.1243       9.98     0.1449  3.058e-01  2.155e+00  7.048e+02    30.3944    30.4464     0.0520    21.7559    21.7994     18.825     19.009      0.372    1510.79    1510.80  0.000e+00
       2421     19.500    17.9588    17.9432    -0.0156    4.04765    4.05411          1     5.4256     5.1233       9.98     0.1472  2.817e-01  1.984e+00  7.045e+02    30.4375    30.5033     0.0658    21.7912    21.8452     19.320     19.508      0.252    1510.81    1510.84  0.000e+00
       2465     20.000    17.9462    17.9234    -0.0228    4.05325    4.05821          1     5.4182     5.1216       9.97     0.1460  2.596e-01  1.824e+00  7.027e+02    30.4937    30.5523     0.0586    21.8371    21.8874     19.816     20.006      0.425    1510.85    1510.85  0.000e+00
       2491     20.500    17.9062    17.8639    -0.0423    4.06451    4.07292          1     5.4143     5.1134       9.97     0.1542  2.357e-01  1.656e+00  7.027e+02    30.6179    30.7202     0.1024    21.9416    22.0299     20.311     20.504      0.407    1510.88    1510.87  0.000e+00
       2533     21.000    17.8832    17.8603    -0.0229    4.07049    4.08115          1     5.4130     5.1065       9.97     0.1471  2.159e-01  1.516e+00  7.020e+02    30.6852    30.7920     0.1068    21.9985    22.0857     20.806     21.003      0.206    1510.89    1510.95  0.000e+00
       2600     21.500    17.8723    17.8824     0.0101    4.08100    4.09052          1     5.4025     5.1151       9.97     0.1332  1.995e-01  1.396e+00  6.996e+02    30.7815    30.8540     0.0724    22.0748    22.1278     21.302     21.501      0.324    1510.98    1511.09  0.000e+00
       2629     22.000    17.8996    17.9326     0.0329    4.09579    4.10896          1     5.4047     5.1323       9.97     0.1334  1.811e-01  1.265e+00  6.986e+02    30.8850    30.9708     0.0858    22.1474    22.2051     21.797     21.999      0.396    1511.19    1511.38  0.000e+00
       2665     22.500    17.9152    17.9143    -0.0009    4.10222    4.11941          1     5.4319     5.1190       9.97     0.1583  1.651e-01  1.153e+00  6.986e+02    30.9271    31.0723     0.1452    22.1759    22.2871     22.292     22.497      0.268    1511.29    1511.45  0.000e+00
       2720     23.000    17.8948    17.7942    -0.1006    4.11068    4.12627          1     5.3807     5.0788       9.97     0.1228  1.508e-01  1.053e+00  6.980e+02    31.0136    31.2216     0.2081    22.2469    22.4300     22.788     22.996      0.247    1511.33    1511.27  0.000e+00
       2757     23.500    17.8371    17.6538    -0.1832    4.12131    4.12611          1     5.3401     5.0527       9.97     0.1139  1.371e-01  9.553e-01  6.966e+02    31.1468    31.3278     0.1810    22.3625    22.5446     23.283     23.494      0.396    1511.32    1510.98  0.000e+00
       2785     24.000    17.7549    17.6181    -0.1368    4.12183    4.12552          1     5.3081     5.0345       9.97     0.1199  1.252e-01  8.720e-01  6.966e+02    31.2139    31.3502     0.1363    22.4334    22.5702     23.779     23.992      0.397    1511.16    1510.91  0.000e+00
       2826     24.500    17.7047    17.6245    -0.0803    4.12337    4.12893          1     5.2904     5.0323       9.97     0.1195  1.148e-01  7.987e-01  6.960e+02    31.2652    31.3740     0.1088    22.4846    22.5869     24.274     24.490      0.221    1511.08    1510.97  0.000e+00
       2888     25.000    17.6713    17.6328    -0.0384    4.12631    4.13211          1     5.3089     5.0049       9.97     0.1036  1.062e-01  7.375e-01  6.944e+02    31.3156    31.3943     0.0787    22.5311    22.6004     24.769     24.988      0.301    1511.05    1511.02  0.000e+00
       2919     25.500    17.6439    17.6344    -0.0095    4.13178    4.13645          1     5.3081     5.0080       9.97     0.1031  9.668e-02  6.697e-01  6.927e+02    31.3828    31.4297     0.0469    22.5890    22.6272     25.265     25.486      0.393    1511.05    1511.07  0.000e+00
       2953     26.000    17.6382    17.5910    -0.0471    4.13429    4.13675          1     5.2987     5.0085       9.97     0.1071  8.786e-02  6.084e-01  6.925e+02    31.4083    31.4656     0.0573    22.6099    22.6650     25.760     25.984      0.263    1511.07    1510.99  0.000e+00
       3019     26.500    17.6000    17.5584    -0.0416    4.13469    4.13467          1     5.2859     4.9709       9.97     0.0953  8.170e-02  5.643e-01  6.907e+02    31.4410    31.4731     0.0321    22.6440    22.6784     26.255     26.482      0.273    1511.00    1510.91  0.000e+00
       3052     27.000    17.5518    17.5379    -0.0140    4.13492    4.13595          1     5.2767     4.9562       9.97     0.0961  7.327e-02  5.059e-01  6.905e+02    31.4801    31.4996     0.0195    22.6853    22.7036     26.751     26.980      0.401    1510.91    1510.89  0.000e+00
       3084     27.500    17.5254    17.4725    -0.0530    4.13564    4.13577          1     5.2702     4.9619       9.97     0.0945  6.631e-02  4.575e-01  6.898e+02    31.5065    31.5487     0.0422    22.7118    22.7566     27.246     27.478      0.332    1510.87    1510.76  0.000e+00
       3132     28.000    17.3942    17.2733    -0.1209    4.12987    4.12699          1     5.2089     4.8931       9.97     0.0912  6.048e-02  4.163e-01  6.884e+02    31.5592    31.6289     0.0697    22.7831    22.8649     27.741     27.976      0.209    1510.55    1510.26  0.000e+00
