ctdpy/tests/etc/all_smhi_bas_2018/SBE09_1044_20180319_1533_34_02_0070.cnv
* Sea-Bird SBE 9 Data File:
* FileName = C:\ctd\temp\2018\ME18D070.hex
* Software Version Seasave V 7.26.6.26
* Temperature SN = 5351
* Conductivity SN = 3941
* Number of Bytes Per Scan = 41
* Number of Voltage Words = 4
* Number of Scans Averaged by the Deck Unit = 1
* NMEA Latitude = 57 51.99 N
* NMEA Longitude = 011 17.55 E
* NMEA UTC (Time) = Mar 19 2018  15:33:44
* NMEA baud rate = 4800
** Station:  P2
** Operator:  A-KTh
** Ship: MERI
** Average sound velocity: 1470.71 m/s
** True-depth calculation Mon, 19 Mar 2018 16:26:36 +0000
** CTD Python Module SMHI /ver 3-12/ feb 2012 
** LIMS Job: 20183402-0070
** Cruise: SMHI-02-2018
** Latitude [GG MM.mm N] :
** Longitude [GG MM.mm E]:
# nquan = 26
# nvalues = 179                         
# units = specified
# name 0 = scan: Scan Count
# name 1 = prDM: Pressure, Digiquartz [db]
# name 2 = t090C: Temperature [ITS-90, deg C]
# name 3 = t190C: Temperature, 2 [ITS-90, deg C]
# name 4 = T2-T190C: Temperature Difference, 2 - 1 [ITS-90, deg C]
# name 5 = c0S/m: Conductivity [S/m]
# name 6 = c1S/m: Conductivity, 2 [S/m]
# name 7 = pumps: Pump Status
# name 8 = sbeox0ML/L: Oxygen, SBE 43 [ml/l]
# name 9 = sbeox1ML/L: Oxygen, SBE 43, 2 [ml/l]
# name 10 = altM: Altimeter [m]
# name 11 = flECO-AFL: Chl-a Fluorescence, WET Labs ECO-AFL/FL [mg/m^3]
# name 12 = flECO-AFL1: Phycocyanin Fluorescence, WET Labs ECO-AFL/FL, 2 [mg/m^3]
# name 13 = par: PAR/Irradiance, Biospherical/Lico [µE/(cm^2*s)]
# name 14 = turbWETntu0: Turbidity, WET Labs ECO [NTU]
# name 15 = sal00: Salinity, Practical [PSU]
# name 16 = sal11: Salinity, Practical, 2 [PSU]
# name 17 = secS-priS: Salinity, Practical, Difference, 2 - 1 [PSU]
# name 18 = sigma-t00: Density [sigma-t, Kg/m^3 ]
# name 19 = sigma-t11: Density, 2 [sigma-t, Kg/m^3 ]
# name 20 = depSM: Depth [salt water, m], lat = 57.8665
# name 21 = depFM: Depth [true depth, m], lat = 57.8665
# name 22 = dz/dtM: Descent Rate [m/s], WS = 2
# name 23 = svCM: Sound Velocity [Chen-Millero, m/s]
# name 24 = svCM1: Sound Velocity, 2 [Chen-Millero, m/s]
# name 25 = flag: flag
# span 0 =       7903,      12281       
# span 1 =      1.000,     90.000       
# span 2 =    -0.0673,     7.1981       
# span 3 =    -0.0674,     7.2010       
# span 4 =    -0.0061,     0.0188       
# span 5 =   1.700236,   3.536443       
# span 6 =   1.700191,   3.536828       
# span 7 =          1,          1       
# span 8 =    5.77522,    9.36004       
# span 9 =    5.78974,    9.40158       
# span 10 =       2.18,      98.77      
# span 11 =     0.1029,     5.2298      
# span 12 =     0.1798,     0.9052      
# span 13 = -6.065e-07, 2.0355e+02      
# span 14 =     0.2716,     1.5575      
# span 15 =    19.3858,    34.9690      
# span 16 =    19.3852,    34.9694      
# span 17 =    -0.0173,     0.0165      
# span 18 =    15.5184,    27.4303      
# span 19 =    15.5179,    27.4305      
# span 20 =      0.991,     89.148      
# span 21 =      1.003,     89.382      
# span 22 =     -0.289,      0.717      
# span 23 =    1428.74,    1480.09      
# span 24 =    1428.74,    1480.11      
# span 25 = 0.0000e+00, 0.0000e+00      
# interval = decibars: 0.5              
# start_time = Mar 19 2018 15:33:44 [NMEA time, first data scan]
# bad_flag = -9.990e-29
*END*
       7903      1.000     0.1608     0.1620     0.0013    1.70045    1.70044          1     9.3441     9.3718      98.71     2.0818     0.4690  2.036e+02  0.4430000    19.3871    19.3862    -0.0009    15.5194    15.5187      0.991      1.003      0.171    1429.11    1429.11  0.000e+00
       8000      1.500     0.1594     0.1606     0.0012    1.70035    1.70036          1     9.3395     9.3660      98.71     2.2527     0.4970  9.236e+01  0.4522000    19.3865    19.3859    -0.0007    15.5190    15.5184      1.486      1.504      0.278    1429.11    1429.11  0.000e+00
       8036      2.000     0.1585     0.1576    -0.0009    1.70028    1.70019          1     9.3387     9.3695      98.71     2.2056     0.5454  6.917e+01  0.5005000    19.3860    19.3855    -0.0005    15.5185    15.5182      1.982      2.006      0.392    1429.11    1429.11  0.000e+00
       8064      2.500     0.1571     0.1603     0.0032    1.70024    1.70033          1     9.3423     9.3702      98.71     2.4105     0.4870  5.290e+01  0.5516000    19.3862    19.3852    -0.0009    15.5187    15.5179      2.477      2.507      0.496    1429.12    1429.13  0.000e+00
       8091      3.000     0.1614     0.1620     0.0006    1.70044    1.70042          1     9.3443     9.3698      98.71     2.4706     0.4864  4.529e+01  0.6021000    19.3858    19.3852    -0.0006    15.5184    15.5179      2.972      3.009      0.336    1429.14    1429.15  0.000e+00
       8146      3.500     0.1592     0.1598     0.0006    1.70044    1.70043          1     9.3301     9.3720      98.71     2.4292     0.5292  3.944e+01  0.4478000    19.3870    19.3865    -0.0006    15.5194    15.5189      3.468      3.510      0.282    1429.14    1429.14  0.000e+00
       8184      4.000     0.1513     0.1543     0.0029    1.70024    1.70039          1     9.3381     9.3747      98.71     2.4644     0.5635  3.307e+01  0.5552000    19.3893    19.3893    -0.0001    15.5213    15.5212      3.963      4.012      0.323    1429.12    1429.13  0.000e+00
       8217      4.500     0.1513     0.1505    -0.0008    1.70025    1.70028          1     9.3451     9.3785      98.71     2.4943     0.5729  2.727e+01  0.5478000    19.3893    19.3902     0.0009    15.5212    15.5220      4.458      4.513      0.373    1429.12    1429.12  0.000e+00
       8263      5.000     0.1543     0.1542    -0.0001    1.70031    1.70037          1     9.3506     9.3820      98.71     2.4894     0.5576  2.430e+01  0.5169000    19.3880    19.3888     0.0008    15.5201    15.5208      4.954      5.015      0.241    1429.14    1429.14  0.000e+00
       8310      5.500     0.1527     0.1575     0.0048    1.70048    1.70050          1     9.3600     9.3918      98.71     2.4933     0.5457  2.130e+01  0.5101000    19.3908    19.3881    -0.0027    15.5225    15.5202      5.449      5.516      0.348    1429.15    1429.17  0.000e+00
       8345      6.000     0.1368     0.1466     0.0097    1.70093    1.70049          1     9.3379     9.3702      98.71     2.5473     0.5223  1.771e+01  0.6008000    19.4064    19.3947    -0.0117    15.5351    15.5256      5.944      6.018      0.300    1429.10    1429.13  0.000e+00
       8389      6.500     0.0680     0.0704     0.0025    1.70431    1.70423          1     9.3371     9.3750      98.71     2.5476     0.5427  1.587e+01  0.5523000    19.4920    19.4894    -0.0026    15.6042    15.6022      6.440      6.519      0.287    1428.89    1428.90  0.000e+00
       8426      7.000     0.0214     0.0245     0.0031    1.71110    1.71077          1     9.3496     9.3920      98.71     2.3805     0.4877  1.374e+01  0.5895000    19.6061    19.5999    -0.0062    15.6963    15.6913      6.935      7.021      0.359    1428.83    1428.84  0.000e+00
       8456      7.500     0.0134     0.0146     0.0012    1.71675    1.71656          1     9.3521     9.3971      98.71     2.4303     0.4564  1.165e+01  0.6687000    19.6814    19.6782    -0.0033    15.7570    15.7544      7.430      7.522      0.414    1428.90    1428.90  0.000e+00
       8486      8.000    -0.0080    -0.0066     0.0015    1.72089    1.72085          1     9.3476     9.4016      98.71     2.4889     0.4873  1.012e+01  0.6581000    19.7466    19.7452    -0.0014    15.8096    15.8085      7.926      8.023      0.369    1428.89    1428.90  0.000e+00
       8521      8.500    -0.0365    -0.0353     0.0012    1.72147    1.72145          1     9.1641     9.2112      98.71     2.4385     0.5139  8.966e+00  0.6414000    19.7721    19.7712    -0.0010    15.8303    15.8295      8.421      8.525      0.375    1428.80    1428.80  0.000e+00
       8549      9.000    -0.0616    -0.0605     0.0011    1.72356    1.72352          1     8.8569     8.8798      98.71     2.4989     0.5007  7.766e+00  0.6300000    19.8143    19.8132    -0.0011    15.8643    15.8634      8.917      9.026      0.493    1428.74    1428.74  0.000e+00
       8571      9.500    -0.0673    -0.0674    -0.0000    1.72786    1.72777          1     8.9440     8.9321      98.71     2.4119     0.4936  6.760e+00  0.6677000    19.8716    19.8705    -0.0011    15.9105    15.9096      9.412      9.527      0.553    1428.80    1428.80  0.000e+00
       8593     10.000     0.2259     0.2260     0.0002    1.89215    1.89078          1     8.9729     8.9176      98.71     2.5234     0.4968  5.915e+00  0.6736000    21.7211    21.7038    -0.0173    17.3956    17.3817      9.907     10.028      0.471    1432.65    1432.63  0.000e+00
       8625     10.500     0.8447     0.8508     0.0060    2.23276    2.23444          1     8.7270     8.6123      98.71     4.2189     0.7418  5.237e+00  0.7573000    25.5075    25.5240     0.0165    20.4247    20.4379     10.403     10.528      0.347    1440.57    1440.62  0.000e+00
       8659     11.000     1.2307     1.2300    -0.0007    2.36741    2.36771          1     8.3087     8.1760      98.71     5.2298     0.8845  4.604e+00  0.6983000    26.8638    26.8682     0.0044    21.4983    21.5018     10.898     11.027      0.439    1444.14    1444.14  0.000e+00
       8682     11.500     1.3395     1.3383    -0.0011    2.39948    2.39962          1     8.1704     8.0899      98.71     4.0646     0.7612  4.067e+00  0.5229000    27.1678    27.1705     0.0027    21.7369    21.7392     11.393     11.525      0.560    1445.04    1445.04  0.000e+00
       8702     12.000     1.5816     1.5779    -0.0037    2.45004    2.45015          1     8.0798     8.0471      98.71     3.6372     0.6481  3.561e+00  0.4580000    27.5818    27.5863     0.0046    22.0565    22.0603     11.889     12.024      0.546    1446.69    1446.68  0.000e+00
       8727     12.500     1.7578     1.7587     0.0008    2.49138    2.49137          1     7.9615     7.9453      89.54     4.1132     0.7134  3.122e+00  0.5494000    27.9360    27.9351    -0.0009    22.3306    22.3299     12.384     12.522      0.443    1447.96    1447.96  0.000e+00
       8757     13.000     1.8603     1.8613     0.0010    2.53061    2.53076          1     7.8045     7.7930      98.77     4.2114     0.6889  2.736e+00  0.5224000    28.3270    28.3280     0.0010    22.6378    22.6385     12.879     13.020      0.394    1448.94    1448.94  0.000e+00
       8785     13.500     1.9537     1.9543     0.0007    2.55762    2.55761          1     7.7561     7.7075      80.42     4.0715     0.6787  2.405e+00  0.5003000    28.5745    28.5738    -0.0007    22.8303    22.8296     13.375     13.518      0.489    1449.68    1449.69  0.000e+00
       8807     14.000     2.1921     2.1885    -0.0036    2.61287    2.61266          1     7.6615     7.5818      79.64     4.6677     0.7066  2.119e+00  0.5529000    29.0340    29.0347     0.0008    23.1827    23.1835     13.870     14.016      0.567    1451.35    1451.34  0.000e+00
       8828     14.500     2.5565     2.5507    -0.0058    2.68944    2.68884          1     7.4876     7.3972      81.61     4.1158     0.8241  1.866e+00  0.5066000    29.6299    29.6279    -0.0020    23.6339    23.6327     14.365     14.513      0.552    1453.74    1453.71  0.000e+00
       8852     15.000     2.8815     2.8755    -0.0059    2.76419    2.76340          1     7.3571     7.2589      98.20     4.5427     0.9052  1.636e+00  0.5603000    30.2293    30.2255    -0.0039    24.0879    24.0853     14.861     15.011      0.464    1455.95    1455.91  0.000e+00
       8880     15.500     3.2894     3.2844    -0.0051    2.84811    2.84648          1     7.2553     7.1386      98.69     3.7199     0.6913  1.429e+00  0.5616000    30.8492    30.8345    -0.0147    24.5488    24.5375     15.356     15.508      0.440    1458.51    1458.47  0.000e+00
       8905     16.000     3.8338     3.8276    -0.0061    2.95899    2.95710          1     7.0381     6.9285      98.58     3.4021     0.6581  1.270e+00  0.5400000    31.6429    31.6266    -0.0162    25.1321    25.1197     15.851     16.005      0.522    1461.86    1461.82  0.000e+00
       8927     16.500     4.1734     4.1724    -0.0010    3.02570    3.02495          1     6.8704     6.7998      98.56     3.2530     0.6131  1.114e+00  0.5298000    32.0977    32.0899    -0.0079    25.4610    25.4548     16.347     16.502      0.545    1463.88    1463.87  0.000e+00
       8950     17.000     4.2987     4.2986    -0.0000    3.05584    3.05540          1     6.8009     6.7603      98.69     2.8847     0.5723  9.624e-01  0.5198000    32.3279    32.3228    -0.0051    25.6312    25.6272     16.842     16.998      0.500    1464.71    1464.70  0.000e+00
       8975     17.500     4.4850     4.4857     0.0006    3.10047    3.09946          1     6.7306     6.7007      98.71     2.7443     0.5564  8.359e-01  0.5180000    32.6647    32.6523    -0.0124    25.8795    25.8695     17.337     17.495      0.488    1465.92    1465.91  0.000e+00
       8998     18.000     4.6847     4.6861     0.0015    3.14597    3.14571          1     6.7040     6.6938      98.71     2.1577     0.5568  7.488e-01  0.4766000    32.9959    32.9915    -0.0043    26.1211    26.1175     17.833     17.991      0.537    1467.18    1467.18  0.000e+00
       9020     18.500     4.8087     4.8054    -0.0033    3.17068    3.17008          1     6.6710     6.6727      98.71     1.5934     0.5734  6.810e-01  0.4397000    33.1585    33.1548    -0.0037    26.2366    26.2341     18.328     18.487      0.573    1467.90    1467.89  0.000e+00
       9040     19.000     4.9357     4.9355    -0.0001    3.19567    3.19561          1     6.6248     6.6204      98.71     1.5304     0.4038  6.201e-01  0.4496000    33.3202    33.3197    -0.0006    26.3508    26.3504     18.823     18.984      0.567    1468.64    1468.64  0.000e+00
       9062     19.500     5.0060     5.0067     0.0007    3.21503    3.21498          1     6.6066     6.5958      98.71     1.5301     0.2929  5.655e-01  0.4849000    33.4729    33.4716    -0.0013    26.4639    26.4628     19.319     19.480      0.545    1469.13    1469.13  0.000e+00
       9084     20.000     5.1080     5.1049    -0.0030    3.23381    3.23316          1     6.6370     6.6190      81.91     0.6584     0.4141  5.059e-01  0.4620000    33.5864    33.5819    -0.0045    26.5422    26.5390     19.814     19.976      0.549    1469.70    1469.68  0.000e+00
       9106     20.500     5.3422     5.3443     0.0021    3.26354    3.26305          1     6.6009     6.5710      92.10     0.5399     0.4178  4.591e-01  0.4413000    33.6914    33.6837    -0.0077    26.5983    26.5920     20.309     20.472      0.562    1470.79    1470.79  0.000e+00
       9127     21.000     5.6347     5.6396     0.0049    3.29823    3.29842          1     6.5327     6.5040      98.63     0.6047     0.2888  4.099e-01  0.4071000    33.7929    33.7899    -0.0029    26.6437    26.6408     20.805     20.968      0.533    1472.10    1472.12  0.000e+00
       9152     21.500     5.7247     5.7258     0.0011    3.30955    3.30959          1     6.4951     6.4859      98.71     0.9800     0.2548  3.673e-01  0.3845000    33.8307    33.8300    -0.0007    26.6627    26.6621     21.300     21.464      0.469    1472.52    1472.52  0.000e+00
       9178     22.000     5.7927     5.7910    -0.0018    3.32126    3.32106          1     6.4584     6.4618      81.45     1.0428     0.2701  3.352e-01  0.3836000    33.8947    33.8942    -0.0005    26.7050    26.7048     21.795     21.960      0.491    1472.88    1472.87  0.000e+00
       9200     22.500     5.8537     5.8533    -0.0005    3.33190    3.33160          1     6.4377     6.4365      86.69     0.8309     0.3585  3.117e-01  0.3819000    33.9536    33.9506    -0.0030    26.7440    26.7417     22.291     22.456      0.596    1473.21    1473.20  0.000e+00
       9219     23.000     5.8954     5.8939    -0.0015    3.33831    3.33798          1     6.4146     6.4047      70.42     0.8231     0.3199  2.923e-01  0.3787000    33.9839    33.9816    -0.0023    26.7628    26.7611     22.786     22.952      0.657    1473.42    1473.41  0.000e+00
       9237     23.500     5.9784     5.9739    -0.0044    3.35076    3.35004          1     6.3643     6.3472      86.65     0.9701     0.3186  2.663e-01  0.4066000    34.0406    34.0370    -0.0035    26.7972    26.7950     23.281     23.448      0.639    1473.83    1473.81  0.000e+00
       9257     24.000     6.0781     6.0753    -0.0028    3.36815    3.36769          1     6.3026     6.2799      98.58     0.6984     0.3494  2.394e-01  0.4104000    34.1358    34.1335    -0.0023    26.8598    26.8584     23.776     23.944      0.532    1474.36    1474.34  0.000e+00
       9284     24.500     6.1507     6.1549     0.0042    3.37869    3.37913          1     6.2517     6.2422      98.71     0.4772     0.4104  2.148e-01  0.4332000    34.1808    34.1816     0.0008    26.8862    26.8863     24.272     24.440      0.412    1474.71    1474.73  0.000e+00
       9313     25.000     6.2042     6.2045     0.0001    3.38648    3.38620          1     6.2323     6.2341      93.91     0.5972     0.2603  1.985e-01  0.4372000    34.2142    34.2108    -0.0034    26.9056    26.9030     24.767     24.936      0.482    1474.97    1474.97  0.000e+00
       9334     25.500     6.2519     6.2523     0.0004    3.39257    3.39245          1     6.2475     6.2630      67.39     0.5813     0.2266  1.802e-01  0.4268000    34.2341    34.2323    -0.0018    26.9153    26.9138     25.262     25.432      0.641    1475.19    1475.19  0.000e+00
       9351     26.000     6.2967     6.2953    -0.0014    3.39801    3.39777          1     6.2705     6.3039      94.23     0.5194     0.3085  1.627e-01  0.4210000    34.2496    34.2483    -0.0013    26.9217    26.9208     25.758     25.928      0.717    1475.40    1475.39  0.000e+00
       9368     26.500     6.3645     6.3628    -0.0017    3.40624    3.40601          1     6.2991     6.3343      98.62     0.4047     0.2826  1.426e-01  0.4074000    34.2732    34.2723    -0.0009    26.9315    26.9310     26.253     26.424      0.687    1475.70    1475.69  0.000e+00
       9387     27.000     6.4198     6.4171    -0.0027    3.41305    3.41261          1     6.3114     6.3357      98.67     0.6371     0.2549  1.248e-01  0.6586000    34.2932    34.2911    -0.0022    26.9401    26.9387     26.748     26.920      0.539    1475.95    1475.94  0.000e+00
       9416     27.500     6.4627     6.4656     0.0028    3.41878    3.41899          1     6.2840     6.3043      98.65     0.3440     0.2859  1.067e-01  0.4233000    34.3137    34.3132    -0.0005    26.9506    26.9498     27.244     27.416      0.381    1476.16    1476.17  0.000e+00
       9446     28.000     6.4464     6.4477     0.0013    3.41769    3.41773          1     6.2744     6.3030      98.71     0.4718     0.2305  9.845e-02  0.3506000    34.3177    34.3169    -0.0008    26.9559    26.9551     27.739     27.911      0.488    1476.10    1476.11  0.000e+00
