ctdpy/tests/etc/all_smhi_bas_2018/SBE09_1044_20181109_1959_34_01_0122.cnv
* Sea-Bird SBE 9 Data File:
* FileName = C:\ctd\temp\ar18d122.hex
* Software Version Seasave V 7.26.7.107
* Temperature SN = 5351
* Conductivity SN = 3941
* Number of Bytes Per Scan = 41
* Number of Voltage Words = 4
* Number of Scans Averaged by the Deck Unit = 1
* NMEA Latitude = 57 18.73 N
* NMEA Longitude = 020 04.54 E
* NMEA UTC (Time) = Nov 09 2018  19:59:06
* NMEA baud rate = 4800
** Station:  BY15
** Operator:  A-KTh
** Ship: ARANDA
** Average sound velocity: 1449.43 m/s
** True-depth calculation Sat, 10 Nov 2018 13:04:56 +0000
** CTD Python Module SMHI /ver 3-12/ feb 2012 
** LIMS Job: 20183401-0122
** Cruise: SMHI-6-2018
** Latitude [GG MM.mm N]:
** Longitude [GG MM.mm E]
# nquan = 26
# nvalues = 471                         
# units = specified
# name 0 = scan: Scan Count
# name 1 = prDM: Pressure, Digiquartz [db]
# name 2 = t090C: Temperature [ITS-90, deg C]
# name 3 = t190C: Temperature, 2 [ITS-90, deg C]
# name 4 = T2-T190C: Temperature Difference, 2 - 1 [ITS-90, deg C]
# name 5 = c0S/m: Conductivity [S/m]
# name 6 = c1S/m: Conductivity, 2 [S/m]
# name 7 = pumps: Pump Status
# name 8 = sbeox0ML/L: Oxygen, SBE 43 [ml/l]
# name 9 = sbeox1ML/L: Oxygen, SBE 43, 2 [ml/l]
# name 10 = altM: Altimeter [m]
# name 11 = flECO-AFL: Chl-a Fluorescence, WET Labs ECO-AFL/FL [mg/m^3]
# name 12 = flECO-AFL1: Phycocyanin Fluorescence, WET Labs ECO-AFL/FL, 2 [mg/m^3]
# name 13 = par: PAR/Irradiance, Biospherical/Lico [µE/(cm^2*s)]
# name 14 = turbWETntu0: Turbidity, WET Labs ECO [NTU]
# name 15 = sal00: Salinity, Practical [PSU]
# name 16 = sal11: Salinity, Practical, 2 [PSU]
# name 17 = secS-priS: Salinity, Practical, Difference, 2 - 1 [PSU]
# name 18 = sigma-t00: Density [sigma-t, Kg/m^3 ]
# name 19 = sigma-t11: Density, 2 [sigma-t, Kg/m^3 ]
# name 20 = depSM: Depth [salt water, m], lat = 57.3122
# name 21 = depFM: Depth [true depth, m], lat = 57.3122
# name 22 = dz/dtM: Descent Rate [m/s], WS = 2
# name 23 = svCM: Sound Velocity [Chen-Millero, m/s]
# name 24 = svCM1: Sound Velocity, 2 [Chen-Millero, m/s]
# name 25 = flag: flag
# span 0 =      15937,      27354       
# span 1 =      1.000,    236.000       
# span 2 =     3.4348,     9.0768       
# span 3 =     3.4374,     9.0781       
# span 4 =    -0.0085,     0.0496       
# span 5 =   0.771856,   1.454902       
# span 6 =   0.771851,   1.454903       
# span 7 =          1,          1       
# span 8 =    0.01232,    8.37186       
# span 9 =    0.04449,    8.63097       
# span 10 =       1.86,      98.59      
# span 11 =     0.1827,     0.9787      
# span 12 =     0.1477,     0.3860      
# span 13 = 1.0000e-12, 1.2720e+00      
# span 14 =     0.1120,     0.5453      
# span 15 =     7.0029,    13.2481      
# span 16 =     7.0025,    13.2476      
# span 17 =    -0.0056,     0.0016      
# span 18 =     5.2723,    10.3417      
# span 19 =     5.2719,    10.3412      
# span 20 =      0.991,    233.693      
# span 21 =      1.013,    238.370      
# span 22 =      0.036,      0.588      
# span 23 =    1429.81,    1454.94      
# span 24 =    1429.82,    1454.94      
# span 25 = 0.0000e+00, 0.0000e+00      
# interval = decibars: 0.5              
# start_time = Nov 09 2018 19:59:06 [NMEA time, first data scan]
# bad_flag = -9.990e-29
*END*
[from data line 446]
      25758    224.000     6.8982     6.8995     0.0013    1.45454    1.45452          1     0.0130     0.0471      15.35     0.4018     0.2336  1.000e-12  0.2424000    13.2472    13.2466    -0.0006    10.3410    10.3404    221.817    226.272      0.572    1454.74    1454.75  0.000e+00
      25780    224.500     6.8982     6.8995     0.0013    1.45456    1.45454          1     0.0142     0.0466      14.84     0.4102     0.2310  1.000e-12  0.2473000    13.2473    13.2467    -0.0006    10.3411    10.3405    222.312    226.776      0.551    1454.75    1454.76  0.000e+00
      25802    225.000     6.8983     6.8995     0.0013    1.45460    1.45460          1     0.0162     0.0471      14.31     0.4006     0.2464  1.000e-12  0.2489000    13.2476    13.2471    -0.0005    10.3413    10.3408    222.806    227.281      0.544    1454.76    1454.77  0.000e+00
      25824    225.500     6.8984     6.8996     0.0012    1.45462    1.45462          1     0.0161     0.0462      13.78     0.3834     0.2788  1.000e-12  0.2414000    13.2477    13.2472    -0.0005    10.3414    10.3409    223.301    227.785      0.562    1454.77    1454.77  0.000e+00
      25845    226.000     6.8985     6.8996     0.0012    1.45466    1.45465          1     0.0151     0.0464      13.28     0.3855     0.2650  1.000e-12  0.2452000    13.2480    13.2474    -0.0005    10.3416    10.3411    223.796    228.289      0.576    1454.78    1454.78  0.000e+00
      25865    226.500     6.8984     6.8996     0.0013    1.45467    1.45467          1     0.0159     0.0469      12.77     0.3990     0.2476  1.000e-12  0.2413000    13.2480    13.2474    -0.0006    10.3416    10.3411    224.291    228.793      0.565    1454.79    1454.79  0.000e+00
      25887    227.000     6.8985     6.8996     0.0012    1.45468    1.45467          1     0.0158     0.0476      12.25     0.3876     0.2893  1.000e-12  0.2412000    13.2479    13.2474    -0.0005    10.3415    10.3410    224.786    229.297      0.550    1454.80    1454.80  0.000e+00
      25909    227.500     6.8985     6.8997     0.0013    1.45469    1.45468          1     0.0136     0.0474      11.73     0.3934     0.2774  1.000e-12  0.2453000    13.2479    13.2474    -0.0006    10.3415    10.3410    225.281    229.801      0.547    1454.80    1454.81  0.000e+00
      25931    228.000     6.8985     6.8997     0.0012    1.45472    1.45470          1     0.0138     0.0471      11.21     0.3997     0.2406  1.000e-12  0.2449000    13.2481    13.2474    -0.0006    10.3416    10.3411    225.775    230.305      0.552    1454.81    1454.82  0.000e+00
      25952    228.500     6.8985     6.8998     0.0012    1.45473    1.45472          1     0.0150     0.0467      10.68     0.4001     0.2353  1.000e-12  0.2394000    13.2480    13.2475    -0.0005    10.3416    10.3411    226.270    230.809      0.561    1454.82    1454.82  0.000e+00
      25974    229.000     6.8986     6.8998     0.0013    1.45474    1.45474          1     0.0139     0.0467      10.17     0.4084     0.2295  1.000e-12  0.2451000    13.2480    13.2476    -0.0005    10.3416    10.3412    226.765    231.313      0.560    1454.83    1454.83  0.000e+00
      25995    229.500     6.8985     6.8998     0.0012    1.45475    1.45474          1     0.0155     0.0471       9.64     0.4107     0.2132  1.000e-12  0.2899000    13.2481    13.2475    -0.0005    10.3417    10.3411    227.260    231.817      0.551    1454.84    1454.84  0.000e+00
      26017    230.000     6.8986     6.8998     0.0012    1.45476    1.45476          1     0.0139     0.0470       9.13     0.3882     0.1794  1.000e-12  0.2566000    13.2480    13.2476    -0.0005    10.3416    10.3411    227.755    232.321      0.554    1454.84    1454.85  0.000e+00
      26039    230.500     6.8987     6.8999     0.0011    1.45477    1.45476          1     0.0146     0.0471       8.63     0.3962     0.2307  1.000e-12  0.2711000    13.2480    13.2475    -0.0005    10.3416    10.3411    228.250    232.825      0.559    1454.85    1454.86  0.000e+00
      26060    231.000     6.8987     6.8999     0.0012    1.45479    1.45478          1     0.0151     0.0474       8.05     0.3977     0.2656  1.000e-12  0.2850000    13.2481    13.2475    -0.0006    10.3416    10.3411    228.745    233.329      0.517    1454.86    1454.86  0.000e+00
      26086    231.500     6.8986     6.8999     0.0013    1.45480    1.45479          1     0.0160     0.0467       7.50     0.4036     0.2881  1.000e-12  0.2694000    13.2481    13.2475    -0.0005    10.3416    10.3411    229.239    233.833      0.442    1454.87    1454.87  0.000e+00
      26115    232.000     6.8986     6.8999     0.0012    1.45481    1.45480          1     0.0142     0.0459       7.01     0.4076     0.2451  1.000e-12  0.2486000    13.2481    13.2475    -0.0005    10.3417    10.3411    229.734    234.337      0.398    1454.88    1454.88  0.000e+00
      26146    232.500     6.8986     6.8999     0.0013    1.45482    1.45481          1     0.0149     0.0474       6.47     0.3997     0.2597  1.000e-12  0.2715000    13.2481    13.2476    -0.0005    10.3417    10.3411    230.229    234.841      0.366    1454.88    1454.89  0.000e+00
      26182    233.000     6.8986     6.8999     0.0013    1.45482    1.45482          1     0.0147     0.0474       5.90     0.4025     0.2364  1.000e-12  0.2535000    13.2480    13.2475    -0.0005    10.3416    10.3411    230.724    235.345      0.304    1454.89    1454.90  0.000e+00
      26223    233.500     6.8987     6.8999     0.0013    1.45483    1.45483          1     0.0158     0.0475       5.35     0.3979     0.2442  1.000e-12  0.2833000    13.2480    13.2475    -0.0006    10.3416    10.3410    231.219    235.849      0.298    1454.90    1454.91  0.000e+00
      26265    234.000     6.8986     6.8999     0.0013    1.45484    1.45483          1     0.0135     0.0467       4.83     0.3918     0.2617  1.000e-12  0.2420000    13.2480    13.2474    -0.0006    10.3416    10.3410    231.714    236.354      0.265    1454.91    1454.91  0.000e+00
      26313    234.500     6.8986     6.9000     0.0013    1.45485    1.45484          1     0.0145     0.0475       4.30     0.4146     0.2558  1.000e-12  0.2598000    13.2480    13.2474    -0.0006    10.3415    10.3410    232.208    236.858      0.245    1454.92    1454.92  0.000e+00
      26364    235.000     6.8986     6.9000     0.0013    1.45487    1.45485          1     0.0149     0.0447       3.79     0.4041     0.2486  1.000e-12  0.2564000    13.2480    13.2474    -0.0006    10.3416    10.3410    232.703    237.362      0.222    1454.92    1454.93  0.000e+00
      26418    235.500     6.8987     6.9000     0.0013    1.45487    1.45487          1     0.0142     0.0467       3.32     0.4034     0.2724  1.000e-12  0.2473000    13.2479    13.2474    -0.0005    10.3415    10.3410    233.198    237.866      0.236    1454.93    1454.94  0.000e+00
      27354    236.000     6.8991     6.9003     0.0012    1.45490    1.45490          1     0.0142     0.0467       2.71     0.4143     0.2143  1.000e-12  0.2899000    13.2480    13.2475    -0.0004    10.3415    10.3411    233.693    238.370      0.036    1454.94    1454.94  0.000e+00
