ctdpy/tests/etc/all_smhi_bas_2018/SBE09_0827_20181009_1528_26_01_1052.cnv
* Sea-Bird SBE 9 Data File:
* FileName = D:\CTD_SBE911\DAT\26DA.2018.10.52.hex
* Software Version Seasave V 7.21d
* Temperature SN = 4548
* Conductivity SN = 3062
* Number of Bytes Per Scan = 48
* Number of Voltage Words = 5
* Number of Scans Averaged by the Deck Unit = 1
* NMEA Latitude = 59 04.66 N
* NMEA Longitude = 019 35.03 E
* NMEA UTC (Time) = Oct 09 2018  15:31:16
* NMEA baud rate = 4800
** Ship: DANA
** Average sound velocity: 1442.00 m/s
** True-depth calculation Thu, 28 Mar 2019 12:22:30 +0000
** CTD Python Module SMHI /ver 3-12/ feb 2012 
** LIMS Job: 20182601-1052
** Operator: Christian
** Cruise: 10/2018
# nquan = 26
# nvalues = 174                         
# units = specified
# name 0 = scan: Scan Count
# name 1 = prDM: Pressure, Digiquartz [db]
# name 2 = t090C: Temperature [ITS-90, deg C]
# name 3 = t190C: Temperature, 2 [ITS-90, deg C]
# name 4 = T2-T190C: Temperature Difference, 2 - 1 [ITS-90, deg C]
# name 5 = c0S/m: Conductivity [S/m]
# name 6 = c1S/m: Conductivity, 2 [S/m]
# name 7 = pumps: Pump Status
# name 8 = sbeox1ML/L: Oxygen, SBE 43, 2 [ml/l]
# name 9 = sbeox0ML/L: Oxygen, SBE 43 [ml/l]
# name 10 = altM: Altimeter [m]
# name 11 = chloroflTC0: Chlorophyll, Turner Cyclops [ug/l]
# name 12 = cpar: CPAR/Corrected Irradiance [%]
# name 13 = par: PAR/Irradiance, Biospherical/Lico [µE/(cm^2*s)]
# name 14 = spar: SPAR, Biospherical/Licor
# name 15 = sal00: Salinity, Practical [PSU]
# name 16 = sal11: Salinity, Practical, 2 [PSU]
# name 17 = secS-priS: Salinity, Practical, Difference, 2 - 1 [PSU]
# name 18 = sigma-t00: Density [sigma-t, kg/m^3 ]
# name 19 = sigma-t11: Density, 2 [sigma-t, kg/m^3 ]
# name 20 = depSM: Depth [salt water, m], lat = 59.0777
# name 21 = depFM: Depth [true depth, m], lat = 59.0777
# name 22 = dz/dtM: Descent Rate [m/s], WS = 2
# name 23 = svCM: Sound Velocity [Chen-Millero, m/s]
# name 24 = svCM1: Sound Velocity, 2 [Chen-Millero, m/s]
# name 25 = flag: flag
# span 0 =          5,       9057       
# span 1 =      1.000,     87.500       
# span 2 =     3.4296,     8.6826       
# span 3 =     3.4260,     8.6852       
# span 4 =    -0.2584,     0.0515       
# span 5 =   0.757399,   1.048055       
# span 6 =   0.757693,   1.050463       
# span 7 =          1,          1       
# span 8 =     0.1262,     7.5928       
# span 9 =     0.1055,     7.1209       
# span 10 =       2.24,       9.98      
# span 11 =     0.0159,     0.0360      
# span 12 = 4.4759e-12, 8.4552e+00      
# span 13 = 1.0000e-12, 1.8884e+00      
# span 14 = 1.8193e+01, 2.2406e+01      
# span 15 =     6.8215,     9.7743      
# span 16 =     6.8210,     9.7940      
# span 17 =    -0.0015,     0.0474      
# span 18 =     5.1581,     7.7164      
# span 19 =     5.1575,     7.7312      
# span 20 =      0.991,     86.663      
# span 21 =      1.013,     88.586      
# span 22 =     -0.023,      0.621      
# span 23 =    1429.50,    1450.88      
# span 24 =    1429.48,    1450.88      
# span 25 = 0.0000e+00, 0.0000e+00      
# interval = decibars: 0.5              
# start_time = Oct 09 2018 15:31:16 [NMEA time, first data scan]
# bad_flag = -9.990e-29
*END*
[from data line 112]
       5404     57.000     3.7414     3.7523     0.0109    0.82859    0.82970          1     4.8314     4.5682       9.97     0.0159  4.924e-12  1.000e-12  2.031e+01     7.9509     7.9597     0.0088     6.3267     6.3335     56.459     57.744      0.418    1431.69    1431.75  0.000e+00
       5435     57.500     3.7610     3.7841     0.0231    0.83103    0.83370          1     4.7717     4.5006       9.97     0.0159  4.924e-12  1.000e-12  2.031e+01     7.9712     7.9931     0.0218     6.3424     6.3593     56.954     58.250      0.363    1431.82    1431.95  0.000e+00
       5470     58.000     3.8047     3.8303     0.0256    0.83698    0.83983          1     4.6375     4.3832       9.97     0.0159  4.924e-12  1.000e-12  2.031e+01     8.0217     8.0448     0.0230     6.3816     6.3993     57.449     58.756      0.311    1432.09    1432.23  0.000e+00
       5517     58.500     3.8481     3.8520     0.0038    0.84224    0.84258          1     4.4503     4.2256       9.97     0.0159  4.924e-12  1.000e-12  2.031e+01     8.0652     8.0677     0.0025     6.4151     6.4170     57.945     59.262      0.155    1432.34    1432.37  0.000e+00
       5605     59.000     3.8527     3.8564     0.0037    0.84267    0.84292          1     4.4232     4.1768       9.97     0.0159  4.924e-12  1.000e-12  2.031e+01     8.0684     8.0701     0.0017     6.4175     6.4187     58.440     59.768      0.225    1432.38    1432.40  0.000e+00
       5647     59.500     3.8605     3.8671     0.0067    0.84359    0.84411          1     4.4040     4.1554       9.97     0.0159  4.924e-12  1.000e-12  2.031e+01     8.0758     8.0795     0.0037     6.4232     6.4260     58.935     60.274      0.391    1432.43    1432.47  0.000e+00
       5676     60.000     3.8955     3.9265     0.0309    0.84820    0.85152          1     4.3176     4.0964       9.97     0.0160  4.924e-12  1.000e-12  2.031e+01     8.1146     8.1409     0.0264     6.4531     6.4733     59.430     60.780      0.406    1432.65    1432.82  0.000e+00
       5709     60.500     3.9379     3.9550     0.0171    0.85345    0.85538          1     4.1585     3.9578       9.97     0.0159  4.924e-12  1.000e-12  2.031e+01     8.1579     8.1734     0.0155     6.4865     6.4984     59.925     61.286      0.249    1432.90    1433.00  0.000e+00
       5801     61.000     3.9842     3.9994     0.0152    0.85989    0.86145          1     3.9575     3.7467       9.97     0.0159  4.924e-12  1.000e-12  2.031e+01     8.2123     8.2246     0.0123     6.5285     6.5378     60.420     61.792      0.326    1433.19    1433.27  0.000e+00
       5825     61.500     4.0023     4.0052     0.0030    0.86212    0.86227          1     3.9065     3.7052       9.97     0.0159  4.924e-12  1.000e-12  2.031e+01     8.2307     8.2315     0.0008     6.5426     6.5432     60.916     62.298      0.455    1433.30    1433.32  0.000e+00
       5855     62.000     4.0123     4.0290     0.0167    0.86342    0.86513          1     3.8661     3.6621       9.97     0.0159  4.924e-12  1.000e-12  2.031e+01     8.2414     8.2548     0.0133     6.5509     6.5610     61.411     62.804      0.298    1433.37    1433.46  0.000e+00
       5951     62.500     4.0779     4.0814     0.0036    0.87225    0.87222          1     3.6400     3.4699       9.97     0.0160  4.924e-12  1.000e-12  2.031e+01     8.3154     8.3141    -0.0013     6.6077     6.6066     61.906     63.310      0.307    1433.76    1433.78  0.000e+00
       5982     63.000     4.1389     4.1743     0.0353    0.88080    0.88419          1     3.4832     3.3866       9.97     0.0159  4.924e-12  1.000e-12  2.031e+01     8.3874     8.4130     0.0256     6.6631     6.6824     62.401     63.816      0.430    1434.14    1434.33  0.000e+00
       6012     63.500     4.2419     4.2935     0.0515    0.89509    0.90104          1     3.1603     3.1275       9.97     0.0159  4.969e-12  1.000e-12  2.014e+01     8.5071     8.5545     0.0474     6.7550     6.7909     62.896     64.321      0.351    1434.76    1435.05  0.000e+00
       6052     64.000     4.3296     4.3633     0.0336    0.90757    0.91171          1     2.7914     2.7554       9.97     0.0159  4.926e-12  1.000e-12  2.030e+01     8.6117     8.6452     0.0335     6.8351     6.8605     63.391     64.827      0.267    1435.29    1435.49  0.000e+00
       6135     64.500     4.4562     4.4706     0.0146    0.92591    0.92724          1     2.3357     2.2784       9.97     0.0161  4.924e-12  1.000e-12  2.031e+01     8.7653     8.7751     0.0098     6.9525     6.9597     63.887     65.333      0.240    1436.06    1436.14  0.000e+00
       6182     65.000     4.5382     4.5613     0.0232    0.93858    0.94087          1     2.0972     2.0877       9.97     0.0160  4.924e-12  1.000e-12  2.031e+01     8.8724     8.8896     0.0171     7.0344     7.0471     64.382     65.839      0.358    1436.57    1436.69  0.000e+00
       6227     65.500     4.6004     4.6176     0.0171    0.94725    0.94928          1     1.9029     1.8920       9.97     0.0162  4.924e-12  1.000e-12  2.031e+01     8.9438     8.9598     0.0160     7.0886     7.1007     64.877     66.344      0.227    1436.94    1437.04  0.000e+00
       6293     66.000     4.6536     4.6604     0.0069    0.95522    0.95554          1     1.7519     1.7033       9.97     0.0160  4.924e-12  1.000e-12  2.031e+01     9.0103     9.0117     0.0014     7.1393     7.1401     65.372     66.850      0.358    1437.27    1437.30  0.000e+00
       6318     66.500     4.6609     4.6658     0.0049    0.95617    0.95625          1     1.7133     1.6663       9.97     0.0162  4.924e-12  1.000e-12  2.031e+01     9.0179     9.0174    -0.0005     7.1449     7.1444     65.867     67.356      0.489    1437.32    1437.34  0.000e+00
       6347     67.000     4.6644     4.6690     0.0046    0.95652    0.95681          1     1.7086     1.6320       9.97     0.0159  4.924e-12  1.000e-12  2.031e+01     9.0205     9.0221     0.0017     7.1469     7.1480     66.362     67.861      0.354    1437.35    1437.37  0.000e+00
       6468     67.500     4.6702     4.6712     0.0010    0.95710    0.95702          1     1.7067     1.6001       9.97     0.0161  4.924e-12  1.000e-12  2.031e+01     9.0247     9.0236    -0.0011     7.1500     7.1491     66.858     68.367      0.384    1437.39    1437.39  0.000e+00
       6497     68.000     4.6843     4.6958     0.0115    0.95948    0.96067          1     1.6515     1.5735       9.97     0.0161  4.924e-12  1.000e-12  2.031e+01     9.0449     9.0538     0.0089     7.1655     7.1720     67.353     68.873      0.396    1437.48    1437.54  0.000e+00
       6529     68.500     4.7316     4.7444     0.0128    0.96624    0.96753          1     1.5355     1.4889       9.97     0.0163  4.924e-12  1.000e-12  2.031e+01     9.1006     9.1101     0.0095     7.2076     7.2146     67.848     69.378      0.337    1437.77    1437.84  0.000e+00
       6587     69.000     4.7643     4.7736     0.0095    0.97080    0.97193          1     1.3980     1.3374       9.97     0.0163  4.924e-12  1.000e-12  2.031e+01     9.1377     9.1466     0.0089     7.2357     7.2423     68.343     69.884      0.225    1437.97    1438.02  0.000e+00
       6641     69.500     4.8032     4.8101     0.0068    0.97691    0.97740          1     1.2810     1.2393       9.97     0.0162  4.938e-12  1.000e-12  2.026e+01     9.1888     9.1919     0.0030     7.2745     7.2766     68.838     70.390      0.296    1438.21    1438.25  0.000e+00
       6689     70.000     4.8375     4.8432     0.0058    0.98206    0.98258          1     1.1707     1.1379       9.97     0.0166  4.936e-12  1.000e-12  2.026e+01     9.2314     9.2351     0.0037     7.3068     7.3095     69.333     70.895      0.204    1438.43    1438.46  0.000e+00
       6749     70.500     4.8943     4.9154     0.0211    0.99111    0.99331          1     1.0136     1.0078       9.97     0.0166  4.952e-12  1.000e-12  2.021e+01     9.3070     9.3234     0.0164     7.3641     7.3762     69.829     71.401      0.286    1438.78    1438.89  0.000e+00
       6784     71.000     4.9598     4.9640     0.0042    1.00063    1.00092          1     0.8340     0.8526       9.97     0.0166  4.939e-12  1.000e-12  2.025e+01     9.3849     9.3867     0.0017     7.4229     7.4240     70.324     71.906      0.309    1439.17    1439.19  0.000e+00
       6837     71.500     4.9605     4.9687     0.0083    1.00076    1.00168          1     0.7975     0.7579       9.97     0.0167  5.037e-12  1.000e-12  1.989e+01     9.3859     9.3929     0.0070     7.4237     7.4288     70.819     72.412      0.223    1439.19    1439.23  0.000e+00
       6883     72.000     4.9695     4.9734     0.0039    1.00212    1.00236          1     0.7875     0.7417       9.97     0.0164  5.064e-12  1.000e-12  1.979e+01     9.3971     9.3984     0.0013     7.4320     7.4329     71.314     72.917      0.418    1439.25    1439.27  0.000e+00
       6907     72.500     4.9754     4.9775     0.0021    1.00289    1.00293          1     0.7784     0.7370       9.97     0.0165  5.137e-12  1.000e-12  1.952e+01     9.4031     9.4029    -0.0002     7.4365     7.4363     71.809     73.423      0.472    1439.29    1439.30  0.000e+00
       6940     73.000     4.9786     4.9820     0.0035    1.00335    1.00363          1     0.7703     0.7176       9.97     0.0161  5.023e-12  1.000e-12  1.994e+01     9.4068     9.4086     0.0019     7.4393     7.4406     72.304     73.928      0.308    1439.32    1439.33  0.000e+00
       7033     73.500     4.9828     4.9864     0.0036    1.00401    1.00424          1     0.7525     0.6988       9.97     0.0166  5.203e-12  1.000e-12  1.927e+01     9.4122     9.4135     0.0013     7.4434     7.4443     72.799     74.434      0.364    1439.35    1439.37  0.000e+00
       7053     74.000     4.9945     5.0009     0.0064    1.00584    1.00642          1     0.7262     0.6824       9.97     0.0166  5.343e-12  1.000e-12  1.875e+01     9.4272     9.4313     0.0040     7.4548     7.4577     73.295     74.939      0.502    1439.43    1439.46  0.000e+00
       7080     74.500     5.0021     5.0062     0.0041    1.00690    1.00731          1     0.7044     0.6563       9.97     0.0169  5.260e-12  1.000e-12  1.906e+01     9.4357     9.4387     0.0030     7.4612     7.4633     73.790     75.445      0.342    1439.48    1439.50  0.000e+00
       7156     75.000     5.0064     5.0079     0.0016    1.00752    1.00760          1     0.6820     0.6271       9.97     0.0169  5.329e-12  1.000e-12  1.880e+01     9.4407     9.4411     0.0003     7.4649     7.4651     74.285     75.950      0.302    1439.51    1439.52  0.000e+00
       7189     75.500     5.0115     5.0134     0.0019    1.00839    1.00842          1     0.6649     0.6219       9.97     0.0166  5.312e-12  1.000e-12  1.887e+01     9.4480     9.4478    -0.0002     7.4704     7.4702     74.780     76.456      0.485    1439.55    1439.56  0.000e+00
       7213     76.000     5.0137     5.0162     0.0025    1.00872    1.00889          1     0.6594     0.6136       9.97     0.0166  5.387e-12  1.000e-12  1.859e+01     9.4506     9.4516     0.0009     7.4724     7.4730     75.275     76.961      0.413    1439.57    1439.59  0.000e+00
       7262     76.500     5.0174     5.0222     0.0048    1.00925    1.00979          1     0.6433     0.5972       9.97     0.0166  5.395e-12  1.000e-12  1.856e+01     9.4548     9.4589     0.0041     7.4755     7.4786     75.770     77.467      0.233    1439.60    1439.63  0.000e+00
       7309     77.000     5.0341     5.0383     0.0041    1.01195    1.01226          1     0.6066     0.5707       9.97     0.0164  5.395e-12  1.000e-12  1.856e+01     9.4772     9.4792     0.0020     7.4925     7.4939     76.265     77.972      0.319    1439.71    1439.73  0.000e+00
       7366     77.500     5.0425     5.0480     0.0055    1.01312    1.01380          1     0.5700     0.5289       9.97     0.0166  5.454e-12  1.000e-12  1.834e+01     9.4866     9.4919     0.0054     7.4995     7.5035     76.761     78.478      0.245    1439.77    1439.80  0.000e+00
       7418     78.000     5.0566     5.0645     0.0079    1.01551    1.01623          1     0.5383     0.5029       9.97     0.0164  5.472e-12  1.000e-12  1.828e+01     9.5066     9.5117     0.0050     7.5147     7.5183     77.256     78.983      0.490    1439.86    1439.90  0.000e+00
       7438     78.500     5.0738     5.0899     0.0160    1.01826    1.02033          1     0.5065     0.4790       9.97     0.0165  5.471e-12  1.000e-12  1.828e+01     9.5294     9.5456     0.0162     7.5319     7.5440     77.751     79.489      0.587    1439.97    1440.07  0.000e+00
       7460     79.000     5.0865     5.0979     0.0114    1.02017    1.02164          1     0.4713     0.4485       9.97     0.0166  5.454e-12  1.000e-12  1.834e+01     9.5449     9.5565     0.0116     7.5436     7.5522     78.246     79.994      0.414    1440.06    1440.12  0.000e+00
       7566     79.500     5.1088     5.1175     0.0088    1.02384    1.02483          1     0.4170     0.3819       9.97     0.0164  5.472e-12  1.000e-12  1.827e+01     9.5755     9.5829     0.0075     7.5666     7.5721     78.741     80.500      0.519    1440.20    1440.25  0.000e+00
       7584     80.000     5.1200     5.1367     0.0166    1.02562    1.02778          1     0.3919     0.3705       9.92     0.0166  5.471e-12  1.000e-12  1.828e+01     9.5901     9.6072     0.0171     7.5777     7.5904     79.236     81.005      0.576    1440.28    1440.37  0.000e+00
       7621     80.500     5.1349     5.1489     0.0141    1.02789    1.02981          1     0.3605     0.3360       9.35     0.0163  5.471e-12  1.000e-12  1.828e+01     9.6087     9.6240     0.0153     7.5916     7.6030     79.731     81.510      0.314    1440.37    1440.45  0.000e+00
       7699     81.000     5.1542     5.1569     0.0027    1.03094    1.03116          1     0.3230     0.2929       8.74     0.0162  5.471e-12  1.000e-12  1.828e+01     9.6338     9.6352     0.0014     7.6106     7.6115     80.226     82.016      0.276    1440.50    1440.51  0.000e+00
       7734     81.500     5.1560     5.1578     0.0017    1.03118    1.03124          1     0.3169     0.2919       8.27     0.0162  5.471e-12  1.000e-12  1.828e+01     9.6356     9.6357     0.0001     7.6119     7.6119     80.722     82.521      0.375    1440.52    1440.52  0.000e+00
       7763     82.000     5.1568     5.1575     0.0007    1.03131    1.03120          1     0.3141     0.2882       7.74     0.0163  5.471e-12  1.000e-12  1.828e+01     9.6366     9.6353    -0.0013     7.6126     7.6116     81.217     83.027      0.371    1440.53    1440.53  0.000e+00
       7831     82.500     5.1573     5.1612     0.0039    1.03138    1.03182          1     0.3156     0.2829       7.12     0.0166  5.471e-12  1.000e-12  1.828e+01     9.6371     9.6403     0.0033     7.6130     7.6154     81.712     83.532      0.233    1440.54    1440.56  0.000e+00
       7890     83.000     5.1643     5.1687     0.0044    1.03255    1.03297          1     0.2951     0.2729       6.63     0.0168  5.471e-12  1.000e-12  1.828e+01     9.6468     9.6498     0.0030     7.6204     7.6225     82.207     84.038      0.353    1440.59    1440.61  0.000e+00
       7921     83.500     5.1742     5.1794     0.0052    1.03416    1.03472          1     0.2799     0.2592       6.12     0.0166  5.471e-12  1.000e-12  1.828e+01     9.6600     9.6642     0.0042     7.6303     7.6333     82.702     84.543      0.350    1440.66    1440.69  0.000e+00
       7975     84.000     5.1781     5.1868     0.0087    1.03474    1.03592          1     0.2719     0.2387       5.55     0.0164  5.471e-12  1.000e-12  1.828e+01     9.6647     9.6740     0.0093     7.6338     7.6408     83.197     85.048      0.231    1440.69    1440.74  0.000e+00
