ctdpy/tests/etc/all_smhi_bas_2018/SBE09_0827_20180825_1003_26_01_0893.cnv
* Sea-Bird SBE 9 Data File:
* FileName = D:\CTD_SBE911\DAT\26DA.2018.8.93.hex
* Software Version Seasave V 7.21d
* Temperature SN = 034605
* Conductivity SN = 041844
* Number of Bytes Per Scan = 48
* Number of Voltage Words = 5
* Number of Scans Averaged by the Deck Unit = 1
* NMEA Latitude = 58 05.09 N
* NMEA Longitude = 011 07.73 E
* NMEA UTC (Time) = Aug 25 2018  10:05:28
* NMEA baud rate = 4800
** Ship: DANA
** Average sound velocity: 1501.93 m/s
** True-depth calculation Thu, 28 Mar 2019 09:27:26 +0000
** CTD Python Module SMHI /ver 3-12/ feb 2012 
** LIMS Job: 20182601-0893
**  APOTEKET SYD
** Operator: Christian
** Cruise: 08/2018
# nquan = 26
# nvalues = 207                         
# units = specified
# name 0 = scan: Scan Count
# name 1 = prDM: Pressure, Digiquartz [db]
# name 2 = t090C: Temperature [ITS-90, deg C]
# name 3 = t190C: Temperature, 2 [ITS-90, deg C]
# name 4 = T2-T190C: Temperature Difference, 2 - 1 [ITS-90, deg C]
# name 5 = c0S/m: Conductivity [S/m]
# name 6 = c1S/m: Conductivity, 2 [S/m]
# name 7 = pumps: Pump Status
# name 8 = sbeox1ML/L: Oxygen, SBE 43, 2 [ml/l]
# name 9 = sbeox0ML/L: Oxygen, SBE 43 [ml/l]
# name 10 = altM: Altimeter [m]
# name 11 = chloroflTC0: Chlorophyll, Turner Cyclops [ug/l]
# name 12 = cpar: CPAR/Corrected Irradiance [%]
# name 13 = par: PAR/Irradiance, Biospherical/Lico [µE/(cm^2*s)]
# name 14 = spar: SPAR, Biospherical/Licor
# name 15 = sal00: Salinity, Practical [PSU]
# name 16 = sal11: Salinity, Practical, 2 [PSU]
# name 17 = secS-priS: Salinity, Practical, Difference, 2 - 1 [PSU]
# name 18 = sigma-t00: Density [sigma-t, kg/m^3 ]
# name 19 = sigma-t11: Density, 2 [sigma-t, kg/m^3 ]
# name 20 = depSM: Depth [salt water, m], lat = 58.0848
# name 21 = depFM: Depth [true depth, m], lat = 58.0848
# name 22 = dz/dtM: Descent Rate [m/s], WS = 2
# name 23 = svCM: Sound Velocity [Chen-Millero, m/s]
# name 24 = svCM1: Sound Velocity, 2 [Chen-Millero, m/s]
# name 25 = flag: flag
# span 0 =         66,       9951       
# span 1 =      1.500,    104.500       
# span 2 =     7.6818,    17.7126       
# span 3 =     7.6796,    17.7104       
# span 4 =    -0.4211,     0.1085       
# span 5 =   3.591448,   4.278017       
# span 6 =   3.591771,   4.277647       
# span 7 =          1,          1       
# span 8 =     5.2033,     6.0389       
# span 9 =     4.9550,     6.1363       
# span 10 =       1.97,       9.98      
# span 11 =     0.0355,     0.3083      
# span 12 = -6.444e-06, 1.2050e+01      
# span 13 = -1.508e-04, 2.3107e+02      
# span 14 = 1.7031e+03, 2.4405e+03      
# span 15 =    32.0864,    34.9470      
# span 16 =    32.0900,    34.9617      
# span 17 =    -0.0733,     0.1547      
# span 18 =    23.2341,    27.2795      
# span 19 =    23.2363,    27.2886      
# span 20 =      1.486,    103.505      
# span 21 =      1.493,    103.849      
# span 22 =      0.020,      0.541      
# span 23 =    1482.92,    1512.70      
# span 24 =    1482.92,    1512.69      
# span 25 = 0.0000e+00, 0.0000e+00      
# interval = decibars: 0.5              
# start_time = Aug 25 2018 10:05:28 [NMEA time, first data scan]
# bad_flag = -9.990e-29
*END*
[from data line 56]
       2786     29.500    17.7061    17.7051    -0.0009    4.27646    4.27641          1     5.5890     5.2806       9.97     0.2407  3.234e-02  7.568e-01  2.340e+03    32.5607    32.5609     0.0003    23.4757    23.4761     29.224     29.360      0.296    1512.64    1512.64  0.000e+00
       2861     30.000    17.7076    17.7056    -0.0020    4.27675    4.27658          1     5.5799     5.2856       9.97     0.2065  2.698e-02  6.316e-01  2.341e+03    32.5618    32.5619     0.0001    23.4761    23.4767     29.720     29.857      0.247    1512.65    1512.65  0.000e+00
       2904     30.500    17.7110    17.7081    -0.0029    4.27738    4.27703          1     5.5882     5.2923       9.97     0.2034  2.380e-02  5.574e-01  2.342e+03    32.5642    32.5635    -0.0007    23.4772    23.4774     30.215     30.355      0.378    1512.68    1512.67  0.000e+00
       2932     31.000    17.7126    17.7098    -0.0028    4.27787    4.27739          1     5.6014     5.2831       9.97     0.2180  2.173e-02  5.089e-01  2.342e+03    32.5669    32.5651    -0.0018    23.4789    23.4781     30.710     30.852      0.434    1512.69    1512.68  0.000e+00
       2961     31.500    17.7114    17.7104    -0.0009    4.27802    4.27765          1     5.5906     5.2712       9.97     0.2111  1.937e-02  4.536e-01  2.342e+03    32.5690    32.5666    -0.0024    23.4807    23.4791     31.206     31.350      0.328    1512.70    1512.69  0.000e+00
       3048     32.000    17.6785    17.6979     0.0194    4.27537    4.27730          1     5.5961     5.2323       9.97     0.1852  1.650e-02  3.861e-01  2.340e+03    32.5725    32.5734     0.0009    23.4913    23.4874     31.701     31.848      0.323    1512.61    1512.67  0.000e+00
       3076     32.500    17.6503    17.6789     0.0286    4.27428    4.27615          1     5.5855     5.2480       9.97     0.1795  1.395e-02  3.267e-01  2.342e+03    32.5857    32.5787    -0.0070    23.5082    23.4960     32.196     32.345      0.442    1512.55    1512.63  0.000e+00
       3108     33.000    17.6382    17.6625     0.0244    4.27388    4.27538          1     5.5613     5.2422       9.97     0.1885  1.190e-02  2.786e-01  2.342e+03    32.5918    32.5851    -0.0067    23.5158    23.5048     32.691     32.843      0.299    1512.53    1512.60  0.000e+00
       3156     33.500    17.6105    17.6532     0.0428    4.27322    4.27504          1     5.5504     5.2258       9.97     0.1783  1.070e-02  2.506e-01  2.342e+03    32.6082    32.5895    -0.0188    23.5350    23.5104     33.187     33.340      0.265    1512.48    1512.58  0.000e+00
       3201     34.000    17.5548    17.6081     0.0533    4.27108    4.27393          1     5.5408     5.2102       9.97     0.1666  8.997e-03  2.108e-01  2.342e+03    32.6344    32.6161    -0.0184    23.5684    23.5416     33.682     33.838      0.228    1512.35    1512.49  0.000e+00
       3259     34.500    17.4883    17.5647     0.0763    4.26712    4.27221          1     5.5189     5.1850       9.97     0.1688  7.036e-03  1.646e-01  2.340e+03    32.6540    32.6360    -0.0179    23.5992    23.5672     34.177     34.335      0.289    1512.18    1512.39  0.000e+00
       3291     35.000    17.4557    17.4958     0.0402    4.26529    4.26885          1     5.5077     5.1732       9.97     0.1453  5.814e-03  1.362e-01  2.342e+03    32.6644    32.6626    -0.0018    23.6149    23.6040     34.672     34.833      0.366    1512.10    1512.22  0.000e+00
       3329     35.500    17.4197    17.4866     0.0670    4.26398    4.26779          1     5.4910     5.1575       9.97     0.1528  4.722e-03  1.106e-01  2.342e+03    32.6820    32.6607    -0.0213    23.6370    23.6047     35.168     35.330      0.240    1512.03    1512.20  0.000e+00
       3397     36.000    17.4020    17.4531     0.0511    4.26433    4.26686          1     5.4798     5.1652       9.97     0.1285  3.574e-03  8.361e-02  2.339e+03    32.6991    32.6796    -0.0196    23.6543    23.6272     35.663     35.828      0.282    1512.00    1512.13  0.000e+00
       3430     36.500    17.3813    17.4097     0.0285    4.26394    4.26571          1     5.4768     5.1387       9.97     0.1171  2.343e-03  5.486e-02  2.342e+03    32.7123    32.7045    -0.0078    23.6693    23.6566     36.158     36.325      0.403    1511.96    1512.04  0.000e+00
       3467     37.000    17.3569    17.4046     0.0475    4.26354    4.26550          1     5.4621     5.1258       9.97     0.1236  1.442e-03  3.377e-02  2.342e+03    32.7285    32.7067    -0.0217    23.6875    23.6595     36.654     36.823      0.260    1511.92    1512.03  0.000e+00
       3516     37.500    17.3383    17.3678     0.0295    4.26266    4.26467          1     5.4468     5.1394       9.97     0.1152  9.118e-04  2.135e-02  2.341e+03    32.7357    32.7291    -0.0066    23.6974    23.6854     37.149     37.320      0.304    1511.88    1511.96  0.000e+00
       3560     38.000    17.3316    17.3537     0.0221    4.26227    4.26412          1     5.4430     5.1418       9.97     0.1189  1.219e-04  2.851e-03  2.340e+03    32.7377    32.7356    -0.0020    23.7005    23.6937     37.644     37.818      0.230    1511.87    1511.93  0.000e+00
       3614     38.500    17.3282    17.3398     0.0115    4.26201    4.26354          1     5.4385     5.1370       9.97     0.1156 -6.444e-06 -1.508e-04  2.340e+03    32.7379    32.7417     0.0038    23.7015    23.7017     38.139     38.315      0.324    1511.87    1511.90  0.000e+00
       3649     39.000    17.3150    17.3352     0.0203    4.26098    4.26317          1     5.4350     5.1145       9.97     0.1121  4.273e-14  1.000e-12  2.340e+03    32.7396    32.7421     0.0024    23.7060    23.7030     38.635     38.813      0.284    1511.84    1511.90  0.000e+00
       3699     39.500    17.3054    17.3274     0.0220    4.26014    4.26272          1     5.4447     5.1312       9.97     0.1157  4.274e-14  1.000e-12  2.340e+03    32.7400    32.7444     0.0044    23.7085    23.7067     39.130     39.310      0.255    1511.82    1511.89  0.000e+00
       3738     40.000    17.3005    17.3092     0.0087    4.25972    4.26110          1     5.4218     5.1227       9.97     0.1031  4.274e-14  1.000e-12  2.340e+03    32.7402    32.7450     0.0048    23.7098    23.7115     39.625     39.808      0.305    1511.81    1511.84  0.000e+00
       3783     40.500    17.2598    17.3015     0.0417    4.25674    4.26078          1     5.4057     5.0933       9.97     0.1094  4.271e-14  1.000e-12  2.341e+03    32.7474    32.7482     0.0009    23.7249    23.7157     40.120     40.305      0.269    1511.71    1511.83  0.000e+00
       3819     41.000    17.2339    17.2426     0.0087    4.25422    4.25608          1     5.4044     5.0855       9.97     0.0986  4.269e-14  1.000e-12  2.343e+03    32.7464    32.7555     0.0090    23.7303    23.7352     40.616     40.803      0.409    1511.63    1511.67  0.000e+00
       3848     41.500    17.1995    17.2037     0.0041    4.25045    4.25268          1     5.3975     5.0894       9.97     0.0888  4.267e-14  1.000e-12  2.344e+03    32.7417    32.7576     0.0159    23.7348    23.7460     41.111     41.300      0.335    1511.53    1511.57  0.000e+00
       3917     42.000    17.2099    17.1689    -0.0410    4.25104    4.24916          1     5.3822     5.0862       9.97     0.0891  4.273e-14  1.000e-12  2.340e+03    32.7382    32.7553     0.0171    23.7297    23.7525     41.606     41.798      0.260    1511.57    1511.47  0.000e+00
       3958     42.500    17.0983    17.0807    -0.0175    4.24137    4.24219          1     5.3776     5.0693       9.97     0.0833  4.271e-14  1.000e-12  2.342e+03    32.7453    32.7666     0.0213    23.7614    23.7818     42.102     42.295      0.361    1511.25    1511.22  0.000e+00
       3996     43.000    17.0756    17.0464    -0.0292    4.24010    4.23952          1     5.3602     5.0678       9.97     0.0849  4.268e-14  1.000e-12  2.343e+03    32.7526    32.7713     0.0187    23.7723    23.7935     42.597     42.793      0.249    1511.20    1511.13  0.000e+00
       4054     43.500    17.0628    17.0313    -0.0315    4.23967    4.23889          1     5.3407     5.0593       9.97     0.0765  4.270e-14  1.000e-12  2.342e+03    32.7591    32.7779     0.0189    23.7803    23.8021     43.092     43.290      0.288    1511.18    1511.10  0.000e+00
       4085     44.000    16.9771    16.9224    -0.0546    4.23357    4.23286          1     5.3307     5.0434       9.97     0.0752  4.266e-14  1.000e-12  2.344e+03    32.7760    32.8143     0.0383    23.8133    23.8555     43.587     43.787      0.385    1510.94    1510.82  0.000e+00
       4121     44.500    16.9343    16.8756    -0.0587    4.23165    4.23022          1     5.3301     5.0531       9.97     0.0759  4.263e-14  1.000e-12  2.346e+03    32.7940    32.8295     0.0355    23.8371    23.8780     44.083     44.285      0.250    1510.84    1510.71  0.000e+00
       4180     45.000    16.9103    16.8972    -0.0132    4.23159    4.23447          1     5.3230     5.0453       9.97     0.0738  4.263e-14  1.000e-12  2.346e+03    32.8128    32.8485     0.0357    23.8572    23.8876     44.578     44.782      0.310    1510.80    1510.80  0.000e+00
       4208     45.500    16.8981    16.8735    -0.0247    4.23306    4.23467          1     5.3227     5.0419       9.97     0.0733  4.263e-14  1.000e-12  2.346e+03    32.8353    32.8695     0.0342    23.8773    23.9092     45.073     45.280      0.378    1510.80    1510.76  0.000e+00
       4280     46.000    16.8769    16.8447    -0.0322    4.23384    4.23429          1     5.3261     5.0566       9.97     0.0743  4.266e-14  1.000e-12  2.344e+03    32.8593    32.8896     0.0303    23.9006    23.9313     45.568     45.777      0.284    1510.77    1510.71  0.000e+00
       4323     46.500    16.8472    16.8106    -0.0366    4.23258    4.23219          1     5.3212     5.0444       9.97     0.0683  4.263e-14  1.000e-12  2.346e+03    32.8724    32.8990     0.0266    23.9176    23.9465     46.064     46.274      0.496    1510.70    1510.62  0.000e+00
       4348     47.000    16.8098    16.7594    -0.0503    4.23046    4.22945          1     5.3019     5.0360       9.97     0.0720  4.263e-14  1.000e-12  2.346e+03    32.8845    32.9170     0.0325    23.9355    23.9722     46.559     46.772      0.381    1510.61    1510.50  0.000e+00
       4411     47.500    16.7737    16.7398    -0.0338    4.22918    4.22913          1     5.3013     5.0396       9.97     0.0688  4.262e-14  1.000e-12  2.346e+03    32.9027    32.9301     0.0274    23.9579    23.9868     47.054     47.269      0.276    1510.53    1510.46  0.000e+00
       4448     48.000    16.7413    16.7189    -0.0224    4.22814    4.22817          1     5.3007     5.0368       9.97     0.0671  4.258e-14  1.000e-12  2.348e+03    32.9201    32.9387     0.0186    23.9788    23.9983     47.549     47.766      0.395    1510.46    1510.41  0.000e+00
       4480     48.500    16.7196    16.6670    -0.0527    4.22669    4.22478          1     5.3014     5.0366       9.97     0.0661  4.256e-14  1.000e-12  2.350e+03    32.9251    32.9517     0.0266    23.9876    24.0202     48.045     48.264      0.336    1510.41    1510.28  0.000e+00
       4525     49.000    16.6889    16.5442    -0.1447    4.22440    4.21579          1     5.2820     5.0193       9.97     0.0726  4.256e-14  1.000e-12  2.350e+03    32.9302    32.9741     0.0439    23.9987    24.0658     48.540     48.761      0.229    1510.33    1509.94  0.000e+00
       4577     49.500    16.5472    16.3934    -0.1537    4.21374    4.20481          1     5.2451     4.9932       9.97     0.0670  4.256e-14  1.000e-12  2.350e+03    32.9536    33.0024     0.0488    24.0493    24.1221     49.035     49.258      0.231    1509.93    1509.52  0.000e+00
       4638     50.000    16.4031    16.3433    -0.0599    4.20282    4.20005          1     5.2047     4.9586       9.97     0.0717  4.259e-14  1.000e-12  2.348e+03    32.9768    33.0020     0.0251    24.1003    24.1333     49.530     49.756      0.257    1509.53    1509.37  0.000e+00
       4674     50.500    16.3276    16.3152    -0.0124    4.19719    4.19871          1     5.2246     4.9625       9.97     0.0668  4.256e-14  1.000e-12  2.349e+03    32.9896    33.0133     0.0236    24.1274    24.1483     50.026     50.253      0.423    1509.32    1509.31  0.000e+00
       4702     51.000    16.2961    16.2908    -0.0054    4.19461    4.19593          1     5.2256     4.9587       9.97     0.0687  4.252e-14  1.000e-12  2.352e+03    32.9929    33.0089     0.0160    24.1370    24.1506     50.521     50.750      0.364    1509.23    1509.24  0.000e+00
       4748     51.500    16.3008    16.2834    -0.0174    4.19517    4.19549          1     5.2166     4.9550       9.97     0.0771  4.253e-14  1.000e-12  2.351e+03    32.9938    33.0109     0.0171    24.1366    24.1538     51.016     51.248      0.228    1509.26    1509.22  0.000e+00
       4795     52.000    16.2792    16.2534    -0.0258    4.19367    4.19362          1     5.2354     4.9728       9.97     0.0708  4.250e-14  1.000e-12  2.353e+03    32.9983    33.0193     0.0210    24.1450    24.1670     51.511     51.745      0.293    1509.20    1509.15  0.000e+00
       4838     52.500    16.2523    16.1875    -0.0648    4.19148    4.18914          1     5.2281     4.9870       9.97     0.0693  4.245e-14  1.000e-12  2.356e+03    33.0011    33.0342     0.0331    24.1533    24.1935     52.007     52.242      0.257    1509.13    1508.97  0.000e+00
       4886     53.000    16.1861    15.9986    -0.1874    4.18605    4.17540          1     5.2394     4.9783       9.97     0.0689  4.247e-14  1.000e-12  2.355e+03    33.0080    33.0700     0.0620    24.1737    24.2637     52.502     52.739      0.258    1508.95    1508.44  0.000e+00
       4931     53.500    16.0259    15.6050    -0.4211    4.17372    4.14916          1     5.2379     4.9958       9.97     0.0689  4.250e-14  1.000e-12  2.353e+03    33.0322    33.1663     0.1342    24.2285    24.4258     52.997     53.237      0.254    1508.49    1507.33  0.000e+00
       4992     54.000    15.6545    15.2429    -0.4106    4.14531    4.12384          1     5.2545     4.9702       9.97     0.0732  4.249e-14  1.000e-12  2.354e+03    33.0903    33.2450     0.1547    24.3562    24.5662     53.492     53.734      0.235    1507.41    1506.29  0.000e+00
       5034     54.500    15.0959    14.9131    -0.1828    4.10616    4.10270          1     5.2033     4.9980       9.97     0.0723  4.246e-14  1.000e-12  2.356e+03    33.2101    33.3345     0.1244    24.5714    24.7069     53.987     54.231      0.377    1505.80    1505.36  0.000e+00
       5066     55.000    14.8551    14.7046    -0.1506    4.08945    4.08547          1     5.2186     5.0341       9.97     0.0936  4.240e-14  1.000e-12  2.359e+03    33.2635    33.3561     0.0925    24.6647    24.7684     54.483     54.728      0.332    1505.10    1504.73  0.000e+00
       5110     55.500    14.7763    14.6425    -0.1337    4.08500    4.08071          1     5.2600     5.0512       9.97     0.0982  4.235e-14  1.000e-12  2.361e+03    33.2902    33.3658     0.0756    24.7023    24.7892     54.978     55.225      0.264    1504.89    1504.55  0.000e+00
       5150     56.000    14.6905    14.5792    -0.1114    4.07888    4.07573          1     5.2561     5.0504       9.97     0.0872  4.232e-14  1.000e-12  2.363e+03    33.3078    33.3745     0.0667    24.7342    24.8094     55.473     55.722      0.304    1504.64    1504.36  0.000e+00
       5203     56.500    14.6134    14.4789    -0.1351    4.07433    4.06977          1     5.2733     5.0553       9.97     0.0984  4.230e-14  1.000e-12  2.364e+03    33.3321    33.4061     0.0740    24.7694    24.8550     55.968     56.219      0.196    1504.43    1504.09  0.000e+00
