ctdpy/tests/etc/all_smhi_bas_2018/SBE09_1044_20180126_1119_34_02_0014.cnv
* Sea-Bird SBE 9 Data File:
* FileName = C:\ctd\temp\2018\ME18D014.hex
* Software Version Seasave V 7.26.6.26
* Temperature SN = 5351
* Conductivity SN = 3941
* Number of Bytes Per Scan = 41
* Number of Voltage Words = 4
* Number of Scans Averaged by the Deck Unit = 1
* NMEA Latitude = 54 58.28 N
* NMEA Longitude = 014 05.90 E
* NMEA UTC (Time) = Jan 26 2018  11:19:35
* NMEA baud rate = 4800
** Station:  BY2
** Operator:  JKro
** Ship: MERI
** Average sound velocity: 1387.57 m/s
** True-depth calculation Sat, 27 Jan 2018 21:56:31 +0000
** CTD Python Module SMHI /ver 3-12/ feb 2012 
** LIMS Job: 20183402-0014
** Cruise: SMHI-01-2018
** Latitude [GG MM.mm N] :
** Longitude [GG MM.mm E]:
# nquan = 26
# nvalues = 87                          
# units = specified
# name 0 = scan: Scan Count
# name 1 = prDM: Pressure, Digiquartz [db]
# name 2 = t090C: Temperature [ITS-90, deg C]
# name 3 = t190C: Temperature, 2 [ITS-90, deg C]
# name 4 = T2-T190C: Temperature Difference, 2 - 1 [ITS-90, deg C]
# name 5 = c0S/m: Conductivity [S/m]
# name 6 = c1S/m: Conductivity, 2 [S/m]
# name 7 = pumps: Pump Status
# name 8 = sbeox0ML/L: Oxygen, SBE 43 [ml/l]
# name 9 = sbeox1ML/L: Oxygen, SBE 43, 2 [ml/l]
# name 10 = altM: Altimeter [m]
# name 11 = flECO-AFL: Chl-a Fluorescence, WET Labs ECO-AFL/FL [mg/m^3]
# name 12 = flECO-AFL1: Phycocyanin Fluorescence, WET Labs ECO-AFL/FL, 2 [mg/m^3]
# name 13 = par: PAR/Irradiance, Biospherical/Lico [µE/(cm^2*s)]
# name 14 = turbWETntu0: Turbidity, WET Labs ECO [NTU]
# name 15 = sal00: Salinity, Practical [PSU]
# name 16 = sal11: Salinity, Practical, 2 [PSU]
# name 17 = secS-priS: Salinity, Practical, Difference, 2 - 1 [PSU]
# name 18 = sigma-t00: Density [sigma-t, Kg/m^3 ]
# name 19 = sigma-t11: Density, 2 [sigma-t, Kg/m^3 ]
# name 20 = depSM: Depth [salt water, m], lat = 54.9713
# name 21 = depFM: Depth [true depth, m], lat = 54.9713
# name 22 = dz/dtM: Descent Rate [m/s], WS = 2
# name 23 = svCM: Sound Velocity [Chen-Millero, m/s]
# name 24 = svCM1: Sound Velocity, 2 [Chen-Millero, m/s]
# name 25 = flag: flag
# span 0 =      12674,      16684       
# span 1 =      1.000,     44.000       
# span 2 =     4.3721,     9.2989       
# span 3 =     4.3740,     9.3048       
# span 4 =    -0.0386,     0.0126       
# span 5 =   0.821971,   1.814070       
# span 6 =   0.821967,   1.814382       
# span 7 =          1,          1       
# span 8 =    3.42368,    8.27832       
# span 9 =    3.44602,    8.23258       
# span 10 =       1.87,      98.44      
# span 11 =     0.2909,     1.0895      
# span 12 =     0.2863,     0.4221      
# span 13 = 1.0000e-12, 9.3321e+02      
# span 14 =     0.1846,     0.8108      
# span 15 =     7.7399,    15.7738      
# span 16 =     7.7394,    15.7742      
# span 17 =    -0.0143,     0.0151      
# span 18 =     6.1422,    12.0723      
# span 19 =     6.1418,    12.0719      
# span 20 =      0.991,     43.381      
# span 21 =     -0.000,     44.512      
# span 22 =     -0.143,      0.450      
# span 23 =    1433.38,    1464.56      
# span 24 =    1433.39,    1464.58      
# span 25 = 0.0000e+00, 0.0000e+00      
# interval = decibars: 0.5              
# start_time = Jan 26 2018 11:19:35 [NMEA time, first data scan]
# bad_flag = -9.990e-29
*END*
[from data line 56]
      14449     29.000     4.5730     4.5740     0.0010    0.87581    0.87583          1     8.0263     8.0019      10.03     0.5941     0.3253  8.445e-01  0.2138000     8.2320     8.2320     0.0000     6.5257     6.5257     28.737     29.351      0.402    1435.33    1435.34  0.000e+00
      14481     29.500     4.5948     4.5945    -0.0003    0.87967    0.87970          1     8.0046     7.9922       9.65     0.5897     0.3159  7.698e-01  0.2114000     8.2656     8.2659     0.0003     6.5515     6.5518     29.232     29.857      0.359    1435.48    1435.48  0.000e+00
      14516     30.000     4.5995     4.5995     0.0000    0.88073    0.88058          1     8.0076     7.9934      10.91     0.5600     0.3332  6.925e-01  0.2167000     8.2750     8.2735    -0.0015     6.5588     6.5577     29.727     30.363      0.343    1435.52    1435.52  0.000e+00
      14550     30.500     4.6030     4.6010    -0.0019    0.88062    0.88057          1     8.0147     7.9796      11.90     0.5778     0.3062  6.328e-01  0.2114000     8.2730     8.2729    -0.0001     6.5571     6.5571     30.223     30.869      0.372    1435.54    1435.54  0.000e+00
      14581     31.000     4.6021     4.6037     0.0016    0.88088    0.88104          1     8.0122     7.9747      13.56     0.5773     0.3038  5.822e-01  0.2084000     8.2758     8.2770     0.0012     6.5594     6.5603     30.718     31.375      0.394    1435.55    1435.56  0.000e+00
      14611     31.500     4.6012     4.6024     0.0012    0.88120    0.88129          1     8.0104     7.9768      13.51     0.5631     0.3291  5.289e-01  0.2094000     8.2792     8.2797     0.0005     6.5621     6.5624     31.214     31.881      0.391    1435.56    1435.57  0.000e+00
      14643     32.000     4.6059     4.6080     0.0021    0.88199    0.88214          1     7.9956     7.9790      13.67     0.5625     0.3169  4.832e-01  0.2108000     8.2859     8.2868     0.0010     6.5672     6.5679     31.709     32.387      0.362    1435.60    1435.61  0.000e+00
      14678     32.500     4.6062     4.6088     0.0027    0.88271    0.88268          1     7.9455     7.9385      13.34     0.5570     0.3223  4.370e-01  0.2118000     8.2930     8.2920    -0.0010     6.5728     6.5720     32.205     32.893      0.340    1435.61    1435.63  0.000e+00
      14712     33.000     4.6069     4.6065    -0.0005    0.88314    0.88306          1     7.9660     7.9554      12.94     0.5656     0.3420  3.905e-01  0.2180000     8.2971     8.2964    -0.0007     6.5760     6.5755     32.700     33.399      0.370    1435.63    1435.63  0.000e+00
      14743     33.500     4.7833     4.7444    -0.0386    0.89349    0.89136          1     7.8950     7.9028      12.51     0.5655     0.2863  3.513e-01  0.2146000     8.3570     8.3454    -0.0116     6.6168     6.6091     33.195     33.905      0.406    1436.49    1436.31  0.000e+00
      14772     34.000     4.9395     4.9370    -0.0026    0.90395    0.90369          1     7.7518     7.7656      12.10     0.5336     0.3157  3.181e-01  0.2214000     8.4226     8.4206    -0.0019     6.6624     6.6610     33.691     34.411      0.396    1437.27    1437.26  0.000e+00
      14804     34.500     4.9661     4.9654    -0.0007    0.90590    0.90571          1     7.7233     7.7150      11.59     0.5136     0.3398  2.903e-01  0.2202000     8.4353     8.4336    -0.0017     6.6714     6.6701     34.186     34.916      0.343    1437.41    1437.41  0.000e+00
      14841     35.000     5.0983     5.0804    -0.0178    0.92117    0.91931          1     7.6397     7.6398      11.06     0.4971     0.3278  2.626e-01  0.2313000     8.5543     8.5403    -0.0140     6.7598     6.7495     34.682     35.422      0.330    1438.15    1438.06  0.000e+00
      14875     35.500     5.1748     5.1737    -0.0010    0.93987    0.93957          1     7.5091     7.5365      10.56     0.4942     0.3485  2.362e-01  0.2884000     8.7214     8.7187    -0.0027     6.8885     6.8864     35.177     35.928      0.385    1438.71    1438.70  0.000e+00
      14905     36.000     5.1660     5.1682     0.0022    0.94335    0.94334          1     7.4656     7.4941      10.10     0.5168     0.3585  2.138e-01  0.3427000     8.7584     8.7578    -0.0006     6.9182     6.9176     35.672     36.434      0.416    1438.72    1438.73  0.000e+00
      14934     36.500     5.0747     5.0787     0.0040    0.94205    0.94200          1     7.4389     7.4372       9.59     0.5250     0.3442  1.857e-01  0.3904000     8.7694     8.7678    -0.0016     6.9309     6.9295     36.168     36.940      0.380    1438.35    1438.36  0.000e+00
      14969     37.000     4.9263     4.9307     0.0045    0.94321    0.94264          1     7.4966     7.4683       9.03     0.5782     0.3557  1.619e-01  0.4515000     8.8201     8.8132    -0.0069     6.9775     6.9718     36.663     37.445      0.322    1437.77    1437.78  0.000e+00
      15007     37.500     5.1462     5.1304    -0.0159    0.95988    0.95895          1     7.4279     7.4847       8.51     0.6280     0.3997  1.400e-01  0.5641000     8.9287     8.9237    -0.0051     7.0536     7.0503     37.159     37.951      0.345    1438.88    1438.80  0.000e+00
      15039     38.000     5.7902     5.7662    -0.0241    1.00272    1.00061          1     6.8711     7.0555       8.01     0.5287     0.3035  1.224e-01  0.5799000     9.1803     9.1660    -0.0143     7.2189     7.2090     37.654     38.457      0.395    1441.99    1441.86  0.000e+00
      15069     38.500     6.4259     6.3999    -0.0262    1.05950    1.05852          1     6.0976     6.3488       7.51     0.4862     0.4146  1.062e-01  0.5507000     9.5615     9.5594    -0.0022     7.4805     7.4805     38.149     38.962      0.389    1445.18    1445.07  0.000e+00
      15101     39.000     6.9355     6.9241    -0.0113    1.11803    1.11675          1     5.2952     5.6147       6.99     0.4178     0.3011  8.830e-02  0.5101000     9.9832     9.9741    -0.0091     7.7762     7.7699     38.645     39.468      0.338    1447.85    1447.80  0.000e+00
      15140     39.500     7.4296     7.4423     0.0126    1.19048    1.19246          1     4.6253     4.9864       6.43     0.3477     0.3110  7.101e-02  0.4750000    10.5325    10.5476     0.0151     8.1686     8.1794     39.140     39.973      0.309    1450.59    1450.66  0.000e+00
      15176     40.000     7.8104     7.8139     0.0036    1.25656    1.25761          1     4.3320     4.6324       5.94     0.3296     0.3320  5.646e-02  0.4497000    11.0447    11.0536     0.0088     8.5371     8.5438     39.636     40.478      0.355    1452.79    1452.81  0.000e+00
      15209     40.500     8.1095     8.1060    -0.0036    1.31755    1.31749          1     4.1830     4.4230       5.43     0.3114     0.2922  3.938e-02  0.4270000    11.5274    11.5280     0.0006     8.8874     8.8882     40.131     40.983      0.375    1454.61    1454.59  0.000e+00
      15242     41.000     8.2943     8.2866    -0.0077    1.35941    1.35768          1     4.1318     4.3089       4.91     0.3252     0.2939  2.566e-02  0.4384000    11.8620    11.8482    -0.0138     9.1312     9.1212     40.626     41.488      0.331    1455.77    1455.72  0.000e+00
      15282     41.500     8.4809     8.4807    -0.0002    1.40497    1.40462          1     4.1012     4.2444       4.39     0.2909     0.3159  1.337e-02  0.4346000    12.2283    12.2251    -0.0032     9.3988     9.3963     41.122     41.992      0.285    1456.97    1456.97  0.000e+00
      15323     42.000     8.6459     8.6436    -0.0023    1.44690    1.44612          1     4.0616     4.1713       3.88     0.2918     0.3179  3.843e-03  0.4440000    12.5659    12.5593    -0.0065     9.6455     9.6406     41.617     42.497      0.265    1458.05    1458.04  0.000e+00
 -9.990e-29     42.500 -9.990e-29 -9.990e-29 -9.990e-29 -9.990e-29 -9.990e-29 -9.990e-29 -9.990e-29 -9.990e-29 -9.990e-29 -9.990e-29 -9.990e-29 -9.990e-29 -9.990e-29 -9.990e-29 -9.990e-29 -9.990e-29 -9.990e-29 -9.990e-29 -9.990e-29 -9.990e-29 -9.990e-29 -9.990e-29 -9.990e-29 -9.990e-29
 -9.990e-29     43.000 -9.990e-29 -9.990e-29 -9.990e-29 -9.990e-29 -9.990e-29 -9.990e-29 -9.990e-29 -9.990e-29 -9.990e-29 -9.990e-29 -9.990e-29 -9.990e-29 -9.990e-29 -9.990e-29 -9.990e-29 -9.990e-29 -9.990e-29 -9.990e-29 -9.990e-29 -9.990e-29 -9.990e-29 -9.990e-29 -9.990e-29 -9.990e-29
 -9.990e-29     43.500 -9.990e-29 -9.990e-29 -9.990e-29 -9.990e-29 -9.990e-29 -9.990e-29 -9.990e-29 -9.990e-29 -9.990e-29 -9.990e-29 -9.990e-29 -9.990e-29 -9.990e-29 -9.990e-29 -9.990e-29 -9.990e-29 -9.990e-29 -9.990e-29 -9.990e-29 -9.990e-29 -9.990e-29 -9.990e-29 -9.990e-29 -9.990e-29
      16684     44.000     9.2989     9.3048     0.0059    1.81407    1.81438          1     3.4237     3.4460       1.87     0.3030     0.3194  1.000e-12  0.8108000    15.7738    15.7742     0.0004    12.0723    12.0719     43.381     44.512     -0.143    1464.56    1464.58  0.000e+00
