ctdpy/tests/etc/all_smhi_bas_2018/SBE09_1044_20181016_1131_34_01_0097.cnv
* Sea-Bird SBE 9 Data File:
* FileName = C:\ctd\temp\ar18d097.hex
* Software Version Seasave V 7.21e
* Temperature SN = 5351
* Conductivity SN = 3941
* Number of Bytes Per Scan = 30
* Number of Voltage Words = 4
* Number of Scans Averaged by the Deck Unit = 1
** Station:  BY5
** Operator:  obac
** Ship: ARANDA
** Average sound velocity: 1467.65 m/s
** True-depth calculation Tue, 16 Oct 2018 16:46:53 +0000
** CTD Python Module SMHI /ver 3-12/ feb 2012 
** LIMS Job: 20183401-0097
** Cruise: SMHI-4-2018
** Latitude [GG MM.mm N]: 55 15.003 N
** Longitude [GG MM.mm E] 15 59.045 E
# nquan = 26
# nvalues = 169                         
# units = specified
# name 0 = scan: Scan Count
# name 1 = prDM: Pressure, Digiquartz [db]
# name 2 = t090C: Temperature [ITS-90, deg C]
# name 3 = t190C: Temperature, 2 [ITS-90, deg C]
# name 4 = T2-T190C: Temperature Difference, 2 - 1 [ITS-90, deg C]
# name 5 = c0S/m: Conductivity [S/m]
# name 6 = c1S/m: Conductivity, 2 [S/m]
# name 7 = pumps: Pump Status
# name 8 = sbeox0ML/L: Oxygen, SBE 43 [ml/l]
# name 9 = sbeox1ML/L: Oxygen, SBE 43, 2 [ml/l]
# name 10 = altM: Altimeter [m]
# name 11 = flECO-AFL: Chl-a Fluorescence, WET Labs ECO-AFL/FL [mg/m^3]
# name 12 = flECO-AFL1: Phycocyanin Fluorescence, WET Labs ECO-AFL/FL, 2 [mg/m^3]
# name 13 = par: PAR/Irradiance, Biospherical/Lico [µE/(cm^2*s)]
# name 14 = turbWETntu0: Turbidity, WET Labs ECO [NTU]
# name 15 = sal00: Salinity, Practical [PSU]
# name 16 = sal11: Salinity, Practical, 2 [PSU]
# name 17 = secS-priS: Salinity, Practical, Difference, 2 - 1 [PSU]
# name 18 = sigma-t00: Density [sigma-t, Kg/m^3 ]
# name 19 = sigma-t11: Density, 2 [sigma-t, Kg/m^3 ]
# name 20 = depSM: Depth [salt water, m], lat = 0
# name 21 = depFM: Depth [true depth, m], lat = 0
# name 22 = dz/dtM: Descent Rate [m/s], WS = 2
# name 23 = svCM: Sound Velocity [Chen-Millero, m/s]
# name 24 = svCM1: Sound Velocity, 2 [Chen-Millero, m/s]
# name 25 = flag: flag
# span 0 =      14833,      18970       
# span 1 =      2.000,     86.000       
# span 2 =     4.9242,    13.8596       
# span 3 =     4.9224,    13.8600       
# span 4 =    -0.0765,     0.1785       
# span 5 =   0.842977,   2.294103       
# span 6 =   0.842974,   2.294054       
# span 7 =          1,          1       
# span 8 =    0.05307,    7.16174       
# span 9 =    0.14161,    6.70678       
# span 10 =       2.59,      98.72      
# span 11 =     0.2359,     2.0561      
# span 12 =     0.1744,     0.5362      
# span 13 = -1.555e-09, 2.3923e+02      
# span 14 =     0.1449,     4.1173      
# span 15 =     7.5640,    18.4904      
# span 16 =     7.5637,    18.4909      
# span 17 =    -0.1394,     0.0809      
# span 18 =     5.1004,    13.6698      
# span 19 =     5.1001,    13.6697      
# span 20 =      1.989,     85.510      
# span 21 =      2.027,     86.909      
# span 22 =     -0.009,      0.605      
# span 23 =    1436.60,    1481.71      
# span 24 =    1436.59,    1481.71      
# span 25 = 0.0000e+00, 0.0000e+00      
# interval = decibars: 0.5              
# start_time = Oct 16 2018 11:31:51 [System UTC, header]
# bad_flag = -9.990e-29
*END*
      14833      2.000    13.8573    13.8574     0.0001    1.03003    1.02999          1     7.1617     6.6996      53.82     2.0417     0.4544  2.392e+02  0.3271000     7.5644     7.5641    -0.0003     5.1010     5.1008      1.989      2.027      0.230    1470.92    1470.92  0.000e+00
      14876      2.500    13.8596    13.8593    -0.0004    1.03006    1.03002          1     7.1567     6.7068      72.00     2.0308     0.4509  1.881e+02  0.3184000     7.5642     7.5639    -0.0003     5.1005     5.1004      2.486      2.533      0.332    1470.94    1470.94  0.000e+00
      14908      3.000    13.8568    13.8582     0.0014    1.02999    1.02999          1     7.1544     6.7061      44.64     2.0481     0.5138  1.648e+02  0.3202000     7.5641     7.5639    -0.0002     5.1009     5.1005      2.984      3.040      0.398    1470.93    1470.94  0.000e+00
      14937      3.500    13.8580    13.8587     0.0007    1.03001    1.02999          1     7.1459     6.7051      47.42     2.0561     0.5362  1.244e+02  0.3340000     7.5640     7.5637    -0.0003     5.1006     5.1003      3.481      3.547      0.437    1470.95    1470.95  0.000e+00
      14963      4.000    13.8589    13.8600     0.0012    1.03004    1.03003          1     7.1537     6.7022      89.47     2.0448     0.5063  1.038e+02  0.3351000     7.5640     7.5637    -0.0003     5.1004     5.1001      3.978      4.053      0.467    1470.96    1470.96  0.000e+00
      14988      4.500    13.8511    13.8568     0.0056    1.02986    1.02997          1     7.1533     6.6906      98.42     1.9810     0.4661  8.329e+01  0.3412000     7.5640     7.5638    -0.0002     5.1017     5.1007      4.475      4.560      0.489    1470.94    1470.96  0.000e+00
      15013      5.000    13.8410    13.8375    -0.0035    1.02962    1.02953          1     7.1339     6.6890      98.37     1.9316     0.4425  6.842e+01  0.3226000     7.5641     7.5640    -0.0000     5.1033     5.1038      4.972      5.067      0.493    1470.91    1470.90  0.000e+00
      15037      5.500    13.8432    13.8362    -0.0069    1.02967    1.02948          1     7.1235     6.6971      98.06     1.9130     0.4555  5.563e+01  0.3269000     7.5640     7.5638    -0.0002     5.1029     5.1038      5.470      5.574      0.498    1470.93    1470.90  0.000e+00
      15061      6.000    13.8392    13.8236    -0.0157    1.02957    1.02917          1     7.1222     6.6927      98.64     1.9276     0.4137  4.495e+01  0.3314000     7.5640     7.5638    -0.0002     5.1035     5.1058      5.967      6.080      0.516    1470.92    1470.87  0.000e+00
      15084      6.500    13.8248    13.8255     0.0006    1.02924    1.02922          1     7.1162     6.6945      98.07     1.9331     0.4122  3.928e+01  0.3399000     7.5641     7.5638    -0.0003     5.1058     5.1055      6.464      6.587      0.533    1470.88    1470.88  0.000e+00
      15106      7.000    13.8082    13.8097     0.0014    1.02885    1.02887          1     7.1002     6.6884      16.33     1.9278     0.4603  3.187e+01  0.3363000     7.5642     7.5640    -0.0001     5.1084     5.1081      6.961      7.094      0.537    1470.83    1470.83  0.000e+00
      15128      7.500    13.7865    13.7842    -0.0023    1.02836    1.02833          1     7.0634     6.6625      44.37     1.9258     0.4788  2.702e+01  0.3205000     7.5645     7.5647     0.0002     5.1119     5.1125      7.459      7.600      0.531    1470.76    1470.75  0.000e+00
      15151      8.000    13.7297    13.7335     0.0039    1.02712    1.02719          1     7.0147     6.6258      83.81     1.9299     0.4713  2.306e+01  0.3145000     7.5657     7.5655    -0.0002     5.1216     5.1209      7.956      8.107      0.534    1470.57    1470.58  0.000e+00
      15173      8.500    13.6764    13.6793     0.0028    1.02604    1.02605          1     6.9654     6.5896      98.58     1.9099     0.4664  1.967e+01  0.3370000     7.5675     7.5671    -0.0004     5.1311     5.1304      8.453      8.614      0.540    1470.39    1470.40  0.000e+00
      15196      9.000    13.6609    13.6628     0.0019    1.02605    1.02603          1     6.9448     6.5629      98.03     1.9219     0.4312  1.686e+01  0.3099000     7.5706     7.5700    -0.0006     5.1359     5.1351      8.950      9.120      0.533    1470.35    1470.35  0.000e+00
      15218      9.500    13.6451    13.6468     0.0017    1.02658    1.02654          1     6.9367     6.5443      98.48     1.9208     0.4656  1.461e+01  0.3108000     7.5779     7.5772    -0.0006     5.1439     5.1431      9.448      9.627      0.521    1470.31    1470.31  0.000e+00
      15241     10.000    13.6377    13.6391     0.0014    1.02742    1.02733          1     6.9291     6.5326      86.74     1.8054     0.4240  1.253e+01  0.3173000     7.5859     7.5850    -0.0010     5.1512     5.1502      9.945     10.134      0.530    1470.30    1470.30  0.000e+00
      15264     10.500    13.6388    13.6400     0.0012    1.02807    1.02798          1     6.9133     6.5184      97.51     1.7686     0.4033  1.082e+01  0.3178000     7.5909     7.5899    -0.0010     5.1548     5.1539     10.442     10.640      0.549    1470.32    1470.32  0.000e+00
      15285     11.000    13.6256    13.6286     0.0029    1.02826    1.02829          1     6.8908     6.5045      98.58     1.7212     0.4364  9.381e+00  0.3167000     7.5949     7.5946    -0.0003     5.1599     5.1592     10.939     11.147      0.550    1470.28    1470.29  0.000e+00
      15307     11.500    13.5821    13.5886     0.0064    1.02754    1.02769          1     6.8832     6.5011      98.13     1.6656     0.4520  8.146e+00  0.3168000     7.5977     7.5976    -0.0000     5.1686     5.1676     11.437     11.654      0.538    1470.14    1470.16  0.000e+00
      15330     12.000    13.5439    13.5465     0.0026    1.02667    1.02669          1     6.8929     6.5134      98.65     1.6271     0.3837  7.121e+00  0.3197000     7.5983     7.5979    -0.0004     5.1748     5.1742     11.934     12.160      0.533    1470.01    1470.02  0.000e+00
      15352     12.500    13.5256    13.5290     0.0033    1.02635    1.02640          1     6.8747     6.5126      98.23     1.5411     0.3829  6.150e+00  0.3347000     7.5993     7.5990    -0.0002     5.1783     5.1777     12.431     12.667      0.534    1469.96    1469.97  0.000e+00
      15375     13.000    13.4925    13.4985     0.0059    1.02556    1.02569          1     6.8727     6.5177      98.42     1.5271     0.4529  5.438e+00  0.3174000     7.5995     7.5993    -0.0001     5.1835     5.1825     12.928     13.173      0.531    1469.85    1469.87  0.000e+00
      15397     13.500    13.3753    13.3839     0.0086    1.02277    1.02305          1     6.8916     6.5372      98.49     1.5014     0.4568  4.807e+00  0.3108000     7.6003     7.6008     0.0006     5.2016     5.2007     13.425     13.680      0.531    1469.44    1469.47  0.000e+00
      15420     14.000    13.2990    13.3028     0.0039    1.02086    1.02092          1     6.9040     6.5401      98.28     1.4522     0.4177  4.139e+00  0.3068000     7.6000     7.5997    -0.0003     5.2127     5.2119     13.923     14.187      0.533    1469.17    1469.19  0.000e+00
      15442     14.500    13.2257    13.2340     0.0084    1.01908    1.01935          1     6.8872     6.5296      98.72     1.4086     0.3621  3.653e+00  0.2975000     7.6003     7.6007     0.0005     5.2237     5.2228     14.420     14.693      0.529    1468.92    1468.95  0.000e+00
      15465     15.000    13.0725    13.0852     0.0127    1.01532    1.01573          1     6.8853     6.5282      98.34     1.3436     0.3438  3.281e+00  0.2870000     7.6003     7.6011     0.0008     5.2461     5.2449     14.917     15.200      0.531    1468.38    1468.42  0.000e+00
      15488     15.500    12.8979    12.9102     0.0123    1.01062    1.01090          1     6.9218     6.5431      98.59     1.2621     0.3816  2.879e+00  0.2816000     7.5970     7.5969    -0.0002     5.2687     5.2669     15.414     15.707      0.545    1467.75    1467.79  0.000e+00
      15509     16.000    12.8337    12.8395     0.0058    1.00967    1.00967          1     6.9576     6.5808      98.48     1.1714     0.3694  2.533e+00  0.2737000     7.6021     7.6010    -0.0012     5.2819     5.2801     15.911     16.213      0.558    1467.53    1467.55  0.000e+00
      15531     16.500    12.7977    12.8027     0.0050    1.00928    1.00937          1     6.9475     6.5747      98.49     1.0969     0.3139  2.259e+00  0.2620000     7.6061     7.6058    -0.0003     5.2900     5.2891     16.409     16.720      0.552    1467.41    1467.43  0.000e+00
      15553     17.000    12.7412    12.7479     0.0067    1.00772    1.00789          1     6.8862     6.5145      98.61     1.0122     0.3715  2.012e+00  0.2604000     7.6047     7.6047    -0.0000     5.2969     5.2960     16.906     17.226      0.526    1467.22    1467.24  0.000e+00
      15576     17.500    12.6807    12.6866     0.0060    1.00605    1.00612          1     6.8229     6.4551      98.46     1.0361     0.3882  1.798e+00  0.2506000     7.6032     7.6026    -0.0006     5.3043     5.3030     17.403     17.733      0.504    1467.00    1467.02  0.000e+00
      15600     18.000    12.6338    12.6387     0.0049    1.00507    1.00511          1     6.7951     6.4307      98.68     1.0573     0.3577  1.623e+00  0.2433000     7.6045     7.6039    -0.0007     5.3119     5.3107     17.900     18.240      0.526    1466.84    1466.86  0.000e+00
      15622     18.500    12.6038    12.6066     0.0028    1.00451    1.00451          1     6.8004     6.4253      98.52     1.0818     0.3237  1.451e+00  0.2432000     7.6059     7.6054    -0.0005     5.3172     5.3164     18.398     18.746      0.570    1466.74    1466.75  0.000e+00
      15642     19.000    12.5933    12.5960     0.0027    1.00443    1.00443          1     6.8118     6.4263      98.64     1.0912     0.3162  1.288e+00  0.2428000     7.6073     7.6068    -0.0005     5.3197     5.3189     18.895     19.253      0.574    1466.71    1466.72  0.000e+00
      15664     19.500    12.5716    12.5764     0.0048    1.00417    1.00422          1     6.8147     6.4261      98.61     1.0959     0.3655  1.156e+00  0.2441000     7.6095     7.6089    -0.0006     5.3244     5.3233     19.392     19.759      0.525    1466.64    1466.66  0.000e+00
      15688     20.000    12.5398    12.5433     0.0035    1.00382    1.00380          1     6.8208     6.4341      98.61     1.0905     0.3342  1.038e+00  0.2456000     7.6130     7.6121    -0.0009     5.3315     5.3304     19.889     20.266      0.493    1466.54    1466.55  0.000e+00
      15712     20.500    12.5168    12.5198     0.0030    1.00344    1.00348          1     6.8268     6.4430      98.72     1.0724     0.3174  9.323e-01  0.2395000     7.6145     7.6141    -0.0003     5.3359     5.3352     20.386     20.772      0.532    1466.47    1466.48  0.000e+00
      15734     21.000    12.4954    12.4985     0.0030    1.00297    1.00300          1     6.8222     6.4348      98.61     1.0722     0.3502  8.365e-01  0.2483000     7.6149     7.6144    -0.0004     5.3391     5.3384     20.884     21.279      0.574    1466.40    1466.41  0.000e+00
      15754     21.500    12.4870    12.4890     0.0020    1.00300    1.00296          1     6.7870     6.4030      98.71     1.0290     0.3840  7.476e-01  0.2385000     7.6167     7.6160    -0.0007     5.3418     5.3409     21.381     21.786      0.573    1466.38    1466.38  0.000e+00
      15776     22.000    12.4949    12.4957     0.0008    1.00383    1.00372          1     6.7455     6.3672      83.66     1.0144     0.4057  6.658e-01  0.2367000     7.6219     7.6208    -0.0011     5.3447     5.3437     21.878     22.292      0.542    1466.42    1466.42  0.000e+00
      15799     22.500    12.4899    12.4925     0.0026    1.00395    1.00398          1     6.7228     6.3518      80.49     0.9753     0.3775  6.006e-01  0.2291000     7.6238     7.6235    -0.0002     5.3468     5.3463     22.375     22.799      0.506    1466.41    1466.42  0.000e+00
      15823     23.000    12.4842    12.4855     0.0013    1.00392    1.00387          1     6.7253     6.3461      89.94     0.9249     0.3192  5.395e-01  0.2239000     7.6246     7.6240    -0.0007     5.3482     5.3475     22.872     23.305      0.505    1466.40    1466.41  0.000e+00
      15846     23.500    12.4851    12.4869     0.0017    1.00406    1.00406          1     6.7330     6.3480      71.17     0.9086     0.2346  4.794e-01  0.2264000     7.6256     7.6252    -0.0003     5.3488     5.3483     23.370     23.812      0.556    1466.41    1466.42  0.000e+00
      15866     24.000    12.4848    12.4865     0.0018    1.00412    1.00412          1     6.7354     6.3493      98.66     0.9153     0.2917  4.321e-01  0.2323000     7.6261     7.6257    -0.0003     5.3493     5.3488     23.867     24.318      0.586    1466.42    1466.43  0.000e+00
      15887     24.500    12.4830    12.4853     0.0024    1.00418    1.00417          1     6.7440     6.3513      42.16     0.9032     0.3161  3.789e-01  0.2345000     7.6269     7.6263    -0.0005     5.3501     5.3494     24.364     24.825      0.554    1466.42    1466.43  0.000e+00
      15910     25.000    12.4732    12.4758     0.0027    1.00408    1.00410          1     6.7469     6.3609      29.65     0.9053     0.3288  3.397e-01  0.2051000     7.6280     7.6276    -0.0003     5.3523     5.3517     24.861     25.331      0.518    1466.40    1466.41  0.000e+00
      15933     25.500    12.4586    12.4611     0.0025    1.00368    1.00372          1     6.7566     6.3674      44.74     0.8957     0.3442  3.039e-01  0.2324000     7.6276     7.6274    -0.0002     5.3540     5.3536     25.358     25.838      0.536    1466.35    1466.36  0.000e+00
      15955     26.000    12.4452    12.4473     0.0021    1.00322    1.00325          1     6.7606     6.3648      66.99     0.9204     0.3685  2.761e-01  0.2316000     7.6265     7.6263    -0.0002     5.3551     5.3546     25.856     26.345      0.577    1466.31    1466.32  0.000e+00
      15975     26.500    12.4351    12.4377     0.0025    1.00291    1.00295          1     6.7486     6.3641      91.59     0.9295     0.3392  2.472e-01  0.2243000     7.6259     7.6257    -0.0002     5.3560     5.3555     26.353     26.851      0.596    1466.28    1466.29  0.000e+00
      15995     27.000    12.4228    12.4256     0.0029    1.00251    1.00256          1     6.7520     6.3683      61.06     0.9335     0.3572  2.144e-01  0.2200000     7.6251     7.6249    -0.0001     5.3570     5.3565     26.850     27.358      0.584    1466.24    1466.25  0.000e+00
      16016     27.500    12.4007    12.4037     0.0031    1.00182    1.00186          1     6.7548     6.3682      38.40     0.9427     0.3550  1.878e-01  0.2297000     7.6238     7.6235    -0.0003     5.3591     5.3584     27.347     27.864      0.552    1466.17    1466.18  0.000e+00
      16039     28.000    12.4032    12.4037     0.0005    1.00217    1.00207          1     6.7538     6.3664      26.14     0.9418     0.3349  1.613e-01  0.2245000     7.6261     7.6252    -0.0010     5.3606     5.3597     27.844     28.371      0.537    1466.19    1466.19  0.000e+00
      16061     28.500    12.4063    12.4077     0.0014    1.00250    1.00247          1     6.7538     6.3659      57.54     0.9072     0.3229  1.394e-01  0.2299000     7.6281     7.6276    -0.0005     5.3617     5.3611     28.341     28.877      0.561    1466.21    1466.21  0.000e+00
      16081     29.000    12.4130    12.4133     0.0003    1.00305    1.00291          1     6.7477     6.3674      61.29     0.9189     0.3084  1.203e-01  0.2305000     7.6313     7.6300    -0.0012     5.3632     5.3622     28.839     29.384      0.582    1466.25    1466.24  0.000e+00
