ctdpy/tests/etc/all_smhi_bas_2018/SBE09_1044_20180203_2209_34_02_0056.cnv
* Sea-Bird SBE 9 Data File:
* FileName = C:\ctd\temp\2018\ME18D056.hex
* Software Version Seasave V 7.26.6.26
* Temperature SN = 5351
* Conductivity SN = 3941
* Number of Bytes Per Scan = 41
* Number of Voltage Words = 4
* Number of Scans Averaged by the Deck Unit = 1
* NMEA Latitude = 58 16.04 N
* NMEA Longitude = 010 43.44 E
* NMEA UTC (Time) = Feb 03 2018  22:09:49
* NMEA baud rate = 4800
** Station:  A16
** Operator:  SSip
** Ship: MERI
** Average sound velocity: 1477.66 m/s
** True-depth calculation Sun, 04 Feb 2018 01:43:40 +0000
** CTD Python Module SMHI /ver 3-12/ feb 2012 
** LIMS Job: 20183402-0056
** Cruise: SMHI-01-2018
** Latitude [GG MM.mm N] :
** Longitude [GG MM.mm E]:
# nquan = 26
# nvalues = 398                         
# units = specified
# name 0 = scan: Scan Count
# name 1 = prDM: Pressure, Digiquartz [db]
# name 2 = t090C: Temperature [ITS-90, deg C]
# name 3 = t190C: Temperature, 2 [ITS-90, deg C]
# name 4 = T2-T190C: Temperature Difference, 2 - 1 [ITS-90, deg C]
# name 5 = c0S/m: Conductivity [S/m]
# name 6 = c1S/m: Conductivity, 2 [S/m]
# name 7 = pumps: Pump Status
# name 8 = sbeox0ML/L: Oxygen, SBE 43 [ml/l]
# name 9 = sbeox1ML/L: Oxygen, SBE 43, 2 [ml/l]
# name 10 = altM: Altimeter [m]
# name 11 = flECO-AFL: Chl-a Fluorescence, WET Labs ECO-AFL/FL [mg/m^3]
# name 12 = flECO-AFL1: Phycocyanin Fluorescence, WET Labs ECO-AFL/FL, 2 [mg/m^3]
# name 13 = par: PAR/Irradiance, Biospherical/Lico [µE/(cm^2*s)]
# name 14 = turbWETntu0: Turbidity, WET Labs ECO [NTU]
# name 15 = sal00: Salinity, Practical [PSU]
# name 16 = sal11: Salinity, Practical, 2 [PSU]
# name 17 = secS-priS: Salinity, Practical, Difference, 2 - 1 [PSU]
# name 18 = sigma-t00: Density [sigma-t, Kg/m^3 ]
# name 19 = sigma-t11: Density, 2 [sigma-t, Kg/m^3 ]
# name 20 = depSM: Depth [salt water, m], lat = 58.2673
# name 21 = depFM: Depth [true depth, m], lat = 58.2673
# name 22 = dz/dtM: Descent Rate [m/s], WS = 2
# name 23 = svCM: Sound Velocity [Chen-Millero, m/s]
# name 24 = svCM1: Sound Velocity, 2 [Chen-Millero, m/s]
# name 25 = flag: flag
# span 0 =       3533,      11442       
# span 1 =      1.500,    200.000       
# span 2 =     4.4074,     7.1306       
# span 3 =     4.4070,     7.1302       
# span 4 =    -0.1439,     0.0343       
# span 5 =   2.923300,   3.527743       
# span 6 =   2.923380,   3.527848       
# span 7 =          1,          1       
# span 8 =    6.05426,    7.00694       
# span 9 =    6.07067,    7.01260       
# span 10 =       1.46,     100.13      
# span 11 =     0.1031,     0.9325      
# span 12 =     0.2378,     0.4356      
# span 13 = -2.806e-05, 1.7245e-01      
# span 14 =     0.2398,     1.2129      
# span 15 =    30.6836,    34.9233      
# span 16 =    30.6851,    34.9246      
# span 17 =    -0.1361,     0.0448      
# span 18 =    24.3124,    27.4269      
# span 19 =    24.3134,    27.4279      
# span 20 =      1.486,    198.046      
# span 21 =      1.492,    198.340      
# span 22 =     -0.008,      1.289      
# span 23 =    1462.82,    1479.89      
# span 24 =    1462.82,    1479.90      
# span 25 = 0.0000e+00, 0.0000e+00      
# interval = decibars: 0.5              
# start_time = Feb 03 2018 22:09:50 [NMEA time, first data scan]
# bad_flag = -9.990e-29
*END*
[from data line 335]
      10078    169.000     6.5386     6.5378    -0.0008    3.48642    3.48645          1     6.3325     6.3353      35.43     0.2088     0.3309  1.000e-12  0.9465000    34.9190    34.9202     0.0012    27.4181    27.4192    167.362    167.608      0.661    1479.54    1479.53  0.000e+00
      10095    169.500     6.5365     6.5364    -0.0002    3.48624    3.48632          1     6.3408     6.3345      34.88     0.2239     0.3270  1.000e-12  0.9610000    34.9190    34.9200     0.0011    27.4183    27.4192    167.857    168.104      0.741    1479.53    1479.54  0.000e+00
      10110    170.000     6.5347     6.5338    -0.0009    3.48605    3.48608          1     6.3485     6.3316      34.41     0.1850     0.3177  1.000e-12  0.9814000    34.9185    34.9197     0.0012    27.4182    27.4193    168.352    168.599      0.788    1479.54    1479.53  0.000e+00
      10125    170.500     6.5279     6.5278    -0.0001    3.48539    3.48549          1     6.3510     6.3374      33.95     0.1764     0.3182  1.000e-12  1.0075000    34.9177    34.9191     0.0013    27.4185    27.4196    168.847    169.095      0.781    1479.52    1479.52  0.000e+00
      10141    171.000     6.5238     6.5236    -0.0002    3.48501    3.48510          1     6.3444     6.3417      33.51     0.1876     0.3156  1.000e-12  1.2129000    34.9175    34.9187     0.0012    27.4189    27.4199    169.341    169.591      0.702    1479.51    1479.51  0.000e+00
      10160    171.500     6.5218     6.5217    -0.0001    3.48485    3.48495          1     6.3323     6.3333      33.15     0.2121     0.2905  1.000e-12  1.1347000    34.9174    34.9187     0.0013    27.4191    27.4201    169.836    170.086      0.511    1479.51    1479.51  0.000e+00
      10201    172.000     6.5214     6.5212    -0.0001    3.48485    3.48494          1     6.3329     6.3363      32.18     0.2238     0.3559  1.000e-12  0.9731000    34.9177    34.9188     0.0011    27.4194    27.4203    170.331    170.582      0.279    1479.52    1479.52  0.000e+00
      10239    172.500     6.5208     6.5207    -0.0002    3.48480    3.48490          1     6.3311     6.3369      31.68     0.2150     0.3819  1.000e-12  0.9736000    34.9174    34.9187     0.0013    27.4192    27.4203    170.826    171.078      0.581    1479.52    1479.52  0.000e+00
      10255    173.000     6.5166     6.5164    -0.0002    3.48444    3.48452          1     6.3349     6.3358      31.32     0.2059     0.3456  1.000e-12  1.0143000    34.9174    34.9186     0.0011    27.4198    27.4207    171.321    171.573      0.815    1479.51    1479.51  0.000e+00
      10268    173.500     6.5109     6.5110     0.0001    3.48389    3.48401          1     6.3466     6.3394      30.92     0.1867     0.3319  1.000e-12  1.0345000    34.9170    34.9181     0.0012    27.4202    27.4211    171.816    172.069      0.933    1479.50    1479.50  0.000e+00
      10280    174.000     6.5063     6.5065     0.0003    3.48351    3.48365          1     6.3528     6.3464      30.55     0.1870     0.3629  1.000e-12  1.0409000    34.9172    34.9185     0.0013    27.4210    27.4220    172.311    172.565      0.968    1479.49    1479.49  0.000e+00
      10292    174.500     6.5030     6.5031     0.0001    3.48325    3.48336          1     6.3586     6.3492      30.07     0.1880     0.3780  1.000e-12  1.0660000    34.9173    34.9185     0.0012    27.4216    27.4225    172.806    173.060      0.922    1479.48    1479.49  0.000e+00
      10306    175.000     6.5015     6.5018     0.0003    3.48313    3.48326          1     6.3610     6.3457      29.55     0.1945     0.3329  1.000e-12  1.0593000    34.9172    34.9184     0.0012    27.4217    27.4226    173.301    173.556      0.768    1479.49    1479.49  0.000e+00
      10328    175.500     6.5011     6.5012     0.0001    3.48312    3.48323          1     6.3631     6.3408      28.88     0.2247     0.3247  1.000e-12  1.0523000    34.9172    34.9185     0.0012    27.4217    27.4227    173.796    174.052      0.430    1479.49    1479.50  0.000e+00
      10387    176.000     6.5018     6.5016    -0.0003    3.48320    3.48329          1     6.3380     6.3349      28.15     0.2192     0.3415  1.000e-12  0.9214000    34.9173    34.9185     0.0013    27.4217    27.4227    174.291    174.547      0.373    1479.50    1479.51  0.000e+00
      10412    176.500     6.5013     6.5013     0.0001    3.48318    3.48330          1     6.3420     6.3405      27.85     0.2056     0.3651  1.000e-12  0.9689000    34.9173    34.9186     0.0013    27.4218    27.4228    174.786    175.043      0.742    1479.51    1479.51  0.000e+00
      10426    177.000     6.5009     6.5016     0.0007    3.48319    3.48334          1     6.3445     6.3426      27.48     0.1991     0.3787  1.000e-12  1.0538000    34.9175    34.9186     0.0011    27.4220    27.4227    175.281    175.539      0.956    1479.52    1479.52  0.000e+00
      10437    177.500     6.5013     6.5018     0.0004    3.48326    3.48338          1     6.3421     6.3419      27.09     0.1881     0.3379  1.000e-12  1.0380000    34.9176    34.9186     0.0009    27.4220    27.4227    175.776    176.035      1.060    1479.53    1479.53  0.000e+00
      10448    178.000     6.5018     6.5022     0.0004    3.48333    3.48347          1     6.3405     6.3465      26.69     0.1751     0.3155  1.000e-12  1.0226000    34.9177    34.9188     0.0011    27.4220    27.4228    176.271    176.530      1.066    1479.54    1479.54  0.000e+00
      10459    178.500     6.5021     6.5024     0.0003    3.48339    3.48352          1     6.3431     6.3516      26.22     0.1806     0.3185  1.000e-12  1.0470000    34.9177    34.9189     0.0011    27.4220    27.4228    176.766    177.026      0.965    1479.55    1479.55  0.000e+00
      10473    179.000     6.5017     6.5018     0.0001    3.48336    3.48347          1     6.3506     6.3538      25.56     0.2005     0.3316  1.000e-12  1.1252000    34.9177    34.9188     0.0011    27.4220    27.4228    177.261    177.522      0.706    1479.55    1479.56  0.000e+00
      10520    179.500     6.5018     6.5019     0.0001    3.48341    3.48351          1     6.3459     6.3533      24.67     0.2150     0.3170  1.000e-12  0.9858000    34.9178    34.9189     0.0011    27.4221    27.4229    177.755    178.017      0.333    1479.57    1479.57  0.000e+00
      10563    180.000     6.5010     6.5009    -0.0002    3.48336    3.48345          1     6.3395     6.3401      24.33     0.2198     0.3271  1.000e-12  0.9232000    34.9178    34.9190     0.0012    27.4222    27.4231    178.250    178.513      0.659    1479.57    1479.57  0.000e+00
      10577    180.500     6.4996     6.4998     0.0002    3.48327    3.48339          1     6.3372     6.3361      23.99     0.2112     0.3483  1.000e-12  1.0111000    34.9180    34.9191     0.0011    27.4225    27.4234    178.745    179.009      0.875    1479.57    1479.57  0.000e+00
      10590    181.000     6.4991     6.4992     0.0000    3.48325    3.48336          1     6.3306     6.3361      23.56     0.2020     0.3487  1.000e-12  1.0459000    34.9180    34.9192     0.0012    27.4226    27.4235    179.240    179.504      0.978    1479.58    1479.58  0.000e+00
      10601    181.500     6.4980     6.4982     0.0002    3.48322    3.48334          1     6.3285     6.3346      23.10     0.1880     0.3653  1.000e-12  1.0812000    34.9186    34.9197     0.0011    27.4232    27.4241    179.735    180.000      0.995    1479.58    1479.58  0.000e+00
      10613    182.000     6.4971     6.4974     0.0003    3.48325    3.48337          1     6.3313     6.3366      22.54     0.1870     0.3581  1.000e-12  1.0827000    34.9196    34.9206     0.0010    27.4241    27.4249    180.230    180.496      0.926    1479.59    1479.59  0.000e+00
      10627    182.500     6.4972     6.4973     0.0001    3.48334    3.48344          1     6.3377     6.3430      22.02     0.1878     0.3225  1.000e-12  1.0765000    34.9202    34.9212     0.0011    27.4245    27.4254    180.725    180.991      0.738    1479.60    1479.60  0.000e+00
      10657    183.000     6.4975     6.4974    -0.0001    3.48337    3.48349          1     6.3474     6.3444      21.32     0.2106     0.3464  1.000e-12  0.9900000    34.9201    34.9215     0.0015    27.4245    27.4256    181.220    181.487      0.353    1479.60    1479.61  0.000e+00
      10714    183.500     6.4976     6.4983     0.0007    3.48347    3.48360          1     6.3520     6.3369      20.70     0.2349     0.3320  1.000e-12  0.8089000    34.9207    34.9215     0.0008    27.4249    27.4254    181.715    181.983      0.460    1479.61    1479.62  0.000e+00
      10731    184.000     6.4973     6.4974     0.0000    3.48352    3.48364          1     6.3357     6.3396      20.36     0.2236     0.3440  1.000e-12  0.9933000    34.9213    34.9226     0.0013    27.4255    27.4265    182.210    182.478      0.764    1479.62    1479.63  0.000e+00
      10745    184.500     6.4973     6.4975     0.0002    3.48360    3.48371          1     6.3300     6.3370      20.02     0.2003     0.3540  1.000e-12  0.9786000    34.9220    34.9231     0.0011    27.4260    27.4268    182.705    182.974      0.919    1479.63    1479.63  0.000e+00
      10757    185.000     6.4972     6.4974     0.0002    3.48364    3.48377          1     6.3303     6.3345      19.59     0.1881     0.3802  1.000e-12  0.9728000    34.9224    34.9236     0.0012    27.4263    27.4272    183.199    183.470      0.987    1479.64    1479.64  0.000e+00
      10769    185.500     6.4972     6.4973     0.0001    3.48368    3.48379          1     6.3354     6.3334      19.14     0.2047     0.3770  1.000e-12  0.9670000    34.9225    34.9236     0.0011    27.4264    27.4273    183.694    183.965      0.969    1479.65    1479.65  0.000e+00
      10781    186.000     6.4970     6.4972     0.0001    3.48371    3.48382          1     6.3417     6.3354      18.60     0.2235     0.2815  1.000e-12  0.9610000    34.9227    34.9238     0.0011    27.4266    27.4274    184.189    184.461      0.843    1479.66    1479.66  0.000e+00
      10799    186.500     6.4972     6.4972     0.0000    3.48372    3.48383          1     6.3485     6.3369      18.01     0.2147     0.2938  1.000e-12  0.9818000    34.9224    34.9237     0.0013    27.4264    27.4274    184.684    184.957      0.526    1479.67    1479.67  0.000e+00
      10853    187.000     6.4972     6.4973     0.0001    3.48374    3.48386          1     6.3478     6.3380      17.13     0.2219     0.2989  1.000e-12  0.8741000    34.9224    34.9236     0.0012    27.4263    27.4273    185.179    185.452      0.324    1479.67    1479.68  0.000e+00
      10882    187.500     6.4973     6.4974    -0.0000    3.48376    3.48388          1     6.3450     6.3331      16.79     0.2238     0.3114  1.000e-12  0.8575000    34.9223    34.9236     0.0013    27.4262    27.4272    185.674    185.948      0.647    1479.68    1479.68  0.000e+00
      10898    188.000     6.4973     6.4975     0.0001    3.48380    3.48392          1     6.3344     6.3334      16.46     0.2237     0.3348  1.000e-12  0.9244000    34.9225    34.9236     0.0011    27.4264    27.4273    186.169    186.444      0.819    1479.69    1479.69  0.000e+00
      10911    188.500     6.4973     6.4976     0.0002    3.48384    3.48395          1     6.3288     6.3371      16.06     0.2237     0.3042  1.000e-12  0.9731000    34.9226    34.9236     0.0010    27.4265    27.4272    186.664    186.939      0.891    1479.70    1479.70  0.000e+00
      10924    189.000     6.4973     6.4975     0.0002    3.48387    3.48399          1     6.3361     6.3368      15.60     0.2010     0.3029  1.000e-12  0.9688000    34.9228    34.9238     0.0010    27.4266    27.4274    187.159    187.435      0.878    1479.71    1479.71  0.000e+00
      10938    189.500     6.4973     6.4975     0.0001    3.48391    3.48402          1     6.3458     6.3375      15.05     0.1877     0.3166  1.000e-12  0.9671000    34.9229    34.9240     0.0011    27.4267    27.4275    187.654    187.931      0.778    1479.72    1479.72  0.000e+00
      10956    190.000     6.4973     6.4974     0.0001    3.48392    3.48403          1     6.3416     6.3417      14.44     0.2196     0.3314  1.000e-12  1.0474000    34.9229    34.9239     0.0011    27.4267    27.4275    188.149    188.426      0.563    1479.72    1479.73  0.000e+00
      10989    190.500     6.4972     6.4974     0.0001    3.48395    3.48406          1     6.3447     6.3472      13.83     0.2233     0.3749  1.000e-12  0.9208000    34.9229    34.9240     0.0011    27.4268    27.4276    188.643    188.922      0.316    1479.73    1479.73  0.000e+00
      11025    191.000     6.4974     6.4975     0.0000    3.48398    3.48410          1     6.3284     6.3383      13.68     0.2429     0.3147  1.000e-12  0.9499000    34.9229    34.9241     0.0012    27.4267    27.4276    189.138    189.418      0.459    1479.74    1479.74  0.000e+00
      11046    191.500     6.4975     6.4975     0.0000    3.48402    3.48414          1     6.3316     6.3438      13.31     0.2319     0.3008  1.000e-12  0.9875000    34.9230    34.9242     0.0012    27.4267    27.4277    189.633    189.913      0.632    1479.75    1479.75  0.000e+00
      11064    192.000     6.4975     6.4977     0.0002    3.48405    3.48417          1     6.3477     6.3435      12.89     0.2236     0.3103  1.000e-12  0.9925000    34.9230    34.9241     0.0012    27.4268    27.4276    190.128    190.409      0.723    1479.76    1479.76  0.000e+00
      11079    192.500     6.4975     6.4977     0.0002    3.48408    3.48420          1     6.3552     6.3377      12.45     0.2237     0.3162  1.000e-12  0.9491000    34.9231    34.9242     0.0012    27.4268    27.4277    190.623    190.905      0.762    1479.77    1479.77  0.000e+00
      11095    193.000     6.4975     6.4977     0.0001    3.48409    3.48422          1     6.3551     6.3354      11.97     0.2221     0.3581  1.000e-12  0.9365000    34.9229    34.9242     0.0013    27.4267    27.4277    191.118    191.400      0.741    1479.77    1479.78  0.000e+00
      11112    193.500     6.4976     6.4977     0.0001    3.48413    3.48425          1     6.3486     6.3385      11.44     0.2115     0.3523  1.000e-12  0.9319000    34.9230    34.9243     0.0013    27.4267    27.4277    191.613    191.896      0.649    1479.78    1479.78  0.000e+00
      11133    194.000     6.4976     6.4980     0.0004    3.48416    3.48433          1     6.3423     6.3362      10.88     0.2114     0.3318  1.000e-12  0.9348000    34.9231    34.9246     0.0015    27.4268    27.4279    192.108    192.392      0.492    1479.79    1479.79  0.000e+00
      11164    194.500     6.4975     6.4976     0.0001    3.48417    3.48429          1     6.3474     6.3380      10.27     0.2252     0.3159  1.000e-12  0.9268000    34.9232    34.9244     0.0012    27.4269    27.4278    192.603    192.887      0.359    1479.80    1479.80  0.000e+00
      11195    195.000     6.4977     6.4978     0.0001    3.48423    3.48434          1     6.3411     6.3347       9.77     0.2440     0.3519  1.000e-12  0.8751000    34.9232    34.9244     0.0012    27.4269    27.4279    193.097    193.383      0.475    1479.81    1479.81  0.000e+00
      11217    195.500     6.4980     6.4981     0.0001    3.48427    3.48440          1     6.3337     6.3330       9.35     0.2236     0.3632  1.000e-12  0.9374000    34.9233    34.9245     0.0012    27.4269    27.4279    193.592    193.879      0.622    1479.82    1479.82  0.000e+00
      11235    196.000     6.4980     6.4982     0.0001    3.48430    3.48441          1     6.3277     6.3311       8.93     0.2237     0.3312  1.000e-12  0.9871000    34.9232    34.9244     0.0012    27.4269    27.4277    194.087    194.374      0.715    1479.83    1479.83  0.000e+00
