ctdpy/tests/etc/all_smhi_bas_2018/SBE09_0827_20181011_0648_26_01_1068.cnv
* Sea-Bird SBE 9 Data File:
* FileName = D:\CTD_SBE911\DAT\26DA.2018.10.68.hex
* Software Version Seasave V 7.21d
* Temperature SN = 4548
* Conductivity SN = 3062
* Number of Bytes Per Scan = 48
* Number of Voltage Words = 5
* Number of Scans Averaged by the Deck Unit = 1
* NMEA Latitude = 57 06.22 N
* NMEA Longitude = 018 48.67 E
* NMEA UTC (Time) = Oct 11 2018  06:50:58
* NMEA baud rate = 4800
** Ship: DANA
** Average sound velocity: 1447.06 m/s
** True-depth calculation Thu, 28 Mar 2019 12:25:29 +0000
** CTD Python Module SMHI /ver 3-12/ feb 2012 
** LIMS Job: 20182601-1068
** Operator: Christian
** Cruise: 10/2018
# nquan = 26
# nvalues = 81                          
# units = specified
# name 0 = scan: Scan Count
# name 1 = prDM: Pressure, Digiquartz [db]
# name 2 = t090C: Temperature [ITS-90, deg C]
# name 3 = t190C: Temperature, 2 [ITS-90, deg C]
# name 4 = T2-T190C: Temperature Difference, 2 - 1 [ITS-90, deg C]
# name 5 = c0S/m: Conductivity [S/m]
# name 6 = c1S/m: Conductivity, 2 [S/m]
# name 7 = pumps: Pump Status
# name 8 = sbeox1ML/L: Oxygen, SBE 43, 2 [ml/l]
# name 9 = sbeox0ML/L: Oxygen, SBE 43 [ml/l]
# name 10 = altM: Altimeter [m]
# name 11 = chloroflTC0: Chlorophyll, Turner Cyclops [ug/l]
# name 12 = cpar: CPAR/Corrected Irradiance [%]
# name 13 = par: PAR/Irradiance, Biospherical/Lico [µE/(cm^2*s)]
# name 14 = spar: SPAR, Biospherical/Licor
# name 15 = sal00: Salinity, Practical [PSU]
# name 16 = sal11: Salinity, Practical, 2 [PSU]
# name 17 = secS-priS: Salinity, Practical, Difference, 2 - 1 [PSU]
# name 18 = sigma-t00: Density [sigma-t, kg/m^3 ]
# name 19 = sigma-t11: Density, 2 [sigma-t, kg/m^3 ]
# name 20 = depSM: Depth [salt water, m], lat = 57.1037
# name 21 = depFM: Depth [true depth, m], lat = 57.1037
# name 22 = dz/dtM: Descent Rate [m/s], WS = 2
# name 23 = svCM: Sound Velocity [Chen-Millero, m/s]
# name 24 = svCM1: Sound Velocity, 2 [Chen-Millero, m/s]
# name 25 = flag: flag
# span 0 =       -165,       4264       
# span 1 =      1.000,     41.000       
# span 2 =     3.7243,    10.6390       
# span 3 =     3.7391,    10.6394       
# span 4 =    -0.0270,     0.7894       
# span 5 =   0.787509,   0.877687       
# span 6 =   0.788216,   0.877692       
# span 7 =          1,          1       
# span 8 =     5.7633,     7.4267       
# span 9 =     5.4013,     7.0249       
# span 10 =       0.51,      10.00      
# span 11 =     0.0159,     0.0309      
# span 12 = 5.0246e-13, 9.1132e+00      
# span 13 = 1.0000e-12, 1.5425e+01      
# span 14 = 1.6447e+02, 1.9902e+02      
# span 15 =     6.9345,     7.8282      
# span 16 =     6.9345,     7.8336      
# span 17 =    -0.0432,     0.0054      
# span 18 =     5.0473,     6.2242      
# span 19 =     5.0473,     6.2284      
# span 20 =      0.991,     40.619      
# span 21 =      1.013,     41.533      
# span 22 =     -0.251,      0.294      
# span 23 =    1430.82,    1458.42      
# span 24 =    1430.89,    1458.42      
# span 25 = 0.0000e+00, 0.0000e+00      
# interval = decibars: 0.5              
# start_time = Oct 11 2018 06:50:58 [NMEA time, first data scan]
# bad_flag = -9.990e-29
*END*
[from data line 56]
       2902     29.000     4.4623     4.5287     0.0663    0.79295    0.79467          1     7.4170     6.9517       9.97     0.0160  5.184e-13  1.000e-12  1.929e+02     7.4228     7.4251     0.0023     5.8878     5.8875     28.731     29.383      0.260    1433.81    1434.10  0.000e+00
       2946     29.500     4.4800     4.4772    -0.0029    0.79374    0.79374          1     7.4063     6.9602       9.97     0.0160  5.239e-13  1.000e-12  1.909e+02     7.4266     7.4272     0.0006     5.8903     5.8909     29.227     29.890      0.275    1433.90    1433.89  0.000e+00
       2991     30.000     4.4653     4.4772     0.0119    0.79371    0.79400          1     7.4089     6.9636       9.97     0.0161  5.293e-13  1.000e-12  1.889e+02     7.4296     7.4298     0.0002     5.8931     5.8929     29.722     30.396      0.255    1433.84    1433.90  0.000e+00
       3040     30.500     4.4937     4.4856    -0.0079    0.79463    0.79450          1     7.3826     6.9778       9.97     0.0161  5.357e-13  1.000e-12  1.867e+02     7.4323     7.4329     0.0006     5.8944     5.8951     30.217     30.902      0.234    1433.98    1433.95  0.000e+00
       3090     31.000     4.4209     4.4762     0.0552    0.79292    0.79448          1     7.3850     6.9690       9.97     0.0160  5.431e-13  1.000e-12  1.841e+02     7.4315     7.4347     0.0032     5.8960     5.8968     30.713     31.409      0.261    1433.66    1433.91  0.000e+00
       3134     31.500     4.3824     4.4244     0.0420    0.79201    0.79324          1     7.4202     6.9577       9.97     0.0160  5.480e-13  1.000e-12  1.825e+02     7.4309     7.4339     0.0029     5.8968     5.8978     31.208     31.915      0.266    1433.50    1433.69  0.000e+00
       3181     32.000     4.3870     4.3983     0.0113    0.79231    0.79265          1     7.4267     6.9695       9.97     0.0165  5.533e-13  1.000e-12  1.807e+02     7.4328     7.4337     0.0009     5.8981     5.8985     31.703     32.421      0.249    1433.53    1433.58  0.000e+00
       3230     32.500     4.3888     4.3941     0.0053    0.79247    0.79265          1     7.4231     6.9741       9.97     0.0169  5.587e-13  1.000e-12  1.790e+02     7.4339     7.4346     0.0006     5.8990     5.8993     32.199     32.927      0.252    1433.55    1433.57  0.000e+00
       3276     33.000     4.3879     4.3907     0.0028    0.79253    0.79266          1     7.4127     6.9831       9.96     0.0163  5.618e-13  1.000e-12  1.780e+02     7.4347     7.4354     0.0007     5.8996     5.9000     32.694     33.434      0.275    1433.55    1433.57  0.000e+00
       3318     33.500     4.3783     4.3903     0.0119    0.79247    0.79272          1     7.3955     7.0023       9.58     0.0160  5.659e-13  1.000e-12  1.767e+02     7.4362     7.4361    -0.0001     5.9010     5.9006     33.189     33.940      0.276    1433.52    1433.57  0.000e+00
       3366     34.000     4.2667     4.3345     0.0678    0.79058    0.79190          1     7.3715     7.0249       9.02     0.0162  5.696e-13  1.000e-12  1.756e+02     7.4424     7.4403    -0.0020     5.9092     5.9057     33.685     34.446      0.233    1433.04    1433.34  0.000e+00
       3416     34.500     4.0897     4.2224     0.1330    0.78820    0.79019          1     7.3034     7.0178       8.39     0.0161  5.726e-13  1.000e-12  1.746e+02     7.4583     7.4483    -0.0100     5.9268     5.9153     34.180     34.953      0.261    1432.27    1432.85  0.000e+00
       3460     35.000     3.8233     4.0248     0.2012    0.78751    0.78822          1     7.1291     6.9560       7.84     0.0160  5.729e-13  1.000e-12  1.746e+02     7.5123     7.4732    -0.0390     5.9761     5.9403     34.675     35.459      0.278    1431.15    1432.01  0.000e+00
       3503     35.500     3.7643     3.8597     0.0954    0.78944    0.78867          1     6.9217     6.8227       7.25     0.0159  5.736e-13  1.000e-12  1.743e+02     7.5456     7.5157    -0.0299     6.0039     5.9780     35.171     35.965      0.265    1430.93    1431.33  0.000e+00
       3552     36.000     3.7293     3.7762     0.0470    0.79170    0.79031          1     6.7770     6.6239       6.68     0.0159  5.762e-13  1.000e-12  1.736e+02     7.5768     7.5517    -0.0251     6.0295     6.0085     35.666     36.471      0.235    1430.82    1431.00  0.000e+00
       3601     36.500     3.7243     3.7417     0.0173    0.79264    0.79193          1     6.7149     6.4652       6.13     0.0160  5.732e-13  1.000e-12  1.745e+02     7.5876     7.5764    -0.0113     6.0381     6.0288     36.161     36.977      0.272    1430.82    1430.89  0.000e+00
       3643     37.000     3.7541     3.7391    -0.0150    0.79858    0.79404          1     6.5600     6.3820       5.59     0.0160  5.727e-13  1.000e-12  1.746e+02     7.6417     7.5985    -0.0432     6.0805     6.0465     36.657     37.484      0.279    1431.04    1430.91  0.000e+00
       3689     37.500     3.7724     3.7662    -0.0062    0.80119    0.79952          1     6.4360     6.2349       5.02     0.0159  5.726e-13  1.000e-12  1.747e+02     7.6641     7.6485    -0.0157     6.0980     6.0856     37.152     37.990      0.245    1431.15    1431.11  0.000e+00
       3738     38.000     3.7887     3.7745    -0.0142    0.80388    0.80114          1     6.3668     6.1085       4.51     0.0159  5.725e-13  1.000e-12  1.747e+02     7.6879     7.6631    -0.0248     6.1165     6.0971     37.647     38.496      0.253    1431.27    1431.17  0.000e+00
       3784     38.500     3.8248     3.8034    -0.0214    0.80885    0.80544          1     6.1898     6.0320       3.98     0.0159  5.672e-13  1.000e-12  1.763e+02     7.7303     7.7004    -0.0299     6.1494     6.1261     38.143     39.002      0.267    1431.49    1431.36  0.000e+00
       3830     39.000     3.8690     3.8419    -0.0270    0.81339    0.81021          1     6.0411     5.8781       3.41     0.0159  5.660e-13  1.000e-12  1.767e+02     7.7664     7.7402    -0.0262     6.1771     6.1569     38.638     39.508      0.253    1431.75    1431.59  0.000e+00
       3877     39.500     3.8909     3.8667    -0.0242    0.81567    0.81295          1     5.9463     5.7557       2.84     0.0159  5.660e-13  1.000e-12  1.767e+02     7.7845     7.7623    -0.0222     6.1909     6.1739     39.133     40.014      0.263    1431.88    1431.74  0.000e+00
       3923     40.000     3.9123     3.8962    -0.0162    0.81796    0.81617          1     5.8802     5.6591       2.26     0.0160  5.660e-13  1.000e-12  1.767e+02     7.8028     7.7883    -0.0145     6.2049     6.1938     39.628     40.521      0.253    1432.01    1431.91  0.000e+00
       3970     40.500     3.9326     3.9186    -0.0139    0.82012    0.81853          1     5.8066     5.5694       1.70     0.0160  5.653e-13  1.000e-12  1.769e+02     7.8200     7.8070    -0.0129     6.2181     6.2082     40.124     41.027      0.252    1432.13    1432.05  0.000e+00
       4264     41.000     3.9485     3.9528     0.0046    0.82130    0.82193          1     5.7633     5.4013       0.51     0.0162  5.606e-13  1.000e-12  1.784e+02     7.8282     7.8336     0.0054     6.2242     6.2284     40.619     41.533     -0.245    1432.22    1432.24  0.000e+00
