ctdpy/tests/etc/all_smhi_bas_2018/SBE09_1044_20181111_0206_34_01_0128.cnv
* Sea-Bird SBE 9 Data File:
* FileName = C:\ctd\temp\ar18d128.hex
* Software Version Seasave V 7.26.7.107
* Temperature SN = 5351
* Conductivity SN = 3941
* Number of Bytes Per Scan = 41
* Number of Voltage Words = 4
* Number of Scans Averaged by the Deck Unit = 1
* NMEA Latitude = 54 58.28 N
* NMEA Longitude = 014 05.94 E
* NMEA UTC (Time) = Nov 11 2018  02:06:59
* NMEA baud rate = 4800
** Station:  BY2
** Operator:  A-KTh
** Ship: ARANDA
** Average sound velocity: 1461.96 m/s
** True-depth calculation Sun, 11 Nov 2018 04:19:16 +0000
** CTD Python Module SMHI /ver 3-12/ feb 2012 
** LIMS Job: 20183401-0128
** Cruise: SMHI-6-2018
** Latitude [GG MM.mm N]:
** Longitude [GG MM.mm E]
# nquan = 26
# nvalues = 81                          
# units = specified
# name 0 = scan: Scan Count
# name 1 = prDM: Pressure, Digiquartz [db]
# name 2 = t090C: Temperature [ITS-90, deg C]
# name 3 = t190C: Temperature, 2 [ITS-90, deg C]
# name 4 = T2-T190C: Temperature Difference, 2 - 1 [ITS-90, deg C]
# name 5 = c0S/m: Conductivity [S/m]
# name 6 = c1S/m: Conductivity, 2 [S/m]
# name 7 = pumps: Pump Status
# name 8 = sbeox0ML/L: Oxygen, SBE 43 [ml/l]
# name 9 = sbeox1ML/L: Oxygen, SBE 43, 2 [ml/l]
# name 10 = altM: Altimeter [m]
# name 11 = flECO-AFL: Chl-a Fluorescence, WET Labs ECO-AFL/FL [mg/m^3]
# name 12 = flECO-AFL1: Phycocyanin Fluorescence, WET Labs ECO-AFL/FL, 2 [mg/m^3]
# name 13 = par: PAR/Irradiance, Biospherical/Lico [µE/(cm^2*s)]
# name 14 = turbWETntu0: Turbidity, WET Labs ECO [NTU]
# name 15 = sal00: Salinity, Practical [PSU]
# name 16 = sal11: Salinity, Practical, 2 [PSU]
# name 17 = secS-priS: Salinity, Practical, Difference, 2 - 1 [PSU]
# name 18 = sigma-t00: Density [sigma-t, Kg/m^3 ]
# name 19 = sigma-t11: Density, 2 [sigma-t, Kg/m^3 ]
# name 20 = depSM: Depth [salt water, m], lat = 54.9713
# name 21 = depFM: Depth [true depth, m], lat = 54.9713
# name 22 = dz/dtM: Descent Rate [m/s], WS = 2
# name 23 = svCM: Sound Velocity [Chen-Millero, m/s]
# name 24 = svCM1: Sound Velocity, 2 [Chen-Millero, m/s]
# name 25 = flag: flag
# span 0 =      80353,      82485       
# span 1 =      2.000,     42.000       
# span 2 =     9.8381,    13.0237       
# span 3 =     9.8382,    13.0250       
# span 4 =    -0.1074,     0.0163       
# span 5 =   0.969839,   1.963506       
# span 6 =   0.969827,   1.919288       
# span 7 =          1,          1       
# span 8 =    3.99238,    7.24986       
# span 9 =    3.16680,    6.92643       
# span 10 =       2.32,      56.17      
# span 11 =     0.3025,     2.9097      
# span 12 =     0.1782,     0.6588      
# span 13 = -3.642e-05, 1.3584e-01      
# span 14 =     0.1811,     0.8842      
# span 15 =     7.7875,    15.5881      
# span 16 =     7.7871,    15.2335      
# span 17 =    -0.4849,     0.0097      
# span 18 =     5.7435,    11.4208      
# span 19 =     5.7432,    11.1574      
# span 20 =      1.982,     41.617      
# span 21 =      2.025,     42.487      
# span 22 =      0.200,      0.811      
# span 23 =    1456.84,    1477.85      
# span 24 =    1456.85,    1477.02      
# span 25 = 0.0000e+00, 0.0000e+00      
# interval = decibars: 0.5              
# start_time = Nov 11 2018 02:06:59 [NMEA time, first data scan]
# bad_flag = -9.990e-29
*END*
[from data line 56]
      81850     30.000    10.3831    10.3850     0.0019    1.03829    1.03836          1     6.9401     6.6191      15.08     0.7638     0.3101  1.000e-12  0.2349000     8.3653     8.3655     0.0001     6.1874     6.1873     29.727     30.376      0.811    1459.52    1459.53  0.000e+00
      81865     30.500    10.4123    10.4148     0.0025    1.04171    1.04173          1     6.9295     6.6108      14.61     0.7369     0.3057  1.000e-12  0.2548000     8.3883     8.3879    -0.0004     6.2019     6.2013     30.223     30.883      0.747    1459.67    1459.68  0.000e+00
      81883     31.000    10.4265    10.4264    -0.0000    1.04345    1.04325          1     6.9292     6.5988      14.00     0.7213     0.2780  1.000e-12  0.2592000     8.4001     8.3983    -0.0018     6.2094     6.2080     30.718     31.389      0.566    1459.75    1459.75  0.000e+00
      81911     31.500    10.5252    10.4966    -0.0285    1.04916    1.04748          1     6.9220     6.5899      13.31     0.7131     0.3000  1.000e-12  0.2443000     8.4267     8.4188    -0.0079     6.2187     6.2158     31.214     31.895      0.390    1460.17    1460.05  0.000e+00
      81941     32.000    10.7152    10.7062    -0.0092    1.06073    1.05967          1     6.5062     6.2328      12.80     0.6777     0.2633  1.000e-12  0.2468000     8.4829     8.4759    -0.0070     6.2399     6.2355     31.709     32.401      0.535    1460.97    1460.93  0.000e+00
      81959     32.500    10.8026    10.8021    -0.0004    1.08907    1.09018          1     6.1472     5.9332       7.71     0.6595     0.2947  1.000e-12  0.2488000     8.7071     8.7168     0.0097     6.4033     6.4108     32.205     32.907      0.718    1461.58    1461.59  0.000e+00
      81974     33.000    10.7589    10.7599     0.0011    1.12037    1.12102          1     5.9131     5.7434       6.09     0.6516     0.2981  1.000e-12  0.2482000     8.9880     8.9933     0.0054     6.6263     6.6304     32.700     33.413      0.777    1461.76    1461.77  0.000e+00
      81990     33.500    10.7579    10.7564    -0.0018    1.13868    1.13740          1     5.6089     5.4695       5.93     0.6166     0.3077  1.000e-12  0.2423000     9.1469     9.1361    -0.0108     6.7497     6.7415     33.195     33.919      0.705    1461.96    1461.94  0.000e+00
      82010     34.000    11.5752    11.5420    -0.0332    1.37240    1.35981          1     5.2247     5.1166       8.39     0.6092     0.2741  1.000e-12  0.2539000    10.9437    10.8442    -0.0995     8.0344     7.9618     33.691     34.424      0.485    1467.18    1466.94  0.000e+00
      82046     34.500    12.2209    12.1538    -0.0669    1.55931    1.54204          1     4.9127     4.8571       8.41     0.4481     0.2594  1.000e-12  0.1986000    12.3596    12.2330    -0.1266     9.0390     8.9511     34.186     34.929      0.313    1471.26    1470.86  0.000e+00
      82077     35.000    12.8370    12.8313    -0.0059    1.67579    1.67210          1     4.5271     4.5225       9.08     0.3368     0.1966  1.000e-12  0.1916000    13.1495    13.1199    -0.0296     9.5552     9.5333     34.682     35.434      0.531    1474.42    1474.36  0.000e+00
      82096     35.500    13.0237    13.0250     0.0012    1.72916    1.72819          1     4.5408     4.5148       7.11     0.3216     0.1782  1.000e-12  0.1920000    13.5389    13.5302    -0.0087     9.8260     9.8191     35.177     35.938      0.638    1475.55    1475.54  0.000e+00
      82115     36.000    12.7433    12.7597     0.0163    1.75127    1.75158          1     4.7814     4.6675       4.95     0.3312     0.2281  1.000e-12  0.1811000    13.8291    13.8259    -0.0032    10.0930    10.0880     35.673     36.443      0.580    1474.90    1474.95  0.000e+00
      82142     36.500    12.4080    12.3585    -0.0492    1.76473    1.75969          1     4.7001     4.6298       4.96     0.3195     0.1988  1.000e-12  0.2481000    14.0685    14.0433    -0.0252    10.3291    10.3172     36.168     36.947      0.354    1473.99    1473.78  0.000e+00
      82185     37.000    12.7725    12.7318    -0.0407    1.82131    1.81386          1     4.2123     4.2037       7.34     0.3363     0.2138  1.000e-12  0.4736000    14.4205    14.3716    -0.0490    10.5444    10.5130     36.663     37.451      0.326    1475.72    1475.52  0.000e+00
      82213     37.500    12.7232    12.7339     0.0104    1.84787    1.84790          1     4.3202     4.2041       6.88     0.3276     0.1930  1.000e-12  0.5950000    14.6686    14.6647    -0.0038    10.7432    10.7386     37.159     37.955      0.475    1475.84    1475.88  0.000e+00
      82237     38.000    12.6135    12.6128    -0.0007    1.85421    1.85416          1     4.3967     4.2522       5.50     0.3314     0.2207  1.000e-12  0.6316000    14.7660    14.7658    -0.0001    10.8354    10.8354     37.654     38.458      0.479    1475.58    1475.57  0.000e+00
      82264     38.500    12.6976    12.6936    -0.0040    1.88035    1.87844          1     4.3086     4.1811       5.36     0.3331     0.2565  1.000e-12  0.5451000    14.9594    14.9444    -0.0150    10.9713    10.9604     38.150     38.962      0.412    1476.11    1476.08  0.000e+00
      82296     39.000    12.8272    12.8264    -0.0008    1.91312    1.91178          1     4.1376     3.9857       5.48     0.3025     0.2675  1.000e-12  0.5022000    15.1918    15.1804    -0.0113    11.1299    11.1213     38.645     39.466      0.349    1476.85    1476.84  0.000e+00
      82332     39.500    12.8826    12.8561    -0.0263    1.92998    1.91929          1     4.0607     3.7535       5.18     0.3151     0.2714  1.000e-12  0.5908000    15.3154    15.2335    -0.0819    11.2163    11.1574     39.140     39.970      0.354    1477.21    1477.02  0.000e+00
      82362     40.000    12.8898    12.8663    -0.0234    1.94217    1.91626          1     4.0092     3.5793       4.84     0.3205     0.2495  1.000e-12  0.6371000    15.4178    15.2031    -0.2147    11.2940    11.1324     39.636     40.473      0.450    1477.36    1477.02  0.000e+00
      82387     40.500    12.8731    12.8658    -0.0073    1.94612    1.91320          1     3.9974     3.4702       4.37     0.3302     0.2740  1.000e-12  0.6924000    15.4587    15.1767    -0.2820    11.3281    11.1121     40.131     40.977      0.453    1477.36    1477.00  0.000e+00
      82418     41.000    12.9077    12.8656    -0.0421    1.95349    1.91011          1     3.9924     3.3616       3.81     0.3318     0.2699  1.000e-12  0.7229000    15.5084    15.1501    -0.3583    11.3609    11.0916     40.626     41.480      0.349    1477.55    1476.98  0.000e+00
      82454     41.500    12.9728    12.8652    -0.1074    1.96351    1.90691          1     4.0668     3.2493       3.26     0.3320     0.2286  1.000e-12  0.7777000    15.5683    15.1224    -0.4459    11.3965    11.0704     41.122     41.984      0.358    1477.85    1476.95  0.000e+00
      82485     42.000    12.9168    12.8653    -0.0517    1.96316    1.90470          1     4.1996     3.1668       2.81     0.3480     0.2340  1.000e-12  0.8842000    15.5881    15.1031    -0.4849    11.4208    11.0555     41.617     42.487      0.310    1477.69    1476.94  0.000e+00
