ctdpy/tests/etc/all_smhi_bas_2018/SBE09_0827_20181010_0719_26_01_1058.cnv
* Sea-Bird SBE 9 Data File:
* FileName = D:\CTD_SBE911\DAT\26DA.2018.10.58.hex
* Software Version Seasave V 7.21d
* Temperature SN = 4548
* Conductivity SN = 3062
* Number of Bytes Per Scan = 48
* Number of Voltage Words = 5
* Number of Scans Averaged by the Deck Unit = 1
* NMEA Latitude = 58 08.71 N
* NMEA Longitude = 019 33.41 E
* NMEA UTC (Time) = Oct 10 2018  07:21:50
* NMEA baud rate = 4800
** Ship: DANA
** Average sound velocity: 1447.07 m/s
** True-depth calculation Thu, 28 Mar 2019 12:23:26 +0000
** CTD Python Module SMHI /ver 3-12/ feb 2012 
** LIMS Job: 20182601-1058
** Operator: Christian
** Cruise: 10/2018
# nquan = 26
# nvalues = 284                         
# units = specified
# name 0 = scan: Scan Count
# name 1 = prDM: Pressure, Digiquartz [db]
# name 2 = t090C: Temperature [ITS-90, deg C]
# name 3 = t190C: Temperature, 2 [ITS-90, deg C]
# name 4 = T2-T190C: Temperature Difference, 2 - 1 [ITS-90, deg C]
# name 5 = c0S/m: Conductivity [S/m]
# name 6 = c1S/m: Conductivity, 2 [S/m]
# name 7 = pumps: Pump Status
# name 8 = sbeox1ML/L: Oxygen, SBE 43, 2 [ml/l]
# name 9 = sbeox0ML/L: Oxygen, SBE 43 [ml/l]
# name 10 = altM: Altimeter [m]
# name 11 = chloroflTC0: Chlorophyll, Turner Cyclops [ug/l]
# name 12 = cpar: CPAR/Corrected Irradiance [%]
# name 13 = par: PAR/Irradiance, Biospherical/Lico [µE/(cm^2*s)]
# name 14 = spar: SPAR, Biospherical/Licor
# name 15 = sal00: Salinity, Practical [PSU]
# name 16 = sal11: Salinity, Practical, 2 [PSU]
# name 17 = secS-priS: Salinity, Practical, Difference, 2 - 1 [PSU]
# name 18 = sigma-t00: Density [sigma-t, kg/m^3 ]
# name 19 = sigma-t11: Density, 2 [sigma-t, kg/m^3 ]
# name 20 = depSM: Depth [salt water, m], lat = 58.1452
# name 21 = depFM: Depth [true depth, m], lat = 58.1452
# name 22 = dz/dtM: Descent Rate [m/s], WS = 2
# name 23 = svCM: Sound Velocity [Chen-Millero, m/s]
# name 24 = svCM1: Sound Velocity, 2 [Chen-Millero, m/s]
# name 25 = flag: flag
# span 0 =         84,      12186       
# span 1 =      2.000,    143.500       
# span 2 =     3.3523,    12.1344       
# span 3 =     3.3627,    12.1333       
# span 4 =    -0.1075,     1.0222       
# span 5 =   0.750028,   1.361343       
# span 6 =   0.752538,   1.359736       
# span 7 =          1,          1       
# span 8 =     0.0375,     7.8140       
# span 9 =     0.0411,     7.3216       
# span 10 =       1.65,      10.03      
# span 11 =     0.0159,     0.0298      
# span 12 = 3.5679e-13, 6.3536e+00      
# span 13 = 1.0000e-12, 1.7290e+01      
# span 14 = 2.6187e+02, 2.8028e+02      
# span 15 =     6.5856,    12.4286      
# span 16 =     6.5857,    12.4139      
# span 17 =    -0.1315,     0.0004      
# span 18 =     4.6031,     9.7168      
# span 19 =     4.6031,     9.7056      
# span 20 =      1.981,    142.119      
# span 21 =      2.028,    145.151      
# span 22 =     -0.096,      0.825      
# span 23 =    1428.81,    1464.11      
# span 24 =    1429.08,    1464.11      
# span 25 = 0.0000e+00, 0.0000e+00      
# interval = decibars: 0.5              
# start_time = Oct 10 2018 07:21:50 [NMEA time, first data scan]
# bad_flag = -9.990e-29
*END*
         84      2.000    12.0574    12.0577     0.0003    0.86687    0.86690          1     7.0291     6.5845       4.12     0.0286  6.354e+00  1.729e+01  2.721e+02     6.5864     6.5866     0.0002     4.6037     4.6038      1.981      2.028     -0.096    1463.25    1463.25  0.000e+00
        233      2.500    12.0576    12.0578     0.0003    0.86689    0.86689          1     7.0167     6.5677       8.74     0.0264  5.922e+00  1.612e+01  2.721e+02     6.5865     6.5865    -0.0000     4.6037     4.6037      2.477      2.535      0.775    1463.26    1463.26  0.000e+00
        265      3.000    12.0572    12.0576     0.0004    0.86689    0.86691          1     7.0135     6.5607       5.83     0.0258  5.037e+00  1.369e+01  2.718e+02     6.5865     6.5865     0.0001     4.6038     4.6038      2.972      3.042      0.804    1463.27    1463.27  0.000e+00
        341      3.500    12.0571    12.0575     0.0004    0.86687    0.86690          1     7.0121     6.5617       3.57     0.0265  3.989e+00  1.081e+01  2.709e+02     6.5863     6.5864     0.0002     4.6037     4.6037      3.468      3.549      0.591    1463.27    1463.28  0.000e+00
        398      4.000    12.0570    12.0572     0.0002    0.86686    0.86687          1     7.0154     6.5692       4.31     0.0273  3.392e+00  9.164e+00  2.702e+02     6.5862     6.5862     0.0001     4.6036     4.6036      3.963      4.055      0.490    1463.28    1463.28  0.000e+00
        512      4.500    12.0570    12.0573     0.0004    0.86692    0.86693          1     7.0088     6.5562       5.37     0.0261  2.929e+00  7.910e+00  2.701e+02     6.5866     6.5866     0.0000     4.6039     4.6039      4.458      4.562      0.779    1463.29    1463.29  0.000e+00
        530      5.000    12.0571    12.0574     0.0003    0.86692    0.86693          1     7.0170     6.5597       7.14     0.0267  2.464e+00  6.655e+00  2.701e+02     6.5865     6.5865     0.0000     4.6038     4.6038      4.954      5.069      0.567    1463.30    1463.30  0.000e+00
        607      5.500    12.0572    12.0575     0.0003    0.86694    0.86694          1     7.0125     6.5687      10.03     0.0276  2.058e+00  5.560e+00  2.701e+02     6.5866     6.5866    -0.0000     4.6039     4.6039      5.449      5.576      0.260    1463.31    1463.31  0.000e+00
        652      6.000    12.0574    12.0576     0.0002    0.86696    0.86697          1     7.0109     6.5765       9.99     0.0273  1.823e+00  4.925e+00  2.701e+02     6.5867     6.5868     0.0001     4.6040     4.6040      5.944      6.083      0.309    1463.32    1463.32  0.000e+00
        689      6.500    12.0570    12.0575     0.0005    0.86693    0.86697          1     7.0046     6.5738       9.99     0.0279  1.580e+00  4.267e+00  2.701e+02     6.5865     6.5867     0.0002     4.6038     4.6040      6.440      6.590      0.319    1463.32    1463.32  0.000e+00
        733      7.000    12.0572    12.0573     0.0001    0.86691    0.86695          1     6.9991     6.5735       9.99     0.0276  1.249e+00  3.370e+00  2.699e+02     6.5863     6.5866     0.0003     4.6037     4.6039      6.935      7.097      0.210    1463.33    1463.33  0.000e+00
        806      7.500    12.0570    12.0573     0.0003    0.86694    0.86696          1     7.0129     6.5580       9.99     0.0277  1.209e+00  3.242e+00  2.682e+02     6.5865     6.5866     0.0000     4.6039     4.6039      7.430      7.604      0.353    1463.34    1463.34  0.000e+00
        832      8.000    12.0571    12.0574     0.0002    0.86696    0.86697          1     7.0217     6.5606       9.61     0.0277  9.751e-01  2.614e+00  2.681e+02     6.5866     6.5866     0.0000     4.6039     4.6039      7.926      8.111      0.396    1463.35    1463.35  0.000e+00
        911      8.500    12.0573    12.0576     0.0002    0.86697    0.86699          1     7.0144     6.5575       8.73     0.0270  8.802e-01  2.360e+00  2.681e+02     6.5866     6.5867     0.0001     4.6039     4.6039      8.421      8.618      0.353    1463.36    1463.36  0.000e+00
        951      9.000    12.0573    12.0576     0.0003    0.86698    0.86699          1     7.0092     6.5552       9.98     0.0269  7.893e-01  2.116e+00  2.681e+02     6.5866     6.5866     0.0000     4.6039     4.6039      8.916      9.125      0.652    1463.36    1463.37  0.000e+00
        968      9.500    12.0574    12.0577     0.0003    0.86699    0.86701          1     7.0134     6.5698       9.99     0.0269  6.349e-01  1.702e+00  2.681e+02     6.5866     6.5868     0.0002     4.6039     4.6040      9.412      9.632      0.600    1463.37    1463.37  0.000e+00
       1024     10.000    12.0575    12.0578     0.0004    0.86699    0.86701          1     7.0076     6.5729       9.98     0.0268  5.396e-01  1.447e+00  2.681e+02     6.5866     6.5867     0.0001     4.6039     4.6039      9.907     10.139      0.399    1463.38    1463.38  0.000e+00
       1095     10.500    12.0577    12.0580     0.0002    0.86705    0.86703          1     7.0012     6.5739       7.36     0.0264  4.871e-01  1.306e+00  2.681e+02     6.5870     6.5868    -0.0002     4.6042     4.6039     10.402     10.646      0.581    1463.39    1463.39  0.000e+00
       1116     11.000    12.0581    12.0584     0.0002    0.86711    0.86711          1     7.0111     6.5664       9.81     0.0273  3.934e-01  1.055e+00  2.681e+02     6.5874     6.5873    -0.0001     4.6044     4.6043     10.898     11.153      0.457    1463.40    1463.40  0.000e+00
       1188     11.500    12.0580    12.0585     0.0005    0.86707    0.86712          1     7.0094     6.5652       9.98     0.0275  3.442e-01  9.227e-01  2.681e+02     6.5870     6.5873     0.0003     4.6041     4.6043     11.393     11.660      0.261    1463.41    1463.41  0.000e+00
       1235     12.000    12.0579    12.0583     0.0004    0.86706    0.86709          1     7.0040     6.5700       9.98     0.0289  2.924e-01  7.816e-01  2.673e+02     6.5869     6.5871     0.0002     4.6040     4.6041     11.888     12.166      0.402    1463.42    1463.42  0.000e+00
       1263     12.500    12.0578    12.0583     0.0006    0.86705    0.86708          1     7.0053     6.5643       9.98     0.0288  2.529e-01  6.743e-01  2.666e+02     6.5868     6.5869     0.0002     4.6039     4.6040     12.384     12.673      0.436    1463.42    1463.43  0.000e+00
       1292     13.000    12.0581    12.0583     0.0002    0.86710    0.86709          1     7.0051     6.5650       9.98     0.0298  2.202e-01  5.873e-01  2.668e+02     6.5871     6.5869    -0.0001     4.6041     4.6040     12.879     13.180      0.376    1463.43    1463.43  0.000e+00
       1351     13.500    12.0581    12.0584     0.0003    0.86704    0.86710          1     7.0030     6.5719       9.98     0.0278  1.776e-01  4.735e-01  2.666e+02     6.5866     6.5870     0.0004     4.6038     4.6040     13.374     13.687      0.241    1463.44    1463.44  0.000e+00
       1410     14.000    12.0578    12.0581     0.0004    0.86701    0.86704          1     7.0053     6.5717       9.98     0.0280  1.463e-01  3.892e-01  2.660e+02     6.5863     6.5865     0.0002     4.6036     4.6037     13.870     14.194      0.351    1463.45    1463.45  0.000e+00
       1442     14.500    12.0578    12.0582     0.0004    0.86699    0.86704          1     7.0094     6.5651       9.98     0.0285  1.257e-01  3.345e-01  2.660e+02     6.5861     6.5864     0.0003     4.6034     4.6036     14.365     14.701      0.376    1463.45    1463.46  0.000e+00
       1475     15.000    12.0577    12.0581     0.0004    0.86697    0.86701          1     7.0036     6.5615       9.97     0.0288  9.951e-02  2.647e-01  2.660e+02     6.5859     6.5862     0.0003     4.6033     4.6035     14.860     15.208      0.338    1463.46    1463.46  0.000e+00
       1529     15.500    12.0578    12.0581     0.0004    0.86696    0.86701          1     7.0104     6.5722       9.97     0.0279  7.251e-02  1.929e-01  2.660e+02     6.5858     6.5861     0.0004     4.6032     4.6034     15.356     15.715      0.230    1463.47    1463.47  0.000e+00
       1587     16.000    12.0576    12.0579     0.0003    0.86694    0.86697          1     7.0136     6.5754       9.97     0.0286  6.025e-02  1.603e-01  2.660e+02     6.5856     6.5858     0.0002     4.6031     4.6032     15.851     16.222      0.459    1463.48    1463.48  0.000e+00
       1606     16.500    12.0576    12.0580     0.0004    0.86695    0.86697          1     7.0095     6.5745       9.97     0.0271  4.396e-02  1.170e-01  2.660e+02     6.5856     6.5857     0.0001     4.6031     4.6031     16.346     16.729      0.569    1463.48    1463.49  0.000e+00
       1629     17.000    12.0579    12.0580     0.0001    0.86699    0.86697          1     7.0081     6.5807       9.97     0.0279  2.719e-02  7.233e-02  2.660e+02     6.5859     6.5857    -0.0002     4.6032     4.6031     16.842     17.236      0.420    1463.49    1463.49  0.000e+00
       1725     17.500    12.0590    12.0588    -0.0002    0.86712    0.86708          1     7.0127     6.5676       9.97     0.0274  1.503e-02  3.970e-02  2.642e+02     6.5866     6.5864    -0.0002     4.6037     4.6035     17.337     17.743      0.304    1463.51    1463.51  0.000e+00
       1752     18.000    12.0627    12.0590    -0.0037    0.86763    0.86710          1     7.0121     6.5709       9.97     0.0288  3.862e-03  1.020e-02  2.640e+02     6.5901     6.5864    -0.0037     4.6059     4.6036     17.832     18.250      0.459    1463.53    1463.52  0.000e+00
       1780     18.500    12.0644    12.0637    -0.0008    0.86781    0.86765          1     7.0125     6.5729       9.97     0.0291  8.950e-05  2.363e-04  2.640e+02     6.5912     6.5901    -0.0011     4.6065     4.6058     18.328     18.757      0.391    1463.55    1463.54  0.000e+00
       1819     19.000    12.0651    12.0636    -0.0015    0.86797    0.86773          1     7.0034     6.5630       9.97     0.0295  5.060e-12  1.336e-11  2.640e+02     6.5924     6.5907    -0.0017     4.6073     4.6062     18.823     19.264      0.253    1463.56    1463.55  0.000e+00
       1871     19.500    12.0667    12.0647    -0.0020    0.86820    0.86791          1     7.0025     6.5631       9.97     0.0295  3.788e-13  1.000e-12  2.640e+02     6.5940     6.5919    -0.0021     4.6084     4.6070     19.318     19.770      0.262    1463.58    1463.57  0.000e+00
       1913     20.000    12.0758    12.0693    -0.0065    0.86922    0.86847          1     6.9864     6.5561       9.97     0.0292  3.788e-13  1.000e-12  2.640e+02     6.6007     6.5957    -0.0050     4.6123     4.6093     19.813     20.277      0.252    1463.63    1463.60  0.000e+00
       1968     20.500    12.0827    12.0730    -0.0097    0.87004    0.86889          1     6.9889     6.5540       9.97     0.0295  3.788e-13  1.000e-12  2.640e+02     6.6061     6.5984    -0.0077     4.6156     4.6109     20.309     20.784      0.256    1463.67    1463.62  0.000e+00
       2003     21.000    12.0881    12.0790    -0.0091    0.87066    0.86959          1     6.9876     6.5559       9.97     0.0287  3.788e-13  1.000e-12  2.640e+02     6.6101     6.6030    -0.0071     4.6181     4.6137     20.804     21.291      0.404    1463.70    1463.66  0.000e+00
       2035     21.500    12.0956    12.0880    -0.0076    0.87146    0.87059          1     6.9827     6.5518       9.97     0.0286  3.788e-13  1.000e-12  2.640e+02     6.6153     6.6096    -0.0058     4.6211     4.6176     21.299     21.798      0.315    1463.74    1463.71  0.000e+00
       2100     22.000    12.1004    12.0945    -0.0058    0.87193    0.87132          1     6.9846     6.5395       9.97     0.0284  3.791e-13  1.000e-12  2.638e+02     6.6183     6.6143    -0.0040     4.6227     4.6204     21.795     22.305      0.255    1463.77    1463.74  0.000e+00
       2143     22.500    12.1019    12.1025     0.0006    0.87212    0.87215          1     6.9860     6.5417       9.97     0.0270  3.792e-13  1.000e-12  2.638e+02     6.6195     6.6196     0.0001     4.6235     4.6235     22.290     22.812      0.480    1463.79    1463.79  0.000e+00
       2165     23.000    12.1040    12.1032    -0.0008    0.87233    0.87225          1     6.9855     6.5428       9.97     0.0269  3.799e-13  1.000e-12  2.632e+02     6.6208     6.6203    -0.0005     4.6242     4.6239     22.785     23.319      0.492    1463.80    1463.80  0.000e+00
       2215     23.500    12.1043    12.1037    -0.0006    0.87235    0.87230          1     6.9789     6.5408       9.97     0.0273  3.808e-13  1.000e-12  2.626e+02     6.6208     6.6206    -0.0003     4.6242     4.6241     23.281     23.826      0.274    1463.81    1463.81  0.000e+00
       2274     24.000    12.1043    12.1041    -0.0002    0.87234    0.87232          1     6.9776     6.5427       9.97     0.0278  3.817e-13  1.000e-12  2.620e+02     6.6207     6.6206    -0.0001     4.6241     4.6241     23.776     24.333      0.401    1463.82    1463.82  0.000e+00
       2302     24.500    12.1055    12.1045    -0.0010    0.87248    0.87238          1     6.9831     6.5370       9.97     0.0284  3.817e-13  1.000e-12  2.620e+02     6.6216     6.6210    -0.0006     4.6246     4.6243     24.271     24.840      0.353    1463.83    1463.83  0.000e+00
       2361     25.000    12.1065    12.1059    -0.0006    0.87259    0.87252          1     6.9709     6.5388       9.97     0.0285  3.817e-13  1.000e-12  2.620e+02     6.6223     6.6218    -0.0005     4.6250     4.6247     24.767     25.347      0.240    1463.85    1463.85  0.000e+00
       2406     25.500    12.1069    12.1067    -0.0001    0.87265    0.87262          1     6.9693     6.5336       9.97     0.0264  3.817e-13  1.000e-12  2.620e+02     6.6226     6.6224    -0.0002     4.6253     4.6251     25.262     25.854      0.459    1463.86    1463.86  0.000e+00
       2428     26.000    12.1066    12.1071     0.0005    0.87262    0.87267          1     6.9702     6.5354       9.97     0.0265  3.817e-13  1.000e-12  2.620e+02     6.6224     6.6227     0.0003     4.6251     4.6253     25.757     26.360      0.502    1463.86    1463.87  0.000e+00
       2475     26.500    12.1077    12.1073    -0.0004    0.87272    0.87269          1     6.9669     6.5340       9.97     0.0269  3.817e-13  1.000e-12  2.620e+02     6.6230     6.6228    -0.0002     4.6254     4.6253     26.252     26.867      0.281    1463.88    1463.87  0.000e+00
       2548     27.000    12.1116    12.1099    -0.0017    0.87312    0.87295          1     6.9648     6.5305       9.97     0.0274  3.817e-13  1.000e-12  2.620e+02     6.6255     6.6244    -0.0011     4.6269     4.6262     26.748     27.374      0.361    1463.90    1463.89  0.000e+00
       2572     27.500    12.1129    12.1114    -0.0016    0.87323    0.87309          1     6.9635     6.5297       9.97     0.0271  3.817e-13  1.000e-12  2.620e+02     6.6262     6.6253    -0.0009     4.6272     4.6267     27.243     27.881      0.509    1463.92    1463.91  0.000e+00
       2595     28.000    12.1163    12.1140    -0.0024    0.87349    0.87329          1     6.9741     6.5288       9.97     0.0272  3.817e-13  1.000e-12  2.620e+02     6.6276     6.6264    -0.0012     4.6279     4.6272     27.738     28.388      0.432    1463.94    1463.93  0.000e+00
       2683     28.500    12.1216    12.1187    -0.0029    0.87387    0.87366          1     6.9572     6.5246       8.99     0.0269  3.817e-13  1.000e-12  2.620e+02     6.6298     6.6285    -0.0013     4.6288     4.6282     28.234     28.895      0.488    1463.97    1463.96  0.000e+00
       2710     29.000    12.1206    12.1213     0.0007    0.87379    0.87382          1     6.9542     6.5250       9.95     0.0257  3.817e-13  1.000e-12  2.620e+02     6.6292     6.6293     0.0001     4.6285     4.6285     28.729     29.402      0.715    1463.97    1463.97  0.000e+00
