ctdpy/tests/etc/all_smhi_bas_2018/SBE09_1044_20180415_2307_34_07_0002.cnv
* Sea-Bird SBE 9 Data File:
* FileName = C:\ctd\temp\2018\AU18D002.hex
* Software Version Seasave V 7.26.6.26
* Temperature SN = 5351
* Conductivity SN = 3941
* Number of Bytes Per Scan = 41
* Number of Voltage Words = 4
* Number of Scans Averaged by the Deck Unit = 1
* NMEA Latitude = 58 15.60 N
* NMEA Longitude = 011 26.15 E
* NMEA UTC (Time) = Apr 15 2018  23:07:40
* NMEA baud rate = 4800
** Station:  Slaggo
** Operator:  SSip
** Ship: AURA
** Average sound velocity: 1469.90 m/s
** True-depth calculation Mon, 16 Apr 2018 00:23:05 +0000
** CTD Python Module SMHI /ver 3-12/ feb 2012 
** LIMS Job: 20183407-0002
** Cruise: SMHI-01-2018
** Latitude [GG MM.mm N] :
** Longitude [GG MM.mm E]:
# nquan = 26
# nvalues = 147                         
# units = specified
# name 0 = scan: Scan Count
# name 1 = prDM: Pressure, Digiquartz [db]
# name 2 = t090C: Temperature [ITS-90, deg C]
# name 3 = t190C: Temperature, 2 [ITS-90, deg C]
# name 4 = T2-T190C: Temperature Difference, 2 - 1 [ITS-90, deg C]
# name 5 = c0S/m: Conductivity [S/m]
# name 6 = c1S/m: Conductivity, 2 [S/m]
# name 7 = pumps: Pump Status
# name 8 = sbeox0ML/L: Oxygen, SBE 43 [ml/l]
# name 9 = sbeox1ML/L: Oxygen, SBE 43, 2 [ml/l]
# name 10 = altM: Altimeter [m]
# name 11 = flECO-AFL: Chl-a Fluorescence, WET Labs ECO-AFL/FL [mg/m^3]
# name 12 = flECO-AFL1: Phycocyanin Fluorescence, WET Labs ECO-AFL/FL, 2 [mg/m^3]
# name 13 = par: PAR/Irradiance, Biospherical/Lico [µE/(cm^2*s)]
# name 14 = turbWETntu0: Turbidity, WET Labs ECO [NTU]
# name 15 = sal00: Salinity, Practical [PSU]
# name 16 = sal11: Salinity, Practical, 2 [PSU]
# name 17 = secS-priS: Salinity, Practical, Difference, 2 - 1 [PSU]
# name 18 = sigma-t00: Density [sigma-t, Kg/m^3 ]
# name 19 = sigma-t11: Density, 2 [sigma-t, Kg/m^3 ]
# name 20 = depSM: Depth [salt water, m], lat = 58.26
# name 21 = depFM: Depth [true depth, m], lat = 58.26
# name 22 = dz/dtM: Descent Rate [m/s], WS = 2
# name 23 = svCM: Sound Velocity [Chen-Millero, m/s]
# name 24 = svCM1: Sound Velocity, 2 [Chen-Millero, m/s]
# name 25 = flag: flag
# span 0 =       8275,      11869       
# span 1 =      0.500,     73.500       
# span 2 =     3.5463,     6.5894       
# span 3 =     3.5431,     6.5902       
# span 4 =    -0.0235,     0.0524       
# span 5 =   2.103815,   3.445314       
# span 6 =   2.104460,   3.445356       
# span 7 =          1,          1       
# span 8 =    4.84919,    8.09934       
# span 9 =    4.78144,    8.01354       
# span 10 =       1.94,      98.73      
# span 11 =     0.0800,     0.7760      
# span 12 =     0.1424,     0.3254      
# span 13 = -1.717e-05, 2.7998e+00      
# span 14 =     0.3945,     1.8062      
# span 15 =    21.2525,    34.4586      
# span 16 =    21.2627,    34.4583      
# span 17 =    -0.0980,     0.0489      
# span 18 =    16.8259,    27.0481      
# span 19 =    16.8344,    27.0477      
# span 20 =      0.495,     72.804      
# span 21 =      0.501,     73.062      
# span 22 =     -0.227,      0.523      
# span 23 =    1450.24,    1477.58      
# span 24 =    1450.24,    1477.59      
# span 25 = 0.0000e+00, 0.0000e+00      
# interval = decibars: 0.5              
# start_time = Apr 15 2018 23:07:41 [NMEA time, first data scan]
# bad_flag = -9.990e-29
*END*
       8275      0.500     4.6179     4.6129    -0.0050    2.10381    2.10446          1     8.0648     7.9817      98.71     0.7087     0.2306  2.800e+00  0.4819000    21.2525    21.2627     0.0103    16.8259    16.8344      0.495      0.501      0.283    1451.65    1451.64  0.000e+00
       8302      1.000     4.5645     4.5679     0.0035    2.10986    2.10964          1     8.0693     7.9739      98.72     0.7760     0.2506  2.256e+00  0.5262000    21.3534    21.3488    -0.0046    16.9097    16.9058      0.991      1.002      0.446    1451.56    1451.57  0.000e+00
       8327      1.500     4.5366     4.5353    -0.0013    2.11293    2.11333          1     8.0711     7.9736      98.72     0.7242     0.2674  9.641e-01  0.5311000    21.4053    21.4105     0.0052    16.9529    16.9571      1.486      1.502      0.481    1451.51    1451.51  0.000e+00
       8352      2.000     4.5325     4.5315    -0.0008    2.11376    2.11390          1     8.0742     7.9869      98.72     0.7257     0.2686  5.209e-01  0.5136000    21.4170    21.4191     0.0022    16.9624    16.9642      1.981      2.003      0.481    1451.52    1451.52  0.000e+00
       8377      2.500     4.5269     4.5327     0.0060    2.11436    2.11395          1     8.0993     8.0041      98.71     0.7282     0.2693  3.982e-01  0.5261000    21.4270    21.4187    -0.0082    16.9708    16.9638      2.477      2.504      0.489    1451.52    1451.53  0.000e+00
       8401      3.000     4.5470     4.5996     0.0524    2.11148    2.10569          1     8.0734     7.9855      98.72     0.7243     0.2820  3.458e-01  0.5217000    21.3821    21.2841    -0.0980    16.9338    16.8523      2.972      3.005      0.496    1451.55    1451.65  0.000e+00
       8425      3.500     4.5709     4.5475    -0.0235    2.10895    2.11200          1     8.0540     7.9716      98.72     0.7455     0.2955  2.773e-01  0.5275000    21.3384    21.3873     0.0489    16.8974    16.9378      3.467      3.506      0.499    1451.61    1451.57  0.000e+00
       8449      4.000     4.5093     4.5120     0.0026    2.11661    2.11614          1     8.0685     7.9742      98.71     0.7664     0.3096  2.381e-01  0.5311000    21.4628    21.4559    -0.0069    17.0004    16.9947      3.963      4.006      0.497    1451.51    1451.51  0.000e+00
       8474      4.500     4.4993     4.5005     0.0011    2.11789    2.11793          1     8.0757     7.9909      98.72     0.7556     0.2919  1.616e-01  0.5197000    21.4833    21.4829    -0.0004    17.0174    17.0170      4.458      4.507      0.482    1451.50    1451.51  0.000e+00
       8499      5.000     4.5023     4.4999    -0.0023    2.11782    2.11809          1     8.0846     8.0093      98.72     0.7084     0.2972  1.235e-01  0.5152000    21.4805    21.4849     0.0044    17.0149    17.0186      4.953      5.008      0.479    1451.52    1451.51  0.000e+00
       8524      5.500     4.5072     4.5215     0.0142    2.11741    2.11591          1     8.0888     8.0087      98.72     0.6810     0.2565  5.999e-02  0.5207000    21.4725    21.4466    -0.0259    17.0082    16.9867      5.449      5.509      0.483    1451.54    1451.57  0.000e+00
       8549      6.000     4.5267     4.5236    -0.0031    2.11552    2.11609          1     8.0782     7.9975      98.71     0.6773     0.2541  2.175e-02  0.5330000    21.4387    21.4471     0.0083    16.9801    16.9869      5.944      6.009      0.470    1451.59    1451.58  0.000e+00
       8575      6.500     4.4804     4.4902     0.0098    2.12078    2.11999          1     8.0651     7.9860      98.72     0.6782     0.2905  1.699e-02  0.5406000    21.5270    21.5118    -0.0151    17.0533    17.0406      6.439      6.510      0.467    1451.51    1451.53  0.000e+00
       8600      7.000     4.4074     4.4213     0.0138    2.12855    2.12723          1     8.0520     7.9842      98.72     0.6998     0.2877  5.954e-03  0.5159000    21.6608    21.6371    -0.0237    17.1646    17.1448      6.935      7.011      0.467    1451.37    1451.40  0.000e+00
       8626      7.500     4.3310     4.3296    -0.0012    2.13666    2.13682          1     8.0603     8.0064      98.72     0.7155     0.2902 -1.717e-05  0.5031000    21.8012    21.8040     0.0028    17.2814    17.2837      7.430      7.511      0.468    1451.23    1451.23  0.000e+00
       8652      8.000     4.2662     4.2686     0.0024    2.14335    2.14334          1     8.0775     8.0135      98.72     0.7577     0.3126  1.000e-12  0.5021000    21.9188    21.9170    -0.0018    17.3792    17.3776      7.926      8.012      0.466    1451.11    1451.12  0.000e+00
       8678      8.500     4.2440     4.2423    -0.0017    2.14628    2.14667          1     8.0663     7.9969      98.72     0.7406     0.3128  1.000e-12  0.4939000    21.9661    21.9717     0.0056    17.4182    17.4228      8.421      8.513      0.467    1451.09    1451.09  0.000e+00
       8703      9.000     4.1869     4.1847    -0.0021    2.15350    2.15384          1     8.0564     8.0027      98.72     0.7040     0.2959  1.000e-12  0.4921000    22.0851    22.0903     0.0053    17.5166    17.5209      8.916      9.013      0.470    1451.00    1451.00  0.000e+00
       8729      9.500     4.1308     4.1367     0.0059    2.15799    2.15788          1     8.0292     7.9829      98.72     0.7135     0.2825  1.000e-12  0.4892000    22.1729    22.1677    -0.0052    17.5902    17.5857      9.412      9.514      0.468    1450.88    1450.90  0.000e+00
       8754     10.000     4.0390     4.0463     0.0072    2.16418    2.16420          1     8.0400     7.9778      98.72     0.7172     0.2937  1.000e-12  0.4848000    22.3048    22.3000    -0.0047    17.7012    17.6969      9.907     10.014      0.467    1450.66    1450.69  0.000e+00
       8780     10.500     3.9670     3.9667    -0.0003    2.17444    2.17421          1     8.0399     7.9722      98.72     0.7253     0.3254  1.000e-12  0.4855000    22.4695    22.4671    -0.0024    17.8368    17.8349     10.402     10.514      0.471    1450.57    1450.56  0.000e+00
       8805     11.000     3.9643     3.9616    -0.0028    2.18248    2.18362          1     8.0361     7.9752      98.72     0.6952     0.3196  1.000e-12  0.4808000    22.5620    22.5768     0.0148    17.9103    17.9223     10.898     11.015      0.482    1450.68    1450.69  0.000e+00
       8830     11.500     3.8831     3.8879     0.0048    2.20040    2.19966          1     8.0571     7.9859      98.72     0.6447     0.2755  1.000e-12  0.4543000    22.8210    22.8093    -0.0117    18.1214    18.1118     11.393     11.515      0.483    1450.67    1450.68  0.000e+00
       8855     12.000     3.8608     3.8619     0.0011    2.20585    2.20584          1     8.0593     7.9838      98.72     0.5783     0.2539  1.000e-12  0.4520000    22.8981    22.8972    -0.0009    18.1842    18.1834     11.888     12.015      0.477    1450.68    1450.69  0.000e+00
       8880     12.500     3.8391     3.8452     0.0060    2.20723    2.20698          1     8.0072     7.9409      98.72     0.5407     0.2669  1.000e-12  0.4702000    22.9289    22.9219    -0.0070    18.2101    18.2041     12.384     12.515      0.478    1450.64    1450.66  0.000e+00
       8905     13.000     3.7736     3.7751     0.0015    2.21121    2.21104          1     7.9487     7.8887      98.72     0.5157     0.2503  1.000e-12  0.4618000    23.0201    23.0171    -0.0030    18.2870    18.2845     12.879     13.016      0.492    1450.48    1450.48  0.000e+00
       8929     13.500     3.6616     3.6630     0.0014    2.22065    2.22045          1     7.9342     7.8619      98.72     0.4549     0.2608  1.000e-12  0.4850000    23.2070    23.2037    -0.0033    18.4430    18.4403     13.374     13.516      0.495    1450.24    1450.24  0.000e+00
       8953     14.000     3.6360     3.6382     0.0022    2.25271    2.25180          1     7.8758     7.7811      98.72     0.4236     0.2316  1.000e-12  0.5106000    23.5921    23.5802    -0.0120    18.7506    18.7410     13.870     14.016      0.494    1450.63    1450.63  0.000e+00
       8978     14.500     3.6598     3.6597    -0.0001    2.31402    2.31246          1     7.7057     7.6009      98.72     0.4107     0.3023  1.000e-12  0.4299000    24.2780    24.2601    -0.0179    19.2937    19.2795     14.365     14.515      0.496    1451.62    1451.60  0.000e+00
       9002     15.000     3.6427     3.6447     0.0020    2.35509    2.35443          1     7.5608     7.4465      98.72     0.4031     0.3174  1.000e-12  0.4478000    24.7634    24.7543    -0.0091    19.6805    19.6731     14.860     15.015      0.496    1452.18    1452.18  0.000e+00
       9026     15.500     3.5463     3.5431    -0.0032    2.46284    2.46105          1     7.4723     7.3300      98.71     0.4053     0.2257  1.000e-12  0.4274000    26.0852    26.0669    -0.0183    20.7379    20.7235     15.355     15.514      0.492    1453.47    1453.44  0.000e+00
       9051     16.000     3.7230     3.7201    -0.0029    2.55165    2.54980          1     7.2827     7.1336      98.72     0.3416     0.1844  1.000e-12  0.4416000    26.9720    26.9529    -0.0191    21.4290    21.4140     15.851     16.013      0.493    1455.38    1455.34  0.000e+00
       9075     16.500     3.8315     3.8334     0.0019    2.63486    2.63458          1     7.1242     6.9658      98.71     0.2838     0.1975  1.000e-12  0.4066000    27.8479    27.8430    -0.0049    22.1161    22.1121     16.346     16.511      0.496    1456.98    1456.98  0.000e+00
       9099     17.000     3.8794     3.8766    -0.0028    2.66834    2.66750          1     6.9791     6.8220      98.71     0.3323     0.2160  1.000e-12  0.3945000    28.1955    28.1881    -0.0074    22.3882    22.3826     16.841     17.009      0.499    1457.64    1457.62  0.000e+00
       9123     17.500     4.0466     4.0420    -0.0046    2.74489    2.74303          1     6.8298     6.6722      98.71     0.2660     0.2147  1.000e-12  0.3994000    28.9385    28.9210    -0.0175    22.9638    22.9503     17.337     17.507      0.495    1459.31    1459.27  0.000e+00
       9147     18.000     4.1824     4.1743    -0.0081    2.80517    2.80319          1     6.6965     6.5377      98.71     0.2927     0.2326  1.000e-12  0.4334000    29.5169    29.5011    -0.0158    23.4106    23.3989     17.832     18.005      0.494    1460.63    1460.58  0.000e+00
       9172     18.500     4.3555     4.3503    -0.0051    2.86204    2.86020          1     6.5487     6.3927      98.72     0.2765     0.2389  1.000e-12  0.4169000    30.0188    30.0022    -0.0166    23.7927    23.7801     18.327     18.503      0.499    1462.01    1461.97  0.000e+00
       9196     19.000     4.4819     4.4766    -0.0053    2.91459    2.91345          1     6.4177     6.2752      98.72     0.2440     0.2138  1.000e-12  0.4365000    30.5102    30.5019    -0.0083    24.1703    24.1642     18.823     19.000      0.499    1463.18    1463.14  0.000e+00
       9220     19.500     4.5548     4.5497    -0.0052    2.93408    2.93264          1     6.2920     6.1739      98.71     0.2358     0.2692  1.000e-12  0.4579000    30.6674    30.6556    -0.0118    24.2878    24.2789     19.318     19.497      0.496    1463.69    1463.65  0.000e+00
       9244     20.000     4.6382     4.6366    -0.0016    2.96320    2.96251          1     6.1854     6.0795      98.72     0.2364     0.2421  1.000e-12  0.4701000    30.9254    30.9189    -0.0065    24.4839    24.4790     19.813     19.994      0.498    1464.37    1464.36  0.000e+00
       9268     20.500     4.6637     4.6620    -0.0017    2.97111    2.97060          1     6.1256     6.0155      98.72     0.2359     0.2218  1.000e-12  0.4668000    30.9924    30.9882    -0.0043    24.5345    24.5313     20.309     20.491      0.501    1464.57    1464.56  0.000e+00
       9292     21.000     4.8070     4.7972    -0.0098    3.01392    3.01179          1     6.0741     5.9447      98.72     0.2359     0.2633  1.000e-12  0.6503000    31.3499    31.3347    -0.0152    24.8030    24.7920     20.804     20.988      0.500    1465.63    1465.57  0.000e+00
       9316     21.500     5.0743     5.0535    -0.0208    3.09194    3.08568          1     5.8852     5.7161      98.72     0.2301     0.2324  1.000e-12  0.6679000    31.9894    31.9377    -0.0516    25.2808    25.2422     21.299     21.485      0.497    1467.55    1467.40  0.000e+00
       9340     22.000     5.3760     5.3640    -0.0120    3.17496    3.17330          1     5.5691     5.3865      98.72     0.2157     0.2301  1.000e-12  0.5136000    32.6458    32.6386    -0.0072    25.7667    25.7624     21.794     21.982      0.496    1469.62    1469.56  0.000e+00
       9364     22.500     5.6200     5.6113    -0.0088    3.22685    3.22450          1     5.3126     5.1720      98.72     0.1923     0.1908  1.000e-12  0.5468000    32.9965    32.9785    -0.0180    26.0156    26.0024     22.290     22.478      0.499    1471.06    1471.00  0.000e+00
       9388     23.000     5.7211     5.7219     0.0008    3.24769    3.24760          1     5.2382     5.1508      98.72     0.1755     0.2507  1.000e-12  0.5694000    33.1330    33.1312    -0.0018    26.1115    26.1100     22.785     22.975      0.500    1471.65    1471.65  0.000e+00
       9412     23.500     5.8071     5.8035    -0.0037    3.26720    3.26636          1     5.2567     5.1825      98.72     0.1672     0.2497  1.000e-12  0.5886000    33.2683    33.2626    -0.0058    26.2081    26.2039     23.280     23.471      0.499    1472.17    1472.15  0.000e+00
       9436     24.000     5.9621     5.9576    -0.0044    3.30094    3.30029          1     5.2024     5.1071      98.72     0.1738     0.2408  1.000e-12  0.6114000    33.4953    33.4924    -0.0029    26.3684    26.3667     23.776     23.967      0.498    1473.09    1473.06  0.000e+00
       9460     24.500     6.0564     6.0532    -0.0032    3.32063    3.32015          1     5.1116     5.0128      98.72     0.1580     0.2626  1.000e-12  0.6158000    33.6230    33.6208    -0.0022    26.4576    26.4562     24.271     24.463      0.500    1473.63    1473.62  0.000e+00
       9484     25.000     6.0803     6.0800    -0.0003    3.32581    3.32565          1     5.0802     4.9974      98.72     0.1443     0.2359  1.000e-12  0.6435000    33.6573    33.6557    -0.0016    26.4816    26.4804     24.766     24.959      0.498    1473.78    1473.77  0.000e+00
       9509     25.500     6.1160     6.1123    -0.0037    3.33381    3.33324          1     5.0838     5.0094      98.72     0.1024     0.1870  1.000e-12  0.6564000    33.7112    33.7086    -0.0027    26.5197    26.5180     25.262     25.456      0.497    1474.00    1473.98  0.000e+00
       9533     26.000     6.1961     6.1930    -0.0031    3.35227    3.35170          1     5.0417     4.9610      98.72     0.1257     0.2222  1.000e-12  0.6690000    33.8383    33.8350    -0.0033    26.6099    26.6076     25.757     25.952      0.499    1474.48    1474.46  0.000e+00
       9557     26.500     6.2563     6.2546    -0.0016    3.36320    3.36283          1     4.9431     4.8576      98.72     0.1147     0.2318  1.000e-12  0.7004000    33.9004    33.8979    -0.0025    26.6512    26.6494     26.252     26.448      0.502    1474.81    1474.80  0.000e+00
       9581     27.000     6.2876     6.2881     0.0004    3.37110    3.37098          1     4.9180     4.8482      98.73     0.1245     0.2896  1.000e-12  0.6616000    33.9572    33.9555    -0.0018    26.6920    26.6906     26.747     26.944      0.503    1475.01    1475.01  0.000e+00
       9604     27.500     6.3079     6.3083     0.0003    3.37640    3.37631          1     4.9488     4.8832      98.72     0.1443     0.2490  1.000e-12  0.6886000    33.9959    33.9946    -0.0013    26.7200    26.7189     27.243     27.440      0.502    1475.15    1475.15  0.000e+00
