ctdpy/tests/etc/all_smhi_bas_2018/SBE09_0827_20180125_0908_26_01_0196.cnv
* Sea-Bird SBE 9 Data File:
* FileName = D:\CTD_SBE911\DAT\26DA.2018.1.96.hex
* Software Version Seasave V 7.21d
* Temperature SN = 034757
* Conductivity SN = 041844
* Number of Bytes Per Scan = 48
* Number of Voltage Words = 5
* Number of Scans Averaged by the Deck Unit = 1
* NMEA Latitude = 56 26.34 N
* NMEA Longitude = 011 04.63 E
* NMEA UTC (Time) = Jan 25 2018  09:08:35
* NMEA baud rate = 4800
** Ship: DANA
** Average sound velocity: 1452.85 m/s
** True-depth calculation Thu, 28 Mar 2019 08:29:34 +0000
** CTD Python Module SMHI /ver 3-12/ feb 2012 
** LIMS Job: 20182601-0196
** 6E Gren
** Operator: Ronny Sørensen
** Cruise: 01/2018
# nquan = 26
# nvalues = 31                          
# units = specified
# name 0 = scan: Scan Count
# name 1 = prDM: Pressure, Digiquartz [db]
# name 2 = t090C: Temperature [ITS-90, deg C]
# name 3 = t190C: Temperature, 2 [ITS-90, deg C]
# name 4 = T2-T190C: Temperature Difference, 2 - 1 [ITS-90, deg C]
# name 5 = c0S/m: Conductivity [S/m]
# name 6 = c1S/m: Conductivity, 2 [S/m]
# name 7 = pumps: Pump Status
# name 8 = sbeox1ML/L: Oxygen, SBE 43, 2 [ml/l]
# name 9 = sbeox0ML/L: Oxygen, SBE 43 [ml/l]
# name 10 = altM: Altimeter [m]
# name 11 = chloroflTC0: Chlorophyll, Turner Cyclops [ug/l]
# name 12 = cpar: CPAR/Corrected Irradiance [%]
# name 13 = par: PAR/Irradiance, Biospherical/Lico [µE/(cm^2*s)]
# name 14 = spar: SPAR, Biospherical/Licor
# name 15 = sal00: Salinity, Practical [PSU]
# name 16 = sal11: Salinity, Practical, 2 [PSU]
# name 17 = secS-priS: Salinity, Practical, Difference, 2 - 1 [PSU]
# name 18 = sigma-t00: Density [sigma-t, kg/m^3 ]
# name 19 = sigma-t11: Density, 2 [sigma-t, kg/m^3 ]
# name 20 = depSM: Depth [salt water, m], lat = 56.439
# name 21 = depFM: Depth [true depth, m], lat = 56.439
# name 22 = dz/dtM: Descent Rate [m/s], WS = 2
# name 23 = svCM: Sound Velocity [Chen-Millero, m/s]
# name 24 = svCM1: Sound Velocity, 2 [Chen-Millero, m/s]
# name 25 = flag: flag
# span 0 =        127,       2169       
# span 1 =      1.500,     16.500       
# span 2 =     3.5321,     6.8483       
# span 3 =     3.5382,     6.8632       
# span 4 =    -0.4574,     0.0378       
# span 5 =   1.526330,   3.112615       
# span 6 =   1.522193,   3.111818       
# span 7 =          1,          1       
# span 8 =     5.6738,     7.4960       
# span 9 =     4.3371,    10.7080       
# span 10 =       1.24,       9.99      
# span 11 =     0.0147,     0.0333      
# span 12 = 1.1234e-01, 6.8999e+00      
# span 13 = 2.9202e-01, 1.7169e+01      
# span 14 = 2.4879e+02, 2.5995e+02      
# span 15 =    15.4275,    30.5877      
# span 16 =    15.3835,    30.5616      
# span 17 =    -1.8935,     0.0539      
# span 18 =    12.2673,    23.9649      
# span 19 =    12.2325,    23.9420      
# span 20 =      1.486,     16.349      
# span 21 =      1.509,     16.530      
# span 22 =      0.109,      0.489      
# span 23 =    1440.09,    1472.80      
# span 24 =    1440.02,    1472.85      
# span 25 = 0.0000e+00, 0.0000e+00      
# interval = decibars: 0.5              
# start_time = Jan 25 2018 09:08:35 [NMEA time, first data scan]
# bad_flag = -9.990e-29
*END*
        127      1.500     3.6669     3.6641    -0.0029    1.52633    1.52219          1     7.4960    10.7080       9.99     0.0158  6.900e+00  1.717e+01  2.488e+02    15.4275    15.3835    -0.0440    12.2673    12.2325      1.486      1.509      0.109    1440.09    1440.02  0.000e+00
        783      2.000     3.6409     3.6458     0.0049    1.59942    1.59588          1     7.4733     4.3371       9.99     0.0151  6.397e+00  1.622e+01  2.535e+02    16.2437    16.2022    -0.0415    12.9164    12.8832      1.982      2.012      0.329    1441.03    1441.00  0.000e+00
        744      2.500     3.6508     3.6471    -0.0037    1.58374    1.58847          1     7.4897     6.2780       9.98     0.0147  5.462e+00  1.386e+01  2.538e+02    16.0661    16.1200     0.0539    12.7750    12.8179      2.477      2.515      0.489    1440.85    1440.91  0.000e+00
        789      3.000     3.6485     3.6509     0.0024    1.58462    1.58157          1     7.4930     7.1935       9.98     0.0153  4.494e+00  1.141e+01  2.538e+02    16.0768    16.0421    -0.0347    12.7835    12.7559      2.973      3.018      0.240    1440.87    1440.83  0.000e+00
        851      3.500     3.6455     3.6484     0.0029    1.58437    1.58176          1     7.4390     7.4119       9.97     0.0155  3.997e+00  1.015e+01  2.538e+02    16.0753    16.0452    -0.0301    12.7825    12.7585      3.468      3.521      0.324    1440.86    1440.83  0.000e+00
        888      4.000     3.6391     3.6444     0.0053    1.58855    1.58277          1     7.4586     7.4642       9.97     0.0167  3.381e+00  8.583e+00  2.538e+02    16.1245    16.0582    -0.0663    12.8218    12.7690      3.963      4.024      0.270    1440.90    1440.84  0.000e+00
        950      4.500     3.6370     3.6396     0.0026    1.59151    1.58642          1     7.4953     7.4923       9.97     0.0186  3.022e+00  7.670e+00  2.538e+02    16.1580    16.1006    -0.0574    12.8485    12.8029      4.459      4.526      0.230    1440.94    1440.88  0.000e+00
        991      5.000     3.6330     3.6350     0.0020    1.59225    1.58852          1     7.4461     7.5109       9.96     0.0201  2.578e+00  6.544e+00  2.538e+02    16.1680    16.1259    -0.0420    12.8566    12.8232      4.954      5.029      0.337    1440.94    1440.90  0.000e+00
       1047      5.500     3.6292     3.6219    -0.0071    1.59348    1.59452          1     7.4686     7.5138       9.96     0.0171  2.196e+00  5.600e+00  2.551e+02    16.1833    16.1984     0.0151    12.8690    12.8813      5.450      5.532      0.249    1440.96    1440.94  0.000e+00
       1095      6.000     3.5999     3.6062     0.0061    1.61291    1.60759          1     7.4758     7.5157       9.96     0.0160  1.994e+00  5.102e+00  2.559e+02    16.4123    16.3504    -0.0619    13.0522    13.0027      5.945      6.035      0.305    1441.13    1441.08  0.000e+00
       1147      6.500     3.5954     3.5975     0.0022    1.62232    1.61443          1     7.4596     7.5070       9.96     0.0197  1.697e+00  4.343e+00  2.559e+02    16.5185    16.4302    -0.0883    13.1367    13.0665      6.441      6.537      0.203    1441.25    1441.15  0.000e+00
       1200      7.000     3.5503     3.5821     0.0317    1.66069    1.62777          1     7.4498     7.4957       9.96     0.0227  1.512e+00  3.869e+00  2.559e+02    16.9669    16.5855    -0.3815    13.4948    13.1904      6.936      7.040      0.272    1441.64    1441.29  0.000e+00
       1244      7.500     3.5321     3.5470     0.0148    1.68262    1.65588          1     7.4583     7.5018       9.96     0.0231  1.312e+00  3.358e+00  2.559e+02    17.2199    16.9150    -0.3049    13.6966    13.4537      7.431      7.542      0.257    1441.89    1441.56  0.000e+00
       1297      8.000     3.5375     3.5382     0.0007    1.69399    1.67663          1     7.4150     7.4693       9.86     0.0224  1.146e+00  2.944e+00  2.569e+02    17.3433    17.1499    -0.1934    13.7943    13.6407      7.927      8.045      0.211    1442.08    1441.83  0.000e+00
       1349      8.500     3.5628     3.5644     0.0017    1.73850    1.71859          1     7.3835     7.4718       9.38     0.0225  1.014e+00  2.615e+00  2.579e+02    17.8254    17.6026    -0.2228    14.1758    13.9988      8.422      8.547      0.271    1442.82    1442.54  0.000e+00
       1394      9.000     3.5918     3.5974     0.0056    1.76048    1.76099          1     7.3599     7.3937       8.90     0.0223  8.743e-01  2.255e+00  2.579e+02    18.0544    18.0570     0.0026    14.3562    14.3580      8.918      9.049      0.233    1443.25    1443.27  0.000e+00
       1453      9.500     3.6795     3.6607    -0.0188    1.81015    1.78348          1     7.2848     7.2917       8.34     0.0224  7.777e-01  2.006e+00  2.579e+02    18.5588    18.2721    -0.2867    14.7518    14.5253      9.413      9.551      0.248    1444.29    1443.84  0.000e+00
       1497     10.000     4.1845     3.8230    -0.3615    2.00650    1.85546          1     7.1861     7.1156       7.87     0.0225  6.791e-01  1.752e+00  2.579e+02    20.4412    18.9815    -1.4596    16.2132    15.0794      9.908     10.053      0.250    1448.90    1445.47  0.000e+00
       1553     10.500     4.5409     4.1287    -0.4127    2.13753    1.94457          1     7.0585     6.9063       7.33     0.0223  5.979e-01  1.542e+00  2.579e+02    21.6713    19.7901    -1.8812    17.1630    15.7016     10.404     10.554      0.224    1452.01    1447.84  0.000e+00
       1600     11.000     4.9397     4.4824    -0.4574    2.29082    2.09195          1     6.8966     6.7446       6.85     0.0234  5.291e-01  1.365e+00  2.579e+02    23.0973    21.2038    -1.8935    18.2592    16.7972     10.899     11.054      0.249    1455.53    1451.18  0.000e+00
       1654     11.500     5.2350     4.7811    -0.4537    2.35894    2.19620          1     6.3589     6.4274       6.34     0.0229  4.677e-01  1.206e+00  2.579e+02    23.6407    22.1599    -1.4808    18.6629    17.5307     11.395     11.554      0.217    1457.46    1453.67  0.000e+00
       1705     12.000     6.1842     6.1510    -0.0333    2.82615    2.70458          1     6.4003     6.1325       5.81     0.0238  4.200e-01  1.083e+00  2.579e+02    28.0213    26.7185    -1.3029    22.0204    20.9965     11.890     12.053      0.257    1466.87    1465.09  0.000e+00
       1755     12.500     6.7108     6.6264    -0.0836    3.05079    3.00859          1     6.1256     5.8597       5.34     0.0244  3.723e-01  9.603e-01  2.579e+02    30.0342    29.6485    -0.3857    23.5459    23.2526     12.385     12.551      0.220    1471.52    1470.70  0.000e+00
       1809     13.000     6.7810     6.7614    -0.0197    3.08285    3.06561          1     5.9041     5.8681       4.78     0.0266  3.370e-01  8.703e-01  2.582e+02    30.3213    30.1510    -0.1703    23.7632    23.6316     12.881     13.049      0.252    1472.16    1471.87  0.000e+00
       1855     13.500     6.8126     6.7814    -0.0312    3.09539    3.08348          1     5.8007     5.8701       4.30     0.0285  2.966e-01  7.701e-01  2.596e+02    30.4294    30.3275    -0.1019    23.8443    23.7680     13.376     13.546      0.231    1472.43    1472.18  0.000e+00
       1911     14.000     6.8134     6.8209     0.0072    3.09915    3.09527          1     5.7680     5.8815       3.80     0.0298  2.624e-01  6.822e-01  2.599e+02    30.4693    30.4206    -0.0487    23.8756    23.8363     13.872     14.043      0.231    1472.49    1472.46  0.000e+00
       1962     14.500     6.7904     6.8282     0.0378    3.09525    3.10112          1     5.7325     5.8845       3.28     0.0302  2.286e-01  5.942e-01  2.599e+02    30.4471    30.4774     0.0303    23.8610    23.8801     14.367     14.541      0.217    1472.38    1472.57  0.000e+00
       2016     15.000     6.8366     6.8428     0.0063    3.10723    3.10513          1     5.7479     5.8813       2.82     0.0312  1.946e-01  5.058e-01  2.599e+02    30.5361    30.5078    -0.0283    23.9253    23.9022     14.862     15.038      0.250    1472.68    1472.67  0.000e+00
       2065     15.500     6.8269     6.8440     0.0171    3.10664    3.10641          1     5.7488     5.8726       2.27     0.0315  1.659e-01  4.314e-01  2.599e+02    30.5381    30.5203    -0.0178    23.9281    23.9119     15.358     15.535      0.223    1472.65    1472.70  0.000e+00
       2120     16.000     6.8483     6.8517     0.0035    3.11127    3.10928          1     5.7353     5.8660       1.81     0.0320  1.364e-01  3.545e-01  2.599e+02    30.5692    30.5445    -0.0247    23.9498    23.9299     15.853     16.033      0.224    1472.78    1472.77  0.000e+00
       2169     16.500     6.8437     6.8632     0.0196    3.11261    3.11182          1     5.6738     5.8473       1.24     0.0333  1.123e-01  2.920e-01  2.599e+02    30.5877    30.5616    -0.0260    23.9649    23.9420     16.349     16.530      0.133    1472.80    1472.85  0.000e+00
