ctdpy/tests/etc/all_smhi_bas_2018/SBE09_1044_20181207_2333_34_01_0165.cnv
* Sea-Bird SBE 9 Data File:
* FileName = C:\ctd\temp\ar18d165.hex
* Software Version Seasave V 7.26.7.107
* Temperature SN = 5351
* Conductivity SN = 3941
* Number of Bytes Per Scan = 41
* Number of Voltage Words = 4
* Number of Scans Averaged by the Deck Unit = 1
* NMEA Latitude = 58 17.07 N
* NMEA Longitude = 010 30.29 E
* NMEA UTC (Time) = Dec 07 2018  23:33:50
* NMEA baud rate = 4800
** Station:  Å17
** Operator:  ASkj
** Ship: ARANDA
** Average sound velocity: 1484.40 m/s
** True-depth calculation Sun, 09 Dec 2018 17:23:35 +0000
** CTD Python Module SMHI /ver 3-12/ feb 2012 
** LIMS Job: 20183401-0165
** Cruise: SMHI-7-2018
** Latitude [GG MM.mm N]:
** Longitude [GG MM.mm E]
# nquan = 26
# nvalues = 694                         
# units = specified
# name 0 = scan: Scan Count
# name 1 = prDM: Pressure, Digiquartz [db]
# name 2 = t090C: Temperature [ITS-90, deg C]
# name 3 = t190C: Temperature, 2 [ITS-90, deg C]
# name 4 = T2-T190C: Temperature Difference, 2 - 1 [ITS-90, deg C]
# name 5 = c0S/m: Conductivity [S/m]
# name 6 = c1S/m: Conductivity, 2 [S/m]
# name 7 = pumps: Pump Status
# name 8 = sbeox0ML/L: Oxygen, SBE 43 [ml/l]
# name 9 = sbeox1ML/L: Oxygen, SBE 43, 2 [ml/l]
# name 10 = altM: Altimeter [m]
# name 11 = flECO-AFL: Chl-a Fluorescence, WET Labs ECO-AFL/FL [mg/m^3]
# name 12 = flECO-AFL1: Phycocyanin Fluorescence, WET Labs ECO-AFL/FL, 2 [mg/m^3]
# name 13 = par: PAR/Irradiance, Biospherical/Lico [µE/(cm^2*s)]
# name 14 = turbWETntu0: Turbidity, WET Labs ECO [NTU]
# name 15 = sal00: Salinity, Practical [PSU]
# name 16 = sal11: Salinity, Practical, 2 [PSU]
# name 17 = secS-priS: Salinity, Practical, Difference, 2 - 1 [PSU]
# name 18 = sigma-t00: Density [sigma-t, Kg/m^3 ]
# name 19 = sigma-t11: Density, 2 [sigma-t, Kg/m^3 ]
# name 20 = depSM: Depth [salt water, m], lat = 58.2845
# name 21 = depFM: Depth [true depth, m], lat = 58.2845
# name 22 = dz/dtM: Descent Rate [m/s], WS = 2
# name 23 = svCM: Sound Velocity [Chen-Millero, m/s]
# name 24 = svCM1: Sound Velocity, 2 [Chen-Millero, m/s]
# name 25 = flag: flag
# span 0 =      47554,      64003       
# span 1 =      1.500,    348.000       
# span 2 =     6.2804,     9.6082       
# span 3 =     6.2817,     9.6091       
# span 4 =    -0.0604,     0.0176       
# span 5 =   3.384666,   3.767428       
# span 6 =   3.384821,   3.767517       
# span 7 =          1,          1       
# span 8 =    5.28386,    6.56267       
# span 9 =    5.27717,    6.55154       
# span 10 =       5.85,      99.93      
# span 11 =    -0.0045,     1.0000      
# span 12 =     0.1037,     0.3215      
# span 13 = -3.179e-04, 1.3475e-02      
# span 14 =     0.1346,     0.5439      
# span 15 =    32.6833,    35.1418      
# span 16 =    32.6835,    35.1415      
# span 17 =    -0.0523,     0.0139      
# span 18 =    25.4880,    27.6175      
# span 19 =    25.4879,    27.6170      
# span 20 =      1.486,    344.477      
# span 21 =      1.490,    345.038      
# span 22 =      0.006,      1.272      
# span 23 =    1478.76,    1489.32      
# span 24 =    1478.77,    1489.33      
# span 25 = 0.0000e+00, 0.0000e+00      
# interval = decibars: 0.5              
# start_time = Dec 07 2018 23:33:51 [NMEA time, first data scan]
# bad_flag = -9.990e-29
*END*
[from data line 223]
      52895    113.000     8.4815     8.4827     0.0012    3.67065    3.67076          1     5.9856     5.9719      97.65     0.1369     0.2199  1.000e-12  0.3467000    34.9939    34.9939     0.0000    27.1954    27.1953    111.920    112.084      0.595    1486.13    1486.14  0.000e+00
      52935    113.500     8.4826     8.4832     0.0006    3.67085    3.67086          1     5.9689     5.9561      97.66     0.1303     0.2218  1.000e-12  0.3281000    34.9947    34.9942    -0.0005    27.1959    27.1954    112.415    112.580      0.294    1486.14    1486.14  0.000e+00
      52967    114.000     8.4919     8.4920    -0.0000    3.67216    3.67205          1     5.9264     5.9049      97.66     0.1138     0.2105  1.000e-12  0.3042000    34.9991    34.9979    -0.0012    27.1979    27.1970    112.910    113.076      0.642    1486.19    1486.19  0.000e+00
      52982    114.500     8.5269     8.5234    -0.0035    3.67653    3.67611          1     5.8690     5.8424      97.67     0.1147     0.2072  1.000e-12  0.3158000    35.0104    35.0095    -0.0010    27.2014    27.2012    113.405    113.572      0.795    1486.35    1486.33  0.000e+00
      52996    115.000     8.5441     8.5435    -0.0006    3.67860    3.67852          1     5.8203     5.7915      97.68     0.1095     0.2071  1.000e-12  0.3349000    35.0151    35.0148    -0.0003    27.2024    27.2022    113.900    114.068      0.773    1486.42    1486.42  0.000e+00
      53014    115.500     8.5512     8.5508    -0.0004    3.67951    3.67938          1     5.7565     5.7440      97.68     0.1030     0.2071  1.000e-12  0.3547000    35.0175    35.0165    -0.0009    27.2031    27.2024    114.395    114.563      0.577    1486.46    1486.46  0.000e+00
      53044    116.000     8.5764     8.5718    -0.0045    3.68330    3.68254          1     5.6202     5.6200      97.67     0.1084     0.1580  1.000e-12  0.3158000    35.0324    35.0290    -0.0035    27.2109    27.2089    114.890    115.059      0.370    1486.58    1486.56  0.000e+00
      53073    116.500     8.5776     8.5795     0.0019    3.68446    3.68459          1     5.5055     5.4752      97.68     0.0945     0.1599  1.000e-12  0.2711000    35.0433    35.0428    -0.0005    27.2192    27.2186    115.385    115.555      0.546    1486.61    1486.61  0.000e+00
      53092    117.000     8.5762     8.5774     0.0012    3.68445    3.68454          1     5.4737     5.4384      97.66     0.0701     0.2296  1.000e-12  0.2416000    35.0443    35.0441    -0.0002    27.2202    27.2199    115.880    116.051      0.687    1486.61    1486.61  0.000e+00
      53108    117.500     8.5737     8.5762     0.0025    3.68427    3.68447          1     5.4656     5.4420      97.70     0.0583     0.2749  1.000e-12  0.2399000    35.0447    35.0443    -0.0003    27.2209    27.2202    116.375    116.547      0.681    1486.61    1486.62  0.000e+00
      53127    118.000     8.5681     8.5700     0.0019    3.68386    3.68400          1     5.4631     5.4540      97.68     0.0665     0.2082  1.000e-12  0.2368000    35.0456    35.0452    -0.0003    27.2225    27.2219    116.870    117.042      0.564    1486.60    1486.60  0.000e+00
      53152    118.500     8.5659     8.5677     0.0018    3.68368    3.68381          1     5.4577     5.4577      97.71     0.0644     0.2196  1.000e-12  0.2388000    35.0457    35.0452    -0.0005    27.2229    27.2223    117.365    117.538      0.482    1486.60    1486.61  0.000e+00
      53176    119.000     8.5489     8.5471    -0.0018    3.68214    3.68200          1     5.4323     5.4342      97.71     0.0568     0.2226  1.000e-12  0.2292000    35.0459    35.0463     0.0004    27.2258    27.2263    117.860    118.034      0.567    1486.54    1486.54  0.000e+00
      53195    119.500     8.5145     8.5152     0.0007    3.67913    3.67921          1     5.4063     5.3996      97.71     0.0475     0.1907  1.000e-12  0.2119000    35.0479    35.0481     0.0002    27.2327    27.2328    118.356    118.530      0.620    1486.43    1486.43  0.000e+00
      53215    120.000     8.4755     8.4795     0.0038    3.67543    3.67585          1     5.3899     5.3744      97.71     0.0401     0.1594  1.000e-12  0.1984000    35.0471    35.0478     0.0006    27.2381    27.2380    118.851    119.025      0.543    1486.29    1486.30  0.000e+00
      53242    120.500     8.4438     8.4475     0.0036    3.67242    3.67273          1     5.3807     5.3680      97.70     0.0676     0.1631  1.000e-12  0.2322000    35.0464    35.0461    -0.0003    27.2425    27.2417    119.346    119.521      0.422    1486.18    1486.19  0.000e+00
      53270    121.000     8.4390     8.4394     0.0004    3.67194    3.67195          1     5.3769     5.3659      97.72     0.0504     0.2019  1.000e-12  0.1938000    35.0460    35.0457    -0.0003    27.2430    27.2427    119.841    120.017      0.532    1486.17    1486.17  0.000e+00
      53289    121.500     8.4241     8.4269     0.0027    3.67048    3.67075          1     5.3756     5.3665      97.72     0.0490     0.2226  1.000e-12  0.2297000    35.0450    35.0451     0.0001    27.2444    27.2441    120.336    120.513      0.677    1486.12    1486.13  0.000e+00
      53305    122.000     8.4055     8.4067     0.0012    3.66874    3.66885          1     5.3726     5.3653      97.75     0.0295     0.2217  1.000e-12  0.2099000    35.0448    35.0447    -0.0001    27.2472    27.2469    120.831    121.008      0.695    1486.06    1486.06  0.000e+00
      53323    122.500     8.3958     8.3977     0.0019    3.66782    3.66802          1     5.3709     5.3628      97.72     0.0193     0.2009  1.000e-12  0.2197000    35.0444    35.0446     0.0002    27.2484    27.2483    121.326    121.504      0.575    1486.03    1486.04  0.000e+00
      53351    123.000     8.3897     8.3914     0.0017    3.66731    3.66744          1     5.3665     5.3576      97.74     0.0364     0.1783  1.000e-12  0.2364000    35.0447    35.0445    -0.0003    27.2496    27.2491    121.821    122.000      0.372    1486.01    1486.02  0.000e+00
      53385    123.500     8.3806     8.3829     0.0023    3.66639    3.66661          1     5.3605     5.3446      97.72     0.0426     0.2002  1.000e-12  0.2007000    35.0438    35.0438     0.0000    27.2503    27.2499    122.316    122.496      0.487    1485.99    1486.00  0.000e+00
      53404    124.000     8.3714     8.3724     0.0010    3.66554    3.66561          1     5.3560     5.3434      97.74     0.0489     0.2071  1.000e-12  0.2107000    35.0436    35.0435    -0.0001    27.2515    27.2513    122.811    122.991      0.728    1485.96    1485.97  0.000e+00
      53419    124.500     8.3561     8.3574     0.0013    3.66414    3.66423          1     5.3492     5.3473      97.76     0.0620     0.2071  1.000e-12  0.2114000    35.0437    35.0434    -0.0003    27.2540    27.2535    123.306    123.487      0.844    1485.91    1485.92  0.000e+00
      53432    125.000     8.3500     8.3514     0.0013    3.66359    3.66369          1     5.3393     5.3457      97.76     0.0408     0.1865  1.000e-12  0.1997000    35.0436    35.0435    -0.0002    27.2549    27.2545    123.801    123.983      0.821    1485.90    1485.90  0.000e+00
      53448    125.500     8.3395     8.3412     0.0018    3.66262    3.66277          1     5.3294     5.3390      97.76     0.0289     0.1833  1.000e-12  0.1920000    35.0436    35.0435    -0.0001    27.2565    27.2561    124.296    124.479      0.623    1485.87    1485.87  0.000e+00
      53484    126.000     8.3132     8.3162     0.0030    3.66035    3.66056          1     5.3225     5.3236      97.75     0.0378     0.2206  1.000e-12  0.1921000    35.0454    35.0445    -0.0008    27.2619    27.2608    124.791    124.974      0.285    1485.78    1485.79  0.000e+00
      53523    126.500     8.2952     8.2965     0.0013    3.65885    3.65893          1     5.3179     5.3141      97.74     0.0278     0.1760  1.000e-12  0.1992000    35.0470    35.0466    -0.0004    27.2660    27.2654    125.286    125.470      0.536    1485.72    1485.73  0.000e+00
      53540    127.000     8.2956     8.2967     0.0012    3.65907    3.65916          1     5.3187     5.3119      97.77     0.0504     0.1778  1.000e-12  0.2343000    35.0487    35.0487    -0.0001    27.2672    27.2670    125.781    125.966      0.737    1485.73    1485.74  0.000e+00
      53555    127.500     8.2940     8.2952     0.0012    3.65902    3.65910          1     5.3184     5.3159      97.78     0.0486     0.1828  1.000e-12  0.2272000    35.0495    35.0493    -0.0003    27.2681    27.2677    126.276    126.462      0.789    1485.74    1485.74  0.000e+00
      53570    128.000     8.2900     8.2913     0.0013    3.65875    3.65885          1     5.3221     5.3250      97.76     0.0399     0.2201  1.000e-12  0.2043000    35.0505    35.0503    -0.0002    27.2695    27.2691    126.771    126.957      0.732    1485.73    1485.74  0.000e+00
      53588    128.500     8.2851     8.2867     0.0015    3.65855    3.65866          1     5.3274     5.3276      97.77     0.0393     0.1957  1.000e-12  0.2091000    35.0529    35.0526    -0.0004    27.2721    27.2716    127.267    127.453      0.603    1485.72    1485.73  0.000e+00
      53611    129.000     8.2786     8.2806     0.0020    3.65823    3.65837          1     5.3275     5.3213      97.77     0.0396     0.1650  1.000e-12  0.2176000    35.0558    35.0553    -0.0005    27.2754    27.2747    127.762    127.949      0.475    1485.71    1485.72  0.000e+00
      53640    129.500     8.2656     8.2680     0.0023    3.65758    3.65772          1     5.3331     5.3217      97.74     0.0470     0.2016  1.000e-12  0.2183000    35.0615    35.0607    -0.0008    27.2819    27.2809    128.257    128.445      0.377    1485.68    1485.69  0.000e+00
      53673    130.000     8.2556     8.2575     0.0019    3.65702    3.65715          1     5.3374     5.3399      97.73     0.0287     0.2188  1.000e-12  0.2101000    35.0653    35.0649    -0.0005    27.2864    27.2858    128.752    128.940      0.457    1485.65    1485.66  0.000e+00
      53694    130.500     8.2475     8.2489     0.0013    3.65641    3.65652          1     5.3389     5.3351      97.75     0.0159     0.2166  1.000e-12  0.2220000    35.0666    35.0665    -0.0001    27.2886    27.2883    129.247    129.436      0.704    1485.63    1485.64  0.000e+00
      53709    131.000     8.2416     8.2428     0.0011    3.65596    3.65605          1     5.3351     5.3294      97.75     0.0274     0.2218  1.000e-12  0.2198000    35.0674    35.0673    -0.0002    27.2902    27.2899    129.742    129.932      0.843    1485.62    1485.62  0.000e+00
      53722    131.500     8.2276     8.2297     0.0021    3.65465    3.65481          1     5.3304     5.3259      97.74     0.0480     0.1971  1.000e-12  0.2162000    35.0672    35.0668    -0.0004    27.2922    27.2915    130.237    130.428      0.857    1485.58    1485.58  0.000e+00
      53737    132.000     8.2022     8.2033     0.0011    3.65231    3.65233          1     5.3308     5.3233      97.75     0.0494     0.1951  1.000e-12  0.2194000    35.0673    35.0665    -0.0008    27.2961    27.2953    130.732    130.923      0.736    1485.49    1485.49  0.000e+00
      53759    132.500     8.1828     8.1851     0.0023    3.65049    3.65065          1     5.3229     5.3157      97.74     0.0439     0.2385  1.000e-12  0.2191000    35.0670    35.0664    -0.0006    27.2988    27.2980    131.227    131.419      0.424    1485.42    1485.43  0.000e+00
      53803    133.000     8.1657     8.1667     0.0010    3.64892    3.64897          1     5.3212     5.3112      97.74     0.0326     0.1697  1.000e-12  0.2015000    35.0670    35.0666    -0.0004    27.3015    27.3010    131.722    131.915      0.309    1485.37    1485.37  0.000e+00
      53829    133.500     8.1579     8.1591     0.0012    3.64821    3.64830          1     5.3185     5.3099      97.76     0.0491     0.2218  1.000e-12  0.2109000    35.0670    35.0668    -0.0003    27.3026    27.3022    132.217    132.411      0.629    1485.35    1485.35  0.000e+00
      53845    134.000     8.1547     8.1548     0.0001    3.64792    3.64791          1     5.3101     5.3093      97.76     0.0381     0.2160  1.000e-12  0.2165000    35.0669    35.0666    -0.0003    27.3031    27.3028    132.712    132.906      0.758    1485.34    1485.34  0.000e+00
      53860    134.500     8.1357     8.1359     0.0002    3.64616    3.64615          1     5.3063     5.3102      97.75     0.0421     0.1791  1.000e-12  0.2204000    35.0668    35.0665    -0.0003    27.3059    27.3056    133.207    133.402      0.772    1485.28    1485.28  0.000e+00
      53876    135.000     8.1219     8.1242     0.0023    3.64492    3.64513          1     5.3043     5.3084      97.78     0.0497     0.2090  1.000e-12  0.2343000    35.0670    35.0670    -0.0000    27.3081    27.3077    133.702    133.898      0.684    1485.24    1485.25  0.000e+00
      53897    135.500     8.1131     8.1139     0.0008    3.64414    3.64420          1     5.3086     5.3086      97.75     0.0427     0.2230  1.000e-12  0.2255000    35.0672    35.0671    -0.0002    27.3096    27.3094    134.197    134.394      0.493    1485.21    1485.21  0.000e+00
      53929    136.000     8.1082     8.1088     0.0006    3.64374    3.64376          1     5.3080     5.2997      97.78     0.0309     0.2438  1.000e-12  0.2157000    35.0676    35.0672    -0.0004    27.3107    27.3103    134.692    134.889      0.362    1485.20    1485.20  0.000e+00
      53958    136.500     8.1085     8.1092     0.0007    3.64379    3.64383          1     5.3055     5.2992      97.78     0.0401     0.1952  1.000e-12  0.2109000    35.0677    35.0673    -0.0003    27.3107    27.3103    135.187    135.385      0.581    1485.21    1485.21  0.000e+00
      53975    137.000     8.0948     8.0960     0.0012    3.64250    3.64260          1     5.3059     5.3032      97.80     0.0612     0.1753  1.000e-12  0.2163000    35.0673    35.0672    -0.0001    27.3124    27.3121    135.682    135.881      0.758    1485.17    1485.17  0.000e+00
      53989    137.500     8.0811     8.0825     0.0014    3.64124    3.64134          1     5.3076     5.3051      97.82     0.0597     0.2203  1.000e-12  0.2263000    35.0671    35.0668    -0.0003    27.3144    27.3139    136.177    136.376      0.783    1485.12    1485.13  0.000e+00
      54005    138.000     8.0704     8.0715     0.0010    3.64021    3.64030          1     5.3094     5.3061      97.82     0.0622     0.1852  1.000e-12  0.2464000    35.0666    35.0665    -0.0000    27.3156    27.3154    136.672    136.872      0.631    1485.09    1485.09  0.000e+00
      54035    138.500     8.0577     8.0597     0.0020    3.63901    3.63918          1     5.3122     5.3070      97.80     0.0402     0.1766  1.000e-12  0.2258000    35.0662    35.0660    -0.0002    27.3172    27.3168    137.167    137.368      0.329    1485.05    1485.06  0.000e+00
      54073    139.000     8.0504     8.0519     0.0015    3.63833    3.63846          1     5.3072     5.3070      97.82     0.0324     0.2094  1.000e-12  0.2314000    35.0661    35.0659    -0.0002    27.3182    27.3178    137.662    137.864      0.505    1485.03    1485.04  0.000e+00
      54091    139.500     8.0361     8.0371     0.0010    3.63695    3.63703          1     5.3041     5.3121      97.81     0.0344     0.2312  1.000e-12  0.2330000    35.0652    35.0651    -0.0001    27.3197    27.3194    138.157    138.359      0.753    1484.98    1484.99  0.000e+00
      54105    140.000     8.0292     8.0305     0.0013    3.63632    3.63643          1     5.3114     5.3172      97.88     0.0518     0.2230  1.000e-12  0.2103000    35.0652    35.0651    -0.0001    27.3207    27.3204    138.652    138.855      0.846    1484.97    1484.97  0.000e+00
