ctdpy/tests/etc/all_smhi_bas_2018/SBE09_1044_20181112_1602_34_01_0139.cnv
* Sea-Bird SBE 9 Data File:
* FileName = C:\ctd\temp\ar18d139.hex
* Software Version Seasave V 7.26.7.107
* Temperature SN = 5351
* Conductivity SN = 3941
* Number of Bytes Per Scan = 41
* Number of Voltage Words = 4
* Number of Scans Averaged by the Deck Unit = 1
* NMEA Latitude = 57 52.02 N
* NMEA Longitude = 011 17.51 E
* NMEA UTC (Time) = Nov 12 2018  16:02:40
* NMEA baud rate = 4800
** Station:  P2
** Operator:  JKro
** Ship: ARANDA
** Average sound velocity: 1487.29 m/s
** True-depth calculation Mon, 12 Nov 2018 16:49:05 +0000
** CTD Python Module SMHI /ver 3-12/ feb 2012 
** LIMS Job: 20183401-0139
** Cruise: SMHI-6-2018
** Latitude [GG MM.mm N]:
** Longitude [GG MM.mm E]
# nquan = 26
# nvalues = 178                         
# units = specified
# name 0 = scan: Scan Count
# name 1 = prDM: Pressure, Digiquartz [db]
# name 2 = t090C: Temperature [ITS-90, deg C]
# name 3 = t190C: Temperature, 2 [ITS-90, deg C]
# name 4 = T2-T190C: Temperature Difference, 2 - 1 [ITS-90, deg C]
# name 5 = c0S/m: Conductivity [S/m]
# name 6 = c1S/m: Conductivity, 2 [S/m]
# name 7 = pumps: Pump Status
# name 8 = sbeox0ML/L: Oxygen, SBE 43 [ml/l]
# name 9 = sbeox1ML/L: Oxygen, SBE 43, 2 [ml/l]
# name 10 = altM: Altimeter [m]
# name 11 = flECO-AFL: Chl-a Fluorescence, WET Labs ECO-AFL/FL [mg/m^3]
# name 12 = flECO-AFL1: Phycocyanin Fluorescence, WET Labs ECO-AFL/FL, 2 [mg/m^3]
# name 13 = par: PAR/Irradiance, Biospherical/Lico [µE/(cm^2*s)]
# name 14 = turbWETntu0: Turbidity, WET Labs ECO [NTU]
# name 15 = sal00: Salinity, Practical [PSU]
# name 16 = sal11: Salinity, Practical, 2 [PSU]
# name 17 = secS-priS: Salinity, Practical, Difference, 2 - 1 [PSU]
# name 18 = sigma-t00: Density [sigma-t, Kg/m^3 ]
# name 19 = sigma-t11: Density, 2 [sigma-t, Kg/m^3 ]
# name 20 = depSM: Depth [salt water, m], lat = 57.867
# name 21 = depFM: Depth [true depth, m], lat = 57.867
# name 22 = dz/dtM: Descent Rate [m/s], WS = 2
# name 23 = svCM: Sound Velocity [Chen-Millero, m/s]
# name 24 = svCM1: Sound Velocity, 2 [Chen-Millero, m/s]
# name 25 = flag: flag
# span 0 =      19157,      25798       
# span 1 =      1.000,     89.500       
# span 2 =     8.7133,    10.9304       
# span 3 =     8.7164,    10.9330       
# span 4 =    -0.0210,     0.0164       
# span 5 =   2.944531,   3.858383       
# span 6 =   2.944848,   3.858558       
# span 7 =          1,          1       
# span 8 =    5.07149,    6.38956       
# span 9 =    4.84544,    6.11207       
# span 10 =       3.62,      98.53      
# span 11 =     0.0702,     1.6744      
# span 12 =     0.1376,     0.4409      
# span 13 = 1.0000e-12, 1.0000e-12      
# span 14 =     0.1448,     1.6094      
# span 15 =    26.1619,    35.0189      
# span 16 =    26.1638,    35.0183      
# span 17 =    -0.0350,     0.0317      
# span 18 =    20.0295,    27.1785      
# span 19 =    20.0309,    27.1771      
# span 20 =      0.992,     88.652      
# span 21 =      0.999,     88.990      
# span 22 =     -0.424,      0.630      
# span 23 =    1479.87,    1492.91      
# span 24 =    1479.88,    1492.92      
# span 25 = 0.0000e+00, 0.0000e+00      
# interval = decibars: 0.5              
# start_time = Nov 12 2018 16:02:41 [NMEA time, first data scan]
# bad_flag = -9.990e-29
*END*
      19157      1.000    10.2068    10.2083     0.0015    2.94453    2.94485          1     6.3624     6.1121      19.70     1.6113     0.3997  1.000e-12  0.2678000    26.1619    26.1638     0.0019    20.0295    20.0309      0.992      0.999      0.081    1479.87    1479.88  0.000e+00
      19221      1.500    10.2071    10.2084     0.0013    2.94509    2.94517          1     6.3679     6.1069      64.29     1.6720     0.3952  1.000e-12  0.2823000    26.1669    26.1668    -0.0001    20.0334    20.0332      1.486      1.498      0.266    1479.89    1479.90  0.000e+00
      19327      2.000    10.2071    10.2083     0.0012    2.94541    2.94546          1     6.3593     6.1025      84.78     1.6744     0.4214  1.000e-12  0.2834000    26.1698    26.1695    -0.0003    20.0357    20.0353      1.981      1.997      0.298    1479.90    1479.91  0.000e+00
      19401      2.500    10.2073    10.2087     0.0015    2.94573    2.94581          1     6.3765     6.1016      34.12     1.5722     0.4227  1.000e-12  0.2964000    26.1727    26.1724    -0.0003    20.0379    20.0375      2.477      2.496      0.470    1479.92    1479.92  0.000e+00
      19416      3.000    10.2084    10.2095     0.0011    2.94597    2.94611          1     6.3711     6.1024      46.31     1.5942     0.4267  1.000e-12  0.3044000    26.1741    26.1747     0.0006    20.0388    20.0391      2.972      2.996      0.630    1479.93    1479.93  0.000e+00
      19440      3.500    10.2086    10.2098     0.0011    2.94598    2.94610          1     6.3768     6.1001      83.96     1.6097     0.3896  1.000e-12  0.2814000    26.1738    26.1742     0.0004    20.0386    20.0387      3.468      3.495      0.388    1479.94    1479.94  0.000e+00
      19485      4.000    10.2089    10.2098     0.0009    2.94586    2.94586          1     6.3475     6.0930      98.03     1.5504     0.4166  1.000e-12  0.2823000    26.1723    26.1716    -0.0007    20.0373    20.0367      3.963      3.994      0.298    1479.94    1479.95  0.000e+00
      19514      4.500    10.2087    10.2097     0.0010    2.94586    2.94584          1     6.3524     6.0981      25.39     1.5637     0.4161  1.000e-12  0.2740000    26.1722    26.1714    -0.0008    20.0373    20.0365      4.458      4.493      0.498    1479.95    1479.95  0.000e+00
      19537      5.000    10.2095    10.2106     0.0011    2.94585    2.94592          1     6.3686     6.0976      55.31     1.5825     0.4215  1.000e-12  0.2787000    26.1714    26.1713    -0.0001    20.0365    20.0363      4.954      4.993      0.454    1479.96    1479.97  0.000e+00
      19571      5.500    10.2094    10.2108     0.0014    2.94590    2.94595          1     6.3736     6.0986      98.53     1.5982     0.4409  1.000e-12  0.2799000    26.1717    26.1713    -0.0005    20.0368    20.0362      5.449      5.492      0.337    1479.97    1479.98  0.000e+00
      19602      6.000    10.2095    10.2107     0.0012    2.94599    2.94605          1     6.3495     6.1009      97.41     1.5298     0.4334  1.000e-12  0.2805000    26.1724    26.1722    -0.0002    20.0373    20.0370      5.944      5.991      0.482    1479.98    1479.98  0.000e+00
      19624      6.500    10.2092    10.2098     0.0006    2.94638    2.94664          1     6.3570     6.0997      39.67     1.5694     0.3731  1.000e-12  0.2830000    26.1763    26.1784     0.0021    20.0404    20.0419      6.440      6.490      0.491    1479.99    1480.00  0.000e+00
      19652      7.000    10.2065    10.2076     0.0012    2.94790    2.94787          1     6.3676     6.0974      55.34     1.5286     0.4371  1.000e-12  0.2986000    26.1930    26.1918    -0.0011    20.0538    20.0527      6.935      6.990      0.410    1480.01    1480.01  0.000e+00
      19682      7.500    10.2057    10.2070     0.0012    2.94910    2.94904          1     6.3733     6.0958      97.28     1.5121     0.3808  1.000e-12  0.2828000    26.2050    26.2035    -0.0015    20.0633    20.0619      7.430      7.489      0.403    1480.03    1480.03  0.000e+00
      19711      8.000    10.2043    10.2054     0.0011    2.94977    2.94979          1     6.3657     6.0963      97.41     1.4948     0.3955  1.000e-12  0.2787000    26.2124    26.2119    -0.0005    20.0692    20.0687      7.926      7.988      0.425    1480.04    1480.04  0.000e+00
      19738      8.500    10.2036    10.2047     0.0011    2.95032    2.95034          1     6.3585     6.0951      45.16     1.5438     0.3817  1.000e-12  0.2806000    26.2182    26.2176    -0.0006    20.0739    20.0732      8.421      8.487      0.460    1480.05    1480.06  0.000e+00
      19764      9.000    10.1991    10.2002     0.0012    2.95085    2.95088          1     6.3523     6.0902      51.30     1.4898     0.3829  1.000e-12  0.2807000    26.2264    26.2259    -0.0005    20.0810    20.0804      8.917      8.987      0.433    1480.06    1480.06  0.000e+00
      19793      9.500    10.1719    10.1746     0.0026    2.95234    2.95225          1     6.3539     6.0971      88.73     1.4269     0.3742  1.000e-12  0.2643000    26.2606    26.2577    -0.0029    20.1117    20.1090      9.412      9.486      0.427    1480.01    1480.01  0.000e+00
      19819     10.000    10.1548    10.1569     0.0022    2.95254    2.95263          1     6.3712     6.0944      95.52     1.3084     0.3398  1.000e-12  0.2438000    26.2747    26.2740    -0.0007    20.1254    20.1244      9.907      9.985      0.493    1479.97    1479.98  0.000e+00
      19843     10.500    10.1515    10.1533     0.0018    2.95262    2.95268          1     6.3756     6.0961      80.92     1.3782     0.3515  1.000e-12  0.2491000    26.2777    26.2770    -0.0007    20.1282    20.1273     10.403     10.484      0.480    1479.97    1479.97  0.000e+00
      19870     11.000    10.1442    10.1470     0.0028    2.95267    2.95273          1     6.3703     6.0931      31.22     1.3879     0.3551  1.000e-12  0.2496000    26.2833    26.2818    -0.0014    20.1336    20.1321     10.898     10.984      0.421    1479.96    1479.96  0.000e+00
      19899     11.500    10.1398    10.1413     0.0015    2.95270    2.95278          1     6.3848     6.0898      85.96     1.2354     0.3579  1.000e-12  0.2492000    26.2866    26.2863    -0.0003    20.1369    20.1364     11.393     11.483      0.435    1479.95    1479.96  0.000e+00
      19925     12.000    10.1410    10.1407    -0.0003    2.95281    2.95289          1     6.3882     6.0883      97.32     1.1844     0.3268  1.000e-12  0.2343000    26.2866    26.2876     0.0010    20.1367    20.1376     11.889     11.982      0.461    1479.96    1479.96  0.000e+00
      19952     12.500    10.1366    10.1362    -0.0004    2.95290    2.95297          1     6.3896     6.0923      97.40     1.1779     0.3418  1.000e-12  0.2435000    26.2905    26.2914     0.0009    20.1404    20.1412     12.384     12.481      0.453    1479.96    1479.96  0.000e+00
      19978     13.000    10.1278    10.1290     0.0012    2.95321    2.95310          1     6.3838     6.0915      26.68     1.2083     0.3682  1.000e-12  0.2519000    26.2998    26.2977    -0.0020    20.1490    20.1472     12.879     12.980      0.443    1479.95    1479.95  0.000e+00
      20006     13.500    10.1233    10.1239     0.0006    2.95379    2.95430          1     6.3683     6.0838      73.30     1.1435     0.3523  1.000e-12  0.2440000    26.3085    26.3131     0.0047    20.1564    20.1600     13.375     13.480      0.415    1479.95    1479.96  0.000e+00
      20035     14.000    10.1113    10.1088    -0.0026    2.96082    2.96331          1     6.3510     6.0791      97.91     1.0211     0.3176  1.000e-12  0.2222000    26.3861    26.4124     0.0263    20.2187    20.2396     13.870     13.979      0.478    1480.01    1480.03  0.000e+00
      20057     14.500    10.0997    10.0995    -0.0003    2.96954    2.97008          1     6.3394     6.0793      97.42     0.9552     0.3058  1.000e-12  0.2213000    26.4801    26.4856     0.0055    20.2936    20.2980     14.365     14.478      0.556    1480.09    1480.10  0.000e+00
      20079     15.000    10.0966    10.0981     0.0016    2.97817    2.97914          1     6.3400     6.0738      62.53     0.8843     0.3064  1.000e-12  0.3238000    26.5672    26.5756     0.0084    20.3619    20.3682     14.861     14.977      0.502    1480.19    1480.21  0.000e+00
      20108     15.500    10.1103    10.1127     0.0024    2.99215    2.99285          1     6.3361     6.0617      47.77     0.8088     0.2625  1.000e-12  0.4319000    26.6945    26.6997     0.0051    20.4589    20.4625     15.356     15.476      0.376    1480.40    1480.42  0.000e+00
      20139     16.000    10.1354    10.1379     0.0025    3.00261    3.00314          1     6.3155     6.0426      96.46     0.6463     0.2151  1.000e-12  0.1703000    26.7788    26.7822     0.0034    20.5206    20.5228     15.851     15.975      0.450    1480.60    1480.62  0.000e+00
      20162     16.500    10.1607    10.1653     0.0046    3.01335    3.01450          1     6.2931     6.0232      97.40     0.5536     0.2178  1.000e-12  0.1728000    26.8657    26.8736     0.0079    20.5843    20.5897     16.347     16.474      0.510    1480.81    1480.84  0.000e+00
      20188     17.000    10.1871    10.1881     0.0010    3.02273    3.02273          1     6.2766     6.0060      80.50     0.5355     0.2446  1.000e-12  0.1688000    26.9382    26.9375    -0.0007    20.6366    20.6359     16.842     16.973      0.433    1481.01    1481.01  0.000e+00
      20218     17.500    10.2018    10.2050     0.0032    3.03059    3.03128          1     6.2621     5.9925      35.48     0.5481     0.2516  1.000e-12  0.1712000    27.0044    27.0088     0.0044    20.6858    20.6887     17.337     17.472      0.417    1481.15    1481.16  0.000e+00
      20244     18.000    10.2428    10.2466     0.0039    3.05742    3.05910          1     6.2264     5.9577      86.30     0.5131     0.2835  1.000e-12  0.1981000    27.2376    27.2512     0.0136    20.8609    20.8708     17.833     17.971      0.494    1481.59    1481.62  0.000e+00
      20267     18.500    10.2798    10.2823     0.0024    3.08023    3.08087          1     6.2091     5.9308      74.52     0.5214     0.2966  1.000e-12  0.1887000    27.4338    27.4383     0.0044    21.0078    21.0108     18.328     18.470      0.484    1481.97    1481.98  0.000e+00
      20294     19.000    10.3057    10.3182     0.0125    3.09155    3.09573          1     6.2008     5.9220      97.06     0.4658     0.2841  1.000e-12  0.1653000    27.5254    27.5572     0.0317    21.0749    21.0977     18.823     18.969      0.442    1482.18    1482.26  0.000e+00
      20321     19.500    10.3609    10.3663     0.0054    3.11154    3.11326          1     6.1806     5.9074      73.64     0.4380     0.2144  1.000e-12  0.1651000    27.6801    27.6928     0.0127    21.1865    21.1955     19.319     19.467      0.475    1482.57    1482.61  0.000e+00
      20345     20.000    10.3974    10.3988     0.0014    3.13201    3.13282          1     6.1430     5.8828      72.41     0.4196     0.2016  1.000e-12  0.1586000    27.8532    27.8601     0.0069    21.3154    21.3205     19.814     19.966      0.460    1482.93    1482.94  0.000e+00
      20374     20.500    10.3938    10.3946     0.0008    3.14060    3.14133          1     6.0977     5.8721      72.03     0.4143     0.2479  1.000e-12  0.1705000    27.9402    27.9468     0.0066    21.3836    21.3886     20.309     20.465      0.399    1483.03    1483.04  0.000e+00
      20404     21.000    10.3845    10.3854     0.0009    3.15073    3.15127          1     6.1018     5.8536      71.64     0.4349     0.1927  1.000e-12  0.1619000    28.0468    28.0515     0.0047    21.4681    21.4716     20.805     20.963      0.445    1483.13    1483.14  0.000e+00
      20428     21.500    10.3894    10.3909     0.0015    3.15860    3.15881          1     6.0979     5.8415      71.00     0.3780     0.1688  1.000e-12  0.1502000    28.1203    28.1212     0.0009    21.5244    21.5249     21.300     21.462      0.509    1483.24    1483.25  0.000e+00
      20452     22.000    10.3951    10.3962     0.0011    3.16431    3.16441          1     6.1113     5.8459      70.56     0.3708     0.2071  1.000e-12  0.1448000    28.1720    28.1721     0.0001    21.5637    21.5636     21.795     21.960      0.488    1483.34    1483.34  0.000e+00
      20478     22.500    10.4271    10.4336     0.0065    3.17724    3.17869          1     6.1042     5.8393      70.02     0.3894     0.2481  1.000e-12  0.1657000    28.2742    28.2834     0.0092    21.6381    21.6442     22.291     22.459      0.431    1483.58    1483.62  0.000e+00
      20507     23.000    10.5091    10.5141     0.0050    3.19752    3.19831          1     6.0604     5.8152      69.32     0.4249     0.2086  1.000e-12  0.1677000    28.4097    28.4136     0.0039    21.7303    21.7325     22.786     22.957      0.422    1484.05    1484.07  0.000e+00
      20534     23.500    10.5525    10.5537     0.0012    3.20681    3.20688          1     6.0456     5.7999      68.82     0.3968     0.2077  1.000e-12  0.1680000    28.4669    28.4667    -0.0003    21.7677    21.7674     23.281     23.456      0.460    1484.29    1484.29  0.000e+00
      20559     24.000    10.5616    10.5618     0.0002    3.20909    3.20920          1     6.0467     5.7882      68.36     0.3447     0.2150  1.000e-12  0.1673000    28.4821    28.4830     0.0009    21.7781    21.7787     23.776     23.954      0.493    1484.34    1484.35  0.000e+00
      20583     24.500    10.5303    10.5305     0.0002    3.22224    3.22269          1     6.0550     5.7874      67.86     0.3372     0.2126  1.000e-12  0.1449000    28.6356    28.6399     0.0042    21.9026    21.9058     24.272     24.453      0.493    1484.42    1484.43  0.000e+00
      20609     25.000    10.4780    10.4778    -0.0002    3.23197    3.23231          1     6.0688     5.8012      67.34     0.4325     0.2115  1.000e-12  0.1675000    28.7723    28.7758     0.0036    22.0174    22.0202     24.767     24.951      0.448    1484.41    1484.41  0.000e+00
      20637     25.500    10.4392    10.4383    -0.0009    3.23541    3.23566          1     6.0681     5.8108      66.88     0.5036     0.2118  1.000e-12  0.1640000    28.8367    28.8399     0.0031    22.0739    22.0765     25.262     25.449      0.391    1484.36    1484.36  0.000e+00
      20669     26.000    10.4026    10.4021    -0.0005    3.23729    3.23746          1     6.0555     5.8053      66.39     0.4659     0.2265  1.000e-12  0.1708000    28.8840    28.8860     0.0020    22.1166    22.1183     25.758     25.947      0.401    1484.29    1484.29  0.000e+00
      20696     26.500    10.3812    10.3827     0.0015    3.23795    3.23804          1     6.0696     5.7892      66.08     0.4619     0.2117  1.000e-12  0.1662000    28.9073    28.9070    -0.0003    22.1382    22.1378     26.253     26.446      0.489    1484.25    1484.25  0.000e+00
      20719     27.000    10.3816    10.3813    -0.0003    3.23987    3.23944          1     6.0912     5.7971      65.66     0.4874     0.2392  1.000e-12  0.1687000    28.9258    28.9218    -0.0040    22.1525    22.1495     26.748     26.944      0.529    1484.28    1484.27  0.000e+00
      20742     27.500    10.5143    10.4932    -0.0210    3.26770    3.26278          1     5.9848     5.7329      65.18     0.4665     0.2707  1.000e-12  0.1848000    29.0945    29.0628    -0.0317    22.2622    22.2410     27.244     27.442      0.474    1484.97    1484.86  0.000e+00
      20771     28.000    10.6395    10.6382    -0.0014    3.31199    3.30833          1     5.8816     5.6659      64.48     0.4699     0.2265  1.000e-12  0.1755000    29.4304    29.3954    -0.0350    22.5028    22.4759     27.739     27.940      0.415    1485.84    1485.79  0.000e+00
