ctdpy/tests/etc/all_smhi_bas_2018/SBE09_0827_20180118_1338_26_01_0103.cnv
* Sea-Bird SBE 9 Data File:
* FileName = D:\CTD_SBE911\DAT\26DA.2018.1.3.hex
* Software Version Seasave V 7.21d
* Temperature SN = 034757
* Conductivity SN = 041844
* Number of Bytes Per Scan = 48
* Number of Voltage Words = 5
* Number of Scans Averaged by the Deck Unit = 1
* NMEA Latitude = 57 45.35 N
* NMEA Longitude = 009 47.30 E
* NMEA UTC (Time) = Jan 18 2018  13:38:46
* NMEA baud rate = 4800
** Ship: DANA
** Average sound velocity: 1471.24 m/s
** True-depth calculation Wed, 27 Mar 2019 15:32:43 +0000
** CTD Python Module SMHI /ver 3-12/ feb 2012 
** LIMS Job: 20182601-0103
** 11N Hirtshals
** Operator: Ronny Sørensen
** Cruise: 01/2018
# nquan = 26
# nvalues = 64                          
# units = specified
# name 0 = scan: Scan Count
# name 1 = prDM: Pressure, Digiquartz [db]
# name 2 = t090C: Temperature [ITS-90, deg C]
# name 3 = t190C: Temperature, 2 [ITS-90, deg C]
# name 4 = T2-T190C: Temperature Difference, 2 - 1 [ITS-90, deg C]
# name 5 = c0S/m: Conductivity [S/m]
# name 6 = c1S/m: Conductivity, 2 [S/m]
# name 7 = pumps: Pump Status
# name 8 = sbeox1ML/L: Oxygen, SBE 43, 2 [ml/l]
# name 9 = sbeox0ML/L: Oxygen, SBE 43 [ml/l]
# name 10 = altM: Altimeter [m]
# name 11 = chloroflTC0: Chlorophyll, Turner Cyclops [ug/l]
# name 12 = cpar: CPAR/Corrected Irradiance [%]
# name 13 = par: PAR/Irradiance, Biospherical/Lico [µE/(cm^2*s)]
# name 14 = spar: SPAR, Biospherical/Licor
# name 15 = sal00: Salinity, Practical [PSU]
# name 16 = sal11: Salinity, Practical, 2 [PSU]
# name 17 = secS-priS: Salinity, Practical, Difference, 2 - 1 [PSU]
# name 18 = sigma-t00: Density [sigma-t, kg/m^3 ]
# name 19 = sigma-t11: Density, 2 [sigma-t, kg/m^3 ]
# name 20 = depSM: Depth [salt water, m], lat = 57.7558
# name 21 = depFM: Depth [true depth, m], lat = 57.7558
# name 22 = dz/dtM: Descent Rate [m/s], WS = 2
# name 23 = svCM: Sound Velocity [Chen-Millero, m/s]
# name 24 = svCM1: Sound Velocity, 2 [Chen-Millero, m/s]
# name 25 = flag: flag
# span 0 =        -68,       6647       
# span 1 =      6.000,     37.500       
# span 2 =     5.5852,     5.6728       
# span 3 =     5.5846,     5.6731       
# span 4 =    -0.0052,     0.0054       
# span 5 =   3.229640,   3.245017       
# span 6 =   3.226903,   3.244877       
# span 7 =          1,          1       
# span 8 =     6.2443,     6.5106       
# span 9 =     6.3723,     6.6627       
# span 10 =       0.74,       9.96      
# span 11 =     0.0322,     0.1137      
# span 12 = -4.049e-04, 1.0432e+00      
# span 13 = -4.934e-04, 1.3640e+00      
# span 14 = 1.1779e+02, 1.3086e+02      
# span 15 =    33.0708,    33.1433      
# span 16 =    33.0403,    33.1412      
# span 17 =    -0.0305,    -0.0006      
# span 18 =    26.0785,    26.1254      
# span 19 =    26.0545,    26.1237      
# span 20 =      5.944,     37.150      
# span 21 =      5.956,     37.224      
# span 22 =     -0.147,      0.728      
# span 23 =    1470.74,    1471.69      
# span 24 =    1470.70,    1471.70      
# span 25 = 0.0000e+00, 0.0000e+00      
# interval = decibars: 0.5              
# start_time = Jan 18 2018 13:38:46 [NMEA time, first data scan]
# bad_flag = -9.990e-29
*END*
        -68      6.000     5.5852     5.5846    -0.0006    3.22964    3.22690          1     6.3545     6.6627       9.95     0.0344  1.043e+00  1.364e+00  1.309e+02    33.0708    33.0403    -0.0305    26.0785    26.0545      5.944      5.956      0.224    1470.74    1470.70  0.000e+00
       3444      6.500     5.5902     5.5898    -0.0004    3.23038    3.22840          1     6.3561     6.4934       9.95     0.0335  9.123e-01  1.122e+00  1.231e+02    33.0740    33.0519    -0.0221    26.0805    26.0631      6.440      6.452      0.238    1470.78    1470.75  0.000e+00
       3820      7.000     5.5918     5.5912    -0.0006    3.23058    3.22888          1     6.3689     6.4938       9.95     0.0337  7.435e-01  9.072e-01  1.220e+02    33.0744    33.0557    -0.0187    26.0806    26.0659      6.935      6.949      0.374    1470.79    1470.77  0.000e+00
       3859      7.500     5.5911     5.5876    -0.0035    3.23047    3.22859          1     6.3864     6.4925       9.95     0.0332  5.420e-01  6.604e-01  1.218e+02    33.0737    33.0558    -0.0179    26.0801    26.0664      7.431      7.445      0.242    1470.80    1470.76  0.000e+00
       3914      8.000     5.5894     5.5885    -0.0009    3.23026    3.22878          1     6.3678     6.4904       9.96     0.0322  4.547e-01  5.541e-01  1.218e+02    33.0726    33.0568    -0.0158    26.0795    26.0671      7.926      7.941      0.254    1470.80    1470.77  0.000e+00
       3994      8.500     5.5887     5.5885    -0.0002    3.23019    3.22892          1     6.3946     6.4897       9.96     0.0361  3.865e-01  4.709e-01  1.218e+02    33.0723    33.0580    -0.0143    26.0793    26.0681      8.421      8.438      0.255    1470.80    1470.78  0.000e+00
       4038      9.000     5.5885     5.5906     0.0020    3.23020    3.22925          1     6.3701     6.4942       9.96     0.0345  2.748e-01  3.349e-01  1.218e+02    33.0724    33.0596    -0.0128    26.0794    26.0690      8.917      8.934      0.401    1470.81    1470.80  0.000e+00
       4067      9.500     5.5885     5.5893     0.0008    3.23023    3.22930          1     6.3789     6.4976       9.96     0.0336  1.686e-01  2.054e-01  1.218e+02    33.0724    33.0611    -0.0113    26.0794    26.0704      9.412      9.430      0.416    1470.82    1470.81  0.000e+00
       4097     10.000     5.5946     5.5894    -0.0052    3.23098    3.22929          1     6.3857     6.4918       9.96     0.0335  1.129e-01  1.376e-01  1.218e+02    33.0747    33.0607    -0.0140    26.0805    26.0701      9.907      9.927      0.373    1470.85    1470.82  0.000e+00
       4138     10.500     5.5913     5.5883    -0.0031    3.23062    3.22933          1     6.3897     6.5041       9.96     0.0334  7.956e-02  9.694e-02  1.218e+02    33.0737    33.0621    -0.0116    26.0801    26.0713     10.403     10.423      0.231    1470.85    1470.82  0.000e+00
       4198     11.000     5.5912     5.5923     0.0012    3.23065    3.22976          1     6.3936     6.4931       9.96     0.0327  4.840e-02  5.897e-02  1.218e+02    33.0738    33.0626    -0.0112    26.0802    26.0712     10.898     10.919      0.205    1470.85    1470.85  0.000e+00
       4258     11.500     5.5912     5.5887    -0.0025    3.23066    3.22953          1     6.3665     6.4638       9.96     0.0370  1.346e-02  1.640e-02  1.218e+02    33.0737    33.0634    -0.0103    26.0801    26.0723     11.393     11.415      0.251    1470.86    1470.84  0.000e+00
       4296     12.000     5.5910     5.5897    -0.0014    3.23071    3.22949          1     6.3660     6.4890       9.96     0.0346 -4.049e-04 -4.934e-04  1.218e+02    33.0742    33.0617    -0.0125    26.0805    26.0708     11.889     11.912      0.418    1470.87    1470.85  0.000e+00
       4321     12.500     5.5988     5.5989     0.0001    3.23169    3.23068          1     6.3539     6.4912       9.96     0.0336 -2.152e-11 -2.622e-11  1.218e+02    33.0774    33.0658    -0.0116    26.0821    26.0730     12.384     12.408      0.502    1470.91    1470.90  0.000e+00
       4345     13.000     5.6008     5.5993    -0.0015    3.23184    3.23088          1     6.3681     6.4982       9.96     0.0329  8.207e-13  1.000e-12  1.218e+02    33.0768    33.0675    -0.0093    26.0815    26.0743     12.879     12.904      0.487    1470.93    1470.91  0.000e+00
       4383     13.500     5.6030     5.6013    -0.0017    3.23223    3.23117          1     6.3801     6.4517       9.96     0.0331  8.207e-13  1.000e-12  1.218e+02    33.0790    33.0685    -0.0104    26.0829    26.0749     13.375     13.401      0.319    1470.95    1470.93  0.000e+00
       4505     14.000     5.5998     5.6037     0.0038    3.23190    3.23146          1     6.3938     6.4411       9.96     0.0347  8.207e-13  1.000e-12  1.218e+02    33.0780    33.0692    -0.0087    26.0825    26.0751     13.870     13.897      0.414    1470.94    1470.95  0.000e+00
       4524     14.500     5.6048     5.6080     0.0032    3.23261    3.23220          1     6.3765     6.5439       9.96     0.0339  8.207e-13  1.000e-12  1.218e+02    33.0809    33.0731    -0.0078    26.0842    26.0776     14.365     14.393      0.572    1470.98    1470.98  0.000e+00
       4543     15.000     5.6119     5.6113    -0.0006    3.23359    3.23250          1     6.3491     6.4496       9.96     0.0333  8.207e-13  1.000e-12  1.218e+02    33.0848    33.0730    -0.0118    26.0865    26.0772     14.861     14.890      0.595    1471.02    1471.00  0.000e+00
       4564     15.500     5.6194     5.6183    -0.0012    3.23457    3.23358          1     6.3202     6.3723       9.96     0.0342  8.207e-13  1.000e-12  1.218e+02    33.0882    33.0781    -0.0101    26.0882    26.0804     15.356     15.386      0.516    1471.06    1471.04  0.000e+00
       4594     16.000     5.6198     5.6199     0.0001    3.23480    3.23408          1     6.4676     6.6572       9.96     0.0348  8.207e-13  1.000e-12  1.218e+02    33.0903    33.0821    -0.0083    26.0899    26.0833     15.851     15.882      0.296    1471.07    1471.06  0.000e+00
       4663     16.500     5.6169     5.6210     0.0041    3.23452    3.23428          1     6.3540     6.4067       9.96     0.0341  8.207e-13  1.000e-12  1.218e+02    33.0897    33.0829    -0.0068    26.0897    26.0838     16.347     16.379      0.169    1471.07    1471.08  0.000e+00
       4752     17.000     5.6206     5.6236     0.0030    3.23515    3.23489          1     6.3729     6.4860       9.96     0.0362  8.207e-13  1.000e-12  1.218e+02    33.0928    33.0871    -0.0058    26.0917    26.0868     16.842     16.875      0.303    1471.09    1471.10  0.000e+00
       4784     17.500     5.6259     5.6250    -0.0008    3.23610    3.23514          1     6.3293     6.4760       9.96     0.0370  8.207e-13  1.000e-12  1.218e+02    33.0982    33.0882    -0.0100    26.0954    26.0876     17.337     17.371      0.503    1471.13    1471.12  0.000e+00
       4806     18.000     5.6286     5.6278    -0.0008    3.23648    3.23564          1     6.3451     6.4871       9.96     0.0371  8.207e-13  1.000e-12  1.218e+02    33.0996    33.0909    -0.0087    26.0962    26.0894     17.833     17.868      0.531    1471.15    1471.14  0.000e+00
       4830     18.500     5.6313     5.6304    -0.0009    3.23692    3.23609          1     6.3620     6.4955       9.96     0.0376  8.207e-13  1.000e-12  1.218e+02    33.1016    33.0932    -0.0084    26.0975    26.0909     18.328     18.364      0.465    1471.17    1471.16  0.000e+00
       4861     19.000     5.6327     5.6331     0.0004    3.23722    3.23666          1     6.3884     6.4853       9.96     0.0365  8.207e-13  1.000e-12  1.218e+02    33.1035    33.0966    -0.0068    26.0987    26.0933     18.823     18.860      0.302    1471.19    1471.18  0.000e+00
       4939     19.500     5.6299     5.6353     0.0054    3.23685    3.23701          1     6.4175     6.5196       9.96     0.0381  8.207e-13  1.000e-12  1.218e+02    33.1018    33.0983    -0.0035    26.0977    26.0943     19.319     19.357      0.262    1471.18    1471.20  0.000e+00
       4982     20.000     5.6360     5.6401     0.0041    3.23783    3.23771          1     6.3419     6.4529       9.96     0.0399  8.207e-13  1.000e-12  1.218e+02    33.1067    33.1012    -0.0055    26.1009    26.0961     19.814     19.853      0.375    1471.22    1471.23  0.000e+00
       5013     20.500     5.6399     5.6413     0.0014    3.23840    3.23804          1     6.3837     6.4951       9.96     0.0433  8.207e-13  1.000e-12  1.218e+02    33.1090    33.1035    -0.0055    26.1022    26.0977     20.309     20.349      0.390    1471.25    1471.25  0.000e+00
       5045     21.000     5.6416     5.6417     0.0001    3.23863    3.23812          1     6.3704     6.4833       9.96     0.0455  8.207e-13  1.000e-12  1.218e+02    33.1096    33.1038    -0.0058    26.1025    26.0979     20.805     20.846      0.335    1471.27    1471.26  0.000e+00
       5092     21.500     5.6419     5.6416    -0.0002    3.23870    3.23822          1     6.3917     6.4697       9.96     0.0463  8.207e-13  1.000e-12  1.218e+02    33.1100    33.1047    -0.0053    26.1028    26.0986     21.300     21.342      0.194    1471.28    1471.27  0.000e+00
       5159     22.000     5.6411     5.6429     0.0017    3.23870    3.23834          1     6.3450     6.4618       9.96     0.0492  8.207e-13  1.000e-12  1.218e+02    33.1104    33.1046    -0.0058    26.1032    26.0984     21.795     21.838      0.322    1471.28    1471.28  0.000e+00
       5186     22.500     5.6440     5.6459     0.0020    3.23913    3.23888          1     6.3387     6.4617       9.96     0.0478  8.207e-13  1.000e-12  1.218e+02    33.1123    33.1075    -0.0048    26.1044    26.1003     22.291     22.334      0.445    1471.30    1471.31  0.000e+00
       5213     23.000     5.6440     5.6470     0.0030    3.23916    3.23919          1     6.4716     6.5245       9.96     0.0511  8.207e-13  1.000e-12  1.218e+02    33.1123    33.1096    -0.0026    26.1044    26.1019     22.786     22.831      0.400    1471.31    1471.32  0.000e+00
       5249     23.500     5.6460     5.6494     0.0033    3.23954    3.23977          1     6.3756     6.4776       9.96     0.0490  8.207e-13  1.000e-12  1.218e+02    33.1143    33.1137    -0.0006    26.1058    26.1049     23.281     23.327      0.301    1471.33    1471.34  0.000e+00
       5291     24.000     5.6472     5.6477     0.0005    3.23984    3.23951          1     6.3709     6.4856       9.96     0.0529  8.207e-13  1.000e-12  1.218e+02    33.1163    33.1121    -0.0042    26.1072    26.1038     23.777     23.823      0.278    1471.35    1471.34  0.000e+00
       5356     24.500     5.6487     5.6519     0.0032    3.24024    3.24039          1     6.4614     6.5064       9.96     0.0611  8.207e-13  1.000e-12  1.218e+02    33.1192    33.1178    -0.0014    26.1093    26.1078     24.272     24.320      0.223    1471.37    1471.38  0.000e+00
       5417     25.000     5.6546     5.6552     0.0007    3.24155    3.24124          1     6.3707     6.4790       9.96     0.0666  8.217e-13  1.000e-12  1.217e+02    33.1280    33.1238    -0.0042    26.1155    26.1122     24.767     24.816      0.398    1471.41    1471.40  0.000e+00
       5442     25.500     5.6558     5.6555    -0.0002    3.24179    3.24134          1     6.2943     6.4383       9.96     0.0747  8.224e-13  1.000e-12  1.216e+02    33.1292    33.1245    -0.0047    26.1163    26.1126     25.263     25.312      0.499    1471.42    1471.41  0.000e+00
       5465     26.000     5.6563     5.6556    -0.0007    3.24190    3.24141          1     6.4745     6.5426       9.96     0.0673  8.261e-13  1.000e-12  1.211e+02    33.1298    33.1249    -0.0049    26.1167    26.1130     25.758     25.809      0.494    1471.43    1471.42  0.000e+00
       5493     26.500     5.6561     5.6556    -0.0004    3.24190    3.24145          1     6.3725     6.4851       9.96     0.0682  8.292e-13  1.000e-12  1.206e+02    33.1297    33.1251    -0.0047    26.1167    26.1131     26.253     26.305      0.343    1471.44    1471.43  0.000e+00
       5553     27.000     5.6556     5.6554    -0.0001    3.24184    3.24144          1     6.4161     6.4992       9.96     0.0694  8.338e-13  1.000e-12  1.199e+02    33.1293    33.1249    -0.0044    26.1164    26.1130     26.749     26.801      0.191    1471.44    1471.44  0.000e+00
       5609     27.500     5.6557     5.6554    -0.0002    3.24191    3.24146          1     6.3208     6.4523       9.96     0.0739  8.346e-13  1.000e-12  1.198e+02    33.1297    33.1249    -0.0048    26.1167    26.1129     27.244     27.298      0.343    1471.45    1471.45  0.000e+00
       5638     28.000     5.6559     5.6556    -0.0002    3.24194    3.24152          1     6.3266     6.4613       9.96     0.0733  8.346e-13  1.000e-12  1.198e+02    33.1297    33.1252    -0.0045    26.1167    26.1132     27.739     27.794      0.409    1471.46    1471.46  0.000e+00
       5672     28.500     5.6561     5.6558    -0.0003    3.24198    3.24161          1     6.5106     6.5371       9.82     0.0782  8.346e-13  1.000e-12  1.198e+02    33.1296    33.1257    -0.0039    26.1166    26.1136     28.234     28.290      0.263    1471.47    1471.47  0.000e+00
       5736     29.000     5.6558     5.6553    -0.0004    3.24196    3.24156          1     6.4394     6.4960       9.23     0.0751  8.346e-13  1.000e-12  1.198e+02    33.1295    33.1253    -0.0042    26.1166    26.1133     28.730     28.786      0.229    1471.48    1471.47  0.000e+00
       5781     29.500     5.6558     5.6557    -0.0001    3.24199    3.24165          1     6.3687     6.4500       8.75     0.0761  8.346e-13  1.000e-12  1.198e+02    33.1295    33.1258    -0.0037    26.1166    26.1137     29.225     29.283      0.319    1471.49    1471.48  0.000e+00
       5814     30.000     5.6561     5.6567     0.0006    3.24215    3.24196          1     6.3960     6.4702       8.31     0.0735  8.346e-13  1.000e-12  1.198e+02    33.1307    33.1280    -0.0028    26.1175    26.1152     29.720     29.779      0.439    1471.50    1471.50  0.000e+00
       5838     30.500     5.6569     5.6583     0.0015    3.24236    3.24227          1     6.3982     6.4768       7.82     0.0749  8.346e-13  1.000e-12  1.198e+02    33.1322    33.1297    -0.0025    26.1186    26.1164     30.216     30.275      0.484    1471.51    1471.51  0.000e+00
       5867     31.000     5.6580     5.6586     0.0006    3.24260    3.24241          1     6.3833     6.4726       7.30     0.0774  8.346e-13  1.000e-12  1.198e+02    33.1335    33.1307    -0.0028    26.1194    26.1172     30.711     30.772      0.343    1471.53    1471.52  0.000e+00
       5912     31.500     5.6584     5.6585     0.0001    3.24272    3.24244          1     6.3714     6.4713       6.77     0.0821  8.346e-13  1.000e-12  1.198e+02    33.1343    33.1310    -0.0033    26.1200    26.1174     31.206     31.268      0.253    1471.54    1471.53  0.000e+00
       5998     32.000     5.6587     5.6602     0.0015    3.24281    3.24266          1     6.3200     6.4657       6.31     0.0848  8.353e-13  1.000e-12  1.197e+02    33.1347    33.1316    -0.0031    26.1203    26.1177     31.702     31.764      0.269    1471.55    1471.55  0.000e+00
       6054     32.500     5.6602     5.6630     0.0028    3.24312    3.24313          1     6.4870     6.5380       5.88     0.0781  8.352e-13  1.000e-12  1.197e+02    33.1365    33.1338    -0.0027    26.1216    26.1191     32.197     32.261      0.512    1471.56    1471.57  0.000e+00
       6074     33.000     5.6624     5.6623    -0.0001    3.24342    3.24312          1     6.3970     6.5037       5.34     0.0840  8.369e-13  1.000e-12  1.195e+02    33.1375    33.1342    -0.0033    26.1221    26.1195     32.692     32.757      0.603    1471.58    1471.58  0.000e+00
