ctdpy/tests/etc/all_smhi_bas_2018/SBE09_1044_20180131_0611_34_02_0037.cnv
* Sea-Bird SBE 9 Data File:
* FileName = C:\ctd\temp\2018\ME18D037.hex
* Software Version Seasave V 7.26.6.26
* Temperature SN = 5351
* Conductivity SN = 3941
* Number of Bytes Per Scan = 41
* Number of Voltage Words = 4
* Number of Scans Averaged by the Deck Unit = 1
* NMEA Latitude = 58 47.30 N
* NMEA Longitude = 019 05.73 E
* NMEA UTC (Time) = Jan 31 2018  06:11:31
* NMEA baud rate = 4800
** Station:  BY30
** Operator:  JKro
** Ship: MERI
** Average sound velocity: 1441.79 m/s
** True-depth calculation Wed, 31 Jan 2018 08:17:32 +0000
** CTD Python Module SMHI /ver 3-12/ feb 2012 
** LIMS Job: 20183402-0037
** Cruise: SMHI-01-2018
** Latitude [GG MM.mm N] :
** Longitude [GG MM.mm E]:
# nquan = 26
# nvalues = 363                         
# units = specified
# name 0 = scan: Scan Count
# name 1 = prDM: Pressure, Digiquartz [db]
# name 2 = t090C: Temperature [ITS-90, deg C]
# name 3 = t190C: Temperature, 2 [ITS-90, deg C]
# name 4 = T2-T190C: Temperature Difference, 2 - 1 [ITS-90, deg C]
# name 5 = c0S/m: Conductivity [S/m]
# name 6 = c1S/m: Conductivity, 2 [S/m]
# name 7 = pumps: Pump Status
# name 8 = sbeox0ML/L: Oxygen, SBE 43 [ml/l]
# name 9 = sbeox1ML/L: Oxygen, SBE 43, 2 [ml/l]
# name 10 = altM: Altimeter [m]
# name 11 = flECO-AFL: Chl-a Fluorescence, WET Labs ECO-AFL/FL [mg/m^3]
# name 12 = flECO-AFL1: Phycocyanin Fluorescence, WET Labs ECO-AFL/FL, 2 [mg/m^3]
# name 13 = par: PAR/Irradiance, Biospherical/Lico [µE/(cm^2*s)]
# name 14 = turbWETntu0: Turbidity, WET Labs ECO [NTU]
# name 15 = sal00: Salinity, Practical [PSU]
# name 16 = sal11: Salinity, Practical, 2 [PSU]
# name 17 = secS-priS: Salinity, Practical, Difference, 2 - 1 [PSU]
# name 18 = sigma-t00: Density [sigma-t, Kg/m^3 ]
# name 19 = sigma-t11: Density, 2 [sigma-t, Kg/m^3 ]
# name 20 = depSM: Depth [salt water, m], lat = 58.7883
# name 21 = depFM: Depth [true depth, m], lat = 58.7883
# name 22 = dz/dtM: Descent Rate [m/s], WS = 2
# name 23 = svCM: Sound Velocity [Chen-Millero, m/s]
# name 24 = svCM1: Sound Velocity, 2 [Chen-Millero, m/s]
# name 25 = flag: flag
# span 0 =       8105,      24982       
# span 1 =      0.500,    181.500       
# span 2 =     4.2383,     6.2042       
# span 3 =     4.2390,     6.2045       
# span 4 =    -0.0438,     0.0208       
# span 5 =   0.768398,   1.234800       
# span 6 =   0.768384,   1.234762       
# span 7 =          1,          1       
# span 8 =    0.00352,    8.22119       
# span 9 =    0.02081,    8.15645       
# span 10 =       2.49,      99.72      
# span 11 =     0.2382,     0.4153      
# span 12 =     0.2595,     0.4002      
# span 13 = -1.036e-05, 6.3207e-01      
# span 14 =     0.1481,     1.8192      
# span 15 =     7.2278,    11.3289      
# span 16 =     7.2276,    11.3283      
# span 17 =    -0.0105,     0.0077      
# span 18 =     5.7386,     8.8860      
# span 19 =     5.7382,     8.8855      
# span 20 =      0.495,    179.727      
# span 21 =      0.506,    183.484      
# span 22 =     -0.307,      0.507      
# span 23 =    1432.15,    1448.75      
# span 24 =    1432.15,    1448.75      
# span 25 = 0.0000e+00, 0.0000e+00      
# interval = decibars: 0.5              
# start_time = Jan 31 2018 06:11:32 [NMEA time, first data scan]
# bad_flag = -9.990e-29
*END*
       8105      0.500     4.2917     4.3130     0.0208    0.76965    0.77007          1     8.2212     8.1517      42.51     0.4153     0.3082  6.321e-01  0.1785000     7.2297     7.2293    -0.0004     5.7397     5.7388      0.495      0.506      0.096    1432.35    1432.44  0.000e+00
       8174      1.000     4.3322     4.3247    -0.0076    0.77056    0.77030          1     8.1812     8.1460      42.29     0.3820     0.3169  5.511e-01  0.1799000     7.2300     7.2290    -0.0010     5.7388     5.7382      0.991      1.013      0.197    1432.54    1432.50  0.000e+00
       8248      1.500     4.3322     4.2876    -0.0438    0.77054    0.76946          1     8.1864     8.1564      71.60     0.3714     0.3194  1.232e-01  0.1804000     7.2297     7.2286    -0.0011     5.7386     5.7390      1.486      1.519      0.274    1432.55    1432.34  0.000e+00
       8310      2.000     4.2494     4.2440    -0.0058    0.76855    0.76841          1     8.2006     8.1517      73.66     0.3754     0.3311  1.076e-01  0.1864000     7.2278     7.2276    -0.0002     5.7394     5.7394      1.981      2.025      0.300    1432.18    1432.16  0.000e+00
       8392      2.500     4.2415     4.2418     0.0003    0.76840    0.76838          1     8.2043     8.1482      39.44     0.3892     0.3357  7.790e-02  0.1826000     7.2279     7.2277    -0.0002     5.7397     5.7396      2.477      2.532      0.280    1432.15    1432.15  0.000e+00
       8447      3.000     4.2414     4.2420     0.0006    0.76843    0.76845          1     8.1862     8.1520      40.18     0.3851     0.3290  8.165e-02  0.1881000     7.2283     7.2283    -0.0000     5.7400     5.7400      2.972      3.038      0.266    1432.16    1432.16  0.000e+00
       8500      3.500     4.2409     4.2418     0.0009    0.76848    0.76847          1     8.1874     8.1527      57.20     0.3632     0.2935  6.921e-02  0.1905000     7.2288     7.2284    -0.0004     5.7404     5.7401      3.467      3.545      0.286    1432.17    1432.17  0.000e+00
       8545      4.000     4.2409     4.2416     0.0007    0.76854    0.76848          1     8.2035     8.1422      38.87     0.3850     0.3148  4.063e-02  0.1855000     7.2293     7.2285    -0.0008     5.7408     5.7402      3.963      4.051      0.275    1432.18    1432.18  0.000e+00
       8588      4.500     4.2407     4.2414     0.0007    0.76868    0.76860          1     8.1896     8.1375      38.55     0.3633     0.3412  3.852e-02  0.2031000     7.2307     7.2297    -0.0011     5.7420     5.7411      4.458      4.557      0.257    1432.19    1432.19  0.000e+00
       8639      5.000     4.2407     4.2413     0.0006    0.76866    0.76860          1     8.1873     8.1412      37.83     0.3773     0.3367  1.656e-02  0.1912000     7.2304     7.2296    -0.0008     5.7417     5.7411      4.953      5.064      0.277    1432.19    1432.19  0.000e+00
       8672      5.500     4.2404     4.2408     0.0004    0.76918    0.76915          1     8.1840     8.1542      37.51     0.3938     0.3720  9.571e-03  0.1924000     7.2357     7.2353    -0.0004     5.7459     5.7456      5.449      5.570      0.365    1432.21    1432.21  0.000e+00
       8709      6.000     4.2399     4.2406     0.0007    0.76925    0.76922          1     8.1780     8.1413      56.63     0.3780     0.3398  9.789e-03  0.1940000     7.2365     7.2360    -0.0005     5.7466     5.7461      5.944      6.076      0.312    1432.21    1432.21  0.000e+00
       8745      6.500     4.2401     4.2408     0.0007    0.76927    0.76927          1     8.1898     8.1461      36.01     0.3599     0.3370  2.809e-04  0.1917000     7.2365     7.2363    -0.0001     5.7466     5.7464      6.439      6.583      0.365    1432.22    1432.22  0.000e+00
       8777      7.000     4.2403     4.2405     0.0003    0.76930    0.76929          1     8.1935     8.1526      36.05     0.3789     0.3094  1.500e-03  0.1909000     7.2367     7.2366    -0.0001     5.7467     5.7467      6.935      7.089      0.367    1432.23    1432.23  0.000e+00
       8811      7.500     4.2396     4.2402     0.0006    0.76938    0.76936          1     8.1784     8.1501      35.64     0.3662     0.3076 -1.036e-05  0.1835000     7.2377     7.2373    -0.0004     5.7475     5.7472      7.430      7.595      0.353    1432.24    1432.24  0.000e+00
       8844      8.000     4.2390     4.2397     0.0007    0.76950    0.76950          1     8.1768     8.1380      35.15     0.3572     0.3254  1.000e-12  0.1827000     7.2389     7.2387    -0.0002     5.7485     5.7484      7.925      8.102      0.368    1432.24    1432.25  0.000e+00
       8876      8.500     4.2386     4.2391     0.0004    0.76960    0.76968          1     8.1795     8.1431      34.52     0.3694     0.3242  1.000e-12  0.1887000     7.2399     7.2407     0.0008     5.7493     5.7499      8.421      8.608      0.377    1432.25    1432.25  0.000e+00
       8908      9.000     4.2383     4.2391     0.0008    0.76975    0.76978          1     8.1792     8.1432      34.11     0.3616     0.3541  1.000e-12  0.1898000     7.2415     7.2415     0.0001     5.7506     5.7506      8.916      9.114      0.364    1432.26    1432.26  0.000e+00
       8942      9.500     4.2387     4.2390     0.0004    0.76996    0.76990          1     8.1796     8.1403      33.63     0.3587     0.3362  1.000e-12  0.1789000     7.2434     7.2427    -0.0007     5.7521     5.7515      9.411      9.621      0.349    1432.27    1432.27  0.000e+00
       8977     10.000     4.2409     4.2410     0.0001    0.77077    0.77055          1     8.1724     8.1303      32.99     0.3666     0.3556  1.000e-12  0.1703000     7.2510     7.2488    -0.0022     5.7581     5.7563      9.906     10.127      0.359    1432.30    1432.30  0.000e+00
       9008     10.500     4.2410     4.2416     0.0006    0.77080    0.77074          1     8.1710     8.1261      32.39     0.3819     0.3327  1.000e-12  0.1895000     7.2512     7.2506    -0.0007     5.7583     5.7577     10.402     10.634      0.403    1432.31    1432.31  0.000e+00
       9037     11.000     4.2398     4.2410     0.0011    0.77054    0.77056          1     8.1801     8.1391      31.94     0.3704     0.3353  1.000e-12  0.1677000     7.2488     7.2488    -0.0001     5.7564     5.7563     10.897     11.140      0.388    1432.31    1432.31  0.000e+00
       9071     11.500     4.2400     4.2411     0.0010    0.77052    0.77056          1     8.1755     8.1459      31.35     0.3619     0.3468  1.000e-12  0.1726000     7.2485     7.2486     0.0001     5.7561     5.7562     11.392     11.646      0.350    1432.32    1432.32  0.000e+00
       9105     12.000     4.2407     4.2412     0.0005    0.77074    0.77063          1     8.1741     8.1431      30.80     0.3764     0.3462  1.000e-12  0.1849000     7.2505     7.2493    -0.0012     5.7577     5.7567     11.888     12.153      0.363    1432.33    1432.33  0.000e+00
       9137     12.500     4.2414     4.2424     0.0010    0.77086    0.77087          1     8.1822     8.1369      30.42     0.3650     0.3815  1.000e-12  0.1748000     7.2515     7.2514    -0.0001     5.7585     5.7584     12.383     12.659      0.371    1432.34    1432.35  0.000e+00
       9170     13.000     4.2418     4.2432     0.0014    0.77092    0.77100          1     8.1731     8.1433      29.86     0.3755     0.3353  1.000e-12  0.1658000     7.2520     7.2524     0.0005     5.7588     5.7591     12.878     13.165      0.371    1432.35    1432.36  0.000e+00
       9201     13.500     4.2422     4.2436     0.0013    0.77099    0.77104          1     8.1728     8.1420      29.34     0.3693     0.3365  1.000e-12  0.1832000     7.2525     7.2528     0.0002     5.7592     5.7594     13.374     13.672      0.408    1432.36    1432.37  0.000e+00
       9229     14.000     4.2514     4.2495    -0.0018    0.77155    0.77143          1     8.1706     8.1393      28.93     0.3603     0.3712  1.000e-12  0.1807000     7.2561     7.2552    -0.0009     5.7618     5.7612     13.869     14.178      0.423    1432.41    1432.41  0.000e+00
       9259     14.500     4.2522     4.2529     0.0007    0.77163    0.77158          1     8.1700     8.1407      28.31     0.3545     0.3963  1.000e-12  0.1686000     7.2566     7.2560    -0.0006     5.7622     5.7617     14.364     14.684      0.363    1432.43    1432.43  0.000e+00
       9296     15.000     4.2552     4.2558     0.0006    0.77174    0.77172          1     8.1575     8.1326      27.89     0.3622     0.3378  1.000e-12  0.1687000     7.2571     7.2566    -0.0004     5.7625     5.7621     14.860     15.191      0.318    1432.45    1432.45  0.000e+00
       9331     15.500     4.2544     4.2548     0.0004    0.77171    0.77166          1     8.1490     8.1143      27.28     0.3612     0.3172  1.000e-12  0.1666000     7.2568     7.2563    -0.0006     5.7623     5.7619     15.355     15.697      0.402    1432.45    1432.46  0.000e+00
       9357     16.000     4.2555     4.2564     0.0009    0.77177    0.77174          1     8.1490     8.1177      26.83     0.3717     0.3244  1.000e-12  0.1641000     7.2571     7.2566    -0.0005     5.7625     5.7621     15.850     16.203      0.468    1432.47    1432.47  0.000e+00
       9383     16.500     4.2523     4.2535     0.0012    0.77161    0.77159          1     8.1663     8.1123      26.30     0.3657     0.3564  1.000e-12  0.1667000     7.2561     7.2557    -0.0005     5.7618     5.7614     16.345     16.710      0.415    1432.46    1432.46  0.000e+00
       9418     17.000     4.2498     4.2545     0.0046    0.77153    0.77162          1     8.1631     8.1340      25.61     0.3728     0.3189  1.000e-12  0.1712000     7.2558     7.2557    -0.0001     5.7617     5.7615     16.841     17.216      0.315    1432.46    1432.48  0.000e+00
       9456     17.500     4.2529     4.2536     0.0007    0.77160    0.77156          1     8.1630     8.1302      25.01     0.3743     0.3180  1.000e-12  0.1671000     7.2558     7.2553    -0.0005     5.7615     5.7611     17.336     17.722      0.363    1432.48    1432.48  0.000e+00
       9485     18.000     4.2528     4.2541     0.0013    0.77159    0.77159          1     8.1725     8.1271      24.55     0.3535     0.3164  1.000e-12  0.1711000     7.2556     7.2553    -0.0003     5.7614     5.7611     17.831     18.229      0.443    1432.48    1432.49  0.000e+00
       9511     18.500     4.2611     4.2578    -0.0034    0.77187    0.77170          1     8.1683     8.1222      24.16     0.3549     0.3334  1.000e-12  0.1689000     7.2566     7.2556    -0.0010     5.7619     5.7613     18.327     18.735      0.430    1432.53    1432.51  0.000e+00
       9543     19.000     4.2745     4.2758     0.0013    0.77232    0.77230          1     8.1590     8.1228      23.59     0.3785     0.3465  1.000e-12  0.1720000     7.2581     7.2576    -0.0005     5.7628     5.7623     18.822     19.242      0.352    1432.60    1432.60  0.000e+00
       9578     19.500     4.2855     4.2867     0.0012    0.77276    0.77275          1     8.1594     8.1250      22.90     0.3540     0.3183  1.000e-12  0.1746000     7.2600     7.2597    -0.0004     5.7640     5.7637     19.317     19.748      0.358    1432.66    1432.66  0.000e+00
       9609     20.000     4.3105     4.3119     0.0014    0.77365    0.77361          1     8.1430     8.1123      22.43     0.3377     0.3238  1.000e-12  0.1811000     7.2634     7.2627    -0.0006     5.7659     5.7654     19.812     20.254      0.402    1432.78    1432.79  0.000e+00
       9639     20.500     4.3106     4.3124     0.0018    0.77367    0.77366          1     8.1350     8.1168      27.55     0.3442     0.3324  1.000e-12  0.1812000     7.2636     7.2631    -0.0005     5.7661     5.7656     20.308     20.761      0.400    1432.79    1432.80  0.000e+00
       9669     21.000     4.3175     4.3184     0.0009    0.77387    0.77384          1     8.1389     8.1164      44.85     0.3400     0.3841  1.000e-12  0.1793000     7.2639     7.2635    -0.0005     5.7661     5.7658     20.803     21.267      0.377    1432.83    1432.83  0.000e+00
       9702     21.500     4.3184     4.3189     0.0005    0.77390    0.77385          1     8.1497     8.1112      20.77     0.3640     0.4002  1.000e-12  0.1745000     7.2640     7.2633    -0.0006     5.7662     5.7657     21.298     21.773      0.371    1432.84    1432.84  0.000e+00
       9733     22.000     4.3180     4.3186     0.0005    0.77388    0.77385          1     8.1553     8.1057      20.28     0.3778     0.3413  1.000e-12  0.1652000     7.2638     7.2634    -0.0005     5.7661     5.7657     21.794     22.280      0.406    1432.85    1432.85  0.000e+00
       9762     22.500     4.3174     4.3171    -0.0003    0.77386    0.77380          1     8.1378     8.0989      19.81     0.3543     0.3366  1.000e-12  0.1728000     7.2637     7.2631    -0.0006     5.7660     5.7655     22.289     22.786      0.400    1432.85    1432.85  0.000e+00
       9795     23.000     4.3181     4.3177    -0.0004    0.77386    0.77381          1     8.1421     8.1215      45.84     0.3375     0.3278  1.000e-12  0.1787000     7.2635     7.2631    -0.0005     5.7658     5.7655     22.784     23.292      0.345    1432.87    1432.86  0.000e+00
       9829     23.500     4.3174     4.3176     0.0002    0.77385    0.77381          1     8.1406     8.1070      18.09     0.3385     0.3358  1.000e-12  0.1761000     7.2634     7.2630    -0.0005     5.7658     5.7654     23.279     23.799      0.372    1432.87    1432.87  0.000e+00
       9859     24.000     4.3180     4.3186     0.0006    0.77385    0.77383          1     8.1356     8.1119      18.32     0.3403     0.3441  1.000e-12  0.1595000     7.2633     7.2629    -0.0004     5.7656     5.7653     23.775     24.305      0.411    1432.88    1432.88  0.000e+00
       9889     24.500     4.3188     4.3199     0.0012    0.77391    0.77391          1     8.1454     8.1115      24.57     0.3446     0.3258  1.000e-12  0.1609000     7.2636     7.2634    -0.0002     5.7659     5.7657     24.270     24.811      0.407    1432.89    1432.90  0.000e+00
       9919     25.000     4.3205     4.3206     0.0000    0.77404    0.77397          1     8.1389     8.1021      41.38     0.3504     0.3193  1.000e-12  0.1680000     7.2645     7.2638    -0.0008     5.7665     5.7659     24.765     25.318      0.386    1432.91    1432.91  0.000e+00
       9951     25.500     4.3197     4.3208     0.0010    0.77400    0.77399          1     8.1461     8.1133      16.97     0.3522     0.3188  1.000e-12  0.1681000     7.2642     7.2638    -0.0003     5.7663     5.7660     25.260     25.824      0.354    1432.91    1432.92  0.000e+00
       9985     26.000     4.3212     4.3219     0.0007    0.77410    0.77407          1     8.1426     8.1261      16.26     0.3409     0.3360  1.000e-12  0.1758000     7.2648     7.2644    -0.0004     5.7668     5.7664     25.756     26.330      0.366    1432.93    1432.93  0.000e+00
      10017     26.500     4.3218     4.3223     0.0006    0.77415    0.77411          1     8.1338     8.0974      15.72     0.3462     0.3374  1.000e-12  0.1740000     7.2651     7.2645    -0.0006     5.7670     5.7665     26.251     26.837      0.386    1432.94    1432.94  0.000e+00
      10047     27.000     4.3225     4.3231     0.0006    0.77419    0.77415          1     8.1391     8.1019      15.23     0.3378     0.2818  1.000e-12  0.1874000     7.2653     7.2648    -0.0005     5.7671     5.7667     26.746     27.343      0.416    1432.95    1432.95  0.000e+00
      10076     27.500     4.3246     4.3252     0.0006    0.77432    0.77429          1     8.1394     8.1027      14.71     0.3546     0.3041  1.000e-12  0.1977000     7.2661     7.2656    -0.0005     5.7677     5.7673     27.242     27.849      0.396    1432.97    1432.97  0.000e+00
