ctdpy/tests/etc/all_smhi_bas_2018/SBE09_0827_20181122_0936_26_01_1220.cnv
* Sea-Bird SBE 9 Data File:
* FileName = D:\CTD_SBE911\DAT\26DA.2018.12.20.hex
* Software Version Seasave V 7.21d
* Temperature SN = 4548
* Conductivity SN = 3062
* Number of Bytes Per Scan = 48
* Number of Voltage Words = 5
* Number of Scans Averaged by the Deck Unit = 1
* NMEA Latitude = 57 13.88 N
* NMEA Longitude = 019 05.90 E
* NMEA UTC (Time) = Nov 22 2018  09:37:02
* NMEA baud rate = 4800
** Ship: DANA
** Average sound velocity: 1444.34 m/s
** True-depth calculation Tue, 02 Apr 2019 12:12:59 +0000
** CTD Python Module SMHI /ver 3-12/ feb 2012 
** LIMS Job: 20182601-1220
** Operator: Ronny
** Cruise: 12/2018
# nquan = 26
# nvalues = 178                         
# units = specified
# name 0 = scan: Scan Count
# name 1 = prDM: Pressure, Digiquartz [db]
# name 2 = t090C: Temperature [ITS-90, deg C]
# name 3 = t190C: Temperature, 2 [ITS-90, deg C]
# name 4 = T2-T190C: Temperature Difference, 2 - 1 [ITS-90, deg C]
# name 5 = c0S/m: Conductivity [S/m]
# name 6 = c1S/m: Conductivity, 2 [S/m]
# name 7 = pumps: Pump Status
# name 8 = sbeox1ML/L: Oxygen, SBE 43, 2 [ml/l]
# name 9 = sbeox0ML/L: Oxygen, SBE 43 [ml/l]
# name 10 = altM: Altimeter [m]
# name 11 = chloroflTC0: Chlorophyll, Turner Cyclops [ug/l]
# name 12 = cpar: CPAR/Corrected Irradiance [%]
# name 13 = par: PAR/Irradiance, Biospherical/Lico [µE/(cm^2*s)]
# name 14 = spar: SPAR, Biospherical/Licor
# name 15 = sal00: Salinity, Practical [PSU]
# name 16 = sal11: Salinity, Practical, 2 [PSU]
# name 17 = secS-priS: Salinity, Practical, Difference, 2 - 1 [PSU]
# name 18 = sigma-t00: Density [sigma-t, kg/m^3 ]
# name 19 = sigma-t11: Density, 2 [sigma-t, kg/m^3 ]
# name 20 = depSM: Depth [salt water, m], lat = 57.2313
# name 21 = depFM: Depth [true depth, m], lat = 57.2313
# name 22 = dz/dtM: Descent Rate [m/s], WS = 2
# name 23 = svCM: Sound Velocity [Chen-Millero, m/s]
# name 24 = svCM1: Sound Velocity, 2 [Chen-Millero, m/s]
# name 25 = flag: flag
# span 0 =        240,       8599       
# span 1 =      1.000,     89.500       
# span 2 =     3.8131,     8.3719       
# span 3 =     3.8077,     8.3727       
# span 4 =    -0.1782,     0.0327       
# span 5 =   0.791609,   1.159749       
# span 6 =   0.791487,   1.160019       
# span 7 =          1,          1       
# span 8 =     0.0999,     7.4469       
# span 9 =     0.0535,     7.6747       
# span 10 =       1.02,       9.99      
# span 11 =     0.0157,     0.0222      
# span 12 = 3.8171e-13, 7.5475e+00      
# span 13 = 1.0000e-12, 1.9007e+01      
# span 14 = 2.4979e+02, 2.6198e+02      
# span 15 =     7.1058,    10.6889      
# span 16 =     7.1058,    10.6907      
# span 17 =    -0.0012,     0.0344      
# span 18 =     5.4121,     8.4002      
# span 19 =     5.4120,     8.4014      
# span 20 =      0.991,     88.657      
# span 21 =      1.013,     90.598      
# span 22 =      0.115,      0.310      
# span 23 =    1431.62,    1450.16      
# span 24 =    1431.62,    1450.15      
# span 25 = 0.0000e+00, 0.0000e+00      
# interval = decibars: 0.5              
# start_time = Nov 22 2018 09:37:03 [NMEA time, first data scan]
# bad_flag = -9.990e-29
*END*
        240      1.000     8.3014     8.3018     0.0004    0.84514    0.84514          1     7.4337     7.6709       9.99     0.0205  7.548e+00  1.901e+01  2.518e+02     7.1058     7.1058    -0.0000     5.4135     5.4134      0.991      1.013      0.115    1449.29    1449.29  0.000e+00
        300      1.500     8.3044     8.3044    -0.0000    0.84524    0.84523          1     7.4375     7.6718       9.99     0.0210  6.485e+00  1.633e+01  2.518e+02     7.1061     7.1060    -0.0001     5.4134     5.4133      1.486      1.520      0.247    1449.31    1449.31  0.000e+00
        340      2.000     8.3035     8.3041     0.0006    0.84524    0.84524          1     7.4468     7.6712       9.99     0.0213  5.637e+00  1.419e+01  2.516e+02     7.1062     7.1061    -0.0001     5.4136     5.4135      1.982      2.026      0.277    1449.32    1449.32  0.000e+00
        389      2.500     8.3033     8.3039     0.0006    0.84524    0.84524          1     7.4378     7.6683       9.99     0.0219  4.801e+00  1.208e+01  2.516e+02     7.1062     7.1061    -0.0001     5.4136     5.4135      2.477      2.533      0.257    1449.32    1449.33  0.000e+00
        430      3.000     8.3031     8.3036     0.0005    0.84524    0.84524          1     7.4291     7.6673       9.99     0.0210  4.149e+00  1.044e+01  2.517e+02     7.1062     7.1060    -0.0001     5.4136     5.4135      2.972      3.039      0.310    1449.33    1449.33  0.000e+00
        469      3.500     8.3033     8.3040     0.0007    0.84524    0.84526          1     7.4310     7.6666       9.99     0.0213  3.579e+00  9.004e+00  2.516e+02     7.1061     7.1061    -0.0000     5.4135     5.4135      3.468      3.546      0.282    1449.34    1449.34  0.000e+00
        519      4.000     8.3039     8.3039    -0.0000    0.84526    0.84525          1     7.4337     7.6691       9.99     0.0211  3.126e+00  7.848e+00  2.511e+02     7.1061     7.1060    -0.0000     5.4134     5.4134      3.963      4.052      0.229    1449.35    1449.35  0.000e+00
        565      4.500     8.3041     8.3039    -0.0002    0.84529    0.84525          1     7.4160     7.6633       9.99     0.0215  2.767e+00  6.947e+00  2.511e+02     7.1062     7.1060    -0.0002     5.4136     5.4134      4.459      4.559      0.293    1449.36    1449.36  0.000e+00
        608      5.000     8.3037     8.3074     0.0037    0.84528    0.84535          1     7.4221     7.6634       9.99     0.0219  2.366e+00  5.958e+00  2.518e+02     7.1062     7.1061    -0.0002     5.4136     5.4131      4.954      5.065      0.262    1449.37    1449.38  0.000e+00
        656      5.500     8.3059     8.3059     0.0000    0.84533    0.84534          1     7.4443     7.6610       9.99     0.0222  2.107e+00  5.291e+00  2.511e+02     7.1062     7.1062     0.0000     5.4134     5.4134      5.449      5.572      0.255    1449.38    1449.38  0.000e+00
        699      6.000     8.3102     8.3110     0.0008    0.84543    0.84543          1     7.4355     7.6747       9.99     0.0218  1.867e+00  4.667e+00  2.500e+02     7.1061     7.1059    -0.0002     5.4129     5.4128      5.945      6.078      0.297    1449.41    1449.41  0.000e+00
        741      6.500     8.3158     8.3147    -0.0011    0.84556    0.84553          1     7.4359     7.6715       9.99     0.0210  1.613e+00  4.044e+00  2.508e+02     7.1062     7.1061    -0.0001     5.4125     5.4125      6.440      6.585      0.268    1449.44    1449.43  0.000e+00
        790      7.000     8.3161     8.3175     0.0014    0.84560    0.84560          1     7.4291     7.6692       9.99     0.0219  1.425e+00  3.574e+00  2.509e+02     7.1064     7.1061    -0.0003     5.4127     5.4123      6.935      7.091      0.238    1449.45    1449.45  0.000e+00
        837      7.500     8.3165     8.3175     0.0009    0.84561    0.84561          1     7.4374     7.6672       9.99     0.0214  1.259e+00  3.149e+00  2.502e+02     7.1063     7.1061    -0.0002     5.4126     5.4123      7.431      7.598      0.265    1449.46    1449.46  0.000e+00
        885      8.000     8.3172     8.3173     0.0000    0.84562    0.84561          1     7.4396     7.6619       9.99     0.0221  1.100e+00  2.750e+00  2.500e+02     7.1062     7.1061    -0.0000     5.4124     5.4124      7.926      8.104      0.237    1449.47    1449.47  0.000e+00
        936      8.500     8.3166     8.3176     0.0010    0.84561    0.84562          1     7.4469     7.6665       9.98     0.0214  9.693e-01  2.422e+00  2.499e+02     7.1062     7.1061    -0.0001     5.4125     5.4123      8.422      8.611      0.242    1449.47    1449.48  0.000e+00
        982      9.000     8.3177     8.3168    -0.0008    0.84562    0.84561          1     7.4321     7.6708       9.98     0.0217  8.525e-01  2.130e+00  2.498e+02     7.1060     7.1061     0.0001     5.4122     5.4124      8.917      9.117      0.286    1449.49    1449.48  0.000e+00
       1025      9.500     8.3175     8.3168    -0.0007    0.84562    0.84562          1     7.4308     7.6704       9.98     0.0214  7.476e-01  1.868e+00  2.498e+02     7.1060     7.1061     0.0001     5.4122     5.4124      9.412      9.624      0.257    1449.49    1449.49  0.000e+00
       1075     10.000     8.3178     8.3182     0.0004    0.84563    0.84564          1     7.4396     7.6663       9.98     0.0215  6.573e-01  1.642e+00  2.498e+02     7.1059     7.1059    -0.0000     5.4122     5.4121      9.908     10.131      0.244    1449.50    1449.50  0.000e+00
       1121     10.500     8.3186     8.3185    -0.0001    0.84566    0.84564          1     7.4302     7.6606       9.98     0.0213  5.807e-01  1.451e+00  2.498e+02     7.1060     7.1058    -0.0001     5.4121     5.4120     10.403     10.637      0.267    1449.52    1449.51  0.000e+00
       1169     11.000     8.3183     8.3186     0.0003    0.84574    0.84567          1     7.4350     7.6698       9.98     0.0213  5.130e-01  1.281e+00  2.498e+02     7.1067     7.1061    -0.0006     5.4127     5.4122     10.898     11.144      0.236    1449.52    1449.52  0.000e+00
       1220     11.500     8.3162     8.3177     0.0015    0.84570    0.84573          1     7.4360     7.6692       9.98     0.0209  4.538e-01  1.134e+00  2.498e+02     7.1067     7.1067    -0.0001     5.4129     5.4127     11.394     11.650      0.244    1449.52    1449.53  0.000e+00
       1266     12.000     8.3140     8.3164     0.0024    0.84560    0.84570          1     7.4359     7.6678       9.98     0.0208  3.967e-01  9.910e-01  2.498e+02     7.1062     7.1066     0.0004     5.4127     5.4128     11.889     12.157      0.265    1449.52    1449.53  0.000e+00
       1312     12.500     8.3190     8.3174    -0.0015    0.84585    0.84574          1     7.4314     7.6668       9.97     0.0207  3.486e-01  8.708e-01  2.498e+02     7.1074     7.1067    -0.0007     5.4132     5.4128     12.385     12.663      0.259    1449.55    1449.54  0.000e+00
       1359     13.000     8.3223     8.3193    -0.0030    0.84601    0.84584          1     7.4121     7.6608       9.97     0.0207  3.073e-01  7.675e-01  2.498e+02     7.1081     7.1072    -0.0010     5.4135     5.4130     12.880     13.170      0.259    1449.57    1449.56  0.000e+00
       1404     13.500     8.3204     8.3225     0.0020    0.84593    0.84600          1     7.4341     7.6651       9.97     0.0214  2.676e-01  6.685e-01  2.498e+02     7.1077     7.1079     0.0002     5.4133     5.4133     13.375     13.676      0.266    1449.57    1449.58  0.000e+00
       1451     14.000     8.3226     8.3222    -0.0004    0.84604    0.84600          1     7.4260     7.6645       9.97     0.0209  2.350e-01  5.874e-01  2.499e+02     7.1082     7.1080    -0.0003     5.4136     5.4134     13.871     14.183      0.244    1449.59    1449.59  0.000e+00
       1501     14.500     8.3232     8.3226    -0.0006    0.84605    0.84603          1     7.4081     7.6637       9.97     0.0208  2.059e-01  5.148e-01  2.500e+02     7.1082     7.1080    -0.0001     5.4135     5.4134     14.366     14.689      0.250    1449.60    1449.60  0.000e+00
       1546     15.000     8.3237     8.3222    -0.0015    0.84610    0.84601          1     7.4240     7.6585       9.97     0.0208  1.772e-01  4.425e-01  2.498e+02     7.1085     7.1079    -0.0005     5.4136     5.4133     14.861     15.196      0.282    1449.61    1449.60  0.000e+00
       1589     15.500     8.3234     8.3226    -0.0008    0.84607    0.84604          1     7.4295     7.6564       9.97     0.0219  1.538e-01  3.844e-01  2.498e+02     7.1082     7.1081    -0.0001     5.4134     5.4134     15.357     15.702      0.264    1449.62    1449.61  0.000e+00
       1635     16.000     8.3198     8.3222     0.0024    0.84591    0.84602          1     7.4307     7.6641       9.97     0.0215  1.326e-01  3.313e-01  2.498e+02     7.1074     7.1079     0.0005     5.4131     5.4133     15.852     16.209      0.271    1449.61    1449.62  0.000e+00
       1677     16.500     8.3211     8.3200    -0.0011    0.84598    0.84591          1     7.4273     7.6602       9.97     0.0213  1.125e-01  2.812e-01  2.498e+02     7.1077     7.1073    -0.0004     5.4132     5.4130     16.348     16.715      0.286    1449.62    1449.62  0.000e+00
       1721     17.000     8.3184     8.3178    -0.0006    0.84583    0.84579          1     7.4306     7.6603       9.97     0.0208  9.425e-02  2.355e-01  2.498e+02     7.1069     7.1066    -0.0003     5.4129     5.4126     16.843     17.222      0.264    1449.62    1449.61  0.000e+00
       1768     17.500     8.3154     8.3153    -0.0001    0.84569    0.84566          1     7.4310     7.6610       9.97     0.0212  7.755e-02  1.937e-01  2.498e+02     7.1061     7.1059    -0.0003     5.4125     5.4123     17.338     17.728      0.262    1449.61    1449.61  0.000e+00
       1811     18.000     8.3166     8.3152    -0.0014    0.84575    0.84566          1     7.4358     7.6570       9.97     0.0209  6.119e-02  1.529e-01  2.499e+02     7.1064     7.1058    -0.0005     5.4126     5.4123     17.834     18.235      0.284    1449.63    1449.62  0.000e+00
       1853     18.500     8.3145     8.3154     0.0008    0.84567    0.84568          1     7.4332     7.6699       9.96     0.0208  4.647e-02  1.163e-01  2.502e+02     7.1060     7.1059    -0.0001     5.4125     5.4124     18.329     18.741      0.277    1449.63    1449.63  0.000e+00
       1898     19.000     8.3125     8.3146     0.0021    0.84562    0.84567          1     7.4313     7.6660       9.96     0.0218  3.344e-02  8.363e-02  2.501e+02     7.1059     7.1060     0.0000     5.4126     5.4125     18.824     19.248      0.271    1449.62    1449.63  0.000e+00
       1940     19.500     8.3082     8.3102     0.0020    0.84558    0.84559          1     7.4226     7.6628       9.96     0.0215  2.172e-02  5.433e-02  2.502e+02     7.1064     7.1060    -0.0003     5.4133     5.4129     19.320     19.755      0.297    1449.61    1449.62  0.000e+00
       1981     20.000     8.3093     8.3101     0.0008    0.84568    0.84565          1     7.4389     7.6644       9.96     0.0217  1.106e-02  2.769e-02  2.504e+02     7.1070     7.1066    -0.0004     5.4137     5.4133     19.815     20.261      0.283    1449.63    1449.63  0.000e+00
       2026     20.500     8.3223     8.3212    -0.0010    0.84642    0.84641          1     7.4339     7.6586       9.96     0.0214  2.632e-03  6.598e-03  2.506e+02     7.1110     7.1111     0.0001     5.4158     5.4159     20.310     20.768      0.260    1449.70    1449.69  0.000e+00
       2072     21.000     8.3165     8.3234     0.0068    0.84616    0.84656          1     7.4396     7.6564       9.96     0.0218  8.080e-06  2.025e-05  2.513e+02     7.1097     7.1120     0.0022     5.4152     5.4164     20.806     21.274      0.264    1449.68    1449.71  0.000e+00
       2117     21.500     8.3121     8.3167     0.0046    0.84590    0.84618          1     7.4289     7.6583       9.96     0.0216  3.990e-13  1.000e-12  2.506e+02     7.1082     7.1099     0.0017     5.4144     5.4153     21.301     21.781      0.264    1449.67    1449.69  0.000e+00
       2164     22.000     8.3123     8.3126     0.0003    0.84593    0.84592          1     7.4294     7.6622       9.96     0.0210  3.988e-13  1.000e-12  2.508e+02     7.1084     7.1083    -0.0002     5.4146     5.4145     21.796     22.287      0.250    1449.68    1449.68  0.000e+00
       2210     22.500     8.3114     8.3144     0.0031    0.84588    0.84609          1     7.4302     7.6668       9.96     0.0219  3.987e-13  1.000e-12  2.508e+02     7.1081     7.1094     0.0013     5.4144     5.4152     22.292     22.794      0.271    1449.68    1449.69  0.000e+00
       2254     23.000     8.3161     8.3191     0.0030    0.84625    0.84642          1     7.4171     7.6550       9.96     0.0214  3.987e-13  1.000e-12  2.508e+02     7.1104     7.1113     0.0009     5.4158     5.4163     22.787     23.300      0.270    1449.71    1449.72  0.000e+00
       2300     23.500     8.3178     8.3391     0.0213    0.84642    0.84725          1     7.4244     7.6621       9.96     0.0214  3.986e-13  1.000e-12  2.509e+02     7.1115     7.1148     0.0033     5.4165     5.4173     23.282     23.807      0.259    1449.73    1449.82  0.000e+00
       2346     24.000     8.3386     8.3523     0.0137    0.84729    0.84781          1     7.4165     7.6552       9.96     0.0212  3.979e-13  1.000e-12  2.513e+02     7.1152     7.1171     0.0019     5.4176     5.4180     23.778     24.313      0.264    1449.82    1449.88  0.000e+00
       2391     24.500     8.3490     8.3543     0.0054    0.84771    0.84789          1     7.4139     7.6491       9.96     0.0215  3.985e-13  1.000e-12  2.509e+02     7.1169     7.1174     0.0005     5.4181     5.4180     24.273     24.820      0.257    1449.87    1449.90  0.000e+00
       2440     25.000     8.3522     8.3549     0.0028    0.84784    0.84791          1     7.4172     7.6440       9.96     0.0204  3.979e-13  1.000e-12  2.513e+02     7.1173     7.1174     0.0001     5.4181     5.4180     24.768     25.326      0.246    1449.90    1449.91  0.000e+00
       2487     25.500     8.3552     8.3574     0.0022    0.84796    0.84802          1     7.4120     7.6505       9.96     0.0211  3.989e-13  1.000e-12  2.507e+02     7.1177     7.1178     0.0001     5.4182     5.4181     25.264     25.833      0.262    1449.92    1449.93  0.000e+00
       2531     26.000     8.3551     8.3561     0.0010    0.84796    0.84792          1     7.4093     7.6504       9.96     0.0207  3.998e-13  1.000e-12  2.501e+02     7.1176     7.1171    -0.0005     5.4181     5.4177     25.759     26.339      0.269    1449.92    1449.93  0.000e+00
       2578     26.500     8.3552     8.3574     0.0022    0.84793    0.84799          1     7.4161     7.6488       9.96     0.0206  3.992e-13  1.000e-12  2.505e+02     7.1173     7.1174     0.0001     5.4179     5.4178     26.254     26.846      0.254    1449.93    1449.94  0.000e+00
       2624     27.000     8.3574     8.3601     0.0028    0.84800    0.84806          1     7.4151     7.6489       9.96     0.0207  3.978e-13  1.000e-12  2.514e+02     7.1175     7.1175    -0.0000     5.4178     5.4176     26.750     27.352      0.266    1449.95    1449.96  0.000e+00
       2669     27.500     8.3568     8.3544    -0.0024    0.84796    0.84786          1     7.4139     7.6419       9.96     0.0207  3.972e-13  1.000e-12  2.517e+02     7.1172     7.1167    -0.0005     5.4176     5.4175     27.245     27.859      0.262    1449.96    1449.95  0.000e+00
       2716     28.000     8.3493     8.3504     0.0011    0.84768    0.84770          1     7.4227     7.6497       9.96     0.0207  3.971e-13  1.000e-12  2.518e+02     7.1161     7.1161    -0.0000     5.4174     5.4173     27.740     28.365      0.248    1449.93    1449.94  0.000e+00
