ctdpy/tests/etc/all_smhi_bas_2018/SBE09_0827_20181010_0237_26_01_1056.cnv
* Sea-Bird SBE 9 Data File:
* FileName = D:\CTD_SBE911\DAT\26DA.2018.10.56.hex
* Software Version Seasave V 7.21d
* Temperature SN = 4548
* Conductivity SN = 3062
* Number of Bytes Per Scan = 48
* Number of Voltage Words = 5
* Number of Scans Averaged by the Deck Unit = 1
* NMEA Latitude = 58 15.05 N
* NMEA Longitude = 019 11.88 E
* NMEA UTC (Time) = Oct 10 2018  02:40:29
* NMEA baud rate = 4800
** Ship: DANA
** Average sound velocity: 1455.56 m/s
** True-depth calculation Thu, 28 Mar 2019 12:23:13 +0000
** CTD Python Module SMHI /ver 3-12/ feb 2012 
** LIMS Job: 20182601-1056
**  4SW Gotska sandon
** Operator: Christian A-KTh
** Cruise: 10/2018
# nquan = 26
# nvalues = 118                         
# units = specified
# name 0 = scan: Scan Count
# name 1 = prDM: Pressure, Digiquartz [db]
# name 2 = t090C: Temperature [ITS-90, deg C]
# name 3 = t190C: Temperature, 2 [ITS-90, deg C]
# name 4 = T2-T190C: Temperature Difference, 2 - 1 [ITS-90, deg C]
# name 5 = c0S/m: Conductivity [S/m]
# name 6 = c1S/m: Conductivity, 2 [S/m]
# name 7 = pumps: Pump Status
# name 8 = sbeox1ML/L: Oxygen, SBE 43, 2 [ml/l]
# name 9 = sbeox0ML/L: Oxygen, SBE 43 [ml/l]
# name 10 = altM: Altimeter [m]
# name 11 = chloroflTC0: Chlorophyll, Turner Cyclops [ug/l]
# name 12 = cpar: CPAR/Corrected Irradiance [%]
# name 13 = par: PAR/Irradiance, Biospherical/Lico [µE/(cm^2*s)]
# name 14 = spar: SPAR, Biospherical/Licor
# name 15 = sal00: Salinity, Practical [PSU]
# name 16 = sal11: Salinity, Practical, 2 [PSU]
# name 17 = secS-priS: Salinity, Practical, Difference, 2 - 1 [PSU]
# name 18 = sigma-t00: Density [sigma-t, kg/m^3 ]
# name 19 = sigma-t11: Density, 2 [sigma-t, kg/m^3 ]
# name 20 = depSM: Depth [salt water, m], lat = 58.2508
# name 21 = depFM: Depth [true depth, m], lat = 58.2508
# name 22 = dz/dtM: Descent Rate [m/s], WS = 2
# name 23 = svCM: Sound Velocity [Chen-Millero, m/s]
# name 24 = svCM1: Sound Velocity, 2 [Chen-Millero, m/s]
# name 25 = flag: flag
# span 0 =         70,       5961       
# span 1 =      2.000,     60.500       
# span 2 =     3.8902,    10.8557       
# span 3 =     3.8766,    10.8560       
# span 4 =    -0.2964,     0.0521       
# span 5 =   0.783442,   0.882383       
# span 6 =   0.783632,   0.882391       
# span 7 =          1,          1       
# span 8 =     5.0876,     7.3398       
# span 9 =     4.8068,     6.8754       
# span 10 =       2.39,       9.97      
# span 11 =     0.0159,     0.0294      
# span 12 = -1.061e+02, 2.5708e+03      
# span 13 = 1.0000e-12, 1.0000e-12      
# span 14 = 1.9786e+00, 2.0330e+00      
# span 15 =     6.9316,     8.0976      
# span 16 =     6.9315,     8.1728      
# span 17 =    -0.0002,     0.0751      
# span 18 =     5.0200,     6.4311      
# span 19 =     5.0198,     6.4890      
# span 20 =      1.981,     59.929      
# span 21 =      2.027,     61.306      
# span 22 =      0.117,      0.534      
# span 23 =    1431.91,    1459.52      
# span 24 =    1431.78,    1459.52      
# span 25 = 0.0000e+00, 0.0000e+00      
# interval = decibars: 0.5              
# start_time = Oct 10 2018 02:40:29 [NMEA time, first data scan]
# bad_flag = -9.990e-29
*END*
[from data line 56]
       2971     30.000    10.6945    10.6990     0.0046    0.88057    0.88065          1     7.2055     6.7476       9.97     0.0268  4.924e-11  1.000e-12  2.031e+00     6.9458     6.9457    -0.0002     5.0497     5.0490     29.719     30.403      0.253    1459.00    1459.02  0.000e+00
       3037     30.500    10.6814    10.6797    -0.0017    0.88043    0.88044          1     7.1974     6.7565       9.97     0.0265  4.924e-11  1.000e-12  2.031e+00     6.9471     6.9475     0.0004     5.0521     5.0527     30.214     30.910      0.299    1458.96    1458.95  0.000e+00
       3067     31.000    10.6787    10.6785    -0.0002    0.88042    0.88044          1     7.1916     6.7575       9.97     0.0261  4.924e-11  1.000e-12  2.031e+00     6.9475     6.9477     0.0002     5.0527     5.0529     30.710     31.417      0.386    1458.96    1458.96  0.000e+00
       3144     31.500    10.6772    10.6755    -0.0017    0.88043    0.88043          1     7.1981     6.7606       9.97     0.0269  4.924e-11  1.000e-12  2.031e+00     6.9478     6.9481     0.0003     5.0532     5.0536     31.205     31.924      0.288    1458.96    1458.95  0.000e+00
       3190     32.000    10.6738    10.6733    -0.0006    0.88041    0.88041          1     7.2042     6.7556       9.97     0.0264  4.924e-11  1.000e-12  2.031e+00     6.9482     6.9483     0.0002     5.0539     5.0541     31.700     32.430      0.508    1458.96    1458.95  0.000e+00
       3215     32.500    10.6683    10.6581    -0.0100    0.88030    0.88013          1     7.2122     6.7568       9.97     0.0268  4.924e-11  1.000e-12  2.031e+00     6.9483     6.9487     0.0004     5.0546     5.0561     32.196     32.937      0.372    1458.94    1458.90  0.000e+00
       3294     33.000    10.6356    10.6266    -0.0089    0.87954    0.87941          1     7.2340     6.7683       9.97     0.0264  4.924e-11  1.000e-12  2.031e+00     6.9479     6.9485     0.0006     5.0580     5.0595     32.691     33.444      0.345    1458.82    1458.79  0.000e+00
       3321     33.500    10.5992    10.5882    -0.0110    0.87868    0.87851          1     7.2512     6.7759       9.97     0.0267  4.924e-11  1.000e-12  2.031e+00     6.9475     6.9481     0.0006     5.0618     5.0636     33.186     33.950      0.534    1458.69    1458.65  0.000e+00
       3344     34.000    10.5761    10.5661    -0.0102    0.87818    0.87798          1     7.2573     6.7953       9.97     0.0268  4.924e-11  1.000e-12  2.031e+00     6.9475     6.9477     0.0002     5.0645     5.0658     33.681     34.457      0.421    1458.61    1458.57  0.000e+00
       3444     34.500    10.5246    10.5082    -0.0163    0.87702    0.87673          1     7.2839     6.8264       9.97     0.0271  4.924e-11  1.000e-12  2.031e+00     6.9473     6.9480     0.0007     5.0702     5.0726     34.177     34.964      0.357    1458.42    1458.36  0.000e+00
       3475     35.000    10.5049    10.5041    -0.0008    0.87662    0.87665          1     7.2804     6.8325       9.97     0.0279  4.924e-11  1.000e-12  2.031e+00     6.9476     6.9481     0.0004     5.0726     5.0731     34.672     35.470      0.489    1458.36    1458.35  0.000e+00
       3503     35.500    10.5043    10.5031    -0.0012    0.87663    0.87665          1     7.2811     6.8327       9.97     0.0283  4.924e-11  1.000e-12  2.031e+00     6.9478     6.9482     0.0004     5.0728     5.0733     35.167     35.977      0.318    1458.36    1458.36  0.000e+00
       3584     36.000    10.5062    10.5072     0.0010    0.87675    0.87680          1     7.2943     6.8284       9.97     0.0283  4.924e-11  1.000e-12  2.031e+00     6.9484     6.9486     0.0002     5.0731     5.0732     35.663     36.484      0.316    1458.38    1458.38  0.000e+00
       3615     36.500    10.5090    10.5097     0.0007    0.87685    0.87688          1     7.2856     6.8281       9.97     0.0285  4.924e-11  1.000e-12  2.031e+00     6.9486     6.9488     0.0002     5.0730     5.0730     36.158     36.991      0.387    1458.40    1458.40  0.000e+00
       3652     37.000    10.5095    10.5095    -0.0000    0.87687    0.87690          1     7.2896     6.8364       9.97     0.0278  4.924e-11  1.000e-12  2.031e+00     6.9487     6.9489     0.0002     5.0730     5.0731     36.653     37.497      0.270    1458.41    1458.41  0.000e+00
       3711     37.500    10.4931    10.4878    -0.0052    0.87653    0.87646          1     7.2938     6.8346       9.97     0.0282  4.924e-11  1.000e-12  2.031e+00     6.9488     6.9492     0.0004     5.0749     5.0758     37.148     38.004      0.175    1458.35    1458.33  0.000e+00
       3771     38.000    10.4687    10.4606    -0.0081    0.87599    0.87585          1     7.3060     6.8420       9.97     0.0282  4.924e-11  1.000e-12  2.031e+00     6.9488     6.9492     0.0004     5.0776     5.0788     37.644     38.511      0.319    1458.27    1458.24  0.000e+00
       3800     38.500    10.4494    10.4501     0.0006    0.87560    0.87566          1     7.3118     6.8540       9.97     0.0285  4.924e-11  1.000e-12  2.031e+00     6.9491     6.9494     0.0004     5.0800     5.0802     38.139     39.017      0.413    1458.20    1458.20  0.000e+00
       3832     39.000    10.4432    10.4448     0.0016    0.87551    0.87557          1     7.3222     6.8609       9.97     0.0294  4.924e-11  1.000e-12  2.031e+00     6.9495     6.9496     0.0002     5.0810     5.0809     38.634     39.524      0.246    1458.19    1458.19  0.000e+00
       3909     39.500    10.4318    10.4303    -0.0015    0.87539    0.87539          1     7.3198     6.8508       9.97     0.0283  4.924e-11  1.000e-12  2.031e+00     6.9506     6.9508     0.0002     5.0831     5.0835     39.129     40.031      0.294    1458.15    1458.14  0.000e+00
       3943     40.000    10.4328    10.4350     0.0022    0.87541    0.87545          1     7.3212     6.8586       9.97     0.0290  4.924e-11  1.000e-12  2.031e+00     6.9504     6.9504    -0.0001     5.0829     5.0826     39.625     40.537      0.352    1458.16    1458.17  0.000e+00
       3982     40.500    10.4344    10.4359     0.0014    0.87544    0.87547          1     7.3237     6.8682       9.97     0.0292  4.924e-11  1.000e-12  2.031e+00     6.9503     6.9504     0.0000     5.0826     5.0825     40.120     41.044      0.251    1458.18    1458.18  0.000e+00
       4046     41.000    10.4009    10.3946    -0.0062    0.87486    0.87479          1     7.3152     6.8541       9.97     0.0284  4.924e-11  1.000e-12  2.031e+00     6.9517     6.9524     0.0006     5.0875     5.0887     40.615     41.551      0.218    1458.06    1458.03  0.000e+00
       4092     41.500    10.3807    10.3699    -0.0108    0.87455    0.87442          1     7.3398     6.8628       9.97     0.0281  4.924e-11  1.000e-12  2.031e+00     6.9529     6.9538     0.0010     5.0906     5.0926     41.110     42.057      0.333    1457.99    1457.95  0.000e+00
       4127     42.000    10.3702    10.3432    -0.0272    0.87442    0.87398          1     7.3048     6.8605       9.97     0.0283  4.924e-11  1.000e-12  2.031e+00     6.9537     6.9551     0.0014     5.0924     5.0965     41.606     42.564      0.310    1457.96    1457.85  0.000e+00
       4176     42.500    10.2484    10.1919    -0.0565    0.87208    0.87116          1     7.2782     6.8323       9.97     0.0273  4.924e-11  1.000e-12  2.031e+00     6.9568     6.9597     0.0030     5.1082     5.1167     42.101     43.071      0.204    1457.50    1457.28  0.000e+00
       4238     43.000    10.1967    10.2056     0.0089    0.87128    0.87152          1     7.2783     6.8357       9.97     0.0269  4.924e-11  1.000e-12  2.031e+00     6.9598     6.9602     0.0004     5.1162     5.1155     42.596     43.578      0.226    1457.31    1457.34  0.000e+00
       4279     43.500    10.2236    10.2287     0.0053    0.87186    0.87203          1     7.2686     6.8305       9.97     0.0269  4.924e-11  1.000e-12  2.031e+00     6.9595     6.9600     0.0005     5.1131     5.1129     43.091     44.084      0.379    1457.42    1457.44  0.000e+00
       4311     44.000    10.2013    10.1942    -0.0072    0.87145    0.87140          1     7.2785     6.8241       9.97     0.0269  4.924e-11  1.000e-12  2.031e+00     6.9602     6.9612     0.0009     5.1161     5.1175     43.587     44.591      0.305    1457.34    1457.32  0.000e+00
       4384     44.500    10.1809    10.1798    -0.0011    0.87114    0.87118          1     7.2790     6.8318       9.97     0.0268  4.924e-11  1.000e-12  2.031e+00     6.9614     6.9620     0.0006     5.1192     5.1198     44.082     45.098      0.268    1457.27    1457.27  0.000e+00
       4426     45.000    10.1615    10.1533    -0.0083    0.87078    0.87073          1     7.2665     6.8218       9.97     0.0260  4.924e-11  1.000e-12  2.031e+00     6.9620     6.9631     0.0011     5.1217     5.1235     44.577     45.604      0.361    1457.21    1457.18  0.000e+00
       4461     45.500    10.1317    10.1204    -0.0113    0.87024    0.87010          1     7.2676     6.8178       9.97     0.0259  4.924e-11  1.000e-12  2.031e+00     6.9630     6.9639     0.0009     5.1257     5.1277     45.072     46.111      0.299    1457.10    1457.06  0.000e+00
       4512     46.000    10.1187    10.1143    -0.0044    0.87007    0.87004          1     7.2698     6.8203       9.97     0.0258  4.924e-11  1.000e-12  2.031e+00     6.9640     6.9646     0.0006     5.1279     5.1288     45.568     46.618      0.201    1457.06    1457.04  0.000e+00
       4570     46.500    10.1086    10.1130     0.0044    0.86995    0.87007          1     7.2879     6.8211       9.97     0.0257  4.924e-11  1.000e-12  2.031e+00     6.9648     6.9650     0.0001     5.1297     5.1293     46.063     47.124      0.267    1457.03    1457.05  0.000e+00
       4607     47.000    10.1226    10.1240     0.0015    0.87025    0.87033          1     7.2615     6.8150       9.97     0.0259  4.924e-11  1.000e-12  2.031e+00     6.9647     6.9650     0.0004     5.1280     5.1281     46.558     47.631      0.335    1457.09    1457.10  0.000e+00
       4647     47.500    10.0915    10.0882    -0.0034    0.86957    0.86956          1     7.2782     6.8163       9.97     0.0256  4.924e-11  1.000e-12  2.031e+00     6.9647     6.9652     0.0006     5.1313     5.1322     47.053     48.138      0.258    1456.98    1456.97  0.000e+00
       4705     48.000    10.1153    10.1081    -0.0072    0.87020    0.87004          1     7.2785     6.8227       9.97     0.0264  4.924e-11  1.000e-12  2.031e+00     6.9655     6.9655     0.0001     5.1294     5.1303     47.549     48.644      0.205    1457.08    1457.05  0.000e+00
       4753     48.500    10.0648    10.0189    -0.0458    0.86895    0.86804          1     7.2484     6.8097       9.97     0.0255  4.924e-11  1.000e-12  2.031e+00     6.9644     6.9653     0.0010     5.1340     5.1397     48.044     49.151      0.373    1456.89    1456.71  0.000e+00
       4781     49.000     9.9915     9.9789    -0.0125    0.86720    0.86704          1     7.2450     6.8045       9.97     0.0251  4.924e-11  1.000e-12  2.031e+00     6.9633     6.9643     0.0010     5.1410     5.1431     48.539     49.658      0.386    1456.61    1456.56  0.000e+00
       4847     49.500     9.9397     9.9308    -0.0089    0.86599    0.86587          1     7.2473     6.8077       9.97     0.0246  4.924e-11  1.000e-12  2.031e+00     6.9627     6.9634     0.0006     5.1460     5.1475     49.034     50.164      0.266    1456.42    1456.38  0.000e+00
       4892     50.000     9.8989     9.8973    -0.0017    0.86505    0.86511          1     7.2397     6.7989       9.97     0.0244  4.924e-11  1.000e-12  2.031e+00     6.9623     6.9632     0.0009     5.1500     5.1508     49.530     50.671      0.445    1456.27    1456.26  0.000e+00
       4920     50.500     9.8583     9.8026    -0.0556    0.86395    0.86284          1     7.2349     6.7838       9.97     0.0244  4.924e-11  1.000e-12  2.031e+00     6.9605     6.9616     0.0011     5.1528     5.1595     50.025     51.178      0.338    1456.11    1455.89  0.000e+00
       5001     51.000     9.6220     9.6019    -0.0199    0.85829    0.85809          1     7.3138     6.8207       9.97     0.0228  4.924e-11  1.000e-12  2.031e+00     6.9568     6.9589     0.0021     5.1743     5.1779     50.520     51.684      0.318    1455.19    1455.11  0.000e+00
       5030     51.500     9.4992     9.4744    -0.0251    0.85603    0.85582          1     7.3129     6.8191       9.97     0.0228  4.924e-11  1.000e-12  2.031e+00     6.9607     6.9637     0.0029     5.1897     5.1945     51.015     52.191      0.452    1454.72    1454.62  0.000e+00
       5060     52.000     9.2813     9.0255    -0.2562    0.85209    0.84858          1     7.3026     6.8288       9.97     0.0225  4.924e-11  1.000e-12  2.031e+00     6.9683     6.9872     0.0190     5.2169     5.2560     51.511     52.698      0.293    1453.87    1452.88  0.000e+00
       5127     52.500     7.9333     7.6383    -0.2964    0.82849    0.82506          1     7.1791     6.8358       9.97     0.0204  4.924e-11  1.000e-12  2.031e+00     7.0229     7.0509     0.0280     5.3780     5.4231     52.006     53.204      0.289    1448.50    1447.33  0.000e+00
       5161     53.000     7.1988     7.0742    -0.1244    0.81690    0.81626          1     7.2290     6.8739       9.97     0.0194  4.924e-11  1.000e-12  2.031e+00     7.0647     7.0842     0.0195     5.4660     5.4899     52.501     53.711      0.320    1445.53    1445.04  0.000e+00
       5215     53.500     6.8682     6.7346    -0.1341    0.81318    0.81209          1     7.2265     6.8406       9.84     0.0183  4.924e-11  1.000e-12  2.031e+00     7.0977     7.1151     0.0174     5.5143     5.5366     52.996     54.217      0.222    1444.20    1443.66  0.000e+00
       5262     54.000     6.6289     6.4806    -0.1478    0.81067    0.80956          1     7.2019     6.8000       9.43     0.0176  4.924e-11  1.000e-12  2.031e+00     7.1235     7.1439     0.0204     5.5499     5.5750     53.491     54.724      0.312    1443.23    1442.62  0.000e+00
       5304     54.500     6.2946     6.0935    -0.2013    0.80605    0.80389          1     7.1599     6.7709       8.87     0.0174  4.924e-11  1.000e-12  2.031e+00     7.1494     7.1711     0.0217     5.5900     5.6184     53.987     55.230      0.267    1441.85    1441.01  0.000e+00
       5347     55.000     5.8867     5.7743    -0.1125    0.79958    0.79866          1     7.1978     6.8025       8.36     0.0172  4.924e-11  1.000e-12  2.031e+00     7.1734     7.1884     0.0150     5.6312     5.6488     54.482     55.736      0.289    1440.14    1439.67  0.000e+00
       5400     55.500     5.5291     5.4151    -0.1129    0.79372    0.79271          1     7.2975     6.8754       7.79     0.0171  4.924e-11  1.000e-12  2.031e+00     7.1928     7.2073     0.0146     5.6639     5.6807     54.977     56.243      0.223    1438.62    1438.15  0.000e+00
       5446     56.000     5.3018     5.2300    -0.0724    0.79050    0.79016          1     7.2788     6.8629       7.27     0.0171  4.924e-11  1.000e-12  2.031e+00     7.2100     7.2222     0.0122     5.6880     5.7006     55.472     56.749      0.329    1437.66    1437.37  0.000e+00
       5485     56.500     4.8895     4.6615    -0.2275    0.78550    0.78363          1     7.2295     6.8373       6.71     0.0170  4.924e-11  1.000e-12  2.031e+00     7.2501     7.2815     0.0314     5.7360     5.7691     55.968     57.256      0.252    1435.91    1434.94  0.000e+00
       5542     57.000     4.6178     4.5864    -0.0314    0.78344    0.78384          1     7.2508     6.8126       6.14     0.0166  4.924e-11  1.000e-12  2.031e+00     7.2891     7.3000     0.0110     5.7767     5.7865     56.463     57.762      0.243    1434.77    1434.64  0.000e+00
