ctdpy/tests/etc/all_smhi_bas_2018/SBE09_1044_20181017_1836_34_01_0103.cnv
* Sea-Bird SBE 9 Data File:
* FileName = C:\LUOTAUS\DATA_IN\hex_in\SMHI\ar18d103.hex
* Software Version Seasave V 7.23.2
* Temperature SN = 5351
* Conductivity SN = 3941
* Number of Bytes Per Scan = 30
* Number of Voltage Words = 4
* Number of Scans Averaged by the Deck Unit = 1
* NMEA baud rate = 4800
** Station:  Fladen
** Operator:  OBac
** Ship: ARANDA
** Average sound velocity: 1498.74 m/s
** True-depth calculation Wed, 17 Oct 2018 19:12:25 +0000
** CTD Python Module SMHI /ver 3-12/ feb 2012 
** LIMS Job: 20183401-0103
** Cruise: SMHI-4-2018
** Latitude [GG MM.mm N]: 57 11.569 N
** Longitude [GG MM.mm E] 11 39.487 E
# nquan = 26
# nvalues = 158                         
# units = specified
# name 0 = scan: Scan Count
# name 1 = prDM: Pressure, Digiquartz [db]
# name 2 = t090C: Temperature [ITS-90, deg C]
# name 3 = t190C: Temperature, 2 [ITS-90, deg C]
# name 4 = T2-T190C: Temperature Difference, 2 - 1 [ITS-90, deg C]
# name 5 = c0S/m: Conductivity [S/m]
# name 6 = c1S/m: Conductivity, 2 [S/m]
# name 7 = pumps: Pump Status
# name 8 = sbeox0ML/L: Oxygen, SBE 43 [ml/l]
# name 9 = sbeox1ML/L: Oxygen, SBE 43, 2 [ml/l]
# name 10 = altM: Altimeter [m]
# name 11 = flECO-AFL: Chl-a Fluorescence, WET Labs ECO-AFL/FL [mg/m^3]
# name 12 = flECO-AFL1: Phycocyanin Fluorescence, WET Labs ECO-AFL/FL, 2 [mg/m^3]
# name 13 = par: PAR/Irradiance, Biospherical/Lico [µE/(cm^2*s)]
# name 14 = turbWETntu0: Turbidity, WET Labs ECO [NTU]
# name 15 = sal00: Salinity, Practical [PSU]
# name 16 = sal11: Salinity, Practical, 2 [PSU]
# name 17 = secS-priS: Salinity, Practical, Difference, 2 - 1 [PSU]
# name 18 = sigma-t00: Density [sigma-t, Kg/m^3 ]
# name 19 = sigma-t11: Density, 2 [sigma-t, Kg/m^3 ]
# name 20 = depSM: Depth [salt water, m], lat = 0
# name 21 = depFM: Depth [true depth, m], lat = 0
# name 22 = dz/dtM: Descent Rate [m/s], WS = 2
# name 23 = svCM: Sound Velocity [Chen-Millero, m/s]
# name 24 = svCM1: Sound Velocity, 2 [Chen-Millero, m/s]
# name 25 = flag: flag
# span 0 =      16142,      19536       
# span 1 =      1.500,     80.000       
# span 2 =    13.1343,    13.8942       
# span 3 =    13.1369,    13.8955       
# span 4 =    -0.0012,     0.0115       
# span 5 =   3.177375,   4.006128       
# span 6 =   3.180055,   4.006208       
# span 7 =          1,          1       
# span 8 =    4.05819,    6.19365       
# span 9 =    3.86917,    5.87139       
# span 10 =       3.94,      98.67      
# span 11 =     0.1318,     1.6315      
# span 12 =     0.1679,     0.3609      
# span 13 = 1.0000e-12, 1.0000e-12      
# span 14 =     0.2077,     4.9216      
# span 15 =    26.2664,    33.7329      
# span 16 =    26.2903,    33.7316      
# span 17 =    -0.0254,     0.0561      
# span 18 =    19.6048,    25.3317      
# span 19 =    19.6231,    25.3303      
# span 20 =      1.492,     79.544      
# span 21 =      1.498,     79.592      
# span 22 =     -0.005,      0.622      
# span 23 =    1490.56,    1501.34      
# span 24 =    1490.59,    1501.35      
# span 25 = 0.0000e+00, 0.0000e+00      
# interval = decibars: 0.5              
# start_time = Oct 17 2018 18:36:06 [System UTC, header]
# bad_flag = -9.990e-29
*END*
[from data line 56]
      17381     29.500    13.8828    13.8833     0.0005    3.86210    3.86200          1     4.8429     4.6034      69.08     0.2056     0.2096  1.000e-12  0.3965000    32.0122    32.0109    -0.0013    23.9031    23.9020     29.336     29.414      0.541    1500.07    1500.07  0.000e+00
      17403     30.000    13.8839    13.8851     0.0012    3.86236    3.86251          1     4.8538     4.6008      63.26     0.2180     0.2184  1.000e-12  0.3919000    32.0134    32.0138     0.0004    23.9039    23.9039     29.833     29.911      0.569    1500.08    1500.09  0.000e+00
      17423     30.500    13.8877    13.8889     0.0012    3.86493    3.86547          1     4.8965     4.6206      45.21     0.2179     0.2015  1.000e-12  0.3963000    32.0337    32.0378     0.0040    23.9188    23.9216     30.330     30.408      0.614    1500.13    1500.14  0.000e+00
      17442     31.000    13.8942    13.8955     0.0013    3.87844    3.87857          1     4.9390     4.6661      42.57     0.2163     0.1801  1.000e-12  0.3903000    32.1530    32.1531     0.0001    24.0095    24.0093     30.827     30.906      0.609    1500.30    1500.30  0.000e+00
      17463     31.500    13.8716    13.8738     0.0021    3.88111    3.88118          1     4.9761     4.7124      54.69     0.2149     0.1933  1.000e-12  0.3835000    32.1962    32.1952    -0.0011    24.0475    24.0463     31.325     31.403      0.570    1500.28    1500.29  0.000e+00
      17485     32.000    13.8685    13.8688     0.0003    3.88127    3.88123          1     5.0133     4.7434      97.69     0.2164     0.2706  1.000e-12  0.3697000    32.2002    32.1996    -0.0006    24.0512    24.0507     31.822     31.900      0.548    1500.29    1500.29  0.000e+00
      17506     32.500    13.8509    13.8525     0.0016    3.88418    3.88430          1     5.0174     4.7330      29.83     0.2314     0.2491  1.000e-12  0.3714000    32.2418    32.2414    -0.0003    24.0869    24.0863     32.319     32.398      0.559    1500.29    1500.29  0.000e+00
      17528     33.000    13.8450    13.8466     0.0016    3.89530    3.89521          1     4.9481     4.6742      61.52     0.2463     0.2409  1.000e-12  0.3820000    32.3493    32.3472    -0.0022    24.1712    24.1692     32.816     32.895      0.580    1500.40    1500.40  0.000e+00
      17548     33.500    13.8252    13.8275     0.0023    3.90822    3.90803          1     4.8458     4.5883      92.06     0.2284     0.2378  1.000e-12  0.3965000    32.4854    32.4818    -0.0036    24.2804    24.2771     33.313     33.392      0.587    1500.51    1500.51  0.000e+00
      17568     34.000    13.8194    13.8216     0.0023    3.91989    3.92042          1     4.7365     4.5070      97.31     0.2107     0.1822  1.000e-12  0.4343000    32.5983    32.6013     0.0030    24.3687    24.3706     33.810     33.889      0.568    1500.63    1500.64  0.000e+00
      17590     34.500    13.8354    13.8365     0.0011    3.92570    3.92578          1     4.6636     4.4636      58.81     0.2131     0.1930  1.000e-12  0.4503000    32.6383    32.6381    -0.0002    24.3963    24.3960     34.308     34.387      0.531    1500.73    1500.74  0.000e+00
      17614     35.000    13.8354    13.8369     0.0015    3.92721    3.92727          1     4.6297     4.4122      47.40     0.1962     0.1807  1.000e-12  0.4652000    32.6521    32.6514    -0.0007    24.4071    24.4062     34.805     34.884      0.526    1500.76    1500.76  0.000e+00
      17636     35.500    13.8281    13.8290     0.0009    3.93403    3.93398          1     4.5486     4.3324      98.67     0.1789     0.2129  1.000e-12  0.5002000    32.7213    32.7201    -0.0012    24.4620    24.4608     35.302     35.381      0.570    1500.82    1500.83  0.000e+00
      17656     36.000    13.8351    13.8357     0.0006    3.93935    3.93932          1     4.4477     4.2416      37.42     0.1735     0.2406  1.000e-12  0.5439000    32.7645    32.7636    -0.0008    24.4939    24.4931     35.799     35.878      0.599    1500.91    1500.91  0.000e+00
      17676     36.500    13.8152    13.8167     0.0016    3.94925    3.94934          1     4.3773     4.1938      46.35     0.1742     0.2463  1.000e-12  0.5645000    32.8732    32.8727    -0.0005    24.5819    24.5813     36.296     36.375      0.580    1500.98    1500.98  0.000e+00
      17697     37.000    13.7783    13.7805     0.0022    3.95799    3.95786          1     4.3404     4.1559      46.14     0.1633     0.1802  1.000e-12  0.6201000    32.9859    32.9827    -0.0031    24.6766    24.6737     36.793     36.872      0.552    1501.00    1501.00  0.000e+00
      17719     37.500    13.7385    13.7407     0.0022    3.96540    3.96530          1     4.2919     4.0986      45.38     0.1522     0.2034  1.000e-12  0.6205000    33.0888    33.0860    -0.0028    24.7642    24.7616     37.291     37.369      0.555    1501.00    1501.00  0.000e+00
      17741     38.000    13.6774    13.6837     0.0063    3.97054    3.97041          1     4.2394     4.0558      62.38     0.1504     0.2248  1.000e-12  0.7589000    33.1895    33.1828    -0.0067    24.8545    24.8480     37.788     37.866      0.566    1500.92    1500.93  0.000e+00
      17762     38.500    13.6312    13.6360     0.0047    3.97322    3.97321          1     4.2144     4.0371      97.01     0.1458     0.2542  1.000e-12  0.9086000    33.2543    33.2501    -0.0042    24.9140    24.9098     38.285     38.363      0.562    1500.85    1500.87  0.000e+00
      17783     39.000    13.6203    13.6226     0.0023    3.97377    3.97384          1     4.2078     4.0384      97.46     0.1364     0.2672  1.000e-12  0.9975000    33.2688    33.2674    -0.0014    24.9275    24.9259     38.782     38.860      0.567    1500.84    1500.85  0.000e+00
      17804     39.500    13.6179    13.6187     0.0008    3.97391    3.97402          1     4.2050     4.0406      97.46     0.1318     0.2076  1.000e-12  1.0129000    33.2719    33.2722     0.0003    24.9304    24.9304     39.279     39.357      0.575    1500.85    1500.85  0.000e+00
      17825     40.000    13.6144    13.6162     0.0018    3.97403    3.97412          1     4.2076     4.0347      80.34     0.2062     0.1799  1.000e-12  1.0163000    33.2759    33.2752    -0.0007    24.9341    24.9332     39.776     39.854      0.560    1500.85    1500.85  0.000e+00
      17847     40.500    13.6139    13.6152     0.0012    3.97405    3.97414          1     4.2242     4.0354      41.60     0.1645     0.1989  1.000e-12  1.0130000    33.2763    33.2761    -0.0002    24.9345    24.9342     40.274     40.350      0.533    1500.86    1500.86  0.000e+00
      17870     41.000    13.6115    13.6133     0.0017    3.97408    3.97418          1     4.2271     4.0201      41.42     0.1501     0.2229  1.000e-12  1.0321000    33.2784    33.2779    -0.0006    24.9367    24.9359     40.771     40.847      0.542    1500.86    1500.86  0.000e+00
      17891     41.500    13.6025    13.6030     0.0006    3.97395    3.97399          1     4.1886     3.9850      40.87     0.1616     0.2168  1.000e-12  1.0291000    33.2849    33.2848    -0.0001    24.9435    24.9433     41.268     41.344      0.590    1500.85    1500.85  0.000e+00
      17911     42.000    13.5847    13.5857     0.0010    3.97291    3.97296          1     4.1432     3.9502      40.53     0.1746     0.1799  1.000e-12  1.0237000    33.2904    33.2901    -0.0004    24.9515    24.9510     41.765     41.841      0.618    1500.80    1500.80  0.000e+00
      17930     42.500    13.5598    13.5617     0.0019    3.97271    3.97282          1     4.1015     3.9203      40.15     0.1748     0.1785  1.000e-12  1.0891000    33.3101    33.3095    -0.0007    24.9717    24.9708     42.262     42.338      0.589    1500.75    1500.76  0.000e+00
      17952     43.000    13.5401    13.5414     0.0014    3.97298    3.97309          1     4.0823     3.8911      39.70     0.1748     0.2201  1.000e-12  1.0940000    33.3296    33.3295    -0.0002    24.9908    24.9904     42.759     42.835      0.534    1500.72    1500.72  0.000e+00
      17975     43.500    13.5035    13.5046     0.0010    3.97370    3.97386          1     4.0631     3.8766      38.96     0.1558     0.2617  1.000e-12  1.0921000    33.3681    33.3687     0.0006    25.0280    25.0282     43.256     43.332      0.538    1500.65    1500.65  0.000e+00
      17996     44.000    13.4756    13.4778     0.0022    3.97494    3.97504          1     4.0582     3.8752      38.42     0.1577     0.2642  1.000e-12  1.1719000    33.4040    33.4030    -0.0010    25.0614    25.0602     43.754     43.828      0.585    1500.61    1500.61  0.000e+00
      18016     44.500    13.4602    13.4624     0.0023    3.97632    3.97641          1     4.0773     3.8711      37.99     0.1658     0.2364  1.000e-12  1.2378000    33.4302    33.4291    -0.0011    25.0848    25.0834     44.251     44.325      0.603    1500.60    1500.60  0.000e+00
      18036     45.000    13.4517    13.4536     0.0018    3.97716    3.97725          1     4.0891     3.8692      37.61     0.1737     0.2498  1.000e-12  1.2789000    33.4453    33.4445    -0.0008    25.0982    25.0972     44.748     44.822      0.578    1500.60    1500.60  0.000e+00
      18058     45.500    13.4388    13.4404     0.0016    3.97882    3.97896          1     4.0855     3.8784      37.00     0.1622     0.1850  1.000e-12  1.3691000    33.4719    33.4718    -0.0001    25.1214    25.1210     45.245     45.319      0.545    1500.59    1500.60  0.000e+00
      18080     46.000    13.4329    13.4342     0.0013    3.98052    3.98072          1     4.1011     3.8994      36.54     0.1740     0.2440  1.000e-12  1.3867000    33.4929    33.4936     0.0007    25.1388    25.1391     45.742     45.816      0.548    1500.61    1500.61  0.000e+00
      18101     46.500    13.4255    13.4270     0.0015    3.98304    3.98321          1     4.1756     3.9566      36.09     0.1645     0.2503  1.000e-12  1.7916000    33.5229    33.5232     0.0003    25.1635    25.1634     46.239     46.312      0.581    1500.62    1500.63  0.000e+00
      18121     47.000    13.4309    13.4324     0.0014    3.98690    3.98715          1     4.2959     4.0495      35.64     0.1968     0.1846  1.000e-12  2.1851000    33.5542    33.5552     0.0010    25.1866    25.1871     46.737     46.809      0.594    1500.69    1500.69  0.000e+00
      18142     47.500    13.4503    13.4519     0.0017    3.99270    3.99292          1     4.4010     4.1364      35.06     0.2207     0.2653  1.000e-12  2.4140000    33.5913    33.5920     0.0007    25.2114    25.2116     47.234     47.306      0.574    1500.80    1500.81  0.000e+00
      18163     48.000    13.4562    13.4592     0.0030    3.99410    3.99456          1     4.4310     4.1883      34.66     0.1851     0.2406  1.000e-12  2.2547000    33.5991    33.6007     0.0016    25.2162    25.2169     47.731     47.803      0.560    1500.84    1500.85  0.000e+00
      18185     48.500    13.4592    13.4612     0.0021    3.99477    3.99500          1     4.4256     4.2108      34.03     0.1629     0.2440  1.000e-12  2.0501000    33.6025    33.6029     0.0004    25.2182    25.2182     48.228     48.299      0.566    1500.86    1500.87  0.000e+00
      18206     49.000    13.4622    13.4648     0.0025    3.99539    3.99575          1     4.4498     4.2165      33.50     0.1923     0.2400  1.000e-12  1.9904000    33.6055    33.6065     0.0010    25.2200    25.2202     48.725     48.796      0.575    1500.88    1500.89  0.000e+00
      18226     49.500    13.4662    13.4668     0.0007    3.99618    3.99619          1     4.4922     4.2355      33.08     0.1827     0.2233  1.000e-12  1.9032000    33.6092    33.6087    -0.0006    25.2220    25.2215     49.222     49.293      0.575    1500.91    1500.91  0.000e+00
      18247     50.000    13.4718    13.4731     0.0013    3.99737    3.99752          1     4.5299     4.2808      32.78     0.1693     0.2352  1.000e-12  1.8304000    33.6152    33.6154     0.0002    25.2255    25.2254     49.719     49.790      0.571    1500.94    1500.95  0.000e+00
      18269     50.500    13.4785    13.4804     0.0019    3.99929    3.99978          1     4.5620     4.3236      32.34     0.1648     0.2357  1.000e-12  1.7423000    33.6271    33.6299     0.0028    25.2334    25.2352     50.216     50.286      0.566    1500.99    1501.00  0.000e+00
      18290     51.000    13.4809    13.4823     0.0013    4.00062    4.00069          1     4.5906     4.3388      31.67     0.1736     0.2074  1.000e-12  1.5653000    33.6373    33.6367    -0.0006    25.2408    25.2400     50.714     50.783      0.569    1501.02    1501.02  0.000e+00
      18311     51.500    13.4809    13.4823     0.0014    4.00075    4.00074          1     4.5967     4.3408      31.24     0.1421     0.1879  1.000e-12  1.5108000    33.6383    33.6369    -0.0013    25.2415    25.2402     51.211     51.280      0.581    1501.03    1501.03  0.000e+00
      18331     52.000    13.4801    13.4811     0.0011    4.00110    4.00119          1     4.5978     4.3485      30.77     0.1484     0.1816  1.000e-12  1.5096000    33.6421    33.6420    -0.0000    25.2446    25.2444     51.708     51.777      0.584    1501.04    1501.04  0.000e+00
      18352     52.500    13.4785    13.4803     0.0017    4.00132    4.00135          1     4.6035     4.3510      30.36     0.1504     0.2077  1.000e-12  1.5690000    33.6453    33.6440    -0.0013    25.2474    25.2461     52.205     52.273      0.563    1501.04    1501.05  0.000e+00
      18374     53.000    13.4778    13.4793     0.0015    4.00141    4.00147          1     4.5977     4.3552      29.78     0.1549     0.2320  1.000e-12  1.6227000    33.6466    33.6458    -0.0008    25.2486    25.2477     52.702     52.770      0.552    1501.05    1501.06  0.000e+00
      18395     53.500    13.4779    13.4793     0.0013    4.00144    4.00153          1     4.6003     4.3684      29.35     0.1609     0.2259  1.000e-12  1.6369000    33.6466    33.6463    -0.0004    25.2486    25.2480     53.199     53.267      0.573    1501.06    1501.06  0.000e+00
      18416     54.000    13.4776    13.4789     0.0013    4.00153    4.00162          1     4.5989     4.3603      28.68     0.1497     0.2505  1.000e-12  1.6755000    33.6474    33.6471    -0.0003    25.2493    25.2488     53.696     53.763      0.592    1501.07    1501.07  0.000e+00
      18436     54.500    13.4777    13.4791     0.0014    4.00155    4.00162          1     4.6012     4.3536      27.85     0.1504     0.2905  1.000e-12  1.6602000    33.6474    33.6468    -0.0006    25.2492    25.2485     54.193     54.260      0.583    1501.08    1501.08  0.000e+00
      18457     55.000    13.4773    13.4788     0.0014    4.00168    4.00174          1     4.6109     4.3597      27.31     0.1579     0.2658  1.000e-12  1.7262000    33.6487    33.6480    -0.0008    25.2503    25.2494     54.691     54.757      0.562    1501.08    1501.09  0.000e+00
      18478     55.500    13.4773    13.4786     0.0013    4.00174    4.00183          1     4.5968     4.3601      26.94     0.1559     0.2145  1.000e-12  1.7706000    33.6490    33.6488    -0.0002    25.2506    25.2501     55.188     55.254      0.564    1501.09    1501.10  0.000e+00
      18499     56.000    13.4775    13.4787     0.0012    4.00176    4.00187          1     4.5891     4.3580      26.54     0.1529     0.2071  1.000e-12  1.7641000    33.6489    33.6489    -0.0001    25.2504    25.2502     55.685     55.750      0.575    1501.10    1501.11  0.000e+00
      18520     56.500    13.4776    13.4788     0.0013    4.00180    4.00188          1     4.5945     4.3598      26.02     0.1621     0.1901  1.000e-12  1.7269000    33.6490    33.6487    -0.0003    25.2505    25.2500     56.182     56.247      0.564    1501.11    1501.11  0.000e+00
