ctdpy/tests/etc/all_smhi_bas_2018/SBE09_1044_20180418_0025_34_07_0015.cnv
* Sea-Bird SBE 9 Data File:
* FileName = C:\ctd\temp\2018\AU18D015.hex
* Software Version Seasave V 7.26.6.26
* Temperature SN = 5351
* Conductivity SN = 3941
* Number of Bytes Per Scan = 41
* Number of Voltage Words = 4
* Number of Scans Averaged by the Deck Unit = 1
* NMEA Latitude = 55 15.00 N
* NMEA Longitude = 015 59.06 E
* NMEA UTC (Time) = Apr 18 2018  00:25:46
* NMEA baud rate = 4800
** Station:  BY5
** Operator:  SSip
** Ship: AURA
** Average sound velocity: 1434.06 m/s
** True-depth calculation Wed, 18 Apr 2018 01:09:48 +0000
** CTD Python Module SMHI /ver 3-12/ feb 2012 
** LIMS Job: 20183407-0015
** Cruise: SMHI-01-2018
** Latitude [GG MM.mm N] :
** Longitude [GG MM.mm E]:
# nquan = 26
# nvalues = 165                         
# units = specified
# name 0 = scan: Scan Count
# name 1 = prDM: Pressure, Digiquartz [db]
# name 2 = t090C: Temperature [ITS-90, deg C]
# name 3 = t190C: Temperature, 2 [ITS-90, deg C]
# name 4 = T2-T190C: Temperature Difference, 2 - 1 [ITS-90, deg C]
# name 5 = c0S/m: Conductivity [S/m]
# name 6 = c1S/m: Conductivity, 2 [S/m]
# name 7 = pumps: Pump Status
# name 8 = sbeox0ML/L: Oxygen, SBE 43 [ml/l]
# name 9 = sbeox1ML/L: Oxygen, SBE 43, 2 [ml/l]
# name 10 = altM: Altimeter [m]
# name 11 = flECO-AFL: Chl-a Fluorescence, WET Labs ECO-AFL/FL [mg/m^3]
# name 12 = flECO-AFL1: Phycocyanin Fluorescence, WET Labs ECO-AFL/FL, 2 [mg/m^3]
# name 13 = par: PAR/Irradiance, Biospherical/Lico [µE/(cm^2*s)]
# name 14 = turbWETntu0: Turbidity, WET Labs ECO [NTU]
# name 15 = sal00: Salinity, Practical [PSU]
# name 16 = sal11: Salinity, Practical, 2 [PSU]
# name 17 = secS-priS: Salinity, Practical, Difference, 2 - 1 [PSU]
# name 18 = sigma-t00: Density [sigma-t, Kg/m^3 ]
# name 19 = sigma-t11: Density, 2 [sigma-t, Kg/m^3 ]
# name 20 = depSM: Depth [salt water, m], lat = 55.25
# name 21 = depFM: Depth [true depth, m], lat = 55.25
# name 22 = dz/dtM: Descent Rate [m/s], WS = 2
# name 23 = svCM: Sound Velocity [Chen-Millero, m/s]
# name 24 = svCM1: Sound Velocity, 2 [Chen-Millero, m/s]
# name 25 = flag: flag
# span 0 =       5889,       9715       
# span 1 =      1.000,     83.000       
# span 2 =     2.2017,     8.3695       
# span 3 =     2.2015,     8.3696       
# span 4 =    -0.0518,     0.0255       
# span 5 =   0.767921,   1.811382       
# span 6 =   0.767903,   1.811338       
# span 7 =          1,          1       
# span 8 =    0.10273,    9.54440       
# span 9 =    0.08073,    9.40675       
# span 10 =       3.99,      97.82      
# span 11 =     0.2843,     2.4838      
# span 12 =     0.1634,     0.7651      
# span 13 = 1.0000e-12, 2.2132e+00      
# span 14 =     0.1501,     0.5067      
# span 15 =     7.5553,    16.8067      
# span 16 =     7.5552,    16.8057      
# span 17 =    -0.0173,     0.0096      
# span 18 =     6.0236,    13.1251      
# span 19 =     6.0231,    13.1242      
# span 20 =      0.991,     82.234      
# span 21 =      1.012,     83.912      
# span 22 =     -0.207,      0.600      
# span 23 =    1424.40,    1459.76      
# span 24 =    1424.40,    1459.77      
# span 25 = 0.0000e+00, 0.0000e+00      
# interval = decibars: 0.5              
# start_time = Apr 18 2018 00:25:47 [NMEA time, first data scan]
# bad_flag = -9.990e-29
*END*
[from data line 112]
       8483     57.000     2.4657     2.4726     0.0070    0.82547    0.82539          1     8.5039     8.3526      31.32     0.4542     0.2669  1.000e-12  0.2424000     8.2389     8.2363    -0.0026     6.5730     6.5709     56.477     57.707      0.507    1426.21    1426.24  0.000e+00
       8507     57.500     2.3874     2.3914     0.0040    0.82698    0.82695          1     8.5243     8.3830      30.84     0.4659     0.2475  1.000e-12  0.2319000     8.2754     8.2741    -0.0014     6.6024     6.6013     56.972     58.213      0.513    1425.90    1425.92  0.000e+00
       8529     58.000     2.5453     2.5417    -0.0035    0.83592    0.83586          1     8.4113     8.2920      30.29     0.4413     0.2715  1.000e-12  0.2410000     8.3301     8.3304     0.0003     6.6454     6.6457     57.468     58.719      0.533    1426.71    1426.70  0.000e+00
       8552     58.500     2.4781     2.4873     0.0091    0.84251    0.84250          1     8.3828     8.2957      29.91     0.4289     0.2703  1.000e-12  0.2508000     8.4185     8.4159    -0.0026     6.7163     6.7142     57.963     59.225      0.542    1426.52    1426.56  0.000e+00
       8574     59.000     2.3215     2.3236     0.0021    0.85039    0.85032          1     8.4639     8.4026      29.44     0.4850     0.2392  1.000e-12  0.2869000     8.5451     8.5436    -0.0014     6.8181     6.8170     58.459     59.730      0.530    1425.97    1425.98  0.000e+00
       8597     59.500     2.2570     2.2590     0.0020    0.85471    0.85466          1     8.5379     8.4770      28.93     0.6023     0.2614  1.000e-12  0.3688000     8.6091     8.6080    -0.0011     6.8695     6.8686     58.954     60.236      0.509    1425.76    1425.77  0.000e+00
       8621     60.000     2.2583     2.2595     0.0012    0.85979    0.85967          1     8.4714     8.3767      28.18     0.6570     0.2801  1.000e-12  0.3499000     8.6637     8.6620    -0.0016     6.9131     6.9118     59.449     60.742      0.505    1425.84    1425.85  0.000e+00
       8644     60.500     2.2665     2.2678     0.0012    0.86532    0.86520          1     8.5144     8.3677      27.13     0.6908     0.3121  1.000e-12  0.3778000     8.7213     8.7197    -0.0016     6.9592     6.9579     59.945     61.248      0.521    1425.97    1425.97  0.000e+00
       8667     61.000     2.3201     2.3145    -0.0058    0.87799    0.87764          1     8.5226     8.2944      26.67     0.7848     0.3426  1.000e-12  0.4175000     8.8436     8.8414    -0.0022     7.0568     7.0551     60.440     61.753      0.533    1426.38    1426.35  0.000e+00
       8689     61.500     2.7460     2.7321    -0.0137    0.90930    0.90870          1     8.2219     7.9224      26.36     0.7411     0.3166  1.000e-12  0.4080000     9.0612     9.0587    -0.0025     7.2274     7.2256     60.935     62.259      0.537    1428.65    1428.58  0.000e+00
       8712     62.000     2.9965     2.9950    -0.0015    0.94134    0.94082          1     7.8613     7.5760      25.94     0.6813     0.3165  1.000e-12  0.3935000     9.3322     9.3272    -0.0050     7.4405     7.4365     61.431     62.765      0.532    1430.16    1430.15  0.000e+00
       8735     62.500     3.1388     3.1360    -0.0029    0.97396    0.97354          1     7.4949     7.2671      25.57     0.6478     0.3306  1.000e-12  0.4240000     9.6382     9.6345    -0.0037     7.6818     7.6789     61.926     63.270      0.518    1431.22    1431.20  0.000e+00
       8758     63.000     3.2975     3.2959    -0.0016    1.00254    1.00210          1     6.9982     6.7365      25.04     0.6058     0.3222  1.000e-12  0.4286000     9.8945     9.8903    -0.0042     7.8827     7.8793     62.421     63.775      0.511    1432.28    1432.27  0.000e+00
       8782     63.500     3.4253     3.4219    -0.0035    1.03311    1.03260          1     6.9560     6.5954      24.39     0.5838     0.3050  1.000e-12  0.4324000    10.1797    10.1755    -0.0043     8.1066     8.1033     62.916     64.281      0.514    1433.24    1433.22  0.000e+00
       8805     64.000     4.0510     4.0035    -0.0478    1.09332    1.09123          1     6.4329     5.9050      23.87     0.5962     0.2945  1.000e-12  0.4620000    10.6123    10.6060    -0.0063     8.4294     8.4263     63.412     64.786      0.524    1436.60    1436.38  0.000e+00
       8827     64.500     5.7315     5.6794    -0.0518    1.21013    1.20833          1     4.9462     4.3653      23.30     0.5580     0.2882  1.000e-12  0.4555000    11.2595    11.2588    -0.0007     8.8606     8.8632     63.907     65.291      0.534    1444.77    1444.55  0.000e+00
       8850     65.000     6.3297     6.3333     0.0037    1.29210    1.29049          1     3.8678     3.3958      22.77     0.4011     0.2622  1.000e-12  0.3414000    11.8777    11.8604    -0.0173     9.3090     9.2952     64.403     65.795      0.539    1448.11    1448.10  0.000e+00
       8872     65.500     6.5337     6.5183    -0.0152    1.36226    1.36082          1     3.2597     2.8864      22.26     0.3798     0.1837  1.000e-12  0.3095000    12.5016    12.4930    -0.0086     9.7843     9.7787     64.898     66.300      0.533    1449.75    1449.67  0.000e+00
       8895     66.000     7.2582     7.2408    -0.0176    1.44612    1.44502          1     2.6211     2.3094      21.77     0.3243     0.2406  1.000e-12  0.3212000    13.0595    13.0554    -0.0042    10.1629    10.1611     65.393     66.804      0.510    1453.45    1453.37  0.000e+00
       8919     66.500     7.8038     7.7911    -0.0128    1.50676    1.50580          1     2.0927     1.8803      21.31     0.3424     0.2286  1.000e-12  0.2910000    13.4430    13.4386    -0.0044    10.4140    10.4117     65.889     67.308      0.500    1456.15    1456.10  0.000e+00
       8943     67.000     8.0342     8.0295    -0.0046    1.54264    1.54211          1     1.8295     1.6951      20.85     0.3285     0.2086  1.000e-12  0.2691000    13.7004    13.6971    -0.0033    10.5931    10.5909     66.384     67.812      0.530    1457.41    1457.39  0.000e+00
       8964     67.500     8.1729     8.1673    -0.0056    1.57402    1.57329          1     1.6827     1.5864      20.43     0.3142     0.2204  1.000e-12  0.2585000    13.9480    13.9432    -0.0048    10.7727    10.7695     66.879     68.316      0.552    1458.28    1458.25  0.000e+00
       8986     68.000     8.3022     8.2992    -0.0030    1.60310    1.60245          1     1.5741     1.4997      19.92     0.3207     0.2156  1.000e-12  0.2381000    14.1760    14.1710    -0.0050    10.9376    10.9340     67.374     68.820      0.531    1459.08    1459.06  0.000e+00
       9010     68.500     8.3515     8.3507    -0.0007    1.62273    1.62233          1     1.4879     1.4219      19.36     0.3239     0.2273  1.000e-12  0.2221000    14.3445    14.3410    -0.0035    11.0641    11.0614     67.870     69.324      0.515    1459.49    1459.49  0.000e+00
       9033     69.000     8.3695     8.3696     0.0001    1.63950    1.63904          1     1.3899     1.3251      18.86     0.3155     0.2640  1.000e-12  0.2245000    14.4982    14.4938    -0.0045    11.1822    11.1787     68.365     69.827      0.523    1459.76    1459.76  0.000e+00
       9056     69.500     8.3306     8.3340     0.0034    1.65017    1.64984          1     1.3045     1.2377      18.30     0.3238     0.2700  1.000e-12  0.2328000    14.6168    14.6122    -0.0046    11.2788    11.2749     68.860     70.331      0.523    1459.76    1459.77  0.000e+00
       9079     70.000     8.2126     8.2169     0.0043    1.65553    1.65545          1     1.2274     1.1641      17.69     0.3182     0.2628  1.000e-12  0.2527000    14.7174    14.7148    -0.0026    11.3697    11.3672     69.356     70.834      0.516    1459.42    1459.44  0.000e+00
       9102     70.500     8.1310     8.1319     0.0009    1.66538    1.66488          1     1.1500     1.0791      17.15     0.2964     0.2748  1.000e-12  0.2397000    14.8468    14.8417    -0.0051    11.4792    11.4751     69.851     71.338      0.524    1459.27    1459.26  0.000e+00
       9124     71.000     8.1410     8.1406    -0.0004    1.67991    1.67963          1     1.0539     0.9814      16.63     0.3323     0.2037  1.000e-12  0.2409000    14.9834    14.9809    -0.0025    11.5848    11.5829     70.346     71.841      0.542    1459.48    1459.48  0.000e+00
       9146     71.500     8.1269     8.1279     0.0011    1.69354    1.69335          1     0.9637     0.8958      16.19     0.3136     0.1720  1.000e-12  0.2398000    15.1216    15.1192    -0.0023    11.6943    11.6923     70.842     72.345      0.541    1459.60    1459.60  0.000e+00
       9169     72.000     8.0721     8.0750     0.0028    1.70446    1.70420          1     0.8965     0.8325      15.63     0.2843     0.1842  1.000e-12  0.2570000    15.2512    15.2475    -0.0037    11.8012    11.7980     71.337     72.848      0.522    1459.55    1459.56  0.000e+00
       9192     72.500     7.9927     7.9955     0.0027    1.71273    1.71254          1     0.8320     0.7718      15.08     0.2867     0.2064  1.000e-12  0.2540000    15.3663    15.3632    -0.0030    11.8993    11.8966     71.832     73.351      0.512    1459.39    1459.39  0.000e+00
       9216     73.000     7.9023     7.9058     0.0034    1.72062    1.72042          1     0.7476     0.6797      14.49     0.3031     0.2133  1.000e-12  0.2368000    15.4830    15.4796    -0.0034    11.9997    11.9967     72.328     73.855      0.524    1459.17    1459.19  0.000e+00
       9238     73.500     7.8052     7.8095     0.0044    1.72940    1.72918          1     0.6379     0.5692      14.06     0.3135     0.2409  1.000e-12  0.2245000    15.6122    15.6081    -0.0041    12.1105    12.1069     72.823     74.358      0.525    1458.95    1458.97  0.000e+00
       9261     74.000     7.7176     7.7216     0.0041    1.73764    1.73742          1     0.5506     0.4943      13.51     0.3147     0.2440  1.000e-12  0.2326000    15.7323    15.7283    -0.0040    12.2133    12.2097     73.318     74.861      0.519    1458.76    1458.77  0.000e+00
       9284     74.500     7.6023     7.6075     0.0052    1.74654    1.74628          1     0.4887     0.4358      12.98     0.2986     0.2423  1.000e-12  0.2434000    15.8722    15.8673    -0.0049    12.3342    12.3298     73.814     75.364      0.530    1458.48    1458.49  0.000e+00
       9307     75.000     7.4890     7.4938     0.0048    1.75248    1.75234          1     0.3994     0.3393      12.51     0.3092     0.2412  1.000e-12  0.2280000    15.9827    15.9792    -0.0036    12.4318    12.4286     74.309     75.867      0.537    1458.16    1458.18  0.000e+00
       9329     75.500     7.4050     7.4069     0.0020    1.76033    1.76007          1     0.2990     0.2408      12.03     0.3091     0.2000  1.000e-12  0.2036000    16.0994    16.0959    -0.0035    12.5313    12.5284     74.804     76.370      0.524    1457.97    1457.98  0.000e+00
       9353     76.000     7.3527     7.3555     0.0028    1.77015    1.76999          1     0.2358     0.1902      11.52     0.3004     0.2004  1.000e-12  0.2624000    16.2214    16.2186    -0.0029    12.6320    12.6295     75.299     76.873      0.520    1457.92    1457.93  0.000e+00
       9375     76.500     7.2736     7.2777     0.0041    1.77558    1.77543          1     0.1917     0.1558      11.00     0.3261     0.2216  1.000e-12  0.2770000    16.3126    16.3091    -0.0034    12.7110    12.7079     75.795     77.376      0.529    1457.72    1457.74  0.000e+00
       9398     77.000     7.2146     7.2170     0.0024    1.77902    1.77894          1     0.1556     0.1209      10.51     0.3255     0.2180  1.000e-12  0.3184000    16.3747    16.3728    -0.0019    12.7653    12.7635     76.290     77.879      0.524    1457.57    1457.58  0.000e+00
       9421     77.500     7.1833     7.1846     0.0013    1.78208    1.78199          1     0.1313     0.0998       9.96     0.3085     0.2019  1.000e-12  0.3503000    16.4201    16.4185    -0.0016    12.8038    12.8025     76.785     78.382      0.522    1457.51    1457.51  0.000e+00
       9444     78.000     7.1592     7.1609     0.0017    1.78489    1.78480          1     0.1220     0.0908       9.43     0.3091     0.1634  1.000e-12  0.3516000    16.4595    16.4579    -0.0016    12.8370    12.8356     77.281     78.885      0.533    1457.47    1457.47  0.000e+00
       9466     78.500     7.1299     7.1316     0.0017    1.78765    1.78757          1     0.1188     0.0885       8.89     0.3201     0.1895  1.000e-12  0.3528000    16.5011    16.4995    -0.0017    12.8724    12.8709     77.776     79.387      0.531    1457.41    1457.41  0.000e+00
       9489     79.000     7.1077     7.1090     0.0013    1.79035    1.79028          1     0.1181     0.0893       8.40     0.3181     0.2212  1.000e-12  0.3736000    16.5387    16.5374    -0.0013    12.9039    12.9027     78.271     79.890      0.522    1457.37    1457.37  0.000e+00
       9512     79.500     7.0911     7.0920     0.0008    1.79314    1.79308          1     0.1157     0.0904       7.89     0.3567     0.2515  1.000e-12  0.3862000    16.5746    16.5736    -0.0010    12.9336    12.9327     78.766     80.393      0.522    1457.35    1457.36  0.000e+00
       9535     80.000     7.0763     7.0774     0.0011    1.79581    1.79574          1     0.1140     0.0887       7.39     0.3222     0.2513  1.000e-12  0.3764000    16.6084    16.6072    -0.0012    12.9615    12.9605     79.262     80.896      0.524    1457.34    1457.35  0.000e+00
       9558     80.500     7.0561     7.0574     0.0013    1.79858    1.79851          1     0.1145     0.0859       6.85     0.3218     0.2304  1.000e-12  0.4629000    16.6459    16.6446    -0.0013    12.9928    12.9917     79.757     81.398      0.518    1457.32    1457.32  0.000e+00
       9581     81.000     7.0395     7.0406     0.0012    1.80259    1.80249          1     0.1126     0.0869       6.35     0.3432     0.2072  1.000e-12  0.4421000    16.6943    16.6926    -0.0016    13.0323    13.0309     80.252     81.901      0.516    1457.32    1457.32  0.000e+00
       9605     81.500     7.0231     7.0241     0.0010    1.80576    1.80572          1     0.1114     0.0865       5.84     0.3468     0.2084  1.000e-12  0.4599000    16.7341    16.7331    -0.0009    13.0650    13.0642     80.748     82.404      0.521    1457.31    1457.31  0.000e+00
       9627     82.000     7.0079     7.0093     0.0014    1.80738    1.80726          1     0.1065     0.0827       5.30     0.3785     0.2214  1.000e-12  0.4428000    16.7576    16.7557    -0.0019    13.0849    13.0833     81.243     82.907      0.519    1457.28    1457.29  0.000e+00
       9651     82.500     6.9898     6.9909     0.0011    1.81138    1.81134          1     0.1027     0.0807       4.81     0.3808     0.2614  1.000e-12  0.4627000    16.8067    16.8057    -0.0010    13.1251    13.1242     81.738     83.409      0.468    1457.28    1457.28  0.000e+00
       9715     83.000     7.0574     7.0505    -0.0062    1.80176    1.80239          1     0.1528     0.1390       3.99     0.3739     0.2095  1.000e-12  0.5067000    16.6768    16.6865     0.0096    13.0170    13.0251     82.234     83.912     -0.207    1457.40    1457.38  0.000e+00
