ctdpy/tests/etc/all_smhi_bas_2018/SBE09_1044_20180924_0225_34_01_0044.cnv
* Sea-Bird SBE 9 Data File:
* FileName = C:\ctd\temp\2018\AR18D044.hex
* Software Version Seasave V 7.26.6.26
* Temperature SN = 5351
* Conductivity SN = 3941
* Number of Bytes Per Scan = 41
* Number of Voltage Words = 4
* Number of Scans Averaged by the Deck Unit = 1
* NMEA Latitude = 58 17.07 N
* NMEA Longitude = 010 30.26 E
* NMEA UTC (Time) = Sep 24 2018  02:25:02
* NMEA baud rate = 4800
** Station:  Å17
** Operator:  Obac
** Ship: ARANDA
** Average sound velocity: 1483.92 m/s
** True-depth calculation Mon, 24 Sep 2018 03:53:07 +0000
** CTD Python Module SMHI /ver 3-12/ feb 2012 
** LIMS Job: 20183401-0044
** Cruise: SMHI-02-2018
** Latitude [GG MM.mm N] :
** Longitude [GG MM.mm E]:
# nquan = 26
# nvalues = 699                         
# units = specified
# name 0 = scan: Scan Count
# name 1 = prDM: Pressure, Digiquartz [db]
# name 2 = t090C: Temperature [ITS-90, deg C]
# name 3 = t190C: Temperature, 2 [ITS-90, deg C]
# name 4 = T2-T190C: Temperature Difference, 2 - 1 [ITS-90, deg C]
# name 5 = c0S/m: Conductivity [S/m]
# name 6 = c1S/m: Conductivity, 2 [S/m]
# name 7 = pumps: Pump Status
# name 8 = sbeox0ML/L: Oxygen, SBE 43 [ml/l]
# name 9 = sbeox1ML/L: Oxygen, SBE 43, 2 [ml/l]
# name 10 = altM: Altimeter [m]
# name 11 = flECO-AFL: Chl-a Fluorescence, WET Labs ECO-AFL/FL [mg/m^3]
# name 12 = flECO-AFL1: Phycocyanin Fluorescence, WET Labs ECO-AFL/FL, 2 [mg/m^3]
# name 13 = par: PAR/Irradiance, Biospherical/Lico [µE/(cm^2*s)]
# name 14 = turbWETntu0: Turbidity, WET Labs ECO [NTU]
# name 15 = sal00: Salinity, Practical [PSU]
# name 16 = sal11: Salinity, Practical, 2 [PSU]
# name 17 = secS-priS: Salinity, Practical, Difference, 2 - 1 [PSU]
# name 18 = sigma-t00: Density [sigma-t, Kg/m^3 ]
# name 19 = sigma-t11: Density, 2 [sigma-t, Kg/m^3 ]
# name 20 = depSM: Depth [salt water, m], lat = 58.2845
# name 21 = depFM: Depth [true depth, m], lat = 58.2845
# name 22 = dz/dtM: Descent Rate [m/s], WS = 2
# name 23 = svCM: Sound Velocity [Chen-Millero, m/s]
# name 24 = svCM1: Sound Velocity, 2 [Chen-Millero, m/s]
# name 25 = flag: flag
# span 0 =      31822,      46290       
# span 1 =      2.000,    351.000       
# span 2 =     6.2336,    13.9834       
# span 3 =     6.2359,    13.9827       
# span 4 =    -0.1679,     0.1369       
# span 5 =   3.487019,   3.962252       
# span 6 =   3.487131,   3.962391       
# span 7 =          1,          1       
# span 8 =    5.49261,    6.26747       
# span 9 =    3.52079,    4.11344       
# span 10 =       0.00,      99.50      
# span 11 =     0.0157,     0.9418      
# span 12 =     0.1335,     0.3260      
# span 13 = 1.0000e-12, 1.0000e-12      
# span 14 =     0.1078,     0.7324      
# span 15 =    32.5937,    35.1561      
# span 16 =    32.5931,    35.1548      
# span 17 =    -0.0135,     0.2352      
# span 18 =    24.3321,    27.6386      
# span 19 =    24.3314,    27.6374      
# span 20 =      1.981,    347.445      
# span 21 =      1.989,    348.058      
# span 22 =     -0.253,      1.278      
# span 23 =    1479.84,    1500.96      
# span 24 =    1479.84,    1500.98      
# span 25 = 0.0000e+00, 0.0000e+00      
# interval = decibars: 0.5              
# start_time = Sep 24 2018 02:25:02 [NMEA time, first data scan]
# bad_flag = -9.990e-29
*END*
      31822      2.000    13.9801    13.9814     0.0014    3.93282    3.93290          1     5.7859     4.0948       0.00     0.9157     0.2703  1.000e-12  0.2112000    32.5942    32.5938    -0.0004    24.3326    24.3320      1.981      1.989      0.343    1500.62    1500.62  0.000e+00
      31844      2.500    13.9805    13.9819     0.0014    3.93282    3.93290          1     5.7957     4.0900       0.00     0.8797     0.2900  1.000e-12  0.2122000    32.5937    32.5931    -0.0005    24.3321    24.3314      2.477      2.486      0.544    1500.63    1500.63  0.000e+00
      31889      3.000    13.9805    13.9818     0.0013    3.93284    3.93292          1     5.7890     4.0741      54.35     0.8816     0.3079  1.000e-12  0.2123000    32.5937    32.5932    -0.0004    24.3321    24.3315      2.972      2.983      0.431    1500.63    1500.64  0.000e+00
      31949      3.500    13.9806    13.9813     0.0008    3.93290    3.93300          1     5.7950     3.9956      16.20     0.9016     0.2281  1.000e-12  0.2123000    32.5939    32.5942     0.0003    24.3323    24.3323      3.467      3.480      0.810    1500.64    1500.65  0.000e+00
      31962      4.000    13.9776    13.9785     0.0008    3.93276    3.93283          1     5.7983     3.9817      55.67     0.8944     0.2652  1.000e-12  0.2120000    32.5949    32.5948    -0.0001    24.3337    24.3334      3.963      3.977      0.875    1500.64    1500.65  0.000e+00
      31975      4.500    13.9753    13.9773     0.0021    3.93266    3.93279          1     5.7910     3.9741      95.69     0.8710     0.2788  1.000e-12  0.2173000    32.5958    32.5952    -0.0005    24.3348    24.3340      4.458      4.475      0.762    1500.65    1500.65  0.000e+00
      32012      5.000    13.9790    13.9800     0.0009    3.93296    3.93302          1     5.7712     3.9518      97.32     0.9186     0.2847  1.000e-12  0.2135000    32.5952    32.5949    -0.0003    24.3336    24.3332      4.954      4.972      0.431    1500.67    1500.67  0.000e+00
      32079      5.500    13.9793    13.9778    -0.0015    3.93301    3.93299          1     5.7645     3.8824      97.31     0.9146     0.2693  1.000e-12  0.1989000    32.5952    32.5962     0.0011    24.3335    24.3347      5.449      5.469      0.681    1500.67    1500.67  0.000e+00
      32090      6.000    13.9790    13.9791     0.0001    3.93306    3.93308          1     5.7739     3.8680      90.15     0.8986     0.2967  1.000e-12  0.2167000    32.5958    32.5958     0.0000    24.3341    24.3341      5.944      5.966      0.918    1500.68    1500.68  0.000e+00
      32102      6.500    13.9813    13.9823     0.0010    3.93325    3.93329          1     5.7781     3.8542      78.19     0.8704     0.2950  1.000e-12  0.2675000    32.5953    32.5948    -0.0006    24.3332    24.3326      6.440      6.463      0.990    1500.70    1500.70  0.000e+00
      32114      7.000    13.9834    13.9827    -0.0006    3.93337    3.93333          1     5.7784     3.8451      97.33     0.8736     0.2950  1.000e-12  0.2612000    32.5945    32.5947     0.0002    24.3322    24.3324      6.935      6.960      0.952    1500.71    1500.71  0.000e+00
      32127      7.500    13.9818    13.9826     0.0008    3.93334    3.93337          1     5.7781     3.8381      97.34     0.8947     0.2930  1.000e-12  0.2316000    32.5954    32.5950    -0.0004    24.3332    24.3327      7.430      7.458      0.822    1500.72    1500.72  0.000e+00
      32144      8.000    13.9812    13.9817     0.0006    3.93332    3.93336          1     5.7824     3.8344      97.31     0.8826     0.2799  1.000e-12  0.2300000    32.5955    32.5954    -0.0001    24.3334    24.3332      7.926      7.955      0.629    1500.72    1500.72  0.000e+00
      32167      8.500    13.9785    13.9797     0.0012    3.93318    3.93324          1     5.7714     3.8183      97.32     0.8807     0.3146  1.000e-12  0.2330000    32.5963    32.5958    -0.0005    24.3346    24.3339      8.421      8.452      0.492    1500.72    1500.73  0.000e+00
      32193      9.000    13.9757    13.9772     0.0015    3.93305    3.93313          1     5.7572     3.7970      97.31     0.9063     0.3017  1.000e-12  0.2306000    32.5972    32.5967    -0.0005    24.3359    24.3352      8.916      8.949      0.519    1500.72    1500.73  0.000e+00
      32214      9.500    13.9761    13.9770     0.0009    3.93306    3.93315          1     5.7567     3.7835      97.33     0.9213     0.3028  1.000e-12  0.2242000    32.5968    32.5968     0.0000    24.3355    24.3353      9.411      9.446      0.621    1500.73    1500.73  0.000e+00
      32232     10.000    13.9800    13.9824     0.0023    3.93338    3.93351          1     5.7602     3.7767      97.34     0.8828     0.2999  1.000e-12  0.2248000    32.5962    32.5954    -0.0008    24.3342    24.3331      9.907      9.943      0.651    1500.75    1500.76  0.000e+00
      32251     10.500    13.9789    13.9755    -0.0034    3.93335    3.93318          1     5.7767     3.7723      97.31     0.8825     0.2387  1.000e-12  0.2281000    32.5967    32.5981     0.0014    24.3348    24.3366     10.402     10.441      0.524    1500.76    1500.75  0.000e+00
      32295     11.000    13.9725    13.9688    -0.0037    3.93305    3.93283          1     5.7801     3.7434      97.32     0.9289     0.2851  1.000e-12  0.2119000    32.5992    32.6003     0.0011    24.3380    24.3396     10.898     10.938      0.325    1500.75    1500.74  0.000e+00
      32331     11.500    13.9480    13.9512     0.0034    3.93166    3.93189          1     5.7676     3.7187      97.32     0.9042     0.3260  1.000e-12  0.2058000    32.6070    32.6063    -0.0006    24.3491    24.3479     11.393     11.435      0.763    1500.69    1500.70  0.000e+00
      32343     12.000    13.9503    13.9478    -0.0026    3.93189    3.93169          1     5.7606     3.7121      97.18     0.8964     0.3098  1.000e-12  0.2049000    32.6069    32.6072     0.0003    24.3485    24.3493     11.888     11.932      1.043    1500.70    1500.69  0.000e+00
      32353     12.500    13.9500    13.9473    -0.0027    3.93181    3.93168          1     5.7522     3.7080      96.32     0.8591     0.2952  1.000e-12  0.2341000    32.6062    32.6073     0.0012    24.3480    24.3495     12.383     12.429      1.170    1500.71    1500.70  0.000e+00
      32362     13.000    13.9481    13.9496     0.0017    3.93177    3.93189          1     5.7456     3.7044      96.93     0.8586     0.2950  1.000e-12  0.2366000    32.6072    32.6071    -0.0001    24.3492    24.3488     12.879     12.926      1.180    1500.71    1500.71  0.000e+00
      32372     13.500    13.9502    13.9595     0.0090    3.93185    3.93248          1     5.7386     3.6996      97.35     0.8537     0.3052  1.000e-12  0.2323000    32.6061    32.6040    -0.0021    24.3479    24.3444     13.374     13.424      1.075    1500.72    1500.75  0.000e+00
      32385     14.000    13.9576    13.9623     0.0047    3.93223    3.93254          1     5.7403     3.6993      97.33     0.8466     0.3096  1.000e-12  0.2239000    32.6030    32.6019    -0.0011    24.3440    24.3422     13.870     13.921      0.835    1500.75    1500.77  0.000e+00
      32409     14.500    13.9617    13.9629     0.0013    3.93249    3.93258          1     5.7605     3.7033      97.32     0.8525     0.2844  1.000e-12  0.2243000    32.6019    32.6016    -0.0002    24.3423    24.3419     14.365     14.418      0.401    1500.77    1500.78  0.000e+00
      32454     15.000    13.9715    13.9708    -0.0007    3.93314    3.93310          1     5.7676     3.6790      97.31     0.8926     0.3080  1.000e-12  0.2092000    32.5993    32.5995     0.0002    24.3383    24.3386     14.860     14.915      0.428    1500.81    1500.81  0.000e+00
      32472     15.500    13.9789    13.9791     0.0002    3.93365    3.93368          1     5.7707     3.6641      97.32     0.8959     0.3179  1.000e-12  0.2104000    32.5976    32.5976     0.0000    24.3355    24.3355     15.355     15.412      0.728    1500.84    1500.84  0.000e+00
      32487     16.000    13.9803    13.9803    -0.0000    3.93378    3.93380          1     5.7737     3.6611      97.33     0.8990     0.3097  1.000e-12  0.2252000    32.5974    32.5975     0.0002    24.3350    24.3352     15.851     15.909      0.834    1500.85    1500.85  0.000e+00
      32501     16.500    13.9749    13.9804     0.0054    3.93351    3.93384          1     5.7761     3.6635      97.33     0.8774     0.2778  1.000e-12  0.2247000    32.5993    32.5976    -0.0017    24.3376    24.3352     16.346     16.407      0.809    1500.85    1500.87  0.000e+00
      32517     17.000    13.9731    13.9740     0.0009    3.93345    3.93349          1     5.7798     3.6713      97.33     0.8476     0.2564  1.000e-12  0.2285000    32.6000    32.5996    -0.0003    24.3385    24.3381     16.841     16.904      0.606    1500.85    1500.85  0.000e+00
      32560     17.500    13.9718    13.9746     0.0028    3.93333    3.93352          1     5.7671     3.6485      97.31     0.8863     0.2963  1.000e-12  0.2118000    32.5998    32.5992    -0.0006    24.3386    24.3376     17.337     17.401      0.330    1500.85    1500.86  0.000e+00
      32595     18.000    13.9620    13.9643     0.0023    3.93260    3.93275          1     5.7685     3.6347      97.33     0.9418     0.3258  1.000e-12  0.1926000    32.6012    32.6006    -0.0006    24.3417    24.3408     17.832     17.898      0.703    1500.83    1500.84  0.000e+00
      32608     18.500    13.9625    13.9623    -0.0003    3.93269    3.93266          1     5.7763     3.6373      97.34     0.8802     0.3118  1.000e-12  0.2188000    32.6013    32.6013    -0.0001    24.3417    24.3417     18.327     18.395      0.952    1500.84    1500.84  0.000e+00
      32619     19.000    13.9642    13.9610    -0.0031    3.93284    3.93264          1     5.7791     3.6348      97.34     0.8705     0.3096  1.000e-12  0.2233000    32.6012    32.6020     0.0008    24.3413    24.3426     18.823     18.892      1.072    1500.85    1500.85  0.000e+00
      32630     19.500    13.9691    13.9697     0.0006    3.93313    3.93322          1     5.7742     3.6317      97.33     0.8634     0.3023  1.000e-12  0.2275000    32.5994    32.5998     0.0003    24.3389    24.3390     19.318     19.390      1.100    1500.88    1500.88  0.000e+00
      32640     20.000    13.9629    13.9695     0.0065    3.93269    3.93318          1     5.7711     3.6271      97.32     0.8586     0.2950  1.000e-12  0.2307000    32.6004    32.5994    -0.0010    24.3409    24.3388     19.813     19.887      1.032    1500.87    1500.89  0.000e+00
      32653     20.500    13.9564    13.9607     0.0044    3.93233    3.93262          1     5.7678     3.6247      97.33     0.8586     0.2941  1.000e-12  0.2272000    32.6024    32.6015    -0.0009    24.3438    24.3422     20.308     20.384      0.875    1500.86    1500.87  0.000e+00
      32669     21.000    13.9523    13.9653     0.0129    3.93215    3.93293          1     5.7697     3.6212      97.33     0.8586     0.2949  1.000e-12  0.2227000    32.6040    32.6002    -0.0038    24.3459    24.3403     20.804     20.881      0.660    1500.85    1500.89  0.000e+00
      32692     21.500    13.9614    13.9641     0.0027    3.93284    3.93297          1     5.7742     3.6111      97.32     0.8586     0.2826  1.000e-12  0.2290000    32.6025    32.6014    -0.0011    24.3429    24.3415     21.299     21.378      0.456    1500.89    1500.90  0.000e+00
      32728     22.000    13.9609    13.9609    -0.0000    3.93282    3.93283          1     5.7745     3.6118      97.31     0.8758     0.2629  1.000e-12  0.2209000    32.6025    32.6027     0.0001    24.3430    24.3431     21.794     21.875      0.286    1500.90    1500.90  0.000e+00
      32768     22.500    13.9517    13.9549     0.0033    3.93235    3.93254          1     5.7733     3.6110      97.32     0.8723     0.2877  1.000e-12  0.2007000    32.6057    32.6049    -0.0009    24.3474    24.3460     22.290     22.373      0.459    1500.88    1500.89  0.000e+00
      32788     23.000    13.9337    13.9394     0.0057    3.93134    3.93170          1     5.7623     3.5998      97.33     0.8593     0.2720  1.000e-12  0.2106000    32.6116    32.6101    -0.0015    24.3556    24.3532     22.785     22.870      0.721    1500.83    1500.85  0.000e+00
      32802     23.500    13.9207    13.9255     0.0048    3.93064    3.93092          1     5.7560     3.6009      97.33     0.8595     0.2806  1.000e-12  0.2147000    32.6159    32.6144    -0.0015    24.3616    24.3594     23.280     23.367      0.855    1500.81    1500.82  0.000e+00
      32815     24.000    13.9158    13.9180     0.0021    3.93036    3.93050          1     5.7631     3.6071      97.35     0.8712     0.2629  1.000e-12  0.2308000    32.6173    32.6167    -0.0005    24.3637    24.3628     23.776     23.864      0.891    1500.80    1500.81  0.000e+00
      32829     24.500    13.8953    13.8961     0.0009    3.92922    3.92930          1     5.7767     3.6042      97.32     0.8652     0.2512  1.000e-12  0.2327000    32.6240    32.6240    -0.0001    24.3731    24.3728     24.271     24.361      0.851    1500.75    1500.75  0.000e+00
      32844     25.000    13.8809    13.8849     0.0040    3.92845    3.92868          1     5.7842     3.5928      97.32     0.8467     0.2846  1.000e-12  0.2423000    32.6289    32.6276    -0.0013    24.3798    24.3780     24.766     24.858      0.765    1500.71    1500.73  0.000e+00
      32861     25.500    13.8907    13.8895    -0.0013    3.92897    3.92895          1     5.7811     3.5865      97.32     0.8685     0.2979  1.000e-12  0.2351000    32.6252    32.6260     0.0008    24.3749    24.3757     25.262     25.356      0.651    1500.75    1500.75  0.000e+00
      32882     26.000    13.8943    13.8941    -0.0001    3.92921    3.92918          1     5.7770     3.5835      97.33     0.8881     0.3094  1.000e-12  0.2305000    32.6242    32.6240    -0.0001    24.3734    24.3733     25.757     25.853      0.503    1500.77    1500.77  0.000e+00
      32910     26.500    13.8923    13.8971     0.0048    3.92915    3.92943          1     5.7713     3.5730      97.32     0.8891     0.3028  1.000e-12  0.2238000    32.6250    32.6236    -0.0014    24.3745    24.3724     26.252     26.350      0.434    1500.77    1500.79  0.000e+00
      32935     27.000    13.8801    13.8819     0.0018    3.92852    3.92863          1     5.7591     3.5732      97.33     0.8766     0.2804  1.000e-12  0.2233000    32.6294    32.6289    -0.0005    24.3803    24.3796     26.747     26.847      0.566    1500.75    1500.75  0.000e+00
      32954     27.500    13.9092    13.9058    -0.0029    3.93017    3.93001          1     5.7684     3.5701      97.33     0.8721     0.3097  1.000e-12  0.2291000    32.6198    32.6211     0.0013    24.3670    24.3687     27.243     27.344      0.646    1500.84    1500.83  0.000e+00
      32972     28.000    13.9162    13.9414     0.0252    3.93056    3.93207          1     5.7793     3.5645      97.34     0.8829     0.2923  1.000e-12  0.2297000    32.6172    32.6098    -0.0074    24.3635    24.3526     27.738     27.841      0.611    1500.87    1500.94  0.000e+00
      32994     28.500    13.9407    13.9513     0.0103    3.93198    3.93262          1     5.7804     3.5688      97.33     0.8924     0.2916  1.000e-12  0.2347000    32.6094    32.6063    -0.0030    24.3524    24.3479     28.233     28.338      0.482    1500.95    1500.98  0.000e+00
      33025     29.000    13.9415    13.9453     0.0039    3.93223    3.93244          1     5.7814     3.5672      97.32     0.8979     0.3175  1.000e-12  0.2327000    32.6108    32.6095    -0.0013    24.3534    24.3516     28.729     28.836      0.360    1500.96    1500.97  0.000e+00
