ctdpy/tests/etc/all_smhi_bas_2018/SBE09_1044_20181112_0857_34_01_0137.cnv
* Sea-Bird SBE 9 Data File:
* FileName = C:\ctd\temp\ar18d137.hex
* Software Version Seasave V 7.26.7.107
* Temperature SN = 5351
* Conductivity SN = 3941
* Number of Bytes Per Scan = 41
* Number of Voltage Words = 4
* Number of Scans Averaged by the Deck Unit = 1
* NMEA Latitude = 58 20.38 N
* NMEA Longitude = 011 01.64 E
* NMEA UTC (Time) = Nov 12 2018  08:57:19
* NMEA baud rate = 4800
** Station:  A13
** Operator:  A-KTh
** Ship: ARANDA
** Average sound velocity: 1489.60 m/s
** True-depth calculation Mon, 12 Nov 2018 09:50:37 +0000
** CTD Python Module SMHI /ver 3-12/ feb 2012 
** LIMS Job: 20183401-0137
** Cruise: SMHI-6-2018
** Latitude [GG MM.mm N]:
** Longitude [GG MM.mm E]
# nquan = 26
# nvalues = 201                         
# units = specified
# name 0 = scan: Scan Count
# name 1 = prDM: Pressure, Digiquartz [db]
# name 2 = t090C: Temperature [ITS-90, deg C]
# name 3 = t190C: Temperature, 2 [ITS-90, deg C]
# name 4 = T2-T190C: Temperature Difference, 2 - 1 [ITS-90, deg C]
# name 5 = c0S/m: Conductivity [S/m]
# name 6 = c1S/m: Conductivity, 2 [S/m]
# name 7 = pumps: Pump Status
# name 8 = sbeox0ML/L: Oxygen, SBE 43 [ml/l]
# name 9 = sbeox1ML/L: Oxygen, SBE 43, 2 [ml/l]
# name 10 = altM: Altimeter [m]
# name 11 = flECO-AFL: Chl-a Fluorescence, WET Labs ECO-AFL/FL [mg/m^3]
# name 12 = flECO-AFL1: Phycocyanin Fluorescence, WET Labs ECO-AFL/FL, 2 [mg/m^3]
# name 13 = par: PAR/Irradiance, Biospherical/Lico [µE/(cm^2*s)]
# name 14 = turbWETntu0: Turbidity, WET Labs ECO [NTU]
# name 15 = sal00: Salinity, Practical [PSU]
# name 16 = sal11: Salinity, Practical, 2 [PSU]
# name 17 = secS-priS: Salinity, Practical, Difference, 2 - 1 [PSU]
# name 18 = sigma-t00: Density [sigma-t, Kg/m^3 ]
# name 19 = sigma-t11: Density, 2 [sigma-t, Kg/m^3 ]
# name 20 = depSM: Depth [salt water, m], lat = 58.3397
# name 21 = depFM: Depth [true depth, m], lat = 58.3397
# name 22 = dz/dtM: Descent Rate [m/s], WS = 2
# name 23 = svCM: Sound Velocity [Chen-Millero, m/s]
# name 24 = svCM1: Sound Velocity, 2 [Chen-Millero, m/s]
# name 25 = flag: flag
# span 0 =      24582,      29312       
# span 1 =      2.000,    102.000       
# span 2 =     9.2489,    10.6455       
# span 3 =     9.2565,    10.6445       
# span 4 =    -0.1007,     0.0362       
# span 5 =   3.268839,   3.846573       
# span 6 =   3.268896,   3.846705       
# span 7 =          1,          1       
# span 8 =    5.04905,    6.20420       
# span 9 =    4.86043,    5.90685       
# span 10 =      -2.15,      98.03      
# span 11 =     0.0840,     1.4864      
# span 12 =     0.1026,     0.4119      
# span 13 = 1.0000e-12, 8.4877e+01      
# span 14 =     0.3089,     1.7863      
# span 15 =    29.4313,    35.0065      
# span 16 =    29.4312,    35.0032      
# span 17 =    -0.0369,     0.0077      
# span 18 =    22.5879,    27.0829      
# span 19 =    22.5875,    27.0780      
# span 20 =      1.981,    101.027      
# span 21 =      1.992,    101.288      
# span 22 =     -0.140,      1.186      
# span 23 =    1483.56,    1492.65      
# span 24 =    1483.57,    1492.65      
# span 25 = 0.0000e+00, 0.0000e+00      
# interval = decibars: 0.5              
# start_time = Nov 12 2018 08:57:19 [NMEA time, first data scan]
# bad_flag = -9.990e-29
*END*
[from data line 56]
      25871     30.000    10.2867    10.2876     0.0009    3.64927    3.64941          1     5.9617     5.7164      79.92     0.6241     0.2252  6.290e-01  0.4188000    33.0932    33.0937     0.0005    25.4149    25.4151     29.719     29.847      0.607    1489.03    1489.04  0.000e+00
      25891     30.500    10.2819    10.2831     0.0012    3.65056    3.65063          1     5.9755     5.7170      97.76     0.6318     0.2475  5.871e-01  0.4173000    33.1103    33.1099    -0.0004    25.4291    25.4285     30.214     30.343      0.632    1489.05    1489.05  0.000e+00
      25909     31.000    10.2757    10.2772     0.0015    3.65191    3.65201          1     5.9914     5.7195      43.87     0.6397     0.2825  5.474e-01  0.4153000    33.1294    33.1291    -0.0003    25.4450    25.4445     30.710     30.840      0.692    1489.05    1489.06  0.000e+00
      25926     31.500    10.2669    10.2690     0.0020    3.65243    3.65253          1     5.9981     5.7247      70.63     0.6181     0.2431  5.052e-01  0.3970000    33.1424    33.1416    -0.0008    25.4566    25.4556     31.205     31.337      0.699    1489.05    1489.05  0.000e+00
      25944     32.000    10.2654    10.2662     0.0009    3.65246    3.65254          1     5.9948     5.7299      80.29     0.6286     0.2736  4.739e-01  0.4020000    33.1439    33.1439     0.0000    25.4581    25.4580     31.700     31.833      0.589    1489.05    1489.06  0.000e+00
      25971     32.500    10.2638    10.2676     0.0038    3.65247    3.65219          1     5.9924     5.7207      60.73     0.6582     0.3168  4.337e-01  0.4113000    33.1453    33.1389    -0.0064    25.4594    25.4538     32.195     32.330      0.375    1489.06    1489.06  0.000e+00
      26006     33.000    10.2619    10.2658     0.0039    3.65247    3.65226          1     5.9985     5.7198      71.86     0.7103     0.2731  4.082e-01  0.3888000    33.1468    33.1411    -0.0057    25.4609    25.4558     32.691     32.826      0.468    1489.06    1489.07  0.000e+00
      26026     33.500    10.2558    10.2560     0.0002    3.65241    3.65248          1     5.9944     5.7290      70.93     0.7021     0.2917  3.736e-01  0.4086000    33.1515    33.1521     0.0006    25.4656    25.4660     33.186     33.323      0.716    1489.05    1489.05  0.000e+00
      26040     34.000    10.2545    10.2560     0.0015    3.65240    3.65251          1     5.9953     5.7302      70.48     0.6998     0.3066  3.386e-01  0.4135000    33.1524    33.1521    -0.0003    25.4665    25.4660     33.681     33.820      0.800    1489.06    1489.06  0.000e+00
      26055     34.500    10.2525    10.2539     0.0014    3.65238    3.65247          1     5.9903     5.7290      70.21     0.6879     0.2373  3.100e-01  0.4068000    33.1538    33.1534    -0.0004    25.4680    25.4674     34.176     34.316      0.740    1489.06    1489.06  0.000e+00
      26074     35.000    10.2530    10.2534     0.0004    3.65244    3.65249          1     5.9850     5.7255      69.66     0.6811     0.2390  2.876e-01  0.4153000    33.1538    33.1539     0.0001    25.4678    25.4679     34.672     34.813      0.538    1489.07    1489.07  0.000e+00
      26105     35.500    10.2508    10.2487    -0.0020    3.65240    3.65237          1     5.9894     5.7258      73.56     0.6929     0.2715  2.743e-01  0.4095000    33.1552    33.1567     0.0016    25.4693    25.4709     35.167     35.310      0.367    1489.07    1489.07  0.000e+00
      26133     36.000    10.2425    10.2423    -0.0001    3.65210    3.65212          1     6.0080     5.7351      79.22     0.7135     0.3142  2.561e-01  0.3856000    33.1594    33.1599     0.0004    25.4741    25.4744     35.662     35.806      0.588    1489.05    1489.05  0.000e+00
      26150     36.500    10.2336    10.2370     0.0033    3.65182    3.65196          1     6.0153     5.7416      68.15     0.7121     0.3038  2.322e-01  0.4068000    33.1645    33.1629    -0.0016    25.4795    25.4776     36.158     36.303      0.755    1489.04    1489.05  0.000e+00
      26165     37.000    10.2228    10.2260     0.0032    3.65164    3.65173          1     6.0195     5.7469      67.84     0.7121     0.2743  2.117e-01  0.4220000    33.1724    33.1704    -0.0020    25.4875    25.4854     36.653     36.799      0.794    1489.02    1489.03  0.000e+00
      26180     37.500    10.2120    10.2148     0.0028    3.65169    3.65175          1     6.0201     5.7515      67.24     0.7334     0.2518  1.846e-01  0.4051000    33.1826    33.1806    -0.0020    25.4973    25.4952     37.148     37.296      0.716    1489.00    1489.01  0.000e+00
      26200     38.000    10.1912    10.1936     0.0023    3.65195    3.65203          1     6.0192     5.7568      66.41     0.7560     0.2617  1.636e-01  0.3932000    33.2040    33.2027    -0.0013    25.5175    25.5161     37.643     37.793      0.485    1488.96    1488.96  0.000e+00
      26241     38.500    10.1881    10.1852    -0.0029    3.65212    3.65223          1     6.0321     5.7559      65.90     0.8043     0.2915  1.521e-01  0.3693000    33.2084    33.2121     0.0037    25.5215    25.5249     38.139     38.289      0.271    1488.96    1488.95  0.000e+00
      26273     39.000    10.1831    10.1844     0.0013    3.65312    3.65321          1     6.0390     5.7566      65.32     0.8217     0.2750  1.432e-01  0.3615000    33.2228    33.2225    -0.0002    25.5335    25.5331     38.634     38.786      0.628    1488.97    1488.97  0.000e+00
      26288     39.500    10.1856    10.1866     0.0010    3.65545    3.65548          1     6.0362     5.7567      50.26     0.7886     0.2662  1.254e-01  0.3783000    33.2439    33.2433    -0.0006    25.5496    25.5490     39.129     39.282      0.819    1489.01    1489.01  0.000e+00
      26302     40.000    10.1980    10.1992     0.0011    3.65863    3.65869          1     6.0311     5.7579      62.89     0.7682     0.2647  1.131e-01  0.3815000    33.2643    33.2640    -0.0003    25.5635    25.5630     39.624     39.779      0.879    1489.09    1489.09  0.000e+00
      26315     40.500    10.1992    10.2003     0.0010    3.65942    3.65947          1     6.0307     5.7582      64.96     0.7495     0.2860  9.755e-02  0.3836000    33.2711    33.2706    -0.0005    25.5685    25.5679     40.120     40.276      0.826    1489.11    1489.11  0.000e+00
      26331     41.000    10.2028    10.2037     0.0009    3.66001    3.66007          1     6.0284     5.7590      64.03     0.7311     0.2937  8.647e-02  0.3841000    33.2736    33.2734    -0.0002    25.5698    25.5695     40.615     40.772      0.667    1489.13    1489.14  0.000e+00
      26354     41.500    10.2030    10.2040     0.0010    3.66020    3.66026          1     6.0301     5.7609      62.86     0.7447     0.2969  7.407e-02  0.3770000    33.2751    33.2748    -0.0003    25.5710    25.5705     41.110     41.269      0.446    1489.14    1489.15  0.000e+00
      26387     42.000    10.2068    10.2079     0.0011    3.66107    3.66113          1     6.0199     5.7547      61.64     0.7706     0.2814  6.763e-02  0.3682000    33.2802    33.2798    -0.0004    25.5743    25.5738     41.605     41.765      0.356    1489.17    1489.18  0.000e+00
      26418     42.500    10.2104    10.2116     0.0012    3.66167    3.66178          1     6.0128     5.7525      61.43     0.7859     0.2544  6.085e-02  0.3792000    33.2828    33.2827    -0.0001    25.5757    25.5754     42.101     42.262      0.490    1489.20    1489.20  0.000e+00
      26439     43.000    10.2100    10.2111     0.0011    3.66170    3.66176          1     6.0131     5.7512      61.16     0.7853     0.2166  4.728e-02  0.3596000    33.2832    33.2828    -0.0004    25.5761    25.5757     42.596     42.758      0.622    1489.20    1489.21  0.000e+00
      26457     43.500    10.2096    10.2100     0.0004    3.66170    3.66170          1     6.0185     5.7500      60.49     0.7635     0.1927  3.835e-02  0.3720000    33.2834    33.2830    -0.0003    25.5763    25.5760     43.091     43.255      0.686    1489.21    1489.21  0.000e+00
      26474     44.000    10.2026    10.2036     0.0010    3.66121    3.66125          1     6.0113     5.7451      60.13     0.7469     0.2435  2.955e-02  0.3754000    33.2846    33.2840    -0.0006    25.5785    25.5778     43.586     43.752      0.684    1489.20    1489.20  0.000e+00
      26492     44.500    10.2117    10.2121     0.0003    3.66379    3.66379          1     6.0105     5.7436      59.71     0.7257     0.2622  1.949e-02  0.3709000    33.3020    33.3017    -0.0003    25.5905    25.5902     44.082     44.248      0.607    1489.26    1489.26  0.000e+00
      26514     45.000    10.2288    10.2292     0.0004    3.66683    3.66685          1     6.0075     5.7376      59.43     0.6947     0.2769  1.043e-02  0.3612000    33.3169    33.3167    -0.0002    25.5992    25.5990     44.577     44.745      0.479    1489.35    1489.35  0.000e+00
      26542     45.500    10.2714    10.2698    -0.0016    3.67562    3.67515          1     5.9640     5.7154      59.09     0.6985     0.2873  9.497e-03  0.3590000    33.3663    33.3630    -0.0033    25.6305    25.6282     45.072     45.241      0.460    1489.57    1489.56  0.000e+00
      26565     46.000    10.2940    10.2974     0.0034    3.67970    3.68010          1     5.9246     5.6775      58.57     0.6358     0.2861  6.922e-04  0.3707000    33.3865    33.3874     0.0009    25.6424    25.6425     45.567     45.738      0.575    1489.68    1489.69  0.000e+00
      26585     46.500    10.2967    10.2977     0.0010    3.68046    3.68054          1     5.9213     5.6661      57.97     0.6147     0.2080  9.690e-06  0.3709000    33.3916    33.3914    -0.0002    25.6459    25.6455     46.063     46.234      0.615    1489.70    1489.71  0.000e+00
      26605     47.000    10.3026    10.3037     0.0011    3.68138    3.68146          1     5.9151     5.6497      57.46     0.5961     0.2920  1.005e-12  0.3673000    33.3951    33.3949    -0.0002    25.6476    25.6473     46.558     46.731      0.584    1489.74    1489.74  0.000e+00
      26626     47.500    10.3584    10.3536    -0.0047    3.69551    3.69407          1     5.8418     5.5827      56.94     0.5691     0.2895  1.000e-12  0.3612000    33.4860    33.4760    -0.0101    25.7089    25.7019     47.053     47.227      0.572    1490.06    1490.03  0.000e+00
      26646     48.000    10.4819    10.4818    -0.0002    3.73423    3.73338          1     5.7603     5.5200      56.24     0.5059     0.2449  1.000e-12  0.3798000    33.7619    33.7535    -0.0084    25.9027    25.8962     47.548     47.724      0.610    1490.84    1490.83  0.000e+00
      26665     48.500    10.5284    10.5287     0.0003    3.75271    3.75224          1     5.6907     5.4588      55.71     0.3767     0.1792  1.000e-12  0.3942000    33.9046    33.8995    -0.0051    26.0059    26.0019     48.044     48.220      0.607    1491.18    1491.18  0.000e+00
      26687     49.000    10.6138    10.6119    -0.0019    3.77967    3.77879          1     5.5914     5.3795      55.22     0.2680     0.2570  1.000e-12  0.3953000    34.0957    34.0887    -0.0071    26.1399    26.1347     48.539     48.716      0.459    1491.73    1491.71  0.000e+00
      26725     49.500    10.6455    10.6445    -0.0010    3.79248    3.79143          1     5.4764     5.2979      54.36     0.1714     0.2197  1.000e-12  0.4628000    34.1946    34.1850    -0.0096    26.2114    26.2041     49.034     49.213      0.317    1491.97    1491.95  0.000e+00
      26753     50.000    10.6315    10.6330     0.0016    3.80231    3.80226          1     5.4852     5.2886      54.19     0.1919     0.2101  1.000e-12  0.4500000    34.3064    34.3044    -0.0020    26.3010    26.2992     49.529     49.709      0.685    1492.06    1492.06  0.000e+00
      26767     50.500    10.6353    10.6359     0.0007    3.81270    3.81218          1     5.5294     5.3132      54.03     0.1401     0.1922  1.000e-12  0.5054000    34.4070    34.4012    -0.0058    26.3788    26.3742     50.024     50.205      0.897    1492.21    1492.20  0.000e+00
      26779     51.000    10.6378    10.6391     0.0013    3.82400    3.82394          1     5.5716     5.3353      53.46     0.1383     0.2092  1.000e-12  0.5080000    34.5182    34.5164    -0.0018    26.4650    26.4634     50.520     50.701      0.949    1492.36    1492.36  0.000e+00
      26792     51.500    10.6332    10.6341     0.0010    3.82648    3.82652          1     5.5978     5.3490      53.28     0.1282     0.2326  1.000e-12  0.4593000    34.5472    34.5467    -0.0005    26.4885    26.4879     51.015     51.197      0.853    1492.38    1492.39  0.000e+00
      26809     52.000    10.6317    10.6329     0.0012    3.82801    3.82802          1     5.6099     5.3608      52.90     0.1271     0.2093  1.000e-12  0.4392000    34.5639    34.5628    -0.0010    26.5017    26.5007     51.510     51.694      0.564    1492.41    1492.41  0.000e+00
      26850     52.500    10.6322    10.6323     0.0002    3.82860    3.82695          1     5.5942     5.3569      51.91     0.1417     0.2210  1.000e-12  0.4087000    34.5691    34.5524    -0.0168    26.5057    26.4926     52.005     52.190      0.312    1492.42    1492.40  0.000e+00
      26881     53.000    10.6231    10.6252     0.0021    3.83511    3.83503          1     5.5694     5.3410      51.18     0.1450     0.1996  1.000e-12  0.3996000    34.6431    34.6402    -0.0029    26.5650    26.5623     52.501     52.686      0.654    1492.49    1492.49  0.000e+00
      26896     53.500    10.6259    10.6264     0.0005    3.83698    3.83695          1     5.5539     5.3311      50.60     0.1138     0.2218  1.000e-12  0.4854000    34.6590    34.6581    -0.0009    26.5769    26.5761     52.996     53.182      0.827    1492.53    1492.53  0.000e+00
      26909     54.000    10.6238    10.6252     0.0014    3.83799    3.83805          1     5.5406     5.3207      50.23     0.1112     0.1898  1.000e-12  0.4889000    34.6709    34.6702    -0.0007    26.5866    26.5858     53.491     53.678      0.846    1492.54    1492.55  0.000e+00
      26924     54.500    10.6079    10.6092     0.0013    3.83896    3.83902          1     5.5246     5.3116      50.14     0.0901     0.1352  1.000e-12  0.4919000    34.6956    34.6949    -0.0007    26.6086    26.6078     53.986     54.174      0.729    1492.52    1492.53  0.000e+00
      26945     55.000    10.5937    10.5946     0.0009    3.84095    3.84096          1     5.5226     5.3069      49.24     0.1161     0.1781  1.000e-12  0.5708000    34.7290    34.7282    -0.0007    26.6371    26.6364     54.482     54.670      0.467    1492.52    1492.52  0.000e+00
      26986     55.500    10.6073    10.6058    -0.0015    3.84451    3.84408          1     5.5652     5.3244      48.88     0.1357     0.1935  1.000e-12  0.5952000    34.7516    34.7488    -0.0028    26.6524    26.6504     54.977     55.166      0.280    1492.61    1492.60  0.000e+00
      27018     56.000    10.6139    10.6155     0.0015    3.84579    3.84594          1     5.5615     5.3401      48.70     0.1081     0.2084  1.000e-12  0.5505000    34.7580    34.7580     0.0001    26.6562    26.6559     55.472     55.662      0.609    1492.65    1492.65  0.000e+00
      27033     56.500    10.5992    10.6017     0.0025    3.84594    3.84607          1     5.5740     5.3511      48.16     0.1051     0.2207  1.000e-12  0.5324000    34.7733    34.7723    -0.0010    26.6707    26.6695     55.967     56.158      0.841    1492.62    1492.63  0.000e+00
      27046     57.000    10.5719    10.5741     0.0023    3.84508    3.84531          1     5.5826     5.3551      47.37     0.1037     0.2099  1.000e-12  0.4937000    34.7905    34.7907     0.0002    26.6890    26.6888     56.462     56.654      0.956    1492.55    1492.56  0.000e+00
