ctdpy/tests/etc/all_smhi_bas_2018/SBE09_1044_20180527_0111_34_07_0029.cnv
* Sea-Bird SBE 9 Data File:
* FileName = C:\ctd\temp\2018\AU18D029.hex
* Software Version Seasave V 7.26.6.26
* Temperature SN = 5351
* Conductivity SN = 3941
* Number of Bytes Per Scan = 41
* Number of Voltage Words = 4
* Number of Scans Averaged by the Deck Unit = 1
* NMEA Latitude = 58 18.98 N
* NMEA Longitude = 010 56.58 E
* NMEA UTC (Time) = May 27 2018  01:11:20
* NMEA baud rate = 4800
** Station:  A14
** Operator:  SSip
** Ship: AURA
** Average sound velocity: 1477.92 m/s
** True-depth calculation Sun, 27 May 2018 01:39:16 +0000
** CTD Python Module SMHI /ver 3-12/ feb 2012 
** LIMS Job: 20183407-0029
** Cruise: SMHI-02-2018
** Latitude [GG MM.mm N] :
** Longitude [GG MM.mm E]:
# nquan = 26
# nvalues = 221                         
# units = specified
# name 0 = scan: Scan Count
# name 1 = prDM: Pressure, Digiquartz [db]
# name 2 = t090C: Temperature [ITS-90, deg C]
# name 3 = t190C: Temperature, 2 [ITS-90, deg C]
# name 4 = T2-T190C: Temperature Difference, 2 - 1 [ITS-90, deg C]
# name 5 = c0S/m: Conductivity [S/m]
# name 6 = c1S/m: Conductivity, 2 [S/m]
# name 7 = pumps: Pump Status
# name 8 = sbeox0ML/L: Oxygen, SBE 43 [ml/l]
# name 9 = sbeox1ML/L: Oxygen, SBE 43, 2 [ml/l]
# name 10 = altM: Altimeter [m]
# name 11 = flECO-AFL: Chl-a Fluorescence, WET Labs ECO-AFL/FL [mg/m^3]
# name 12 = flECO-AFL1: Phycocyanin Fluorescence, WET Labs ECO-AFL/FL, 2 [mg/m^3]
# name 13 = par: PAR/Irradiance, Biospherical/Lico [µE/(cm^2*s)]
# name 14 = turbWETntu0: Turbidity, WET Labs ECO [NTU]
# name 15 = sal00: Salinity, Practical [PSU]
# name 16 = sal11: Salinity, Practical, 2 [PSU]
# name 17 = secS-priS: Salinity, Practical, Difference, 2 - 1 [PSU]
# name 18 = sigma-t00: Density [sigma-t, Kg/m^3 ]
# name 19 = sigma-t11: Density, 2 [sigma-t, Kg/m^3 ]
# name 20 = depSM: Depth [salt water, m], lat = 58.3163
# name 21 = depFM: Depth [true depth, m], lat = 58.3163
# name 22 = dz/dtM: Descent Rate [m/s], WS = 2
# name 23 = svCM: Sound Velocity [Chen-Millero, m/s]
# name 24 = svCM1: Sound Velocity, 2 [Chen-Millero, m/s]
# name 25 = flag: flag
# span 0 =       8027,      12452       
# span 1 =      1.000,    111.000       
# span 2 =     5.9791,    18.7156       
# span 3 =     5.9811,    18.7144       
# span 4 =    -1.4860,     0.8549       
# span 5 =   2.646268,   3.479791       
# span 6 =   2.659511,   3.479835       
# span 7 =          1,          1       
# span 8 =    5.75027,    7.21041       
# span 9 =    5.70082,    7.12577       
# span 10 =       1.22,      99.60      
# span 11 =     0.0932,     1.4870      
# span 12 =     0.1633,     0.3809      
# span 13 = -2.319e-07, 2.2096e-03      
# span 14 =     0.1793,     0.9566      
# span 15 =    19.0657,    34.9727      
# span 16 =    19.1892,    34.9716      
# span 17 =    -0.9091,     1.6645      
# span 18 =    12.9527,    27.4733      
# span 19 =    13.0459,    27.4723      
# span 20 =      0.991,    109.939      
# span 21 =      1.006,    110.178      
# span 22 =     -0.029,      0.723      
# span 23 =    1474.39,    1500.01      
# span 24 =    1474.40,    1500.13      
# span 25 = 0.0000e+00, 0.0000e+00      
# interval = decibars: 0.5              
# start_time = May 27 2018 01:11:20 [NMEA time, first data scan]
# bad_flag = -9.990e-29
*END*
[from data line 112]
      10196     57.000     6.3018     6.3041     0.0023    3.43879    3.43885          1     6.7758     6.7722      57.53     0.1827     0.2300  1.000e-12  0.2529000    34.6855    34.6837    -0.0018    27.2652    27.2635     56.462     56.644      0.607    1476.48    1476.48  0.000e+00
      10215     57.500     6.3721     6.3758     0.0037    3.44658    3.44685          1     6.8298     6.8352      57.01     0.1979     0.2427  1.000e-12  0.2634000    34.7007    34.7000    -0.0007    27.2679    27.2669     56.958     57.140      0.623    1476.78    1476.79  0.000e+00
      10234     58.000     6.3937     6.3960     0.0024    3.44886    3.44900          1     6.8658     6.8522      56.55     0.2218     0.1649  1.000e-12  0.2569000    34.7041    34.7032    -0.0009    27.2677    27.2668     57.453     57.635      0.625    1476.87    1476.88  0.000e+00
      10253     58.500     6.4015     6.4015    -0.0000    3.44980    3.44961          1     6.8817     6.8426      56.13     0.2467     0.2269  1.000e-12  0.2338000    34.7063    34.7042    -0.0021    27.2685    27.2669     57.948     58.131      0.617    1476.92    1476.92  0.000e+00
      10273     59.000     6.4247     6.4276     0.0030    3.45310    3.45331          1     6.8741     6.8144      55.64     0.2359     0.2512  1.000e-12  0.2224000    34.7194    34.7187    -0.0007    27.2758    27.2748     58.443     58.627      0.604    1477.03    1477.04  0.000e+00
      10293     59.500     6.4623     6.4645     0.0022    3.45834    3.45845          1     6.8622     6.7872      55.07     0.2925     0.2217  1.000e-12  0.2123000    34.7392    34.7382    -0.0010    27.2864    27.2853     58.939     59.123      0.591    1477.21    1477.22  0.000e+00
      10314     60.000     6.4835     6.4845     0.0011    3.46086    3.46077          1     6.8451     6.7616      54.43     0.3282     0.2218  1.000e-12  0.2104000    34.7456    34.7435    -0.0021    27.2886    27.2869     59.434     59.618      0.588    1477.31    1477.31  0.000e+00
      10334     60.500     6.5007     6.5030     0.0023    3.46291    3.46307          1     6.8156     6.7167      53.16     0.3709     0.2524  1.000e-12  0.2104000    34.7506    34.7501    -0.0005    27.2903    27.2896     59.929     60.114      0.600    1477.39    1477.40  0.000e+00
      10354     61.000     6.4952     6.4979     0.0027    3.46312    3.46332          1     6.7619     6.6470      52.80     0.4400     0.2349  1.000e-12  0.2099000    34.7584    34.7578    -0.0006    27.2972    27.2963     60.424     60.610      0.614    1477.39    1477.40  0.000e+00
      10373     61.500     6.4732     6.4750     0.0017    3.46208    3.46213          1     6.6913     6.5818      53.02     0.5772     0.1943  1.000e-12  0.2171000    34.7689    34.7677    -0.0012    27.3084    27.3072     60.919     61.106      0.620    1477.33    1477.33  0.000e+00
      10392     62.000     6.4664     6.4675     0.0011    3.46159    3.46162          1     6.6419     6.5546      52.43     0.6822     0.2221  1.000e-12  0.2121000    34.7702    34.7694    -0.0007    27.3103    27.3096     61.415     61.601      0.620    1477.31    1477.31  0.000e+00
      10412     62.500     6.4600     6.4615     0.0015    3.46130    3.46134          1     6.6072     6.5218      51.51     0.7450     0.2410  1.000e-12  0.2081000    34.7732    34.7721    -0.0011    27.3135    27.3125     61.910     62.097      0.617    1477.30    1477.30  0.000e+00
      10431     63.000     6.4722     6.4738     0.0016    3.46352    3.46351          1     6.5351     6.4362      51.33     0.7799     0.2322  1.000e-12  0.2054000    34.7853    34.7836    -0.0017    27.3215    27.3199     62.405     62.593      0.607    1477.37    1477.37  0.000e+00
      10451     63.500     6.4745     6.4762     0.0017    3.46425    3.46433          1     6.4552     6.3641      51.09     1.1141     0.2104  1.000e-12  0.2178000    34.7909    34.7900    -0.0009    27.3256    27.3247     62.900     63.088      0.591    1477.39    1477.40  0.000e+00
      10472     64.000     6.4363     6.4380     0.0017    3.46055    3.46067          1     6.4205     6.3611      50.62     1.2132     0.2486  1.000e-12  0.2214000    34.7882    34.7878    -0.0004    27.3285    27.3279     63.395     63.584      0.581    1477.25    1477.25  0.000e+00
      10493     64.500     6.3703     6.3715     0.0012    3.45425    3.45431          1     6.4321     6.3881      50.10     1.1637     0.2621  1.000e-12  0.2180000    34.7849    34.7843    -0.0005    27.3346    27.3341     63.891     64.080      0.589    1476.99    1477.00  0.000e+00
      10513     65.000     6.3624     6.3649     0.0026    3.45371    3.45388          1     6.4475     6.3982      49.64     1.0800     0.2755  1.000e-12  0.2160000    34.7867    34.7860    -0.0006    27.3371    27.3363     64.386     64.576      0.613    1476.97    1476.98  0.000e+00
      10532     65.500     6.3696     6.3723     0.0027    3.45481    3.45497          1     6.4444     6.4054      49.19     1.0215     0.2861  1.000e-12  0.2110000    34.7914    34.7904    -0.0010    27.3399    27.3387     64.881     65.071      0.636    1477.01    1477.02  0.000e+00
      10550     66.000     6.3605     6.3628     0.0023    3.45390    3.45405          1     6.4418     6.4092      48.66     1.0435     0.2643  1.000e-12  0.2171000    34.7903    34.7896    -0.0007    27.3402    27.3394     65.376     65.567      0.645    1476.98    1476.99  0.000e+00
      10569     66.500     6.3427     6.3448     0.0021    3.45227    3.45237          1     6.4427     6.3990      48.07     1.1473     0.2956  1.000e-12  0.2295000    34.7899    34.7889    -0.0010    27.3423    27.3412     65.871     66.063      0.633    1476.92    1476.93  0.000e+00
      10588     67.000     6.3351     6.3370     0.0019    3.45166    3.45174          1     6.4399     6.3935      46.68     1.2222     0.2791  1.000e-12  0.2402000    34.7906    34.7895    -0.0010    27.3438    27.3427     66.367     66.558      0.604    1476.90    1476.91  0.000e+00
      10609     67.500     6.3153     6.3214     0.0060    3.44965    3.45023          1     6.4295     6.3857      45.95     1.2082     0.2363  1.000e-12  0.2363000    34.7880    34.7883     0.0003    27.3443    27.3438     66.862     67.054      0.582    1476.83    1476.85  0.000e+00
      10630     68.000     6.2823     6.2926     0.0102    3.44670    3.44758          1     6.4348     6.3992      46.44     1.2938     0.2496  1.000e-12  0.2417000    34.7884    34.7878    -0.0006    27.3490    27.3472     67.357     67.550      0.590    1476.71    1476.75  0.000e+00
      10649     68.500     6.2357     6.2388     0.0032    3.44203    3.44218          1     6.4438     6.4056      46.09     1.1821     0.2712  1.000e-12  0.2325000    34.7835    34.7819    -0.0015    27.3512    27.3496     67.852     68.046      0.617    1476.52    1476.54  0.000e+00
      10668     69.000     6.2194     6.2198     0.0004    3.44094    3.44083          1     6.4443     6.3948      44.99     1.0843     0.2555  1.000e-12  0.2303000    34.7876    34.7860    -0.0016    27.3566    27.3553     68.347     68.541      0.640    1476.47    1476.47  0.000e+00
      10687     69.500     6.2227     6.2238     0.0011    3.44136    3.44135          1     6.4437     6.3843      44.17     0.9980     0.2305  1.000e-12  0.2295000    34.7888    34.7875    -0.0012    27.3571    27.3560     68.843     69.037      0.649    1476.50    1476.50  0.000e+00
      10705     70.000     6.2273     6.2285     0.0012    3.44193    3.44193          1     6.4349     6.3709      43.87     0.9620     0.2219  1.000e-12  0.2296000    34.7902    34.7890    -0.0012    27.3576    27.3565     69.338     69.533      0.640    1476.52    1476.53  0.000e+00
      10724     70.500     6.2294     6.2317     0.0023    3.44219    3.44235          1     6.4110     6.3507      44.03     0.9301     0.2123  1.000e-12  0.2220000    34.7908    34.7902    -0.0006    27.3578    27.3570     69.833     70.028      0.613    1476.54    1476.55  0.000e+00
      10745     71.000     6.2397     6.2416     0.0018    3.44349    3.44356          1     6.4204     6.3556      43.67     0.8958     0.2211  1.000e-12  0.2175000    34.7945    34.7934    -0.0011    27.3593    27.3582     70.328     70.524      0.584    1476.60    1476.60  0.000e+00
      10766     71.500     6.2497     6.2540     0.0042    3.44463    3.44500          1     6.4265     6.3410      43.18     0.8567     0.2450  1.000e-12  0.2167000    34.7968    34.7966    -0.0002    27.3599    27.3592     70.823     71.020      0.576    1476.65    1476.66  0.000e+00
      10786     72.000     6.3319     6.3322     0.0004    3.45465    3.45451          1     6.3736     6.2836      42.67     0.7847     0.2068  1.000e-12  0.2122000    34.8248    34.8229    -0.0019    27.3712    27.3697     71.318     71.516      0.592    1477.01    1477.01  0.000e+00
      10806     72.500     6.3670     6.3698     0.0028    3.45831    3.45844          1     6.3157     6.2536      42.19     0.7866     0.2187  1.000e-12  0.2103000    34.8296    34.8282    -0.0014    27.3704    27.3689     71.814     72.011      0.616    1477.17    1477.17  0.000e+00
      10825     73.000     6.3526     6.3543     0.0016    3.45685    3.45692          1     6.2985     6.2561      41.74     0.7270     0.2218  1.000e-12  0.2028000    34.8277    34.8268    -0.0009    27.3708    27.3698     72.309     72.507      0.635    1477.12    1477.12  0.000e+00
      10844     73.500     6.3256     6.3277     0.0021    3.45446    3.45453          1     6.2918     6.2378      41.24     0.6989     0.2276  1.000e-12  0.2002000    34.8284    34.8270    -0.0013    27.3748    27.3735     72.804     73.003      0.645    1477.02    1477.02  0.000e+00
      10862     74.000     6.3225     6.3224    -0.0001    3.45419    3.45407          1     6.2877     6.2066      40.66     0.7241     0.3045  1.000e-12  0.2040000    34.8283    34.8270    -0.0013    27.3752    27.3742     73.299     73.498      0.642    1477.02    1477.01  0.000e+00
      10881     74.500     6.3131     6.3174     0.0042    3.45318    3.45353          1     6.2932     6.2093      39.90     0.7454     0.2887  1.000e-12  0.2031000    34.8263    34.8258    -0.0005    27.3749    27.3739     73.794     73.994      0.615    1476.98    1477.00  0.000e+00
      10901     75.000     6.2692     6.2728     0.0037    3.44888    3.44908          1     6.3031     6.2415      39.03     0.7274     0.2756  1.000e-12  0.2008000    34.8228    34.8213    -0.0015    27.3779    27.3762     74.290     74.490      0.598    1476.81    1476.83  0.000e+00
      10921     75.500     6.2605     6.2603    -0.0001    3.44820    3.44809          1     6.2932     6.2471      38.67     0.7280     0.2802  1.000e-12  0.1989000    34.8238    34.8228    -0.0010    27.3798    27.3790     74.785     74.985      0.606    1476.79    1476.79  0.000e+00
      10941     76.000     6.2584     6.2593     0.0009    3.44806    3.44805          1     6.2908     6.2506      37.94     0.7609     0.2916  1.000e-12  0.2049000    34.8241    34.8230    -0.0011    27.3803    27.3793     75.280     75.481      0.613    1476.79    1476.79  0.000e+00
      10961     76.500     6.2494     6.2499     0.0005    3.44713    3.44709          1     6.2997     6.2474      37.77     0.8214     0.2739  1.000e-12  0.2036000    34.8227    34.8217    -0.0010    27.3803    27.3795     75.775     75.977      0.620    1476.76    1476.76  0.000e+00
      10980     77.000     6.2551     6.2543    -0.0007    3.44861    3.44833          1     6.2909     6.2229      37.61     0.8390     0.2696  1.000e-12  0.2121000    34.8331    34.8308    -0.0023    27.3878    27.3861     76.270     76.473      0.631    1476.80    1476.80  0.000e+00
      10999     77.500     6.3205     6.3183    -0.0022    3.45601    3.45568          1     6.2697     6.1952      37.26     0.8029     0.2753  1.000e-12  0.2090000    34.8490    34.8475    -0.0015    27.3918    27.3909     76.765     76.968      0.637    1477.09    1477.08  0.000e+00
      11017     78.000     6.3375     6.3388     0.0013    3.45780    3.45781          1     6.2534     6.1694      36.81     0.7105     0.2762  1.000e-12  0.1931000    34.8512    34.8500    -0.0012    27.3914    27.3902     77.261     77.464      0.620    1477.17    1477.17  0.000e+00
      11037     78.500     6.3501     6.3501     0.0001    3.45943    3.45928          1     6.2399     6.1519      36.24     0.6047     0.2971  1.000e-12  0.1862000    34.8564    34.8548    -0.0016    27.3938    27.3925     77.756     77.960      0.588    1477.23    1477.23  0.000e+00
      11058     79.000     6.3806     6.3809     0.0004    3.46295    3.46282          1     6.2242     6.1355      35.70     0.5874     0.2808  1.000e-12  0.1852000    34.8643    34.8625    -0.0018    27.3960    27.3945     78.251     78.455      0.570    1477.37    1477.37  0.000e+00
      11079     79.500     6.4053     6.4038    -0.0016    3.46558    3.46537          1     6.2095     6.1219      35.22     0.5610     0.2238  1.000e-12  0.1858000    34.8681    34.8674    -0.0007    27.3957    27.3953     78.746     78.951      0.580    1477.48    1477.47  0.000e+00
      11100     80.000     6.4065     6.4085     0.0020    3.46571    3.46580          1     6.1987     6.1225      34.74     0.5268     0.2645  1.000e-12  0.1866000    34.8682    34.8671    -0.0011    27.3956    27.3945     79.241     79.447      0.606    1477.49    1477.50  0.000e+00
      11119     80.500     6.4105     6.4120     0.0015    3.46632    3.46634          1     6.1925     6.1223      34.24     0.4750     0.2858  1.000e-12  0.1858000    34.8706    34.8694    -0.0012    27.3970    27.3958     79.736     79.942      0.638    1477.52    1477.52  0.000e+00
      11137     81.000     6.4148     6.4161     0.0012    3.46696    3.46698          1     6.1871     6.1168      33.75     0.4310     0.2681  1.000e-12  0.1860000    34.8732    34.8721    -0.0011    27.3984    27.3974     80.232     80.438      0.664    1477.55    1477.55  0.000e+00
      11155     81.500     6.4079     6.4097     0.0018    3.46659    3.46669          1     6.1766     6.1076      33.28     0.3974     0.2229  1.000e-12  0.1903000    34.8759    34.8751    -0.0007    27.4015    27.4007     80.727     80.934      0.661    1477.53    1477.54  0.000e+00
      11174     82.000     6.4080     6.4096     0.0016    3.46684    3.46689          1     6.1622     6.0913      32.77     0.3751     0.2710  1.000e-12  0.1915000    34.8783    34.8772    -0.0011    27.4034    27.4023     81.222     81.429      0.631    1477.54    1477.55  0.000e+00
      11193     82.500     6.4304     6.4327     0.0023    3.46975    3.46980          1     6.1459     6.0679      31.89     0.3931     0.2375  1.000e-12  0.1912000    34.8876    34.8858    -0.0018    27.4078    27.4060     81.717     81.925      0.608    1477.65    1477.66  0.000e+00
      11213     83.000     6.4400     6.4421     0.0021    3.47071    3.47082          1     6.1245     6.0555      31.31     0.3407     0.2290  1.000e-12  0.1874000    34.8883    34.8873    -0.0010    27.4070    27.4060     82.212     82.421      0.606    1477.70    1477.71  0.000e+00
      11233     83.500     6.4390     6.4410     0.0020    3.47070    3.47076          1     6.1180     6.0622      31.09     0.2979     0.2892  1.000e-12  0.1869000    34.8889    34.8876    -0.0013    27.4077    27.4063     82.707     82.916      0.611    1477.71    1477.71  0.000e+00
      11252     84.000     6.4378     6.4411     0.0034    3.47059    3.47081          1     6.1279     6.0629      30.70     0.2727     0.2297  1.000e-12  0.1897000    34.8888    34.8877    -0.0010    27.4077    27.4064     83.203     83.412      0.614    1477.71    1477.72  0.000e+00
