ctdpy/tests/etc/all_smhi_bas_2018/SBE09_1044_20180125_1855_34_02_0009.cnv
* Sea-Bird SBE 9 Data File:
* FileName = C:\ctd\temp\2018\ME18D009.hex
* Software Version Seasave V 7.26.6.26
* Temperature SN = 5351
* Conductivity SN = 3941
* Number of Bytes Per Scan = 41
* Number of Voltage Words = 4
* Number of Scans Averaged by the Deck Unit = 1
* NMEA Latitude = 55 51.99 N
* NMEA Longitude = 012 44.86 E
* NMEA UTC (Time) = Jan 25 2018  18:55:59
* NMEA baud rate = 4800
** Station:  W Landskrona
** Operator:  JKro
** Ship: MERI
** Average sound velocity: 1472.22 m/s
** True-depth calculation Sat, 27 Jan 2018 18:57:14 +0000
** CTD Python Module SMHI /ver 3-12/ feb 2012 
** LIMS Job: 20183402-0009
** Cruise: SMHI-01-2018
** Latitude [GG MM.mm N] :
** Longitude [GG MM.mm E]:
# nquan = 26
# nvalues = 92                          
# units = specified
# name 0 = scan: Scan Count
# name 1 = prDM: Pressure, Digiquartz [db]
# name 2 = t090C: Temperature [ITS-90, deg C]
# name 3 = t190C: Temperature, 2 [ITS-90, deg C]
# name 4 = T2-T190C: Temperature Difference, 2 - 1 [ITS-90, deg C]
# name 5 = c0S/m: Conductivity [S/m]
# name 6 = c1S/m: Conductivity, 2 [S/m]
# name 7 = pumps: Pump Status
# name 8 = sbeox0ML/L: Oxygen, SBE 43 [ml/l]
# name 9 = sbeox1ML/L: Oxygen, SBE 43, 2 [ml/l]
# name 10 = altM: Altimeter [m]
# name 11 = flECO-AFL: Chl-a Fluorescence, WET Labs ECO-AFL/FL [mg/m^3]
# name 12 = flECO-AFL1: Phycocyanin Fluorescence, WET Labs ECO-AFL/FL, 2 [mg/m^3]
# name 13 = par: PAR/Irradiance, Biospherical/Lico [µE/(cm^2*s)]
# name 14 = turbWETntu0: Turbidity, WET Labs ECO [NTU]
# name 15 = sal00: Salinity, Practical [PSU]
# name 16 = sal11: Salinity, Practical, 2 [PSU]
# name 17 = secS-priS: Salinity, Practical, Difference, 2 - 1 [PSU]
# name 18 = sigma-t00: Density [sigma-t, Kg/m^3 ]
# name 19 = sigma-t11: Density, 2 [sigma-t, Kg/m^3 ]
# name 20 = depSM: Depth [salt water, m], lat = 55.8665
# name 21 = depFM: Depth [true depth, m], lat = 55.8665
# name 22 = dz/dtM: Descent Rate [m/s], WS = 2
# name 23 = svCM: Sound Velocity [Chen-Millero, m/s]
# name 24 = svCM1: Sound Velocity, 2 [Chen-Millero, m/s]
# name 25 = flag: flag
# span 0 =      12883,      15541       
# span 1 =      1.000,     46.500       
# span 2 =     3.7342,     8.5144       
# span 3 =     3.7352,     8.5142       
# span 4 =    -0.1384,     0.0148       
# span 5 =   1.398541,   3.426235       
# span 6 =   1.404866,   3.426141       
# span 7 =          1,          1       
# span 8 =    5.13836,    8.04467       
# span 9 =    5.13379,    8.06154       
# span 10 =       1.25,      46.43      
# span 11 =     0.1532,     0.7624      
# span 12 =     0.2462,     0.3652      
# span 13 = 1.0000e-12, 1.0000e-12      
# span 14 =     0.4520,     3.0888      
# span 15 =    14.0026,    32.4125      
# span 16 =    14.0713,    32.4117      
# span 17 =    -0.3606,     0.1112      
# span 18 =    11.1335,    25.1666      
# span 19 =    11.1880,    25.1660      
# span 20 =      0.991,     46.072      
# span 21 =      1.007,     46.340      
# span 22 =      0.188,      0.504      
# span 23 =    1438.60,    1481.97      
# span 24 =    1438.68,    1481.97      
# span 25 = 0.0000e+00, 0.0000e+00      
# interval = decibars: 0.5              
# start_time = Jan 25 2018 18:55:59 [NMEA time, first data scan]
# bad_flag = -9.990e-29
*END*
      12883      1.000     3.7499     3.7538     0.0040    1.44636    1.44835          1     8.0331     8.0179       1.26     0.7610     0.3109  1.000e-12  0.4699000    14.5162    14.5361     0.0199    11.5405    11.5561      0.991      1.007      0.188    1439.28    1439.32  0.000e+00
      12913      1.500     3.7399     3.7418     0.0020    1.45517    1.45750          1     8.0174     8.0222       1.25     0.7575     0.3425  1.000e-12  0.4520000    14.6164    14.6409     0.0245    11.6204    11.6398      1.486      1.510      0.398    1439.37    1439.41  0.000e+00
      12941      2.000     3.7365     3.7367     0.0003    1.45459    1.45650          1     8.0447     8.0615      25.14     0.7624     0.3576  1.000e-12  0.4551000    14.6115    14.6322     0.0208    11.6166    11.6331      1.982      2.014      0.452    1439.36    1439.39  0.000e+00
      12967      2.500     3.7342     3.7358     0.0016    1.44806    1.45049          1     8.0244     8.0512      46.43     0.7486     0.3515  1.000e-12  0.4687000    14.5413    14.5670     0.0257    11.5611    11.5814      2.477      2.517      0.476    1439.27    1439.31  0.000e+00
      12991      3.000     3.7556     3.7496    -0.0060    1.46285    1.45246          1     7.9180     7.9291      45.90     0.7432     0.3571  1.000e-12  0.4829000    14.6926    14.5823    -0.1103    11.6802    11.5929      2.973      3.021      0.486    1439.57    1439.40  0.000e+00
      13017      3.500     3.7354     3.7352    -0.0003    1.39854    1.40487          1     7.8968     7.9276      45.31     0.7412     0.3643  1.000e-12  0.4869000    14.0026    14.0713     0.0687    11.1335    11.1880      3.468      3.524      0.461    1438.60    1438.68  0.000e+00
      13043      4.000     3.7759     3.7568    -0.0194    1.45228    1.43481          1     7.8540     7.8927      44.80     0.7315     0.3499  1.000e-12  0.4869000    14.5684    14.3869    -0.1815    11.5807    11.4375      3.964      4.028      0.452    1439.51    1439.19  0.000e+00
      13070      4.500     3.9424     3.9533     0.0112    1.61665    1.62731          1     7.6434     7.7015      44.27     0.6942     0.3264  1.000e-12  0.4790000    16.2822    16.3934     0.1112    12.9321    13.0197      4.459      4.531      0.455    1442.45    1442.64  0.000e+00
      13096      5.000     3.9796     3.9340    -0.0458    1.64578    1.61074          1     7.5736     7.6672      43.48     0.6687     0.3221  1.000e-12  0.4693000    16.5822    16.2216    -0.3606    13.1680    12.8845      4.955      5.034      0.439    1443.00    1442.34  0.000e+00
      13124      5.500     4.1432     4.1378    -0.0053    1.76912    1.76467          1     7.5682     7.6945      33.02     0.6256     0.3272  1.000e-12  0.4765000    17.8480    17.8020    -0.0460    14.1623    14.1261      5.450      5.536      0.432    1445.35    1445.26  0.000e+00
      13152      6.000     4.4162     4.4150    -0.0013    1.88834    1.88495          1     7.3354     7.4398      30.38     0.5767     0.3527  1.000e-12  0.5054000    19.0022    18.9658    -0.0364    15.0591    15.0304      5.945      6.038      0.439    1448.01    1447.96  0.000e+00
      13179      6.500     4.3409     4.3043    -0.0363    1.86122    1.84520          1     7.2242     7.3081      32.92     0.5750     0.3368  1.000e-12  0.5282000    18.7484    18.5934    -0.1549    14.8632    14.7429      6.441      6.540      0.439    1447.37    1447.01  0.000e+00
      13206      7.000     4.3871     4.3480    -0.0395    1.85859    1.84604          1     7.2404     7.3421      37.66     0.5982     0.3626  1.000e-12  0.5138000    18.6929    18.5777    -0.1152    14.8163    14.7276      6.936      7.041      0.431    1447.51    1447.19  0.000e+00
      13235      7.500     4.7136     4.6704    -0.0426    1.98995    1.97135          1     7.1106     7.2390      40.89     0.5901     0.3335  1.000e-12  0.5443000    19.9384    19.7613    -0.1771    15.7792    15.6423      7.432      7.543      0.418    1450.50    1450.09  0.000e+00
      13264      8.000     5.0926     5.0991     0.0065    2.13906    2.13897          1     6.9212     7.0427      33.32     0.5423     0.2942  1.000e-12  0.5998000    21.3323    21.3272    -0.0052    16.8521    16.8475      7.927      8.044      0.420    1453.88    1453.91  0.000e+00
      13292      8.500     5.2431     5.2359    -0.0075    2.19200    2.18848          1     6.7943     6.9108      37.02     0.4623     0.3465  1.000e-12  0.6594000    21.8115    21.7778    -0.0337    17.2180    17.1920      8.423      8.545      0.438    1455.13    1455.06  0.000e+00
      13319      9.000     5.3456     5.3504     0.0050    2.22728    2.22750          1     6.7222     6.8336      39.78     0.4384     0.3207  1.000e-12  0.6939000    22.1279    22.1271    -0.0008    17.4590    17.4579      8.918      9.045      0.448    1455.97    1455.99  0.000e+00
      13345      9.500     5.3844     5.3937     0.0092    2.24261    2.24405          1     6.6583     6.7842      39.20     0.4217     0.3334  1.000e-12  0.7340000    22.2686    22.2781     0.0095    17.5666    17.5733      9.413      9.546      0.456    1456.32    1456.37  0.000e+00
      13371     10.000     5.4619     5.4658     0.0041    2.27193    2.27170          1     6.4414     6.5899      38.75     0.4265     0.3344  1.000e-12  0.7389000    22.5351    22.5300    -0.0051    17.7701    17.7657      9.909     10.046      0.458    1456.99    1457.00  0.000e+00
      13397     10.500     5.5290     5.5194    -0.0096    2.29489    2.29101          1     6.4324     6.5966      38.26     0.4363     0.3652  1.000e-12  0.7613000    22.7389    22.7034    -0.0356    17.9248    17.8977     10.404     10.547      0.455    1457.53    1457.45  0.000e+00
      13424     11.000     5.8952     5.7559    -0.1384    2.41986    2.37722          1     6.3402     6.4976      37.75     0.4348     0.3637  1.000e-12  0.8147000    23.8340    23.4734    -0.3605    18.7525    18.4825     10.900     11.047      0.453    1460.42    1459.40  0.000e+00
      13450     11.500     6.5026     6.4420    -0.0612    2.64358    2.63001          1     6.0180     6.1666      37.22     0.3773     0.3205  1.000e-12  0.9548000    25.8035    25.7033    -0.1003    20.2408    20.1686     11.395     11.546      0.459    1465.38    1465.01  0.000e+00
      13476     12.000     6.7057     6.6819    -0.0242    2.72250    2.71848          1     5.8780     6.0223      36.69     0.3033     0.3198  1.000e-12  1.0934000    26.4950    26.4702    -0.0248    20.7619    20.7451     11.891     12.045      0.460    1467.06    1466.94  0.000e+00
      13502     12.500     6.8913     6.8512    -0.0402    2.79485    2.78405          1     5.7508     5.8985      36.16     0.2845     0.2901  1.000e-12  1.1644000    27.1234    27.0397    -0.0837    21.2341    21.1731     12.386     12.544      0.469    1468.59    1468.33  0.000e+00
      13528     13.000     7.1926     7.1559    -0.0366    2.91599    2.90436          1     5.6606     5.7784      35.08     0.2739     0.3209  1.000e-12  1.2251000    28.1754    28.0811    -0.0944    22.0243    21.9547     12.881     13.043      0.477    1471.10    1470.84  0.000e+00
      13553     13.500     7.3175     7.3061    -0.0113    2.96681    2.96419          1     5.5848     5.7145      34.08     0.2495     0.3183  1.000e-12  1.2963000    28.6138    28.5952    -0.0185    22.3528    22.3397     13.377     13.541      0.488    1472.14    1472.08  0.000e+00
      13577     14.000     7.5451     7.5062    -0.0389    3.05763    3.04268          1     5.4552     5.5695      33.56     0.2235     0.3038  1.000e-12  1.4001000    29.3889    29.2630    -0.1259    22.9319    22.8381     13.872     14.039      0.504    1474.00    1473.70  0.000e+00
      13601     14.500     7.6651     7.6686     0.0035    3.10324    3.10412          1     5.4350     5.5529      33.11     0.2042     0.2731  1.000e-12  1.4982000    29.7711    29.7775     0.0065    23.2159    23.2206     14.368     14.537      0.492    1474.95    1474.97  0.000e+00
      13625     15.000     7.8039     7.7729    -0.0309    3.15534    3.14486          1     5.3936     5.5044      32.56     0.2016     0.2506  1.000e-12  1.5852000    30.2026    30.1187    -0.0839    23.5356    23.4740     14.863     15.034      0.472    1476.03    1475.80  0.000e+00
      13652     15.500     8.0677     8.0620    -0.0059    3.25914    3.25829          1     5.3179     5.4085      32.11     0.1785     0.2984  1.000e-12  1.7139000    31.0701    31.0661    -0.0040    24.1794    24.1771     15.359     15.532      0.453    1478.12    1478.09  0.000e+00
      13678     16.000     8.0883     8.0913     0.0030    3.26815    3.26898          1     5.2974     5.3676      31.58     0.1921     0.2945  1.000e-12  1.8106000    31.1466    31.1528     0.0062    24.2365    24.2409     15.854     16.029      0.447    1478.30    1478.32  0.000e+00
      13705     16.500     8.0931     8.0948     0.0018    3.26963    3.26995          1     5.2869     5.3554      31.11     0.1948     0.3134  1.000e-12  1.8335000    31.1578    31.1596     0.0018    24.2446    24.2458     16.349     16.526      0.439    1478.34    1478.35  0.000e+00
      13733     17.000     8.1099     8.1076    -0.0022    3.27604    3.27488          1     5.2939     5.3659      30.62     0.1812     0.3199  1.000e-12  1.8754000    31.2102    31.2001    -0.0102    24.2833    24.2757     16.845     17.023      0.436    1478.48    1478.46  0.000e+00
      13760     17.500     8.1678     8.1613    -0.0065    3.29879    3.29570          1     5.2897     5.3469      29.67     0.1752     0.2939  1.000e-12  1.9115000    31.3983    31.3716    -0.0268    24.4225    24.4025     17.340     17.521      0.430    1478.94    1478.88  0.000e+00
      13789     18.000     8.2373     8.2365    -0.0009    3.32517    3.32489          1     5.2779     5.3220      29.49     0.1613     0.3177  1.000e-12  1.9023000    31.6140    31.6118    -0.0022    24.5816    24.5800     17.836     18.018      0.426    1479.48    1479.47  0.000e+00
      13817     18.500     8.2436     8.2443     0.0007    3.32759    3.32733          1     5.2789     5.3147      29.13     0.1689     0.3308  1.000e-12  1.8801000    31.6337    31.6302    -0.0035    24.5961    24.5933     18.331     18.515      0.422    1479.53    1479.53  0.000e+00
      13845     19.000     8.2496     8.2497     0.0001    3.32964    3.32922          1     5.2698     5.3111      28.54     0.1856     0.2984  1.000e-12  1.8813000    31.6496    31.6451    -0.0045    24.6077    24.6042     18.826     19.012      0.418    1479.58    1479.58  0.000e+00
      13874     19.500     8.2591     8.2610     0.0020    3.33300    3.33321          1     5.2666     5.3069      28.05     0.1963     0.2857  1.000e-12  1.9485000    31.6763    31.6767     0.0004    24.6272    24.6273     19.322     19.509      0.414    1479.66    1479.67  0.000e+00
      13903     20.000     8.2695     8.2693    -0.0002    3.33642    3.33598          1     5.2611     5.3002      27.66     0.1698     0.3243  1.000e-12  1.9649000    31.7027    31.6982    -0.0045    24.6465    24.6430     19.817     20.006      0.411    1479.74    1479.73  0.000e+00
      13933     20.500     8.2805     8.2830     0.0025    3.34038    3.34090          1     5.2460     5.2760      27.19     0.1756     0.3214  1.000e-12  1.9568000    31.7342    31.7375     0.0033    24.6696    24.6718     20.313     20.503      0.409    1479.83    1479.84  0.000e+00
      13962     21.000     8.2810     8.2819     0.0008    3.34075    3.34084          1     5.2558     5.2953      26.68     0.1571     0.3158  1.000e-12  1.9606000    31.7374    31.7376     0.0002    24.6720    24.6720     20.808     21.000      0.404    1479.84    1479.85  0.000e+00
      13992     21.500     8.2780     8.2792     0.0012    3.33980    3.33997          1     5.2603     5.2928      26.22     0.1712     0.2670  1.000e-12  2.0174000    31.7299    31.7307     0.0007    24.6666    24.6670     21.304     21.497      0.398    1479.83    1479.83  0.000e+00
      14022     22.000     8.2786     8.2800     0.0015    3.34015    3.34045          1     5.2581     5.2918      25.68     0.1748     0.3084  1.000e-12  2.0089000    31.7329    31.7347     0.0018    24.6688    24.6700     21.799     21.994      0.398    1479.84    1479.85  0.000e+00
      14052     22.500     8.2890     8.2867    -0.0023    3.34425    3.34309          1     5.2597     5.2789      25.20     0.1844     0.3162  1.000e-12  1.9235000    31.7664    31.7563    -0.0102    24.6936    24.6860     22.294     22.491      0.402    1479.93    1479.91  0.000e+00
      14082     23.000     8.3041     8.3034    -0.0007    3.34994    3.34965          1     5.2611     5.2742      24.75     0.1719     0.3060  1.000e-12  1.9665000    31.8125    31.8100    -0.0024    24.7274    24.7256     22.790     22.988      0.401    1480.06    1480.05  0.000e+00
      14112     23.500     8.3195     8.3227     0.0033    3.35548    3.35677          1     5.2363     5.2794      24.21     0.1859     0.3121  1.000e-12  2.0304000    31.8567    31.8673     0.0106    24.7599    24.7677     23.285     23.485      0.395    1480.18    1480.20  0.000e+00
      14142     24.000     8.3273     8.3277     0.0003    3.35919    3.35932          1     5.2309     5.2802      23.72     0.1695     0.3185  1.000e-12  2.0706000    31.8884    31.8894     0.0010    24.7836    24.7843     23.781     23.982      0.398    1480.25    1480.26  0.000e+00
      14173     24.500     8.3315     8.3315    -0.0000    3.36068    3.36069          1     5.2358     5.2696      22.92     0.1834     0.2926  1.000e-12  1.9928000    31.9000    31.9002     0.0002    24.7921    24.7922     24.276     24.479      0.399    1480.29    1480.29  0.000e+00
      14203     25.000     8.3309     8.3313     0.0004    3.36058    3.36063          1     5.2246     5.2712      22.39     0.1674     0.3088  1.000e-12  2.0291000    31.8994    31.8995     0.0001    24.7917    24.7917     24.771     24.976      0.397    1480.30    1480.30  0.000e+00
      14233     25.500     8.3364     8.3377     0.0013    3.36268    3.36288          1     5.2361     5.2703      22.16     0.1855     0.3069  1.000e-12  1.9868000    31.9161    31.9171     0.0009    24.8040    24.8046     25.267     25.473      0.392    1480.35    1480.35  0.000e+00
      14264     26.000     8.3800     8.3799    -0.0002    3.37858    3.37878          1     5.2175     5.2433      21.72     0.1755     0.3101  1.000e-12  2.1484000    32.0438    32.0460     0.0022    24.8976    24.8993     25.762     25.969      0.395    1480.68    1480.68  0.000e+00
      14294     26.500     8.3700     8.3762     0.0063    3.37545    3.37768          1     5.2091     5.2415      20.80     0.1876     0.3135  1.000e-12  2.4842000    32.0197    32.0376     0.0179    24.8802    24.8933     26.257     26.466      0.400    1480.62    1480.66  0.000e+00
      14324     27.000     8.3431     8.3580     0.0148    3.36572    3.37106          1     5.2225     5.2579      20.62     0.1923     0.3127  1.000e-12  2.4851000    31.9415    31.9841     0.0426    24.8229    24.8541     26.753     26.963      0.398    1480.43    1480.54  0.000e+00
      14354     27.500     8.3533     8.3546     0.0013    3.36920    3.36956          1     5.2278     5.2550      20.24     0.1691     0.3292  1.000e-12  2.3242000    31.9686    31.9712     0.0026    24.8426    24.8445     27.248     27.460      0.394    1480.51    1480.52  0.000e+00
      14385     28.000     8.3473     8.3478     0.0005    3.36721    3.36734          1     5.2260     5.2503      19.75     0.1736     0.2891  1.000e-12  2.2259000    31.9530    31.9538     0.0009    24.8312    24.8318     27.744     27.957      0.398    1480.47    1480.48  0.000e+00
