ctdpy/tests/etc/all_smhi_bas_2018/SBE09_1044_20180530_1711_34_07_0047.cnv
* Sea-Bird SBE 9 Data File:
* FileName = C:\ctd\temp\2018\AU18D047.hex
* Software Version Seasave V 7.26.6.26
* Temperature SN = 5351
* Conductivity SN = 3941
* Number of Bytes Per Scan = 41
* Number of Voltage Words = 4
* Number of Scans Averaged by the Deck Unit = 1
* NMEA Latitude = 57 18.74 N
* NMEA Longitude = 020 04.58 E
* NMEA UTC (Time) = May 30 2018  17:11:39
* NMEA baud rate = 4800
** Station:  BY15_extra
** Operator:  JKro
** Ship: AURA
** Average sound velocity: 1447.48 m/s
** True-depth calculation Wed, 30 May 2018 18:51:30 +0000
** CTD Python Module SMHI /ver 3-12/ feb 2012 
** LIMS Job: 20183407-0047
** Cruise: SMHI-02-2018
** Latitude [GG MM.mm N] :
** Longitude [GG MM.mm E]:
# nquan = 26
# nvalues = 470                         
# units = specified
# name 0 = scan: Scan Count
# name 1 = prDM: Pressure, Digiquartz [db]
# name 2 = t090C: Temperature [ITS-90, deg C]
# name 3 = t190C: Temperature, 2 [ITS-90, deg C]
# name 4 = T2-T190C: Temperature Difference, 2 - 1 [ITS-90, deg C]
# name 5 = c0S/m: Conductivity [S/m]
# name 6 = c1S/m: Conductivity, 2 [S/m]
# name 7 = pumps: Pump Status
# name 8 = sbeox0ML/L: Oxygen, SBE 43 [ml/l]
# name 9 = sbeox1ML/L: Oxygen, SBE 43, 2 [ml/l]
# name 10 = altM: Altimeter [m]
# name 11 = flECO-AFL: Chl-a Fluorescence, WET Labs ECO-AFL/FL [mg/m^3]
# name 12 = flECO-AFL1: Phycocyanin Fluorescence, WET Labs ECO-AFL/FL, 2 [mg/m^3]
# name 13 = par: PAR/Irradiance, Biospherical/Lico [µE/(cm^2*s)]
# name 14 = turbWETntu0: Turbidity, WET Labs ECO [NTU]
# name 15 = sal00: Salinity, Practical [PSU]
# name 16 = sal11: Salinity, Practical, 2 [PSU]
# name 17 = secS-priS: Salinity, Practical, Difference, 2 - 1 [PSU]
# name 18 = sigma-t00: Density [sigma-t, Kg/m^3 ]
# name 19 = sigma-t11: Density, 2 [sigma-t, Kg/m^3 ]
# name 20 = depSM: Depth [salt water, m], lat = 57.3123
# name 21 = depFM: Depth [true depth, m], lat = 57.3123
# name 22 = dz/dtM: Descent Rate [m/s], WS = 2
# name 23 = svCM: Sound Velocity [Chen-Millero, m/s]
# name 24 = svCM1: Sound Velocity, 2 [Chen-Millero, m/s]
# name 25 = flag: flag
# span 0 =      11456,      23177       
# span 1 =      1.000,    235.500       
# span 2 =     2.8823,    14.6436       
# span 3 =     2.8855,    14.6449       
# span 4 =    -0.1652,     0.4320       
# span 5 =   0.759800,   1.459479       
# span 6 =   0.759795,   1.459470       
# span 7 =          1,          1       
# span 8 =    0.01707,    9.91208       
# span 9 =    0.01865,   10.11863       
# span 10 =      -1.52,      98.71      
# span 11 =     0.2118,     8.9025      
# span 12 =     0.1484,     0.8930      
# span 13 = 1.0000e-12, 3.8163e+02      
# span 14 =     0.1193,     0.5053      
# span 15 =     7.2323,    13.2903      
# span 16 =     7.2333,    13.2899      
# span 17 =    -0.0270,     0.0014      
# span 18 =     4.7527,    10.3741      
# span 19 =     4.7521,    10.3737      
# span 20 =      0.991,    233.198      
# span 21 =      1.014,    237.823      
# span 22 =      0.159,      0.589      
# span 23 =    1426.95,    1473.33      
# span 24 =    1426.97,    1473.33      
# span 25 = 0.0000e+00, 0.0000e+00      
# interval = decibars: 0.5              
# start_time = May 30 2018 17:11:39 [NMEA time, first data scan]
# bad_flag = -9.990e-29
*END*
[from data line 56]
      12659     29.000     3.7498     3.7519     0.0021    0.77350    0.77354          1     8.7355     8.6264      97.41     0.3580     0.2215  1.135e-01  0.1535000     7.3863     7.3862    -0.0001     5.8775     5.8773     28.731     29.377      0.553    1430.56    1430.57  0.000e+00
      12681     29.500     3.7252     3.7239    -0.0014    0.77319    0.77310          1     8.7992     8.6668      97.43     0.3468     0.1651  1.014e-01  0.1509000     7.3886     7.3879    -0.0007     5.8798     5.8793     29.226     29.883      0.563    1430.46    1430.45  0.000e+00
      12701     30.000     3.8879     3.8819    -0.0060    0.77797    0.77777          1     8.8354     8.7144      97.42     0.3299     0.2186  8.836e-02  0.1548000     7.4006     7.3998    -0.0007     5.8858     5.8853     29.722     30.389      0.585    1431.22    1431.19  0.000e+00
      12722     30.500     4.0161     4.0227     0.0066    0.78182    0.78192          1     8.8769     8.7729      97.42     0.3212     0.2498  7.862e-02  0.1549000     7.4107     7.4102    -0.0004     5.8908     5.8903     30.217     30.895      0.583    1431.82    1431.85  0.000e+00
      12743     31.000     4.1131     4.1156     0.0026    0.78470    0.78470          1     8.9107     8.8031      97.43     0.3325     0.2618  6.779e-02  0.1561000     7.4179     7.4173    -0.0006     5.8941     5.8935     30.712     31.402      0.557    1432.27    1432.28  0.000e+00
      12765     31.500     4.0878     4.0898     0.0020    0.78423    0.78422          1     8.8820     8.7652      97.43     0.3240     0.2452  5.503e-02  0.1660000     7.4188     7.4183    -0.0005     5.8954     5.8950     31.208     31.908      0.547    1432.17    1432.18  0.000e+00
      12786     32.000     4.0337     4.0352     0.0015    0.78291    0.78294          1     8.8169     8.7210      97.43     0.3284     0.1620  4.585e-02  0.1539000     7.4176     7.4175    -0.0001     5.8958     5.8957     31.703     32.414      0.566    1431.93    1431.94  0.000e+00
      12807     32.500     3.8858     3.8909     0.0051    0.77911    0.77919          1     8.8008     8.7207      97.42     0.3289     0.1751  3.853e-02  0.1482000     7.4124     7.4120    -0.0003     5.8952     5.8948     32.198     32.921      0.579    1431.26    1431.29  0.000e+00
      12828     33.000     3.7738     3.7775     0.0037    0.77629    0.77633          1     8.8008     8.7191      97.43     0.3231     0.1945  2.725e-02  0.1538000     7.4089     7.4084    -0.0005     5.8949     5.8945     32.693     33.427      0.571    1430.76    1430.78  0.000e+00
      12849     33.500     3.7335     3.7342     0.0008    0.77548    0.77544          1     8.7494     8.6490      97.43     0.3336     0.2072  2.187e-02  0.1434000     7.4096     7.4091    -0.0005     5.8964     5.8959     33.189     33.933      0.561    1430.59    1430.59  0.000e+00
      12871     34.000     3.7400     3.7420     0.0020    0.77599    0.77598          1     8.6708     8.5581      97.42     0.3106     0.2098  1.262e-02  0.1539000     7.4133     7.4127    -0.0005     5.8992     5.8987     33.684     34.439      0.564    1430.63    1430.64  0.000e+00
      12892     34.500     3.7160     3.7184     0.0024    0.77557    0.77557          1     8.6313     8.5274      97.43     0.2719     0.2346  6.131e-03  0.1693000     7.4145     7.4139    -0.0006     5.9006     5.9001     34.179     34.946      0.571    1430.53    1430.54  0.000e+00
      12913     35.000     3.6920     3.6942     0.0022    0.77514    0.77514          1     8.6288     8.5318      97.43     0.2736     0.1723  2.460e-03  0.1598000     7.4154     7.4149    -0.0005     5.9018     5.9014     34.675     35.452      0.564    1430.43    1430.44  0.000e+00
      12934     35.500     3.6829     3.6849     0.0019    0.77529    0.77527          1     8.6030     8.5060      97.45     0.2802     0.2087  7.481e-05  0.1519000     7.4190     7.4183    -0.0007     5.9049     5.9043     35.170     35.958      0.562    1430.40    1430.41  0.000e+00
      12955     36.000     3.6819     3.6841     0.0021    0.77562    0.77561          1     8.5826     8.5012      97.45     0.2762     0.2407  1.606e-07  0.1571000     7.4225     7.4219    -0.0006     5.9077     5.9072     35.665     36.465      0.573    1430.41    1430.42  0.000e+00
      12976     36.500     3.6139     3.6185     0.0047    0.77408    0.77409          1     8.6094     8.5360      97.44     0.2971     0.2456  1.000e-12  0.1501000     7.4221     7.4213    -0.0009     5.9087     5.9079     36.161     36.971      0.567    1430.11    1430.13  0.000e+00
      12998     37.000     3.5723     3.5738     0.0015    0.77316    0.77314          1     8.6092     8.5263      97.46     0.2742     0.2219  1.000e-12  0.1489000     7.4221     7.4216    -0.0005     5.9094     5.9090     36.656     37.477      0.545    1429.93    1429.93  0.000e+00
      13020     37.500     3.5873     3.5888     0.0015    0.77381    0.77379          1     8.5821     8.4936      97.46     0.2627     0.2224  1.000e-12  0.1389000     7.4254     7.4248    -0.0006     5.9117     5.9112     37.151     37.983      0.552    1430.01    1430.01  0.000e+00
      13041     38.000     3.5454     3.5513     0.0059    0.77294    0.77302          1     8.5559     8.4593      97.47     0.2676     0.2218  1.000e-12  0.1486000     7.4258     7.4253    -0.0005     5.9129     5.9124     37.647     38.490      0.569    1429.83    1429.85  0.000e+00
      13062     38.500     3.5013     3.5099     0.0087    0.77209    0.77224          1     8.5287     8.4352      97.47     0.2725     0.2218  1.000e-12  0.1582000     7.4272     7.4267    -0.0005     5.9147     5.9142     38.142     38.996      0.564    1429.63    1429.67  0.000e+00
      13084     39.000     3.4432     3.4534     0.0102    0.77086    0.77100          1     8.4739     8.3947      97.48     0.2673     0.2253  1.000e-12  0.1614000     7.4277     7.4268    -0.0009     5.9161     5.9152     38.637     39.502      0.561    1429.38    1429.42  0.000e+00
      13105     39.500     3.3877     3.3928     0.0051    0.76958    0.76963          1     8.4461     8.3829      97.49     0.2480     0.2336  1.000e-12  0.1603000     7.4271     7.4264    -0.0007     5.9165     5.9158     39.132     40.009      0.569    1429.13    1429.15  0.000e+00
      13126     40.000     3.3088     3.3175     0.0087    0.76767    0.76779          1     8.4900     8.4290      97.50     0.2720     0.2218  1.000e-12  0.1318000     7.4254     7.4245    -0.0008     5.9163     5.9155     39.628     40.515      0.566    1428.78    1428.82  0.000e+00
      13148     40.500     3.2602     3.2603     0.0001    0.76657    0.76651          1     8.4866     8.4186      97.49     0.2530     0.1971  1.000e-12  0.1372000     7.4249     7.4244    -0.0006     5.9166     5.9161     40.123     41.021      0.552    1428.56    1428.56  0.000e+00
      13170     41.000     3.2997     3.3050     0.0053    0.76777    0.76785          1     8.4560     8.3970      97.48     0.2553     0.2386  1.000e-12  0.1254000     7.4283     7.4280    -0.0003     5.9187     5.9184     40.618     41.527      0.542    1428.75    1428.78  0.000e+00
      13192     41.500     3.1907     3.2018     0.0111    0.76518    0.76533          1     8.4537     8.4020      97.47     0.2660     0.2337  1.000e-12  0.1301000     7.4264     7.4254    -0.0010     5.9186     5.9177     41.114     42.034      0.547    1428.26    1428.31  0.000e+00
      13213     42.000     3.1210     3.1254     0.0044    0.76358    0.76361          1     8.4417     8.3865      97.48     0.2725     0.1999  1.000e-12  0.1388000     7.4258     7.4250    -0.0008     5.9189     5.9183     41.609     42.540      0.554    1427.95    1427.97  0.000e+00
      13235     42.500     3.0845     3.0891     0.0046    0.76281    0.76285          1     8.4356     8.3778      97.47     0.2687     0.2222  1.000e-12  0.1300000     7.4260     7.4254    -0.0006     5.9195     5.9190     42.104     43.046      0.551    1427.79    1427.81  0.000e+00
      13257     43.000     3.0380     3.0414     0.0035    0.76180    0.76180          1     8.4500     8.3729      97.48     0.2481     0.2348  1.000e-12  0.1318000     7.4262     7.4253    -0.0009     5.9202     5.9194     42.600     43.552      0.550    1427.58    1427.60  0.000e+00
      13279     43.500     3.0484     3.0487     0.0003    0.76222    0.76218          1     8.4462     8.3536      97.46     0.2481     0.2117  1.000e-12  0.1368000     7.4281     7.4275    -0.0005     5.9215     5.9211     43.095     44.059      0.562    1427.64    1427.64  0.000e+00
      13300     44.000     3.0778     3.0778    -0.0000    0.76315    0.76309          1     8.4572     8.3546      97.47     0.2389     0.2072  1.000e-12  0.1222000     7.4309     7.4303    -0.0007     5.9235     5.9230     43.590     44.565      0.563    1427.79    1427.79  0.000e+00
      13321     44.500     3.0966     3.0971     0.0005    0.76383    0.76378          1     8.5071     8.3987      97.46     0.2431     0.2295  1.000e-12  0.1329000     7.4337     7.4330    -0.0007     5.9255     5.9250     44.085     45.071      0.550    1427.89    1427.89  0.000e+00
      13343     45.000     3.1437     3.1411    -0.0026    0.76528    0.76519          1     8.5047     8.3962      97.46     0.2530     0.2613  1.000e-12  0.1368000     7.4378     7.4374    -0.0004     5.9283     5.9280     44.581     45.578      0.554    1428.12    1428.10  0.000e+00
      13365     45.500     3.2117     3.2144     0.0026    0.76724    0.76723          1     8.4546     8.3493      97.45     0.2602     0.2499  1.000e-12  0.1297000     7.4424     7.4417    -0.0007     5.9311     5.9306     45.076     46.084      0.564    1428.44    1428.45  0.000e+00
      13386     46.000     3.1375     3.1495     0.0119    0.76550    0.76565          1     8.4147     8.3147      97.47     0.2597     0.2234  1.000e-12  0.1250000     7.4413     7.4402    -0.0011     5.9312     5.9301     45.571     46.590      0.554    1428.11    1428.16  0.000e+00
      13408     46.500     3.0071     3.0182     0.0110    0.76240    0.76251          1     8.3645     8.2744      97.45     0.2360     0.2326  1.000e-12  0.1193000     7.4390     7.4377    -0.0014     5.9307     5.9295     46.067     47.096      0.543    1427.51    1427.56  0.000e+00
      13430     47.000     2.9207     2.9264     0.0057    0.76046    0.76050          1     8.3677     8.2822      97.46     0.2359     0.2181  1.000e-12  0.1345000     7.4387     7.4378    -0.0009     5.9312     5.9304     46.562     47.603      0.545    1427.12    1427.15  0.000e+00
      13452     47.500     2.8823     2.8855     0.0032    0.75980    0.75979          1     8.3654     8.2706      97.46     0.2278     0.2023  1.000e-12  0.1237000     7.4406     7.4398    -0.0008     5.9330     5.9323     47.057     48.109      0.547    1426.95    1426.97  0.000e+00
      13474     48.000     2.9669     2.9635    -0.0034    0.76231    0.76220          1     8.3596     8.2549      97.46     0.2237     0.2014  1.000e-12  0.1257000     7.4473     7.4469    -0.0004     5.9376     5.9374     47.552     48.615      0.543    1427.36    1427.34  0.000e+00
      13496     48.500     3.0514     3.0503    -0.0011    0.76475    0.76466          1     8.3630     8.2525      97.46     0.2237     0.2300  1.000e-12  0.1310000     7.4531     7.4525    -0.0006     5.9415     5.9410     48.048     49.121      0.544    1427.76    1427.76  0.000e+00
      13518     49.000     3.1348     3.1269    -0.0079    0.76710    0.76688          1     8.3626     8.2498      97.45     0.2266     0.1638  1.000e-12  0.1312000     7.4583     7.4578    -0.0005     5.9447     5.9444     48.543     49.628      0.553    1428.16    1428.13  0.000e+00
      13540     49.500     3.1946     3.1952     0.0006    0.76894    0.76888          1     8.3509     8.2447      97.48     0.2343     0.1745  1.000e-12  0.1262000     7.4636     7.4628    -0.0008     5.9482     5.9476     49.038     50.134      0.557    1428.45    1428.46  0.000e+00
      13561     50.000     3.2315     3.2325     0.0009    0.77016    0.77012          1     8.3434     8.2535      97.47     0.2118     0.1777  1.000e-12  0.1247000     7.4677     7.4670    -0.0007     5.9510     5.9505     49.533     50.640      0.555    1428.64    1428.64  0.000e+00
      13583     50.500     3.1971     3.2006     0.0035    0.76950    0.76950          1     8.3410     8.2450      97.49     0.2448     0.1951  1.000e-12  0.1365000     7.4687     7.4679    -0.0008     5.9523     5.9516     50.029     51.146      0.559    1428.49    1428.50  0.000e+00
      13604     51.000     3.1824     3.1846     0.0022    0.76924    0.76923          1     8.3235     8.2108      97.48     0.2312     0.2197  1.000e-12  0.1376000     7.4693     7.4686    -0.0007     5.9530     5.9524     50.524     51.653      0.562    1428.43    1428.44  0.000e+00
      13626     51.500     3.1601     3.1652     0.0050    0.76878    0.76882          1     8.2963     8.1948      97.49     0.2303     0.2071  1.000e-12  0.1339000     7.4696     7.4689    -0.0007     5.9535     5.9528     51.019     52.159      0.545    1428.33    1428.36  0.000e+00
      13648     52.000     3.1166     3.1214     0.0048    0.76779    0.76782          1     8.2791     8.1861      97.47     0.2359     0.2455  1.000e-12  0.1320000     7.4693     7.4685    -0.0008     5.9537     5.9530     51.515     52.665      0.541    1428.14    1428.16  0.000e+00
      13670     52.500     3.1040     3.1058     0.0018    0.76755    0.76754          1     8.2828     8.1873      97.49     0.2336     0.2162  1.000e-12  0.1308000     7.4697     7.4691    -0.0006     5.9542     5.9537     52.010     53.171      0.562    1428.09    1428.10  0.000e+00
      13691     53.000     3.1032     3.1048     0.0016    0.76766    0.76764          1     8.2822     8.1938      97.47     0.2244     0.2231  1.000e-12  0.1314000     7.4709     7.4703    -0.0006     5.9552     5.9547     52.505     53.678      0.568    1428.10    1428.11  0.000e+00
      13712     53.500     3.1102     3.1118     0.0016    0.76802    0.76799          1     8.2664     8.1904      97.47     0.2366     0.2260  1.000e-12  0.1369000     7.4729     7.4723    -0.0006     5.9567     5.9562     53.000     54.184      0.559    1428.14    1428.15  0.000e+00
      13734     54.000     3.0941     3.0976     0.0035    0.76782    0.76783          1     8.2704     8.1880      97.45     0.2275     0.2055  1.000e-12  0.1271000     7.4745     7.4738    -0.0007     5.9581     5.9575     53.496     54.690      0.555    1428.08    1428.09  0.000e+00
      13755     54.500     3.0606     3.0642     0.0036    0.76719    0.76719          1     8.2747     8.1822      97.47     0.2386     0.1933  1.000e-12  0.1321000     7.4757     7.4749    -0.0009     5.9595     5.9587     53.991     55.196      0.559    1427.93    1427.95  0.000e+00
      13777     55.000     3.0549     3.0564     0.0015    0.76733    0.76729          1     8.2606     8.1670      97.47     0.2531     0.2427  1.000e-12  0.1369000     7.4784     7.4777    -0.0007     5.9616     5.9611     54.486     55.703      0.559    1427.92    1427.92  0.000e+00
      13798     55.500     3.0524     3.0549     0.0025    0.76768    0.76767          1     8.2461     8.1493      97.48     0.2551     0.2201  1.000e-12  0.1387000     7.4826     7.4819    -0.0008     5.9650     5.9644     54.981     56.209      0.560    1427.92    1427.93  0.000e+00
      13820     56.000     3.0344     3.0364     0.0020    0.76750    0.76748          1     8.2334     8.1329      97.46     0.2358     0.2070  1.000e-12  0.1498000     7.4849     7.4842    -0.0007     5.9670     5.9664     55.477     56.715      0.564    1427.85    1427.85  0.000e+00
