ctdpy/tests/etc/all_smhi_bas_2018/SBE09_1044_20180131_1829_34_02_0039.cnv
* Sea-Bird SBE 9 Data File:
* FileName = C:\ctd\temp\2018\ME18D039.hex
* Software Version Seasave V 7.26.6.26
* Temperature SN = 5351
* Conductivity SN = 3941
* Number of Bytes Per Scan = 41
* Number of Voltage Words = 4
* Number of Scans Averaged by the Deck Unit = 1
* NMEA Latitude = 58 01.03 N
* NMEA Longitude = 017 59.07 E
* NMEA UTC (Time) = Jan 31 2018  18:29:28
* NMEA baud rate = 4800
** Station:  BY32
** Operator:  JKro
** Ship: MERI
** Average sound velocity: 1440.92 m/s
** True-depth calculation Wed, 31 Jan 2018 19:43:32 +0000
** CTD Python Module SMHI /ver 3-12/ feb 2012 
** LIMS Job: 20183402-0039
** Cruise: SMHI-01-2018
** Latitude [GG MM.mm N] :
** Longitude [GG MM.mm E]:
# nquan = 26
# nvalues = 391                         
# units = specified
# name 0 = scan: Scan Count
# name 1 = prDM: Pressure, Digiquartz [db]
# name 2 = t090C: Temperature [ITS-90, deg C]
# name 3 = t190C: Temperature, 2 [ITS-90, deg C]
# name 4 = T2-T190C: Temperature Difference, 2 - 1 [ITS-90, deg C]
# name 5 = c0S/m: Conductivity [S/m]
# name 6 = c1S/m: Conductivity, 2 [S/m]
# name 7 = pumps: Pump Status
# name 8 = sbeox0ML/L: Oxygen, SBE 43 [ml/l]
# name 9 = sbeox1ML/L: Oxygen, SBE 43, 2 [ml/l]
# name 10 = altM: Altimeter [m]
# name 11 = flECO-AFL: Chl-a Fluorescence, WET Labs ECO-AFL/FL [mg/m^3]
# name 12 = flECO-AFL1: Phycocyanin Fluorescence, WET Labs ECO-AFL/FL, 2 [mg/m^3]
# name 13 = par: PAR/Irradiance, Biospherical/Lico [µE/(cm^2*s)]
# name 14 = turbWETntu0: Turbidity, WET Labs ECO [NTU]
# name 15 = sal00: Salinity, Practical [PSU]
# name 16 = sal11: Salinity, Practical, 2 [PSU]
# name 17 = secS-priS: Salinity, Practical, Difference, 2 - 1 [PSU]
# name 18 = sigma-t00: Density [sigma-t, Kg/m^3 ]
# name 19 = sigma-t11: Density, 2 [sigma-t, Kg/m^3 ]
# name 20 = depSM: Depth [salt water, m], lat = 58.0172
# name 21 = depFM: Depth [true depth, m], lat = 58.0172
# name 22 = dz/dtM: Descent Rate [m/s], WS = 2
# name 23 = svCM: Sound Velocity [Chen-Millero, m/s]
# name 24 = svCM1: Sound Velocity, 2 [Chen-Millero, m/s]
# name 25 = flag: flag
# span 0 =      15007,      29452       
# span 1 =      1.500,    196.500       
# span 2 =     4.5372,     6.2803       
# span 3 =     4.5390,     6.2754       
# span 4 =    -0.1082,     0.0525       
# span 5 =   0.775714,   1.144254       
# span 6 =   0.775704,   1.144239       
# span 7 =          1,          1       
# span 8 =    0.00091,    8.04492       
# span 9 =    0.01521,    8.00646       
# span 10 =       3.65,     101.53      
# span 11 =     0.2399,     0.4070      
# span 12 =     0.2517,     0.3807      
# span 13 = -2.416e-03, 6.3525e-02      
# span 14 =     0.1111,     2.3253      
# span 15 =     7.2317,    10.5795      
# span 16 =     7.2313,    10.5792      
# span 17 =    -0.0765,     0.0218      
# span 18 =     5.7330,     8.3264      
# span 19 =     5.7328,     8.3261      
# span 20 =      1.486,    194.586      
# span 21 =      1.519,    198.711      
# span 22 =     -0.155,      1.369      
# span 23 =    1433.58,    1446.01      
# span 24 =    1433.58,    1446.00      
# span 25 = 0.0000e+00, 0.0000e+00      
# interval = decibars: 0.5              
# start_time = Jan 31 2018 18:29:28 [NMEA time, first data scan]
# bad_flag = -9.990e-29
*END*
[from data line 56]
      17075     29.500     4.5598     4.5600     0.0002    0.77612    0.77609          1     8.0298     7.9712      98.68     0.3154     0.3325  1.000e-12  0.1220000     7.2322     7.2318    -0.0004     5.7335     5.7332     29.224     29.876      0.673    1434.00    1434.01  0.000e+00
      17093     30.000     4.5597     4.5600     0.0003    0.77615    0.77610          1     8.0394     7.9712      98.68     0.3174     0.3211  1.000e-12  0.1277000     7.2324     7.2318    -0.0005     5.7337     5.7333     29.720     30.382      0.607    1434.01    1434.01  0.000e+00
      17131     30.500     4.5595     4.5602     0.0007    0.77615    0.77613          1     8.0355     7.9714      98.68     0.3265     0.3138  1.000e-12  0.1277000     7.2324     7.2320    -0.0003     5.7337     5.7334     30.215     30.888      0.339    1434.02    1434.02  0.000e+00
      17215     31.000     4.5596     4.5602     0.0007    0.77616    0.77613          1     8.0140     7.9710      98.66     0.3274     0.3263  1.000e-12  0.1280000     7.2324     7.2320    -0.0004     5.7337     5.7334     30.710     31.395      0.460    1434.03    1434.03  0.000e+00
      17232     31.500     4.5596     4.5602     0.0006    0.77616    0.77616          1     8.0225     7.9798      98.66     0.3398     0.3021  1.000e-12  0.1259000     7.2324     7.2322    -0.0002     5.7337     5.7336     31.206     31.901      0.677    1434.04    1434.04  0.000e+00
      17248     32.000     4.5600     4.5603     0.0003    0.77622    0.77619          1     8.0275     7.9870      98.66     0.3342     0.3265  1.000e-12  0.1330000     7.2327     7.2324    -0.0003     5.7340     5.7337     31.701     32.407      0.688    1434.05    1434.05  0.000e+00
      17267     32.500     4.5601     4.5605     0.0005    0.77624    0.77621          1     8.0295     7.9758      98.67     0.3331     0.3372  1.000e-12  0.1396000     7.2330     7.2326    -0.0004     5.7342     5.7338     32.196     32.914      0.517    1434.05    1434.06  0.000e+00
      17321     33.000     4.5599     4.5604     0.0005    0.77624    0.77621          1     8.0317     7.9599      98.67     0.3350     0.3330  1.000e-12  0.1300000     7.2329     7.2325    -0.0004     5.7341     5.7338     32.692     33.420      0.257    1434.06    1434.06  0.000e+00
      17375     33.500     4.5599     4.5609     0.0010    0.77625    0.77624          1     8.0281     7.9669      98.67     0.3402     0.2908  1.000e-12  0.1306000     7.2329     7.2326    -0.0003     5.7342     5.7339     33.187     33.926      0.394    1434.07    1434.07  0.000e+00
      17402     34.000     4.5601     4.5608     0.0007    0.77622    0.77618          1     8.0215     7.9777      98.67     0.3384     0.2960  1.000e-12  0.1271000     7.2325     7.2320    -0.0005     5.7338     5.7334     33.682     34.433      0.415    1434.08    1434.08  0.000e+00
      17433     34.500     4.5601     4.5614     0.0012    0.77621    0.77620          1     8.0399     7.9784      98.66     0.3393     0.3389  1.000e-12  0.1210000     7.2323     7.2320    -0.0004     5.7337     5.7333     34.177     34.939      0.391    1434.08    1434.09  0.000e+00
      17462     35.000     4.5615     4.5622     0.0008    0.77624    0.77622          1     8.0449     7.9788      98.67     0.3208     0.2964  1.000e-12  0.1178000     7.2323     7.2319    -0.0003     5.7336     5.7333     34.673     35.446      0.425    1434.10    1434.10  0.000e+00
      17492     35.500     4.5615     4.5622     0.0007    0.77626    0.77623          1     8.0395     7.9709      98.67     0.3361     0.3082  1.000e-12  0.1191000     7.2324     7.2319    -0.0004     5.7336     5.7333     35.168     35.952      0.346    1434.11    1434.11  0.000e+00
      17544     36.000     4.5618     4.5624     0.0006    0.77628    0.77624          1     8.0350     7.9820      98.66     0.3523     0.2864  1.000e-12  0.1270000     7.2325     7.2320    -0.0005     5.7337     5.7333     35.663     36.458      0.235    1434.12    1434.12  0.000e+00
      17588     36.500     4.5613     4.5618     0.0005    0.77626    0.77622          1     8.0352     7.9823      98.66     0.3638     0.3132  1.000e-12  0.1201000     7.2323     7.2318    -0.0004     5.7336     5.7332     36.159     36.965      0.476    1434.12    1434.12  0.000e+00
      17608     37.000     4.5613     4.5619     0.0006    0.77626    0.77623          1     8.0254     7.9761      98.66     0.3559     0.3276  1.000e-12  0.1254000     7.2322     7.2318    -0.0004     5.7335     5.7332     36.654     37.471      0.542    1434.13    1434.13  0.000e+00
      17634     37.500     4.5610     4.5616     0.0006    0.77625    0.77623          1     8.0257     7.9750      98.66     0.3452     0.3329  1.000e-12  0.1222000     7.2322     7.2318    -0.0004     5.7335     5.7332     37.149     37.977      0.380    1434.14    1434.14  0.000e+00
      17681     38.000     4.5608     4.5614     0.0006    0.77626    0.77622          1     8.0359     7.9838      98.66     0.3528     0.3110  1.000e-12  0.1302000     7.2322     7.2317    -0.0005     5.7335     5.7331     37.644     38.484      0.238    1434.14    1434.14  0.000e+00
      17718     38.500     4.5609     4.5619     0.0010    0.77626    0.77625          1     8.0395     7.9806      98.66     0.3493     0.3175  1.000e-12  0.1306000     7.2322     7.2319    -0.0003     5.7335     5.7332     38.140     38.990      0.431    1434.15    1434.16  0.000e+00
      17743     39.000     4.5622     4.5624     0.0002    0.77631    0.77628          1     8.0378     7.9830      98.66     0.3490     0.2907  1.000e-12  0.1234000     7.2324     7.2320    -0.0004     5.7336     5.7333     38.635     39.497      0.437    1434.17    1434.17  0.000e+00
      17780     39.500     4.5624     4.5632     0.0008    0.77633    0.77631          1     8.0332     7.9731      98.66     0.3317     0.3125  1.000e-12  0.1196000     7.2324     7.2320    -0.0004     5.7337     5.7333     39.130     40.003      0.257    1434.17    1434.18  0.000e+00
      17836     40.000     4.5610     4.5623     0.0014    0.77628    0.77628          1     8.0370     7.9760      98.66     0.3428     0.2893  1.000e-12  0.1464000     7.2322     7.2318    -0.0003     5.7335     5.7332     39.625     40.509      0.423    1434.17    1434.18  0.000e+00
      17854     40.500     4.5614     4.5619     0.0004    0.77630    0.77628          1     8.0310     7.9903      98.66     0.3471     0.3171  1.000e-12  0.1695000     7.2322     7.2318    -0.0003     5.7335     5.7332     40.121     41.016      0.636    1434.18    1434.19  0.000e+00
      17872     41.000     4.5615     4.5622     0.0007    0.77632    0.77630          1     8.0249     7.9815      98.66     0.3267     0.3122  1.000e-12  0.1187000     7.2323     7.2319    -0.0004     5.7336     5.7333     40.616     41.522      0.598    1434.19    1434.20  0.000e+00
      17914     41.500     4.5615     4.5619     0.0005    0.77634    0.77631          1     8.0289     7.9668      98.66     0.3359     0.3284  1.000e-12  0.1243000     7.2324     7.2320    -0.0004     5.7337     5.7334     41.111     42.028      0.327    1434.20    1434.20  0.000e+00
      17974     42.000     4.5591     4.5608     0.0017    0.77641    0.77638          1     8.0207     7.9662      98.66     0.3532     0.3470  1.000e-12  0.1695000     7.2336     7.2329    -0.0007     5.7347     5.7341     41.607     42.535      0.489    1434.20    1434.21  0.000e+00
      17993     42.500     4.5576     4.5589     0.0013    0.77644    0.77642          1     8.0038     7.9350      98.66     0.3259     0.3139  1.000e-12  0.1459000     7.2342     7.2337    -0.0005     5.7352     5.7348     42.102     43.041      0.561    1434.20    1434.21  0.000e+00
      18018     43.000     4.5570     4.5582     0.0012    0.77644    0.77642          1     7.9975     7.9539      98.66     0.3319     0.2860  1.000e-12  0.1328000     7.2342     7.2338    -0.0004     5.7352     5.7349     42.597     43.547      0.401    1434.21    1434.21  0.000e+00
      18060     43.500     4.5558     4.5570     0.0012    0.77646    0.77644          1     8.0188     7.9569      98.66     0.3260     0.3190  1.000e-12  0.1342000     7.2346     7.2341    -0.0005     5.7356     5.7352     43.092     44.054      0.260    1434.21    1434.22  0.000e+00
      18099     44.000     4.5547     4.5556     0.0009    0.77647    0.77645          1     8.0200     7.9558      98.66     0.3264     0.3239  1.000e-12  0.1328000     7.2349     7.2344    -0.0005     5.7359     5.7355     43.588     44.560      0.404    1434.21    1434.22  0.000e+00
      18125     44.500     4.5529     4.5536     0.0008    0.77649    0.77646          1     8.0071     7.9501      98.66     0.3290     0.2981  1.000e-12  0.1356000     7.2355     7.2350    -0.0005     5.7364     5.7360     44.083     45.067      0.410    1434.22    1434.22  0.000e+00
      18166     45.000     4.5518     4.5524     0.0006    0.77651    0.77648          1     7.9923     7.9403      98.66     0.3262     0.3346  1.000e-12  0.1414000     7.2358     7.2354    -0.0004     5.7367     5.7364     44.578     45.573      0.239    1434.22    1434.22  0.000e+00
      18217     45.500     4.5529     4.5538     0.0008    0.77650    0.77647          1     8.0017     7.9573      63.18     0.3477     0.2918  1.000e-12  0.1358000     7.2354     7.2349    -0.0004     5.7363     5.7359     45.073     46.079      0.316    1434.23    1434.23  0.000e+00
      18246     46.000     4.5534     4.5551     0.0017    0.77651    0.77647          1     8.0044     7.9485      99.61     0.3442     0.2857  1.000e-12  0.1357000     7.2353     7.2345    -0.0008     5.7363     5.7356     45.569     46.586      0.500    1434.24    1434.25  0.000e+00
      18267     46.500     4.5534     4.5534     0.0001    0.77654    0.77651          1     8.0056     7.9449      98.66     0.3484     0.3194  1.000e-12  0.1337000     7.2355     7.2353    -0.0003     5.7364     5.7362     46.064     47.092      0.587    1434.25    1434.25  0.000e+00
      18288     47.000     4.5523     4.5531     0.0008    0.77656    0.77653          1     8.0055     7.9455      98.66     0.3407     0.3296  1.000e-12  0.1351000     7.2359     7.2354    -0.0004     5.7368     5.7364     46.559     47.598      0.466    1434.25    1434.25  0.000e+00
      18370     47.500     4.5534     4.5539     0.0005    0.77655    0.77653          1     8.0016     7.9479      98.66     0.3567     0.3471  1.000e-12  0.1274000     7.2356     7.2352    -0.0004     5.7364     5.7361     47.054     48.105      0.365    1434.27    1434.27  0.000e+00
      18399     48.000     4.5530     4.5530     0.0000    0.77656    0.77655          1     8.0018     7.9537      98.66     0.3477     0.3132  1.000e-12  0.1395000     7.2357     7.2355    -0.0001     5.7365     5.7364     47.550     48.611      0.696    1434.27    1434.27  0.000e+00
      18414     48.500     4.5545     4.5548     0.0003    0.77652    0.77650          1     7.9995     7.9527      85.55     0.3385     0.3029  1.000e-12  0.1484000     7.2349     7.2346    -0.0003     5.7358     5.7356     48.045     49.117      0.761    1434.29    1434.29  0.000e+00
      18430     49.000     4.5542     4.5551     0.0008    0.77653    0.77650          1     8.0026     7.9504      56.86     0.3402     0.3162  1.000e-12  0.1436000     7.2349     7.2344    -0.0005     5.7359     5.7355     48.540     49.624      0.640    1434.29    1434.29  0.000e+00
      18489     49.500     4.5541     4.5546     0.0005    0.77653    0.77651          1     7.9972     7.9570     100.99     0.3282     0.3128  1.000e-12  0.1316000     7.2350     7.2346    -0.0003     5.7360     5.7357     49.035     50.130      0.417    1434.30    1434.30  0.000e+00
      18547     50.000     4.5541     4.5546     0.0005    0.77655    0.77652          1     7.9900     7.9360      98.65     0.3256     0.3230  1.000e-12  0.1198000     7.2350     7.2347    -0.0003     5.7360     5.7357     49.531     50.637      0.703    1434.31    1434.31  0.000e+00
      18562     50.500     4.5518     4.5528     0.0011    0.77658    0.77655          1     7.9991     7.9433      98.65     0.3182     0.3351  1.000e-12  0.1155000     7.2358     7.2352    -0.0006     5.7367     5.7362     50.026     51.143      0.749    1434.31    1434.31  0.000e+00
      18578     51.000     4.5508     4.5517     0.0008    0.77659    0.77656          1     8.0032     7.9463      98.66     0.3344     0.2986  1.000e-12  0.1261000     7.2361     7.2356    -0.0005     5.7369     5.7365     50.521     51.649      0.637    1434.31    1434.31  0.000e+00
      18618     51.500     4.5514     4.5518     0.0004    0.77659    0.77657          1     7.9948     7.9451      88.09     0.3296     0.2877  1.000e-12  0.1324000     7.2359     7.2356    -0.0003     5.7368     5.7365     51.016     52.156      0.325    1434.32    1434.32  0.000e+00
      18699     52.000     4.5524     4.5523    -0.0001    0.77660    0.77657          1     7.9928     7.9571      32.41     0.3280     0.3198  1.000e-12  0.1349000     7.2357     7.2354    -0.0002     5.7366     5.7364     51.512     52.662      0.457    1434.33    1434.33  0.000e+00
      18716     52.500     4.5508     4.5522     0.0014    0.77661    0.77657          1     8.0047     7.9479      24.39     0.3305     0.2865  1.000e-12  0.1804000     7.2360     7.2354    -0.0007     5.7369     5.7363     52.007     53.168      0.702    1434.33    1434.34  0.000e+00
      18731     53.000     4.5529     4.5532     0.0003    0.77658    0.77656          1     8.0203     7.9357      75.71     0.3180     0.2790  1.000e-12  0.1532000     7.2352     7.2350    -0.0003     5.7362     5.7360     52.502     53.675      0.763    1434.35    1434.35  0.000e+00
      18747     53.500     4.5540     4.5547     0.0006    0.77658    0.77655          1     8.0214     7.9425      94.37     0.3199     0.2637  1.000e-12  0.1474000     7.2349     7.2345    -0.0004     5.7359     5.7355     52.997     54.181      0.640    1434.36    1434.36  0.000e+00
      18806     54.000     4.5538     4.5548     0.0009    0.77659    0.77657          1     8.0032     7.9534      72.87     0.3236     0.3171  1.000e-12  0.1500000     7.2350     7.2346    -0.0005     5.7360     5.7356     53.493     54.687      0.493    1434.37    1434.37  0.000e+00
      18866     54.500     4.5538     4.5549     0.0011    0.77660    0.77658          1     7.9939     7.9455      97.47     0.3052     0.3169  1.000e-12  0.1111000     7.2351     7.2346    -0.0005     5.7360     5.7356     53.988     55.194      0.941    1434.37    1434.38  0.000e+00
      18878     55.000     4.5550     4.5553     0.0004    0.77661    0.77658          1     7.9980     7.9409      97.73     0.3103     0.3178  1.000e-12  0.1183000     7.2348     7.2344    -0.0004     5.7358     5.7355     54.483     55.700      1.051    1434.39    1434.39  0.000e+00
      18888     55.500     4.5542     4.5557     0.0014    0.77663    0.77659          1     8.0050     7.9426      97.71     0.3147     0.3113  1.000e-12  0.1381000     7.2351     7.2344    -0.0007     5.7360     5.7354     54.978     56.207      1.006    1434.39    1434.40  0.000e+00
      18901     56.000     4.5533     4.5540     0.0007    0.77663    0.77660          1     8.0102     7.9501      97.67     0.3166     0.3192  1.000e-12  0.1370000     7.2352     7.2348    -0.0004     5.7362     5.7358     55.473     56.713      0.747    1434.40    1434.40  0.000e+00
      18973     56.500     4.5570     4.5559    -0.0011    0.77659    0.77658          1     8.0009     7.9506      75.23     0.3227     0.3237  1.000e-12  0.1364000     7.2340     7.2341     0.0002     5.7351     5.7352     55.969     57.219      0.713    1434.42    1434.42  0.000e+00
