ctdpy/tests/etc/all_smhi_bas_2018/SBE09_0827_20181013_0819_26_01_1090.cnv
* Sea-Bird SBE 9 Data File:
* FileName = D:\CTD_SBE911\DAT\26DA.2018.10.90.hex
* Software Version Seasave V 7.21d
* Temperature SN = 4548
* Conductivity SN = 3062
* Number of Bytes Per Scan = 48
* Number of Voltage Words = 5
* Number of Scans Averaged by the Deck Unit = 1
* NMEA Latitude = 55 08.23 N
* NMEA Longitude = 015 39.12 E
* NMEA UTC (Time) = Oct 13 2018  08:22:10
* NMEA baud rate = 4800
** Ship: DANA
** Average sound velocity: 1471.06 m/s
** True-depth calculation Thu, 28 Mar 2019 12:29:14 +0000
** CTD Python Module SMHI /ver 3-12/ feb 2012 
** LIMS Job: 20182601-1090
** Operator: Christian
** Cruise: 10/2018
# nquan = 26
# nvalues = 174                         
# units = specified
# name 0 = scan: Scan Count
# name 1 = prDM: Pressure, Digiquartz [db]
# name 2 = t090C: Temperature [ITS-90, deg C]
# name 3 = t190C: Temperature, 2 [ITS-90, deg C]
# name 4 = T2-T190C: Temperature Difference, 2 - 1 [ITS-90, deg C]
# name 5 = c0S/m: Conductivity [S/m]
# name 6 = c1S/m: Conductivity, 2 [S/m]
# name 7 = pumps: Pump Status
# name 8 = sbeox1ML/L: Oxygen, SBE 43, 2 [ml/l]
# name 9 = sbeox0ML/L: Oxygen, SBE 43 [ml/l]
# name 10 = altM: Altimeter [m]
# name 11 = chloroflTC0: Chlorophyll, Turner Cyclops [ug/l]
# name 12 = cpar: CPAR/Corrected Irradiance [%]
# name 13 = par: PAR/Irradiance, Biospherical/Lico [µE/(cm^2*s)]
# name 14 = spar: SPAR, Biospherical/Licor
# name 15 = sal00: Salinity, Practical [PSU]
# name 16 = sal11: Salinity, Practical, 2 [PSU]
# name 17 = secS-priS: Salinity, Practical, Difference, 2 - 1 [PSU]
# name 18 = sigma-t00: Density [sigma-t, kg/m^3 ]
# name 19 = sigma-t11: Density, 2 [sigma-t, kg/m^3 ]
# name 20 = depSM: Depth [salt water, m], lat = 55.1372
# name 21 = depFM: Depth [true depth, m], lat = 55.1372
# name 22 = dz/dtM: Descent Rate [m/s], WS = 2
# name 23 = svCM: Sound Velocity [Chen-Millero, m/s]
# name 24 = svCM1: Sound Velocity, 2 [Chen-Millero, m/s]
# name 25 = flag: flag
# span 0 =         56,       8624       
# span 1 =      1.000,     87.500       
# span 2 =     7.2411,    14.7829       
# span 3 =     7.1565,    14.7603       
# span 4 =    -0.8271,     0.8728       
# span 5 =   0.952458,   2.403254       
# span 6 =   0.954969,   2.402285       
# span 7 =          1,          1       
# span 8 =     0.2411,     6.9132       
# span 9 =     0.3316,     6.4719       
# span 10 =       0.83,       9.99      
# span 11 =     0.0159,     0.0411      
# span 12 = -2.268e-05, 8.7550e+00      
# span 13 = -3.353e-04, 1.2893e+02      
# span 14 = 1.4727e+03, 1.4970e+03      
# span 15 =     7.5850,    18.5339      
# span 16 =     7.5851,    18.5314      
# span 17 =    -0.3026,     0.3383      
# span 18 =     5.1291,    13.3755      
# span 19 =     5.1292,    13.3728      
# span 20 =      0.991,     86.692      
# span 21 =      1.013,     88.404      
# span 22 =     -0.204,      0.315      
# span 23 =    1447.79,    1488.18      
# span 24 =    1446.87,    1488.15      
# span 25 = 0.0000e+00, 0.0000e+00      
# interval = decibars: 0.5              
# start_time = Oct 13 2018 08:22:11 [NMEA time, first data scan]
# bad_flag = -9.990e-29
*END*
         56      1.000    13.7778    13.7774    -0.0004    1.03071    1.03073          1     6.9082     6.4555       9.99     0.0368  8.755e+00  1.289e+02  1.473e+03     7.5855     7.5858     0.0003     5.1295     5.1297      0.991      1.013      0.067    1470.65    1470.65  0.000e+00
        291      1.500    13.7764    13.7758    -0.0005    1.03070    1.03072          1     6.8996     6.4530       9.99     0.0365  7.816e+00  1.152e+02  1.474e+03     7.5857     7.5859     0.0002     5.1298     5.1301      1.486      1.520      0.250    1470.65    1470.65  0.000e+00
        334      2.000    13.7767    13.7793     0.0026    1.03073    1.03082          1     6.9025     6.4579       9.99     0.0369  6.149e+00  9.067e+01  1.475e+03     7.5858     7.5860     0.0002     5.1298     5.1296      1.982      2.027      0.260    1470.66    1470.67  0.000e+00
        393      2.500    13.7778    13.7792     0.0013    1.03076    1.03083          1     6.9070     6.4636       9.99     0.0386  5.139e+00  7.584e+01  1.476e+03     7.5858     7.5860     0.0002     5.1297     5.1296      2.477      2.533      0.219    1470.67    1470.68  0.000e+00
        443      3.000    13.7794    13.7801     0.0007    1.03081    1.03086          1     6.9103     6.4634       9.99     0.0399  4.293e+00  6.329e+01  1.474e+03     7.5858     7.5860     0.0002     5.1294     5.1295      2.973      3.040      0.253    1470.69    1470.69  0.000e+00
        487      3.500    13.7801    13.7804     0.0003    1.03084    1.03087          1     6.9080     6.4552       9.99     0.0409  3.339e+00  4.929e+01  1.476e+03     7.5858     7.5860     0.0002     5.1294     5.1295      3.468      3.547      0.264    1470.70    1470.70  0.000e+00
        544      4.000    13.7800    13.7803     0.0003    1.03085    1.03087          1     6.9089     6.4605       9.99     0.0404  2.841e+00  4.191e+01  1.475e+03     7.5858     7.5860     0.0002     5.1294     5.1294      3.964      4.053      0.237    1470.71    1470.71  0.000e+00
        586      4.500    13.7785    13.7792     0.0007    1.03082    1.03086          1     6.9132     6.4559       9.99     0.0405  2.425e+00  3.576e+01  1.475e+03     7.5858     7.5860     0.0002     5.1296     5.1297      4.459      4.560      0.299    1470.71    1470.71  0.000e+00
        635      5.000    13.7792    13.7806     0.0013    1.03084    1.03089          1     6.9027     6.4557       9.99     0.0407  1.964e+00  2.898e+01  1.476e+03     7.5858     7.5860     0.0002     5.1295     5.1294      4.955      5.067      0.218    1470.72    1470.72  0.000e+00
        686      5.500    13.7799    13.7809     0.0010    1.03086    1.03092          1     6.9008     6.4719       9.99     0.0402  1.722e+00  2.543e+01  1.476e+03     7.5858     7.5861     0.0002     5.1294     5.1295      5.450      5.573      0.290    1470.73    1470.73  0.000e+00
        727      6.000    13.7801    13.7811     0.0009    1.03089    1.03093          1     6.9091     6.4635       9.99     0.0406  1.423e+00  2.100e+01  1.476e+03     7.5860     7.5861     0.0002     5.1295     5.1295      5.946      6.080      0.246    1470.74    1470.74  0.000e+00
        786      6.500    13.7804    13.7814     0.0009    1.03091    1.03095          1     6.9019     6.4556       9.99     0.0410  1.159e+00  1.710e+01  1.475e+03     7.5860     7.5861     0.0002     5.1294     5.1294      6.441      6.587      0.234    1470.75    1470.75  0.000e+00
        830      7.000    13.7798    13.7816     0.0018    1.03090    1.03096          1     6.9042     6.4637       9.99     0.0397  9.711e-01  1.432e+01  1.475e+03     7.5860     7.5861     0.0001     5.1295     5.1294      6.937      7.093      0.265    1470.75    1470.76  0.000e+00
        881      7.500    13.7811    13.7816     0.0005    1.03093    1.03097          1     6.9000     6.4606       9.99     0.0409  8.175e-01  1.206e+01  1.476e+03     7.5859     7.5861     0.0002     5.1293     5.1294      7.432      7.600      0.225    1470.77    1470.77  0.000e+00
        932      8.000    13.7811    13.7821     0.0011    1.03093    1.03098          1     6.9088     6.4474       9.99     0.0405  6.965e-01  1.028e+01  1.476e+03     7.5859     7.5860     0.0002     5.1293     5.1292      7.928      8.107      0.254    1470.77    1470.78  0.000e+00
        977      8.500    13.7816    13.7828     0.0012    1.03095    1.03101          1     6.9070     6.4611       9.99     0.0400  5.882e-01  8.676e+00  1.475e+03     7.5859     7.5861     0.0002     5.1292     5.1292      8.423      8.613      0.267    1470.79    1470.79  0.000e+00
       1024      9.000    13.7822    13.7823     0.0001    1.03097    1.03099          1     6.9013     6.4620       9.99     0.0399  5.073e-01  7.490e+00  1.476e+03     7.5859     7.5860     0.0001     5.1291     5.1292      8.919      9.120      0.237    1470.80    1470.80  0.000e+00
       1074      9.500    13.7799    13.7787    -0.0012    1.03088    1.03086          1     6.8984     6.4614       9.99     0.0408  4.373e-01  6.454e+00  1.476e+03     7.5855     7.5856     0.0000     5.1292     5.1294      9.414      9.627      0.261    1470.79    1470.79  0.000e+00
       1121     10.000    13.7781    13.7766    -0.0015    1.03081    1.03079          1     6.9057     6.4555       9.99     0.0401  3.715e-01  5.484e+00  1.476e+03     7.5853     7.5855     0.0001     5.1293     5.1296      9.909     10.133      0.240    1470.80    1470.79  0.000e+00
       1170     10.500    13.7772    13.7758    -0.0014    1.03079    1.03076          1     6.9042     6.4610       9.99     0.0401  3.147e-01  4.642e+00  1.475e+03     7.5852     7.5853     0.0000     5.1294     5.1296     10.405     10.640      0.258    1470.80    1470.80  0.000e+00
       1215     11.000    13.7735    13.7709    -0.0026    1.03067    1.03063          1     6.8997     6.4593       9.99     0.0406  2.686e-01  3.958e+00  1.474e+03     7.5850     7.5852     0.0002     5.1298     5.1303     10.900     11.147      0.272    1470.80    1470.79  0.000e+00
       1261     11.500    13.7675    13.7650    -0.0025    1.03053    1.03048          1     6.8940     6.4439       9.99     0.0391  2.245e-01  3.314e+00  1.476e+03     7.5850     7.5851     0.0001     5.1307     5.1311     11.396     11.653      0.246    1470.78    1470.77  0.000e+00
       1309     12.000    13.7658    13.7656    -0.0001    1.03051    1.03056          1     6.8885     6.4477       9.99     0.0391  1.937e-01  2.860e+00  1.476e+03     7.5852     7.5855     0.0004     5.1311     5.1314     11.891     12.160      0.271    1470.79    1470.78  0.000e+00
       1353     12.500    13.7658    13.7657    -0.0001    1.03056    1.03061          1     6.8818     6.4445       9.99     0.0393  1.678e-01  2.477e+00  1.476e+03     7.5855     7.5859     0.0004     5.1313     5.1316     12.387     12.667      0.252    1470.79    1470.79  0.000e+00
       1401     13.000    13.7655    13.7654    -0.0000    1.03060    1.03063          1     6.8827     6.4340       9.99     0.0388  1.444e-01  2.133e+00  1.477e+03     7.5858     7.5860     0.0002     5.1316     5.1318     12.882     13.173      0.274    1470.80    1470.80  0.000e+00
       1443     13.500    13.7654    13.7657     0.0004    1.03061    1.03070          1     6.8831     6.4347       9.99     0.0385  1.231e-01  1.818e+00  1.476e+03     7.5859     7.5865     0.0006     5.1317     5.1321     13.378     13.680      0.272    1470.81    1470.81  0.000e+00
       1492     14.000    13.7653    13.7654     0.0001    1.03065    1.03066          1     6.8878     6.4413       9.99     0.0390  1.059e-01  1.564e+00  1.477e+03     7.5861     7.5862     0.0001     5.1318     5.1319     13.873     14.187      0.239    1470.82    1470.82  0.000e+00
       1537     14.500    13.7653    13.7654     0.0002    1.03066    1.03069          1     6.8802     6.4433       9.99     0.0390  9.075e-02  1.339e+00  1.476e+03     7.5861     7.5863     0.0002     5.1319     5.1320     14.369     14.693      0.293    1470.83    1470.83  0.000e+00
       1581     15.000    13.7654    13.7658     0.0004    1.03072    1.03079          1     6.8709     6.4327       9.99     0.0395  7.759e-02  1.147e+00  1.478e+03     7.5866     7.5871     0.0005     5.1322     5.1325     14.864     15.200      0.246    1470.83    1470.84  0.000e+00
       1629     15.500    13.7657    13.7659     0.0002    1.03079    1.03085          1     6.8711     6.4315       9.99     0.0393  6.511e-02  9.606e-01  1.475e+03     7.5870     7.5875     0.0005     5.1325     5.1328     15.360     15.707      0.280    1470.84    1470.84  0.000e+00
       1670     16.000    13.7657    13.7659     0.0003    1.03082    1.03085          1     6.8664     6.4262       9.98     0.0401  5.664e-02  8.358e-01  1.476e+03     7.5872     7.5874     0.0002     5.1326     5.1328     15.855     16.213      0.275    1470.85    1470.85  0.000e+00
       1718     16.500    13.7657    13.7661     0.0003    1.03083    1.03089          1     6.8676     6.4332       9.98     0.0401  4.755e-02  7.021e-01  1.476e+03     7.5872     7.5876     0.0004     5.1327     5.1329     16.350     16.720      0.251    1470.86    1470.86  0.000e+00
       1760     17.000    13.7661    13.7666     0.0005    1.03093    1.03103          1     6.8694     6.4343       9.98     0.0388  4.037e-02  5.955e-01  1.475e+03     7.5879     7.5886     0.0007     5.1331     5.1336     16.846     17.227      0.299    1470.87    1470.87  0.000e+00
       1805     17.500    13.7658    13.7661     0.0003    1.03107    1.03115          1     6.8652     6.4271       9.98     0.0390  3.393e-02  5.009e-01  1.476e+03     7.5890     7.5896     0.0005     5.1340     5.1344     17.341     17.733      0.238    1470.88    1470.88  0.000e+00
       1854     18.000    13.7657    13.7658     0.0002    1.03112    1.03115          1     6.8667     6.4085       9.98     0.0368  2.770e-02  4.087e-01  1.476e+03     7.5894     7.5896     0.0002     5.1343     5.1345     17.837     18.240      0.283    1470.89    1470.89  0.000e+00
       1895     18.500    13.7656    13.7668     0.0012    1.03112    1.03115          1     6.8559     6.4209       9.98     0.0372  2.308e-02  3.405e-01  1.475e+03     7.5894     7.5893    -0.0000     5.1343     5.1341     18.332     18.747      0.278    1470.89    1470.90  0.000e+00
       1942     19.000    13.7656    13.7649    -0.0006    1.03113    1.03115          1     6.8582     6.4199       9.98     0.0358  1.823e-02  2.688e-01  1.475e+03     7.5893     7.5897     0.0004     5.1343     5.1347     18.828     19.253      0.252    1470.90    1470.90  0.000e+00
       1985     19.500    13.7636    13.7624    -0.0013    1.03112    1.03113          1     6.8461     6.4125       9.98     0.0366  1.454e-02  2.145e-01  1.476e+03     7.5896     7.5900     0.0004     5.1348     5.1353     19.323     19.760      0.293    1470.90    1470.90  0.000e+00
       2028     20.000    13.7626    13.7614    -0.0012    1.03112    1.03113          1     6.8499     6.4014       9.98     0.0366  1.109e-02  1.639e-01  1.478e+03     7.5898     7.5901     0.0003     5.1351     5.1355     19.819     20.267      0.265    1470.91    1470.91  0.000e+00
       2073     20.500    13.7615    13.7607    -0.0007    1.03111    1.03113          1     6.8481     6.4130       9.98     0.0367  7.857e-03  1.162e-01  1.478e+03     7.5899     7.5901     0.0003     5.1353     5.1357     20.314     20.773      0.284    1470.91    1470.91  0.000e+00
       2115     21.000    13.7598    13.7578    -0.0019    1.03109    1.03110          1     6.8442     6.4154       9.98     0.0366  5.372e-03  7.952e-02  1.480e+03     7.5900     7.5904     0.0004     5.1357     5.1363     20.809     21.280      0.268    1470.92    1470.91  0.000e+00
       2163     21.500    13.7579    13.7572    -0.0006    1.03108    1.03109          1     6.8398     6.4128       9.98     0.0382  2.948e-03  4.363e-02  1.480e+03     7.5902     7.5905     0.0002     5.1362     5.1364     21.305     21.787      0.249    1470.92    1470.92  0.000e+00
       2211     22.000    13.7563    13.7552    -0.0010    1.03106    1.03107          1     6.8451     6.4034       9.98     0.0411  7.926e-04  1.172e-02  1.478e+03     7.5904     7.5907     0.0003     5.1365     5.1369     21.800     22.293      0.235    1470.92    1470.92  0.000e+00
       2262     22.500    13.7540    13.7517    -0.0023    1.03104    1.03104          1     6.8392     6.3971       9.98     0.0390 -2.268e-05 -3.353e-04  1.474e+03     7.5906     7.5910     0.0004     5.1370     5.1377     22.296     22.800      0.267    1470.92    1470.91  0.000e+00
       2303     23.000    13.7502    13.7457    -0.0046    1.03099    1.03096          1     6.8227     6.3824       9.98     0.0360  9.207e-12  1.359e-10  1.475e+03     7.5909     7.5916     0.0007     5.1378     5.1391     22.791     23.307      0.282    1470.92    1470.90  0.000e+00
       2348     23.500    13.7428    13.7394    -0.0034    1.03093    1.03092          1     6.8014     6.3609       9.98     0.0363  6.765e-14  1.000e-12  1.478e+03     7.5918     7.5924     0.0007     5.1396     5.1407     23.287     23.813      0.271    1470.90    1470.89  0.000e+00
       2389     24.000    13.7397    13.7359    -0.0037    1.03092    1.03094          1     6.7938     6.3651       9.98     0.0356  6.758e-14  1.000e-12  1.480e+03     7.5923     7.5932     0.0009     5.1405     5.1418     23.782     24.320      0.314    1470.90    1470.88  0.000e+00
       2429     24.500    13.7331    13.7265    -0.0066    1.03093    1.03096          1     6.7928     6.3522       9.98     0.0339  6.754e-14  1.000e-12  1.481e+03     7.5936     7.5951     0.0015     5.1425     5.1447     24.277     24.827      0.266    1470.88    1470.86  0.000e+00
       2478     25.000    13.7154    13.7080    -0.0074    1.03092    1.03095          1     6.7812     6.3540       9.98     0.0313  6.760e-14  1.000e-12  1.479e+03     7.5970     7.5986     0.0016     5.1478     5.1502     24.773     25.333      0.252    1470.83    1470.81  0.000e+00
       2525     25.500    13.6932    13.6835    -0.0098    1.03091    1.03095          1     6.7749     6.3453       9.98     0.0298  6.764e-14  1.000e-12  1.478e+03     7.6012     7.6034     0.0022     5.1545     5.1577     25.268     25.840      0.241    1470.77    1470.73  0.000e+00
       2575     26.000    13.6690    13.6585    -0.0105    1.03086    1.03085          1     6.7632     6.3290       9.98     0.0291  6.771e-14  1.000e-12  1.477e+03     7.6055     7.6075     0.0020     5.1615     5.1646     25.764     26.347      0.256    1470.69    1470.66  0.000e+00
       2618     26.500    13.6520    13.6442    -0.0078    1.03078    1.03077          1     6.7619     6.3349       9.98     0.0286  6.772e-14  1.000e-12  1.477e+03     7.6082     7.6096     0.0015     5.1661     5.1684     26.259     26.853      0.291    1470.64    1470.62  0.000e+00
       2661     27.000    13.6357    13.6228    -0.0130    1.03073    1.03073          1     6.7555     6.3091       9.98     0.0275  6.759e-14  1.000e-12  1.480e+03     7.6110     7.6135     0.0025     5.1707     5.1746     26.755     27.360      0.270    1470.60    1470.55  0.000e+00
       2705     27.500    13.5837    13.5486    -0.0349    1.03046    1.03035          1     6.7237     6.2899       9.98     0.0269  6.757e-14  1.000e-12  1.480e+03     7.6191     7.6251     0.0061     5.1848     5.1948     27.250     27.867      0.293    1470.43    1470.31  0.000e+00
       2745     28.000    13.5202    13.4982    -0.0221    1.03018    1.03020          1     6.6965     6.2706       9.98     0.0267  6.754e-14  1.000e-12  1.481e+03     7.6293     7.6339     0.0045     5.2023     5.2091     27.745     28.373      0.275    1470.23    1470.15  0.000e+00
