ctdpy/tests/etc/all_smhi_bas_2018/SBE09_1044_20180318_2223_34_02_0066.cnv
* Sea-Bird SBE 9 Data File:
* FileName = C:\ctd\temp\2018\ME18D066.hex
* Software Version Seasave V 7.26.6.26
* Temperature SN = 5351
* Conductivity SN = 3941
* Number of Bytes Per Scan = 41
* Number of Voltage Words = 4
* Number of Scans Averaged by the Deck Unit = 1
* NMEA Latitude = 55 51.99 N
* NMEA Longitude = 012 44.88 E
* NMEA UTC (Time) = Mar 18 2018  22:23:47
* NMEA baud rate = 4800
** Station:  W Landskrona
** Operator:  SSip
** Ship: MERI
** Average sound velocity: 1461.23 m/s
** True-depth calculation Sun, 18 Mar 2018 22:57:15 +0000
** CTD Python Module SMHI /ver 3-12/ feb 2012 
** LIMS Job: 20183402-0066
** Cruise: SMHI-02-2018
** Latitude [GG MM.mm N] :
** Longitude [GG MM.mm E]:
# nquan = 26
# nvalues = 95                          
# units = specified
# name 0 = scan: Scan Count
# name 1 = prDM: Pressure, Digiquartz [db]
# name 2 = t090C: Temperature [ITS-90, deg C]
# name 3 = t190C: Temperature, 2 [ITS-90, deg C]
# name 4 = T2-T190C: Temperature Difference, 2 - 1 [ITS-90, deg C]
# name 5 = c0S/m: Conductivity [S/m]
# name 6 = c1S/m: Conductivity, 2 [S/m]
# name 7 = pumps: Pump Status
# name 8 = sbeox0ML/L: Oxygen, SBE 43 [ml/l]
# name 9 = sbeox1ML/L: Oxygen, SBE 43, 2 [ml/l]
# name 10 = altM: Altimeter [m]
# name 11 = flECO-AFL: Chl-a Fluorescence, WET Labs ECO-AFL/FL [mg/m^3]
# name 12 = flECO-AFL1: Phycocyanin Fluorescence, WET Labs ECO-AFL/FL, 2 [mg/m^3]
# name 13 = par: PAR/Irradiance, Biospherical/Lico [µE/(cm^2*s)]
# name 14 = turbWETntu0: Turbidity, WET Labs ECO [NTU]
# name 15 = sal00: Salinity, Practical [PSU]
# name 16 = sal11: Salinity, Practical, 2 [PSU]
# name 17 = secS-priS: Salinity, Practical, Difference, 2 - 1 [PSU]
# name 18 = sigma-t00: Density [sigma-t, Kg/m^3 ]
# name 19 = sigma-t11: Density, 2 [sigma-t, Kg/m^3 ]
# name 20 = depSM: Depth [salt water, m], lat = 55.8665
# name 21 = depFM: Depth [true depth, m], lat = 55.8665
# name 22 = dz/dtM: Descent Rate [m/s], WS = 2
# name 23 = svCM: Sound Velocity [Chen-Millero, m/s]
# name 24 = svCM1: Sound Velocity, 2 [Chen-Millero, m/s]
# name 25 = flag: flag
# span 0 =       1562,       3990       
# span 1 =      0.500,     47.500       
# span 2 =     0.8273,     6.1648       
# span 3 =     0.8308,     6.1649       
# span 4 =    -0.0240,     0.0793       
# span 5 =   0.874039,   3.303089       
# span 6 =   0.874152,   3.303148       
# span 7 =          1,          1       
# span 8 =    5.88951,    9.19161       
# span 9 =    5.85697,    9.21137       
# span 10 =       3.23,      49.12      
# span 11 =     0.3212,     1.4069      
# span 12 =     0.2215,     0.3744      
# span 13 = -5.723e-06, 3.1511e-01      
# span 14 =     0.4210,     6.0884      
# span 15 =     9.1957,    33.3093      
# span 16 =     9.1951,    33.3097      
# span 17 =    -0.0592,     0.5649      
# span 18 =     7.3301,    26.1964      
# span 19 =     7.3297,    26.1966      
# span 20 =      0.495,     47.063      
# span 21 =      0.506,     47.353      
# span 22 =     -0.031,      0.543      
# span 23 =    1419.59,    1474.04      
# span 24 =    1419.62,    1474.04      
# span 25 = 0.0000e+00, 0.0000e+00      
# interval = decibars: 0.5              
# start_time = Mar 18 2018 22:23:48 [NMEA time, first data scan]
# bad_flag = -9.990e-29
*END*
[from data line 56]
       2998     28.500     6.1590     6.1586    -0.0004    3.30131    3.30131          1     5.9607     5.9651      22.44     0.3486     0.2776  1.000e-12  5.6690000    33.3033    33.3037     0.0004    26.1921    26.1925     28.239     28.495      0.536    1473.70    1473.70  0.000e+00
       3020     29.000     6.1582     6.1582    -0.0000    3.30133    3.30134          1     5.9619     5.9600      21.89     0.3522     0.2804  1.000e-12  5.7584000    33.3040    33.3041     0.0001    26.1928    26.1929     28.734     28.991      0.537    1473.71    1473.71  0.000e+00
       3043     29.500     6.1581     6.1583     0.0003    3.30140    3.30146          1     5.9581     5.9637      21.40     0.3357     0.2625  1.000e-12  5.6887000    33.3047    33.3050     0.0003    26.1933    26.1936     29.230     29.487      0.532    1473.71    1473.72  0.000e+00
       3065     30.000     6.1583     6.1581    -0.0002    3.30143    3.30148          1     5.9568     5.9671      20.91     0.3704     0.2457  1.000e-12  5.2753000    33.3045    33.3053     0.0008    26.1932    26.1938     29.725     29.984      0.533    1473.72    1473.72  0.000e+00
       3088     30.500     6.1591     6.1589    -0.0003    3.30142    3.30145          1     5.9520     5.9664      20.46     0.3702     0.2399  1.000e-12  5.3279000    33.3033    33.3039     0.0006    26.1921    26.1926     30.221     30.480      0.534    1473.73    1473.73  0.000e+00
       3110     31.000     6.1614     6.1613    -0.0001    3.30151    3.30157          1     5.9437     5.9620      19.99     0.3397     0.2416  1.000e-12  5.4615000    33.3019    33.3026     0.0008    26.1907    26.1913     30.716     30.976      0.534    1473.75    1473.75  0.000e+00
       3133     31.500     6.1620     6.1620     0.0001    3.30158    3.30164          1     5.9478     5.9627      19.49     0.3419     0.2722  1.000e-12  5.1419000    33.3018    33.3024     0.0005    26.1906    26.1910     31.211     31.472      0.533    1473.76    1473.76  0.000e+00
       3155     32.000     6.1617     6.1620     0.0002    3.30155    3.30164          1     5.9571     5.9595      18.98     0.3383     0.2612  1.000e-12  5.1326000    33.3015    33.3022     0.0007    26.1904    26.1909     31.707     31.969      0.534    1473.77    1473.77  0.000e+00
       3178     32.500     6.1619     6.1621     0.0002    3.30167    3.30173          1     5.9565     5.9592      18.49     0.3491     0.3010  1.000e-12  5.2731000    33.3024    33.3029     0.0005    26.1911    26.1914     32.202     32.465      0.534    1473.78    1473.78  0.000e+00
       3200     33.000     6.1620     6.1621     0.0001    3.30172    3.30176          1     5.9558     5.9617      18.02     0.3553     0.2918  1.000e-12  5.2544000    33.3026    33.3030     0.0003    26.1913    26.1915     32.697     32.961      0.532    1473.78    1473.79  0.000e+00
       3223     33.500     6.1615     6.1616     0.0001    3.30155    3.30161          1     5.9574     5.9627      17.48     0.3239     0.2653  1.000e-12  5.1750000    33.3010    33.3015     0.0005    26.1900    26.1904     33.193     33.458      0.529    1473.79    1473.79  0.000e+00
       3245     34.000     6.1621     6.1621     0.0000    3.30168    3.30172          1     5.9506     5.9656      16.82     0.3329     0.2805  1.000e-12  5.4261000    33.3016    33.3020     0.0004    26.1904    26.1907     33.688     33.954      0.527    1473.80    1473.80  0.000e+00
       3268     34.500     6.1614     6.1616     0.0002    3.30159    3.30165          1     5.9446     5.9704      15.63     0.3212     0.3207  1.000e-12  5.1819000    33.3010    33.3015     0.0005    26.1900    26.1904     34.184     34.450      0.531    1473.80    1473.81  0.000e+00
       3291     35.000     6.1624     6.1626     0.0001    3.30182    3.30187          1     5.9502     5.9674      14.84     0.3549     0.2282  1.000e-12  5.1709000    33.3023    33.3027     0.0004    26.1910    26.1913     34.679     34.946      0.531    1473.82    1473.82  0.000e+00
       3313     35.500     6.1636     6.1636     0.0000    3.30212    3.30217          1     5.9521     5.9600      14.35     0.3386     0.2258  1.000e-12  5.0994000    33.3043    33.3049     0.0005    26.1924    26.1928     35.174     35.443      0.529    1473.84    1473.84  0.000e+00
       3336     36.000     6.1633     6.1636     0.0004    3.30211    3.30224          1     5.9448     5.9591      13.82     0.3574     0.2264  1.000e-12  5.2173000    33.3042    33.3053     0.0010    26.1923    26.1931     35.670     35.939      0.532    1473.84    1473.84  0.000e+00
       3359     36.500     6.1633     6.1634     0.0001    3.30213    3.30220          1     5.9481     5.9633      13.28     0.3502     0.2751  1.000e-12  5.2376000    33.3042    33.3049     0.0007    26.1923    26.1928     36.165     36.435      0.530    1473.85    1473.85  0.000e+00
       3381     37.000     6.1634     6.1631    -0.0004    3.30219    3.30224          1     5.9545     5.9654      12.77     0.3435     0.2670  1.000e-12  5.2176000    33.3045    33.3054     0.0009    26.1925    26.1933     36.660     36.931      0.524    1473.86    1473.86  0.000e+00
       3404     37.500     6.1644     6.1644    -0.0000    3.30243    3.30244          1     5.9486     5.9652      12.31     0.3512     0.2215  1.000e-12  5.1802000    33.3060    33.3060     0.0001    26.1936    26.1936     37.156     37.428      0.525    1473.87    1473.87  0.000e+00
       3427     38.000     6.1647     6.1647    -0.0000    3.30250    3.30254          1     5.9533     5.9641      12.09     0.3356     0.2226  1.000e-12  5.0482000    33.3062    33.3067     0.0005    26.1938    26.1941     37.651     37.924      0.531    1473.88    1473.88  0.000e+00
       3450     38.500     6.1642     6.1645     0.0002    3.30253    3.30258          1     5.9573     5.9607      12.25     0.3436     0.2878  1.000e-12  5.2591000    33.3067    33.3071     0.0004    26.1942    26.1945     38.146     38.420      0.529    1473.89    1473.89  0.000e+00
       3472     39.000     6.1644     6.1647     0.0002    3.30254    3.30262          1     5.9486     5.9485      11.96     0.3335     0.2993  1.000e-12  5.2335000    33.3064    33.3070     0.0006    26.1939    26.1944     38.642     38.917      0.521    1473.90    1473.90  0.000e+00
       3496     39.500     6.1646     6.1647     0.0001    3.30259    3.30265          1     5.9475     5.9504      11.49     0.3679     0.3143  1.000e-12  5.5025000    33.3065    33.3071     0.0006    26.1940    26.1944     39.137     39.413      0.521    1473.91    1473.91  0.000e+00
       3519     40.000     6.1645     6.1648     0.0002    3.30261    3.30267          1     5.9540     5.9597      10.98     0.3702     0.2825  1.000e-12  5.3995000    33.3067    33.3071     0.0004    26.1941    26.1944     39.633     39.909      0.525    1473.91    1473.92  0.000e+00
       3541     40.500     6.1648     6.1649     0.0001    3.30264    3.30269          1     5.9490     5.9557      10.39     0.3616     0.2666  1.000e-12  5.3162000    33.3065    33.3070     0.0005    26.1939    26.1943     40.128     40.405      0.527    1473.92    1473.92  0.000e+00
       3564     41.000     6.1647     6.1648     0.0001    3.30268    3.30273          1     5.9438     5.9550       9.49     0.3580     0.2706  1.000e-12  5.3812000    33.3067    33.3072     0.0004    26.1942    26.1945     40.623     40.902      0.529    1473.93    1473.93  0.000e+00
       3587     41.500     6.1641     6.1643     0.0002    3.30271    3.30276          1     5.9405     5.9639       8.95     0.3632     0.2793  1.000e-12  5.3588000    33.3074    33.3078     0.0004    26.1947    26.1950     41.119     41.398      0.529    1473.94    1473.94  0.000e+00
       3609     42.000     6.1641     6.1642     0.0001    3.30274    3.30279          1     5.9488     5.9625       8.61     0.3702     0.2758  1.000e-12  5.3972000    33.3075    33.3079     0.0004    26.1948    26.1951     41.614     41.894      0.530    1473.95    1473.95  0.000e+00
       3632     42.500     6.1644     6.1645     0.0001    3.30278    3.30283          1     5.9538     5.9629       8.31     0.3702     0.2995  1.000e-12  5.5837000    33.3074    33.3079     0.0005    26.1947    26.1951     42.109     42.390      0.519    1473.96    1473.96  0.000e+00
       3656     43.000     6.1643     6.1645     0.0001    3.30279    3.30285          1     5.9517     5.9628       7.81     0.3673     0.2301  1.000e-12  5.3894000    33.3074    33.3078     0.0005    26.1947    26.1950     42.605     42.887      0.497    1473.96    1473.97  0.000e+00
       3680     43.500     6.1643     6.1646     0.0003    3.30282    3.30289          1     5.9496     5.9604       7.36     0.3596     0.2709  1.000e-12  5.3853000    33.3074    33.3079     0.0004    26.1948    26.1950     43.100     43.383      0.497    1473.97    1473.97  0.000e+00
       3704     44.000     6.1644     6.1645     0.0000    3.30285    3.30290          1     5.9500     5.9648       6.91     0.3701     0.2967  1.000e-12  5.6197000    33.3074    33.3079     0.0004    26.1947    26.1951     43.595     43.879      0.496    1473.98    1473.98  0.000e+00
       3729     44.500     6.1644     6.1645     0.0001    3.30288    3.30293          1     5.9498     5.9671       6.41     0.3803     0.2550  1.000e-12  5.4878000    33.3076    33.3080     0.0004    26.1949    26.1952     44.091     44.375      0.488    1473.99    1473.99  0.000e+00
       3753     45.000     6.1644     6.1647     0.0003    3.30293    3.30300          1     5.9511     5.9643       6.00     0.3568     0.2409  1.000e-12  5.4363000    33.3078    33.3083     0.0005    26.1951    26.1954     44.586     44.872      0.491    1474.00    1474.00  0.000e+00
       3778     45.500     6.1642     6.1645     0.0002    3.30295    3.30300          1     5.9522     5.9632       5.45     0.3923     0.2543  1.000e-12  5.6566000    33.3080    33.3083     0.0003    26.1952    26.1954     45.082     45.368      0.476    1474.00    1474.01  0.000e+00
       3806     46.000     6.1641     6.1643     0.0002    3.30298    3.30302          1     5.9489     5.9656       5.00     0.3653     0.2983  1.000e-12  5.6495000    33.3082    33.3085     0.0003    26.1954    26.1956     45.577     45.864      0.334    1474.01    1474.01  0.000e+00
       3889     46.500     6.1637     6.1642     0.0004    3.30300    3.30307          1     5.9364     5.9643       4.39     0.4108     0.2751  1.000e-12  5.6938000    33.3085    33.3089     0.0004    26.1956    26.1959     46.072     46.361      0.317    1474.02    1474.02  0.000e+00
       3925     47.000     6.1641     6.1645     0.0004    3.30309    3.30315          1     5.9387     5.9653       3.96     0.4093     0.2506  1.000e-12  5.7735000    33.3089    33.3092     0.0003    26.1959    26.1961     46.568     46.857      0.424    1474.03    1474.03  0.000e+00
       3990     47.500     6.1633     6.1636     0.0003    3.30308    3.30314          1     5.9433     5.9641       3.23     0.4261     0.3020  1.000e-12  6.0884000    33.3093    33.3097     0.0003    26.1964    26.1966     47.063     47.353     -0.031    1474.04    1474.04  0.000e+00
