ctdpy/tests/etc/all_smhi_bas_2018/SBE09_0827_20181009_1528_26_01_1052.cnv
* Sea-Bird SBE 9 Data File:
* FileName = D:\CTD_SBE911\DAT\26DA.2018.10.52.hex
* Software Version Seasave V 7.21d
* Temperature SN = 4548
* Conductivity SN = 3062
* Number of Bytes Per Scan = 48
* Number of Voltage Words = 5
* Number of Scans Averaged by the Deck Unit = 1
* NMEA Latitude = 59 04.66 N
* NMEA Longitude = 019 35.03 E
* NMEA UTC (Time) = Oct 09 2018  15:31:16
* NMEA baud rate = 4800
** Ship: DANA
** Average sound velocity: 1442.00 m/s
** True-depth calculation Thu, 28 Mar 2019 12:22:30 +0000
** CTD Python Module SMHI /ver 3-12/ feb 2012 
** LIMS Job: 20182601-1052
** Operator: Christian
** Cruise: 10/2018
# nquan = 26
# nvalues = 174                         
# units = specified
# name 0 = scan: Scan Count
# name 1 = prDM: Pressure, Digiquartz [db]
# name 2 = t090C: Temperature [ITS-90, deg C]
# name 3 = t190C: Temperature, 2 [ITS-90, deg C]
# name 4 = T2-T190C: Temperature Difference, 2 - 1 [ITS-90, deg C]
# name 5 = c0S/m: Conductivity [S/m]
# name 6 = c1S/m: Conductivity, 2 [S/m]
# name 7 = pumps: Pump Status
# name 8 = sbeox1ML/L: Oxygen, SBE 43, 2 [ml/l]
# name 9 = sbeox0ML/L: Oxygen, SBE 43 [ml/l]
# name 10 = altM: Altimeter [m]
# name 11 = chloroflTC0: Chlorophyll, Turner Cyclops [ug/l]
# name 12 = cpar: CPAR/Corrected Irradiance [%]
# name 13 = par: PAR/Irradiance, Biospherical/Lico [µE/(cm^2*s)]
# name 14 = spar: SPAR, Biospherical/Licor
# name 15 = sal00: Salinity, Practical [PSU]
# name 16 = sal11: Salinity, Practical, 2 [PSU]
# name 17 = secS-priS: Salinity, Practical, Difference, 2 - 1 [PSU]
# name 18 = sigma-t00: Density [sigma-t, kg/m^3 ]
# name 19 = sigma-t11: Density, 2 [sigma-t, kg/m^3 ]
# name 20 = depSM: Depth [salt water, m], lat = 59.0777
# name 21 = depFM: Depth [true depth, m], lat = 59.0777
# name 22 = dz/dtM: Descent Rate [m/s], WS = 2
# name 23 = svCM: Sound Velocity [Chen-Millero, m/s]
# name 24 = svCM1: Sound Velocity, 2 [Chen-Millero, m/s]
# name 25 = flag: flag
# span 0 =          5,       9057       
# span 1 =      1.000,     87.500       
# span 2 =     3.4296,     8.6826       
# span 3 =     3.4260,     8.6852       
# span 4 =    -0.2584,     0.0515       
# span 5 =   0.757399,   1.048055       
# span 6 =   0.757693,   1.050463       
# span 7 =          1,          1       
# span 8 =     0.1262,     7.5928       
# span 9 =     0.1055,     7.1209       
# span 10 =       2.24,       9.98      
# span 11 =     0.0159,     0.0360      
# span 12 = 4.4759e-12, 8.4552e+00      
# span 13 = 1.0000e-12, 1.8884e+00      
# span 14 = 1.8193e+01, 2.2406e+01      
# span 15 =     6.8215,     9.7743      
# span 16 =     6.8210,     9.7940      
# span 17 =    -0.0015,     0.0474      
# span 18 =     5.1581,     7.7164      
# span 19 =     5.1575,     7.7312      
# span 20 =      0.991,     86.663      
# span 21 =      1.013,     88.586      
# span 22 =     -0.023,      0.621      
# span 23 =    1429.50,    1450.88      
# span 24 =    1429.48,    1450.88      
# span 25 = 0.0000e+00, 0.0000e+00      
# interval = decibars: 0.5              
# start_time = Oct 09 2018 15:31:16 [NMEA time, first data scan]
# bad_flag = -9.990e-29
*END*
[from data line 56]
       2723     29.000     8.6090     8.6076    -0.0016    0.82176    0.82177          1     7.5514     7.0940       9.97     0.0305  4.491e-12  1.000e-12  2.227e+01     6.8320     6.8324     0.0004     5.1728     5.1733     28.727     29.386      0.264    1450.65    1450.64  0.000e+00
       2768     29.500     8.6006     8.5897    -0.0107    0.82169    0.82158          1     7.5535     7.0947       9.97     0.0300  4.476e-12  1.000e-12  2.234e+01     6.8329     6.8341     0.0012     5.1743     5.1762     29.222     29.893      0.474    1450.62    1450.58  0.000e+00
       2791     30.000     8.5726     8.5664    -0.0062    0.82134    0.82131          1     7.5544     7.0925       9.97     0.0293  4.476e-12  1.000e-12  2.234e+01     6.8352     6.8361     0.0010     5.1785     5.1798     29.717     30.399      0.461    1450.52    1450.50  0.000e+00
       2876     30.500     8.5688     8.5653    -0.0034    0.82135    0.82134          1     7.5471     7.0932       9.97     0.0301  4.514e-12  1.000e-12  2.217e+01     6.8359     6.8364     0.0005     5.1794     5.1801     30.212     30.906      0.297    1450.51    1450.50  0.000e+00
       2936     31.000     8.5567     8.5419    -0.0149    0.82122    0.82108          1     7.5415     7.0801       9.97     0.0311  4.477e-12  1.000e-12  2.234e+01     6.8371     6.8386     0.0016     5.1814     5.1839     30.708     31.413      0.378    1450.47    1450.42  0.000e+00
       2972     31.500     8.5268     8.5109    -0.0159    0.82086    0.82069          1     7.5413     7.0772       9.97     0.0303  4.476e-12  1.000e-12  2.234e+01     6.8395     6.8411     0.0016     5.1859     5.1885     31.203     31.919      0.322    1450.37    1450.30  0.000e+00
       3006     32.000     8.5184     8.4984    -0.0201    0.82078    0.82055          1     7.5379     7.0774       9.97     0.0293  4.493e-12  1.000e-12  2.227e+01     6.8404     6.8422     0.0018     5.1873     5.1905     31.698     32.426      0.424    1450.34    1450.26  0.000e+00
       3032     32.500     8.4885     8.4686    -0.0197    0.82040    0.82020          1     7.5382     7.0732       9.97     0.0292  4.477e-12  1.000e-12  2.234e+01     6.8427     6.8448     0.0021     5.1917     5.1950     32.193     32.932      0.467    1450.23    1450.15  0.000e+00
       3060     33.000     8.4565     8.4393    -0.0173    0.82002    0.81986          1     7.5234     7.0645       9.97     0.0292  4.514e-12  1.000e-12  2.217e+01     6.8454     6.8473     0.0019     5.1966     5.1995     32.689     33.439      0.357    1450.11    1450.04  0.000e+00
       3140     33.500     8.4130     8.4089    -0.0041    0.81954    0.81953          1     7.5140     7.0538       9.97     0.0289  4.477e-12  1.000e-12  2.233e+01     6.8496     6.8502     0.0006     5.2035     5.2044     33.184     33.946      0.219    1449.95    1449.93  0.000e+00
       3208     34.000     8.4074     8.3977    -0.0096    0.81952    0.81945          1     7.5191     7.0577       9.97     0.0290  4.477e-12  1.000e-12  2.234e+01     6.8504     6.8516     0.0012     5.2046     5.2064     33.679     34.452      0.286    1449.93    1449.90  0.000e+00
       3251     34.500     8.3683     8.3542    -0.0140    0.81902    0.81889          1     7.5267     7.0718       9.97     0.0293  4.487e-12  1.000e-12  2.229e+01     6.8533     6.8549     0.0016     5.2103     5.2127     34.174     34.959      0.288    1449.79    1449.73  0.000e+00
       3288     35.000     8.3407     8.3181    -0.0227    0.81866    0.81842          1     7.5040     7.0541       9.97     0.0287  4.476e-12  1.000e-12  2.234e+01     6.8554     6.8576     0.0022     5.2143     5.2179     34.670     35.466      0.402    1449.69    1449.60  0.000e+00
       3314     35.500     8.2544     8.2045    -0.0499    0.81745    0.81693          1     7.4840     7.0232       9.97     0.0276  4.476e-12  1.000e-12  2.234e+01     6.8612     6.8663     0.0051     5.2261     5.2342     35.165     35.972      0.488    1449.35    1449.15  0.000e+00
       3340     36.000     8.1692     8.0831    -0.0861    0.81634    0.81543          1     7.4529     6.9838       9.97     0.0272  4.476e-12  1.000e-12  2.234e+01     6.8678     6.8764     0.0086     5.2382     5.2520     35.660     36.479      0.383    1449.02    1448.68  0.000e+00
       3416     36.500     7.9924     7.9411    -0.0511    0.81426    0.81383          1     7.4223     6.9861       9.97     0.0261  4.491e-12  1.000e-12  2.227e+01     6.8835     6.8896     0.0061     5.2648     5.2737     36.155     36.985      0.230    1448.32    1448.12  0.000e+00
       3476     37.000     7.8311     7.7720    -0.0592    0.81236    0.81185          1     7.3299     6.9302       9.97     0.0246  4.545e-12  1.000e-12  2.203e+01     6.8979     6.9048     0.0070     5.2888     5.2988     36.651     37.492      0.300    1447.69    1447.45  0.000e+00
       3517     37.500     7.5635     7.4838    -0.0795    0.80883    0.80803          1     7.3076     6.8820       9.97     0.0236  4.526e-12  1.000e-12  2.211e+01     6.9184     6.9269     0.0085     5.3252     5.3378     37.146     37.999      0.280    1446.62    1446.30  0.000e+00
       3562     38.000     7.4224     7.4004    -0.0220    0.80705    0.80702          1     7.3310     6.9261       9.97     0.0227  4.547e-12  1.000e-12  2.202e+01     6.9301     6.9342     0.0041     5.3447     5.3495     37.641     38.505      0.264    1446.06    1445.97  0.000e+00
       3604     38.500     7.1284     6.9801    -0.1489    0.80259    0.80106          1     7.2087     6.8432       9.97     0.0220  4.547e-12  1.000e-12  2.202e+01     6.9476     6.9633     0.0157     5.3789     5.4009     38.136     39.012      0.331    1444.86    1444.25  0.000e+00
       3637     39.000     6.6281     6.5058    -0.1221    0.79495    0.79383          1     7.2307     6.8255       9.97     0.0203  4.535e-12  1.000e-12  2.207e+01     6.9772     6.9915     0.0144     5.4347     5.4534     38.632     39.518      0.363    1442.80    1442.30  0.000e+00
       3675     39.500     6.3279     6.1512    -0.1765    0.79060    0.78839          1     7.2063     6.8337       9.97     0.0194  4.571e-12  1.000e-12  2.191e+01     6.9972     7.0126     0.0153     5.4683     5.4903     39.127     40.025      0.267    1441.56    1440.82  0.000e+00
       3760     40.000     5.7213     5.6124    -0.1093    0.78175    0.78062          1     7.1709     6.8298       9.97     0.0186  4.612e-12  1.000e-12  2.172e+01     7.0380     7.0498     0.0118     5.5320     5.5469     39.622     40.531      0.224    1439.01    1438.56  0.000e+00
       3826     40.500     5.0790     4.8209    -0.2584    0.77180    0.76877          1     7.1767     6.7982       9.97     0.0171  4.648e-12  1.000e-12  2.156e+01     7.0760     7.1010     0.0250     5.5911     5.6206     40.117     41.038      0.471    1436.27    1435.17  0.000e+00
       3847     41.000     4.5606     4.3498    -0.2103    0.76387    0.76181          1     7.2191     6.8192       9.97     0.0169  4.689e-12  1.000e-12  2.137e+01     7.1081     7.1329     0.0248     5.6350     5.6612     40.612     41.544      0.507    1434.03    1433.12  0.000e+00
       3877     41.500     4.3489     4.2177    -0.1313    0.76153    0.76054          1     7.2393     6.8597       9.97     0.0164  4.685e-12  1.000e-12  2.139e+01     7.1302     7.1488     0.0186     5.6591     5.6775     41.108     42.051      0.309    1433.12    1432.56  0.000e+00
       3931     42.000     4.1522     3.9731    -0.1791    0.76002    0.75856          1     7.1546     6.8033       9.97     0.0164  4.812e-12  1.000e-12  2.082e+01     7.1578     7.1821     0.0243     5.6862     5.7102     41.603     42.557      0.256    1432.28    1431.51  0.000e+00
       3969     42.500     3.8874     3.8528    -0.0345    0.75740    0.75769          1     7.1268     6.7610       9.97     0.0163  4.844e-12  1.000e-12  2.067e+01     7.1891     7.1997     0.0106     5.7177     5.7269     42.098     43.063      0.293    1431.14    1431.00  0.000e+00
       4028     43.000     3.8129     3.7960    -0.0169    0.75745    0.75785          1     7.0863     6.6903       9.97     0.0161  4.886e-12  1.000e-12  2.048e+01     7.2060     7.2138     0.0078     5.7328     5.7393     42.593     43.570      0.178    1430.83    1430.77  0.000e+00
       4100     43.500     3.7612     3.7546    -0.0066    0.75789    0.75831          1     7.0642     6.6552       9.97     0.0161  4.889e-12  1.000e-12  2.047e+01     7.2219     7.2276     0.0057     5.7465     5.7511     43.089     44.076      0.173    1430.63    1430.61  0.000e+00
       4159     44.000     3.7185     3.6858    -0.0326    0.75860    0.75875          1     7.0271     6.6301       9.97     0.0162  4.892e-12  1.000e-12  2.045e+01     7.2385     7.2474     0.0089     5.7606     5.7683     43.584     44.582      0.333    1430.47    1430.33  0.000e+00
       4186     44.500     3.6552     3.6126    -0.0428    0.75908    0.75933          1     6.9754     6.5871       9.97     0.0164  4.925e-12  1.000e-12  2.030e+01     7.2575     7.2696     0.0121     5.7768     5.7873     44.079     45.089      0.495    1430.21    1430.03  0.000e+00
       4209     45.000     3.5903     3.5289    -0.0613    0.75960    0.76044          1     6.9326     6.5524       9.97     0.0160  4.907e-12  1.000e-12  2.039e+01     7.2773     7.2998     0.0225     5.7938     5.8128     44.574     45.595      0.460    1429.95    1429.70  0.000e+00
       4242     45.500     3.5352     3.5035    -0.0316    0.76108    0.76242          1     6.8811     6.4903       9.97     0.0160  4.925e-12  1.000e-12  2.030e+01     7.3049     7.3258     0.0209     5.8167     5.8340     45.069     46.101      0.256    1429.74    1429.62  0.000e+00
       4345     46.000     3.4871     3.4747    -0.0124    0.76492    0.76561          1     6.7483     6.3794       9.97     0.0159  4.924e-12  1.000e-12  2.031e+01     7.3553     7.3652     0.0099     5.8577     5.8658     45.565     46.608      0.274    1429.60    1429.55  0.000e+00
       4388     46.500     3.4537     3.4470    -0.0068    0.76810    0.76857          1     6.6549     6.3119       9.97     0.0159  4.924e-12  1.000e-12  2.031e+01     7.3957     7.4021     0.0064     5.8904     5.8956     46.060     47.114      0.333    1429.50    1429.48  0.000e+00
       4428     47.000     3.4427     3.4324    -0.0102    0.77129    0.77260          1     6.5564     6.2142       9.97     0.0159  4.924e-12  1.000e-12  2.031e+01     7.4312     7.4471     0.0159     5.9189     5.9317     46.555     47.620      0.286    1429.51    1429.48  0.000e+00
       4468     47.500     3.4345     3.4291    -0.0054    0.77348    0.77397          1     6.4686     6.1144       9.97     0.0159  4.924e-12  1.000e-12  2.031e+01     7.4556     7.4620     0.0063     5.9385     5.9436     47.050     48.127      0.314    1429.51    1429.49  0.000e+00
       4508     48.000     3.4296     3.4260    -0.0036    0.77415    0.77452          1     6.4326     6.0736       9.97     0.0159  4.924e-12  1.000e-12  2.031e+01     7.4636     7.4683     0.0047     5.9449     5.9487     47.545     48.633      0.284    1429.50    1429.49  0.000e+00
       4556     48.500     3.4327     3.4327    -0.0000    0.77955    0.78094          1     6.3057     5.9932       9.97     0.0159  4.924e-12  1.000e-12  2.031e+01     7.5187     7.5332     0.0145     5.9887     6.0002     48.041     49.139      0.221    1429.60    1429.62  0.000e+00
       4608     49.000     3.4550     3.4558     0.0008    0.78761    0.78838          1     6.0748     5.8023       9.97     0.0159  4.924e-12  1.000e-12  2.031e+01     7.5970     7.6047     0.0077     6.0507     6.0569     48.536     49.645      0.287    1429.81    1429.82  0.000e+00
       4662     49.500     3.4617     3.4620     0.0003    0.78927    0.78968          1     6.0011     5.6877       9.97     0.0160  4.924e-12  1.000e-12  2.031e+01     7.6126     7.6167     0.0042     6.0630     6.0663     49.031     50.152      0.231    1429.87    1429.87  0.000e+00
       4731     50.000     3.4668     3.4667    -0.0001    0.79041    0.79074          1     5.9748     5.6342       9.97     0.0159  4.924e-12  1.000e-12  2.031e+01     7.6231     7.6265     0.0034     6.0713     6.0740     49.526     50.658      0.374    1429.91    1429.92  0.000e+00
       4758     50.500     3.4750     3.4791     0.0041    0.79201    0.79289          1     5.9357     5.6121       9.97     0.0159  4.924e-12  1.000e-12  2.031e+01     7.6376     7.6458     0.0082     6.0827     6.0892     50.021     51.164      0.410    1429.98    1430.01  0.000e+00
       4797     51.000     3.4875     3.5004     0.0129    0.79396    0.79619          1     5.8795     5.5399       9.97     0.0159  4.924e-12  1.000e-12  2.031e+01     7.6549     7.6749     0.0200     6.0962     6.1119     50.517     51.670      0.245    1430.06    1430.15  0.000e+00
       4849     51.500     3.5168     3.5244     0.0077    0.79845    0.79958          1     5.7632     5.4288       9.97     0.0160  4.924e-12  1.000e-12  2.031e+01     7.6943     7.7042     0.0099     6.1271     6.1349     51.012     52.176      0.369    1430.26    1430.30  0.000e+00
       4873     52.000     3.5322     3.5415     0.0093    0.80066    0.80196          1     5.6717     5.3726       9.97     0.0159  4.924e-12  1.000e-12  2.031e+01     7.7135     7.7247     0.0113     6.1421     6.1509     51.507     52.682      0.488    1430.36    1430.41  0.000e+00
       4928     52.500     3.5494     3.5576     0.0083    0.80305    0.80417          1     5.5885     5.2878       9.97     0.0159  4.924e-12  1.000e-12  2.031e+01     7.7341     7.7437     0.0096     6.1582     6.1657     52.002     53.189      0.361    1430.47    1430.52  0.000e+00
       5022     53.000     3.5612     3.5648     0.0035    0.80470    0.80517          1     5.5373     5.2198       9.97     0.0159  4.924e-12  1.000e-12  2.031e+01     7.7482     7.7522     0.0040     6.1692     6.1723     52.497     53.695      0.513    1430.55    1430.57  0.000e+00
       5047     53.500     3.5643     3.5675     0.0033    0.80511    0.80556          1     5.5166     5.2004       9.97     0.0159  4.924e-12  1.000e-12  2.031e+01     7.7516     7.7555     0.0039     6.1718     6.1749     52.993     54.201      0.453    1430.58    1430.60  0.000e+00
       5079     54.000     3.5732     3.5893     0.0161    0.80642    0.80856          1     5.4790     5.1557       9.97     0.0159  4.924e-12  1.000e-12  2.031e+01     7.7630     7.7813     0.0183     6.1807     6.1950     53.488     54.707      0.314    1430.64    1430.74  0.000e+00
       5139     54.500     3.6189     3.6338     0.0150    0.81251    0.81422          1     5.3156     5.0057       9.97     0.0159  4.924e-12  1.000e-12  2.031e+01     7.8149     7.8290     0.0141     6.2211     6.2320     53.983     55.213      0.227    1430.92    1431.01  0.000e+00
       5187     55.000     3.6692     3.6808     0.0116    0.81948    0.82064          1     5.1212     4.8790       9.97     0.0159  4.924e-12  1.000e-12  2.031e+01     7.8747     7.8839     0.0092     6.2677     6.2748     54.478     55.719      0.309    1431.24    1431.30  0.000e+00
       5225     55.500     3.7052     3.7137     0.0085    0.82404    0.82486          1     4.9765     4.7537       9.97     0.0159  4.924e-12  1.000e-12  2.031e+01     7.9130     7.9194     0.0064     6.2974     6.3023     54.973     56.225      0.304    1431.46    1431.50  0.000e+00
       5296     56.000     3.7221     3.7261     0.0041    0.82609    0.82646          1     4.9015     4.6460       9.97     0.0159  4.924e-12  1.000e-12  2.031e+01     7.9300     7.9328     0.0028     6.3105     6.3127     55.469     56.731      0.225    1431.56    1431.58  0.000e+00
