ctdpy/tests/etc/all_smhi_bas_2018/SBE09_0827_20180827_1833_26_01_0918.cnv
* Sea-Bird SBE 9 Data File:
* FileName = D:\CTD_SBE911\DAT\26DA.2018.8.118.hex
* Software Version Seasave V 7.21d
* Temperature SN = 034605
* Conductivity SN = 041844
* Number of Bytes Per Scan = 48
* Number of Voltage Words = 5
* Number of Scans Averaged by the Deck Unit = 1
* NMEA Latitude = 56 40.05 N
* NMEA Longitude = 012 06.76 E
* NMEA UTC (Time) = Aug 27 2018  18:35:41
* NMEA baud rate = 4800
** Ship: DANA
** Average sound velocity: 1492.67 m/s
** True-depth calculation Thu, 28 Mar 2019 09:53:47 +0000
** CTD Python Module SMHI /ver 3-12/ feb 2012 
** LIMS Job: 20182601-0918
**  ANHOLT E
** Operator: Christian
** Cruise: 08/2018
# nquan = 26
# nvalues = 102                         
# units = specified
# name 0 = scan: Scan Count
# name 1 = prDM: Pressure, Digiquartz [db]
# name 2 = t090C: Temperature [ITS-90, deg C]
# name 3 = t190C: Temperature, 2 [ITS-90, deg C]
# name 4 = T2-T190C: Temperature Difference, 2 - 1 [ITS-90, deg C]
# name 5 = c0S/m: Conductivity [S/m]
# name 6 = c1S/m: Conductivity, 2 [S/m]
# name 7 = pumps: Pump Status
# name 8 = sbeox1ML/L: Oxygen, SBE 43, 2 [ml/l]
# name 9 = sbeox0ML/L: Oxygen, SBE 43 [ml/l]
# name 10 = altM: Altimeter [m]
# name 11 = chloroflTC0: Chlorophyll, Turner Cyclops [ug/l]
# name 12 = cpar: CPAR/Corrected Irradiance [%]
# name 13 = par: PAR/Irradiance, Biospherical/Lico [µE/(cm^2*s)]
# name 14 = spar: SPAR, Biospherical/Licor
# name 15 = sal00: Salinity, Practical [PSU]
# name 16 = sal11: Salinity, Practical, 2 [PSU]
# name 17 = secS-priS: Salinity, Practical, Difference, 2 - 1 [PSU]
# name 18 = sigma-t00: Density [sigma-t, kg/m^3 ]
# name 19 = sigma-t11: Density, 2 [sigma-t, kg/m^3 ]
# name 20 = depSM: Depth [salt water, m], lat = 56.6675
# name 21 = depFM: Depth [true depth, m], lat = 56.6675
# name 22 = dz/dtM: Descent Rate [m/s], WS = 2
# name 23 = svCM: Sound Velocity [Chen-Millero, m/s]
# name 24 = svCM1: Sound Velocity, 2 [Chen-Millero, m/s]
# name 25 = flag: flag
# span 0 =         44,       6202       
# span 1 =      2.000,     52.500       
# span 2 =     7.5811,    18.5164       
# span 3 =     7.5831,    18.3556       
# span 4 =    -0.2202,     1.5455       
# span 5 =   3.187620,   3.946763       
# span 6 =   3.188091,   3.948335       
# span 7 =          1,          1       
# span 8 =     3.6908,     6.0027       
# span 9 =     3.7544,     5.6946       
# span 10 =       2.73,      10.12      
# span 11 =     0.0461,     0.2480      
# span 12 = 4.9241e-11, 4.9241e-11      
# span 13 = 1.0000e-12, 1.0000e-12      
# span 14 = 2.0308e+00, 2.0308e+00      
# span 15 =    23.3952,    33.9390      
# span 16 =    23.3992,    33.9655      
# span 17 =    -2.1528,     0.0655      
# span 18 =    16.4313,    26.5014      
# span 19 =    16.4345,    26.5177      
# span 20 =      1.982,     52.013      
# span 21 =      2.004,     52.287      
# span 22 =     -0.039,      0.660      
# span 23 =    1480.31,    1509.90      
# span 24 =    1480.36,    1508.38      
# span 25 = 0.0000e+00, 0.0000e+00      
# interval = decibars: 0.5              
# start_time = Aug 27 2018 18:35:42 [NMEA time, first data scan]
# bad_flag = -9.990e-29
*END*
[from data line 56]
       2827     30.000    10.1206    10.3671     0.2466    3.62464    3.64756          1     4.8808     4.8222       9.97     0.0551  4.924e-11  1.000e-12  2.031e+00    32.9957    33.0028     0.0071    25.3670    25.3307     29.723     29.955      0.256    1488.32    1489.21  0.000e+00
       2895     30.500    10.0374    10.1917     0.1543    3.61874    3.63579          1     4.8207     4.7954       9.97     0.0556  4.924e-11  1.000e-12  2.031e+00    33.0116    33.0435     0.0319    25.3933    25.3922     30.218     30.452      0.319    1488.05    1488.64  0.000e+00
       2923     31.000     9.8682    10.0861     0.2179    3.60870    3.62816          1     4.8095     4.8233       9.97     0.0529  4.924e-11  1.000e-12  2.031e+00    33.0641    33.0623    -0.0018    25.4625    25.4247     30.714     30.948      0.416    1487.51    1488.29  0.000e+00
       2977     31.500     9.8486     9.9918     0.1432    3.60811    3.62184          1     4.8213     4.8242       9.97     0.0509  4.924e-11  1.000e-12  2.031e+00    33.0758    33.0843     0.0085    25.4749    25.4577     31.209     31.445      0.266    1487.46    1487.99  0.000e+00
       3028     32.000     9.8281     9.8694     0.0414    3.60702    3.61425          1     4.8045     4.8035       9.97     0.0547  4.924e-11  1.000e-12  2.031e+00    33.0834    33.1192     0.0358    25.4842    25.5053     31.705     31.941      0.458    1487.40    1487.60  0.000e+00
       3053     32.500     9.8195     9.8771     0.0576    3.60758    3.61443          1     4.8207     4.7832       9.97     0.0520  4.924e-11  1.000e-12  2.031e+00    33.0967    33.1136     0.0169    25.4960    25.4997     32.200     32.438      0.395    1487.40    1487.63  0.000e+00
       3111     33.000     9.8488     9.8554     0.0067    3.61359    3.61339          1     4.8170     4.6288       9.97     0.0521  4.924e-11  1.000e-12  2.031e+00    33.1310    33.1228    -0.0082    25.5179    25.5104     32.695     32.935      0.280    1487.55    1487.57  0.000e+00
       3152     33.500     9.7891     9.8606     0.0716    3.61316    3.61621          1     4.7954     4.4783       9.97     0.0583  4.924e-11  1.000e-12  2.031e+00    33.1812    33.1465    -0.0347    25.5670    25.5281     33.191     33.431      0.436    1487.41    1487.62  0.000e+00
       3179     34.000     9.4319     9.8346     0.4026    3.59156    3.61641          1     4.7549     4.4771       9.97     0.0636  4.924e-11  1.000e-12  2.031e+00    33.2902    33.1723    -0.1180    25.7105    25.5525     33.686     33.928      0.351    1486.25    1487.57  0.000e+00
       3239     34.500     9.2439     9.5837     0.3398    3.57972    3.60578          1     4.6296     4.4581       9.97     0.0539  4.924e-11  1.000e-12  2.031e+00    33.3428    33.2954    -0.0474    25.7819    25.6898     34.181     34.424      0.264    1485.63    1486.81  0.000e+00
       3276     35.000     9.0239     9.3030     0.2789    3.56724    3.58917          1     4.5448     4.3554       9.97     0.0507  4.924e-11  1.000e-12  2.031e+00    33.4191    33.3851    -0.0340    25.8764    25.8055     34.677     34.921      0.420    1484.92    1485.91  0.000e+00
       3307     35.500     8.6629     9.2053     0.5423    3.54986    3.58311          1     4.5143     4.2587       9.97     0.0492  4.924e-11  1.000e-12  2.031e+00    33.5778    33.4135    -0.1643    26.0572    25.8434     35.172     35.417      0.282    1483.79    1485.59  0.000e+00
       3377     36.000     8.6362     8.8145     0.1784    3.54732    3.56501          1     4.3980     4.1774       9.97     0.0477  4.924e-11  1.000e-12  2.031e+00    33.5764    33.5930     0.0167    26.0601    26.0455     35.667     35.913      0.335    1483.69    1484.38  0.000e+00
       3402     36.500     8.5885     8.6674     0.0790    3.54468    3.55533          1     4.3260     4.1733       9.97     0.0464  4.924e-11  1.000e-12  2.031e+00    33.5937    33.6308     0.0370    26.0810    26.0979     36.163     36.410      0.419    1483.54    1483.88  0.000e+00
       3441     37.000     8.5234     8.6712     0.1479    3.54111    3.55433          1     4.2422     4.1822       9.97     0.0468  4.924e-11  1.000e-12  2.031e+00    33.6179    33.6164    -0.0015    26.1099    26.0860     36.658     36.906      0.239    1483.34    1483.89  0.000e+00
       3495     37.500     8.4942     8.5319     0.0378    3.53904    3.54650          1     4.1991     4.1876       9.97     0.0461  4.924e-11  1.000e-12  2.031e+00    33.6236    33.6663     0.0427    26.1189    26.1466     37.153     37.402      0.318    1483.24    1483.44  0.000e+00
       3526     38.000     8.3638     8.4544     0.0907    3.53167    3.54158          1     4.1792     4.1802       9.97     0.0478  4.924e-11  1.000e-12  2.031e+00    33.6699    33.6882     0.0183    26.1750    26.1756     37.649     37.899      0.382    1482.82    1483.18  0.000e+00
       3562     38.500     8.1412     8.3687     0.2273    3.51933    3.53577          1     4.1902     4.2324       9.97     0.0469  4.924e-11  1.000e-12  2.031e+00    33.7523    33.7085    -0.0438    26.2730    26.2045     38.144     38.395      0.270    1482.09    1482.90  0.000e+00
       3619     39.000     8.0493     8.2657     0.2166    3.51286    3.53046          1     4.2035     4.1859       9.97     0.0481  4.924e-11  1.000e-12  2.031e+00    33.7715    33.7508    -0.0207    26.3017    26.2531     38.639     38.891      0.225    1481.78    1482.57  0.000e+00
       3662     39.500     7.7894     7.8709     0.0814    3.49779    3.50833          1     4.1405     4.0224       9.97     0.0489  4.924e-11  1.000e-12  2.031e+00    33.8613    33.8955     0.0341    26.4104    26.4253     39.135     39.387      0.336    1480.91    1481.26  0.000e+00
       3697     40.000     7.6852     7.7182     0.0332    3.49159    3.49811          1     4.0532     3.9771       9.97     0.0489  4.924e-11  1.000e-12  2.031e+00    33.8956    33.9338     0.0382    26.4525    26.4777     39.630     39.883      0.289    1480.57    1480.74  0.000e+00
       3781     40.500     7.6784     7.8139     0.1353    3.49121    3.50397          1     3.9768     3.9323       9.97     0.0526  4.924e-11  1.000e-12  2.031e+00    33.8979    33.9035     0.0056    26.4553    26.4399     40.125     40.380      0.385    1480.55    1481.08  0.000e+00
       3799     41.000     7.6283     7.6471     0.0189    3.48832    3.49418          1     3.9547     3.8920       9.97     0.0483  4.924e-11  1.000e-12  2.031e+00    33.9153    33.9603     0.0450    26.4761    26.5088     40.621     40.876      0.580    1480.39    1480.52  0.000e+00
       3835     41.500     7.6314     7.6605     0.0291    3.48897    3.49407          1     3.9232     3.8729       9.97     0.0519  4.924e-11  1.000e-12  2.031e+00    33.9191    33.9457     0.0266    26.4787    26.4954     41.116     41.372      0.374    1480.41    1480.56  0.000e+00
       3906     42.000     7.6325     7.6841     0.0516    3.48910    3.49538          1     3.8643     3.8370       9.97     0.0493  4.924e-11  1.000e-12  2.031e+00    33.9192    33.9366     0.0174    26.4786    26.4849     41.611     41.868      0.485    1480.43    1480.65  0.000e+00
       3923     42.500     7.5970     7.6138     0.0170    3.48718    3.49173          1     3.8537     3.8065       9.97     0.0505  4.924e-11  1.000e-12  2.031e+00    33.9328    33.9655     0.0327    26.4944    26.5177     42.107     42.364      0.576    1480.32    1480.42  0.000e+00
       3955     43.000     7.6001     7.6133     0.0131    3.48760    3.49072          1     3.8335     3.7977       9.97     0.0513  4.924e-11  1.000e-12  2.031e+00    33.9341    33.9549     0.0208    26.4950    26.5094     42.602     42.860      0.331    1480.34    1480.42  0.000e+00
       4028     43.500     7.6056     7.6282     0.0226    3.48783    3.49168          1     3.7839     3.8060       9.97     0.0493  4.924e-11  1.000e-12  2.031e+00    33.9310    33.9505     0.0196    26.4917    26.5039     43.097     43.356      0.323    1480.36    1480.48  0.000e+00
       4057     44.000     7.5861     7.5926     0.0066    3.48671    3.48915          1     3.7771     3.7903       9.97     0.0529  4.924e-11  1.000e-12  2.031e+00    33.9377    33.9577     0.0200    26.4998    26.5146     43.592     43.853      0.357    1480.31    1480.36  0.000e+00
       4102     44.500     7.5854     7.6166     0.0312    3.48679    3.49028          1     3.7654     3.7812       9.80     0.0526  4.924e-11  1.000e-12  2.031e+00    33.9390    33.9462     0.0072    26.5009    26.5021     44.088     44.349      0.223    1480.31    1480.44  0.000e+00
       4153     45.000     7.5849     7.5955     0.0106    3.48669    3.48919          1     3.7649     3.7822       9.31     0.0574  4.924e-11  1.000e-12  2.031e+00    33.9381    33.9548     0.0167    26.5003    26.5119     44.583     44.845      0.279    1480.32    1480.38  0.000e+00
       4196     45.500     7.5846     7.5965     0.0120    3.48670    3.48893          1     3.7521     3.7759       8.81     0.0546  4.924e-11  1.000e-12  2.031e+00    33.9382    33.9507     0.0125    26.5004    26.5085     45.078     45.341      0.267    1480.33    1480.39  0.000e+00
       4239     46.000     7.5832     7.6010     0.0178    3.48661    3.48915          1     3.7485     3.7808       8.31     0.0591  4.924e-11  1.000e-12  2.031e+00    33.9384    33.9485     0.0101    26.5008    26.5062     45.574     45.837      0.312    1480.33    1480.41  0.000e+00
       4278     46.500     7.5824     7.5962     0.0138    3.48659    3.48886          1     3.7364     3.7821       7.81     0.0530  4.924e-11  1.000e-12  2.031e+00    33.9388    33.9498     0.0110    26.5012    26.5079     46.069     46.333      0.262    1480.34    1480.40  0.000e+00
       4339     47.000     7.5826     7.5904     0.0078    3.48660    3.48829          1     3.7138     3.7671       7.33     0.0570  4.924e-11  1.000e-12  2.031e+00    33.9384    33.9491     0.0107    26.5009    26.5082     46.564     46.829      0.267    1480.34    1480.39  0.000e+00
       4374     47.500     7.5817     7.5896     0.0079    3.48656    3.48808          1     3.7096     3.7697       6.83     0.0576  4.924e-11  1.000e-12  2.031e+00    33.9387    33.9474     0.0087    26.5012    26.5069     47.060     47.325      0.369    1480.35    1480.39  0.000e+00
       4417     48.000     7.5811     7.5910     0.0100    3.48654    3.48818          1     3.7269     3.7700       6.33     0.0512  4.924e-11  1.000e-12  2.031e+00    33.9387    33.9468     0.0080    26.5014    26.5062     47.555     47.821      0.238    1480.35    1480.40  0.000e+00
       4481     48.500     7.5811     7.5873     0.0062    3.48655    3.48784          1     3.7290     3.7679       5.85     0.0579  4.924e-11  1.000e-12  2.031e+00    33.9386    33.9465     0.0080    26.5012    26.5066     48.050     48.318      0.361    1480.36    1480.40  0.000e+00
       4506     49.000     7.5811     7.5887     0.0075    3.48656    3.48792          1     3.7227     3.7778       5.34     0.0559  4.924e-11  1.000e-12  2.031e+00    33.9385    33.9458     0.0073    26.5012    26.5058     48.546     48.814      0.425    1480.37    1480.41  0.000e+00
       4557     49.500     7.5813     7.5874     0.0061    3.48659    3.48777          1     3.7230     3.7618       4.83     0.0536  4.924e-11  1.000e-12  2.031e+00    33.9384    33.9452     0.0068    26.5011    26.5056     49.041     49.310      0.251    1480.38    1480.41  0.000e+00
       4615     50.000     7.5813     7.5843     0.0030    3.48660    3.48748          1     3.7173     3.7570       4.35     0.0527  4.924e-11  1.000e-12  2.031e+00    33.9383    33.9448     0.0065    26.5010    26.5057     49.536     49.806      0.484    1480.39    1480.41  0.000e+00
       4635     50.500     7.5813     7.5858     0.0044    3.48664    3.48758          1     3.6958     3.7617       3.86     0.0556  4.924e-11  1.000e-12  2.031e+00    33.9384    33.9442     0.0059    26.5010    26.5050     50.032     50.302      0.487    1480.40    1480.42  0.000e+00
       4707     51.000     7.5817     7.5856     0.0039    3.48667    3.48757          1     3.6999     3.7609       3.35     0.0545  4.924e-11  1.000e-12  2.031e+00    33.9382    33.9441     0.0060    26.5008    26.5050     50.527     50.798      0.362    1480.41    1480.43  0.000e+00
       4749     51.500     7.5814     7.5838     0.0024    3.48666    3.48734          1     3.7068     3.7592       2.86     0.0527  4.924e-11  1.000e-12  2.031e+00    33.9381    33.9432     0.0050    26.5008    26.5044     51.022     51.294      0.508    1480.41    1480.43  0.000e+00
       4894     52.000     7.5815     7.5852     0.0037    3.48668    3.48741          1     3.6913     3.7564       4.61     0.0538  4.924e-11  1.000e-12  2.031e+00    33.9380    33.9423     0.0043    26.5007    26.5035     51.517     51.790      0.258    1480.42    1480.44  0.000e+00
       6202     52.500     7.5820     7.5831     0.0012    3.48670    3.48700          1     3.6908     3.7544       2.73     0.0580  4.924e-11  1.000e-12  2.031e+00    33.9375    33.9396     0.0021    26.5003    26.5017     52.013     52.287     -0.039    1480.43    1480.44  0.000e+00
