ctdpy/tests/etc/all_smhi_bas_2018/SBE09_0827_20180821_1527_26_01_0827.cnv
* Sea-Bird SBE 9 Data File:
* FileName = D:\CTD_SBE911\DAT\26DA.2018.8.27.hex
* Software Version Seasave V 7.21d
* Temperature SN = 034605
* Conductivity SN = 041844
* Number of Bytes Per Scan = 48
* Number of Voltage Words = 5
* Number of Scans Averaged by the Deck Unit = 1
* NMEA Latitude = 58 24.25 N
* NMEA Longitude = 010 46.02 E
* NMEA UTC (Time) = Aug 21 2018  15:29:46
* NMEA baud rate = 4800
** Ship: DANA
** Average sound velocity: 1490.25 m/s
** True-depth calculation Thu, 28 Mar 2019 09:24:26 +0000
** CTD Python Module SMHI /ver 3-12/ feb 2012 
** LIMS Job: 20182601-0827
**  11 W SOTESKÆR
** Operator: Christian
** Cruise: 08/2018
# nquan = 26
# nvalues = 291                         
# units = specified
# name 0 = scan: Scan Count
# name 1 = prDM: Pressure, Digiquartz [db]
# name 2 = t090C: Temperature [ITS-90, deg C]
# name 3 = t190C: Temperature, 2 [ITS-90, deg C]
# name 4 = T2-T190C: Temperature Difference, 2 - 1 [ITS-90, deg C]
# name 5 = c0S/m: Conductivity [S/m]
# name 6 = c1S/m: Conductivity, 2 [S/m]
# name 7 = pumps: Pump Status
# name 8 = sbeox1ML/L: Oxygen, SBE 43, 2 [ml/l]
# name 9 = sbeox0ML/L: Oxygen, SBE 43 [ml/l]
# name 10 = altM: Altimeter [m]
# name 11 = chloroflTC0: Chlorophyll, Turner Cyclops [ug/l]
# name 12 = cpar: CPAR/Corrected Irradiance [%]
# name 13 = par: PAR/Irradiance, Biospherical/Lico [µE/(cm^2*s)]
# name 14 = spar: SPAR, Biospherical/Licor
# name 15 = sal00: Salinity, Practical [PSU]
# name 16 = sal11: Salinity, Practical, 2 [PSU]
# name 17 = secS-priS: Salinity, Practical, Difference, 2 - 1 [PSU]
# name 18 = sigma-t00: Density [sigma-t, kg/m^3 ]
# name 19 = sigma-t11: Density, 2 [sigma-t, kg/m^3 ]
# name 20 = depSM: Depth [salt water, m], lat = 58.4042
# name 21 = depFM: Depth [true depth, m], lat = 58.4042
# name 22 = dz/dtM: Descent Rate [m/s], WS = 2
# name 23 = svCM: Sound Velocity [Chen-Millero, m/s]
# name 24 = svCM1: Sound Velocity, 2 [Chen-Millero, m/s]
# name 25 = flag: flag
# span 0 =        318,      11729       
# span 1 =      1.500,    146.500       
# span 2 =     6.5075,    17.9260       
# span 3 =     6.5063,    17.9328       
# span 4 =    -0.2398,     0.0429       
# span 5 =   3.498949,   4.343952       
# span 6 =   3.499193,   4.345253       
# span 7 =          1,          1       
# span 8 =     5.2118,     6.5865       
# span 9 =     5.2978,     6.4380       
# span 10 =       1.20,       9.98      
# span 11 =     0.0306,     0.2806      
# span 12 = 5.6084e-14, 1.0252e+01      
# span 13 = 1.0000e-12, 1.8398e+02      
# span 14 = 1.7480e+03, 1.7950e+03      
# span 15 =    31.4296,    35.1049      
# span 16 =    31.4072,    35.1085      
# span 17 =    -0.0224,     0.1239      
# span 18 =    22.6513,    27.5688      
# span 19 =    22.6352,    27.5717      
# span 20 =      1.486,    145.086      
# span 21 =      1.494,    145.389      
# span 22 =     -0.512,      0.596      
# span 23 =    1479.10,    1513.62      
# span 24 =    1479.09,    1513.64      
# span 25 = 0.0000e+00, 0.0000e+00      
# interval = decibars: 0.5              
# start_time = Aug 21 2018 15:29:46 [NMEA time, first data scan]
# bad_flag = -9.990e-29
*END*
[from data line 168]
       7765     85.500     7.2715     7.2648    -0.0067    3.55919    3.55956          1     5.4137     5.4748       9.97     0.0366  5.654e-14  1.000e-12  1.769e+03    35.0190    35.0298     0.0108    27.3955    27.4050     84.687     84.922      0.312    1481.13    1481.12  0.000e+00
       7808     86.000     7.2303     7.2031    -0.0272    3.55530    3.55483          1     5.3991     5.4549       9.97     0.0368  5.653e-14  1.000e-12  1.769e+03    35.0180    35.0404     0.0224    27.4006    27.4221     85.182     85.418      0.263    1480.98    1480.90  0.000e+00
       7851     86.500     7.1632     7.1428    -0.0204    3.54943    3.54916          1     5.3902     5.4387       9.97     0.0371  5.653e-14  1.000e-12  1.769e+03    35.0214    35.0392     0.0178    27.4128    27.4297     85.678     85.913      0.306    1480.73    1480.68  0.000e+00
       7888     87.000     7.1395     7.1189    -0.0207    3.54753    3.54710          1     5.3688     5.4312       9.97     0.0373  5.653e-14  1.000e-12  1.769e+03    35.0243    35.0406     0.0163    27.4184    27.4341     86.173     86.409      0.315    1480.65    1480.59  0.000e+00
       7930     87.500     7.1150     7.1034    -0.0116    3.54534    3.54547          1     5.3410     5.4299       9.97     0.0380  5.655e-14  1.000e-12  1.768e+03    35.0249    35.0381     0.0133    27.4223    27.4344     86.668     86.905      0.275    1480.57    1480.54  0.000e+00
       7971     88.000     7.1075     7.0991    -0.0085    3.54482    3.54501          1     5.3570     5.4229       9.97     0.0372  5.653e-14  1.000e-12  1.769e+03    35.0265    35.0372     0.0107    27.4246    27.4343     87.163     87.400      0.309    1480.55    1480.53  0.000e+00
       8013     88.500     7.1027     7.0972    -0.0056    3.54449    3.54481          1     5.3505     5.4244       9.97     0.0364  5.655e-14  1.000e-12  1.768e+03    35.0275    35.0366     0.0091    27.4262    27.4341     87.658     87.896      0.258    1480.54    1480.53  0.000e+00
       8061     89.000     7.0975     7.0875    -0.0099    3.54404    3.54399          1     5.3514     5.4260       9.97     0.0369  5.661e-14  1.000e-12  1.767e+03    35.0275    35.0372     0.0097    27.4269    27.4359     88.153     88.392      0.259    1480.53    1480.50  0.000e+00
       8105     89.500     7.0918     7.0794    -0.0124    3.54355    3.54336          1     5.3449     5.4224       9.97     0.0385  5.664e-14  1.000e-12  1.765e+03    35.0278    35.0383     0.0105    27.4279    27.4379     88.648     88.887      0.291    1480.52    1480.48  0.000e+00
       8143     90.000     7.0774     7.0658    -0.0116    3.54263    3.54249          1     5.3506     5.4193       9.97     0.0376  5.660e-14  1.000e-12  1.767e+03    35.0320    35.0422     0.0102    27.4333    27.4429     89.144     89.383      0.353    1480.47    1480.44  0.000e+00
       8175     90.500     7.0723     7.0585    -0.0138    3.54219    3.54181          1     5.3414     5.4192       9.97     0.0362  5.658e-14  1.000e-12  1.767e+03    35.0321    35.0419     0.0099    27.4340    27.4437     89.639     89.879      0.351    1480.46    1480.42  0.000e+00
       8217     91.000     7.0656     7.0559    -0.0096    3.54169    3.54154          1     5.3349     5.4267       9.97     0.0358  5.662e-14  1.000e-12  1.766e+03    35.0332    35.0414     0.0082    27.4359    27.4437     90.134     90.374      0.234    1480.45    1480.42  0.000e+00
       8276     91.500     7.0516     7.0410    -0.0106    3.54060    3.54038          1     5.3214     5.4216       9.97     0.0357  5.666e-14  1.000e-12  1.765e+03    35.0352    35.0436     0.0084    27.4394    27.4474     90.629     90.870      0.257    1480.40    1480.37  0.000e+00
       8314     92.000     7.0391     7.0247    -0.0145    3.53967    3.53940          1     5.3361     5.4240       9.97     0.0348  5.659e-14  1.000e-12  1.767e+03    35.0374    35.0491     0.0117    27.4429    27.4541     91.124     91.366      0.364    1480.37    1480.32  0.000e+00
       8347     92.500     7.0053     6.9737    -0.0316    3.53686    3.53570          1     5.3436     5.4180       9.97     0.0356  5.655e-14  1.000e-12  1.768e+03    35.0406    35.0601     0.0195    27.4501    27.4699     91.619     91.861      0.336    1480.25    1480.15  0.000e+00
       8389     93.000     6.9586     6.9356    -0.0231    3.53285    3.53194          1     5.3462     5.4029       9.97     0.0359  5.668e-14  1.000e-12  1.764e+03    35.0437    35.0571     0.0134    27.4591    27.4728     92.114     92.357      0.251    1480.08    1480.01  0.000e+00
       8439     93.500     6.9258     6.9014    -0.0244    3.53005    3.52916          1     5.3254     5.4000       9.97     0.0357  5.667e-14  1.000e-12  1.764e+03    35.0460    35.0610     0.0150    27.4654    27.4807     92.609     92.853      0.266    1479.96    1479.89  0.000e+00
       8479     94.000     6.8856     6.8611    -0.0245    3.52640    3.52560          1     5.3206     5.3861       9.97     0.0345  5.649e-14  1.000e-12  1.770e+03    35.0464    35.0626     0.0162    27.4713    27.4874     93.105     93.348      0.314    1479.82    1479.74  0.000e+00
       8519     94.500     6.8526     6.8323    -0.0203    3.52356    3.52292          1     5.3071     5.3868       9.97     0.0365  5.663e-14  1.000e-12  1.766e+03    35.0484    35.0620     0.0136    27.4775    27.4910     93.600     93.844      0.274    1479.70    1479.64  0.000e+00
       8565     95.000     6.8369     6.8244    -0.0125    3.52227    3.52204          1     5.2882     5.3813       9.97     0.0351  5.669e-14  1.000e-12  1.764e+03    35.0500    35.0601     0.0102    27.4808    27.4906     94.095     94.340      0.275    1479.65    1479.61  0.000e+00
       8606     95.500     6.8309     6.8201    -0.0108    3.52182    3.52159          1     5.2825     5.3766       9.97     0.0346  5.652e-14  1.000e-12  1.769e+03    35.0507    35.0593     0.0085    27.4823    27.4905     94.590     94.835      0.289    1479.63    1479.60  0.000e+00
       8654     96.000     6.8269     6.8174    -0.0094    3.52145    3.52130          1     5.2965     5.3882       9.97     0.0353  5.670e-14  1.000e-12  1.764e+03    35.0505    35.0585     0.0080    27.4827    27.4903     95.085     95.331      0.213    1479.63    1479.60  0.000e+00
       8710     96.500     6.8240     6.8152    -0.0089    3.52121    3.52105          1     5.2937     5.3847       9.97     0.0353  5.673e-14  1.000e-12  1.763e+03    35.0506    35.0579     0.0073    27.4831    27.4901     95.580     95.827      0.276    1479.62    1479.60  0.000e+00
       8746     97.000     6.8195     6.8130    -0.0065    3.52093    3.52092          1     5.3078     5.3839       9.97     0.0356  5.656e-14  1.000e-12  1.768e+03    35.0518    35.0583     0.0065    27.4847    27.4907     96.075     96.322      0.361    1479.62    1479.60  0.000e+00
       8782     97.500     6.8065     6.7852    -0.0212    3.51975    3.51896          1     5.2996     5.3721       9.97     0.0352  5.662e-14  1.000e-12  1.766e+03    35.0518    35.0648     0.0130    27.4864    27.4996     96.570     96.818      0.274    1479.57    1479.51  0.000e+00
       8836     98.000     6.7738     6.7545    -0.0193    3.51703    3.51612          1     5.2850     5.3581       9.97     0.0347  5.676e-14  1.000e-12  1.762e+03    35.0548    35.0645     0.0097    27.4934    27.5036     97.066     97.314      0.228    1479.46    1479.39  0.000e+00
       8884     98.500     6.7524     6.7435    -0.0090    3.51524    3.51510          1     5.2751     5.3552       9.97     0.0335  5.662e-14  1.000e-12  1.766e+03    35.0566    35.0641     0.0075    27.4977    27.5048     97.561     97.809      0.245    1479.39    1479.36  0.000e+00
       8936     99.000     6.7443     6.7327    -0.0116    3.51438    3.51406          1     5.2648     5.3416       9.97     0.0348  5.670e-14  1.000e-12  1.764e+03    35.0551    35.0633     0.0083    27.4976    27.5057     98.056     98.305      0.244    1479.36    1479.33  0.000e+00
       8978     99.500     6.7326     6.7191    -0.0134    3.51340    3.51308          1     5.2591     5.3349       9.97     0.0346  5.673e-14  1.000e-12  1.763e+03    35.0559    35.0662     0.0102    27.4999    27.5098     98.551     98.801      0.323    1479.32    1479.28  0.000e+00
       9017    100.000     6.7129     6.7006    -0.0123    3.51199    3.51176          1     5.2347     5.3066       9.97     0.0338  5.673e-14  1.000e-12  1.763e+03    35.0601    35.0702     0.0101    27.5059    27.5155     99.046     99.296      0.282    1479.26    1479.22  0.000e+00
       9061    100.500     6.7048     6.6965    -0.0083    3.51148    3.51141          1     5.2213     5.2992       9.97     0.0342  5.674e-14  1.000e-12  1.762e+03    35.0625    35.0703     0.0077    27.5089    27.5161     99.541     99.792      0.279    1479.24    1479.22  0.000e+00
       9099    101.000     6.6969     6.6909    -0.0060    3.51097    3.51105          1     5.2118     5.3064       9.97     0.0350  5.672e-14  1.000e-12  1.763e+03    35.0647    35.0718     0.0071    27.5117    27.5181    100.036    100.287      0.369    1479.22    1479.20  0.000e+00
       9129    101.500     6.6919     6.6881    -0.0038    3.51067    3.51084          1     5.2139     5.2978       9.97     0.0340  5.671e-14  1.000e-12  1.763e+03    35.0662    35.0720     0.0058    27.5135    27.5186    100.531    100.783      0.413    1479.21    1479.20  0.000e+00
       9158    102.000     6.6883     6.6823    -0.0061    3.51035    3.51039          1     5.2218     5.3037       9.97     0.0344  5.671e-14  1.000e-12  1.763e+03    35.0660    35.0728     0.0067    27.5139    27.5200    101.026    101.279      0.404    1479.21    1479.19  0.000e+00
       9189    102.500     6.6811     6.6738    -0.0073    3.50980    3.50974          1     5.2165     5.3114       9.97     0.0342  5.673e-14  1.000e-12  1.763e+03    35.0671    35.0740     0.0068    27.5157    27.5221    101.522    101.774      0.396    1479.19    1479.17  0.000e+00
       9219    103.000     6.6808     6.6774    -0.0033    3.51000    3.51015          1     5.2149     5.3159       9.97     0.0353  5.673e-14  1.000e-12  1.763e+03    35.0694    35.0745     0.0051    27.5175    27.5220    102.017    102.270      0.393    1479.20    1479.19  0.000e+00
       9250    103.500     6.6815     6.6787    -0.0028    3.51021    3.51038          1     5.2143     5.3168       9.97     0.0349  5.679e-14  1.000e-12  1.761e+03    35.0708    35.0755     0.0047    27.5186    27.5226    102.512    102.766      0.390    1479.21    1479.20  0.000e+00
       9280    104.000     6.6770     6.6712    -0.0058    3.50985    3.50989          1     5.2255     5.3103       9.97     0.0349  5.679e-14  1.000e-12  1.761e+03    35.0712    35.0776     0.0064    27.5195    27.5253    103.007    103.261      0.418    1479.20    1479.19  0.000e+00
       9308    104.500     6.6709     6.6650    -0.0059    3.50934    3.50932          1     5.2256     5.3037       9.97     0.0357  5.679e-14  1.000e-12  1.761e+03    35.0715    35.0773     0.0058    27.5206    27.5259    103.502    103.757      0.429    1479.18    1479.17  0.000e+00
       9336    105.000     6.6654     6.6590    -0.0064    3.50883    3.50881          1     5.2155     5.3100       9.97     0.0336  5.679e-14  1.000e-12  1.761e+03    35.0711    35.0775     0.0063    27.5210    27.5269    103.997    104.252      0.429    1479.17    1479.15  0.000e+00
       9363    105.500     6.6576     6.6518    -0.0058    3.50815    3.50815          1     5.2264     5.3036       9.97     0.0341  5.679e-14  1.000e-12  1.761e+03    35.0713    35.0774     0.0060    27.5222    27.5278    104.492    104.748      0.468    1479.15    1479.13  0.000e+00
       9387    106.000     6.6522     6.6464    -0.0058    3.50765    3.50766          1     5.2323     5.3103       9.97     0.0342  5.679e-14  1.000e-12  1.761e+03    35.0710    35.0771     0.0061    27.5227    27.5283    104.987    105.244      0.507    1479.14    1479.12  0.000e+00
       9411    106.500     6.6482     6.6438    -0.0044    3.50731    3.50737          1     5.2340     5.3161       9.97     0.0344  5.673e-14  1.000e-12  1.763e+03    35.0711    35.0763     0.0052    27.5233    27.5280    105.482    105.739      0.478    1479.13    1479.12  0.000e+00
       9438    107.000     6.6442     6.6404    -0.0038    3.50698    3.50706          1     5.2333     5.3205       9.97     0.0343  5.676e-14  1.000e-12  1.762e+03    35.0713    35.0761     0.0048    27.5240    27.5283    105.977    106.235      0.429    1479.12    1479.11  0.000e+00
       9466    107.500     6.6417     6.6383    -0.0033    3.50677    3.50686          1     5.2318     5.3179       9.97     0.0342  5.679e-14  1.000e-12  1.761e+03    35.0713    35.0757     0.0044    27.5244    27.5283    106.473    106.731      0.441    1479.12    1479.11  0.000e+00
       9492    108.000     6.6360     6.6312    -0.0048    3.50623    3.50634          1     5.2351     5.3291       9.97     0.0333  5.679e-14  1.000e-12  1.761e+03    35.0709    35.0770     0.0062    27.5248    27.5303    106.968    107.226      0.478    1479.11    1479.10  0.000e+00
       9517    108.500     6.6311     6.6281    -0.0031    3.50583    3.50597          1     5.2334     5.3305       9.97     0.0330  5.677e-14  1.000e-12  1.762e+03    35.0712    35.0758     0.0046    27.5257    27.5298    107.463    107.722      0.464    1479.10    1479.09  0.000e+00
       9544    109.000     6.6305     6.6280    -0.0025    3.50581    3.50593          1     5.2348     5.3388       9.97     0.0337  5.679e-14  1.000e-12  1.761e+03    35.0713    35.0752     0.0039    27.5259    27.5293    107.958    108.217      0.438    1479.10    1479.10  0.000e+00
       9571    109.500     6.6300     6.6277    -0.0023    3.50578    3.50592          1     5.2411     5.3386       9.97     0.0340  5.679e-14  1.000e-12  1.761e+03    35.0713    35.0752     0.0039    27.5259    27.5293    108.453    108.713      0.480    1479.11    1479.10  0.000e+00
       9594    110.000     6.6295     6.6270    -0.0025    3.50575    3.50588          1     5.2334     5.3374       9.97     0.0341  5.679e-14  1.000e-12  1.761e+03    35.0712    35.0751     0.0039    27.5259    27.5294    108.948    109.209      0.518    1479.11    1479.11  0.000e+00
       9618    110.500     6.6278     6.6249    -0.0029    3.50564    3.50575          1     5.2298     5.3349       9.97     0.0342  5.680e-14  1.000e-12  1.761e+03    35.0714    35.0756     0.0043    27.5263    27.5301    109.443    109.704      0.487    1479.12    1479.11  0.000e+00
       9644    111.000     6.6260     6.6231    -0.0029    3.50555    3.50562          1     5.2349     5.3317       9.97     0.0331  5.686e-14  1.000e-12  1.759e+03    35.0720    35.0758     0.0037    27.5271    27.5304    109.938    110.200      0.424    1479.12    1479.11  0.000e+00
       9674    111.500     6.6249     6.6227    -0.0022    3.50551    3.50563          1     5.2285     5.3260       9.97     0.0328  5.693e-14  1.000e-12  1.757e+03    35.0724    35.0760     0.0036    27.5275    27.5307    110.433    110.696      0.424    1479.12    1479.12  0.000e+00
       9700    112.000     6.6249     6.6227    -0.0022    3.50556    3.50566          1     5.2276     5.3207       9.97     0.0351  5.693e-14  1.000e-12  1.757e+03    35.0728    35.0761     0.0033    27.5278    27.5307    110.928    111.191      0.482    1479.13    1479.13  0.000e+00
