ctdpy/tests/etc/all_smhi_bas_2018/SBE09_0827_20181007_0457_26_01_1033.cnv
* Sea-Bird SBE 9 Data File:
* FileName = D:\CTD_SBE911\DAT\26DA.2018.10.33.hex
* Software Version Seasave V 7.21d
* Temperature SN = 4548
* Conductivity SN = 3062
* Number of Bytes Per Scan = 48
* Number of Voltage Words = 5
* Number of Scans Averaged by the Deck Unit = 1
* NMEA Latitude = 58 11.76 N
* NMEA Longitude = 017 35.56 E
* NMEA UTC (Time) = Oct 07 2018  05:00:29
* NMEA baud rate = 4800
** Ship: DANA
** Average sound velocity: 1442.36 m/s
** True-depth calculation Thu, 28 Mar 2019 12:20:19 +0000
** CTD Python Module SMHI /ver 3-12/ feb 2012 
** LIMS Job: 20182601-1033
** Operator: Christian
** Cruise: 10/2018
# nquan = 26
# nvalues = 212                         
# units = specified
# name 0 = scan: Scan Count
# name 1 = prDM: Pressure, Digiquartz [db]
# name 2 = t090C: Temperature [ITS-90, deg C]
# name 3 = t190C: Temperature, 2 [ITS-90, deg C]
# name 4 = T2-T190C: Temperature Difference, 2 - 1 [ITS-90, deg C]
# name 5 = c0S/m: Conductivity [S/m]
# name 6 = c1S/m: Conductivity, 2 [S/m]
# name 7 = pumps: Pump Status
# name 8 = sbeox1ML/L: Oxygen, SBE 43, 2 [ml/l]
# name 9 = sbeox0ML/L: Oxygen, SBE 43 [ml/l]
# name 10 = altM: Altimeter [m]
# name 11 = chloroflTC0: Chlorophyll, Turner Cyclops [ug/l]
# name 12 = cpar: CPAR/Corrected Irradiance [%]
# name 13 = par: PAR/Irradiance, Biospherical/Lico [µE/(cm^2*s)]
# name 14 = spar: SPAR, Biospherical/Licor
# name 15 = sal00: Salinity, Practical [PSU]
# name 16 = sal11: Salinity, Practical, 2 [PSU]
# name 17 = secS-priS: Salinity, Practical, Difference, 2 - 1 [PSU]
# name 18 = sigma-t00: Density [sigma-t, kg/m^3 ]
# name 19 = sigma-t11: Density, 2 [sigma-t, kg/m^3 ]
# name 20 = depSM: Depth [salt water, m], lat = 58.196
# name 21 = depFM: Depth [true depth, m], lat = 58.196
# name 22 = dz/dtM: Descent Rate [m/s], WS = 2
# name 23 = svCM: Sound Velocity [Chen-Millero, m/s]
# name 24 = svCM1: Sound Velocity, 2 [Chen-Millero, m/s]
# name 25 = flag: flag
# span 0 =         82,      10967       
# span 1 =      1.000,    106.500       
# span 2 =     3.6808,     9.3334       
# span 3 =     3.6821,     9.3337       
# span 4 =    -0.1205,     0.4325       
# span 5 =   0.770465,   1.157153       
# span 6 =   0.771305,   1.157230       
# span 7 =          1,          1       
# span 8 =     0.0524,     7.5366       
# span 9 =     0.0449,     7.1699       
# span 10 =       0.48,       9.96      
# span 11 =     0.0159,     0.0306      
# span 12 = 1.6383e-11, 2.4626e-11      
# span 13 = 1.0000e-12, 1.0000e-12      
# span 14 = 4.0603e+00, 6.1001e+00      
# span 15 =     6.8801,    10.6847      
# span 16 =     6.8802,    10.6852      
# span 17 =    -0.1696,     0.0005      
# span 18 =     5.1432,     8.4018      
# span 19 =     5.1432,     8.4021      
# span 20 =      0.991,    105.484      
# span 21 =      1.013,    107.741      
# span 22 =     -0.277,      0.321      
# span 23 =    1430.57,    1453.30      
# span 24 =    1430.62,    1453.30      
# span 25 = 0.0000e+00, 0.0000e+00      
# interval = decibars: 0.5              
# start_time = Oct 07 2018 05:00:29 [NMEA time, first data scan]
# bad_flag = -9.990e-29
*END*
[from data line 112]
       5338     57.000     5.1055     5.0539    -0.0516    1.02692    1.01802          1     0.6559     0.8070       9.96     0.0166  2.462e-11  1.000e-12  4.062e+00     9.6113     9.5362    -0.0751     7.5951     7.5382     56.463     57.727      0.261    1439.88    1439.56  0.000e+00
       5381     57.500     5.1682     5.1276    -0.0407    1.03655    1.02963          1     0.4874     0.6402       9.96     0.0161  2.462e-11  1.000e-12  4.062e+00     9.6901     9.6321    -0.0580     7.6544     7.6105     56.958     58.232      0.273    1440.26    1440.01  0.000e+00
       5426     58.000     5.2086     5.1763    -0.0324    1.04236    1.03742          1     0.3838     0.4775       9.96     0.0162  2.462e-11  1.000e-12  4.062e+00     9.7369     9.6966    -0.0404     7.6894     7.6591     57.454     58.737      0.283    1440.50    1440.31  0.000e+00
       5468     58.500     5.2376     5.2176    -0.0200    1.04657    1.04346          1     0.3224     0.3734       9.96     0.0163  2.462e-11  1.000e-12  4.062e+00     9.7707     9.7453    -0.0255     7.7147     7.6956     57.949     59.243      0.257    1440.68    1440.56  0.000e+00
       5518     59.000     5.2556     5.2429    -0.0128    1.04940    1.04731          1     0.2831     0.2839       9.96     0.0164  2.462e-11  1.000e-12  4.062e+00     9.7939     9.7766    -0.0173     7.7321     7.7190     58.444     59.748      0.270    1440.79    1440.72  0.000e+00
       5557     59.500     5.2960     5.2741    -0.0219    1.05526    1.05195          1     0.2230     0.2315       9.96     0.0164  2.462e-11  1.000e-12  4.062e+00     9.8410     9.8141    -0.0269     7.7672     7.7471     58.939     60.254      0.279    1441.04    1440.91  0.000e+00
       5607     60.000     5.3126     5.3037    -0.0090    1.05758    1.05617          1     0.1950     0.1700       9.96     0.0162  2.462e-11  1.000e-12  4.062e+00     9.8593     9.8477    -0.0115     7.7808     7.7722     59.434     60.759      0.251    1441.14    1441.09  0.000e+00
       5646     60.500     5.3242     5.3143    -0.0099    1.05937    1.05778          1     0.1957     0.1479       9.96     0.0165  2.462e-11  1.000e-12  4.062e+00     9.8738     9.8608    -0.0130     7.7917     7.7819     59.930     61.264      0.321    1441.22    1441.16  0.000e+00
       5689     61.000     5.3335     5.3272    -0.0063    1.06075    1.05974          1     0.1931     0.1391       9.96     0.0169  2.462e-11  1.000e-12  4.062e+00     9.8849     9.8765    -0.0083     7.7999     7.7937     60.425     61.770      0.253    1441.28    1441.24  0.000e+00
       5735     61.500     5.3553     5.3412    -0.0141    1.06433    1.06191          1     0.1891     0.1308       9.96     0.0167  2.462e-11  1.000e-12  4.062e+00     9.9143     9.8942    -0.0201     7.8221     7.8069     60.920     62.275      0.274    1441.42    1441.33  0.000e+00
       5779     62.000     5.3676     5.3598    -0.0078    1.06614    1.06479          1     0.1843     0.1277       9.96     0.0170  2.462e-11  1.000e-12  4.062e+00     9.9288     9.9176    -0.0113     7.8329     7.8244     61.415     62.780      0.276    1441.50    1441.45  0.000e+00
       5822     62.500     5.3704     5.3667    -0.0036    1.06651    1.06592          1     0.1781     0.1224       9.96     0.0170  2.462e-11  1.000e-12  4.062e+00     9.9316     9.9267    -0.0048     7.8349     7.8313     61.910     63.286      0.262    1441.52    1441.50  0.000e+00
       5872     63.000     5.3805     5.3733    -0.0072    1.06813    1.06684          1     0.1719     0.1177       9.96     0.0169  2.462e-11  1.000e-12  4.062e+00     9.9448     9.9339    -0.0108     7.8448     7.8366     62.406     63.791      0.247    1441.59    1441.54  0.000e+00
       5918     63.500     5.3924     5.3861    -0.0063    1.07002    1.06895          1     0.1663     0.1154       9.96     0.0171  2.444e-11  1.000e-12  4.105e+00     9.9601     9.9512    -0.0089     7.8563     7.8496     62.901     64.296      0.256    1441.67    1441.63  0.000e+00
       5966     64.000     5.3966     5.3934    -0.0031    1.07069    1.07007          1     0.1616     0.1100       9.96     0.0171  2.463e-11  1.000e-12  4.060e+00     9.9655     9.9602    -0.0053     7.8603     7.8563     63.396     64.801      0.258    1441.70    1441.68  0.000e+00
       6009     64.500     5.4014     5.3981    -0.0034    1.07144    1.07087          1     0.1559     0.1068       9.96     0.0170  2.462e-11  1.000e-12  4.062e+00     9.9715     9.9668    -0.0047     7.8648     7.8613     63.891     65.307      0.273    1441.74    1441.72  0.000e+00
       6058     65.000     5.4044     5.4026    -0.0018    1.07188    1.07151          1     0.1540     0.1053       9.96     0.0170  2.462e-11  1.000e-12  4.062e+00     9.9750     9.9718    -0.0032     7.8674     7.8650     64.386     65.812      0.231    1441.76    1441.75  0.000e+00
       6108     65.500     5.4067     5.4052    -0.0015    1.07224    1.07195          1     0.1473     0.1003       9.96     0.0170  2.444e-11  1.000e-12  4.107e+00     9.9779     9.9754    -0.0025     7.8695     7.8676     64.882     66.317      0.264    1441.78    1441.77  0.000e+00
       6151     66.000     5.4117     5.4083    -0.0034    1.07298    1.07238          1     0.1502     0.0989       9.96     0.0169  2.443e-11  1.000e-12  4.108e+00     9.9838     9.9787    -0.0051     7.8739     7.8701     65.377     66.823      0.273    1441.82    1441.80  0.000e+00
       6199     66.500     5.4165     5.4142    -0.0023    1.07385    1.07331          1     0.1427     0.0969       9.96     0.0171  2.446e-11  1.000e-12  4.102e+00     9.9910     9.9862    -0.0047     7.8794     7.8757     65.872     67.328      0.235    1441.86    1441.84  0.000e+00
       6249     67.000     5.4203     5.4184    -0.0019    1.07452    1.07406          1     0.1396     0.0959       9.96     0.0171  2.462e-11  1.000e-12  4.061e+00     9.9965     9.9924    -0.0040     7.8835     7.8804     66.367     67.833      0.257    1441.89    1441.88  0.000e+00
       6292     67.500     5.4237     5.4213    -0.0024    1.07511    1.07464          1     0.1384     0.0964       9.96     0.0170  2.462e-11  1.000e-12  4.062e+00    10.0013     9.9972    -0.0040     7.8871     7.8841     66.862     68.338      0.293    1441.92    1441.90  0.000e+00
       6336     68.000     5.4272     5.4250    -0.0022    1.07575    1.07523          1     0.1333     0.0935       9.96     0.0171  2.462e-11  1.000e-12  4.062e+00    10.0066    10.0020    -0.0046     7.8911     7.8876     67.358     68.844      0.248    1441.95    1441.93  0.000e+00
       6385     68.500     5.4296     5.4284    -0.0012    1.07620    1.07590          1     0.1326     0.0894       9.96     0.0170  2.444e-11  1.000e-12  4.107e+00    10.0103    10.0076    -0.0027     7.8939     7.8919     67.853     69.349      0.261    1441.97    1441.96  0.000e+00
       6428     69.000     5.4320     5.4306    -0.0014    1.07656    1.07626          1     0.1280     0.0911       9.96     0.0171  2.462e-11  1.000e-12  4.063e+00    10.0131    10.0105    -0.0026     7.8960     7.8940     68.348     69.854      0.286    1441.99    1441.98  0.000e+00
       6473     69.500     5.4341     5.4329    -0.0012    1.07702    1.07666          1     0.1295     0.0867       9.96     0.0171  2.462e-11  1.000e-12  4.062e+00    10.0169    10.0138    -0.0032     7.8989     7.8965     68.843     70.360      0.248    1442.01    1442.01  0.000e+00
       6524     70.000     5.4379     5.4361    -0.0018    1.07770    1.07726          1     0.1218     0.0870       9.96     0.0171  2.462e-11  1.000e-12  4.062e+00    10.0226    10.0187    -0.0040     7.9032     7.9002     69.338     70.865      0.244    1442.05    1442.03  0.000e+00
       6567     70.500     5.4491     5.4414    -0.0077    1.07973    1.07819          1     0.1227     0.0866       9.96     0.0171  2.447e-11  1.000e-12  4.098e+00    10.0395    10.0264    -0.0132     7.9160     7.9060     69.834     71.370      0.297    1442.12    1442.07  0.000e+00
       6610     71.000     5.4577     5.4526    -0.0052    1.08123    1.08017          1     0.1200     0.0840       9.96     0.0171  2.457e-11  1.000e-12  4.074e+00    10.0520    10.0428    -0.0092     7.9253     7.9183     70.329     71.875      0.256    1442.19    1442.15  0.000e+00
       6658     71.500     5.4609     5.4585    -0.0024    1.08175    1.08127          1     0.1188     0.0829       9.96     0.0171  2.444e-11  1.000e-12  4.106e+00    10.0561    10.0520    -0.0041     7.9284     7.9253     70.824     72.381      0.260    1442.21    1442.20  0.000e+00
       6702     72.000     5.4658     5.4624    -0.0034    1.08267    1.08190          1     0.1178     0.0835       9.96     0.0171  2.443e-11  1.000e-12  4.108e+00    10.0638    10.0571    -0.0067     7.9342     7.9291     71.319     72.886      0.270    1442.25    1442.23  0.000e+00
       6748     72.500     5.4729     5.4690    -0.0039    1.08394    1.08310          1     0.1123     0.0824       9.96     0.0171  2.462e-11  1.000e-12  4.061e+00    10.0743    10.0671    -0.0073     7.9422     7.9366     71.814     73.391      0.259    1442.30    1442.28  0.000e+00
       6793     73.000     5.4766     5.4738    -0.0028    1.08453    1.08397          1     0.1136     0.0801       9.96     0.0171  2.444e-11  1.000e-12  4.106e+00    10.0790    10.0743    -0.0047     7.9456     7.9421     72.310     73.896      0.265    1442.33    1442.32  0.000e+00
       6840     73.500     5.4794     5.4771    -0.0024    1.08503    1.08451          1     0.1096     0.0794       9.96     0.0171  2.426e-11  1.000e-12  4.150e+00    10.0831    10.0786    -0.0045     7.9487     7.9453     72.805     74.402      0.257    1442.36    1442.34  0.000e+00
       6886     74.000     5.4888     5.4828    -0.0060    1.08677    1.08552          1     0.1091     0.0773       9.96     0.0171  2.410e-11  1.000e-12  4.191e+00    10.0976    10.0869    -0.0107     7.9597     7.9515     73.300     74.907      0.260    1442.43    1442.39  0.000e+00
       6930     74.500     5.4954     5.4911    -0.0044    1.08788    1.08701          1     0.1109     0.0776       9.96     0.0171  2.442e-11  1.000e-12  4.111e+00    10.1068    10.0993    -0.0074     7.9665     7.9609     73.795     75.412      0.296    1442.47    1442.45  0.000e+00
       6971     75.000     5.5002     5.4964    -0.0038    1.08878    1.08799          1     0.1085     0.0768       9.96     0.0170  2.444e-11  1.000e-12  4.107e+00    10.1142    10.1074    -0.0068     7.9721     7.9670     74.290     75.917      0.269    1442.51    1442.49  0.000e+00
       7018     75.500     5.5047     5.5017    -0.0031    1.08976    1.08901          1     0.1026     0.0777       9.96     0.0170  2.443e-11  1.000e-12  4.108e+00    10.1226    10.1159    -0.0067     7.9785     7.9734     74.785     76.423      0.267    1442.55    1442.53  0.000e+00
       7065     76.000     5.5101     5.5074    -0.0027    1.09055    1.09002          1     0.1035     0.0759       9.96     0.0176  2.402e-11  1.000e-12  4.210e+00    10.1288    10.1243    -0.0044     7.9831     7.9797     75.281     76.928      0.226    1442.59    1442.57  0.000e+00
       7115     76.500     5.5139     5.5112    -0.0027    1.09120    1.09062          1     0.1038     0.0766       9.96     0.0171  2.420e-11  1.000e-12  4.165e+00    10.1341    10.1291    -0.0050     7.9871     7.9833     75.776     77.433      0.293    1442.62    1442.60  0.000e+00
       7157     77.000     5.5169     5.5149    -0.0020    1.09180    1.09131          1     0.0997     0.0748       9.96     0.0171  2.439e-11  1.000e-12  4.118e+00    10.1392    10.1348    -0.0044     7.9909     7.9875     76.271     77.938      0.255    1442.65    1442.63  0.000e+00
       7205     77.500     5.5180     5.5172    -0.0008    1.09197    1.09177          1     0.0977     0.0738       9.96     0.0171  2.371e-11  1.000e-12  4.287e+00    10.1404    10.1386    -0.0018     7.9918     7.9905     76.766     78.444      0.272    1442.66    1442.66  0.000e+00
       7249     78.000     5.5200     5.5186    -0.0014    1.09226    1.09198          1     0.1006     0.0722       9.96     0.0171  2.377e-11  1.000e-12  4.273e+00    10.1426    10.1402    -0.0024     7.9934     7.9916     77.261     78.949      0.257    1442.68    1442.67  0.000e+00
       7296     78.500     5.5250     5.5219    -0.0031    1.09319    1.09253          1     0.0973     0.0718       9.96     0.0171  2.366e-11  1.000e-12  4.298e+00    10.1503    10.1446    -0.0057     7.9993     7.9949     77.756     79.454      0.264    1442.72    1442.70  0.000e+00
       7341     79.000     5.5272     5.5253    -0.0018    1.09351    1.09312          1     0.0959     0.0709       9.96     0.0171  2.374e-11  1.000e-12  4.279e+00    10.1528    10.1495    -0.0034     8.0011     7.9986     78.252     79.959      0.264    1442.74    1442.73  0.000e+00
       7387     79.500     5.5329     5.5291    -0.0038    1.09455    1.09375          1     0.0926     0.0722       9.96     0.0169  2.358e-11  1.000e-12  4.318e+00    10.1614    10.1546    -0.0068     8.0075     8.0024     78.747     80.465      0.254    1442.78    1442.76  0.000e+00
       7439     80.000     5.5415     5.5360    -0.0055    1.09613    1.09493          1     0.0946     0.0701       9.96     0.0169  2.372e-11  1.000e-12  4.285e+00    10.1746    10.1642    -0.0104     8.0175     8.0096     79.242     80.970      0.222    1442.85    1442.81  0.000e+00
       7488     80.500     5.5541     5.5471    -0.0070    1.09850    1.09705          1     0.0943     0.0690       9.96     0.0170  2.294e-11  1.000e-12  4.477e+00    10.1944    10.1820    -0.0124     8.0324     8.0230     79.737     81.475      0.267    1442.93    1442.89  0.000e+00
       7534     81.000     5.5572     5.5541    -0.0031    1.09903    1.09837          1     0.0904     0.0686       9.96     0.0170  2.372e-11  1.000e-12  4.283e+00    10.1987    10.1930    -0.0056     8.0356     8.0313     80.232     81.980      0.258    1442.96    1442.94  0.000e+00
       7579     81.500     5.5642     5.5597    -0.0045    1.10035    1.09938          1     0.0881     0.0674       9.96     0.0170  2.326e-11  1.000e-12  4.398e+00    10.2097    10.2013    -0.0083     8.0439     8.0376     80.727     82.485      0.259    1443.01    1442.98  0.000e+00
       7630     82.000     5.5669     5.5651    -0.0017    1.10067    1.10033          1     0.0889     0.0676       9.96     0.0171  2.297e-11  1.000e-12  4.469e+00    10.2120    10.2091    -0.0029     8.0456     8.0434     81.223     82.991      0.242    1443.03    1443.02  0.000e+00
       7673     82.500     5.5694     5.5677    -0.0017    1.10098    1.10069          1     0.0889     0.0674       9.96     0.0170  2.282e-11  1.000e-12  4.508e+00    10.2142    10.2118    -0.0024     8.0472     8.0454     81.718     83.496      0.282    1443.06    1443.05  0.000e+00
       7721     83.000     5.5708     5.5701    -0.0007    1.10121    1.10100          1     0.0902     0.0667       9.96     0.0171  2.289e-11  1.000e-12  4.491e+00    10.2161    10.2141    -0.0020     8.0486     8.0471     82.213     84.001      0.235    1443.07    1443.07  0.000e+00
       7771     83.500     5.5712     5.5711    -0.0001    1.10152    1.10131          1     0.0866     0.0658       9.96     0.0171  2.298e-11  1.000e-12  4.466e+00    10.2189    10.2169    -0.0021     8.0508     8.0492     82.708     84.506      0.244    1443.09    1443.08  0.000e+00
       7820     84.000     5.5732     5.5723    -0.0010    1.10189    1.10160          1     0.0846     0.0656       9.96     0.0171  2.189e-11  1.000e-12  4.736e+00    10.2219    10.2193    -0.0026     8.0531     8.0511     83.203     85.011      0.253    1443.11    1443.10  0.000e+00
