ctdpy/tests/etc/all_smhi_bas_2018/SBE09_1044_20180131_1829_34_02_0039.cnv
* Sea-Bird SBE 9 Data File:
* FileName = C:\ctd\temp\2018\ME18D039.hex
* Software Version Seasave V 7.26.6.26
* Temperature SN = 5351
* Conductivity SN = 3941
* Number of Bytes Per Scan = 41
* Number of Voltage Words = 4
* Number of Scans Averaged by the Deck Unit = 1
* NMEA Latitude = 58 01.03 N
* NMEA Longitude = 017 59.07 E
* NMEA UTC (Time) = Jan 31 2018  18:29:28
* NMEA baud rate = 4800
** Station:  BY32
** Operator:  JKro
** Ship: MERI
** Average sound velocity: 1440.92 m/s
** True-depth calculation Wed, 31 Jan 2018 19:43:32 +0000
** CTD Python Module SMHI /ver 3-12/ feb 2012 
** LIMS Job: 20183402-0039
** Cruise: SMHI-01-2018
** Latitude [GG MM.mm N] :
** Longitude [GG MM.mm E]:
# nquan = 26
# nvalues = 391                         
# units = specified
# name 0 = scan: Scan Count
# name 1 = prDM: Pressure, Digiquartz [db]
# name 2 = t090C: Temperature [ITS-90, deg C]
# name 3 = t190C: Temperature, 2 [ITS-90, deg C]
# name 4 = T2-T190C: Temperature Difference, 2 - 1 [ITS-90, deg C]
# name 5 = c0S/m: Conductivity [S/m]
# name 6 = c1S/m: Conductivity, 2 [S/m]
# name 7 = pumps: Pump Status
# name 8 = sbeox0ML/L: Oxygen, SBE 43 [ml/l]
# name 9 = sbeox1ML/L: Oxygen, SBE 43, 2 [ml/l]
# name 10 = altM: Altimeter [m]
# name 11 = flECO-AFL: Chl-a Fluorescence, WET Labs ECO-AFL/FL [mg/m^3]
# name 12 = flECO-AFL1: Phycocyanin Fluorescence, WET Labs ECO-AFL/FL, 2 [mg/m^3]
# name 13 = par: PAR/Irradiance, Biospherical/Lico [µE/(cm^2*s)]
# name 14 = turbWETntu0: Turbidity, WET Labs ECO [NTU]
# name 15 = sal00: Salinity, Practical [PSU]
# name 16 = sal11: Salinity, Practical, 2 [PSU]
# name 17 = secS-priS: Salinity, Practical, Difference, 2 - 1 [PSU]
# name 18 = sigma-t00: Density [sigma-t, Kg/m^3 ]
# name 19 = sigma-t11: Density, 2 [sigma-t, Kg/m^3 ]
# name 20 = depSM: Depth [salt water, m], lat = 58.0172
# name 21 = depFM: Depth [true depth, m], lat = 58.0172
# name 22 = dz/dtM: Descent Rate [m/s], WS = 2
# name 23 = svCM: Sound Velocity [Chen-Millero, m/s]
# name 24 = svCM1: Sound Velocity, 2 [Chen-Millero, m/s]
# name 25 = flag: flag
# span 0 =      15007,      29452       
# span 1 =      1.500,    196.500       
# span 2 =     4.5372,     6.2803       
# span 3 =     4.5390,     6.2754       
# span 4 =    -0.1082,     0.0525       
# span 5 =   0.775714,   1.144254       
# span 6 =   0.775704,   1.144239       
# span 7 =          1,          1       
# span 8 =    0.00091,    8.04492       
# span 9 =    0.01521,    8.00646       
# span 10 =       3.65,     101.53      
# span 11 =     0.2399,     0.4070      
# span 12 =     0.2517,     0.3807      
# span 13 = -2.416e-03, 6.3525e-02      
# span 14 =     0.1111,     2.3253      
# span 15 =     7.2317,    10.5795      
# span 16 =     7.2313,    10.5792      
# span 17 =    -0.0765,     0.0218      
# span 18 =     5.7330,     8.3264      
# span 19 =     5.7328,     8.3261      
# span 20 =      1.486,    194.586      
# span 21 =      1.519,    198.711      
# span 22 =     -0.155,      1.369      
# span 23 =    1433.58,    1446.01      
# span 24 =    1433.58,    1446.00      
# span 25 = 0.0000e+00, 0.0000e+00      
# interval = decibars: 0.5              
# start_time = Jan 31 2018 18:29:28 [NMEA time, first data scan]
# bad_flag = -9.990e-29
*END*
[from data line 112]
      19037     57.500     4.5570     4.5575     0.0005    0.77661    0.77660          1     8.0027     7.9601      97.73     0.3196     0.3228  1.000e-12  0.1503000     7.2341     7.2339    -0.0002     5.7352     5.7350     56.959     58.232      1.025    1434.44    1434.44  0.000e+00
      19050     58.000     4.5573     4.5581     0.0009    0.77661    0.77658          1     8.0127     7.9605      97.70     0.3173     0.3399  1.000e-12  0.1535000     7.2340     7.2334    -0.0005     5.7350     5.7346     57.454     58.738      0.759    1434.44    1434.45  0.000e+00
      19122     58.500     4.5569     4.5576     0.0007    0.77663    0.77660          1     8.0203     7.9598      97.67     0.3234     0.3160  1.000e-12  0.1236000     7.2341     7.2337    -0.0004     5.7352     5.7348     57.950     59.245      0.499    1434.45    1434.45  0.000e+00
      19178     59.000     4.5565     4.5572     0.0006    0.77664    0.77662          1     8.0080     7.9574      97.71     0.3311     0.3094  1.000e-12  0.1246000     7.2343     7.2339    -0.0004     5.7353     5.7350     58.445     59.751      0.789    1434.46    1434.46  0.000e+00
      19191     59.500     4.5564     4.5570     0.0005    0.77665    0.77662          1     7.9926     7.9521      97.69     0.3302     0.3500  1.000e-12  0.1391000     7.2343     7.2339    -0.0004     5.7353     5.7350     58.940     60.257      0.788    1434.47    1434.47  0.000e+00
      19207     60.000     4.5429     4.5460     0.0031    0.77719    0.77708          1     7.9653     7.9201      97.70     0.3218     0.3271  1.000e-12  0.1399000     7.2427     7.2408    -0.0018     5.7424     5.7409     59.435     60.764      0.584    1434.42    1434.44  0.000e+00
      19281     60.500     4.5372     4.5390     0.0018    0.77779    0.77751          1     7.9351     7.8742      97.75     0.3118     0.3499  1.000e-12  0.1315000     7.2498     7.2466    -0.0032     5.7483     5.7456     59.931     61.270      0.443    1434.42    1434.42  0.000e+00
      19316     61.000     4.5390     4.5416     0.0025    0.77800    0.77809          1     7.9259     7.9156      87.70     0.3010     0.3326  1.000e-12  0.1647000     7.2515     7.2518     0.0003     5.7495     5.7497     60.426     61.777      0.777    1434.43    1434.44  0.000e+00
      19330     61.500     4.5408     4.5403    -0.0005    0.77850    0.77843          1     7.7851     7.8272      80.00     0.2951     0.3302  1.000e-12  0.1858000     7.2559     7.2554    -0.0006     5.7530     5.7526     60.921     62.283      0.793    1434.46    1434.45  0.000e+00
      19346     62.000     4.7386     4.7138    -0.0248    0.78949    0.78830          1     7.5646     7.6347      97.43     0.2760     0.3185  1.000e-12  0.1853000     7.3220     7.3157    -0.0063     5.7986     5.7944     61.416     62.789      0.555    1435.43    1435.31  0.000e+00
      19434     62.500     4.9938     4.9213    -0.0729    0.80364    0.79951          1     7.2718     7.2475      98.67     0.3006     0.3288  1.000e-12  0.1565000     7.4060     7.3813    -0.0247     5.8557     5.8389     61.911     63.296      0.548    1436.67    1436.32  0.000e+00
      19459     63.000     5.2547     5.2181    -0.0367    0.81890    0.81695          1     6.7857     6.9486      98.66     0.3167     0.3193  1.000e-12  0.1542000     7.4983     7.4872    -0.0111     5.9179     5.9107     62.407     63.802      0.835    1437.94    1437.76  0.000e+00
      19472     63.500     5.4997     5.4892    -0.0106    0.83437    0.83385          1     6.2531     6.5699      98.66     0.2530     0.2880  1.000e-12  0.1769000     7.5950     7.5923    -0.0027     5.9833     5.9816     62.902     64.308      0.867    1439.13    1439.09  0.000e+00
      19486     64.000     5.6805     5.6742    -0.0063    0.84730    0.84686          1     5.7993     6.1837      98.66     0.2497     0.2889  1.000e-12  0.1758000     7.6801     7.6773    -0.0028     6.0417     6.0398     63.397     64.814      0.732    1440.03    1440.00  0.000e+00
      19532     64.500     5.7597     5.7341    -0.0249    0.85319    0.85140          1     5.6403     5.8964      98.66     0.2656     0.3088  1.000e-12  0.1506000     7.7194     7.7078    -0.0116     6.0687     6.0608     63.892     65.321      0.467    1440.43    1440.31  0.000e+00
      19613     65.000     5.7479     5.7254    -0.0231    0.85238    0.85093          1     5.7189     5.7847      98.66     0.2814     0.3192  1.000e-12  0.1431000     7.7141     7.7051    -0.0090     6.0651     6.0591     64.387     65.827      0.842    1440.38    1440.27  0.000e+00
      19624     65.500     5.8393     5.8375    -0.0021    0.85885    0.85877          1     5.5954     5.7237      98.66     0.2727     0.2895  1.000e-12  0.1490000     7.7560     7.7557    -0.0003     6.0934     6.0933     64.883     66.333      0.939    1440.84    1440.83  0.000e+00
      19636     66.000     5.8429     5.8430     0.0001    0.85942    0.85947          1     5.5150     5.6832      98.66     0.2725     0.2708  1.000e-12  0.1494000     7.7607     7.7612     0.0005     6.0970     6.0973     65.378     66.839      0.899    1440.87    1440.87  0.000e+00
      19651     66.500     5.8623     5.8629     0.0006    0.86046    0.86056          1     5.4634     5.6524      98.66     0.2503     0.2832  1.000e-12  0.1380000     7.7662     7.7671     0.0009     6.1003     6.1009     65.873     67.345      0.673    1440.97    1440.97  0.000e+00
      19721     67.000     5.8752     5.8559    -0.0196    0.86110    0.85977          1     5.6355     5.6272      98.66     0.2472     0.3053  1.000e-12  0.1334000     7.7694     7.7610    -0.0084     6.1021     6.0965     66.368     67.851      0.541    1441.03    1440.94  0.000e+00
      19775     67.500     5.9819     5.9152    -0.0656    0.86820    0.86394          1     5.4580     5.4423      98.66     0.2635     0.3193  1.000e-12  0.1341000     7.8136     7.7877    -0.0259     6.1311     6.1143     66.864     68.358      0.951    1441.55    1441.23  0.000e+00
      19786     68.000     6.1477     6.1392    -0.0090    0.87879    0.87836          1     5.1080     5.2673      98.66     0.2723     0.3198  1.000e-12  0.1358000     7.8776     7.8754    -0.0022     6.1723     6.1711     67.359     68.864      0.944    1442.35    1442.32  0.000e+00
      19799     68.500     6.2171     6.2117    -0.0054    0.88401    0.88383          1     4.8387     5.0459      98.66     0.2578     0.3173  1.000e-12  0.1456000     7.9117     7.9112    -0.0005     6.1952     6.1952     67.854     69.370      0.748    1442.70    1442.68  0.000e+00
      19860     69.000     6.2243     6.2140    -0.0111    0.88453    0.88392          1     4.9456     4.9718      98.66     0.2454     0.2886  1.000e-12  0.1430000     7.9149     7.9115    -0.0034     6.1973     6.1952     68.349     69.876      0.447    1442.74    1442.69  0.000e+00
      19913     69.500     6.2764     6.1671    -0.1082    0.88877    0.88077          1     4.8741     4.8782      98.66     0.2604     0.2880  1.000e-12  0.1497000     7.9436     7.8920    -0.0516     6.2168     6.1826     68.844     70.382      0.685    1443.01    1442.48  0.000e+00
      19929     70.000     6.2803     6.2754    -0.0053    0.89070    0.89067          1     4.6448     4.7429      98.66     0.2688     0.2706  1.000e-12  0.1367000     7.9612     7.9621     0.0009     6.2305     6.2315     69.339     70.888      0.685    1443.06    1443.04  0.000e+00
      19956     70.500     6.2564     6.2501    -0.0062    0.89331    0.89288          1     4.5495     4.6686      98.66     0.2603     0.2539  1.000e-12  0.1353000     7.9918     7.9892    -0.0026     6.2560     6.2543     69.835     71.394      0.406    1443.00    1442.97  0.000e+00
      20028     71.000     6.1918     6.1786    -0.0133    0.89185    0.88558          1     4.7183     4.6146      98.66     0.2470     0.2831  1.000e-12  0.1374000     7.9929     7.9355    -0.0574     6.2606     6.2162     70.330     71.901      0.436    1442.73    1442.61  0.000e+00
      20044     71.500     6.0683     6.0734     0.0051    0.90228    0.90209          1     4.3643     4.3826      98.66     0.2481     0.2796  1.000e-12  0.1255000     8.1229     8.1198    -0.0031     6.3702     6.3674     70.825     72.407      0.653    1442.38    1442.40  0.000e+00
      20062     72.000     6.0315     6.0320     0.0005    0.90296    0.90304          1     4.1487     4.2340      98.66     0.2487     0.2819  1.000e-12  0.1311000     8.1383     8.1389     0.0006     6.3844     6.3848     71.320     72.913      0.611    1442.25    1442.25  0.000e+00
      20086     72.500     5.9944     5.9954     0.0010    0.90424    0.90429          1     4.0636     4.1707      98.66     0.2485     0.2709  1.000e-12  0.1500000     8.1595     8.1597     0.0003     6.4032     6.4033     71.815     73.419      0.346    1442.13    1442.13  0.000e+00
      20171     73.000     6.0037     6.0407     0.0369    0.90448    0.89860          1     4.2852     4.1755      98.66     0.2399     0.2901  1.000e-12  0.1398000     8.1596     8.0936    -0.0660     6.4027     6.3487     72.311     73.925      0.371    1442.17    1442.25  0.000e+00
      20191     73.500     5.9737     5.9749     0.0012    0.91124    0.91109          1     4.0171     3.9998      98.66     0.2611     0.3286  1.000e-12  0.1550000     8.2324     8.2306    -0.0018     6.4618     6.4603     72.806     74.431      0.638    1442.14    1442.15  0.000e+00
      20208     74.000     5.9595     5.9615     0.0020    0.91606    0.91587          1     3.7969     3.8710      98.66     0.2626     0.2626  1.000e-12  0.1563000     8.2827     8.2804    -0.0023     6.5023     6.5003     73.301     74.937      0.696    1442.15    1442.16  0.000e+00
      20225     74.500     5.9249     5.9260     0.0011    0.92127    0.92122          1     3.6103     3.7483      98.66     0.2615     0.2841  1.000e-12  0.1557000     8.3418     8.3411    -0.0007     6.5508     6.5502     73.796     75.443      0.611    1442.09    1442.09  0.000e+00
      20271     75.000     5.9024     5.9126     0.0104    0.92352    0.92180          1     3.6164     3.6378      98.66     0.2625     0.2905  1.000e-12  0.1490000     8.3693     8.3500    -0.0192     6.5737     6.5580     74.291     75.949      0.347    1442.03    1442.06  0.000e+00
      20355     75.500     5.8681     5.9208     0.0525    0.92568    0.91918          1     3.6987     3.5269      98.66     0.2682     0.2998  1.000e-12  0.1220000     8.3988     8.3224    -0.0765     6.5989     6.5357     74.787     76.455      0.555    1441.93    1442.06  0.000e+00
      20367     76.000     5.8369     5.8389     0.0022    0.92943    0.92912          1     3.3985     3.3870      98.65     0.2545     0.2694  1.000e-12  0.1317000     8.4431     8.4396    -0.0035     6.6355     6.6326     75.282     76.960      0.826    1441.86    1441.87  0.000e+00
      20380     76.500     5.8387     5.8393     0.0006    0.93339    0.93330          1     3.2149     3.2935      98.66     0.2556     0.2830  1.000e-12  0.1311000     8.4813     8.4804    -0.0010     6.6656     6.6648     75.777     77.466      0.919    1441.93    1441.93  0.000e+00
      20392     77.000     5.8323     5.8329     0.0007    0.93470    0.93458          1     3.0903     3.2121      98.66     0.2556     0.3024  1.000e-12  0.1364000     8.4958     8.4944    -0.0014     6.6773     6.6762     76.272     77.972      0.870    1441.93    1441.93  0.000e+00
      20408     77.500     5.8105     5.8122     0.0016    0.93839    0.93819          1     3.0195     3.1500      98.66     0.2582     0.3106  1.000e-12  0.1291000     8.5373     8.5349    -0.0023     6.7112     6.7093     76.767     78.478      0.611    1441.89    1441.90  0.000e+00
      20497     78.000     5.8089     5.8073    -0.0016    0.93731    0.93809          1     3.1143     3.1987      98.66     0.2599     0.2861  1.000e-12  0.1207000     8.5270     8.5351     0.0081     6.7032     6.7097     77.262     78.984      0.573    1441.88    1441.88  0.000e+00
      20533     78.500     5.7673     5.7777     0.0105    0.94272    0.94158          1     2.9261     3.0391      98.66     0.2613     0.2758  1.000e-12  0.1216000     8.5906     8.5767    -0.0139     6.7556     6.7441     77.758     79.490      0.864    1441.79    1441.82  0.000e+00
      20546     79.000     5.6961     5.6995     0.0034    0.94780    0.94757          1     2.7123     2.8475      98.66     0.2841     0.2750  1.000e-12  0.1190000     8.6586     8.6555    -0.0031     6.8131     6.8104     78.253     79.996      0.819    1441.58    1441.59  0.000e+00
      20562     79.500     5.6458     5.6465     0.0006    0.95496    0.95464          1     2.4925     2.6547      98.66     0.2785     0.2708  1.000e-12  0.1214000     8.7420     8.7387    -0.0033     6.8815     6.8789     78.748     80.502      0.588    1441.47    1441.47  0.000e+00
      20622     80.000     5.6763     5.6825     0.0062    0.95698    0.95319          1     2.5816     2.5992      92.17     0.2775     0.3075  1.000e-12  0.1154000     8.7540     8.7151    -0.0390     6.8894     6.8583     79.243     81.007      0.286    1441.63    1441.61  0.000e+00
      20667     80.500     5.6551     5.6553     0.0002    0.96464    0.96454          1     2.4188     2.4718      96.60     0.2725     0.2932  1.000e-12  0.1160000     8.8349     8.8339    -0.0010     6.9544     6.9536     79.738     81.513      0.458    1441.65    1441.65  0.000e+00
      20694     81.000     5.6530     5.6532     0.0002    0.96520    0.96522          1     2.2752     2.3864      98.54     0.2886     0.2517  1.000e-12  0.1275000     8.8409     8.8411     0.0001     6.9592     6.9593     80.234     82.019      0.368    1441.65    1441.66  0.000e+00
      20736     81.500     5.6515     5.6519     0.0005    0.96581    0.96576          1     2.2405     2.3305      98.66     0.2820     0.2742  1.000e-12  0.1319000     8.8473     8.8467    -0.0006     6.9643     6.9638     80.729     82.525      0.311    1441.66    1441.66  0.000e+00
      20765     82.000     5.6300     5.6300    -0.0000    0.97245    0.97238          1     2.1252     2.2309      98.66     0.2767     0.2900  1.000e-12  0.1367000     8.9184     8.9177    -0.0007     7.0216     7.0210     81.224     83.030      0.534    1441.67    1441.67  0.000e+00
      20784     82.500     5.6313     5.6313    -0.0000    0.97794    0.97784          1     2.0056     2.1110      98.65     0.2847     0.3180  1.000e-12  0.1350000     8.9723     8.9713    -0.0010     7.0640     7.0632     81.719     83.536      0.568    1441.75    1441.75  0.000e+00
      20823     83.000     5.6413     5.6409    -0.0004    0.98214    0.98120          1     1.9411     2.0281      78.39     0.2837     0.3149  1.000e-12  0.1306000     9.0110     9.0018    -0.0092     7.0940     7.0868     82.214     84.042      0.344    1441.85    1441.84  0.000e+00
      20903     83.500     5.6383     5.6390     0.0007    0.98655    0.98499          1     1.8933     1.9076     100.37     0.2837     0.3063  1.000e-12  0.1290000     9.0554     9.0398    -0.0157     7.1292     7.1168     82.709     84.547      0.492    1441.90    1441.89  0.000e+00
      20917     84.000     5.6194     5.6219     0.0025    0.99393    0.99362          1     1.6860     1.7548      98.66     0.2905     0.2883  1.000e-12  0.1402000     9.1334     9.1296    -0.0038     7.1918     7.1887     83.205     85.053      0.753    1441.93    1441.93  0.000e+00
      20931     84.500     5.5696     5.5734     0.0036    0.99970    0.99935          1     1.4883     1.5966      98.66     0.2917     0.2932  1.000e-12  0.1617000     9.2042     9.1996    -0.0046     7.2503     7.2465     83.700     85.559      0.838    1441.81    1441.82  0.000e+00
