ctdpy/tests/etc/all_smhi_bas_2018/SBE09_0827_20181009_1944_26_01_1054.cnv
* Sea-Bird SBE 9 Data File:
* FileName = D:\CTD_SBE911\DAT\26DA.2018.10.54.hex
* Software Version Seasave V 7.21d
* Temperature SN = 4548
* Conductivity SN = 3062
* Number of Bytes Per Scan = 48
* Number of Voltage Words = 5
* Number of Scans Averaged by the Deck Unit = 1
* NMEA Latitude = 58 44.99 N
* NMEA Longitude = 019 31.25 E
* NMEA UTC (Time) = Oct 09 2018  19:47:06
* NMEA baud rate = 4800
** Ship: DANA
** Average sound velocity: 1446.36 m/s
** True-depth calculation Thu, 28 Mar 2019 12:22:46 +0000
** CTD Python Module SMHI /ver 3-12/ feb 2012 
** LIMS Job: 20182601-1054
** Operator: Christian A-KTh
** Cruise: 10/2018
# nquan = 26
# nvalues = 294                         
# units = specified
# name 0 = scan: Scan Count
# name 1 = prDM: Pressure, Digiquartz [db]
# name 2 = t090C: Temperature [ITS-90, deg C]
# name 3 = t190C: Temperature, 2 [ITS-90, deg C]
# name 4 = T2-T190C: Temperature Difference, 2 - 1 [ITS-90, deg C]
# name 5 = c0S/m: Conductivity [S/m]
# name 6 = c1S/m: Conductivity, 2 [S/m]
# name 7 = pumps: Pump Status
# name 8 = sbeox1ML/L: Oxygen, SBE 43, 2 [ml/l]
# name 9 = sbeox0ML/L: Oxygen, SBE 43 [ml/l]
# name 10 = altM: Altimeter [m]
# name 11 = chloroflTC0: Chlorophyll, Turner Cyclops [ug/l]
# name 12 = cpar: CPAR/Corrected Irradiance [%]
# name 13 = par: PAR/Irradiance, Biospherical/Lico [µE/(cm^2*s)]
# name 14 = spar: SPAR, Biospherical/Licor
# name 15 = sal00: Salinity, Practical [PSU]
# name 16 = sal11: Salinity, Practical, 2 [PSU]
# name 17 = secS-priS: Salinity, Practical, Difference, 2 - 1 [PSU]
# name 18 = sigma-t00: Density [sigma-t, kg/m^3 ]
# name 19 = sigma-t11: Density, 2 [sigma-t, kg/m^3 ]
# name 20 = depSM: Depth [salt water, m], lat = 58.7498
# name 21 = depFM: Depth [true depth, m], lat = 58.7498
# name 22 = dz/dtM: Descent Rate [m/s], WS = 2
# name 23 = svCM: Sound Velocity [Chen-Millero, m/s]
# name 24 = svCM1: Sound Velocity, 2 [Chen-Millero, m/s]
# name 25 = flag: flag
# span 0 =       -350,      13556       
# span 1 =      1.500,    148.000       
# span 2 =     3.2634,    10.7690       
# span 3 =     3.2649,    10.7699       
# span 4 =    -0.1071,     0.7088       
# span 5 =   0.752969,   1.239860       
# span 6 =   0.753874,   1.239740       
# span 7 =          1,          1       
# span 8 =     0.0388,     7.4284       
# span 9 =     0.0396,     7.3599       
# span 10 =      -0.92,      10.54      
# span 11 =     0.0159,     0.0297      
# span 12 = -3.585e+01, 3.7138e+03      
# span 13 = 1.0000e-12, 1.0000e-12      
# span 14 = 1.9554e+00, 2.0315e+00      
# span 15 =     6.6628,    11.3692      
# span 16 =     6.6626,    11.3680      
# span 17 =    -0.1345,     0.0034      
# span 18 =     4.8215,     8.9145      
# span 19 =     4.8212,     8.9136      
# span 20 =      1.486,    146.567      
# span 21 =      1.520,    149.720      
# span 22 =     -0.583,      0.982      
# span 23 =    1428.76,    1459.08      
# span 24 =    1428.79,    1459.08      
# span 25 = 0.0000e+00, 0.0000e+00      
# interval = decibars: 0.5              
# start_time = Oct 09 2018 19:47:06 [NMEA time, first data scan]
# bad_flag = -9.990e-29
*END*
[from data line 112]
       5874     57.500     3.2959     3.3018     0.0059    0.75865    0.75848          1     7.3281     6.9573       9.97     0.0159  4.924e-11  1.000e-12  2.031e+00     7.3322     7.3292    -0.0030     5.8422     5.8397     56.956     58.273      0.312    1428.87    1428.90  0.000e+00
       5962     58.000     3.2816     3.2854     0.0038    0.75928    0.75918          1     7.2648     6.8778       9.97     0.0159  4.924e-11  1.000e-12  2.031e+00     7.3419     7.3401    -0.0019     5.8502     5.8486     57.451     58.779      0.306    1428.83    1428.84  0.000e+00
       5993     58.500     3.2634     3.2757     0.0123    0.75957    0.75946          1     7.2149     6.8505       9.97     0.0159  4.924e-11  1.000e-12  2.031e+00     7.3490     7.3450    -0.0040     5.8560     5.8527     57.946     59.286      0.338    1428.76    1428.81  0.000e+00
       6045     59.000     3.2643     3.2649     0.0006    0.76113    0.76084          1     7.1306     6.7797       9.97     0.0159  4.924e-11  1.000e-12  2.031e+00     7.3649     7.3618    -0.0031     5.8687     5.8662     58.441     59.792      0.207    1428.79    1428.79  0.000e+00
       6104     59.500     3.2691     3.2685    -0.0006    0.76224    0.76189          1     7.0941     6.7116       9.97     0.0159  4.924e-11  1.000e-12  2.031e+00     7.3753     7.3718    -0.0035     5.8769     5.8741     58.936     60.298      0.270    1428.84    1428.83  0.000e+00
       6148     60.000     3.2763     3.2749    -0.0014    0.76299    0.76277          1     7.0792     6.6882       9.97     0.0159  4.924e-11  1.000e-12  2.031e+00     7.3814     7.3795    -0.0019     5.8817     5.8802     59.432     60.804      0.281    1428.89    1428.88  0.000e+00
       6187     60.500     3.2888     3.2833    -0.0055    0.76408    0.76345          1     7.1468     6.6841       9.97     0.0159  4.924e-11  1.000e-12  2.031e+00     7.3898     7.3846    -0.0052     5.8882     5.8841     59.927     61.311      0.299    1428.96    1428.93  0.000e+00
       6241     61.000     3.3034     3.3019    -0.0015    0.76548    0.76524          1     7.1252     6.6998       9.97     0.0159  4.924e-11  1.000e-12  2.031e+00     7.4009     7.3988    -0.0022     5.8969     5.8952     60.422     61.817      0.185    1429.05    1429.04  0.000e+00
       6304     61.500     3.3101     3.3084    -0.0017    0.76708    0.76654          1     7.0721     6.6527       9.97     0.0159  4.924e-11  1.000e-12  2.031e+00     7.4159     7.4107    -0.0052     5.9087     5.9046     60.917     62.323      0.293    1429.11    1429.09  0.000e+00
       6335     62.000     3.3064     3.3085     0.0021    0.76907    0.76787          1     7.0228     6.6588       9.97     0.0159  4.924e-11  1.000e-12  2.031e+00     7.4373     7.4245    -0.0129     5.9258     5.9155     61.412     62.830      0.405    1429.13    1429.12  0.000e+00
       6374     62.500     3.3378     3.3235    -0.0143    0.77222    0.77055          1     6.9060     6.6094       9.97     0.0159  4.924e-11  1.000e-12  2.031e+00     7.4628     7.4487    -0.0140     5.9457     5.9347     61.908     63.336      0.280    1429.31    1429.23  0.000e+00
       6464     63.000     3.3640     3.3605    -0.0035    0.77426    0.77384          1     6.8369     6.4494       9.97     0.0159  4.924e-11  1.000e-12  2.031e+00     7.4778     7.4743    -0.0035     5.9573     5.9545     62.403     63.842      0.332    1429.46    1429.44  0.000e+00
       6493     63.500     3.3805     3.3716    -0.0089    0.77608    0.77493          1     6.8170     6.4425       9.97     0.0159  4.924e-11  1.000e-12  2.031e+00     7.4928     7.4829    -0.0099     5.9690     5.9612     62.898     64.348      0.384    1429.56    1429.51  0.000e+00
       6527     64.000     3.3988     3.3903    -0.0085    0.77877    0.77728          1     6.7762     6.4259       9.97     0.0159  4.924e-11  1.000e-12  2.031e+00     7.5164     7.5029    -0.0135     5.9875     5.9768     63.393     64.855      0.304    1429.68    1429.63  0.000e+00
       6628     64.500     3.4339     3.4173    -0.0166    0.78580    0.78203          1     6.5349     6.3147       9.97     0.0159  4.924e-11  1.000e-12  2.031e+00     7.5809     7.5458    -0.0351     6.0383     6.0106     63.888     65.361      0.405    1429.94    1429.82  0.000e+00
       6659     65.000     3.4536     3.4413    -0.0123    0.78901    0.78656          1     6.3489     6.2367       9.97     0.0159  4.924e-11  1.000e-12  2.031e+00     7.6096     7.5870    -0.0226     6.0608     6.0430     64.384     65.867      0.623    1430.07    1429.99  0.000e+00
       6678     65.500     3.4572     3.4531    -0.0041    0.78946    0.78870          1     6.2644     6.1267       9.97     0.0159  4.924e-11  1.000e-12  2.031e+00     7.6133     7.6064    -0.0069     6.0637     6.0582     64.879     66.373      0.518    1430.10    1430.07  0.000e+00
       6759     66.000     3.4608     3.4593    -0.0014    0.79019    0.78971          1     6.2132     5.9290       9.97     0.0159  4.924e-11  1.000e-12  2.031e+00     7.6199     7.6153    -0.0046     6.0689     6.0652     65.374     66.879      0.341    1430.13    1430.12  0.000e+00
       6809     66.500     3.4927     3.4719    -0.0208    0.79524    0.79164          1     6.0946     5.8784       9.97     0.0159  4.924e-11  1.000e-12  2.031e+00     7.6647     7.6323    -0.0324     6.1040     6.0785     65.869     67.386      0.403    1430.34    1430.21  0.000e+00
       6847     67.000     3.5160     3.5080    -0.0081    0.79916    0.79739          1     5.8917     5.7783       9.97     0.0159  4.924e-11  1.000e-12  2.031e+00     7.6996     7.6832    -0.0165     6.1314     6.1184     66.364     67.892      0.205    1430.50    1430.44  0.000e+00
       6923     67.500     3.5200     3.5202     0.0001    0.80025    0.80004          1     5.7764     5.5078       9.97     0.0159  4.924e-11  1.000e-12  2.031e+00     7.7099     7.7077    -0.0022     6.1395     6.1377     66.859     68.398      0.234    1430.54    1430.54  0.000e+00
       6973     68.000     3.5360     3.5305    -0.0056    0.80294    0.80180          1     5.6708     5.4334       9.97     0.0159  4.924e-11  1.000e-12  2.031e+00     7.7338     7.7234    -0.0104     6.1582     6.1500     67.355     68.904      0.243    1430.65    1430.62  0.000e+00
       7013     68.500     3.5842     3.5586    -0.0256    0.80898    0.80554          1     5.4405     5.3211       9.97     0.0159  4.924e-11  1.000e-12  2.031e+00     7.7847     7.7553    -0.0295     6.1978     6.1749     67.850     69.410      0.403    1430.95    1430.79  0.000e+00
       7039     69.000     3.6308     3.6004    -0.0306    0.81466    0.81046          1     5.2732     5.2266       9.97     0.0159  4.924e-11  1.000e-12  2.031e+00     7.8321     7.7961    -0.0360     6.2346     6.2066     68.345     69.916      0.425    1431.23    1431.04  0.000e+00
       7111     69.500     3.7164     3.6840    -0.0323    0.82683    0.82158          1     4.9223     4.8509       9.97     0.0159  4.924e-11  1.000e-12  2.031e+00     7.9370     7.8907    -0.0463     6.3162     6.2801     68.840     70.422      0.324    1431.76    1431.55  0.000e+00
       7161     70.000     3.7619     3.7338    -0.0280    0.83278    0.82855          1     4.7239     4.6612       9.97     0.0159  4.924e-11  1.000e-12  2.031e+00     7.9873     7.9505    -0.0368     6.3551     6.3265     69.335     70.928      0.510    1432.04    1431.86  0.000e+00
       7199     70.500     3.8276     3.7897    -0.0379    0.84154    0.83596          1     4.4769     4.4810       9.97     0.0159  4.924e-11  1.000e-12  2.031e+00     8.0612     8.0131    -0.0481     6.4124     6.3751     69.830     71.435      0.334    1432.44    1432.20  0.000e+00
       7279     71.000     3.8843     3.8698    -0.0145    0.84808    0.84607          1     4.2327     4.0923       9.97     0.0159  4.924e-11  1.000e-12  2.031e+00     8.1144     8.0974    -0.0170     6.4533     6.4401     70.326     71.941      0.428    1432.77    1432.68  0.000e+00
       7300     71.500     3.9156     3.8900    -0.0255    0.85306    0.84871          1     4.1261     4.0678       9.97     0.0160  4.924e-11  1.000e-12  2.031e+00     8.1578     8.1195    -0.0383     6.4870     6.4572     70.821     72.447      0.525    1432.97    1432.81  0.000e+00
       7325     72.000     3.9629     3.9255    -0.0374    0.86030    0.85414          1     3.9545     3.9869       9.97     0.0159  4.924e-11  1.000e-12  2.031e+00     8.2203     8.1663    -0.0540     6.5354     6.4935     71.316     72.952      0.393    1433.28    1433.04  0.000e+00
       7428     72.500     4.0187     3.9958    -0.0230    0.86817    0.86439          1     3.7089     3.6265       9.97     0.0161  4.924e-11  1.000e-12  2.031e+00     8.2870     8.2540    -0.0330     6.5869     6.5613     71.811     73.458      0.326    1433.62    1433.47  0.000e+00
       7457     73.000     4.0847     4.0393    -0.0454    0.87687    0.87017          1     3.5202     3.5681       9.97     0.0163  4.924e-11  1.000e-12  2.031e+00     8.3594     8.3022    -0.0572     6.6425     6.5984     72.306     73.964      0.478    1434.02    1433.74  0.000e+00
       7485     73.500     4.1111     4.0900    -0.0211    0.88032    0.87717          1     3.3795     3.4329       9.97     0.0162  4.924e-11  1.000e-12  2.031e+00     8.3880     8.3611    -0.0269     6.6644     6.6437     72.801     74.470      0.319    1434.18    1434.05  0.000e+00
       7545     74.000     4.1285     4.1233    -0.0053    0.88209    0.88127          1     3.3068     3.1994       9.97     0.0161  4.924e-11  1.000e-12  2.031e+00     8.4017     8.3945    -0.0071     6.6748     6.6693     73.297     74.976      0.254    1434.28    1434.25  0.000e+00
       7597     74.500     4.1598     4.1534    -0.0064    0.88600    0.88495          1     3.2155     3.0957       9.97     0.0160  4.924e-11  1.000e-12  2.031e+00     8.4335     8.4245    -0.0091     6.6991     6.6921     73.792     75.482      0.230    1434.47    1434.43  0.000e+00
       7641     75.000     4.2159     4.1760    -0.0398    0.89465    0.88798          1     3.0105     3.0066       9.97     0.0162  4.924e-11  1.000e-12  2.031e+00     8.5075     8.4496    -0.0580     6.7561     6.7114     74.287     75.988      0.422    1434.83    1434.57  0.000e+00
       7666     75.500     4.3638     4.2564    -0.1071    0.91509    0.89916          1     2.6112     2.9160       9.97     0.0160  4.924e-11  1.000e-12  2.031e+00     8.6776     8.5431    -0.1345     6.8862     6.7830     74.782     76.494      0.418    1435.71    1435.06  0.000e+00
       7719     76.000     4.5146     4.4780    -0.0368    0.93416    0.92832          1     2.1001     2.3871       9.97     0.0162  4.924e-11  1.000e-12  2.031e+00     8.8320     8.7823    -0.0497     7.0033     6.9652     75.277     76.999      0.237    1436.59    1436.36  0.000e+00
       7778     76.500     4.6364     4.5827    -0.0537    0.95193    0.94332          1     1.6942     1.9116       9.97     0.0159  4.924e-11  1.000e-12  2.031e+00     8.9799     8.9068    -0.0731     7.1158     7.0600     75.772     77.505      0.299    1437.32    1436.99  0.000e+00
       7827     77.000     4.7139     4.7051    -0.0088    0.96248    0.96093          1     1.4212     1.5876       9.97     0.0160  4.924e-11  1.000e-12  2.031e+00     9.0659     9.0525    -0.0133     7.1809     7.1707     76.268     78.011      0.243    1437.78    1437.73  0.000e+00
       7868     77.500     4.7241     4.7136    -0.0104    0.96366    0.96225          1     1.3943     1.4035       9.97     0.0160  4.924e-11  1.000e-12  2.031e+00     9.0750     9.0635    -0.0115     7.1877     7.1790     76.763     78.516      0.437    1437.85    1437.79  0.000e+00
       7893     78.000     4.7331     4.7221    -0.0110    0.96486    0.96324          1     1.3845     1.3793       9.97     0.0162  4.924e-11  1.000e-12  2.031e+00     9.0845     9.0711    -0.0134     7.1949     7.1847     77.258     79.022      0.417    1437.91    1437.84  0.000e+00
       7979     78.500     4.7511     4.7448    -0.0064    0.96777    0.96643          1     1.3443     1.3081       9.97     0.0162  4.924e-11  1.000e-12  2.031e+00     9.1091     9.0972    -0.0118     7.2135     7.2044     77.753     79.528      0.286    1438.03    1437.98  0.000e+00
       8024     79.000     4.8116     4.7782    -0.0335    0.97703    0.97114          1     1.2070     1.2604       9.97     0.0163  4.924e-11  1.000e-12  2.031e+00     9.1862     9.1357    -0.0505     7.2721     7.2335     78.248     80.033      0.464    1438.40    1438.19  0.000e+00
       8048     79.500     4.8538     4.8179    -0.0359    0.98381    0.97746          1     1.0607     1.1878       9.97     0.0166  4.924e-11  1.000e-12  2.031e+00     9.2431     9.1887    -0.0544     7.3153     7.2738     78.743     80.539      0.460    1438.66    1438.44  0.000e+00
       8090     80.000     4.9112     4.8704    -0.0407    0.99280    0.98588          1     0.8972     1.0382       9.97     0.0168  4.924e-11  1.000e-12  2.031e+00     9.3179     9.2593    -0.0587     7.3721     7.3274     79.238     81.044      0.335    1439.02    1438.76  0.000e+00
       8202     80.500     4.9527     4.9404    -0.0124    0.99793    0.99631          1     0.7720     0.7639       9.97     0.0161  4.924e-11  1.000e-12  2.031e+00     9.3580     9.3451    -0.0129     7.4019     7.3923     79.734     81.550      0.496    1439.26    1439.19  0.000e+00
       8223     81.000     5.0090     4.9692    -0.0398    1.00728    1.00011          1     0.6681     0.7433       9.97     0.0167  4.924e-11  1.000e-12  2.031e+00     9.4366     9.3753    -0.0613     7.4615     7.4148     80.229     82.056      0.488    1439.61    1439.36  0.000e+00
       8261     81.500     5.1074     5.0773    -0.0301    1.02292    1.01727          1     0.4598     0.6007       9.97     0.0164  4.924e-11  1.000e-12  2.031e+00     9.5662     9.5179    -0.0484     7.5594     7.5226     80.724     82.561      0.264    1440.22    1440.02  0.000e+00
       8321     82.000     5.1920     5.1661    -0.0258    1.03543    1.03081          1     0.2535     0.3526       9.97     0.0164  4.924e-11  1.000e-12  2.031e+00     9.6679     9.6288    -0.0391     7.6357     7.6061     81.219     83.066      0.284    1440.72    1440.56  0.000e+00
       8369     82.500     5.2090     5.2032    -0.0058    1.03785    1.03684          1     0.2003     0.2540       9.97     0.0161  4.924e-11  1.000e-12  2.031e+00     9.6873     9.6788    -0.0085     7.6502     7.6437     81.714     83.572      0.219    1440.83    1440.79  0.000e+00
       8428     83.000     5.2103     5.2084    -0.0019    1.03788    1.03757          1     0.2060     0.1932       9.97     0.0164  4.924e-11  1.000e-12  2.031e+00     9.6871     9.6845    -0.0026     7.6500     7.6480     82.209     84.077      0.351    1440.84    1440.83  0.000e+00
       8459     83.500     5.2167     5.2127    -0.0040    1.03870    1.03807          1     0.1970     0.1860       9.97     0.0162  4.924e-11  1.000e-12  2.031e+00     9.6934     9.6883    -0.0052     7.6546     7.6508     82.704     84.583      0.319    1440.89    1440.86  0.000e+00
       8526     84.000     5.2246     5.2233    -0.0014    1.03975    1.03940          1     0.1816     0.1613       9.97     0.0162  4.924e-11  1.000e-12  2.031e+00     9.7016     9.6985    -0.0031     7.6607     7.6584     83.199     85.088      0.257    1440.94    1440.93  0.000e+00
       8572     84.500     5.2338     5.2291    -0.0047    1.04128    1.04031          1     0.1641     0.1478       9.97     0.0164  4.924e-11  1.000e-12  2.031e+00     9.7143     9.7059    -0.0084     7.6703     7.6639     83.695     85.593      0.314    1441.00    1440.97  0.000e+00
