ctdpy/tests/etc/all_smhi_bas_2018/SBE09_0827_20181125_1143_26_01_1246.cnv
* Sea-Bird SBE 9 Data File:
* FileName = D:\CTD_SBE911\DAT\26DA.2018.12.46.hex
* Software Version Seasave V 7.21d
* Temperature SN = 4548
* Conductivity SN = 3062
* Number of Bytes Per Scan = 48
* Number of Voltage Words = 5
* Number of Scans Averaged by the Deck Unit = 1
* NMEA Latitude = 57 06.02 N
* NMEA Longitude = 017 19.71 E
* NMEA UTC (Time) = Nov 25 2018  11:44:10
* NMEA baud rate = 4800
** Ship: DANA
** Average sound velocity: 1441.66 m/s
** True-depth calculation Tue, 02 Apr 2019 12:15:04 +0000
** CTD Python Module SMHI /ver 3-12/ feb 2012 
** LIMS Job: 20182601-1246
** Operator: Ronny
** Cruise: 12/2018
# nquan = 26
# nvalues = 141                         
# units = specified
# name 0 = scan: Scan Count
# name 1 = prDM: Pressure, Digiquartz [db]
# name 2 = t090C: Temperature [ITS-90, deg C]
# name 3 = t190C: Temperature, 2 [ITS-90, deg C]
# name 4 = T2-T190C: Temperature Difference, 2 - 1 [ITS-90, deg C]
# name 5 = c0S/m: Conductivity [S/m]
# name 6 = c1S/m: Conductivity, 2 [S/m]
# name 7 = pumps: Pump Status
# name 8 = sbeox1ML/L: Oxygen, SBE 43, 2 [ml/l]
# name 9 = sbeox0ML/L: Oxygen, SBE 43 [ml/l]
# name 10 = altM: Altimeter [m]
# name 11 = chloroflTC0: Chlorophyll, Turner Cyclops [ug/l]
# name 12 = cpar: CPAR/Corrected Irradiance [%]
# name 13 = par: PAR/Irradiance, Biospherical/Lico [µE/(cm^2*s)]
# name 14 = spar: SPAR, Biospherical/Licor
# name 15 = sal00: Salinity, Practical [PSU]
# name 16 = sal11: Salinity, Practical, 2 [PSU]
# name 17 = secS-priS: Salinity, Practical, Difference, 2 - 1 [PSU]
# name 18 = sigma-t00: Density [sigma-t, kg/m^3 ]
# name 19 = sigma-t11: Density, 2 [sigma-t, kg/m^3 ]
# name 20 = depSM: Depth [salt water, m], lat = 57.1003
# name 21 = depFM: Depth [true depth, m], lat = 57.1003
# name 22 = dz/dtM: Descent Rate [m/s], WS = 2
# name 23 = svCM: Sound Velocity [Chen-Millero, m/s]
# name 24 = svCM1: Sound Velocity, 2 [Chen-Millero, m/s]
# name 25 = flag: flag
# span 0 =        -38,       6859       
# span 1 =      0.500,     70.500       
# span 2 =     4.3269,     7.2096       
# span 3 =     4.3118,     7.1992       
# span 4 =    -0.0727,     0.2209       
# span 5 =   0.806107,   0.965221       
# span 6 =   0.806086,   0.966310       
# span 7 =          1,          1       
# span 8 =     1.4597,     7.6780       
# span 9 =     1.4548,     7.9132       
# span 10 =       2.00,       9.99      
# span 11 =     0.0159,     0.0287      
# span 12 = -1.798e-05, 1.1777e+00      
# span 13 = -2.172e-04, 1.4210e+01      
# span 14 = 1.1959e+03, 1.2141e+03      
# span 15 =     7.0239,     9.0732      
# span 16 =     7.0237,     9.0821      
# span 17 =    -0.0266,     0.2341      
# span 18 =     5.4517,     7.1835      
# span 19 =     5.4517,     7.1902      
# span 20 =      0.495,     69.840      
# span 21 =      0.507,     71.401      
# span 22 =     -0.184,      0.416      
# span 23 =    1434.28,    1445.33      
# span 24 =    1434.25,    1445.30      
# span 25 = 0.0000e+00, 0.0000e+00      
# interval = decibars: 0.5              
# start_time = Nov 25 2018 11:44:10 [NMEA time, first data scan]
# bad_flag = -9.990e-29
*END*
[from data line 56]
       2830     28.500     6.9296     6.9290    -0.0006    0.80654    0.80650          1     7.6392     7.8827       9.96     0.0264  8.313e-14  1.000e-12  1.203e+03     7.0258     7.0255    -0.0002     5.4539     5.4537     28.236     28.871      0.251    1443.97    1443.96  0.000e+00
       2883     29.000     6.9295     6.9295    -0.0000    0.80653    0.80652          1     7.6508     7.8729       9.96     0.0266  8.284e-14  1.000e-12  1.207e+03     7.0257     7.0256    -0.0001     5.4538     5.4537     28.731     29.377      0.246    1443.97    1443.97  0.000e+00
       2927     29.500     6.9381     6.9313    -0.0068    0.80693    0.80660          1     7.6497     7.8824       9.96     0.0268  8.289e-14  1.000e-12  1.206e+03     7.0276     7.0259    -0.0017     5.4548     5.4539     29.227     29.884      0.275    1444.02    1443.99  0.000e+00
       2972     30.000     6.9981     6.9476    -0.0506    0.80968    0.80729          1     7.6360     7.8564       9.96     0.0265  8.310e-14  1.000e-12  1.203e+03     7.0411     7.0290    -0.0120     5.4614     5.4553     29.722     30.390      0.253    1444.30    1444.07  0.000e+00
       3022     30.500     7.0337     6.9704    -0.0634    0.81133    0.80846          1     7.6276     7.8308       9.96     0.0249  8.290e-14  1.000e-12  1.206e+03     7.0491     7.0353    -0.0138     5.4653     5.4586     30.217     30.897      0.254    1444.46    1444.18  0.000e+00
       3063     31.000     7.1022     7.0406    -0.0614    0.81454    0.81157          1     7.6033     7.8026       9.96     0.0240  8.279e-14  1.000e-12  1.208e+03     7.0650     7.0498    -0.0151     5.4731     5.4654     30.713     31.403      0.313    1444.78    1444.50  0.000e+00
       3105     31.500     7.1515     7.0787    -0.0727    0.81683    0.81350          1     7.5735     7.7809       9.96     0.0226  8.310e-14  1.000e-12  1.203e+03     7.0762     7.0600    -0.0162     5.4785     5.4708     31.208     31.910      0.261    1445.01    1444.68  0.000e+00
       3150     32.000     7.2096     7.1461    -0.0636    0.82044    0.81682          1     7.5612     7.7601       9.96     0.0219  8.310e-14  1.000e-12  1.203e+03     7.0978     7.0772    -0.0207     5.4915     5.4797     31.703     32.416      0.284    1445.28    1444.99  0.000e+00
       3194     32.500     7.1922     7.1784    -0.0138    0.82061    0.81909          1     7.5421     7.7733       9.96     0.0209  8.286e-14  1.000e-12  1.207e+03     7.1029     7.0916    -0.0113     5.4967     5.4888     32.199     32.923      0.243    1445.23    1445.15  0.000e+00
       3245     33.000     7.2051     7.1882    -0.0169    0.82189    0.82029          1     7.5347     7.7117       9.96     0.0208  8.302e-14  1.000e-12  1.205e+03     7.1121     7.1007    -0.0114     5.5030     5.4952     32.694     33.429      0.266    1445.30    1445.22  0.000e+00
       3285     33.500     7.2082     7.1985    -0.0097    0.82265    0.82127          1     7.5077     7.6615       9.96     0.0196  8.321e-14  1.000e-12  1.202e+03     7.1184     7.1076    -0.0108     5.5078     5.5000     33.189     33.936      0.308    1445.33    1445.27  0.000e+00
       3328     34.000     7.2007     7.1992    -0.0015    0.82271    0.82181          1     7.4692     7.6665       9.96     0.0185  8.282e-14  1.000e-12  1.207e+03     7.1205     7.1125    -0.0080     5.5099     5.5037     33.685     34.442      0.252    1445.31    1445.29  0.000e+00
       3381     34.500     7.1831     7.1967     0.0136    0.82245    0.82238          1     7.4621     7.6495       9.96     0.0179  8.289e-14  1.000e-12  1.206e+03     7.1216     7.1182    -0.0034     5.5120     5.5084     34.180     34.949      0.238    1445.24    1445.30  0.000e+00
       3421     35.000     7.0919     7.1915     0.0996    0.82154    0.82240          1     7.4381     7.6012       9.96     0.0181  8.327e-14  1.000e-12  1.201e+03     7.1319     7.1194    -0.0125     5.5264     5.5097     34.675     35.455      0.370    1444.88    1445.28  0.000e+00
       3453     35.500     7.0169     7.1054     0.0885    0.82087    0.82168          1     7.4004     7.5677       9.96     0.0182  8.311e-14  1.000e-12  1.203e+03     7.1411     7.1304    -0.0108     5.5387     5.5243     35.171     35.962      0.321    1444.59    1444.95  0.000e+00
       3509     36.000     6.9761     7.0324     0.0567    0.82058    0.82111          1     7.3812     7.5531       9.96     0.0180  8.287e-14  1.000e-12  1.207e+03     7.1467     7.1400    -0.0067     5.5459     5.5368     35.666     36.468      0.214    1444.43    1444.66  0.000e+00
       3555     36.500     6.9739     6.9949     0.0210    0.82062    0.82081          1     7.3615     7.5521       9.96     0.0182  8.313e-14  1.000e-12  1.203e+03     7.1476     7.1450    -0.0025     5.5467     5.5433     36.161     36.975      0.369    1444.43    1444.52  0.000e+00
       3584     37.000     6.9740     6.9832     0.0092    0.82066    0.82073          1     7.3444     7.5598       9.96     0.0183  8.322e-14  1.000e-12  1.202e+03     7.1479     7.1466    -0.0013     5.5469     5.5453     36.657     37.481      0.375    1444.44    1444.48  0.000e+00
       3627     37.500     6.9732     6.9795     0.0062    0.82070    0.82074          1     7.3519     7.5752       9.96     0.0177  8.304e-14  1.000e-12  1.204e+03     7.1484     7.1474    -0.0009     5.5473     5.5462     37.152     37.988      0.230    1444.45    1444.47  0.000e+00
       3679     38.000     6.8358     6.9621     0.1265    0.81900    0.82054          1     7.3760     7.4477       9.96     0.0181  8.298e-14  1.000e-12  1.205e+03     7.1609     7.1491    -0.0119     5.5662     5.5486     37.647     38.494      0.301    1443.89    1444.41  0.000e+00
       3713     38.500     6.6071     6.8283     0.2209    0.81720    0.81928          1     7.2991     7.3409       9.96     0.0181  8.332e-14  1.000e-12  1.200e+03     7.1916     7.1650    -0.0266     5.6048     5.5700     38.143     39.000      0.349    1442.97    1443.87  0.000e+00
       3755     39.000     6.5267     6.6830     0.1561    0.81661    0.81807          1     7.2256     7.3020       9.96     0.0174  8.317e-14  1.000e-12  1.202e+03     7.2029     7.1839    -0.0190     5.6186     5.5940     38.638     39.507      0.236    1442.65    1443.29  0.000e+00
       3809     39.500     6.5185     6.6307     0.1122    0.81673    0.81775          1     7.1726     7.3127       9.96     0.0171  8.297e-14  1.000e-12  1.205e+03     7.2057     7.1918    -0.0139     5.6213     5.6035     39.133     40.013      0.262    1442.63    1443.09  0.000e+00
       3851     40.000     6.5047     6.5523     0.0476    0.81673    0.81716          1     7.1380     7.3218       9.96     0.0173  8.330e-14  1.000e-12  1.200e+03     7.2086     7.2026    -0.0059     5.6245     5.6169     39.628     40.520      0.282    1442.59    1442.78  0.000e+00
       3893     40.500     6.4839     6.5238     0.0399    0.81660    0.81701          1     7.1244     7.2861       9.96     0.0172  8.317e-14  1.000e-12  1.202e+03     7.2117     7.2071    -0.0046     5.6282     5.6222     40.124     41.026      0.289    1442.51    1442.67  0.000e+00
       3936     41.000     6.4514     6.4960     0.0446    0.81657    0.81684          1     7.0944     7.2216       9.96     0.0172  8.318e-14  1.000e-12  1.202e+03     7.2182     7.2114    -0.0068     5.6352     5.6272     40.619     41.533      0.268    1442.39    1442.57  0.000e+00
       3984     41.500     6.4204     6.4609     0.0405    0.81643    0.81676          1     7.0514     7.2016       9.96     0.0171  8.330e-14  1.000e-12  1.200e+03     7.2234     7.2179    -0.0054     5.6411     5.6345     41.114     42.039      0.234    1442.27    1442.43  0.000e+00
       4035     42.000     6.3947     6.4322     0.0376    0.81629    0.81663          1     7.0303     7.1942       9.96     0.0171  8.319e-14  1.000e-12  1.202e+03     7.2274     7.2227    -0.0047     5.6458     5.6399     41.610     42.545      0.261    1442.17    1442.33  0.000e+00
       4078     42.500     6.3001     6.3890     0.0889    0.81550    0.81631          1     7.0074     7.1497       9.96     0.0171  8.328e-14  1.000e-12  1.201e+03     7.2399     7.2287    -0.0112     5.6612     5.6472     42.105     43.052      0.254    1441.79    1442.16  0.000e+00
       4136     43.000     6.2257     6.3129     0.0875    0.81504    0.81578          1     6.9800     7.1283       9.96     0.0171  8.308e-14  1.000e-12  1.204e+03     7.2513     7.2398    -0.0115     5.6744     5.6604     42.600     43.558      0.220    1441.50    1441.86  0.000e+00
       4182     43.500     6.1768     6.2634     0.0866    0.81476    0.81547          1     6.9601     7.0920       9.96     0.0171  8.322e-14  1.000e-12  1.202e+03     7.2590     7.2472    -0.0117     5.6832     5.6691     43.096     44.065      0.329    1441.31    1441.66  0.000e+00
       4222     44.000     6.1100     6.1840     0.0738    0.81434    0.81495          1     6.9193     7.0501       9.96     0.0171  8.328e-14  1.000e-12  1.201e+03     7.2691     7.2592    -0.0100     5.6949     5.6829     43.591     44.571      0.248    1441.04    1441.35  0.000e+00
       4276     44.500     6.0682     6.1376     0.0694    0.81393    0.81467          1     6.8779     7.0161       9.96     0.0171  8.310e-14  1.000e-12  1.203e+03     7.2741     7.2663    -0.0078     5.7012     5.6912     44.086     45.077      0.251    1440.88    1441.17  0.000e+00
       4319     45.000     6.0407     6.0932     0.0525    0.81365    0.81430          1     6.8433     6.9851       9.96     0.0171  8.323e-14  1.000e-12  1.202e+03     7.2772     7.2722    -0.0050     5.7051     5.6983     44.581     45.584      0.274    1440.77    1440.99  0.000e+00
       4366     45.500     6.0139     6.0536     0.0397    0.81341    0.81391          1     6.8200     6.9776       9.96     0.0171  8.328e-14  1.000e-12  1.201e+03     7.2806     7.2769    -0.0037     5.7092     5.7042     45.077     46.090      0.247    1440.67    1440.84  0.000e+00
       4416     46.000     5.9957     6.0238     0.0282    0.81329    0.81364          1     6.7978     6.9772       9.96     0.0171  8.310e-14  1.000e-12  1.203e+03     7.2833     7.2806    -0.0026     5.7123     5.7087     45.572     46.597      0.220    1440.60    1440.72  0.000e+00
       4471     46.500     5.9920     6.0166     0.0245    0.81333    0.81365          1     6.7898     6.9790       9.96     0.0171  8.322e-14  1.000e-12  1.202e+03     7.2844     7.2822    -0.0022     5.7134     5.7103     46.067     47.103      0.270    1440.60    1440.70  0.000e+00
       4509     47.000     5.9886     6.0028     0.0142    0.81336    0.81352          1     6.7657     6.9829       9.96     0.0171  8.332e-14  1.000e-12  1.200e+03     7.2854     7.2839    -0.0015     5.7143     5.7124     46.563     47.609      0.291    1440.59    1440.65  0.000e+00
       4566     47.500     5.9786     5.9950     0.0164    0.81342    0.81352          1     6.7690     6.9702       9.96     0.0171  8.303e-14  1.000e-12  1.204e+03     7.2881     7.2855    -0.0025     5.7169     5.7141     47.058     48.116      0.236    1440.56    1440.63  0.000e+00
       4607     48.000     5.9387     5.9605     0.0217    0.81317    0.81336          1     6.7677     6.9476       9.96     0.0171  8.334e-14  1.000e-12  1.200e+03     7.2942     7.2913    -0.0029     5.7239     5.7205     47.553     48.622      0.354    1440.40    1440.49  0.000e+00
       4647     48.500     5.9258     5.9425     0.0166    0.81310    0.81325          1     6.7506     6.9325       9.96     0.0171  8.333e-14  1.000e-12  1.200e+03     7.2962     7.2941    -0.0021     5.7262     5.7236     48.049     49.128      0.237    1440.36    1440.43  0.000e+00
       4704     49.000     5.9087     5.9339     0.0252    0.81296    0.81324          1     6.7440     6.9137       9.96     0.0171  8.308e-14  1.000e-12  1.204e+03     7.2985     7.2958    -0.0027     5.7288     5.7254     48.544     49.635      0.258    1440.30    1440.40  0.000e+00
       4746     49.500     5.8898     5.9167     0.0269    0.81281    0.81309          1     6.7431     6.9044       9.96     0.0171  8.330e-14  1.000e-12  1.200e+03     7.3011     7.2980    -0.0031     5.7319     5.7280     49.039     50.141      0.291    1440.22    1440.34  0.000e+00
       4789     50.000     5.8842     5.8992     0.0150    0.81282    0.81299          1     6.7281     6.8900       9.96     0.0171  8.324e-14  1.000e-12  1.201e+03     7.3023     7.3007    -0.0016     5.7331     5.7311     49.534     50.647      0.264    1440.21    1440.27  0.000e+00
       4836     50.500     5.8714     5.8866     0.0152    0.81277    0.81291          1     6.7129     6.8880       9.96     0.0171  8.318e-14  1.000e-12  1.202e+03     7.3046     7.3026    -0.0019     5.7356     5.7333     50.030     51.154      0.248    1440.17    1440.23  0.000e+00
       4885     51.000     5.8481     5.8764     0.0283    0.81266    0.81289          1     6.7054     6.8698       9.96     0.0172  8.318e-14  1.000e-12  1.202e+03     7.3084     7.3046    -0.0038     5.7398     5.7353     50.525     51.660      0.251    1440.08    1440.20  0.000e+00
       4929     51.500     5.7954     5.8503     0.0550    0.81213    0.81270          1     6.6915     6.8335       9.96     0.0171  8.318e-14  1.000e-12  1.202e+03     7.3147     7.3083    -0.0063     5.7474     5.7396     51.020     52.167      0.289    1439.87    1440.10  0.000e+00
       4973     52.000     5.7726     5.8047     0.0321    0.81188    0.81228          1     6.6595     6.8303       9.96     0.0171  8.318e-14  1.000e-12  1.202e+03     7.3171     7.3141    -0.0030     5.7505     5.7465     51.516     52.673      0.247    1439.78    1439.91  0.000e+00
       5026     52.500     5.7668     5.7816     0.0148    0.81186    0.81205          1     6.6422     6.8349       9.96     0.0171  8.317e-14  1.000e-12  1.202e+03     7.3181     7.3168    -0.0014     5.7516     5.7498     52.011     53.179      0.236    1439.77    1439.83  0.000e+00
       5070     53.000     5.7614     5.7745     0.0131    0.81186    0.81201          1     6.6523     6.8282       9.96     0.0171  8.323e-14  1.000e-12  1.201e+03     7.3192     7.3178    -0.0014     5.7527     5.7510     52.506     53.686      0.301    1439.75    1439.81  0.000e+00
       5114     53.500     5.7566     5.7653     0.0087    0.81187    0.81196          1     6.6536     6.8263       9.96     0.0171  8.326e-14  1.000e-12  1.201e+03     7.3203     7.3193    -0.0010     5.7538     5.7526     53.001     54.192      0.236    1439.74    1439.78  0.000e+00
       5167     54.000     5.7554     5.7608     0.0054    0.81190    0.81197          1     6.6435     6.8297       9.96     0.0170  8.317e-14  1.000e-12  1.202e+03     7.3208     7.3203    -0.0006     5.7543     5.7536     53.497     54.698      0.252    1439.74    1439.77  0.000e+00
       5216     54.500     5.7559     5.7597     0.0037    0.81195    0.81199          1     6.6298     6.8319       9.96     0.0170  8.318e-14  1.000e-12  1.202e+03     7.3210     7.3207    -0.0004     5.7545     5.7540     53.992     55.205      0.228    1439.75    1439.77  0.000e+00
       5264     55.000     5.7570     5.7605     0.0035    0.81200    0.81205          1     6.6304     6.8308       9.96     0.0169  8.327e-14  1.000e-12  1.201e+03     7.3213     7.3210    -0.0003     5.7546     5.7542     54.487     55.711      0.304    1439.77    1439.78  0.000e+00
       5303     55.500     5.7564     5.7597     0.0033    0.81202    0.81205          1     6.6356     6.8233       9.96     0.0170  8.321e-14  1.000e-12  1.202e+03     7.3216     7.3211    -0.0004     5.7548     5.7543     54.982     56.217      0.259    1439.77    1439.79  0.000e+00
