ctdpy/tests/etc/all_smhi_bas_2018/SBE09_1044_20181016_0227_34_01_0096.cnv
* Sea-Bird SBE 9 Data File:
* FileName = C:\ctd\temp\ar18d096.hex
* Software Version Seasave V 7.21e
* Temperature SN = 5351
* Conductivity SN = 3941
* Number of Bytes Per Scan = 41
* Number of Voltage Words = 4
* Number of Scans Averaged by the Deck Unit = 1
* NMEA Latitude = 55 33.31 N
* NMEA Longitude = 018 24.00 E
* NMEA UTC (Time) = Oct 16 2018  05:27:42
* NMEA baud rate = 4800
** Station:  BCS III-10
** Operator:  OBac
** Ship: ARANDA
** Average sound velocity: 1452.96 m/s
** True-depth calculation Tue, 16 Oct 2018 06:22:10 +0000
** CTD Python Module SMHI /ver 3-12/ feb 2012 
** LIMS Job: 20183401-0096
** Cruise: SMHI-4-2018
** Latitude [GG MM.mm N]:
** Longitude [GG MM.mm E]
# nquan = 26
# nvalues = 168                         
# units = specified
# name 0 = scan: Scan Count
# name 1 = prDM: Pressure, Digiquartz [db]
# name 2 = t090C: Temperature [ITS-90, deg C]
# name 3 = t190C: Temperature, 2 [ITS-90, deg C]
# name 4 = T2-T190C: Temperature Difference, 2 - 1 [ITS-90, deg C]
# name 5 = c0S/m: Conductivity [S/m]
# name 6 = c1S/m: Conductivity, 2 [S/m]
# name 7 = pumps: Pump Status
# name 8 = sbeox0ML/L: Oxygen, SBE 43 [ml/l]
# name 9 = sbeox1ML/L: Oxygen, SBE 43, 2 [ml/l]
# name 10 = altM: Altimeter [m]
# name 11 = flECO-AFL: Chl-a Fluorescence, WET Labs ECO-AFL/FL [mg/m^3]
# name 12 = flECO-AFL1: Phycocyanin Fluorescence, WET Labs ECO-AFL/FL, 2 [mg/m^3]
# name 13 = par: PAR/Irradiance, Biospherical/Lico [µE/(cm^2*s)]
# name 14 = turbWETntu0: Turbidity, WET Labs ECO [NTU]
# name 15 = sal00: Salinity, Practical [PSU]
# name 16 = sal11: Salinity, Practical, 2 [PSU]
# name 17 = secS-priS: Salinity, Practical, Difference, 2 - 1 [PSU]
# name 18 = sigma-t00: Density [sigma-t, Kg/m^3 ]
# name 19 = sigma-t11: Density, 2 [sigma-t, Kg/m^3 ]
# name 20 = depSM: Depth [salt water, m], lat = 55.5552
# name 21 = depFM: Depth [true depth, m], lat = 55.5552
# name 22 = dz/dtM: Descent Rate [m/s], WS = 2
# name 23 = svCM: Sound Velocity [Chen-Millero, m/s]
# name 24 = svCM1: Sound Velocity, 2 [Chen-Millero, m/s]
# name 25 = flag: flag
# span 0 =      29189,      32906       
# span 1 =      1.500,     85.000       
# span 2 =     3.4368,    13.5482       
# span 3 =     3.4385,    13.5664       
# span 4 =    -0.0060,     0.0614       
# span 5 =   0.775886,   1.139369       
# span 6 =   0.775900,   1.138913       
# span 7 =          1,          1       
# span 8 = -9.990e-29, -9.990e-29       
# span 9 = -9.990e-29, -9.990e-29       
# span 10 =       3.97,     118.35      
# span 11 =     0.2454,     1.5164      
# span 12 =     0.1692,     0.4382      
# span 13 = -2.555e-06, 3.7090e+01      
# span 14 =     0.1430,     1.4822      
# span 15 =     7.2871,    10.5300      
# span 16 =     7.2831,    10.5258      
# span 17 =    -0.0063,     0.0002      
# span 18 =     4.9751,     8.2834      
# span 19 =     4.9720,     8.2802      
# span 20 =      1.486,     84.212      
# span 21 =      1.520,     86.082      
# span 22 =      0.160,      0.639      
# span 23 =    1429.83,    1469.70      
# span 24 =    1429.84,    1469.70      
# span 25 = 0.0000e+00, 0.0000e+00      
# interval = decibars: 0.5              
# start_time = Oct 16 2018 05:27:42 [NMEA time, first data scan]
# bad_flag = -9.990e-29
*END*
      29189      1.500    13.5333    13.5292    -0.0041    0.99376    0.99364          1 -9.990e-29 -9.990e-29     118.35     1.3295     0.3285  3.709e+01  0.2369000     7.3392     7.3390    -0.0002     4.9771     4.9776      1.486      1.520      0.160    1469.50    1469.48  0.000e+00
      29240      2.000    13.5482    13.5664     0.0182    0.99416    0.99454          1 -9.990e-29 -9.990e-29      47.63     1.4216     0.3765  3.102e+01  0.2513000     7.3395     7.3390    -0.0004     4.9751     4.9720      1.982      2.027      0.269    1469.56    1469.62  0.000e+00
      29273      2.500    13.5392    13.5400     0.0008    0.99391    0.99386          1 -9.990e-29 -9.990e-29      96.69     1.4787     0.3667  2.696e+01  0.2537000     7.3392     7.3386    -0.0006     4.9762     4.9757      2.477      2.534      0.437    1469.54    1469.54  0.000e+00
      29302      3.000    13.5312    13.5312     0.0001    0.99372    0.99366          1 -9.990e-29 -9.990e-29      97.35     1.4081     0.3545  2.231e+01  0.2494000     7.3391     7.3386    -0.0005     4.9773     4.9770      2.973      3.040      0.369    1469.52    1469.51  0.000e+00
      29336      3.500    13.5300    13.5315     0.0014    0.99369    0.99367          1 -9.990e-29 -9.990e-29      93.32     1.3608     0.3405  1.953e+01  0.2645000     7.3391     7.3387    -0.0004     4.9775     4.9769      3.468      3.547      0.441    1469.52    1469.52  0.000e+00
      29358      4.000    13.5310    13.5320     0.0010    0.99372    0.99370          1 -9.990e-29 -9.990e-29      65.30     1.3604     0.3317  1.623e+01  0.2763000     7.3391     7.3387    -0.0003     4.9773     4.9769      3.964      4.054      0.557    1469.53    1469.53  0.000e+00
      29380      4.500    13.5278    13.5292     0.0014    0.99364    0.99363          1 -9.990e-29 -9.990e-29      96.67     1.3662     0.3430  1.391e+01  0.2777000     7.3389     7.3386    -0.0003     4.9777     4.9772      4.459      4.561      0.503    1469.53    1469.53  0.000e+00
      29407      5.000    13.5226    13.5256     0.0031    0.99352    0.99354          1 -9.990e-29 -9.990e-29      97.38     1.3540     0.3461  1.177e+01  0.2764000     7.3389     7.3386    -0.0004     4.9785     4.9778      4.955      5.067      0.459    1469.52    1469.53  0.000e+00
      29431      5.500    13.5260    13.5278     0.0019    0.99361    0.99361          1 -9.990e-29 -9.990e-29      97.39     1.3548     0.3622  9.974e+00  0.2713000     7.3390     7.3386    -0.0004     4.9780     4.9775      5.450      5.574      0.545    1469.54    1469.55  0.000e+00
      29452      6.000    13.5192    13.5196     0.0004    0.99343    0.99339          1 -9.990e-29 -9.990e-29      97.38     1.3790     0.3499  8.901e+00  0.2571000     7.3388     7.3384    -0.0004     4.9789     4.9786      5.946      6.081      0.562    1469.52    1469.52  0.000e+00
      29474      6.500    13.5120    13.5097    -0.0024    0.99327    0.99315          1 -9.990e-29 -9.990e-29      97.37     1.4319     0.3977  7.801e+00  0.2749000     7.3388     7.3383    -0.0005     4.9800     4.9800      6.441      6.588      0.516    1469.50    1469.49  0.000e+00
      29498      7.000    13.5146    13.5101    -0.0044    0.99335    0.99318          1 -9.990e-29 -9.990e-29      97.38     1.4200     0.4009  6.750e+00  0.2733000     7.3389     7.3385    -0.0005     4.9797     4.9800      6.936      7.094      0.515    1469.52    1469.51  0.000e+00
      29520      7.500    13.5096    13.5100     0.0003    0.99322    0.99318          1 -9.990e-29 -9.990e-29      97.37     1.5004     0.4058  5.820e+00  0.2729000     7.3388     7.3384    -0.0004     4.9803     4.9800      7.432      7.601      0.556    1469.51    1469.51  0.000e+00
      29541      8.000    13.5047    13.5033    -0.0013    0.99309    0.99301          1 -9.990e-29 -9.990e-29      97.39     1.4875     0.3925  5.215e+00  0.2781000     7.3387     7.3383    -0.0004     4.9810     4.9809      7.927      8.108      0.562    1469.50    1469.50  0.000e+00
      29563      8.500    13.5048    13.5075     0.0027    0.99311    0.99314          1 -9.990e-29 -9.990e-29      89.83     1.4608     0.3576  4.511e+00  0.2718000     7.3388     7.3384    -0.0003     4.9810     4.9804      8.423      8.615      0.547    1469.51    1469.52  0.000e+00
      29585      9.000    13.4968    13.5008     0.0040    0.99290    0.99296          1 -9.990e-29 -9.990e-29      87.47     1.4542     0.3975  3.962e+00  0.2686000     7.3385     7.3382    -0.0003     4.9820     4.9812      8.918      9.121      0.540    1469.49    1469.50  0.000e+00
      29607      9.500    13.4904    13.4953     0.0049    0.99273    0.99281          1 -9.990e-29 -9.990e-29      97.31     1.4690     0.3688  3.518e+00  0.2728000     7.3384     7.3381    -0.0003     4.9829     4.9819      9.414      9.628      0.535    1469.48    1469.49  0.000e+00
      29630     10.000    13.4905    13.4907     0.0002    0.99274    0.99269          1 -9.990e-29 -9.990e-29      97.37     1.4755     0.3804  3.086e+00  0.2744000     7.3384     7.3380    -0.0004     4.9828     4.9825      9.909     10.135      0.523    1469.48    1469.48  0.000e+00
      29653     10.500    13.4930    13.4951     0.0022    0.99281    0.99282          1 -9.990e-29 -9.990e-29      97.38     1.5164     0.4044  2.723e+00  0.2804000     7.3384     7.3381    -0.0003     4.9825     4.9819     10.405     10.642      0.534    1469.50    1469.51  0.000e+00
      29675     11.000    13.5026    13.5020    -0.0006    0.99308    0.99301          1 -9.990e-29 -9.990e-29      97.37     1.4569     0.3712  2.415e+00  0.2652000     7.3387     7.3382    -0.0004     4.9813     4.9810     10.900     11.148      0.557    1469.54    1469.54  0.000e+00
      29696     11.500    13.5013    13.4993    -0.0019    0.99305    0.99295          1 -9.990e-29 -9.990e-29      97.38     1.4270     0.3422  2.132e+00  0.2727000     7.3387     7.3382    -0.0005     4.9815     4.9814     11.395     11.655      0.570    1469.55    1469.54  0.000e+00
      29717     12.000    13.4959    13.4972     0.0011    0.99289    0.99289          1 -9.990e-29 -9.990e-29      97.37     1.4571     0.3985  1.889e+00  0.2733000     7.3384     7.3381    -0.0003     4.9820     4.9816     11.891     12.162      0.551    1469.53    1469.54  0.000e+00
      29740     12.500    13.4819    13.4765    -0.0054    0.99251    0.99230          1 -9.990e-29 -9.990e-29      97.38     1.4449     0.3561  1.685e+00  0.2880000     7.3380     7.3373    -0.0007     4.9838     4.9841     12.386     12.669      0.507    1469.49    1469.47  0.000e+00
      29765     13.000    13.4691    13.4764     0.0073    0.99214    0.99232          1 -9.990e-29 -9.990e-29      97.38     1.4401     0.3579  1.493e+00  0.2931000     7.3374     7.3374     0.0000     4.9853     4.9842     12.882     13.175      0.502    1469.45    1469.48  0.000e+00
      29787     13.500    13.4869    13.5017     0.0148    0.99272    0.99310          1 -9.990e-29 -9.990e-29      97.38     1.4785     0.3194  1.337e+00  0.2829000     7.3385     7.3388     0.0002     4.9835     4.9815     13.377     13.682      0.564    1469.53    1469.58  0.000e+00
      29807     14.000    13.5110    13.5127     0.0017    0.99341    0.99342          1 -9.990e-29 -9.990e-29      97.38     1.4685     0.3484  1.192e+00  0.2853000     7.3394     7.3391    -0.0003     4.9806     4.9801     13.873     14.189      0.603    1469.62    1469.63  0.000e+00
      29827     14.500    13.5099    13.5131     0.0031    0.99339    0.99343          1 -9.990e-29 -9.990e-29      97.37     1.4454     0.3826  1.053e+00  0.2672000     7.3394     7.3391    -0.0003     4.9808     4.9801     14.368     14.696      0.566    1469.63    1469.64  0.000e+00
      29850     15.000    13.5089    13.5115     0.0026    0.99337    0.99339          1 -9.990e-29 -9.990e-29      97.37     1.4346     0.3909  9.374e-01  0.2672000     7.3394     7.3390    -0.0003     4.9809     4.9802     14.863     15.202      0.496    1469.63    1469.64  0.000e+00
      29876     15.500    13.5079    13.5075    -0.0003    0.99335    0.99328          1 -9.990e-29 -9.990e-29      97.38     1.4523     0.3792  8.369e-01  0.2823000     7.3393     7.3389    -0.0004     4.9810     4.9807     15.359     15.709      0.507    1469.64    1469.63  0.000e+00
      29897     16.000    13.5081    13.5095     0.0014    0.99335    0.99334          1 -9.990e-29 -9.990e-29      97.39     1.4478     0.3793  7.541e-01  0.2770000     7.3393     7.3390    -0.0003     4.9809     4.9805     15.854     16.216      0.582    1469.64    1469.65  0.000e+00
      29917     16.500    13.4998    13.5046     0.0049    0.99312    0.99320          1 -9.990e-29 -9.990e-29      86.43     1.4345     0.3922  6.642e-01  0.2697000     7.3390     7.3387    -0.0003     4.9820     4.9810     16.350     16.723      0.593    1469.62    1469.64  0.000e+00
      29938     17.000    13.5029    13.5039     0.0011    0.99321    0.99320          1 -9.990e-29 -9.990e-29      74.98     1.4281     0.3949  5.898e-01  0.2667000     7.3391     7.3388    -0.0003     4.9816     4.9812     16.845     17.229      0.537    1469.64    1469.64  0.000e+00
      29962     17.500    13.5043    13.5060     0.0017    0.99326    0.99326          1 -9.990e-29 -9.990e-29      97.47     1.4525     0.3736  5.242e-01  0.2679000     7.3392     7.3388    -0.0004     4.9814     4.9809     17.341     17.736      0.504    1469.66    1469.66  0.000e+00
      29985     18.000    13.5088    13.5090     0.0002    0.99339    0.99336          1 -9.990e-29 -9.990e-29      97.38     1.4336     0.3632  4.741e-01  0.2714000     7.3393     7.3390    -0.0003     4.9808     4.9806     17.836     18.243      0.540    1469.68    1469.68  0.000e+00
      30007     18.500    13.5091    13.5108     0.0017    0.99341    0.99341          1 -9.990e-29 -9.990e-29      97.39     1.4685     0.3975  4.210e-01  0.2677000     7.3393     7.3390    -0.0003     4.9808     4.9803     18.332     18.750      0.572    1469.69    1469.70  0.000e+00
      30027     19.000    13.5058    13.5011    -0.0047    0.99333    0.99312          1 -9.990e-29 -9.990e-29      73.47     1.4487     0.4112  3.689e-01  0.2723000     7.3392     7.3385    -0.0007     4.9812     4.9814     18.827     19.256      0.563    1469.68    1469.67  0.000e+00
      30049     19.500    13.5066    13.5028    -0.0038    0.99335    0.99320          1 -9.990e-29 -9.990e-29      70.59     1.4369     0.4115  3.272e-01  0.2698000     7.3392     7.3387    -0.0005     4.9811     4.9813     19.322     19.763      0.531    1469.70    1469.68  0.000e+00
      30073     20.000    13.5004    13.5013     0.0009    0.99318    0.99315          1 -9.990e-29 -9.990e-29      89.21     1.4323     0.4012  2.898e-01  0.2757000     7.3390     7.3386    -0.0004     4.9818     4.9814     19.818     20.270      0.525    1469.68    1469.68  0.000e+00
      30095     20.500    13.4952    13.4937    -0.0013    0.99303    0.99294          1 -9.990e-29 -9.990e-29      97.55     1.4324     0.4036  2.633e-01  0.2826000     7.3388     7.3383    -0.0005     4.9825     4.9823     20.313     20.777      0.547    1469.67    1469.67  0.000e+00
      30117     21.000    13.4848    13.4893     0.0044    0.99275    0.99282          1 -9.990e-29 -9.990e-29      74.83     1.4374     0.4007  2.302e-01  0.2825000     7.3384     7.3382    -0.0003     4.9838     4.9829     20.809     21.283      0.552    1469.64    1469.66  0.000e+00
      30138     21.500    13.4909    13.4968     0.0059    0.99293    0.99305          1 -9.990e-29 -9.990e-29      68.50     1.4568     0.3845  1.980e-01  0.2838000     7.3387     7.3385    -0.0002     4.9830     4.9820     21.304     21.790      0.544    1469.67    1469.69  0.000e+00
      30161     22.000    13.4851    13.4879     0.0029    0.99276    0.99279          1 -9.990e-29 -9.990e-29      68.02     1.4569     0.3964  1.675e-01  0.2739000     7.3384     7.3380    -0.0003     4.9836     4.9830     21.799     22.297      0.550    1469.66    1469.67  0.000e+00
      30182     22.500    13.4677    13.4708     0.0030    0.99227    0.99231          1 -9.990e-29 -9.990e-29      67.50     1.4037     0.4382  1.411e-01  0.2853000     7.3377     7.3374    -0.0003     4.9858     4.9851     22.295     22.804      0.554    1469.60    1469.62  0.000e+00
      30204     23.000    13.4629    13.4644     0.0015    0.99214    0.99213          1 -9.990e-29 -9.990e-29      67.00     1.4123     0.4188  1.206e-01  0.2728000     7.3376     7.3372    -0.0004     4.9864     4.9858     22.790     23.310      0.533    1469.60    1469.60  0.000e+00
      30227     23.500    13.4637    13.4644     0.0007    0.99218    0.99214          1 -9.990e-29 -9.990e-29      66.50     1.4203     0.3753  1.118e-01  0.2771000     7.3377     7.3373    -0.0004     4.9863     4.9859     23.286     23.817      0.516    1469.61    1469.61  0.000e+00
      30250     24.000    13.4610    13.4644     0.0034    0.99210    0.99216          1 -9.990e-29 -9.990e-29      75.05     1.4025     0.3733  8.965e-02  0.2693000     7.3375     7.3373    -0.0002     4.9866     4.9859     23.781     24.324      0.537    1469.61    1469.62  0.000e+00
      30272     24.500    13.4582    13.4626     0.0043    0.99203    0.99212          1 -9.990e-29 -9.990e-29      97.25     1.3982     0.3968  6.899e-02  0.2569000     7.3374     7.3373    -0.0001     4.9869     4.9862     24.277     24.830      0.573    1469.60    1469.62  0.000e+00
      30292     25.000    13.4548    13.4568     0.0019    0.99193    0.99194          1 -9.990e-29 -9.990e-29      97.38     1.4314     0.3976  5.538e-02  0.2664000     7.3372     7.3369    -0.0003     4.9873     4.9868     24.772     25.337      0.583    1469.60    1469.60  0.000e+00
      30313     25.500    13.4410    13.4412     0.0002    0.99148    0.99141          1 -9.990e-29 -9.990e-29      78.26     1.4203     0.4113  4.573e-02  0.2678000     7.3362     7.3357    -0.0005     4.9886     4.9881     25.267     25.844      0.545    1469.56    1469.55  0.000e+00
      30337     26.000    13.4358    13.4373     0.0016    0.99131    0.99130          1 -9.990e-29 -9.990e-29      63.83     1.3651     0.4122  3.379e-02  0.2658000     7.3358     7.3354    -0.0004     4.9891     4.9885     25.763     26.351      0.504    1469.54    1469.55  0.000e+00
      30361     26.500    13.4237    13.4249     0.0012    0.99091    0.99089          1 -9.990e-29 -9.990e-29      79.78     1.3385     0.3489  2.253e-02  0.2725000     7.3349     7.3345    -0.0004     4.9901     4.9896     26.258     26.857      0.534    1469.51    1469.51  0.000e+00
      30381     27.000    13.3892    13.3942     0.0050    0.98982    0.98993          1 -9.990e-29 -9.990e-29      97.32     1.3019     0.3801  1.021e-02  0.2662000     7.3327     7.3326    -0.0001     4.9935     4.9928     26.754     27.364      0.602    1469.39    1469.41  0.000e+00
      30401     27.500    13.3489    13.3537     0.0049    0.98866    0.98874          1 -9.990e-29 -9.990e-29      97.40     1.2781     0.4319  3.824e-03  0.2622000     7.3311     7.3308    -0.0003     4.9983     4.9974     27.249     27.871      0.626    1469.25    1469.27  0.000e+00
      30420     28.000    13.3267    13.3282     0.0015    0.98816    0.98815          1 -9.990e-29 -9.990e-29      97.40     1.2598     0.3835  3.361e-04  0.2607000     7.3314     7.3310    -0.0004     5.0018     5.0012     27.744     28.378      0.608    1469.18    1469.19  0.000e+00
      30440     28.500    13.2900    13.2936     0.0036    0.98735    0.98739          1 -9.990e-29 -9.990e-29      97.40     1.1507     0.3471 -2.555e-06  0.2487000     7.3318     7.3315    -0.0004     5.0075     5.0067     28.240     28.884      0.571    1469.06    1469.07  0.000e+00
