ctdpy/tests/etc/all_smhi_bas_2018/SBE09_1044_20181109_1959_34_01_0122.cnv
* Sea-Bird SBE 9 Data File:
* FileName = C:\ctd\temp\ar18d122.hex
* Software Version Seasave V 7.26.7.107
* Temperature SN = 5351
* Conductivity SN = 3941
* Number of Bytes Per Scan = 41
* Number of Voltage Words = 4
* Number of Scans Averaged by the Deck Unit = 1
* NMEA Latitude = 57 18.73 N
* NMEA Longitude = 020 04.54 E
* NMEA UTC (Time) = Nov 09 2018  19:59:06
* NMEA baud rate = 4800
** Station:  BY15
** Operator:  A-KTh
** Ship: ARANDA
** Average sound velocity: 1449.43 m/s
** True-depth calculation Sat, 10 Nov 2018 13:04:56 +0000
** CTD Python Module SMHI /ver 3-12/ feb 2012 
** LIMS Job: 20183401-0122
** Cruise: SMHI-6-2018
** Latitude [GG MM.mm N]:
** Longitude [GG MM.mm E]
# nquan = 26
# nvalues = 471                         
# units = specified
# name 0 = scan: Scan Count
# name 1 = prDM: Pressure, Digiquartz [db]
# name 2 = t090C: Temperature [ITS-90, deg C]
# name 3 = t190C: Temperature, 2 [ITS-90, deg C]
# name 4 = T2-T190C: Temperature Difference, 2 - 1 [ITS-90, deg C]
# name 5 = c0S/m: Conductivity [S/m]
# name 6 = c1S/m: Conductivity, 2 [S/m]
# name 7 = pumps: Pump Status
# name 8 = sbeox0ML/L: Oxygen, SBE 43 [ml/l]
# name 9 = sbeox1ML/L: Oxygen, SBE 43, 2 [ml/l]
# name 10 = altM: Altimeter [m]
# name 11 = flECO-AFL: Chl-a Fluorescence, WET Labs ECO-AFL/FL [mg/m^3]
# name 12 = flECO-AFL1: Phycocyanin Fluorescence, WET Labs ECO-AFL/FL, 2 [mg/m^3]
# name 13 = par: PAR/Irradiance, Biospherical/Lico [µE/(cm^2*s)]
# name 14 = turbWETntu0: Turbidity, WET Labs ECO [NTU]
# name 15 = sal00: Salinity, Practical [PSU]
# name 16 = sal11: Salinity, Practical, 2 [PSU]
# name 17 = secS-priS: Salinity, Practical, Difference, 2 - 1 [PSU]
# name 18 = sigma-t00: Density [sigma-t, Kg/m^3 ]
# name 19 = sigma-t11: Density, 2 [sigma-t, Kg/m^3 ]
# name 20 = depSM: Depth [salt water, m], lat = 57.3122
# name 21 = depFM: Depth [true depth, m], lat = 57.3122
# name 22 = dz/dtM: Descent Rate [m/s], WS = 2
# name 23 = svCM: Sound Velocity [Chen-Millero, m/s]
# name 24 = svCM1: Sound Velocity, 2 [Chen-Millero, m/s]
# name 25 = flag: flag
# span 0 =      15937,      27354       
# span 1 =      1.000,    236.000       
# span 2 =     3.4348,     9.0768       
# span 3 =     3.4374,     9.0781       
# span 4 =    -0.0085,     0.0496       
# span 5 =   0.771856,   1.454902       
# span 6 =   0.771851,   1.454903       
# span 7 =          1,          1       
# span 8 =    0.01232,    8.37186       
# span 9 =    0.04449,    8.63097       
# span 10 =       1.86,      98.59      
# span 11 =     0.1827,     0.9787      
# span 12 =     0.1477,     0.3860      
# span 13 = 1.0000e-12, 1.2720e+00      
# span 14 =     0.1120,     0.5453      
# span 15 =     7.0029,    13.2481      
# span 16 =     7.0025,    13.2476      
# span 17 =    -0.0056,     0.0016      
# span 18 =     5.2723,    10.3417      
# span 19 =     5.2719,    10.3412      
# span 20 =      0.991,    233.693      
# span 21 =      1.013,    238.370      
# span 22 =      0.036,      0.588      
# span 23 =    1429.81,    1454.94      
# span 24 =    1429.82,    1454.94      
# span 25 = 0.0000e+00, 0.0000e+00      
# interval = decibars: 0.5              
# start_time = Nov 09 2018 19:59:06 [NMEA time, first data scan]
# bad_flag = -9.990e-29
*END*
[from data line 56]
      17272     29.000     9.0555     9.0561     0.0006    0.85808    0.85804          1     7.4094     7.0832      97.63     0.5721     0.2878  1.000e-12  0.1973000     7.0680     7.0675    -0.0005     5.3164     5.3159     28.731     29.382      0.549    1452.73    1452.73  0.000e+00
      17294     29.500     9.0492     9.0514     0.0022    0.85801    0.85801          1     7.4031     7.0782      46.66     0.5782     0.2883  1.000e-12  0.1847000     7.0685     7.0681    -0.0004     5.3174     5.3169     29.226     29.889      0.548    1452.71    1452.72  0.000e+00
      17316     30.000     9.0406     9.0430     0.0024    0.85785    0.85785          1     7.3989     7.0747      86.74     0.5614     0.2870  1.000e-12  0.1831000     7.0688     7.0683    -0.0005     5.3184     5.3178     29.721     30.396      0.546    1452.68    1452.70  0.000e+00
      17338     30.500     9.0297     9.0311     0.0014    0.85763    0.85761          1     7.4093     7.0792      97.52     0.5304     0.2772  1.000e-12  0.1867000     7.0689     7.0684    -0.0005     5.3195     5.3191     30.217     30.902      0.540    1452.65    1452.66  0.000e+00
      17360     31.000     9.0338     9.0345     0.0007    0.85787    0.85782          1     7.4165     7.0764      97.63     0.5139     0.2814  1.000e-12  0.1868000     7.0701     7.0696    -0.0005     5.3201     5.3197     30.712     31.409      0.542    1452.68    1452.68  0.000e+00
      17382     31.500     9.0483     9.0495     0.0012    0.85851    0.85849          1     7.4039     7.0762      97.67     0.5344     0.3516  1.000e-12  0.1854000     7.0729     7.0725    -0.0004     5.3209     5.3205     31.208     31.915      0.552    1452.75    1452.75  0.000e+00
      17404     32.000     9.0564     9.0571     0.0007    0.85890    0.85886          1     7.3997     7.0767      65.46     0.5463     0.2770  1.000e-12  0.1736000     7.0747     7.0742    -0.0005     5.3216     5.3211     31.703     32.422      0.553    1452.79    1452.79  0.000e+00
      17426     32.500     9.0593     9.0607     0.0014    0.85908    0.85906          1     7.4012     7.0751      62.77     0.5337     0.2824  1.000e-12  0.1902000     7.0757     7.0752    -0.0004     5.3220     5.3216     32.198     32.928      0.547    1452.81    1452.81  0.000e+00
      17448     33.000     9.0541     9.0557     0.0016    0.85898    0.85896          1     7.4035     7.0705      62.58     0.5418     0.2885  1.000e-12  0.1892000     7.0758     7.0753    -0.0005     5.3226     5.3221     32.693     33.435      0.545    1452.80    1452.80  0.000e+00
      17470     33.500     9.0456     9.0475     0.0018    0.85877    0.85877          1     7.4064     7.0806      98.06     0.5260     0.2844  1.000e-12  0.1862000     7.0755     7.0752    -0.0003     5.3232     5.3228     33.189     33.942      0.555    1452.77    1452.78  0.000e+00
      17491     34.000     9.0349     9.0363     0.0014    0.85845    0.85842          1     7.4028     7.0748      97.69     0.5248     0.3066  1.000e-12  0.1901000     7.0748     7.0742    -0.0005     5.3236     5.3231     33.684     34.448      0.557    1452.73    1452.74  0.000e+00
      17513     34.500     9.0148     9.0176     0.0027    0.85780    0.85782          1     7.3936     7.0795      86.44     0.5453     0.3234  1.000e-12  0.1955000     7.0729     7.0725    -0.0004     5.3241     5.3235     34.179     34.955      0.540    1452.66    1452.67  0.000e+00
      17536     35.000     8.9932     8.9971     0.0039    0.85716    0.85721          1     7.3873     7.0742      40.81     0.5444     0.2729  1.000e-12  0.2041000     7.0715     7.0712    -0.0003     5.3250     5.3244     34.675     35.461      0.536    1452.58    1452.59  0.000e+00
      17558     35.500     8.9812     8.9832     0.0019    0.85690    0.85690          1     7.4006     7.0701      56.50     0.5215     0.3052  1.000e-12  0.1921000     7.0714     7.0711    -0.0003     5.3261     5.3256     35.170     35.968      0.549    1452.54    1452.55  0.000e+00
      17579     36.000     8.9781     8.9794     0.0014    0.85691    0.85689          1     7.4101     7.0745      97.51     0.5228     0.2773  1.000e-12  0.1934000     7.0721     7.0717    -0.0005     5.3269     5.3264     35.665     36.474      0.551    1452.54    1452.54  0.000e+00
      17601     36.500     8.9882     8.9888     0.0005    0.85748    0.85743          1     7.3932     7.0715      97.76     0.5129     0.2454  1.000e-12  0.1972000     7.0751     7.0746    -0.0005     5.3283     5.3278     36.161     36.981      0.542    1452.59    1452.59  0.000e+00
      17624     37.000     8.9818     8.9832     0.0014    0.85749    0.85746          1     7.3758     7.0608      97.68     0.5089     0.2618  1.000e-12  0.1905000     7.0764     7.0759    -0.0005     5.3299     5.3294     36.656     37.488      0.538    1452.57    1452.58  0.000e+00
      17646     37.500     8.9412     8.9448     0.0035    0.85614    0.85620          1     7.3726     7.0540      97.78     0.4983     0.2314  1.000e-12  0.1866000     7.0724     7.0722    -0.0002     5.3306     5.3301     37.151     37.994      0.546    1452.41    1452.43  0.000e+00
      17668     38.000     8.9354     8.9372     0.0018    0.85600    0.85598          1     7.3760     7.0471      97.76     0.4817     0.2745  1.000e-12  0.1879000     7.0723     7.0718    -0.0005     5.3310     5.3304     37.647     38.501      0.550    1452.40    1452.40  0.000e+00
      17690     38.500     8.9477     8.9441    -0.0036    0.85651    0.85633          1     7.3861     7.0584      97.11     0.4768     0.2690  1.000e-12  0.1899000     7.0743     7.0735    -0.0008     5.3314     5.3311     38.142     39.007      0.544    1452.46    1452.44  0.000e+00
      17712     39.000     8.9690     8.9623    -0.0065    0.85737    0.85706          1     7.3911     7.0727      97.80     0.4846     0.2415  1.000e-12  0.1798000     7.0777     7.0762    -0.0015     5.3321     5.3316     38.637     39.514      0.542    1452.55    1452.53  0.000e+00
      17734     39.500     9.0356     9.0321    -0.0035    0.86051    0.86031          1     7.3626     7.0548      97.82     0.4626     0.2472  1.000e-12  0.1817000     7.0922     7.0912    -0.0010     5.3372     5.3367     39.132     40.020      0.549    1452.85    1452.83  0.000e+00
      17755     40.000     9.0383     9.0407     0.0024    0.86069    0.86072          1     7.3773     7.0599      97.80     0.5314     0.2776  1.000e-12  0.1746000     7.0933     7.0930    -0.0003     5.3378     5.3373     39.628     40.527      0.556    1452.87    1452.88  0.000e+00
      17777     40.500     8.9862     8.9910     0.0047    0.85917    0.85919          1     7.4274     7.0940      97.82     0.5150     0.1928  1.000e-12  0.1866000     7.0901     7.0893    -0.0008     5.3402     5.3391     40.123     41.034      0.558    1452.66    1452.68  0.000e+00
      17798     41.000     8.9852     8.9844    -0.0008    0.85954    0.85945          1     7.3646     7.0618      97.81     0.4929     0.2867  1.000e-12  0.1868000     7.0935     7.0929    -0.0006     5.3429     5.3425     40.618     41.540      0.560    1452.67    1452.67  0.000e+00
      17820     41.500     8.9767     8.9863     0.0095    0.86042    0.86067          1     7.3047     7.0296      97.84     0.4906     0.2825  1.000e-12  0.1823000     7.1030     7.1032     0.0003     5.3511     5.3504     41.114     42.047      0.560    1452.66    1452.70  0.000e+00
      17841     42.000     8.7337     8.7410     0.0073    0.85364    0.85375          1     7.3330     7.0361      97.84     0.5033     0.2778  1.000e-12  0.1869000     7.0910     7.0905    -0.0005     5.3640     5.3630     41.609     42.553      0.553    1451.68    1451.70  0.000e+00
      17863     42.500     8.6946     8.6890    -0.0055    0.85310    0.85274          1     7.3698     7.0370      97.84     0.4405     0.2751  1.000e-12  0.1805000     7.0939     7.0918    -0.0021     5.3699     5.3687     42.104     43.060      0.548    1451.53    1451.51  0.000e+00
      17885     43.000     8.7858     8.7802    -0.0056    0.85784    0.85752          1     7.3796     7.0267      97.26     0.4319     0.2646  1.000e-12  0.1870000     7.1179     7.1162    -0.0018     5.3804     5.3795     42.599     43.566      0.544    1451.94    1451.91  0.000e+00
      17907     43.500     8.8658     8.8655    -0.0004    0.86196    0.86193          1     7.3993     7.0602      42.75     0.4301     0.2652  1.000e-12  0.1779000     7.1386     7.1383    -0.0003     5.3892     5.3890     43.095     44.073      0.543    1452.29    1452.29  0.000e+00
      17929     44.000     8.8900     8.8920     0.0021    0.86391    0.86390          1     7.3702     7.0794      97.37     0.4444     0.3296  1.000e-12  0.1779000     7.1511     7.1505    -0.0006     5.3967     5.3961     43.590     44.579      0.551    1452.41    1452.42  0.000e+00
      17951     44.500     8.8510     8.8551     0.0041    0.86357    0.86358          1     7.2839     7.0697      97.85     0.4503     0.2710  1.000e-12  0.1808000     7.1558     7.1550    -0.0007     5.4040     5.4030     44.085     45.086      0.557    1452.27    1452.28  0.000e+00
      17972     45.000     8.6242     8.6450     0.0211    0.85734    0.85769          1     7.2816     7.1034      97.87     0.4562     0.2724  1.000e-12  0.1781000     7.1456     7.1446    -0.0010     5.4164     5.4138     44.581     45.592      0.549    1451.35    1451.43  0.000e+00
      17995     45.500     8.1974     8.2161     0.0186    0.84761    0.84774          1     7.3661     7.1941      97.85     0.4579     0.2871  1.000e-12  0.1765000     7.1442     7.1415    -0.0027     5.4522     5.4485     45.076     46.099      0.540    1449.63    1449.70  0.000e+00
      18017     46.000     8.0474     8.0611     0.0136    0.84621    0.84637          1     7.4292     7.3017      38.58     0.4055     0.2688  1.000e-12  0.1922000     7.1619     7.1606    -0.0013     5.4784     5.4763     45.571     46.605      0.549    1449.05    1449.10  0.000e+00
      18038     46.500     7.8732     7.8818     0.0087    0.84259    0.84268          1     7.3716     7.3311      94.95     0.3603     0.2211  1.000e-12  0.1527000     7.1645     7.1635    -0.0010     5.4944     5.4929     46.067     47.112      0.563    1448.34    1448.38  0.000e+00
      18060     47.000     7.5179     7.5557     0.0382    0.83618    0.83663          1     7.3532     7.4661      97.90     0.3936     0.2078  1.000e-12  0.1599000     7.1785     7.1748    -0.0037     5.5324     5.5267     46.562     47.618      0.560    1446.90    1447.05  0.000e+00
      18081     47.500     6.7528     6.7862     0.0329    0.82182    0.82233          1     7.4970     7.8350      97.87     0.3573     0.2592  1.000e-12  0.1503000     7.2036     7.2014    -0.0022     5.6049     5.6010     47.057     48.125      0.544    1443.75    1443.88  0.000e+00
      18104     48.000     6.1662     6.1874     0.0215    0.81139    0.81170          1     7.4406     8.1400      97.89     0.3002     0.2631  1.000e-12  0.1386000     7.2284     7.2268    -0.0016     5.6596     5.6571     47.552     48.631      0.535    1441.29    1441.38  0.000e+00
      18126     48.500     5.7290     5.7672     0.0386    0.80551    0.80593          1     7.4258     8.2963      97.90     0.2781     0.2291  1.000e-12  0.1296000     7.2652     7.2612    -0.0041     5.7116     5.7064     48.048     49.138      0.551    1439.47    1439.63  0.000e+00
      18147     49.000     4.8058     4.8560     0.0496    0.79015    0.79087          1     7.5947     8.3571      84.74     0.2959     0.1942  1.000e-12  0.1264000     7.3156     7.3117    -0.0039     5.7909     5.7859     48.543     49.644      0.568    1435.51    1435.72  0.000e+00
      18168     49.500     4.4224     4.4357     0.0133    0.78318    0.78329          1     7.6997     8.3761      97.14     0.2727     0.2069  1.000e-12  0.1560000     7.3307     7.3289    -0.0018     5.8160     5.8141     49.038     50.150      0.560    1433.83    1433.89  0.000e+00
      18190     50.000     4.2877     4.3064     0.0187    0.78147    0.78170          1     7.6784     8.4337      97.74     0.2424     0.1672  1.000e-12  0.1437000     7.3434     7.3416    -0.0019     5.8301     5.8281     49.533     50.657      0.536    1433.26    1433.34  0.000e+00
      18213     50.500     4.0052     4.0251     0.0202    0.77773    0.77791          1     7.6638     8.5654      97.95     0.2640     0.2065  1.000e-12  0.1393000     7.3689     7.3662    -0.0027     5.8578     5.8552     50.029     51.163      0.529    1432.03    1432.12  0.000e+00
      18235     51.000     3.7196     3.7334     0.0135    0.77249    0.77268          1     7.7009     8.6310      97.97     0.2422     0.2296  1.000e-12  0.1415000     7.3797     7.3785    -0.0012     5.8728     5.8716     50.524     51.669      0.551    1430.76    1430.82  0.000e+00
      18257     51.500     3.6563     3.6607     0.0044    0.77202    0.77204          1     7.7415     8.5695      97.97     0.2206     0.2328  1.000e-12  0.1400000     7.3893     7.3885    -0.0008     5.8817     5.8810     51.019     52.176      0.564    1430.50    1430.51  0.000e+00
      18278     52.000     3.6311     3.6354     0.0044    0.77237    0.77237          1     7.8533     8.5055      97.54     0.2103     0.2267  1.000e-12  0.1403000     7.3985     7.3976    -0.0010     5.8896     5.8887     51.515     52.682      0.556    1430.40    1430.42  0.000e+00
      18300     52.500     3.5727     3.5773     0.0045    0.77186    0.77185          1     8.0003     8.4606      92.73     0.2088     0.1645  1.000e-12  0.1477000     7.4065     7.4054    -0.0011     5.8970     5.8960     52.010     53.188      0.542    1430.15    1430.17  0.000e+00
      18322     53.000     3.5505     3.5537     0.0032    0.77230    0.77226          1     8.1697     8.3814      97.90     0.2141     0.2594  1.000e-12  0.1370000     7.4160     7.4149    -0.0011     5.9050     5.9041     52.505     53.694      0.540    1430.07    1430.09  0.000e+00
      18344     53.500     3.5094     3.5140     0.0047    0.77219    0.77221          1     8.3365     8.2477      97.97     0.2054     0.1972  1.000e-12  0.1377000     7.4243     7.4234    -0.0009     5.9123     5.9115     53.000     54.201      0.548    1429.90    1429.92  0.000e+00
      18366     54.000     3.4856     3.4876     0.0020    0.77249    0.77245          1     8.3719     8.1037      98.02     0.2056     0.2169  1.000e-12  0.1470000     7.4327     7.4319    -0.0008     5.9194     5.9187     53.496     54.707      0.554    1429.81    1429.82  0.000e+00
      18388     54.500     3.5111     3.5110    -0.0001    0.77385    0.77379          1     8.2069     7.9293      98.02     0.2120     0.2485  1.000e-12  0.1448000     7.4409     7.4403    -0.0006     5.9254     5.9250     53.991     55.213      0.559    1429.95    1429.95  0.000e+00
      18409     55.000     3.5256     3.5284     0.0027    0.77480    0.77480          1     8.0193     7.8777      98.07     0.2103     0.2476  1.000e-12  0.1424000     7.4473     7.4466    -0.0007     5.9303     5.9297     54.486     55.720      0.558    1430.03    1430.04  0.000e+00
      18431     55.500     3.5173     3.5186     0.0014    0.77514    0.77510          1     7.8509     7.8559      98.04     0.2064     0.2483  1.000e-12  0.1422000     7.4526     7.4519    -0.0007     5.9347     5.9341     54.981     56.226      0.548    1430.01    1430.01  0.000e+00
      18453     56.000     3.5440     3.5459     0.0019    0.77663    0.77659          1     7.7040     7.8505      98.04     0.2056     0.2101  1.000e-12  0.1373000     7.4618     7.4609    -0.0009     5.9415     5.9408     55.477     56.732      0.534    1430.15    1430.16  0.000e+00
