ctdpy/tests/etc/all_smhi_bas_2018/SBE09_0827_20181013_0819_26_01_1090.cnv
* Sea-Bird SBE 9 Data File:
* FileName = D:\CTD_SBE911\DAT\26DA.2018.10.90.hex
* Software Version Seasave V 7.21d
* Temperature SN = 4548
* Conductivity SN = 3062
* Number of Bytes Per Scan = 48
* Number of Voltage Words = 5
* Number of Scans Averaged by the Deck Unit = 1
* NMEA Latitude = 55 08.23 N
* NMEA Longitude = 015 39.12 E
* NMEA UTC (Time) = Oct 13 2018  08:22:10
* NMEA baud rate = 4800
** Ship: DANA
** Average sound velocity: 1471.06 m/s
** True-depth calculation Thu, 28 Mar 2019 12:29:14 +0000
** CTD Python Module SMHI /ver 3-12/ feb 2012 
** LIMS Job: 20182601-1090
** Operator: Christian
** Cruise: 10/2018
# nquan = 26
# nvalues = 174                         
# units = specified
# name 0 = scan: Scan Count
# name 1 = prDM: Pressure, Digiquartz [db]
# name 2 = t090C: Temperature [ITS-90, deg C]
# name 3 = t190C: Temperature, 2 [ITS-90, deg C]
# name 4 = T2-T190C: Temperature Difference, 2 - 1 [ITS-90, deg C]
# name 5 = c0S/m: Conductivity [S/m]
# name 6 = c1S/m: Conductivity, 2 [S/m]
# name 7 = pumps: Pump Status
# name 8 = sbeox1ML/L: Oxygen, SBE 43, 2 [ml/l]
# name 9 = sbeox0ML/L: Oxygen, SBE 43 [ml/l]
# name 10 = altM: Altimeter [m]
# name 11 = chloroflTC0: Chlorophyll, Turner Cyclops [ug/l]
# name 12 = cpar: CPAR/Corrected Irradiance [%]
# name 13 = par: PAR/Irradiance, Biospherical/Lico [µE/(cm^2*s)]
# name 14 = spar: SPAR, Biospherical/Licor
# name 15 = sal00: Salinity, Practical [PSU]
# name 16 = sal11: Salinity, Practical, 2 [PSU]
# name 17 = secS-priS: Salinity, Practical, Difference, 2 - 1 [PSU]
# name 18 = sigma-t00: Density [sigma-t, kg/m^3 ]
# name 19 = sigma-t11: Density, 2 [sigma-t, kg/m^3 ]
# name 20 = depSM: Depth [salt water, m], lat = 55.1372
# name 21 = depFM: Depth [true depth, m], lat = 55.1372
# name 22 = dz/dtM: Descent Rate [m/s], WS = 2
# name 23 = svCM: Sound Velocity [Chen-Millero, m/s]
# name 24 = svCM1: Sound Velocity, 2 [Chen-Millero, m/s]
# name 25 = flag: flag
# span 0 =         56,       8624       
# span 1 =      1.000,     87.500       
# span 2 =     7.2411,    14.7829       
# span 3 =     7.1565,    14.7603       
# span 4 =    -0.8271,     0.8728       
# span 5 =   0.952458,   2.403254       
# span 6 =   0.954969,   2.402285       
# span 7 =          1,          1       
# span 8 =     0.2411,     6.9132       
# span 9 =     0.3316,     6.4719       
# span 10 =       0.83,       9.99      
# span 11 =     0.0159,     0.0411      
# span 12 = -2.268e-05, 8.7550e+00      
# span 13 = -3.353e-04, 1.2893e+02      
# span 14 = 1.4727e+03, 1.4970e+03      
# span 15 =     7.5850,    18.5339      
# span 16 =     7.5851,    18.5314      
# span 17 =    -0.3026,     0.3383      
# span 18 =     5.1291,    13.3755      
# span 19 =     5.1292,    13.3728      
# span 20 =      0.991,     86.692      
# span 21 =      1.013,     88.404      
# span 22 =     -0.204,      0.315      
# span 23 =    1447.79,    1488.18      
# span 24 =    1446.87,    1488.15      
# span 25 = 0.0000e+00, 0.0000e+00      
# interval = decibars: 0.5              
# start_time = Oct 13 2018 08:22:11 [NMEA time, first data scan]
# bad_flag = -9.990e-29
*END*
[from data line 56]
       2839     29.000    13.4979    13.4938    -0.0041    1.03102    1.03115          1     6.6870     6.2664       9.98     0.0261  6.755e-14  1.000e-12  1.480e+03     7.6403     7.6422     0.0019     5.2141     5.2162     28.736     29.387      0.252    1470.17    1470.16  0.000e+00
       2887     29.500    13.4944    13.4921    -0.0023    1.03116    1.03124          1     6.6984     6.2705       9.98     0.0269  6.763e-14  1.000e-12  1.478e+03     7.6421     7.6432     0.0011     5.2160     5.2172     29.232     29.893      0.258    1470.17    1470.17  0.000e+00
       2930     30.000    13.4929    13.4908    -0.0021    1.03123    1.03127          1     6.6969     6.2518       9.98     0.0269  6.760e-14  1.000e-12  1.479e+03     7.6429     7.6437     0.0008     5.2168     5.2178     29.727     30.400      0.285    1470.18    1470.17  0.000e+00
       2975     30.500    13.4913    13.4894    -0.0019    1.03127    1.03132          1     6.6935     6.2699       9.98     0.0276  6.754e-14  1.000e-12  1.481e+03     7.6435     7.6443     0.0008     5.2175     5.2184     30.222     30.906      0.257    1470.18    1470.17  0.000e+00
       3019     31.000    13.4891    13.4872    -0.0018    1.03133    1.03137          1     6.6904     6.2721       9.98     0.0276  6.756e-14  1.000e-12  1.480e+03     7.6443     7.6450     0.0007     5.2185     5.2193     30.718     31.413      0.303    1470.18    1470.18  0.000e+00
       3058     31.500    13.4862    13.4834    -0.0028    1.03135    1.03139          1     6.6964     6.2638       9.98     0.0286  6.746e-14  1.000e-12  1.482e+03     7.6451     7.6459     0.0008     5.2195     5.2206     31.213     31.920      0.273    1470.18    1470.17  0.000e+00
       3109     32.000    13.4827    13.4813    -0.0013    1.03141    1.03146          1     6.6947     6.2611       9.98     0.0272  6.746e-14  1.000e-12  1.482e+03     7.6462     7.6469     0.0007     5.2209     5.2216     31.709     32.426      0.235    1470.18    1470.17  0.000e+00
       3153     32.500    13.4804    13.4784    -0.0020    1.03152    1.03160          1     6.6921     6.2690       9.98     0.0277  6.762e-14  1.000e-12  1.479e+03     7.6475     7.6485     0.0010     5.2222     5.2234     32.204     32.933      0.290    1470.18    1470.17  0.000e+00
       3199     33.000    13.4770    13.4749    -0.0021    1.03169    1.03181          1     6.6849     6.2646       9.98     0.0279  6.757e-14  1.000e-12  1.480e+03     7.6495     7.6508     0.0014     5.2243     5.2257     32.700     33.440      0.237    1470.18    1470.17  0.000e+00
       3248     33.500    13.4721    13.4663    -0.0058    1.03235    1.03319          1     6.6827     6.2572       9.98     0.0276  6.764e-14  1.000e-12  1.478e+03     7.6557     7.6635     0.0079     5.2298     5.2367     33.195     33.946      0.293    1470.17    1470.16  0.000e+00
       3284     34.000    13.4610    13.4547    -0.0063    1.03461    1.03570          1     6.6658     6.2376       9.98     0.0280  6.760e-14  1.000e-12  1.479e+03     7.6758     7.6859     0.0100     5.2470     5.2556     33.690     34.453      0.314    1470.17    1470.16  0.000e+00
       3331     34.500    13.4464    13.4296    -0.0168    1.03613    1.03694          1     6.6757     6.2362       9.98     0.0278  6.745e-14  1.000e-12  1.482e+03     7.6909     7.7008     0.0099     5.2607     5.2709     34.186     34.959      0.231    1470.14    1470.09  0.000e+00
       3377     35.000    13.3782    13.2997    -0.0785    1.03727    1.03736          1     6.6415     6.2129       9.98     0.0269  6.752e-14  1.000e-12  1.481e+03     7.7137     7.7302     0.0165     5.2885     5.3128     34.681     35.466      0.315    1469.93    1469.67  0.000e+00
       3418     35.500    13.2240    13.1504    -0.0735    1.03618    1.03528          1     6.6668     6.2345       9.98     0.0275  6.747e-14  1.000e-12  1.482e+03     7.7359     7.7436     0.0077     5.3284     5.3451     35.177     35.973      0.249    1469.41    1469.16  0.000e+00
       3470     36.000    13.1439    13.1022    -0.0417    1.03462    1.03413          1     6.6745     6.2458       9.98     0.0269  6.750e-14  1.000e-12  1.482e+03     7.7394     7.7440     0.0045     5.3429     5.3524     35.672     36.479      0.253    1469.14    1468.99  0.000e+00
       3511     36.500    13.0629    13.0216    -0.0413    1.03284    1.03213          1     6.6871     6.2636       9.98     0.0265  6.755e-14  1.000e-12  1.480e+03     7.7415     7.7441     0.0026     5.3563     5.3643     36.167     36.986      0.290    1468.86    1468.71  0.000e+00
       3560     37.000    12.9980    12.9664    -0.0317    1.03150    1.03105          1     6.7239     6.2858       9.98     0.0256  6.753e-14  1.000e-12  1.481e+03     7.7437     7.7465     0.0028     5.3674     5.3741     36.663     37.492      0.231    1468.63    1468.52  0.000e+00
       3605     37.500    12.9429    12.8781    -0.0649    1.03047    1.02933          1     6.7268     6.2919       9.98     0.0256  6.752e-14  1.000e-12  1.481e+03     7.7465     7.7505     0.0040     5.3775     5.3898     37.158     37.999      0.308    1468.45    1468.22  0.000e+00
       3645     38.000    12.6915    12.4948    -0.1964    1.02185    1.01586          1     6.7791     6.3268       9.98     0.0255  6.743e-14  1.000e-12  1.483e+03     7.7275     7.7185    -0.0089     5.3985     5.4190     37.654     38.505      0.267    1467.52    1466.79  0.000e+00
       3694     38.500    12.3389    12.1821    -0.1570    1.01257    1.01259          1     6.7834     6.3770       9.98     0.0282  6.745e-14  1.000e-12  1.482e+03     7.7235     7.7559     0.0324     5.4446     5.4908     38.149     39.012      0.257    1466.24    1465.70  0.000e+00
       3737     39.000    11.6799    11.3393    -0.3404    1.00336    0.99667          1     6.6976     6.3091       9.98     0.0251  6.745e-14  1.000e-12  1.482e+03     7.7830     7.7981     0.0151     5.5776     5.6326     38.644     39.518      0.273    1463.87    1462.62  0.000e+00
       3785     39.500    11.1962    11.0875    -0.1088    0.99485    0.99646          1     6.6633     6.3206       9.98     0.0239  6.751e-14  1.000e-12  1.481e+03     7.8129     7.8495     0.0366     5.6623     5.7040     39.140     40.025      0.239    1462.11    1461.74  0.000e+00
       3832     40.000    11.0984    11.1502     0.0516    1.00241    1.00888          1     6.6949     6.2551       9.98     0.0230  6.747e-14  1.000e-12  1.482e+03     7.8977     7.9412     0.0435     5.7400     5.7671     39.635     40.531      0.281    1461.85    1462.09  0.000e+00
       3874     40.500    11.5116    11.6552     0.1434    1.03054    1.04071          1     6.6122     6.1834       9.98     0.0221  6.745e-14  1.000e-12  1.482e+03     8.0465     8.1010     0.0545     5.8034     5.8272     40.131     41.038      0.266    1463.59    1464.19  0.000e+00
       3922     41.000    11.2396    10.8656    -0.3744    1.03002    1.02139          1     6.4295     6.0391       9.98     0.0220  6.749e-14  1.000e-12  1.482e+03     8.1012     8.1096     0.0084     5.8794     5.9316     40.626     41.544      0.247    1462.64    1461.23  0.000e+00
       3969     41.500    10.6018    10.4270    -0.1744    1.01411    1.01687          1     6.6667     6.1308       9.98     0.0215  6.737e-14  1.000e-12  1.484e+03     8.1055     8.1681     0.0626     5.9604     6.0292     41.121     42.050      0.270    1460.23    1459.64  0.000e+00
       4014     42.000    10.1328     9.3135    -0.8191    1.01626    1.00063          1     6.3509     5.9249       9.98     0.0212  6.746e-14  1.000e-12  1.482e+03     8.2290     8.2777     0.0487     6.1091     6.2323     41.617     42.556      0.248    1458.58    1455.43  0.000e+00
       4064     42.500     8.4898     7.6701    -0.8197    0.97331    0.95497          1     5.9305     5.7074       9.98     0.0208  6.745e-14  1.000e-12  1.483e+03     8.2224     8.2459     0.0235     6.2684     6.3571     42.112     43.062      0.247    1452.09    1448.78  0.000e+00
       4110     43.000     7.4147     7.1565    -0.2584    0.95246    0.95907          1     5.7236     5.5209       9.98     0.0196  6.745e-14  1.000e-12  1.483e+03     8.2833     8.4072     0.1239     6.4069     6.5231     42.607     43.568      0.279    1447.79    1446.87  0.000e+00
       4155     43.500     7.3629     7.2366    -0.1261    0.97722    0.99030          1     5.7152     5.3863       9.98     0.0195  6.752e-14  1.000e-12  1.481e+03     8.5281     8.6826     0.1544     6.6028     6.7333     43.103     44.074      0.241    1447.89    1447.56  0.000e+00
       4203     44.000     7.5290     7.5987     0.0696    1.01522    1.04120          1     5.5672     5.1842       9.98     0.0190  6.745e-14  1.000e-12  1.482e+03     8.8434     9.0695     0.2261     6.8371     7.0087     43.598     44.580      0.288    1448.97    1449.54  0.000e+00
       4245     44.500     7.5856     7.3245    -0.2611    1.04156    1.05190          1     5.3103     4.9449       9.98     0.0184  6.747e-14  1.000e-12  1.482e+03     9.0764     9.2430     0.1666     7.0151     7.1661     44.094     45.086      0.251    1449.51    1448.63  0.000e+00
       4297     45.000     7.3322     7.1899    -0.1423    1.05236    1.06723          1     5.0303     4.6916       9.98     0.0185  6.745e-14  1.000e-12  1.482e+03     9.2451     9.4246     0.1795     7.1673     7.3191     44.589     45.592      0.251    1448.68    1448.31  0.000e+00
       4339     45.500     7.2640     7.2050    -0.0590    1.06783    1.08885          1     4.8506     4.5335       9.98     0.0176  6.745e-14  1.000e-12  1.482e+03     9.4101     9.6266     0.2164     7.3021     7.4763     45.084     46.097      0.291    1448.61    1448.63  0.000e+00
       4386     46.000     7.2411     7.2488     0.0076    1.09169    1.12735          1     4.5884     4.2303       9.98     0.0177  6.739e-14  1.000e-12  1.484e+03     9.6435     9.9818     0.3383     7.4868     7.7516     45.580     46.603      0.234    1448.81    1449.27  0.000e+00
       4434     46.500     7.2682     7.3015     0.0335    1.13111    1.15295          1     4.2414     4.0105       9.98     0.0174  6.746e-14  1.000e-12  1.482e+03    10.0120    10.2111     0.1990     7.7737     7.9271     46.075     47.108      0.296    1449.39    1449.78  0.000e+00
       4472     47.000     7.3938     7.7603     0.3665    1.15833    1.19850          1     4.1448     3.9280       9.98     0.0168  6.744e-14  1.000e-12  1.483e+03    10.2350    10.5075     0.2725     7.9385     8.1209     46.570     47.614      0.279    1450.20    1452.03  0.000e+00
       4523     47.500     7.8429     8.1574     0.3146    1.21502    1.25476          1     3.9142     3.6731       9.98     0.0161  6.740e-14  1.000e-12  1.484e+03    10.6394    10.9183     0.2789     8.2171     8.4070     47.066     48.119      0.243    1452.54    1454.16  0.000e+00
       4565     48.000     8.3347     8.6817     0.3465    1.27756    1.31101          1     3.6437     3.4606       9.98     0.0163  6.744e-14  1.000e-12  1.483e+03    11.0764    11.2795     0.2031     8.5135     8.6380     47.561     48.624      0.294    1455.07    1456.71  0.000e+00
       4612     48.500     8.7158     8.9568     0.2410    1.32195    1.34911          1     3.4476     3.2369       9.98     0.0167  6.739e-14  1.000e-12  1.484e+03    11.3710    11.5458     0.1748     8.7062     8.8177     48.057     49.129      0.231    1456.97    1458.14  0.000e+00
       4661     49.000     8.7499     8.7356    -0.0141    1.34973    1.35524          1     3.2303     3.1302       9.98     0.0165  6.743e-14  1.000e-12  1.483e+03    11.6188    11.6749     0.0561     8.8961     8.9412     48.552     49.634      0.275    1457.42    1457.43  0.000e+00
       4702     49.500     8.7284     8.7973     0.0688    1.35974    1.36813          1     3.0678     2.8850       9.98     0.0159  6.743e-14  1.000e-12  1.483e+03    11.7189    11.7743     0.0554     8.9763     9.0123     49.047     50.138      0.286    1457.46    1457.80  0.000e+00
       4748     50.000     9.4431     9.6471     0.2040    1.41201    1.42317          1     3.2855     3.0015       9.98     0.0160  6.736e-14  1.000e-12  1.484e+03    11.9643    11.9993     0.0350     9.0895     9.0942     49.543     50.643      0.252    1460.57    1461.41  0.000e+00
       4793     50.500    10.3954    10.3697    -0.0258    1.48031    1.47729          1     3.2343     3.0566       9.98     0.0159  6.736e-14  1.000e-12  1.484e+03    12.2682    12.2497    -0.0185     9.2149     9.2036     50.038     51.148      0.286    1464.62    1464.50  0.000e+00
       4835     51.000    10.6650    10.5869    -0.0769    1.50954    1.49852          1     3.0189     2.9241       9.98     0.0159  6.735e-14  1.000e-12  1.485e+03    12.4388    12.3668    -0.0720     9.3130     9.2672     50.533     51.652      0.262    1465.86    1465.47  0.000e+00
       4884     51.500    11.0396    10.9072    -0.1334    1.54997    1.53497          1     2.8274     2.7500       9.98     0.0159  6.738e-14  1.000e-12  1.484e+03    12.6715    12.5835    -0.0880     9.4447     9.3940     51.029     52.157      0.252    1467.55    1466.95  0.000e+00
       4928     52.000    11.1089    11.0257    -0.0834    1.56928    1.55740          1     2.7938     2.6581       9.98     0.0159  6.744e-14  1.000e-12  1.483e+03    12.8187    12.7421    -0.0765     9.5493     9.5011     51.524     52.661      0.280    1467.99    1467.59  0.000e+00
       4975     52.500    11.4305    11.2337    -0.1966    1.60288    1.58221          1     2.8032     2.6166       9.98     0.0159  6.738e-14  1.000e-12  1.484e+03    13.0036    12.8898    -0.1139     9.6486     9.5875     52.020     53.166      0.233    1469.42    1468.55  0.000e+00
       5024     53.000    11.6127    11.4241    -0.1894    1.61883    1.60052          1     2.7537     2.6049       9.98     0.0159  6.746e-14  1.000e-12  1.482e+03    13.0801    12.9850    -0.0951     9.6824     9.6350     52.515     53.670      0.284    1470.19    1469.38  0.000e+00
       5065     53.500    11.9632    11.7201    -0.2425    1.65314    1.62723          1     2.6191     2.5685       9.98     0.0159  6.740e-14  1.000e-12  1.484e+03    13.2564    13.1158    -0.1406     9.7685     9.6948     53.010     54.175      0.268    1471.69    1470.63  0.000e+00
       5114     54.000    11.8929    11.8806    -0.0121    1.65789    1.65007          1     2.4964     2.4586       9.98     0.0159  6.741e-14  1.000e-12  1.484e+03    13.3228    13.2589    -0.0639     9.8300     9.7825     53.506     54.679      0.247    1471.52    1471.40  0.000e+00
       5159     54.500    11.8713    11.8365    -0.0348    1.66321    1.65512          1     2.4573     2.3622       9.98     0.0159  6.739e-14  1.000e-12  1.484e+03    13.3769    13.3186    -0.0582     9.8749     9.8349     54.001     55.183      0.266    1471.52    1471.32  0.000e+00
       5208     55.000    12.0699    11.9334    -0.1367    1.68144    1.66723          1     2.4332     2.3043       9.98     0.0159  6.736e-14  1.000e-12  1.484e+03    13.4647    13.3898    -0.0749     9.9138     9.8759     54.496     55.687      0.244    1472.35    1471.77  0.000e+00
       5254     55.500    12.3293    12.1603    -0.1689    1.70920    1.69005          1     2.4239     2.2796       9.98     0.0159  6.745e-14  1.000e-12  1.482e+03    13.6124    13.5070    -0.1054     9.9893     9.9332     54.992     56.192      0.264    1473.48    1472.74  0.000e+00
       5302     56.000    12.4961    12.3384    -0.1576    1.72886    1.71021          1     2.3702     2.2487       9.98     0.0159  6.738e-14  1.000e-12  1.484e+03    13.7220    13.6178    -0.1042    10.0486     9.9921     55.487     56.696      0.237    1474.21    1473.52  0.000e+00
