ctdpy/tests/etc/all_smhi_bas_2018/SBE09_1044_20180201_2334_34_02_0044.cnv
* Sea-Bird SBE 9 Data File:
* FileName = C:\ctd\temp\2018\ME18D044.hex
* Software Version Seasave V 7.26.6.26
* Temperature SN = 5351
* Conductivity SN = 3941
* Number of Bytes Per Scan = 41
* Number of Voltage Words = 4
* Number of Scans Averaged by the Deck Unit = 1
* NMEA Latitude = 55 48.03 N
* NMEA Longitude = 015 20.07 E
* NMEA UTC (Time) = Feb 01 2018  23:34:19
* NMEA baud rate = 4800
** Station:  Hanöbukten KBV
** Operator:  JKro
** Ship: MERI
** Average sound velocity: 1435.14 m/s
** True-depth calculation Fri, 02 Feb 2018 00:14:52 +0000
** CTD Python Module SMHI /ver 3-12/ feb 2012 
** LIMS Job: 20183402-0044
** Cruise: SMHI-01-2018
** Latitude [GG MM.mm N] :
** Longitude [GG MM.mm E]:
# nquan = 26
# nvalues = 103                         
# units = specified
# name 0 = scan: Scan Count
# name 1 = prDM: Pressure, Digiquartz [db]
# name 2 = t090C: Temperature [ITS-90, deg C]
# name 3 = t190C: Temperature, 2 [ITS-90, deg C]
# name 4 = T2-T190C: Temperature Difference, 2 - 1 [ITS-90, deg C]
# name 5 = c0S/m: Conductivity [S/m]
# name 6 = c1S/m: Conductivity, 2 [S/m]
# name 7 = pumps: Pump Status
# name 8 = sbeox0ML/L: Oxygen, SBE 43 [ml/l]
# name 9 = sbeox1ML/L: Oxygen, SBE 43, 2 [ml/l]
# name 10 = altM: Altimeter [m]
# name 11 = flECO-AFL: Chl-a Fluorescence, WET Labs ECO-AFL/FL [mg/m^3]
# name 12 = flECO-AFL1: Phycocyanin Fluorescence, WET Labs ECO-AFL/FL, 2 [mg/m^3]
# name 13 = par: PAR/Irradiance, Biospherical/Lico [µE/(cm^2*s)]
# name 14 = turbWETntu0: Turbidity, WET Labs ECO [NTU]
# name 15 = sal00: Salinity, Practical [PSU]
# name 16 = sal11: Salinity, Practical, 2 [PSU]
# name 17 = secS-priS: Salinity, Practical, Difference, 2 - 1 [PSU]
# name 18 = sigma-t00: Density [sigma-t, Kg/m^3 ]
# name 19 = sigma-t11: Density, 2 [sigma-t, Kg/m^3 ]
# name 20 = depSM: Depth [salt water, m], lat = 55.8005
# name 21 = depFM: Depth [true depth, m], lat = 55.8005
# name 22 = dz/dtM: Descent Rate [m/s], WS = 2
# name 23 = svCM: Sound Velocity [Chen-Millero, m/s]
# name 24 = svCM1: Sound Velocity, 2 [Chen-Millero, m/s]
# name 25 = flag: flag
# span 0 =      14320,      18148       
# span 1 =      1.000,     52.000       
# span 2 =     4.5644,     6.2084       
# span 3 =     4.5650,     6.2013       
# span 4 =    -0.0116,     0.0103       
# span 5 =   0.801028,   1.074074       
# span 6 =   0.801027,   1.073752       
# span 7 =          1,          1       
# span 8 =    1.01424,    8.14126       
# span 9 =    1.16714,    8.10726       
# span 10 =       2.93,      55.72      
# span 11 =     0.3036,     0.7195      
# span 12 =     0.2753,     0.4582      
# span 13 = -8.006e-05, 2.8553e-01      
# span 14 =     0.1486,     0.3008      
# span 15 =     7.4845,     9.7644      
# span 16 =     7.4840,     9.7632      
# span 17 =    -0.0245,     0.0040      
# span 18 =     5.9334,     7.6548      
# span 19 =     5.9330,     7.6543      
# span 20 =      0.991,     51.521      
# span 21 =      1.013,     52.644      
# span 22 =      0.215,      0.598      
# span 23 =    1433.90,    1444.74      
# span 24 =    1433.90,    1444.70      
# span 25 = 0.0000e+00, 0.0000e+00      
# interval = decibars: 0.5              
# start_time = Feb 01 2018 23:34:20 [NMEA time, first data scan]
# bad_flag = -9.990e-29
*END*
[from data line 56]
      16403     29.000     4.5670     4.5679     0.0009    0.80148    0.80145          1     8.1106     8.0668      26.03     0.6791     0.4021  1.000e-12  0.2915000     7.4847     7.4842    -0.0005     5.9336     5.9332     28.735     29.363      0.310    1434.35    1434.36  0.000e+00
      16441     29.500     4.5669     4.5678     0.0009    0.80150    0.80146          1     8.1094     8.0747      25.74     0.6750     0.3721  1.000e-12  0.2628000     7.4848     7.4843    -0.0005     5.9337     5.9332     29.230     29.870      0.319    1434.36    1434.36  0.000e+00
      16477     30.000     4.5680     4.5685     0.0005    0.80153    0.80150          1     8.1120     8.0836      20.77     0.6527     0.3901  1.000e-12  0.3008000     7.4849     7.4845    -0.0005     5.9337     5.9333     29.725     30.376      0.345    1434.37    1434.37  0.000e+00
      16513     30.500     4.5686     4.5693     0.0007    0.80157    0.80154          1     8.1303     8.0840      21.88     0.6471     0.3715  1.000e-12  0.2704000     7.4851     7.4846    -0.0005     5.9338     5.9334     30.221     30.882      0.306    1434.38    1434.39  0.000e+00
      16556     31.000     4.5697     4.5698     0.0001    0.80165    0.80156          1     8.1246     8.0700      18.59     0.6693     0.3580  1.000e-12  0.2598000     7.4855     7.4847    -0.0008     5.9341     5.9335     30.716     31.388      0.287    1434.40    1434.40  0.000e+00
      16593     31.500     4.5695     4.5704     0.0008    0.80164    0.80160          1     8.1308     8.0696      19.39     0.6786     0.3421  1.000e-12  0.2794000     7.4855     7.4849    -0.0006     5.9341     5.9336     31.212     31.895      0.348    1434.40    1434.41  0.000e+00
      16628     32.000     4.5700     4.5709     0.0009    0.80168    0.80165          1     8.1243     8.0485      19.84     0.6865     0.3560  1.000e-12  0.2748000     7.4856     7.4852    -0.0005     5.9342     5.9338     31.707     32.401      0.335    1434.41    1434.42  0.000e+00
      16665     32.500     4.5705     4.5706     0.0001    0.80171    0.80164          1     8.1024     8.0629      20.28     0.6923     0.3896  1.000e-12  0.2620000     7.4858     7.4850    -0.0008     5.9343     5.9337     32.202     32.907      0.311    1434.42    1434.42  0.000e+00
      16706     33.000     4.5699     4.5710     0.0012    0.80168    0.80167          1     8.1170     8.0737      17.79     0.6684     0.4148  1.000e-12  0.2580000     7.4856     7.4852    -0.0004     5.9341     5.9338     32.698     33.413      0.279    1434.43    1434.43  0.000e+00
      16748     33.500     4.5701     4.5707     0.0006    0.80170    0.80166          1     8.1325     8.0812      12.77     0.6830     0.3626  1.000e-12  0.2478000     7.4856     7.4851    -0.0005     5.9342     5.9337     33.193     33.920      0.331    1434.44    1434.44  0.000e+00
      16779     34.000     4.5711     4.5719     0.0008    0.80176    0.80173          1     8.1217     8.0749      12.03     0.6754     0.3570  1.000e-12  0.2557000     7.4859     7.4855    -0.0004     5.9344     5.9340     33.688     34.426      0.382    1434.45    1434.45  0.000e+00
      16816     34.500     4.5716     4.5725     0.0009    0.80180    0.80177          1     8.1218     8.0642      14.09     0.6656     0.3653  1.000e-12  0.2672000     7.4862     7.4857    -0.0005     5.9346     5.9342     34.184     34.932      0.275    1434.46    1434.47  0.000e+00
      16862     35.000     4.5723     4.5730     0.0007    0.80185    0.80181          1     8.1179     8.0708      15.86     0.6887     0.3872  1.000e-12  0.2591000     7.4864     7.4859    -0.0005     5.9347     5.9343     34.679     35.439      0.308    1434.47    1434.48  0.000e+00
      16896     35.500     4.5732     4.5739     0.0007    0.80190    0.80188          1     8.1080     8.0656      13.65     0.6647     0.3748  1.000e-12  0.2622000     7.4867     7.4863    -0.0004     5.9349     5.9346     35.175     35.945      0.369    1434.48    1434.49  0.000e+00
      16930     36.000     4.5727     4.5741     0.0013    0.80188    0.80188          1     8.1100     8.0582      14.91     0.6632     0.4504  1.000e-12  0.2947000     7.4865     7.4862    -0.0003     5.9348     5.9345     35.670     36.451      0.322    1434.49    1434.49  0.000e+00
      16972     36.500     4.5739     4.5747     0.0008    0.80195    0.80192          1     8.1233     8.0755      12.85     0.6702     0.3585  1.000e-12  0.2618000     7.4869     7.4864    -0.0005     5.9351     5.9347     36.165     36.957      0.277    1434.50    1434.51  0.000e+00
      17012     37.000     4.5742     4.5748     0.0006    0.80198    0.80194          1     8.1146     8.0687      12.18     0.6702     0.3490  1.000e-12  0.2607000     7.4870     7.4865    -0.0005     5.9352     5.9347     36.661     37.464      0.337    1434.51    1434.52  0.000e+00
      17046     37.500     4.5780     4.5785     0.0006    0.80232    0.80227          1     8.0919     8.0625      12.26     0.6890     0.3599  1.000e-12  0.2640000     7.4896     7.4890    -0.0006     5.9370     5.9365     37.156     37.970      0.332    1434.54    1434.54  0.000e+00
      17085     38.000     4.5770     4.5774     0.0004    0.80223    0.80217          1     8.1118     8.0620      16.03     0.6510     0.3919  1.000e-12  0.2564000     7.4888     7.4881    -0.0007     5.9365     5.9359     37.651     38.476      0.297    1434.54    1434.55  0.000e+00
      17124     38.500     4.5790     4.5791     0.0001    0.80242    0.80234          1     8.1101     8.0563      16.25     0.6745     0.3596  1.000e-12  0.2852000     7.4902     7.4894    -0.0008     5.9375     5.9369     38.147     38.982      0.319    1434.56    1434.56  0.000e+00
      17162     39.000     4.5786     4.5799     0.0012    0.80239    0.80240          1     8.0970     8.0517      16.23     0.6515     0.3231  1.000e-12  0.2656000     7.4899     7.4897    -0.0002     5.9373     5.9371     38.642     39.489      0.305    1434.57    1434.57  0.000e+00
      17201     39.500     4.5792     4.5798     0.0007    0.80245    0.80240          1     8.1061     8.0633      15.78     0.6630     0.3566  1.000e-12  0.2747000     7.4903     7.4896    -0.0007     5.9376     5.9370     39.137     39.995      0.322    1434.58    1434.58  0.000e+00
      17236     40.000     4.5844     4.5839    -0.0004    0.80288    0.80277          1     8.0971     8.0504      15.31     0.6528     0.4582  1.000e-12  0.2917000     7.4934     7.4923    -0.0011     5.9399     5.9390     39.633     40.501      0.358    1434.61    1434.61  0.000e+00
      17272     40.500     4.5911     4.5890    -0.0021    0.80346    0.80320          1     8.0875     8.0503      14.78     0.6463     0.4023  1.000e-12  0.2805000     7.4976     7.4955    -0.0021     5.9429     5.9414     40.128     41.007      0.294    1434.66    1434.65  0.000e+00
      17319     41.000     4.5965     4.5979     0.0014    0.80389    0.80392          1     8.0779     8.0155      14.17     0.6386     0.3701  1.000e-12  0.2593000     7.5006     7.5006    -0.0001     5.9452     5.9451     40.624     41.514      0.264    1434.69    1434.70  0.000e+00
      17357     41.500     4.6014     4.6030     0.0016    0.80435    0.80441          1     8.0581     8.0055      13.72     0.6719     0.3778  1.000e-12  0.2829000     7.5040     7.5043     0.0002     5.9477     5.9478     41.119     42.020      0.398    1434.73    1434.73  0.000e+00
      17383     42.000     4.6217     4.6215    -0.0001    0.80620    0.80606          1     8.0240     7.9929      13.26     0.6491     0.3725  1.000e-12  0.2743000     7.5179     7.5166    -0.0013     5.9580     5.9570     41.614     42.526      0.465    1434.84    1434.84  0.000e+00
      17411     42.500     4.6326     4.6349     0.0023    0.80725    0.80737          1     7.9903     7.9709      12.75     0.6304     0.4021  1.000e-12  0.2709000     7.5259     7.5266     0.0007     5.9640     5.9645     42.110     43.032      0.344    1434.91    1434.92  0.000e+00
      17463     43.000     4.6533     4.6560     0.0027    0.80928    0.80944          1     7.9422     7.9274      12.10     0.6074     0.3650  1.000e-12  0.2711000     7.5415     7.5424     0.0010     5.9756     5.9763     42.605     43.539      0.275    1435.03    1435.04  0.000e+00
      17496     43.500     4.7062     4.7067     0.0005    0.81498    0.81488          1     7.8340     7.8463      11.70     0.5897     0.4079  1.000e-12  0.2610000     7.5863     7.5852    -0.0011     6.0093     6.0084     43.100     44.045      0.497    1435.33    1435.33  0.000e+00
      17519     44.000     4.7949     4.7942    -0.0007    0.82532    0.82520          1     7.6903     7.7188      11.29     0.5842     0.3642  1.000e-12  0.2513000     7.6692     7.6682    -0.0010     6.0717     6.0710     43.596     44.551      0.495    1435.83    1435.83  0.000e+00
      17549     44.500     4.8249     4.8251     0.0002    0.82917    0.82919          1     7.5801     7.5894      10.68     0.5780     0.3828  1.000e-12  0.2475000     7.7007     7.7008     0.0001     6.0955     6.0956     44.091     45.057      0.326    1436.01    1436.02  0.000e+00
      17595     45.000     4.8523     4.8542     0.0019    0.83314    0.83340          1     7.4961     7.5100       9.95     0.5848     0.3328  1.000e-12  0.2789000     7.7338     7.7360     0.0022     6.1207     6.1224     44.586     45.564      0.261    1436.18    1436.20  0.000e+00
      17634     45.500     4.9170     4.9179     0.0009    0.84208    0.84214          1     7.3241     7.3678       9.51     0.5940     0.4075  1.000e-12  0.2887000     7.8078     7.8082     0.0003     6.1768     6.1771     45.082     46.070      0.370    1436.57    1436.58  0.000e+00
      17663     46.000     4.9542     4.9548     0.0007    0.84715    0.84705          1     7.1287     7.1906       9.07     0.5396     0.3771  1.000e-12  0.2439000     7.8495     7.8484    -0.0011     6.2083     6.2074     45.577     46.576      0.447    1436.80    1436.80  0.000e+00
      17690     46.500     5.0344     5.0332    -0.0013    0.86301    0.86227          1     6.6693     6.7901       8.54     0.5357     0.3426  1.000e-12  0.2604000     7.9883     7.9812    -0.0070     6.3148     6.3093     46.072     47.082      0.392    1437.33    1437.32  0.000e+00
      17728     47.000     5.1528     5.1465    -0.0063    0.90442    0.90180          1     4.8581     5.2786       7.62     0.5126     0.3504  1.000e-12  0.2230000     8.3715     8.3470    -0.0245     6.6128     6.5937     46.568     47.588      0.282    1438.35    1438.29  0.000e+00
      17772     47.500     5.2812     5.2783    -0.0029    0.94847    0.94722          1     2.5726     3.3367       7.12     0.3712     0.3202  1.000e-12  0.1888000     8.7776     8.7659    -0.0117     6.9280     6.9188     47.063     48.094      0.300    1439.43    1439.40  0.000e+00
      17806     48.000     5.3581     5.3559    -0.0022    0.97811    0.97737          1     1.5426     2.3335       6.93     0.3512     0.3812  1.000e-12  0.1702000     9.0525     9.0458    -0.0068     7.1414     7.1361     47.559     48.599      0.385    1440.12    1440.10  0.000e+00
      17837     48.500     5.4163     5.4147    -0.0017    0.99216    0.99169          1     1.1866     1.8635       6.48     0.3147     0.2753  1.000e-12  0.1676000     9.1767     9.1725    -0.0043     7.2365     7.2332     48.054     49.105      0.373    1440.54    1440.53  0.000e+00
      17877     49.000     5.4509     5.4508    -0.0001    0.99948    0.99941          1     1.2282     1.6947       5.91     0.3263     0.3024  1.000e-12  0.1494000     9.2401     9.2394    -0.0006     7.2848     7.2843     48.549     49.611      0.241    1440.78    1440.78  0.000e+00
      17933     49.500     5.4738     5.4742     0.0004    1.00400    1.00392          1     1.4128     1.6646       5.39     0.3295     0.3222  1.000e-12  0.1486000     9.2787     9.2778    -0.0009     7.3141     7.3134     49.045     50.116      0.236    1440.93    1440.94  0.000e+00
      17976     50.000     5.5430     5.5432     0.0002    1.01506    1.01497          1     1.3041     1.4926       4.94     0.3262     0.3493  1.000e-12  0.1490000     9.3695     9.3686    -0.0009     7.3821     7.3814     49.540     50.622      0.319    1441.36    1441.35  0.000e+00
      18012     50.500     5.5591     5.5587    -0.0004    1.02650    1.02609          1     1.0841     1.2704       4.46     0.3334     0.3409  1.000e-12  0.1581000     9.4789     9.4749    -0.0040     7.4676     7.4645     50.035     51.127      0.315    1441.57    1441.56  0.000e+00
      18062     51.000     5.6252     5.6355     0.0103    1.03701    1.03771          1     1.0142     1.1671       3.86     0.3145     0.3148  1.000e-12  0.1726000     9.5647     9.5687     0.0040     7.5317     7.5343     50.531     51.633      0.215    1441.97    1442.02  0.000e+00
      18114     51.500     5.8704     5.8589    -0.0116    1.05495    1.05417          1     1.5595     1.6104       3.40     0.3036     0.3134  1.000e-12  0.1616000     9.6725     9.6682    -0.0043     7.6027     7.6000     51.026     52.138      0.343    1443.17    1443.11  0.000e+00
      18148     52.000     6.2084     6.2013    -0.0066    1.07407    1.07375          1     2.6976     2.5370       2.93     0.3636     0.3120  1.000e-12  0.2578000     9.7644     9.7632    -0.0011     7.6548     7.6543     51.521     52.644      0.243    1444.74    1444.70  0.000e+00
