ctdpy/tests/etc/all_smhi_bas_2018/SBE09_1044_20180128_1002_34_02_0024.cnv
* Sea-Bird SBE 9 Data File:
* FileName = C:\ctd\temp\2018\ME18D024.hex
* Software Version Seasave V 7.26.6.26
* Temperature SN = 5351
* Conductivity SN = 3941
* Number of Bytes Per Scan = 41
* Number of Voltage Words = 4
* Number of Scans Averaged by the Deck Unit = 1
* NMEA Latitude = 56 38.03 N
* NMEA Longitude = 019 35.12 E
* NMEA UTC (Time) = Jan 28 2018  10:03:02
* NMEA baud rate = 4800
** Station:  BY10
** Operator:  JKro
** Ship: MERI
** Average sound velocity: 1441.26 m/s
** True-depth calculation Sun, 28 Jan 2018 11:14:44 +0000
** CTD Python Module SMHI /ver 3-12/ feb 2012 
** LIMS Job: 20183402-0024
** Cruise: SMHI-01-2018
** Latitude [GG MM.mm N] :
** Longitude [GG MM.mm E]:
# nquan = 26
# nvalues = 269                         
# units = specified
# name 0 = scan: Scan Count
# name 1 = prDM: Pressure, Digiquartz [db]
# name 2 = t090C: Temperature [ITS-90, deg C]
# name 3 = t190C: Temperature, 2 [ITS-90, deg C]
# name 4 = T2-T190C: Temperature Difference, 2 - 1 [ITS-90, deg C]
# name 5 = c0S/m: Conductivity [S/m]
# name 6 = c1S/m: Conductivity, 2 [S/m]
# name 7 = pumps: Pump Status
# name 8 = sbeox0ML/L: Oxygen, SBE 43 [ml/l]
# name 9 = sbeox1ML/L: Oxygen, SBE 43, 2 [ml/l]
# name 10 = altM: Altimeter [m]
# name 11 = flECO-AFL: Chl-a Fluorescence, WET Labs ECO-AFL/FL [mg/m^3]
# name 12 = flECO-AFL1: Phycocyanin Fluorescence, WET Labs ECO-AFL/FL, 2 [mg/m^3]
# name 13 = par: PAR/Irradiance, Biospherical/Lico [µE/(cm^2*s)]
# name 14 = turbWETntu0: Turbidity, WET Labs ECO [NTU]
# name 15 = sal00: Salinity, Practical [PSU]
# name 16 = sal11: Salinity, Practical, 2 [PSU]
# name 17 = secS-priS: Salinity, Practical, Difference, 2 - 1 [PSU]
# name 18 = sigma-t00: Density [sigma-t, Kg/m^3 ]
# name 19 = sigma-t11: Density, 2 [sigma-t, Kg/m^3 ]
# name 20 = depSM: Depth [salt water, m], lat = 56.6338
# name 21 = depFM: Depth [true depth, m], lat = 56.6338
# name 22 = dz/dtM: Descent Rate [m/s], WS = 2
# name 23 = svCM: Sound Velocity [Chen-Millero, m/s]
# name 24 = svCM1: Sound Velocity, 2 [Chen-Millero, m/s]
# name 25 = flag: flag
# span 0 =      17026,      26328       
# span 1 =      2.000,    136.000       
# span 2 =     4.5697,     6.7868       
# span 3 =     4.5705,     6.7848       
# span 4 =    -0.0424,     0.0196       
# span 5 =   0.792083,   1.398240       
# span 6 =   0.792049,   1.397644       
# span 7 =          1,          1       
# span 8 =    0.01204,    8.12241       
# span 9 =    0.04915,    8.10123       
# span 10 =       1.90,      99.02      
# span 11 =     0.2490,     0.5016      
# span 12 =     0.2451,     0.3900      
# span 13 = -4.650e-05, 1.5595e+02      
# span 14 =     0.0953,     0.3331      
# span 15 =     7.3926,    12.7513      
# span 16 =     7.3921,    12.7462      
# span 17 =    -0.1093,     0.0406      
# span 18 =     5.8594,     9.9608      
# span 19 =     5.8588,     9.9570      
# span 20 =      1.982,    134.711      
# span 21 =      2.025,    137.500      
# span 22 =     -0.044,      1.482      
# span 23 =    1433.87,    1452.25      
# span 24 =    1433.87,    1452.23      
# span 25 = 0.0000e+00, 0.0000e+00      
# interval = decibars: 0.5              
# start_time = Jan 28 2018 10:03:02 [NMEA time, first data scan]
# bad_flag = -9.990e-29
*END*
[from data line 56]
      19057     30.000     4.5703     4.5711     0.0008    0.79242    0.79239          1     8.1017     8.0639      98.69     0.4488     0.3315  1.099e+00  0.1270000     7.3931     7.3926    -0.0005     5.8608     5.8604     29.723     30.378      0.293    1434.27    1434.27  0.000e+00
      19109     30.500     4.5705     4.5712     0.0008    0.79243    0.79240          1     8.0855     8.0729      98.69     0.4518     0.3090  9.427e-01  0.1218000     7.3930     7.3925    -0.0005     5.8608     5.8603     30.219     30.884      0.518    1434.27    1434.28  0.000e+00
      19128     31.000     4.5705     4.5713     0.0008    0.79244    0.79242          1     8.0895     8.0677      98.69     0.4472     0.3097  8.920e-01  0.1230000     7.3931     7.3926    -0.0005     5.8608     5.8604     30.714     31.391      0.590    1434.28    1434.28  0.000e+00
      19151     31.500     4.5703     4.5712     0.0009    0.79244    0.79242          1     8.1017     8.0684      98.68     0.4283     0.3101  8.809e-01  0.1280000     7.3930     7.3926    -0.0004     5.8608     5.8604     31.209     31.897      0.415    1434.29    1434.29  0.000e+00
      19195     32.000     4.5703     4.5711     0.0008    0.79246    0.79242          1     8.1120     8.0578      98.68     0.4438     0.3097  7.899e-01  0.1274000     7.3931     7.3926    -0.0005     5.8608     5.8604     31.705     32.403      0.258    1434.30    1434.30  0.000e+00
      19230     32.500     4.5712     4.5719     0.0007    0.79249    0.79246          1     8.1001     8.0531      98.69     0.4364     0.3102  6.808e-01  0.1344000     7.3932     7.3928    -0.0004     5.8608     5.8605     32.200     32.910      0.406    1434.31    1434.31  0.000e+00
      19261     33.000     4.5706     4.5714     0.0009    0.79247    0.79244          1     8.0993     8.0514      98.69     0.4376     0.3107  6.177e-01  0.1193000     7.3931     7.3926    -0.0005     5.8608     5.8604     32.695     33.416      0.294    1434.31    1434.32  0.000e+00
      19352     33.500     4.5703     4.5712     0.0009    0.79247    0.79244          1     8.0916     8.0562      98.69     0.4438     0.3688  6.193e-01  0.1123000     7.3930     7.3925    -0.0005     5.8607     5.8603     33.191     33.922      0.381    1434.32    1434.32  0.000e+00
      19370     34.000     4.5705     4.5713     0.0008    0.79248    0.79245          1     8.0944     8.0607      98.69     0.4559     0.3241  5.433e-01  0.1249000     7.3930     7.3925    -0.0005     5.8607     5.8603     33.686     34.428      0.744    1434.33    1434.33  0.000e+00
      19384     34.500     4.5706     4.5711     0.0005    0.79248    0.79245          1     8.0995     8.0636      98.70     0.4509     0.3268  4.983e-01  0.1315000     7.3929     7.3926    -0.0004     5.8607     5.8604     34.181     34.935      0.916    1434.34    1434.34  0.000e+00
      19396     35.000     4.5705     4.5711     0.0006    0.79249    0.79246          1     8.1023     8.0584      98.69     0.4446     0.3253  4.618e-01  0.1422000     7.3930     7.3926    -0.0004     5.8607     5.8603     34.677     35.441      0.970    1434.34    1434.35  0.000e+00
      19408     35.500     4.5707     4.5712     0.0006    0.79250    0.79247          1     8.1067     8.0595      98.69     0.4480     0.3272  4.345e-01  0.1366000     7.3930     7.3926    -0.0004     5.8607     5.8604     35.172     35.947      0.880    1434.35    1434.36  0.000e+00
      19429     36.000     4.5706     4.5713     0.0007    0.79251    0.79248          1     8.1080     8.0603      98.70     0.4551     0.3291  4.018e-01  0.1254000     7.3930     7.3926    -0.0004     5.8607     5.8604     35.667     36.454      0.548    1434.36    1434.36  0.000e+00
      19560     36.500     4.5706     4.5714     0.0008    0.79251    0.79249          1     8.0880     8.0630      98.70     0.4569     0.3900  3.081e-01  0.1307000     7.3930     7.3926    -0.0005     5.8607     5.8604     36.163     36.960      1.157    1434.37    1434.37  0.000e+00
      19567     37.000     4.5707     4.5714     0.0007    0.79252    0.79250          1     8.0896     8.0658      98.69     0.4655     0.3640  2.913e-01  0.1270000     7.3930     7.3927    -0.0003     5.8607     5.8604     36.658     37.466      1.169    1434.38    1434.38  0.000e+00
      19577     37.500     4.5705     4.5713     0.0008    0.79253    0.79249          1     8.0923     8.0687      98.70     0.4679     0.3280  2.798e-01  0.1238000     7.3930     7.3925    -0.0005     5.8607     5.8603     37.153     37.973      1.096    1434.38    1434.39  0.000e+00
      19588     38.000     4.5705     4.5712     0.0008    0.79253    0.79251          1     8.0952     8.0646      98.70     0.4543     0.3233  2.679e-01  0.1216000     7.3930     7.3926    -0.0004     5.8607     5.8604     37.649     38.479      0.892    1434.39    1434.39  0.000e+00
      19626     38.500     4.5706     4.5712     0.0007    0.79254    0.79251          1     8.0957     8.0576      98.70     0.4393     0.3199  2.524e-01  0.1196000     7.3930     7.3925    -0.0005     5.8607     5.8603     38.144     38.985      0.506    1434.40    1434.40  0.000e+00
      19753     39.000     4.5707     4.5714     0.0007    0.79255    0.79252          1     8.0867     8.0700      98.70     0.4442     0.3595  1.865e-01  0.1166000     7.3930     7.3926    -0.0004     5.8607     5.8604     38.639     39.492      0.798    1434.41    1434.41  0.000e+00
      19766     39.500     4.5711     4.5716     0.0006    0.79257    0.79253          1     8.0870     8.0612      98.70     0.4485     0.3573  1.808e-01  0.1195000     7.3931     7.3926    -0.0005     5.8608     5.8604     39.135     39.998      0.905    1434.42    1434.42  0.000e+00
      19779     40.000     4.5719     4.5735     0.0015    0.79260    0.79262          1     8.0889     8.0606      98.70     0.4566     0.3381  1.647e-01  0.1260000     7.3931     7.3930    -0.0002     5.8608     5.8606     39.630     40.504      0.898    1434.43    1434.44  0.000e+00
      19793     40.500     4.5725     4.5736     0.0010    0.79263    0.79262          1     8.0870     8.0603      98.70     0.4621     0.3298  1.511e-01  0.1283000     7.3933     7.3929    -0.0004     5.8609     5.8606     40.125     41.010      0.771    1434.44    1434.44  0.000e+00
      19813     41.000     4.5726     4.5734     0.0008    0.79265    0.79262          1     8.0857     8.0559      98.70     0.4640     0.3161  1.346e-01  0.1312000     7.3933     7.3929    -0.0005     5.8609     5.8605     40.621     41.517      0.451    1434.45    1434.45  0.000e+00
      19949     41.500     4.5728     4.5733     0.0005    0.79266    0.79262          1     8.1054     8.0551      98.70     0.4883     0.3171  7.918e-02  0.1260000     7.3933     7.3928    -0.0005     5.8609     5.8605     41.116     42.023      0.656    1434.46    1434.46  0.000e+00
      19961     42.000     4.5739     4.5738    -0.0000    0.79270    0.79265          1     8.0989     8.0575      98.70     0.4801     0.3388  7.393e-02  0.1287000     7.3935     7.3930    -0.0005     5.8610     5.8606     41.611     42.529      0.793    1434.47    1434.47  0.000e+00
      19975     42.500     4.5743     4.5761     0.0018    0.79272    0.79274          1     8.0958     8.0546      98.70     0.4631     0.3574  6.556e-02  0.1212000     7.3935     7.3933    -0.0002     5.8610     5.8608     42.107     43.036      0.796    1434.48    1434.49  0.000e+00
      19991     43.000     4.5753     4.5761     0.0009    0.79277    0.79275          1     8.0983     8.0439      98.70     0.4558     0.3385  6.199e-02  0.1198000     7.3937     7.3933    -0.0004     5.8611     5.8608     42.602     43.542      0.681    1434.49    1434.50  0.000e+00
      20014     43.500     4.5752     4.5758     0.0006    0.79278    0.79275          1     8.0925     8.0391      98.70     0.4520     0.3393  5.279e-02  0.1320000     7.3938     7.3933    -0.0005     5.8612     5.8608     43.097     44.048      0.401    1434.50    1434.50  0.000e+00
      20088     44.000     4.5749     4.5755     0.0006    0.79278    0.79274          1     8.0884     8.0476      98.70     0.4632     0.3320  2.159e-02  0.1315000     7.3937     7.3932    -0.0005     5.8611     5.8607     43.593     44.555      0.174    1434.51    1434.51  0.000e+00
      20156     44.500     4.5749     4.5757     0.0009    0.79278    0.79276          1     8.0901     8.0553      98.70     0.4806     0.3326  1.527e-03  0.1166000     7.3937     7.3933    -0.0004     5.8611     5.8607     44.088     45.061      0.332    1434.51    1434.52  0.000e+00
      20181     45.000     4.5755     4.5761     0.0006    0.79281    0.79277          1     8.0941     8.0491      98.70     0.4801     0.3629  2.471e-03  0.1251000     7.3937     7.3933    -0.0004     5.8611     5.8608     44.583     45.567      0.615    1434.53    1434.53  0.000e+00
      20198     45.500     4.5754     4.5764     0.0010    0.79281    0.79279          1     8.0962     8.0570      98.70     0.4762     0.3451 -4.650e-05  0.1296000     7.3937     7.3933    -0.0004     5.8611     5.8608     45.079     46.073      0.717    1434.53    1434.54  0.000e+00
      20214     46.000     4.5737     4.5745     0.0008    0.79275    0.79273          1     8.1021     8.0636      98.70     0.4679     0.3368 -2.119e-09  0.1301000     7.3934     7.3930    -0.0004     5.8609     5.8606     45.574     46.580      0.665    1434.53    1434.54  0.000e+00
      20253     46.500     4.5742     4.5749     0.0008    0.79278    0.79275          1     8.1003     8.0629      98.70     0.4763     0.3521  1.000e-12  0.1324000     7.3935     7.3931    -0.0004     5.8610     5.8606     46.069     47.086      0.374    1434.54    1434.55  0.000e+00
      20330     47.000     4.5747     4.5754     0.0007    0.79280    0.79277          1     8.1043     8.0456      98.70     0.4729     0.3240  1.000e-12  0.1143000     7.3936     7.3931    -0.0005     5.8611     5.8607     46.565     47.592      0.430    1434.55    1434.56  0.000e+00
      20354     47.500     4.5746     4.5747     0.0001    0.79280    0.79275          1     8.1006     8.0468      98.70     0.4774     0.3449  1.000e-12  0.1133000     7.3936     7.3930    -0.0006     5.8610     5.8606     47.060     48.099      0.399    1434.56    1434.56  0.000e+00
      20392     48.000     4.5733     4.5740     0.0007    0.79276    0.79272          1     8.0887     8.0653      98.70     0.4630     0.3199  1.000e-12  0.1288000     7.3933     7.3928    -0.0005     5.8609     5.8605     47.555     48.605      0.309    1434.56    1434.57  0.000e+00
      20424     48.500     4.5738     4.5744     0.0006    0.79277    0.79275          1     8.0961     8.0600      98.41     0.4515     0.2891  1.000e-12  0.1179000     7.3933     7.3929    -0.0004     5.8609     5.8605     48.050     49.111      0.502    1434.57    1434.57  0.000e+00
      20445     49.000     4.5743     4.5749     0.0006    0.79280    0.79277          1     8.0999     8.0540      98.60     0.4329     0.3182  1.000e-12  0.1179000     7.3934     7.3930    -0.0004     5.8609     5.8606     48.546     49.618      0.576    1434.58    1434.59  0.000e+00
      20472     49.500     4.5742     4.5752     0.0009    0.79281    0.79279          1     8.0978     8.0492      98.69     0.4337     0.3185  1.000e-12  0.1234000     7.3935     7.3931    -0.0004     5.8610     5.8606     49.041     50.124      0.398    1434.59    1434.60  0.000e+00
      20571     50.000     4.5741     4.5749     0.0008    0.79281    0.79278          1     8.0898     8.0471      98.68     0.4564     0.3265  1.000e-12  0.1302000     7.3934     7.3930    -0.0004     5.8609     5.8606     49.536     50.630      0.596    1434.60    1434.60  0.000e+00
      20585     50.500     4.5744     4.5751     0.0006    0.79283    0.79280          1     8.0904     8.0479      97.76     0.4556     0.3275  1.000e-12  0.1195000     7.3935     7.3930    -0.0004     5.8610     5.8606     50.032     51.136      0.720    1434.61    1434.61  0.000e+00
      20601     51.000     4.5749     4.5752     0.0003    0.79286    0.79281          1     8.0872     8.0494      98.68     0.4556     0.3453  1.000e-12  0.1125000     7.3936     7.3931    -0.0005     5.8610     5.8606     50.527     51.643      0.704    1434.62    1434.62  0.000e+00
      20620     51.500     4.5745     4.5751     0.0006    0.79285    0.79282          1     8.0902     8.0488      98.70     0.4556     0.3594  1.000e-12  0.1296000     7.3935     7.3931    -0.0004     5.8610     5.8607     51.022     52.149      0.563    1434.63    1434.63  0.000e+00
      20682     52.000     4.5750     4.5755     0.0005    0.79288    0.79284          1     8.0966     8.0497      98.71     0.4730     0.3427  1.000e-12  0.1261000     7.3937     7.3932    -0.0005     5.8611     5.8607     51.518     52.655      0.340    1434.63    1434.64  0.000e+00
      20763     52.500     4.5747     4.5754     0.0007    0.79287    0.79284          1     8.0901     8.0634      98.70     0.4685     0.3319  1.000e-12  0.1333000     7.3936     7.3931    -0.0004     5.8610     5.8607     52.013     53.162      0.657    1434.64    1434.64  0.000e+00
      20777     53.000     4.5755     4.5761     0.0006    0.79291    0.79287          1     8.0874     8.0654      98.70     0.4557     0.3773  1.000e-12  0.1493000     7.3938     7.3932    -0.0005     5.8611     5.8607     52.508     53.668      0.848    1434.65    1434.65  0.000e+00
      20790     53.500     4.5767     4.5768     0.0001    0.79297    0.79290          1     8.0881     8.0651      98.70     0.4473     0.3799  1.000e-12  0.1344000     7.3940     7.3933    -0.0007     5.8613     5.8608     53.003     54.174      0.896    1434.67    1434.67  0.000e+00
      20803     54.000     4.5763     4.5768     0.0005    0.79296    0.79292          1     8.0842     8.0667      98.70     0.4435     0.3240  1.000e-12  0.1295000     7.3939     7.3934    -0.0005     5.8613     5.8608     53.499     54.681      0.801    1434.67    1434.67  0.000e+00
      20829     54.500     4.5766     4.5771     0.0005    0.79298    0.79294          1     8.0821     8.0577      98.70     0.4563     0.3268  1.000e-12  0.1332000     7.3940     7.3935    -0.0006     5.8613     5.8609     53.994     55.187      0.487    1434.68    1434.68  0.000e+00
      20939     55.000     4.5764     4.5772     0.0008    0.79298    0.79295          1     8.0995     8.0518      98.70     0.4690     0.3336  1.000e-12  0.1152000     7.3940     7.3935    -0.0005     5.8613     5.8609     54.489     55.693      0.796    1434.69    1434.69  0.000e+00
      20951     55.500     4.5763     4.5770     0.0007    0.79297    0.79295          1     8.0966     8.0578      98.71     0.4438     0.3276  1.000e-12  0.1242000     7.3939     7.3934    -0.0004     5.8612     5.8609     54.985     56.199      0.843    1434.70    1434.70  0.000e+00
      20966     56.000     4.5764     4.5769     0.0005    0.79299    0.79295          1     8.0943     8.0679      98.70     0.4560     0.3187  1.000e-12  0.1281000     7.3939     7.3934    -0.0005     5.8612     5.8608     55.480     56.706      0.732    1434.70    1434.71  0.000e+00
      21006     56.500     4.5764     4.5770     0.0006    0.79302    0.79297          1     8.0986     8.0641      93.60     0.4624     0.3351  1.000e-12  0.1300000     7.3941     7.3935    -0.0006     5.8614     5.8609     55.975     57.212      0.418    1434.71    1434.71  0.000e+00
      21081     57.000     4.5768     4.5775     0.0007    0.79304    0.79300          1     8.0920     8.0540      98.90     0.4941     0.3272  1.000e-12  0.1370000     7.3942     7.3936    -0.0005     5.8614     5.8610     56.471     57.718      0.616    1434.72    1434.72  0.000e+00
