ctdpy/tests/etc/all_smhi_bas_2018/SBE09_1044_20180921_2058_34_01_0037.cnv
* Sea-Bird SBE 9 Data File:
* FileName = C:\ctd\temp\2018\AR18D037.hex
* Software Version Seasave V 7.26.6.26
* Temperature SN = 5351
* Conductivity SN = 3941
* Number of Bytes Per Scan = 41
* Number of Voltage Words = 4
* Number of Scans Averaged by the Deck Unit = 1
* NMEA Latitude = 57 07.03 N
* NMEA Longitude = 017 40.11 E
* NMEA UTC (Time) = Sep 21 2018  20:58:43
* NMEA baud rate = 4800
** Station:  BY38
** Operator:  OBac
** Ship: ARANDA
** Average sound velocity: 1445.07 m/s
** True-depth calculation Fri, 21 Sep 2018 22:04:34 +0000
** CTD Python Module SMHI /ver 3-12/ feb 2012 
** LIMS Job: 20183401-0037
** Cruise: SMHI-02-2018
** Latitude [GG MM.mm N] :
** Longitude [GG MM.mm E]:
# nquan = 26
# nvalues = 205                         
# units = specified
# name 0 = scan: Scan Count
# name 1 = prDM: Pressure, Digiquartz [db]
# name 2 = t090C: Temperature [ITS-90, deg C]
# name 3 = t190C: Temperature, 2 [ITS-90, deg C]
# name 4 = T2-T190C: Temperature Difference, 2 - 1 [ITS-90, deg C]
# name 5 = c0S/m: Conductivity [S/m]
# name 6 = c1S/m: Conductivity, 2 [S/m]
# name 7 = pumps: Pump Status
# name 8 = sbeox0ML/L: Oxygen, SBE 43 [ml/l]
# name 9 = sbeox1ML/L: Oxygen, SBE 43, 2 [ml/l]
# name 10 = altM: Altimeter [m]
# name 11 = flECO-AFL: Chl-a Fluorescence, WET Labs ECO-AFL/FL [mg/m^3]
# name 12 = flECO-AFL1: Phycocyanin Fluorescence, WET Labs ECO-AFL/FL, 2 [mg/m^3]
# name 13 = par: PAR/Irradiance, Biospherical/Lico [µE/(cm^2*s)]
# name 14 = turbWETntu0: Turbidity, WET Labs ECO [NTU]
# name 15 = sal00: Salinity, Practical [PSU]
# name 16 = sal11: Salinity, Practical, 2 [PSU]
# name 17 = secS-priS: Salinity, Practical, Difference, 2 - 1 [PSU]
# name 18 = sigma-t00: Density [sigma-t, Kg/m^3 ]
# name 19 = sigma-t11: Density, 2 [sigma-t, Kg/m^3 ]
# name 20 = depSM: Depth [salt water, m], lat = 57.1172
# name 21 = depFM: Depth [true depth, m], lat = 57.1172
# name 22 = dz/dtM: Descent Rate [m/s], WS = 2
# name 23 = svCM: Sound Velocity [Chen-Millero, m/s]
# name 24 = svCM1: Sound Velocity, 2 [Chen-Millero, m/s]
# name 25 = flag: flag
# span 0 =      43592,      48862       
# span 1 =      2.000,    104.000       
# span 2 =     3.8540,    14.4897       
# span 3 =     3.8132,    14.4915       
# span 4 =    -0.1289,     0.4229       
# span 5 =   0.780863,   1.153954       
# span 6 =   0.778056,   1.153944       
# span 7 =          1,          1       
# span 8 =   -0.05579,    7.07724       
# span 9 =    1.48683,    5.59566       
# span 10 =       3.69,      98.89      
# span 11 =     0.2177,     0.9822      
# span 12 =     0.1368,     0.4038      
# span 13 = 1.0000e-12, 1.0000e-12      
# span 14 =     0.1938,     1.4173      
# span 15 =     7.0110,    10.6677      
# span 16 =     7.0108,    10.6670      
# span 17 =    -0.1335,     0.0202      
# span 18 =     4.5777,     8.3911      
# span 19 =     4.5769,     8.3904      
# span 20 =      1.982,    103.018      
# span 21 =      2.028,    105.229      
# span 22 =     -0.163,      1.254      
# span 23 =    1431.21,    1472.65      
# span 24 =    1431.00,    1472.65      
# span 25 = 0.0000e+00, 0.0000e+00      
# interval = decibars: 0.5              
# start_time = Sep 21 2018 20:58:43 [NMEA time, first data scan]
# bad_flag = -9.990e-29
*END*
[from data line 112]
      46757     58.000     4.4439     4.4429    -0.0009    0.91626    0.91577          1     2.1907     4.1794      52.34     0.2725     0.2071  1.000e-12  0.3177000     8.6713     8.6666    -0.0047     6.8784     6.8748     57.459     58.751      0.999    1435.78    1435.77  0.000e+00
      46769     58.500     4.4854     4.4863     0.0008    0.92349    0.92305          1     1.9152     4.1631      51.96     0.2725     0.2206  1.000e-12  0.3100000     8.7339     8.7292    -0.0047     6.9266     6.9229     57.954     59.257      0.989    1436.05    1436.05  0.000e+00
      46781     59.000     4.5290     4.5282    -0.0008    0.93460    0.93402          1     1.6081     4.1479      51.32     0.2807     0.2492  1.000e-12  0.3184000     8.8353     8.8296    -0.0057     7.0054     7.0009     58.449     59.762      0.857    1436.39    1436.37  0.000e+00
      46810     59.500     4.5543     4.5567     0.0024    0.93814    0.93811          1     1.3273     4.1100      50.53     0.3093     0.2183  1.000e-12  0.3495000     8.8645     8.8635    -0.0010     7.0276     7.0267     58.944     60.268      0.473    1436.54    1436.55  0.000e+00
      46878     60.000     4.5901     4.5431    -0.0466    0.94366    0.93488          1     1.1907     3.9895      49.66     0.3355     0.2352  1.000e-12  0.3402000     8.9109     8.8342    -0.0768     7.0630     7.0039     59.440     60.774      0.574    1436.77    1436.46  0.000e+00
      46890     60.500     4.6709     4.6676    -0.0034    0.95879    0.95790          1     0.8818     3.9774      49.42     0.3180     0.2810  1.000e-12  0.3743000     9.0427     9.0347    -0.0081     7.1643     7.1580     59.935     61.279      0.912    1437.30    1437.28  0.000e+00
      46901     61.000     4.7329     4.7330     0.0000    0.96931    0.96893          1     0.6611     3.9697      49.05     0.3090     0.2387  1.000e-12  0.3908000     9.1325     9.1286    -0.0039     7.2328     7.2297     60.430     61.785      1.071    1437.70    1437.69  0.000e+00
      46911     61.500     4.7737     4.7744     0.0006    0.97592    0.97569          1     1.1120     3.9624      48.64     0.3091     0.1930  1.000e-12  0.3808000     9.1882     9.1857    -0.0025     7.2753     7.2733     60.926     62.291      1.132    1437.96    1437.96  0.000e+00
      46922     62.000     4.8110     4.8117     0.0007    0.98266    0.98236          1     1.5398     3.9597      48.38     0.3091     0.1927  1.000e-12  0.3654000     9.2462     9.2429    -0.0033     7.3196     7.3170     61.421     62.796      1.098    1438.20    1438.20  0.000e+00
      46933     62.500     4.8574     4.8576     0.0002    0.99170    0.99138          1     1.0936     3.9502      48.00     0.3164     0.2300  1.000e-12  0.4144000     9.3247     9.3214    -0.0033     7.3798     7.3772     61.916     63.302      0.942    1438.51    1438.51  0.000e+00
      46949     63.000     4.8997     4.9000     0.0003    0.99842    0.99821          1    -0.0558     3.9251      47.18     0.3907     0.2358  1.000e-12  0.8606000     9.3808     9.3785    -0.0023     7.4223     7.4205     62.411     63.807      0.610    1438.78    1438.78  0.000e+00
      46999     63.500     4.8681     4.7895    -0.0780    0.99284    0.97753          1    -0.0522     3.8004      45.39     0.3614     0.2099  1.000e-12  1.1652000     9.3330     9.1995    -0.1335     7.3858     7.2835     62.906     64.313      0.283    1438.59    1438.07  0.000e+00
      47039     64.000     5.0013     4.9661    -0.0360    1.01693    1.01208          1     0.1805     3.7130      44.38     0.3516     0.2336  1.000e-12  0.8383000     9.5391     9.5000    -0.0390     7.5429     7.5136     63.402     64.818      0.578    1439.44    1439.24  0.000e+00
      47055     64.500     5.0766     5.0755    -0.0011    1.02831    1.02800          1     0.1266     3.6829      44.17     0.3831     0.2515  1.000e-12  0.9906000     9.6323     9.6296    -0.0027     7.6131     7.6110     63.897     65.324      0.798    1439.90    1439.89  0.000e+00
      47069     65.000     5.1348     5.1347    -0.0000    1.03580    1.03548          1     0.1617     3.6595      43.68     0.4038     0.2477  1.000e-12  1.3039000     9.6911     9.6879    -0.0032     7.6568     7.6542     64.392     65.829      0.913    1440.23    1440.23  0.000e+00
      47081     65.500     5.2212     5.2217     0.0005    1.04755    1.04739          1     0.1610     3.6364      42.60     0.4087     0.2403  1.000e-12  1.4173000     9.7843     9.7825    -0.0018     7.7262     7.7247     64.888     66.335      0.942    1440.73    1440.73  0.000e+00
      47094     66.000     5.2594     5.2609     0.0015    1.05281    1.05274          1     0.1201     3.6155      42.43     0.3901     0.2074  1.000e-12  0.8298000     9.8260     9.8248    -0.0012     7.7572     7.7562     65.383     66.840      0.882    1440.96    1440.97  0.000e+00
      47109     66.500     5.3016     5.3029     0.0013    1.05851    1.05842          1     0.0569     3.5897      42.19     0.3833     0.2339  1.000e-12  0.5753000     9.8708     9.8695    -0.0013     7.7905     7.7894     65.878     67.345      0.720    1441.21    1441.21  0.000e+00
      47132     67.000     5.3265     5.3279     0.0013    1.06182    1.06166          1     0.0877     3.5454      41.50     0.3835     0.2532  1.000e-12  0.4292000     9.8967     9.8946    -0.0021     7.8097     7.8079     66.373     67.851      0.414    1441.36    1441.36  0.000e+00
      47179     67.500     5.3489     5.3490     0.0001    1.06460    1.06470          1     0.1232     3.4430      40.72     0.3982     0.2228  1.000e-12  0.3917000     9.9179     9.9188     0.0009     7.8252     7.8260     66.869     68.356      0.302    1441.49    1441.49  0.000e+00
      47207     68.000     5.3753     5.3757     0.0005    1.06944    1.06925          1     0.1093     3.3881      40.35     0.4226     0.2369  1.000e-12  0.4210000     9.9586     9.9566    -0.0021     7.8560     7.8544     67.364     68.861      0.640    1441.66    1441.66  0.000e+00
      47222     68.500     5.3998     5.4006     0.0009    1.07428    1.07412          1     0.0979     3.3554      40.03     0.4124     0.2638  1.000e-12  0.4369000     9.9999     9.9981    -0.0018     7.8873     7.8858     67.859     69.366      0.817    1441.83    1441.83  0.000e+00
      47236     69.000     5.4446     5.4466     0.0019    1.08187    1.08185          1     0.0982     3.3291      39.60     0.4079     0.2607  1.000e-12  0.4440000    10.0626    10.0618    -0.0008     7.9344     7.9337     68.354     69.872      0.891    1442.11    1442.12  0.000e+00
      47249     69.500     5.4713     5.4729     0.0016    1.08552    1.08547          1     0.1006     3.3033      39.15     0.3996     0.2114  1.000e-12  0.4344000    10.0911    10.0902    -0.0009     7.9555     7.9546     68.849     70.377      0.881    1442.27    1442.28  0.000e+00
      47263     70.000     5.4871     5.4889     0.0018    1.08743    1.08742          1     0.1094     3.2755      38.60     0.4010     0.2106  1.000e-12  0.4275000    10.1055    10.1048    -0.0007     7.9660     7.9653     69.345     70.882      0.786    1442.36    1442.37  0.000e+00
      47280     70.500     5.5049     5.5059     0.0009    1.09041    1.09030          1     0.1035     3.2420      38.01     0.3854     0.2219  1.000e-12  0.3191000    10.1299    10.1286    -0.0013     7.9842     7.9831     69.840     71.387      0.603    1442.48    1442.48  0.000e+00
      47307     71.000     5.5181     5.5192     0.0011    1.09320    1.09309          1     0.0888     3.1907      37.27     0.3670     0.2746  1.000e-12  0.3002000    10.1538    10.1524    -0.0014     8.0024     8.0012     70.335     71.893      0.304    1442.57    1442.58  0.000e+00
      47369     71.500     5.5278     5.5281     0.0004    1.09438    1.09418          1     0.0913     3.0680      36.52     0.3867     0.2413  1.000e-12  0.3041000    10.1626    10.1605    -0.0020     8.0088     8.0071     70.830     72.398      0.435    1442.64    1442.63  0.000e+00
      47386     72.000     5.5277     5.5299     0.0022    1.09605    1.09593          1     0.0905     3.0358      36.26     0.3871     0.2212  1.000e-12  0.3418000    10.1793    10.1775    -0.0018     8.0220     8.0204     71.325     72.903      0.872    1442.67    1442.67  0.000e+00
      47397     72.500     5.5360     5.5375     0.0015    1.09881    1.09864          1     0.0845     3.0165      35.99     0.3779     0.2540  1.000e-12  0.3608000    10.2044    10.2023    -0.0021     8.0413     8.0395     71.821     73.408      1.083    1442.74    1442.75  0.000e+00
      47407     73.000     5.5590     5.5606     0.0016    1.10296    1.10287          1     0.0833     3.0018      35.63     0.3648     0.3095  1.000e-12  0.3859000    10.2389    10.2375    -0.0015     8.0673     8.0660     72.316     73.914      1.167    1442.89    1442.90  0.000e+00
      47417     73.500     5.5733     5.5748     0.0015    1.10577    1.10565          1     0.0828     2.9867      35.13     0.3604     0.3097  1.000e-12  0.3828000    10.2626    10.2609    -0.0017     8.0852     8.0838     72.811     74.419      1.131    1442.99    1443.00  0.000e+00
      47427     74.000     5.5916     5.5931     0.0015    1.10976    1.10967          1     0.0826     2.9708      34.74     0.3833     0.2538  1.000e-12  0.3843000    10.2969    10.2956    -0.0013     8.1112     8.1100     73.306     74.924      0.951    1443.12    1443.13  0.000e+00
      47445     74.500     5.6013     5.6024     0.0011    1.11126    1.11121          1     0.0821     2.9360      33.87     0.3804     0.2379  1.000e-12  0.3753000    10.3089    10.3080    -0.0008     8.1201     8.1194     73.802     75.429      0.520    1443.18    1443.19  0.000e+00
      47507     75.000     5.5657     5.5205    -0.0452    1.10468    1.09624          1     0.0788     2.8258      32.74     0.3824     0.2655  1.000e-12  0.3367000    10.2537    10.1829    -0.0709     8.0786     8.0252     74.297     75.934      0.360    1442.97    1442.69  0.000e+00
      47530     75.500     5.6128     5.6050    -0.0078    1.11312    1.11146          1     0.0781     2.7820      32.50     0.3877     0.2441  1.000e-12  0.3476000    10.3238    10.3096    -0.0142     8.1312     8.1204     74.792     76.439      0.709    1443.27    1443.22  0.000e+00
      47544     76.000     5.6163     5.6179     0.0016    1.11386    1.11385          1     0.0783     2.7595      31.99     0.3852     0.2224  1.000e-12  0.3511000    10.3300    10.3294    -0.0006     8.1359     8.1353     75.287     76.945      0.867    1443.30    1443.31  0.000e+00
      47557     76.500     5.6205     5.6223     0.0018    1.11469    1.11466          1     0.0799     2.7376      31.45     0.3833     0.2569  1.000e-12  0.3592000    10.3370    10.3361    -0.0008     8.1411     8.1404     75.783     77.450      0.895    1443.34    1443.34  0.000e+00
      47571     77.000     5.6237     5.6253     0.0016    1.11543    1.11540          1     0.0756     2.7158      31.21     0.3840     0.2797  1.000e-12  0.3561000    10.3433    10.3426    -0.0008     8.1460     8.1453     76.278     77.955      0.796    1443.36    1443.37  0.000e+00
      47588     77.500     5.6266     5.6283     0.0017    1.11597    1.11596          1     0.0726     2.6860      30.68     0.3851     0.2678  1.000e-12  0.3410000    10.3478    10.3471    -0.0007     8.1493     8.1487     76.773     78.460      0.564    1443.39    1443.40  0.000e+00
      47620     78.000     5.6296     5.6312     0.0016    1.11656    1.11653          1     0.0668     2.6399      29.49     0.3904     0.2317  1.000e-12  0.3547000    10.3527    10.3518    -0.0009     8.1530     8.1522     77.268     78.965      0.350    1443.42    1443.42  0.000e+00
      47651     78.500     5.6408     5.6420     0.0012    1.11867    1.11855          1     0.0700     2.5908      29.30     0.3672     0.2326  1.000e-12  0.3278000    10.3703    10.3686    -0.0016     8.1662     8.1649     77.764     79.470      0.510    1443.50    1443.50  0.000e+00
      47671     79.000     5.6521     5.6536     0.0015    1.12070    1.12067          1     0.0731     2.5604      29.07     0.3621     0.2055  1.000e-12  0.3200000    10.3870    10.3863    -0.0008     8.1788     8.1781     78.259     79.976      0.690    1443.57    1443.58  0.000e+00
      47687     79.500     5.6567     5.6584     0.0017    1.12154    1.12153          1     0.0658     2.5362      28.11     0.3604     0.2068  1.000e-12  0.3003000    10.3938    10.3932    -0.0006     8.1839     8.1833     78.754     80.481      0.777    1443.61    1443.62  0.000e+00
      47701     80.000     5.6622     5.6640     0.0018    1.12291    1.12291          1     0.0617     2.5172      27.79     0.3796     0.2071  1.000e-12  0.3032000    10.4058    10.4052    -0.0006     8.1930     8.1925     79.249     80.986      0.773    1443.66    1443.66  0.000e+00
      47718     80.500     5.6679     5.6700     0.0021    1.12418    1.12421          1     0.0631     2.4937      27.53     0.4074     0.2523  1.000e-12  0.3028000    10.4167    10.4163    -0.0004     8.2013     8.2008     79.744     81.491      0.659    1443.70    1443.71  0.000e+00
      47741     81.000     5.6765     5.6782     0.0017    1.12587    1.12587          1     0.0669     2.4601      27.03     0.3783     0.2645  1.000e-12  0.2882000    10.4309    10.4303    -0.0006     8.2120     8.2114     80.240     81.996      0.439    1443.77    1443.77  0.000e+00
      47775     81.500     5.6821     5.6837     0.0016    1.12705    1.12702          1     0.0627     2.4169      26.37     0.3819     0.2413  1.000e-12  0.2848000    10.4408    10.4400    -0.0008     8.2195     8.2188     80.735     82.501      0.366    1443.81    1443.82  0.000e+00
      47803     82.000     5.6834     5.6854     0.0020    1.12731    1.12732          1     0.0608     2.3754      25.89     0.3748     0.2078  1.000e-12  0.2750000    10.4429    10.4424    -0.0004     8.2210     8.2206     81.230     83.006      0.513    1443.83    1443.84  0.000e+00
      47823     82.500     5.6890     5.6908     0.0018    1.12829    1.12827          1     0.0634     2.3481      25.44     0.3727     0.2071  1.000e-12  0.2791000    10.4509    10.4502    -0.0007     8.2270     8.2264     81.725     83.511      0.638    1443.87    1443.88  0.000e+00
      47841     83.000     5.6955     5.6972     0.0017    1.12978    1.12975          1     0.0641     2.3285      25.03     0.3756     0.2351  1.000e-12  0.2730000    10.4637    10.4629    -0.0008     8.2367     8.2360     82.220     84.016      0.733    1443.92    1443.93  0.000e+00
      47856     83.500     5.7012     5.7030     0.0018    1.13092    1.13092          1     0.0632     2.3074      24.57     0.3817     0.2948  1.000e-12  0.2739000    10.4732    10.4727    -0.0006     8.2439     8.2434     82.716     84.522      0.775    1443.97    1443.97  0.000e+00
      47871     84.000     5.7046     5.7063     0.0017    1.13157    1.13155          1     0.0619     2.2900      24.07     0.3847     0.2950  1.000e-12  0.2702000    10.4786    10.4779    -0.0007     8.2480     8.2473     83.211     85.027      0.735    1443.99    1444.00  0.000e+00
      47889     84.500     5.7110     5.7123     0.0013    1.13312    1.13306          1     0.0634     2.2683      23.45     0.3774     0.3011  1.000e-12  0.2798000    10.4920    10.4910    -0.0010     8.2582     8.2573     83.706     85.532      0.591    1444.05    1444.05  0.000e+00
      47916     85.000     5.7154     5.7169     0.0015    1.13409    1.13406          1     0.0575     2.2359      22.80     0.3671     0.2845  1.000e-12  0.2750000    10.5003    10.4995    -0.0008     8.2644     8.2637     84.201     86.037      0.398    1444.08    1444.09  0.000e+00
