ctdpy/tests/etc/all_smhi_bas_2018/SBE09_1044_20181112_0857_34_01_0137.cnv
* Sea-Bird SBE 9 Data File:
* FileName = C:\ctd\temp\ar18d137.hex
* Software Version Seasave V 7.26.7.107
* Temperature SN = 5351
* Conductivity SN = 3941
* Number of Bytes Per Scan = 41
* Number of Voltage Words = 4
* Number of Scans Averaged by the Deck Unit = 1
* NMEA Latitude = 58 20.38 N
* NMEA Longitude = 011 01.64 E
* NMEA UTC (Time) = Nov 12 2018  08:57:19
* NMEA baud rate = 4800
** Station:  A13
** Operator:  A-KTh
** Ship: ARANDA
** Average sound velocity: 1489.60 m/s
** True-depth calculation Mon, 12 Nov 2018 09:50:37 +0000
** CTD Python Module SMHI /ver 3-12/ feb 2012 
** LIMS Job: 20183401-0137
** Cruise: SMHI-6-2018
** Latitude [GG MM.mm N]:
** Longitude [GG MM.mm E]
# nquan = 26
# nvalues = 201                         
# units = specified
# name 0 = scan: Scan Count
# name 1 = prDM: Pressure, Digiquartz [db]
# name 2 = t090C: Temperature [ITS-90, deg C]
# name 3 = t190C: Temperature, 2 [ITS-90, deg C]
# name 4 = T2-T190C: Temperature Difference, 2 - 1 [ITS-90, deg C]
# name 5 = c0S/m: Conductivity [S/m]
# name 6 = c1S/m: Conductivity, 2 [S/m]
# name 7 = pumps: Pump Status
# name 8 = sbeox0ML/L: Oxygen, SBE 43 [ml/l]
# name 9 = sbeox1ML/L: Oxygen, SBE 43, 2 [ml/l]
# name 10 = altM: Altimeter [m]
# name 11 = flECO-AFL: Chl-a Fluorescence, WET Labs ECO-AFL/FL [mg/m^3]
# name 12 = flECO-AFL1: Phycocyanin Fluorescence, WET Labs ECO-AFL/FL, 2 [mg/m^3]
# name 13 = par: PAR/Irradiance, Biospherical/Lico [µE/(cm^2*s)]
# name 14 = turbWETntu0: Turbidity, WET Labs ECO [NTU]
# name 15 = sal00: Salinity, Practical [PSU]
# name 16 = sal11: Salinity, Practical, 2 [PSU]
# name 17 = secS-priS: Salinity, Practical, Difference, 2 - 1 [PSU]
# name 18 = sigma-t00: Density [sigma-t, Kg/m^3 ]
# name 19 = sigma-t11: Density, 2 [sigma-t, Kg/m^3 ]
# name 20 = depSM: Depth [salt water, m], lat = 58.3397
# name 21 = depFM: Depth [true depth, m], lat = 58.3397
# name 22 = dz/dtM: Descent Rate [m/s], WS = 2
# name 23 = svCM: Sound Velocity [Chen-Millero, m/s]
# name 24 = svCM1: Sound Velocity, 2 [Chen-Millero, m/s]
# name 25 = flag: flag
# span 0 =      24582,      29312       
# span 1 =      2.000,    102.000       
# span 2 =     9.2489,    10.6455       
# span 3 =     9.2565,    10.6445       
# span 4 =    -0.1007,     0.0362       
# span 5 =   3.268839,   3.846573       
# span 6 =   3.268896,   3.846705       
# span 7 =          1,          1       
# span 8 =    5.04905,    6.20420       
# span 9 =    4.86043,    5.90685       
# span 10 =      -2.15,      98.03      
# span 11 =     0.0840,     1.4864      
# span 12 =     0.1026,     0.4119      
# span 13 = 1.0000e-12, 8.4877e+01      
# span 14 =     0.3089,     1.7863      
# span 15 =    29.4313,    35.0065      
# span 16 =    29.4312,    35.0032      
# span 17 =    -0.0369,     0.0077      
# span 18 =    22.5879,    27.0829      
# span 19 =    22.5875,    27.0780      
# span 20 =      1.981,    101.027      
# span 21 =      1.992,    101.288      
# span 22 =     -0.140,      1.186      
# span 23 =    1483.56,    1492.65      
# span 24 =    1483.57,    1492.65      
# span 25 = 0.0000e+00, 0.0000e+00      
# interval = decibars: 0.5              
# start_time = Nov 12 2018 08:57:19 [NMEA time, first data scan]
# bad_flag = -9.990e-29
*END*
[from data line 112]
      27070     58.000    10.5602    10.5617     0.0015    3.84563    3.84574          1     5.5801     5.3484      46.68     0.0955     0.2259  1.000e-12  0.4914000    34.8068    34.8064    -0.0004    26.7038    26.7032     57.453     57.646      0.847    1492.55    1492.55  0.000e+00
      27088     58.500    10.5454    10.5455     0.0001    3.84420    3.84413          1     5.5703     5.3417      45.85     0.0952     0.2202  1.000e-12  0.5168000    34.8062    34.8055    -0.0008    26.7059    26.7053     57.948     58.142      0.561    1492.50    1492.50  0.000e+00
      27128     59.000    10.5352    10.5399     0.0048    3.84334    3.84363          1     5.5708     5.3328      45.13     0.1129     0.2236  1.000e-12  0.5244000    34.8071    34.8055    -0.0016    26.7084    26.7063     58.443     58.638      0.250    1492.48    1492.49  0.000e+00
      27166     59.500    10.5221    10.5256     0.0034    3.84234    3.84259          1     5.5751     5.3310      44.19     0.1149     0.1979  1.000e-12  0.5105000    34.8092    34.8085    -0.0008    26.7124    26.7112     58.938     59.134      0.484    1492.44    1492.45  0.000e+00
      27187     60.000    10.5121    10.5135     0.0014    3.84211    3.84215          1     5.5767     5.3262      43.75     0.1145     0.1628  1.000e-12  0.5652000    34.8162    34.8154    -0.0008    26.7196    26.7187     59.434     59.630      0.649    1492.42    1492.42  0.000e+00
      27204     60.500    10.5095    10.5106     0.0011    3.84343    3.84346          1     5.5738     5.3296      43.44     0.1138     0.2161  1.000e-12  0.5763000    34.8319    34.8312    -0.0007    26.7322    26.7315     59.929     60.126      0.726    1492.44    1492.44  0.000e+00
      27220     61.000    10.5028    10.5043     0.0015    3.84395    3.84407          1     5.5681     5.3344      43.42     0.1092     0.2347  1.000e-12  0.5757000    34.8434    34.8430    -0.0003    26.7424    26.7419     60.424     60.622      0.735    1492.44    1492.44  0.000e+00
      27236     61.500    10.4919    10.4932     0.0013    3.84311    3.84321          1     5.5674     5.3319      42.88     0.1037     0.2316  1.000e-12  0.5761000    34.8450    34.8448    -0.0003    26.7456    26.7452     60.919     61.118      0.686    1492.41    1492.41  0.000e+00
      27255     62.000    10.4813    10.4829     0.0016    3.84231    3.84242          1     5.5738     5.3308      42.33     0.1147     0.1855  1.000e-12  0.5591000    34.8469    34.8464    -0.0005    26.7489    26.7483     61.414     61.614      0.610    1492.38    1492.39  0.000e+00
      27276     62.500    10.4711    10.4726     0.0014    3.84201    3.84210          1     5.5651     5.3306      41.61     0.1225     0.1695  1.000e-12  0.5959000    34.8534    34.8529    -0.0005    26.7558    26.7552     61.910     62.110      0.570    1492.36    1492.37  0.000e+00
      27297     63.000    10.4721    10.4733     0.0012    3.84322    3.84329          1     5.5464     5.3257      41.18     0.1196     0.1746  1.000e-12  0.6119000    34.8644    34.8640    -0.0005    26.7642    26.7636     62.405     62.606      0.555    1492.39    1492.39  0.000e+00
      27320     63.500    10.4723    10.4735     0.0012    3.84356    3.84364          1     5.5429     5.3159      41.01     0.1101     0.1592  1.000e-12  0.6379000    34.8675    34.8671    -0.0004    26.7666    26.7661     62.900     63.102      0.485    1492.40    1492.40  0.000e+00
      27350     64.000    10.4714    10.4727     0.0013    3.84400    3.84407          1     5.5287     5.2973      40.31     0.1233     0.1496  1.000e-12  0.6781000    34.8725    34.8720    -0.0005    26.7706    26.7700     63.395     63.598      0.350    1492.41    1492.42  0.000e+00
      27384     64.500    10.4617    10.4635     0.0017    3.84379    3.84391          1     5.4877     5.2704      39.51     0.1388     0.1875  1.000e-12  0.7285000    34.8794    34.8791    -0.0004    26.7777    26.7771     63.890     64.094      0.455    1492.39    1492.40  0.000e+00
      27406     65.000    10.4411    10.4431     0.0019    3.84209    3.84226          1     5.4704     5.2633      39.23     0.1382     0.2067  1.000e-12  0.8289000    34.8818    34.8816    -0.0002    26.7832    26.7827     64.386     64.590      0.658    1492.33    1492.34  0.000e+00
      27422     65.500    10.4260    10.4273     0.0013    3.84084    3.84093          1     5.4743     5.2608      38.89     0.1301     0.2331  1.000e-12  0.8861000    34.8835    34.8831    -0.0004    26.7872    26.7866     64.881     65.086      0.761    1492.29    1492.29  0.000e+00
      27437     66.000    10.4149    10.4163     0.0014    3.84155    3.84161          1     5.4873     5.2656      37.79     0.1138     0.2354  1.000e-12  0.9677000    34.9010    34.9003    -0.0008    26.8028    26.8020     65.376     65.582      0.777    1492.28    1492.28  0.000e+00
      27453     66.500    10.4013    10.4031     0.0018    3.84200    3.84215          1     5.4864     5.2688      37.54     0.1152     0.2337  1.000e-12  0.9683000    34.9184    34.9183    -0.0001    26.8188    26.8184     65.871     66.078      0.724    1492.26    1492.26  0.000e+00
      27470     67.000    10.3698    10.3721     0.0023    3.83973    3.83991          1     5.4779     5.2642      37.24     0.1207     0.2077  1.000e-12  0.9557000    34.9255    34.9251    -0.0004    26.8298    26.8291     66.367     66.574      0.623    1492.16    1492.17  0.000e+00
      27493     67.500    10.3433    10.3467     0.0034    3.83753    3.83772          1     5.4719     5.2519      36.55     0.1388     0.1647  1.000e-12  0.9272000    34.9284    34.9271    -0.0013    26.8367    26.8351     66.862     67.070      0.472    1492.08    1492.09  0.000e+00
      27531     68.000    10.3156    10.3103    -0.0053    3.83549    3.83522          1     5.4611     5.2355      35.91     0.1430     0.2151  1.000e-12  0.9201000    34.9342    34.9365     0.0024    26.8460    26.8488     67.357     67.566      0.265    1492.00    1491.98  0.000e+00
      27571     68.500    10.2986    10.3002     0.0016    3.83426    3.83437          1     5.4281     5.2147      35.64     0.1455     0.2360  1.000e-12  0.8889000    34.9378    34.9373    -0.0005    26.8518    26.8512     67.852     68.062      0.539    1491.95    1491.96  0.000e+00
      27588     69.000    10.2686    10.2689     0.0003    3.83132    3.83137          1     5.4200     5.2011      35.30     0.1135     0.2481  1.000e-12  0.8961000    34.9365    34.9367     0.0002    26.8560    26.8562     68.347     68.558      0.879    1491.85    1491.85  0.000e+00
      27599     69.500    10.2588    10.2603     0.0015    3.83071    3.83083          1     5.4156     5.1963      34.97     0.1138     0.2917  1.000e-12  0.9024000    34.9395    34.9393    -0.0002    26.8601    26.8597     68.842     69.054      1.081    1491.82    1491.83  0.000e+00
      27609     70.000    10.2560    10.2578     0.0018    3.83053    3.83069          1     5.4159     5.1941      34.71     0.1150     0.2921  1.000e-12  0.9277000    34.9402    34.9400    -0.0002    26.8611    26.8607     69.338     69.550      1.163    1491.83    1491.83  0.000e+00
      27619     70.500    10.2486    10.2496     0.0011    3.83010    3.83013          1     5.4185     5.1967      34.27     0.1139     0.2647  1.000e-12  0.9258000    34.9427    34.9420    -0.0007    26.8644    26.8636     69.833     70.046      1.116    1491.81    1491.81  0.000e+00
      27630     71.000    10.2469    10.2483     0.0014    3.83038    3.83048          1     5.4196     5.1988      33.87     0.1138     0.2501  1.000e-12  0.9605000    34.9469    34.9466    -0.0003    26.8679    26.8674     70.328     70.542      0.905    1491.82    1491.83  0.000e+00
      27668     71.500    10.2539    10.2540     0.0003    3.83094    3.83091          1     5.4308     5.2084      33.06     0.1184     0.1945  1.000e-12  0.9115000    34.9457    34.9453    -0.0004    26.8658    26.8655     70.823     71.038      0.517    1491.85    1491.85  0.000e+00
      27726     72.000    10.2611    10.2586    -0.0025    3.83164    3.83163          1     5.4296     5.1997      32.34     0.1262     0.1987  1.000e-12  0.7765000    34.9456    34.9480     0.0023    26.8645    26.8668     71.318     71.534      0.904    1491.89    1491.88  0.000e+00
      27736     72.500    10.2531    10.2545     0.0013    3.83178    3.83188          1     5.4312     5.1969      32.02     0.1018     0.2228  1.000e-12  0.8856000    34.9546    34.9542    -0.0004    26.8729    26.8723     71.814     72.030      1.118    1491.87    1491.88  0.000e+00
      27746     73.000    10.2519    10.2531     0.0012    3.83172    3.83179          1     5.4348     5.1973      31.67     0.1053     0.2237  1.000e-12  0.8871000    34.9548    34.9544    -0.0004    26.8733    26.8727     72.309     72.526      1.186    1491.88    1491.88  0.000e+00
      27755     73.500    10.2517    10.2531     0.0013    3.83173    3.83182          1     5.4350     5.2009      31.45     0.1135     0.2328  1.000e-12  0.9284000    34.9548    34.9545    -0.0003    26.8733    26.8728     72.804     73.022      1.132    1491.89    1491.89  0.000e+00
      27766     74.000    10.2516    10.2530     0.0013    3.83174    3.83182          1     5.4384     5.2076      30.99     0.1255     0.2307  1.000e-12  0.9844000    34.9549    34.9544    -0.0005    26.8734    26.8728     73.299     73.518      0.932    1491.89    1491.90  0.000e+00
      27794     74.500    10.2539    10.2573     0.0033    3.83187    3.83207          1     5.4353     5.2096      30.14     0.1244     0.1861  1.000e-12  0.9557000    34.9537    34.9526    -0.0011    26.8720    26.8706     73.794     74.014      0.468    1491.91    1491.92  0.000e+00
      27850     75.000    10.2573    10.2677     0.0104    3.83207    3.83262          1     5.4249     5.1966      29.18     0.1261     0.1835  1.000e-12  0.8302000    34.9524    34.9479    -0.0045    26.8704    26.8651     74.289     74.509      0.574    1491.93    1491.96  0.000e+00
      27863     75.500    10.2528    10.2540     0.0012    3.83190    3.83202          1     5.4239     5.1961      28.97     0.1158     0.2068  1.000e-12  0.8648000    34.9547    34.9547    -0.0001    26.8730    26.8728     74.785     75.005      0.862    1491.92    1491.93  0.000e+00
      27875     76.000    10.2516    10.2526     0.0011    3.83193    3.83201          1     5.4218     5.1952      28.58     0.1158     0.2071  1.000e-12  0.8682000    34.9559    34.9557    -0.0002    26.8742    26.8738     75.280     75.501      0.935    1491.93    1491.93  0.000e+00
      27888     76.500    10.2510    10.2524     0.0013    3.83197    3.83205          1     5.4143     5.1976      28.15     0.1339     0.2082  1.000e-12  0.9729000    34.9567    34.9562    -0.0005    26.8749    26.8742     75.775     75.997      0.859    1491.94    1491.94  0.000e+00
      27904     77.000    10.2509    10.2523     0.0013    3.83202    3.83210          1     5.4093     5.1967      27.61     0.1254     0.2194  1.000e-12  0.9775000    34.9570    34.9566    -0.0005    26.8751    26.8745     76.270     76.493      0.607    1491.94    1491.95  0.000e+00
      27937     77.500    10.2487    10.2501     0.0013    3.83193    3.83204          1     5.4295     5.1965      26.73     0.1039     0.2160  1.000e-12  0.9280000    34.9580    34.9579    -0.0001    26.8763    26.8759     76.765     76.989      0.314    1491.95    1491.95  0.000e+00
      27970     78.000    10.2418    10.2434     0.0016    3.83143    3.83154          1     5.4304     5.1918      26.18     0.1375     0.1161  1.000e-12  0.9815000    34.9593    34.9589    -0.0004    26.8785    26.8779     77.260     77.485      0.560    1491.93    1491.94  0.000e+00
      27987     78.500    10.2283    10.2308     0.0025    3.83004    3.83024          1     5.4194     5.1842      25.92     0.1382     0.1911  1.000e-12  0.9820000    34.9580    34.9576    -0.0004    26.8798    26.8790     77.756     77.981      0.708    1491.89    1491.90  0.000e+00
      28003     79.000    10.2045    10.2063     0.0018    3.82827    3.82838          1     5.3983     5.1740      25.48     0.1375     0.2226  1.000e-12  0.9816000    34.9627    34.9621    -0.0006    26.8876    26.8868     78.251     78.477      0.726    1491.82    1491.82  0.000e+00
      28020     79.500    10.1856    10.1877     0.0020    3.82656    3.82669          1     5.3800     5.1659      24.98     0.0840     0.2345  1.000e-12  1.0800000    34.9632    34.9626    -0.0006    26.8913    26.8905     78.746     78.973      0.640    1491.76    1491.77  0.000e+00
      28042     80.000    10.1628    10.1640     0.0012    3.82439    3.82441          1     5.3779     5.1549      24.04     0.0989     0.1938  1.000e-12  1.0276000    34.9629    34.9620    -0.0009    26.8950    26.8941     79.241     79.469      0.483    1491.69    1491.69  0.000e+00
      28070     80.500    10.1432    10.1450     0.0018    3.82241    3.82253          1     5.3595     5.1361      23.53     0.1116     0.2311  1.000e-12  1.0421000    34.9615    34.9610    -0.0005    26.8973    26.8966     79.736     79.965      0.444    1491.62    1491.63  0.000e+00
      28095     81.000    10.1275    10.1182    -0.0094    3.82095    3.82006          1     5.3353     5.1259      23.22     0.1073     0.1810  1.000e-12  1.1139000    34.9615    34.9614    -0.0001    26.9000    26.9015     80.231     80.461      0.554    1491.57    1491.54  0.000e+00
      28115     81.500    10.1045    10.0999    -0.0046    3.81892    3.81841          1     5.3338     5.1258      22.89     0.1065     0.1999  1.000e-12  1.1153000    34.9627    34.9620    -0.0006    26.9049    26.9052     80.726     80.957      0.602    1491.50    1491.48  0.000e+00
      28135     82.000    10.0945    10.0947     0.0003    3.81798    3.81795          1     5.3404     5.1232      22.39     0.1137     0.2311  1.000e-12  1.1332000    34.9627    34.9621    -0.0005    26.9066    26.9062     81.222     81.453      0.577    1491.48    1491.47  0.000e+00
      28157     82.500    10.0931    10.0956     0.0024    3.81786    3.81807          1     5.3445     5.1190      21.88     0.1216     0.2221  1.000e-12  1.1748000    34.9625    34.9623    -0.0002    26.9067    26.9061     81.717     81.948      0.535    1491.48    1491.49  0.000e+00
      28180     83.000    10.0819    10.0736    -0.0082    3.81682    3.81595          1     5.3433     5.1122      21.35     0.1055     0.2330  1.000e-12  1.1272000    34.9624    34.9616    -0.0008    26.9086    26.9094     82.212     82.444      0.538    1491.45    1491.41  0.000e+00
      28201     83.500    10.0665    10.0684     0.0018    3.81536    3.81552          1     5.3377     5.1113      20.83     0.1381     0.2232  1.000e-12  1.1622000    34.9623    34.9621    -0.0001    26.9111    26.9107     82.707     82.940      0.583    1491.40    1491.40  0.000e+00
      28221     84.000    10.0622    10.0639     0.0016    3.81501    3.81513          1     5.3286     5.1128      20.44     0.1185     0.2375  1.000e-12  1.1287000    34.9626    34.9621    -0.0005    26.9121    26.9114     83.202     83.436      0.600    1491.39    1491.40  0.000e+00
      28241     84.500    10.0645    10.0645     0.0000    3.81525    3.81521          1     5.3258     5.1122      20.00     0.1264     0.2406  1.000e-12  1.1521000    34.9626    34.9622    -0.0004    26.9117    26.9114     83.697     83.932      0.544    1491.41    1491.41  0.000e+00
      28266     85.000    10.0595    10.0642     0.0047    3.81479    3.81521          1     5.3382     5.1099      19.40     0.1326     0.2193  1.000e-12  1.1682000    34.9625    34.9623    -0.0002    26.9125    26.9115     84.193     84.428      0.435    1491.40    1491.41  0.000e+00
