ctdpy/tests/etc/all_smhi_bas_2018/SBE09_0827_20180904_2238_26_01_0961.cnv
* Sea-Bird SBE 9 Data File:
* FileName = D:\CTD_SBE911\DAT\26DA.2018.9.11.hex
* Software Version Seasave V 7.21d
* Temperature SN = 034605
* Conductivity SN = 041844
* Number of Bytes Per Scan = 48
* Number of Voltage Words = 5
* Number of Scans Averaged by the Deck Unit = 1
* NMEA Latitude = 57 59.91 N
* NMEA Longitude = 019 52.90 E
* NMEA UTC (Time) = Sep 04 2018  22:41:21
* NMEA baud rate = 4800
** Ship: DANA
** Average sound velocity: 1450.27 m/s
** True-depth calculation Wed, 03 Apr 2019 09:29:03 +0000
** CTD Python Module SMHI /ver 3-12/ feb 2012 
** LIMS Job: 20182601-0961
**  BY20
** Operator: Christian JKro
** Cruise: 09/2018
# nquan = 26
# nvalues = 382                         
# units = specified
# name 0 = scan: Scan Count
# name 1 = prDM: Pressure, Digiquartz [db]
# name 2 = t090C: Temperature [ITS-90, deg C]
# name 3 = t190C: Temperature, 2 [ITS-90, deg C]
# name 4 = T2-T190C: Temperature Difference, 2 - 1 [ITS-90, deg C]
# name 5 = c0S/m: Conductivity [S/m]
# name 6 = c1S/m: Conductivity, 2 [S/m]
# name 7 = pumps: Pump Status
# name 8 = sbeox1ML/L: Oxygen, SBE 43, 2 [ml/l]
# name 9 = sbeox0ML/L: Oxygen, SBE 43 [ml/l]
# name 10 = altM: Altimeter [m]
# name 11 = chloroflTC0: Chlorophyll, Turner Cyclops [ug/l]
# name 12 = cpar: CPAR/Corrected Irradiance [%]
# name 13 = par: PAR/Irradiance, Biospherical/Lico [µE/(cm^2*s)]
# name 14 = spar: SPAR, Biospherical/Licor
# name 15 = sal00: Salinity, Practical [PSU]
# name 16 = sal11: Salinity, Practical, 2 [PSU]
# name 17 = secS-priS: Salinity, Practical, Difference, 2 - 1 [PSU]
# name 18 = sigma-t00: Density [sigma-t, kg/m^3 ]
# name 19 = sigma-t11: Density, 2 [sigma-t, kg/m^3 ]
# name 20 = depSM: Depth [salt water, m], lat = 57.9985
# name 21 = depFM: Depth [true depth, m], lat = 57.9985
# name 22 = dz/dtM: Descent Rate [m/s], WS = 2
# name 23 = svCM: Sound Velocity [Chen-Millero, m/s]
# name 24 = svCM1: Sound Velocity, 2 [Chen-Millero, m/s]
# name 25 = flag: flag
# span 0 =        100,      15790       
# span 1 =      1.500,    192.000       
# span 2 =     3.1916,    18.5020       
# span 3 =     3.1935,    18.5010       
# span 4 =    -1.0574,     0.2673       
# span 5 =   0.747061,   1.392472       
# span 6 =   0.748013,   1.391997       
# span 7 =          1,          1       
# span 8 =     0.0309,     7.4722       
# span 9 =     0.0190,     7.7783       
# span 10 =       1.64,      10.02      
# span 11 =     0.0442,     0.2522      
# span 12 = -1.252e+02, 1.4356e+04      
# span 13 = 1.0000e-12, 1.0000e-12      
# span 14 = 1.7393e+00, 2.0333e+00      
# span 15 =     6.3963,    12.6960      
# span 16 =     6.3963,    12.6917      
# span 17 =    -0.2025,     0.1432      
# span 18 =     3.3816,     9.9202      
# span 19 =     3.3790,     9.9169      
# span 20 =      1.486,    190.132      
# span 21 =      1.523,    194.038      
# span 22 =     -0.253,      0.606      
# span 23 =    1427.98,    1485.16      
# span 24 =    1427.99,    1485.16      
# span 25 = 0.0000e+00, 0.0000e+00      
# interval = decibars: 0.5              
# start_time = Sep 04 2018 22:41:21 [NMEA time, first data scan]
# bad_flag = -9.990e-29
*END*
        100      1.500    18.5003    18.5000    -0.0003    0.98197    0.98145          1     6.7299     6.3992       2.95     0.2083  4.924e-11  1.000e-12  2.031e+00     6.4003     6.3966    -0.0036     3.3822     3.3795      1.486      1.523      0.179    1485.04    1485.04  0.000e+00
        567      2.000    18.5020    18.5004    -0.0016    0.98196    0.98143          1     6.7464     6.3772       3.91     0.2161  4.924e-11  1.000e-12  2.031e+00     6.3999     6.3964    -0.0035     3.3816     3.3792      1.981      2.030      0.241    1485.05    1485.04  0.000e+00
        627      2.500    18.5017    18.5010    -0.0007    0.98199    0.98143          1     6.7842     6.3919       8.81     0.2337  4.924e-11  1.000e-12  2.031e+00     6.4001     6.3963    -0.0038     3.3818     3.3790      2.477      2.538      0.233    1485.06    1485.05  0.000e+00
        668      3.000    18.5003    18.5003     0.0000    0.98203    0.98147          1     6.7638     6.3878       9.95     0.2355  4.924e-11  1.000e-12  2.031e+00     6.4006     6.3967    -0.0040     3.3824     3.3794      2.972      3.045      0.339    1485.07    1485.06  0.000e+00
        734      3.500    18.4987    18.4992     0.0005    0.98207    0.98150          1     6.7567     6.3922       9.97     0.2260  4.924e-11  1.000e-12  2.031e+00     6.4011     6.3970    -0.0041     3.3831     3.3799      3.468      3.553      0.282    1485.07    1485.07  0.000e+00
        773      4.000    18.4991    18.4986    -0.0005    0.98208    0.98155          1     6.7675     6.3946       9.18     0.2303  4.924e-11  1.000e-12  2.031e+00     6.4011     6.3974    -0.0037     3.3830     3.3803      3.963      4.060      0.318    1485.08    1485.07  0.000e+00
        815      4.500    18.5017    18.4989    -0.0028    0.98203    0.98155          1     6.7566     6.3966      10.02     0.2522  4.924e-11  1.000e-12  2.031e+00     6.4002     6.3973    -0.0030     3.3819     3.3802      4.458      4.568      0.245    1485.10    1485.08  0.000e+00
        881      5.000    18.4969    18.4978     0.0009    0.98208    0.98155          1     6.7346     6.3844       9.97     0.2307  4.924e-11  1.000e-12  2.031e+00     6.4013     6.3974    -0.0039     3.3836     3.3805      4.954      5.076      0.309    1485.09    1485.09  0.000e+00
        911      5.500    18.4967    18.4965    -0.0002    0.98209    0.98156          1     6.7466     6.3900       9.97     0.2241  4.924e-11  1.000e-12  2.031e+00     6.4014     6.3977    -0.0037     3.3837     3.3810      5.449      5.583      0.387    1485.10    1485.09  0.000e+00
        960      6.000    18.4993    18.4969    -0.0023    0.98208    0.98157          1     6.7746     6.3794       9.97     0.2169  4.924e-11  1.000e-12  2.031e+00     6.4008     6.3976    -0.0032     3.3828     3.3809      5.944      6.091      0.231    1485.11    1485.10  0.000e+00
       1011      6.500    18.5003    18.4979    -0.0023    0.98208    0.98157          1     6.7649     6.3860       9.97     0.2178  4.924e-11  1.000e-12  2.031e+00     6.4007     6.3975    -0.0032     3.3825     3.3805      6.440      6.598      0.299    1485.12    1485.11  0.000e+00
       1052      7.000    18.5004    18.4987    -0.0016    0.98209    0.98157          1     6.7655     6.3836       9.97     0.2407  4.924e-11  1.000e-12  2.031e+00     6.4007     6.3973    -0.0034     3.3825     3.3802      6.935      7.106      0.262    1485.13    1485.12  0.000e+00
       1105      7.500    18.5006    18.4993    -0.0014    0.98209    0.98157          1     6.7515     6.3819       9.97     0.2440  4.925e-11  1.000e-12  2.031e+00     6.4006     6.3972    -0.0034     3.3823     3.3800      7.430      7.613      0.218    1485.14    1485.13  0.000e+00
       1157      8.000    18.5012    18.4998    -0.0014    0.98207    0.98157          1     6.7471     6.3755       9.97     0.2346  2.234e+03  1.000e-12  1.985e+00     6.4003     6.3970    -0.0033     3.3821     3.3798      7.926      8.121      0.261    1485.15    1485.14  0.000e+00
       1198      8.500    18.5001    18.5003     0.0003    0.98213    0.98155          1     6.7526     6.3697       9.97     0.2359  7.240e+01  1.000e-12  2.029e+00     6.4009     6.3968    -0.0041     3.3827     3.3795      8.421      8.628      0.280    1485.16    1485.15  0.000e+00
       1249      9.000    18.4970    18.4999     0.0029    0.98219    0.98158          1     6.7641     6.3739       9.97     0.2413  4.924e-11  1.000e-12  2.031e+00     6.4018     6.3970    -0.0048     3.3840     3.3798      8.916      9.136      0.238    1485.15    1485.16  0.000e+00
       1290      9.500    18.4875    18.4980     0.0104    0.98219    0.98162          1     6.7830     6.3821       9.97     0.2353  4.924e-11  1.000e-12  2.031e+00     6.4031     6.3976    -0.0056     3.3870     3.3806      9.412      9.643      0.324    1485.13    1485.16  0.000e+00
       1332     10.000    18.4867    18.4932     0.0066    0.98219    0.98167          1     6.7669     6.3827       9.97     0.2336  4.924e-11  1.000e-12  2.031e+00     6.4032     6.3986    -0.0047     3.3872     3.3823      9.907     10.151      0.251    1485.14    1485.16  0.000e+00
       1379     10.500    18.4830    18.4895     0.0065    0.98220    0.98168          1     6.7466     6.3782       9.97     0.2346  4.924e-11  1.000e-12  2.031e+00     6.4038     6.3992    -0.0046     3.3884     3.3836     10.402     10.659      0.291    1485.14    1485.15  0.000e+00
       1420     11.000    18.4506    18.4879     0.0373    0.98221    0.98169          1     6.7662     6.3444       9.97     0.2385  4.924e-11  1.000e-12  2.031e+00     6.4088     6.3995    -0.0093     3.3987     3.3841     10.898     11.166      0.261    1485.05    1485.16  0.000e+00
       1470     11.500    18.3702    18.4828     0.1125    0.98128    0.98172          1     6.7621     6.2348       9.97     0.2276  4.924e-11  1.000e-12  2.031e+00     6.4147     6.4004    -0.0142     3.4193     3.3858     11.393     11.674      0.246    1484.81    1485.15  0.000e+00
       1515     12.000    18.2814    18.4639     0.1825    0.98006    0.98169          1     6.7625     6.2564       9.97     0.2214  4.924e-11  1.000e-12  2.031e+00     6.4197     6.4031    -0.0166     3.4410     3.3917     11.888     12.181      0.282    1484.55    1485.10  0.000e+00
       1557     12.500    18.2595    18.4567     0.1972    0.97956    0.98166          1     6.7376     6.2009       9.97     0.2386  4.924e-11  1.000e-12  2.031e+00     6.4196     6.4039    -0.0156     3.4453     3.3938     12.384     12.689      0.277    1484.48    1485.09  0.000e+00
       1602     13.000    18.1238    18.3764     0.2527    0.97672    0.98092          1     6.7326     6.0647       9.97     0.2366  4.924e-11  1.000e-12  2.031e+00     6.4205     6.4110    -0.0095     3.4730     3.4153     12.879     13.196      0.265    1484.06    1484.85  0.000e+00
       1645     13.500    18.0263    18.2937     0.2673    0.97597    0.97959          1     6.6481     6.0586       9.97     0.2376  4.924e-11  1.000e-12  2.031e+00     6.4303     6.4144    -0.0158     3.4997     3.4345     13.374     13.704      0.308    1483.77    1484.60  0.000e+00
       1683     14.000    17.9988    18.1931     0.1944    0.97620    0.97808          1     6.6007     6.0556       9.97     0.2385  5.017e-11  1.000e-12  2.031e+00     6.4361     6.4193    -0.0169     3.5096     3.4583     13.870     14.211      0.292    1483.70    1484.30  0.000e+00
       1730     14.500    17.9831    18.1452     0.1622    0.97664    0.97756          1     6.5117     6.0502       9.97     0.2201  1.960e+03  1.000e-12  1.991e+00     6.4416     6.4230    -0.0187     3.5169     3.4706     14.365     14.719      0.240    1483.67    1484.16  0.000e+00
       1776     15.000    17.9830    18.0914     0.1083    0.97808    0.97727          1     6.4859     6.0389       9.97     0.2211 -1.291e+01  1.000e-12  2.031e+00     6.4518     6.4292    -0.0226     3.5247     3.4861     14.860     15.226      0.286    1483.69    1484.00  0.000e+00
       1818     15.500    17.9998    18.0418     0.0420    0.98033    0.97745          1     6.4517     6.0095       9.97     0.2172  2.102e+03  1.000e-12  1.988e+00     6.4652     6.4382    -0.0270     3.5316     3.5027     15.356     15.734      0.264    1483.76    1483.87  0.000e+00
       1869     16.000    17.9709    18.0155     0.0446    0.97991    0.97809          1     6.4112     5.9999       9.97     0.1896  1.923e+03  1.000e-12  1.992e+00     6.4667     6.4467    -0.0199     3.5384     3.5144     15.851     16.241      0.232    1483.68    1483.80  0.000e+00
       1914     16.500    18.0294    18.0153    -0.0140    0.98534    0.98183          1     6.3934     6.0085       9.97     0.1753 -4.040e+01  1.000e-12  2.032e+00     6.4960     6.4733    -0.0227     3.5491     3.5347     16.346     16.749      0.310    1483.91    1483.84  0.000e+00
       1952     17.000    18.0611    18.0572    -0.0039    0.98793    0.98669          1     6.3897     6.0062       9.97     0.1751  4.924e-11  1.000e-12  2.031e+00     6.5094     6.5012    -0.0082     3.5530     3.5476     16.842     17.256      0.294    1484.03    1484.01  0.000e+00
       2001     17.500    18.0566    18.0545    -0.0020    0.98788    0.98716          1     6.3544     5.9801       7.54     0.1728  4.924e-11  1.000e-12  2.031e+00     6.5097     6.5049    -0.0048     3.5542     3.5509     17.337     17.764      0.234    1484.03    1484.01  0.000e+00
       2043     18.000    18.0048    18.0060     0.0011    0.98768    0.98694          1     6.3166     5.8370       5.54     0.1727  4.924e-11  1.000e-12  2.031e+00     6.5164     6.5110    -0.0054     3.5695     3.5651     17.832     18.271      0.340    1483.88    1483.88  0.000e+00
       2078     18.500    17.9709    17.9714     0.0005    0.98919    0.98857          1     6.2295     5.7973       9.83     0.1783  4.924e-11  1.000e-12  2.031e+00     6.5324     6.5279    -0.0045     3.5884     3.5849     18.328     18.778      0.306    1483.80    1483.79  0.000e+00
       2128     19.000    17.9437    17.8902    -0.0535    0.98889    0.98764          1     6.1640     5.8090       9.97     0.1677  4.924e-11  1.000e-12  2.031e+00     6.5346     6.5342    -0.0004     3.5954     3.6056     18.823     19.286      0.224    1483.72    1483.55  0.000e+00
       2175     19.500    17.7856    17.7466    -0.0391    0.98433    0.98334          1     6.1682     5.7435       9.97     0.1535  4.924e-11  1.000e-12  2.031e+00     6.5270     6.5261    -0.0009     3.6206     3.6275     19.318     19.793      0.292    1483.22    1483.09  0.000e+00
       2218     20.000    17.5429    17.3969    -0.1460    0.98174    0.98012          1     6.1516     5.7361       9.97     0.1647  4.924e-11  1.000e-12  2.031e+00     6.5470     6.5587     0.0117     3.6828     3.7195     19.814     20.301      0.246    1482.47    1482.01  0.000e+00
       2270     20.500    17.0329    16.3674    -0.6649    0.97072    0.96118          1     5.9922     5.4025       9.97     0.1322  4.924e-11  1.000e-12  2.031e+00     6.5490     6.5871     0.0380     3.7807     3.9321     20.309     20.808      0.247    1480.82    1478.68  0.000e+00
       2314     21.000    15.3119    15.0121    -0.3011    0.92600    0.92375          1     5.6439     5.0813       9.97     0.1189  4.924e-11  1.000e-12  2.031e+00     6.4968     6.5291     0.0323     4.0461     4.1207     20.804     21.315      0.292    1475.02    1474.03  0.000e+00
       2354     21.500    13.7049    13.5552    -0.1492    0.87845    0.87899          1     5.5258     5.1049       9.97     0.1202  4.924e-11  1.000e-12  2.031e+00     6.3963     6.4254     0.0291     4.2248     4.2697     21.300     21.823      0.284    1469.31    1468.82  0.000e+00
       2398     22.000    12.7338    12.4620    -0.2715    0.85857    0.85598          1     5.4889     5.2150       9.97     0.1107  4.924e-11  1.000e-12  2.031e+00     6.4012     6.4263     0.0251     4.3694     4.4257     21.795     22.330      0.275    1465.84    1464.87  0.000e+00
       2441     22.500    12.1263    11.7231    -0.4039    0.85677    0.85367          1     5.4785     5.3731       9.97     0.0887  4.924e-11  1.000e-12  2.031e+00     6.4902     6.5349     0.0447     4.5202     4.6065     22.290     22.837      0.277    1463.72    1462.27  0.000e+00
       2485     23.000    11.3544    10.8788    -0.4749    0.84605    0.84032          1     5.5929     5.5349       9.97     0.0899  4.924e-11  1.000e-12  2.031e+00     6.5364     6.5727     0.0363     4.6535     4.7385     22.786     23.344      0.270    1460.90    1459.14  0.000e+00
       2531     23.500    11.0490    10.3947    -0.6548    0.84145    0.83385          1     5.6878     5.5856       9.97     0.0842  4.924e-11  1.000e-12  2.031e+00     6.5520     6.6049     0.0529     4.7026     4.8186     23.281     23.851      0.258    1459.77    1457.33  0.000e+00
       2578     24.000    10.6839    10.0250    -0.6589    0.83725    0.82935          1     5.7637     5.6838       9.97     0.0783  4.924e-11  1.000e-12  2.031e+00     6.5816     6.6334     0.0518     4.7680     4.8807     23.776     24.357      0.246    1458.42    1455.94  0.000e+00
       2627     24.500    10.3363     9.6756    -0.6600    0.83232    0.82365          1     5.8459     5.7650       9.97     0.0658  4.924e-11  1.000e-12  2.031e+00     6.6023     6.6482     0.0459     4.8229     4.9284     24.272     24.864      0.263    1457.11    1454.60  0.000e+00
       2668     25.000     9.5728     9.2635    -0.3096    0.82012    0.81841          1     5.9208     5.9494       9.97     0.0591  4.924e-11  1.000e-12  2.031e+00     6.6364     6.6788     0.0424     4.9295     4.9930     24.767     25.371      0.304    1454.18    1453.01  0.000e+00
       2710     25.500     9.4507     9.0943    -0.3567    0.81983    0.81661          1     6.0334     6.0577       9.97     0.0638  4.924e-11  1.000e-12  2.031e+00     6.6564     6.6946     0.0382     4.9573     5.0214     25.262     25.878      0.263    1453.74    1452.37  0.000e+00
       2757     26.000     9.4174     8.8501    -0.5674    0.82059    0.81444          1     6.0844     5.9922       9.97     0.0610  4.924e-11  1.000e-12  2.031e+00     6.6692     6.7212     0.0520     4.9703     5.0646     25.757     26.385      0.276    1453.63    1451.43  0.000e+00
       2796     26.500     8.7940     8.5513    -0.2431    0.81240    0.81146          1     6.1321     6.2157       9.97     0.0588  4.924e-11  1.000e-12  2.031e+00     6.7136     6.7513     0.0377     5.0638     5.1147     26.253     26.891      0.314    1451.20    1450.27  0.000e+00
       2841     27.000     8.8267     8.2120    -0.6142    0.81410    0.80816          1     6.2104     6.1976       9.97     0.0586  4.924e-11  1.000e-12  2.031e+00     6.7225     6.7867     0.0642     5.0677     5.1712     26.748     27.398      0.232    1451.35    1448.95  0.000e+00
       2893     27.500     8.4966     8.0718    -0.4249    0.81173    0.81234          1     6.2832     6.2602       9.97     0.0553  4.924e-11  1.000e-12  2.031e+00     6.7641     6.8515     0.0874     5.1295     5.2334     27.243     27.905      0.257    1450.08    1448.46  0.000e+00
       2936     28.000     8.3621     8.2716    -0.0907    0.81347    0.82741          1     6.2355     6.2539       9.97     0.0580  4.924e-11  1.000e-12  2.031e+00     6.8054     6.9486     0.1432     5.1733     5.2929     27.739     28.411      0.275    1449.60    1449.41  0.000e+00
       2984     28.500     8.3132     7.9432    -0.3700    0.81951    0.82268          1     6.2149     6.2366       9.97     0.0576  4.924e-11  1.000e-12  2.031e+00     6.8692     6.9707     0.1015     5.2273     5.3370     28.234     28.918      0.242    1449.49    1448.10  0.000e+00
