ctdpy/tests/etc/all_smhi_bas_2018/SBE09_0827_20180228_1118_26_01_0333.cnv
* Sea-Bird SBE 9 Data File:
* FileName = D:\CTD_SBE911\DAT\26DA.2018.3.33.hex
* Software Version Seasave V 7.21d
* Temperature SN = 034757
* Conductivity SN = 041844
* Number of Bytes Per Scan = 48
* Number of Voltage Words = 5
* Number of Scans Averaged by the Deck Unit = 1
* NMEA Latitude = 57 01.87 N
* NMEA Longitude = 017 54.21 E
* NMEA UTC (Time) = Feb 28 2018  11:19:10
* NMEA baud rate = 4800
** Ship: DANA
** Average sound velocity: 1428.66 m/s
** True-depth calculation Tue, 02 Apr 2019 12:08:13 +0000
** CTD Python Module SMHI /ver 3-12/ feb 2012 
** LIMS Job: 20182601-0333
** Operator:
** Cruise: 02/2018
# nquan = 26
# nvalues = 151                         
# units = specified
# name 0 = scan: Scan Count
# name 1 = prDM: Pressure, Digiquartz [db]
# name 2 = t090C: Temperature [ITS-90, deg C]
# name 3 = t190C: Temperature, 2 [ITS-90, deg C]
# name 4 = T2-T190C: Temperature Difference, 2 - 1 [ITS-90, deg C]
# name 5 = c0S/m: Conductivity [S/m]
# name 6 = c1S/m: Conductivity, 2 [S/m]
# name 7 = pumps: Pump Status
# name 8 = sbeox1ML/L: Oxygen, SBE 43, 2 [ml/l]
# name 9 = sbeox0ML/L: Oxygen, SBE 43 [ml/l]
# name 10 = altM: Altimeter [m]
# name 11 = chloroflTC0: Chlorophyll, Turner Cyclops [ug/l]
# name 12 = cpar: CPAR/Corrected Irradiance [%]
# name 13 = par: PAR/Irradiance, Biospherical/Lico [µE/(cm^2*s)]
# name 14 = spar: SPAR, Biospherical/Licor
# name 15 = sal00: Salinity, Practical [PSU]
# name 16 = sal11: Salinity, Practical, 2 [PSU]
# name 17 = secS-priS: Salinity, Practical, Difference, 2 - 1 [PSU]
# name 18 = sigma-t00: Density [sigma-t, kg/m^3 ]
# name 19 = sigma-t11: Density, 2 [sigma-t, kg/m^3 ]
# name 20 = depSM: Depth [salt water, m], lat = 57.0312
# name 21 = depFM: Depth [true depth, m], lat = 57.0312
# name 22 = dz/dtM: Descent Rate [m/s], WS = 2
# name 23 = svCM: Sound Velocity [Chen-Millero, m/s]
# name 24 = svCM1: Sound Velocity, 2 [Chen-Millero, m/s]
# name 25 = flag: flag
# span 0 =        164,       7734       
# span 1 =      2.000,     77.000       
# span 2 =     2.4258,     5.1039       
# span 3 =     2.4226,     5.1042       
# span 4 =    -0.0203,     0.5340       
# span 5 =   0.735911,   0.929969       
# span 6 =   0.735168,   0.929257       
# span 7 =          1,          1       
# span 8 =     2.6595,     8.6820       
# span 9 =     2.6005,     8.6341       
# span 10 =       1.37,      10.00      
# span 11 =     0.0111,     0.0146      
# span 12 = -2.003e-04, 7.8753e+00      
# span 13 = -1.029e-03, 3.7264e+01      
# span 14 = 4.7318e+02, 5.5047e+02      
# span 15 =     7.2993,     8.6438      
# span 16 =     7.2918,     8.6365      
# span 17 =    -0.0258,     0.0884      
# span 18 =     5.8218,     6.8318      
# span 19 =     5.8158,     6.8261      
# span 20 =      1.982,     76.278      
# span 21 =      2.025,     77.954      
# span 22 =     -0.125,      0.613      
# span 23 =    1423.96,    1438.81      
# span 24 =    1423.95,    1438.80      
# span 25 = 0.0000e+00, 0.0000e+00      
# interval = decibars: 0.5              
# start_time = Feb 28 2018 11:19:11 [NMEA time, first data scan]
# bad_flag = -9.990e-29
*END*
[from data line 56]
       2915     30.000     2.5662     2.5655    -0.0007    0.73953    0.73880          1     8.6360     8.5653       9.95     0.0121 -2.537e-09 -1.305e-08  5.158e+02     7.3020     7.2944    -0.0076     5.8238     5.8178     29.722     30.379      0.315    1425.03    1425.02  0.000e+00
       2942     30.500     2.5614     2.5620     0.0006    0.73941    0.73872          1     8.6304     8.5687       9.95     0.0121  1.938e-13  1.000e-12  5.159e+02     7.3017     7.2943    -0.0074     5.8236     5.8177     30.218     30.886      0.412    1425.02    1425.01  0.000e+00
       3003     31.000     2.5631     2.5619    -0.0012    0.73945    0.73871          1     8.6287     8.5690       9.95     0.0122  1.937e-13  1.000e-12  5.163e+02     7.3017     7.2942    -0.0075     5.8236     5.8176     30.713     31.392      0.274    1425.03    1425.02  0.000e+00
       3068     31.500     2.5646     2.5652     0.0006    0.73949    0.73879          1     8.6269     8.5705       9.95     0.0120  1.934e-13  1.000e-12  5.170e+02     7.3017     7.2942    -0.0075     5.8236     5.8176     31.208     31.898      0.445    1425.05    1425.04  0.000e+00
       3095     32.000     2.5683     2.5693     0.0010    0.73957    0.73889          1     8.6342     8.5809       9.95     0.0117  1.931e-13  1.000e-12  5.177e+02     7.3017     7.2942    -0.0075     5.8236     5.8176     31.704     32.405      0.348    1425.07    1425.07  0.000e+00
       3161     32.500     2.5659     2.5580    -0.0078    0.73950    0.73866          1     8.6405     8.5531       9.95     0.0121  1.931e-13  1.000e-12  5.178e+02     7.3014     7.2943    -0.0071     5.8234     5.8177     32.199     32.911      0.261    1425.07    1425.02  0.000e+00
       3203     33.000     2.5583     2.5570    -0.0013    0.73934    0.73862          1     8.6363     8.5561       9.95     0.0122  1.931e-13  1.000e-12  5.179e+02     7.3014     7.2940    -0.0073     5.8233     5.8175     32.694     33.417      0.373    1425.04    1425.02  0.000e+00
       3234     33.500     2.5595     2.5588    -0.0008    0.73937    0.73866          1     8.6377     8.5624       9.95     0.0122  1.931e-13  1.000e-12  5.179e+02     7.3013     7.2940    -0.0073     5.8233     5.8175     33.190     33.923      0.352    1425.05    1425.04  0.000e+00
       3328     34.000     2.5506     2.5521     0.0015    0.73917    0.73852          1     8.6371     8.5803       9.95     0.0121  1.935e-13  1.000e-12  5.168e+02     7.3012     7.2940    -0.0072     5.8233     5.8175     33.685     34.430      0.309    1425.02    1425.02  0.000e+00
       3374     34.500     2.5530     2.5529    -0.0001    0.73925    0.73858          1     8.6445     8.5836       9.95     0.0122  1.939e-13  1.000e-12  5.158e+02     7.3014     7.2944    -0.0071     5.8234     5.8178     34.180     34.936      0.571    1425.04    1425.03  0.000e+00
       3393     35.000     2.5531     2.5531    -0.0001    0.73926    0.73857          1     8.6435     8.5772       9.95     0.0121  1.934e-13  1.000e-12  5.171e+02     7.3014     7.2942    -0.0073     5.8234     5.8176     34.676     35.442      0.599    1425.05    1425.04  0.000e+00
       3422     35.500     2.5529     2.5525    -0.0005    0.73926    0.73858          1     8.6414     8.5704       9.95     0.0122  1.932e-13  1.000e-12  5.176e+02     7.3014     7.2943    -0.0072     5.8234     5.8177     35.171     35.949      0.389    1425.05    1425.04  0.000e+00
       3522     36.000     2.5526     2.5527     0.0001    0.73928    0.73861          1     8.6388     8.5751       9.95     0.0122  1.939e-13  1.000e-12  5.157e+02     7.3017     7.2945    -0.0072     5.8236     5.8178     35.666     36.455      0.364    1425.06    1425.05  0.000e+00
       3544     36.500     2.5528     2.5523    -0.0006    0.73929    0.73861          1     8.6279     8.5819       9.95     0.0122  1.937e-13  1.000e-12  5.162e+02     7.3017     7.2945    -0.0071     5.8236     5.8179     36.162     36.961      0.438    1425.07    1425.06  0.000e+00
       3576     37.000     2.5518     2.5484    -0.0034    0.73924    0.73850          1     8.6200     8.5858       9.95     0.0122  1.934e-13  1.000e-12  5.170e+02     7.3012     7.2942    -0.0070     5.8232     5.8176     36.657     37.468      0.259    1425.07    1425.05  0.000e+00
       3659     37.500     2.5520     2.5541     0.0021    0.73927    0.73861          1     8.6269     8.5751       9.95     0.0121  1.931e-13  1.000e-12  5.179e+02     7.3015     7.2940    -0.0075     5.8234     5.8175     37.152     37.974      0.326    1425.08    1425.08  0.000e+00
       3687     38.000     2.5551     2.5551     0.0000    0.73934    0.73866          1     8.6290     8.5698       9.95     0.0122  1.927e-13  1.000e-12  5.189e+02     7.3014     7.2942    -0.0072     5.8234     5.8176     37.647     38.480      0.414    1425.10    1425.09  0.000e+00
       3720     38.500     2.5563     2.5557    -0.0006    0.73938    0.73869          1     8.6313     8.5642       9.95     0.0122  1.924e-13  1.000e-12  5.199e+02     7.3015     7.2943    -0.0072     5.8234     5.8177     38.143     38.987      0.323    1425.12    1425.10  0.000e+00
       3760     39.000     2.5562     2.5571     0.0009    0.73938    0.73872          1     8.6378     8.5715       9.95     0.0117  1.917e-13  1.000e-12  5.216e+02     7.3014     7.2942    -0.0072     5.8234     5.8177     38.638     39.493      0.287    1425.13    1425.12  0.000e+00
       3808     39.500     2.5614     2.5637     0.0023    0.73964    0.73903          1     8.6265     8.5542       9.95     0.0121  1.915e-13  1.000e-12  5.222e+02     7.3030     7.2960    -0.0070     5.8246     5.8191     39.133     39.999      0.229    1425.16    1425.16  0.000e+00
       3855     40.000     2.5646     2.5638    -0.0009    0.73980    0.73915          1     8.6108     8.5585       9.95     0.0122  1.908e-13  1.000e-12  5.240e+02     7.3038     7.2971    -0.0067     5.8253     5.8199     39.629     40.506      0.301    1425.18    1425.17  0.000e+00
       3895     40.500     2.5606     2.5604    -0.0002    0.73965    0.73899          1     8.6123     8.5578       9.95     0.0122  1.909e-13  1.000e-12  5.240e+02     7.3031     7.2962    -0.0069     5.8247     5.8192     40.124     41.012      0.261    1425.17    1425.16  0.000e+00
       3948     41.000     2.5615     2.5593    -0.0022    0.73973    0.73901          1     8.6084     8.5634       9.95     0.0122  1.901e-13  1.000e-12  5.259e+02     7.3037     7.2966    -0.0071     5.8252     5.8195     40.619     41.518      0.254    1425.18    1425.16  0.000e+00
       3984     41.500     2.5522     2.5442    -0.0080    0.73938    0.73860          1     8.6220     8.5622       9.95     0.0122  1.901e-13  1.000e-12  5.261e+02     7.3020     7.2956    -0.0064     5.8239     5.8188     41.115     42.025      0.409    1425.15    1425.10  0.000e+00
       4013     42.000     2.5422     2.5398    -0.0024    0.73908    0.73837          1     8.6259     8.5800       9.95     0.0122  1.894e-13  1.000e-12  5.280e+02     7.3011     7.2941    -0.0069     5.8232     5.8176     41.610     42.531      0.381    1425.10    1425.09  0.000e+00
       4053     42.500     2.5420     2.5409    -0.0011    0.73910    0.73841          1     8.6375     8.5796       9.95     0.0122  1.891e-13  1.000e-12  5.290e+02     7.3012     7.2942    -0.0070     5.8233     5.8177     42.105     43.037      0.239    1425.11    1425.10  0.000e+00
       4111     43.000     2.5461     2.5495     0.0034    0.73930    0.73876          1     8.6324     8.5683       9.95     0.0122  1.887e-13  1.000e-12  5.300e+02     7.3024     7.2958    -0.0066     5.8242     5.8189     42.601     43.544      0.208    1425.14    1425.15  0.000e+00
       4163     43.500     2.5528     2.5602     0.0074    0.73959    0.73914          1     8.6246     8.5659       9.95     0.0122  1.887e-13  1.000e-12  5.300e+02     7.3038     7.2974    -0.0065     5.8253     5.8202     43.096     44.050      0.304    1425.18    1425.21  0.000e+00
       4195     44.000     2.5525     2.5521    -0.0003    0.73955    0.73895          1     8.6132     8.5675       9.95     0.0122  1.880e-13  1.000e-12  5.320e+02     7.3034     7.2971    -0.0062     5.8250     5.8200     43.591     44.556      0.419    1425.19    1425.18  0.000e+00
       4223     44.500     2.5482     2.5474    -0.0008    0.73937    0.73870          1     8.6143     8.5745       9.95     0.0122  1.879e-13  1.000e-12  5.321e+02     7.3024     7.2955    -0.0069     5.8242     5.8187     44.086     45.063      0.367    1425.18    1425.16  0.000e+00
       4273     45.000     2.5470     2.5485     0.0014    0.73932    0.73868          1     8.6346     8.5728       9.95     0.0122  1.873e-13  1.000e-12  5.340e+02     7.3021     7.2950    -0.0071     5.8239     5.8183     44.582     45.569      0.213    1425.18    1425.18  0.000e+00
       4330     45.500     2.5482     2.5481    -0.0001    0.73936    0.73870          1     8.6364     8.5792       9.95     0.0123  1.872e-13  1.000e-12  5.341e+02     7.3022     7.2952    -0.0070     5.8240     5.8184     45.077     46.075      0.321    1425.19    1425.18  0.000e+00
       4367     46.000     2.5516     2.5509    -0.0007    0.73943    0.73874          1     8.6301     8.5605       9.95     0.0122  1.872e-13  1.000e-12  5.342e+02     7.3020     7.2949    -0.0072     5.8239     5.8182     45.572     46.581      0.276    1425.21    1425.20  0.000e+00
       4414     46.500     2.5481     2.5451    -0.0029    0.73936    0.73864          1     8.6247     8.5682       9.95     0.0121  1.865e-13  1.000e-12  5.362e+02     7.3021     7.2951    -0.0070     5.8239     5.8183     46.068     47.088      0.322    1425.21    1425.18  0.000e+00
       4443     47.000     2.5554     2.5738     0.0185    0.73974    0.73952          1     8.6249     8.5611       9.95     0.0121  1.865e-13  1.000e-12  5.361e+02     7.3044     7.2978    -0.0066     5.8258     5.8205     46.563     47.594      0.401    1425.25    1425.33  0.000e+00
       4516     47.500     2.5903     2.6005     0.0102    0.74102    0.74061          1     8.5961     8.5184       9.95     0.0122  1.864e-13  1.000e-12  5.365e+02     7.3098     7.3031    -0.0066     5.8300     5.8247     47.058     48.100      0.300    1425.43    1425.47  0.000e+00
       4559     48.000     2.6067     2.6078     0.0012    0.74169    0.74094          1     8.5867     8.4989       9.95     0.0122  1.859e-13  1.000e-12  5.381e+02     7.3131     7.3049    -0.0082     5.8327     5.8261     47.554     48.607      0.560    1425.52    1425.51  0.000e+00
       4580     48.500     2.6030     2.6044     0.0014    0.74122    0.74070          1     8.5884     8.5118       9.95     0.0122  1.858e-13  1.000e-12  5.382e+02     7.3089     7.3031    -0.0058     5.8293     5.8246     48.049     49.113      0.510    1425.50    1425.50  0.000e+00
       4627     49.000     2.5966     2.6143     0.0175    0.74094    0.74085          1     8.5927     8.5261       9.95     0.0122  1.855e-13  1.000e-12  5.390e+02     7.3073     7.3023    -0.0050     5.8280     5.8239     48.544     49.619      0.259    1425.48    1425.55  0.000e+00
       4691     49.500     2.6277     2.6290     0.0014    0.74234    0.74154          1     8.6024     8.5260       9.95     0.0122  1.851e-13  1.000e-12  5.402e+02     7.3149     7.3061    -0.0088     5.8340     5.8270     49.039     50.126      0.325    1425.64    1425.63  0.000e+00
       4726     50.000     2.6290     2.6488     0.0197    0.74204    0.74180          1     8.5757     8.5002       9.95     0.0119  1.851e-13  1.000e-12  5.402e+02     7.3114     7.3044    -0.0070     5.8312     5.8255     49.535     50.632      0.336    1425.65    1425.73  0.000e+00
       4765     50.500     2.6145     2.5942    -0.0203    0.74147    0.74031          1     8.5627     8.4964       9.95     0.0120  1.851e-13  1.000e-12  5.402e+02     7.3086     7.3010    -0.0076     5.8290     5.8230     50.030     51.138      0.271    1425.59    1425.48  0.000e+00
       4822     51.000     2.6009     2.5966    -0.0043    0.74092    0.74008          1     8.5961     8.5320       9.95     0.0121  1.851e-13  1.000e-12  5.402e+02     7.3059     7.2979    -0.0080     5.8269     5.8205     50.525     51.645      0.195    1425.53    1425.50  0.000e+00
       4875     51.500     2.5987     2.5996     0.0009    0.74082    0.74013          1     8.6080     8.5394       9.95     0.0122  1.851e-13  1.000e-12  5.402e+02     7.3052     7.2977    -0.0075     5.8263     5.8203     51.021     52.151      0.313    1425.52    1425.52  0.000e+00
       4907     52.000     2.6138     2.6268     0.0131    0.74134    0.74084          1     8.6075     8.5337       9.95     0.0123  1.851e-13  1.000e-12  5.402e+02     7.3072     7.2989    -0.0083     5.8279     5.8212     51.516     52.657      0.389    1425.60    1425.65  0.000e+00
       4942     52.500     2.6399     2.6782     0.0383    0.74216    0.74247          1     8.5861     8.5146       9.95     0.0123  1.847e-13  1.000e-12  5.413e+02     7.3098     7.3043    -0.0056     5.8299     5.8253     52.011     53.164      0.277    1425.74    1425.91  0.000e+00
       4994     53.000     2.6971     2.7227     0.0256    0.74420    0.74413          1     8.5310     8.4668       9.95     0.0120  1.844e-13  1.000e-12  5.423e+02     7.3182     7.3116    -0.0066     5.8363     5.8310     52.506     53.670      0.280    1426.02    1426.13  0.000e+00
       5027     53.500     2.7471     2.7831     0.0360    0.74638    0.74637          1     8.5131     8.4200       9.95     0.0118  1.845e-13  1.000e-12  5.419e+02     7.3296     7.3213    -0.0083     5.8453     5.8384     53.002     54.176      0.386    1426.28    1426.43  0.000e+00
       5095     54.000     2.8189     2.8524     0.0334    0.74929    0.74964          1     8.3386     8.2974       9.95     0.0121  1.844e-13  1.000e-12  5.422e+02     7.3438     7.3398    -0.0040     5.8562     5.8528     53.497     54.683      0.265    1426.64    1426.79  0.000e+00
       5157     54.500     2.8678     2.8818     0.0141    0.75173    0.75135          1     8.1578     8.1754       9.95     0.0121  1.851e-13  1.000e-12  5.404e+02     7.3582     7.3509    -0.0072     5.8673     5.8615     53.992     55.189      0.467    1426.89    1426.94  0.000e+00
       5179     55.000     2.9042     3.0327     0.1287    0.75408    0.75649          1     8.2063     8.1110       9.95     0.0122  1.851e-13  1.000e-12  5.402e+02     7.3744     7.3700    -0.0044     5.8800     5.8753     54.487     55.695      0.500    1427.09    1427.67  0.000e+00
       5207     55.500     3.1609     3.6937     0.5340    0.76760    0.78811          1     8.0248     7.8778       9.95     0.0121  1.849e-13  1.000e-12  5.410e+02     7.4562     7.5446     0.0884     5.9424     6.0037     54.983     56.201      0.353    1428.38    1430.92  0.000e+00
       5255     56.000     3.8871     4.1963     0.3084    0.80943    0.81953          1     6.9054     6.6319       9.95     0.0121  1.844e-13  1.000e-12  5.422e+02     7.7181     7.7490     0.0309     6.1372     6.1547     55.478     56.708      0.226    1432.03    1433.46  0.000e+00
       5308     56.500     4.3445     4.3543     0.0095    0.83115    0.82887          1     6.1100     5.6969       9.95     0.0122  1.844e-13  1.000e-12  5.422e+02     7.8322     7.8063    -0.0258     6.2167     6.1955     55.973     57.214      0.202    1434.24    1434.25  0.000e+00
       5378     57.000     4.6727     4.7702     0.0973    0.85132    0.85138          1     5.6847     5.2354       9.95     0.0122  1.851e-13  1.000e-12  5.402e+02     7.9567     7.9339    -0.0228     6.3039     6.2822     56.469     57.720      0.260    1435.87    1436.27  0.000e+00
