ctdpy/tests/etc/all_smhi_bas_2018/SBE09_1044_20180202_1801_34_02_0046.cnv
* Sea-Bird SBE 9 Data File:
* FileName = C:\ctd\temp\2018\ME18D046.hex
* Software Version Seasave V 7.26.6.26
* Temperature SN = 5351
* Conductivity SN = 3941
* Number of Bytes Per Scan = 41
* Number of Voltage Words = 4
* Number of Scans Averaged by the Deck Unit = 1
* NMEA Latitude = 56 34.00 N
* NMEA Longitude = 012 13.00 E
* NMEA UTC (Time) = Feb 02 2018  18:01:28
* NMEA baud rate = 4800
** Station:  St Middelgrund
** Operator:  JKro
** Ship: MERI
** Average sound velocity: 1465.32 m/s
** True-depth calculation Fri, 02 Feb 2018 21:31:19 +0000
** CTD Python Module SMHI /ver 3-12/ feb 2012 
** LIMS Job: 20183402-0046
** Cruise: SMHI-01-2018
** Latitude [GG MM.mm N] :
** Longitude [GG MM.mm E]:
# nquan = 26
# nvalues = 96                          
# units = specified
# name 0 = scan: Scan Count
# name 1 = prDM: Pressure, Digiquartz [db]
# name 2 = t090C: Temperature [ITS-90, deg C]
# name 3 = t190C: Temperature, 2 [ITS-90, deg C]
# name 4 = T2-T190C: Temperature Difference, 2 - 1 [ITS-90, deg C]
# name 5 = c0S/m: Conductivity [S/m]
# name 6 = c1S/m: Conductivity, 2 [S/m]
# name 7 = pumps: Pump Status
# name 8 = sbeox0ML/L: Oxygen, SBE 43 [ml/l]
# name 9 = sbeox1ML/L: Oxygen, SBE 43, 2 [ml/l]
# name 10 = altM: Altimeter [m]
# name 11 = flECO-AFL: Chl-a Fluorescence, WET Labs ECO-AFL/FL [mg/m^3]
# name 12 = flECO-AFL1: Phycocyanin Fluorescence, WET Labs ECO-AFL/FL, 2 [mg/m^3]
# name 13 = par: PAR/Irradiance, Biospherical/Lico [µE/(cm^2*s)]
# name 14 = turbWETntu0: Turbidity, WET Labs ECO [NTU]
# name 15 = sal00: Salinity, Practical [PSU]
# name 16 = sal11: Salinity, Practical, 2 [PSU]
# name 17 = secS-priS: Salinity, Practical, Difference, 2 - 1 [PSU]
# name 18 = sigma-t00: Density [sigma-t, Kg/m^3 ]
# name 19 = sigma-t11: Density, 2 [sigma-t, Kg/m^3 ]
# name 20 = depSM: Depth [salt water, m], lat = 56.5667
# name 21 = depFM: Depth [true depth, m], lat = 56.5667
# name 22 = dz/dtM: Descent Rate [m/s], WS = 2
# name 23 = svCM: Sound Velocity [Chen-Millero, m/s]
# name 24 = svCM1: Sound Velocity, 2 [Chen-Millero, m/s]
# name 25 = flag: flag
# span 0 =      13424,      16999       
# span 1 =      1.000,     48.500       
# span 2 =     3.5860,     7.3833       
# span 3 =     3.5826,     7.3833       
# span 4 =    -0.0146,     0.0347       
# span 5 =   1.867927,   3.422124       
# span 6 =   1.868537,   3.422183       
# span 7 =          1,          1       
# span 8 =    5.92792,    7.83214       
# span 9 =    5.90860,    7.77988       
# span 10 =       1.42,      98.15      
# span 11 =     0.1379,     1.1623      
# span 12 =     0.2656,     0.4637      
# span 13 = -1.722e-04, 1.7355e+00      
# span 14 =     0.5051,     1.8334      
# span 15 =    19.2630,    33.4328      
# span 16 =    19.2705,    33.4334      
# span 17 =    -0.0410,     0.0349      
# span 18 =    15.3161,    26.1315      
# span 19 =    15.3211,    26.1320      
# span 20 =      0.991,     48.051      
# span 21 =      1.003,     48.339      
# span 22 =     -0.065,      0.610      
# span 23 =    1444.65,    1478.97      
# span 24 =    1444.67,    1478.97      
# span 25 = 0.0000e+00, 0.0000e+00      
# interval = decibars: 0.5              
# start_time = Feb 02 2018 18:01:29 [NMEA time, first data scan]
# bad_flag = -9.990e-29
*END*
      13424      1.000     3.7480     3.7822     0.0347    1.88075    1.88426          1     7.8023     7.7384       1.57     1.0338     0.3830  1.736e+00  0.5236000    19.3109    19.3299     0.0190    15.3451    15.3582      0.991      1.003      0.357    1445.42    1445.59  0.000e+00
      13444      1.500     3.5860     3.6029     0.0166    1.86793    1.86949          1     7.8315     7.7682       1.42     1.0075     0.3874  3.562e-01  0.5604000    19.2630    19.2705     0.0075    15.3161    15.3211      1.486      1.505      0.610    1444.65    1444.74  0.000e+00
      13463      2.000     3.5988     3.6007     0.0019    1.87446    1.87462          1     7.8321     7.7766       1.63     0.9899     0.3785  1.559e-01  0.5990000    19.3286    19.3293     0.0007    15.3674    15.3679      1.982      2.006      0.537    1444.80    1444.81  0.000e+00
      13491      2.500     3.6063     3.6029    -0.0034    1.87605    1.87536          1     7.8117     7.7799       2.13     1.0118     0.3856  7.991e-02  0.6137000    19.3418    19.3361    -0.0057    15.3775    15.3732      2.477      2.508      0.439    1444.86    1444.84  0.000e+00
      13515      3.000     3.5952     3.5826    -0.0126    1.87285    1.86854          1     7.7718     7.7525       2.63     1.0067     0.3790  5.233e-02  0.5885000    19.3123    19.2713    -0.0410    15.3547    15.3229      2.973      3.009      0.471    1444.78    1444.67  0.000e+00
      13545      3.500     3.5865     3.5836    -0.0030    1.86958    1.86863          1     7.8041     7.7782       1.91     1.0392     0.3396  3.467e-02  0.5879000    19.2806    19.2717    -0.0089    15.3300    15.3231      3.468      3.511      0.425    1444.71    1444.69  0.000e+00
      13568      4.000     3.6026     3.5918    -0.0110    1.87504    1.87153          1     7.8224     7.7725       1.51     1.0254     0.4128  1.164e-02  0.5997000    19.3322    19.2991    -0.0331    15.3701    15.3444      3.963      4.013      0.544    1444.86    1444.77  0.000e+00
      13592      4.500     3.6880     3.6900     0.0019    1.90267    1.90495          1     7.8036     7.7627      82.58     1.0358     0.3885  4.834e-03  0.6183000    19.5911    19.6154     0.0243    15.5708    15.5899      4.459      4.514      0.415    1445.57    1445.61  0.000e+00
      13629      5.000     3.6973     3.6874    -0.0098    1.90829    1.90433          1     7.7827     7.7459      49.78     1.0433     0.3659 -1.722e-04  0.5628000    19.6485    19.6099    -0.0386    15.6158    15.5857      4.954      5.016      0.328    1445.69    1445.60  0.000e+00
      13661      5.500     3.6850     3.6954     0.0103    1.90477    1.90749          1     7.7359     7.7108      56.80     1.0102     0.4078  9.712e-13  0.5762000    19.6161    19.6404     0.0243    15.5908    15.6095      5.450      5.517      0.382    1445.61    1445.68  0.000e+00
      13696      6.000     3.7291     3.7281    -0.0007    1.91923    1.91929          1     7.7134     7.6837      62.64     1.0507     0.4166  1.000e-12  0.5666000    19.7517    19.7528     0.0011    15.6959    15.6968      5.945      6.018      0.324    1445.98    1445.98  0.000e+00
      13729      6.500     3.8061     3.8037    -0.0023    1.95043    1.94864          1     7.7188     7.6868      98.15     1.0654     0.4174  1.000e-12  0.5862000    20.0542    20.0357    -0.0185    15.9313    15.9168      6.440      6.520      0.403    1446.71    1446.68  0.000e+00
      13760      7.000     3.9360     3.9369     0.0008    2.00013    2.00022          1     7.6703     7.6459      48.73     1.0790     0.3843  1.000e-12  0.5800000    20.5304    20.5308     0.0004    16.3010    16.3013      6.936      7.021      0.372    1447.90    1447.90  0.000e+00
      13792      7.500     3.9467     3.9474     0.0007    2.00407    2.00404          1     7.6636     7.6072      87.09     1.1031     0.4064  1.000e-12  0.5887000    20.5675    20.5668    -0.0007    16.3298    16.3292      7.431      7.522      0.386    1448.00    1448.00  0.000e+00
      13823      8.000     3.9571     3.9557    -0.0014    2.00655    2.00590          1     7.6482     7.6135      43.65     1.0983     0.4441  1.000e-12  0.5680000    20.5886    20.5823    -0.0063    16.3459    16.3410      7.927      8.023      0.371    1448.08    1448.06  0.000e+00
      13858      8.500     3.9689     3.9668    -0.0021    2.00922    2.00865          1     7.6211     7.5985      42.22     1.0830     0.4637  1.000e-12  0.5551000    20.6110    20.6058    -0.0052    16.3629    16.3589      8.422      8.524      0.343    1448.17    1448.15  0.000e+00
      13890      9.000     3.9873     3.9851    -0.0021    2.01757    2.01586          1     7.5986     7.5759      41.82     1.0554     0.4224  1.000e-12  0.5671000    20.6926    20.6748    -0.0178    16.4264    16.4124      8.917      9.025      0.424    1448.36    1448.33  0.000e+00
      13915      9.500     4.0277     4.0296     0.0018    2.04483    2.04467          1     7.5862     7.5619      41.33     1.0661     0.4221  1.000e-12  0.5687000    20.9719    20.9689    -0.0030    16.6452    16.6427      9.413      9.526      0.480    1448.90    1448.90  0.000e+00
      13944     10.000     4.0617     4.0624     0.0007    2.08191    2.08161          1     7.5669     7.5338      40.86     1.0525     0.4362  1.000e-12  0.6106000    21.3652    21.3613    -0.0039    16.9547    16.9516      9.908     10.027      0.352    1449.56    1449.56  0.000e+00
      13988     10.500     4.0878     4.0864    -0.0013    2.11592    2.11265          1     7.5383     7.5134      40.24     1.1125     0.3955  1.000e-12  0.6134000    21.7292    21.6934    -0.0358    17.2414    17.2132     10.404     10.528      0.280    1450.14    1450.09  0.000e+00
      14021     11.000     4.1079     4.1089     0.0010    2.14197    2.14182          1     7.5382     7.5225      68.34     1.1431     0.4521  1.000e-12  0.6415000    22.0080    22.0056    -0.0023    17.4610    17.4591     10.899     11.028      0.433    1450.59    1450.60  0.000e+00
      14048     11.500     4.1320     4.1332     0.0012    2.16303    2.16328          1     7.5392     7.5169      39.60     1.1623     0.4508  1.000e-12  0.6809000    22.2281    22.2300     0.0020    17.6338    17.6353     11.395     11.529      0.411    1450.99    1450.99  0.000e+00
      14080     12.000     4.1338     4.1344     0.0006    2.17194    2.17126          1     7.5306     7.5083      38.70     1.1477     0.3604  1.000e-12  0.6287000    22.3268    22.3187    -0.0080    17.7119    17.7055     11.890     12.029      0.352    1451.13    1451.12  0.000e+00
      14115     12.500     4.1256     4.1265     0.0009    2.17992    2.17922          1     7.5433     7.5028      38.22     1.1287     0.4235  1.000e-12  0.6271000    22.4219    22.4135    -0.0085    17.7879    17.7812     12.385     12.530      0.353    1451.22    1451.22  0.000e+00
      14148     13.000     4.1193     4.1204     0.0010    2.18459    2.18421          1     7.5489     7.4981      85.26     1.0383     0.4118  1.000e-12  0.6077000    22.4785    22.4735    -0.0050    17.8332    17.8292     12.881     13.030      0.357    1451.28    1451.28  0.000e+00
      14184     13.500     4.1142     4.1147     0.0005    2.19001    2.18979          1     7.5430     7.4964      37.27     0.9104     0.3334  1.000e-12  0.5844000    22.5429    22.5400    -0.0029    17.8846    17.8823     13.376     13.530      0.324    1451.35    1451.34  0.000e+00
      14220     14.000     4.1150     4.1155     0.0005    2.19222    2.19227          1     7.5278     7.5038      36.57     0.8837     0.3744  1.000e-12  0.5320000    22.5670    22.5672     0.0002    17.9037    17.9038     13.871     14.031      0.354    1451.39    1451.39  0.000e+00
      14252     14.500     4.1175     4.1178     0.0003    2.19338    2.19329          1     7.5298     7.4998      36.03     0.8409     0.3417  1.000e-12  0.5416000    22.5781    22.5769    -0.0012    17.9123    17.9113     14.367     14.531      0.389    1451.42    1451.42  0.000e+00
      14282     15.000     4.1189     4.1194     0.0006    2.19569    2.19564          1     7.5305     7.4938      35.66     0.8387     0.3941  1.000e-12  0.5457000    22.6029    22.6021    -0.0009    17.9319    17.9312     14.862     15.031      0.391    1451.47    1451.47  0.000e+00
      14314     15.500     4.1212     4.1215     0.0002    2.19943    2.19926          1     7.5377     7.4959      35.11     0.8324     0.4091  1.000e-12  0.5276000    22.6433    22.6412    -0.0021    17.9637    17.9620     15.358     15.532      0.351    1451.54    1451.53  0.000e+00
      14354     16.000     4.1309     4.1309     0.0000    2.20523    2.20496          1     7.5207     7.4899      34.45     0.7960     0.3452  1.000e-12  0.5280000    22.7018    22.6987    -0.0031    18.0094    18.0069     15.853     16.032      0.280    1451.66    1451.66  0.000e+00
      14395     16.500     4.1388     4.1392     0.0004    2.20966    2.20955          1     7.5017     7.4628      33.97     0.8080     0.3780  1.000e-12  0.5336000    22.7460    22.7445    -0.0015    18.0438    18.0426     16.348     16.532      0.362    1451.76    1451.76  0.000e+00
      14422     17.000     4.1621     4.1636     0.0015    2.21964    2.21974          1     7.4910     7.4558      33.53     0.7772     0.3636  1.000e-12  0.5051000    22.8419    22.8421     0.0001    18.1182    18.1182     16.844     17.032      0.473    1451.99    1452.00  0.000e+00
      14447     17.500     4.1986     4.1996     0.0009    2.23040    2.23029          1     7.4663     7.4442      35.70     0.7441     0.3730  1.000e-12  0.5263000    22.9374    22.9355    -0.0019    18.1912    18.1896     17.339     17.532      0.432    1452.28    1452.28  0.000e+00
      14483     18.000     4.2435     4.2413    -0.0022    2.24442    2.24323          1     7.3738     7.3455      67.70     0.7525     0.3850  1.000e-12  0.5468000    23.0635    23.0516    -0.0119    18.2878    18.2785     17.835     18.033      0.279    1452.64    1452.61  0.000e+00
      14530     18.500     4.3730     4.3676    -0.0054    2.28940    2.28704          1     7.2036     7.2019      30.22     0.7728     0.3374  1.000e-12  0.5245000    23.4771    23.4543    -0.0227    18.6055    18.5879     18.330     18.533      0.293    1453.73    1453.68  0.000e+00
      14564     19.000     4.8051     4.8241     0.0190    2.43294    2.43692          1     6.9451     7.0254      31.44     0.7506     0.3547  1.000e-12  0.5198000    24.7661    24.7963     0.0302    19.5897    19.6119     18.825     19.032      0.414    1457.20    1457.32  0.000e+00
      14591     19.500     5.2167     5.2239     0.0070    2.58076    2.58439          1     6.7318     6.8685      31.00     0.7209     0.3241  1.000e-12  0.5780000    26.1004    26.1353     0.0349    20.6075    20.6344     19.321     19.532      0.449    1460.63    1460.70  0.000e+00
      14619     20.000     5.7887     5.7780    -0.0106    2.78950    2.78673          1     6.4813     6.6072      30.47     0.5181     0.3561  1.000e-12  0.6188000    27.9516    27.9299    -0.0217    22.0109    21.9949     19.816     20.030      0.394    1465.32    1465.25  0.000e+00
      14656     20.500     6.1001     6.0965    -0.0036    2.92424    2.92188          1     6.2774     6.3485      29.87     0.3802     0.3635  1.000e-12  0.6805000    29.1756    29.1526    -0.0229    22.9422    22.9245     20.311     20.528      0.273    1468.13    1468.09  0.000e+00
      14705     21.000     6.2919     6.2863    -0.0056    2.99958    2.99731          1     6.2010     6.2369      29.34     0.2788     0.3130  1.000e-12  0.7835000    29.8379    29.8178    -0.0200    23.4421    23.4269     20.807     21.026      0.283    1469.74    1469.70  0.000e+00
      14737     21.500     6.4338     6.4331    -0.0006    3.05322    3.05246          1     6.1977     6.2108      28.95     0.2350     0.3046  1.000e-12  0.7474000    30.3014    30.2936    -0.0078    23.7904    23.7843     21.302     21.524      0.471    1470.90    1470.89  0.000e+00
      14760     22.000     6.5514     6.5505    -0.0010    3.09532    3.09510          1     6.1633     6.1772      28.54     0.2465     0.2892  1.000e-12  0.7313000    30.6577    30.6560    -0.0017    24.0567    24.0554     21.798     22.021      0.510    1471.82    1471.82  0.000e+00
      14787     22.500     6.6361     6.6372     0.0010    3.13375    3.13376          1     6.1285     6.1251      27.96     0.2308     0.2998  1.000e-12  0.7499000    31.0018    31.0010    -0.0008    24.3172    24.3164     22.293     22.518      0.368    1472.60    1472.60  0.000e+00
      14837     23.000     6.6355     6.6385     0.0029    3.15848    3.15923          1     6.1528     6.1447      27.25     0.2181     0.3306  1.000e-12  0.7910000    31.2730    31.2786     0.0055    24.5309    24.5349     22.788     23.015      0.214    1472.94    1472.96  0.000e+00
      14880     23.500     6.6951     6.6946    -0.0004    3.18195    3.18168          1     6.1437     6.1340      26.81     0.2284     0.3059  1.000e-12  0.7870000    31.4753    31.4728    -0.0025    24.6827    24.6808     23.284     23.512      0.415    1473.44    1473.43  0.000e+00
      14904     24.000     6.6922     6.6928     0.0006    3.19359    3.19343          1     6.1732     6.1396      26.45     0.1974     0.3171  1.000e-12  0.7867000    31.6053    31.6030    -0.0023    24.7855    24.7836     23.779     24.009      0.530    1473.60    1473.60  0.000e+00
      14926     24.500     6.7083     6.7048    -0.0035    3.20273    3.20201          1     6.1742     6.1403      26.00     0.1873     0.3191  1.000e-12  0.7959000    31.6902    31.6856    -0.0046    24.8503    24.8471     24.274     24.506      0.477    1473.78    1473.76  0.000e+00
      14967     25.000     6.7294     6.7317     0.0022    3.20654    3.20702          1     6.1447     6.1202      25.37     0.1859     0.2994  1.000e-12  0.7854000    31.7122    31.7153     0.0031    24.8650    24.8671     24.770     25.003      0.261    1473.89    1473.91  0.000e+00
      15022     25.500     6.7492     6.7461    -0.0029    3.20966    3.20946          1     6.1184     6.0964      24.86     0.1769     0.3138  1.000e-12  0.7224000    31.7279    31.7285     0.0006    24.8748    24.8756     25.265     25.500      0.431    1474.00    1473.99  0.000e+00
      15042     26.000     6.7878     6.7871    -0.0008    3.23496    3.23462          1     6.1052     6.0862      24.47     0.1871     0.3640  1.000e-12  0.8228000    31.9688    31.9657    -0.0031    25.0595    25.0571     25.761     25.997      0.556    1474.46    1474.46  0.000e+00
      15065     26.500     6.8254     6.8248    -0.0005    3.25868    3.25853          1     6.1008     6.0822      24.01     0.1763     0.3209  1.000e-12  0.9160000    32.1930    32.1919    -0.0011    25.2312    25.2304     26.256     26.494      0.445    1474.90    1474.90  0.000e+00
      15110     27.000     6.8603     6.8635     0.0030    3.26843    3.26872          1     6.0909     6.0753      23.33     0.1726     0.3041  1.000e-12  0.8481000    32.2666    32.2669     0.0003    25.2846    25.2844     26.751     26.990      0.248    1475.14    1475.15  0.000e+00
      15154     27.500     6.8630     6.8627    -0.0003    3.27310    3.27309          1     6.1039     6.0807      22.86     0.1497     0.3175  1.000e-12  0.8087000    32.3150    32.3152     0.0002    25.3224    25.3226     27.247     27.487      0.432    1475.22    1475.21  0.000e+00
      15178     28.000     6.8928     6.8925    -0.0003    3.27896    3.27900          1     6.0997     6.0690      22.45     0.1575     0.3165  1.000e-12  0.8209000    32.3509    32.3516     0.0007    25.3467    25.3473     27.742     27.984      0.465    1475.38    1475.38  0.000e+00
