ctdpy/tests/etc/all_smhi_bas_2018/SBE09_0827_20181004_0410_26_01_1005.cnv
* Sea-Bird SBE 9 Data File:
* FileName = D:\CTD_SBE911\DAT\26DA.2018.10.5.hex
* Software Version Seasave V 7.21d
* Temperature SN = 4548
* Conductivity SN = 3062
* Number of Bytes Per Scan = 48
* Number of Voltage Words = 5
* Number of Scans Averaged by the Deck Unit = 1
* NMEA Latitude = 55 43.00 N
* NMEA Longitude = 014 43.00 E
* NMEA UTC (Time) = Oct 04 2018  04:12:55
* NMEA baud rate = 4800
** Ship: DANA
** Average sound velocity: 1447.27 m/s
** True-depth calculation Thu, 28 Mar 2019 12:16:37 +0000
** CTD Python Module SMHI /ver 3-12/ feb 2012 
** LIMS Job: 20182601-1005
** Operator: Christian
** Cruise: 10/2018
# nquan = 26
# nvalues = 103                         
# units = specified
# name 0 = scan: Scan Count
# name 1 = prDM: Pressure, Digiquartz [db]
# name 2 = t090C: Temperature [ITS-90, deg C]
# name 3 = t190C: Temperature, 2 [ITS-90, deg C]
# name 4 = T2-T190C: Temperature Difference, 2 - 1 [ITS-90, deg C]
# name 5 = c0S/m: Conductivity [S/m]
# name 6 = c1S/m: Conductivity, 2 [S/m]
# name 7 = pumps: Pump Status
# name 8 = sbeox1ML/L: Oxygen, SBE 43, 2 [ml/l]
# name 9 = sbeox0ML/L: Oxygen, SBE 43 [ml/l]
# name 10 = altM: Altimeter [m]
# name 11 = chloroflTC0: Chlorophyll, Turner Cyclops [ug/l]
# name 12 = cpar: CPAR/Corrected Irradiance [%]
# name 13 = par: PAR/Irradiance, Biospherical/Lico [µE/(cm^2*s)]
# name 14 = spar: SPAR, Biospherical/Licor
# name 15 = sal00: Salinity, Practical [PSU]
# name 16 = sal11: Salinity, Practical, 2 [PSU]
# name 17 = secS-priS: Salinity, Practical, Difference, 2 - 1 [PSU]
# name 18 = sigma-t00: Density [sigma-t, kg/m^3 ]
# name 19 = sigma-t11: Density, 2 [sigma-t, kg/m^3 ]
# name 20 = depSM: Depth [salt water, m], lat = 55.7167
# name 21 = depFM: Depth [true depth, m], lat = 55.7167
# name 22 = dz/dtM: Descent Rate [m/s], WS = 2
# name 23 = svCM: Sound Velocity [Chen-Millero, m/s]
# name 24 = svCM1: Sound Velocity, 2 [Chen-Millero, m/s]
# name 25 = flag: flag
# span 0 =        300,       4963       
# span 1 =      1.500,     52.500       
# span 2 =     5.6483,     8.3255       
# span 3 =     5.6738,     8.3956       
# span 4 =    -0.1052,     0.4277       
# span 5 =   0.912114,   1.252493       
# span 6 =   0.912308,   1.260692       
# span 7 =          1,          1       
# span 8 =     3.8383,     7.5452       
# span 9 =     3.5922,     7.0477       
# span 10 =       0.80,       9.96      
# span 11 =     0.0000,     0.0000      
# span 12 = 4.9241e-11, 4.9241e-11      
# span 13 = 1.0000e-12, 1.0000e-12      
# span 14 = 2.0308e+00, 2.0308e+00      
# span 15 =     7.8755,    10.8441      
# span 16 =     7.8742,    10.8993      
# span 17 =    -0.1501,     0.0552      
# span 18 =     6.0692,     8.3332      
# span 19 =     6.0679,     8.3697      
# span 20 =      1.486,     52.017      
# span 21 =      1.519,     53.117      
# span 22 =      0.128,      0.512      
# span 23 =    1440.55,    1454.82      
# span 24 =    1440.76,    1455.18      
# span 25 = 0.0000e+00, 0.0000e+00      
# interval = decibars: 0.5              
# start_time = Oct 04 2018 04:12:55 [NMEA time, first data scan]
# bad_flag = -9.990e-29
*END*
        300      1.500     7.6381     7.6496     0.0116    0.91397    0.91393          1     7.5333     7.0253       9.96     0.0000  4.924e-11  1.000e-12  2.031e+00     7.8780     7.8749    -0.0030     6.0719     6.0686      1.486      1.519      0.210    1447.55    1447.59  0.000e+00
        366      2.000     7.6485     7.6512     0.0027    0.91397    0.91389          1     7.5350     7.0274       9.96     0.0000  4.924e-11  1.000e-12  2.031e+00     7.8755     7.8742    -0.0014     6.0692     6.0679      1.982      2.025      0.273    1447.59    1447.60  0.000e+00
        417      2.500     7.6509     7.6518     0.0008    0.91407    0.91418          1     7.5425     7.0171       9.96     0.0000  4.924e-11  1.000e-12  2.031e+00     7.8758     7.8766     0.0008     6.0692     6.0698      2.477      2.531      0.387    1447.61    1447.62  0.000e+00
        459      3.000     7.6518     7.6527     0.0008    0.91429    0.91443          1     7.5449     7.0341       9.96     0.0000  4.924e-11  1.000e-12  2.031e+00     7.8776     7.8787     0.0011     6.0705     6.0714      2.973      3.037      0.271    1447.63    1447.63  0.000e+00
        504      3.500     7.6517     7.6523     0.0005    0.91443    0.91441          1     7.5443     7.0387       9.96     0.0000  4.924e-11  1.000e-12  2.031e+00     7.8789     7.8785    -0.0003     6.0715     6.0712      3.468      3.543      0.428    1447.64    1447.64  0.000e+00
        531      4.000     7.6520     7.6510    -0.0009    0.91442    0.91440          1     7.5449     7.0320       9.96     0.0000  4.924e-11  1.000e-12  2.031e+00     7.8787     7.8786    -0.0000     6.0714     6.0714      3.964      4.050      0.354    1447.64    1447.64  0.000e+00
        589      4.500     7.6511     7.6506    -0.0005    0.91439    0.91436          1     7.5444     7.0356       9.96     0.0000  4.924e-11  1.000e-12  2.031e+00     7.8785     7.8784    -0.0001     6.0713     6.0712      4.459      4.556      0.243    1447.65    1447.65  0.000e+00
        630      5.000     7.6504     7.6503    -0.0000    0.91438    0.91434          1     7.5452     7.0434       9.96     0.0000  4.924e-11  1.000e-12  2.031e+00     7.8784     7.8782    -0.0003     6.0713     6.0711      4.955      5.062      0.315    1447.65    1447.65  0.000e+00
        691      5.500     7.6505     7.6509     0.0005    0.91436    0.91446          1     7.5444     7.0477       9.96     0.0000  4.924e-11  1.000e-12  2.031e+00     7.8782     7.8791     0.0009     6.0711     6.0718      5.450      5.568      0.230    1447.66    1447.66  0.000e+00
        735      6.000     7.6488     7.6520     0.0030    0.91444    0.91454          1     7.5318     7.0380       9.96     0.0000  4.924e-11  1.000e-12  2.031e+00     7.8793     7.8795     0.0002     6.0721     6.0720      5.945      6.074      0.408    1447.66    1447.68  0.000e+00
        766      6.500     7.6245     7.6213    -0.0030    0.91425    0.91430          1     7.5385     7.0390       9.96     0.0000  4.924e-11  1.000e-12  2.031e+00     7.8829     7.8841     0.0011     6.0769     6.0780      6.441      6.581      0.300    1447.58    1447.56  0.000e+00
        826      7.000     7.6172     7.6102    -0.0070    0.91428    0.91432          1     7.5300     7.0395       9.96     0.0000  4.924e-11  1.000e-12  2.031e+00     7.8848     7.8868     0.0020     6.0789     6.0810      6.936      7.087      0.275    1447.55    1447.53  0.000e+00
        858      7.500     7.5960     7.5395    -0.0562    0.91424    0.91423          1     7.5238     7.0273       9.96     0.0000  4.924e-11  1.000e-12  2.031e+00     7.8892     7.9019     0.0127     6.0840     6.0982      7.432      7.593      0.435    1447.48    1447.26  0.000e+00
        888      8.000     7.5690     7.5494    -0.0198    0.91429    0.91433          1     7.5384     7.0330       9.96     0.0000  4.924e-11  1.000e-12  2.031e+00     7.8957     7.9005     0.0048     6.0911     6.0964      7.927      8.099      0.307    1447.39    1447.31  0.000e+00
        975      8.500     7.5394     7.5198    -0.0198    0.91434    0.91436          1     7.5033     7.0302       9.96     0.0000  4.924e-11  1.000e-12  2.031e+00     7.9028     7.9075     0.0047     6.0989     6.1041      8.423      8.605      0.344    1447.28    1447.21  0.000e+00
       1001      9.000     7.4583     7.4652     0.0071    0.91432    0.91440          1     7.5068     7.0324       9.96     0.0000  4.924e-11  1.000e-12  2.031e+00     7.9210     7.9202    -0.0008     6.1194     6.1183      8.918      9.111      0.452    1446.98    1447.00  0.000e+00
       1041      9.500     7.4493     7.4493    -0.0000    0.91437    0.91445          1     7.5157     7.0349       9.96     0.0000  4.924e-11  1.000e-12  2.031e+00     7.9235     7.9242     0.0008     6.1220     6.1226      9.414      9.618      0.257    1446.95    1446.95  0.000e+00
       1112     10.000     7.4397     7.4389    -0.0007    0.91442    0.91451          1     7.5120     7.0277       9.96     0.0000  4.924e-11  1.000e-12  2.031e+00     7.9261     7.9271     0.0010     6.1248     6.1257      9.909     10.124      0.443    1446.92    1446.92  0.000e+00
       1132     10.500     7.4233     7.4212    -0.0021    0.91444    0.91453          1     7.5009     7.0143       9.96     0.0000  4.924e-11  1.000e-12  2.031e+00     7.9300     7.9312     0.0013     6.1291     6.1302     10.404     10.630      0.512    1446.87    1446.86  0.000e+00
       1174     11.000     7.4088     7.3915    -0.0172    0.91449    0.91456          1     7.5020     7.0197       9.96     0.0000  4.924e-11  1.000e-12  2.031e+00     7.9336     7.9383     0.0047     6.1330     6.1380     10.900     11.136      0.300    1446.82    1446.75  0.000e+00
       1249     11.500     7.3553     7.3860     0.0306    0.91451    0.91464          1     7.4915     7.0132       9.96     0.0000  4.924e-11  1.000e-12  2.031e+00     7.9460     7.9402    -0.0058     6.1467     6.1399     11.395     11.642      0.384    1446.62    1446.74  0.000e+00
       1278     12.000     7.3389     7.3503     0.0114    0.91451    0.91463          1     7.4905     7.0189       9.96     0.0000  4.924e-11  1.000e-12  2.031e+00     7.9497     7.9482    -0.0015     6.1508     6.1488     11.891     12.148      0.333    1446.57    1446.61  0.000e+00
       1340     12.500     7.3311     7.3350     0.0038    0.91453    0.91463          1     7.4881     7.0099       9.96     0.0000  4.924e-11  1.000e-12  2.031e+00     7.9516     7.9516    -0.0000     6.1529     6.1526     12.386     12.655      0.240    1446.54    1446.56  0.000e+00
       1380     13.000     7.3249     7.3252     0.0002    0.91453    0.91461          1     7.4833     7.0036       9.96     0.0000  4.924e-11  1.000e-12  2.031e+00     7.9530     7.9536     0.0007     6.1544     6.1549     12.882     13.161      0.415    1446.53    1446.53  0.000e+00
       1410     13.500     7.3247     7.3247     0.0000    0.91456    0.91462          1     7.4815     7.0106       9.96     0.0000  4.924e-11  1.000e-12  2.031e+00     7.9532     7.9538     0.0006     6.1547     6.1551     13.377     13.667      0.334    1446.53    1446.54  0.000e+00
       1464     14.000     7.3253     7.3255     0.0002    0.91462    0.91468          1     7.4812     7.0034       9.96     0.0000  4.924e-11  1.000e-12  2.031e+00     7.9536     7.9541     0.0005     6.1549     6.1553     13.872     14.173      0.205    1446.55    1446.55  0.000e+00
       1516     14.500     7.3196     7.3225     0.0029    0.91458    0.91467          1     7.4820     6.9958       9.96     0.0000  4.924e-11  1.000e-12  2.031e+00     7.9544     7.9546     0.0002     6.1560     6.1559     14.368     14.679      0.262    1446.53    1446.54  0.000e+00
       1560     15.000     7.3177     7.3208     0.0031    0.91458    0.91469          1     7.4840     6.9966       9.96     0.0000  4.924e-11  1.000e-12  2.031e+00     7.9549     7.9551     0.0003     6.1564     6.1565     14.863     15.185      0.293    1446.53    1446.55  0.000e+00
       1601     15.500     7.3171     7.3194     0.0023    0.91460    0.91468          1     7.4805     6.9977       9.96     0.0000  4.924e-11  1.000e-12  2.031e+00     7.9551     7.9553     0.0002     6.1567     6.1567     15.359     15.692      0.258    1446.54    1446.55  0.000e+00
       1657     16.000     7.3162     7.3185     0.0023    0.91462    0.91469          1     7.4816     7.0018       9.96     0.0000  4.924e-11  1.000e-12  2.031e+00     7.9554     7.9556     0.0001     6.1570     6.1569     15.854     16.198      0.232    1446.54    1446.55  0.000e+00
       1699     16.500     7.3124     7.3154     0.0030    0.91460    0.91468          1     7.4772     6.9942       9.96     0.0000  4.924e-11  1.000e-12  2.031e+00     7.9560     7.9561     0.0001     6.1578     6.1576     16.350     16.704      0.346    1446.54    1446.55  0.000e+00
       1731     17.000     7.3110     7.3120     0.0010    0.91460    0.91466          1     7.4724     6.9934       9.96     0.0000  4.924e-11  1.000e-12  2.031e+00     7.9563     7.9566     0.0003     6.1581     6.1582     16.845     17.210      0.375    1446.54    1446.54  0.000e+00
       1777     17.500     7.3105     7.3123     0.0017    0.91461    0.91467          1     7.4754     6.9992       9.96     0.0000  4.924e-11  1.000e-12  2.031e+00     7.9564     7.9566     0.0002     6.1582     6.1583     17.340     17.716      0.237    1446.54    1446.55  0.000e+00
       1837     18.000     7.3083     7.3097     0.0015    0.91460    0.91466          1     7.4735     6.9945       9.96     0.0000  4.924e-11  1.000e-12  2.031e+00     7.9567     7.9570     0.0003     6.1586     6.1587     17.836     18.222      0.382    1446.54    1446.55  0.000e+00
       1867     18.500     7.3074     7.3083     0.0009    0.91459    0.91465          1     7.4794     6.9900       9.96     0.0000  4.924e-11  1.000e-12  2.031e+00     7.9569     7.9571     0.0003     6.1588     6.1589     18.331     18.728      0.307    1446.55    1446.55  0.000e+00
       1930     19.000     7.3055     7.3069     0.0014    0.91456    0.91463          1     7.4757     6.9955       9.96     0.0000  4.924e-11  1.000e-12  2.031e+00     7.9569     7.9572     0.0003     6.1590     6.1591     18.827     19.235      0.276    1446.55    1446.55  0.000e+00
       1963     19.500     7.3050     7.3058     0.0008    0.91456    0.91461          1     7.4732     6.9947       9.96     0.0000  4.924e-11  1.000e-12  2.031e+00     7.9570     7.9573     0.0003     6.1591     6.1592     19.322     19.741      0.422    1446.55    1446.56  0.000e+00
       1995     20.000     7.3051     7.3059     0.0008    0.91457    0.91463          1     7.4714     6.9937       9.96     0.0000  4.924e-11  1.000e-12  2.031e+00     7.9570     7.9573     0.0003     6.1591     6.1593     19.818     20.247      0.291    1446.56    1446.57  0.000e+00
       2055     20.500     7.3037     7.3045     0.0007    0.91455    0.91460          1     7.4691     6.9894       9.96     0.0000  4.924e-11  1.000e-12  2.031e+00     7.9571     7.9574     0.0003     6.1592     6.1594     20.313     20.753      0.263    1446.56    1446.57  0.000e+00
       2092     21.000     7.3007     7.3031     0.0024    0.91449    0.91458          1     7.4678     6.9893       9.96     0.0000  4.924e-11  1.000e-12  2.031e+00     7.9571     7.9574     0.0003     6.1595     6.1596     20.808     21.259      0.352    1446.56    1446.57  0.000e+00
       2135     21.500     7.2995     7.3010     0.0015    0.91447    0.91454          1     7.4602     6.9844       9.96     0.0000  4.924e-11  1.000e-12  2.031e+00     7.9572     7.9575     0.0003     6.1596     6.1597     21.304     21.765      0.224    1446.56    1446.57  0.000e+00
       2194     22.000     7.2963     7.2987     0.0024    0.91442    0.91450          1     7.4626     6.9891       9.96     0.0000  4.924e-11  1.000e-12  2.031e+00     7.9573     7.9575     0.0002     6.1600     6.1599     21.799     22.272      0.245    1446.56    1446.57  0.000e+00
       2234     22.500     7.2963     7.2971     0.0007    0.91443    0.91448          1     7.4625     6.9924       9.96     0.0000  4.924e-11  1.000e-12  2.031e+00     7.9573     7.9576     0.0003     6.1600     6.1601     22.295     22.778      0.340    1446.57    1446.57  0.000e+00
       2269     23.000     7.2946     7.2964     0.0018    0.91440    0.91447          1     7.4629     6.9885       9.96     0.0000  4.924e-11  1.000e-12  2.031e+00     7.9574     7.9577     0.0003     6.1602     6.1602     22.790     23.284      0.314    1446.57    1446.58  0.000e+00
       2314     23.500     7.2914     7.2939     0.0026    0.91433    0.91442          1     7.4614     6.9841       9.96     0.0000  4.924e-11  1.000e-12  2.031e+00     7.9574     7.9577     0.0003     6.1604     6.1604     23.285     23.790      0.251    1446.56    1446.57  0.000e+00
       2357     24.000     7.2908     7.2918     0.0010    0.91434    0.91439          1     7.4616     6.9820       9.96     0.0000  4.924e-11  1.000e-12  2.031e+00     7.9575     7.9578     0.0003     6.1605     6.1607     23.781     24.296      0.314    1446.57    1446.57  0.000e+00
       2399     24.500     7.2881     7.2900     0.0019    0.91429    0.91436          1     7.4638     6.9839       9.96     0.0000  4.924e-11  1.000e-12  2.031e+00     7.9576     7.9579     0.0003     6.1608     6.1609     24.276     24.802      0.234    1446.57    1446.57  0.000e+00
       2462     25.000     7.2846     7.2878     0.0032    0.91419    0.91431          1     7.4553     6.9876       9.96     0.0000  4.924e-11  1.000e-12  2.031e+00     7.9575     7.9579     0.0004     6.1609     6.1610     24.772     25.308      0.236    1446.56    1446.57  0.000e+00
       2502     25.500     7.2778     7.2821     0.0043    0.91399    0.91416          1     7.4496     6.9839       9.96     0.0000  4.924e-11  1.000e-12  2.031e+00     7.9571     7.9577     0.0006     6.1612     6.1613     25.267     25.815      0.329    1446.54    1446.56  0.000e+00
       2541     26.000     7.2647     7.2732     0.0085    0.91364    0.91392          1     7.4425     6.9699       9.96     0.0000  4.924e-11  1.000e-12  2.031e+00     7.9568     7.9575     0.0007     6.1619     6.1618     25.762     26.321      0.295    1446.49    1446.53  0.000e+00
       2580     26.500     7.2628     7.2668     0.0040    0.91362    0.91375          1     7.4413     6.9689       9.96     0.0000  4.924e-11  1.000e-12  2.031e+00     7.9570     7.9573     0.0003     6.1622     6.1621     26.258     26.827      0.325    1446.49    1446.51  0.000e+00
       2620     27.000     7.2587     7.2633     0.0045    0.91356    0.91370          1     7.4385     6.9685       9.96     0.0000  4.924e-11  1.000e-12  2.031e+00     7.9572     7.9575     0.0002     6.1627     6.1625     26.753     27.333      0.250    1446.48    1446.50  0.000e+00
       2677     27.500     7.2449     7.2553     0.0104    0.91331    0.91355          1     7.4244     6.9754       9.96     0.0000  4.924e-11  1.000e-12  2.031e+00     7.9580     7.9579    -0.0001     6.1643     6.1634     27.249     27.839      0.264    1446.43    1446.48  0.000e+00
       2712     28.000     7.2286     7.2388     0.0102    0.91312    0.91331          1     7.4039     6.9699       9.96     0.0000  4.924e-11  1.000e-12  2.031e+00     7.9599     7.9593    -0.0006     6.1670     6.1657     27.744     28.345      0.366    1446.38    1446.42  0.000e+00
       2766     28.500     7.1780     7.2107     0.0326    0.91255    0.91296          1     7.3507     6.9613       9.96     0.0000  4.924e-11  1.000e-12  2.031e+00     7.9662     7.9625    -0.0037     6.1755     6.1702     28.239     28.851      0.245    1446.18    1446.31  0.000e+00
