ctdpy/tests/etc/all_smhi_bas_2018/SBE09_1044_20181112_1602_34_01_0139.cnv
* Sea-Bird SBE 9 Data File:
* FileName = C:\ctd\temp\ar18d139.hex
* Software Version Seasave V 7.26.7.107
* Temperature SN = 5351
* Conductivity SN = 3941
* Number of Bytes Per Scan = 41
* Number of Voltage Words = 4
* Number of Scans Averaged by the Deck Unit = 1
* NMEA Latitude = 57 52.02 N
* NMEA Longitude = 011 17.51 E
* NMEA UTC (Time) = Nov 12 2018  16:02:40
* NMEA baud rate = 4800
** Station:  P2
** Operator:  JKro
** Ship: ARANDA
** Average sound velocity: 1487.29 m/s
** True-depth calculation Mon, 12 Nov 2018 16:49:05 +0000
** CTD Python Module SMHI /ver 3-12/ feb 2012 
** LIMS Job: 20183401-0139
** Cruise: SMHI-6-2018
** Latitude [GG MM.mm N]:
** Longitude [GG MM.mm E]
# nquan = 26
# nvalues = 178                         
# units = specified
# name 0 = scan: Scan Count
# name 1 = prDM: Pressure, Digiquartz [db]
# name 2 = t090C: Temperature [ITS-90, deg C]
# name 3 = t190C: Temperature, 2 [ITS-90, deg C]
# name 4 = T2-T190C: Temperature Difference, 2 - 1 [ITS-90, deg C]
# name 5 = c0S/m: Conductivity [S/m]
# name 6 = c1S/m: Conductivity, 2 [S/m]
# name 7 = pumps: Pump Status
# name 8 = sbeox0ML/L: Oxygen, SBE 43 [ml/l]
# name 9 = sbeox1ML/L: Oxygen, SBE 43, 2 [ml/l]
# name 10 = altM: Altimeter [m]
# name 11 = flECO-AFL: Chl-a Fluorescence, WET Labs ECO-AFL/FL [mg/m^3]
# name 12 = flECO-AFL1: Phycocyanin Fluorescence, WET Labs ECO-AFL/FL, 2 [mg/m^3]
# name 13 = par: PAR/Irradiance, Biospherical/Lico [µE/(cm^2*s)]
# name 14 = turbWETntu0: Turbidity, WET Labs ECO [NTU]
# name 15 = sal00: Salinity, Practical [PSU]
# name 16 = sal11: Salinity, Practical, 2 [PSU]
# name 17 = secS-priS: Salinity, Practical, Difference, 2 - 1 [PSU]
# name 18 = sigma-t00: Density [sigma-t, Kg/m^3 ]
# name 19 = sigma-t11: Density, 2 [sigma-t, Kg/m^3 ]
# name 20 = depSM: Depth [salt water, m], lat = 57.867
# name 21 = depFM: Depth [true depth, m], lat = 57.867
# name 22 = dz/dtM: Descent Rate [m/s], WS = 2
# name 23 = svCM: Sound Velocity [Chen-Millero, m/s]
# name 24 = svCM1: Sound Velocity, 2 [Chen-Millero, m/s]
# name 25 = flag: flag
# span 0 =      19157,      25798       
# span 1 =      1.000,     89.500       
# span 2 =     8.7133,    10.9304       
# span 3 =     8.7164,    10.9330       
# span 4 =    -0.0210,     0.0164       
# span 5 =   2.944531,   3.858383       
# span 6 =   2.944848,   3.858558       
# span 7 =          1,          1       
# span 8 =    5.07149,    6.38956       
# span 9 =    4.84544,    6.11207       
# span 10 =       3.62,      98.53      
# span 11 =     0.0702,     1.6744      
# span 12 =     0.1376,     0.4409      
# span 13 = 1.0000e-12, 1.0000e-12      
# span 14 =     0.1448,     1.6094      
# span 15 =    26.1619,    35.0189      
# span 16 =    26.1638,    35.0183      
# span 17 =    -0.0350,     0.0317      
# span 18 =    20.0295,    27.1785      
# span 19 =    20.0309,    27.1771      
# span 20 =      0.992,     88.652      
# span 21 =      0.999,     88.990      
# span 22 =     -0.424,      0.630      
# span 23 =    1479.87,    1492.91      
# span 24 =    1479.88,    1492.92      
# span 25 = 0.0000e+00, 0.0000e+00      
# interval = decibars: 0.5              
# start_time = Nov 12 2018 16:02:41 [NMEA time, first data scan]
# bad_flag = -9.990e-29
*END*
[from data line 56]
      20822     29.000    10.6174    10.6208     0.0035    3.33448    3.33696          1     5.9052     5.6619      63.46     0.4586     0.2635  1.000e-12  0.1790000    29.6693    29.6909     0.0216    22.6924    22.7087     28.730     28.936      0.497    1486.06    1486.10  0.000e+00
      20848     29.500    10.6230    10.6235     0.0004    3.33986    3.33931          1     5.9106     5.6609      63.08     0.4536     0.2627  1.000e-12  0.1637000    29.7176    29.7118    -0.0058    22.7290    22.7244     29.225     29.434      0.430    1486.15    1486.14  0.000e+00
      20878     30.000    10.6350    10.6344    -0.0007    3.34805    3.34781          1     5.9091     5.6583      62.48     0.4258     0.2323  1.000e-12  0.1675000    29.7883    29.7865    -0.0019    22.7821    22.7807     29.720     29.932      0.399    1486.28    1486.28  0.000e+00
      20906     30.500    10.6449    10.6431    -0.0018    3.35138    3.35079          1     5.9113     5.6653      61.97     0.3224     0.2112  1.000e-12  0.1793000    29.8129    29.8086    -0.0043    22.7995    22.7965     30.215     30.430      0.464    1486.36    1486.34  0.000e+00
      20931     31.000    10.6564    10.6553    -0.0011    3.35541    3.35498          1     5.9256     5.6734      61.41     0.3003     0.1971  1.000e-12  0.1714000    29.8431    29.8397    -0.0033    22.8211    22.8187     30.711     30.928      0.509    1486.44    1486.43  0.000e+00
      20954     31.500    10.6520    10.6546     0.0026    3.35692    3.35644          1     5.9126     5.6677      60.93     0.3264     0.1534  1.000e-12  0.1682000    29.8614    29.8545    -0.0069    22.8361    22.8303     31.206     31.426      0.501    1486.46    1486.46  0.000e+00
      20980     32.000    10.5584    10.5635     0.0051    3.36544    3.36617          1     5.9487     5.7045      60.40     0.3235     0.1736  1.000e-12  0.1714000    30.0222    30.0252     0.0030    22.9768    22.9783     31.701     31.924      0.419    1486.32    1486.35  0.000e+00
      21012     32.500    10.3477    10.3512     0.0035    3.37211    3.37227          1     6.0503     5.7710      59.85     0.2998     0.2400  1.000e-12  0.1755000    30.2623    30.2609    -0.0014    23.1986    23.1969     32.197     32.422      0.373    1485.86    1485.88  0.000e+00
      21041     33.000    10.3271    10.3270    -0.0000    3.37643    3.37629          1     6.0419     5.7657      59.45     0.3210     0.2250  1.000e-12  0.1816000    30.3222    30.3209    -0.0014    23.2486    23.2476     32.692     32.919      0.482    1485.87    1485.87  0.000e+00
      21063     33.500    10.3180    10.3193     0.0013    3.38262    3.38259          1     6.0392     5.7825      59.19     0.2970     0.2298  1.000e-12  0.1753000    30.3912    30.3899    -0.0013    23.3039    23.3027     33.187     33.417      0.571    1485.93    1485.93  0.000e+00
      21084     34.000    10.2112    10.2137     0.0025    3.38857    3.38853          1     6.0726     5.8161      58.73     0.2791     0.2653  1.000e-12  0.2061000    30.5400    30.5375    -0.0024    23.4373    23.4350     33.683     33.915      0.557    1485.73    1485.74  0.000e+00
      21108     34.500    10.1536    10.1557     0.0021    3.39066    3.39074          1     6.0941     5.8384      53.10     0.2803     0.2353  1.000e-12  0.2012000    30.6093    30.6083    -0.0010    23.5007    23.4996     34.178     34.412      0.433    1485.62    1485.62  0.000e+00
      21144     35.000    10.1196    10.1226     0.0029    3.39239    3.39242          1     6.1031     5.8389      43.86     0.2859     0.1950  1.000e-12  0.1981000    30.6551    30.6529    -0.0022    23.5420    23.5398     34.673     34.910      0.296    1485.56    1485.57  0.000e+00
      21180     35.500    10.0640    10.0675     0.0035    3.39186    3.39210          1     6.0812     5.8091      57.38     0.3013     0.2450  1.000e-12  0.2149000    30.6966    30.6962    -0.0005    23.5834    23.5825     35.168     35.407      0.478    1485.41    1485.42  0.000e+00
      21200     36.000    10.0381    10.0383     0.0002    3.39277    3.39264          1     6.0649     5.7949      56.63     0.2834     0.1929  1.000e-12  0.2314000    30.7276    30.7261    -0.0015    23.6118    23.6106     35.664     35.905      0.615    1485.36    1485.36  0.000e+00
      21219     36.500    10.0767    10.0766    -0.0001    3.40154    3.40139          1     6.0458     5.7736      56.26     0.3326     0.2134  1.000e-12  0.2117000    30.7826    30.7812    -0.0014    23.6484    23.6473     36.159     36.402      0.598    1485.58    1485.58  0.000e+00
      21242     37.000    10.1858    10.1803    -0.0055    3.42660    3.42562          1     6.0113     5.7219      55.67     0.2802     0.2372  1.000e-12  0.2052000    30.9405    30.9355    -0.0050    23.7535    23.7505     36.654     36.900      0.479    1486.17    1486.15  0.000e+00
      21271     37.500    10.4840    10.4785    -0.0054    3.48613    3.48415          1     5.8947     5.6138      55.10     0.2913     0.2584  1.000e-12  0.2270000    31.2797    31.2647    -0.0151    23.9682    23.9574     37.150     37.397      0.385    1487.67    1487.63  0.000e+00
      21303     38.000    10.7803    10.7799    -0.0005    3.55971    3.55803          1     5.7443     5.5030      53.80     0.2875     0.2182  1.000e-12  0.2569000    31.7550    31.7387    -0.0163    24.2878    24.2752     37.645     37.895      0.391    1489.31    1489.29  0.000e+00
      21332     38.500    10.9224    10.9240     0.0017    3.59890    3.59823          1     5.6533     5.4445      53.34     0.2995     0.2351  1.000e-12  0.2508000    32.0192    32.0112    -0.0080    24.4688    24.4622     38.140     38.392      0.426    1490.14    1490.13  0.000e+00
      21359     39.000    10.9304    10.9330     0.0027    3.61139    3.61146          1     5.6567     5.4510      53.02     0.6334     0.2777  1.000e-12  0.2923000    32.1356    32.1339    -0.0017    24.5579    24.5562     38.635     38.889      0.473    1490.32    1490.32  0.000e+00
      21383     39.500    10.8694    10.8716     0.0023    3.61429    3.61422          1     5.6760     5.4697      52.62     0.7078     0.2651  1.000e-12  0.2998000    32.2176    32.2149    -0.0027    24.6324    24.6299     39.131     39.386      0.521    1490.21    1490.21  0.000e+00
      21405     40.000    10.7061    10.7226     0.0164    3.63666    3.63640          1     5.7412     5.5215      52.22     0.3204     0.2514  1.000e-12  0.2755000    32.5845    32.5673    -0.0173    24.9465    24.9301     39.626     39.883      0.524    1490.08    1490.12  0.000e+00
      21430     40.500    10.4135    10.4219     0.0084    3.64708    3.64713          1     5.8692     5.6138      51.90     0.4437     0.2193  1.000e-12  0.3129000    32.9513    32.9443    -0.0071    25.2826    25.2757     40.121     40.380      0.444    1489.49    1489.51  0.000e+00
      21460     41.000    10.2595    10.2623     0.0028    3.65894    3.65784          1     5.9704     5.6893      51.36     0.5140     0.2189  1.000e-12  0.3142000    33.2108    33.1972    -0.0136    25.5112    25.5002     40.616     40.876      0.390    1489.26    1489.25  0.000e+00
      21490     41.500    10.3958    10.3925    -0.0033    3.70146    3.70039          1     5.9443     5.6669      50.92     0.3862     0.2228  1.000e-12  0.2603000    33.5143    33.5066    -0.0077    25.7245    25.7191     41.112     41.373      0.415    1490.12    1490.10  0.000e+00
      21518     42.000    10.4841    10.4831    -0.0010    3.72275    3.72220          1     5.8983     5.6291      50.47     0.3383     0.2347  1.000e-12  0.2638000    33.6470    33.6423    -0.0047    25.8128    25.8093     41.607     41.869      0.428    1490.61    1490.60  0.000e+00
      21546     42.500    10.5393    10.5405     0.0012    3.73583    3.73583          1     5.8724     5.6111      49.96     0.3011     0.2284  1.000e-12  0.2628000    33.7273    33.7262    -0.0011    25.8658    25.8647     42.102     42.366      0.459    1490.91    1490.91  0.000e+00
      21570     43.000    10.5480    10.5495     0.0015    3.74311    3.74316          1     5.8605     5.6069      49.49     0.2672     0.1931  1.000e-12  0.2709000    33.7922    33.7913    -0.0010    25.9149    25.9139     42.598     42.862      0.519    1491.03    1491.03  0.000e+00
      21593     43.500    10.5598    10.5606     0.0008    3.75261    3.75253          1     5.8510     5.5978      49.05     0.2603     0.2340  1.000e-12  0.2815000    33.8765    33.8749    -0.0016    25.9785    25.9771     43.093     43.358      0.536    1491.18    1491.18  0.000e+00
      21616     44.000    10.5671    10.5680     0.0009    3.75775    3.75773          1     5.8378     5.5833      48.53     0.2462     0.2111  1.000e-12  0.2858000    33.9213    33.9201    -0.0011    26.0121    26.0111     43.588     43.855      0.470    1491.27    1491.27  0.000e+00
      21645     44.500    10.5646    10.5664     0.0017    3.76289    3.76282          1     5.8257     5.5801      47.98     0.2447     0.2303  1.000e-12  0.2736000    33.9750    33.9727    -0.0024    26.0544    26.0523     44.083     44.351      0.383    1491.33    1491.34  0.000e+00
      21676     45.000    10.5656    10.5664     0.0009    3.78098    3.78064          1     5.7906     5.5498      47.48     0.2702     0.2428  1.000e-12  0.2789000    34.1558    34.1516    -0.0042    26.1952    26.1918     44.579     44.847      0.438    1491.56    1491.56  0.000e+00
      21701     45.500    10.5792    10.5805     0.0012    3.79367    3.79379          1     5.7634     5.5216      47.06     0.2499     0.2076  1.000e-12  0.2907000    34.2706    34.2706     0.0000    26.2823    26.2821     45.074     45.344      0.496    1491.76    1491.76  0.000e+00
      21725     46.000    10.5657    10.5668     0.0011    3.79689    3.79699          1     5.7435     5.5059      46.63     0.2274     0.2307  1.000e-12  0.3030000    34.3155    34.3154    -0.0001    26.3197    26.3194     45.569     45.840      0.439    1491.77    1491.78  0.000e+00
      21758     46.500    10.5646    10.5691     0.0045    3.80112    3.80196          1     5.7562     5.4991      45.98     0.2129     0.1820  1.000e-12  0.3335000    34.3589    34.3632     0.0043    26.3537    26.3563     46.064     46.336      0.359    1491.83    1491.85  0.000e+00
      21788     47.000    10.5906    10.5907     0.0001    3.80509    3.80507          1     5.7370     5.4964      45.40     0.2108     0.1978  1.000e-12  0.3199000    34.3742    34.3739    -0.0003    26.3611    26.3609     46.560     46.832      0.479    1491.95    1491.95  0.000e+00
      21810     47.500    10.5962    10.5979     0.0017    3.80585    3.80604          1     5.7315     5.4979      44.41     0.2027     0.2081  1.000e-12  0.3291000    34.3763    34.3766     0.0003    26.3618    26.3617     47.055     47.329      0.576    1491.98    1491.99  0.000e+00
      21830     48.000    10.6017    10.6024     0.0007    3.80839    3.80807          1     5.7416     5.4928      44.06     0.1784     0.2071  1.000e-12  0.3109000    34.3964    34.3926    -0.0038    26.3764    26.3733     47.550     47.825      0.553    1492.03    1492.03  0.000e+00
      21855     48.500    10.5886    10.5901     0.0015    3.81484    3.81486          1     5.7464     5.4977      43.52     0.2089     0.1829  1.000e-12  0.3161000    34.4736    34.4723    -0.0013    26.4389    26.4377     48.045     48.321      0.423    1492.09    1492.09  0.000e+00
      21889     49.000    10.5425    10.5439     0.0014    3.81807    3.81829          1     5.7253     5.5049      42.93     0.1959     0.2170  1.000e-12  0.3273000    34.5497    34.5506     0.0009    26.5063    26.5068     48.541     48.817      0.340    1492.03    1492.03  0.000e+00
      21922     49.500    10.4974    10.5018     0.0044    3.81851    3.81870          1     5.7394     5.5092      42.90     0.1833     0.2224  1.000e-12  0.3490000    34.5967    34.5944    -0.0023    26.5509    26.5484     49.036     49.313      0.426    1491.93    1491.94  0.000e+00
      21947     50.000    10.4132    10.4152     0.0020    3.81143    3.81161          1     5.7690     5.5251      42.50     0.1801     0.2332  1.000e-12  0.3667000    34.6050    34.6048    -0.0001    26.5721    26.5717     49.531     49.809      0.513    1491.65    1491.66  0.000e+00
      21970     50.500    10.3894    10.3908     0.0014    3.81016    3.81026          1     5.7825     5.5271      42.17     0.1974     0.2100  1.000e-12  0.3839000    34.6145    34.6142    -0.0003    26.5838    26.5833     50.026     50.305      0.499    1491.58    1491.59  0.000e+00
      21996     51.000    10.3642    10.3658     0.0017    3.80891    3.80901          1     5.7781     5.5269      41.19     0.1887     0.2072  1.000e-12  0.4128000    34.6257    34.6252    -0.0005    26.5969    26.5962     50.522     50.801      0.428    1491.52    1491.52  0.000e+00
      22025     51.500    10.3404    10.3418     0.0013    3.80749    3.80759          1     5.7774     5.5229      40.68     0.1821     0.2237  1.000e-12  0.4298000    34.6337    34.6335    -0.0002    26.6072    26.6068     51.017     51.297      0.441    1491.45    1491.45  0.000e+00
      22050     52.000    10.3115    10.3133     0.0017    3.80572    3.80584          1     5.7766     5.5194      40.33     0.1842     0.1961  1.000e-12  0.4486000    34.6430    34.6426    -0.0004    26.6196    26.6189     51.512     51.794      0.534    1491.37    1491.37  0.000e+00
      22071     52.500    10.2898    10.2911     0.0013    3.80479    3.80487          1     5.7787     5.5272      40.02     0.1858     0.2426  1.000e-12  0.4786000    34.6542    34.6538    -0.0004    26.6320    26.6315     52.007     52.290      0.538    1491.31    1491.32  0.000e+00
      22096     53.000    10.2850    10.2855     0.0005    3.80470    3.80477          1     5.7927     5.5441      39.59     0.1873     0.2180  1.000e-12  0.4836000    34.6576    34.6578     0.0002    26.6356    26.6356     52.503     52.786      0.404    1491.30    1491.31  0.000e+00
      22134     53.500    10.2787    10.2803     0.0015    3.80459    3.80468          1     5.8065     5.5539      38.95     0.1738     0.2271  1.000e-12  0.4145000    34.6623    34.6617    -0.0005    26.6403    26.6396     52.998     53.282      0.318    1491.30    1491.30  0.000e+00
      22164     54.000    10.2758    10.2773     0.0015    3.80459    3.80467          1     5.8205     5.5543      38.52     0.1591     0.2417  1.000e-12  0.3854000    34.6648    34.6642    -0.0006    26.6428    26.6420     53.493     53.778      0.506    1491.30    1491.30  0.000e+00
      22185     54.500    10.2728    10.2742     0.0014    3.80460    3.80470          1     5.8130     5.5579      38.10     0.1805     0.1927  1.000e-12  0.4256000    34.6676    34.6672    -0.0004    26.6454    26.6449     53.988     54.274      0.580    1491.30    1491.30  0.000e+00
      22206     55.000    10.2698    10.2715     0.0017    3.80477    3.80483          1     5.8077     5.5652      37.62     0.1868     0.1873  1.000e-12  0.5082000    34.6720    34.6709    -0.0011    26.6494    26.6482     54.484     54.770      0.536    1491.30    1491.31  0.000e+00
      22231     55.500    10.2691    10.2702     0.0012    3.80563    3.80558          1     5.8124     5.5693      37.12     0.1772     0.2094  1.000e-12  0.4374000    34.6812    34.6795    -0.0017    26.6567    26.6552     54.979     55.266      0.430    1491.32    1491.32  0.000e+00
      22262     56.000    10.2685    10.2699     0.0014    3.80695    3.80700          1     5.8144     5.5709      36.56     0.1786     0.2085  1.000e-12  0.3895000    34.6948    34.6940    -0.0008    26.6674    26.6665     55.474     55.762      0.382    1491.34    1491.35  0.000e+00
