ctdpy/tests/etc/all_smhi_bas_2018/SBE09_1044_20181112_1602_34_01_0139.cnv
* Sea-Bird SBE 9 Data File:
* FileName = C:\ctd\temp\ar18d139.hex
* Software Version Seasave V 7.26.7.107
* Temperature SN = 5351
* Conductivity SN = 3941
* Number of Bytes Per Scan = 41
* Number of Voltage Words = 4
* Number of Scans Averaged by the Deck Unit = 1
* NMEA Latitude = 57 52.02 N
* NMEA Longitude = 011 17.51 E
* NMEA UTC (Time) = Nov 12 2018  16:02:40
* NMEA baud rate = 4800
** Station:  P2
** Operator:  JKro
** Ship: ARANDA
** Average sound velocity: 1487.29 m/s
** True-depth calculation Mon, 12 Nov 2018 16:49:05 +0000
** CTD Python Module SMHI /ver 3-12/ feb 2012 
** LIMS Job: 20183401-0139
** Cruise: SMHI-6-2018
** Latitude [GG MM.mm N]:
** Longitude [GG MM.mm E]
# nquan = 26
# nvalues = 178                         
# units = specified
# name 0 = scan: Scan Count
# name 1 = prDM: Pressure, Digiquartz [db]
# name 2 = t090C: Temperature [ITS-90, deg C]
# name 3 = t190C: Temperature, 2 [ITS-90, deg C]
# name 4 = T2-T190C: Temperature Difference, 2 - 1 [ITS-90, deg C]
# name 5 = c0S/m: Conductivity [S/m]
# name 6 = c1S/m: Conductivity, 2 [S/m]
# name 7 = pumps: Pump Status
# name 8 = sbeox0ML/L: Oxygen, SBE 43 [ml/l]
# name 9 = sbeox1ML/L: Oxygen, SBE 43, 2 [ml/l]
# name 10 = altM: Altimeter [m]
# name 11 = flECO-AFL: Chl-a Fluorescence, WET Labs ECO-AFL/FL [mg/m^3]
# name 12 = flECO-AFL1: Phycocyanin Fluorescence, WET Labs ECO-AFL/FL, 2 [mg/m^3]
# name 13 = par: PAR/Irradiance, Biospherical/Lico [µE/(cm^2*s)]
# name 14 = turbWETntu0: Turbidity, WET Labs ECO [NTU]
# name 15 = sal00: Salinity, Practical [PSU]
# name 16 = sal11: Salinity, Practical, 2 [PSU]
# name 17 = secS-priS: Salinity, Practical, Difference, 2 - 1 [PSU]
# name 18 = sigma-t00: Density [sigma-t, Kg/m^3 ]
# name 19 = sigma-t11: Density, 2 [sigma-t, Kg/m^3 ]
# name 20 = depSM: Depth [salt water, m], lat = 57.867
# name 21 = depFM: Depth [true depth, m], lat = 57.867
# name 22 = dz/dtM: Descent Rate [m/s], WS = 2
# name 23 = svCM: Sound Velocity [Chen-Millero, m/s]
# name 24 = svCM1: Sound Velocity, 2 [Chen-Millero, m/s]
# name 25 = flag: flag
# span 0 =      19157,      25798       
# span 1 =      1.000,     89.500       
# span 2 =     8.7133,    10.9304       
# span 3 =     8.7164,    10.9330       
# span 4 =    -0.0210,     0.0164       
# span 5 =   2.944531,   3.858383       
# span 6 =   2.944848,   3.858558       
# span 7 =          1,          1       
# span 8 =    5.07149,    6.38956       
# span 9 =    4.84544,    6.11207       
# span 10 =       3.62,      98.53      
# span 11 =     0.0702,     1.6744      
# span 12 =     0.1376,     0.4409      
# span 13 = 1.0000e-12, 1.0000e-12      
# span 14 =     0.1448,     1.6094      
# span 15 =    26.1619,    35.0189      
# span 16 =    26.1638,    35.0183      
# span 17 =    -0.0350,     0.0317      
# span 18 =    20.0295,    27.1785      
# span 19 =    20.0309,    27.1771      
# span 20 =      0.992,     88.652      
# span 21 =      0.999,     88.990      
# span 22 =     -0.424,      0.630      
# span 23 =    1479.87,    1492.91      
# span 24 =    1479.88,    1492.92      
# span 25 = 0.0000e+00, 0.0000e+00      
# interval = decibars: 0.5              
# start_time = Nov 12 2018 16:02:41 [NMEA time, first data scan]
# bad_flag = -9.990e-29
*END*
[from data line 112]
      22318     57.000    10.2729    10.2737     0.0008    3.80879    3.80877          1     5.8154     5.5625      35.59     0.1537     0.2054  1.000e-12  0.3659000    34.7089    34.7079    -0.0010    26.6777    26.6768     56.465     56.754      0.458    1491.39    1491.39  0.000e+00
      22345     57.500    10.2824    10.2834     0.0010    3.81016    3.81020          1     5.8117     5.5578      35.09     0.1862     0.1903  1.000e-12  0.3702000    34.7135    34.7130    -0.0005    26.6796    26.6791     56.960     57.250      0.449    1491.44    1491.44  0.000e+00
      22371     58.000    10.2757    10.2771     0.0014    3.80954    3.80962          1     5.8015     5.5545      34.64     0.1568     0.2175  1.000e-12  0.3678000    34.7134    34.7128    -0.0006    26.6807    26.6800     57.455     57.746      0.485    1491.42    1491.43  0.000e+00
      22394     58.500    10.2766    10.2762    -0.0004    3.80979    3.80967          1     5.7979     5.5519      34.27     0.1493     0.2078  1.000e-12  0.3790000    34.7149    34.7140    -0.0008    26.6817    26.6811     57.950     58.242      0.544    1491.44    1491.43  0.000e+00
      22416     59.000    10.2752    10.2764     0.0011    3.80977    3.80982          1     5.8075     5.5499      33.72     0.1887     0.2110  1.000e-12  0.3780000    34.7157    34.7151    -0.0006    26.6826    26.6819     58.445     58.738      0.527    1491.44    1491.45  0.000e+00
      22442     59.500    10.2995    10.2990    -0.0006    3.81292    3.81271          1     5.7835     5.5342      33.16     0.1706     0.2077  1.000e-12  0.3889000    34.7243    34.7226    -0.0017    26.6850    26.6838     58.941     59.234      0.404    1491.55    1491.54  0.000e+00
      22478     60.000    10.3915    10.3872    -0.0043    3.82491    3.82431          1     5.7239     5.4837      32.56     0.1394     0.2168  1.000e-12  0.4264000    34.7576    34.7557    -0.0019    26.6950    26.6943     59.436     59.730      0.325    1491.92    1491.91  0.000e+00
      22511     60.500    10.4274    10.4288     0.0014    3.82978    3.82984          1     5.7250     5.4759      32.14     0.1328     0.2225  1.000e-12  0.4944000    34.7724    34.7716    -0.0007    26.7002    26.6994     59.931     60.226      0.453    1492.08    1492.08  0.000e+00
      22533     61.000    10.4372    10.4385     0.0012    3.83185    3.83194          1     5.7307     5.4815      31.71     0.1483     0.2651  1.000e-12  0.5334000    34.7837    34.7834    -0.0003    26.7074    26.7069     60.426     60.722      0.573    1492.13    1492.14  0.000e+00
      22553     61.500    10.4324    10.4328     0.0004    3.83154    3.83152          1     5.7279     5.4781      31.29     0.1486     0.2535  1.000e-12  0.5520000    34.7850    34.7844    -0.0006    26.7092    26.7087     60.922     61.218      0.592    1492.13    1492.13  0.000e+00
      22574     62.000    10.4049    10.4045    -0.0004    3.82845    3.82840          1     5.7139     5.4714      30.76     0.1195     0.2067  1.000e-12  0.5253000    34.7797    34.7796    -0.0001    26.7099    26.7099     61.417     61.714      0.504    1492.03    1492.03  0.000e+00
      22603     62.500    10.3897    10.3905     0.0009    3.82694    3.82695          1     5.6930     5.4663      30.16     0.1409     0.2300  1.000e-12  0.5325000    34.7787    34.7780    -0.0007    26.7118    26.7111     61.912     62.210      0.366    1491.98    1491.99  0.000e+00
      22638     63.000    10.3950    10.3960     0.0010    3.82874    3.82874          1     5.6690     5.4524      29.62     0.1150     0.2066  1.000e-12  0.4985000    34.7916    34.7907    -0.0009    26.7209    26.7201     62.407     62.706      0.387    1492.03    1492.03  0.000e+00
      22665     63.500    10.3799    10.3800     0.0001    3.82700    3.82702          1     5.6921     5.4588      29.20     0.1298     0.2064  1.000e-12  0.5242000    34.7883    34.7884     0.0001    26.7210    26.7211     62.903     63.202      0.490    1491.98    1491.98  0.000e+00
      22688     64.000    10.3420    10.3438     0.0017    3.82280    3.82296          1     5.7073     5.4695      28.75     0.1446     0.2431  1.000e-12  0.5091000    34.7817    34.7817    -0.0000    26.7224    26.7221     63.398     63.698      0.505    1491.84    1491.85  0.000e+00
      22713     64.500    10.3328    10.3367     0.0039    3.82171    3.82213          1     5.7162     5.4756      28.23     0.1357     0.2357  1.000e-12  0.4887000    34.7793    34.7798     0.0005    26.7222    26.7219     63.893     64.194      0.436    1491.81    1491.83  0.000e+00
      22744     65.000    10.3018    10.3072     0.0053    3.81823    3.81875          1     5.7221     5.4820      27.67     0.1508     0.2110  1.000e-12  0.4684000    34.7734    34.7736     0.0002    26.7230    26.7222     64.388     64.690      0.382    1491.70    1491.72  0.000e+00
      22774     65.500    10.2957    10.2971     0.0014    3.81754    3.81766          1     5.7197     5.4855      27.16     0.1286     0.2016  1.000e-12  0.4350000    34.7721    34.7719    -0.0002    26.7230    26.7226     64.883     65.186      0.438    1491.69    1491.69  0.000e+00
      22799     66.000    10.2788    10.2823     0.0035    3.81564    3.81600          1     5.7341     5.4912      26.75     0.1280     0.1665  1.000e-12  0.4391000    34.7688    34.7690     0.0002    26.7234    26.7229     65.379     65.682      0.505    1491.63    1491.65  0.000e+00
      22822     66.500    10.2693    10.2702     0.0009    3.81467    3.81472          1     5.7450     5.4988      26.29     0.1479     0.2207  1.000e-12  0.4395000    34.7678    34.7674    -0.0004    26.7242    26.7238     65.874     66.178      0.528    1491.61    1491.61  0.000e+00
      22845     67.000    10.2632    10.2645     0.0013    3.81413    3.81420          1     5.7419     5.4965      25.81     0.1408     0.1703  1.000e-12  0.4293000    34.7679    34.7674    -0.0005    26.7254    26.7248     66.369     66.674      0.494    1491.59    1491.60  0.000e+00
      22871     67.500    10.2618    10.2635     0.0017    3.81426    3.81439          1     5.7226     5.4890      25.26     0.1216     0.1865  1.000e-12  0.4218000    34.7703    34.7700    -0.0003    26.7275    26.7269     66.864     67.170      0.458    1491.60    1491.60  0.000e+00
      22898     68.000    10.2568    10.2587     0.0019    3.81376    3.81392          1     5.7157     5.4819      24.81     0.1255     0.2386  1.000e-12  0.4409000    34.7698    34.7696    -0.0002    26.7280    26.7275     67.359     67.666      0.426    1491.59    1491.60  0.000e+00
      22928     68.500    10.2526    10.2542     0.0015    3.81335    3.81345          1     5.7127     5.4755      24.29     0.1283     0.1971  1.000e-12  0.4357000    34.7694    34.7690    -0.0005    26.7284    26.7278     67.855     68.162      0.396    1491.58    1491.59  0.000e+00
      22957     69.000    10.2495    10.2507     0.0012    3.81308    3.81315          1     5.6947     5.4643      23.76     0.1484     0.1869  1.000e-12  0.4387000    34.7694    34.7690    -0.0004    26.7289    26.7284     68.350     68.658      0.428    1491.58    1491.58  0.000e+00
      22984     69.500    10.2450    10.2464     0.0014    3.81269    3.81278          1     5.6962     5.4671      23.30     0.1418     0.1477  1.000e-12  0.4327000    34.7695    34.7691    -0.0004    26.7298    26.7293     68.845     69.154      0.461    1491.57    1491.58  0.000e+00
      23010     70.000    10.2738    10.2739     0.0001    3.81780    3.81752          1     5.6735     5.4405      22.80     0.1596     0.1588  1.000e-12  0.4375000    34.7936    34.7908    -0.0028    26.7436    26.7414     69.340     69.651      0.480    1491.71    1491.71  0.000e+00
      23034     70.500    10.3292    10.3327     0.0036    3.82604    3.82636          1     5.6408     5.4043      22.32     0.1450     0.2733  1.000e-12  0.4600000    34.8240    34.8238    -0.0002    26.7577    26.7569     69.836     70.147      0.494    1491.95    1491.97  0.000e+00
      23058     71.000    10.3542    10.3556     0.0013    3.82956    3.82962          1     5.6364     5.3945      21.85     0.1251     0.1930  1.000e-12  0.4703000    34.8354    34.8348    -0.0007    26.7623    26.7615     70.331     70.642      0.479    1492.07    1492.07  0.000e+00
      23085     71.500    10.4068    10.4063    -0.0005    3.83767    3.83742          1     5.6330     5.3852      21.34     0.1118     0.1376  1.000e-12  0.4651000    34.8670    34.8649    -0.0021    26.7777    26.7761     70.826     71.138      0.428    1492.30    1492.29  0.000e+00
      23114     72.000    10.4842    10.4830    -0.0011    3.84893    3.84866          1     5.6150     5.3748      20.80     0.1069     0.1670  1.000e-12  0.4361000    34.9065    34.9049    -0.0016    26.7949    26.7939     71.321     71.634      0.408    1492.63    1492.62  0.000e+00
      23142     72.500    10.5070    10.5079     0.0009    3.85244    3.85243          1     5.5949     5.3679      20.34     0.1105     0.2349  1.000e-12  0.4147000    34.9199    34.9190    -0.0009    26.8014    26.8005     71.816     72.130      0.458    1492.73    1492.74  0.000e+00
      23168     73.000    10.5277    10.5289     0.0012    3.85564    3.85565          1     5.5840     5.3537      19.85     0.0981     0.1930  1.000e-12  0.4201000    34.9321    34.9311    -0.0010    26.8072    26.8062     72.312     72.626      0.456    1492.83    1492.83  0.000e+00
      23195     73.500    10.5416    10.5431     0.0015    3.85805    3.85813          1     5.5930     5.3583      19.35     0.0756     0.2362  1.000e-12  0.4194000    34.9429    34.9423    -0.0006    26.8132    26.8124     72.807     73.122      0.444    1492.90    1492.91  0.000e+00
      23221     74.000    10.5391    10.5403     0.0013    3.85830    3.85834          1     5.5845     5.3627      18.87     0.0818     0.1817  1.000e-12  0.4279000    34.9477    34.9468    -0.0009    26.8174    26.8165     73.302     73.618      0.494    1492.91    1492.91  0.000e+00
      23244     74.500    10.5371    10.5389     0.0019    3.85838    3.85856          1     5.5678     5.3605      18.41     0.0857     0.1386  1.000e-12  0.4155000    34.9502    34.9502    -0.0000    26.8197    26.8193     73.797     74.114      0.501    1492.91    1492.92  0.000e+00
      23270     75.000    10.4001    10.4041     0.0040    3.84519    3.84570          1     5.4893     5.3067      17.89     0.0888     0.2118  1.000e-12  0.4282000    34.9480    34.9493     0.0013    26.8420    26.8423     74.292     74.610      0.449    1492.43    1492.45  0.000e+00
      23298     75.500    10.2152    10.2224     0.0071    3.82746    3.82834          1     5.4011     5.2378      17.37     0.0944     0.2668  1.000e-12  0.5050000    34.9457    34.9478     0.0021    26.8724    26.8728     74.787     75.106      0.414    1491.78    1491.80  0.000e+00
      23327     76.000     9.9704     9.9734     0.0030    3.80501    3.80528          1     5.3643     5.1992      16.89     0.0859     0.2243  1.000e-12  0.5948000    34.9528    34.9527    -0.0001    26.9202    26.9196     75.283     75.602      0.424    1490.92    1490.93  0.000e+00
      23354     76.500     9.9202     9.9231     0.0030    3.80118    3.80146          1     5.3341     5.1718      16.43     0.0854     0.1984  1.000e-12  0.7468000    34.9620    34.9620     0.0000    26.9360    26.9355     75.778     76.098      0.471    1490.76    1490.77  0.000e+00
      23378     77.000     9.7806     9.7864     0.0058    3.78919    3.78977          1     5.3197     5.1578      15.94     0.0960     0.1656  1.000e-12  0.9617000    34.9741    34.9744     0.0003    26.9691    26.9684     76.273     76.594      0.484    1490.28    1490.30  0.000e+00
      23404     77.500     9.6179     9.6137    -0.0042    3.77423    3.77400          1     5.2977     5.1314      15.43     0.0966     0.1378  1.000e-12  1.0061000    34.9780    34.9797     0.0017    26.9995    27.0015     76.768     77.090      0.454    1489.70    1489.69  0.000e+00
      23432     78.000     9.4229     9.4256     0.0027    3.75619    3.75661          1     5.2581     5.0961      14.92     0.1019     0.2018  1.000e-12  0.9446000    34.9812    34.9829     0.0017    27.0344    27.0353     77.263     77.586      0.423    1489.01    1489.02  0.000e+00
      23460     78.500     9.2274     9.2268    -0.0005    3.73845    3.73851          1     5.2317     5.0654      14.42     0.1133     0.1882  1.000e-12  0.9120000    34.9879    34.9891     0.0012    27.0718    27.0729     77.759     78.082      0.437    1488.31    1488.31  0.000e+00
      23487     79.000     9.1710     9.1713     0.0003    3.73367    3.73367          1     5.2377     5.0496      13.94     0.0964     0.1970  1.000e-12  0.9203000    34.9931    34.9928    -0.0003    27.0851    27.0848     78.254     78.577      0.458    1488.12    1488.12  0.000e+00
      23513     79.500     9.1696     9.1703     0.0007    3.73363    3.73366          1     5.2385     5.0380      13.46     0.0939     0.2323  1.000e-12  0.8861000    34.9938    34.9934    -0.0004    27.0859    27.0855     78.749     79.073      0.442    1488.12    1488.12  0.000e+00
      23541     80.000     9.1712     9.1720     0.0008    3.73389    3.73394          1     5.2404     5.0328      12.94     0.0744     0.2349  1.000e-12  0.8778000    34.9948    34.9944    -0.0003    27.0864    27.0860     79.244     79.569      0.417    1488.14    1488.14  0.000e+00
      23569     80.500     9.1695     9.1707     0.0012    3.73385    3.73394          1     5.2461     5.0329      12.47     0.0820     0.2211  1.000e-12  0.8851000    34.9957    34.9955    -0.0002    27.0874    27.0871     79.739     80.065      0.469    1488.14    1488.14  0.000e+00
      23593     81.000     9.1726     9.1734     0.0008    3.73428    3.73431          1     5.2470     5.0286      12.00     0.0856     0.1951  1.000e-12  0.8713000    34.9969    34.9964    -0.0005    27.0878    27.0873     80.235     80.561      0.525    1488.16    1488.16  0.000e+00
      23615     81.500     9.1694     9.1705     0.0012    3.73410    3.73418          1     5.2527     5.0238      11.55     0.0702     0.1783  1.000e-12  0.8627000    34.9980    34.9977    -0.0002    27.0892    27.0888     80.730     81.057      0.509    1488.16    1488.16  0.000e+00
      23642     82.000     9.1677     9.1685     0.0008    3.73410    3.73414          1     5.2476     5.0219      11.00     0.0796     0.1924  1.000e-12  0.8513000    34.9994    34.9990    -0.0004    27.0906    27.0902     81.225     81.552      0.407    1488.16    1488.16  0.000e+00
      23675     82.500     9.1615     9.1613    -0.0002    3.73370    3.73368          1     5.2477     5.0237      10.45     0.0944     0.2142  1.000e-12  0.8409000    35.0011    35.0010    -0.0000    27.0929    27.0929     81.720     82.048      0.370    1488.15    1488.15  0.000e+00
      23704     83.000     9.1481     9.1495     0.0014    3.73271    3.73281          1     5.2363     5.0156       9.96     0.0861     0.1779  1.000e-12  0.8227000    35.0037    35.0033    -0.0003    27.0971    27.0966     82.215     82.544      0.475    1488.11    1488.12  0.000e+00
      23727     83.500     9.1272     9.1282     0.0010    3.73087    3.73103          1     5.2225     5.0096       9.56     0.0743     0.1785  1.000e-12  0.8212000    35.0047    35.0054     0.0007    27.1013    27.1017     82.710     83.040      0.541    1488.05    1488.05  0.000e+00
      23749     84.000     9.0923     9.0910    -0.0013    3.72781    3.72773          1     5.2113     5.0072       9.08     0.0775     0.1739  1.000e-12  0.8607000    35.0067    35.0073     0.0006    27.1085    27.1092     83.206     83.536      0.481    1487.93    1487.92  0.000e+00
