ctdpy/tests/etc/all_smhi_bas_2018/SBE09_1044_20181018_1629_34_01_0110.cnv
* Sea-Bird SBE 9 Data File:
* FileName = C:\ctd\temp\ar18d110.hex
* Software Version Seasave V 7.26.7.107
* Temperature SN = 5351
* Conductivity SN = 3941
* Number of Bytes Per Scan = 41
* Number of Voltage Words = 4
* Number of Scans Averaged by the Deck Unit = 1
* NMEA Latitude = 57 52.00 N
* NMEA Longitude = 011 17.53 E
* NMEA UTC (Time) = Oct 18 2018  14:29:41
* NMEA baud rate = 4800
** Station:  P2
** Operator:  ASkj
** Ship: ARANDA
** Average sound velocity: 1497.49 m/s
** True-depth calculation Thu, 18 Oct 2018 15:21:14 +0000
** CTD Python Module SMHI /ver 3-12/ feb 2012 
** LIMS Job: 20183401-0110
** Cruise: SMHI-4-2018
** Latitude [GG MM.mm N]:
** Longitude [GG MM.mm E]
# nquan = 26
# nvalues = 177                         
# units = specified
# name 0 = scan: Scan Count
# name 1 = prDM: Pressure, Digiquartz [db]
# name 2 = t090C: Temperature [ITS-90, deg C]
# name 3 = t190C: Temperature, 2 [ITS-90, deg C]
# name 4 = T2-T190C: Temperature Difference, 2 - 1 [ITS-90, deg C]
# name 5 = c0S/m: Conductivity [S/m]
# name 6 = c1S/m: Conductivity, 2 [S/m]
# name 7 = pumps: Pump Status
# name 8 = sbeox0ML/L: Oxygen, SBE 43 [ml/l]
# name 9 = sbeox1ML/L: Oxygen, SBE 43, 2 [ml/l]
# name 10 = altM: Altimeter [m]
# name 11 = flECO-AFL: Chl-a Fluorescence, WET Labs ECO-AFL/FL [mg/m^3]
# name 12 = flECO-AFL1: Phycocyanin Fluorescence, WET Labs ECO-AFL/FL, 2 [mg/m^3]
# name 13 = par: PAR/Irradiance, Biospherical/Lico [µE/(cm^2*s)]
# name 14 = turbWETntu0: Turbidity, WET Labs ECO [NTU]
# name 15 = sal00: Salinity, Practical [PSU]
# name 16 = sal11: Salinity, Practical, 2 [PSU]
# name 17 = secS-priS: Salinity, Practical, Difference, 2 - 1 [PSU]
# name 18 = sigma-t00: Density [sigma-t, Kg/m^3 ]
# name 19 = sigma-t11: Density, 2 [sigma-t, Kg/m^3 ]
# name 20 = depSM: Depth [salt water, m], lat = 57.8667
# name 21 = depFM: Depth [true depth, m], lat = 57.8667
# name 22 = dz/dtM: Descent Rate [m/s], WS = 2
# name 23 = svCM: Sound Velocity [Chen-Millero, m/s]
# name 24 = svCM1: Sound Velocity, 2 [Chen-Millero, m/s]
# name 25 = flag: flag
# span 0 =      31307,      36965       
# span 1 =      1.000,     89.000       
# span 2 =     9.9801,    13.7518       
# span 3 =     9.9828,    13.7526       
# span 4 =    -0.0133,     0.0317       
# span 5 =   3.613137,   3.977647       
# span 6 =   3.613260,   3.977840       
# span 7 =          1,          1       
# span 8 =    4.81642,    6.06519       
# span 9 =    4.56254,    5.73164       
# span 10 =       4.74,      97.46      
# span 11 =     0.1160,     2.3653      
# span 12 =     0.1615,     0.4886      
# span 13 = -2.560e-05, 3.7819e+02      
# span 14 =     0.2045,     1.4638      
# span 15 =    30.3236,    34.9476      
# span 16 =    30.3222,    34.9456      
# span 17 =    -0.0490,     0.0656      
# span 18 =    22.7376,    26.9145      
# span 19 =    22.7353,    26.9124      
# span 20 =      0.991,     88.157      
# span 21 =      0.996,     88.432      
# span 22 =     -0.079,      0.745      
# span 23 =    1491.16,    1500.42      
# span 24 =    1491.17,    1500.42      
# span 25 = 0.0000e+00, 0.0000e+00      
# interval = decibars: 0.5              
# start_time = Oct 18 2018 14:29:41 [NMEA time, first data scan]
# bad_flag = -9.990e-29
*END*
[from data line 56]
      33276     29.000    13.5858    13.5875     0.0017    3.93292    3.93297          1     5.2083     4.9341      77.08     0.3212     0.2200  6.599e-01  0.8767000    32.9213    32.9203    -0.0010    24.6659    24.6647     28.730     28.854      0.475    1500.16    1500.16  0.000e+00
      33303     29.500    13.5578    13.5588     0.0010    3.93347    3.93354          1     5.2024     4.9480      73.19     0.3137     0.2075  6.138e-01  0.8809000    32.9504    32.9501    -0.0003    24.6940    24.6936     29.225     29.351      0.481    1500.10    1500.11  0.000e+00
      33326     30.000    13.5435    13.5443     0.0008    3.93381    3.93388          1     5.2018     4.9508      61.94     0.3219     0.2439  5.620e-01  0.8335000    32.9657    32.9657    -0.0000    24.7087    24.7085     29.720     29.848      0.595    1500.08    1500.09  0.000e+00
      33344     30.500    13.5265    13.5262    -0.0003    3.93509    3.93518          1     5.2045     4.9444      76.96     0.3292     0.2064  5.001e-01  0.8062000    32.9921    32.9932     0.0010    24.7326    24.7335     30.215     30.345      0.667    1500.07    1500.07  0.000e+00
      33362     31.000    13.4876    13.4871    -0.0005    3.93811    3.93820          1     5.2087     4.9340      28.20     0.2976     0.2402  4.518e-01  0.7831000    33.0538    33.0550     0.0013    24.7881    24.7892     30.711     30.842      0.637    1500.02    1500.02  0.000e+00
      33382     31.500    13.4699    13.4709     0.0011    3.93879    3.93887          1     5.1974     4.9286      54.28     0.3158     0.2642  4.146e-01  0.8642000    33.0753    33.0752    -0.0001    24.8084    24.8081     31.206     31.339      0.531    1499.99    1500.00  0.000e+00
      33407     32.000    13.4579    13.4593     0.0014    3.93888    3.93896          1     5.1723     4.9219      60.02     0.3302     0.2477  3.763e-01  0.9417000    33.0864    33.0859    -0.0005    24.8193    24.8186     31.701     31.836      0.468    1499.98    1499.98  0.000e+00
      33433     32.500    13.4460    13.4489     0.0029    3.93861    3.93882          1     5.1787     4.9249      59.73     0.3423     0.2160  3.321e-01  0.9555000    33.0940    33.0934    -0.0005    24.8276    24.8266     32.197     32.333      0.520    1499.95    1499.96  0.000e+00
      33454     33.000    13.4245    13.4302     0.0057    3.93754    3.93790          1     5.2155     4.9530      81.11     0.3321     0.2493  2.926e-01  0.9616000    33.1023    33.1008    -0.0015    24.8384    24.8361     32.692     32.830      0.598    1499.90    1499.92  0.000e+00
      33473     33.500    13.3932    13.3978     0.0046    3.93528    3.93570          1     5.2676     4.9885      24.59     0.3329     0.2107  2.632e-01  0.9785000    33.1082    33.1081    -0.0001    24.8492    24.8482     33.187     33.327      0.631    1499.81    1499.83  0.000e+00
      33492     34.000    13.3745    13.3782     0.0037    3.93395    3.93426          1     5.3379     5.0536      50.40     0.3693     0.2644  2.334e-01  1.0044000    33.1117    33.1115    -0.0003    24.8557    24.8548     33.682     33.824      0.590    1499.76    1499.78  0.000e+00
      33514     34.500    13.3183    13.3193     0.0009    3.92873    3.92905          1     5.4922     5.1873      57.37     0.4379     0.2850  2.056e-01  0.9595000    33.1114    33.1135     0.0022    24.8667    24.8682     34.178     34.321      0.503    1499.59    1499.59  0.000e+00
      33540     35.000    13.1889    13.1868    -0.0021    3.91642    3.91645          1     5.6869     5.3609      57.06     0.5934     0.2722  1.762e-01  0.8194000    33.1080    33.1101     0.0021    24.8900    24.8920     34.673     34.818      0.469    1499.16    1499.16  0.000e+00
      33564     35.500    13.0641    13.0634    -0.0007    3.90557    3.90564          1     5.7627     5.4512      56.73     0.6407     0.3025  1.460e-01  0.5141000    33.1144    33.1157     0.0013    24.9197    24.9208     35.168     35.315      0.548    1498.76    1498.76  0.000e+00
      33585     36.000    13.0110    13.0111     0.0002    3.90224    3.90233          1     5.7927     5.4731      82.01     0.6104     0.2791  1.235e-01  0.3724000    33.1290    33.1298     0.0008    24.9416    24.9421     35.664     35.811      0.627    1498.61    1498.61  0.000e+00
      33603     36.500    12.9958    12.9966     0.0009    3.90201    3.90209          1     5.8020     5.4713      58.97     0.5938     0.2796  1.057e-01  0.3121000    33.1399    33.1400     0.0000    24.9530    24.9529     36.159     36.308      0.648    1498.58    1498.58  0.000e+00
      33622     37.000    12.9731    12.9745     0.0013    3.90119    3.90135          1     5.7898     5.4575      55.19     0.5807     0.2664  8.898e-02  0.2911000    33.1519    33.1521     0.0002    24.9667    24.9666     36.654     36.805      0.596    1498.53    1498.53  0.000e+00
      33644     37.500    12.9676    12.9681     0.0005    3.90379    3.90388          1     5.7724     5.4418      54.77     0.5821     0.2506  7.262e-02  0.2856000    33.1810    33.1814     0.0004    24.9904    24.9906     37.150     37.302      0.503    1498.55    1498.55  0.000e+00
      33670     38.000    12.9507    12.9519     0.0013    3.90463    3.90472          1     5.7532     5.4314      54.34     0.5777     0.2366  6.942e-02  0.2781000    33.2037    33.2034    -0.0003    25.0113    25.0108     37.645     37.799      0.484    1498.53    1498.53  0.000e+00
      33693     38.500    12.9459    12.9470     0.0011    3.90534    3.90543          1     5.7274     5.4224      54.03     0.5314     0.2177  5.357e-02  0.2604000    33.2144    33.2143    -0.0001    25.0205    25.0202     38.140     38.296      0.570    1498.53    1498.54  0.000e+00
      33712     39.000    12.9226    12.9241     0.0016    3.90516    3.90524          1     5.7300     5.4211      53.08     0.5146     0.2950  4.394e-02  0.2651000    33.2330    33.2324    -0.0006    25.0395    25.0387     38.635     38.793      0.634    1498.48    1498.49  0.000e+00
      33731     39.500    12.8881    12.8887     0.0006    3.90633    3.90636          1     5.7370     5.4221      40.00     0.4983     0.2525  3.728e-02  0.2646000    33.2742    33.2739    -0.0003    25.0782    25.0779     39.131     39.289      0.609    1498.43    1498.43  0.000e+00
      33752     40.000    12.8736    12.8749     0.0013    3.90707    3.90717          1     5.7198     5.4293      41.09     0.4757     0.2505  3.619e-02  0.2506000    33.2939    33.2936    -0.0003    25.0962    25.0958     39.626     39.786      0.505    1498.41    1498.41  0.000e+00
      33779     40.500    12.8727    12.8737     0.0010    3.90728    3.90735          1     5.7035     5.4334      73.62     0.4467     0.2516  3.020e-02  0.2150000    33.2964    33.2961    -0.0002    25.0984    25.0980     40.121     40.283      0.447    1498.42    1498.42  0.000e+00
      33804     41.000    12.8624    12.8635     0.0011    3.90787    3.90795          1     5.7081     5.4282      50.89     0.4666     0.2285  1.951e-02  0.2153000    33.3108    33.3107    -0.0002    25.1116    25.1112     40.616     40.780      0.544    1498.41    1498.41  0.000e+00
      33824     41.500    12.8548    12.8564     0.0015    3.90787    3.90796          1     5.7280     5.4271      50.70     0.4766     0.2225  1.262e-02  0.2106000    33.3173    33.3168    -0.0004    25.1180    25.1174     41.112     41.277      0.666    1498.40    1498.40  0.000e+00
      33841     42.000    12.8380    12.8393     0.0013    3.90687    3.90700          1     5.7219     5.4256      50.31     0.4257     0.2218  5.422e-03  0.2052000    33.3225    33.3225     0.0000    25.1254    25.1251     41.607     41.773      0.727    1498.36    1498.36  0.000e+00
      33857     42.500    12.8325    12.8325    -0.0000    3.90734    3.90744          1     5.7013     5.4210      49.95     0.4104     0.2218  1.471e-03  0.2045000    33.3316    33.3325     0.0009    25.1335    25.1342     42.102     42.270      0.685    1498.36    1498.36  0.000e+00
      33877     43.000    12.8108    12.8112     0.0004    3.90734    3.90740          1     5.6942     5.4141      49.37     0.3917     0.2283  1.022e-03  0.2080000    33.3505    33.3508     0.0003    25.1524    25.1526     42.598     42.767      0.525    1498.32    1498.32  0.000e+00
      33907     43.500    12.7738    12.7773     0.0035    3.90677    3.90689          1     5.6806     5.3957      49.07     0.3903     0.2334  5.064e-04  0.2294000    33.3775    33.3756    -0.0019    25.1806    25.1785     43.093     43.264      0.373    1498.23    1498.24  0.000e+00
      33937     44.000    12.7486    12.7504     0.0018    3.90660    3.90670          1     5.6634     5.3751      48.42     0.4012     0.2064 -2.560e-05  0.2421000    33.3981    33.3974    -0.0007    25.2015    25.2006     43.588     43.760      0.505    1498.18    1498.18  0.000e+00
      33957     44.500    12.7059    12.7048    -0.0011    3.90744    3.90755          1     5.6181     5.3417      47.89     0.3800     0.2104 -4.044e-10  0.2509000    33.4437    33.4457     0.0020    25.2452    25.2469     44.083     44.257      0.667    1498.10    1498.10  0.000e+00
      33973     45.000    12.6871    12.6874     0.0004    3.90793    3.90800          1     5.5797     5.3106      47.52     0.3100     0.2234  1.000e-12  0.2967000    33.4649    33.4652     0.0003    25.2653    25.2655     44.579     44.754      0.726    1498.07    1498.07  0.000e+00
      33990     45.500    12.6088    12.6065    -0.0023    3.91106    3.91117          1     5.5730     5.2930      46.97     0.2654     0.2050  1.000e-12  0.3348000    33.5642    33.5674     0.0031    25.3575    25.3604     45.074     45.251      0.689    1497.93    1497.93  0.000e+00
      34009     46.000    12.5699    12.5709     0.0010    3.91141    3.91149          1     5.5812     5.2911      46.53     0.2360     0.1914  1.000e-12  0.3677000    33.6021    33.6020    -0.0001    25.3944    25.3942     45.569     45.747      0.567    1497.85    1497.86  0.000e+00
      34035     46.500    12.5368    12.5398     0.0030    3.91160    3.91168          1     5.5988     5.3012      45.91     0.2136     0.1977  1.000e-12  0.3919000    33.6333    33.6314    -0.0020    25.4250    25.4229     46.064     46.244      0.410    1497.79    1497.79  0.000e+00
      34066     47.000    12.5165    12.5187     0.0022    3.91221    3.91225          1     5.6033     5.3018      45.33     0.1893     0.2249  1.000e-12  0.3969000    33.6571    33.6556    -0.0016    25.4474    25.4458     46.560     46.741      0.452    1497.75    1497.76  0.000e+00
      34088     47.500    12.5021    12.5035     0.0014    3.91273    3.91280          1     5.5800     5.2991      45.01     0.1841     0.2015  1.000e-12  0.4058000    33.6748    33.6742    -0.0007    25.4639    25.4632     47.055     47.237      0.649    1497.73    1497.74  0.000e+00
      34105     48.000    12.4936    12.4949     0.0013    3.91318    3.91326          1     5.5746     5.2963      44.61     0.1931     0.1778  1.000e-12  0.4151000    33.6865    33.6861    -0.0004    25.4746    25.4741     47.550     47.734      0.745    1497.73    1497.73  0.000e+00
      34120     48.500    12.4898    12.4909     0.0011    3.91334    3.91342          1     5.5716     5.2969      44.13     0.1724     0.2036  1.000e-12  0.4532000    33.6913    33.6910    -0.0002    25.4791    25.4787     48.045     48.230      0.726    1497.73    1497.73  0.000e+00
      34138     49.000    12.4812    12.4824     0.0012    3.91384    3.91391          1     5.5579     5.2943      43.50     0.1735     0.2275  1.000e-12  0.4480000    33.7035    33.7032    -0.0003    25.4902    25.4897     48.541     48.727      0.593    1497.72    1497.72  0.000e+00
      34164     49.500    12.4785    12.4799     0.0014    3.91532    3.91537          1     5.5480     5.2848      42.91     0.1762     0.2300  1.000e-12  0.4243000    33.7199    33.7191    -0.0008    25.5035    25.5026     49.036     49.224      0.407    1497.74    1497.75  0.000e+00
      34195     50.000    12.4791    12.4804     0.0013    3.91615    3.91619          1     5.5792     5.2691      42.36     0.2020     0.1937  1.000e-12  0.4361000    33.7271    33.7264    -0.0007    25.5089    25.5081     49.531     49.720      0.457    1497.76    1497.76  0.000e+00
      34217     50.500    12.4772    12.4782     0.0010    3.91643    3.91649          1     5.5937     5.2687      41.94     0.1888     0.2307  1.000e-12  0.4508000    33.7313    33.7311    -0.0003    25.5126    25.5122     50.026     50.217      0.603    1497.77    1497.77  0.000e+00
      34236     51.000    12.4703    12.4721     0.0019    3.91643    3.91652          1     5.5820     5.2768      41.62     0.1637     0.2792  1.000e-12  0.4582000    33.7374    33.7366    -0.0007    25.5186    25.5177     50.522     50.713      0.664    1497.76    1497.76  0.000e+00
      34253     51.500    12.4813    12.4834     0.0020    3.92038    3.92052          1     5.5514     5.2740      41.11     0.1815     0.2294  1.000e-12  0.4569000    33.7652    33.7648    -0.0005    25.5381    25.5373     51.017     51.210      0.654    1497.84    1497.84  0.000e+00
      34273     52.000    12.5014    12.5023     0.0009    3.92378    3.92377          1     5.5388     5.2585      40.57     0.1583     0.2020  1.000e-12  0.4615000    33.7795    33.7786    -0.0009    25.5453    25.5444     51.512     51.707      0.596    1497.93    1497.93  0.000e+00
      34294     52.500    12.5092    12.5097     0.0005    3.92705    3.92686          1     5.5609     5.2461      39.72     0.1444     0.2010  1.000e-12  0.4609000    33.8038    33.8016    -0.0023    25.5626    25.5608     52.007     52.203      0.521    1497.99    1497.99  0.000e+00
      34319     53.000    12.4992    12.5020     0.0028    3.92921    3.92940          1     5.5748     5.2613      39.20     0.1489     0.2181  1.000e-12  0.4718000    33.8333    33.8326    -0.0007    25.5874    25.5863     52.503     52.700      0.494    1498.01    1498.01  0.000e+00
      34343     53.500    12.4672    12.4687     0.0015    3.92663    3.92668          1     5.5819     5.2765      38.22     0.1667     0.1623  1.000e-12  0.4900000    33.8371    33.8363    -0.0008    25.5966    25.5957     52.998     53.196      0.529    1497.91    1497.91  0.000e+00
      34364     54.000    12.4742    12.4749     0.0007    3.92908    3.92897          1     5.5841     5.2776      38.10     0.1736     0.2052  1.000e-12  0.5070000    33.8541    33.8524    -0.0017    25.6084    25.6069     53.493     53.693      0.578    1497.96    1497.96  0.000e+00
      34384     54.500    12.4754    12.4774     0.0020    3.93089    3.93100          1     5.5856     5.2835      37.37     0.1736     0.2374  1.000e-12  0.5207000    33.8702    33.8695    -0.0008    25.6207    25.6197     53.988     54.189      0.586    1497.99    1498.00  0.000e+00
      34405     55.000    12.4580    12.4612     0.0032    3.92992    3.93017          1     5.5840     5.2946      37.36     0.1628     0.2430  1.000e-12  0.5220000    33.8765    33.8759    -0.0006    25.6289    25.6278     54.484     54.686      0.550    1497.95    1497.96  0.000e+00
      34428     55.500    12.4213    12.4252     0.0039    3.92705    3.92725          1     5.5925     5.3110      37.04     0.1690     0.2409  1.000e-12  0.5438000    33.8818    33.8801    -0.0017    25.6401    25.6380     54.979     55.183      0.512    1497.84    1497.85  0.000e+00
      34452     56.000    12.4251    12.4244    -0.0007    3.92956    3.92936          1     5.6256     5.3221      36.46     0.1994     0.2468  1.000e-12  0.5730000    33.9022    33.9009    -0.0013    25.6552    25.6543     55.474     55.679      0.528    1497.88    1497.88  0.000e+00
