ctdpy/tests/etc/all_smhi_bas_2018/SBE09_1044_20180203_1749_34_02_0053.cnv
* Sea-Bird SBE 9 Data File:
* FileName = C:\ctd\temp\2018\ME18D053.hex
* Software Version Seasave V 7.26.6.26
* Temperature SN = 5351
* Conductivity SN = 3941
* Number of Bytes Per Scan = 41
* Number of Voltage Words = 4
* Number of Scans Averaged by the Deck Unit = 1
* NMEA Latitude = 58 20.36 N
* NMEA Longitude = 011 01.64 E
* NMEA UTC (Time) = Feb 03 2018  17:49:21
* NMEA baud rate = 4800
** Station:  A13
** Operator:  SSip
** Ship: MERI
** Average sound velocity: 1471.69 m/s
** True-depth calculation Sat, 03 Feb 2018 18:55:37 +0000
** CTD Python Module SMHI /ver 3-12/ feb 2012 
** LIMS Job: 20183402-0053
** Cruise: SMHI-01-2018
** Latitude [GG MM.mm N] :
** Longitude [GG MM.mm E]:
# nquan = 26
# nvalues = 200                         
# units = specified
# name 0 = scan: Scan Count
# name 1 = prDM: Pressure, Digiquartz [db]
# name 2 = t090C: Temperature [ITS-90, deg C]
# name 3 = t190C: Temperature, 2 [ITS-90, deg C]
# name 4 = T2-T190C: Temperature Difference, 2 - 1 [ITS-90, deg C]
# name 5 = c0S/m: Conductivity [S/m]
# name 6 = c1S/m: Conductivity, 2 [S/m]
# name 7 = pumps: Pump Status
# name 8 = sbeox0ML/L: Oxygen, SBE 43 [ml/l]
# name 9 = sbeox1ML/L: Oxygen, SBE 43, 2 [ml/l]
# name 10 = altM: Altimeter [m]
# name 11 = flECO-AFL: Chl-a Fluorescence, WET Labs ECO-AFL/FL [mg/m^3]
# name 12 = flECO-AFL1: Phycocyanin Fluorescence, WET Labs ECO-AFL/FL, 2 [mg/m^3]
# name 13 = par: PAR/Irradiance, Biospherical/Lico [µE/(cm^2*s)]
# name 14 = turbWETntu0: Turbidity, WET Labs ECO [NTU]
# name 15 = sal00: Salinity, Practical [PSU]
# name 16 = sal11: Salinity, Practical, 2 [PSU]
# name 17 = secS-priS: Salinity, Practical, Difference, 2 - 1 [PSU]
# name 18 = sigma-t00: Density [sigma-t, Kg/m^3 ]
# name 19 = sigma-t11: Density, 2 [sigma-t, Kg/m^3 ]
# name 20 = depSM: Depth [salt water, m], lat = 58.3393
# name 21 = depFM: Depth [true depth, m], lat = 58.3393
# name 22 = dz/dtM: Descent Rate [m/s], WS = 2
# name 23 = svCM: Sound Velocity [Chen-Millero, m/s]
# name 24 = svCM1: Sound Velocity, 2 [Chen-Millero, m/s]
# name 25 = flag: flag
# span 0 =       5798,      10073       
# span 1 =      1.000,    100.500       
# span 2 =     3.1385,     6.1533       
# span 3 =     3.1389,     6.1535       
# span 4 =    -0.0631,     0.3353       
# span 5 =   2.523437,   3.367913       
# span 6 =   2.523598,   3.368042       
# span 7 =          1,          1       
# span 8 =    6.54347,    7.41887       
# span 9 =    6.53861,    7.46594       
# span 10 =       1.36,      99.93      
# span 11 =     0.3360,     0.9333      
# span 12 =     0.3013,     0.4830      
# span 13 = 9.9847e-13, 6.7839e-01      
# span 14 =     0.5865,     2.4834      
# span 15 =    27.1362,    34.1701      
# span 16 =    27.1369,    34.1712      
# span 17 =    -0.1380,     0.7737      
# span 18 =    21.6039,    26.8965      
# span 19 =    21.6042,    26.8973      
# span 20 =      0.990,     99.542      
# span 21 =      0.997,     99.764      
# span 22 =     -0.170,      1.058      
# span 23 =    1452.84,    1475.35      
# span 24 =    1452.84,    1475.36      
# span 25 = 0.0000e+00, 0.0000e+00      
# interval = decibars: 0.5              
# start_time = Feb 03 2018 17:49:22 [NMEA time, first data scan]
# bad_flag = -9.990e-29
*END*
       5798      1.000     3.1385     3.1401     0.0016    2.52344    2.52360          1     7.4189     7.3936       1.36     0.9303     0.3998  6.784e-01  1.0946000    27.1362    27.1369     0.0006    21.6039    21.6042      0.990      0.997      0.058    1452.84    1452.84  0.000e+00
       5824      1.500     3.1385     3.1389     0.0004    2.52406    2.52402          1     7.4113     7.3972       1.67     0.9333     0.3954  2.540e-01  1.1231000    27.1434    27.1426    -0.0008    21.6095    21.6089      1.486      1.495      0.579    1452.84    1452.84  0.000e+00
       5839      2.000     3.1432     3.1428    -0.0003    2.52476    2.52469          1     7.4055     7.3949       1.71     0.9055     0.3870  1.800e-01  1.2187000    27.1474    27.1469    -0.0005    21.6124    21.6120      1.981      1.994      0.751    1452.88    1452.88  0.000e+00
       5855      2.500     3.1434     3.1409    -0.0024    2.52474    2.52448          1     7.4054     7.3876       1.53     0.8952     0.4175  1.755e-01  1.2561000    27.1468    27.1458    -0.0010    21.6119    21.6113      2.477      2.492      0.711    1452.89    1452.87  0.000e+00
       5873      3.000     3.1433     3.1452     0.0019    2.52461    2.52489          1     7.4075     7.3732       1.41     0.8952     0.4113  1.336e-01  1.2503000    27.1451    27.1468     0.0017    21.6106    21.6118      2.972      2.991      0.631    1452.89    1452.90  0.000e+00
       5893      3.500     3.1451     3.1453     0.0002    2.52488    2.52496          1     7.4009     7.3690      26.14     0.8919     0.3572  7.399e-02  1.2486000    27.1465    27.1473     0.0008    21.6116    21.6122      3.467      3.489      0.623    1452.91    1452.91  0.000e+00
       5912      4.000     3.1456     3.1458     0.0001    2.52487    2.52498          1     7.3983     7.3781      99.93     0.8994     0.4544  4.031e-02  1.2499000    27.1458    27.1469     0.0011    21.6109    21.6118      3.963      3.988      0.663    1452.92    1452.92  0.000e+00
       5929      4.500     3.1477     3.1463    -0.0013    2.52541    2.52516          1     7.3964     7.3841      98.61     0.9067     0.4512  9.725e-03  1.2526000    27.1502    27.1484    -0.0018    21.6143    21.6130      4.458      4.486      0.683    1452.94    1452.93  0.000e+00
       5947      5.000     3.1470     3.1481     0.0011    2.52557    2.52577          1     7.3933     7.3931      98.61     0.8956     0.4350  2.977e-04  1.2723000    27.1524    27.1538     0.0014    21.6161    21.6171      4.953      4.985      0.659    1452.95    1452.96  0.000e+00
       5966      5.500     3.1652     3.1672     0.0021    2.52921    2.52963          1     7.3865     7.3867      98.61     0.8821     0.4485  2.375e-08  1.2802000    27.1799    27.1831     0.0031    21.6367    21.6390      5.449      5.483      0.623    1453.07    1453.09  0.000e+00
       5985      6.000     3.1642     3.1649     0.0007    2.52904    2.52909          1     7.3882     7.3732      98.62     0.8796     0.4422  1.000e-12  1.2859000    27.1785    27.1785     0.0000    21.6356    21.6356      5.944      5.982      0.653    1453.08    1453.08  0.000e+00
       6003      6.500     3.1636     3.1626    -0.0010    2.52900    2.52876          1     7.3958     7.3759      98.62     0.8916     0.4352  1.000e-12  1.2895000    27.1782    27.1763    -0.0020    21.6355    21.6340      6.439      6.480      0.709    1453.08    1453.07  0.000e+00
       6019      7.000     3.1637     3.1634    -0.0003    2.52908    2.52900          1     7.3983     7.3870      98.62     0.8929     0.4199  1.000e-12  1.2858000    27.1788    27.1782    -0.0006    21.6359    21.6355      6.935      6.979      0.706    1453.09    1453.09  0.000e+00
       6037      7.500     3.1698     3.1769     0.0069    2.53076    2.53211          1     7.3866     7.3895      98.62     0.8862     0.4141  1.000e-12  1.2927000    27.1933    27.2033     0.0100    21.6470    21.6545      7.430      7.477      0.597    1453.14    1453.19  0.000e+00
       6067      8.000     3.2049     3.2007    -0.0042    2.53908    2.53779          1     7.1886     7.1911      98.63     0.8645     0.4278  1.000e-12  1.2651000    27.2617    27.2501    -0.0117    21.6989    21.6900      7.925      7.976      0.322    1453.39    1453.36  0.000e+00
       6113      8.500     3.2316     3.2246    -0.0071    2.54587    2.54373          1     7.0155     7.0393      98.63     0.8595     0.4172  1.000e-12  1.0841000    27.3189    27.2997    -0.0192    21.7425    21.7277      8.421      8.474      0.410    1453.59    1453.54  0.000e+00
       6132      9.000     3.3167     3.3081    -0.0086    2.56839    2.56601          1     7.1734     7.3344      98.63     0.8421     0.4830  1.000e-12  1.1818000    27.5117    27.4910    -0.0207    21.8896    21.8737      8.916      8.973      0.755    1454.21    1454.15  0.000e+00
       6146      9.500     3.9835     3.9198    -0.0631    2.76959    2.75282          1     7.1117     7.4659      98.63     0.8495     0.4370  1.000e-12  1.3225000    29.2747    29.1367    -0.1380    23.2340    23.1302      9.411      9.471      0.951    1459.33    1458.89  0.000e+00
       6157     10.000     4.7943     4.7848    -0.0100    2.99734    2.99393          1     7.1698     7.3960      98.63     0.8519     0.4349  1.000e-12  1.3634000    31.1764    31.1461    -0.0303    24.6667    24.6437      9.907      9.968      1.058    1465.18    1465.10  0.000e+00
       6168     10.500     4.9757     4.9737    -0.0021    3.04894    3.04782          1     7.0708     7.1774      98.63     0.7696     0.4065  1.000e-12  1.3803000    31.5974    31.5865    -0.0109    24.9812    24.9728     10.402     10.465      1.048    1466.47    1466.45  0.000e+00
       6179     11.000     5.0657     5.0618    -0.0039    3.07141    3.07069          1     6.8799     6.8894      98.63     0.6877     0.3920  1.000e-12  1.3977000    31.7688    31.7642    -0.0046    25.1072    25.1040     10.897     10.962      0.896    1467.06    1467.04  0.000e+00
       6197     11.500     5.1701     5.1706    -0.0017    3.08865    3.08395          1     6.6749     6.5640      98.63     0.5981     0.4330  1.014e-12  1.2031000    31.8660    31.8119    -0.0541    25.1727    25.1298     11.393     11.459      0.484    1467.62    1467.56  0.000e+00
       6260     12.000     4.5633     4.8973     0.3353    2.92251    3.01666          1     6.8555     6.9932      98.63     0.6962     0.3741  9.985e-13  0.9595000    30.5233    31.2971     0.7737    24.1712    24.7508     11.888     11.956      0.439    1463.41    1465.78  0.000e+00
       6275     12.500     5.3322     5.3323     0.0003    3.12306    3.12307          1     6.7693     6.8516      98.63     0.6490     0.3839  1.000e-12  0.9377000    32.1027    32.1025    -0.0002    25.3420    25.3418     12.383     12.453      0.833    1468.60    1468.60  0.000e+00
       6287     13.000     5.3622     5.3623     0.0001    3.12964    3.12978          1     6.7556     6.7998      98.63     0.6375     0.3924  1.000e-12  0.9230000    32.1484    32.1498     0.0014    25.3747    25.3758     12.879     12.949      0.999    1468.79    1468.79  0.000e+00
       6298     13.500     5.4082     5.4079    -0.0003    3.13867    3.13868          1     6.7477     6.7749      98.63     0.5461     0.3909  1.000e-12  0.9059000    32.2066    32.2068     0.0003    25.4155    25.4157     13.374     13.446      1.056    1469.06    1469.06  0.000e+00
       6309     14.000     5.4743     5.4687    -0.0055    3.15081    3.14986          1     6.7425     6.7709      98.63     0.5162     0.3923  1.000e-12  0.9006000    32.2804    32.2751    -0.0054    25.4663    25.4628     13.869     13.943      1.013    1469.43    1469.40  0.000e+00
       6322     14.500     5.4795     5.4808     0.0012    3.15104    3.15157          1     6.7379     6.7416      98.63     0.4966     0.3861  1.000e-12  0.8707000    32.2779    32.2826     0.0048    25.4637    25.4673     14.365     14.439      0.858    1469.45    1469.46  0.000e+00
       6339     15.000     5.5048     5.5031    -0.0017    3.15616    3.15560          1     6.7219     6.7025      98.63     0.4811     0.3785  1.000e-12  0.8411000    32.3113    32.3066    -0.0047    25.4872    25.4837     14.860     14.936      0.558    1469.60    1469.59  0.000e+00
       6379     15.500     5.5473     5.5021    -0.0451    3.16580    3.15753          1     6.7072     6.6879      98.63     0.4866     0.3613  1.000e-12  0.7702000    32.3794    32.3291    -0.0503    25.5361    25.5016     15.355     15.432      0.263    1469.87    1469.62  0.000e+00
       6415     16.000     5.6232     5.6255     0.0024    3.18447    3.18466          1     6.7083     6.7198      98.63     0.4785     0.3617  1.000e-12  0.7222000    32.5170    32.5170    -0.0000    25.6361    25.6358     15.851     15.929      0.579    1470.36    1470.37  0.000e+00
       6431     16.500     5.7666     5.7704     0.0036    3.21452    3.21520          1     6.7002     6.7038      98.63     0.4420     0.3261  1.000e-12  0.8388000    32.7172    32.7213     0.0040    25.7774    25.7801     16.346     16.425      0.828    1471.20    1471.22  0.000e+00
       6444     17.000     5.8061     5.8072     0.0011    3.22208    3.22240          1     6.6927     6.7028      98.63     0.4413     0.3144  1.000e-12  0.8216000    32.7639    32.7664     0.0025    25.8095    25.8114     16.841     16.922      0.969    1471.42    1471.43  0.000e+00
       6456     17.500     5.8222     5.8226     0.0003    3.22506    3.22513          1     6.6820     6.6951      98.61     0.4118     0.3782  1.000e-12  0.6978000    32.7815    32.7820     0.0005    25.8215    25.8219     17.337     17.418      1.013    1471.52    1471.52  0.000e+00
       6467     18.000     5.8296     5.8302     0.0006    3.22647    3.22663          1     6.6693     6.6912      98.61     0.4080     0.4015  1.000e-12  0.6966000    32.7900    32.7912     0.0012    25.8273    25.8282     17.832     17.915      0.953    1471.57    1471.57  0.000e+00
       6481     18.500     5.8354     5.8356     0.0002    3.22794    3.22804          1     6.6647     6.6899      98.61     0.4068     0.3924  1.000e-12  0.7037000    32.8006    32.8017     0.0010    25.8350    25.8358     18.327     18.411      0.762    1471.61    1471.62  0.000e+00
       6505     19.000     5.8334     5.8117    -0.0216    3.22764    3.22399          1     6.6707     6.6783      98.61     0.3933     0.3855  1.000e-12  0.6850000    32.7990    32.7789    -0.0201    25.8340    25.8207     18.823     18.908      0.395    1471.61    1471.50  0.000e+00
       6548     19.500     5.8235     5.7833    -0.0402    3.22526    3.21820          1     6.6936     6.6668      98.61     0.4077     0.3327  1.000e-12  0.5865000    32.7816    32.7410    -0.0406    25.8214    25.7942     19.318     19.404      0.378    1471.56    1471.34  0.000e+00
       6570     20.000     5.8517     5.8502    -0.0015    3.23155    3.23123          1     6.6830     6.6725      98.61     0.3980     0.3308  1.000e-12  0.6041000    32.8247    32.8227    -0.0020    25.8521    25.8506     19.813     19.901      0.695    1471.73    1471.72  0.000e+00
       6584     20.500     5.8639     5.8603    -0.0036    3.23418    3.23348          1     6.6769     6.6738      98.61     0.4198     0.3243  1.000e-12  0.7190000    32.8422    32.8378    -0.0044    25.8644    25.8613     20.309     20.397      0.820    1471.81    1471.79  0.000e+00
       6598     21.000     5.8828     5.8813    -0.0015    3.23797    3.23776          1     6.6687     6.6665      98.61     0.4199     0.3141  1.000e-12  0.7212000    32.8662    32.8653    -0.0009    25.8811    25.8806     20.804     20.893      0.821    1471.93    1471.92  0.000e+00
       6614     21.500     5.8843     5.8843     0.0000    3.23827    3.23837          1     6.6640     6.6525      98.61     0.4190     0.3599  1.000e-12  0.7151000    32.8680    32.8691     0.0011    25.8823    25.8832     21.299     21.390      0.724    1471.94    1471.94  0.000e+00
       6632     22.000     5.8848     5.8851     0.0003    3.23846    3.23866          1     6.6662     6.6469      98.61     0.3938     0.3902  1.000e-12  0.6675000    32.8692    32.8712     0.0020    25.8832    25.8847     21.794     21.886      0.598    1471.95    1471.96  0.000e+00
       6654     22.500     5.8884     5.8891     0.0007    3.23940    3.23967          1     6.6639     6.6517      98.61     0.3940     0.4010  1.000e-12  0.6457000    32.8761    32.8785     0.0024    25.8882    25.8900     22.290     22.383      0.554    1471.98    1471.99  0.000e+00
       6675     23.000     5.8963     5.8946    -0.0017    3.24110    3.24105          1     6.6610     6.6498      98.61     0.4013     0.3812  1.000e-12  0.6528000    32.8873    32.8884     0.0011    25.8961    25.8972     22.785     22.879      0.598    1472.04    1472.03  0.000e+00
       6694     23.500     5.9243     5.9219    -0.0024    3.24792    3.24747          1     6.6612     6.6531      98.61     0.4074     0.3880  1.000e-12  0.6709000    32.9365    32.9337    -0.0028    25.9316    25.9297     23.280     23.376      0.639    1472.22    1472.21  0.000e+00
       6713     24.000     5.9343     5.9324    -0.0019    3.25033    3.25002          1     6.6621     6.6528      98.61     0.3863     0.3668  1.000e-12  0.7122000    32.9536    32.9519    -0.0016    25.9438    25.9428     23.776     23.872      0.606    1472.29    1472.28  0.000e+00
       6735     24.500     5.9469     5.9463    -0.0006    3.25368    3.25358          1     6.6577     6.6448      97.40     0.3765     0.3340  1.000e-12  0.7152000    32.9787    32.9782    -0.0006    25.9621    25.9618     24.271     24.368      0.487    1472.38    1472.38  0.000e+00
       6763     25.000     5.9530     5.9516    -0.0014    3.25523    3.25499          1     6.6471     6.6437      88.14     0.3742     0.3557  1.000e-12  0.7063000    32.9899    32.9886    -0.0013    25.9703    25.9694     24.766     24.865      0.461    1472.43    1472.42  0.000e+00
       6786     25.500     5.9678     5.9671    -0.0007    3.25885    3.25884          1     6.6241     6.6235      77.08     0.4007     0.3802  1.000e-12  0.6911000    33.0159    33.0165     0.0006    25.9889    25.9895     25.261     25.361      0.644    1472.53    1472.52  0.000e+00
       6802     26.000     6.0014     5.9929    -0.0084    3.26729    3.26534          1     6.6248     6.6269      97.17     0.3946     0.3932  1.000e-12  0.7120000    33.0775    33.0639    -0.0136    26.0335    26.0238     25.757     25.857      0.800    1472.75    1472.70  0.000e+00
       6816     26.500     5.9993     5.9953    -0.0040    3.26676    3.26587          1     6.6337     6.6357      98.61     0.3589     0.3736  1.000e-12  0.7753000    33.0734    33.0674    -0.0061    26.0305    26.0262     26.252     26.354      0.858    1472.74    1472.72  0.000e+00
       6829     27.000     5.9919     5.9956     0.0036    3.26550    3.26671          1     6.6342     6.6285      98.67     0.3692     0.3145  1.000e-12  0.7627000    33.0663    33.0762     0.0099    26.0258    26.0331     26.747     26.850      0.807    1472.71    1472.74  0.000e+00
       6846     27.500     6.0835     6.0664    -0.0169    3.28715    3.28356          1     6.6216     6.6103      98.67     0.3842     0.3497  1.000e-12  0.7403000    33.2192    33.1957    -0.0235    26.1352    26.1187     27.243     27.346      0.622    1473.28    1473.18  0.000e+00
       6874     28.000     6.1314     6.1305    -0.0010    3.29925    3.29848          1     6.6134     6.6083      98.68     0.3559     0.3569  1.000e-12  0.7318000    33.3075    33.2998    -0.0077    26.1989    26.1930     27.738     27.843      0.363    1473.59    1473.57  0.000e+00
