ctdpy/tests/etc/all_smhi_bas_2018/SBE09_0827_20181125_0541_26_01_1242.cnv
* Sea-Bird SBE 9 Data File:
* FileName = D:\CTD_SBE911\DAT\26DA.2018.12.42.hex
* Software Version Seasave V 7.21d
* Temperature SN = 4548
* Conductivity SN = 3062
* Number of Bytes Per Scan = 48
* Number of Voltage Words = 5
* Number of Scans Averaged by the Deck Unit = 1
* NMEA Latitude = 57 27.63 N
* NMEA Longitude = 017 35.35 E
* NMEA UTC (Time) = Nov 25 2018  05:42:15
* NMEA baud rate = 4800
** Ship: DANA
** Average sound velocity: 1442.61 m/s
** True-depth calculation Tue, 02 Apr 2019 12:14:40 +0000
** CTD Python Module SMHI /ver 3-12/ feb 2012 
** LIMS Job: 20182601-1242
** Operator: Ronny
** Cruise: 12/2018
# nquan = 26
# nvalues = 155                         
# units = specified
# name 0 = scan: Scan Count
# name 1 = prDM: Pressure, Digiquartz [db]
# name 2 = t090C: Temperature [ITS-90, deg C]
# name 3 = t190C: Temperature, 2 [ITS-90, deg C]
# name 4 = T2-T190C: Temperature Difference, 2 - 1 [ITS-90, deg C]
# name 5 = c0S/m: Conductivity [S/m]
# name 6 = c1S/m: Conductivity, 2 [S/m]
# name 7 = pumps: Pump Status
# name 8 = sbeox1ML/L: Oxygen, SBE 43, 2 [ml/l]
# name 9 = sbeox0ML/L: Oxygen, SBE 43 [ml/l]
# name 10 = altM: Altimeter [m]
# name 11 = chloroflTC0: Chlorophyll, Turner Cyclops [ug/l]
# name 12 = cpar: CPAR/Corrected Irradiance [%]
# name 13 = par: PAR/Irradiance, Biospherical/Lico [µE/(cm^2*s)]
# name 14 = spar: SPAR, Biospherical/Licor
# name 15 = sal00: Salinity, Practical [PSU]
# name 16 = sal11: Salinity, Practical, 2 [PSU]
# name 17 = secS-priS: Salinity, Practical, Difference, 2 - 1 [PSU]
# name 18 = sigma-t00: Density [sigma-t, kg/m^3 ]
# name 19 = sigma-t11: Density, 2 [sigma-t, kg/m^3 ]
# name 20 = depSM: Depth [salt water, m], lat = 57.4605
# name 21 = depFM: Depth [true depth, m], lat = 57.4605
# name 22 = dz/dtM: Descent Rate [m/s], WS = 2
# name 23 = svCM: Sound Velocity [Chen-Millero, m/s]
# name 24 = svCM1: Sound Velocity, 2 [Chen-Millero, m/s]
# name 25 = flag: flag
# span 0 =        -16,       7592       
# span 1 =      1.500,     78.500       
# span 2 =     4.3319,     7.4424       
# span 3 =     4.3177,     7.4418       
# span 4 =    -0.1185,     0.1244       
# span 5 =   0.787016,   1.010873       
# span 6 =   0.787118,   1.036818       
# span 7 =          1,          1       
# span 8 =     0.5964,     7.6811       
# span 9 =     0.6602,     7.9222       
# span 10 =       1.58,       9.96      
# span 11 =     0.0159,     0.0272      
# span 12 = 4.9241e-11, 4.9241e-11      
# span 13 = 1.0000e-12, 1.0000e-12      
# span 14 = 2.0308e+00, 2.0308e+00      
# span 15 =     6.8367,     9.4663      
# span 16 =     6.8371,     9.6928      
# span 17 =    -0.0025,     0.2265      
# span 18 =     5.3008,     7.4840      
# span 19 =     5.3012,     7.6572      
# span 20 =      1.486,     77.761      
# span 21 =      1.520,     79.510      
# span 22 =     -0.033,      0.868      
# span 23 =    1434.58,    1446.11      
# span 24 =    1434.57,    1446.11      
# span 25 = 0.0000e+00, 0.0000e+00      
# interval = decibars: 0.5              
# start_time = Nov 25 2018 05:42:15 [NMEA time, first data scan]
# bad_flag = -9.990e-29
*END*
        -16      1.500     6.9754     6.9800     0.0046    0.78702    0.78712          1     7.6589     7.9066       9.96     0.0269  4.924e-11  1.000e-12  2.031e+00     6.8372     6.8373     0.0000     5.3027     5.3024      1.486      1.520      0.002    1443.49    1443.51  0.000e+00
        348      2.000     6.9908     6.9836    -0.0071    0.78739    0.78719          1     7.6706     7.9153       9.96     0.0268  4.924e-11  1.000e-12  2.031e+00     6.8376     6.8372    -0.0004     5.3020     5.3021      1.982      2.026      0.400    1443.57    1443.53  0.000e+00
        397      2.500     6.9839     6.9838    -0.0002    0.78722    0.78721          1     7.6740     7.9222       9.96     0.0260  4.924e-11  1.000e-12  2.031e+00     6.8373     6.8373    -0.0000     5.3022     5.3021      2.477      2.533      0.868    1443.55    1443.54  0.000e+00
        408      3.000     6.9868     6.9938     0.0069    0.78732    0.78743          1     7.6719     7.9204       9.96     0.0256  4.924e-11  1.000e-12  2.031e+00     6.8377     6.8373    -0.0004     5.3022     5.3015      2.972      3.039      0.800    1443.56    1443.59  0.000e+00
        459      3.500     7.0059     7.0036    -0.0024    0.78780    0.78770          1     7.6624     7.9115       9.96     0.0255  4.924e-11  1.000e-12  2.031e+00     6.8383     6.8378    -0.0005     5.3015     5.3012      3.468      3.546      0.565    1443.65    1443.64  0.000e+00
        524      4.000     7.0161     7.0041    -0.0121    0.78803    0.78775          1     7.6636     7.9025       9.96     0.0256  4.924e-11  1.000e-12  2.031e+00     6.8383     6.8382    -0.0002     5.3008     5.3015      3.963      4.053      0.783    1443.70    1443.65  0.000e+00
        567      4.500     7.0028     6.9911    -0.0116    0.78770    0.78747          1     7.6666     7.9071       9.96     0.0256  4.924e-11  1.000e-12  2.031e+00     6.8378     6.8380     0.0002     5.3013     5.3022      4.458      4.559      0.481    1443.66    1443.61  0.000e+00
        649      5.000     6.9916     6.9886    -0.0030    0.78748    0.78741          1     7.6609     7.9117       9.96     0.0261  4.924e-11  1.000e-12  2.031e+00     6.8379     6.8379    -0.0000     5.3021     5.3023      4.954      5.066      0.510    1443.62    1443.61  0.000e+00
        702      5.500     6.9862     6.9829    -0.0033    0.78724    0.78726          1     7.6749     7.9132       9.96     0.0266  4.924e-11  1.000e-12  2.031e+00     6.8367     6.8376     0.0008     5.3015     5.3024      5.449      5.572      0.253    1443.60    1443.59  0.000e+00
        771      6.000     6.9822     6.9826     0.0003    0.78727    0.78727          1     7.6763     7.9128       9.96     0.0260  4.924e-11  1.000e-12  2.031e+00     6.8377     6.8377    -0.0001     5.3026     5.3025      5.945      6.079      0.352    1443.59    1443.59  0.000e+00
        797      6.500     6.9823     6.9827     0.0003    0.78726    0.78727          1     7.6617     7.9133       9.96     0.0256  4.924e-11  1.000e-12  2.031e+00     6.8376     6.8376    -0.0000     5.3025     5.3025      6.440      6.586      0.392    1443.60    1443.60  0.000e+00
        847      7.000     6.9822     6.9827     0.0005    0.78727    0.78728          1     7.6539     7.9091       9.96     0.0256  4.924e-11  1.000e-12  2.031e+00     6.8377     6.8376    -0.0000     5.3025     5.3025      6.935      7.092      0.235    1443.61    1443.61  0.000e+00
        905      7.500     6.9823     6.9824     0.0001    0.78728    0.78727          1     7.6720     7.9093       9.96     0.0262  4.924e-11  1.000e-12  2.031e+00     6.8376     6.8375    -0.0001     5.3025     5.3024      7.431      7.599      0.291    1443.62    1443.62  0.000e+00
        945      8.000     6.9811     6.9812     0.0001    0.78723    0.78722          1     7.6811     7.9108       9.96     0.0269  4.924e-11  1.000e-12  2.031e+00     6.8373     6.8372    -0.0001     5.3024     5.3023      7.926      8.105      0.273    1443.62    1443.62  0.000e+00
        992      8.500     6.9809     6.9812     0.0003    0.78722    0.78722          1     7.6696     7.9114       9.96     0.0260  4.924e-11  1.000e-12  2.031e+00     6.8373     6.8372    -0.0001     5.3023     5.3022      8.421      8.612      0.236    1443.63    1443.63  0.000e+00
       1045      9.000     6.9813     6.9816     0.0004    0.78725    0.78724          1     7.6748     7.9114       9.96     0.0259  4.924e-11  1.000e-12  2.031e+00     6.8374     6.8373    -0.0001     5.3024     5.3023      8.917      9.118      0.250    1443.64    1443.64  0.000e+00
       1086      9.500     6.9823     6.9824     0.0001    0.78729    0.78729          1     7.6806     7.9066       9.96     0.0269  4.924e-11  1.000e-12  2.031e+00     6.8375     6.8375    -0.0001     5.3024     5.3024      9.412      9.625      0.340    1443.65    1443.65  0.000e+00
       1120     10.000     6.9813     6.9815     0.0002    0.78726    0.78725          1     7.6792     7.9049       9.96     0.0265  4.924e-11  1.000e-12  2.031e+00     6.8373     6.8372    -0.0001     5.3024     5.3022      9.908     10.132      0.322    1443.65    1443.65  0.000e+00
       1166     10.500     6.9810     6.9814     0.0004    0.78725    0.78725          1     7.6720     7.9144       9.96     0.0259  4.924e-11  1.000e-12  2.031e+00     6.8373     6.8372    -0.0001     5.3023     5.3022     10.403     10.638      0.219    1443.66    1443.66  0.000e+00
       1224     11.000     6.9810     6.9813     0.0003    0.78726    0.78725          1     7.6722     7.9162       9.96     0.0258  4.924e-11  1.000e-12  2.031e+00     6.8373     6.8372    -0.0001     5.3023     5.3022     10.898     11.145      0.243    1443.67    1443.67  0.000e+00
       1263     11.500     6.9812     6.9818     0.0006    0.78727    0.78728          1     7.6747     7.9146       9.96     0.0266  4.924e-11  1.000e-12  2.031e+00     6.8373     6.8373    -0.0001     5.3024     5.3023     11.394     11.651      0.340    1443.68    1443.68  0.000e+00
       1308     12.000     6.9808     6.9812     0.0004    0.78726    0.78726          1     7.6708     7.9079       9.96     0.0264  4.924e-11  1.000e-12  2.031e+00     6.8373     6.8372    -0.0001     5.3023     5.3022     11.889     12.158      0.215    1443.68    1443.68  0.000e+00
       1373     12.500     6.9810     6.9815     0.0005    0.78727    0.78728          1     7.6678     7.9112       9.96     0.0259  4.924e-11  1.000e-12  2.031e+00     6.8373     6.8372    -0.0000     5.3023     5.3022     12.384     12.665      0.361    1443.69    1443.69  0.000e+00
       1398     13.000     6.9827     6.9833     0.0006    0.78736    0.78736          1     7.6690     7.9061       9.96     0.0269  4.924e-11  1.000e-12  2.031e+00     6.8377     6.8376    -0.0002     5.3025     5.3024     12.880     13.171      0.491    1443.71    1443.71  0.000e+00
       1422     13.500     6.9824     6.9835     0.0010    0.78734    0.78738          1     7.6644     7.9015       9.96     0.0260  4.924e-11  1.000e-12  2.031e+00     6.8375     6.8376     0.0001     5.3024     5.3024     13.375     13.678      0.390    1443.71    1443.72  0.000e+00
       1512     14.000     6.9813     6.9814     0.0001    0.78730    0.78729          1     7.6620     7.9139       9.96     0.0258  4.924e-11  1.000e-12  2.031e+00     6.8373     6.8372    -0.0002     5.3023     5.3022     13.870     14.184      0.373    1443.72    1443.72  0.000e+00
       1533     14.500     6.9804     6.9809     0.0005    0.78728    0.78728          1     7.6683     7.9157       9.96     0.0256  4.924e-11  1.000e-12  2.031e+00     6.8372     6.8371    -0.0001     5.3023     5.3022     14.366     14.691      0.534    1443.72    1443.72  0.000e+00
       1582     15.000     6.9824     6.9833     0.0010    0.78740    0.78743          1     7.6688     7.9122       9.96     0.0259  4.924e-11  1.000e-12  2.031e+00     6.8379     6.8380     0.0000     5.3027     5.3027     14.861     15.197      0.350    1443.74    1443.74  0.000e+00
       1651     15.500     6.9882     6.9890     0.0008    0.78775    0.78775          1     7.6724     7.9107       9.96     0.0266  4.924e-11  1.000e-12  2.031e+00     6.8399     6.8398    -0.0001     5.3039     5.3038     15.357     15.704      0.537    1443.77    1443.78  0.000e+00
       1670     16.000     6.9906     6.9924     0.0018    0.78789    0.78794          1     7.6763     7.9092       9.96     0.0256  4.924e-11  1.000e-12  2.031e+00     6.8407     6.8409     0.0002     5.3044     5.3044     15.852     16.211      0.528    1443.79    1443.80  0.000e+00
       1710     16.500     6.9946     6.9979     0.0032    0.78810    0.78823          1     7.6731     7.9022       9.96     0.0256  4.924e-11  1.000e-12  2.031e+00     6.8419     6.8424     0.0006     5.3050     5.3052     16.347     16.717      0.267    1443.82    1443.83  0.000e+00
       1776     17.000     7.0016     7.0020     0.0004    0.78847    0.78844          1     7.6572     7.8944       9.96     0.0257  4.924e-11  1.000e-12  2.031e+00     6.8439     6.8435    -0.0003     5.3061     5.3058     16.843     17.224      0.365    1443.86    1443.86  0.000e+00
       1801     17.500     6.9916     6.9886    -0.0029    0.78790    0.78775          1     7.6544     7.9015       9.96     0.0269  4.924e-11  1.000e-12  2.031e+00     6.8404     6.8397    -0.0008     5.3041     5.3037     17.338     17.730      0.423    1443.82    1443.81  0.000e+00
       1859     18.000     6.9960     6.9977     0.0017    0.78820    0.78823          1     7.6600     7.9051       9.96     0.0262  4.924e-11  1.000e-12  2.031e+00     6.8423     6.8422    -0.0001     5.3053     5.3051     17.833     18.237      0.245    1443.85    1443.86  0.000e+00
       1917     18.500     7.0077     7.0093     0.0016    0.78882    0.78886          1     7.6616     7.8999       9.96     0.0256  4.924e-11  1.000e-12  2.031e+00     6.8457     6.8457     0.0001     5.3072     5.3071     18.329     18.744      0.396    1443.91    1443.92  0.000e+00
       1951     19.000     7.0094     7.0122     0.0028    0.78890    0.78900          1     7.6548     7.8977       9.96     0.0257  4.924e-11  1.000e-12  2.031e+00     6.8460     6.8465     0.0005     5.3073     5.3075     18.824     19.250      0.284    1443.93    1443.94  0.000e+00
       2005     19.500     7.0000     6.9918    -0.0082    0.78838    0.78793          1     7.6694     7.9023       9.96     0.0255  4.924e-11  1.000e-12  2.031e+00     6.8430     6.8405    -0.0025     5.3056     5.3041     19.319     19.757      0.253    1443.89    1443.85  0.000e+00
       2043     20.000     6.9940     6.9930    -0.0010    0.78806    0.78800          1     7.6646     7.8973       9.96     0.0260  4.924e-11  1.000e-12  2.031e+00     6.8412     6.8408    -0.0004     5.3045     5.3043     19.815     20.263      0.355    1443.87    1443.87  0.000e+00
       2077     20.500     6.9843     6.9815    -0.0028    0.78756    0.78741          1     7.6720     7.9118       9.96     0.0265  4.924e-11  1.000e-12  2.031e+00     6.8384     6.8375    -0.0008     5.3029     5.3025     20.310     20.770      0.327    1443.83    1443.82  0.000e+00
       2127     21.000     6.9829     6.9815    -0.0015    0.78750    0.78740          1     7.6741     7.9103       9.96     0.0258  4.924e-11  1.000e-12  2.031e+00     6.8380     6.8374    -0.0006     5.3028     5.3024     20.805     21.276      0.205    1443.83    1443.83  0.000e+00
       2182     21.500     6.9859     6.9925     0.0066    0.78769    0.78799          1     7.6718     7.9048       9.96     0.0259  4.924e-11  1.000e-12  2.031e+00     6.8392     6.8406     0.0014     5.3035     5.3042     21.301     21.783      0.292    1443.86    1443.89  0.000e+00
       2219     22.000     6.9881     6.9913     0.0032    0.78779    0.78794          1     7.6701     7.9049       9.96     0.0266  4.924e-11  1.000e-12  2.031e+00     6.8396     6.8403     0.0007     5.3037     5.3040     21.796     22.290      0.317    1443.88    1443.89  0.000e+00
       2262     22.500     7.0003     7.0079     0.0076    0.78847    0.78880          1     7.6666     7.9021       9.96     0.0256  4.924e-11  1.000e-12  2.031e+00     6.8435     6.8450     0.0015     5.3059     5.3066     22.291     22.796      0.227    1443.94    1443.97  0.000e+00
       2316     23.000     7.0149     7.0181     0.0031    0.78926    0.78932          1     7.6521     7.8980       9.96     0.0255  4.924e-11  1.000e-12  2.031e+00     6.8479     6.8478    -0.0001     5.3084     5.3081     22.787     23.303      0.328    1444.01    1444.03  0.000e+00
       2346     23.500     7.0193     7.0187    -0.0005    0.78945    0.78938          1     7.6470     7.8933       9.96     0.0272  4.924e-11  1.000e-12  2.031e+00     6.8487     6.8482    -0.0005     5.3088     5.3084     23.282     23.809      0.368    1444.04    1444.04  0.000e+00
       2395     24.000     7.0197     7.0241     0.0043    0.78948    0.78965          1     7.6532     7.8922       9.96     0.0261  4.924e-11  1.000e-12  2.031e+00     6.8488     6.8496     0.0007     5.3088     5.3091     23.777     24.316      0.217    1444.05    1444.07  0.000e+00
       2449     24.500     7.0300     7.0323     0.0023    0.79000    0.79006          1     7.6423     7.8886       9.96     0.0255  4.924e-11  1.000e-12  2.031e+00     6.8516     6.8517     0.0001     5.3103     5.3103     24.273     24.823      0.288    1444.11    1444.12  0.000e+00
       2493     25.000     7.0288     7.0302     0.0014    0.78993    0.78996          1     7.6411     7.8930       9.96     0.0253  4.924e-11  1.000e-12  2.031e+00     6.8512     6.8511    -0.0000     5.3101     5.3099     24.768     25.329      0.256    1444.11    1444.11  0.000e+00
       2538     25.500     7.0345     7.0379     0.0035    0.79023    0.79034          1     7.6120     7.8570       9.96     0.0253  4.924e-11  1.000e-12  2.031e+00     6.8527     6.8531     0.0003     5.3109     5.3109     25.263     25.836      0.278    1444.14    1444.16  0.000e+00
       2581     26.000     7.0848     7.1025     0.0179    0.79298    0.79348          1     7.6101     7.8899       9.96     0.0252  4.924e-11  1.000e-12  2.031e+00     6.8683     6.8694     0.0011     5.3197     5.3194     25.759     26.342      0.299    1444.38    1444.46  0.000e+00
       2618     26.500     7.3036     7.3250     0.0212    0.80415    0.80461          1     7.5690     7.8070       9.96     0.0242  4.924e-11  1.000e-12  2.031e+00     6.9283     6.9282    -0.0001     5.3518     5.3502     26.254     26.849      0.307    1445.38    1445.47  0.000e+00
       2670     27.000     7.3597     7.4029     0.0432    0.80707    0.80915          1     7.5306     7.7711       9.96     0.0208  4.924e-11  1.000e-12  2.031e+00     6.9441     6.9546     0.0106     5.3602     5.3654     26.749     27.355      0.218    1445.64    1445.83  0.000e+00
       2717     27.500     7.3868     7.3964     0.0096    0.80880    0.80925          1     7.5639     7.7931       9.96     0.0212  4.924e-11  1.000e-12  2.031e+00     6.9546     6.9567     0.0022     5.3665     5.3675     27.245     27.862      0.320    1445.77    1445.82  0.000e+00
       2764     28.000     7.3887     7.3943     0.0056    0.80909    0.80937          1     7.5667     7.8147       9.96     0.0215  4.924e-11  1.000e-12  2.031e+00     6.9568     6.9582     0.0014     5.3681     5.3688     27.740     28.368      0.215    1445.79    1445.82  0.000e+00
       2819     28.500     7.3933     7.3966     0.0032    0.80942    0.80949          1     7.5706     7.8196       9.96     0.0208  4.924e-11  1.000e-12  2.031e+00     6.9588     6.9588    -0.0000     5.3694     5.3691     28.235     28.875      0.312    1445.82    1445.83  0.000e+00
