ctdpy/tests/etc/all_smhi_bas_2018/SBE09_0827_20180126_1825_26_01_0221.cnv
* Sea-Bird SBE 9 Data File:
* FileName = D:\CTD_SBE911\DAT\26DA.2018.1.121.hex
* Software Version Seasave V 7.21d
* Temperature SN = 034757
* Conductivity SN = 041844
* Number of Bytes Per Scan = 48
* Number of Voltage Words = 5
* Number of Scans Averaged by the Deck Unit = 1
* NMEA Latitude = 57 05.76 N
* NMEA Longitude = 011 49.71 E
* NMEA UTC (Time) = Jan 26 2018  18:25:15
* NMEA baud rate = 4800
** Ship: DANA
** Average sound velocity: 1469.65 m/s
** True-depth calculation Thu, 28 Mar 2019 08:32:03 +0000
** CTD Python Module SMHI /ver 3-12/ feb 2012 
** LIMS Job: 20182601-0221
** Persgrund
** Operator: Ronny Sørensen
** Cruise: 01/2018
# nquan = 26
# nvalues = 112                         
# units = specified
# name 0 = scan: Scan Count
# name 1 = prDM: Pressure, Digiquartz [db]
# name 2 = t090C: Temperature [ITS-90, deg C]
# name 3 = t190C: Temperature, 2 [ITS-90, deg C]
# name 4 = T2-T190C: Temperature Difference, 2 - 1 [ITS-90, deg C]
# name 5 = c0S/m: Conductivity [S/m]
# name 6 = c1S/m: Conductivity, 2 [S/m]
# name 7 = pumps: Pump Status
# name 8 = sbeox1ML/L: Oxygen, SBE 43, 2 [ml/l]
# name 9 = sbeox0ML/L: Oxygen, SBE 43 [ml/l]
# name 10 = altM: Altimeter [m]
# name 11 = chloroflTC0: Chlorophyll, Turner Cyclops [ug/l]
# name 12 = cpar: CPAR/Corrected Irradiance [%]
# name 13 = par: PAR/Irradiance, Biospherical/Lico [µE/(cm^2*s)]
# name 14 = spar: SPAR, Biospherical/Licor
# name 15 = sal00: Salinity, Practical [PSU]
# name 16 = sal11: Salinity, Practical, 2 [PSU]
# name 17 = secS-priS: Salinity, Practical, Difference, 2 - 1 [PSU]
# name 18 = sigma-t00: Density [sigma-t, kg/m^3 ]
# name 19 = sigma-t11: Density, 2 [sigma-t, kg/m^3 ]
# name 20 = depSM: Depth [salt water, m], lat = 57.096
# name 21 = depFM: Depth [true depth, m], lat = 57.096
# name 22 = dz/dtM: Descent Rate [m/s], WS = 2
# name 23 = svCM: Sound Velocity [Chen-Millero, m/s]
# name 24 = svCM1: Sound Velocity, 2 [Chen-Millero, m/s]
# name 25 = flag: flag
# span 0 =        270,       5767       
# span 1 =      2.000,     57.500       
# span 2 =     4.0103,     7.2566       
# span 3 =     4.0123,     7.2352       
# span 4 =    -0.6592,     0.0373       
# span 5 =   1.919630,   3.437420       
# span 6 =   1.921838,   3.434295       
# span 7 =          1,          1       
# span 8 =     5.7085,     7.3442       
# span 9 =     5.2443,    14.2673       
# span 10 =       1.40,       9.95      
# span 11 =     0.0180,     0.0413      
# span 12 = 4.9241e-11, 4.9241e-11      
# span 13 = 1.0000e-12, 1.0000e-12      
# span 14 = 2.0308e+00, 2.0308e+00      
# span 15 =    19.5877,    33.7177      
# span 16 =    19.6109,    33.7096      
# span 17 =    -2.7737,     0.0392      
# span 18 =    15.5489,    26.3733      
# span 19 =    15.5672,    26.3709      
# span 20 =      1.982,     56.964      
# span 21 =      2.006,     57.234      
# span 22 =      0.157,      0.309      
# span 23 =    1446.96,    1478.99      
# span 24 =    1447.00,    1478.88      
# span 25 = 0.0000e+00, 0.0000e+00      
# interval = decibars: 0.5              
# start_time = Jan 26 2018 18:25:16 [NMEA time, first data scan]
# bad_flag = -9.990e-29
*END*
[from data line 56]
       3125     30.000     6.9819     6.9234    -0.0585    3.36457    3.33261          1     5.8969     5.9435       9.95     0.0322  4.924e-11  1.000e-12  2.031e+00    33.2019    32.9080    -0.2939    26.0049    25.7813     29.722     29.943      0.284    1476.83    1476.23  0.000e+00
       3168     30.500     6.9762     6.9270    -0.0491    3.36746    3.33853          1     5.8701     5.9515       9.95     0.0328  4.924e-11  1.000e-12  2.031e+00    33.2388    32.9692    -0.2696    26.0347    25.8290     30.217     30.439      0.263    1476.86    1476.33  0.000e+00
       3218     31.000     6.9759     6.9494    -0.0265    3.37206    3.35065          1     5.8258     5.9502       9.95     0.0334  4.924e-11  1.000e-12  2.031e+00    33.2891    33.0802    -0.2089    26.0744    25.9135     30.713     30.935      0.227    1476.93    1476.57  0.000e+00
       3270     31.500     6.9800     6.9635    -0.0164    3.37661    3.36090          1     5.8252     5.9407       9.95     0.0342  4.924e-11  1.000e-12  2.031e+00    33.3348    33.1787    -0.1561    26.1099    25.9891     31.208     31.432      0.252    1477.01    1476.75  0.000e+00
       3313     32.000     6.9840     6.9691    -0.0149    3.37978    3.36740          1     5.8610     5.9446       9.95     0.0342  4.924e-11  1.000e-12  2.031e+00    33.3655    33.2443    -0.1213    26.1335    26.0400     31.703     31.928      0.287    1477.08    1476.86  0.000e+00
       3358     32.500     6.9701     6.9718     0.0017    3.38060    3.37048          1     5.8648     5.9480       9.95     0.0348  4.924e-11  1.000e-12  2.031e+00    33.3877    33.2751    -0.1126    26.1529    26.0639     32.199     32.424      0.246    1477.06    1476.92  0.000e+00
       3409     33.000     6.9436     6.9730     0.0294    3.38069    3.37495          1     5.8558     5.9568       9.95     0.0347  4.924e-11  1.000e-12  2.031e+00    33.4141    33.3227    -0.0914    26.1772    26.1012     32.694     32.920      0.239    1476.99    1477.00  0.000e+00
       3456     33.500     6.9472     6.9680     0.0208    3.38313    3.37750          1     5.8894     5.9595       9.95     0.0357  4.924e-11  1.000e-12  2.031e+00    33.4371    33.3553    -0.0818    26.1949    26.1276     33.189     33.417      0.276    1477.05    1477.02  0.000e+00
       3499     34.000     6.9476     6.9598     0.0122    3.38521    3.37850          1     5.8793     5.9551       9.95     0.0357  4.924e-11  1.000e-12  2.031e+00    33.4595    33.3739    -0.0855    26.2124    26.1434     33.685     33.913      0.257    1477.08    1477.02  0.000e+00
       3550     34.500     6.9442     6.9502     0.0059    3.38716    3.38088          1     5.8837     5.9553       9.95     0.0361  4.924e-11  1.000e-12  2.031e+00    33.4838    33.4092    -0.0747    26.2320    26.1724     34.180     34.409      0.234    1477.11    1477.04  0.000e+00
       3598     35.000     6.9465     6.9470     0.0005    3.38948    3.38285          1     5.8882     5.9454       9.95     0.0348  4.924e-11  1.000e-12  2.031e+00    33.5068    33.4337    -0.0732    26.2498    26.1922     34.675     34.905      0.268    1477.16    1477.07  0.000e+00
       3645     35.500     6.9717     6.9446    -0.0271    3.39430    3.38407          1     5.8676     5.9372       9.95     0.0350  4.924e-11  1.000e-12  2.031e+00    33.5348    33.4491    -0.0857    26.2685    26.2046     35.171     35.402      0.232    1477.30    1477.08  0.000e+00
       3696     36.000     7.1425     6.9496    -0.1930    3.41574    3.38704          1     5.8799     5.8978       9.95     0.0365  4.924e-11  1.000e-12  2.031e+00    33.6028    33.4765    -0.1263    26.2986    26.2255     35.666     35.898      0.256    1478.05    1477.14  0.000e+00
       3741     36.500     7.2087     6.9609    -0.2478    3.42328    3.38999          1     5.8650     5.8735       9.95     0.0373  4.924e-11  1.000e-12  2.031e+00    33.6205    33.4977    -0.1228    26.3035    26.2407     36.161     36.394      0.270    1478.34    1477.22  0.000e+00
       3785     37.000     7.2028     7.0088    -0.1940    3.42281    3.39643          1     5.8911     5.8883       9.95     0.0364  4.924e-11  1.000e-12  2.031e+00    33.6208    33.5214    -0.0994    26.3045    26.2529     36.657     36.890      0.264    1478.32    1477.45  0.000e+00
       3834     37.500     7.2053     7.0787    -0.1266    3.42317    3.40474          1     5.8464     5.8832       9.95     0.0373  4.924e-11  1.000e-12  2.031e+00    33.6221    33.5441    -0.0780    26.3052    26.2612     37.152     37.387      0.237    1478.34    1477.76  0.000e+00
       3883     38.000     7.1940     7.1424    -0.0517    3.42228    3.41354          1     5.8084     5.8802       9.95     0.0370  4.924e-11  1.000e-12  2.031e+00    33.6231    33.5780    -0.0451    26.3075    26.2791     37.647     37.883      0.262    1478.31    1478.05  0.000e+00
       3929     38.500     7.1678     7.1704     0.0026    3.42036    3.41781          1     5.8408     5.8786       9.95     0.0362  4.924e-11  1.000e-12  2.031e+00    33.6274    33.5970    -0.0304    26.3146    26.2903     38.143     38.379      0.252    1478.22    1478.19  0.000e+00
       3978     39.000     7.1751     7.1846     0.0094    3.42191    3.42048          1     5.8370     5.8815       9.95     0.0365  4.924e-11  1.000e-12  2.031e+00    33.6370    33.6122    -0.0249    26.3211    26.3002     38.638     38.875      0.248    1478.27    1478.27  0.000e+00
       4026     39.500     7.1827     7.1797    -0.0031    3.42316    3.42067          1     5.7968     5.8764       9.95     0.0358  4.924e-11  1.000e-12  2.031e+00    33.6429    33.6188    -0.0242    26.3247    26.3061     39.133     39.371      0.236    1478.32    1478.27  0.000e+00
       4077     40.000     7.1803     7.1775    -0.0028    3.42346    3.42123          1     5.7902     5.8725       9.95     0.0363  4.924e-11  1.000e-12  2.031e+00    33.6484    33.6268    -0.0216    26.3294    26.3128     39.628     39.868      0.258    1478.32    1478.28  0.000e+00
       4120     40.500     7.1839     7.1749    -0.0090    3.42445    3.42177          1     5.7784     5.8759       9.95     0.0365  4.924e-11  1.000e-12  2.031e+00    33.6555    33.6350    -0.0205    26.3344    26.3195     40.124     40.364      0.282    1478.35    1478.29  0.000e+00
       4167     41.000     7.1877     7.1770    -0.0107    3.42521    3.42237          1     5.7893     5.8812       9.95     0.0369  4.924e-11  1.000e-12  2.031e+00    33.6598    33.6393    -0.0205    26.3373    26.3227     40.619     40.860      0.233    1478.38    1478.31  0.000e+00
       4217     41.500     7.1863     7.1791    -0.0072    3.42541    3.42347          1     5.7885     5.8782       9.95     0.0372  4.924e-11  1.000e-12  2.031e+00    33.6631    33.6490    -0.0142    26.3401    26.3300     41.114     41.356      0.251    1478.39    1478.34  0.000e+00
       4265     42.000     7.1924     7.1814    -0.0110    3.42647    3.42398          1     5.7971     5.8668       9.95     0.0388  4.924e-11  1.000e-12  2.031e+00    33.6685    33.6520    -0.0165    26.3435    26.3320     41.610     41.852      0.246    1478.42    1478.36  0.000e+00
       4315     42.500     7.2033     7.1835    -0.0198    3.42774    3.42476          1     5.7828     5.8597       9.95     0.0391  4.924e-11  1.000e-12  2.031e+00    33.6714    33.6583    -0.0132    26.3443    26.3367     42.105     42.349      0.233    1478.48    1478.39  0.000e+00
       4366     43.000     7.2165     7.1866    -0.0299    3.42925    3.42535          1     5.7577     5.8512       9.95     0.0395  4.924e-11  1.000e-12  2.031e+00    33.6748    33.6614    -0.0134    26.3451    26.3387     42.600     42.845      0.260    1478.54    1478.41  0.000e+00
       4408     43.500     7.2311     7.1928    -0.0383    3.43097    3.42626          1     5.7491     5.8627       9.95     0.0392  4.924e-11  1.000e-12  2.031e+00    33.6790    33.6650    -0.0140    26.3464    26.3407     43.096     43.341      0.274    1478.61    1478.45  0.000e+00
       4457     44.000     7.2361     7.2037    -0.0323    3.43160    3.42746          1     5.8028     5.8486       9.95     0.0391  4.924e-11  1.000e-12  2.031e+00    33.6808    33.6672    -0.0136    26.3472    26.3409     43.591     43.837      0.232    1478.64    1478.50  0.000e+00
       4506     44.500     7.2386     7.2166    -0.0220    3.43193    3.42911          1     5.7748     5.8471       9.95     0.0390  4.924e-11  1.000e-12  2.031e+00    33.6817    33.6724    -0.0093    26.3475    26.3432     44.086     44.333      0.259    1478.66    1478.56  0.000e+00
       4555     45.000     7.2380     7.2222    -0.0158    3.43194    3.42984          1     5.7506     5.8563       9.95     0.0395  4.924e-11  1.000e-12  2.031e+00    33.6821    33.6747    -0.0074    26.3479    26.3442     44.581     44.830      0.230    1478.67    1478.60  0.000e+00
       4605     45.500     7.2391     7.2308    -0.0083    3.43220    3.43096          1     5.7927     5.8566       9.95     0.0391  4.924e-11  1.000e-12  2.031e+00    33.6837    33.6783    -0.0054    26.3490    26.3459     45.077     45.326      0.249    1478.68    1478.64  0.000e+00
       4655     46.000     7.2381     7.2335    -0.0047    3.43219    3.43136          1     5.7475     5.8472       9.95     0.0401  4.924e-11  1.000e-12  2.031e+00    33.6843    33.6798    -0.0045    26.3496    26.3467     45.572     45.822      0.245    1478.69    1478.66  0.000e+00
       4700     46.500     7.2333     7.2352     0.0020    3.43177    3.43173          1     5.7745     5.8458       9.95     0.0394  4.924e-11  1.000e-12  2.031e+00    33.6842    33.6818    -0.0024    26.3502    26.3481     46.067     46.318      0.286    1478.68    1478.68  0.000e+00
       4745     47.000     7.2241     7.2340     0.0099    3.43158    3.43177          1     5.7918     5.8599       9.95     0.0394  4.924e-11  1.000e-12  2.031e+00    33.6908    33.6833    -0.0075    26.3567    26.3494     46.563     46.814      0.234    1478.66    1478.69  0.000e+00
       4798     47.500     7.2170     7.2293     0.0122    3.43122    3.43164          1     5.7453     5.8662       9.95     0.0387  4.924e-11  1.000e-12  2.031e+00    33.6935    33.6862    -0.0073    26.3598    26.3523     47.058     47.311      0.250    1478.64    1478.68  0.000e+00
       4842     48.000     7.2126     7.2252     0.0126    3.43089    3.43156          1     5.7349     5.8700       9.95     0.0380  4.924e-11  1.000e-12  2.031e+00    33.6941    33.6890    -0.0050    26.3608    26.3551     47.553     47.807      0.269    1478.63    1478.68  0.000e+00
       4890     48.500     7.2103     7.2214     0.0111    3.43077    3.43151          1     5.7519     5.8664       9.90     0.0392  4.924e-11  1.000e-12  2.031e+00    33.6947    33.6919    -0.0028    26.3617    26.3579     48.049     48.303      0.240    1478.64    1478.67  0.000e+00
       4944     49.000     7.2100     7.2169     0.0069    3.43081    3.43131          1     5.7763     5.8706       9.51     0.0400  4.924e-11  1.000e-12  2.031e+00    33.6951    33.6939    -0.0013    26.3620    26.3601     48.544     48.799      0.219    1478.64    1478.67  0.000e+00
       4991     49.500     7.2128     7.2115    -0.0013    3.43118    3.43102          1     5.7887     5.8632       9.03     0.0404  4.924e-11  1.000e-12  2.031e+00    33.6963    33.6958    -0.0004    26.3625    26.3624     49.039     49.295      0.302    1478.66    1478.66  0.000e+00
       5030     50.000     7.2148     7.2104    -0.0044    3.43147    3.43095          1     5.7765     5.8624       8.55     0.0411  4.924e-11  1.000e-12  2.031e+00    33.6972    33.6958    -0.0014    26.3630    26.3625     49.534     49.792      0.278    1478.68    1478.66  0.000e+00
       5082     50.500     7.2112     7.2106    -0.0006    3.43117    3.43105          1     5.7458     5.8619       8.04     0.0402  4.924e-11  1.000e-12  2.031e+00    33.6973    33.6965    -0.0007    26.3635    26.3630     50.030     50.288      0.224    1478.67    1478.67  0.000e+00
       5132     51.000     7.2081     7.2106     0.0024    3.43093    3.43118          1     5.7845     5.8626       7.55     0.0395  4.924e-11  1.000e-12  2.031e+00    33.6974    33.6977     0.0003    26.3641    26.3640     50.525     50.784      0.243    1478.67    1478.68  0.000e+00
       5182     51.500     7.2080     7.2092     0.0012    3.43097    3.43115          1     5.8041     5.8594       7.06     0.0393  4.924e-11  1.000e-12  2.031e+00    33.6977    33.6985     0.0008    26.3643    26.3648     51.020     51.280      0.248    1478.68    1478.68  0.000e+00
       5230     52.000     7.2085     7.2074    -0.0010    3.43109    3.43104          1     5.7739     5.8663       6.53     0.0400  4.924e-11  1.000e-12  2.031e+00    33.6984    33.6988     0.0005    26.3648    26.3653     51.516     51.776      0.239    1478.69    1478.69  0.000e+00
       5283     52.500     7.2135     7.2073    -0.0062    3.43199    3.43108          1     5.7844     5.8674       6.02     0.0397  4.924e-11  1.000e-12  2.031e+00    33.7030    33.6991    -0.0038    26.3677    26.3656     52.011     52.272      0.243    1478.72    1478.69  0.000e+00
       5327     53.000     7.2185     7.2079    -0.0106    3.43267    3.43125          1     5.8014     5.8512       5.50     0.0398  4.924e-11  1.000e-12  2.031e+00    33.7052    33.7001    -0.0051    26.3688    26.3662     52.506     52.769      0.275    1478.75    1478.71  0.000e+00
       5373     53.500     7.2204     7.2094    -0.0111    3.43303    3.43146          1     5.7852     5.8610       5.53     0.0392  4.924e-11  1.000e-12  2.031e+00    33.7071    33.7008    -0.0063    26.3700    26.3665     53.001     53.265      0.258    1478.77    1478.72  0.000e+00
       5418     54.000     7.2254     7.2115    -0.0139    3.43361    3.43186          1     5.7803     5.8676       4.55     0.0392  4.924e-11  1.000e-12  2.031e+00    33.7083    33.7028    -0.0056    26.3703    26.3678     53.497     53.761      0.261    1478.80    1478.74  0.000e+00
       5469     54.500     7.2227     7.2150    -0.0076    3.43332    3.43236          1     5.7547     5.8592       4.07     0.0413  4.924e-11  1.000e-12  2.031e+00    33.7076    33.7046    -0.0031    26.3701    26.3688     53.992     54.257      0.217    1478.80    1478.76  0.000e+00
       5522     55.000     7.2200     7.2183    -0.0017    3.43300    3.43288          1     5.7771     5.8490       3.61     0.0410  4.924e-11  1.000e-12  2.031e+00    33.7065    33.7068     0.0003    26.3696    26.3700     54.487     54.753      0.246    1478.79    1478.78  0.000e+00
       5572     55.500     7.2217     7.2190    -0.0027    3.43327    3.43305          1     5.7675     5.8515       3.11     0.0403  4.924e-11  1.000e-12  2.031e+00    33.7075    33.7077     0.0002    26.3701    26.3707     54.982     55.250      0.230    1478.81    1478.80  0.000e+00
       5621     56.000     7.2261     7.2202    -0.0059    3.43381    3.43320          1     5.7085     5.8648       3.83     0.0410  4.924e-11  1.000e-12  2.031e+00    33.7088    33.7079    -0.0009    26.3706    26.3707     55.478     55.746      0.271    1478.84    1478.81  0.000e+00
       5665     56.500     7.2321     7.2209    -0.0111    3.43451    3.43332          1     5.7728     5.8469       4.07     0.0402  4.924e-11  1.000e-12  2.031e+00    33.7104    33.7083    -0.0021    26.3710    26.3709     55.973     56.242      0.258    1478.87    1478.82  0.000e+00
       5715     57.000     7.2369     7.2248    -0.0122    3.43513    3.43372          1     5.7614     5.8473       3.53     0.0404  4.924e-11  1.000e-12  2.031e+00    33.7122    33.7087    -0.0035    26.3717    26.3706     56.468     56.738      0.232    1478.90    1478.85  0.000e+00
