ctdpy/tests/etc/all_smhi_bas_2018/SBE09_0827_20181004_0839_26_01_1007.cnv
* Sea-Bird SBE 9 Data File:
* FileName = D:\CTD_SBE911\DAT\26DA.2018.10.7.hex
* Software Version Seasave V 7.21d
* Temperature SN = 4548
* Conductivity SN = 3062
* Number of Bytes Per Scan = 48
* Number of Voltage Words = 5
* Number of Scans Averaged by the Deck Unit = 1
* NMEA Latitude = 55 42.86 N
* NMEA Longitude = 015 26.40 E
* NMEA UTC (Time) = Oct 04 2018  08:41:57
* NMEA baud rate = 4800
** Ship: DANA
** Average sound velocity: 1458.78 m/s
** True-depth calculation Thu, 28 Mar 2019 12:16:47 +0000
** CTD Python Module SMHI /ver 3-12/ feb 2012 
** LIMS Job: 20182601-1007
** Operator: Christian
** Cruise: 10/2018
# nquan = 26
# nvalues = 124                         
# units = specified
# name 0 = scan: Scan Count
# name 1 = prDM: Pressure, Digiquartz [db]
# name 2 = t090C: Temperature [ITS-90, deg C]
# name 3 = t190C: Temperature, 2 [ITS-90, deg C]
# name 4 = T2-T190C: Temperature Difference, 2 - 1 [ITS-90, deg C]
# name 5 = c0S/m: Conductivity [S/m]
# name 6 = c1S/m: Conductivity, 2 [S/m]
# name 7 = pumps: Pump Status
# name 8 = sbeox1ML/L: Oxygen, SBE 43, 2 [ml/l]
# name 9 = sbeox0ML/L: Oxygen, SBE 43 [ml/l]
# name 10 = altM: Altimeter [m]
# name 11 = chloroflTC0: Chlorophyll, Turner Cyclops [ug/l]
# name 12 = cpar: CPAR/Corrected Irradiance [%]
# name 13 = par: PAR/Irradiance, Biospherical/Lico [µE/(cm^2*s)]
# name 14 = spar: SPAR, Biospherical/Licor
# name 15 = sal00: Salinity, Practical [PSU]
# name 16 = sal11: Salinity, Practical, 2 [PSU]
# name 17 = secS-priS: Salinity, Practical, Difference, 2 - 1 [PSU]
# name 18 = sigma-t00: Density [sigma-t, kg/m^3 ]
# name 19 = sigma-t11: Density, 2 [sigma-t, kg/m^3 ]
# name 20 = depSM: Depth [salt water, m], lat = 55.7143
# name 21 = depFM: Depth [true depth, m], lat = 55.7143
# name 22 = dz/dtM: Descent Rate [m/s], WS = 2
# name 23 = svCM: Sound Velocity [Chen-Millero, m/s]
# name 24 = svCM1: Sound Velocity, 2 [Chen-Millero, m/s]
# name 25 = flag: flag
# span 0 =        178,       5840       
# span 1 =      1.500,     63.000       
# span 2 =     4.2461,    12.9641       
# span 3 =     4.2198,    12.9642       
# span 4 =    -0.7496,     0.8178       
# span 5 =   0.817317,   1.675189       
# span 6 =   0.814763,   1.676261       
# span 7 =          1,          1       
# span 8 =     0.4016,     7.3565       
# span 9 =     0.4862,     6.7769       
# span 10 =       0.97,      10.00      
# span 11 =     0.0000,     0.0000      
# span 12 = 6.1667e-14, 8.2204e+00      
# span 13 = 1.0000e-12, 1.2926e+02      
# span 14 = 1.0238e+03, 1.7129e+03      
# span 15 =     7.5315,    14.4373      
# span 16 =     7.5380,    14.5092      
# span 17 =    -0.0062,     0.2120      
# span 18 =     5.2796,    11.0259      
# span 19 =     5.2800,    11.0999      
# span 20 =      1.486,     62.419      
# span 21 =      1.520,     63.757      
# span 22 =      0.093,      0.673      
# span 23 =    1433.41,    1468.12      
# span 24 =    1433.28,    1468.12      
# span 25 = 0.0000e+00, 0.0000e+00      
# interval = decibars: 0.5              
# start_time = Oct 04 2018 08:41:57 [NMEA time, first data scan]
# bad_flag = -9.990e-29
*END*
[from data line 56]
       2811     29.500    12.6979    12.5477    -0.1505    1.00771    1.00412          1     6.8815     6.3912       9.97     0.0000  7.117e-14  1.000e-12  1.405e+03     7.6119     7.6128     0.0009     5.3086     5.3303     29.230     29.889      0.334    1467.27    1466.72  0.000e+00
       2855     30.000    12.4640    12.1939    -0.2698    1.00177    0.99572          1     6.8770     6.4003       9.97     0.0000  7.580e-14  1.000e-12  1.320e+03     7.6104     7.6151     0.0047     5.3400     5.3804     29.726     30.396      0.233    1466.42    1465.44  0.000e+00
       2908     30.500    12.0328    11.7358    -0.2968    0.99108    0.98460          1     6.9137     6.4309       9.97     0.0000  8.048e-14  1.000e-12  1.242e+03     7.6095     7.6160     0.0065     5.3977     5.4417     30.221     30.902      0.284    1464.84    1463.75  0.000e+00
       2942     31.000    11.6683    11.2799    -0.3889    0.98176    0.97315          1     6.8622     6.4068       9.97     0.0000  8.196e-14  1.000e-12  1.220e+03     7.6059     7.6131     0.0072     5.4425     5.4969     30.716     31.409      0.358    1463.49    1462.04  0.000e+00
       2984     31.500    11.1868    10.7412    -0.4449    0.96931    0.95912          1     7.0262     6.5285       9.97     0.0000  8.346e-14  1.000e-12  1.198e+03     7.5998     7.6051     0.0053     5.4983     5.5560     31.212     31.915      0.218    1461.69    1460.00  0.000e+00
       3049     32.000    10.4004     9.7497    -0.6495    0.94703    0.93429          1     6.9681     6.5718       9.97     0.0000  8.667e-14  1.000e-12  1.154e+03     7.5718     7.5966     0.0249     5.5684     5.6569     31.707     32.422      0.275    1458.66    1456.15  0.000e+00
       3084     32.500     8.9535     8.2809    -0.6741    0.90982    0.89519          1     7.0628     6.6339       9.97     0.0000  8.895e-14  1.000e-12  1.124e+03     7.5486     7.5600     0.0115     5.7008     5.7702     32.202     32.928      0.366    1452.96    1450.27  0.000e+00
       3121     33.000     8.1367     7.3868    -0.7496    0.88904    0.87262          1     7.1868     6.7516       9.97     0.0000  9.051e-14  1.000e-12  1.105e+03     7.5349     7.5455     0.0106     5.7625     5.8299     32.698     33.434      0.250    1449.66    1446.59  0.000e+00
       3178     33.500     7.1592     6.6245    -0.5359    0.86592    0.85408          1     7.1097     6.7769       9.97     0.0000  9.073e-14  1.000e-12  1.102e+03     7.5323     7.5380     0.0056     5.8355     5.8761     33.193     33.941      0.277    1445.64    1443.40  0.000e+00
       3212     34.000     6.4609     6.0325    -0.4275    0.84962    0.84497          1     7.1425     6.7763       9.97     0.0000  9.030e-14  1.000e-12  1.108e+03     7.5315     7.5821     0.0506     5.8810     5.9458     33.689     34.447      0.349    1442.71    1440.95  0.000e+00
       3260     34.500     6.1896     6.1999     0.0102    0.84956    0.85422          1     7.2056     6.7470       9.97     0.0000  9.007e-14  1.000e-12  1.110e+03     7.5910     7.6335     0.0426     5.9441     5.9770     34.184     34.953      0.215    1441.64    1441.74  0.000e+00
       3313     35.000     6.3704     6.3725     0.0022    0.85946    0.86190          1     7.3500     6.7333       9.97     0.0000  9.141e-14  1.000e-12  1.094e+03     7.6455     7.6684     0.0229     5.9765     5.9944     34.679     35.460      0.326    1442.49    1442.52  0.000e+00
       3346     35.500     6.4361     6.2898    -0.1466    0.86366    0.86330          1     7.3565     6.7490       9.97     0.0000  9.290e-14  1.000e-12  1.076e+03     7.6708     7.7003     0.0295     5.9925     6.0242     35.175     35.966      0.327    1442.80    1442.22  0.000e+00
       3391     36.000     5.9855     5.2574    -0.7279    0.85310    0.83548          1     7.1082     6.7133       9.97     0.0000  9.539e-14  1.000e-12  1.048e+03     7.6706     7.6644    -0.0062     6.0174     6.0480     35.670     36.472      0.239    1440.88    1437.72  0.000e+00
       3437     36.500     4.9110     4.4699    -0.4409    0.82311    0.81476          1     7.1157     6.7406       9.97     0.0000  9.700e-14  1.000e-12  1.031e+03     7.6215     7.6396     0.0181     6.0293     6.0596     36.166     36.978      0.294    1436.16    1434.24  0.000e+00
       3482     37.000     4.5649     4.4821    -0.0829    0.81878    0.82021          1     7.1355     6.7113       9.97     0.0000  9.739e-14  1.000e-12  1.027e+03     7.6579     7.6915     0.0336     6.0709     6.1003     36.661     37.484      0.235    1434.69    1434.36  0.000e+00
       3530     37.500     4.5597     4.4454    -0.1144    0.82193    0.82105          1     7.0551     6.6331       9.97     0.0000  9.767e-14  1.000e-12  1.024e+03     7.6906     7.7085     0.0178     6.0971     6.1150     37.156     37.991      0.333    1434.72    1434.23  0.000e+00
       3561     38.000     4.4366     4.3019    -0.1348    0.81951    0.81779          1     7.0385     6.6069       9.97     0.0000  9.735e-14  1.000e-12  1.027e+03     7.6949     7.7091     0.0142     6.1045     6.1199     37.652     38.497      0.362    1434.18    1433.60  0.000e+00
       3621     38.500     4.3488     4.2288    -0.1196    0.81825    0.81664          1     7.0507     6.6230       9.97     0.0000  9.729e-14  1.000e-12  1.028e+03     7.7027     7.7145     0.0118     6.1134     6.1264     38.147     39.003      0.249    1433.81    1433.29  0.000e+00
       3669     39.000     4.2572     4.2198    -0.0378    0.81732    0.81809          1     7.0358     6.6170       9.97     0.0000  9.723e-14  1.000e-12  1.028e+03     7.7146     7.7312     0.0166     6.1256     6.1399     38.642     39.509      0.417    1433.42    1433.28  0.000e+00
       3698     39.500     4.2461     4.2335    -0.0125    0.81888    0.82120          1     7.0167     6.5942       9.97     0.0000  9.654e-14  1.000e-12  1.036e+03     7.7330     7.7596     0.0266     6.1406     6.1620     39.138     40.015      0.346    1433.41    1433.38  0.000e+00
       3747     40.000     4.2552     4.2505    -0.0047    0.82209    0.82400          1     6.9796     6.5525       9.97     0.0000  9.560e-14  1.000e-12  1.046e+03     7.7634     7.7839     0.0205     6.1644     6.1808     39.633     40.521      0.221    1433.49    1433.50  0.000e+00
       3791     40.500     4.2773     4.2677    -0.0097    0.82498    0.82618          1     6.9360     6.5237       9.97     0.0000  9.557e-14  1.000e-12  1.046e+03     7.7874     7.8019     0.0145     6.1828     6.1946     40.129     41.028      0.309    1433.63    1433.61  0.000e+00
       3835     41.000     4.2849     4.2926     0.0077    0.82679    0.82860          1     6.8944     6.4803       9.97     0.0000  9.356e-14  1.000e-12  1.069e+03     7.8039     7.8205     0.0166     6.1957     6.2086     40.624     41.534      0.250    1433.69    1433.75  0.000e+00
       3884     41.500     4.3431     4.3879     0.0448    0.83206    0.83624          1     6.8434     6.4324       9.97     0.0000  9.046e-14  1.000e-12  1.106e+03     7.8434     7.8750     0.0316     6.2252     6.2489     41.119     42.040      0.236    1434.01    1434.25  0.000e+00
       3933     42.000     4.4603     4.5069     0.0467    0.84148    0.84518          1     6.7407     6.3538       9.97     0.0000  8.728e-14  1.000e-12  1.146e+03     7.9107     7.9369     0.0262     6.2748     6.2941     41.615     42.546      0.304    1434.63    1434.87  0.000e+00
       3966     42.500     4.5502     4.6381     0.0877    0.84801    0.85421          1     6.6558     6.2912       9.97     0.0000  8.543e-14  1.000e-12  1.171e+03     7.9550     7.9962     0.0412     6.3069     6.3365     42.110     43.052      0.359    1435.09    1435.53  0.000e+00
       4009     43.000     4.6844     4.8267     0.1421    0.85848    0.86936          1     6.5494     6.1525       9.97     0.0000  8.385e-14  1.000e-12  1.193e+03     8.0279     8.1023     0.0744     6.3599     6.4134     42.605     43.558      0.220    1435.79    1436.51  0.000e+00
       4067     43.500     5.0345     5.1802     0.1459    0.88560    0.89452          1     6.3501     5.9688       9.97     0.0000  8.216e-14  1.000e-12  1.217e+03     8.2138     8.2668     0.0530     6.4932     6.5288     43.101     44.064      0.275    1437.57    1438.28  0.000e+00
       4105     44.000     5.2955     5.4241     0.1285    0.90383    0.91164          1     6.2391     5.8970       9.97     0.0000  8.170e-14  1.000e-12  1.224e+03     8.3305     8.3757     0.0452     6.5739     6.6035     43.596     44.570      0.298    1438.87    1439.49  0.000e+00
       4151     44.500     5.5588     5.6530     0.0941    0.92134    0.92742          1     6.1181     5.7760       9.97     0.0000  8.063e-14  1.000e-12  1.240e+03     8.4378     8.4741     0.0363     6.6459     6.6698     44.091     45.076      0.238    1440.16    1440.61  0.000e+00
       4197     45.000     5.5932     5.6447     0.0516    0.92746    0.93371          1     6.0265     5.6926       9.97     0.0000  7.972e-14  1.000e-12  1.254e+03     8.4895     8.5380     0.0485     6.6850     6.7206     44.587     45.582      0.311    1440.38    1440.66  0.000e+00
       4235     45.500     5.6961     5.8142     0.1180    0.94151    0.95098          1     5.9224     5.6208       9.97     0.0000  7.997e-14  1.000e-12  1.250e+03     8.6016     8.6644     0.0628     6.7681     6.8112     45.082     46.088      0.273    1440.97    1441.56  0.000e+00
       4301     46.000     5.8762     6.0249     0.1486    0.95503    0.96446          1     5.8627     5.4880       9.97     0.0000  7.945e-14  1.000e-12  1.259e+03     8.6880     8.7421     0.0541     6.8264     6.8606     45.577     46.594      0.265    1441.86    1442.57  0.000e+00
       4339     46.500     6.1012     6.1211     0.0199    0.97209    0.97494          1     5.7625     5.4355       9.97     0.0000  7.888e-14  1.000e-12  1.268e+03     8.7969     8.8195     0.0226     6.8993     6.9159     46.073     47.099      0.444    1442.97    1443.08  0.000e+00
       4366     47.000     6.0918     6.1321     0.0404    0.97772    0.98801          1     5.7043     5.3818       9.97     0.0000  7.757e-14  1.000e-12  1.289e+03     8.8542     8.9438     0.0897     6.9450     7.0132     46.568     47.605      0.381    1443.01    1443.30  0.000e+00
       4422     47.500     6.1218     6.1392     0.0174    0.99027    0.99689          1     5.5623     5.2218       9.97     0.0000  7.176e-14  1.000e-12  1.396e+03     8.9687     9.0286     0.0600     7.0334     7.0796     47.064     48.111      0.235    1443.29    1443.44  0.000e+00
       4473     48.000     6.1479     6.2077     0.0598    1.00262    1.00620          1     5.4458     5.1483       9.97     0.0000  6.619e-14  1.000e-12  1.511e+03     9.0821     9.1010     0.0189     7.1211     7.1323     47.559     48.617      0.295    1443.55    1443.83  0.000e+00
       4520     48.500     6.5372     6.7995     0.2633    1.02728    1.04351          1     5.3425     5.0406       9.97     0.0000  6.285e-14  1.000e-12  1.592e+03     9.2171     9.3024     0.0854     7.2024     7.2513     48.054     49.122      0.217    1445.38    1446.59  0.000e+00
       4576     49.000     7.0954     7.1808     0.0856    1.07065    1.07611          1     4.9541     4.7447       9.97     0.0000  6.167e-14  1.000e-12  1.622e+03     9.4827     9.5113     0.0286     7.3719     7.3878     48.550     49.628      0.269    1448.06    1448.45  0.000e+00
       4612     49.500     7.3782     7.6882     0.3097    1.09761    1.11425          1     4.7916     4.7264       9.97     0.0000  6.244e-14  1.000e-12  1.602e+03     9.6608     9.7316     0.0708     7.4895     7.5194     49.045     50.133      0.369    1449.46    1450.81  0.000e+00
       4646     50.000     8.2284     9.0486     0.8178    1.14991    1.19585          1     4.6429     4.5781       9.97     0.0000  6.377e-14  1.000e-12  1.568e+03     9.9136    10.1033     0.1897     7.6139     7.6807     49.540     50.639      0.290    1453.24    1456.73  0.000e+00
       4718     50.500     9.8815    10.6079     0.7264    1.26138    1.30878          1     4.4189     4.1152       9.97     0.0000  6.582e-14  1.000e-12  1.519e+03    10.4585    10.6705     0.2120     7.8676     7.9470     50.036     51.144      0.264    1460.44    1463.49  0.000e+00
       4756     51.000     9.9524     9.5714    -0.3793    1.28998    1.27896          1     4.1251     3.9171       9.97     0.0000  6.591e-14  1.000e-12  1.517e+03    10.6980    10.7113     0.0134     8.0478     8.1007     50.531     51.649      0.373    1461.03    1459.56  0.000e+00
       4793     51.500     9.3033     9.2434    -0.0584    1.27312    1.28499          1     4.1178     3.8686       9.97     0.0000  6.548e-14  1.000e-12  1.527e+03    10.7385    10.8647     0.1262     8.1522     8.2568     51.026     52.155      0.257    1458.56    1458.48  0.000e+00
       4854     52.000     9.5111     9.5360     0.0247    1.31218    1.31775          1     3.9600     3.7397       9.97     0.0000  6.676e-14  1.000e-12  1.498e+03    11.0314    11.0743     0.0430     8.3576     8.3883     51.522     52.660      0.245    1459.74    1459.89  0.000e+00
       4898     52.500     9.5957     9.6532     0.0573    1.32817    1.33265          1     3.8453     3.6403       9.97     0.0000  6.891e-14  1.000e-12  1.451e+03    11.1505    11.1734     0.0229     8.4409     8.4522     52.017     53.165      0.263    1460.22    1460.48  0.000e+00
       4943     53.000     9.8915    10.0145     0.1230    1.35414    1.36160          1     3.8163     3.5988       9.97     0.0000  7.198e-14  1.000e-12  1.390e+03    11.2939    11.3226     0.0288     8.5187     8.5266     52.512     53.670      0.295    1461.55    1462.06  0.000e+00
       4982     53.500    10.5766    10.7655     0.1890    1.41793    1.43236          1     3.6841     3.4960       9.97     0.0000  7.563e-14  1.000e-12  1.323e+03    11.6495    11.7176     0.0681     8.7120     8.7409     53.008     54.175      0.279    1464.61    1465.40  0.000e+00
       5033     54.000    10.9313    11.0779     0.1465    1.45396    1.46585          1     3.5578     3.3665       9.92     0.0000  7.978e-14  1.000e-12  1.254e+03    11.8564    11.9144     0.0580     8.8275     8.8534     53.503     54.679      0.224    1466.21    1466.83  0.000e+00
       5083     54.500    10.7723    10.6197    -0.1526    1.45774    1.45288          1     3.3015     3.2031       9.55     0.0000  8.240e-14  1.000e-12  1.214e+03    11.9412    11.9475     0.0063     8.9134     8.9375     53.998     55.184      0.235    1465.72    1465.15  0.000e+00
       5137     55.000     9.7552     9.5544    -0.2002    1.41481    1.40969          1     3.1887     3.0592       9.17     0.0000  8.456e-14  1.000e-12  1.183e+03    11.8877    11.9071     0.0194     8.9961     9.0340     54.494     55.689      0.265    1461.78    1461.02  0.000e+00
       5171     55.500     9.2527     9.1989    -0.0549    1.40179    1.40502          1     3.0948     2.9866       8.73     0.0000  8.618e-14  1.000e-12  1.160e+03    11.9345    11.9820     0.0476     9.0889     9.1317     54.989     56.194      0.405    1459.89    1459.74  0.000e+00
       5202     56.000     9.4220     9.4762     0.0543    1.43069    1.43838          1     2.9753     2.8472       8.21     0.0000  8.704e-14  1.000e-12  1.149e+03    12.1438    12.1961     0.0523     9.2331     9.2677     55.484     56.698      0.315    1460.81    1461.09  0.000e+00
       5265     56.500     9.6740     9.7788     0.1044    1.46665    1.47829          1     2.9325     2.7666       7.62     0.0000  8.812e-14  1.000e-12  1.135e+03    12.3877    12.4582     0.0705     9.3940     9.4366     55.980     57.203      0.249    1462.10    1462.58  0.000e+00
