ctdpy/tests/etc/all_smhi_bas_2018/SBE09_1044_20181113_0003_34_01_0141.cnv
* Sea-Bird SBE 9 Data File:
* FileName = C:\ctd\temp\ar18d141.hex
* Software Version Seasave V 7.26.7.107
* Temperature SN = 5351
* Conductivity SN = 3941
* Number of Bytes Per Scan = 41
* Number of Voltage Words = 4
* Number of Scans Averaged by the Deck Unit = 1
* NMEA Latitude = 56 40.11 N
* NMEA Longitude = 012 06.61 E
* NMEA UTC (Time) = Nov 13 2018  00:03:36
* NMEA baud rate = 4800
** Station:  Anholt E
** Operator:  A-KTh
** Ship: ARANDA
** Average sound velocity: 1489.30 m/s
** True-depth calculation Tue, 13 Nov 2018 01:28:41 +0000
** CTD Python Module SMHI /ver 3-12/ feb 2012 
** LIMS Job: 20183401-0141
** Cruise: SMHI-6-2018
** Latitude [GG MM.mm N]:
** Longitude [GG MM.mm E]
# nquan = 26
# nvalues = 119                         
# units = specified
# name 0 = scan: Scan Count
# name 1 = prDM: Pressure, Digiquartz [db]
# name 2 = t090C: Temperature [ITS-90, deg C]
# name 3 = t190C: Temperature, 2 [ITS-90, deg C]
# name 4 = T2-T190C: Temperature Difference, 2 - 1 [ITS-90, deg C]
# name 5 = c0S/m: Conductivity [S/m]
# name 6 = c1S/m: Conductivity, 2 [S/m]
# name 7 = pumps: Pump Status
# name 8 = sbeox0ML/L: Oxygen, SBE 43 [ml/l]
# name 9 = sbeox1ML/L: Oxygen, SBE 43, 2 [ml/l]
# name 10 = altM: Altimeter [m]
# name 11 = flECO-AFL: Chl-a Fluorescence, WET Labs ECO-AFL/FL [mg/m^3]
# name 12 = flECO-AFL1: Phycocyanin Fluorescence, WET Labs ECO-AFL/FL, 2 [mg/m^3]
# name 13 = par: PAR/Irradiance, Biospherical/Lico [µE/(cm^2*s)]
# name 14 = turbWETntu0: Turbidity, WET Labs ECO [NTU]
# name 15 = sal00: Salinity, Practical [PSU]
# name 16 = sal11: Salinity, Practical, 2 [PSU]
# name 17 = secS-priS: Salinity, Practical, Difference, 2 - 1 [PSU]
# name 18 = sigma-t00: Density [sigma-t, Kg/m^3 ]
# name 19 = sigma-t11: Density, 2 [sigma-t, Kg/m^3 ]
# name 20 = depSM: Depth [salt water, m], lat = 56.6685
# name 21 = depFM: Depth [true depth, m], lat = 56.6685
# name 22 = dz/dtM: Descent Rate [m/s], WS = 2
# name 23 = svCM: Sound Velocity [Chen-Millero, m/s]
# name 24 = svCM1: Sound Velocity, 2 [Chen-Millero, m/s]
# name 25 = flag: flag
# span 0 =      46241,      49339       
# span 1 =      1.000,     60.000       
# span 2 =    10.0034,    12.6944       
# span 3 =    10.0008,    12.6941       
# span 4 =    -0.0147,     0.0339       
# span 5 =   2.306693,   3.886266       
# span 6 =   2.305255,   3.886437       
# span 7 =          1,          1       
# span 8 =    4.42455,    6.75793       
# span 9 =    4.28319,    6.45423       
# span 10 =       1.91,      98.18      
# span 11 =     0.1382,     2.2440      
# span 12 =     0.1661,     0.4811      
# span 13 = -2.740e-04, 2.1403e-02      
# span 14 =     0.1520,     2.8090      
# span 15 =    20.1141,    34.1059      
# span 16 =    20.1042,    34.1060      
# span 17 =    -0.1451,     0.0498      
# span 18 =    15.3556,    25.9473      
# span 19 =    15.3489,    25.9472      
# span 20 =      0.991,     59.442      
# span 21 =      1.003,     59.756      
# span 22 =     -0.029,      0.575      
# span 23 =    1471.82,    1497.43      
# span 24 =    1471.80,    1497.43      
# span 25 = 0.0000e+00, 0.0000e+00      
# interval = decibars: 0.5              
# start_time = Nov 13 2018 00:03:37 [NMEA time, first data scan]
# bad_flag = -9.990e-29
*END*
      46241      1.000    10.0034    10.0008    -0.0026    2.30669    2.30580          1     6.7240     6.4431      77.36     1.9403     0.4072  2.140e-02  0.2897000    20.1198    20.1128    -0.0071    15.3617    15.3565      0.991      1.003      0.167    1471.82    1471.80  0.000e+00
      46303      1.500    10.0152    10.0076    -0.0076    2.30680    2.30532          1     6.7579     6.4542      68.85     1.9114     0.4464 -2.740e-04  0.3284000    20.1141    20.1042    -0.0099    15.3556    15.3489      1.486      1.505      0.257    1471.86    1471.82  0.000e+00
      46343      2.000    10.0244    10.0098    -0.0147    2.30931    2.30553          1     6.7166     6.4497      33.77     1.7985     0.4202  1.000e-12  0.3091000    20.1329    20.1049    -0.0280    15.3689    15.3492      1.982      2.006      0.338    1471.93    1471.84  0.000e+00
      46376      2.500    10.0079    10.0049    -0.0030    2.30982    2.30525          1     6.7112     6.4392      43.33     1.7937     0.4447  1.000e-12  0.2831000    20.1468    20.1049    -0.0419    15.3820    15.3498      2.477      2.508      0.369    1471.89    1471.83  0.000e+00
      46408      3.000    10.0179    10.0124    -0.0056    2.31848    2.31453          1     6.7062     6.4352      51.51     1.7485     0.3985  1.000e-12  0.2881000    20.2238    20.1892    -0.0346    15.4404    15.4143      2.973      3.009      0.405    1472.03    1471.97  0.000e+00
      46436      3.500    10.0306    10.0645     0.0339    2.33313    2.33255          1     6.6735     6.4092      59.05     1.7373     0.4322  1.000e-12  0.2903000    20.3564    20.3319    -0.0246    15.5418    15.5180      3.468      3.511      0.436    1472.25    1472.34  0.000e+00
      46464      4.000    10.0216    10.0238     0.0023    2.34610    2.33965          1     6.6291     6.3524      59.74     1.8145     0.4573  1.000e-12  0.3017000    20.4854    20.4225    -0.0629    15.6432    15.5940      3.963      4.012      0.441    1472.38    1472.31  0.000e+00
      46490      4.500    10.0228    10.0213    -0.0016    2.35305    2.34970          1     6.5880     6.3102      78.68     1.8289     0.4101  1.000e-12  0.3134000    20.5511    20.5199    -0.0312    15.6941    15.6701      4.459      4.514      0.474    1472.47    1472.43  0.000e+00
      46514      5.000    10.0537    10.0444    -0.0092    2.40324    2.38916          1     6.5538     6.2777      56.51     1.8267     0.3879  1.000e-12  0.3074000    21.0138    20.8843    -0.1295    16.0494    15.9501      4.954      5.015      0.489    1473.15    1472.96  0.000e+00
      46539      5.500    10.0988    10.0947    -0.0042    2.51052    2.49518          1     6.4826     6.2305      61.04     1.9939     0.4430  1.000e-12  0.3095000    22.0172    21.8722    -0.1451    16.8229    16.7107      5.450      5.516      0.486    1474.54    1474.35  0.000e+00
      46564      6.000    10.1318    10.1270    -0.0047    2.55733    2.55570          1     6.4337     6.1810      94.61     2.2298     0.4811  1.000e-12  0.3423000    22.4475    22.4347    -0.0128    17.1526    17.1433      5.945      6.017      0.492    1475.19    1475.16  0.000e+00
      46588      6.500    10.1382    10.1395     0.0014    2.56770    2.57295          1     6.4314     6.1801      71.67     2.2440     0.4597  1.000e-12  0.3433000    22.5433    22.5931     0.0498    17.2261    17.2646      6.440      6.517      0.516    1475.34    1475.40  0.000e+00
      46611      7.000    10.1108    10.1106    -0.0002    2.63088    2.62444          1     6.4494     6.1842      56.67     1.9974     0.3824  1.000e-12  0.3320000    23.1708    23.1086    -0.0622    17.7178    17.6695      6.936      7.018      0.526    1476.00    1475.93  0.000e+00
      46633      7.500    10.1376    10.1389     0.0013    2.67411    2.67282          1     6.4739     6.1870      98.18     1.5022     0.4663  1.000e-12  0.2564000    23.5718    23.5586    -0.0133    18.0257    18.0152      7.431      7.518      0.523    1476.60    1476.59  0.000e+00
      46656      8.000    10.1284    10.1294     0.0010    2.68935    2.68739          1     6.4688     6.1917      87.02     1.4960     0.3495  1.000e-12  0.3104000    23.7255    23.7057    -0.0197    18.1465    18.1310      7.927      8.019      0.529    1476.76    1476.74  0.000e+00
      46679      8.500    10.1702    10.1659    -0.0043    2.71241    2.70957          1     6.4199     6.1475      52.90     1.1463     0.3308  1.000e-12  0.2225000    23.9215    23.8968    -0.0247    18.2927    18.2742      8.422      8.519      0.545    1477.15    1477.11  0.000e+00
      46700      9.000    10.1704    10.1787     0.0083    2.72946    2.72964          1     6.4432     6.1622      37.94     1.0539     0.3370  1.000e-12  0.2031000    24.0867    24.0829    -0.0038    18.4212    18.4170      8.917      9.019      0.553    1477.36    1477.39  0.000e+00
      46722      9.500    10.0562    10.0585     0.0022    2.72765    2.72661          1     6.4880     6.1958      40.89     1.1079     0.3409  1.000e-12  0.2105000    24.1448    24.1332    -0.0116    18.4833    18.4739      9.413      9.519      0.551    1477.02    1477.01  0.000e+00
      46744     10.000    10.1140    10.1084    -0.0056    2.74796    2.74534          1     6.4829     6.1931      44.52     1.1479     0.3525  1.000e-12  0.2195000    24.3037    24.2820    -0.0217    18.5983    18.5823      9.908     10.019      0.552    1477.44    1477.39  0.000e+00
      46766     10.500    10.1382    10.1403     0.0021    2.76033    2.75959          1     6.4486     6.1723      41.94     1.0929     0.3243  1.000e-12  0.2152000    24.4077    24.3991    -0.0086    18.6756    18.6686     10.404     10.519      0.543    1477.66    1477.65  0.000e+00
      46788     11.000    10.1359    10.1392     0.0033    2.77215    2.77008          1     6.4252     6.1499       9.11     0.9778     0.3211  1.000e-12  0.1978000    24.5242    24.5017    -0.0224    18.7665    18.7485     10.899     11.019      0.521    1477.80    1477.78  0.000e+00
      46812     11.500    10.0877    10.0942     0.0066    2.78805    2.78636          1     6.4604     6.1640      18.00     1.0723     0.2805  1.000e-12  0.2285000    24.7117    24.6908    -0.0209    18.9196    18.9023     11.394     11.519      0.513    1477.85    1477.85  0.000e+00
      46835     12.000    10.0756    10.0663    -0.0092    2.81199    2.80901          1     6.4545     6.1551      37.44     1.0931     0.2810  1.000e-12  0.2891000    24.9534    24.9308    -0.0227    19.1094    19.0932     11.890     12.018      0.533    1478.11    1478.05  0.000e+00
      46857     12.500    10.1910    10.1916     0.0006    2.83713    2.83595          1     6.4067     6.1225      27.43     1.5555     0.2622  1.000e-12  0.3201000    25.1191    25.1072    -0.0119    19.2209    19.2115     12.385     12.518      0.552    1478.75    1478.73  0.000e+00
      46878     13.000    10.2086    10.2088     0.0002    2.85107    2.84995          1     6.3727     6.1014      35.42     0.8386     0.2280  1.000e-12  0.2220000    25.2427    25.2317    -0.0110    19.3143    19.3057     12.881     13.018      0.554    1478.97    1478.95  0.000e+00
      46900     13.500    10.2413    10.2404    -0.0008    2.86259    2.86198          1     6.3618     6.0897      46.13     0.5873     0.2474  1.000e-12  0.1813000    25.3321    25.3267    -0.0054    19.3789    19.3748     13.376     13.517      0.551    1479.20    1479.19  0.000e+00
      46922     14.000    10.2812    10.2808    -0.0004    2.87023    2.86977          1     6.3295     6.0654      47.93     0.5594     0.2209  1.000e-12  0.1710000    25.3786    25.3744    -0.0042    19.4089    19.4057     13.871     14.017      0.549    1479.41    1479.41  0.000e+00
      46944     14.500    10.3252    10.3234    -0.0018    2.87877    2.87795          1     6.2993     6.0418      51.75     0.5196     0.2678  1.000e-12  0.1690000    25.4309    25.4242    -0.0067    19.4428    19.4379     14.367     14.516      0.554    1479.65    1479.63  0.000e+00
      46965     15.000    10.3679    10.3675    -0.0005    2.88566    2.88527          1     6.2665     6.0070      51.68     0.4909     0.2431  1.000e-12  0.1783000    25.4678    25.4644    -0.0035    19.4650    19.4623     14.862     15.016      0.555    1479.86    1479.85  0.000e+00
      46987     15.500    10.4274    10.4252    -0.0021    2.89833    2.89690          1     6.2220     5.9563      46.37     0.5541     0.2320  1.000e-12  0.1744000    25.5493    25.5369    -0.0125    19.5191    19.5097     15.358     15.515      0.547    1480.18    1480.16  0.000e+00
      47009     16.000    10.4412    10.4447     0.0034    2.91469    2.91388          1     6.1746     5.9231      45.75     0.6434     0.2627  1.000e-12  0.1906000    25.6983    25.6880    -0.0103    19.6328    19.6242     15.853     16.015      0.541    1480.42    1480.42  0.000e+00
      47031     16.500    10.4461    10.4453    -0.0008    2.93299    2.92996          1     6.1362     5.8862      45.34     0.5785     0.3003  1.000e-12  0.1918000    25.8726    25.8438    -0.0288    19.7675    19.7452     16.348     16.514      0.532    1480.65    1480.62  0.000e+00
      47054     17.000    10.5082    10.5063    -0.0019    2.96978    2.96725          1     6.1163     5.8506      44.81     0.5696     0.1916  1.000e-12  0.2078000    26.1859    26.1627    -0.0232    20.0013    19.9836     16.844     17.014      0.526    1481.27    1481.23  0.000e+00
      47077     17.500    10.5848    10.5778    -0.0068    3.00479    3.00229          1     6.0551     5.8050      44.33     0.4930     0.2325  1.000e-12  0.1976000    26.4710    26.4517    -0.0193    20.2108    20.1968     17.339     17.513      0.539    1481.90    1481.85  0.000e+00
      47099     18.000    10.7056    10.7004    -0.0052    3.04402    3.04205          1     5.9891     5.7485      43.80     0.3830     0.2574  1.000e-12  0.1742000    26.7640    26.7487    -0.0153    20.4191    20.4081     17.834     18.012      0.553    1482.70    1482.66  0.000e+00
      47120     18.500    10.8012    10.7987    -0.0025    3.07087    3.06992          1     5.9210     5.6801      43.29     0.3439     0.2471  1.000e-12  0.1676000    26.9543    26.9469    -0.0073    20.5515    20.5462     18.330     18.511      0.555    1483.28    1483.26  0.000e+00
      47142     19.000    10.8880    10.8847    -0.0033    3.09773    3.09583          1     5.8585     5.6258      42.76     0.3337     0.2477  1.000e-12  0.1677000    27.1503    27.1342    -0.0160    20.6896    20.6777     18.825     19.010      0.545    1483.83    1483.80  0.000e+00
      47164     19.500    10.9707    10.9689    -0.0018    3.12106    3.12027          1     5.8359     5.6126      42.22     0.3578     0.2709  1.000e-12  0.1870000    27.3145    27.3082    -0.0063    20.8036    20.7990     19.321     19.509      0.538    1484.34    1484.32  0.000e+00
      47187     20.000    11.0394    11.0342    -0.0051    3.13951    3.13823          1     5.8380     5.6083      21.22     0.2632     0.2345  1.000e-12  0.1637000    27.4415    27.4331    -0.0084    20.8909    20.8852     19.816     20.008      0.541    1484.74    1484.71  0.000e+00
      47209     20.500    11.1235    11.1205    -0.0030    3.15844    3.15776          1     5.8085     5.5644      24.20     0.2172     0.2219  1.000e-12  0.1520000    27.5613    27.5570    -0.0043    20.9699    20.9670     20.311     20.507      0.551    1485.20    1485.18  0.000e+00
      47230     21.000    11.2037    11.2031    -0.0006    3.17211    3.17205          1     5.7539     5.5150      40.33     0.1916     0.2105  1.000e-12  0.1531000    27.6328    27.6328    -0.0001    21.0120    21.0120     20.807     21.006      0.553    1485.58    1485.57  0.000e+00
      47252     21.500    11.2411    11.2412     0.0001    3.17802    3.17799          1     5.6717     5.4466      40.08     0.1783     0.2316  1.000e-12  0.1561000    27.6616    27.6612    -0.0004    21.0280    21.0277     21.302     21.504      0.546    1485.75    1485.75  0.000e+00
      47274     22.000    11.3220    11.3134    -0.0086    3.19630    3.19425          1     5.5599     5.3463      39.59     0.1946     0.2144  1.000e-12  0.1652000    27.7763    27.7631    -0.0133    21.1033    21.0945     21.797     22.003      0.541    1486.18    1486.14  0.000e+00
      47296     22.500    11.4764    11.4738    -0.0027    3.23443    3.23378          1     5.3392     5.1562      20.32     0.2540     0.1727  1.000e-12  0.1772000    28.0258    28.0216    -0.0042    21.2705    21.2678     22.293     22.502      0.541    1487.04    1487.02  0.000e+00
      47319     23.000    11.7083    11.7039    -0.0043    3.31524    3.31284          1     5.1420     4.9874      10.05     0.3338     0.2084  1.000e-12  0.2412000    28.6221    28.6025    -0.0196    21.6928    21.6783     22.788     23.000      0.544    1488.57    1488.53  0.000e+00
      47341     23.500    11.8045    11.8050     0.0004    3.36705    3.36727          1     5.0355     4.8809      15.26     0.2779     0.2471  1.000e-12  0.2457000    29.0428    29.0445     0.0017    22.0020    22.0032     23.284     23.499      0.548    1489.42    1489.43  0.000e+00
      47362     24.000    11.9764    11.9743    -0.0021    3.43900    3.43808          1     4.9323     4.7739      23.42     0.2388     0.2134  1.000e-12  0.2291000    29.5945    29.5873    -0.0071    22.3989    22.3938     23.779     23.997      0.546    1490.69    1490.67  0.000e+00
      47385     24.500    12.0903    12.0861    -0.0042    3.48868    3.48568          1     4.8038     4.6602      28.13     0.2320     0.2071  1.000e-12  0.2198000    29.9773    29.9520    -0.0253    22.6750    22.6561     24.274     24.495      0.536    1491.54    1491.50  0.000e+00
      47407     25.000    12.1967    12.1947    -0.0020    3.54578    3.54441          1     4.6891     4.5598      35.49     0.2220     0.2396  1.000e-12  0.2244000    30.4355    30.4240    -0.0114    23.0106    23.0021     24.770     24.993      0.537    1492.47    1492.45  0.000e+00
      47429     25.500    12.2665    12.2664    -0.0001    3.58304    3.58229          1     4.6879     4.5310      35.83     0.2072     0.2577  1.000e-12  0.2380000    30.7333    30.7263    -0.0071    23.2285    23.2231     25.265     25.491      0.555    1493.07    1493.06  0.000e+00
      47450     26.000    12.2864    12.2859    -0.0005    3.62215    3.62014          1     4.7391     4.5637      35.56     0.2038     0.2074  1.000e-12  0.2431000    31.0896    31.0707    -0.0188    23.5009    23.4864     25.760     25.988      0.569    1493.57    1493.54  0.000e+00
      47471     26.500    12.3465    12.3433    -0.0032    3.68349    3.68038          1     4.7604     4.5781      35.20     0.1699     0.2481  1.000e-12  0.2463000    31.6243    31.5974    -0.0270    23.9041    23.8838     26.256     26.486      0.557    1494.42    1494.37  0.000e+00
      47494     27.000    12.4162    12.4166     0.0004    3.76011    3.75696          1     4.7673     4.5843      34.81     0.2226     0.2142  1.000e-12  0.2820000    32.2968    32.2664    -0.0304    24.4121    24.3885     26.751     26.983      0.540    1495.47    1495.43  0.000e+00
      47516     27.500    12.4180    12.4181     0.0000    3.78813    3.78729          1     4.7439     4.5666      34.34     0.2361     0.2353  1.000e-12  0.3406000    32.5630    32.5549    -0.0081    24.6181    24.6118     27.246     27.480      0.542    1495.80    1495.79  0.000e+00
      47538     28.000    12.4390    12.4381    -0.0008    3.80902    3.80861          1     4.6840     4.5246      33.78     0.2223     0.2304  1.000e-12  0.4519000    32.7445    32.7414    -0.0031    24.7548    24.7525     27.742     27.977      0.540    1496.09    1496.08  0.000e+00
