ctdpy/tests/etc/all_smhi_bas_2018/SBE09_0827_20180829_0929_26_01_0933.cnv
* Sea-Bird SBE 9 Data File:
* FileName = D:\CTD_SBE911\DAT\26DA.2018.8.133.hex
* Software Version Seasave V 7.21d
* Temperature SN = 034605
* Conductivity SN = 041844
* Number of Bytes Per Scan = 48
* Number of Voltage Words = 5
* Number of Scans Averaged by the Deck Unit = 1
* NMEA Latitude = 56 52.50 N
* NMEA Longitude = 012 16.05 E
* NMEA UTC (Time) = Aug 29 2018  09:31:32
* NMEA baud rate = 4800
** Ship: DANA
** Average sound velocity: 1501.47 m/s
** True-depth calculation Wed, 24 Apr 2019 11:51:38 +0000
** CTD Python Module SMHI /ver 3-12/ feb 2012 
** LIMS Job: 20182601-0933
**  MORUPS BANK
** Operator: Christian
** Cruise: 08/2018
# nquan = 26
# nvalues = 54                          
# units = specified
# name 0 = scan: Scan Count
# name 1 = prDM: Pressure, Digiquartz [db]
# name 2 = t090C: Temperature [ITS-90, deg C]
# name 3 = t190C: Temperature, 2 [ITS-90, deg C]
# name 4 = T2-T190C: Temperature Difference, 2 - 1 [ITS-90, deg C]
# name 5 = c0S/m: Conductivity [S/m]
# name 6 = c1S/m: Conductivity, 2 [S/m]
# name 7 = pumps: Pump Status
# name 8 = sbeox1ML/L: Oxygen, SBE 43, 2 [ml/l]
# name 9 = sbeox0ML/L: Oxygen, SBE 43 [ml/l]
# name 10 = altM: Altimeter [m]
# name 11 = chloroflTC0: Chlorophyll, Turner Cyclops [ug/l]
# name 12 = cpar: CPAR/Corrected Irradiance [%]
# name 13 = par: PAR/Irradiance, Biospherical/Lico [µE/(cm^2*s)]
# name 14 = spar: SPAR, Biospherical/Licor
# name 15 = sal00: Salinity, Practical [PSU]
# name 16 = sal11: Salinity, Practical, 2 [PSU]
# name 17 = secS-priS: Salinity, Practical, Difference, 2 - 1 [PSU]
# name 18 = sigma-t00: Density [sigma-t, kg/m^3 ]
# name 19 = sigma-t11: Density, 2 [sigma-t, kg/m^3 ]
# name 20 = depSM: Depth [salt water, m], lat = 56.875
# name 21 = depFM: Depth [true depth, m], lat = 56.875
# name 22 = dz/dtM: Descent Rate [m/s], WS = 2
# name 23 = svCM: Sound Velocity [Chen-Millero, m/s]
# name 24 = svCM1: Sound Velocity, 2 [Chen-Millero, m/s]
# name 25 = flag: flag
# span 0 =        207,       3035       
# span 1 =      1.500,     28.000       
# span 2 =    10.3033,    18.4621       
# span 3 =     9.9584,    18.4656       
# span 4 =    -0.4178,     0.0728       
# span 5 =   3.081348,   3.964021       
# span 6 =   3.075265,   3.977106       
# span 7 =          1,          1       
# span 8 =     4.3119,     6.1132       
# span 9 =     4.4862,     5.7983       
# span 10 =       1.05,       9.99      
# span 11 =     0.0486,     0.2338      
# span 12 = -4.907e-06, 8.0861e+00      
# span 13 = -1.654e-05, 2.7198e+01      
# span 14 = 3.3528e+02, 3.3712e+02      
# span 15 =    22.2992,    33.1462      
# span 16 =    22.2642,    33.2727      
# span 17 =    -0.0449,     2.1865      
# span 18 =    15.4974,    25.4533      
# span 19 =    15.4763,    25.5987      
# span 20 =      1.486,     27.741      
# span 21 =      1.504,     27.987      
# span 22 =     -0.038,      0.273      
# span 23 =    1489.12,    1508.73      
# span 24 =    1488.02,    1509.08      
# span 25 = 0.0000e+00, 0.0000e+00      
# interval = decibars: 0.5              
# start_time = Aug 29 2018 09:31:32 [NMEA time, first data scan]
# bad_flag = -9.990e-29
*END*
        207      1.500    18.3308    18.3086    -0.0222    3.08240    3.07526          1     6.1132     5.7983       9.98     0.1746  8.086e+00  2.720e+01  3.364e+02    22.3091    22.2642    -0.0449    15.5054    15.4763      1.486      1.504      0.193    1502.45    1502.33  0.000e+00
        264      2.000    18.3332    18.3917     0.0584    3.08135    3.09212          1     6.1082     5.7955       9.98     0.1754  6.957e+00  2.340e+01  3.363e+02    22.2992    22.3535     0.0543    15.4974    15.5253      1.982      2.006      0.215    1502.45    1502.69  0.000e+00
        317      2.500    18.4167    18.4593     0.0426    3.10261    3.11365          1     6.1042     5.7641       9.98     0.1714  6.256e+00  2.099e+01  3.355e+02    22.4235    22.4883     0.0648    15.5728    15.6124      2.477      2.507      0.224    1502.85    1503.05  0.000e+00
        370      3.000    18.4597    18.4656     0.0059    3.11435    3.11574          1     6.1024     5.7551       9.98     0.1818  5.666e+00  1.900e+01  3.353e+02    22.4935    22.5014     0.0079    15.6162    15.6209      2.972      3.009      0.236    1503.07    1503.09  0.000e+00
        418      3.500    18.4621    18.4624     0.0003    3.11525    3.11578          1     6.0624     5.7429       9.98     0.1840  4.904e+00  1.644e+01  3.353e+02    22.4993    22.5033     0.0040    15.6201    15.6231      3.468      3.510      0.270    1503.09    1503.09  0.000e+00
        465      4.000    18.4588    18.4523    -0.0065    3.11540    3.11588          1     5.9835     5.7375       9.98     0.1844  4.318e+00  1.449e+01  3.355e+02    22.5021    22.5095     0.0074    15.6230    15.6301      3.963      4.012      0.250    1503.09    1503.08  0.000e+00
        511      4.500    18.4338    18.4100    -0.0238    3.12064    3.12370          1     6.0711     5.7434       9.98     0.2123  3.990e+00  1.340e+01  3.358e+02    22.5574    22.5948     0.0374    15.6708    15.7048      4.459      4.513      0.254    1503.09    1503.06  0.000e+00
        559      5.000    18.3865    18.3645    -0.0219    3.12598    3.12530          1     6.0582     5.7248       9.98     0.2089  3.517e+00  1.184e+01  3.366e+02    22.6257    22.6323     0.0066    15.7337    15.7437      4.954      5.015      0.244    1503.03    1502.97  0.000e+00
        614      5.500    18.3674    18.3502    -0.0171    3.12392    3.12228          1     6.0327     5.7391       9.98     0.1893  3.073e+00  1.034e+01  3.366e+02    22.6196    22.6159    -0.0037    15.7334    15.7345      5.449      5.516      0.215    1502.97    1502.92  0.000e+00
        669      6.000    18.3569    18.3503    -0.0067    3.12372    3.12818          1     6.0380     5.7340       9.98     0.1886  2.774e+00  9.314e+00  3.358e+02    22.6236    22.6629     0.0393    15.7389    15.7703      5.945      6.017      0.210    1502.95    1502.98  0.000e+00
        724      6.500    18.3444    18.2958    -0.0486    3.13268    3.15703          1     6.0146     5.7012       9.98     0.1938  2.503e+00  8.402e+00  3.356e+02    22.7020    22.9237     0.2217    15.8014    15.9813      6.440      6.519      0.234    1503.02    1503.12  0.000e+00
        772      7.000    18.3194    18.2844    -0.0350    3.14586    3.16100          1     5.9715     5.6821       9.98     0.1997  2.221e+00  7.474e+00  3.366e+02    22.8210    22.9618     0.1407    15.8977    16.0129      6.936      7.020      0.259    1503.08    1503.13  0.000e+00
        818      7.500    18.3036    18.2815    -0.0220    3.15293    3.16119          1     6.0141     5.6715       9.98     0.2002  1.996e+00  6.729e+00  3.370e+02    22.8863    22.9647     0.0784    15.9510    16.0158      7.431      7.521      0.268    1503.12    1503.14  0.000e+00
        865      8.000    18.2704    18.1241    -0.1463    3.15293    3.15360          1     5.9654     5.6295       9.98     0.1959  1.795e+00  6.050e+00  3.371e+02    22.9045    22.9914     0.0869    15.9725    16.0720      7.926      8.023      0.240    1503.04    1502.70  0.000e+00
        915      8.500    18.0875    18.0456    -0.0420    3.16513    3.17032          1     5.9022     5.5690       9.98     0.1892  1.607e+00  5.416e+00  3.371e+02    23.1047    23.1700     0.0654    16.1667    16.2260      8.422      8.524      0.236    1502.73    1502.67  0.000e+00
        970      9.000    18.1204    18.1542     0.0338    3.18608    3.19196          1     5.9267     5.6411       9.98     0.1993  1.432e+00  4.829e+00  3.371e+02    23.2547    23.2829     0.0282    16.2734    16.2872      8.917      9.025      0.207    1503.00    1503.14  0.000e+00
       1027      9.500    18.1675    18.1573    -0.0102    3.19939    3.20183          1     5.9354     5.6388       9.98     0.2253  1.288e+00  4.340e+00  3.370e+02    23.3352    23.3606     0.0254    16.3240    16.3457      9.413      9.526      0.217    1503.24    1503.24  0.000e+00
       1081     10.000    18.1436    18.1278    -0.0158    3.20143    3.20843          1     5.8982     5.6213       9.98     0.2177  1.164e+00  3.922e+00  3.370e+02    23.3650    23.4304     0.0654    16.3521    16.4055      9.908     10.027      0.229    1503.21    1503.24  0.000e+00
       1131     10.500    18.1311    18.1201    -0.0110    3.20501    3.21249          1     5.9054     5.5837       9.98     0.2316  1.051e+00  3.544e+00  3.371e+02    23.4008    23.4674     0.0665    16.3823    16.4355     10.403     10.528      0.252    1503.23    1503.27  0.000e+00
       1177     11.000    18.1292    18.1210    -0.0081    3.21259    3.22038          1     5.8225     5.5134       9.98     0.2148  9.577e-01  3.229e+00  3.371e+02    23.4629    23.5304     0.0675    16.4300    16.4833     10.899     11.029      0.264    1503.30    1503.35  0.000e+00
       1224     11.500    18.1245    18.1143    -0.0102    3.21829    3.22519          1     5.8167     5.5107       9.98     0.2249  8.664e-01  2.921e+00  3.371e+02    23.5114    23.5728     0.0614    16.4680    16.5172     11.394     11.530      0.247    1503.35    1503.39  0.000e+00
       1274     12.000    18.1126    18.1027    -0.0099    3.22508    3.22781          1     5.7683     5.5131       9.98     0.2338  7.806e-01  2.631e+00  3.371e+02    23.5728    23.6005     0.0277    16.5175    16.5409     11.890     12.031      0.227    1503.39    1503.39  0.000e+00
       1331     12.500    18.0919    18.0834    -0.0085    3.23051    3.23264          1     5.8454     5.5328       9.98     0.2021  6.917e-01  2.332e+00  3.371e+02    23.6284    23.6505     0.0221    16.5646    16.5834     12.385     12.532      0.204    1503.40    1503.40  0.000e+00
       1389     13.000    18.0850    18.0811    -0.0039    3.23277    3.23390          1     5.8494     5.5474       9.98     0.1974  6.087e-01  2.052e+00  3.371e+02    23.6505    23.6619     0.0113    16.5831    16.5926     12.880     13.033      0.211    1503.41    1503.41  0.000e+00
       1445     13.500    18.0779    18.0165    -0.0613    3.23252    3.23139          1     5.8967     5.5734       8.85     0.2052  5.375e-01  1.812e+00  3.371e+02    23.6524    23.6787     0.0263    16.5861    16.6201     13.376     13.534      0.228    1503.40    1503.24  0.000e+00
       1494     14.000    18.0303    17.9698    -0.0604    3.23062    3.22922          1     5.9024     5.6187       9.99     0.1980  4.785e-01  1.613e+00  3.371e+02    23.6644    23.6879     0.0235    16.6061    16.6378     13.871     14.035      0.255    1503.28    1503.12  0.000e+00
       1540     14.500    17.9961    17.9789    -0.0172    3.22941    3.22935          1     5.9397     5.6185       9.88     0.1871  4.264e-01  1.437e+00  3.371e+02    23.6742    23.6835     0.0093    16.6213    16.6324     14.366     14.536      0.260    1503.19    1503.15  0.000e+00
       1587     15.000    17.9890    17.9651    -0.0239    3.22926    3.23110          1     5.9448     5.6371       7.93     0.1896  3.787e-01  1.277e+00  3.371e+02    23.6769    23.7056     0.0287    16.6250    16.6523     14.862     15.037      0.247    1503.18    1503.14  0.000e+00
       1639     15.500    17.9756    17.9533    -0.0222    3.23071    3.23398          1     5.9178     5.6347       8.34     0.2080  3.374e-01  1.137e+00  3.371e+02    23.6962    23.7356     0.0394    16.6428    16.6779     15.357     15.538      0.219    1503.17    1503.15  0.000e+00
       1695     16.000    17.9487    17.8715    -0.0772    3.23497    3.24514          1     5.9174     5.6386       9.99     0.1815  3.032e-01  1.022e+00  3.371e+02    23.7461    23.8735     0.1274    16.6869    16.8016     15.853     16.039      0.208    1503.16    1503.06  0.000e+00
       1753     16.500    17.9069    17.8558    -0.0514    3.26043    3.28704          1     5.7860     5.4987       9.97     0.1612  2.718e-01  9.162e-01  3.371e+02    23.9770    24.2242     0.2472    16.8724    17.0725     16.348     16.540      0.222    1503.30    1503.42  0.000e+00
       1804     17.000    17.7221    17.4657    -0.2561    3.34817    3.59322          1     5.4520     5.2644       9.97     0.1911  2.421e-01  8.161e-01  3.371e+02    24.8036    26.9901     2.1865    17.5448    19.2722     16.843     17.040      0.232    1503.68    1505.38  0.000e+00
       1855     17.500    17.6175    17.6476     0.0302    3.55327    3.81066          1     5.3553     5.1633       9.97     0.2009  2.169e-01  7.313e-01  3.371e+02    26.5587    28.6796     2.1209    18.9081    20.5211     17.339     17.541      0.253    1505.36    1507.86  0.000e+00
       1900     18.000    17.7341    17.8069     0.0728    3.79692    3.90221          1     5.4074     5.1328       9.97     0.1829  1.969e-01  6.637e-01  3.371e+02    28.5041    29.3320     0.8279    20.3668    20.9823     17.834     18.040      0.262    1507.92    1509.08  0.000e+00
       1948     18.500    17.6332    17.5378    -0.0954    3.90424    3.93792          1     5.4120     5.0693       9.97     0.1470  1.775e-01  5.985e-01  3.371e+02    29.4744    29.8269     0.3524    21.1320    21.4238     18.329     18.539      0.251    1508.73    1508.85  0.000e+00
       1996     19.000    17.3371    17.1948    -0.1425    3.93603    3.94950          1     5.3126     4.9989       9.93     0.1380  1.573e-01  5.305e-01  3.371e+02    29.9587    30.1787     0.2201    21.5714    21.7728     18.825     19.038      0.231    1508.40    1508.22  0.000e+00
       2052     19.500    16.7916    16.4415    -0.3500    3.95066    3.96388          1     5.2061     4.9132       9.56     0.1353  1.381e-01  4.655e-01  3.371e+02    30.4925    30.8744     0.3820    22.1056    22.4779     19.320     19.536      0.212    1507.36    1506.72  0.000e+00
       2109     20.000    16.3450    16.0968    -0.2486    3.96402    3.97711          1     5.2094     4.9063       9.07     0.1254  1.224e-01  4.125e-01  3.371e+02    30.9505    31.2575     0.3070    22.5581    22.8494     19.816     20.034      0.213    1506.52    1506.11  0.000e+00
       2162     20.500    15.4165    14.9988    -0.4178    3.94370    3.94932          1     5.0449     4.6210       8.58     0.1108  1.093e-01  3.685e-01  3.371e+02    31.5069    31.8955     0.3886    23.1884    23.5776     20.311     20.532      0.249    1504.25    1503.37  0.000e+00
       2208     21.000    14.1207    14.0038    -0.1166    3.89506    3.90095          1     4.9515     4.7828       8.10     0.0905  9.686e-02  3.265e-01  3.371e+02    32.1209    32.2726     0.1517    23.9382    24.0793     20.806     21.030      0.257    1500.84    1500.63  0.000e+00
       2255     21.500    13.9384    13.7907    -0.1473    3.89893    3.90351          1     4.9852     4.8036       7.62     0.0764  8.526e-02  2.874e-01  3.371e+02    32.3089    32.4759     0.1670    24.1208    24.2799     21.302     21.527      0.257    1500.47    1500.18  0.000e+00
       2301     22.000    13.5295    13.4117    -0.1183    3.87609    3.87860          1     4.9475     4.8481       7.13     0.0660  7.457e-02  2.514e-01  3.371e+02    32.4421    32.5659     0.1239    24.3068    24.4262     21.797     22.024      0.256    1499.29    1499.04  0.000e+00
       2351     22.500    13.3012    13.1932    -0.1079    3.86146    3.86419          1     4.9510     4.8311       6.64     0.0625  6.477e-02  2.183e-01  3.371e+02    32.4996    32.6177     0.1181    24.3969    24.5097     22.292     22.521      0.231    1498.61    1498.39  0.000e+00
       2405     23.000    13.0643    12.9869    -0.0773    3.84564    3.84824          1     4.9436     4.7924       6.14     0.0624  5.638e-02  1.900e-01  3.371e+02    32.5534    32.6447     0.0912    24.4855    24.5713     22.788     23.018      0.220    1497.89    1497.74  0.000e+00
       2458     23.500    12.9707    12.9154    -0.0556    3.83948    3.84178          1     4.9554     4.8050       5.66     0.0614  4.704e-02  1.586e-01  3.371e+02    32.5756    32.6449     0.0693    24.5210    24.5855     23.283     23.515      0.225    1497.61    1497.51  0.000e+00
       2510     24.000    12.8602    12.7310    -0.1290    3.82988    3.82809          1     4.9613     4.7839       5.17     0.0628  3.925e-02  1.323e-01  3.371e+02    32.5797    32.6744     0.0947    24.5458    24.6442     23.778     24.012      0.251    1497.25    1496.93  0.000e+00
       2555     24.500    12.5525    12.3464    -0.2065    3.80519    3.80022          1     4.9207     4.7754       4.69     0.0598  3.218e-02  1.085e-01  3.371e+02    32.6107    32.7426     0.1318    24.6293    24.7709     24.274     24.510      0.273    1496.26    1495.72  0.000e+00
       2599     25.000    12.0358    11.8154    -0.2200    3.77006    3.76607          1     4.8776     4.7566       4.23     0.0544  2.528e-02  8.523e-02  3.371e+02    32.7237    32.8790     0.1553    24.8148    24.9765     24.769     25.007      0.272    1494.64    1494.07  0.000e+00
       2643     25.500    11.6968    11.6377    -0.0593    3.74851    3.75155          1     4.8454     4.7222       4.06     0.0506  1.908e-02  6.432e-02  3.371e+02    32.8128    32.8948     0.0819    24.9470    25.0215     25.265     25.503      0.268    1493.59    1493.48  0.000e+00
       2690     26.000    11.5292    11.4601    -0.0692    3.73747    3.73991          1     4.8218     4.7137       3.44     0.0494  1.310e-02  4.418e-02  3.371e+02    32.8533    32.9387     0.0854    25.0091    25.0881     25.760     26.000      0.248    1493.06    1492.92  0.000e+00
       2740     26.500    11.3054    11.1674    -0.1384    3.72151    3.72214          1     4.8088     4.6535       3.18     0.0501  7.814e-03  2.634e-02  3.371e+02    32.8957    33.0255     0.1298    25.0825    25.2082     26.255     26.497      0.229    1492.34    1492.01  0.000e+00
       2796     27.000    10.7070    10.3370    -0.3692    3.68016    3.66775          1     4.6680     4.5287       2.18     0.0486  2.956e-03  9.965e-03  3.371e+02    33.0230    33.2349     0.2119    25.2877    25.5166     26.751     26.994      0.213    1490.40    1489.34  0.000e+00
       2848     27.500    10.4310    10.0275    -0.4037    3.66252    3.64343          1     4.5043     4.4862       3.53     0.0520  1.032e-04  3.477e-04  3.371e+02    33.0962    33.2727     0.1765    25.3925    25.5987     27.246     27.491      0.236    1489.51    1488.28  0.000e+00
       3035     28.000    10.3033     9.9584    -0.3453    3.65593    3.63542          1     4.3119     4.5155       1.05     0.0608 -4.907e-06 -1.654e-05  3.371e+02    33.1462    33.2546     0.1084    25.4533    25.5962     27.741     27.987     -0.038    1489.12    1488.02  0.000e+00
