ctdpy/tests/etc/all_smhi_bas_2018/SBE09_0827_20181009_1944_26_01_1054.cnv
* Sea-Bird SBE 9 Data File:
* FileName = D:\CTD_SBE911\DAT\26DA.2018.10.54.hex
* Software Version Seasave V 7.21d
* Temperature SN = 4548
* Conductivity SN = 3062
* Number of Bytes Per Scan = 48
* Number of Voltage Words = 5
* Number of Scans Averaged by the Deck Unit = 1
* NMEA Latitude = 58 44.99 N
* NMEA Longitude = 019 31.25 E
* NMEA UTC (Time) = Oct 09 2018  19:47:06
* NMEA baud rate = 4800
** Ship: DANA
** Average sound velocity: 1446.36 m/s
** True-depth calculation Thu, 28 Mar 2019 12:22:46 +0000
** CTD Python Module SMHI /ver 3-12/ feb 2012 
** LIMS Job: 20182601-1054
** Operator: Christian A-KTh
** Cruise: 10/2018
# nquan = 26
# nvalues = 294                         
# units = specified
# name 0 = scan: Scan Count
# name 1 = prDM: Pressure, Digiquartz [db]
# name 2 = t090C: Temperature [ITS-90, deg C]
# name 3 = t190C: Temperature, 2 [ITS-90, deg C]
# name 4 = T2-T190C: Temperature Difference, 2 - 1 [ITS-90, deg C]
# name 5 = c0S/m: Conductivity [S/m]
# name 6 = c1S/m: Conductivity, 2 [S/m]
# name 7 = pumps: Pump Status
# name 8 = sbeox1ML/L: Oxygen, SBE 43, 2 [ml/l]
# name 9 = sbeox0ML/L: Oxygen, SBE 43 [ml/l]
# name 10 = altM: Altimeter [m]
# name 11 = chloroflTC0: Chlorophyll, Turner Cyclops [ug/l]
# name 12 = cpar: CPAR/Corrected Irradiance [%]
# name 13 = par: PAR/Irradiance, Biospherical/Lico [µE/(cm^2*s)]
# name 14 = spar: SPAR, Biospherical/Licor
# name 15 = sal00: Salinity, Practical [PSU]
# name 16 = sal11: Salinity, Practical, 2 [PSU]
# name 17 = secS-priS: Salinity, Practical, Difference, 2 - 1 [PSU]
# name 18 = sigma-t00: Density [sigma-t, kg/m^3 ]
# name 19 = sigma-t11: Density, 2 [sigma-t, kg/m^3 ]
# name 20 = depSM: Depth [salt water, m], lat = 58.7498
# name 21 = depFM: Depth [true depth, m], lat = 58.7498
# name 22 = dz/dtM: Descent Rate [m/s], WS = 2
# name 23 = svCM: Sound Velocity [Chen-Millero, m/s]
# name 24 = svCM1: Sound Velocity, 2 [Chen-Millero, m/s]
# name 25 = flag: flag
# span 0 =       -350,      13556       
# span 1 =      1.500,    148.000       
# span 2 =     3.2634,    10.7690       
# span 3 =     3.2649,    10.7699       
# span 4 =    -0.1071,     0.7088       
# span 5 =   0.752969,   1.239860       
# span 6 =   0.753874,   1.239740       
# span 7 =          1,          1       
# span 8 =     0.0388,     7.4284       
# span 9 =     0.0396,     7.3599       
# span 10 =      -0.92,      10.54      
# span 11 =     0.0159,     0.0297      
# span 12 = -3.585e+01, 3.7138e+03      
# span 13 = 1.0000e-12, 1.0000e-12      
# span 14 = 1.9554e+00, 2.0315e+00      
# span 15 =     6.6628,    11.3692      
# span 16 =     6.6626,    11.3680      
# span 17 =    -0.1345,     0.0034      
# span 18 =     4.8215,     8.9145      
# span 19 =     4.8212,     8.9136      
# span 20 =      1.486,    146.567      
# span 21 =      1.520,    149.720      
# span 22 =     -0.583,      0.982      
# span 23 =    1428.76,    1459.08      
# span 24 =    1428.79,    1459.08      
# span 25 = 0.0000e+00, 0.0000e+00      
# interval = decibars: 0.5              
# start_time = Oct 09 2018 19:47:06 [NMEA time, first data scan]
# bad_flag = -9.990e-29
*END*
[from data line 279]
      12218    141.000     6.1904     6.1874    -0.0029    1.22647    1.22579          1     0.0461     0.0471       9.40     0.0170  4.924e-11  1.000e-12  2.031e+00    11.2581    11.2522    -0.0059     8.8313     8.8269    139.637    142.653      0.490    1447.96    1447.94  0.000e+00
      12242    141.500     6.1914     6.1898    -0.0016    1.22673    1.22630          1     0.0461     0.0474       8.91     0.0170  4.924e-11  1.000e-12  2.031e+00    11.2602    11.2565    -0.0037     8.8328     8.8300    140.132    143.158      0.511    1447.97    1447.96  0.000e+00
      12266    142.000     6.1955     6.1932    -0.0022    1.22761    1.22700          1     0.0461     0.0457       8.41     0.0171  4.924e-11  1.000e-12  2.031e+00    11.2675    11.2622    -0.0053     8.8383     8.8343    140.627    143.663      0.469    1448.01    1447.99  0.000e+00
      12295    142.500     6.1996     6.1960    -0.0036    1.22855    1.22760          1     0.0460     0.0463       7.85     0.0172  4.924e-11  1.000e-12  2.031e+00    11.2753    11.2671    -0.0082     8.8442     8.8380    141.122    144.168      0.387    1448.04    1448.02  0.000e+00
      12326    143.000     6.2106     6.2019    -0.0087    1.23090    1.22886          1     0.0444     0.0457       7.37     0.0178  4.924e-11  1.000e-12  2.031e+00    11.2950    11.2776    -0.0174     8.8589     8.8458    141.617    144.673      0.419    1448.12    1448.06  0.000e+00
      12352    143.500     6.2160     6.2099    -0.0061    1.23216    1.23065          1     0.0456     0.0472       6.92     0.0172  4.924e-11  1.000e-12  2.031e+00    11.3055    11.2926    -0.0129     8.8669     8.8571    142.112    145.177      0.528    1448.16    1448.12  0.000e+00
      12373    144.000     6.2265     6.2218    -0.0047    1.23446    1.23316          1     0.0463     0.0424       6.42     0.0170  4.924e-11  1.000e-12  2.031e+00    11.3248    11.3134    -0.0113     8.8813     8.8727    142.607    145.682      0.556    1448.24    1448.21  0.000e+00
      12395    144.500     6.2340     6.2276    -0.0064    1.23613    1.23457          1     0.0464     0.0462       5.90     0.0170  4.924e-11  1.000e-12  2.031e+00    11.3388    11.3255    -0.0133     8.8918     8.8817    143.102    146.187      0.493    1448.30    1448.25  0.000e+00
      12423    145.000     6.2386     6.2333    -0.0053    1.23710    1.23590          1     0.0461     0.0452       5.37     0.0171  4.924e-11  1.000e-12  2.031e+00    11.3468    11.3367    -0.0101     8.8977     8.8902    143.597    146.692      0.420    1448.34    1448.30  0.000e+00
      12452    145.500     6.2407     6.2374    -0.0034    1.23749    1.23674          1     0.0437     0.0442       4.88     0.0171  4.924e-11  1.000e-12  2.031e+00    11.3499    11.3435    -0.0064     8.9001     8.8953    144.092    147.197      0.428    1448.36    1448.34  0.000e+00
      12478    146.000     6.2422     6.2404    -0.0017    1.23787    1.23737          1     0.0442     0.0452       4.42     0.0170  4.924e-11  1.000e-12  2.031e+00    11.3530    11.3487    -0.0044     8.9024     8.8991    144.587    147.701      0.510    1448.38    1448.36  0.000e+00
      12499    146.500     6.2471     6.2456    -0.0015    1.23895    1.23844          1     0.0453     0.0445       3.95     0.0169  4.924e-11  1.000e-12  2.031e+00    11.3620    11.3574    -0.0046     8.9092     8.9057    145.082    148.206      0.615    1448.42    1448.40  0.000e+00
      12518    147.000     6.2501     6.2476    -0.0024    1.23958    1.23899          1     0.0452     0.0445       3.48     0.0170  4.924e-11  1.000e-12  2.031e+00    11.3672    11.3621    -0.0051     8.9130     8.9092    145.577    148.711      0.665    1448.44    1448.43  0.000e+00
      12535    147.500     6.2511     6.2497    -0.0014    1.23979    1.23942          1     0.0435     0.0446       2.95     0.0170  4.924e-11  1.000e-12  2.031e+00    11.3688    11.3657    -0.0032     8.9143     8.9119    146.072    149.216      0.604    1448.46    1448.45  0.000e+00
      13556    148.000     6.2518     6.2517    -0.0000    1.23986    1.23974          1     0.0388     0.0396       2.71     0.0170  4.924e-11  1.000e-12  2.031e+00    11.3692    11.3680    -0.0012     8.9145     8.9136    146.567    149.720      0.052    1448.47    1448.47  0.000e+00
