ctdpy/tests/etc/all_smhi_bas_2018/SBE09_1044_20180419_0631_34_07_0020.cnv
* Sea-Bird SBE 9 Data File:
* FileName = C:\ctd\temp\2018\AU18D020.hex
* Software Version Seasave V 7.26.6.26
* Temperature SN = 5351
* Conductivity SN = 3941
* Number of Bytes Per Scan = 41
* Number of Voltage Words = 4
* Number of Scans Averaged by the Deck Unit = 1
* NMEA Latitude = 57 59.89 N
* NMEA Longitude = 019 52.72 E
* NMEA UTC (Time) = Apr 19 2018  06:31:23
* NMEA baud rate = 4800
** Station:  BY20
** Operator:  SSip
** Ship: AURA
** Average sound velocity: 1440.79 m/s
** True-depth calculation Thu, 19 Apr 2018 07:32:38 +0000
** CTD Python Module SMHI /ver 3-12/ feb 2012 
** LIMS Job: 20183407-0020
** Cruise: SMHI-01-2018
** Latitude [GG MM.mm N] :
** Longitude [GG MM.mm E]:
# nquan = 26
# nvalues = 379                         
# units = specified
# name 0 = scan: Scan Count
# name 1 = prDM: Pressure, Digiquartz [db]
# name 2 = t090C: Temperature [ITS-90, deg C]
# name 3 = t190C: Temperature, 2 [ITS-90, deg C]
# name 4 = T2-T190C: Temperature Difference, 2 - 1 [ITS-90, deg C]
# name 5 = c0S/m: Conductivity [S/m]
# name 6 = c1S/m: Conductivity, 2 [S/m]
# name 7 = pumps: Pump Status
# name 8 = sbeox0ML/L: Oxygen, SBE 43 [ml/l]
# name 9 = sbeox1ML/L: Oxygen, SBE 43, 2 [ml/l]
# name 10 = altM: Altimeter [m]
# name 11 = flECO-AFL: Chl-a Fluorescence, WET Labs ECO-AFL/FL [mg/m^3]
# name 12 = flECO-AFL1: Phycocyanin Fluorescence, WET Labs ECO-AFL/FL, 2 [mg/m^3]
# name 13 = par: PAR/Irradiance, Biospherical/Lico [µE/(cm^2*s)]
# name 14 = turbWETntu0: Turbidity, WET Labs ECO [NTU]
# name 15 = sal00: Salinity, Practical [PSU]
# name 16 = sal11: Salinity, Practical, 2 [PSU]
# name 17 = secS-priS: Salinity, Practical, Difference, 2 - 1 [PSU]
# name 18 = sigma-t00: Density [sigma-t, Kg/m^3 ]
# name 19 = sigma-t11: Density, 2 [sigma-t, Kg/m^3 ]
# name 20 = depSM: Depth [salt water, m], lat = 57.9982
# name 21 = depFM: Depth [true depth, m], lat = 57.9982
# name 22 = dz/dtM: Descent Rate [m/s], WS = 2
# name 23 = svCM: Sound Velocity [Chen-Millero, m/s]
# name 24 = svCM1: Sound Velocity, 2 [Chen-Millero, m/s]
# name 25 = flag: flag
# span 0 =       7382,      16997       
# span 1 =      1.000,    190.000       
# span 2 =     1.9521,     6.7725       
# span 3 =     1.9500,     6.7732       
# span 4 =    -0.0436,     0.0665       
# span 5 =   0.716629,   1.393867       
# span 6 =   0.716852,   1.393861       
# span 7 =          1,          1       
# span 8 =    0.02197,   10.11554       
# span 9 =    0.02511,    9.96127       
# span 10 =       5.09,      99.23      
# span 11 =     0.2629,     4.8457      
# span 12 =     0.1503,     0.8920      
# span 13 = 1.0000e-12, 6.0500e+03      
# span 14 =     0.1255,     1.0539      
# span 15 =     6.9534,    12.7025      
# span 16 =     6.9559,    12.7021      
# span 17 =    -0.0398,     0.0803      
# span 18 =     5.5427,     9.9236      
# span 19 =     5.5447,     9.9233      
# span 20 =      0.991,    188.153      
# span 21 =      1.013,    191.984      
# span 22 =     -0.074,      0.697      
# span 23 =    1422.27,    1452.99      
# span 24 =    1422.26,    1453.00      
# span 25 = 0.0000e+00, 0.0000e+00      
# interval = decibars: 0.5              
# start_time = Apr 19 2018 06:31:23 [NMEA time, first data scan]
# bad_flag = -9.990e-29
*END*
[from data line 279]
      14315    140.500     6.6568     6.6574     0.0006    1.35986    1.35987          1     0.0350     0.0373      56.50     0.2847     0.1899  1.000e-12  0.1599000    12.4185    12.4183    -0.0002     9.7097     9.7096    139.151    142.057      0.313    1451.36    1451.37  0.000e+00
      14351    141.000     6.6583     6.6589     0.0005    1.36021    1.36021          1     0.0320     0.0367      55.87     0.3034     0.2415  1.000e-12  0.1742000    12.4213    12.4211    -0.0002     9.7118     9.7116    139.646    142.562      0.341    1451.38    1451.38  0.000e+00
      14386    141.500     6.6604     6.6609     0.0005    1.36076    1.36075          1     0.0344     0.0353      55.35     0.2891     0.2507  1.000e-12  0.2656000    12.4259    12.4256    -0.0002     9.7152     9.7150    140.141    143.066      0.338    1451.40    1451.41  0.000e+00
      14423    142.000     6.6624     6.6630     0.0006    1.36126    1.36127          1     0.0321     0.0360      54.74     0.2828     0.2128  1.000e-12  0.3546000    12.4300    12.4299    -0.0001     9.7184     9.7182    140.636    143.570      0.323    1451.43    1451.43  0.000e+00
      14461    142.500     6.6656     6.6661     0.0006    1.36207    1.36207          1     0.0327     0.0347      54.20     0.2847     0.2009  1.000e-12  0.3561000    12.4368    12.4366    -0.0002     9.7234     9.7232    141.131    144.075      0.314    1451.45    1451.46  0.000e+00
      14498    143.000     6.6678     6.6683     0.0005    1.36266    1.36266          1     0.0331     0.0354      53.67     0.2934     0.1585  1.000e-12  0.4281000    12.4417    12.4416    -0.0002     9.7271     9.7269    141.626    144.579      0.327    1451.48    1451.48  0.000e+00
      14535    143.500     6.6701     6.6707     0.0005    1.36340    1.36341          1     0.0326     0.0353      53.19     0.2867     0.2001  1.000e-12  0.6764000    12.4481    12.4479    -0.0002     9.7320     9.7318    142.121    145.083      0.318    1451.50    1451.51  0.000e+00
      14573    144.000     6.6722     6.6728     0.0005    1.36397    1.36397          1     0.0325     0.0328      52.71     0.2984     0.2057  1.000e-12  0.8455000    12.4529    12.4527    -0.0002     9.7355     9.7353    142.616    145.588      0.332    1451.53    1451.53  0.000e+00
      14608    144.500     6.6730     6.6735     0.0005    1.36421    1.36420          1     0.0332     0.0353      52.19     0.3186     0.2264  1.000e-12  0.9226000    12.4549    12.4545    -0.0003     9.7370     9.7367    143.111    146.092      0.340    1451.54    1451.54  0.000e+00
      14646    145.000     6.6736     6.6742     0.0006    1.36441    1.36441          1     0.0327     0.0340      51.78     0.3167     0.2277  1.000e-12  0.9513000    12.4565    12.4563    -0.0003     9.7383     9.7380    143.606    146.596      0.292    1451.55    1451.55  0.000e+00
      14687    145.500     6.6747     6.6752     0.0006    1.36469    1.36469          1     0.0323     0.0332      51.32     0.2924     0.2111  1.000e-12  0.9424000    12.4588    12.4586    -0.0002     9.7400     9.7398    144.101    147.101      0.315    1451.57    1451.57  0.000e+00
      14722    146.000     6.6757     6.6762     0.0005    1.36495    1.36494          1     0.0319     0.0327      50.86     0.3021     0.2371  1.000e-12  0.9842000    12.4608    12.4606    -0.0002     9.7415     9.7413    144.596    147.605      0.359    1451.58    1451.59  0.000e+00
      14755    146.500     6.6761     6.6767     0.0005    1.36512    1.36512          1     0.0332     0.0341      50.26     0.3153     0.2557  1.000e-12  1.0048000    12.4623    12.4621    -0.0002     9.7427     9.7424    145.091    148.110      0.368    1451.60    1451.60  0.000e+00
      14788    147.000     6.6763     6.6769     0.0006    1.36523    1.36522          1     0.0311     0.0328      49.72     0.3051     0.2319  1.000e-12  0.9799000    12.4632    12.4630    -0.0002     9.7433     9.7431    145.586    148.614      0.368    1451.60    1451.61  0.000e+00
      14819    147.500     6.6772     6.6777     0.0005    1.36540    1.36539          1     0.0319     0.0337      49.21     0.3362     0.2401  1.000e-12  1.0344000    12.4645    12.4642    -0.0002     9.7443     9.7440    146.081    149.118      0.403    1451.62    1451.62  0.000e+00
      14848    148.000     6.6780     6.6786     0.0006    1.36566    1.36565          1     0.0329     0.0319      48.69     0.2985     0.2700  1.000e-12  1.0299000    12.4666    12.4663    -0.0003     9.7459     9.7456    146.576    149.623      0.407    1451.63    1451.63  0.000e+00
      14878    148.500     6.6791     6.6797     0.0006    1.36590    1.36589          1     0.0293     0.0337      48.18     0.2977     0.2154  1.000e-12  1.0073000    12.4685    12.4682    -0.0003     9.7473     9.7470    147.071    150.127      0.404    1451.65    1451.65  0.000e+00
      14907    149.000     6.6806     6.6811     0.0005    1.36628    1.36626          1     0.0300     0.0325      47.68     0.2907     0.1990  1.000e-12  0.9948000    12.4716    12.4713    -0.0003     9.7496     9.7493    147.566    150.631      0.441    1451.67    1451.67  0.000e+00
      14933    149.500     6.6811     6.6817     0.0006    1.36644    1.36643          1     0.0308     0.0329      47.25     0.3012     0.2255  1.000e-12  1.0047000    12.4729    12.4726    -0.0003     9.7506     9.7503    148.061    151.136      0.466    1451.68    1451.68  0.000e+00
      14959    150.000     6.6822     6.6828     0.0005    1.36674    1.36674          1     0.0315     0.0329      46.70     0.3028     0.2198  1.000e-12  1.0266000    12.4754    12.4752    -0.0002     9.7524     9.7522    148.556    151.640      0.445    1451.69    1451.70  0.000e+00
      14987    150.500     6.6829     6.6834     0.0006    1.36692    1.36692          1     0.0299     0.0325      46.11     0.3065     0.2127  1.000e-12  1.0162000    12.4769    12.4766    -0.0002     9.7535     9.7533    149.051    152.144      0.430    1451.71    1451.71  0.000e+00
      15014    151.000     6.6839     6.6844     0.0006    1.36717    1.36716          1     0.0304     0.0322      45.55     0.3096     0.1991  1.000e-12  1.0107000    12.4788    12.4785    -0.0003     9.7550     9.7547    149.546    152.649      0.464    1451.72    1451.72  0.000e+00
      15039    151.500     6.6849     6.6854     0.0005    1.36740    1.36738          1     0.0290     0.0330      45.05     0.3008     0.1621  1.000e-12  1.0341000    12.4807    12.4803    -0.0004     9.7564     9.7560    150.041    153.153      0.481    1451.74    1451.74  0.000e+00
      15064    152.000     6.6852     6.6858     0.0006    1.36745    1.36746          1     0.0276     0.0319      44.53     0.2714     0.1850  1.000e-12  1.0446000    12.4810    12.4808    -0.0002     9.7566     9.7564    150.536    153.657      0.476    1451.74    1451.75  0.000e+00
      15089    152.500     6.6855     6.6860     0.0005    1.36753    1.36753          1     0.0316     0.0331      44.02     0.2990     0.2272  1.000e-12  1.0361000    12.4815    12.4813    -0.0002     9.7570     9.7568    151.031    154.162      0.492    1451.75    1451.76  0.000e+00
      15113    153.000     6.6858     6.6864     0.0006    1.36761    1.36761          1     0.0295     0.0330      43.52     0.3019     0.2063  1.000e-12  1.0292000    12.4821    12.4819    -0.0002     9.7574     9.7572    151.526    154.666      0.494    1451.76    1451.77  0.000e+00
      15138    153.500     6.6867     6.6873     0.0005    1.36789    1.36788          1     0.0292     0.0328      43.00     0.2984     0.1832  1.000e-12  1.0184000    12.4844    12.4842    -0.0002     9.7592     9.7589    152.021    155.170      0.455    1451.78    1451.78  0.000e+00
      15166    154.000     6.6873     6.6879     0.0006    1.36802    1.36804          1     0.0287     0.0328      42.54     0.2986     0.2212  1.000e-12  1.0203000    12.4854    12.4854    -0.0001     9.7599     9.7598    152.516    155.675      0.440    1451.79    1451.79  0.000e+00
      15192    154.500     6.6889     6.6894     0.0005    1.36844    1.36843          1     0.0279     0.0323      42.05     0.2984     0.2162  1.000e-12  1.0063000    12.4889    12.4886    -0.0003     9.7625     9.7623    153.011    156.179      0.498    1451.81    1451.81  0.000e+00
      15214    155.000     6.6904     6.6911     0.0007    1.36880    1.36882          1     0.0297     0.0321      41.59     0.3074     0.2098  1.000e-12  0.9996000    12.4918    12.4918    -0.0000     9.7647     9.7646    153.506    156.684      0.532    1451.83    1451.83  0.000e+00
      15238    155.500     6.6920     6.6926     0.0005    1.36923    1.36920          1     0.0292     0.0321      41.02     0.3182     0.2246  1.000e-12  1.0046000    12.4953    12.4949    -0.0004     9.7673     9.7670    154.001    157.188      0.490    1451.85    1451.85  0.000e+00
      15263    156.000     6.6926     6.6932     0.0006    1.36939    1.36940          1     0.0286     0.0333      40.48     0.3218     0.2447  1.000e-12  1.0171000    12.4967    12.4965    -0.0002     9.7683     9.7682    154.496    157.692      0.472    1451.86    1451.86  0.000e+00
      15288    156.500     6.6935     6.6942     0.0007    1.36966    1.36969          1     0.0288     0.0308      40.00     0.3291     0.2418  1.000e-12  1.0332000    12.4989    12.4990     0.0001     9.7700     9.7700    154.991    158.197      0.519    1451.87    1451.88  0.000e+00
      15310    157.000     6.6961     6.6966     0.0006    1.37036    1.37034          1     0.0281     0.0320      39.50     0.3073     0.2615  1.000e-12  1.0539000    12.5048    12.5044    -0.0004     9.7744     9.7741    155.486    158.701      0.511    1451.90    1451.90  0.000e+00
      15336    157.500     6.6968     6.6974     0.0006    1.37053    1.37053          1     0.0298     0.0318      38.95     0.2799     0.2247  1.000e-12  1.0451000    12.5060    12.5058    -0.0002     9.7754     9.7752    155.981    159.205      0.437    1451.91    1451.91  0.000e+00
      15364    158.000     6.6981     6.6987     0.0005    1.37082    1.37081          1     0.0269     0.0316      38.33     0.2995     0.2074  1.000e-12  0.9814000    12.5083    12.5081    -0.0003     9.7771     9.7768    156.476    159.710      0.447    1451.93    1451.93  0.000e+00
      15389    158.500     6.7016     6.7020     0.0004    1.37166    1.37163          1     0.0287     0.0311      37.97     0.3104     0.1930  1.000e-12  0.8578000    12.5153    12.5148    -0.0005     9.7823     9.7818    156.971    160.214      0.529    1451.96    1451.96  0.000e+00
      15411    159.000     6.7046     6.7052     0.0006    1.37251    1.37250          1     0.0292     0.0316      37.51     0.3141     0.1925  1.000e-12  0.7711000    12.5224    12.5222    -0.0002     9.7877     9.7874    157.466    160.718      0.543    1451.99    1451.99  0.000e+00
      15434    159.500     6.7070     6.7075     0.0005    1.37316    1.37314          1     0.0272     0.0299      36.98     0.3130     0.1730  1.000e-12  0.8054000    12.5280    12.5276    -0.0004     9.7918     9.7915    157.961    161.223      0.491    1452.01    1452.02  0.000e+00
      15460    160.000     6.7122     6.7126     0.0004    1.37435    1.37432          1     0.0279     0.0314      36.39     0.2893     0.2142  1.000e-12  0.8130000    12.5377    12.5373    -0.0004     9.7991     9.7987    158.456    161.727      0.455    1452.06    1452.06  0.000e+00
      15486    160.500     6.7132     6.7138     0.0006    1.37470    1.37470          1     0.0279     0.0313      35.85     0.3017     0.2216  1.000e-12  0.6525000    12.5407    12.5405    -0.0002     9.8013     9.8011    158.951    162.231      0.472    1452.07    1452.07  0.000e+00
      15510    161.000     6.7147     6.7154     0.0006    1.37528    1.37527          1     0.0290     0.0304      35.33     0.3070     0.2157  1.000e-12  0.7043000    12.5458    12.5454    -0.0003     9.8052     9.8049    159.446    162.736      0.491    1452.09    1452.10  0.000e+00
      15535    161.500     6.7175     6.7180     0.0005    1.37614    1.37612          1     0.0287     0.0312      34.82     0.2954     0.2218  1.000e-12  0.7332000    12.5532    12.5528    -0.0004     9.8108     9.8104    159.941    163.240      0.509    1452.12    1452.12  0.000e+00
      15558    162.000     6.7200     6.7207     0.0007    1.37688    1.37687          1     0.0290     0.0300      34.30     0.2901     0.2162  1.000e-12  0.6022000    12.5594    12.5591    -0.0003     9.8155     9.8152    160.436    163.744      0.522    1452.15    1452.15  0.000e+00
      15581    162.500     6.7227     6.7232     0.0005    1.37748    1.37744          1     0.0278     0.0308      33.77     0.3218     0.2035  1.000e-12  0.6075000    12.5643    12.5638    -0.0006     9.8191     9.8186    160.931    164.248      0.507    1452.17    1452.17  0.000e+00
      15605    163.000     6.7241     6.7248     0.0006    1.37776    1.37775          1     0.0275     0.0300      33.25     0.3101     0.1898  1.000e-12  0.5879000    12.5664    12.5661    -0.0003     9.8206     9.8204    161.426    164.753      0.473    1452.19    1452.19  0.000e+00
      15631    163.500     6.7258     6.7264     0.0006    1.37800    1.37799          1     0.0277     0.0310      32.74     0.3091     0.1861  1.000e-12  0.5747000    12.5681    12.5678    -0.0003     9.8218     9.8215    161.921    165.257      0.480    1452.21    1452.21  0.000e+00
      15655    164.000     6.7304     6.7310     0.0006    1.37870    1.37868          1     0.0277     0.0285      32.25     0.2986     0.2303  1.000e-12  0.5228000    12.5732    12.5728    -0.0004     9.8255     9.8251    162.416    165.761      0.499    1452.24    1452.24  0.000e+00
      15679    164.500     6.7331     6.7337     0.0006    1.37920    1.37917          1     0.0259     0.0290      31.73     0.2878     0.2210  1.000e-12  0.4132000    12.5771    12.5766    -0.0005     9.8283     9.8279    162.911    166.266      0.485    1452.26    1452.27  0.000e+00
      15705    165.000     6.7328     6.7335     0.0006    1.37949    1.37947          1     0.0274     0.0294      31.19     0.3080     0.1923  1.000e-12  0.3622000    12.5799    12.5796    -0.0004     9.8306     9.8302    163.406    166.770      0.469    1452.28    1452.28  0.000e+00
      15730    165.500     6.7310     6.7317     0.0007    1.37990    1.37990          1     0.0273     0.0299      30.69     0.3091     0.2061  1.000e-12  0.4467000    12.5846    12.5843    -0.0003     9.8344     9.8341    163.901    167.274      0.502    1452.28    1452.28  0.000e+00
      15753    166.000     6.7320     6.7326     0.0006    1.38031    1.38029          1     0.0272     0.0281      30.29     0.3192     0.1682  1.000e-12  0.5438000    12.5882    12.5878    -0.0004     9.8371     9.8367    164.396    167.779      0.546    1452.30    1452.30  0.000e+00
      15774    166.500     6.7348     6.7354     0.0007    1.38101    1.38099          1     0.0272     0.0280      29.73     0.3136     0.1929  1.000e-12  0.5670000    12.5939    12.5936    -0.0004     9.8414     9.8411    164.891    168.283      0.534    1452.32    1452.33  0.000e+00
      15798    167.000     6.7393     6.7398     0.0005    1.38183    1.38181          1     0.0278     0.0300      29.15     0.3175     0.2183  1.000e-12  0.5589000    12.6003    12.5999    -0.0004     9.8461     9.8457    165.386    168.787      0.468    1452.36    1452.36  0.000e+00
      15826    167.500     6.7424     6.7430     0.0006    1.38238    1.38237          1     0.0268     0.0290      28.61     0.3138     0.2360  1.000e-12  0.5096000    12.6045    12.6041    -0.0003     9.8491     9.8488    165.881    169.292      0.434    1452.39    1452.39  0.000e+00
