ctdpy/tests/etc/all_smhi_bas_2018/SBE09_1044_20180923_1906_34_01_0043.cnv
* Sea-Bird SBE 9 Data File:
* FileName = C:\ctd\temp\2018\AR18D043.hex
* Software Version Seasave V 7.26.6.26
* Temperature SN = 5351
* Conductivity SN = 3941
* Number of Bytes Per Scan = 41
* Number of Voltage Words = 4
* Number of Scans Averaged by the Deck Unit = 1
* NMEA Latitude = 57 11.56 N
* NMEA Longitude = 011 39.48 E
* NMEA UTC (Time) = Sep 23 2018  19:06:31
* NMEA baud rate = 4800
** Station:  Fladen
** Operator:  Mhan
** Ship: ARANDA
** Average sound velocity: 1503.46 m/s
** True-depth calculation Sun, 23 Sep 2018 19:37:24 +0000
** CTD Python Module SMHI /ver 3-12/ feb 2012 
** LIMS Job: 20183401-0043
** Cruise: SMHI-02-2018
** Latitude [GG MM.mm N] :
** Longitude [GG MM.mm E]:
# nquan = 26
# nvalues = 159                         
# units = specified
# name 0 = scan: Scan Count
# name 1 = prDM: Pressure, Digiquartz [db]
# name 2 = t090C: Temperature [ITS-90, deg C]
# name 3 = t190C: Temperature, 2 [ITS-90, deg C]
# name 4 = T2-T190C: Temperature Difference, 2 - 1 [ITS-90, deg C]
# name 5 = c0S/m: Conductivity [S/m]
# name 6 = c1S/m: Conductivity, 2 [S/m]
# name 7 = pumps: Pump Status
# name 8 = sbeox0ML/L: Oxygen, SBE 43 [ml/l]
# name 9 = sbeox1ML/L: Oxygen, SBE 43, 2 [ml/l]
# name 10 = altM: Altimeter [m]
# name 11 = flECO-AFL: Chl-a Fluorescence, WET Labs ECO-AFL/FL [mg/m^3]
# name 12 = flECO-AFL1: Phycocyanin Fluorescence, WET Labs ECO-AFL/FL, 2 [mg/m^3]
# name 13 = par: PAR/Irradiance, Biospherical/Lico [µE/(cm^2*s)]
# name 14 = turbWETntu0: Turbidity, WET Labs ECO [NTU]
# name 15 = sal00: Salinity, Practical [PSU]
# name 16 = sal11: Salinity, Practical, 2 [PSU]
# name 17 = secS-priS: Salinity, Practical, Difference, 2 - 1 [PSU]
# name 18 = sigma-t00: Density [sigma-t, Kg/m^3 ]
# name 19 = sigma-t11: Density, 2 [sigma-t, Kg/m^3 ]
# name 20 = depSM: Depth [salt water, m], lat = 57.1927
# name 21 = depFM: Depth [true depth, m], lat = 57.1927
# name 22 = dz/dtM: Descent Rate [m/s], WS = 2
# name 23 = svCM: Sound Velocity [Chen-Millero, m/s]
# name 24 = svCM1: Sound Velocity, 2 [Chen-Millero, m/s]
# name 25 = flag: flag
# span 0 =       1743,       5207       
# span 1 =      1.000,     80.000       
# span 2 =    12.1657,    16.4328       
# span 3 =    12.1686,    16.4340       
# span 4 =    -0.0260,     0.0203       
# span 5 =   3.803822,   4.197271       
# span 6 =   3.804120,   4.197388       
# span 7 =          1,          1       
# span 8 =    4.05146,    5.80077       
# span 9 =    2.97379,    4.37260       
# span 10 =      -7.98,      99.07      
# span 11 =     0.1520,     1.8660      
# span 12 =     0.1337,     0.4655      
# span 13 = -5.415e-03, 5.8391e-02      
# span 14 =     0.2085,     1.8141      
# span 15 =    30.5363,    33.6968      
# span 16 =    30.5377,    33.6959      
# span 17 =    -0.0221,     0.0215      
# span 18 =    22.5186,    25.5455      
# span 19 =    22.5193,    25.5443      
# span 20 =      0.991,     79.249      
# span 21 =      0.996,     79.548      
# span 22 =     -0.144,      0.936      
# span 23 =    1497.15,    1509.16      
# span 24 =    1497.15,    1509.16      
# span 25 = 0.0000e+00, 0.0000e+00      
# interval = decibars: 0.5              
# start_time = Sep 23 2018 19:06:31 [NMEA time, first data scan]
# bad_flag = -9.990e-29
*END*
       1743      1.000    15.0701    15.0718     0.0017    3.80382    3.80412          1     5.8008     3.1644      97.39     1.5441     0.4117  5.839e-02  0.2873000    30.5363    30.5377     0.0014    22.5186    22.5193      0.991      0.996      0.272    1501.72    1501.73  0.000e+00
       1773      1.500    15.0783    15.0776    -0.0006    3.80570    3.80536          1     5.7993     3.1631      97.36     1.6025     0.3494 -5.415e-03  0.3346000    30.5465    30.5439    -0.0026    22.5247    22.5229      1.486      1.494      0.307    1501.77    1501.76  0.000e+00
       1857      2.000    15.0786    15.0784    -0.0002    3.80607    3.80598          1     5.7894     3.1628      -7.98     1.6508     0.4361 -2.071e-05  0.2892000    30.5493    30.5487    -0.0006    22.5268    22.5264      1.982      1.992      0.369    1501.78    1501.78  0.000e+00
       1876      2.500    15.0816    15.0832     0.0016    3.80721    3.80745          1     5.7877     3.1600       0.00     1.6002     0.3857  1.000e-12  0.3179000    30.5570    30.5579     0.0009    22.5321    22.5325      2.477      2.490      0.530    1501.81    1501.81  0.000e+00
       1901      3.000    15.0927    15.0999     0.0072    3.81091    3.81292          1     5.7946     3.1579      61.03     1.6648     0.4208  1.000e-12  0.3480000    30.5812    30.5935     0.0122    22.5484    22.5563      2.972      2.988      0.407    1501.88    1501.92  0.000e+00
       1935      3.500    15.1236    15.1332     0.0096    3.82131    3.82456          1     5.7662     3.1392      99.07     1.6374     0.3921  1.000e-12  0.3452000    30.6497    30.6712     0.0215    22.5945    22.6090      3.468      3.486      0.377    1502.07    1502.12  0.000e+00
       1962      4.000    15.1585    15.1505    -0.0078    3.83243    3.82926          1     5.7417     3.1255      97.37     1.6474     0.4655  1.000e-12  0.3318000    30.7214    30.6993    -0.0221    22.6422    22.6269      3.963      3.984      0.477    1502.27    1502.22  0.000e+00
       1986      4.500    15.1869    15.1855    -0.0014    3.84252    3.84139          1     5.7499     3.1298      37.46     1.6615     0.3900  1.000e-12  0.3672000    30.7889    30.7799    -0.0090    22.6881    22.6815      4.459      4.482      0.551    1502.45    1502.43  0.000e+00
       2006      5.000    15.3396    15.3394    -0.0002    3.89366    3.89232          1     5.7016     3.1282      59.14     1.6320     0.3369  1.000e-12  0.3753000    31.1235    31.1117    -0.0118    22.9126    22.9035      4.954      4.980      0.634    1503.33    1503.31  0.000e+00
       2024      5.500    15.5082    15.5247     0.0166    3.93936    3.94198          1     5.6581     3.1257      87.86     1.6106     0.3653  1.000e-12  0.3798000    31.3958    31.4059     0.0101    23.0854    23.0896      5.449      5.478      0.654    1504.18    1504.25  0.000e+00
       2043      6.000    15.5487    15.5516     0.0028    3.94637    3.94688          1     5.6365     3.1248      97.16     1.6256     0.3904  1.000e-12  0.4005000    31.4256    31.4278     0.0022    23.0996    23.1006      5.945      5.976      0.587    1504.35    1504.37  0.000e+00
       2066      6.500    15.5614    15.5633     0.0019    3.94861    3.94883          1     5.6289     3.1255      97.37     1.6268     0.4233  1.000e-12  0.4088000    31.4352    31.4356     0.0005    23.1041    23.1041      6.440      6.474      0.492    1504.41    1504.42  0.000e+00
       2091      7.000    15.5769    15.5769    -0.0000    3.95108    3.95095          1     5.6220     3.1243      68.56     1.6164     0.4264  1.000e-12  0.3757000    31.4446    31.4434    -0.0011    23.1079    23.1071      6.935      6.971      0.483    1504.48    1504.48  0.000e+00
       2115      7.500    15.6144    15.6144     0.0000    3.95638    3.95625          1     5.6075     3.1228      45.52     1.8453     0.4013  1.000e-12  0.3527000    31.4615    31.4602    -0.0012    23.1127    23.1118      7.431      7.469      0.508    1504.63    1504.63  0.000e+00
       2139      8.000    15.6347    15.6385     0.0038    3.95925    3.95967          1     5.5953     3.1197      87.25     1.8660     0.4054  1.000e-12  0.3443000    31.4705    31.4712     0.0007    23.1153    23.1149      7.926      7.967      0.498    1504.71    1504.72  0.000e+00
       2164      8.500    15.6526    15.6538     0.0013    3.96178    3.96182          1     5.5972     3.1192      97.40     1.5909     0.3828  1.000e-12  0.3487000    31.4784    31.4778    -0.0006    23.1174    23.1167      8.422      8.465      0.508    1504.78    1504.79  0.000e+00
       2186      9.000    15.6600    15.6613     0.0013    3.96298    3.96294          1     5.5943     3.1188      97.37     1.5863     0.3814  1.000e-12  0.3771000    31.4829    31.4816    -0.0013    23.1192    23.1180      8.917      8.962      0.608    1504.82    1504.82  0.000e+00
       2204      9.500    15.6964    15.6964     0.0001    3.96868    3.96845          1     5.5905     3.1183      84.42     1.5961     0.3719  1.000e-12  0.3613000    31.5042    31.5021    -0.0020    23.1276    23.1260      9.412      9.460      0.681    1504.97    1504.97  0.000e+00
       2221     10.000    15.7091    15.7127     0.0035    3.97054    3.97089          1     5.5900     3.1182      31.86     1.5835     0.3661  1.000e-12  0.3482000    31.5103    31.5106     0.0002    23.1295    23.1289      9.908      9.958      0.649    1505.02    1505.03  0.000e+00
       2241     10.500    15.7143    15.7239     0.0096    3.97133    3.97265          1     5.5784     3.1161      66.42     1.5477     0.3685  1.000e-12  0.3369000    31.5130    31.5170     0.0040    23.1304    23.1313     10.403     10.456      0.529    1505.05    1505.08  0.000e+00
       2267     11.000    15.7220    15.7276     0.0056    3.97260    3.97329          1     5.5729     3.1137      96.68     1.5157     0.3956  1.000e-12  0.3318000    31.5179    31.5195     0.0016    23.1325    23.1325     10.899     10.953      0.460    1505.09    1505.11  0.000e+00
       2292     11.500    15.7302    15.7314     0.0012    3.97385    3.97395          1     5.5666     3.1150      97.42     1.5561     0.3824  1.000e-12  0.3507000    31.5223    31.5222    -0.0001    23.1340    23.1337     11.394     11.451      0.578    1505.13    1505.13  0.000e+00
       2310     12.000    15.7350    15.7355     0.0005    3.97492    3.97483          1     5.5660     3.1151      97.36     1.6102     0.3430  1.000e-12  0.3796000    31.5276    31.5265    -0.0012    23.1371    23.1361     11.889     11.949      0.695    1505.16    1505.16  0.000e+00
       2326     12.500    15.7369    15.7394     0.0025    3.97514    3.97587          1     5.5657     3.1147      51.75     1.5784     0.3382  1.000e-12  0.3498000    31.5279    31.5323     0.0044    23.1369    23.1397     12.385     12.447      0.723    1505.17    1505.18  0.000e+00
       2343     13.000    15.7404    15.7420     0.0016    3.97635    3.97658          1     5.5661     3.1147      42.02     1.5496     0.3374  1.000e-12  0.3532000    31.5357    31.5364     0.0007    23.1421    23.1423     12.880     12.944      0.658    1505.20    1505.20  0.000e+00
       2364     13.500    15.7452    15.7464     0.0012    3.97822    3.97826          1     5.5655     3.1136      80.48     1.5837     0.3501  1.000e-12  0.3682000    31.5481    31.5475    -0.0006    23.1506    23.1499     13.375     13.442      0.485    1505.24    1505.24  0.000e+00
       2396     14.000    15.7443    15.7453     0.0010    3.98001    3.97999          1     5.5641     3.1097      97.61     1.6752     0.3335  1.000e-12  0.3913000    31.5645    31.5635    -0.0010    23.1634    23.1624     13.871     13.940      0.378    1505.26    1505.26  0.000e+00
       2424     14.500    15.7455    15.7466     0.0012    3.98149    3.98154          1     5.5605     3.1069      97.36     1.5941     0.3839  1.000e-12  0.3697000    31.5764    31.5760    -0.0004    23.1723    23.1717     14.366     14.438      0.569    1505.29    1505.29  0.000e+00
       2441     15.000    15.7572    15.7575     0.0003    3.98577    3.98550          1     5.5585     3.1083      53.17     1.5965     0.3300  1.000e-12  0.3528000    31.6047    31.6021    -0.0025    23.1914    23.1894     14.861     14.935      0.718    1505.36    1505.36  0.000e+00
       2457     15.500    15.7656    15.7666     0.0010    3.99031    3.99028          1     5.5503     3.1096      40.38     1.5953     0.3410  1.000e-12  0.3426000    31.6380    31.6369    -0.0011    23.2152    23.2141     15.357     15.433      0.758    1505.44    1505.44  0.000e+00
       2473     16.000    15.7800    15.7806     0.0005    3.99914    3.99906          1     5.5410     3.1092      79.26     1.6112     0.4110  1.000e-12  0.3547000    31.7042    31.7031    -0.0011    23.2629    23.2619     15.852     15.931      0.702    1505.57    1505.57  0.000e+00
       2492     16.500    15.7914    15.7923     0.0009    4.00684    4.00650          1     5.5333     3.1096      96.82     1.5891     0.4000  1.000e-12  0.3583000    31.7630    31.7592    -0.0038    23.3055    23.3024     16.348     16.429      0.571    1505.68    1505.68  0.000e+00
       2517     17.000    15.7883    15.7897     0.0014    4.01230    4.01208          1     5.5150     3.1124      97.37     1.5045     0.3523  1.000e-12  0.3244000    31.8135    31.8104    -0.0031    23.3450    23.3423     16.843     16.926      0.455    1505.74    1505.74  0.000e+00
       2543     17.500    15.7777    15.7791     0.0014    4.01723    4.01722          1     5.4877     3.1149      97.38     1.5618     0.3215  1.000e-12  0.3327000    31.8654    31.8643    -0.0011    23.3873    23.3861     17.338     17.424      0.539    1505.77    1505.77  0.000e+00
       2563     18.000    15.7692    15.7699     0.0007    4.01932    4.01939          1     5.4819     3.1168      29.51     1.4859     0.3438  1.000e-12  0.3608000    31.8907    31.8907     0.0000    23.4086    23.4084     17.834     17.921      0.663    1505.78    1505.78  0.000e+00
       2580     18.500    15.7588    15.7609     0.0020    4.01996    4.01999          1     5.4740     3.1170      56.83     1.4299     0.3956  1.000e-12  0.9175000    31.9045    31.9030    -0.0014    23.4215    23.4199     18.329     18.419      0.663    1505.77    1505.78  0.000e+00
       2599     19.000    15.7459    15.7467     0.0008    4.02062    4.02070          1     5.4595     3.1207      88.44     1.3575     0.3357  1.000e-12  0.7562000    31.9205    31.9206     0.0001    23.4367    23.4366     18.824     18.917      0.559    1505.76    1505.76  0.000e+00
       2624     19.500    15.7353    15.7322    -0.0031    4.02056    4.02031          1     5.4341     3.1251      97.39     1.3202     0.3232  1.000e-12  0.3400000    31.9284    31.9287     0.0003    23.4451    23.4460     19.320     19.414      0.464    1505.74    1505.74  0.000e+00
       2649     20.000    15.7223    15.7220    -0.0004    4.01969    4.01968          1     5.4068     3.1319      97.37     1.3370     0.3539  1.000e-12  0.3318000    31.9310    31.9311     0.0001    23.4499    23.4501     19.815     19.912      0.538    1505.71    1505.71  0.000e+00
       2669     20.500    15.7075    15.7092     0.0017    4.01868    4.01876          1     5.3997     3.1351      66.46     1.2863     0.3858  1.000e-12  0.3511000    31.9338    31.9331    -0.0007    23.4554    23.4545     20.310     20.409      0.638    1505.68    1505.69  0.000e+00
       2687     21.000    15.7042    15.7043     0.0001    4.01838    4.01839          1     5.3945     3.1395      40.99     1.2138     0.4113  1.000e-12  0.3722000    31.9337    31.9337     0.0001    23.4560    23.4560     20.806     20.907      0.665    1505.68    1505.68  0.000e+00
       2706     21.500    15.7011    15.7021     0.0010    4.01808    4.01812          1     5.3938     3.1466      75.25     1.1937     0.3288  1.000e-12  0.3515000    31.9333    31.9328    -0.0004    23.4564    23.4558     21.301     21.405      0.614    1505.68    1505.68  0.000e+00
       2727     22.000    15.7007    15.7020     0.0014    4.01799    4.01810          1     5.3629     3.1476      96.82     1.1840     0.3231  1.000e-12  0.3256000    31.9327    31.9326    -0.0001    23.4561    23.4556     21.796     21.902      0.531    1505.68    1505.69  0.000e+00
       2751     22.500    15.6836    15.6888     0.0051    4.01778    4.01795          1     5.2687     3.1499      97.38     1.1718     0.3300  1.000e-12  0.3080000    31.9444    31.9417    -0.0027    23.4688    23.4656     22.292     22.400      0.513    1505.65    1505.66  0.000e+00
       2773     23.000    15.5664    15.5739     0.0075    4.01738    4.01742          1     5.1707     3.1543      97.37     1.1218     0.3320  1.000e-12  0.3329000    32.0358    32.0301    -0.0057    23.5648    23.5588     22.787     22.897      0.576    1505.40    1505.41  0.000e+00
       2793     23.500    15.5199    15.5190    -0.0008    4.01926    4.01893          1     5.1277     3.1506      97.39     0.9997     0.3229  1.000e-12  0.3895000    32.0902    32.0879    -0.0023    23.6169    23.6153     23.282     23.395      0.621    1505.32    1505.32  0.000e+00
       2812     24.000    15.5405    15.5428     0.0024    4.02340    4.02362          1     5.1418     3.1501      97.36     0.8761     0.3372  1.000e-12  0.4015000    32.1100    32.1101     0.0000    23.6276    23.6271     23.778     23.892      0.616    1505.42    1505.43  0.000e+00
       2832     24.500    15.5844    15.5856     0.0013    4.02955    4.02976          1     5.1421     3.1319      97.38     0.8587     0.3272  1.000e-12  0.3926000    32.1287    32.1296     0.0009    23.6323    23.6328     24.273     24.390      0.577    1505.59    1505.59  0.000e+00
       2853     25.000    15.6938    15.6784    -0.0154    4.04695    4.04441          1     5.1732     3.1275      97.38     0.8636     0.3017  1.000e-12  0.3811000    32.1938    32.1840    -0.0099    23.6583    23.6541     24.769     24.887      0.555    1506.01    1505.95  0.000e+00
       2875     25.500    15.8656    15.8623    -0.0035    4.07849    4.07810          1     5.1968     3.1391      97.38     0.8313     0.2686  1.000e-12  0.3666000    32.3328    32.3322    -0.0006    23.7270    23.7272     25.264     25.385      0.561    1506.72    1506.71  0.000e+00
       2896     26.000    16.1448    16.1233    -0.0214    4.13264    4.12825          1     5.1586     3.1454      97.38     0.6718     0.2478  1.000e-12  0.3394000    32.5817    32.5607    -0.0209    23.8554    23.8442     25.759     25.882      0.545    1507.88    1507.79  0.000e+00
       2919     26.500    16.4278    16.4291     0.0011    4.19126    4.19081          1     5.1131     3.1554      97.38     0.5087     0.2344  1.000e-12  0.2803000    32.8639    32.8588    -0.0050    24.0079    24.0037     26.255     26.380      0.522    1509.08    1509.08  0.000e+00
       2942     27.000    16.4328    16.4340     0.0012    4.19660    4.19656          1     5.0838     3.1701      97.37     0.2735     0.2767  1.000e-12  0.2085000    32.9064    32.9050    -0.0014    24.0394    24.0380     26.750     26.877      0.555    1509.16    1509.16  0.000e+00
       2962     27.500    16.4082    16.4115     0.0033    4.19727    4.19739          1     5.0578     3.1947      97.38     0.2527     0.2458  1.000e-12  0.2194000    32.9323    32.9307    -0.0017    24.0649    24.0629     27.245     27.374      0.629    1509.12    1509.13  0.000e+00
       2980     28.000    16.3638    16.3663     0.0026    4.19591    4.19607          1     5.0382     3.2125      97.39     0.2370     0.2424  1.000e-12  0.2848000    32.9569    32.9562    -0.0007    24.0940    24.0928     27.741     27.872      0.688    1509.02    1509.03  0.000e+00
