ctdpy/tests/etc/all_smhi_bas_2018/SBE09_1044_20181016_1131_34_01_0097.cnv
* Sea-Bird SBE 9 Data File:
* FileName = C:\ctd\temp\ar18d097.hex
* Software Version Seasave V 7.21e
* Temperature SN = 5351
* Conductivity SN = 3941
* Number of Bytes Per Scan = 30
* Number of Voltage Words = 4
* Number of Scans Averaged by the Deck Unit = 1
** Station:  BY5
** Operator:  obac
** Ship: ARANDA
** Average sound velocity: 1467.65 m/s
** True-depth calculation Tue, 16 Oct 2018 16:46:53 +0000
** CTD Python Module SMHI /ver 3-12/ feb 2012 
** LIMS Job: 20183401-0097
** Cruise: SMHI-4-2018
** Latitude [GG MM.mm N]: 55 15.003 N
** Longitude [GG MM.mm E] 15 59.045 E
# nquan = 26
# nvalues = 169                         
# units = specified
# name 0 = scan: Scan Count
# name 1 = prDM: Pressure, Digiquartz [db]
# name 2 = t090C: Temperature [ITS-90, deg C]
# name 3 = t190C: Temperature, 2 [ITS-90, deg C]
# name 4 = T2-T190C: Temperature Difference, 2 - 1 [ITS-90, deg C]
# name 5 = c0S/m: Conductivity [S/m]
# name 6 = c1S/m: Conductivity, 2 [S/m]
# name 7 = pumps: Pump Status
# name 8 = sbeox0ML/L: Oxygen, SBE 43 [ml/l]
# name 9 = sbeox1ML/L: Oxygen, SBE 43, 2 [ml/l]
# name 10 = altM: Altimeter [m]
# name 11 = flECO-AFL: Chl-a Fluorescence, WET Labs ECO-AFL/FL [mg/m^3]
# name 12 = flECO-AFL1: Phycocyanin Fluorescence, WET Labs ECO-AFL/FL, 2 [mg/m^3]
# name 13 = par: PAR/Irradiance, Biospherical/Lico [µE/(cm^2*s)]
# name 14 = turbWETntu0: Turbidity, WET Labs ECO [NTU]
# name 15 = sal00: Salinity, Practical [PSU]
# name 16 = sal11: Salinity, Practical, 2 [PSU]
# name 17 = secS-priS: Salinity, Practical, Difference, 2 - 1 [PSU]
# name 18 = sigma-t00: Density [sigma-t, Kg/m^3 ]
# name 19 = sigma-t11: Density, 2 [sigma-t, Kg/m^3 ]
# name 20 = depSM: Depth [salt water, m], lat = 0
# name 21 = depFM: Depth [true depth, m], lat = 0
# name 22 = dz/dtM: Descent Rate [m/s], WS = 2
# name 23 = svCM: Sound Velocity [Chen-Millero, m/s]
# name 24 = svCM1: Sound Velocity, 2 [Chen-Millero, m/s]
# name 25 = flag: flag
# span 0 =      14833,      18970       
# span 1 =      2.000,     86.000       
# span 2 =     4.9242,    13.8596       
# span 3 =     4.9224,    13.8600       
# span 4 =    -0.0765,     0.1785       
# span 5 =   0.842977,   2.294103       
# span 6 =   0.842974,   2.294054       
# span 7 =          1,          1       
# span 8 =    0.05307,    7.16174       
# span 9 =    0.14161,    6.70678       
# span 10 =       2.59,      98.72      
# span 11 =     0.2359,     2.0561      
# span 12 =     0.1744,     0.5362      
# span 13 = -1.555e-09, 2.3923e+02      
# span 14 =     0.1449,     4.1173      
# span 15 =     7.5640,    18.4904      
# span 16 =     7.5637,    18.4909      
# span 17 =    -0.1394,     0.0809      
# span 18 =     5.1004,    13.6698      
# span 19 =     5.1001,    13.6697      
# span 20 =      1.989,     85.510      
# span 21 =      2.027,     86.909      
# span 22 =     -0.009,      0.605      
# span 23 =    1436.60,    1481.71      
# span 24 =    1436.59,    1481.71      
# span 25 = 0.0000e+00, 0.0000e+00      
# interval = decibars: 0.5              
# start_time = Oct 16 2018 11:31:51 [System UTC, header]
# bad_flag = -9.990e-29
*END*
[from data line 56]
      16123     30.000    12.4112    12.4144     0.0032    1.00345    1.00352          1     6.7547     6.3735      81.09     0.9015     0.3465  9.244e-02  0.2295000     7.6348     7.6347    -0.0001     5.3661     5.3656     29.833     30.397      0.553    1466.26    1466.27  0.000e+00
      16145     30.500    12.3773    12.3846     0.0074    1.00229    1.00256          1     6.7625     6.3885      47.09     0.9099     0.3510  7.625e-02  0.2224000     7.6321     7.6328     0.0007     5.3687     5.3682     30.330     30.904      0.524    1466.14    1466.17  0.000e+00
      16169     31.000    12.3004    12.3099     0.0095    0.99963    1.00000          1     6.7881     6.4100      35.86     0.8985     0.3245  6.411e-02  0.2186000     7.6257     7.6268     0.0012     5.3743     5.3739     30.827     31.410      0.523    1465.86    1465.89  0.000e+00
      16191     31.500    12.2219    12.2298     0.0079    0.99697    0.99724          1     6.8167     6.4470      25.83     0.9432     0.3243  5.025e-02  0.2237000     7.6197     7.6203     0.0006     5.3803     5.3796     31.325     31.917      0.561    1465.57    1465.60  0.000e+00
      16212     32.000    12.1138    12.1290     0.0151    0.99389    0.99442          1     6.8328     6.4875      63.57     0.9299     0.3243  3.868e-02  0.2191000     7.6161     7.6173     0.0013     5.3920     5.3910     31.822     32.423      0.590    1465.18    1465.23  0.000e+00
      16232     32.500    11.9511    11.9681     0.0171    0.99001    0.99048          1     6.7774     6.4871      67.22     0.9208     0.3454  2.672e-02  0.2134000     7.6169     7.6173     0.0005     5.4143     5.4124     32.319     32.930      0.572    1464.58    1464.65  0.000e+00
      16254     33.000    11.6175    11.6543     0.0366    0.98175    0.98295          1     6.5412     6.3092      71.80     0.9026     0.3388  1.517e-02  0.2127000     7.6160     7.6185     0.0025     5.4568     5.4540     32.816     33.436      0.519    1463.35    1463.49  0.000e+00
      16278     33.500    11.0819    11.1378     0.0557    0.96779    0.96971          1     6.5584     6.2525      80.96     0.8503     0.3177  1.239e-02  0.2160000     7.6083     7.6129     0.0047     5.5173     5.5142     33.313     33.943      0.495    1461.33    1461.55  0.000e+00
      16302     34.000    10.6041    10.5834    -0.0197    0.96072    0.95844          1     6.8137     6.3622      59.90     0.7578     0.2893  3.334e-03  0.2132000     7.6469     7.6318    -0.0151     5.6042     5.5949     33.810     34.449      0.532    1459.57    1459.47  0.000e+00
      16323     34.500    11.2429    11.1662    -0.0765    1.00028    0.99420          1     6.7543     6.2666      37.83     0.6637     0.2572  1.780e-05  0.2054000     7.8494     7.8142    -0.0352     5.6846     5.6669     34.308     34.956      0.578    1462.25    1461.92  0.000e+00
      16344     35.000    12.1143    12.0644    -0.0509    1.05214    1.04684          1     6.5879     6.1359      15.23     0.5680     0.3246 -1.555e-09  0.1983000     8.0979     8.0643    -0.0335     5.7642     5.7448     34.805     35.462      0.582    1465.80    1465.58  0.000e+00
      16365     35.500    12.1921    12.1832    -0.0091    1.05706    1.05639          1     6.5427     6.1287      35.09     0.6116     0.2886  1.000e-12  0.2299000     8.1218     8.1182    -0.0036     5.7721     5.7706     35.302     35.968      0.551    1466.12    1466.09  0.000e+00
      16387     36.000    12.3166    12.2970    -0.0194    1.06405    1.06206          1     6.5341     6.1333      22.39     0.6184     0.2713  1.000e-12  0.2305000     8.1527     8.1405    -0.0122     5.7789     5.7722     35.799     36.475      0.521    1466.63    1466.54  0.000e+00
      16411     36.500    12.5949    12.5949    -0.0002    1.08130    1.08031          1     6.4882     6.1094      27.14     0.6076     0.2658  1.000e-12  0.2296000     8.2345     8.2264    -0.0082     5.8033     5.7970     36.296     36.981      0.526    1467.75    1467.74  0.000e+00
      16433     37.000    12.6169    12.6204     0.0035    1.08706    1.08668          1     6.4564     6.0982      31.35     0.5825     0.2740  1.000e-12  0.2347000     8.2770     8.2732    -0.0039     5.8330     5.8295     36.793     37.487      0.562    1467.89    1467.90  0.000e+00
      16453     37.500    12.5494    12.5584     0.0090    1.08787    1.08784          1     6.4576     6.0975      20.35     0.5625     0.2931  1.000e-12  0.2385000     8.2984     8.2962    -0.0022     5.8590     5.8560     37.291     37.994      0.593    1467.68    1467.70  0.000e+00
      16474     38.000    12.5118    12.5152     0.0034    1.08772    1.08773          1     6.4597     6.1003      34.52     0.5745     0.2516  1.000e-12  0.2463000     8.3054     8.3047    -0.0006     5.8697     5.8687     37.788     38.500      0.567    1467.55    1467.56  0.000e+00
      16496     38.500    12.4908    12.4935     0.0028    1.08781    1.08774          1     6.4482     6.1105      16.84     0.5741     0.2983  1.000e-12  0.2484000     8.3107     8.3095    -0.0011     5.8767     5.8754     38.285     39.006      0.496    1467.49    1467.50  0.000e+00
      16522     39.000    12.4516    12.4570     0.0053    1.09015    1.08975          1     6.4474     6.1048      31.70     0.5606     0.3093  1.000e-12  0.2376000     8.3386     8.3340    -0.0046     5.9037     5.8994     38.782     39.512      0.483    1467.39    1467.40  0.000e+00
      16545     39.500    12.4059    12.4107     0.0048    1.09168    1.09162          1     6.4756     6.1109      26.06     0.5286     0.3195  1.000e-12  0.2303000     8.3612     8.3596    -0.0015     5.9275     5.9257     39.279     40.019      0.561    1467.26    1467.27  0.000e+00
      16565     40.000    12.3432    12.3482     0.0050    1.09327    1.09284          1     6.5313     6.1471      25.53     0.5445     0.3010  1.000e-12  0.2381000     8.3882     8.3835    -0.0047     5.9570     5.9528     39.776     40.525      0.605    1467.07    1467.08  0.000e+00
      16585     40.500    12.3431    12.3432     0.0002    1.09577    1.09543          1     6.6629     6.2617      28.24     0.5265     0.2656  1.000e-12  0.2410000     8.4088     8.4060    -0.0028     5.9730     5.9708     40.274     41.031      0.581    1467.10    1467.10  0.000e+00
      16607     41.000    12.3199    12.3261     0.0062    1.09584    1.09614          1     6.7236     6.3873      26.76     0.4920     0.2658  1.000e-12  0.2388000     8.4146     8.4157     0.0011     5.9806     5.9806     40.771     41.538      0.531    1467.03    1467.06  0.000e+00
      16630     41.500    12.1967    12.2175     0.0207    1.09089    1.09253          1     6.7761     6.5750      47.80     0.4971     0.3075  1.000e-12  0.2411000     8.4008     8.4098     0.0090     5.9869     5.9910     41.268     42.044      0.515    1466.57    1466.66  0.000e+00
      16653     42.000    11.4403    11.5243     0.0845    1.06045    1.06736          1     6.5727     6.5910      47.55     0.5238     0.2975  1.000e-12  0.2282000     8.3140     8.3537     0.0398     6.0186     6.0388     41.765     42.550      0.545    1463.66    1464.02  0.000e+00
      16674     42.500    10.0831    10.1492     0.0665    1.00750    1.01297          1     6.2479     6.5308      46.69     0.4895     0.2674  1.000e-12  0.2243000     8.1633     8.1961     0.0327     6.0638     6.0818     42.262     43.056      0.575    1458.32    1458.62  0.000e+00
      16695     43.000     8.2742     8.4536     0.1785    0.94391    0.95723          1     6.3618     6.6860      46.42     0.4725     0.2495  1.000e-12  0.2124000     8.0018     8.0826     0.0809     6.1112     6.1585     42.759     43.562      0.570    1450.92    1451.75  0.000e+00
      16717     43.500     6.1372     6.1553     0.0182    0.87473    0.87790          1     6.4020     6.4889      45.64     0.4389     0.2439  1.000e-12  0.2202000     7.8441     7.8703     0.0262     6.1465     6.1660     43.256     44.069      0.541    1441.88    1441.99  0.000e+00
      16739     44.000     5.5456     5.5624     0.0165    0.85656    0.85902          1     6.3852     6.1304      45.85     0.3846     0.2084  1.000e-12  0.2084000     7.8042     7.8245     0.0202     6.1459     6.1611     43.754     44.575      0.522    1439.29    1439.38  0.000e+00
      16762     44.500     4.9242     4.9224    -0.0017    0.84298    0.84297          1     6.5431     5.9877      45.52     0.3382     0.2230  1.000e-12  0.1918000     7.8152     7.8156     0.0004     6.1823     6.1827     44.251     45.081      0.529    1436.60    1436.59  0.000e+00
      16785     45.000     5.5130     5.4469    -0.0663    0.87792    0.86923          1     6.4354     5.8097      45.79     0.3093     0.2339  1.000e-12  0.1900000     8.0206     7.9509    -0.0697     6.3178     6.2659     44.748     45.587      0.545    1439.43    1439.05  0.000e+00
      16807     45.500     6.7756     6.7122    -0.0628    0.95233    0.94156          1     6.1565     5.6171      44.77     0.2653     0.2364  1.000e-12  0.1823000     8.4351     8.3475    -0.0876     6.5708     6.5061     45.245     46.093      0.554    1445.35    1444.97  0.000e+00
      16828     46.000     7.5801     7.5701    -0.0105    1.00288    1.00043          1     5.9555     5.5205      43.20     0.3221     0.2364  1.000e-12  0.2117000     8.7146     8.6941    -0.0205     6.7321     6.7168     45.742     46.599      0.558    1449.06    1448.99  0.000e+00
      16850     46.500     8.0198     7.9911    -0.0286    1.03241    1.02769          1     5.7730     5.4452      42.92     0.4247     0.2477  1.000e-12  0.2210000     8.8790     8.8424    -0.0366     6.8245     6.7982     46.239     47.105      0.558    1451.07    1450.91  0.000e+00
      16871     47.000     8.2421     8.2405    -0.0016    1.05183    1.05043          1     5.5479     5.3192      35.26     0.4185     0.2786  1.000e-12  0.2021000     9.0022     8.9898    -0.0125     6.9015     6.8920     46.736     47.611      0.551    1452.13    1452.11  0.000e+00
      16893     47.500     8.1154     8.1298     0.0144    1.05134    1.05228          1     5.3946     5.2055      21.99     0.3945     0.2659  1.000e-12  0.1979000     9.0302     9.0351     0.0050     6.9345     6.9372     47.234     48.116      0.545    1451.66    1451.72  0.000e+00
      16915     48.000     7.8020     7.8163     0.0143    1.04548    1.04550          1     5.3456     5.1509      25.82     0.3911     0.2286  1.000e-12  0.2048000     9.0564     9.0529    -0.0035     6.9817     6.9779     47.731     48.622      0.550    1450.42    1450.48  0.000e+00
      16937     48.500     7.6451     7.6448    -0.0004    1.05429    1.05173          1     5.2045     5.0095      40.99     0.3929     0.1839  1.000e-12  0.2052000     9.1798     9.1559    -0.0239     7.0913     7.0726     48.228     49.128      0.553    1449.94    1449.91  0.000e+00
      16959     49.000     7.7495     7.7420    -0.0074    1.08924    1.08332          1     4.8279     4.6677      20.32     0.3255     0.2293  1.000e-12  0.2061000     9.4799     9.4263    -0.0536     7.3177     7.2764     48.725     49.633      0.543    1450.75    1450.65  0.000e+00
      16981     49.500     7.6579     7.6707     0.0126    1.12037    1.11908          1     4.5296     4.3523      36.87     0.3282     0.2891  1.000e-12  0.2343000     9.7986     9.7828    -0.0157     7.5749     7.5615     49.222     50.139      0.521    1450.78    1450.81  0.000e+00
      17005     50.000     7.6133     7.6050    -0.0086    1.13587    1.13180          1     4.3805     4.1341      38.54     0.2845     0.2417  1.000e-12  0.1922000     9.9575     9.9213    -0.0362     7.7030     7.6754     49.719     50.644      0.517    1450.80    1450.72  0.000e+00
      17027     50.500     8.5842     8.5288    -0.0548    1.22687    1.21102          1     4.1540     3.8931      38.71     0.2715     0.2649  1.000e-12  0.1808000    10.5246    10.3941    -0.1305     8.0573     7.9607     50.216     51.150      0.543    1455.43    1455.04  0.000e+00
      17049     51.000     9.9770     9.9351    -0.0420    1.34645    1.33518          1     3.9720     3.7321      38.04     0.2690     0.2513  1.000e-12  0.1769000    11.1966    11.1079    -0.0887     8.4322     8.3680     50.714     51.655      0.572    1461.72    1461.45  0.000e+00
      17069     51.500    10.9123    10.9041    -0.0082    1.42315    1.41771          1     3.9220     3.6951      37.77     0.2615     0.2306  1.000e-12  0.1688000    11.5903    11.5449    -0.0454     8.6237     8.5895     51.211     52.160      0.577    1465.77    1465.69  0.000e+00
      17091     52.000    11.4187    11.4092    -0.0094    1.46300    1.45945          1     3.8552     3.6544      36.99     0.2503     0.2224  1.000e-12  0.1596000    11.7805    11.7526    -0.0279     8.7043     8.6840     51.708     52.665      0.553    1467.90    1467.83  0.000e+00
      17113     52.500    11.7124    11.7123    -0.0002    1.48778    1.48575          1     3.7357     3.5753      36.76     0.2603     0.2313  1.000e-12  0.1503000    11.9029    11.8852    -0.0177     8.7587     8.7450     52.205     53.169      0.530    1469.14    1469.12  0.000e+00
      17136     53.000    11.7954    11.7997     0.0044    1.49889    1.49824          1     3.6135     3.5012      35.96     0.2597     0.2438  1.000e-12  0.1562000    11.9727    11.9657    -0.0070     8.8010     8.7950     52.702     53.674      0.543    1469.54    1469.55  0.000e+00
      17157     53.500    11.7346    11.7413     0.0067    1.50086    1.50104          1     3.4877     3.4144      13.22     0.2714     0.2069  1.000e-12  0.1493000    12.0091    12.0086    -0.0005     8.8377     8.8364     53.199     54.179      0.560    1469.37    1469.39  0.000e+00
      17179     54.000    11.4480    11.4686     0.0204    1.48916    1.49194          1     3.4891     3.4091      34.00     0.2636     0.2345  1.000e-12  0.1449000    11.9994    12.0171     0.0177     8.8694     8.8803     53.696     54.684      0.546    1468.31    1468.40  0.000e+00
      17201     54.500    10.9361    10.9466     0.0106    1.46649    1.46803          1     3.5420     3.4281      34.14     0.2533     0.2145  1.000e-12  0.1471000    11.9657    11.9759     0.0102     8.9116     8.9182     54.193     55.189      0.524    1466.36    1466.42  0.000e+00
      17224     55.000    10.9610    10.9422    -0.0187    1.47471    1.46985          1     3.4399     3.3308      34.07     0.2539     0.2437  1.000e-12  0.1530000    12.0300    11.9933    -0.0368     8.9581     8.9321     54.691     55.693      0.534    1466.54    1466.43  0.000e+00
      17246     55.500    11.0065    11.0341     0.0269    1.49658    1.50028          1     3.2823     3.1931      33.55     0.2527     0.2406  1.000e-12  0.1771000    12.2086    12.2324     0.0238     9.0898     9.1047     55.188     56.198      0.556    1466.93    1467.06  0.000e+00
      17268     56.000    10.4855    10.4774    -0.0078    1.49440    1.49028          1     3.0928     3.0075      33.36     0.2359     0.2097  1.000e-12  0.2142000    12.3634    12.3291    -0.0343     9.2774     9.2518     55.685     56.703      0.553    1465.17    1465.10  0.000e+00
      17290     56.500    10.5501    10.5466    -0.0035    1.52605    1.52257          1     2.8568     2.7820      32.94     0.2401     0.2221  1.000e-12  0.1569000    12.6254    12.5953    -0.0300     9.4724     9.4496     56.182     57.207      0.535    1465.74    1465.69  0.000e+00
      17312     57.000    10.8497    10.8199    -0.0295    1.56333    1.55744          1     2.6721     2.6028      32.34     0.3210     0.2081  1.000e-12  0.1616000    12.8548    12.8127    -0.0421     9.6114     9.5827     56.679     57.712      0.540    1467.15    1466.99  0.000e+00
