ctdpy/tests/etc/all_smhi_bas_2018/SBE09_0827_20181009_0631_26_01_1048.cnv
* Sea-Bird SBE 9 Data File:
* FileName = D:\CTD_SBE911\DAT\26DA.2018.10.48.hex
* Software Version Seasave V 7.21d
* Temperature SN = 4548
* Conductivity SN = 3062
* Number of Bytes Per Scan = 48
* Number of Voltage Words = 5
* Number of Scans Averaged by the Deck Unit = 1
* NMEA Latitude = 58 38.73 N
* NMEA Longitude = 020 18.01 E
* NMEA UTC (Time) = Oct 09 2018  06:33:48
* NMEA baud rate = 4800
** Ship: DANA
** Average sound velocity: 1446.07 m/s
** True-depth calculation Thu, 28 Mar 2019 12:21:59 +0000
** CTD Python Module SMHI /ver 3-12/ feb 2012 
** LIMS Job: 20182601-1048
** Operator: Christian
** Cruise: 10/2018
# nquan = 26
# nvalues = 308                         
# units = specified
# name 0 = scan: Scan Count
# name 1 = prDM: Pressure, Digiquartz [db]
# name 2 = t090C: Temperature [ITS-90, deg C]
# name 3 = t190C: Temperature, 2 [ITS-90, deg C]
# name 4 = T2-T190C: Temperature Difference, 2 - 1 [ITS-90, deg C]
# name 5 = c0S/m: Conductivity [S/m]
# name 6 = c1S/m: Conductivity, 2 [S/m]
# name 7 = pumps: Pump Status
# name 8 = sbeox1ML/L: Oxygen, SBE 43, 2 [ml/l]
# name 9 = sbeox0ML/L: Oxygen, SBE 43 [ml/l]
# name 10 = altM: Altimeter [m]
# name 11 = chloroflTC0: Chlorophyll, Turner Cyclops [ug/l]
# name 12 = cpar: CPAR/Corrected Irradiance [%]
# name 13 = par: PAR/Irradiance, Biospherical/Lico [µE/(cm^2*s)]
# name 14 = spar: SPAR, Biospherical/Licor
# name 15 = sal00: Salinity, Practical [PSU]
# name 16 = sal11: Salinity, Practical, 2 [PSU]
# name 17 = secS-priS: Salinity, Practical, Difference, 2 - 1 [PSU]
# name 18 = sigma-t00: Density [sigma-t, kg/m^3 ]
# name 19 = sigma-t11: Density, 2 [sigma-t, kg/m^3 ]
# name 20 = depSM: Depth [salt water, m], lat = 58.6455
# name 21 = depFM: Depth [true depth, m], lat = 58.6455
# name 22 = dz/dtM: Descent Rate [m/s], WS = 2
# name 23 = svCM: Sound Velocity [Chen-Millero, m/s]
# name 24 = svCM1: Sound Velocity, 2 [Chen-Millero, m/s]
# name 25 = flag: flag
# span 0 =         37,      12332       
# span 1 =      0.500,    154.000       
# span 2 =     3.2209,    11.2920       
# span 3 =     3.2368,    11.2914       
# span 4 =    -0.1274,     2.2152       
# span 5 =   0.746122,   1.257187       
# span 6 =   0.747242,   1.257074       
# span 7 =          1,          1       
# span 8 =     0.0344,     7.6755       
# span 9 =     0.0380,     7.5423       
# span 10 =       2.90,      10.92      
# span 11 =     0.0159,     0.0349      
# span 12 = -9.633e-06, 3.4760e+01      
# span 13 = -8.646e-05, 2.8173e+02      
# span 14 = 5.1346e+02, 1.1433e+03      
# span 15 =     6.4889,    11.5165      
# span 16 =     6.4892,    11.5153      
# span 17 =    -0.1866,     0.0021      
# span 18 =     4.6317,     9.0255      
# span 19 =     4.6318,     9.0246      
# span 20 =      0.495,    152.508      
# span 21 =      0.507,    155.733      
# span 22 =     -0.154,      0.994      
# span 23 =    1428.14,    1460.44      
# span 24 =    1428.23,    1460.43      
# span 25 = 0.0000e+00, 0.0000e+00      
# interval = decibars: 0.5              
# start_time = Oct 09 2018 06:33:49 [NMEA time, first data scan]
# bad_flag = -9.990e-29
*END*
[from data line 56]
       2743     28.500    11.0928    11.1036     0.0108    0.83502    0.83527          1     7.1711     6.7294       8.60     0.0337  1.058e-13  1.000e-12  9.448e+02     6.4899     6.4901     0.0002     4.6494     4.6483     28.232     28.894      0.228    1459.94    1459.99  0.000e+00
       2794     29.000    11.0854    11.0957     0.0102    0.83489    0.83512          1     7.1671     6.7230      10.00     0.0340  1.073e-13  1.000e-12  9.323e+02     6.4901     6.4902     0.0001     4.6504     4.6493     28.728     29.401      0.342    1459.92    1459.96  0.000e+00
       2828     29.500    11.0737    11.0935     0.0198    0.83466    0.83508          1     7.1673     6.7334       9.96     0.0342  1.069e-13  1.000e-12  9.351e+02     6.4902     6.4902     0.0001     4.6519     4.6496     29.223     29.908      0.350    1459.89    1459.96  0.000e+00
       2864     30.000    11.0425    11.0731     0.0306    0.83420    0.83473          1     7.1724     6.7460       8.75     0.0342  1.063e-13  1.000e-12  9.409e+02     6.4917     6.4908    -0.0009     4.6568     4.6525     29.718     30.415      0.307    1459.78    1459.89  0.000e+00
       2906     30.500    11.0022    11.0514     0.0491    0.83349    0.83440          1     7.1893     6.7387      10.00     0.0344  1.063e-13  1.000e-12  9.405e+02     6.4928     6.4919    -0.0010     4.6624     4.6558     30.214     30.922      0.297    1459.64    1459.82  0.000e+00
       2941     31.000    11.0024    11.0200     0.0176    0.83344    0.83385          1     7.1796     6.7401       9.97     0.0340  1.065e-13  1.000e-12  9.387e+02     6.4923     6.4927     0.0004     4.6620     4.6602     30.709     31.429      0.375    1459.64    1459.71  0.000e+00
       2974     31.500    10.9660    11.0055     0.0394    0.83289    0.83358          1     7.1752     6.7450       9.97     0.0341  1.058e-13  1.000e-12  9.449e+02     6.4941     6.4929    -0.0012     4.6676     4.6621     31.204     31.936      0.312    1459.52    1459.66  0.000e+00
       3031     32.000    10.9242    10.9775     0.0533    0.83255    0.83314          1     7.1873     6.7742       9.97     0.0321  1.061e-13  1.000e-12  9.424e+02     6.4985     6.4941    -0.0044     4.6759     4.6663     31.699     32.443      0.197    1459.37    1459.57  0.000e+00
       3091     32.500    10.8627    10.9319     0.0693    0.83216    0.83274          1     7.1347     6.9107       9.97     0.0312  1.070e-13  1.000e-12  9.346e+02     6.5060     6.4987    -0.0073     4.6889     4.6752     32.195     32.950      0.224    1459.15    1459.41  0.000e+00
       3137     33.000    10.3583    10.7602     0.4019    0.82923    0.83177          1     7.1719     7.4416       9.97     0.0317  1.069e-13  1.000e-12  9.351e+02     6.5712     6.5209    -0.0503     4.7963     4.7123     32.690     33.456      0.337    1457.30    1458.79  0.000e+00
       3168     33.500     9.7761    10.5455     0.7703    0.82633    0.83080          1     6.7483     7.5423       9.97     0.0301  1.066e-13  1.000e-12  9.382e+02     6.6522     6.5510    -0.1012     4.9211     4.7597     33.185     33.963      0.413    1455.14    1458.00  0.000e+00
       3196     34.000     7.7837     9.3221     1.5374    0.80388    0.82375          1     6.9204     7.2128       9.97     0.0265  1.066e-13  1.000e-12  9.382e+02     6.8315     6.7146    -0.1169     5.2308     5.0130     33.680     34.470      0.395    1447.29    1453.42  0.000e+00
       3229     34.500     4.9942     7.2114     2.2152    0.76301    0.79778          1     7.3368     7.1084       9.97     0.0233  1.067e-13  1.000e-12  9.375e+02     7.0080     6.8874    -0.1207     5.5401     5.3238     34.176     34.977      0.351    1435.71    1445.05  0.000e+00
       3265     35.000     4.3623     5.3482     0.9871    0.75347    0.77120          1     7.3302     7.3392       9.97     0.0187  1.065e-13  1.000e-12  9.389e+02     7.0472     7.0142    -0.0330     5.5926     5.5294     34.671     35.483      0.291    1432.97    1437.27  0.000e+00
       3360     35.500     4.0870     4.3916     0.3052    0.75241    0.75802          1     7.4995     7.1476       9.97     0.0170  1.077e-13  1.000e-12  9.286e+02     7.0957     7.0865    -0.0092     5.6387     5.6227     35.166     35.989      0.355    1431.81    1433.16  0.000e+00
       3386     36.000     3.8843     4.0644     0.1798    0.74932    0.75308          1     7.5109     7.1380       9.97     0.0161  1.082e-13  1.000e-12  9.241e+02     7.1084     7.1073    -0.0010     5.6535     5.6486     35.661     36.496      0.581    1430.92    1431.73  0.000e+00
       3405     36.500     3.7214     3.9249     0.2034    0.74689    0.75105          1     7.5511     7.1481       9.97     0.0161  1.082e-13  1.000e-12  9.241e+02     7.1190     7.1170    -0.0020     5.6654     5.6595     36.157     37.002      0.515    1430.21    1431.12  0.000e+00
       3452     37.000     3.6937     3.7809     0.0883    0.74772    0.74948          1     7.5784     7.2009       9.97     0.0161  1.080e-13  1.000e-12  9.260e+02     7.1335     7.1324    -0.0011     5.6774     5.6748     36.652     37.509      0.280    1430.11    1430.50  0.000e+00
       3499     37.500     3.6375     3.7486     0.1113    0.74784    0.75004          1     7.5602     7.2025       9.97     0.0159  1.081e-13  1.000e-12  9.254e+02     7.1470     7.1451    -0.0019     5.6893     5.6856     37.147     38.015      0.452    1429.88    1430.38  0.000e+00
       3525     38.000     3.4524     3.6383     0.1860    0.74612    0.74889          1     7.6054     7.2020       9.97     0.0160  1.081e-13  1.000e-12  9.246e+02     7.1702     7.1575    -0.0126     5.7108     5.6976     37.642     38.521      0.368    1429.07    1429.90  0.000e+00
       3595     38.500     3.3348     3.4617     0.1267    0.74616    0.74805          1     7.6624     7.2100       9.97     0.0159  1.079e-13  1.000e-12  9.265e+02     7.1965     7.1880    -0.0086     5.7336     5.7248     38.138     39.028      0.335    1428.58    1429.15  0.000e+00
       3622     39.000     3.2852     3.3613     0.0762    0.74630    0.74735          1     7.6650     7.2136       9.97     0.0159  1.082e-13  1.000e-12  9.243e+02     7.2090     7.2029    -0.0061     5.7442     5.7383     38.633     39.534      0.577    1428.37    1428.71  0.000e+00
       3641     39.500     3.2517     3.3186     0.0670    0.74645    0.74724          1     7.6614     7.2142       9.97     0.0159  1.084e-13  1.000e-12  9.221e+02     7.2180     7.2113    -0.0067     5.7517     5.7455     39.128     40.040      0.544    1428.24    1428.54  0.000e+00
       3709     40.000     3.2373     3.2705     0.0330    0.74724    0.74763          1     7.6616     7.2101       9.97     0.0159  1.107e-13  1.000e-12  9.036e+02     7.2294     7.2260    -0.0035     5.7610     5.7579     39.623     40.547      0.357    1428.20    1428.34  0.000e+00
       3771     40.500     3.2209     3.2474     0.0265    0.74780    0.74817          1     7.6755     7.2026       9.97     0.0159  1.145e-13  1.000e-12  8.735e+02     7.2388     7.2367    -0.0021     5.7688     5.7667     40.119     41.053      0.512    1428.14    1428.26  0.000e+00
       3795     41.000     3.2276     3.2368     0.0091    0.74883    0.74849          1     7.6448     7.1993       9.97     0.0160  1.170e-13  1.000e-12  8.549e+02     7.2480     7.2424    -0.0056     5.7759     5.7714     40.614     41.560      0.444    1428.19    1428.23  0.000e+00
       3827     41.500     3.2742     3.2719    -0.0024    0.75064    0.75000          1     7.6094     7.1951       9.97     0.0159  1.207e-13  1.000e-12  8.288e+02     7.2562     7.2501    -0.0061     5.7819     5.7771     41.109     42.066      0.321    1428.42    1428.40  0.000e+00
       3872     42.000     3.3295     3.3044    -0.0250    0.75293    0.75147          1     7.5757     7.1721       9.97     0.0159  1.238e-13  1.000e-12  8.076e+02     7.2674     7.2579    -0.0096     5.7901     5.7828     41.604     42.572      0.234    1428.70    1428.57  0.000e+00
       3928     42.500     3.2898     3.3158     0.0260    0.75287    0.75265          1     7.6046     7.1467       9.97     0.0159  1.272e-13  1.000e-12  7.859e+02     7.2757     7.2676    -0.0082     5.7973     5.7904     42.100     43.079      0.219    1428.54    1428.64  0.000e+00
       3980     43.000     3.2987     3.3076     0.0089    0.75423    0.75282          1     7.5608     7.1727       9.97     0.0159  1.314e-13  1.000e-12  7.613e+02     7.2877     7.2711    -0.0165     5.8067     5.7934     42.595     43.585      0.261    1428.60    1428.62  0.000e+00
       4019     43.500     3.3007     3.3240     0.0233    0.75474    0.75435          1     7.5043     7.1466       9.97     0.0164  1.325e-13  1.000e-12  7.549e+02     7.2925     7.2832    -0.0093     5.8105     5.8028     43.090     44.091      0.348    1428.62    1428.72  0.000e+00
       4056     44.000     3.2442     3.2863     0.0421    0.75401    0.75433          1     7.5792     7.1088       9.97     0.0159  1.324e-13  1.000e-12  7.552e+02     7.2976     7.2915    -0.0061     5.8153     5.8099     43.585     44.598      0.265    1428.38    1428.56  0.000e+00
       4113     44.500     3.3133     3.2885    -0.0248    0.75617    0.75487          1     7.5360     7.1273       9.97     0.0159  1.327e-13  1.000e-12  7.535e+02     7.3043     7.2964    -0.0079     5.8197     5.8138     44.080     45.104      0.253    1428.71    1428.59  0.000e+00
       4149     45.000     3.4195     3.3258    -0.0939    0.75943    0.75625          1     7.4157     7.1246       9.97     0.0159  1.329e-13  1.000e-12  7.522e+02     7.3139     7.3022    -0.0117     5.8259     5.8179     44.576     45.610      0.416    1429.22    1428.77  0.000e+00
       4176     45.500     3.3809     3.3877     0.0069    0.75909    0.75845          1     7.3930     7.0794       9.97     0.0159  1.330e-13  1.000e-12  7.519e+02     7.3192     7.3110    -0.0082     5.8306     5.8240     45.071     46.116      0.417    1429.06    1429.08  0.000e+00
       4215     46.000     3.3129     3.3468     0.0339    0.75834    0.75834          1     7.4547     7.0237       9.97     0.0159  1.315e-13  1.000e-12  7.605e+02     7.3267     7.3190    -0.0077     5.8376     5.8310     45.566     46.623      0.244    1428.76    1428.91  0.000e+00
       4272     46.500     3.3290     3.3335     0.0045    0.76034    0.75895          1     7.5222     7.0087       9.97     0.0159  1.262e-13  1.000e-12  7.924e+02     7.3438     7.3283    -0.0155     5.8510     5.8385     46.061     47.129      0.202    1428.87    1428.87  0.000e+00
       4350     47.000     3.4324     3.3934    -0.0390    0.76395    0.76197          1     7.4046     7.0233       9.97     0.0160  1.234e-13  1.000e-12  8.102e+02     7.3576     7.3459    -0.0117     5.8604     5.8517     46.557     47.635      0.415    1429.36    1429.17  0.000e+00
       4369     47.500     3.4372     3.4338    -0.0035    0.76493    0.76446          1     7.4285     7.0079       9.97     0.0160  1.237e-13  1.000e-12  8.083e+02     7.3665     7.3625    -0.0041     5.8675     5.8643     47.052     48.142      0.735    1429.40    1429.38  0.000e+00
       4383     48.000     3.4541     3.4539    -0.0002    0.76626    0.76596          1     7.4304     7.0011       9.97     0.0159  1.232e-13  1.000e-12  8.120e+02     7.3763     7.3734    -0.0030     5.8750     5.8726     47.547     48.648      0.818    1429.50    1429.50  0.000e+00
       4397     48.500     3.4468     3.4476     0.0008    0.76690    0.76673          1     7.4194     7.0038       9.97     0.0159  1.221e-13  1.000e-12  8.192e+02     7.3845     7.3826    -0.0019     5.8817     5.8801     48.042     49.154      0.677    1429.49    1429.49  0.000e+00
       4463     49.000     3.4548     3.4539    -0.0009    0.76746    0.76711          1     7.3896     6.9827       9.97     0.0159  1.221e-13  1.000e-12  8.190e+02     7.3885     7.3850    -0.0035     5.8847     5.8819     48.538     49.661      0.610    1429.54    1429.53  0.000e+00
       4532     49.500     3.4693     3.4622    -0.0071    0.76838    0.76772          1     7.3434     6.9611       9.97     0.0159  1.245e-13  1.000e-12  8.035e+02     7.3946     7.3894    -0.0053     5.8893     5.8852     49.033     50.167      0.994    1429.62    1429.58  0.000e+00
       4547     50.000     3.4863     3.4835    -0.0031    0.76912    0.76886          1     7.3135     6.9384       9.97     0.0159  1.242e-13  1.000e-12  8.051e+02     7.3983     7.3963    -0.0020     5.8920     5.8904     49.528     50.673      0.817    1429.71    1429.69  0.000e+00
       4599     50.500     3.4992     3.4842    -0.0148    0.76955    0.76884          1     7.2967     6.9030       9.97     0.0159  1.219e-13  1.000e-12  8.205e+02     7.3998     7.3958    -0.0040     5.8929     5.8900     50.023     51.179      0.461    1429.78    1429.71  0.000e+00
       4673     51.000     3.4933     3.4935     0.0002    0.77004    0.76973          1     7.2781     6.8921       9.97     0.0159  1.210e-13  1.000e-12  8.264e+02     7.4060     7.4029    -0.0031     5.8980     5.8955     50.518     51.686      0.602    1429.77    1429.76  0.000e+00
       4694     51.500     3.5035     3.4991    -0.0044    0.77093    0.77051          1     7.2628     6.8776       8.02     0.0159  1.218e-13  1.000e-12  8.209e+02     7.4129     7.4096    -0.0033     5.9033     5.9007     51.014     52.192      0.527    1429.83    1429.81  0.000e+00
       4723     52.000     3.5042     3.5052     0.0009    0.77162    0.77098          1     7.2859     6.8556       8.59     0.0159  1.201e-13  1.000e-12  8.327e+02     7.4198     7.4129    -0.0069     5.9088     5.9033     51.509     52.698      0.325    1429.85    1429.85  0.000e+00
       4772     52.500     3.5001     3.5036     0.0035    0.77248    0.77122          1     7.3435     6.8405      10.92     0.0159  1.149e-13  1.000e-12  8.696e+02     7.4295     7.4157    -0.0139     5.9166     5.9055     52.004     53.205      0.093    1429.85    1429.85  0.000e+00
       4895     53.000     3.4888     3.4994     0.0106    0.77267    0.77241          1     7.3687     6.9022       8.91     0.0163  1.206e-13  1.000e-12  8.289e+02     7.4340     7.4289    -0.0051     5.9204     5.9161     52.499     53.711      0.311    1429.81    1429.86  0.000e+00
       4920     53.500     3.4876     3.4902     0.0027    0.77329    0.77295          1     7.2600     6.9091       9.46     0.0159  1.204e-13  1.000e-12  8.308e+02     7.4406     7.4365    -0.0041     5.9256     5.9223     52.995     54.217      0.537    1429.83    1429.83  0.000e+00
       4940     54.000     3.5110     3.5098    -0.0008    0.77433    0.77395          1     7.1621     6.8651       9.97     0.0159  1.199e-13  1.000e-12  8.339e+02     7.4459     7.4423    -0.0036     5.9295     5.9266     53.490     54.723      0.589    1429.95    1429.94  0.000e+00
       4961     54.500     3.4526     3.4868     0.0339    0.77358    0.77386          1     7.2340     6.7928       9.97     0.0159  1.192e-13  1.000e-12  8.391e+02     7.4516     7.4466    -0.0050     5.9349     5.9304     53.985     55.230      0.493    1429.70    1429.85  0.000e+00
       5007     55.000     3.4745     3.4745     0.0000    0.77508    0.77404          1     7.2753     6.8154       9.57     0.0159  1.175e-13  1.000e-12  8.511e+02     7.4619     7.4511    -0.0108     5.9428     5.9342     54.480     55.736      0.259    1429.82    1429.80  0.000e+00
       5085     55.500     3.4875     3.4879     0.0005    0.77717    0.77596          1     7.0865     6.8339       8.46     0.0159  1.178e-13  1.000e-12  8.491e+02     7.4805     7.4679    -0.0126     5.9574     5.9473     54.975     56.242      0.368    1429.91    1429.89  0.000e+00
