ctdpy/tests/etc/all_smhi_bas_2018/SBE09_1044_20181017_1437_34_01_0102.cnv
* Sea-Bird SBE 9 Data File:
* FileName = C:\LUOTAUS\DATA_IN\hex_in\SMHI\ar18d102.hex
* Software Version Seasave V 7.23.2
* Temperature SN = 5351
* Conductivity SN = 3941
* Number of Bytes Per Scan = 30
* Number of Voltage Words = 4
* Number of Scans Averaged by the Deck Unit = 1
* NMEA baud rate = 4800
** Station:  Anholt E
** Operator:  DBSj
** Ship: ARANDA
** Average sound velocity: 1497.30 m/s
** True-depth calculation Wed, 17 Oct 2018 15:42:29 +0000
** CTD Python Module SMHI /ver 3-12/ feb 2012 
** LIMS Job: 20183401-0102
** Cruise: SMHI-4-2018
** Latitude [GG MM.mm N]: 56 40.157 N
** Longitude [GG MM.mm E] 12 06.716 E
# nquan = 26
# nvalues = 116                         
# units = specified
# name 0 = scan: Scan Count
# name 1 = prDM: Pressure, Digiquartz [db]
# name 2 = t090C: Temperature [ITS-90, deg C]
# name 3 = t190C: Temperature, 2 [ITS-90, deg C]
# name 4 = T2-T190C: Temperature Difference, 2 - 1 [ITS-90, deg C]
# name 5 = c0S/m: Conductivity [S/m]
# name 6 = c1S/m: Conductivity, 2 [S/m]
# name 7 = pumps: Pump Status
# name 8 = sbeox0ML/L: Oxygen, SBE 43 [ml/l]
# name 9 = sbeox1ML/L: Oxygen, SBE 43, 2 [ml/l]
# name 10 = altM: Altimeter [m]
# name 11 = flECO-AFL: Chl-a Fluorescence, WET Labs ECO-AFL/FL [mg/m^3]
# name 12 = flECO-AFL1: Phycocyanin Fluorescence, WET Labs ECO-AFL/FL, 2 [mg/m^3]
# name 13 = par: PAR/Irradiance, Biospherical/Lico [µE/(cm^2*s)]
# name 14 = turbWETntu0: Turbidity, WET Labs ECO [NTU]
# name 15 = sal00: Salinity, Practical [PSU]
# name 16 = sal11: Salinity, Practical, 2 [PSU]
# name 17 = secS-priS: Salinity, Practical, Difference, 2 - 1 [PSU]
# name 18 = sigma-t00: Density [sigma-t, Kg/m^3 ]
# name 19 = sigma-t11: Density, 2 [sigma-t, Kg/m^3 ]
# name 20 = depSM: Depth [salt water, m], lat = 0
# name 21 = depFM: Depth [true depth, m], lat = 0
# name 22 = dz/dtM: Descent Rate [m/s], WS = 2
# name 23 = svCM: Sound Velocity [Chen-Millero, m/s]
# name 24 = svCM1: Sound Velocity, 2 [Chen-Millero, m/s]
# name 25 = flag: flag
# span 0 =      35062,      38307       
# span 1 =      1.500,     59.000       
# span 2 =    13.1974,    14.0127       
# span 3 =    13.1982,    14.0145       
# span 4 =    -0.0119,     0.0054       
# span 5 =   3.133736,   3.906398       
# span 6 =   3.133819,   3.906537       
# span 7 =          1,          1       
# span 8 =    3.54850,    6.26459       
# span 9 =    3.36593,    5.93348       
# span 10 =       2.92,     112.49      
# span 11 =     0.1682,     1.5207      
# span 12 =     0.1502,     0.3242      
# span 13 = 1.0000e-12, 1.1205e+02      
# span 14 =     0.2162,     2.2508      
# span 15 =    25.8293,    32.5485      
# span 16 =    25.8291,    32.5486      
# span 17 =    -0.0195,     0.0157      
# span 18 =    19.2568,    24.3797      
# span 19 =    19.2564,    24.3797      
# span 20 =      1.492,     58.667      
# span 21 =      1.499,     58.770      
# span 22 =     -0.056,      0.565      
# span 23 =    1490.20,    1500.68      
# span 24 =    1490.21,    1500.69      
# span 25 = 0.0000e+00, 0.0000e+00      
# interval = decibars: 0.5              
# start_time = Oct 17 2018 14:37:05 [System UTC, header]
# bad_flag = -9.990e-29
*END*
[from data line 56]
      36865     29.500    13.9646    13.9661     0.0015    3.86145    3.86137          1     4.4778     4.2659      32.18     0.2277     0.2448  7.590e-01  0.4850000    31.9381    31.9362    -0.0019    23.8293    23.8275     29.336     29.431      0.556    1500.25    1500.26  0.000e+00
      36887     30.000    13.9585    13.9595     0.0011    3.86590    3.86597          1     4.4265     4.2132      31.78     0.2127     0.2628  7.025e-01  0.5449000    31.9840    31.9838    -0.0002    23.8660    23.8656     29.833     29.929      0.549    1500.29    1500.30  0.000e+00
      36909     30.500    13.9536    13.9556     0.0020    3.86710    3.86723          1     4.3716     4.1676      31.24     0.2114     0.2282  6.521e-01  0.6046000    31.9990    31.9985    -0.0005    23.8785    23.8777     30.330     30.426      0.542    1500.30    1500.31  0.000e+00
      36931     31.000    13.9436    13.9459     0.0022    3.86777    3.86773          1     4.3088     4.1249      30.81     0.2070     0.2217  6.022e-01  0.6411000    32.0132    32.0110    -0.0023    23.8916    23.8893     30.827     30.924      0.541    1500.30    1500.30  0.000e+00
      36953     31.500    13.9413    13.9422     0.0009    3.86797    3.86804          1     4.2840     4.0924      30.30     0.2015     0.2075  5.574e-01  0.6531000    32.0168    32.0168    -0.0000    23.8948    23.8946     31.325     31.421      0.545    1500.30    1500.30  0.000e+00
      36975     32.000    13.9392    13.9406     0.0013    3.86818    3.86820          1     4.2871     4.0828      29.76     0.2096     0.1940  5.040e-01  0.6984000    32.0203    32.0194    -0.0009    23.8979    23.8969     31.822     31.918      0.549    1500.31    1500.31  0.000e+00
      36997     32.500    13.9386    13.9397     0.0012    3.86823    3.86832          1     4.2908     4.0835      29.32     0.1748     0.1750  4.624e-01  0.7157000    32.0211    32.0209    -0.0002    23.8987    23.8983     32.319     32.416      0.547    1500.31    1500.32  0.000e+00
      37019     33.000    13.9386    13.9402     0.0016    3.86830    3.86834          1     4.3014     4.0790      13.22     0.2054     0.1695  4.192e-01  0.7159000    32.0216    32.0206    -0.0010    23.8990    23.8979     32.816     32.913      0.525    1500.32    1500.33  0.000e+00
      37043     33.500    13.9388    13.9402     0.0014    3.86883    3.86891          1     4.3003     4.0751      26.48     0.2002     0.1996  3.700e-01  0.7246000    32.0261    32.0256    -0.0005    23.9025    23.9018     33.313     33.411      0.508    1500.34    1500.34  0.000e+00
      37066     34.000    13.9395    13.9411     0.0016    3.86926    3.86948          1     4.3002     4.0817      27.78     0.2138     0.2376  3.328e-01  0.6915000    32.0292    32.0299     0.0007    23.9047    23.9049     33.810     33.908      0.523    1500.35    1500.36  0.000e+00
      37089     34.500    13.9404    13.9415     0.0011    3.86982    3.86979          1     4.3055     4.0808      27.27     0.2025     0.2069  2.980e-01  0.6732000    32.0334    32.0323    -0.0011    23.9078    23.9067     34.308     34.405      0.539    1500.37    1500.37  0.000e+00
      37111     35.000    13.9405    13.9411     0.0006    3.87012    3.87035          1     4.2783     4.0598      26.76     0.1811     0.2205  2.691e-01  0.6725000    32.0359    32.0376     0.0017    23.9097    23.9109     34.805     34.903      0.525    1500.38    1500.38  0.000e+00
      37134     35.500    13.9371    13.9383     0.0011    3.87075    3.87086          1     4.2285     4.0245      26.31     0.1806     0.2328  2.419e-01  0.6743000    32.0444    32.0444    -0.0000    23.9169    23.9167     35.302     35.400      0.520    1500.39    1500.39  0.000e+00
      37157     36.000    13.9244    13.9256     0.0012    3.87242    3.87238          1     4.2153     4.0119      25.86     0.2014     0.2349  2.096e-01  0.7038000    32.0701    32.0689    -0.0013    23.9394    23.9382     35.799     35.897      0.528    1500.38    1500.39  0.000e+00
      37180     36.500    13.9395    13.9404     0.0009    3.87526    3.87526          1     4.2697     4.0559      25.33     0.2102     0.2189  1.793e-01  0.7559000    32.0836    32.0828    -0.0008    23.9467    23.9459     36.296     36.395      0.529    1500.46    1500.46  0.000e+00
      37202     37.000    13.9599    13.9607     0.0008    3.87906    3.87901          1     4.3285     4.0931      24.84     0.1965     0.2324  1.589e-01  0.7345000    32.1014    32.1003    -0.0012    23.9563    23.9552     36.793     36.892      0.531    1500.55    1500.55  0.000e+00
      37225     37.500    13.9600    13.9616     0.0016    3.88119    3.88125          1     4.3087     4.0826      24.36     0.1863     0.2453  1.372e-01  0.6220000    32.1207    32.1200    -0.0007    23.9712    23.9703     37.291     37.390      0.537    1500.58    1500.59  0.000e+00
      37247     38.000    13.9517    13.9536     0.0018    3.88084    3.88095          1     4.2143     4.0092      23.87     0.1768     0.1759  1.172e-01  0.6390000    32.1243    32.1237    -0.0006    23.9756    23.9748     37.788     37.887      0.532    1500.57    1500.57  0.000e+00
      37270     38.500    13.9265    13.9285     0.0020    3.87883    3.87898          1     4.0998     3.9070      23.39     0.1892     0.1634  1.004e-01  0.6646000    32.1265    32.1263    -0.0002    23.9825    23.9819     38.285     38.384      0.516    1500.50    1500.50  0.000e+00
      37294     39.000    13.9046    13.9056     0.0010    3.87709    3.87720          1     4.0166     3.8204      22.87     0.1768     0.2727  8.390e-02  0.7392000    32.1286    32.1289     0.0002    23.9886    23.9886     38.782     38.882      0.518    1500.44    1500.44  0.000e+00
      37316     39.500    13.8899    13.8926     0.0026    3.87804    3.87759          1     3.9829     3.7813      22.39     0.1682     0.2182  6.645e-02  0.8640000    32.1495    32.1432    -0.0063    24.0077    24.0023     39.279     39.379      0.532    1500.42    1500.42  0.000e+00
      37339     40.000    13.8794    13.8805     0.0011    3.88076    3.88105          1     3.9637     3.7690      21.90     0.1742     0.2072  5.820e-02  0.9652000    32.1832    32.1850     0.0018    24.0359    24.0370     39.776     39.876      0.527    1500.43    1500.44  0.000e+00
      37362     40.500    13.8735    13.8755     0.0021    3.88374    3.88348          1     3.9558     3.7787      21.45     0.1748     0.2147  4.504e-02  1.0055000    32.2156    32.2114    -0.0041    24.0621    24.0585     40.274     40.374      0.516    1500.46    1500.46  0.000e+00
      37385     41.000    13.8720    13.8737     0.0016    3.88444    3.88439          1     3.9595     3.7793      20.88     0.1748     0.2157  3.296e-02  1.0306000    32.2230    32.2212    -0.0018    24.0681    24.0664     40.771     40.871      0.514    1500.47    1500.48  0.000e+00
      37408     41.500    13.8700    13.8718     0.0018    3.88552    3.88541          1     3.9744     3.7852      20.36     0.1748     0.2164  1.732e-02  1.0358000    32.2345    32.2320    -0.0025    24.0774    24.0751     41.268     41.368      0.530    1500.49    1500.49  0.000e+00
      37431     42.000    13.8695    13.8710     0.0015    3.88561    3.88573          1     3.9841     3.7870      19.91     0.1748     0.2338  8.316e-03  1.0525000    32.2356    32.2355    -0.0001    24.0784    24.0780     41.765     41.865      0.544    1500.50    1500.50  0.000e+00
      37453     42.500    13.8682    13.8698     0.0016    3.88586    3.88597          1     3.9906     3.7862      19.41     0.1953     0.2073  7.584e-05  1.0073000    32.2388    32.2384    -0.0004    24.0811    24.0805     42.262     42.363      0.527    1500.50    1500.51  0.000e+00
      37476     43.000    13.8655    13.8673     0.0018    3.88744    3.88735          1     4.0186     3.7965      18.90     0.1992     0.1660  9.908e-09  1.0455000    32.2555    32.2532    -0.0023    24.0946    24.0924     42.759     42.860      0.505    1500.52    1500.53  0.000e+00
      37500     43.500    13.8599    13.8623     0.0025    3.89100    3.89038          1     4.0489     3.8099      18.39     0.2072     0.1887  1.000e-12  1.0759000    32.2929    32.2851    -0.0078    24.1246    24.1181     43.256     43.357      0.516    1500.56    1500.56  0.000e+00
      37523     44.000    13.8565    13.8582     0.0016    3.89300    3.89297          1     4.0427     3.8175      17.87     0.2045     0.2222  1.000e-12  1.1419000    32.3140    32.3124    -0.0016    24.1416    24.1400     43.754     43.855      0.531    1500.58    1500.58  0.000e+00
      37545     44.500    13.8538    13.8552     0.0014    3.89422    3.89429          1     4.0216     3.8127      17.37     0.1936     0.2044  1.000e-12  1.1913000    32.3274    32.3269    -0.0006    24.1525    24.1518     44.251     44.352      0.523    1500.59    1500.60  0.000e+00
      37569     45.000    13.8496    13.8509     0.0013    3.89641    3.89651          1     4.0136     3.8152      16.89     0.1824     0.2033  1.000e-12  1.2057000    32.3510    32.3509    -0.0001    24.1716    24.1712     44.748     44.849      0.522    1500.62    1500.62  0.000e+00
      37591     45.500    13.8464    13.8477     0.0013    3.89954    3.89980          1     4.0183     3.8123      16.41     0.1793     0.2243  1.000e-12  1.1864000    32.3824    32.3837     0.0014    24.1965    24.1972     45.245     45.346      0.537    1500.65    1500.66  0.000e+00
      37613     46.000    13.8401    13.8408     0.0007    3.90127    3.90138          1     4.0201     3.8011      15.92     0.1986     0.1905  1.000e-12  1.0656000    32.4036    32.4040     0.0004    24.2141    24.2143     45.742     45.844      0.537    1500.66    1500.67  0.000e+00
      37636     46.500    13.8292    13.8307     0.0015    3.90162    3.90173          1     4.0047     3.7900      15.44     0.1870     0.1641  1.000e-12  1.0282000    32.4159    32.4156    -0.0003    24.2258    24.2253     46.239     46.341      0.529    1500.65    1500.65  0.000e+00
      37659     47.000    13.8247    13.8259     0.0013    3.90166    3.90175          1     3.9798     3.7733      14.93     0.1976     0.3011  1.000e-12  1.1017000    32.4199    32.4197    -0.0002    24.2298    24.2294     46.736     46.838      0.535    1500.65    1500.65  0.000e+00
      37681     47.500    13.8119    13.8130     0.0011    3.90248    3.90261          1     3.9661     3.7636      14.42     0.1705     0.2096  1.000e-12  1.1733000    32.4380    32.4383     0.0003    24.2465    24.2464     47.234     47.335      0.528    1500.64    1500.64  0.000e+00
      37704     48.000    13.8030    13.8043     0.0013    3.90507    3.90519          1     3.9789     3.7743      13.91     0.2038     0.2232  1.000e-12  1.3092000    32.4694    32.4694    -0.0000    24.2725    24.2722     47.731     47.832      0.517    1500.65    1500.66  0.000e+00
      37727     48.500    13.8030    13.8045     0.0015    3.90563    3.90576          1     4.0011     3.7917      13.42     0.2029     0.2372  1.000e-12  1.3375000    32.4744    32.4742    -0.0002    24.2764    24.2759     48.228     48.330      0.535    1500.67    1500.67  0.000e+00
      37749     49.000    13.8042    13.8057     0.0015    3.90608    3.90619          1     4.0184     3.8030      12.96     0.1872     0.2220  1.000e-12  1.2987000    32.4773    32.4770    -0.0003    24.2783    24.2778     48.725     48.827      0.544    1500.68    1500.69  0.000e+00
      37772     49.500    13.8012    13.8025     0.0013    3.90629    3.90639          1     3.9916     3.7851      12.46     0.1906     0.2237  1.000e-12  1.2824000    32.4816    32.4814    -0.0002    24.2823    24.2819     49.222     49.324      0.517    1500.68    1500.69  0.000e+00
      37796     50.000    13.7932    13.7946     0.0014    3.90582    3.90590          1     3.9532     3.7525      11.93     0.2018     0.2309  1.000e-12  1.3130000    32.4838    32.4834    -0.0004    24.2856    24.2850     49.719     49.821      0.498    1500.67    1500.67  0.000e+00
      37819     50.500    13.7894    13.7900     0.0006    3.90560    3.90564          1     3.9325     3.7351      11.44     0.2100     0.1769  1.000e-12  1.3658000    32.4848    32.4847    -0.0001    24.2871    24.2870     50.216     50.318      0.522    1500.67    1500.67  0.000e+00
      37842     51.000    13.7845    13.7860     0.0015    3.90532    3.90540          1     3.9217     3.7249      10.95     0.1979     0.2323  1.000e-12  1.4086000    32.4862    32.4856    -0.0005    24.2892    24.2885     50.714     50.816      0.541    1500.66    1500.66  0.000e+00
      37864     51.500    13.7763    13.7807     0.0044    3.90521    3.90538          1     3.9088     3.7142      10.46     0.2336     0.2579  1.000e-12  1.6374000    32.4919    32.4897    -0.0022    24.2953    24.2927     51.211     51.313      0.539    1500.65    1500.66  0.000e+00
      37886     52.000    13.7686    13.7718     0.0031    3.90540    3.90549          1     3.8964     3.6992       9.96     0.2143     0.2730  1.000e-12  1.8832000    32.4999    32.4981    -0.0018    24.3031    24.3011     51.708     51.810      0.526    1500.64    1500.65  0.000e+00
      37910     52.500    13.7556    13.7583     0.0028    3.90592    3.90593          1     3.8835     3.6914       9.46     0.2279     0.2336  1.000e-12  2.0352000    32.5156    32.5134    -0.0022    24.3179    24.3156     52.205     52.307      0.503    1500.62    1500.63  0.000e+00
      37934     53.000    13.7467    13.7480     0.0013    3.90610    3.90622          1     3.8874     3.6904       8.99     0.2262     0.1610  1.000e-12  2.1294000    32.5246    32.5247     0.0001    24.3267    24.3264     52.702     52.804      0.509    1500.62    1500.62  0.000e+00
      37957     53.500    13.7430    13.7454     0.0024    3.90640    3.90654          1     3.8994     3.6873       8.50     0.2091     0.1502  1.000e-12  2.2001000    32.5304    32.5296    -0.0008    24.3318    24.3307     53.199     53.301      0.540    1500.62    1500.63  0.000e+00
      37978     54.000    13.7290    13.7328     0.0038    3.90592    3.90616          1     3.8839     3.6794       8.01     0.2081     0.2096  1.000e-12  2.2508000    32.5376    32.5366    -0.0010    24.3403    24.3387     53.696     53.799      0.547    1500.59    1500.60  0.000e+00
      38001     54.500    13.7187    13.7209     0.0023    3.90530    3.90545          1     3.8496     3.6633       7.50     0.2293     0.2929  1.000e-12  2.2249000    32.5404    32.5399    -0.0005    24.3445    24.3437     54.193     54.296      0.523    1500.57    1500.57  0.000e+00
      38024     55.000    13.7087    13.7083    -0.0004    3.90445    3.90439          1     3.8094     3.6378       7.00     0.2429     0.2811  1.000e-12  2.0847000    32.5408    32.5406    -0.0003    24.3469    24.3468     54.691     54.793      0.509    1500.54    1500.54  0.000e+00
      38048     55.500    13.6951    13.6961     0.0010    3.90342    3.90346          1     3.7768     3.6016       6.50     0.2229     0.2225  1.000e-12  2.0189000    32.5425    32.5420    -0.0005    24.3510    24.3504     55.188     55.290      0.524    1500.51    1500.51  0.000e+00
      38070     56.000    13.6605    13.6635     0.0030    3.90070    3.90088          1     3.7540     3.5659       6.04     0.2231     0.2165  1.000e-12  2.0769000    32.5465    32.5457    -0.0008    24.3610    24.3598     55.685     55.787      0.532    1500.40    1500.42  0.000e+00
      38093     56.500    13.6516    13.6524     0.0007    3.90001    3.90002          1     3.7478     3.5554       5.61     0.2571     0.2477  1.000e-12  1.9697000    32.5475    32.5469    -0.0006    24.3636    24.3630     56.182     56.284      0.526    1500.39    1500.39  0.000e+00
