ctdpy/tests/etc/all_smhi_bas_2018/SBE09_1044_20181114_1640_34_01_0146.cnv
* Sea-Bird SBE 9 Data File:
* FileName = C:\ctd\temp\ar18d146.hex
* Software Version Seasave V 7.26.7.107
* Temperature SN = 5351
* Conductivity SN = 3941
* Number of Bytes Per Scan = 41
* Number of Voltage Words = 4
* Number of Scans Averaged by the Deck Unit = 1
* NMEA Latitude = 58 35.62 N
* NMEA Longitude = 018 14.20 E
* NMEA UTC (Time) = Nov 14 2018  16:40:31
* NMEA baud rate = 4800
** Station:  BY31
** Operator:  JKro
** Ship: ARANDA
** Average sound velocity: 1448.41 m/s
** True-depth calculation Wed, 14 Nov 2018 19:17:05 +0000
** CTD Python Module SMHI /ver 3-12/ feb 2012 
** LIMS Job: 20183401-0146
** Cruise: SMHI-6-2018
** Latitude [GG MM.mm N]:
** Longitude [GG MM.mm E]
# nquan = 26
# nvalues = 880                         
# units = specified
# name 0 = scan: Scan Count
# name 1 = prDM: Pressure, Digiquartz [db]
# name 2 = t090C: Temperature [ITS-90, deg C]
# name 3 = t190C: Temperature, 2 [ITS-90, deg C]
# name 4 = T2-T190C: Temperature Difference, 2 - 1 [ITS-90, deg C]
# name 5 = c0S/m: Conductivity [S/m]
# name 6 = c1S/m: Conductivity, 2 [S/m]
# name 7 = pumps: Pump Status
# name 8 = sbeox0ML/L: Oxygen, SBE 43 [ml/l]
# name 9 = sbeox1ML/L: Oxygen, SBE 43, 2 [ml/l]
# name 10 = altM: Altimeter [m]
# name 11 = flECO-AFL: Chl-a Fluorescence, WET Labs ECO-AFL/FL [mg/m^3]
# name 12 = flECO-AFL1: Phycocyanin Fluorescence, WET Labs ECO-AFL/FL, 2 [mg/m^3]
# name 13 = par: PAR/Irradiance, Biospherical/Lico [µE/(cm^2*s)]
# name 14 = turbWETntu0: Turbidity, WET Labs ECO [NTU]
# name 15 = sal00: Salinity, Practical [PSU]
# name 16 = sal11: Salinity, Practical, 2 [PSU]
# name 17 = secS-priS: Salinity, Practical, Difference, 2 - 1 [PSU]
# name 18 = sigma-t00: Density [sigma-t, Kg/m^3 ]
# name 19 = sigma-t11: Density, 2 [sigma-t, Kg/m^3 ]
# name 20 = depSM: Depth [salt water, m], lat = 58.5937
# name 21 = depFM: Depth [true depth, m], lat = 58.5937
# name 22 = dz/dtM: Descent Rate [m/s], WS = 2
# name 23 = svCM: Sound Velocity [Chen-Millero, m/s]
# name 24 = svCM1: Sound Velocity, 2 [Chen-Millero, m/s]
# name 25 = flag: flag
# span 0 =      12663,      36311       
# span 1 =      1.000,    440.500       
# span 2 =     4.4712,     7.9326       
# span 3 =     4.4742,     7.9337       
# span 4 =    -0.0085,     0.0141       
# span 5 =   0.802402,   1.248946       
# span 6 =   0.802378,   1.248950       
# span 7 =          1,          1       
# span 8 =    0.00737,    7.70316       
# span 9 =    0.03667,    7.32873       
# span 10 =       3.54,      99.30      
# span 11 =     0.2565,     1.1812      
# span 12 =     0.1368,     0.3929      
# span 13 = -7.059e-05, 1.0941e+00      
# span 14 =     0.1486,     1.7715      
# span 15 =     6.8123,    11.4068      
# span 16 =     6.8120,    11.4063      
# span 17 =    -0.0075,     0.0012      
# span 18 =     5.2139,     8.9444      
# span 19 =     5.2135,     8.9439      
# span 20 =      0.991,    435.932      
# span 21 =      1.013,    444.969      
# span 22 =     -0.008,      0.612      
# span 23 =    1434.99,    1453.19      
# span 24 =    1435.00,    1453.20      
# span 25 = 0.0000e+00, 0.0000e+00      
# interval = decibars: 0.5              
# start_time = Nov 14 2018 16:40:32 [NMEA time, first data scan]
# bad_flag = -9.990e-29
*END*
[from data line 614]
      27968    308.000     6.2267     6.2281     0.0014    1.24292    1.24292          1     0.0145     0.0458      98.71     0.3378     0.2135  1.000e-12  0.1671000    11.3782    11.3777    -0.0005     8.9233     8.9228    304.904    311.208      0.520    1450.94    1450.95  0.000e+00
      27990    308.500     6.2268     6.2281     0.0014    1.24293    1.24294          1     0.0120     0.0461      98.71     0.3486     0.1884  1.000e-12  0.1739000    11.3782    11.3778    -0.0004     8.9233     8.9229    305.398    311.713      0.542    1450.95    1450.95  0.000e+00
      28012    309.000     6.2268     6.2281     0.0013    1.24295    1.24293          1     0.0122     0.0450      98.71     0.3417     0.1864  1.000e-12  0.1744000    11.3782    11.3776    -0.0006     8.9233     8.9227    305.893    312.217      0.514    1450.96    1450.96  0.000e+00
      28037    309.500     6.2268     6.2282     0.0014    1.24297    1.24297          1     0.0113     0.0454      98.71     0.3365     0.2280  1.000e-12  0.1735000    11.3783    11.3779    -0.0005     8.9234     8.9229    306.387    312.722      0.475    1450.96    1450.97  0.000e+00
      28063    310.000     6.2268     6.2283     0.0015    1.24299    1.24299          1     0.0128     0.0458      98.71     0.3502     0.2096  1.000e-12  0.1540000    11.3785    11.3780    -0.0005     8.9235     8.9230    306.882    313.227      0.464    1450.97    1450.98  0.000e+00
      28088    310.500     6.2270     6.2284     0.0014    1.24302    1.24301          1     0.0147     0.0449      98.71     0.3407     0.2281  1.000e-12  0.1606000    11.3786    11.3781    -0.0005     8.9236     8.9231    307.377    313.732      0.477    1450.98    1450.99  0.000e+00
      28113    311.000     6.2271     6.2285     0.0014    1.24305    1.24304          1     0.0124     0.0454      98.71     0.3344     0.2065  1.000e-12  0.1556000    11.3787    11.3782    -0.0005     8.9237     8.9232    307.871    314.236      0.501    1450.99    1451.00  0.000e+00
      28136    311.500     6.2272     6.2286     0.0014    1.24307    1.24307          1     0.0112     0.0458      98.71     0.3289     0.1921  1.000e-12  0.1596000    11.3788    11.3783    -0.0005     8.9238     8.9233    308.366    314.741      0.510    1451.00    1451.00  0.000e+00
      28160    312.000     6.2274     6.2287     0.0013    1.24311    1.24311          1     0.0119     0.0453      98.71     0.3330     0.2059  1.000e-12  0.1580000    11.3791    11.3786    -0.0005     8.9239     8.9235    308.860    315.246      0.510    1451.01    1451.01  0.000e+00
      28184    312.500     6.2275     6.2289     0.0014    1.24315    1.24315          1     0.0126     0.0454      98.71     0.3300     0.2691  1.000e-12  0.1530000    11.3794    11.3788    -0.0005     8.9242     8.9237    309.355    315.751      0.502    1451.02    1451.02  0.000e+00
      28208    313.000     6.2276     6.2290     0.0014    1.24317    1.24317          1     0.0152     0.0453      98.71     0.3363     0.2427  1.000e-12  0.1595000    11.3794    11.3789    -0.0005     8.9242     8.9237    309.850    316.256      0.466    1451.03    1451.03  0.000e+00
      28235    313.500     6.2276     6.2290     0.0014    1.24318    1.24318          1     0.0134     0.0450      98.71     0.3281     0.2219  1.000e-12  0.1608000    11.3795    11.3790    -0.0005     8.9242     8.9237    310.344    316.760      0.456    1451.03    1451.04  0.000e+00
      28260    314.000     6.2277     6.2291     0.0014    1.24320    1.24320          1     0.0134     0.0456      98.71     0.3185     0.2396  1.000e-12  0.1754000    11.3796    11.3791    -0.0005     8.9243     8.9238    310.839    317.265      0.509    1451.04    1451.05  0.000e+00
      28282    314.500     6.2278     6.2291     0.0014    1.24322    1.24321          1     0.0125     0.0459      98.71     0.3249     0.2246  1.000e-12  0.1795000    11.3796    11.3791    -0.0005     8.9243     8.9238    311.333    317.770      0.561    1451.05    1451.06  0.000e+00
      28303    315.000     6.2279     6.2292     0.0013    1.24324    1.24324          1     0.0135     0.0455      98.71     0.3324     0.2111  1.000e-12  0.1596000    11.3797    11.3792    -0.0004     8.9244     8.9239    311.828    318.275      0.539    1451.06    1451.06  0.000e+00
      28328    315.500     6.2278     6.2292     0.0014    1.24326    1.24325          1     0.0126     0.0452      98.71     0.3459     0.2129  1.000e-12  0.1486000    11.3798    11.3793    -0.0005     8.9245     8.9240    312.322    318.779      0.442    1451.07    1451.07  0.000e+00
      28358    316.000     6.2281     6.2295     0.0014    1.24334    1.24334          1     0.0111     0.0444      98.71     0.3354     0.2139  1.000e-12  0.1570000    11.3804    11.3799    -0.0005     8.9249     8.9245    312.817    319.284      0.404    1451.08    1451.08  0.000e+00
      28385    316.500     6.2284     6.2298     0.0014    1.24339    1.24338          1     0.0140     0.0457      98.71     0.3367     0.2294  1.000e-12  0.1678000    11.3807    11.3802    -0.0006     8.9252     8.9246    313.312    319.789      0.511    1451.09    1451.09  0.000e+00
      28407    317.000     6.2284     6.2299     0.0015    1.24341    1.24341          1     0.0120     0.0458      98.71     0.3378     0.2136  1.000e-12  0.1643000    11.3807    11.3802    -0.0005     8.9252     8.9247    313.806    320.294      0.577    1451.10    1451.10  0.000e+00
      28427    317.500     6.2284     6.2299     0.0014    1.24341    1.24341          1     0.0140     0.0445      98.71     0.3463     0.2464  1.000e-12  0.1506000    11.3808    11.3802    -0.0005     8.9252     8.9247    314.301    320.798      0.547    1451.10    1451.11  0.000e+00
      28451    318.000     6.2285     6.2299     0.0014    1.24344    1.24344          1     0.0122     0.0448      98.71     0.3248     0.2087  1.000e-12  0.1663000    11.3809    11.3804    -0.0005     8.9253     8.9248    314.795    321.303      0.470    1451.11    1451.12  0.000e+00
      28478    318.500     6.2286     6.2301     0.0015    1.24348    1.24348          1     0.0118     0.0467      98.71     0.3309     0.2423  1.000e-12  0.1564000    11.3812    11.3807    -0.0004     8.9255     8.9250    315.290    321.808      0.451    1451.12    1451.13  0.000e+00
      28504    319.000     6.2288     6.2302     0.0014    1.24352    1.24352          1     0.0124     0.0446      98.71     0.3470     0.2067  1.000e-12  0.1624000    11.3814    11.3809    -0.0005     8.9257     8.9252    315.785    322.313      0.489    1451.13    1451.13  0.000e+00
      28528    319.500     6.2290     6.2305     0.0015    1.24358    1.24358          1     0.0125     0.0453      98.71     0.3231     0.2320  1.000e-12  0.1672000    11.3819    11.3814    -0.0005     8.9260     8.9255    316.279    322.817      0.504    1451.14    1451.14  0.000e+00
      28551    320.000     6.2293     6.2307     0.0014    1.24363    1.24363          1     0.0133     0.0439      98.71     0.3116     0.1986  1.000e-12  0.1625000    11.3822    11.3817    -0.0005     8.9262     8.9258    316.774    323.322      0.505    1451.15    1451.15  0.000e+00
      28575    320.500     6.2294     6.2308     0.0015    1.24366    1.24365          1     0.0163     0.0452      98.71     0.3369     0.1925  1.000e-12  0.1617000    11.3823    11.3818    -0.0005     8.9263     8.9258    317.268    323.827      0.498    1451.16    1451.16  0.000e+00
      28600    321.000     6.2294     6.2309     0.0014    1.24369    1.24368          1     0.0120     0.0452      98.71     0.3350     0.1925  1.000e-12  0.1715000    11.3825    11.3819    -0.0005     8.9265     8.9260    317.763    324.332      0.478    1451.17    1451.17  0.000e+00
      28626    321.500     6.2294     6.2309     0.0014    1.24370    1.24369          1     0.0124     0.0461      98.71     0.3383     0.2275  1.000e-12  0.1524000    11.3825    11.3820    -0.0006     8.9265     8.9260    318.257    324.837      0.437    1451.17    1451.18  0.000e+00
      28654    322.000     6.2296     6.2310     0.0014    1.24374    1.24374          1     0.0110     0.0449      98.71     0.3506     0.2338  1.000e-12  0.1565000    11.3828    11.3823    -0.0005     8.9267     8.9262    318.752    325.341      0.438    1451.18    1451.19  0.000e+00
      28680    322.500     6.2298     6.2313     0.0015    1.24378    1.24377          1     0.0135     0.0438      98.71     0.3373     0.2135  1.000e-12  0.1566000    11.3829    11.3824    -0.0006     8.9268     8.9263    319.247    325.846      0.514    1451.19    1451.20  0.000e+00
      28702    323.000     6.2300     6.2314     0.0015    1.24382    1.24382          1     0.0115     0.0428      98.71     0.3347     0.2071  1.000e-12  0.1599000    11.3832    11.3827    -0.0005     8.9270     8.9265    319.741    326.351      0.549    1451.20    1451.21  0.000e+00
      28724    323.500     6.2300     6.2315     0.0015    1.24384    1.24384          1     0.0118     0.0450      98.71     0.3285     0.2011  1.000e-12  0.1567000    11.3833    11.3829    -0.0005     8.9271     8.9266    320.236    326.856      0.511    1451.21    1451.21  0.000e+00
      28750    324.000     6.2300     6.2315     0.0015    1.24386    1.24386          1     0.0141     0.0465      98.71     0.3339     0.1979  1.000e-12  0.1598000    11.3835    11.3830    -0.0005     8.9272     8.9267    320.730    327.360      0.449    1451.22    1451.22  0.000e+00
      28777    324.500     6.2302     6.2317     0.0014    1.24391    1.24391          1     0.0104     0.0441      98.71     0.3358     0.2177  1.000e-12  0.1771000    11.3838    11.3833    -0.0005     8.9274     8.9269    321.225    327.865      0.443    1451.23    1451.23  0.000e+00
      28803    325.000     6.2304     6.2318     0.0014    1.24395    1.24395          1     0.0125     0.0448      98.71     0.3271     0.2276  1.000e-12  0.1641000    11.3840    11.3835    -0.0005     8.9276     8.9271    321.719    328.370      0.474    1451.24    1451.24  0.000e+00
      28828    325.500     6.2304     6.2319     0.0015    1.24397    1.24396          1     0.0115     0.0446      98.71     0.3340     0.2101  1.000e-12  0.1632000    11.3841    11.3835    -0.0005     8.9277     8.9271    322.214    328.875      0.498    1451.24    1451.25  0.000e+00
      28851    326.000     6.2305     6.2321     0.0015    1.24400    1.24399          1     0.0129     0.0452      98.71     0.3274     0.2058  1.000e-12  0.1566000    11.3842    11.3836    -0.0006     8.9278     8.9272    322.709    329.379      0.521    1451.25    1451.26  0.000e+00
      28874    326.500     6.2306     6.2321     0.0015    1.24402    1.24402          1     0.0141     0.0442      98.71     0.3309     0.2443  1.000e-12  0.1648000    11.3844    11.3839    -0.0005     8.9279     8.9274    323.203    329.884      0.519    1451.26    1451.27  0.000e+00
      28898    327.000     6.2307     6.2322     0.0016    1.24407    1.24406          1     0.0115     0.0444      98.71     0.3369     0.2311  1.000e-12  0.1682000    11.3847    11.3842    -0.0005     8.9281     8.9276    323.698    330.389      0.493    1451.27    1451.28  0.000e+00
      28923    327.500     6.2310     6.2324     0.0014    1.24413    1.24413          1     0.0114     0.0461      98.71     0.3292     0.2290  1.000e-12  0.1676000    11.3852    11.3847    -0.0005     8.9285     8.9280    324.192    330.894      0.450    1451.28    1451.28  0.000e+00
      28951    328.000     6.2313     6.2327     0.0015    1.24421    1.24422          1     0.0117     0.0441      98.71     0.3303     0.2067  1.000e-12  0.1562000    11.3858    11.3854    -0.0004     8.9290     8.9285    324.687    331.398      0.439    1451.29    1451.30  0.000e+00
      28977    328.500     6.2315     6.2330     0.0015    1.24427    1.24427          1     0.0126     0.0446      98.71     0.3375     0.2110  1.000e-12  0.1499000    11.3862    11.3856    -0.0005     8.9292     8.9287    325.181    331.903      0.483    1451.30    1451.30  0.000e+00
      29001    329.000     6.2316     6.2331     0.0015    1.24428    1.24429          1     0.0120     0.0429      98.71     0.3431     0.2760  1.000e-12  0.1637000    11.3862    11.3857    -0.0005     8.9292     8.9287    325.676    332.408      0.531    1451.31    1451.31  0.000e+00
      29023    329.500     6.2317     6.2332     0.0014    1.24430    1.24429          1     0.0118     0.0455      98.71     0.3441     0.2502  1.000e-12  0.1622000    11.3862    11.3857    -0.0005     8.9293     8.9287    326.170    332.913      0.537    1451.32    1451.32  0.000e+00
      29046    330.000     6.2317     6.2332     0.0015    1.24431    1.24431          1     0.0130     0.0429      98.71     0.3331     0.1951  1.000e-12  0.1528000    11.3863    11.3858    -0.0005     8.9293     8.9288    326.665    333.417      0.487    1451.32    1451.33  0.000e+00
      29073    330.500     6.2316     6.2332     0.0015    1.24433    1.24433          1     0.0127     0.0460      98.71     0.3187     0.1675  1.000e-12  0.1533000    11.3863    11.3858    -0.0005     8.9293     8.9288    327.160    333.922      0.420    1451.33    1451.34  0.000e+00
      29102    331.000     6.2318     6.2333     0.0015    1.24436    1.24436          1     0.0113     0.0430      98.71     0.3329     0.2343  1.000e-12  0.1556000    11.3865    11.3860    -0.0005     8.9295     8.9290    327.654    334.427      0.450    1451.34    1451.35  0.000e+00
      29126    331.500     6.2319     6.2334     0.0015    1.24438    1.24438          1     0.0091     0.0452      98.71     0.3287     0.2444  1.000e-12  0.1682000    11.3865    11.3861    -0.0004     8.9295     8.9291    328.149    334.932      0.530    1451.35    1451.36  0.000e+00
      29148    332.000     6.2321     6.2335     0.0014    1.24441    1.24441          1     0.0127     0.0452      98.71     0.3225     0.2314  1.000e-12  0.1673000    11.3867    11.3862    -0.0005     8.9296     8.9291    328.643    335.437      0.544    1451.36    1451.36  0.000e+00
      29171    332.500     6.2322     6.2337     0.0014    1.24447    1.24446          1     0.0118     0.0424      98.71     0.3315     0.2213  1.000e-12  0.1579000    11.3871    11.3866    -0.0006     8.9299     8.9294    329.138    335.941      0.483    1451.37    1451.37  0.000e+00
      29198    333.000     6.2325     6.2339     0.0014    1.24454    1.24452          1     0.0120     0.0429      98.71     0.3153     0.2146  1.000e-12  0.1577000    11.3877    11.3870    -0.0007     8.9304     8.9297    329.632    336.446      0.433    1451.38    1451.38  0.000e+00
      29225    333.500     6.2326     6.2341     0.0015    1.24457    1.24456          1     0.0129     0.0453      98.71     0.3389     0.2208  1.000e-12  0.1608000    11.3878    11.3872    -0.0006     8.9304     8.9299    330.127    336.951      0.481    1451.39    1451.39  0.000e+00
      29249    334.000     6.2328     6.2342     0.0014    1.24459    1.24458          1     0.0106     0.0455      98.71     0.3502     0.2496  1.000e-12  0.1702000    11.3879    11.3873    -0.0006     8.9305     8.9299    330.621    337.456      0.529    1451.40    1451.40  0.000e+00
      29271    334.500     6.2334     6.2347     0.0013    1.24475    1.24473          1     0.0103     0.0440      98.71     0.3252     0.2599  1.000e-12  0.1733000    11.3892    11.3885    -0.0007     8.9315     8.9309    331.116    337.960      0.522    1451.41    1451.41  0.000e+00
