ctdpy/tests/etc/all_smhi_bas_2018/SBE09_0827_20180821_1303_26_01_0825.cnv
* Sea-Bird SBE 9 Data File:
* FileName = D:\CTD_SBE911\DAT\26DA.2018.8.25.hex
* Software Version Seasave V 7.21d
* Temperature SN = 034605
* Conductivity SN = 041844
* Number of Bytes Per Scan = 48
* Number of Voltage Words = 5
* Number of Scans Averaged by the Deck Unit = 1
* NMEA Latitude = 58 27.27 N
* NMEA Longitude = 010 31.54 E
* NMEA UTC (Time) = Aug 21 2018  13:05:37
* NMEA baud rate = 4800
** Ship: DANA
** Average sound velocity: 1484.34 m/s
** True-depth calculation Thu, 28 Mar 2019 09:24:15 +0000
** CTD Python Module SMHI /ver 3-12/ feb 2012 
** LIMS Job: 20182601-0825
**  5 N BRATTEN
** Operator: Christian
** Cruise: 08/2018
# nquan = 26
# nvalues = 464                         
# units = specified
# name 0 = scan: Scan Count
# name 1 = prDM: Pressure, Digiquartz [db]
# name 2 = t090C: Temperature [ITS-90, deg C]
# name 3 = t190C: Temperature, 2 [ITS-90, deg C]
# name 4 = T2-T190C: Temperature Difference, 2 - 1 [ITS-90, deg C]
# name 5 = c0S/m: Conductivity [S/m]
# name 6 = c1S/m: Conductivity, 2 [S/m]
# name 7 = pumps: Pump Status
# name 8 = sbeox1ML/L: Oxygen, SBE 43, 2 [ml/l]
# name 9 = sbeox0ML/L: Oxygen, SBE 43 [ml/l]
# name 10 = altM: Altimeter [m]
# name 11 = chloroflTC0: Chlorophyll, Turner Cyclops [ug/l]
# name 12 = cpar: CPAR/Corrected Irradiance [%]
# name 13 = par: PAR/Irradiance, Biospherical/Lico [µE/(cm^2*s)]
# name 14 = spar: SPAR, Biospherical/Licor
# name 15 = sal00: Salinity, Practical [PSU]
# name 16 = sal11: Salinity, Practical, 2 [PSU]
# name 17 = secS-priS: Salinity, Practical, Difference, 2 - 1 [PSU]
# name 18 = sigma-t00: Density [sigma-t, kg/m^3 ]
# name 19 = sigma-t11: Density, 2 [sigma-t, kg/m^3 ]
# name 20 = depSM: Depth [salt water, m], lat = 58.4545
# name 21 = depFM: Depth [true depth, m], lat = 58.4545
# name 22 = dz/dtM: Descent Rate [m/s], WS = 2
# name 23 = svCM: Sound Velocity [Chen-Millero, m/s]
# name 24 = svCM1: Sound Velocity, 2 [Chen-Millero, m/s]
# name 25 = flag: flag
# span 0 =         33,      16296       
# span 1 =      1.500,    233.000       
# span 2 =     6.4242,    17.0849       
# span 3 =     6.4195,    17.0790       
# span 4 =    -0.2509,     0.5194       
# span 5 =   3.495597,   4.171226       
# span 6 =   3.495756,   4.163322       
# span 7 =          1,          1       
# span 8 =     5.2502,     6.1481       
# span 9 =     5.2362,     6.3640       
# span 10 =       0.59,       9.98      
# span 11 =     0.0254,     0.2204      
# span 12 = 4.8228e-14, 1.3681e+01      
# span 13 = 1.0000e-12, 2.8844e+02      
# span 14 = 1.7460e+03, 2.1100e+03      
# span 15 =    31.7214,    35.1706      
# span 16 =    31.7054,    35.1730      
# span 17 =    -0.4310,     0.1226      
# span 18 =    22.9798,    27.6220      
# span 19 =    22.9689,    27.6240      
# span 20 =      1.486,    230.701      
# span 21 =      1.493,    231.080      
# span 22 =     -0.566,      0.657      
# span 23 =    1479.05,    1509.37      
# span 24 =    1479.04,    1509.33      
# span 25 = 0.0000e+00, 0.0000e+00      
# interval = decibars: 0.5              
# start_time = Aug 21 2018 13:05:37 [NMEA time, first data scan]
# bad_flag = -9.990e-29
*END*
[from data line 335]
      12691    169.000     6.4374     6.4361    -0.0013    3.49818    3.49831          1     5.5885     5.7068       9.97     0.0290  4.964e-14  1.000e-12  2.015e+03    35.1541    35.1569     0.0028    27.6172    27.6196    167.359    167.646      0.600    1479.44    1479.43  0.000e+00
      12712    169.500     6.4376     6.4369    -0.0006    3.49822    3.49842          1     5.5923     5.7045       9.97     0.0280  4.963e-14  1.000e-12  2.015e+03    35.1541    35.1571     0.0030    27.6172    27.6196    167.854    168.141      0.495    1479.44    1479.45  0.000e+00
      12740    170.000     6.4379     6.4367    -0.0012    3.49831    3.49844          1     5.5980     5.7081       9.97     0.0270  4.960e-14  1.000e-12  2.016e+03    35.1544    35.1571     0.0027    27.6174    27.6197    168.349    168.637      0.424    1479.45    1479.45  0.000e+00
      12767    170.500     6.4378     6.4365    -0.0012    3.49831    3.49844          1     5.5947     5.7141       9.97     0.0270  4.959e-14  1.000e-12  2.016e+03    35.1544    35.1571     0.0027    27.6174    27.6197    168.844    169.133      0.504    1479.46    1479.46  0.000e+00
      12789    171.000     6.4378     6.4368    -0.0010    3.49833    3.49847          1     5.5897     5.7205       9.97     0.0274  4.959e-14  1.000e-12  2.017e+03    35.1544    35.1569     0.0026    27.6174    27.6195    169.339    169.628      0.573    1479.47    1479.47  0.000e+00
      12809    171.500     6.4382     6.4370    -0.0012    3.49841    3.49852          1     5.5946     5.7158       9.97     0.0275  4.959e-14  1.000e-12  2.017e+03    35.1546    35.1570     0.0025    27.6175    27.6196    169.834    170.124      0.558    1479.48    1479.48  0.000e+00
      12832    172.000     6.4382     6.4366    -0.0016    3.49843    3.49849          1     5.5960     5.7152       9.97     0.0275  4.959e-14  1.000e-12  2.017e+03    35.1545    35.1569     0.0024    27.6174    27.6195    170.329    170.619      0.491    1479.49    1479.48  0.000e+00
      12858    172.500     6.4380     6.4368    -0.0012    3.49842    3.49853          1     5.5948     5.7159       9.97     0.0274  4.957e-14  1.000e-12  2.017e+03    35.1543    35.1568     0.0025    27.6173    27.6194    170.824    171.115      0.442    1479.50    1479.49  0.000e+00
      12886    173.000     6.4379     6.4367    -0.0012    3.49842    3.49853          1     5.6033     5.7089       9.97     0.0276  4.952e-14  1.000e-12  2.020e+03    35.1542    35.1566     0.0024    27.6172    27.6193    171.319    171.611      0.442    1479.50    1479.50  0.000e+00
      12912    173.500     6.4377     6.4366    -0.0011    3.49841    3.49853          1     5.6018     5.7177       9.97     0.0272  4.947e-14  1.000e-12  2.022e+03    35.1541    35.1566     0.0025    27.6172    27.6193    171.814    172.106      0.476    1479.51    1479.51  0.000e+00
      12936    174.000     6.4378     6.4371    -0.0007    3.49847    3.49863          1     5.6010     5.7207       9.97     0.0276  4.941e-14  1.000e-12  2.024e+03    35.1543    35.1569     0.0026    27.6173    27.6195    172.308    172.602      0.516    1479.52    1479.52  0.000e+00
      12959    174.500     6.4376     6.4366    -0.0009    3.49846    3.49860          1     5.5974     5.7280       9.97     0.0273  4.939e-14  1.000e-12  2.025e+03    35.1543    35.1568     0.0026    27.6173    27.6195    172.803    173.097      0.532    1479.53    1479.53  0.000e+00
      12982    175.000     6.4377     6.4367    -0.0010    3.49851    3.49863          1     5.5962     5.7264       9.97     0.0264  4.939e-14  1.000e-12  2.025e+03    35.1543    35.1569     0.0025    27.6174    27.6195    173.298    173.593      0.530    1479.54    1479.53  0.000e+00
      13004    175.500     6.4378     6.4367    -0.0011    3.49854    3.49865          1     5.5960     5.7205       9.97     0.0272  4.939e-14  1.000e-12  2.025e+03    35.1544    35.1568     0.0024    27.6174    27.6194    173.793    174.088      0.516    1479.54    1479.54  0.000e+00
      13028    176.000     6.4378     6.4367    -0.0011    3.49856    3.49868          1     5.5925     5.7185       9.97     0.0270  4.941e-14  1.000e-12  2.024e+03    35.1544    35.1569     0.0025    27.6174    27.6195    174.288    174.584      0.482    1479.55    1479.55  0.000e+00
      13055    176.500     6.4379     6.4370    -0.0009    3.49859    3.49871          1     5.5917     5.7178       9.97     0.0268  4.945e-14  1.000e-12  2.022e+03    35.1544    35.1567     0.0023    27.6173    27.6193    174.783    175.080      0.454    1479.56    1479.56  0.000e+00
      13080    177.000     6.4379     6.4371    -0.0008    3.49863    3.49875          1     5.5873     5.7114       9.97     0.0268  4.949e-14  1.000e-12  2.021e+03    35.1544    35.1567     0.0022    27.6174    27.6193    175.278    175.575      0.499    1479.57    1479.57  0.000e+00
      13103    177.500     6.4382     6.4371    -0.0011    3.49867    3.49879          1     5.5899     5.7016       9.97     0.0270  4.949e-14  1.000e-12  2.021e+03    35.1545    35.1569     0.0024    27.6174    27.6195    175.773    176.071      0.556    1479.58    1479.58  0.000e+00
      13124    178.000     6.4383     6.4377    -0.0006    3.49870    3.49885          1     5.5929     5.6974       9.97     0.0267  4.949e-14  1.000e-12  2.021e+03    35.1544    35.1567     0.0023    27.6173    27.6192    176.268    176.566      0.535    1479.59    1479.59  0.000e+00
      13149    178.500     6.4385     6.4383    -0.0002    3.49875    3.49896          1     5.5975     5.7139       9.97     0.0269  4.949e-14  1.000e-12  2.021e+03    35.1545    35.1570     0.0025    27.6174    27.6194    176.763    177.062      0.441    1479.60    1479.60  0.000e+00
      13179    179.000     6.4395     6.4391    -0.0004    3.49889    3.49907          1     5.5982     5.7180       9.97     0.0269  4.946e-14  1.000e-12  2.022e+03    35.1548    35.1572     0.0024    27.6175    27.6194    177.258    177.558      0.401    1479.61    1479.61  0.000e+00
      13207    179.500     6.4404     6.4400    -0.0004    3.49904    3.49919          1     5.5872     5.7100       9.97     0.0275  4.942e-14  1.000e-12  2.023e+03    35.1553    35.1574     0.0021    27.6177    27.6194    177.753    178.053      0.489    1479.62    1479.62  0.000e+00
      13229    180.000     6.4413     6.4408    -0.0004    3.49917    3.49933          1     5.5866     5.6988       9.97     0.0258  4.937e-14  1.000e-12  2.025e+03    35.1556    35.1578     0.0023    27.6178    27.6197    178.248    178.549      0.541    1479.63    1479.63  0.000e+00
      13251    180.500     6.4417     6.4408    -0.0010    3.49924    3.49935          1     5.5800     5.6986       9.97     0.0266  4.933e-14  1.000e-12  2.027e+03    35.1556    35.1578     0.0022    27.6178    27.6197    178.742    179.044      0.537    1479.64    1479.64  0.000e+00
      13274    181.000     6.4418     6.4412    -0.0006    3.49927    3.49942          1     5.5765     5.6967       9.97     0.0273  4.927e-14  1.000e-12  2.030e+03    35.1557    35.1579     0.0023    27.6179    27.6197    179.237    179.540      0.508    1479.65    1479.65  0.000e+00
      13298    181.500     6.4421     6.4409    -0.0011    3.49932    3.49941          1     5.5798     5.6927       9.97     0.0274  4.924e-14  1.000e-12  2.031e+03    35.1556    35.1579     0.0023    27.6178    27.6198    179.732    180.035      0.492    1479.66    1479.66  0.000e+00
      13323    182.000     6.4425     6.4425    -0.0001    3.49940    3.49958          1     5.5772     5.7054       9.97     0.0275  4.924e-14  1.000e-12  2.031e+03    35.1559    35.1579     0.0021    27.6179    27.6195    180.227    180.531      0.479    1479.67    1479.67  0.000e+00
      13349    182.500     6.4436     6.4429    -0.0008    3.49955    3.49969          1     5.5768     5.7016       9.97     0.0268  4.930e-14  1.000e-12  2.028e+03    35.1562    35.1584     0.0022    27.6180    27.6199    180.722    181.027      0.469    1479.68    1479.68  0.000e+00
      13374    183.000     6.4439     6.4430    -0.0010    3.49962    3.49971          1     5.5791     5.6909       9.97     0.0260  4.936e-14  1.000e-12  2.026e+03    35.1563    35.1584     0.0021    27.6181    27.6198    181.217    181.522      0.490    1479.69    1479.69  0.000e+00
      13397    183.500     6.4439     6.4428    -0.0011    3.49963    3.49972          1     5.5774     5.6957       9.97     0.0266  4.944e-14  1.000e-12  2.023e+03    35.1562    35.1583     0.0021    27.6180    27.6198    181.712    182.018      0.532    1479.70    1479.70  0.000e+00
      13419    184.000     6.4438     6.4428    -0.0010    3.49963    3.49973          1     5.5783     5.6995       9.97     0.0257  4.951e-14  1.000e-12  2.020e+03    35.1561    35.1582     0.0021    27.6179    27.6197    182.207    182.513      0.554    1479.71    1479.71  0.000e+00
      13441    184.500     6.4438     6.4431    -0.0007    3.49966    3.49980          1     5.5858     5.7016       9.97     0.0273  4.959e-14  1.000e-12  2.017e+03    35.1562    35.1584     0.0022    27.6180    27.6198    182.702    183.009      0.524    1479.72    1479.72  0.000e+00
      13466    185.000     6.4441     6.4433    -0.0008    3.49972    3.49985          1     5.5863     5.6955       9.97     0.0271  4.966e-14  1.000e-12  2.014e+03    35.1562    35.1585     0.0023    27.6180    27.6199    183.197    183.505      0.463    1479.73    1479.73  0.000e+00
      13493    185.500     6.4444     6.4436    -0.0009    3.49977    3.49990          1     5.5859     5.6909       9.97     0.0269  4.972e-14  1.000e-12  2.011e+03    35.1563    35.1586     0.0023    27.6180    27.6199    183.692    184.000      0.433    1479.74    1479.74  0.000e+00
      13521    186.000     6.4448     6.4439    -0.0009    3.49984    3.49996          1     5.5888     5.6923       9.97     0.0270  4.974e-14  1.000e-12  2.010e+03    35.1563    35.1587     0.0023    27.6180    27.6199    184.186    184.496      0.431    1479.75    1479.75  0.000e+00
      13549    186.500     6.4451     6.4441    -0.0010    3.49990    3.50000          1     5.5830     5.6947       9.97     0.0264  4.974e-14  1.000e-12  2.011e+03    35.1564    35.1587     0.0022    27.6180    27.6199    184.681    184.991      0.434    1479.76    1479.75  0.000e+00
      13575    187.000     6.4452     6.4444    -0.0008    3.49993    3.50006          1     5.5749     5.6961       9.97     0.0267  4.969e-14  1.000e-12  2.012e+03    35.1565    35.1587     0.0023    27.6180    27.6200    185.176    185.487      0.495    1479.76    1479.76  0.000e+00
      13598    187.500     6.4452     6.4442    -0.0010    3.49996    3.50006          1     5.5740     5.6994       9.97     0.0256  4.966e-14  1.000e-12  2.014e+03    35.1565    35.1587     0.0022    27.6181    27.6200    185.671    185.982      0.543    1479.77    1479.77  0.000e+00
      13620    188.000     6.4452     6.4442    -0.0011    3.49998    3.50009          1     5.5724     5.6987       9.97     0.0259  4.962e-14  1.000e-12  2.015e+03    35.1564    35.1587     0.0023    27.6180    27.6200    186.166    186.478      0.536    1479.78    1479.78  0.000e+00
      13643    188.500     6.4453     6.4447    -0.0007    3.50001    3.50015          1     5.5753     5.6942       9.97     0.0270  4.956e-14  1.000e-12  2.018e+03    35.1564    35.1587     0.0023    27.6180    27.6199    186.661    186.974      0.497    1479.79    1479.79  0.000e+00
      13668    189.000     6.4456     6.4449    -0.0007    3.50006    3.50021          1     5.5723     5.6989       9.97     0.0274  4.948e-14  1.000e-12  2.021e+03    35.1565    35.1589     0.0024    27.6180    27.6200    187.156    187.469      0.482    1479.80    1479.80  0.000e+00
      13692    189.500     6.4459     6.4449    -0.0010    3.50012    3.50024          1     5.5748     5.6927       9.97     0.0277  4.941e-14  1.000e-12  2.024e+03    35.1566    35.1589     0.0023    27.6181    27.6200    187.651    187.965      0.496    1479.81    1479.81  0.000e+00
      13716    190.000     6.4460     6.4446    -0.0014    3.50016    3.50022          1     5.5743     5.6899       9.97     0.0273  4.932e-14  1.000e-12  2.028e+03    35.1566    35.1588     0.0022    27.6181    27.6200    188.146    188.460      0.507    1479.82    1479.81  0.000e+00
      13740    190.500     6.4459     6.4448    -0.0011    3.50016    3.50026          1     5.5661     5.6971       9.97     0.0274  4.925e-14  1.000e-12  2.031e+03    35.1565    35.1588     0.0023    27.6180    27.6199    188.640    188.956      0.490    1479.82    1479.82  0.000e+00
      13765    191.000     6.4460     6.4449    -0.0012    3.50021    3.50030          1     5.5742     5.6976       9.97     0.0270  4.919e-14  1.000e-12  2.033e+03    35.1567    35.1589     0.0022    27.6181    27.6200    189.135    189.452      0.463    1479.83    1479.83  0.000e+00
      13792    191.500     6.4459     6.4447    -0.0012    3.50020    3.50029          1     5.5832     5.6957       9.97     0.0269  4.916e-14  1.000e-12  2.034e+03    35.1565    35.1587     0.0022    27.6180    27.6199    189.630    189.947      0.456    1479.84    1479.84  0.000e+00
      13818    192.000     6.4458     6.4447    -0.0011    3.50022    3.50032          1     5.5740     5.6905       9.97     0.0276  4.911e-14  1.000e-12  2.036e+03    35.1565    35.1588     0.0023    27.6180    27.6199    190.125    190.443      0.461    1479.85    1479.85  0.000e+00
      13844    192.500     6.4458     6.4448    -0.0010    3.50024    3.50036          1     5.5672     5.6929       9.97     0.0287  4.909e-14  1.000e-12  2.037e+03    35.1564    35.1588     0.0024    27.6179    27.6200    190.620    190.938      0.456    1479.86    1479.86  0.000e+00
      13870    193.000     6.4459     6.4449    -0.0010    3.50027    3.50039          1     5.5695     5.6939       9.97     0.0276  4.909e-14  1.000e-12  2.037e+03    35.1565    35.1588     0.0024    27.6179    27.6199    191.115    191.434      0.472    1479.87    1479.86  0.000e+00
      13895    193.500     6.4462     6.4452    -0.0010    3.50032    3.50043          1     5.5740     5.6948       9.97     0.0272  4.915e-14  1.000e-12  2.035e+03    35.1565    35.1587     0.0022    27.6179    27.6198    191.610    191.929      0.506    1479.88    1479.87  0.000e+00
      13918    194.000     6.4462     6.4453    -0.0010    3.50036    3.50047          1     5.5685     5.6957       9.97     0.0264  4.919e-14  1.000e-12  2.033e+03    35.1566    35.1588     0.0022    27.6180    27.6198    192.105    192.425      0.519    1479.88    1479.88  0.000e+00
      13941    194.500     6.4464     6.4456    -0.0007    3.50039    3.50053          1     5.5667     5.6954       9.97     0.0277  4.919e-14  1.000e-12  2.033e+03    35.1566    35.1589     0.0023    27.6180    27.6199    192.600    192.921      0.479    1479.89    1479.89  0.000e+00
      13968    195.000     6.4468     6.4460    -0.0008    3.50046    3.50059          1     5.5759     5.6953       9.97     0.0288  4.920e-14  1.000e-12  2.033e+03    35.1566    35.1589     0.0023    27.6179    27.6198    193.095    193.416      0.428    1479.90    1479.90  0.000e+00
      13996    195.500     6.4470     6.4462    -0.0008    3.50050    3.50064          1     5.5686     5.6997       9.97     0.0275  4.920e-14  1.000e-12  2.032e+03    35.1566    35.1590     0.0024    27.6179    27.6199    193.589    193.912      0.464    1479.91    1479.91  0.000e+00
      14020    196.000     6.4471     6.4463    -0.0009    3.50054    3.50067          1     5.5591     5.7021       9.97     0.0277  4.919e-14  1.000e-12  2.033e+03    35.1567    35.1590     0.0023    27.6180    27.6199    194.084    194.407      0.545    1479.92    1479.92  0.000e+00
