ctdpy/tests/etc/all_smhi_bas_2018/SBE09_0827_20160119_1300_26_01_0105.cnv
* Sea-Bird SBE 9 Data File:
* FileName = D:\CTD_SBE911\DAT\26DA.2016.1.8.hex
* Software Version Seasave V 7.21d
* Temperature SN = 034757
* Conductivity SN = 043188
* Number of Bytes Per Scan = 48
* Number of Voltage Words = 5
* Number of Scans Averaged by the Deck Unit = 1
* NMEA Latitude = 57 57.68 N
* NMEA Longitude = 009 48.77 E
* NMEA UTC (Time) = Jan 19 2016  13:01:36
* NMEA baud rate = 4800
** Ship: DANA
** Average sound velocity: 1473.23 m/s
** True-depth calculation Wed, 24 May 2017 05:51:03 +0000
** CTD Python Module SMHI /ver 3-12/ feb 2012 
** LIMS Job: 20162601-0105
**  24 N Hirtshals
** Operator:  Christian
** Cruise: 01/2016
# nquan = 26
# nvalues = 202                         
# units = specified
# name 0 = scan: Scan Count
# name 1 = prDM: Pressure, Digiquartz [db]
# name 2 = t090C: Temperature [ITS-90, deg C]
# name 3 = t190C: Temperature, 2 [ITS-90, deg C]
# name 4 = T2-T190C: Temperature Difference, 2 - 1 [ITS-90, deg C]
# name 5 = c0S/m: Conductivity [S/m]
# name 6 = c1S/m: Conductivity, 2 [S/m]
# name 7 = pumps: Pump Status
# name 8 = sbeox1ML/L: Oxygen, SBE 43, 2 [ml/l]
# name 9 = sbeox0ML/L: Oxygen, SBE 43 [ml/l]
# name 10 = altM: Altimeter [m]
# name 11 = chloroflTC0: Chlorophyll, Turner Cyclops [ug/l]
# name 12 = cpar: CPAR/Corrected Irradiance [%]
# name 13 = par: PAR/Irradiance, Biospherical/Licor
# name 14 = spar: SPAR/Surface Irradiance
# name 15 = sal00: Salinity, Practical [PSU]
# name 16 = sal11: Salinity, Practical, 2 [PSU]
# name 17 = secS-priS: Salinity, Practical, Difference, 2 - 1 [PSU]
# name 18 = sigma-t00: Density [sigma-t, kg/m^3 ]
# name 19 = sigma-t11: Density, 2 [sigma-t, kg/m^3 ]
# name 20 = depSM: Depth [salt water, m], lat = 57.9613
# name 21 = depFM: Depth [true depth, m], lat = 57.9613
# name 22 = dz/dtM: Descent Rate [m/s], WS = 2
# name 23 = svCM: Sound Velocity [Chen-Millero, m/s]
# name 24 = svCM1: Sound Velocity, 2 [Chen-Millero, m/s]
# name 25 = flag: flag
# span 0 =         27,       9411       
# span 1 =      1.000,    101.500       
# span 2 =     3.8191,     7.5415       
# span 3 =     3.8140,     7.4174       
# span 4 =    -0.4792,     0.3491       
# span 5 =   2.984735,   3.531950       
# span 6 =   2.983848,   3.513031       
# span 7 =          1,          1       
# span 8 =     6.0536,     6.8952       
# span 9 =     5.9018,     6.7496       
# span 10 =       2.17,       9.91      
# span 11 =     0.0544,     0.1013      
# span 12 = 9.9999e+04, 9.9999e+04      
# span 13 = 2.8105e+01, 9.9990e+03      
# span 14 = 0.0000e+00, 0.0000e+00      
# span 15 =    31.9656,    34.5972      
# span 16 =    31.9557,    34.5933      
# span 17 =    -0.3481,     0.0506      
# span 18 =    25.3878,    27.1805      
# span 19 =    25.3798,    27.1771      
# span 20 =      0.991,    100.535      
# span 21 =      0.993,    100.693      
# span 22 =      0.029,      0.799      
# span 23 =    1461.99,    1480.64      
# span 24 =    1462.01,    1480.06      
# span 25 = 0.0000e+00, 0.0000e+00      
# interval = decibars: 0.5              
# start_time = Jan 19 2016 13:01:36 [NMEA time, first data scan]
# bad_flag = -9.990e-29
*END*
[from data line 168]
       7822     85.000     6.4206     6.4203    -0.0004    3.44277    3.44234          1     6.3243     6.1622       9.90     0.0713  1.000e+05  2.811e+01  0.000e+00    34.5949    34.5905    -0.0044    27.1780    27.1746     84.195     84.331      0.593    1477.29    1477.28  0.000e+00
       7843     85.500     6.4206     6.4203    -0.0003    3.44279    3.44237          1     6.3157     6.1619       9.90     0.0706  1.000e+05  2.811e+01  0.000e+00    34.5949    34.5904    -0.0045    27.1780    27.1745     84.690     84.827      0.459    1477.29    1477.29  0.000e+00
       7920     86.000     6.4208     6.4206    -0.0002    3.44282    3.44238          1     6.3018     6.1599       9.90     0.0742  1.000e+05  2.811e+01  0.000e+00    34.5947    34.5900    -0.0047    27.1779    27.1742     85.186     85.323      0.277    1477.30    1477.30  0.000e+00
       7967     86.500     6.4212     6.4210    -0.0003    3.44290    3.44248          1     6.2824     6.1610       9.90     0.0715  1.000e+05  2.811e+01  0.000e+00    34.5950    34.5905    -0.0045    27.1780    27.1745     85.681     85.819      0.406    1477.31    1477.31  0.000e+00
       8009     87.000     6.4210     6.4207    -0.0002    3.44290    3.44248          1     6.2861     6.1611       9.90     0.0710  1.000e+05  2.811e+01  0.000e+00    34.5950    34.5905    -0.0044    27.1780    27.1746     86.176     86.315      0.260    1477.32    1477.31  0.000e+00
       8058     87.500     6.4215     6.4211    -0.0004    3.44299    3.44255          1     6.2845     6.1623       9.90     0.0688  1.000e+05  2.811e+01  0.000e+00    34.5951    34.5906    -0.0045    27.1781    27.1746     86.671     86.810      0.447    1477.33    1477.32  0.000e+00
       8079     88.000     6.4213     6.4209    -0.0004    3.44298    3.44256          1     6.2909     6.1664       9.90     0.0689  1.000e+05  2.811e+01  0.000e+00    34.5950    34.5907    -0.0043    27.1780    27.1747     87.166     87.306      0.532    1477.34    1477.33  0.000e+00
       8127     88.500     6.4212     6.4209    -0.0003    3.44300    3.44256          1     6.3049     6.1685       9.90     0.0700  1.000e+05  2.811e+01  0.000e+00    34.5951    34.5905    -0.0046    27.1781    27.1745     87.661     87.802      0.361    1477.35    1477.34  0.000e+00
       8204     89.000     6.4212     6.4209    -0.0003    3.44302    3.44260          1     6.3028     6.1541       9.90     0.0684  1.000e+05  2.811e+01  0.000e+00    34.5951    34.5907    -0.0044    27.1782    27.1747     88.157     88.298      0.538    1477.35    1477.35  0.000e+00
       8225     89.500     6.4207     6.4201    -0.0005    3.44302    3.44258          1     6.3180     6.1573       9.90     0.0712  1.000e+05  2.811e+01  0.000e+00    34.5954    34.5910    -0.0044    27.1784    27.1750     88.652     88.793      0.487    1477.36    1477.35  0.000e+00
       8277     90.000     6.4208     6.4203    -0.0005    3.44304    3.44261          1     6.3235     6.1644       9.90     0.0716  1.000e+05  2.811e+01  0.000e+00    34.5951    34.5908    -0.0043    27.1782    27.1749     89.147     89.289      0.261    1477.37    1477.36  0.000e+00
       8339     90.500     6.4206     6.4203    -0.0003    3.44306    3.44264          1     6.2698     6.1583       9.90     0.0722  1.000e+05  2.811e+01  0.000e+00    34.5953    34.5910    -0.0043    27.1784    27.1750     89.642     89.785      0.425    1477.38    1477.37  0.000e+00
       8362     91.000     6.4206     6.4205    -0.0001    3.44309    3.44267          1     6.2690     6.1537       9.90     0.0693  1.000e+05  2.811e+01  0.000e+00    34.5954    34.5908    -0.0046    27.1784    27.1748     90.137     90.281      0.462    1477.38    1477.38  0.000e+00
       8407     91.500     6.4207     6.4206    -0.0001    3.44312    3.44270          1     6.3124     6.1619       9.90     0.0724  1.000e+05  2.811e+01  0.000e+00    34.5954    34.5908    -0.0046    27.1784    27.1748     90.632     90.777      0.265    1477.39    1477.39  0.000e+00
       8475     92.000     6.4209     6.4206    -0.0003    3.44315    3.44273          1     6.3096     6.1573       9.90     0.0707  1.000e+05  2.811e+01  0.000e+00    34.5954    34.5910    -0.0044    27.1784    27.1750     91.127     91.272      0.360    1477.40    1477.40  0.000e+00
       8503     92.500     6.4204     6.4197    -0.0007    3.44314    3.44270          1     6.2966     6.1598       9.90     0.0679  1.000e+05  2.811e+01  0.000e+00    34.5955    34.5912    -0.0043    27.1785    27.1753     91.623     91.768      0.349    1477.41    1477.40  0.000e+00
       8561     93.000     6.4203     6.4191    -0.0012    3.44315    3.44269          1     6.2879     6.1618       9.90     0.0717  1.000e+05  2.811e+01  0.000e+00    34.5954    34.5915    -0.0039    27.1785    27.1756     92.118     92.264      0.250    1477.42    1477.41  0.000e+00
       8602     93.500     6.4182     6.4177    -0.0006    3.44305    3.44260          1     6.3039     6.1616       9.90     0.0686  1.000e+05  2.811e+01  0.000e+00    34.5962    34.5917    -0.0045    27.1793    27.1759     92.613     92.760      0.393    1477.42    1477.41  0.000e+00
       8648     94.000     6.4187     6.4174    -0.0013    3.44310    3.44263          1     6.2732     6.1643       9.59     0.0697  1.000e+05  2.812e+01  0.000e+00    34.5960    34.5921    -0.0040    27.1792    27.1762     93.108     93.256      0.273    1477.43    1477.42  0.000e+00
       8712     94.500     6.4174     6.4161    -0.0012    3.44303    3.44257          1     6.2552     6.1553       9.13     0.0677  1.000e+05  2.811e+01  0.000e+00    34.5963    34.5923    -0.0040    27.1796    27.1766     93.603     93.751      0.482    1477.43    1477.42  0.000e+00
       8731     95.000     6.4170     6.4165    -0.0005    3.44304    3.44260          1     6.2931     6.1549       8.62     0.0661  1.000e+05  2.811e+01  0.000e+00    34.5965    34.5921    -0.0044    27.1798    27.1764     94.098     94.247      0.614    1477.44    1477.43  0.000e+00
       8751     95.500     6.4172     6.4178     0.0007    3.44307    3.44270          1     6.3024     6.1601       8.11     0.0699  1.000e+05  2.811e+01  0.000e+00    34.5965    34.5916    -0.0049    27.1797    27.1758     94.593     94.743      0.455    1477.45    1477.44  0.000e+00
       8857     96.000     6.4179     6.4179    -0.0001    3.44314    3.44273          1     6.2952     6.1605       7.63     0.0704  1.000e+05  2.811e+01  0.000e+00    34.5962    34.5917    -0.0045    27.1794    27.1759     95.089     95.239      0.383    1477.46    1477.45  0.000e+00
       8884     96.500     6.4179     6.4179    -0.0000    3.44317    3.44277          1     6.2973     6.1562       7.14     0.0720  1.000e+05  2.811e+01  0.000e+00    34.5963    34.5918    -0.0045    27.1795    27.1759     95.584     95.735      0.490    1477.47    1477.46  0.000e+00
       8910     97.000     6.4179     6.4173    -0.0007    3.44319    3.44276          1     6.3239     6.1556       6.65     0.0713  1.000e+05  2.811e+01  0.000e+00    34.5962    34.5921    -0.0041    27.1794    27.1763     96.079     96.230      0.409    1477.47    1477.47  0.000e+00
       8947     97.500     6.4177     6.4161    -0.0015    3.44318    3.44269          1     6.3111     6.1552       6.13     0.0668  1.000e+05  2.811e+01  0.000e+00    34.5962    34.5922    -0.0039    27.1794    27.1765     96.574     96.726      0.199    1477.48    1477.47  0.000e+00
       9036     98.000     6.4163     6.4155    -0.0007    3.44312    3.44268          1     6.3117     6.1587       5.64     0.0732  1.000e+05  2.811e+01  0.000e+00    34.5966    34.5925    -0.0042    27.1800    27.1768     97.069     97.222      0.285    1477.48    1477.48  0.000e+00
       9066     98.500     6.4162     6.4159    -0.0003    3.44315    3.44272          1     6.3287     6.1564       5.16     0.0709  1.000e+05  2.811e+01  0.000e+00    34.5967    34.5923    -0.0044    27.1800    27.1766     97.564     97.718      0.462    1477.49    1477.49  0.000e+00
       9090     99.000     6.4160     6.4149    -0.0011    3.44315    3.44270          1     6.3313     6.1613       4.66     0.0746  1.000e+05  2.811e+01  0.000e+00    34.5967    34.5928    -0.0039    27.1800    27.1771     98.059     98.214      0.465    1477.50    1477.49  0.000e+00
       9131     99.500     6.4159     6.4154    -0.0004    3.44316    3.44273          1     6.3167     6.1604       4.15     0.0840  1.000e+05  2.811e+01  0.000e+00    34.5967    34.5924    -0.0042    27.1800    27.1768     98.554     98.709      0.258    1477.51    1477.50  0.000e+00
       9229    100.000     6.4154     6.4152    -0.0002    3.44317    3.44275          1     6.3288     6.1558       3.68     0.0762  1.000e+05  2.811e+01  0.000e+00    34.5970    34.5926    -0.0045    27.1804    27.1769     99.050     99.205      0.293    1477.51    1477.51  0.000e+00
       9256    100.500     6.4156     6.4151    -0.0005    3.44321    3.44278          1     6.3389     6.1619       3.21     0.0776  1.000e+05  2.811e+01  0.000e+00    34.5971    34.5928    -0.0044    27.1804    27.1771     99.545     99.701      0.472    1477.52    1477.52  0.000e+00
       9280    101.000     6.4156     6.4152    -0.0004    3.44324    3.44282          1     6.3241     6.1596       2.72     0.0739  1.000e+05  2.811e+01  0.000e+00    34.5972    34.5928    -0.0044    27.1805    27.1771    100.040    100.197      0.496    1477.53    1477.52  0.000e+00
       9411    101.500     6.4154     6.4152    -0.0002    3.44325    3.44283          1     6.3026     6.1566       2.17     0.0748  1.000e+05  2.811e+01  0.000e+00    34.5972    34.5927    -0.0045    27.1805    27.1770    100.535    100.693      0.029    1477.54    1477.53  0.000e+00
