ctdpy/tests/etc/all_smhi_bas_2018/SBE09_0827_20160119_1300_26_01_0105.cnv
* Sea-Bird SBE 9 Data File:
* FileName = D:\CTD_SBE911\DAT\26DA.2016.1.8.hex
* Software Version Seasave V 7.21d
* Temperature SN = 034757
* Conductivity SN = 043188
* Number of Bytes Per Scan = 48
* Number of Voltage Words = 5
* Number of Scans Averaged by the Deck Unit = 1
* NMEA Latitude = 57 57.68 N
* NMEA Longitude = 009 48.77 E
* NMEA UTC (Time) = Jan 19 2016  13:01:36
* NMEA baud rate = 4800
** Ship: DANA
** Average sound velocity: 1473.23 m/s
** True-depth calculation Wed, 24 May 2017 05:51:03 +0000
** CTD Python Module SMHI /ver 3-12/ feb 2012 
** LIMS Job: 20162601-0105
**  24 N Hirtshals
** Operator:  Christian
** Cruise: 01/2016
# nquan = 26
# nvalues = 202                         
# units = specified
# name 0 = scan: Scan Count
# name 1 = prDM: Pressure, Digiquartz [db]
# name 2 = t090C: Temperature [ITS-90, deg C]
# name 3 = t190C: Temperature, 2 [ITS-90, deg C]
# name 4 = T2-T190C: Temperature Difference, 2 - 1 [ITS-90, deg C]
# name 5 = c0S/m: Conductivity [S/m]
# name 6 = c1S/m: Conductivity, 2 [S/m]
# name 7 = pumps: Pump Status
# name 8 = sbeox1ML/L: Oxygen, SBE 43, 2 [ml/l]
# name 9 = sbeox0ML/L: Oxygen, SBE 43 [ml/l]
# name 10 = altM: Altimeter [m]
# name 11 = chloroflTC0: Chlorophyll, Turner Cyclops [ug/l]
# name 12 = cpar: CPAR/Corrected Irradiance [%]
# name 13 = par: PAR/Irradiance, Biospherical/Licor
# name 14 = spar: SPAR/Surface Irradiance
# name 15 = sal00: Salinity, Practical [PSU]
# name 16 = sal11: Salinity, Practical, 2 [PSU]
# name 17 = secS-priS: Salinity, Practical, Difference, 2 - 1 [PSU]
# name 18 = sigma-t00: Density [sigma-t, kg/m^3 ]
# name 19 = sigma-t11: Density, 2 [sigma-t, kg/m^3 ]
# name 20 = depSM: Depth [salt water, m], lat = 57.9613
# name 21 = depFM: Depth [true depth, m], lat = 57.9613
# name 22 = dz/dtM: Descent Rate [m/s], WS = 2
# name 23 = svCM: Sound Velocity [Chen-Millero, m/s]
# name 24 = svCM1: Sound Velocity, 2 [Chen-Millero, m/s]
# name 25 = flag: flag
# span 0 =         27,       9411       
# span 1 =      1.000,    101.500       
# span 2 =     3.8191,     7.5415       
# span 3 =     3.8140,     7.4174       
# span 4 =    -0.4792,     0.3491       
# span 5 =   2.984735,   3.531950       
# span 6 =   2.983848,   3.513031       
# span 7 =          1,          1       
# span 8 =     6.0536,     6.8952       
# span 9 =     5.9018,     6.7496       
# span 10 =       2.17,       9.91      
# span 11 =     0.0544,     0.1013      
# span 12 = 9.9999e+04, 9.9999e+04      
# span 13 = 2.8105e+01, 9.9990e+03      
# span 14 = 0.0000e+00, 0.0000e+00      
# span 15 =    31.9656,    34.5972      
# span 16 =    31.9557,    34.5933      
# span 17 =    -0.3481,     0.0506      
# span 18 =    25.3878,    27.1805      
# span 19 =    25.3798,    27.1771      
# span 20 =      0.991,    100.535      
# span 21 =      0.993,    100.693      
# span 22 =      0.029,      0.799      
# span 23 =    1461.99,    1480.64      
# span 24 =    1462.01,    1480.06      
# span 25 = 0.0000e+00, 0.0000e+00      
# interval = decibars: 0.5              
# start_time = Jan 19 2016 13:01:36 [NMEA time, first data scan]
# bad_flag = -9.990e-29
*END*
[from data line 112]
       5303     57.000     6.4041     6.4073     0.0031    3.43643    3.43604          1     6.3238     6.1705       9.90     0.0686  1.000e+05  2.818e+01  0.000e+00    34.5550    34.5474    -0.0076    27.1487    27.1423     56.464     56.567      0.359    1476.71    1476.71  0.000e+00
       5333     57.500     6.4144     6.4232     0.0088    3.43793    3.43799          1     6.3030     6.1679       9.90     0.0719  1.000e+05  2.818e+01  0.000e+00    34.5611    34.5529    -0.0083    27.1522    27.1445     56.959     57.062      0.361    1476.77    1476.79  0.000e+00
       5374     58.000     6.4217     6.4349     0.0132    3.43884    3.43971          1     6.3168     6.1694       9.90     0.0717  1.000e+05  2.816e+01  0.000e+00    34.5635    34.5599    -0.0037    27.1531    27.1485     57.455     57.558      0.245    1476.81    1476.86  0.000e+00
       5430     58.500     6.4432     6.4480     0.0048    3.44172    3.44161          1     6.2940     6.1697       9.90     0.0729  1.000e+05  2.814e+01  0.000e+00    34.5737    34.5676    -0.0062    27.1584    27.1528     57.950     58.054      0.210    1476.91    1476.93  0.000e+00
       5481     59.000     6.4520     6.4544     0.0024    3.44287    3.44247          1     6.3260     6.1671       9.90     0.0694  1.000e+05  2.814e+01  0.000e+00    34.5773    34.5705    -0.0068    27.1600    27.1543     58.445     58.550      0.312    1476.96    1476.96  0.000e+00
       5513     59.500     6.4569     6.4635     0.0066    3.44371    3.44362          1     6.2895     6.1625       9.90     0.0713  1.000e+05  2.816e+01  0.000e+00    34.5815    34.5738    -0.0077    27.1627    27.1557     58.940     59.046      0.366    1476.99    1477.01  0.000e+00
       5550     60.000     6.4634     6.4662     0.0028    3.44450    3.44419          1     6.3316     6.1554       9.90     0.0685  1.000e+05  2.814e+01  0.000e+00    34.5835    34.5772    -0.0063    27.1634    27.1580     59.436     59.541      0.242    1477.03    1477.03  0.000e+00
       5625     60.500     6.4702     6.4698    -0.0004    3.44529    3.44464          1     6.3035     6.1643       9.90     0.0716  1.000e+05  2.813e+01  0.000e+00    34.5852    34.5783    -0.0069    27.1638    27.1584     59.931     60.037      0.238    1477.07    1477.05  0.000e+00
       5667     61.000     6.4703     6.4703     0.0000    3.44537    3.44480          1     6.2841     6.1614       9.90     0.0734  1.000e+05  2.813e+01  0.000e+00    34.5857    34.5793    -0.0064    27.1643    27.1592     60.426     60.533      0.349    1477.08    1477.07  0.000e+00
       5699     61.500     6.4693     6.4702     0.0009    3.44537    3.44489          1     6.2956     6.1556       9.90     0.0738  1.000e+05  2.812e+01  0.000e+00    34.5864    34.5802    -0.0062    27.1649    27.1598     60.921     61.029      0.410    1477.08    1477.08  0.000e+00
       5727     62.000     6.4693     6.4703     0.0010    3.44547    3.44501          1     6.3163     6.1564       9.90     0.0713  1.000e+05  2.812e+01  0.000e+00    34.5873    34.5812    -0.0061    27.1656    27.1606     61.416     61.525      0.420    1477.09    1477.09  0.000e+00
       5788     62.500     6.4702     6.4703     0.0001    3.44563    3.44514          1     6.2992     6.1611       9.90     0.0711  1.000e+05  2.812e+01  0.000e+00    34.5880    34.5824    -0.0056    27.1660    27.1616     61.912     62.020      0.274    1477.10    1477.09  0.000e+00
       5860     63.000     6.4704     6.4703    -0.0002    3.44573    3.44521          1     6.2951     6.1657       9.90     0.0670  1.000e+05  2.812e+01  0.000e+00    34.5885    34.5829    -0.0056    27.1664    27.1620     62.407     62.516      0.460    1477.11    1477.11  0.000e+00
       5883     63.500     6.4696     6.4701     0.0004    3.44569    3.44522          1     6.2766     6.1670       9.90     0.0687  1.000e+05  2.812e+01  0.000e+00    34.5886    34.5829    -0.0057    27.1666    27.1620     62.902     63.012      0.439    1477.12    1477.11  0.000e+00
       5925     64.000     6.4700     6.4696    -0.0005    3.44573    3.44521          1     6.2846     6.1607       9.90     0.0692  1.000e+05  2.812e+01  0.000e+00    34.5885    34.5831    -0.0054    27.1664    27.1622     63.397     63.508      0.243    1477.13    1477.12  0.000e+00
       5975     64.500     6.4697     6.4695    -0.0003    3.44572    3.44522          1     6.3091     6.1613       9.90     0.0703  1.000e+05  2.812e+01  0.000e+00    34.5884    34.5831    -0.0053    27.1664    27.1623     63.892     64.004      0.351    1477.13    1477.13  0.000e+00
       6006     65.000     6.4688     6.4691     0.0003    3.44568    3.44523          1     6.3140     6.1629       9.90     0.0689  1.000e+05  2.812e+01  0.000e+00    34.5887    34.5833    -0.0054    27.1667    27.1624     64.388     64.499      0.352    1477.14    1477.13  0.000e+00
       6059     65.500     6.4694     6.4691    -0.0004    3.44577    3.44527          1     6.3086     6.1620       9.90     0.0713  1.000e+05  2.812e+01  0.000e+00    34.5888    34.5835    -0.0052    27.1668    27.1627     64.883     64.995      0.210    1477.15    1477.14  0.000e+00
       6126     66.000     6.4700     6.4698    -0.0002    3.44588    3.44538          1     6.3003     6.1560       9.90     0.0729  1.000e+05  2.812e+01  0.000e+00    34.5892    34.5838    -0.0054    27.1670    27.1628     65.378     65.491      0.353    1477.16    1477.15  0.000e+00
       6154     66.500     6.4695     6.4701     0.0006    3.44588    3.44546          1     6.3304     6.1636       9.90     0.0749  1.000e+05  2.812e+01  0.000e+00    34.5894    34.5841    -0.0053    27.1672    27.1630     65.873     65.987      0.384    1477.17    1477.16  0.000e+00
       6199     67.000     6.4704     6.4704    -0.0001    3.44600    3.44554          1     6.2908     6.1609       9.90     0.0696  1.000e+05  2.811e+01  0.000e+00    34.5896    34.5844    -0.0051    27.1672    27.1632     66.369     66.483      0.237    1477.18    1477.17  0.000e+00
       6248     67.500     6.4708     6.4708    -0.0001    3.44608    3.44560          1     6.2701     6.1569       9.90     0.0690  1.000e+05  2.812e+01  0.000e+00    34.5897    34.5845    -0.0053    27.1673    27.1631     66.864     66.978      0.391    1477.19    1477.18  0.000e+00
       6274     68.000     6.4708     6.4713     0.0006    3.44611    3.44568          1     6.3158     6.1603       9.90     0.0681  1.000e+05  2.812e+01  0.000e+00    34.5899    34.5846    -0.0053    27.1674    27.1632     67.359     67.474      0.408    1477.20    1477.19  0.000e+00
       6328     68.500     6.4718     6.4720     0.0002    3.44623    3.44581          1     6.3286     6.1611       9.90     0.0701  1.000e+05  2.811e+01  0.000e+00    34.5900    34.5851    -0.0049    27.1674    27.1635     67.854     67.970      0.234    1477.21    1477.20  0.000e+00
       6392     69.000     6.4742     6.4740    -0.0002    3.44658    3.44608          1     6.3003     6.1525       9.90     0.0722  1.000e+05  2.811e+01  0.000e+00    34.5912    34.5858    -0.0054    27.1680    27.1638     68.349     68.466      0.302    1477.23    1477.22  0.000e+00
       6432     69.500     6.4746     6.4745    -0.0001    3.44666    3.44621          1     6.2854     6.1577       9.90     0.0703  1.000e+05  2.812e+01  0.000e+00    34.5914    34.5865    -0.0049    27.1681    27.1643     68.845     68.962      0.289    1477.24    1477.23  0.000e+00
       6470     70.000     6.4744     6.4748     0.0004    3.44670    3.44627          1     6.2865     6.1578       9.90     0.0727  1.000e+05  2.812e+01  0.000e+00    34.5918    34.5866    -0.0052    27.1684    27.1643     69.340     69.457      0.362    1477.25    1477.24  0.000e+00
       6503     70.500     6.4743     6.4747     0.0004    3.44672    3.44631          1     6.2813     6.1582       9.90     0.0694  1.000e+05  2.811e+01  0.000e+00    34.5919    34.5869    -0.0050    27.1685    27.1645     69.835     69.953      0.301    1477.26    1477.25  0.000e+00
       6571     71.000     6.4743     6.4743    -0.0001    3.44673    3.44630          1     6.2982     6.1573       9.90     0.0706  1.000e+05  2.811e+01  0.000e+00    34.5917    34.5869    -0.0048    27.1684    27.1646     70.330     70.449      0.238    1477.26    1477.26  0.000e+00
       6617     71.500     6.4733     6.4734     0.0001    3.44666    3.44624          1     6.2836     6.1595       9.90     0.0678  1.000e+05  2.811e+01  0.000e+00    34.5917    34.5869    -0.0048    27.1685    27.1647     70.825     70.945      0.402    1477.27    1477.26  0.000e+00
       6643     72.000     6.4728     6.4728     0.0000    3.44665    3.44622          1     6.3153     6.1607       9.90     0.0716  1.000e+05  2.811e+01  0.000e+00    34.5918    34.5871    -0.0048    27.1687    27.1649     71.321     71.441      0.482    1477.27    1477.27  0.000e+00
       6685     72.500     6.4712     6.4678    -0.0034    3.44652    3.44592          1     6.3243     6.1577       9.90     0.0701  1.000e+05  2.812e+01  0.000e+00    34.5918    34.5885    -0.0033    27.1689    27.1667     71.816     71.936      0.321    1477.27    1477.26  0.000e+00
       6777     73.000     6.4462     6.4411    -0.0050    3.44429    3.44394          1     6.2901     6.1605       9.90     0.0669  1.000e+05  2.811e+01  0.000e+00    34.5921    34.5933     0.0012    27.1724    27.1740     72.311     72.432      0.429    1477.19    1477.17  0.000e+00
       6797     73.500     6.4404     6.4380    -0.0024    3.44389    3.44347          1     6.2699     6.1659       9.90     0.0694  1.000e+05  2.811e+01  0.000e+00    34.5931    34.5909    -0.0022    27.1740    27.1726     72.806     72.928      0.528    1477.17    1477.16  0.000e+00
       6821     74.000     6.4374     6.4348    -0.0025    3.44365    3.44322          1     6.2862     6.1672       9.90     0.0675  1.000e+05  2.811e+01  0.000e+00    34.5933    34.5910    -0.0023    27.1746    27.1731     73.301     73.424      0.451    1477.17    1477.16  0.000e+00
       6855     74.500     6.4381     6.4352    -0.0029    3.44378    3.44320          1     6.3202     6.1689       9.90     0.0689  1.000e+05  2.812e+01  0.000e+00    34.5938    34.5902    -0.0035    27.1748    27.1724     73.796     73.920      0.250    1477.18    1477.16  0.000e+00
       6959     75.000     6.4349     6.4350     0.0002    3.44353    3.44323          1     6.3084     6.1635       9.90     0.0659  1.000e+05  2.812e+01  0.000e+00    34.5940    34.5904    -0.0036    27.1754    27.1726     74.292     74.415      0.311    1477.18    1477.17  0.000e+00
       6986     75.500     6.4351     6.4337    -0.0014    3.44356    3.44312          1     6.2562     6.1608       9.90     0.0677  1.000e+05  2.812e+01  0.000e+00    34.5938    34.5904    -0.0035    27.1753    27.1727     74.787     74.911      0.509    1477.19    1477.18  0.000e+00
       7008     76.000     6.4319     6.4323     0.0003    3.44329    3.44304          1     6.2839     6.1586       9.90     0.0713  1.000e+05  2.811e+01  0.000e+00    34.5939    34.5907    -0.0031    27.1757    27.1732     75.282     75.407      0.526    1477.18    1477.18  0.000e+00
       7033     76.500     6.4310     6.4297    -0.0012    3.44325    3.44283          1     6.3157     6.1601       9.90     0.0749  1.000e+05  2.811e+01  0.000e+00    34.5940    34.5906    -0.0034    27.1759    27.1734     75.777     75.903      0.412    1477.19    1477.18  0.000e+00
       7122     77.000     6.4305     6.4293    -0.0012    3.44324    3.44277          1     6.2837     6.1548       9.90     0.0720  1.000e+05  2.811e+01  0.000e+00    34.5941    34.5901    -0.0040    27.1761    27.1731     76.273     76.399      0.413    1477.19    1477.18  0.000e+00
       7175     77.500     6.4284     6.4291     0.0007    3.44304    3.44283          1     6.2574     6.1549       9.90     0.0730  1.000e+05  2.811e+01  0.000e+00    34.5938    34.5908    -0.0030    27.1761    27.1737     76.768     76.894      0.762    1477.19    1477.19  0.000e+00
       7188     78.000     6.4261     6.4244    -0.0017    3.44292    3.44250          1     6.2674     6.1579       9.90     0.0721  1.000e+05  2.811e+01  0.000e+00    34.5945    34.5916    -0.0029    27.1770    27.1749     77.263     77.390      0.799    1477.19    1477.18  0.000e+00
       7203     78.500     6.4250     6.4244    -0.0006    3.44284    3.44247          1     6.2894     6.1617       9.90     0.0710  1.000e+05  2.811e+01  0.000e+00    34.5945    34.5910    -0.0035    27.1771    27.1744     77.758     77.886      0.641    1477.20    1477.19  0.000e+00
       7279     79.000     6.4254     6.4229    -0.0024    3.44289    3.44232          1     6.3134     6.1627       9.90     0.0693  1.000e+05  2.811e+01  0.000e+00    34.5945    34.5906    -0.0039    27.1771    27.1744     78.253     78.382      0.373    1477.21    1477.19  0.000e+00
       7339     79.500     6.4251     6.4224    -0.0027    3.44287    3.44232          1     6.3107     6.1627       9.90     0.0696  1.000e+05  2.811e+01  0.000e+00    34.5943    34.5908    -0.0034    27.1769    27.1746     78.748     78.878      0.467    1477.21    1477.20  0.000e+00
       7369     80.000     6.4226     6.4208    -0.0017    3.44268    3.44219          1     6.2988     6.1619       9.90     0.0710  1.000e+05  2.811e+01  0.000e+00    34.5945    34.5908    -0.0037    27.1774    27.1747     79.244     79.373      0.327    1477.21    1477.20  0.000e+00
       7428     80.500     6.4222     6.4206    -0.0016    3.44265    3.44218          1     6.2868     6.1579       9.90     0.0702  1.000e+05  2.811e+01  0.000e+00    34.5943    34.5907    -0.0036    27.1774    27.1747     79.739     79.869      0.292    1477.22    1477.21  0.000e+00
       7461     81.000     6.4209     6.4205    -0.0004    3.44260    3.44219          1     6.2984     6.1520       9.90     0.0697  1.000e+05  2.811e+01  0.000e+00    34.5947    34.5906    -0.0041    27.1778    27.1746     80.234     80.365      0.483    1477.22    1477.21  0.000e+00
       7484     81.500     6.4209     6.4205    -0.0004    3.44261    3.44221          1     6.3216     6.1593       9.90     0.0783  1.000e+05  2.811e+01  0.000e+00    34.5947    34.5906    -0.0041    27.1778    27.1747     80.729     80.861      0.436    1477.23    1477.22  0.000e+00
       7560     82.000     6.4209     6.4205    -0.0004    3.44265    3.44223          1     6.3240     6.1644       9.90     0.0709  1.000e+05  2.811e+01  0.000e+00    34.5947    34.5905    -0.0042    27.1778    27.1745     81.224     81.357      0.262    1477.24    1477.23  0.000e+00
       7611     82.500     6.4209     6.4205    -0.0003    3.44265    3.44224          1     6.2926     6.1638       9.90     0.0727  1.000e+05  2.811e+01  0.000e+00    34.5946    34.5904    -0.0042    27.1777    27.1745     81.719     81.852      0.388    1477.25    1477.24  0.000e+00
       7642     83.000     6.4208     6.4205    -0.0003    3.44268    3.44227          1     6.2879     6.1552       9.90     0.0725  1.000e+05  2.811e+01  0.000e+00    34.5947    34.5904    -0.0043    27.1779    27.1745     82.215     82.348      0.374    1477.25    1477.25  0.000e+00
       7674     83.500     6.4210     6.4207    -0.0002    3.44272    3.44231          1     6.3133     6.1610       9.90     0.0766  1.000e+05  2.811e+01  0.000e+00    34.5947    34.5904    -0.0043    27.1779    27.1745     82.710     82.844      0.376    1477.26    1477.26  0.000e+00
       7727     84.000     6.4210     6.4208    -0.0002    3.44275    3.44233          1     6.3277     6.1645       9.90     0.0757  1.000e+05  2.811e+01  0.000e+00    34.5947    34.5903    -0.0045    27.1779    27.1744     83.205     83.340      0.261    1477.27    1477.26  0.000e+00
