ctdpy/tests/etc/all_smhi_bas_2018/SBE09_0827_20180225_0815_26_01_0303.cnv
* Sea-Bird SBE 9 Data File:
* FileName = D:\CTD_SBE911\DAT\26DA.2018.3.3.hex
* Software Version Seasave V 7.21d
* Temperature SN = 034757
* Conductivity SN = 041844
* Number of Bytes Per Scan = 48
* Number of Voltage Words = 5
* Number of Scans Averaged by the Deck Unit = 1
* NMEA Latitude = 55 39.19 N
* NMEA Longitude = 014 32.87 E
* NMEA UTC (Time) = Feb 25 2018  08:16:01
* NMEA baud rate = 4800
** Ship: DANA
** Average sound velocity: 1429.46 m/s
** True-depth calculation Tue, 02 Apr 2019 08:31:31 +0000
** CTD Python Module SMHI /ver 3-12/ feb 2012 
** LIMS Job: 20182601-0303
** Operator:
** Cruise: 02/2018
# nquan = 26
# nvalues = 100                         
# units = specified
# name 0 = scan: Scan Count
# name 1 = prDM: Pressure, Digiquartz [db]
# name 2 = t090C: Temperature [ITS-90, deg C]
# name 3 = t190C: Temperature, 2 [ITS-90, deg C]
# name 4 = T2-T190C: Temperature Difference, 2 - 1 [ITS-90, deg C]
# name 5 = c0S/m: Conductivity [S/m]
# name 6 = c1S/m: Conductivity, 2 [S/m]
# name 7 = pumps: Pump Status
# name 8 = sbeox1ML/L: Oxygen, SBE 43, 2 [ml/l]
# name 9 = sbeox0ML/L: Oxygen, SBE 43 [ml/l]
# name 10 = altM: Altimeter [m]
# name 11 = chloroflTC0: Chlorophyll, Turner Cyclops [ug/l]
# name 12 = cpar: CPAR/Corrected Irradiance [%]
# name 13 = par: PAR/Irradiance, Biospherical/Lico [µE/(cm^2*s)]
# name 14 = spar: SPAR, Biospherical/Licor
# name 15 = sal00: Salinity, Practical [PSU]
# name 16 = sal11: Salinity, Practical, 2 [PSU]
# name 17 = secS-priS: Salinity, Practical, Difference, 2 - 1 [PSU]
# name 18 = sigma-t00: Density [sigma-t, kg/m^3 ]
# name 19 = sigma-t11: Density, 2 [sigma-t, kg/m^3 ]
# name 20 = depSM: Depth [salt water, m], lat = 55.6532
# name 21 = depFM: Depth [true depth, m], lat = 55.6532
# name 22 = dz/dtM: Descent Rate [m/s], WS = 2
# name 23 = svCM: Sound Velocity [Chen-Millero, m/s]
# name 24 = svCM1: Sound Velocity, 2 [Chen-Millero, m/s]
# name 25 = flag: flag
# span 0 =         76,       5256       
# span 1 =      1.500,     51.000       
# span 2 =     3.4033,     6.0519       
# span 3 =     3.4025,     4.9654       
# span 4 =    -1.0887,     0.0044       
# span 5 =   0.778574,   1.113826       
# span 6 =   0.777869,   0.904247       
# span 7 =          1,          1       
# span 8 =     7.2962,     8.1372       
# span 9 =     4.3518,     8.3636       
# span 10 =       0.81,      10.00      
# span 11 =     0.0123,     0.0520      
# span 12 = -1.201e-05, 4.9867e+00      
# span 13 = -6.173e-05, 2.7442e+01      
# span 14 = 5.0592e+02, 1.5741e+03      
# span 15 =     7.5203,    10.2271      
# span 16 =     7.5141,     8.4225      
# span 17 =    -1.8046,     0.0026      
# span 18 =     5.9903,     8.0387      
# span 19 =     5.9854,     6.6643      
# span 20 =      1.486,     50.531      
# span 21 =      1.519,     51.635      
# span 22 =      0.116,      0.521      
# span 23 =    1428.73,    1444.70      
# span 24 =    1428.73,    1437.67      
# span 25 = 0.0000e+00, 0.0000e+00      
# interval = decibars: 0.5              
# start_time = Feb 25 2018 08:16:01 [NMEA time, first data scan]
# bad_flag = -9.990e-29
*END*
         76      1.500     3.4033     3.4027    -0.0006    0.77857    0.77881          1     7.9892     8.3636      10.00     0.0123  4.987e+00  2.744e+01  5.503e+02     7.5220     7.5246     0.0026     5.9918     5.9939      1.486      1.519      0.347    1428.73    1428.73  0.000e+00
        140      2.000     3.4041     3.4040    -0.0001    0.77859    0.77809          1     7.9246     8.2557       9.99     0.0131  3.836e+00  2.105e+01  5.485e+02     7.5219     7.5167    -0.0053     5.9918     5.9876      1.982      2.025      0.331    1428.74    1428.73  0.000e+00
        341      2.500     3.4037     3.4026    -0.0011    0.77858    0.77787          1     7.9166     8.2645       9.99     0.0132  3.189e+00  1.762e+01  5.527e+02     7.5218     7.5148    -0.0071     5.9917     5.9861      2.477      2.531      0.277    1428.75    1428.73  0.000e+00
        406      3.000     3.4050     3.4031    -0.0018    0.77861    0.77787          1     7.9839     8.2639       9.98     0.0129  2.648e+00  1.468e+01  5.544e+02     7.5218     7.5145    -0.0073     5.9917     5.9859      2.973      3.037      0.363    1428.76    1428.74  0.000e+00
        450      3.500     3.4072     3.4025    -0.0047    0.77868    0.77788          1     8.0248     8.2603       9.97     0.0131  2.155e+00  1.199e+01  5.563e+02     7.5219     7.5147    -0.0071     5.9917     5.9861      3.468      3.544      0.253    1428.78    1428.75  0.000e+00
        488      4.000     3.4104     3.4043    -0.0061    0.77880    0.77790          1     8.0636     8.2587       9.97     0.0131  1.896e+00  1.071e+01  5.652e+02     7.5223     7.5145    -0.0078     5.9920     5.9858      3.964      4.050      0.363    1428.80    1428.76  0.000e+00
        526      4.500     3.4105     3.4068    -0.0037    0.77880    0.77801          1     8.0098     8.2466       9.97     0.0129  1.488e+00  8.777e+00  5.916e+02     7.5223     7.5149    -0.0074     5.9919     5.9861      4.459      4.556      0.281    1428.81    1428.78  0.000e+00
        605      5.000     3.4109     3.4087    -0.0022    0.77882    0.77810          1     7.9323     8.2458       9.96     0.0131  1.006e+00  7.602e+00  7.543e+02     7.5223     7.5154    -0.0069     5.9919     5.9865      4.955      5.062      0.386    1428.82    1428.80  0.000e+00
        627      5.500     3.4133     3.4092    -0.0040    0.77891    0.77812          1     7.9802     8.2383       9.96     0.0125  7.544e-01  6.497e+00  8.678e+02     7.5226     7.5153    -0.0073     5.9922     5.9864      5.450      5.569      0.418    1428.84    1428.81  0.000e+00
        681      6.000     3.4121     3.4099    -0.0022    0.77887    0.77815          1     8.0416     8.2552       9.96     0.0129  4.392e-01  5.555e+00  1.327e+03     7.5224     7.5155    -0.0070     5.9920     5.9865      5.945      6.075      0.235    1428.84    1428.82  0.000e+00
        734      6.500     3.4096     3.4113     0.0017    0.77879    0.77822          1     8.0237     8.2479       9.96     0.0129  3.220e-01  4.864e+00  1.512e+03     7.5221     7.5158    -0.0063     5.9918     5.9868      6.441      6.581      0.280    1428.84    1428.83  0.000e+00
        778      7.000     3.4083     3.4099     0.0016    0.77875    0.77819          1     8.0370     8.2451       9.96     0.0126  3.137e-01  4.167e+00  1.334e+03     7.5219     7.5157    -0.0062     5.9917     5.9867      6.936      7.087      0.264    1428.84    1428.84  0.000e+00
        825      7.500     3.4057     3.4101     0.0044    0.77866    0.77821          1     8.0249     8.2485       9.95     0.0128  4.562e-01  3.591e+00  8.051e+02     7.5215     7.5158    -0.0057     5.9914     5.9868      7.432      7.594      0.237    1428.83    1428.84  0.000e+00
        886      8.000     3.4051     3.4093     0.0042    0.77864    0.77819          1     8.0610     8.2594       9.95     0.0132  5.331e-01  3.094e+00  5.805e+02     7.5213     7.5158    -0.0056     5.9913     5.9868      7.927      8.100      0.195    1428.84    1428.85  0.000e+00
        938      8.500     3.4058     3.4060     0.0002    0.77865    0.77810          1     8.0126     8.2567       9.95     0.0145  4.716e-01  2.647e+00  5.610e+02     7.5212     7.5155    -0.0057     5.9912     5.9866      8.423      8.606      0.331    1428.85    1428.84  0.000e+00
        971      9.000     3.4048     3.4053     0.0004    0.77865    0.77804          1     8.0345     8.2500       9.95     0.0146  4.008e-01  2.226e+00  5.554e+02     7.5214     7.5150    -0.0064     5.9914     5.9862      8.918      9.112      0.322    1428.85    1428.85  0.000e+00
       1049      9.500     3.4059     3.4045    -0.0015    0.77868    0.77804          1     8.0016     8.2595       9.95     0.0140  3.710e-01  2.025e+00  5.455e+02     7.5214     7.5151    -0.0064     5.9913     5.9863      9.414      9.618      0.294    1428.86    1428.85  0.000e+00
       1090     10.000     3.4064     3.4049    -0.0015    0.77870    0.77805          1     8.0362     8.2590       9.95     0.0146  3.194e-01  1.710e+00  5.355e+02     7.5214     7.5150    -0.0064     5.9913     5.9863      9.909     10.125      0.521    1428.88    1428.86  0.000e+00
       1110     10.500     3.4068     3.4050    -0.0019    0.77871    0.77807          1     8.0815     8.2658       9.95     0.0143  2.700e-01  1.433e+00  5.305e+02     7.5213     7.5151    -0.0062     5.9913     5.9863     10.404     10.631      0.517    1428.89    1428.87  0.000e+00
       1170     11.000     3.4079     3.4051    -0.0028    0.77874    0.77807          1     8.0939     8.2669       9.95     0.0137  2.380e-01  1.244e+00  5.228e+02     7.5214     7.5151    -0.0063     5.9913     5.9863     10.900     11.137      0.285    1428.90    1428.88  0.000e+00
       1238     11.500     3.4089     3.4077    -0.0011    0.77877    0.77813          1     8.1037     8.2604       9.95     0.0136  2.140e-01  1.102e+00  5.152e+02     7.5213     7.5150    -0.0063     5.9912     5.9862     11.395     11.643      0.343    1428.91    1428.90  0.000e+00
       1271     12.000     3.4095     3.4076    -0.0019    0.77875    0.77814          1     8.1117     8.2534       9.95     0.0134  1.806e-01  9.248e-01  5.121e+02     7.5210     7.5151    -0.0059     5.9909     5.9862     11.891     12.150      0.353    1428.92    1428.90  0.000e+00
       1309     12.500     3.4102     3.4076    -0.0026    0.77873    0.77814          1     8.1144     8.2553       9.95     0.0134  1.626e-01  8.290e-01  5.100e+02     7.5205     7.5149    -0.0056     5.9905     5.9861     12.386     12.656      0.237    1428.93    1428.91  0.000e+00
       1377     13.000     3.4101     3.4087    -0.0014    0.77875    0.77814          1     8.0878     8.2518       9.96     0.0134  1.430e-01  7.260e-01  5.077e+02     7.5207     7.5147    -0.0060     5.9907     5.9859     12.882     13.162      0.261    1428.94    1428.92  0.000e+00
       1412     13.500     3.4101     3.4088    -0.0013    0.77874    0.77813          1     8.0746     8.2447       9.96     0.0143  1.213e-01  6.135e-01  5.059e+02     7.5204     7.5145    -0.0060     5.9905     5.9858     13.377     13.668      0.415    1428.95    1428.93  0.000e+00
       1445     14.000     3.4100     3.4089    -0.0010    0.77873    0.77813          1     8.0639     8.2501       9.96     0.0140  1.028e-01  5.221e-01  5.081e+02     7.5203     7.5144    -0.0059     5.9903     5.9857     13.873     14.175      0.289    1428.95    1428.94  0.000e+00
       1524     14.500     3.4100     3.4088    -0.0011    0.77874    0.77811          1     8.0325     8.2625       9.96     0.0141  8.789e-02  4.503e-01  5.124e+02     7.5204     7.5141    -0.0063     5.9904     5.9854     14.368     14.681      0.296    1428.96    1428.95  0.000e+00
       1555     15.000     3.4102     3.4089    -0.0014    0.77876    0.77812          1     8.0616     8.2691       9.96     0.0143  7.115e-02  3.660e-01  5.144e+02     7.5205     7.5142    -0.0063     5.9905     5.9855     14.863     15.187      0.302    1428.97    1428.96  0.000e+00
       1618     15.500     3.4102     3.4091    -0.0011    0.77877    0.77814          1     8.0658     8.2577       9.96     0.0137  6.044e-02  3.135e-01  5.189e+02     7.5204     7.5142    -0.0063     5.9905     5.9855     15.359     15.693      0.258    1428.98    1428.97  0.000e+00
       1659     16.000     3.4099     3.4092    -0.0007    0.77877    0.77815          1     8.0786     8.2576       9.96     0.0135  4.925e-02  2.561e-01  5.200e+02     7.5205     7.5142    -0.0063     5.9905     5.9855     15.854     16.200      0.310    1428.98    1428.97  0.000e+00
       1709     16.500     3.4100     3.4089    -0.0010    0.77876    0.77814          1     8.0659     8.2432       9.96     0.0134  3.948e-02  2.061e-01  5.219e+02     7.5203     7.5141    -0.0062     5.9904     5.9855     16.350     16.706      0.213    1428.99    1428.98  0.000e+00
       1760     17.000     3.4102     3.4091    -0.0011    0.77877    0.77816          1     8.0741     8.2557       9.96     0.0134  3.217e-02  1.679e-01  5.219e+02     7.5203     7.5142    -0.0062     5.9904     5.9855     16.845     17.212      0.268    1429.00    1428.99  0.000e+00
       1804     17.500     3.4104     3.4090    -0.0013    0.77878    0.77816          1     8.0746     8.2672       9.96     0.0134  2.290e-02  1.192e-01  5.207e+02     7.5203     7.5142    -0.0061     5.9904     5.9855     17.341     17.718      0.278    1429.01    1429.00  0.000e+00
       1849     18.000     3.4102     3.4091    -0.0012    0.77880    0.77817          1     8.0975     8.2505       9.96     0.0134  1.711e-02  8.889e-02  5.194e+02     7.5204     7.5142    -0.0062     5.9904     5.9855     17.836     18.224      0.240    1429.02    1429.00  0.000e+00
       1905     18.500     3.4096     3.4091    -0.0006    0.77880    0.77818          1     8.0843     8.2404       9.96     0.0138  1.142e-02  5.910e-02  5.174e+02     7.5205     7.5142    -0.0063     5.9905     5.9855     18.331     18.731      0.237    1429.02    1429.01  0.000e+00
       1945     19.000     3.4099     3.4089    -0.0009    0.77881    0.77819          1     8.0757     8.2434       9.96     0.0139  6.512e-03  3.359e-02  5.157e+02     7.5205     7.5143    -0.0062     5.9905     5.9856     18.827     19.237      0.328    1429.03    1429.02  0.000e+00
       1985     19.500     3.4099     3.4086    -0.0012    0.77881    0.77819          1     8.0695     8.2479       9.96     0.0145  1.293e-03  6.648e-03  5.139e+02     7.5204     7.5143    -0.0061     5.9905     5.9856     19.322     19.743      0.284    1429.04    1429.03  0.000e+00
       2026     20.000     3.4100     3.4087    -0.0013    0.77882    0.77820          1     8.0952     8.2490       9.96     0.0147 -1.201e-05 -6.173e-05  5.129e+02     7.5204     7.5143    -0.0061     5.9905     5.9856     19.818     20.249      0.301    1429.05    1429.03  0.000e+00
       2069     20.500     3.4096     3.4087    -0.0008    0.77881    0.77821          1     8.1238     8.2506       9.96     0.0136  1.918e-13  9.832e-13  5.126e+02     7.5203     7.5143    -0.0060     5.9904     5.9856     20.313     20.756      0.232    1429.05    1429.04  0.000e+00
       2130     21.000     3.4095     3.4086    -0.0009    0.77882    0.77821          1     8.0870     8.2664       9.96     0.0134  1.946e-13  1.000e-12  5.139e+02     7.5204     7.5143    -0.0061     5.9904     5.9856     20.808     21.262      0.284    1429.06    1429.05  0.000e+00
       2162     21.500     3.4100     3.4086    -0.0014    0.77884    0.77822          1     8.0975     8.2666       9.96     0.0134  1.946e-13  1.000e-12  5.138e+02     7.5204     7.5143    -0.0062     5.9905     5.9856     21.304     21.768      0.397    1429.07    1429.06  0.000e+00
       2222     22.000     3.4118     3.4091    -0.0027    0.77892    0.77824          1     8.0715     8.2452       9.96     0.0136  1.937e-13  1.000e-12  5.163e+02     7.5207     7.5143    -0.0064     5.9907     5.9856     21.799     22.274      0.287    1429.09    1429.07  0.000e+00
       2283     22.500     3.4125     3.4111    -0.0014    0.77895    0.77832          1     8.0699     8.2409       9.96     0.0136  1.931e-13  1.000e-12  5.179e+02     7.5208     7.5146    -0.0062     5.9907     5.9858     22.295     22.781      0.502    1429.10    1429.08  0.000e+00
       2304     23.000     3.4131     3.4114    -0.0017    0.77900    0.77833          1     8.0939     8.2478       9.96     0.0135  1.938e-13  1.000e-12  5.160e+02     7.5211     7.5146    -0.0065     5.9910     5.9858     22.790     23.287      0.518    1429.11    1429.09  0.000e+00
       2332     23.500     3.4133     3.4108    -0.0025    0.77901    0.77833          1     8.1108     8.2407       9.96     0.0134  1.931e-13  1.000e-12  5.179e+02     7.5212     7.5146    -0.0066     5.9910     5.9858     23.286     23.793      0.297    1429.12    1429.10  0.000e+00
       2413     24.000     3.4143     3.4121    -0.0022    0.77908    0.77840          1     8.0915     8.2439       9.96     0.0144  1.923e-13  1.000e-12  5.199e+02     7.5216     7.5150    -0.0066     5.9913     5.9861     23.781     24.299      0.278    1429.13    1429.11  0.000e+00
       2446     24.500     3.4139     3.4124    -0.0015    0.77907    0.77842          1     8.0892     8.2438       9.96     0.0137  1.921e-13  1.000e-12  5.207e+02     7.5215     7.5151    -0.0064     5.9912     5.9862     24.276     24.806      0.403    1429.14    1429.12  0.000e+00
       2479     25.000     3.4153     3.4123    -0.0030    0.77916    0.77843          1     8.1138     8.2498       9.96     0.0140  1.914e-13  1.000e-12  5.226e+02     7.5220     7.5152    -0.0068     5.9916     5.9863     24.772     25.312      0.291    1429.15    1429.13  0.000e+00
       2548     25.500     3.4144     3.4134    -0.0010    0.77911    0.77850          1     8.1231     8.2303       9.96     0.0165  1.900e-13  1.000e-12  5.262e+02     7.5217     7.5156    -0.0061     5.9914     5.9865     25.267     25.818      0.250    1429.16    1429.14  0.000e+00
       2590     26.000     3.4145     3.4137    -0.0008    0.77913    0.77852          1     8.1170     8.2451       9.96     0.0169  1.894e-13  1.000e-12  5.280e+02     7.5217     7.5156    -0.0061     5.9915     5.9866     25.763     26.324      0.374    1429.17    1429.15  0.000e+00
       2621     26.500     3.4141     3.4135    -0.0006    0.77911    0.77853          1     8.1100     8.2522       9.96     0.0186  1.893e-13  1.000e-12  5.281e+02     7.5216     7.5157    -0.0059     5.9913     5.9867     26.258     26.830      0.332    1429.17    1429.16  0.000e+00
       2689     27.000     3.4140     3.4137    -0.0004    0.77912    0.77855          1     8.1119     8.2493       9.96     0.0320  1.879e-13  1.000e-12  5.322e+02     7.5216     7.5158    -0.0058     5.9913     5.9867     26.753     27.337      0.244    1429.18    1429.17  0.000e+00
       2737     27.500     3.4132     3.4134     0.0001    0.77908    0.77855          1     8.1333     8.2552       9.96     0.0389  1.870e-13  1.000e-12  5.349e+02     7.5213     7.5158    -0.0055     5.9911     5.9867     27.249     27.843      0.367    1429.18    1429.18  0.000e+00
       2771     28.000     3.4134     3.4127    -0.0007    0.77908    0.77851          1     8.1158     8.2470       9.96     0.0395  1.861e-13  1.000e-12  5.375e+02     7.5213     7.5155    -0.0057     5.9911     5.9865     27.744     28.349      0.256    1429.19    1429.18  0.000e+00
       2860     28.500     3.4120     3.4114    -0.0006    0.77903    0.77844          1     8.1181     8.2519       9.96     0.0404  1.822e-13  1.000e-12  5.489e+02     7.5210     7.5150    -0.0060     5.9909     5.9861     28.240     28.855      0.295    1429.19    1429.18  0.000e+00
