ctdpy/tests/etc/all_smhi_bas_2018/SBE09_0827_20180829_0753_26_01_0931.cnv
* Sea-Bird SBE 9 Data File:
* FileName = D:\CTD_SBE911\DAT\26DA.2018.8.131.hex
* Software Version Seasave V 7.21d
* Temperature SN = 034605
* Conductivity SN = 041844
* Number of Bytes Per Scan = 48
* Number of Voltage Words = 5
* Number of Scans Averaged by the Deck Unit = 1
* NMEA Latitude = 56 48.30 N
* NMEA Longitude = 012 12.72 E
* NMEA UTC (Time) = Aug 29 2018  07:56:13
* NMEA baud rate = 4800
** Ship: DANA
** Average sound velocity: 1499.60 m/s
** True-depth calculation Thu, 28 Mar 2019 09:55:06 +0000
** CTD Python Module SMHI /ver 3-12/ feb 2012 
** LIMS Job: 20182601-0931
**  MORUPS BANK
** Operator: Christian
** Cruise: 08/2018
# nquan = 26
# nvalues = 71                          
# units = specified
# name 0 = scan: Scan Count
# name 1 = prDM: Pressure, Digiquartz [db]
# name 2 = t090C: Temperature [ITS-90, deg C]
# name 3 = t190C: Temperature, 2 [ITS-90, deg C]
# name 4 = T2-T190C: Temperature Difference, 2 - 1 [ITS-90, deg C]
# name 5 = c0S/m: Conductivity [S/m]
# name 6 = c1S/m: Conductivity, 2 [S/m]
# name 7 = pumps: Pump Status
# name 8 = sbeox1ML/L: Oxygen, SBE 43, 2 [ml/l]
# name 9 = sbeox0ML/L: Oxygen, SBE 43 [ml/l]
# name 10 = altM: Altimeter [m]
# name 11 = chloroflTC0: Chlorophyll, Turner Cyclops [ug/l]
# name 12 = cpar: CPAR/Corrected Irradiance [%]
# name 13 = par: PAR/Irradiance, Biospherical/Lico [µE/(cm^2*s)]
# name 14 = spar: SPAR, Biospherical/Licor
# name 15 = sal00: Salinity, Practical [PSU]
# name 16 = sal11: Salinity, Practical, 2 [PSU]
# name 17 = secS-priS: Salinity, Practical, Difference, 2 - 1 [PSU]
# name 18 = sigma-t00: Density [sigma-t, kg/m^3 ]
# name 19 = sigma-t11: Density, 2 [sigma-t, kg/m^3 ]
# name 20 = depSM: Depth [salt water, m], lat = 56.805
# name 21 = depFM: Depth [true depth, m], lat = 56.805
# name 22 = dz/dtM: Descent Rate [m/s], WS = 2
# name 23 = svCM: Sound Velocity [Chen-Millero, m/s]
# name 24 = svCM1: Sound Velocity, 2 [Chen-Millero, m/s]
# name 25 = flag: flag
# span 0 =        314,       3983       
# span 1 =      1.500,     36.500       
# span 2 =     8.4669,    18.2058       
# span 3 =     8.5285,    18.1883       
# span 4 =    -0.0829,     1.0915       
# span 5 =   3.069645,   4.028078       
# span 6 =   3.059643,   4.028732       
# span 7 =          1,          1       
# span 8 =     4.2721,     6.0047       
# span 9 =     4.2480,     5.7933       
# span 10 =       1.08,       9.98      
# span 11 =     0.0169,     0.2318      
# span 12 = 2.0423e-13, 7.9021e+00      
# span 13 = 1.0000e-12, 4.0479e+01      
# span 14 = 4.8794e+02, 5.1223e+02      
# span 15 =    22.4532,    33.5957      
# span 16 =    22.3249,    33.6156      
# span 17 =    -1.0067,     0.0607      
# span 18 =    15.7176,    26.1012      
# span 19 =    15.6004,    26.1074      
# span 20 =      1.486,     36.162      
# span 21 =      1.504,     36.413      
# span 22 =     -0.158,      0.338      
# span 23 =    1483.09,    1508.79      
# span 24 =    1483.35,    1508.75      
# span 25 = 0.0000e+00, 0.0000e+00      
# interval = decibars: 0.5              
# start_time = Aug 29 2018 07:56:13 [NMEA time, first data scan]
# bad_flag = -9.990e-29
*END*
        314      1.500    17.8785    17.9651     0.0862    3.06964    3.05964          1     5.9306     5.7933       9.98     0.0169  7.902e+00  4.048e+01  5.122e+02    22.4532    22.3249    -0.1283    15.7176    15.6004      1.486      1.504      0.141    1501.24    1501.36  0.000e+00
        378      2.000    18.0082    17.9556    -0.0525    3.14158    3.08064          1     5.9625     5.7823       9.98     0.0270  7.124e+00  3.646e+01  5.118e+02    22.9608    22.4990    -0.4618    16.0750    15.7352      1.982      2.005      0.240    1502.22    1501.54  0.000e+00
        432      2.500    18.0728    17.9899    -0.0829    3.16409    3.10185          1     5.9550     5.7679       9.98     0.0270  6.213e+00  3.179e+01  5.118e+02    23.1060    22.6508    -0.4553    16.1710    15.8430      2.477      2.507      0.247    1502.58    1501.82  0.000e+00
        480      3.000    18.0844    18.0231    -0.0612    3.16903    3.12871          1     6.0047     5.7438       9.98     0.0258  5.531e+00  2.830e+01  5.118e+02    23.1393    22.8486    -0.2907    16.1937    15.9862      2.972      3.008      0.246    1502.66    1502.15  0.000e+00
        527      3.500    18.0721    18.0521    -0.0199    3.17179    3.14949          1     5.9776     5.7309       9.98     0.0268  4.890e+00  2.496e+01  5.104e+02    23.1683    22.9998    -0.1685    16.2186    16.0948      3.468      3.509      0.265    1502.67    1502.42  0.000e+00
        572      4.000    18.0705    18.0657    -0.0048    3.17230    3.16076          1     5.9741     5.7410       9.98     0.0258  4.387e+00  2.236e+01  5.098e+02    23.1731    23.0828    -0.0903    16.2227    16.1550      3.963      4.010      0.258    1502.68    1502.56  0.000e+00
        618      4.500    18.0763    18.0677    -0.0085    3.17337    3.16696          1     5.9603     5.7394       9.98     0.0256  3.898e+00  1.987e+01  5.097e+02    23.1784    23.1315    -0.0469    16.2253    16.1916      4.459      4.511      0.257    1502.71    1502.63  0.000e+00
        666      5.000    18.0794    18.0712    -0.0081    3.17415    3.17066          1     5.9593     5.7466       9.98     0.0256  3.452e+00  1.759e+01  5.097e+02    23.1828    23.1592    -0.0236    16.2280    16.2119      4.954      5.012      0.249    1502.73    1502.68  0.000e+00
        717      5.500    18.0806    18.0752    -0.0054    3.17463    3.17304          1     5.9856     5.7444       9.98     0.0227  3.062e+00  1.560e+01  5.095e+02    23.1858    23.1760    -0.0097    16.2300    16.2238      5.450      5.514      0.232    1502.75    1502.72  0.000e+00
        770      6.000    18.0805    18.0779    -0.0025    3.17485    3.17412          1     5.9511     5.7462       9.98     0.1438  2.742e+00  1.392e+01  5.078e+02    23.1876    23.1830    -0.0045    16.2314    16.2285      5.945      6.015      0.218    1502.76    1502.74  0.000e+00
        825      6.500    18.0786    18.0787     0.0001    3.17521    3.17462          1     5.9273     5.7387       9.98     0.1812  2.445e+00  1.241e+01  5.077e+02    23.1913    23.1866    -0.0048    16.2347    16.2310      6.440      6.516      0.222    1502.76    1502.76  0.000e+00
        878      7.000    18.0575    18.0782     0.0207    3.17874    3.17509          1     5.9699     5.6975       9.98     0.1726  2.192e+00  1.113e+01  5.077e+02    23.2316    23.1905    -0.0411    16.2702    16.2341      6.936      7.017      0.231    1502.75    1502.77  0.000e+00
        929      7.500    18.0470    18.0663     0.0193    3.18252    3.17692          1     5.9719     5.6781       9.98     0.1776  1.964e+00  9.971e+00  5.077e+02    23.2679    23.2118    -0.0561    16.3002    16.2531      7.431      7.518      0.237    1502.77    1502.77  0.000e+00
        979      8.000    18.0486    18.0542     0.0056    3.18393    3.18008          1     5.9218     5.6848       9.98     0.1671  1.767e+00  8.954e+00  5.067e+02    23.2783    23.2441    -0.0342    16.3078    16.2804      7.927      8.019      0.241    1502.80    1502.78  0.000e+00
       1030      8.500    18.0506    18.0486    -0.0021    3.18487    3.18286          1     5.9210     5.6855       9.98     0.1766  1.595e+00  8.063e+00  5.057e+02    23.2846    23.2695    -0.0151    16.3121    16.3011      8.422      8.520      0.231    1502.82    1502.80  0.000e+00
       1082      9.000    18.0643    18.0496    -0.0147    3.19142    3.18441          1     5.8960     5.6538       9.98     0.1778  1.434e+00  7.249e+00  5.057e+02    23.3296    23.2813    -0.0483    16.3432    16.3098      8.917      9.021      0.222    1502.92    1502.82  0.000e+00
       1138      9.500    18.0659    18.0590    -0.0068    3.20043    3.18897          1     5.8899     5.6393       9.98     0.1752  1.293e+00  6.539e+00  5.056e+02    23.4012    23.3126    -0.0886    16.3975    16.3315      9.413      9.522      0.216    1503.01    1502.89  0.000e+00
       1193     10.000    18.0757    18.0643    -0.0114    3.21267    3.19663          1     5.8925     5.6301       9.98     0.1793  1.169e+00  5.891e+00  5.037e+02    23.4943    23.3713    -0.1230    16.4661    16.3750      9.908     10.023      0.222    1503.16    1502.98  0.000e+00
       1245     10.500    18.0773    18.0711    -0.0062    3.22909    3.20717          1     5.8897     5.6300       9.98     0.1826  1.056e+00  5.321e+00  5.036e+02    23.6259    23.4524    -0.1735    16.5660    16.4352     10.403     10.524      0.238    1503.32    1503.10  0.000e+00
       1295     11.000    18.0649    18.0751     0.0101    3.24082    3.22152          1     5.8629     5.6128       9.98     0.1969  9.565e-01  4.817e+00  5.036e+02    23.7277    23.5659    -0.1618    16.6464    16.5208     10.899     11.025      0.243    1503.40    1503.25  0.000e+00
       1345     11.500    18.0860    18.0685    -0.0176    3.27055    3.23507          1     5.8526     5.5652       9.98     0.2182  8.652e-01  4.358e+00  5.036e+02    23.9558    23.6790    -0.2767    16.8154    16.6085     11.394     11.526      0.237    1503.73    1503.37  0.000e+00
       1397     12.000    18.1556    18.0819    -0.0737    3.34926    3.25975          1     5.8599     5.5250       9.98     0.2151  7.789e-01  3.923e+00  5.036e+02    24.5521    23.8706    -0.6814    17.2537    16.7515     11.890     12.027      0.218    1504.62    1503.63  0.000e+00
       1456     12.500    18.2058    18.1371    -0.0687    3.44928    3.32011          1     5.8058     5.4622       9.98     0.2318  6.987e-01  3.513e+00  5.027e+02    25.3334    24.3267    -1.0067    17.8376    17.0863     12.385     12.527      0.196    1505.66    1504.32  0.000e+00
       1517     13.000    18.1633    18.1883     0.0250    3.51185    3.41977          1     5.7929     5.4222       9.98     0.2146  6.297e-01  3.159e+00  5.016e+02    25.8692    25.1043    -0.7650    18.2559    17.6670     12.880     13.028      0.195    1506.15    1505.36  0.000e+00
       1578     13.500    18.1416    18.1677     0.0261    3.54017    3.49423          1     5.7077     5.3924       9.98     0.2044  5.657e-01  2.837e+00  5.016e+02    26.1140    25.7226    -0.3913    18.4475    18.1431     13.376     13.528      0.202    1506.37    1506.00  0.000e+00
       1637     14.000    18.1187    18.1417     0.0229    3.58361    3.53425          1     5.6667     5.3655       9.98     0.2201  5.101e-01  2.559e+00  5.016e+02    26.4839    26.0655    -0.4184    18.7350    18.4105     13.871     14.028      0.203    1506.73    1506.32  0.000e+00
       1697     14.500    18.1307    18.1229    -0.0078    3.62963    3.57753          1     5.6154     5.3582       9.98     0.2056  4.617e-01  2.316e+00  5.016e+02    26.8533    26.4313    -0.4220    19.0139    18.6939     14.367     14.528      0.203    1507.19    1506.69  0.000e+00
       1756     15.000    18.0517    18.1237     0.0720    3.66884    3.62326          1     5.6047     5.3034       9.98     0.1948  4.173e-01  2.089e+00  5.006e+02    27.2275    26.8054    -0.4221    19.3179    18.9790     14.862     15.027      0.202    1507.38    1507.12  0.000e+00
       1819     15.500    17.9821    18.0512     0.0691    3.71328    3.66671          1     5.5889     5.2898       9.98     0.1914  3.846e-01  1.884e+00  4.899e+02    27.6404    27.2102    -0.4302    19.6493    19.3048     15.357     15.527      0.178    1507.65    1507.37  0.000e+00
       1886     16.000    17.9421    17.9831     0.0411    3.75122    3.70869          1     5.5714     5.2492       9.98     0.1897  3.404e-01  1.694e+00  4.977e+02    27.9813    27.6016    -0.3797    19.9189    19.6195     15.853     16.026      0.188    1507.92    1507.62  0.000e+00
       1948     16.500    17.6871    17.9222     0.2350    3.77559    3.74201          1     5.5490     5.1555       9.97     0.1819  3.059e-01  1.528e+00  4.995e+02    28.3596    27.9184    -0.4411    20.2673    19.8756     16.348     16.525      0.203    1507.60    1507.80  0.000e+00
       2005     17.000    17.5986    17.7390     0.1403    3.81736    3.76949          1     5.4751     5.1388       9.97     0.1738  2.760e-01  1.375e+00  4.983e+02    28.7705    28.2725    -0.4980    20.6020    20.1888     16.843     17.025      0.216    1507.80    1507.66  0.000e+00
       2058     17.500    17.5663    17.6163     0.0500    3.86978    3.80447          1     5.3960     5.1088       9.97     0.1647  2.491e-01  1.240e+00  4.976e+02    29.2331    28.6500    -0.5831    20.9631    20.5058     17.339     17.523      0.231    1508.24    1507.73  0.000e+00
       2110     18.000    17.5389    17.5746     0.0359    3.93263    3.84985          1     5.3637     5.0415       9.97     0.1616  2.245e-01  1.117e+00  4.976e+02    29.7819    29.0596    -0.7223    21.3891    20.8285     17.834     18.022      0.237    1508.79    1508.08  0.000e+00
       2159     18.500    17.2779    17.5331     0.2551    3.98853    3.90956          1     5.3337     4.9938       9.97     0.1537  2.027e-01  1.009e+00  4.976e+02    30.4484    29.5915    -0.8569    21.9599    21.2449     18.330     18.521      0.253    1508.77    1508.57  0.000e+00
       2205     19.000    16.9966    17.3686     0.3722    3.98712    3.96574          1     5.2941     4.9410       9.97     0.1513  1.832e-01  9.113e-01  4.976e+02    30.6490    30.1870    -0.4620    22.1786    21.7388     18.825     19.019      0.266    1508.16    1508.75  0.000e+00
       2249     19.500    16.6312    17.1298     0.4984    4.00788    3.98572          1     5.2587     4.8971       9.97     0.1371  1.653e-01  8.220e-01  4.973e+02    31.1081    30.5358    -0.5723    22.6142    22.0612     19.320     19.517      0.286    1507.58    1508.44  0.000e+00
       2289     20.000    16.4016    16.7825     0.3811    4.02808    3.99980          1     5.2026     4.8862       9.97     0.1347  1.495e-01  7.415e-01  4.960e+02    31.4627    30.9213    -0.5414    22.9384    22.4365     19.816     20.015      0.304    1507.28    1507.83  0.000e+00
       2328     20.500    16.2026    16.5091     0.3063    4.02453    4.01998          1     5.1202     4.9074       9.97     0.1139  1.356e-01  6.721e-01  4.955e+02    31.5888    31.3078    -0.2809    23.0800    22.7952     20.311     20.513      0.313    1506.82    1507.45  0.000e+00
       2367     21.000    16.0691    16.2563     0.1874    4.02502    4.02873          1     5.0881     4.8633       9.97     0.1104  1.233e-01  6.108e-01  4.955e+02    31.6992    31.5828    -0.1164    23.1947    23.0633     20.806     21.010      0.311    1506.55    1506.99  0.000e+00
       2405     21.500    15.6757    16.1380     0.4623    4.00014    4.02845          1     5.0954     4.8003       9.97     0.0994  1.120e-01  5.549e-01  4.955e+02    31.7949    31.6741    -0.1208    23.3555    23.1601     21.302     21.508      0.307    1505.44    1506.74  0.000e+00
       2445     22.000    15.2677    15.8284     0.5605    3.99286    4.01777          1     5.0636     4.8025       9.97     0.0965  9.996e-02  4.953e-01  4.955e+02    32.0609    31.8278    -0.2330    23.6493    23.3471     21.797     22.006      0.306    1504.47    1505.96  0.000e+00
       2483     22.500    15.0045    15.4184     0.4138    3.98385    3.99952          1     5.0258     4.8145       9.97     0.0844  8.899e-02  4.410e-01  4.955e+02    32.1957    31.9972    -0.1984    23.8099    23.5676     22.293     22.503      0.311    1503.80    1504.88  0.000e+00
       2522     23.000    14.8337    15.1608     0.3273    3.97218    3.99589          1     4.9851     4.8179       9.97     0.0774  8.039e-02  3.984e-01  4.955e+02    32.2311    32.1752    -0.0559    23.8737    23.7604     22.788     23.001      0.320    1503.30    1504.28  0.000e+00
       2559     23.500    14.5358    14.9522     0.4166    3.95054    3.98636          1     4.9980     4.7805       9.97     0.0673  7.288e-02  3.611e-01  4.955e+02    32.2817    32.2611    -0.0206    23.9757    23.8715     23.283     23.498      0.324    1502.41    1503.72  0.000e+00
       2596     24.000    14.0208    14.7005     0.6793    3.91621    3.97108          1     4.9896     4.8157       9.97     0.0617  6.554e-02  3.246e-01  4.952e+02    32.3980    32.3313    -0.0667    24.1727    23.9792     23.779     23.995      0.320    1500.88    1503.01  0.000e+00
       2633     24.500    13.8337    14.2849     0.4514    3.90343    3.94455          1     4.9675     4.8510       9.97     0.0575  5.897e-02  2.912e-01  4.938e+02    32.4375    32.4363    -0.0012    24.2416    24.1475     24.274     24.492      0.338    1500.33    1501.80  0.000e+00
       2668     25.000    13.7511    13.9925     0.2416    3.89753    3.92350          1     4.9462     4.8391       9.97     0.0581  5.254e-02  2.593e-01  4.936e+02    32.4525    32.4886     0.0361    24.2700    24.2485     24.769     24.990      0.317    1500.08    1500.92  0.000e+00
       2712     25.500    13.4525    13.8100     0.3574    3.87623    3.90917          1     4.9477     4.8386       9.97     0.0589  4.676e-02  2.308e-01  4.935e+02    32.5077    32.5103     0.0026    24.3728    24.3027     25.265     25.487      0.248    1499.17    1500.35  0.000e+00
       2763     26.000    13.0502    13.5353     0.4851    3.84714    3.89110          1     4.9738     4.8108       9.97     0.0543  4.155e-02  2.051e-01  4.935e+02    32.5785    32.5756    -0.0029    24.5076    24.4088     25.760     25.984      0.233    1497.92    1499.53  0.000e+00
       2816     26.500    12.6950    13.1671     0.4720    3.82044    3.86465          1     4.9746     4.8393       9.97     0.0541  3.642e-02  1.797e-01  4.935e+02    32.6317    32.6429     0.0112    24.6181    24.5344     26.255     26.481      0.219    1496.80    1498.40  0.000e+00
       2871     27.000    12.3126    12.7733     0.4606    3.79283    3.83539          1     4.9433     4.8103       9.97     0.0515  3.193e-02  1.575e-01  4.935e+02    32.7001    32.7059     0.0058    24.7443    24.6604     26.751     26.978      0.215    1495.59    1497.16  0.000e+00
       2928     27.500    11.9691    12.4294     0.4602    3.76813    3.81005          1     4.9261     4.8063       9.97     0.0497  2.737e-02  1.351e-01  4.934e+02    32.7626    32.7629     0.0004    24.8575    24.7709     27.246     27.475      0.206    1494.50    1496.07  0.000e+00
       2987     28.000    11.5243    12.0916     0.5672    3.73187    3.78585          1     4.8972     4.7936       9.74     0.0480  2.317e-02  1.140e-01  4.918e+02    32.8020    32.8260     0.0240    24.9701    24.8838     27.741     27.972      0.202    1493.02    1495.00  0.000e+00
       3049     28.500    11.3807    11.6620     0.2814    3.72098    3.75270          1     4.8952     4.7574       9.26     0.0484  1.911e-02  9.390e-02  4.914e+02    32.8225    32.8832     0.0607    25.0122    25.0080     28.237     28.469      0.192    1492.55    1493.60  0.000e+00
