ctdpy/tests/etc/all_smhi_bas_2018/SBE09_0827_20180904_0400_26_01_0958.cnv
* Sea-Bird SBE 9 Data File:
* FileName = D:\CTD_SBE911\DAT\26DA.2018.9.8.hex
* Software Version Seasave V 7.21d
* Temperature SN = 034605
* Conductivity SN = 041844
* Number of Bytes Per Scan = 48
* Number of Voltage Words = 5
* Number of Scans Averaged by the Deck Unit = 1
* NMEA Latitude = 55 33.19 N
* NMEA Longitude = 018 23.99 E
* NMEA UTC (Time) = Sep 04 2018  04:03:14
* NMEA baud rate = 4800
** Ship: DANA
** Average sound velocity: 1445.30 m/s
** True-depth calculation Wed, 03 Apr 2019 09:25:08 +0000
** CTD Python Module SMHI /ver 3-12/ feb 2012 
** LIMS Job: 20182601-0958
**  BCSS III-10
** Operator: Christian
** Cruise: 09/2018
# nquan = 26
# nvalues = 172                         
# units = specified
# name 0 = scan: Scan Count
# name 1 = prDM: Pressure, Digiquartz [db]
# name 2 = t090C: Temperature [ITS-90, deg C]
# name 3 = t190C: Temperature, 2 [ITS-90, deg C]
# name 4 = T2-T190C: Temperature Difference, 2 - 1 [ITS-90, deg C]
# name 5 = c0S/m: Conductivity [S/m]
# name 6 = c1S/m: Conductivity, 2 [S/m]
# name 7 = pumps: Pump Status
# name 8 = sbeox1ML/L: Oxygen, SBE 43, 2 [ml/l]
# name 9 = sbeox0ML/L: Oxygen, SBE 43 [ml/l]
# name 10 = altM: Altimeter [m]
# name 11 = chloroflTC0: Chlorophyll, Turner Cyclops [ug/l]
# name 12 = cpar: CPAR/Corrected Irradiance [%]
# name 13 = par: PAR/Irradiance, Biospherical/Lico [µE/(cm^2*s)]
# name 14 = spar: SPAR, Biospherical/Licor
# name 15 = sal00: Salinity, Practical [PSU]
# name 16 = sal11: Salinity, Practical, 2 [PSU]
# name 17 = secS-priS: Salinity, Practical, Difference, 2 - 1 [PSU]
# name 18 = sigma-t00: Density [sigma-t, kg/m^3 ]
# name 19 = sigma-t11: Density, 2 [sigma-t, kg/m^3 ]
# name 20 = depSM: Depth [salt water, m], lat = 55.5532
# name 21 = depFM: Depth [true depth, m], lat = 55.5532
# name 22 = dz/dtM: Descent Rate [m/s], WS = 2
# name 23 = svCM: Sound Velocity [Chen-Millero, m/s]
# name 24 = svCM1: Sound Velocity, 2 [Chen-Millero, m/s]
# name 25 = flag: flag
# span 0 =         38,      11568       
# span 1 =      1.500,     87.000       
# span 2 =     3.2934,    19.5600       
# span 3 =     3.2926,    19.5587       
# span 4 =    -0.3293,     6.3648       
# span 5 =   0.770471,   1.215272       
# span 6 =   0.774279,   1.216434       
# span 7 =          1,          1       
# span 8 =     0.0416,     7.7289       
# span 9 =     0.0208,     8.0820       
# span 10 =      -1.38,       9.98      
# span 11 =     0.0428,     0.2227      
# span 12 = -2.475e-04, 5.4142e+00      
# span 13 = -7.036e-05, 1.4294e+00      
# span 14 = 2.6401e+01, 4.9963e+01      
# span 15 =     7.2031,    11.1579      
# span 16 =     7.2581,    11.1701      
# span 17 =    -0.4151,     0.1171      
# span 18 =     3.8476,     8.7526      
# span 19 =     3.8453,     8.7624      
# span 20 =      1.486,     86.194      
# span 21 =      1.522,     88.077      
# span 22 =     -0.450,      0.496      
# span 23 =    1429.09,    1489.46      
# span 24 =    1429.08,    1489.46      
# span 25 = 0.0000e+00, 0.0000e+00      
# interval = decibars: 0.5              
# start_time = Sep 04 2018 04:03:15 [NMEA time, first data scan]
# bad_flag = -9.990e-29
*END*
[from data line 112]
       5542     57.500     3.3100     3.3082    -0.0018    0.77892    0.77791          1     7.0788     7.3770       9.97     0.0432  2.736e-12  1.000e-12  3.655e+01     7.5396     7.5294    -0.0102     6.0073     5.9992     56.971     58.258      0.260    1429.21    1429.18  0.000e+00
       5589     58.000     3.3536     3.3326    -0.0211    0.78089    0.77928          1     7.0776     7.4229       9.97     0.0444  2.736e-12  1.000e-12  3.655e+01     7.5498     7.5379    -0.0118     6.0147     6.0056     57.466     58.764      0.227    1429.43    1429.32  0.000e+00
       5643     58.500     3.3770     3.3541    -0.0230    0.78245    0.78013          1     7.1029     7.3460       9.97     0.0460  2.736e-12  1.000e-12  3.655e+01     7.5604     7.5417    -0.0187     6.0228     6.0083     57.962     59.270      0.254    1429.55    1429.43  0.000e+00
       5685     59.000     3.3526     3.3618     0.0092    0.78306    0.78202          1     7.0730     7.3135       9.97     0.0438  2.736e-12  1.000e-12  3.655e+01     7.5724     7.5594    -0.0129     6.0327     6.0223     58.457     59.776      0.278    1429.47    1429.49  0.000e+00
       5734     59.500     3.3276     3.3567     0.0291    0.78355    0.78177          1     7.0527     7.1535       9.97     0.0434  2.736e-12  1.000e-12  3.655e+01     7.5833     7.5579    -0.0254     6.0418     6.0212     58.952     60.283      0.238    1429.37    1429.47  0.000e+00
       5779     60.000     3.3200     3.3409     0.0209    0.78478    0.78239          1     7.0179     7.0076       9.97     0.0453  2.736e-12  1.000e-12  3.655e+01     7.5977     7.5680    -0.0297     6.0534     6.0294     59.448     60.789      0.275    1429.37    1429.42  0.000e+00
       5827     60.500     3.3312     3.3360     0.0048    0.78754    0.78309          1     6.9373     6.9181       9.97     0.0458  2.736e-12  1.000e-12  3.655e+01     7.6238     7.5764    -0.0473     6.0740     6.0362     59.943     61.295      0.238    1429.46    1429.42  0.000e+00
       5875     61.000     3.3584     3.3388    -0.0195    0.79139    0.78453          1     6.8398     6.8654       9.97     0.0445  2.736e-12  1.000e-12  3.655e+01     7.6573     7.5906    -0.0667     6.1003     6.0475     60.438     61.801      0.256    1429.64    1429.46  0.000e+00
       5926     61.500     3.3977     3.3467    -0.0511    0.79650    0.78680          1     6.7607     6.6499       9.97     0.0448  2.725e-12  1.000e-12  3.671e+01     7.7009     7.6123    -0.0886     6.1345     6.0647     60.934     62.307      0.216    1429.88    1429.53  0.000e+00
       5980     62.000     3.4606     3.3807    -0.0798    0.80394    0.79119          1     6.6714     6.2950       9.97     0.0444  2.679e-12  1.000e-12  3.736e+01     7.7631     7.6498    -0.1133     6.1829     6.0940     61.429     62.814      0.258    1430.25    1429.74  0.000e+00
       6025     62.500     3.5271     3.4133    -0.1138    0.81052    0.79587          1     6.5226     5.8478       9.97     0.0448  2.630e-12  1.000e-12  3.805e+01     7.8153     7.6906    -0.1247     6.2232     6.1259     61.924     63.320      0.243    1430.63    1429.95  0.000e+00
       6076     63.000     3.5884     3.4855    -0.1029    0.81721    0.80321          1     6.3120     5.5801       9.97     0.0455  2.603e-12  1.000e-12  3.842e+01     7.8697     7.7494    -0.1203     6.2653     6.1716     62.420     63.826      0.256    1430.99    1430.37  0.000e+00
       6120     63.500     3.6687     3.5374    -0.1313    0.82679    0.80967          1     6.0105     5.2805       9.97     0.0455  2.592e-12  1.000e-12  3.858e+01     7.9491     7.8038    -0.1453     6.3268     6.2139     62.915     64.332      0.265    1431.46    1430.68  0.000e+00
       6169     64.000     3.8039     3.6154    -0.1886    0.84403    0.81812          1     5.7039     4.8047       9.97     0.0462  2.592e-12  1.000e-12  3.859e+01     8.0937     7.8724    -0.2213     6.4387     6.2669     63.410     64.838      0.240    1432.27    1431.13  0.000e+00
       6217     64.500     3.9809     3.7153    -0.2656    0.86721    0.83128          1     5.3945     3.9725       9.97     0.0462  2.592e-12  1.000e-12  3.859e+01     8.2878     7.9840    -0.3038     6.5885     6.3536     63.906     65.344      0.244    1433.32    1431.74  0.000e+00
       6270     65.000     4.1450     3.8155    -0.3293    0.89184    0.84334          1     4.9721     2.9766       9.97     0.0456  2.592e-12  1.000e-12  3.859e+01     8.4986     8.0835    -0.4151     6.7512     6.4304     64.401     65.850      0.217    1434.34    1432.33  0.000e+00
       6324     65.500     4.1420     4.0044    -0.1378    0.90861    0.87065          1     4.4729     3.1687       9.97     0.0446  2.592e-12  1.000e-12  3.859e+01     8.6715     8.3171    -0.3544     6.8885     6.6112     64.896     66.356      0.248    1434.56    1433.48  0.000e+00
       6370     66.000     4.1189     4.0560    -0.0630    0.92171    0.88908          1     3.8588     4.4176       9.97     0.0459  2.592e-12  1.000e-12  3.859e+01     8.8123     8.4933    -0.3190     7.0009     6.7496     65.391     66.861      0.250    1434.64    1433.95  0.000e+00
       6419     66.500     4.3823     4.1004    -0.2819    0.94122    0.90167          1     3.6476     3.0464       9.97     0.0464  2.592e-12  1.000e-12  3.859e+01     8.9412     8.6109    -0.3303     7.0945     6.8417     65.887     67.367      0.251    1435.99    1434.31  0.000e+00
       6465     67.000     4.6595     4.3310    -0.3285    0.96475    0.92827          1     3.5662     1.1369       9.97     0.0465  2.592e-12  1.000e-12  3.859e+01     9.1053     8.8225    -0.2829     7.2143     7.0022     66.382     67.873      0.262    1437.43    1435.62  0.000e+00
       6513     67.500     4.7890     4.4666    -0.3223    0.98288    0.94464          1     2.8553     0.5893       9.97     0.0484  2.592e-12  1.000e-12  3.859e+01     9.2536     8.9531    -0.3004     7.3263     7.1010     66.877     68.378      0.236    1438.20    1436.39  0.000e+00
       6564     68.000     4.9308     4.6627    -0.2681    1.00297    0.96637          1     2.1201     0.5452       9.97     0.0507  2.592e-12  1.000e-12  3.859e+01     9.4172     9.1207    -0.2965     7.4497     7.2263     67.373     68.884      0.238    1439.04    1437.48  0.000e+00
       6616     68.500     5.0614     4.8090    -0.2523    1.01800    0.98744          1     1.4438     0.6611       9.97     0.0473  2.592e-12  1.000e-12  3.859e+01     9.5319     9.2941    -0.2378     7.5344     7.3576     67.868     69.389      0.219    1439.77    1438.36  0.000e+00
       6669     69.000     5.1856     5.0060    -0.1797    1.03064    1.00692          1     1.0566     0.2215       9.97     0.0482  2.592e-12  1.000e-12  3.859e+01     9.6237     9.4356    -0.1881     7.6010     7.4607     68.363     69.895      0.260    1440.43    1439.41  0.000e+00
       6714     69.500     5.2942     5.1887    -0.1057    1.03996    1.02879          1     0.7096     0.1301       9.97     0.0486  2.592e-12  1.000e-12  3.859e+01     9.6860     9.6041    -0.0819     7.6449     7.5854     68.859     70.400      0.249    1440.99    1440.43  0.000e+00
       6764     70.000     5.3521     5.2042    -0.1477    1.04693    1.03052          1     0.4285     0.1404       9.97     0.0483  2.592e-12  1.000e-12  3.859e+01     9.7392     9.6169    -0.1223     7.6839     7.5947     69.354     70.906      0.258    1441.32    1440.52  0.000e+00
       6805     70.500     5.3742     5.3499    -0.0243    1.05258    1.04723          1     0.3552     0.1548       9.97     0.0489  2.592e-12  1.000e-12  3.859e+01     9.7893     9.7427    -0.0466     7.7224     7.6868     69.849     71.411      0.310    1441.48    1441.32  0.000e+00
       6846     71.000     5.4078     5.3832    -0.0247    1.05818    1.05386          1     0.2550     0.1585       9.97     0.0491  2.592e-12  1.000e-12  3.859e+01     9.8356     9.7994    -0.0362     7.7571     7.7299     70.344     71.916      0.248    1441.70    1441.54  0.000e+00
       6901     71.500     5.4659     5.3856    -0.0802    1.06484    1.05417          1     0.2095     0.1573       9.97     0.0493  2.590e-12  1.000e-12  3.862e+01     9.8851     9.8017    -0.0834     7.7932     7.7315     70.840     72.422      0.246    1442.02    1441.56  0.000e+00
       6942     72.000     5.5222     5.4991    -0.0231    1.07465    1.06960          1     0.1976     0.1504       9.97     0.0483  2.552e-12  1.000e-12  3.921e+01     9.9667     9.9229    -0.0438     7.8545     7.8212     71.335     72.927      0.276    1442.37    1442.22  0.000e+00
       6997     72.500     5.5732     5.4729    -0.1002    1.08745    1.06804          1     0.1759     0.1435       9.97     0.0496  2.555e-12  1.000e-12  3.917e+01    10.0794     9.9149    -0.1645     7.9407     7.8163     71.830     73.432      0.216    1442.74    1442.10  0.000e+00
       7043     73.000     5.5634     5.5605    -0.0029    1.09774    1.09065          1     0.1680     0.2399       9.97     0.0496  2.508e-12  1.000e-12  3.990e+01    10.1853    10.1152    -0.0701     8.0247     7.9696     72.326     73.937      0.295    1442.84    1442.74  0.000e+00
       7086     73.500     5.5080     5.5301     0.0221    1.10314    1.09247          1     0.1979     0.4872       9.97     0.0490  2.472e-12  1.000e-12  4.047e+01    10.2561    10.1424    -0.1137     8.0837     7.9927     72.821     74.443      0.262    1442.70    1442.65  0.000e+00
       7133     74.000     5.5900     5.5285    -0.0614    1.11506    1.09615          1     0.2589     0.4088       9.97     0.0482  2.462e-12  1.000e-12  4.062e+01    10.3505    10.1797    -0.1708     8.1535     8.0223     73.316     74.948      0.267    1443.18    1442.70  0.000e+00
       7175     74.500     5.5598     5.5738     0.0140    1.12188    1.11064          1     0.3002     0.6199       9.97     0.0475  2.462e-12  1.000e-12  4.062e+01    10.4281    10.3111    -0.1170     8.2165     8.1234     73.812     75.453      0.278    1443.16    1443.07  0.000e+00
       7225     75.000     5.5605     5.5523    -0.0082    1.12689    1.11333          1     0.3714     0.7122       9.97     0.0490  2.462e-12  1.000e-12  4.062e+01    10.4782    10.3446    -0.1336     8.2559     8.1510     74.307     75.958      0.224    1443.23    1443.03  0.000e+00
       7274     75.500     5.6419     5.6039    -0.0380    1.13434    1.12598          1     0.4702     0.2564       9.97     0.0545  2.462e-12  1.000e-12  4.062e+01    10.5274    10.4553    -0.0720     8.2900     8.2354     74.802     76.463      0.285    1443.65    1443.40  0.000e+00
       7318     76.000     5.6942     5.6236    -0.0706    1.13923    1.13126          1     0.3859     0.1549       9.97     0.0492  2.462e-12  1.000e-12  4.062e+01    10.5599    10.5021    -0.0577     8.3126     8.2712     75.297     76.968      0.231    1443.93    1443.55  0.000e+00
       7374     76.500     5.7260     5.6654    -0.0607    1.14439    1.13501          1     0.3207     0.1227       9.97     0.0480  2.462e-12  1.000e-12  4.062e+01    10.6015    10.5265    -0.0750     8.3435     8.2880     75.793     77.473      0.248    1444.12    1443.77  0.000e+00
       7415     77.000     5.7694     5.7331    -0.0363    1.14874    1.14388          1     0.2571     0.2077       9.97     0.0481  2.462e-12  1.000e-12  4.062e+01    10.6313    10.5941    -0.0372     8.3645     8.3373     76.288     77.978      0.293    1444.35    1444.15  0.000e+00
       7461     77.500     5.8270     5.7557    -0.0713    1.15317    1.14618          1     0.2400     0.1094       9.97     0.0474  2.462e-12  1.000e-12  4.062e+01    10.6573    10.6099    -0.0474     8.3815     8.3484     76.783     78.483      0.242    1444.64    1444.28  0.000e+00
       7511     78.000     5.8517     5.7880    -0.0637    1.15613    1.14906          1     0.2064     0.0913       9.97     0.0475  2.462e-12  1.000e-12  4.062e+01    10.6790    10.6284    -0.0506     8.3971     8.3611     77.279     78.988      0.253    1444.78    1444.44  0.000e+00
       7554     78.500     5.8597     5.8133    -0.0464    1.15841    1.15200          1     0.1648     0.1225       9.74     0.0486  2.462e-12  1.000e-12  4.062e+01    10.6990    10.6497    -0.0493     8.4124     8.3763     77.774     79.493      0.297    1444.85    1444.59  0.000e+00
       7598     79.000     5.8926     5.8325    -0.0601    1.16207    1.15445          1     0.1449     0.0980       9.24     0.0487  2.462e-12  1.000e-12  4.062e+01    10.7251    10.6681    -0.0570     8.4309     8.3897     78.269     79.998      0.242    1445.03    1444.70  0.000e+00
       7648     79.500     5.9550     5.8742    -0.0808    1.16895    1.15918          1     0.1315     0.0854       8.70     0.0488  2.462e-12  1.000e-12  4.062e+01    10.7737    10.7020    -0.0717     8.4653     8.4138     78.764     80.503      0.258    1445.36    1444.93  0.000e+00
       7694     80.000     5.9949     5.9132    -0.0817    1.17549    1.16380          1     0.1156     0.0821       8.18     0.0512  2.462e-12  1.000e-12  4.062e+01    10.8260    10.7356    -0.0904     8.5040     8.4379     79.260     81.008      0.258    1445.61    1445.15  0.000e+00
       7738     80.500     6.0289     5.9526    -0.0763    1.18156    1.16955          1     0.1038     0.0807       7.64     0.0513  2.462e-12  1.000e-12  4.062e+01    10.8755    10.7803    -0.0952     8.5408     8.4706     79.755     81.513      0.285    1445.82    1445.38  0.000e+00
       7782     81.000     6.0717     5.9842    -0.0874    1.18830    1.17418          1     0.0963     0.0818       7.44     0.0511  2.462e-12  1.000e-12  4.062e+01    10.9287    10.8163    -0.1124     8.5799     8.4970     80.250     82.018      0.266    1446.08    1445.57  0.000e+00
       7826     81.500     6.1375     6.0307    -0.1069    1.19481    1.18128          1     0.0945     0.0780       7.25     0.0515  2.462e-12  1.000e-12  4.062e+01    10.9720    10.8719    -0.1001     8.6097     8.5378     80.746     82.523      0.288    1446.42    1445.84  0.000e+00
       7868     82.000     6.1621     6.0704    -0.0917    1.19687    1.18644          1     0.0931     0.0760       7.13     0.0521  2.462e-12  1.000e-12  4.062e+01    10.9844    10.9104    -0.0740     8.6177     8.5656     81.241     83.028      0.259    1446.55    1446.07  0.000e+00
       7917     82.500     6.1697     6.1138    -0.0559    1.19834    1.19113          1     0.0888     0.0721       5.86     0.0523  2.462e-12  1.000e-12  4.062e+01    10.9965    10.9429    -0.0536     8.6268     8.5883     81.736     83.533      0.259    1446.60    1446.30  0.000e+00
       7960     83.000     6.1723     6.1398    -0.0326    1.19930    1.19445          1     0.0865     0.0740       5.17     0.0525  2.462e-12  1.000e-12  4.062e+01    11.0050    10.9674    -0.0376     8.6333     8.6059     82.231     84.038      0.268    1446.63    1446.45  0.000e+00
       8011     83.500     6.1770     6.1494    -0.0276    1.20053    1.19594          1     0.0846     0.0711       5.61     0.0559  2.462e-12  1.000e-12  4.062e+01    11.0156    10.9790    -0.0366     8.6414     8.6144     82.727     84.543      0.228    1446.68    1446.51  0.000e+00
       8057     84.000     6.1856     6.1631    -0.0225    1.20200    1.19814          1     0.0822     0.0709       5.44     0.0516  2.462e-12  1.000e-12  4.062e+01    11.0273    10.9963    -0.0310     8.6500     8.6271     83.222     85.048      0.279    1446.73    1446.60  0.000e+00
       8104     84.500     6.1963     6.1717    -0.0246    1.20404    1.19948          1     0.0846     0.0673       4.40     0.0522  2.462e-12  1.000e-12  4.062e+01    11.0440    11.0068    -0.0372     8.6624     8.6348     83.717     85.553      0.256    1446.81    1446.66  0.000e+00
