ctdpy/tests/etc/all_smhi_bas_2018/SBE09_1044_20180131_0611_34_02_0037.cnv
* Sea-Bird SBE 9 Data File:
* FileName = C:\ctd\temp\2018\ME18D037.hex
* Software Version Seasave V 7.26.6.26
* Temperature SN = 5351
* Conductivity SN = 3941
* Number of Bytes Per Scan = 41
* Number of Voltage Words = 4
* Number of Scans Averaged by the Deck Unit = 1
* NMEA Latitude = 58 47.30 N
* NMEA Longitude = 019 05.73 E
* NMEA UTC (Time) = Jan 31 2018  06:11:31
* NMEA baud rate = 4800
** Station:  BY30
** Operator:  JKro
** Ship: MERI
** Average sound velocity: 1441.79 m/s
** True-depth calculation Wed, 31 Jan 2018 08:17:32 +0000
** CTD Python Module SMHI /ver 3-12/ feb 2012 
** LIMS Job: 20183402-0037
** Cruise: SMHI-01-2018
** Latitude [GG MM.mm N] :
** Longitude [GG MM.mm E]:
# nquan = 26
# nvalues = 363                         
# units = specified
# name 0 = scan: Scan Count
# name 1 = prDM: Pressure, Digiquartz [db]
# name 2 = t090C: Temperature [ITS-90, deg C]
# name 3 = t190C: Temperature, 2 [ITS-90, deg C]
# name 4 = T2-T190C: Temperature Difference, 2 - 1 [ITS-90, deg C]
# name 5 = c0S/m: Conductivity [S/m]
# name 6 = c1S/m: Conductivity, 2 [S/m]
# name 7 = pumps: Pump Status
# name 8 = sbeox0ML/L: Oxygen, SBE 43 [ml/l]
# name 9 = sbeox1ML/L: Oxygen, SBE 43, 2 [ml/l]
# name 10 = altM: Altimeter [m]
# name 11 = flECO-AFL: Chl-a Fluorescence, WET Labs ECO-AFL/FL [mg/m^3]
# name 12 = flECO-AFL1: Phycocyanin Fluorescence, WET Labs ECO-AFL/FL, 2 [mg/m^3]
# name 13 = par: PAR/Irradiance, Biospherical/Lico [µE/(cm^2*s)]
# name 14 = turbWETntu0: Turbidity, WET Labs ECO [NTU]
# name 15 = sal00: Salinity, Practical [PSU]
# name 16 = sal11: Salinity, Practical, 2 [PSU]
# name 17 = secS-priS: Salinity, Practical, Difference, 2 - 1 [PSU]
# name 18 = sigma-t00: Density [sigma-t, Kg/m^3 ]
# name 19 = sigma-t11: Density, 2 [sigma-t, Kg/m^3 ]
# name 20 = depSM: Depth [salt water, m], lat = 58.7883
# name 21 = depFM: Depth [true depth, m], lat = 58.7883
# name 22 = dz/dtM: Descent Rate [m/s], WS = 2
# name 23 = svCM: Sound Velocity [Chen-Millero, m/s]
# name 24 = svCM1: Sound Velocity, 2 [Chen-Millero, m/s]
# name 25 = flag: flag
# span 0 =       8105,      24982       
# span 1 =      0.500,    181.500       
# span 2 =     4.2383,     6.2042       
# span 3 =     4.2390,     6.2045       
# span 4 =    -0.0438,     0.0208       
# span 5 =   0.768398,   1.234800       
# span 6 =   0.768384,   1.234762       
# span 7 =          1,          1       
# span 8 =    0.00352,    8.22119       
# span 9 =    0.02081,    8.15645       
# span 10 =       2.49,      99.72      
# span 11 =     0.2382,     0.4153      
# span 12 =     0.2595,     0.4002      
# span 13 = -1.036e-05, 6.3207e-01      
# span 14 =     0.1481,     1.8192      
# span 15 =     7.2278,    11.3289      
# span 16 =     7.2276,    11.3283      
# span 17 =    -0.0105,     0.0077      
# span 18 =     5.7386,     8.8860      
# span 19 =     5.7382,     8.8855      
# span 20 =      0.495,    179.727      
# span 21 =      0.506,    183.484      
# span 22 =     -0.307,      0.507      
# span 23 =    1432.15,    1448.75      
# span 24 =    1432.15,    1448.75      
# span 25 = 0.0000e+00, 0.0000e+00      
# interval = decibars: 0.5              
# start_time = Jan 31 2018 06:11:32 [NMEA time, first data scan]
# bad_flag = -9.990e-29
*END*
[from data line 112]
      11919     56.500     4.7996     4.8001     0.0005    0.82283    0.82282          1     6.7378     6.7830      52.57     0.2613     0.3184  1.000e-12  0.1906000     7.6416     7.6414    -0.0002     6.0497     6.0495     55.965     57.216      0.483    1436.02    1436.02  0.000e+00
      11944     57.000     4.8024     4.8029     0.0005    0.82289    0.82287          1     6.7556     6.7737      96.42     0.2788     0.3031  1.000e-12  0.1788000     7.6415     7.6412    -0.0003     6.0495     6.0492     56.460     57.722      0.442    1436.04    1436.04  0.000e+00
      11975     57.500     4.8026     4.8032     0.0005    0.82290    0.82285          1     6.7734     6.7792      93.05     0.2641     0.3296  1.000e-12  0.1735000     7.6414     7.6408    -0.0006     6.0494     6.0489     56.955     58.228      0.345    1436.05    1436.05  0.000e+00
      12012     58.000     4.8031     4.8034     0.0003    0.82293    0.82286          1     6.7822     6.7658      98.91     0.2634     0.3548  1.000e-12  0.1768000     7.6416     7.6408    -0.0008     6.0495     6.0489     57.451     58.734      0.350    1436.05    1436.06  0.000e+00
      12043     58.500     4.8040     4.8046     0.0006    0.82303    0.82302          1     6.7921     6.7605      98.72     0.2598     0.3248  1.000e-12  0.1800000     7.6424     7.6420    -0.0003     6.0501     6.0498     57.946     59.240      0.435    1436.07    1436.07  0.000e+00
      12069     59.000     4.8069     4.8080     0.0011    0.82369    0.82380          1     6.7597     6.7462      98.72     0.2598     0.3731  1.000e-12  0.1736000     7.6482     7.6490     0.0008     6.0546     6.0552     58.441     59.747      0.469    1436.10    1436.10  0.000e+00
      12094     59.500     4.8191     4.8191     0.0001    0.82631    0.82623          1     6.6972     6.7074      98.72     0.2705     0.3022  1.000e-12  0.1728000     7.6715     7.6706    -0.0008     6.0726     6.0719     58.936     60.253      0.455    1436.19    1436.19  0.000e+00
      12122     60.000     4.8236     4.8236    -0.0000    0.82716    0.82705          1     6.6443     6.6514      98.72     0.2598     0.3297  1.000e-12  0.1760000     7.6788     7.6777    -0.0011     6.0782     6.0774     59.431     60.759      0.391    1436.23    1436.22  0.000e+00
      12156     60.500     4.8421     4.8407    -0.0014    0.83007    0.82969          1     6.5619     6.5814      98.72     0.2596     0.3082  1.000e-12  0.1767000     7.7034     7.7000    -0.0034     6.0970     6.0944     59.927     61.265      0.346    1436.35    1436.34  0.000e+00
      12189     61.000     4.8669     4.8671     0.0001    0.83373    0.83365          1     6.4500     6.4877      98.73     0.2681     0.3147  1.000e-12  0.1988000     7.7341     7.7333    -0.0008     6.1204     6.1198     60.422     61.771      0.418    1436.50    1436.50  0.000e+00
      12215     61.500     4.8835     4.8836     0.0000    0.83575    0.83568          1     6.3800     6.4112      98.72     0.2637     0.3103  1.000e-12  0.1943000     7.7504     7.7497    -0.0007     6.1326     6.1321     60.917     62.278      0.472    1436.60    1436.60  0.000e+00
      12241     62.000     4.8894     4.8893    -0.0001    0.83651    0.83638          1     6.3424     6.3667      98.72     0.2688     0.3358  1.000e-12  0.1905000     7.7565     7.7552    -0.0013     6.1373     6.1362     61.412     62.784      0.442    1436.65    1436.64  0.000e+00
      12270     62.500     4.8986     4.8991     0.0004    0.83776    0.83776          1     6.2950     6.3295      98.72     0.2522     0.3348  1.000e-12  0.1809000     7.7668     7.7666    -0.0002     6.1450     6.1449     61.907     63.290      0.397    1436.71    1436.71  0.000e+00
      12301     63.000     4.9774     4.9713    -0.0061    0.85077    0.84957          1     6.0101     6.0787      98.73     0.2643     0.3078  1.000e-12  0.1707000     7.8778     7.8673    -0.0105     6.2297     6.2217     62.403     63.796      0.372    1437.20    1437.16  0.000e+00
      12334     63.500     5.0190     5.0217     0.0027    0.85796    0.85823          1     5.6921     5.8075      98.73     0.2741     0.2870  1.000e-12  0.1806000     7.9394     7.9414     0.0021     6.2768     6.2783     62.898     64.302      0.381    1437.47    1437.49  0.000e+00
      12363     64.000     5.0388     5.0387    -0.0001    0.86152    0.86144          1     5.5720     5.6885      98.72     0.2720     0.2650  1.000e-12  0.1818000     7.9700     7.9692    -0.0008     6.3002     6.2996     63.393     64.808      0.439    1437.61    1437.61  0.000e+00
      12389     64.500     5.0754     5.0746    -0.0008    0.86828    0.86809          1     5.3998     5.5356      98.73     0.2632     0.3176  1.000e-12  0.1917000     8.0284     8.0267    -0.0018     6.3449     6.3435     63.888     65.314      0.471    1437.85    1437.85  0.000e+00
      12415     65.000     5.1311     5.1318     0.0008    0.87869    0.87866          1     5.1726     5.3326      98.73     0.2617     0.3193  1.000e-12  0.2041000     8.1184     8.1179    -0.0005     6.4137     6.4132     64.383     65.820      0.442    1438.22    1438.22  0.000e+00
      12445     65.500     5.1468     5.1476     0.0008    0.88154    0.88143          1     5.0481     5.1944      98.73     0.2803     0.3168  1.000e-12  0.2054000     8.1428     8.1415    -0.0013     6.4323     6.4312     64.879     66.326      0.370    1438.32    1438.33  0.000e+00
      12480     66.000     5.1746     5.1744    -0.0002    0.88645    0.88607          1     4.9580     5.0731      64.10     0.2823     0.2997  1.000e-12  0.2058000     8.1847     8.1810    -0.0037     6.4642     6.4613     65.374     66.832      0.346    1438.51    1438.50  0.000e+00
      12511     66.500     5.1924     5.1915    -0.0009    0.89045    0.89018          1     4.8564     4.9642      99.72     0.2673     0.3266  1.000e-12  0.2002000     8.2200     8.2176    -0.0025     6.4913     6.4894     65.869     67.338      0.431    1438.64    1438.63  0.000e+00
      12537     67.000     5.2099     5.2114     0.0016    0.89368    0.89379          1     4.7844     4.8816      98.72     0.2603     0.3168  1.000e-12  0.2164000     8.2478     8.2484     0.0006     6.5125     6.5129     66.364     67.844      0.497    1438.76    1438.76  0.000e+00
      12560     67.500     5.2314     5.2312    -0.0002    0.89747    0.89729          1     4.6908     4.7709      98.73     0.2603     0.3093  1.000e-12  0.2045000     8.2800     8.2783    -0.0017     6.5370     6.5356     66.859     68.350      0.483    1438.90    1438.90  0.000e+00
      12588     68.000     5.2604     5.2601    -0.0002    0.90334    0.90310          1     4.5527     4.6742      98.70     0.2603     0.3022  1.000e-12  0.2071000     8.3310     8.3287    -0.0023     6.5759     6.5741     67.354     68.856      0.379    1439.10    1439.09  0.000e+00
      12625     68.500     5.2788     5.2800     0.0012    0.90666    0.90661          1     4.4268     4.5227       5.40     0.2688     0.2978  1.000e-12  0.1986000     8.3593     8.3585    -0.0008     6.5975     6.5968     67.850     69.362      0.318    1439.22    1439.23  0.000e+00
      12659     69.000     5.3103     5.3112     0.0009    0.91324    0.91315          1     4.2742     4.3941       6.25     0.2709     0.3176  1.000e-12  0.1996000     8.4166     8.4155    -0.0012     6.6413     6.6404     68.345     69.868      0.424    1439.44    1439.44  0.000e+00
      12684     69.500     5.3448     5.3446    -0.0001    0.91947    0.91939          1     4.0963     4.2255       5.85     0.2602     0.2994  1.000e-12  0.2110000     8.4696     8.4689    -0.0007     6.6816     6.6810     68.840     70.374      0.500    1439.67    1439.67  0.000e+00
      12707     70.000     5.3851     5.3853     0.0002    0.92695    0.92687          1     3.8989     4.0439       5.37     0.2603     0.3256  1.000e-12  0.2214000     8.5335     8.5327    -0.0009     6.7301     6.7294     69.335     70.880      0.500    1439.93    1439.93  0.000e+00
      12733     70.500     5.4094     5.4098     0.0003    0.93341    0.93331          1     3.6987     3.8603       4.85     0.2666     0.3101  1.000e-12  0.2107000     8.5912     8.5901    -0.0011     6.7745     6.7736     69.830     71.386      0.410    1440.12    1440.12  0.000e+00
      12768     71.000     5.4234     5.4240     0.0007    0.93821    0.93820          1     3.5361     3.6910      89.55     0.2861     0.2959  1.000e-12  0.2119000     8.6351     8.6349    -0.0002     6.8085     6.8083     70.325     71.892      0.319    1440.24    1440.24  0.000e+00
      12805     71.500     5.4337     5.4341     0.0004    0.94233    0.94227          1     3.4415     3.5697      99.01     0.2740     0.3318  1.000e-12  0.2096000     8.6733     8.6726    -0.0007     6.8381     6.8376     70.821     72.397      0.387    1440.34    1440.34  0.000e+00
      12831     72.000     5.4454     5.4456     0.0002    0.94674    0.94667          1     3.2359     3.3804      98.72     0.2784     0.3050  1.000e-12  0.2333000     8.7139     8.7131    -0.0008     6.8696     6.8689     71.316     72.903      0.497    1440.45    1440.45  0.000e+00
      12854     72.500     5.5128     5.5114    -0.0014    0.96845    0.96823          1     2.7752     2.9914      98.72     0.2700     0.3118  1.000e-12  0.2252000     8.9114     8.9095    -0.0018     7.0221     7.0207     71.811     73.409      0.500    1441.00    1440.99  0.000e+00
      12881     73.000     5.5517     5.5520     0.0002    0.97761    0.97753          1     2.3705     2.6246      75.66     0.2792     0.2820  1.000e-12  0.2321000     8.9916     8.9908    -0.0008     7.0835     7.0828     72.306     73.915      0.404    1441.28    1441.28  0.000e+00
      12915     73.500     5.5787     5.5767    -0.0020    0.98151    0.98133          1     2.2212     2.4623      98.64     0.2777     0.3182  1.000e-12  0.2258000     9.0230     9.0218    -0.0012     7.1068     7.1059     72.801     74.420      0.351    1441.44    1441.43  0.000e+00
      12946     74.000     5.7284     5.7244    -0.0040    1.00394    1.00348          1     1.8965     2.1570      98.73     0.2962     0.3122  1.000e-12  0.2367000     9.2043     9.2009    -0.0035     7.2418     7.2393     73.296     74.926      0.410    1442.33    1442.31  0.000e+00
      12974     74.500     5.7450     5.7453     0.0002    1.02749    1.02744          1     1.4291     1.7311      98.72     0.2908     0.3024  1.000e-12  0.2628000     9.4327     9.4321    -0.0006     7.4210     7.4205     73.791     75.432      0.431    1442.70    1442.70  0.000e+00
      13002     75.000     5.7496     5.7507     0.0011    1.03437    1.03456          1     1.2255     1.5010      98.72     0.2925     0.3247  1.000e-12  0.2755000     9.4994     9.5010     0.0016     7.4733     7.4745     74.287     75.937      0.424    1442.81    1442.81  0.000e+00
      13031     75.500     5.7541     5.7545     0.0004    1.03562    1.03560          1     1.2436     1.4622      98.73     0.2996     0.2943  1.000e-12  0.2845000     9.5105     9.5102    -0.0003     7.4818     7.4815     74.782     76.443      0.425    1442.85    1442.85  0.000e+00
      13059     76.000     5.7498     5.7504     0.0006    1.03799    1.03781          1     1.2437     1.4095      98.73     0.3038     0.2853  1.000e-12  0.2908000     9.5351     9.5331    -0.0020     7.5015     7.4999     75.277     76.948      0.401    1442.87    1442.87  0.000e+00
      13090     76.500     5.7225     5.7240     0.0015    1.04706    1.04666          1     1.0538     1.2176      98.73     0.2762     0.2851  1.000e-12  0.2934000     9.6327     9.6282    -0.0045     7.5799     7.5764     75.772     77.453      0.398    1442.88    1442.88  0.000e+00
      13119     77.000     5.7210     5.7218     0.0009    1.05466    1.05468          1     0.8804     1.0627      98.73     0.3086     0.3296  1.000e-12  0.3255000     9.7085     9.7084    -0.0000     7.6398     7.6397     76.267     77.959      0.433    1442.98    1442.98  0.000e+00
      13147     77.500     5.7421     5.7425     0.0004    1.05832    1.05826          1     0.8487     0.9951      98.73     0.3211     0.2769  1.000e-12  0.3424000     9.7387     9.7380    -0.0007     7.6624     7.6618     76.762     78.464      0.420    1443.12    1443.12  0.000e+00
      13177     78.000     5.7335     5.7345     0.0009    1.06202    1.06175          1     0.8088     0.9415      98.72     0.3151     0.3027  1.000e-12  0.3322000     9.7778     9.7748    -0.0030     7.6937     7.6913     77.258     78.970      0.386    1443.14    1443.14  0.000e+00
      13208     78.500     5.7143     5.7156     0.0013    1.06368    1.06363          1     0.7486     0.8743      98.73     0.3168     0.2686  1.000e-12  0.3327000     9.7998     9.7989    -0.0009     7.7122     7.7114     77.753     79.475      0.397    1443.09    1443.10  0.000e+00
      13237     79.000     5.7071     5.7076     0.0006    1.06356    1.06353          1     0.7367     0.8354      98.73     0.3214     0.3128  1.000e-12  0.3412000     9.8006     9.8002    -0.0004     7.7132     7.7128     78.248     79.980      0.426    1443.07    1443.07  0.000e+00
      13265     79.500     5.7039     5.7048     0.0009    1.06354    1.06360          1     0.7395     0.8348      98.73     0.2994     0.3007  1.000e-12  0.3286000     9.8013     9.8015     0.0003     7.7139     7.7141     78.743     80.486      0.429    1443.06    1443.07  0.000e+00
      13293     80.000     5.7040     5.7042     0.0003    1.06438    1.06438          1     0.7391     0.8137      98.73     0.2982     0.2852  1.000e-12  0.3411000     9.8095     9.8094    -0.0001     7.7204     7.7203     79.238     80.991      0.416    1443.08    1443.08  0.000e+00
      13322     80.500     5.7159     5.7166     0.0008    1.06890    1.06895          1     0.7065     0.7797      98.73     0.3159     0.2832  1.000e-12  0.3916000     9.8508     9.8512     0.0003     7.7523     7.7526     79.733     81.497      0.399    1443.19    1443.20  0.000e+00
      13354     81.000     5.7362     5.7364     0.0002    1.07613    1.07602          1     0.6399     0.7174      98.73     0.2968     0.2865  1.000e-12  0.3720000     9.9167     9.9156    -0.0011     7.8031     7.8022     80.228     82.002      0.376    1443.37    1443.37  0.000e+00
      13385     81.500     5.7479     5.7484     0.0005    1.08504    1.08498          1     0.5341     0.6187      98.73     0.3044     0.3078  1.000e-12  0.3644000    10.0018    10.0010    -0.0008     7.8696     7.8689     80.724     82.507      0.402    1443.54    1443.54  0.000e+00
      13413     82.000     5.7471     5.7477     0.0006    1.08685    1.08676          1     0.4645     0.5546      98.73     0.3005     0.3430  1.000e-12  0.3969000    10.0200    10.0189    -0.0011     7.8839     7.8830     81.219     83.012      0.434    1443.57    1443.57  0.000e+00
      13442     82.500     5.7310     5.7317     0.0007    1.09038    1.09031          1     0.3745     0.4685      72.66     0.3160     0.3063  1.000e-12  0.3959000    10.0598    10.0589    -0.0009     7.9162     7.9154     81.714     83.518      0.407    1443.55    1443.56  0.000e+00
      13472     83.000     5.7186     5.7191     0.0005    1.09253    1.09247          1     0.2915     0.3900      95.10     0.3225     0.2775  1.000e-12  0.4063000    10.0849    10.0841    -0.0007     7.9367     7.9361     82.209     84.023      0.394    1443.54    1443.54  0.000e+00
      13502     83.500     5.7240     5.7247     0.0006    1.09467    1.09461          1     0.2698     0.3620      98.70     0.3241     0.2957  1.000e-12  0.4387000    10.1044    10.1036    -0.0009     7.9518     7.9511     82.704     84.528      0.399    1443.60    1443.60  0.000e+00
