ctdpy/tests/etc/all_smhi_bas_2018/SBE09_1044_20180202_2018_34_02_0047.cnv
* Sea-Bird SBE 9 Data File:
* FileName = C:\ctd\temp\2018\ME18D047.hex
* Software Version Seasave V 7.26.6.26
* Temperature SN = 5351
* Conductivity SN = 3941
* Number of Bytes Per Scan = 41
* Number of Voltage Words = 4
* Number of Scans Averaged by the Deck Unit = 1
* NMEA Latitude = 56 40.11 N
* NMEA Longitude = 012 06.65 E
* NMEA UTC (Time) = Feb 02 2018  20:18:57
* NMEA baud rate = 4800
** Station:  Anholt E
** Operator:  JKro
** Ship: MERI
** Average sound velocity: 1466.62 m/s
** True-depth calculation Fri, 02 Feb 2018 21:29:25 +0000
** CTD Python Module SMHI /ver 3-12/ feb 2012 
** LIMS Job: 20183402-0047
** Cruise: SMHI-01-2018
** Latitude [GG MM.mm N] :
** Longitude [GG MM.mm E]:
# nquan = 26
# nvalues = 114                         
# units = specified
# name 0 = scan: Scan Count
# name 1 = prDM: Pressure, Digiquartz [db]
# name 2 = t090C: Temperature [ITS-90, deg C]
# name 3 = t190C: Temperature, 2 [ITS-90, deg C]
# name 4 = T2-T190C: Temperature Difference, 2 - 1 [ITS-90, deg C]
# name 5 = c0S/m: Conductivity [S/m]
# name 6 = c1S/m: Conductivity, 2 [S/m]
# name 7 = pumps: Pump Status
# name 8 = sbeox0ML/L: Oxygen, SBE 43 [ml/l]
# name 9 = sbeox1ML/L: Oxygen, SBE 43, 2 [ml/l]
# name 10 = altM: Altimeter [m]
# name 11 = flECO-AFL: Chl-a Fluorescence, WET Labs ECO-AFL/FL [mg/m^3]
# name 12 = flECO-AFL1: Phycocyanin Fluorescence, WET Labs ECO-AFL/FL, 2 [mg/m^3]
# name 13 = par: PAR/Irradiance, Biospherical/Lico [µE/(cm^2*s)]
# name 14 = turbWETntu0: Turbidity, WET Labs ECO [NTU]
# name 15 = sal00: Salinity, Practical [PSU]
# name 16 = sal11: Salinity, Practical, 2 [PSU]
# name 17 = secS-priS: Salinity, Practical, Difference, 2 - 1 [PSU]
# name 18 = sigma-t00: Density [sigma-t, Kg/m^3 ]
# name 19 = sigma-t11: Density, 2 [sigma-t, Kg/m^3 ]
# name 20 = depSM: Depth [salt water, m], lat = 56.6685
# name 21 = depFM: Depth [true depth, m], lat = 56.6685
# name 22 = dz/dtM: Descent Rate [m/s], WS = 2
# name 23 = svCM: Sound Velocity [Chen-Millero, m/s]
# name 24 = svCM1: Sound Velocity, 2 [Chen-Millero, m/s]
# name 25 = flag: flag
# span 0 =      14985,      18614       
# span 1 =      1.000,     57.500       
# span 2 =     3.3337,     7.1988       
# span 3 =     3.3339,     7.1999       
# span 4 =    -0.0091,     0.0098       
# span 5 =   1.799353,   3.407165       
# span 6 =   1.799803,   3.407259       
# span 7 =          1,          1       
# span 8 =    5.92978,    7.89369       
# span 9 =    5.94480,    7.87302       
# span 10 =       3.48,      99.34      
# span 11 =     0.1514,     1.1830      
# span 12 =     0.2672,     0.4855      
# span 13 = -2.890e-07, 7.2509e-01      
# span 14 =     0.3575,     1.9656      
# span 15 =    18.6384,    33.4872      
# span 16 =    18.6398,    33.4886      
# span 17 =    -0.0153,     0.0333      
# span 18 =    14.8329,    26.2057      
# span 19 =    14.8339,    26.2068      
# span 20 =      0.991,     56.966      
# span 21 =      1.004,     57.282      
# span 22 =     -0.054,      0.529      
# span 23 =    1442.73,    1478.31      
# span 24 =    1442.76,    1478.31      
# span 25 = 0.0000e+00, 0.0000e+00      
# interval = decibars: 0.5              
# start_time = Feb 02 2018 20:18:57 [NMEA time, first data scan]
# bad_flag = -9.990e-29
*END*
[from data line 56]
      16712     29.000     6.8800     6.8795    -0.0005    3.31255    3.31259          1     6.0973     6.0785      32.31     0.1942     0.3145  1.000e-12  1.0451000    32.7302    32.7311     0.0009    25.6471    25.6478     28.732     28.988      0.383    1475.82    1475.83  0.000e+00
      16742     29.500     6.8706     6.8710     0.0004    3.31211    3.31220          1     6.1149     6.0838      31.89     0.1813     0.3257  1.000e-12  1.0801000    32.7341    32.7348     0.0006    25.6514    25.6519     29.228     29.485      0.441    1475.80    1475.80  0.000e+00
      16767     30.000     6.8656     6.8649    -0.0007    3.31186    3.31188          1     6.1128     6.0908      31.38     0.1846     0.4008  1.000e-12  1.0620000    32.7359    32.7367     0.0008    25.6535    25.6542     29.723     29.981      0.459    1475.79    1475.79  0.000e+00
      16795     30.500     6.8686     6.8677    -0.0009    3.31245    3.31244          1     6.0993     6.0855      30.79     0.1969     0.3250  1.000e-12  0.9988000    32.7393    32.7400     0.0007    25.6558    25.6564     30.219     30.478      0.387    1475.82    1475.81  0.000e+00
      16832     31.000     6.8614     6.8612    -0.0002    3.31195    3.31204          1     6.1009     6.0800      30.31     0.1955     0.3146  1.000e-12  1.0172000    32.7404    32.7416     0.0012    25.6576    25.6586     30.714     30.974      0.315    1475.80    1475.80  0.000e+00
      16866     31.500     6.8741     6.8709    -0.0032    3.31398    3.31370          1     6.0976     6.0796      29.82     0.1801     0.3176  1.000e-12  1.0098000    32.7502    32.7503     0.0001    25.6636    25.6641     31.209     31.471      0.414    1475.87    1475.85  0.000e+00
      16892     32.000     6.9138     6.9147     0.0009    3.31922    3.31941          1     6.0816     6.0475      29.44     0.1540     0.3426  1.000e-12  1.0733000    32.7696    32.7708     0.0012    25.6736    25.6745     31.705     31.967      0.481    1476.06    1476.06  0.000e+00
      16917     32.500     6.9196     6.9192    -0.0005    3.32002    3.32006          1     6.0771     6.0365      29.01     0.1555     0.3372  1.000e-12  1.0792000    32.7726    32.7734     0.0008    25.6752    25.6759     32.200     32.464      0.490    1476.09    1476.09  0.000e+00
      16942     33.000     6.9207     6.9207    -0.0001    3.32068    3.32071          1     6.0758     6.0463      28.40     0.1624     0.3215  1.000e-12  1.0985000    32.7786    32.7789     0.0004    25.6797    25.6801     32.695     32.961      0.422    1476.11    1476.11  0.000e+00
      16978     33.500     6.9214     6.9215     0.0001    3.32222    3.32237          1     6.0540     6.0575      27.71     0.1731     0.2672  1.000e-12  1.1621000    32.7945    32.7961     0.0016    25.6922    25.6934     33.191     33.457      0.297    1476.14    1476.14  0.000e+00
      17017     34.000     6.9262     6.9277     0.0014    3.32384    3.32493          1     6.0620     6.0467      27.16     0.1752     0.3377  1.000e-12  1.1775000    32.8074    32.8180     0.0105    25.7018    25.7099     33.686     33.954      0.372    1476.18    1476.20  0.000e+00
      17044     34.500     6.9283     6.9272    -0.0011    3.32769    3.32788          1     6.0819     6.0573      26.73     0.1672     0.3148  1.000e-12  1.1829000    32.8474    32.8505     0.0031    25.7329    25.7355     34.181     34.450      0.486    1476.25    1476.25  0.000e+00
      17068     35.000     6.9189     6.9179    -0.0011    3.33048    3.33065          1     6.0878     6.0702      26.26     0.1705     0.3161  1.000e-12  1.0884000    32.8866    32.8895     0.0028    25.7651    25.7675     34.677     34.947      0.506    1476.27    1476.27  0.000e+00
      17093     35.500     6.9114     6.9111    -0.0003    3.33101    3.33111          1     6.0956     6.0801      25.75     0.1685     0.3285  1.000e-12  1.0545000    32.8993    32.9008     0.0014    25.7761    25.7773     35.172     35.443      0.440    1476.27    1476.27  0.000e+00
      17125     36.000     6.9125     6.9129     0.0004    3.33167    3.33194          1     6.1035     6.0883      25.23     0.1633     0.3545  1.000e-12  1.0437000    32.9053    32.9078     0.0026    25.7806    25.7826     35.667     35.939      0.336    1476.29    1476.29  0.000e+00
      17162     36.500     6.9188     6.9187    -0.0001    3.33313    3.33331          1     6.0944     6.0861      24.72     0.1839     0.3333  1.000e-12  1.0338000    32.9150    32.9171     0.0020    25.7875    25.7891     36.163     36.436      0.346    1476.33    1476.33  0.000e+00
      17194     37.000     6.9219     6.9215    -0.0003    3.33394    3.33397          1     6.0824     6.0830      24.27     0.1651     0.3289  1.000e-12  1.0442000    32.9207    32.9214     0.0007    25.7915    25.7921     36.658     36.932      0.410    1476.36    1476.36  0.000e+00
      17221     37.500     6.9257     6.9251    -0.0006    3.33549    3.33543          1     6.0871     6.0762      23.80     0.1659     0.3003  1.000e-12  1.0410000    32.9338    32.9338    -0.0001    25.8014    25.8014     37.153     37.429      0.469    1476.40    1476.40  0.000e+00
      17246     38.000     6.9248     6.9246    -0.0002    3.33710    3.33720          1     6.1079     6.0794      23.27     0.1684     0.3299  1.000e-12  1.0647000    32.9521    32.9533     0.0012    25.8159    25.8169     37.649     37.925      0.462    1476.42    1476.43  0.000e+00
      17274     38.500     6.9288     6.9275    -0.0013    3.34053    3.34026          1     6.1036     6.0739      22.73     0.1638     0.3237  1.000e-12  1.0513000    32.9855    32.9838    -0.0016    25.8416    25.8405     38.144     38.422      0.380    1476.49    1476.48  0.000e+00
      17309     39.000     6.9401     6.9382    -0.0019    3.34650    3.34660          1     6.0947     6.0695      22.16     0.1803     0.3409  1.000e-12  1.0293000    33.0398    33.0427     0.0029    25.8829    25.8854     38.639     38.918      0.336    1476.61    1476.61  0.000e+00
      17343     39.500     6.9688     6.9688    -0.0000    3.35302    3.35310          1     6.0808     6.0718      21.74     0.1721     0.3194  1.000e-12  0.9840000    33.0833    33.0843     0.0010    25.9133    25.9141     39.135     39.415      0.405    1476.78    1476.79  0.000e+00
      17370     40.000     7.0118     7.0123     0.0005    3.35837    3.35853          1     6.0458     6.0498      21.26     0.1821     0.2909  1.000e-12  0.9873000    33.1003    33.1017     0.0013    25.9209    25.9219     39.630     39.911      0.431    1476.98    1476.99  0.000e+00
      17399     40.500     7.0315     7.0285    -0.0029    3.36068    3.36057          1     6.0235     6.0412      20.74     0.1753     0.3001  1.000e-12  1.0437000    33.1064    33.1081     0.0017    25.9231    25.9248     40.125     40.407      0.400    1477.07    1477.07  0.000e+00
      17430     41.000     7.0818     7.0799    -0.0019    3.36679    3.36681          1     6.0064     6.0083      20.21     0.1602     0.3305  1.000e-12  1.1284000    33.1246    33.1267     0.0021    25.9305    25.9325     40.621     40.904      0.409    1477.30    1477.30  0.000e+00
      17458     41.500     7.1051     7.1049    -0.0003    3.37064    3.37076          1     5.9953     5.9898      19.81     0.1605     0.3237  1.000e-12  1.2548000    33.1440    33.1455     0.0016    25.9426    25.9439     41.116     41.400      0.417    1477.42    1477.42  0.000e+00
      17489     42.000     7.1154     7.1153    -0.0002    3.37292    3.37299          1     5.9868     5.9783      19.28     0.1534     0.3242  1.000e-12  1.2883000    33.1587    33.1596     0.0009    25.9528    25.9535     41.611     41.897      0.352    1477.49    1477.49  0.000e+00
      17525     42.500     7.1191     7.1185    -0.0005    3.37377    3.37378          1     5.9896     5.9717      18.70     0.1633     0.3249  1.000e-12  1.2768000    33.1643    33.1648     0.0005    25.9567    25.9572     42.107     42.393      0.358    1477.52    1477.52  0.000e+00
      17555     43.000     7.1204     7.1202    -0.0002    3.37451    3.37453          1     5.9977     5.9829      18.25     0.1684     0.3316  1.000e-12  1.3316000    33.1707    33.1712     0.0005    25.9616    25.9620     42.602     42.889      0.429    1477.54    1477.54  0.000e+00
      17581     43.500     7.1296     7.1282    -0.0014    3.37654    3.37647          1     6.0100     5.9802      17.79     0.1584     0.3296  1.000e-12  1.3314000    33.1839    33.1844     0.0005    25.9707    25.9713     43.097     43.386      0.465    1477.60    1477.60  0.000e+00
      17608     44.000     7.1311     7.1316     0.0005    3.37693    3.37712          1     6.0050     5.9711      17.30     0.1608     0.3185  1.000e-12  1.3243000    33.1863    33.1879     0.0016    25.9724    25.9736     43.592     43.882      0.416    1477.62    1477.62  0.000e+00
      17645     44.500     7.1331     7.1323    -0.0008    3.37733    3.37727          1     5.9876     5.9770      16.69     0.1667     0.3170  1.000e-12  1.3166000    33.1886    33.1887     0.0001    25.9739    25.9741     44.088     44.378      0.281    1477.64    1477.63  0.000e+00
      17685     45.000     7.1390     7.1386    -0.0004    3.37832    3.37840          1     5.9782     5.9794      16.22     0.1514     0.2992  1.000e-12  1.3427000    33.1934    33.1947     0.0013    25.9769    25.9780     44.583     44.875      0.404    1477.67    1477.67  0.000e+00
      17709     45.500     7.1484     7.1469    -0.0015    3.37977    3.37971          1     5.9776     5.9766      15.81     0.1680     0.3040  1.000e-12  1.4124000    33.2001    33.2008     0.0007    25.9809    25.9816     45.078     45.371      0.529    1477.73    1477.72  0.000e+00
      17731     46.000     7.1673     7.1600    -0.0073    3.38317    3.38197          1     5.9770     5.9649      15.33     0.1687     0.3217  1.000e-12  1.4210000    33.2186    33.2125    -0.0061    25.9929    25.9891     45.574     45.868      0.500    1477.83    1477.79  0.000e+00
      17762     46.500     7.1947     7.1918    -0.0029    3.39036    3.38946          1     5.9542     5.9542      14.72     0.1790     0.3165  1.000e-12  1.5309000    33.2703    33.2634    -0.0070    26.0298    26.0247     46.069     46.364      0.314    1478.01    1477.99  0.000e+00
      17808     47.000     7.1988     7.1999     0.0010    3.39452    3.39321          1     5.9298     5.9550      14.15     0.1748     0.2707  1.000e-12  1.7651000    33.3114    33.2962    -0.0153    26.0616    26.0494     46.564     46.860      0.305    1478.08    1478.07  0.000e+00
      17838     47.500     7.1958     7.1963     0.0005    3.39695    3.39696          1     5.9621     5.9507      13.72     0.1748     0.2920  1.000e-12  1.7473000    33.3406    33.3403    -0.0004    26.0850    26.0846     47.060     47.357      0.451    1478.12    1478.12  0.000e+00
      17863     48.000     7.1966     7.1964    -0.0002    3.39765    3.39798          1     5.9749     5.9510      13.30     0.1838     0.3064  1.000e-12  1.8045000    33.3473    33.3510     0.0038    26.0901    26.0931     47.555     47.853      0.480    1478.14    1478.14  0.000e+00
      17889     48.500     7.1905     7.1912     0.0007    3.40025    3.40030          1     5.9745     5.9448      12.81     0.1635     0.3127  1.000e-12  1.8096000    33.3812    33.3810    -0.0001    26.1176    26.1174     48.050     48.349      0.418    1478.17    1478.17  0.000e+00
      17923     49.000     7.1848     7.1854     0.0006    3.40384    3.40389          1     5.9823     5.9599      12.24     0.1547     0.2972  1.000e-12  1.8284000    33.4256    33.4257     0.0000    26.1534    26.1534     48.546     48.846      0.314    1478.21    1478.21  0.000e+00
      17965     49.500     7.1783     7.1826     0.0042    3.40582    3.40583          1     5.9874     5.9789      11.70     0.1597     0.3383  1.000e-12  1.8447000    33.4532    33.4493    -0.0040    26.1760    26.1723     49.041     49.342      0.313    1478.23    1478.24  0.000e+00
      17996     50.000     7.1739     7.1736    -0.0003    3.40592    3.40611          1     5.9883     5.9829      11.30     0.1637     0.3741  1.000e-12  1.8628000    33.4583    33.4608     0.0025    26.1806    26.1826     49.536     49.838      0.459    1478.22    1478.22  0.000e+00
      18020     50.500     7.1682     7.1707     0.0025    3.40635    3.40631          1     5.9963     5.9863      10.84     0.1546     0.3126  1.000e-12  1.8629000    33.4684    33.4655    -0.0028    26.1893    26.1868     50.031     50.334      0.491    1478.22    1478.23  0.000e+00
      18047     51.000     7.1699     7.1698    -0.0002    3.40625    3.40638          1     5.9982     5.9736      10.25     0.1705     0.3168  1.000e-12  1.8525000    33.4653    33.4668     0.0015    26.1867    26.1879     50.527     50.831      0.377    1478.23    1478.23  0.000e+00
      18086     51.500     7.1638     7.1621    -0.0017    3.40657    3.40681          1     5.9982     5.9767       9.67     0.1633     0.3156  1.000e-12  1.8396000    33.4745    33.4788     0.0043    26.1948    26.1984     51.022     51.327      0.306    1478.23    1478.23  0.000e+00
      18120     52.000     7.1572     7.1568    -0.0003    3.40716    3.40726          1     6.0051     5.9861       9.29     0.1674     0.3200  1.000e-12  1.9206000    33.4872    33.4886     0.0014    26.2057    26.2068     51.517     51.823      0.421    1478.22    1478.23  0.000e+00
      18146     52.500     7.1571     7.1568    -0.0003    3.40694    3.40704          1     6.0081     5.9834       8.83     0.1729     0.3001  1.000e-12  1.8269000    33.4846    33.4860     0.0014    26.2036    26.2047     52.013     52.319      0.433    1478.23    1478.23  0.000e+00
      18177     53.000     7.1563     7.1563     0.0001    3.40684    3.40699          1     6.0016     5.9897       8.29     0.1755     0.2971  1.000e-12  1.8187000    33.4840    33.4856     0.0016    26.2032    26.2045     52.508     52.816      0.361    1478.24    1478.24  0.000e+00
      18211     53.500     7.1563     7.1562    -0.0001    3.40682    3.40691          1     6.0033     5.9810       7.77     0.1804     0.3058  1.000e-12  1.8643000    33.4835    33.4847     0.0012    26.2029    26.2039     53.003     53.312      0.371    1478.24    1478.24  0.000e+00
      18241     54.000     7.1563     7.1561    -0.0001    3.40681    3.40691          1     6.0048     5.9961       7.30     0.1708     0.3238  1.000e-12  1.8714000    33.4833    33.4845     0.0013    26.2027    26.2037     53.499     53.808      0.437    1478.25    1478.25  0.000e+00
      18268     54.500     7.1563     7.1561    -0.0001    3.40692    3.40700          1     5.9995     5.9873       6.82     0.1605     0.2895  1.000e-12  1.8624000    33.4842    33.4852     0.0010    26.2034    26.2042     53.994     54.305      0.426    1478.26    1478.26  0.000e+00
      18301     55.000     7.1567     7.1565    -0.0001    3.40693    3.40703          1     5.9962     5.9813       6.25     0.1706     0.3157  1.000e-12  1.8827000    33.4837    33.4849     0.0012    26.2030    26.2039     54.489     54.801      0.308    1478.27    1478.27  0.000e+00
      18343     55.500     7.1567     7.1565    -0.0001    3.40689    3.40703          1     5.9841     5.9843       5.71     0.1688     0.3308  1.000e-12  1.9094000    33.4830    33.4846     0.0016    26.2025    26.2037     54.984     55.297      0.340    1478.28    1478.28  0.000e+00
      18372     56.000     7.1568     7.1566    -0.0002    3.40691    3.40705          1     5.9836     5.9807       5.28     0.1750     0.3155  1.000e-12  1.9129000    33.4828    33.4845     0.0017    26.2023    26.2036     55.480     55.793      0.463    1478.28    1478.29  0.000e+00
