ctdpy/tests/etc/all_smhi_bas_2018/SBE09_1044_20180203_2209_34_02_0056.cnv
* Sea-Bird SBE 9 Data File:
* FileName = C:\ctd\temp\2018\ME18D056.hex
* Software Version Seasave V 7.26.6.26
* Temperature SN = 5351
* Conductivity SN = 3941
* Number of Bytes Per Scan = 41
* Number of Voltage Words = 4
* Number of Scans Averaged by the Deck Unit = 1
* NMEA Latitude = 58 16.04 N
* NMEA Longitude = 010 43.44 E
* NMEA UTC (Time) = Feb 03 2018  22:09:49
* NMEA baud rate = 4800
** Station:  A16
** Operator:  SSip
** Ship: MERI
** Average sound velocity: 1477.66 m/s
** True-depth calculation Sun, 04 Feb 2018 01:43:40 +0000
** CTD Python Module SMHI /ver 3-12/ feb 2012 
** LIMS Job: 20183402-0056
** Cruise: SMHI-01-2018
** Latitude [GG MM.mm N] :
** Longitude [GG MM.mm E]:
# nquan = 26
# nvalues = 398                         
# units = specified
# name 0 = scan: Scan Count
# name 1 = prDM: Pressure, Digiquartz [db]
# name 2 = t090C: Temperature [ITS-90, deg C]
# name 3 = t190C: Temperature, 2 [ITS-90, deg C]
# name 4 = T2-T190C: Temperature Difference, 2 - 1 [ITS-90, deg C]
# name 5 = c0S/m: Conductivity [S/m]
# name 6 = c1S/m: Conductivity, 2 [S/m]
# name 7 = pumps: Pump Status
# name 8 = sbeox0ML/L: Oxygen, SBE 43 [ml/l]
# name 9 = sbeox1ML/L: Oxygen, SBE 43, 2 [ml/l]
# name 10 = altM: Altimeter [m]
# name 11 = flECO-AFL: Chl-a Fluorescence, WET Labs ECO-AFL/FL [mg/m^3]
# name 12 = flECO-AFL1: Phycocyanin Fluorescence, WET Labs ECO-AFL/FL, 2 [mg/m^3]
# name 13 = par: PAR/Irradiance, Biospherical/Lico [µE/(cm^2*s)]
# name 14 = turbWETntu0: Turbidity, WET Labs ECO [NTU]
# name 15 = sal00: Salinity, Practical [PSU]
# name 16 = sal11: Salinity, Practical, 2 [PSU]
# name 17 = secS-priS: Salinity, Practical, Difference, 2 - 1 [PSU]
# name 18 = sigma-t00: Density [sigma-t, Kg/m^3 ]
# name 19 = sigma-t11: Density, 2 [sigma-t, Kg/m^3 ]
# name 20 = depSM: Depth [salt water, m], lat = 58.2673
# name 21 = depFM: Depth [true depth, m], lat = 58.2673
# name 22 = dz/dtM: Descent Rate [m/s], WS = 2
# name 23 = svCM: Sound Velocity [Chen-Millero, m/s]
# name 24 = svCM1: Sound Velocity, 2 [Chen-Millero, m/s]
# name 25 = flag: flag
# span 0 =       3533,      11442       
# span 1 =      1.500,    200.000       
# span 2 =     4.4074,     7.1306       
# span 3 =     4.4070,     7.1302       
# span 4 =    -0.1439,     0.0343       
# span 5 =   2.923300,   3.527743       
# span 6 =   2.923380,   3.527848       
# span 7 =          1,          1       
# span 8 =    6.05426,    7.00694       
# span 9 =    6.07067,    7.01260       
# span 10 =       1.46,     100.13      
# span 11 =     0.1031,     0.9325      
# span 12 =     0.2378,     0.4356      
# span 13 = -2.806e-05, 1.7245e-01      
# span 14 =     0.2398,     1.2129      
# span 15 =    30.6836,    34.9233      
# span 16 =    30.6851,    34.9246      
# span 17 =    -0.1361,     0.0448      
# span 18 =    24.3124,    27.4269      
# span 19 =    24.3134,    27.4279      
# span 20 =      1.486,    198.046      
# span 21 =      1.492,    198.340      
# span 22 =     -0.008,      1.289      
# span 23 =    1462.82,    1479.89      
# span 24 =    1462.82,    1479.90      
# span 25 = 0.0000e+00, 0.0000e+00      
# interval = decibars: 0.5              
# start_time = Feb 03 2018 22:09:50 [NMEA time, first data scan]
# bad_flag = -9.990e-29
*END*
[from data line 279]
       8862    141.000     6.5825     6.5826     0.0002    3.48866    3.48879          1     6.3089     6.3325      97.46     0.1734     0.3205  1.000e-12  0.6474000    34.9134    34.9147     0.0013    27.4078    27.4088    139.643    139.850      0.409    1479.24    1479.24  0.000e+00
       8903    141.500     6.5821     6.5823     0.0001    3.48867    3.48880          1     6.3322     6.3376      93.43     0.1548     0.3195  1.000e-12  0.5759000    34.9135    34.9149     0.0014    27.4079    27.4090    140.138    140.346      0.354    1479.25    1479.25  0.000e+00
       8927    142.000     6.5837     6.5837    -0.0000    3.48891    3.48902          1     6.3279     6.3251      71.73     0.1436     0.3638  1.000e-12  0.5873000    34.9144    34.9157     0.0013    27.4084    27.4094    140.633    140.841      0.698    1479.26    1479.26  0.000e+00
       8941    142.500     6.5843     6.5840    -0.0002    3.48904    3.48913          1     6.3213     6.3227      98.14     0.1562     0.3438  1.000e-12  0.7296000    34.9150    34.9163     0.0012    27.4088    27.4098    141.128    141.337      0.888    1479.27    1479.27  0.000e+00
       8954    143.000     6.5845     6.5848     0.0002    3.48910    3.48925          1     6.3104     6.3258      98.38     0.1565     0.3021  1.000e-12  0.7096000    34.9152    34.9165     0.0013    27.4089    27.4100    141.623    141.833      0.986    1479.28    1479.29  0.000e+00
       8965    143.500     6.5854     6.5856     0.0002    3.48925    3.48940          1     6.3046     6.3237      98.62     0.1749     0.3023  1.000e-12  0.6331000    34.9157    34.9171     0.0014    27.4092    27.4103    142.118    142.328      0.993    1479.29    1479.30  0.000e+00
       8977    144.000     6.5875     6.5879     0.0003    3.48958    3.48973          1     6.3059     6.3187      98.63     0.1739     0.3594  1.000e-12  0.6408000    34.9169    34.9182     0.0013    27.4099    27.4109    142.613    142.824      0.881    1479.31    1479.32  0.000e+00
       8995    144.500     6.5913     6.5911    -0.0002    3.49011    3.49018          1     6.3252     6.3157      98.63     0.1549     0.3390  1.000e-12  0.7148000    34.9188    34.9197     0.0010    27.4108    27.4116    143.108    143.320      0.531    1479.34    1479.34  0.000e+00
       9066    145.000     6.5878     6.5880     0.0002    3.48962    3.48975          1     6.3215     6.3322      98.63     0.1580     0.3496  1.000e-12  0.5285000    34.9166    34.9179     0.0012    27.4096    27.4106    143.603    143.815      0.412    1479.33    1479.33  0.000e+00
       9083    145.500     6.5914     6.5932     0.0018    3.49020    3.49054          1     6.3099     6.3258      98.63     0.1560     0.3211  1.000e-12  0.5537000    34.9191    34.9211     0.0020    27.4111    27.4124    144.098    144.311      0.831    1479.36    1479.37  0.000e+00
       9095    146.000     6.5935     6.5939     0.0004    3.49057    3.49070          1     6.3065     6.3200      98.63     0.1636     0.3155  1.000e-12  0.5864000    34.9209    34.9219     0.0010    27.4122    27.4129    144.593    144.807      1.019    1479.38    1479.38  0.000e+00
       9105    146.500     6.5908     6.5908     0.0000    3.49032    3.49044          1     6.3076     6.3157      98.63     0.1626     0.2889  1.000e-12  0.5905000    34.9206    34.9219     0.0013    27.4124    27.4134    145.088    145.302      1.090    1479.37    1479.37  0.000e+00
       9116    147.000     6.5911     6.5909    -0.0002    3.49039    3.49050          1     6.3090     6.3153      98.63     0.1537     0.2893  1.000e-12  0.6803000    34.9208    34.9222     0.0014    27.4125    27.4136    145.583    145.798      1.053    1479.38    1479.38  0.000e+00
       9128    147.500     6.5910     6.5911     0.0001    3.49042    3.49054          1     6.3135     6.3175      98.63     0.1597     0.3279  1.000e-12  0.6852000    34.9209    34.9222     0.0012    27.4126    27.4135    146.078    146.294      0.903    1479.39    1479.39  0.000e+00
       9144    148.000     6.5906     6.5908     0.0001    3.49038    3.49051          1     6.3173     6.3253      98.63     0.1552     0.3520  1.000e-12  0.6646000    34.9207    34.9220     0.0014    27.4124    27.4135    146.573    146.789      0.592    1479.40    1479.40  0.000e+00
       9195    148.500     6.5904     6.5908     0.0004    3.49032    3.49049          1     6.3211     6.3201      76.71     0.1670     0.3568  1.000e-12  0.5827000    34.9200    34.9214     0.0014    27.4119    27.4130    147.068    147.285      0.308    1479.40    1479.41  0.000e+00
       9232    149.000     6.5894     6.5882    -0.0012    3.49029    3.49030          1     6.3257     6.3194      99.19     0.1757     0.3514  1.000e-12  0.5665000    34.9203    34.9218     0.0014    27.4123    27.4136    147.563    147.781      0.645    1479.41    1479.40  0.000e+00
       9247    149.500     6.5876     6.5878     0.0001    3.49022    3.49032          1     6.3197     6.3263      98.63     0.1748     0.3150  1.000e-12  0.5993000    34.9211    34.9221     0.0010    27.4132    27.4140    148.058    148.277      0.873    1479.41    1479.41  0.000e+00
       9259    150.000     6.5877     6.5879     0.0001    3.49024    3.49036          1     6.3204     6.3194      75.83     0.1728     0.3165  1.000e-12  0.6083000    34.9210    34.9222     0.0012    27.4131    27.4140    148.553    148.772      0.994    1479.42    1479.42  0.000e+00
       9271    150.500     6.5883     6.5886     0.0003    3.49033    3.49046          1     6.3218     6.3108      54.81     0.1576     0.3155  1.000e-12  0.6658000    34.9212    34.9224     0.0012    27.4132    27.4141    149.048    149.268      1.026    1479.43    1479.43  0.000e+00
       9282    151.000     6.5888     6.5895     0.0007    3.49039    3.49059          1     6.3240     6.3077      53.78     0.1604     0.3329  1.000e-12  0.6720000    34.9212    34.9226     0.0014    27.4131    27.4141    149.543    149.764      0.955    1479.44    1479.44  0.000e+00
       9296    151.500     6.5895     6.5903     0.0007    3.49050    3.49070          1     6.3246     6.3157      68.03     0.1539     0.3608  1.000e-12  0.8137000    34.9213    34.9228     0.0015    27.4131    27.4141    150.038    150.259      0.739    1479.45    1479.46  0.000e+00
       9335    152.000     6.5896     6.5898     0.0002    3.49052    3.49065          1     6.3167     6.3204      69.25     0.1582     0.3328  1.000e-12  0.6977000    34.9212    34.9225     0.0013    27.4130    27.4140    150.533    150.755      0.353    1479.46    1479.46  0.000e+00
       9382    152.500     6.5898     6.5895    -0.0003    3.49058    3.49064          1     6.3132     6.3162     100.13     0.1655     0.3181  1.000e-12  0.5489000    34.9214    34.9224     0.0010    27.4131    27.4140    151.028    151.251      0.630    1479.47    1479.47  0.000e+00
       9396    153.000     6.5898     6.5898    -0.0000    3.49065    3.49076          1     6.3138     6.3146      65.87     0.1569     0.3197  1.000e-12  0.6268000    34.9220    34.9232     0.0012    27.4136    27.4146    151.523    151.746      0.884    1479.48    1479.48  0.000e+00
       9408    153.500     6.5900     6.5901     0.0001    3.49071    3.49084          1     6.3140     6.3207      50.87     0.1514     0.3204  1.000e-12  0.6344000    34.9223    34.9235     0.0012    27.4138    27.4147    152.018    152.242      0.983    1479.49    1479.49  0.000e+00
       9420    154.000     6.5903     6.5904     0.0001    3.49079    3.49092          1     6.3133     6.3257      50.79     0.1993     0.3185  1.000e-12  0.7468000    34.9225    34.9238     0.0013    27.4139    27.4149    152.513    152.738      0.954    1479.50    1479.50  0.000e+00
       9433    154.500     6.5907     6.5907     0.0001    3.49084    3.49096          1     6.3109     6.3252      59.97     0.2110     0.3215  1.000e-12  0.7806000    34.9225    34.9237     0.0012    27.4139    27.4148    153.008    153.233      0.782    1479.51    1479.51  0.000e+00
       9456    155.000     6.5906     6.5906     0.0001    3.49085    3.49098          1     6.3120     6.3169      73.26     0.1754     0.3701  1.000e-12  0.7643000    34.9224    34.9238     0.0014    27.4138    27.4149    153.503    153.729      0.439    1479.51    1479.52  0.000e+00
       9493    155.500     6.5905     6.5905    -0.0000    3.49087    3.49099          1     6.2997     6.3094      55.85     0.1971     0.3270  1.000e-12  0.7491000    34.9225    34.9237     0.0012    27.4139    27.4148    153.998    154.225      0.383    1479.52    1479.52  0.000e+00
       9516    156.000     6.5903     6.5903    -0.0001    3.49089    3.49100          1     6.2873     6.3086      48.38     0.1580     0.3372  1.000e-12  0.7664000    34.9225    34.9238     0.0012    27.4139    27.4149    154.493    154.720      0.644    1479.53    1479.53  0.000e+00
       9533    156.500     6.5901     6.5901     0.0001    3.49090    3.49102          1     6.2961     6.3171      48.21     0.1672     0.3159  1.000e-12  0.8074000    34.9227    34.9240     0.0013    27.4141    27.4151    154.987    155.216      0.728    1479.54    1479.54  0.000e+00
       9549    157.000     6.5879     6.5877    -0.0002    3.49072    3.49082          1     6.3039     6.3286      47.95     0.1556     0.3471  1.000e-12  0.8008000    34.9227    34.9239     0.0013    27.4144    27.4154    155.483    155.712      0.647    1479.53    1479.54  0.000e+00
       9572    157.500     6.5865     6.5865     0.0000    3.49061    3.49074          1     6.2993     6.3240      89.20     0.1750     0.3615  1.000e-12  0.8231000    34.9226    34.9240     0.0014    27.4145    27.4156    155.977    156.207      0.450    1479.54    1479.54  0.000e+00
       9602    158.000     6.5863     6.5862    -0.0001    3.49062    3.49073          1     6.3152     6.3084      50.12     0.1635     0.3333  1.000e-12  0.7881000    34.9227    34.9240     0.0013    27.4146    27.4156    156.472    156.703      0.480    1479.55    1479.55  0.000e+00
       9623    158.500     6.5859     6.5862     0.0002    3.49061    3.49075          1     6.3331     6.3141      46.03     0.1759     0.3159  1.000e-12  0.7767000    34.9228    34.9240     0.0012    27.4147    27.4156    156.967    157.199      0.678    1479.55    1479.56  0.000e+00
       9638    159.000     6.5855     6.5858     0.0003    3.49061    3.49073          1     6.3306     6.3229      45.78     0.1873     0.3200  1.000e-12  0.7825000    34.9229    34.9239     0.0011    27.4148    27.4156    157.462    157.694      0.782    1479.56    1479.56  0.000e+00
       9653    159.500     6.5851     6.5848    -0.0003    3.49059    3.49069          1     6.3289     6.3292      45.22     0.1578     0.3574  1.000e-12  0.7922000    34.9228    34.9242     0.0014    27.4148    27.4160    157.957    158.190      0.757    1479.57    1479.57  0.000e+00
       9671    160.000     6.5837     6.5838     0.0001    3.49050    3.49060          1     6.3300     6.3279      44.30     0.1633     0.3678  1.000e-12  0.7953000    34.9229    34.9241     0.0012    27.4151    27.4160    158.452    158.686      0.549    1479.57    1479.57  0.000e+00
       9706    160.500     6.5829     6.5827    -0.0002    3.49045    3.49054          1     6.3285     6.3236      43.30     0.1924     0.3211  1.000e-12  0.8209000    34.9229    34.9242     0.0013    27.4152    27.4163    158.947    159.181      0.313    1479.57    1479.57  0.000e+00
       9736    161.000     6.5814     6.5813    -0.0001    3.49031    3.49041          1     6.3185     6.3221      43.07     0.1749     0.3384  1.000e-12  0.7621000    34.9227    34.9239     0.0013    27.4153    27.4163    159.442    159.677      0.576    1479.58    1479.58  0.000e+00
       9753    161.500     6.5782     6.5781    -0.0000    3.49001    3.49012          1     6.3095     6.3238      42.33     0.1748     0.3611  1.000e-12  0.8085000    34.9224    34.9237     0.0012    27.4155    27.4165    159.937    160.173      0.739    1479.57    1479.57  0.000e+00
       9768    162.000     6.5738     6.5738    -0.0000    3.48960    3.48972          1     6.3121     6.3269      41.90     0.1739     0.3789  1.000e-12  0.8299000    34.9221    34.9234     0.0013    27.4158    27.4168    160.432    160.669      0.814    1479.56    1479.56  0.000e+00
       9783    162.500     6.5712     6.5713     0.0001    3.48938    3.48949          1     6.3190     6.3291      41.40     0.1528     0.3331  1.000e-12  0.9014000    34.9220    34.9231     0.0011    27.4161    27.4169    160.927    161.164      0.814    1479.56    1479.56  0.000e+00
       9798    163.000     6.5708     6.5711     0.0002    3.48936    3.48950          1     6.3275     6.3344      40.93     0.1638     0.3014  1.000e-12  0.8894000    34.9220    34.9232     0.0013    27.4161    27.4171    161.422    161.660      0.724    1479.57    1479.57  0.000e+00
       9818    163.500     6.5679     6.5681     0.0002    3.48910    3.48924          1     6.3346     6.3304      40.40     0.1726     0.3269  1.000e-12  0.8758000    34.9218    34.9231     0.0014    27.4164    27.4174    161.917    162.156      0.484    1479.56    1479.57  0.000e+00
       9864    164.000     6.5676     6.5678     0.0002    3.48912    3.48925          1     6.3218     6.3110      39.97     0.1854     0.3231  1.000e-12  0.8617000    34.9221    34.9234     0.0013    27.4167    27.4176    162.412    162.651      0.311    1479.57    1479.57  0.000e+00
       9894    164.500     6.5678     6.5674    -0.0004    3.48916    3.48924          1     6.3289     6.3176      39.79     0.1985     0.3177  1.000e-12  0.8255000    34.9221    34.9234     0.0013    27.4166    27.4177    162.907    163.147      0.657    1479.58    1479.58  0.000e+00
       9909    165.000     6.5660     6.5664     0.0004    3.48903    3.48918          1     6.3332     6.3248      39.41     0.1756     0.3275  1.000e-12  0.8499000    34.9223    34.9234     0.0012    27.4170    27.4179    163.402    163.643      0.869    1479.58    1479.58  0.000e+00
       9921    165.500     6.5649     6.5651     0.0003    3.48898    3.48909          1     6.3229     6.3308      39.10     0.1748     0.3650  1.000e-12  0.8523000    34.9225    34.9234     0.0009    27.4173    27.4180    163.897    164.138      0.958    1479.58    1479.59  0.000e+00
       9933    166.000     6.5622     6.5622     0.0000    3.48870    3.48882          1     6.3125     6.3379      38.81     0.1626     0.3554  1.000e-12  0.8830000    34.9219    34.9231     0.0012    27.4173    27.4182    164.392    164.634      0.940    1479.58    1479.58  0.000e+00
       9947    166.500     6.5512     6.5509    -0.0002    3.48760    3.48772          1     6.3139     6.3447      38.20     0.1618     0.2864  1.000e-12  0.8946000    34.9206    34.9222     0.0015    27.4177    27.4190    164.887    165.130      0.811    1479.54    1479.55  0.000e+00
       9965    167.000     6.5435     6.5445     0.0010    3.48686    3.48707          1     6.3322     6.3479      37.80     0.1546     0.3043  1.000e-12  0.9503000    34.9199    34.9213     0.0014    27.4182    27.4191    165.382    165.625      0.557    1479.52    1479.53  0.000e+00
       9998    167.500     6.5420     6.5414    -0.0006    3.48673    3.48677          1     6.3399     6.3375      36.92     0.1915     0.3165  1.000e-12  1.0036000    34.9199    34.9208     0.0010    27.4183    27.4192    165.877    166.121      0.314    1479.53    1479.52  0.000e+00
      10034    168.000     6.5413     6.5411    -0.0002    3.48666    3.48675          1     6.3323     6.3304      36.17     0.2078     0.3300  1.000e-12  0.9664000    34.9195    34.9207     0.0012    27.4182    27.4191    166.372    166.617      0.427    1479.53    1479.53  0.000e+00
