ctdpy/tests/etc/all_smhi_bas_2018/SBE09_1044_20180416_0433_34_07_0005.cnv
* Sea-Bird SBE 9 Data File:
* FileName = C:\ctd\temp\2018\AU18D005.hex
* Software Version Seasave V 7.26.6.26
* Temperature SN = 5351
* Conductivity SN = 3941
* Number of Bytes Per Scan = 41
* Number of Voltage Words = 4
* Number of Scans Averaged by the Deck Unit = 1
* NMEA Latitude = 58 17.64 N
* NMEA Longitude = 010 50.71 E
* NMEA UTC (Time) = Apr 16 2018  04:33:06
* NMEA baud rate = 4800
** Station:  A15
** Operator:  SSip
** Ship: AURA
** Average sound velocity: 1475.71 m/s
** True-depth calculation Mon, 16 Apr 2018 05:18:52 +0000
** CTD Python Module SMHI /ver 3-12/ feb 2012 
** LIMS Job: 20183407-0005
** Cruise: SMHI-01-2018
** Latitude [GG MM.mm N] :
** Longitude [GG MM.mm E]:
# nquan = 26
# nvalues = 265                         
# units = specified
# name 0 = scan: Scan Count
# name 1 = prDM: Pressure, Digiquartz [db]
# name 2 = t090C: Temperature [ITS-90, deg C]
# name 3 = t190C: Temperature, 2 [ITS-90, deg C]
# name 4 = T2-T190C: Temperature Difference, 2 - 1 [ITS-90, deg C]
# name 5 = c0S/m: Conductivity [S/m]
# name 6 = c1S/m: Conductivity, 2 [S/m]
# name 7 = pumps: Pump Status
# name 8 = sbeox0ML/L: Oxygen, SBE 43 [ml/l]
# name 9 = sbeox1ML/L: Oxygen, SBE 43, 2 [ml/l]
# name 10 = altM: Altimeter [m]
# name 11 = flECO-AFL: Chl-a Fluorescence, WET Labs ECO-AFL/FL [mg/m^3]
# name 12 = flECO-AFL1: Phycocyanin Fluorescence, WET Labs ECO-AFL/FL, 2 [mg/m^3]
# name 13 = par: PAR/Irradiance, Biospherical/Lico [µE/(cm^2*s)]
# name 14 = turbWETntu0: Turbidity, WET Labs ECO [NTU]
# name 15 = sal00: Salinity, Practical [PSU]
# name 16 = sal11: Salinity, Practical, 2 [PSU]
# name 17 = secS-priS: Salinity, Practical, Difference, 2 - 1 [PSU]
# name 18 = sigma-t00: Density [sigma-t, Kg/m^3 ]
# name 19 = sigma-t11: Density, 2 [sigma-t, Kg/m^3 ]
# name 20 = depSM: Depth [salt water, m], lat = 58.294
# name 21 = depFM: Depth [true depth, m], lat = 58.294
# name 22 = dz/dtM: Descent Rate [m/s], WS = 2
# name 23 = svCM: Sound Velocity [Chen-Millero, m/s]
# name 24 = svCM1: Sound Velocity, 2 [Chen-Millero, m/s]
# name 25 = flag: flag
# span 0 =       6421,      12392       
# span 1 =      0.500,    132.500       
# span 2 =     2.5611,     7.3944       
# span 3 =     2.5592,     7.3946       
# span 4 =    -0.0291,     0.1135       
# span 5 =   2.302295,   3.552962       
# span 6 =   2.301691,   3.553038       
# span 7 =          1,          1       
# span 8 =    5.62086,    8.41247       
# span 9 =    5.54778,    8.35399       
# span 10 =       4.06,      99.26      
# span 11 =     0.0275,     9.2615      
# span 12 =     0.1369,     1.5587      
# span 13 = -3.584e-06, 4.3790e+01      
# span 14 =     0.1518,     1.6162      
# span 15 =    23.8666,    35.0041      
# span 16 =    23.7591,    35.0042      
# span 17 =    -0.2264,     0.0315      
# span 18 =    18.9368,    27.3945      
# span 19 =    18.8437,    27.3945      
# span 20 =      0.495,    131.227      
# span 21 =      0.500,    131.498      
# span 22 =      0.003,      0.641      
# span 23 =    1449.43,    1481.60      
# span 24 =    1449.48,    1481.60      
# span 25 = 0.0000e+00, 0.0000e+00      
# interval = decibars: 0.5              
# start_time = Apr 16 2018 04:33:06 [NMEA time, first data scan]
# bad_flag = -9.990e-29
*END*
[from data line 56]
       7801     28.500     6.0434     6.0427    -0.0006    3.33495    3.33483          1     6.2317     6.1472      98.71     1.1754     0.3373  1.000e-12  0.2856000    33.7949    33.7942    -0.0007    26.5949    26.5945     28.233     28.378      0.499    1473.86    1473.86  0.000e+00
       7825     29.000     6.0998     6.0988    -0.0011    3.34372    3.34351          1     6.2255     6.1390      98.71     0.9009     0.3202  1.000e-12  0.2784000    33.8369    33.8355    -0.0014    26.6210    26.6200     28.729     28.874      0.477    1474.15    1474.14  0.000e+00
       7851     29.500     6.1637     6.1625    -0.0012    3.35352    3.35331          1     6.2063     6.1095      98.71     0.8365     0.3217  1.000e-12  0.2927000    33.8828    33.8817    -0.0011    26.6492    26.6484     29.224     29.370      0.466    1474.47    1474.46  0.000e+00
       7877     30.000     6.2246     6.2232    -0.0014    3.36251    3.36239          1     6.1698     6.0734      98.71     0.9172     0.2916  1.000e-12  0.2871000    33.9226    33.9226     0.0000    26.6728    26.6730     29.719     29.866      0.479    1474.76    1474.76  0.000e+00
       7901     30.500     6.2587     6.2585    -0.0002    3.36799    3.36799          1     6.1634     6.0714      98.71     0.7059     0.3021  1.000e-12  0.2588000    33.9495    33.9497     0.0003    26.6896    26.6899     30.214     30.362      0.492    1474.94    1474.94  0.000e+00
       7926     31.000     6.3046     6.3016    -0.0031    3.37549    3.37508          1     6.1537     6.0657      94.07     0.5057     0.2449  1.000e-12  0.2489000    33.9873    33.9857    -0.0016    26.7136    26.7127     30.710     30.858      0.494    1475.18    1475.16  0.000e+00
       7950     31.500     6.3897     6.3880    -0.0016    3.39170    3.39140          1     6.1559     6.0724      98.27     0.4200     0.2825  1.000e-12  0.2395000    34.0830    34.0813    -0.0018    26.7781    26.7769     31.205     31.354      0.499    1475.64    1475.63  0.000e+00
       7974     32.000     6.4181     6.4180    -0.0001    3.39673    3.39668          1     6.1800     6.0911      98.72     0.3790     0.2662  1.000e-12  0.2461000    34.1104    34.1099    -0.0005    26.7960    26.7956     31.700     31.850      0.500    1475.80    1475.80  0.000e+00
       7998     32.500     6.4676     6.4666    -0.0010    3.40561    3.40550          1     6.1733     6.0715      98.71     0.3108     0.2765  1.000e-12  0.2521000    34.1596    34.1593    -0.0003    26.8283    26.8282     32.195     32.346      0.489    1476.06    1476.06  0.000e+00
       8023     33.000     6.5309     6.5294    -0.0015    3.41405    3.41384          1     6.1396     6.0415      98.19     0.2661     0.2355  1.000e-12  0.2432000    34.1898    34.1890    -0.0008    26.8438    26.8433     32.691     32.842      0.483    1476.36    1476.35  0.000e+00
       8048     33.500     6.5657     6.5635    -0.0023    3.41828    3.41815          1     6.1051     6.0029      98.30     0.2603     0.2052  1.000e-12  0.2314000    34.2018    34.2026     0.0008    26.8486    26.8496     33.186     33.338      0.488    1476.52    1476.51  0.000e+00
       8072     34.000     6.6198     6.6192    -0.0007    3.42528    3.42524          1     6.0596     5.9676      98.72     0.2433     0.2603  1.000e-12  0.2299000    34.2251    34.2254     0.0003    26.8598    26.8601     33.681     33.834      0.497    1476.77    1476.76  0.000e+00
       8096     34.500     6.6353     6.6356     0.0003    3.42790    3.42790          1     6.0460     5.9645      98.69     0.2182     0.2550  1.000e-12  0.2260000    34.2384    34.2381    -0.0003    26.8683    26.8680     34.177     34.330      0.502    1476.85    1476.85  0.000e+00
       8120     35.000     6.6126     6.6145     0.0019    3.42683    3.42692          1     6.0899     6.0154      98.70     0.2078     0.2675  1.000e-12  0.2338000    34.2490    34.2481    -0.0009    26.8796    26.8787     34.672     34.826      0.501    1476.78    1476.79  0.000e+00
       8144     35.500     6.5816     6.5824     0.0008    3.42449    3.42455          1     6.1529     6.0781      98.72     0.2187     0.2237  1.000e-12  0.2532000    34.2539    34.2537    -0.0002    26.8876    26.8874     35.167     35.322      0.487    1476.68    1476.68  0.000e+00
       8169     36.000     6.5834     6.5835     0.0001    3.42522    3.42524          1     6.1826     6.1105      98.71     0.2499     0.2459  1.000e-12  0.2290000    34.2599    34.2600     0.0001    26.8921    26.8922     35.662     35.818      0.480    1476.70    1476.70  0.000e+00
       8194     36.500     6.5940     6.5942     0.0003    3.42684    3.42689          1     6.1767     6.1093      98.71     0.2151     0.2432  1.000e-12  0.2176000    34.2671    34.2673     0.0002    26.8964    26.8966     36.158     36.314      0.484    1476.76    1476.76  0.000e+00
       8219     37.000     6.6096     6.6095    -0.0001    3.42922    3.42923          1     6.1625     6.1029      98.71     0.1855     0.2871  1.000e-12  0.2194000    34.2775    34.2778     0.0002    26.9025    26.9027     36.653     36.810      0.488    1476.84    1476.84  0.000e+00
       8243     37.500     6.6223     6.6223    -0.0000    3.43154    3.43153          1     6.1635     6.1006      98.71     0.1777     0.2309  1.000e-12  0.2116000    34.2904    34.2902    -0.0002    26.9110    26.9109     37.148     37.306      0.495    1476.91    1476.91  0.000e+00
       8267     38.000     6.6325     6.6324    -0.0001    3.43319    3.43317          1     6.1763     6.1026      98.71     0.1844     0.2670  1.000e-12  0.2157000    34.2982    34.2981    -0.0001    26.9158    26.9157     37.643     37.802      0.491    1476.97    1476.97  0.000e+00
       8292     38.500     6.6728     6.6705    -0.0022    3.43956    3.43931          1     6.1779     6.0835      98.71     0.1691     0.2641  1.000e-12  0.2157000    34.3282    34.3277    -0.0005    26.9341    26.9340     38.139     38.298      0.487    1477.18    1477.17  0.000e+00
       8316     39.000     6.7190     6.7193     0.0003    3.44756    3.44754          1     6.1533     6.0618      98.71     0.1849     0.2467  1.000e-12  0.2043000    34.3703    34.3697    -0.0006    26.9610    26.9605     38.634     38.794      0.486    1477.42    1477.42  0.000e+00
       8341     39.500     6.7208     6.7216     0.0008    3.44919    3.44923          1     6.1278     6.0427      98.71     0.1454     0.2552  1.000e-12  0.2153000    34.3862    34.3858    -0.0003    26.9733    26.9729     39.129     39.289      0.492    1477.45    1477.45  0.000e+00
       8365     40.000     6.6977     6.6998     0.0021    3.44787    3.44800          1     6.1175     6.0352      98.71     0.1872     0.2395  1.000e-12  0.2217000    34.3945    34.3939    -0.0006    26.9830    26.9822     39.625     39.785      0.505    1477.38    1477.39  0.000e+00
       8389     40.500     6.6962     6.6965     0.0003    3.44797    3.44802          1     6.1117     6.0350      98.71     0.1676     0.2217  1.000e-12  0.2500000    34.3968    34.3972     0.0004    26.9850    26.9853     40.120     40.281      0.513    1477.39    1477.39  0.000e+00
       8412     41.000     6.6973     6.6977     0.0004    3.44832    3.44837          1     6.1097     6.0352      98.71     0.1425     0.2341  1.000e-12  0.2331000    34.3995    34.3996     0.0002    26.9870    26.9870     40.615     40.777      0.513    1477.40    1477.40  0.000e+00
       8436     41.500     6.7032     6.7033     0.0001    3.44970    3.44968          1     6.1109     6.0336      98.71     0.1931     0.2712  1.000e-12  0.2230000    34.4085    34.4082    -0.0002    26.9932    26.9930     41.110     41.273      0.503    1477.45    1477.44  0.000e+00
       8460     42.000     6.7007     6.7019     0.0011    3.45073    3.45075          1     6.1194     6.0429      98.71     0.1859     0.2930  1.000e-12  0.2304000    34.4222    34.4213    -0.0010    27.0045    27.0035     41.606     41.769      0.492    1477.46    1477.46  0.000e+00
       8484     42.500     6.7112     6.7092    -0.0021    3.45415    3.45398          1     6.1323     6.0446      98.71     0.1549     0.2277  1.000e-12  0.2387000    34.4492    34.4494     0.0002    27.0243    27.0248     42.101     42.265      0.489    1477.54    1477.54  0.000e+00
       8509     43.000     6.7605     6.7588    -0.0017    3.46083    3.46064          1     6.1115     6.0198      98.72     0.1412     0.2229  1.000e-12  0.2418000    34.4735    34.4730    -0.0004    27.0368    27.0367     42.596     42.761      0.501    1477.77    1477.77  0.000e+00
       8532     43.500     6.7960     6.7958    -0.0002    3.46587    3.46587          1     6.1064     6.0013      98.71     0.1382     0.2642  1.000e-12  0.2354000    34.4932    34.4933     0.0002    27.0475    27.0477     43.091     43.257      0.515    1477.94    1477.94  0.000e+00
       8555     44.000     6.8179     6.8170    -0.0009    3.46871    3.46866          1     6.1010     5.9997      98.71     0.1377     0.2361  1.000e-12  0.2334000    34.5023    34.5027     0.0004    27.0517    27.0521     43.587     43.752      0.514    1478.05    1478.05  0.000e+00
       8579     44.500     6.8725     6.8722    -0.0003    3.47598    3.47595          1     6.0856     5.9906      98.71     0.1338     0.2409  1.000e-12  0.2357000    34.5276    34.5275    -0.0001    27.0642    27.0642     44.082     44.248      0.499    1478.30    1478.30  0.000e+00
       8603     45.000     6.8964     6.8958    -0.0006    3.47932    3.47925          1     6.0773     5.9783      98.71     0.1296     0.2662  1.000e-12  0.2254000    34.5401    34.5400    -0.0001    27.0707    27.0707     44.577     44.744      0.484    1478.42    1478.42  0.000e+00
       8629     45.500     6.9126     6.9121    -0.0005    3.48194    3.48188          1     6.0673     5.9722      98.71     0.1231     0.2558  1.000e-12  0.2249000    34.5524    34.5523    -0.0001    27.0783    27.0782     45.072     45.240      0.475    1478.51    1478.50  0.000e+00
       8654     46.000     6.9454     6.9442    -0.0011    3.48651    3.48638          1     6.0507     5.9719      98.71     0.1012     0.2385  1.000e-12  0.2337000    34.5697    34.5694    -0.0003    27.0873    27.0873     45.568     45.736      0.486    1478.66    1478.66  0.000e+00
       8678     46.500     6.9637     6.9637    -0.0000    3.48934    3.48936          1     6.0457     5.9720      98.71     0.1293     0.2350  1.000e-12  0.2248000    34.5821    34.5824     0.0003    27.0946    27.0948     46.063     46.232      0.517    1478.76    1478.76  0.000e+00
       8700     47.000     6.9800     6.9815     0.0015    3.49179    3.49201          1     6.0473     5.9720      98.71     0.1420     0.2372  1.000e-12  0.2394000    34.5924    34.5934     0.0009    27.1005    27.1010     46.558     46.727      0.524    1478.84    1478.85  0.000e+00
       8724     47.500     6.9860     6.9871     0.0011    3.49270    3.49282          1     6.0414     5.9613      98.71     0.1258     0.2471  1.000e-12  0.2178000    34.5962    34.5964     0.0001    27.1026    27.1026     47.053     47.223      0.499    1478.88    1478.88  0.000e+00
       8749     48.000     6.9952     6.9978     0.0026    3.49406    3.49441          1     6.0370     5.9553      98.71     0.1137     0.2362  1.000e-12  0.2278000    34.6017    34.6030     0.0013    27.1057    27.1063     47.548     47.719      0.471    1478.93    1478.94  0.000e+00
       8775     48.500     7.0050     7.0045    -0.0004    3.49547    3.49546          1     6.0418     5.9617      98.71     0.1255     0.2122  1.000e-12  0.2172000    34.6071    34.6074     0.0003    27.1086    27.1089     48.044     48.215      0.466    1478.98    1478.98  0.000e+00
       8800     49.000     7.0176     7.0178     0.0002    3.49733    3.49737          1     6.0396     5.9552      98.71     0.1128     0.2402  1.000e-12  0.2170000    34.6146    34.6149     0.0003    27.1127    27.1129     48.539     48.711      0.479    1479.05    1479.05  0.000e+00
       8825     49.500     7.0238     7.0240     0.0002    3.49828    3.49830          1     6.0347     5.9497      98.71     0.0780     0.2730  1.000e-12  0.2159000    34.6185    34.6186     0.0001    27.1150    27.1150     49.034     49.207      0.496    1479.09    1479.09  0.000e+00
       8849     50.000     7.0355     7.0362     0.0007    3.49996    3.50010          1     6.0257     5.9447      98.72     0.1128     0.2433  1.000e-12  0.2166000    34.6250    34.6259     0.0009    27.1185    27.1191     49.529     49.702      0.505    1479.15    1479.15  0.000e+00
       8872     50.500     7.0454     7.0456     0.0001    3.50145    3.50148          1     6.0256     5.9469      98.71     0.1032     0.2080  1.000e-12  0.2117000    34.6312    34.6314     0.0002    27.1219    27.1221     50.025     50.198      0.494    1479.20    1479.20  0.000e+00
       8897     51.000     7.0561     7.0557    -0.0004    3.50308    3.50302          1     6.0341     5.9480      98.71     0.1016     0.2810  1.000e-12  0.2097000    34.6382    34.6380    -0.0002    27.1260    27.1259     50.520     50.694      0.476    1479.26    1479.26  0.000e+00
       8923     51.500     7.0904     7.0894    -0.0010    3.50813    3.50808          1     6.0263     5.9364      98.71     0.1121     0.2390  1.000e-12  0.2244000    34.6589    34.6594     0.0005    27.1375    27.1380     51.015     51.190      0.479    1479.43    1479.42  0.000e+00
       8947     52.000     7.1205     7.1202    -0.0003    3.51267    3.51260          1     6.0100     5.9192      98.71     0.0935     0.2108  1.000e-12  0.2333000    34.6782    34.6777    -0.0005    27.1485    27.1482     51.510     51.686      0.485    1479.57    1479.57  0.000e+00
       8972     52.500     7.1340     7.1340     0.0001    3.51487    3.51489          1     6.0072     5.9106      98.71     0.0897     0.2344  1.000e-12  0.2485000    34.6885    34.6887     0.0001    27.1547    27.1548     52.006     52.181      0.497    1479.65    1479.65  0.000e+00
       8995     53.000     7.1489     7.1480    -0.0008    3.51702    3.51696          1     5.9992     5.8991      98.72     0.0823     0.2975  1.000e-12  0.2213000    34.6969    34.6971     0.0003    27.1592    27.1595     52.501     52.677      0.518    1479.72    1479.72  0.000e+00
       9018     53.500     7.1672     7.1670    -0.0003    3.51978    3.51974          1     5.9923     5.8994      98.71     0.0847     0.2579  1.000e-12  0.2137000    34.7084    34.7083    -0.0001    27.1657    27.1657     52.996     53.173      0.514    1479.82    1479.82  0.000e+00
       9042     54.000     7.1749     7.1750     0.0001    3.52101    3.52099          1     5.9874     5.8980      98.71     0.0835     0.2184  1.000e-12  0.2195000    34.7140    34.7137    -0.0003    27.1690    27.1688     53.491     53.669      0.485    1479.86    1479.86  0.000e+00
       9068     54.500     7.1910     7.1902    -0.0007    3.52347    3.52341          1     5.9803     5.8995      98.71     0.0777     0.2286  1.000e-12  0.2158000    34.7245    34.7246     0.0001    27.1751    27.1753     53.987     54.165      0.481    1479.94    1479.94  0.000e+00
       9092     55.000     7.2035     7.2033    -0.0002    3.52545    3.52545          1     5.9764     5.9076      98.71     0.0731     0.2227  1.000e-12  0.2123000    34.7334    34.7335     0.0001    27.1803    27.1804     54.482     54.660      0.486    1480.01    1480.01  0.000e+00
       9117     55.500     7.2223     7.2225     0.0002    3.52802    3.52805          1     5.9737     5.9010      98.71     0.0717     0.2152  1.000e-12  0.2067000    34.7423    34.7424     0.0001    27.1847    27.1847     54.977     55.156      0.482    1480.10    1480.10  0.000e+00
