ctdpy/tests/etc/all_smhi_bas_2018/SBE09_1044_20180924_0225_34_01_0044.cnv
* Sea-Bird SBE 9 Data File:
* FileName = C:\ctd\temp\2018\AR18D044.hex
* Software Version Seasave V 7.26.6.26
* Temperature SN = 5351
* Conductivity SN = 3941
* Number of Bytes Per Scan = 41
* Number of Voltage Words = 4
* Number of Scans Averaged by the Deck Unit = 1
* NMEA Latitude = 58 17.07 N
* NMEA Longitude = 010 30.26 E
* NMEA UTC (Time) = Sep 24 2018  02:25:02
* NMEA baud rate = 4800
** Station:  Å17
** Operator:  Obac
** Ship: ARANDA
** Average sound velocity: 1483.92 m/s
** True-depth calculation Mon, 24 Sep 2018 03:53:07 +0000
** CTD Python Module SMHI /ver 3-12/ feb 2012 
** LIMS Job: 20183401-0044
** Cruise: SMHI-02-2018
** Latitude [GG MM.mm N] :
** Longitude [GG MM.mm E]:
# nquan = 26
# nvalues = 699                         
# units = specified
# name 0 = scan: Scan Count
# name 1 = prDM: Pressure, Digiquartz [db]
# name 2 = t090C: Temperature [ITS-90, deg C]
# name 3 = t190C: Temperature, 2 [ITS-90, deg C]
# name 4 = T2-T190C: Temperature Difference, 2 - 1 [ITS-90, deg C]
# name 5 = c0S/m: Conductivity [S/m]
# name 6 = c1S/m: Conductivity, 2 [S/m]
# name 7 = pumps: Pump Status
# name 8 = sbeox0ML/L: Oxygen, SBE 43 [ml/l]
# name 9 = sbeox1ML/L: Oxygen, SBE 43, 2 [ml/l]
# name 10 = altM: Altimeter [m]
# name 11 = flECO-AFL: Chl-a Fluorescence, WET Labs ECO-AFL/FL [mg/m^3]
# name 12 = flECO-AFL1: Phycocyanin Fluorescence, WET Labs ECO-AFL/FL, 2 [mg/m^3]
# name 13 = par: PAR/Irradiance, Biospherical/Lico [µE/(cm^2*s)]
# name 14 = turbWETntu0: Turbidity, WET Labs ECO [NTU]
# name 15 = sal00: Salinity, Practical [PSU]
# name 16 = sal11: Salinity, Practical, 2 [PSU]
# name 17 = secS-priS: Salinity, Practical, Difference, 2 - 1 [PSU]
# name 18 = sigma-t00: Density [sigma-t, Kg/m^3 ]
# name 19 = sigma-t11: Density, 2 [sigma-t, Kg/m^3 ]
# name 20 = depSM: Depth [salt water, m], lat = 58.2845
# name 21 = depFM: Depth [true depth, m], lat = 58.2845
# name 22 = dz/dtM: Descent Rate [m/s], WS = 2
# name 23 = svCM: Sound Velocity [Chen-Millero, m/s]
# name 24 = svCM1: Sound Velocity, 2 [Chen-Millero, m/s]
# name 25 = flag: flag
# span 0 =      31822,      46290       
# span 1 =      2.000,    351.000       
# span 2 =     6.2336,    13.9834       
# span 3 =     6.2359,    13.9827       
# span 4 =    -0.1679,     0.1369       
# span 5 =   3.487019,   3.962252       
# span 6 =   3.487131,   3.962391       
# span 7 =          1,          1       
# span 8 =    5.49261,    6.26747       
# span 9 =    3.52079,    4.11344       
# span 10 =       0.00,      99.50      
# span 11 =     0.0157,     0.9418      
# span 12 =     0.1335,     0.3260      
# span 13 = 1.0000e-12, 1.0000e-12      
# span 14 =     0.1078,     0.7324      
# span 15 =    32.5937,    35.1561      
# span 16 =    32.5931,    35.1548      
# span 17 =    -0.0135,     0.2352      
# span 18 =    24.3321,    27.6386      
# span 19 =    24.3314,    27.6374      
# span 20 =      1.981,    347.445      
# span 21 =      1.989,    348.058      
# span 22 =     -0.253,      1.278      
# span 23 =    1479.84,    1500.96      
# span 24 =    1479.84,    1500.98      
# span 25 = 0.0000e+00, 0.0000e+00      
# interval = decibars: 0.5              
# start_time = Sep 24 2018 02:25:02 [NMEA time, first data scan]
# bad_flag = -9.990e-29
*END*
[from data line 168]
      35341     86.000     6.9619     6.9643     0.0025    3.54073    3.54083          1     5.5678     4.1079      97.44     0.0923     0.2235  1.000e-12  0.2100000    35.1308    35.1295    -0.0014    27.5273    27.5259     85.183     85.386      0.617    1480.08    1480.09  0.000e+00
      35364     86.500     6.9566     6.9589     0.0023    3.54023    3.54031          1     5.5777     4.1101      97.43     0.0949     0.2229  1.000e-12  0.2245000    35.1304    35.1290    -0.0014    27.5276    27.5262     85.678     85.882      0.480    1480.07    1480.08  0.000e+00
      35392     87.000     6.9472     6.9506     0.0033    3.53936    3.53956          1     5.5751     4.0935      97.44     0.0685     0.2239  1.000e-12  0.2243000    35.1302    35.1290    -0.0012    27.5288    27.5274     86.174     86.377      0.457    1480.04    1480.06  0.000e+00
      35415     87.500     6.9378     6.9399     0.0022    3.53854    3.53862          1     5.5796     4.0741      97.45     0.0800     0.2243  1.000e-12  0.2270000    35.1305    35.1293    -0.0012    27.5304    27.5291     86.669     86.873      0.667    1480.02    1480.02  0.000e+00
      35430     88.000     6.9337     6.9357     0.0021    3.53817    3.53827          1     5.5732     4.0694      97.46     0.0875     0.2240  1.000e-12  0.2330000    35.1304    35.1294    -0.0010    27.5308    27.5297     87.164     87.369      0.849    1480.01    1480.02  0.000e+00
      35443     88.500     6.9227     6.9251     0.0024    3.53719    3.53730          1     5.5573     4.0681      97.47     0.0931     0.2248  1.000e-12  0.2430000    35.1306    35.1293    -0.0012    27.5325    27.5312     87.659     87.864      0.939    1479.97    1479.98  0.000e+00
      35455     89.000     6.9149     6.9172     0.0022    3.53651    3.53658          1     5.5495     4.0654      97.47     0.0954     0.2031  1.000e-12  0.2392000    35.1307    35.1292    -0.0015    27.5337    27.5322     88.154     88.360      0.924    1479.95    1479.96  0.000e+00
      35469     89.500     6.9070     6.9090     0.0021    3.53577    3.53584          1     5.5552     4.0639      97.47     0.1100     0.1799  1.000e-12  0.2361000    35.1304    35.1290    -0.0013    27.5345    27.5332     88.649     88.856      0.772    1479.93    1479.94  0.000e+00
      35493     90.000     6.9037     6.9050     0.0013    3.53545    3.53552          1     5.5681     4.0632      97.47     0.0941     0.2122  1.000e-12  0.2453000    35.1299    35.1294    -0.0005    27.5346    27.5340     89.144     89.351      0.385    1479.93    1479.93  0.000e+00
      35552     90.500     6.9011     6.9010    -0.0001    3.53522    3.53509          1     5.5638     4.0434      97.46     0.0979     0.2356  1.000e-12  0.2031000    35.1298    35.1285    -0.0013    27.5349    27.5339     89.640     89.847      0.459    1479.92    1479.92  0.000e+00
      35568     91.000     6.8909     6.8933     0.0023    3.53433    3.53443          1     5.5541     4.0417      97.49     0.1052     0.1651  1.000e-12  0.2198000    35.1301    35.1288    -0.0013    27.5365    27.5352     90.135     90.342      0.802    1479.89    1479.90  0.000e+00
      35581     91.500     6.8893     6.8912     0.0019    3.53421    3.53427          1     5.5605     4.0365      97.52     0.1099     0.1654  1.000e-12  0.2254000    35.1302    35.1289    -0.0013    27.5368    27.5356     90.630     90.838      0.947    1479.90    1479.90  0.000e+00
      35593     92.000     6.8864     6.8889     0.0025    3.53397    3.53408          1     5.5671     4.0337      97.46     0.0952     0.2082  1.000e-12  0.2538000    35.1303    35.1289    -0.0014    27.5373    27.5359     91.125     91.334      0.995    1479.89    1479.90  0.000e+00
      35604     92.500     6.8830     6.8868     0.0037    3.53365    3.53388          1     5.5712     4.0318      97.51     0.0924     0.2083  1.000e-12  0.2548000    35.1299    35.1286    -0.0013    27.5375    27.5360     91.620     91.829      0.963    1479.89    1479.90  0.000e+00
      35617     93.000     6.8764     6.8787     0.0023    3.53307    3.53313          1     5.5684     4.0321      97.47     0.1041     0.1839  1.000e-12  0.2715000    35.1301    35.1284    -0.0017    27.5385    27.5369     92.115     92.325      0.853    1479.87    1479.88  0.000e+00
      35633     93.500     6.8736     6.8759     0.0022    3.53281    3.53289          1     5.5632     4.0312      97.00     0.0973     0.1889  1.000e-12  0.2689000    35.1298    35.1284    -0.0013    27.5387    27.5373     92.610     92.821      0.670    1479.87    1479.87  0.000e+00
      35656     94.000     6.8707     6.8733     0.0026    3.53255    3.53266          1     5.5585     4.0162      97.45     0.0771     0.2192  1.000e-12  0.2601000    35.1296    35.1282    -0.0014    27.5390    27.5375     93.106     93.316      0.468    1479.86    1479.87  0.000e+00
      35686     94.500     6.8686     6.8716     0.0030    3.53237    3.53252          1     5.5614     4.0153      97.49     0.0836     0.2080  1.000e-12  0.2621000    35.1295    35.1282    -0.0013    27.5392    27.5377     93.601     93.812      0.380    1479.86    1479.87  0.000e+00
      35717     95.000     6.8652     6.8684     0.0032    3.53206    3.53223          1     5.5691     4.0159      97.48     0.0877     0.2008  1.000e-12  0.2604000    35.1293    35.1279    -0.0014    27.5395    27.5379     94.096     94.307      0.415    1479.86    1479.87  0.000e+00
      35744     95.500     6.8604     6.8633     0.0029    3.53163    3.53178          1     5.5518     4.0042      97.50     0.0866     0.1852  1.000e-12  0.2580000    35.1292    35.1279    -0.0014    27.5401    27.5386     94.591     94.803      0.549    1479.85    1479.86  0.000e+00
      35763     96.000     6.8587     6.8629     0.0042    3.53148    3.53175          1     5.5461     3.9933      97.48     0.0862     0.1821  1.000e-12  0.2583000    35.1291    35.1278    -0.0013    27.5402    27.5386     95.086     95.299      0.734    1479.85    1479.86  0.000e+00
      35777     96.500     6.8558     6.8558     0.0001    3.53125    3.53110          1     5.5505     3.9948      97.52     0.0827     0.2276  1.000e-12  0.2653000    35.1292    35.1276    -0.0016    27.5407    27.5395     95.581     95.794      0.859    1479.84    1479.84  0.000e+00
      35790     97.000     6.8533     6.8544     0.0011    3.53103    3.53101          1     5.5550     3.9963      97.50     0.0972     0.2176  1.000e-12  0.2690000    35.1291    35.1277    -0.0014    27.5409    27.5397     96.076     96.290      0.883    1479.84    1479.84  0.000e+00
      35804     97.500     6.8523     6.8544     0.0021    3.53097    3.53102          1     5.5563     3.9945      97.51     0.1089     0.1647  1.000e-12  0.2736000    35.1291    35.1276    -0.0015    27.5411    27.5397     96.571     96.786      0.782    1479.85    1479.85  0.000e+00
      35823     98.000     6.8518     6.8539     0.0022    3.53091    3.53099          1     5.5513     3.9934      97.50     0.0890     0.2048  1.000e-12  0.2783000    35.1288    35.1275    -0.0014    27.5410    27.5396     97.066     97.281      0.519    1479.85    1479.86  0.000e+00
      35860     98.500     6.8517     6.8547     0.0030    3.53094    3.53109          1     5.5460     3.9972      97.48     0.0982     0.1978  1.000e-12  0.2668000    35.1289    35.1275    -0.0014    27.5410    27.5395     97.562     97.777      0.318    1479.86    1479.87  0.000e+00
      35888     99.000     6.8517     6.8539     0.0022    3.53094    3.53102          1     5.5461     3.9835      97.50     0.0824     0.2110  1.000e-12  0.2469000    35.1287    35.1273    -0.0015    27.5409    27.5394     98.057     98.272      0.715    1479.87    1479.88  0.000e+00
      35901     99.500     6.8506     6.8524     0.0019    3.53086    3.53091          1     5.5444     3.9764      97.54     0.0822     0.1902  1.000e-12  0.2465000    35.1287    35.1274    -0.0013    27.5411    27.5397     98.552     98.768      0.971    1479.87    1479.88  0.000e+00
      35912    100.000     6.8448     6.8476     0.0027    3.53034    3.53047          1     5.5462     3.9722      97.52     0.0844     0.1799  1.000e-12  0.2484000    35.1286    35.1272    -0.0014    27.5418    27.5403     99.047     99.264      1.089    1479.86    1479.87  0.000e+00
      35922    100.500     6.8421     6.8445     0.0025    3.53012    3.53020          1     5.5460     3.9707      97.53     0.0942     0.1934  1.000e-12  0.2704000    35.1287    35.1271    -0.0016    27.5423    27.5406     99.542     99.759      1.075    1479.86    1479.86  0.000e+00
      35934    101.000     6.8398     6.8416     0.0019    3.52990    3.52994          1     5.5484     3.9676      97.53     0.0931     0.2910  1.000e-12  0.2729000    35.1284    35.1269    -0.0015    27.5423    27.5408    100.037    100.255      0.895    1479.86    1479.86  0.000e+00
      35970    101.500     6.8423     6.8461     0.0038    3.53015    3.53040          1     5.5460     3.9649      97.56     0.0801     0.2459  1.000e-12  0.2476000    35.1283    35.1272    -0.0011    27.5419    27.5405    100.532    100.750      0.460    1479.87    1479.89  0.000e+00
      36021    102.000     6.8477     6.8545     0.0067    3.53063    3.53115          1     5.5376     3.9458      97.60     0.0802     0.1444  1.000e-12  0.2394000    35.1279    35.1267    -0.0012    27.5408    27.5389    101.027    101.246      0.685    1479.90    1479.93  0.000e+00
      36033    102.500     6.8335     6.8367     0.0032    3.52936    3.52952          1     5.5338     3.9398      97.60     0.0856     0.2150  1.000e-12  0.2565000    35.1281    35.1266    -0.0015    27.5429    27.5413    101.523    101.742      0.911    1479.85    1479.87  0.000e+00
      36045    103.000     6.8302     6.8329     0.0028    3.52906    3.52919          1     5.5354     3.9389      97.67     0.0871     0.2514  1.000e-12  0.2528000    35.1279    35.1265    -0.0014    27.5432    27.5417    102.018    102.237      0.973    1479.85    1479.86  0.000e+00
      36057    103.500     6.8278     6.8307     0.0029    3.52884    3.52900          1     5.5376     3.9433      97.71     0.0960     0.2431  1.000e-12  0.2534000    35.1277    35.1264    -0.0013    27.5434    27.5420    102.513    102.733      0.914    1479.85    1479.86  0.000e+00
      36072    104.000     6.8246     6.8271     0.0025    3.52857    3.52868          1     5.5419     3.9498      97.73     0.0951     0.2366  1.000e-12  0.2668000    35.1277    35.1263    -0.0014    27.5438    27.5423    103.008    103.229      0.756    1479.85    1479.85  0.000e+00
      36090    104.500     6.8236     6.8259     0.0023    3.52848    3.52857          1     5.5374     3.9501      97.73     0.0957     0.2493  1.000e-12  0.2795000    35.1275    35.1261    -0.0014    27.5438    27.5424    103.503    103.724      0.608    1479.85    1479.86  0.000e+00
      36111    105.000     6.8234     6.8255     0.0022    3.52848    3.52856          1     5.5276     3.9360      97.72     0.0936     0.2423  1.000e-12  0.2789000    35.1274    35.1261    -0.0014    27.5438    27.5424    103.998    104.220      0.591    1479.86    1479.86  0.000e+00
      36131    105.500     6.8232     6.8252     0.0020    3.52848    3.52855          1     5.5281     3.9253      97.71     0.1074     0.2105  1.000e-12  0.2859000    35.1274    35.1261    -0.0013    27.5438    27.5425    104.493    104.715      0.630    1479.86    1479.87  0.000e+00
      36150    106.000     6.8222     6.8242     0.0019    3.52841    3.52847          1     5.5273     3.9258      97.66     0.0967     0.1378  1.000e-12  0.2861000    35.1273    35.1260    -0.0013    27.5438    27.5425    104.988    105.211      0.614    1479.87    1479.87  0.000e+00
      36171    106.500     6.8189     6.8211     0.0022    3.52812    3.52818          1     5.5235     3.9261      97.65     0.0957     0.1994  1.000e-12  0.2731000    35.1273    35.1257    -0.0016    27.5443    27.5427    105.483    105.707      0.513    1479.86    1479.87  0.000e+00
      36198    107.000     6.8113     6.8139     0.0026    3.52739    3.52749          1     5.5246     3.9249      97.63     0.0905     0.1965  1.000e-12  0.2699000    35.1267    35.1252    -0.0016    27.5449    27.5433    105.978    106.202      0.402    1479.84    1479.85  0.000e+00
      36228    107.500     6.8086     6.8106     0.0020    3.52716    3.52720          1     5.5337     3.9215      97.62     0.0909     0.1773  1.000e-12  0.2791000    35.1267    35.1251    -0.0016    27.5452    27.5437    106.474    106.698      0.498    1479.84    1479.85  0.000e+00
      36248    108.000     6.8065     6.8080     0.0015    3.52696    3.52697          1     5.5311     3.9163      97.68     0.0926     0.2300  1.000e-12  0.2717000    35.1263    35.1249    -0.0014    27.5452    27.5439    106.969    107.194      0.626    1479.84    1479.84  0.000e+00
      36266    108.500     6.8059     6.8073     0.0015    3.52691    3.52693          1     5.5262     3.9181      97.98     0.0934     0.2148  1.000e-12  0.2724000    35.1262    35.1249    -0.0013    27.5452    27.5440    107.464    107.689      0.653    1479.84    1479.85  0.000e+00
      36285    109.000     6.8064     6.8076     0.0012    3.52698    3.52697          1     5.5332     3.9209      98.71     0.1061     0.1961  1.000e-12  0.2785000    35.1262    35.1249    -0.0012    27.5451    27.5440    107.959    108.185      0.626    1479.86    1479.86  0.000e+00
      36305    109.500     6.8059     6.8080     0.0021    3.52697    3.52703          1     5.5417     3.9194      98.71     0.0991     0.1794  1.000e-12  0.2758000    35.1262    35.1248    -0.0014    27.5452    27.5438    108.454    108.680      0.633    1479.86    1479.87  0.000e+00
      36323    110.000     6.8032     6.8053     0.0020    3.52672    3.52679          1     5.5365     3.9171      98.71     0.0922     0.1930  1.000e-12  0.2715000    35.1260    35.1247    -0.0013    27.5455    27.5442    108.949    109.176      0.718    1479.86    1479.87  0.000e+00
      36338    110.500     6.7983     6.8004     0.0021    3.52626    3.52633          1     5.5281     3.9066      98.71     0.0858     0.1972  1.000e-12  0.2721000    35.1258    35.1243    -0.0015    27.5459    27.5445    109.444    109.672      0.796    1479.85    1479.85  0.000e+00
      36353    111.000     6.7964     6.7984     0.0021    3.52608    3.52616          1     5.5286     3.9053      98.71     0.0868     0.2354  1.000e-12  0.2772000    35.1255    35.1242    -0.0013    27.5460    27.5447    109.939    110.167      0.795    1479.85    1479.85  0.000e+00
      36368    111.500     6.7954     6.7972     0.0019    3.52600    3.52605          1     5.5346     3.9111      98.45     0.0864     0.2314  1.000e-12  0.2778000    35.1254    35.1240    -0.0014    27.5460    27.5447    110.434    110.663      0.688    1479.85    1479.86  0.000e+00
      36390    112.000     6.7925     6.7947     0.0022    3.52575    3.52582          1     5.5349     3.9138      97.84     0.0955     0.2168  1.000e-12  0.2798000    35.1252    35.1238    -0.0014    27.5463    27.5448    110.929    111.158      0.498    1479.85    1479.86  0.000e+00
      36419    112.500     6.7915     6.7937     0.0021    3.52567    3.52574          1     5.5324     3.9051      97.71     0.0928     0.2059  1.000e-12  0.2688000    35.1251    35.1237    -0.0014    27.5463    27.5449    111.424    111.654      0.392    1479.85    1479.86  0.000e+00
