ctdpy/tests/etc/all_smhi_bas_2018/SBE09_0827_20181004_0839_26_01_1007.cnv
* Sea-Bird SBE 9 Data File:
* FileName = D:\CTD_SBE911\DAT\26DA.2018.10.7.hex
* Software Version Seasave V 7.21d
* Temperature SN = 4548
* Conductivity SN = 3062
* Number of Bytes Per Scan = 48
* Number of Voltage Words = 5
* Number of Scans Averaged by the Deck Unit = 1
* NMEA Latitude = 55 42.86 N
* NMEA Longitude = 015 26.40 E
* NMEA UTC (Time) = Oct 04 2018  08:41:57
* NMEA baud rate = 4800
** Ship: DANA
** Average sound velocity: 1458.78 m/s
** True-depth calculation Thu, 28 Mar 2019 12:16:47 +0000
** CTD Python Module SMHI /ver 3-12/ feb 2012 
** LIMS Job: 20182601-1007
** Operator: Christian
** Cruise: 10/2018
# nquan = 26
# nvalues = 124                         
# units = specified
# name 0 = scan: Scan Count
# name 1 = prDM: Pressure, Digiquartz [db]
# name 2 = t090C: Temperature [ITS-90, deg C]
# name 3 = t190C: Temperature, 2 [ITS-90, deg C]
# name 4 = T2-T190C: Temperature Difference, 2 - 1 [ITS-90, deg C]
# name 5 = c0S/m: Conductivity [S/m]
# name 6 = c1S/m: Conductivity, 2 [S/m]
# name 7 = pumps: Pump Status
# name 8 = sbeox1ML/L: Oxygen, SBE 43, 2 [ml/l]
# name 9 = sbeox0ML/L: Oxygen, SBE 43 [ml/l]
# name 10 = altM: Altimeter [m]
# name 11 = chloroflTC0: Chlorophyll, Turner Cyclops [ug/l]
# name 12 = cpar: CPAR/Corrected Irradiance [%]
# name 13 = par: PAR/Irradiance, Biospherical/Lico [µE/(cm^2*s)]
# name 14 = spar: SPAR, Biospherical/Licor
# name 15 = sal00: Salinity, Practical [PSU]
# name 16 = sal11: Salinity, Practical, 2 [PSU]
# name 17 = secS-priS: Salinity, Practical, Difference, 2 - 1 [PSU]
# name 18 = sigma-t00: Density [sigma-t, kg/m^3 ]
# name 19 = sigma-t11: Density, 2 [sigma-t, kg/m^3 ]
# name 20 = depSM: Depth [salt water, m], lat = 55.7143
# name 21 = depFM: Depth [true depth, m], lat = 55.7143
# name 22 = dz/dtM: Descent Rate [m/s], WS = 2
# name 23 = svCM: Sound Velocity [Chen-Millero, m/s]
# name 24 = svCM1: Sound Velocity, 2 [Chen-Millero, m/s]
# name 25 = flag: flag
# span 0 =        178,       5840       
# span 1 =      1.500,     63.000       
# span 2 =     4.2461,    12.9641       
# span 3 =     4.2198,    12.9642       
# span 4 =    -0.7496,     0.8178       
# span 5 =   0.817317,   1.675189       
# span 6 =   0.814763,   1.676261       
# span 7 =          1,          1       
# span 8 =     0.4016,     7.3565       
# span 9 =     0.4862,     6.7769       
# span 10 =       0.97,      10.00      
# span 11 =     0.0000,     0.0000      
# span 12 = 6.1667e-14, 8.2204e+00      
# span 13 = 1.0000e-12, 1.2926e+02      
# span 14 = 1.0238e+03, 1.7129e+03      
# span 15 =     7.5315,    14.4373      
# span 16 =     7.5380,    14.5092      
# span 17 =    -0.0062,     0.2120      
# span 18 =     5.2796,    11.0259      
# span 19 =     5.2800,    11.0999      
# span 20 =      1.486,     62.419      
# span 21 =      1.520,     63.757      
# span 22 =      0.093,      0.673      
# span 23 =    1433.41,    1468.12      
# span 24 =    1433.28,    1468.12      
# span 25 = 0.0000e+00, 0.0000e+00      
# interval = decibars: 0.5              
# start_time = Oct 04 2018 08:41:57 [NMEA time, first data scan]
# bad_flag = -9.990e-29
*END*
        178      1.500    12.9529    12.9532     0.0003    1.01482    1.01486          1     6.8551     6.3926      10.00     0.0000  8.220e+00  1.283e+02  1.554e+03     7.6215     7.6219     0.0003     5.2797     5.2800      1.486      1.520      0.140    1467.75    1467.75  0.000e+00
        314      2.000    12.9531    12.9530    -0.0001    1.01486    1.01488          1     6.8482     6.3833      10.00     0.0000  7.798e+00  1.293e+02  1.658e+03     7.6218     7.6219     0.0001     5.2799     5.2801      1.982      2.026      0.673    1467.76    1467.76  0.000e+00
        347      2.500    12.9531    12.9544     0.0013    1.01483    1.01496          1     6.8509     6.3872      10.00     0.0000  5.883e+00  9.817e+01  1.669e+03     7.6215     7.6223     0.0008     5.2797     5.2801      2.477      2.533      0.445    1467.77    1467.77  0.000e+00
        439      3.000    12.9531    12.9536     0.0005    1.01484    1.01491          1     6.8573     6.3807      10.00     0.0000  5.647e+00  9.480e+01  1.679e+03     7.6215     7.6220     0.0004     5.2797     5.2800      2.973      3.040      0.438    1467.78    1467.78  0.000e+00
        458      3.500    12.9547    12.9545    -0.0002    1.01498    1.01500          1     6.8564     6.3923      10.00     0.0000  3.873e+00  6.525e+01  1.685e+03     7.6223     7.6225     0.0002     5.2801     5.2803      3.468      3.546      0.446    1467.79    1467.79  0.000e+00
        514      4.000    12.9544    12.9546     0.0002    1.01497    1.01502          1     6.8496     6.3879      10.00     0.0000  3.054e+00  5.209e+01  1.705e+03     7.6222     7.6226     0.0004     5.2800     5.2803      3.964      4.053      0.228    1467.80    1467.80  0.000e+00
        566      4.500    12.9545    12.9554     0.0009    1.01498    1.01504          1     6.8581     6.3827      10.00     0.0000  2.992e+00  5.125e+01  1.713e+03     7.6222     7.6226     0.0003     5.2800     5.2802      4.459      4.559      0.390    1467.81    1467.81  0.000e+00
        599      5.000    12.9548    12.9551     0.0003    1.01500    1.01504          1     6.8514     6.3821       9.99     0.0000  2.418e+00  4.127e+01  1.707e+03     7.6223     7.6226     0.0002     5.2801     5.2802      4.955      5.066      0.303    1467.82    1467.82  0.000e+00
        656      5.500    12.9582    12.9601     0.0020    1.01518    1.01532          1     6.8537     6.3913       9.99     0.0000  1.905e+00  3.228e+01  1.695e+03     7.6230     7.6237     0.0008     5.2801     5.2804      5.450      5.573      0.181    1467.84    1467.84  0.000e+00
        716      6.000    12.9589    12.9606     0.0017    1.01526    1.01539          1     6.8598     6.3910       9.99     0.0000  1.643e+00  2.766e+01  1.684e+03     7.6235     7.6242     0.0007     5.2804     5.2807      5.945      6.079      0.322    1467.85    1467.85  0.000e+00
        748      6.500    12.9599    12.9600     0.0001    1.01533    1.01537          1     6.8474     6.3869       9.99     0.0000  1.449e+00  2.434e+01  1.680e+03     7.6238     7.6241     0.0003     5.2805     5.2807      6.441      6.586      0.373    1467.86    1467.86  0.000e+00
        782      7.000    12.9597    12.9601     0.0004    1.01532    1.01536          1     6.8482     6.3922       9.99     0.0000  1.304e+00  2.168e+01  1.662e+03     7.6237     7.6239     0.0002     5.2804     5.2805      6.936      7.092      0.312    1467.87    1467.87  0.000e+00
        836      7.500    12.9601    12.9604     0.0003    1.01532    1.01537          1     6.8516     6.3959      10.00     0.0000  1.101e+00  1.786e+01  1.621e+03     7.6235     7.6239     0.0004     5.2802     5.2805      7.432      7.599      0.190    1467.88    1467.88  0.000e+00
        895      8.000    12.9605    12.9602    -0.0004    1.01534    1.01537          1     6.8458     6.3852      10.00     0.0000  9.583e-01  1.499e+01  1.564e+03     7.6235     7.6239     0.0003     5.2802     5.2805      7.927      8.106      0.344    1467.89    1467.88  0.000e+00
        924      8.500    12.9606    12.9613     0.0007    1.01534    1.01540          1     6.8542     6.3927      10.00     0.0000  8.976e-01  1.373e+01  1.529e+03     7.6235     7.6239     0.0003     5.2802     5.2803      8.423      8.612      0.362    1467.90    1467.90  0.000e+00
        973      9.000    12.9609    12.9612     0.0003    1.01535    1.01540          1     6.8583     6.3924      10.00     0.0000  7.457e-01  1.091e+01  1.462e+03     7.6235     7.6238     0.0003     5.2801     5.2803      8.918      9.119      0.196    1467.90    1467.90  0.000e+00
       1033      9.500    12.9612    12.9614     0.0002    1.01537    1.01542          1     6.8462     6.3937       9.99     0.0000  6.661e-01  9.271e+00  1.392e+03     7.6235     7.6239     0.0004     5.2801     5.2803      9.414      9.625      0.276    1467.91    1467.91  0.000e+00
       1070     10.000    12.9622    12.9632     0.0009    1.01542    1.01550          1     6.8504     6.3905       9.99     0.0000  5.850e-01  8.009e+00  1.369e+03     7.6236     7.6241     0.0005     5.2800     5.2802      9.909     10.132      0.333    1467.92    1467.93  0.000e+00
       1113     10.500    12.9628    12.9638     0.0010    1.01544    1.01552          1     6.8531     6.3867       9.99     0.0000  5.121e-01  6.951e+00  1.357e+03     7.6236     7.6241     0.0005     5.2800     5.2802     10.404     10.638      0.234    1467.93    1467.94  0.000e+00
       1170     11.000    12.9631    12.9641     0.0010    1.01544    1.01553          1     6.8542     6.3937       9.99     0.0000  4.404e-01  6.012e+00  1.365e+03     7.6236     7.6241     0.0005     5.2799     5.2801     10.900     11.145      0.237    1467.94    1467.95  0.000e+00
       1214     11.500    12.9641    12.9642     0.0001    1.01545    1.01553          1     6.8468     6.3924       9.99     0.0000  3.787e-01  5.267e+00  1.391e+03     7.6234     7.6240     0.0006     5.2796     5.2800     11.395     11.652      0.307    1467.96    1467.96  0.000e+00
       1252     12.000    12.9640    12.9636    -0.0003    1.01550    1.01553          1     6.8523     6.4020       9.99     0.0000  3.270e-01  4.704e+00  1.440e+03     7.6237     7.6240     0.0003     5.2798     5.2801     11.891     12.158      0.286    1467.96    1467.96  0.000e+00
       1307     12.500    12.9626    12.9607    -0.0018    1.01545    1.01542          1     6.8570     6.3996       9.99     0.0000  2.796e-01  4.231e+00  1.514e+03     7.6235     7.6237     0.0001     5.2799     5.2803     12.386     12.665      0.195    1467.97    1467.96  0.000e+00
       1362     13.000    12.9607    12.9608     0.0001    1.01539    1.01544          1     6.8556     6.4044       9.99     0.0000  2.556e-01  3.944e+00  1.543e+03     7.6234     7.6238     0.0004     5.2801     5.2803     12.882     13.171      0.317    1467.97    1467.97  0.000e+00
       1394     13.500    12.9607    12.9610     0.0003    1.01539    1.01544          1     6.8553     6.4021       9.99     0.0000  2.331e-01  3.553e+00  1.524e+03     7.6233     7.6237     0.0004     5.2800     5.2802     13.377     13.678      0.374    1467.98    1467.98  0.000e+00
       1429     14.000    12.9608    12.9610     0.0003    1.01540    1.01545          1     6.8512     6.3935       9.99     0.0000  2.084e-01  3.050e+00  1.463e+03     7.6233     7.6237     0.0004     5.2800     5.2803     13.872     14.185      0.293    1467.98    1467.99  0.000e+00
       1486     14.500    12.9608    12.9609     0.0001    1.01541    1.01545          1     6.8403     6.3873       9.99     0.0000  1.830e-01  2.471e+00  1.348e+03     7.6234     7.6237     0.0003     5.2800     5.2802     14.368     14.691      0.207    1467.99    1467.99  0.000e+00
       1536     15.000    12.9606    12.9610     0.0004    1.01540    1.01546          1     6.8485     6.3885       9.99     0.0000  1.603e-01  2.085e+00  1.301e+03     7.6234     7.6237     0.0003     5.2800     5.2802     14.863     15.198      0.297    1468.00    1468.00  0.000e+00
       1575     15.500    12.9601    12.9604     0.0003    1.01542    1.01547          1     6.8513     6.3954       9.98     0.0000  1.311e-01  1.718e+00  1.310e+03     7.6235     7.6238     0.0003     5.2802     5.2804     15.359     15.704      0.282    1468.01    1468.01  0.000e+00
       1625     16.000    12.9604    12.9610     0.0006    1.01542    1.01548          1     6.8514     6.3979       9.98     0.0000  1.155e-01  1.548e+00  1.341e+03     7.6234     7.6237     0.0003     5.2801     5.2803     15.854     16.211      0.240    1468.02    1468.02  0.000e+00
       1668     16.500    12.9601    12.9602     0.0002    1.01544    1.01549          1     6.8441     6.3973       9.98     0.0000  9.955e-02  1.399e+00  1.406e+03     7.6236     7.6239     0.0004     5.2803     5.2805     16.350     16.718      0.318    1468.02    1468.02  0.000e+00
       1707     17.000    12.9591    12.9590    -0.0001    1.01545    1.01551          1     6.8405     6.3859       9.98     0.0000  8.524e-02  1.275e+00  1.497e+03     7.6238     7.6243     0.0005     5.2806     5.2810     16.845     17.224      0.281    1468.03    1468.03  0.000e+00
       1750     17.500    12.9596    12.9599     0.0003    1.01546    1.01552          1     6.8407     6.3899       9.98     0.0000  7.909e-02  1.242e+00  1.570e+03     7.6237     7.6241     0.0004     5.2805     5.2807     17.340     17.731      0.291    1468.04    1468.04  0.000e+00
       1798     18.000    12.9584    12.9577    -0.0007    1.01549    1.01558          1     6.8388     6.3782       9.98     0.0000  6.921e-02  1.111e+00  1.606e+03     7.6242     7.6250     0.0008     5.2810     5.2817     17.836     18.237      0.222    1468.04    1468.04  0.000e+00
       1853     18.500    12.9573    12.9579     0.0006    1.01556    1.01561          1     6.8351     6.3850       9.98     0.0000  6.321e-02  9.899e-01  1.566e+03     7.6248     7.6251     0.0003     5.2816     5.2818     18.331     18.744      0.291    1468.05    1468.05  0.000e+00
       1886     19.000    12.9575    12.9574    -0.0000    1.01553    1.01557          1     6.8267     6.3906       9.98     0.0000  5.730e-02  8.526e-01  1.486e+03     7.6246     7.6249     0.0003     5.2814     5.2817     18.827     19.251      0.349    1468.06    1468.06  0.000e+00
       1928     19.500    12.9570    12.9572     0.0002    1.01556    1.01563          1     6.8209     6.3813       9.97     0.0000  4.772e-02  6.559e-01  1.372e+03     7.6248     7.6254     0.0006     5.2817     5.2821     19.322     19.757      0.253    1468.06    1468.06  0.000e+00
       1975     20.000    12.9559    12.9567     0.0008    1.01561    1.01570          1     6.8225     6.3701       9.97     0.0000  4.047e-02  5.033e-01  1.242e+03     7.6254     7.6260     0.0006     5.2823     5.2826     19.818     20.264      0.276    1468.07    1468.07  0.000e+00
       2017     20.500    12.9546    12.9546     0.0000    1.01559    1.01564          1     6.8193     6.3689       9.97     0.0000  3.320e-02  3.858e-01  1.160e+03     7.6255     7.6259     0.0004     5.2825     5.2828     20.313     20.770      0.267    1468.07    1468.07  0.000e+00
       2069     21.000    12.9539    12.9540     0.0000    1.01558    1.01563          1     6.8294     6.3572       9.97     0.0000  2.490e-02  2.802e-01  1.126e+03     7.6254     7.6259     0.0004     5.2826     5.2829     20.808     21.277      0.236    1468.08    1468.08  0.000e+00
       2110     21.500    12.9537    12.9540     0.0003    1.01559    1.01564          1     6.8225     6.3613       9.97     0.0000  2.054e-02  2.290e-01  1.115e+03     7.6255     7.6258     0.0003     5.2827     5.2829     21.304     21.784      0.343    1468.08    1468.08  0.000e+00
       2147     22.000    12.9534    12.9535     0.0001    1.01559    1.01564          1     6.8262     6.3751       9.97     0.0000  1.542e-02  1.709e-01  1.108e+03     7.6255     7.6259     0.0004     5.2827     5.2830     21.799     22.290      0.243    1468.09    1468.09  0.000e+00
       2214     22.500    12.9533    12.9530    -0.0002    1.01560    1.01565          1     6.8234     6.3670       9.97     0.0000  1.144e-02  1.286e-01  1.124e+03     7.6256     7.6261     0.0004     5.2828     5.2832     22.295     22.797      0.315    1468.10    1468.10  0.000e+00
       2241     23.000    12.9531    12.9530    -0.0001    1.01562    1.01566          1     6.8240     6.3668       9.97     0.0000  8.620e-03  9.805e-02  1.138e+03     7.6257     7.6261     0.0003     5.2829     5.2832     22.790     23.303      0.467    1468.11    1468.10  0.000e+00
       2269     23.500    12.9530    12.9535     0.0004    1.01562    1.01568          1     6.8229     6.3679       9.97     0.0000  5.511e-03  6.428e-02  1.169e+03     7.6257     7.6261     0.0004     5.2829     5.2831     23.285     23.810      0.347    1468.11    1468.12  0.000e+00
       2335     24.000    12.9521    12.9522     0.0001    1.01555    1.01560          1     6.8225     6.3684       9.97     0.0000  4.214e-03  5.541e-02  1.322e+03     7.6253     7.6257     0.0004     5.2827     5.2830     23.781     24.316      0.270    1468.12    1468.12  0.000e+00
       2375     24.500    12.9500    12.9499    -0.0002    1.01547    1.01553          1     6.8306     6.3626       9.97     0.0000  3.120e-03  4.505e-02  1.448e+03     7.6249     7.6255     0.0006     5.2828     5.2833     24.276     24.823      0.352    1468.12    1468.12  0.000e+00
       2413     25.000    12.9434    12.9450     0.0016    1.01526    1.01534          1     6.8191     6.3686       9.97     0.0000  1.992e-03  3.087e-02  1.552e+03     7.6246     7.6249     0.0003     5.2835     5.2834     24.772     25.330      0.262    1468.10    1468.11  0.000e+00
       2471     25.500    12.9421    12.9429     0.0008    1.01521    1.01527          1     6.8159     6.3721       9.97     0.0000  1.637e-03  2.608e-02  1.592e+03     7.6244     7.6247     0.0003     5.2835     5.2836     25.267     25.836      0.250    1468.10    1468.11  0.000e+00
       2507     26.000    12.9392    12.9400     0.0008    1.01514    1.01521          1     6.8203     6.3716       9.97     0.0000  3.869e-04  6.090e-03  1.563e+03     7.6243     7.6248     0.0004     5.2838     5.2841     25.762     26.343      0.369    1468.10    1468.11  0.000e+00
       2543     26.500    12.9387    12.9367    -0.0020    1.01514    1.01513          1     6.8174     6.3689       9.97     0.0000  1.224e-05  1.925e-04  1.507e+03     7.6243     7.6247     0.0004     5.2839     5.2845     26.258     26.849      0.293    1468.11    1468.10  0.000e+00
       2589     27.000    12.9356    12.9338    -0.0018    1.01506    1.01506          1     6.8139     6.3655       9.97     0.0000  7.010e-14  1.000e-12  1.427e+03     7.6243     7.6246     0.0004     5.2843     5.2849     26.753     27.356      0.247    1468.11    1468.10  0.000e+00
       2639     27.500    12.9290    12.9242    -0.0049    1.01487    1.01477          1     6.8202     6.3642       9.97     0.0000  7.223e-14  1.000e-12  1.384e+03     7.6240     7.6242     0.0002     5.2851     5.2859     27.249     27.863      0.253    1468.09    1468.07  0.000e+00
       2680     28.000    12.9291    12.9247    -0.0044    1.01488    1.01479          1     6.8171     6.3565       9.97     0.0000  7.082e-14  1.000e-12  1.412e+03     7.6240     7.6242     0.0002     5.2851     5.2859     27.744     28.369      0.313    1468.10    1468.08  0.000e+00
       2728     28.500    12.9172    12.9017    -0.0155    1.01448    1.01402          1     6.8494     6.3835       9.97     0.0000  6.885e-14  1.000e-12  1.452e+03     7.6231     7.6225    -0.0006     5.2860     5.2878     28.239     28.876      0.218    1468.06    1468.00  0.000e+00
