ctdpy/tests/etc/all_smhi_bas_2018/SBE09_1044_20180129_1434_34_02_0031.cnv
* Sea-Bird SBE 9 Data File:
* FileName = C:\ctd\temp\2018\ME18D031.hex
* Software Version Seasave V 7.26.6.26
* Temperature SN = 5351
* Conductivity SN = 3941
* Number of Bytes Per Scan = 41
* Number of Voltage Words = 4
* Number of Scans Averaged by the Deck Unit = 1
* NMEA Latitude = 58 26.52 N
* NMEA Longitude = 020 20.04 E
* NMEA UTC (Time) = Jan 29 2018  14:34:38
* NMEA baud rate = 4800
** Station:  BY21
** Operator:  SSip
** Ship: MERI
** Average sound velocity: 1439.03 m/s
** True-depth calculation Mon, 29 Jan 2018 16:10:53 +0000
** CTD Python Module SMHI /ver 3-12/ feb 2012 
** LIMS Job: 20183402-0031
** Cruise: SMHI-01-2018
** Latitude [GG MM.mm N] :
** Longitude [GG MM.mm E]:
# nquan = 26
# nvalues = 233                         
# units = specified
# name 0 = scan: Scan Count
# name 1 = prDM: Pressure, Digiquartz [db]
# name 2 = t090C: Temperature [ITS-90, deg C]
# name 3 = t190C: Temperature, 2 [ITS-90, deg C]
# name 4 = T2-T190C: Temperature Difference, 2 - 1 [ITS-90, deg C]
# name 5 = c0S/m: Conductivity [S/m]
# name 6 = c1S/m: Conductivity, 2 [S/m]
# name 7 = pumps: Pump Status
# name 8 = sbeox0ML/L: Oxygen, SBE 43 [ml/l]
# name 9 = sbeox1ML/L: Oxygen, SBE 43, 2 [ml/l]
# name 10 = altM: Altimeter [m]
# name 11 = flECO-AFL: Chl-a Fluorescence, WET Labs ECO-AFL/FL [mg/m^3]
# name 12 = flECO-AFL1: Phycocyanin Fluorescence, WET Labs ECO-AFL/FL, 2 [mg/m^3]
# name 13 = par: PAR/Irradiance, Biospherical/Lico [µE/(cm^2*s)]
# name 14 = turbWETntu0: Turbidity, WET Labs ECO [NTU]
# name 15 = sal00: Salinity, Practical [PSU]
# name 16 = sal11: Salinity, Practical, 2 [PSU]
# name 17 = secS-priS: Salinity, Practical, Difference, 2 - 1 [PSU]
# name 18 = sigma-t00: Density [sigma-t, Kg/m^3 ]
# name 19 = sigma-t11: Density, 2 [sigma-t, Kg/m^3 ]
# name 20 = depSM: Depth [salt water, m], lat = 58.442
# name 21 = depFM: Depth [true depth, m], lat = 58.442
# name 22 = dz/dtM: Descent Rate [m/s], WS = 2
# name 23 = svCM: Sound Velocity [Chen-Millero, m/s]
# name 24 = svCM1: Sound Velocity, 2 [Chen-Millero, m/s]
# name 25 = flag: flag
# span 0 =       7620,      12821       
# span 1 =      1.000,    117.000       
# span 2 =     4.6057,     6.3101       
# span 3 =     4.6062,     6.3103       
# span 4 =    -0.0429,     0.0333       
# span 5 =   0.788256,   1.256704       
# span 6 =   0.788268,   1.256658       
# span 7 =          1,          1       
# span 8 =    0.02895,    8.09456       
# span 9 =    0.04971,    8.06308       
# span 10 =       2.79,      98.80      
# span 11 =     0.2726,     0.3825      
# span 12 =     0.2687,     0.5451      
# span 13 = -2.903e-06, 1.8245e+01      
# span 14 =     0.1070,     0.9761      
# span 15 =     7.3460,    11.5226      
# span 16 =     7.3458,    11.5221      
# span 17 =    -0.0171,     0.0020      
# span 18 =     5.8185,     9.0311      
# span 19 =     5.8192,     9.0307      
# span 20 =      0.991,    115.879      
# span 21 =      1.013,    118.357      
# span 22 =     -0.228,      0.824      
# span 23 =    1433.97,    1448.41      
# span 24 =    1433.97,    1448.40      
# span 25 = 0.0000e+00, 0.0000e+00      
# interval = decibars: 0.5              
# start_time = Jan 29 2018 14:34:38 [NMEA time, first data scan]
# bad_flag = -9.990e-29
*END*
       7620      1.000     4.6493     4.6828     0.0333    0.78926    0.79002          1     8.0699     7.9804      98.61     0.3486     0.2688  1.825e+01  0.1228000     7.3476     7.3478     0.0002     5.8221     5.8211      0.991      1.013     -0.015    1434.10    1434.25  0.000e+00
       7736      1.500     4.6611     4.6469    -0.0143    0.78955    0.78917          1     8.0758     8.0603      98.61     0.3534     0.3131  6.524e+00  0.1258000     7.3478     7.3472    -0.0006     5.8219     5.8218      1.486      1.519      0.463    1434.16    1434.09  0.000e+00
       7751      2.000     4.7540     4.7112    -0.0429    0.79178    0.79073          1     8.0946     8.0631      98.61     0.3524     0.3128  6.020e+00  0.1246000     7.3494     7.3484    -0.0009     5.8198     5.8206      1.981      2.025      0.494    1434.58    1434.39  0.000e+00
       7781      2.500     4.7790     4.7671    -0.0120    0.79229    0.79205          1     8.0595     7.9997      98.61     0.3579     0.3029  5.019e+00  0.1241000     7.3488     7.3491     0.0003     5.8185     5.8192      2.477      2.532      0.387    1434.70    1434.65  0.000e+00
       7808      3.000     4.6962     4.6595    -0.0365    0.79035    0.78940          1     8.0671     7.9919      98.61     0.3723     0.3165  4.458e+00  0.1354000     7.3478     7.3465    -0.0013     5.8206     5.8208      2.972      3.038      0.564    1434.34    1434.17  0.000e+00
       7827      3.500     4.6125     4.6127     0.0002    0.78832    0.78830          1     8.0671     8.0052      98.61     0.3583     0.3083  3.830e+00  0.1359000     7.3461     7.3458    -0.0003     5.8221     5.8219      3.467      3.544      0.607    1433.97    1433.98  0.000e+00
       7848      4.000     4.6096     4.6110     0.0014    0.78826    0.78827          1     8.0725     8.0171      98.61     0.3590     0.3152  3.262e+00  0.1340000     7.3460     7.3458    -0.0002     5.8221     5.8219      3.963      4.051      0.517    1433.97    1433.97  0.000e+00
       7874      4.500     4.6116     4.6117     0.0001    0.78833    0.78831          1     8.0855     8.0285      98.61     0.3627     0.3402  3.011e+00  0.1274000     7.3462     7.3459    -0.0003     5.8222     5.8220      4.458      4.557      0.450    1433.99    1433.99  0.000e+00
       7899      5.000     4.6117     4.6123     0.0006    0.78834    0.78834          1     8.0747     8.0253      98.61     0.3544     0.3368  2.411e+00  0.1227000     7.3463     7.3461    -0.0002     5.8223     5.8221      4.953      5.063      0.557    1433.99    1434.00  0.000e+00
       7918      5.500     4.6114     4.6108    -0.0006    0.78836    0.78832          1     8.0712     8.0234      98.61     0.3627     0.3292  2.195e+00  0.1246000     7.3464     7.3461    -0.0002     5.8224     5.8222      5.449      5.570      0.616    1434.00    1434.00  0.000e+00
       7939      6.000     4.6109     4.6090    -0.0019    0.78836    0.78829          1     8.0728     8.0229      98.61     0.3385     0.3536  2.052e+00  0.1252000     7.3465     7.3462    -0.0003     5.8225     5.8223      5.944      6.076      0.568    1434.01    1434.00  0.000e+00
       7961      6.500     4.6083     4.6095     0.0012    0.78832    0.78832          1     8.0764     8.0232      98.61     0.3681     0.3124  1.716e+00  0.1294000     7.3465     7.3463    -0.0002     5.8226     5.8224      6.439      6.582      0.516    1434.00    1434.01  0.000e+00
       7985      7.000     4.6088     4.6105     0.0017    0.78834    0.78836          1     8.0728     8.0215      98.61     0.3565     0.2848  1.544e+00  0.1308000     7.3466     7.3464    -0.0002     5.8227     5.8224      6.935      7.088      0.473    1434.01    1434.02  0.000e+00
       8012      7.500     4.6092     4.6095     0.0003    0.78837    0.78835          1     8.0733     8.0255      98.61     0.3320     0.3167  1.451e+00  0.1248000     7.3468     7.3464    -0.0003     5.8228     5.8225      7.430      7.595      0.422    1434.02    1434.02  0.000e+00
       8042      8.000     4.6094     4.6113     0.0019    0.78839    0.78841          1     8.0622     8.0320      98.61     0.3414     0.3126  1.267e+00  0.1339000     7.3468     7.3466    -0.0002     5.8228     5.8226      7.925      8.101      0.413    1434.03    1434.04  0.000e+00
       8070      8.500     4.6105     4.6112     0.0007    0.78843    0.78842          1     8.0627     8.0255      98.62     0.3510     0.3501  1.132e+00  0.1130000     7.3469     7.3466    -0.0003     5.8229     5.8226      8.421      8.607      0.449    1434.04    1434.05  0.000e+00
       8096      9.000     4.6075     4.6089     0.0014    0.78837    0.78837          1     8.0794     8.0251      98.61     0.3481     0.5451  1.034e+00  0.1232000     7.3469     7.3466    -0.0003     5.8230     5.8227      8.916      9.114      0.442    1434.04    1434.04  0.000e+00
       8125      9.500     4.6074     4.6073    -0.0000    0.78839    0.78835          1     8.0758     8.0281      98.62     0.3349     0.3359  8.897e-01  0.1205000     7.3470     7.3467    -0.0004     5.8230     5.8228      9.411      9.620      0.397    1434.04    1434.05  0.000e+00
       8156     10.000     4.6077     4.6069    -0.0007    0.78840    0.78835          1     8.0767     8.0203      98.62     0.3439     0.3094  8.032e-01  0.1330000     7.3471     7.3467    -0.0004     5.8230     5.8228      9.907     10.126      0.403    1434.06    1434.05  0.000e+00
       8183     10.500     4.6086     4.6070    -0.0016    0.78844    0.78836          1     8.0643     8.0198      98.62     0.3436     0.3110  7.301e-01  0.1353000     7.3472     7.3467    -0.0005     5.8231     5.8228     10.402     10.633      0.514    1434.07    1434.06  0.000e+00
       8204     11.000     4.6069     4.6068    -0.0001    0.78840    0.78836          1     8.0601     8.0313      98.62     0.3394     0.3113  6.498e-01  0.1334000     7.3471     7.3467    -0.0004     5.8231     5.8228     10.897     11.139      0.563    1434.07    1434.07  0.000e+00
       8226     11.500     4.6057     4.6063     0.0007    0.78838    0.78836          1     8.0658     8.0342      98.62     0.3183     0.3116  6.014e-01  0.1285000     7.3471     7.3468    -0.0003     5.8232     5.8229     11.393     11.645      0.513    1434.07    1434.07  0.000e+00
       8251     12.000     4.6076     4.6072    -0.0004    0.78843    0.78840          1     8.0705     8.0212      98.62     0.3288     0.3390  5.516e-01  0.1235000     7.3471     7.3469    -0.0002     5.8231     5.8229     11.888     12.152      0.455    1434.09    1434.09  0.000e+00
       8278     12.500     4.6070     4.6067    -0.0002    0.78842    0.78838          1     8.0826     8.0167      98.62     0.3523     0.2970  5.032e-01  0.1216000     7.3471     7.3468    -0.0003     5.8231     5.8229     12.383     12.658      0.483    1434.09    1434.09  0.000e+00
       8301     13.000     4.6060     4.6067     0.0007    0.78841    0.78839          1     8.0852     8.0201      98.62     0.3279     0.2969  4.461e-01  0.1194000     7.3471     7.3468    -0.0004     5.8232     5.8229     12.879     13.164      0.540    1434.10    1434.10  0.000e+00
       8323     13.500     4.6066     4.6068     0.0002    0.78844    0.78841          1     8.0855     8.0178      98.62     0.3403     0.3098  3.836e-01  0.1230000     7.3472     7.3468    -0.0003     5.8232     5.8229     13.374     13.671      0.557    1434.11    1434.11  0.000e+00
       8344     14.000     4.6099     4.6106     0.0006    0.78853    0.78850          1     8.0850     8.0159      98.62     0.3611     0.3372  3.404e-01  0.1184000     7.3473     7.3469    -0.0004     5.8232     5.8228     13.869     14.177      0.556    1434.13    1434.13  0.000e+00
       8366     14.500     4.6065     4.6065     0.0000    0.78845    0.78841          1     8.0801     8.0201      98.61     0.3592     0.3460  3.079e-01  0.1214000     7.3472     7.3468    -0.0003     5.8232     5.8229     14.365     14.683      0.567    1434.12    1434.12  0.000e+00
       8387     15.000     4.6114     4.6144     0.0031    0.78858    0.78862          1     8.0736     8.0283      98.62     0.3678     0.3304  2.783e-01  0.1314000     7.3473     7.3471    -0.0003     5.8232     5.8229     14.860     15.190      0.595    1434.15    1434.16  0.000e+00
       8406     15.500     4.6131     4.6217     0.0084    0.78862    0.78879          1     8.0679     8.0269      98.62     0.3670     0.3735  2.487e-01  0.1303000     7.3473     7.3471    -0.0002     5.8231     5.8226     15.355     15.696      0.625    1434.17    1434.20  0.000e+00
       8425     16.000     4.6124     4.6144     0.0021    0.78861    0.78862          1     8.0660     8.0213      98.62     0.3509     0.3598  2.337e-01  0.1070000     7.3473     7.3470    -0.0004     5.8231     5.8228     15.851     16.202      0.631    1434.17    1434.18  0.000e+00
       8444     16.500     4.6076     4.6087     0.0011    0.78850    0.78848          1     8.0712     8.0178      98.62     0.3708     0.3444  2.125e-01  0.1221000     7.3472     7.3468    -0.0004     5.8232     5.8228     16.346     16.709      0.628    1434.16    1434.16  0.000e+00
       8463     17.000     4.6061     4.6070     0.0009    0.78847    0.78845          1     8.0724     8.0196      98.62     0.3543     0.3142  1.836e-01  0.1232000     7.3472     7.3468    -0.0004     5.8232     5.8229     16.841     17.215      0.587    1434.16    1434.16  0.000e+00
       8485     17.500     4.6058     4.6062     0.0004    0.78848    0.78845          1     8.0764     8.0171      98.62     0.3339     0.3116  1.598e-01  0.1244000     7.3472     7.3468    -0.0004     5.8232     5.8229     17.336     17.721      0.543    1434.17    1434.17  0.000e+00
       8507     18.000     4.6074     4.6078     0.0004    0.78853    0.78850          1     8.0774     8.0182      98.63     0.3346     0.3659  1.350e-01  0.1190000     7.3473     7.3470    -0.0003     5.8233     5.8230     17.832     18.228      0.554    1434.18    1434.18  0.000e+00
       8528     18.500     4.6083     4.6086     0.0003    0.78856    0.78853          1     8.0741     8.0217      98.63     0.3482     0.3368  1.166e-01  0.1102000     7.3474     7.3470    -0.0004     5.8233     5.8230     18.327     18.734      0.607    1434.19    1434.19  0.000e+00
       8547     19.000     4.6073     4.6080     0.0006    0.78854    0.78852          1     8.0751     8.0163      98.63     0.3738     0.3157  9.867e-02  0.1287000     7.3474     7.3470    -0.0003     5.8233     5.8231     18.822     19.240      0.662    1434.20    1434.20  0.000e+00
       8565     19.500     4.6076     4.6085     0.0009    0.78856    0.78854          1     8.0740     8.0133      98.63     0.3564     0.3310  7.973e-02  0.1323000     7.3474     7.3470    -0.0004     5.8233     5.8230     19.318     19.747      0.651    1434.21    1434.21  0.000e+00
       8584     20.000     4.6080     4.6086     0.0006    0.78858    0.78855          1     8.0777     8.0217      98.63     0.3457     0.3180  6.686e-02  0.1361000     7.3474     7.3470    -0.0004     5.8234     5.8230     19.813     20.253      0.582    1434.22    1434.22  0.000e+00
       8606     20.500     4.6075     4.6079     0.0004    0.78856    0.78854          1     8.0818     8.0325      98.65     0.3620     0.3046  5.406e-02  0.1351000     7.3474     7.3470    -0.0004     5.8233     5.8230     20.308     20.759      0.522    1434.22    1434.22  0.000e+00
       8630     21.000     4.6071     4.6079     0.0007    0.78856    0.78854          1     8.0825     8.0314      98.66     0.3619     0.3131  4.520e-02  0.1297000     7.3474     7.3470    -0.0004     5.8233     5.8230     20.804     21.265      0.538    1434.23    1434.23  0.000e+00
       8651     21.500     4.6071     4.6077     0.0005    0.78857    0.78854          1     8.0754     8.0253      98.66     0.3729     0.3278  3.408e-02  0.1245000     7.3473     7.3470    -0.0004     5.8233     5.8230     21.299     21.772      0.606    1434.24    1434.24  0.000e+00
       8670     22.000     4.6072     4.6074     0.0001    0.78858    0.78854          1     8.0665     8.0212      98.66     0.3565     0.3300  2.605e-02  0.1281000     7.3473     7.3470    -0.0004     5.8233     5.8230     21.794     22.278      0.654    1434.24    1434.24  0.000e+00
       8688     22.500     4.6073     4.6075     0.0002    0.78858    0.78855          1     8.0639     8.0184      98.66     0.3505     0.3521  1.880e-02  0.1266000     7.3473     7.3470    -0.0003     5.8233     5.8230     22.289     22.784      0.647    1434.25    1434.25  0.000e+00
       8707     23.000     4.6075     4.6077     0.0002    0.78860    0.78857          1     8.0705     8.0248      98.65     0.3510     0.3418  6.455e-03  0.1190000     7.3473     7.3470    -0.0003     5.8233     5.8230     22.785     23.291      0.578    1434.26    1434.26  0.000e+00
       8730     23.500     4.6073     4.6080     0.0006    0.78860    0.78858          1     8.0678     8.0349      98.63     0.3385     0.3170  6.737e-04  0.1467000     7.3473     7.3470    -0.0004     5.8233     5.8230     23.280     23.797      0.481    1434.27    1434.27  0.000e+00
       8757     24.000     4.6073     4.6078     0.0005    0.78861    0.78858          1     8.0584     8.0235      98.60     0.3394     0.3160 -2.903e-06  0.1288000     7.3474     7.3469    -0.0004     5.8233     5.8230     23.775     24.303      0.455    1434.28    1434.28  0.000e+00
       8782     24.500     4.6074     4.6078     0.0005    0.78861    0.78859          1     8.0663     8.0300      92.61     0.3402     0.3125  1.000e-12  0.1183000     7.3473     7.3470    -0.0003     5.8232     5.8230     24.271     24.810      0.554    1434.28    1434.29  0.000e+00
       8801     25.000     4.6070     4.6072     0.0002    0.78861    0.78858          1     8.0759     7.9743      56.86     0.3484     0.3032  1.000e-12  0.1339000     7.3473     7.3469    -0.0004     5.8233     5.8230     24.766     25.316      0.653    1434.29    1434.29  0.000e+00
       8819     25.500     4.6067     4.6070     0.0003    0.78860    0.78857          1     8.0777     8.0140      94.99     0.3480     0.3272  1.000e-12  0.1420000     7.3472     7.3469    -0.0003     5.8232     5.8230     25.261     25.822      0.697    1434.30    1434.30  0.000e+00
       8836     26.000     4.6071     4.6075     0.0004    0.78862    0.78860          1     8.0764     8.0491      98.45     0.3508     0.3294  1.000e-12  0.1473000     7.3473     7.3469    -0.0004     5.8233     5.8230     25.756     26.329      0.686    1434.31    1434.31  0.000e+00
       8854     26.500     4.6071     4.6076     0.0005    0.78863    0.78860          1     8.0768     8.0203      97.86     0.3610     0.3313  1.000e-12  0.1232000     7.3473     7.3469    -0.0004     5.8233     5.8230     26.252     26.835      0.632    1434.31    1434.32  0.000e+00
       8874     27.000     4.6069     4.6075     0.0005    0.78863    0.78861          1     8.0845     8.0164      97.35     0.3609     0.3322  1.000e-12  0.1296000     7.3473     7.3470    -0.0004     5.8233     5.8230     26.747     27.341      0.558    1434.32    1434.32  0.000e+00
       8897     27.500     4.6068     4.6073     0.0005    0.78864    0.78861          1     8.0858     8.0132      96.98     0.3575     0.3305  1.000e-12  0.1275000     7.3473     7.3469    -0.0004     5.8233     5.8230     27.242     27.848      0.480    1434.33    1434.33  0.000e+00
       8924     28.000     4.6066     4.6071     0.0005    0.78864    0.78861          1     8.0624     8.0087      96.44     0.3437     0.3212  1.000e-12  0.1276000     7.3473     7.3469    -0.0004     5.8233     5.8230     27.738     28.354      0.468    1434.34    1434.34  0.000e+00
