ctdpy/tests/etc/all_smhi_bas_2018/SBE09_0827_20180904_0400_26_01_0958.cnv
* Sea-Bird SBE 9 Data File:
* FileName = D:\CTD_SBE911\DAT\26DA.2018.9.8.hex
* Software Version Seasave V 7.21d
* Temperature SN = 034605
* Conductivity SN = 041844
* Number of Bytes Per Scan = 48
* Number of Voltage Words = 5
* Number of Scans Averaged by the Deck Unit = 1
* NMEA Latitude = 55 33.19 N
* NMEA Longitude = 018 23.99 E
* NMEA UTC (Time) = Sep 04 2018  04:03:14
* NMEA baud rate = 4800
** Ship: DANA
** Average sound velocity: 1445.30 m/s
** True-depth calculation Wed, 03 Apr 2019 09:25:08 +0000
** CTD Python Module SMHI /ver 3-12/ feb 2012 
** LIMS Job: 20182601-0958
**  BCSS III-10
** Operator: Christian
** Cruise: 09/2018
# nquan = 26
# nvalues = 172                         
# units = specified
# name 0 = scan: Scan Count
# name 1 = prDM: Pressure, Digiquartz [db]
# name 2 = t090C: Temperature [ITS-90, deg C]
# name 3 = t190C: Temperature, 2 [ITS-90, deg C]
# name 4 = T2-T190C: Temperature Difference, 2 - 1 [ITS-90, deg C]
# name 5 = c0S/m: Conductivity [S/m]
# name 6 = c1S/m: Conductivity, 2 [S/m]
# name 7 = pumps: Pump Status
# name 8 = sbeox1ML/L: Oxygen, SBE 43, 2 [ml/l]
# name 9 = sbeox0ML/L: Oxygen, SBE 43 [ml/l]
# name 10 = altM: Altimeter [m]
# name 11 = chloroflTC0: Chlorophyll, Turner Cyclops [ug/l]
# name 12 = cpar: CPAR/Corrected Irradiance [%]
# name 13 = par: PAR/Irradiance, Biospherical/Lico [µE/(cm^2*s)]
# name 14 = spar: SPAR, Biospherical/Licor
# name 15 = sal00: Salinity, Practical [PSU]
# name 16 = sal11: Salinity, Practical, 2 [PSU]
# name 17 = secS-priS: Salinity, Practical, Difference, 2 - 1 [PSU]
# name 18 = sigma-t00: Density [sigma-t, kg/m^3 ]
# name 19 = sigma-t11: Density, 2 [sigma-t, kg/m^3 ]
# name 20 = depSM: Depth [salt water, m], lat = 55.5532
# name 21 = depFM: Depth [true depth, m], lat = 55.5532
# name 22 = dz/dtM: Descent Rate [m/s], WS = 2
# name 23 = svCM: Sound Velocity [Chen-Millero, m/s]
# name 24 = svCM1: Sound Velocity, 2 [Chen-Millero, m/s]
# name 25 = flag: flag
# span 0 =         38,      11568       
# span 1 =      1.500,     87.000       
# span 2 =     3.2934,    19.5600       
# span 3 =     3.2926,    19.5587       
# span 4 =    -0.3293,     6.3648       
# span 5 =   0.770471,   1.215272       
# span 6 =   0.774279,   1.216434       
# span 7 =          1,          1       
# span 8 =     0.0416,     7.7289       
# span 9 =     0.0208,     8.0820       
# span 10 =      -1.38,       9.98      
# span 11 =     0.0428,     0.2227      
# span 12 = -2.475e-04, 5.4142e+00      
# span 13 = -7.036e-05, 1.4294e+00      
# span 14 = 2.6401e+01, 4.9963e+01      
# span 15 =     7.2031,    11.1579      
# span 16 =     7.2581,    11.1701      
# span 17 =    -0.4151,     0.1171      
# span 18 =     3.8476,     8.7526      
# span 19 =     3.8453,     8.7624      
# span 20 =      1.486,     86.194      
# span 21 =      1.522,     88.077      
# span 22 =     -0.450,      0.496      
# span 23 =    1429.09,    1489.46      
# span 24 =    1429.08,    1489.46      
# span 25 = 0.0000e+00, 0.0000e+00      
# interval = decibars: 0.5              
# start_time = Sep 04 2018 04:03:15 [NMEA time, first data scan]
# bad_flag = -9.990e-29
*END*
         38      1.500    19.5577    19.5569    -0.0007    1.13657    1.13605          1     6.4693     6.1939       9.98     0.1611  5.414e+00  1.429e+00  2.640e+01     7.3064     7.3029    -0.0035     3.8492     3.8468      1.486      1.522      0.042    1489.34    1489.33  0.000e+00
        278      2.000    19.5580    19.5573    -0.0006    1.13657    1.13607          1     6.4978     6.1672       9.98     0.1760  4.784e+00  1.263e+00  2.640e+01     7.3063     7.3030    -0.0033     3.8491     3.8467      1.982      2.029      0.369    1489.34    1489.34  0.000e+00
        318      2.500    19.5576    19.5574    -0.0001    1.13652    1.13608          1     6.4852     6.1755       9.97     0.1701  4.048e+00  1.072e+00  2.649e+01     7.3060     7.3030    -0.0030     3.8489     3.8466      2.477      2.537      0.496    1489.35    1489.34  0.000e+00
        372      3.000    19.5577    19.5574    -0.0003    1.13654    1.13607          1     6.4640     6.1854       9.97     0.1792  3.196e+00  8.507e-01  2.664e+01     7.3061     7.3029    -0.0032     3.8490     3.8466      2.973      3.044      0.269    1489.36    1489.35  0.000e+00
        424      3.500    19.5578    19.5572    -0.0005    1.13655    1.13604          1     6.4518     6.1828       9.97     0.1885  2.488e+00  6.666e-01  2.682e+01     7.3061     7.3026    -0.0034     3.8489     3.8465      3.468      3.551      0.386    1489.37    1489.36  0.000e+00
        456      4.000    19.5578    19.5572    -0.0006    1.13655    1.13607          1     6.4880     6.1692       9.97     0.2016  1.886e+00  5.116e-01  2.716e+01     7.3060     7.3028    -0.0033     3.8489     3.8466      3.964      4.059      0.275    1489.37    1489.37  0.000e+00
        525      4.500    19.5557    19.5544    -0.0012    1.13642    1.13589          1     6.4916     6.1760       9.97     0.1946  1.458e+00  4.049e-01  2.781e+01     7.3055     7.3020    -0.0035     3.8490     3.8466      4.459      4.566      0.306    1489.38    1489.37  0.000e+00
        556      5.000    19.5549    19.5541    -0.0008    1.13638    1.13587          1     6.4773     6.1801       9.97     0.1812  1.075e+00  3.023e-01  2.816e+01     7.3053     7.3019    -0.0034     3.8489     3.8466      4.955      5.073      0.340    1489.38    1489.38  0.000e+00
        619      5.500    19.5552    19.5552    -0.0000    1.13639    1.13589          1     6.5212     6.1664       9.97     0.1862  7.981e-01  2.255e-01  2.827e+01     7.3052     7.3018    -0.0034     3.8489     3.8462      5.450      5.580      0.274    1489.39    1489.39  0.000e+00
        662      6.000    19.5560    19.5551    -0.0009    1.13638    1.13590          1     6.5517     6.1659       9.97     0.1827  5.306e-01  1.508e-01  2.843e+01     7.3050     7.3018    -0.0032     3.8485     3.8463      5.946      6.088      0.333    1489.40    1489.39  0.000e+00
        712      6.500    19.5562    19.5556    -0.0006    1.13640    1.13590          1     6.4935     6.1669       9.97     0.1915  3.317e-01  9.432e-02  2.843e+01     7.3051     7.3017    -0.0034     3.8485     3.8461      6.441      6.595      0.220    1489.41    1489.40  0.000e+00
        764      7.000    19.5600    19.5587    -0.0013    1.13648    1.13596          1     6.5253     6.1753       9.97     0.1847  1.687e-01  4.797e-02  2.843e+01     7.3049     7.3016    -0.0034     3.8476     3.8453      6.936      7.102      0.321    1489.43    1489.42  0.000e+00
        806      7.500    19.5599    19.5586    -0.0013    1.13649    1.13597          1     6.5440     6.1741       9.97     0.2060  3.102e-02  8.821e-03  2.843e+01     7.3049     7.3016    -0.0034     3.8476     3.8454      7.432      7.610      0.243    1489.44    1489.43  0.000e+00
        856      8.000    19.5580    19.5583     0.0003    1.13646    1.13596          1     6.5733     6.1813       9.97     0.2070 -2.475e-04 -7.036e-05  2.843e+01     7.3050     7.3015    -0.0035     3.8481     3.8454      7.927      8.117      0.253    1489.44    1489.44  0.000e+00
        905      8.500    19.5575    19.5577     0.0002    1.13651    1.13598          1     6.5384     6.1730       9.97     0.2081  3.517e-12  1.000e-12  2.843e+01     7.3054     7.3017    -0.0037     3.8485     3.8457      8.423      8.624      0.238    1489.45    1489.44  0.000e+00
        955      9.000    19.5556    19.5559     0.0003    1.13648    1.13600          1     6.5700     6.1587       9.97     0.2057  3.517e-12  1.000e-12  2.843e+01     7.3055     7.3021    -0.0034     3.8490     3.8463      8.918      9.132      0.235    1489.45    1489.45  0.000e+00
       1004      9.500    19.5572    19.5545    -0.0027    1.13654    1.13598          1     6.5474     6.1674       9.98     0.1989  3.517e-12  1.000e-12  2.843e+01     7.3056     7.3022    -0.0034     3.8487     3.8467      9.414      9.639      0.258    1489.46    1489.45  0.000e+00
       1055     10.000    19.5541    19.5553     0.0013    1.13646    1.13599          1     6.5413     6.1611       9.98     0.2077  3.517e-12  1.000e-12  2.843e+01     7.3055     7.3021    -0.0034     3.8493     3.8465      9.909     10.146      0.226    1489.46    1489.46  0.000e+00
       1102     10.500    19.5393    19.5499     0.0105    1.13609    1.13588          1     6.5164     6.1759       9.98     0.2067  3.517e-12  1.000e-12  2.843e+01     7.3055     7.3022    -0.0033     3.8525     3.8477     10.405     10.654      0.299    1489.42    1489.45  0.000e+00
       1144     11.000    19.5334    19.5398     0.0064    1.13593    1.13564          1     6.5401     6.1776       9.98     0.1973  3.517e-12  1.000e-12  2.843e+01     7.3054     7.3022    -0.0031     3.8536     3.8499     10.900     11.161      0.245    1489.41    1489.43  0.000e+00
       1195     11.500    19.5001    19.5295     0.0294    1.13506    1.13540          1     6.5583     6.1972       9.98     0.2157  3.517e-12  1.000e-12  2.843e+01     7.3050     7.3023    -0.0027     3.8605     3.8522     11.395     11.668      0.256    1489.32    1489.41  0.000e+00
       1242     12.000    19.3719    19.4957     0.1243    1.13160    1.13466          1     6.5545     6.2076       9.98     0.2046  3.517e-12  1.000e-12  2.843e+01     7.3031     7.3030    -0.0001     3.8864     3.8599     11.891     12.176      0.238    1488.94    1489.31  0.000e+00
       1295     12.500    18.8785    19.4285     0.5495    1.11652    1.13298          1     6.5846     6.1853       9.98     0.2154  3.517e-12  1.000e-12  2.843e+01     7.2830     7.3029     0.0199     3.9748     3.8742     12.386     12.683      0.231    1487.40    1489.12  0.000e+00
       1345     13.000    18.6145    19.2821     0.6678    1.10768    1.12929          1     6.5883     6.1813       9.98     0.2105  3.517e-12  1.000e-12  2.843e+01     7.2666     7.3024     0.0358     4.0170     3.9050     12.882     13.190      0.250    1486.57    1488.68  0.000e+00
       1392     13.500    18.4788    19.0363     0.5572    1.10295    1.12241          1     6.6050     6.1188       9.98     0.2227  3.493e-12  1.000e-12  2.864e+01     7.2566     7.2969     0.0403     4.0371     3.9526     13.377     13.697      0.247    1486.14    1487.92  0.000e+00
       1441     14.000    18.4050    18.8273     0.4225    1.10075    1.11594          1     6.5596     6.0846       9.98     0.2119  3.443e-12  1.000e-12  2.907e+01     7.2538     7.2877     0.0339     4.0501     3.9892     13.873     14.205      0.261    1485.92    1487.27  0.000e+00
       1484     14.500    18.3687    18.6488     0.2801    1.09985    1.10928          1     6.5159     6.0897       9.98     0.1981  3.380e-12  1.000e-12  2.962e+01     7.2538     7.2718     0.0180     4.0574     4.0139     14.368     14.712      0.268    1485.81    1486.71  0.000e+00
       1534     15.000    18.3684    18.5444     0.1761    1.10049    1.10584          1     6.4823     6.0867       9.98     0.1887  3.345e-12  1.000e-12  2.993e+01     7.2583     7.2655     0.0073     4.0609     4.0305     14.864     15.219      0.228    1485.82    1486.38  0.000e+00
       1586     15.500    18.3662    18.4409     0.0747    1.10083    1.10250          1     6.5017     6.0529       9.98     0.1825  3.287e-12  1.000e-12  3.043e+01     7.2611     7.2599    -0.0012     4.0634     4.0474     15.359     15.726      0.238    1485.83    1486.06  0.000e+00
       1636     16.000    18.3401    18.4092     0.0691    1.09980    1.10154          1     6.4570     6.0453       9.98     0.1744  3.283e-12  1.000e-12  3.046e+01     7.2582     7.2585     0.0003     4.0666     4.0528     15.854     16.233      0.234    1485.75    1485.97  0.000e+00
       1686     16.500    18.3246    18.3851     0.0607    1.09953    1.10089          1     6.4332     6.2808       9.98     0.1658  3.283e-12  1.000e-12  3.046e+01     7.2589     7.2581    -0.0008     4.0702     4.0573     16.350     16.741      0.245    1485.71    1485.90  0.000e+00
       1736     17.000    17.6011    18.3485     0.7497    1.08039    1.10023          1     6.5312     5.5191       9.98     0.1667  3.283e-12  1.000e-12  3.046e+01     7.2480     7.2597     0.0117     4.2022     4.0660     16.845     17.248      0.252    1483.38    1485.79  0.000e+00
       1778     17.500    12.7342    17.9496     5.2122    0.96246    1.09204          1     6.6129     5.7026       9.98     0.1661  3.283e-12  1.000e-12  3.046e+01     7.2375     7.2711     0.0336     5.0038     4.1543     17.341     17.755      0.296    1466.68    1484.55  0.000e+00
       1823     18.000     9.6499    16.0133     6.3648    0.88682    1.04858          1     6.4011     6.2293       9.98     0.1547  3.283e-12  1.000e-12  3.046e+01     7.2031     7.2984     0.0953     5.3599     4.5361     17.836     18.261      0.240    1455.04    1478.25  0.000e+00
       1874     18.500     7.6142    13.5796     5.9638    0.84108    0.99227          1     6.3014     6.6715       9.98     0.1413  3.283e-12  1.000e-12  3.046e+01     7.2066     7.3170     0.1103     5.5452     4.9499     18.332     18.768      0.256    1446.87    1469.89  0.000e+00
       1918     19.000     5.9668    11.3187     5.3521    0.80504    0.94037          1     6.3586     7.1191       9.98     0.1238  3.283e-12  1.000e-12  3.046e+01     7.2134     7.3305     0.1171     5.6580     5.2686     18.827     19.274      0.270    1439.96    1461.62  0.000e+00
       1966     19.500     5.3554     9.2332     3.8780    0.79439    0.89133          1     6.5924     7.4139       9.98     0.1018  3.283e-12  1.000e-12  3.046e+01     7.2412     7.3275     0.0863     5.7099     5.4994     19.322     19.781      0.232    1437.36    1453.58  0.000e+00
       2016     20.000     4.7993     7.5782     2.7788    0.78403    0.85394          1     6.7314     7.6709       9.98     0.0817  3.283e-12  1.000e-12  3.046e+01     7.2598     7.3329     0.0731     5.7471     5.6475     19.818     20.287      0.264    1434.95    1446.90  0.000e+00
       2060     20.500     4.3070     6.4331     2.1256    0.77402    0.82692          1     6.9045     7.7372       9.98     0.0755  3.283e-12  1.000e-12  3.046e+01     7.2678     7.3231     0.0553     5.7695     5.7185     20.313     20.793      0.271    1432.78    1442.11  0.000e+00
       2104     21.000     4.0887     5.4426     1.3547    0.77047    0.80527          1     7.1138     7.7888       9.98     0.0743  3.283e-12  1.000e-12  3.046e+01     7.2803     7.3284     0.0481     5.7854     5.7748     20.809     21.300      0.264    1431.83    1437.87  0.000e+00
       2153     21.500     4.1122     5.1818     1.0695    0.77309    0.79864          1     7.2973     7.8756       9.98     0.0739  3.283e-12  1.000e-12  3.046e+01     7.3015     7.3205     0.0190     5.8017     5.7802     21.304     21.806      0.256    1431.97    1436.73  0.000e+00
       2196     22.000     4.2075     4.6737     0.4660    0.77746    0.78877          1     7.3505     7.8481       9.98     0.0702  3.283e-12  1.000e-12  3.046e+01     7.3245     7.3345     0.0100     5.8173     5.8107     21.799     22.312      0.263    1432.43    1434.52  0.000e+00
       2249     22.500     4.2330     4.5495     0.3165    0.77958    0.78620          1     7.4495     7.8280       9.98     0.0651  3.283e-12  1.000e-12  3.046e+01     7.3402     7.3363    -0.0039     5.8291     5.8164     22.295     22.819      0.224    1432.58    1433.98  0.000e+00
       2295     23.000     4.2295     4.4494     0.2199    0.78045    0.78533          1     7.4861     7.8450       9.98     0.0604  3.283e-12  1.000e-12  3.046e+01     7.3497     7.3498     0.0000     5.8368     5.8303     22.790     23.325      0.284    1432.58    1433.56  0.000e+00
       2340     23.500     4.2385     4.3756     0.1371    0.78166    0.78438          1     7.5312     7.8499       9.98     0.0589  3.283e-12  1.000e-12  3.046e+01     7.3599     7.3567    -0.0032     5.8446     5.8380     23.286     23.831      0.239    1432.64    1433.25  0.000e+00
       2390     24.000     4.2372     4.3980     0.1605    0.78227    0.78526          1     7.5451     7.8434       9.98     0.0609  3.283e-12  1.000e-12  3.046e+01     7.3663     7.3604    -0.0059     5.8497     5.8404     23.781     24.338      0.268    1432.65    1433.36  0.000e+00
       2431     24.500     4.2176     4.3242     0.1066    0.78252    0.78492          1     7.5492     7.8667       9.98     0.0606  3.283e-12  1.000e-12  3.046e+01     7.3731     7.3735     0.0004     5.8557     5.8529     24.277     24.844      0.284    1432.58    1433.06  0.000e+00
       2478     25.000     4.1105     4.3185     0.2080    0.78055    0.78494          1     7.5864     7.9116       9.98     0.0580  3.283e-12  1.000e-12  3.046e+01     7.3772     7.3749    -0.0023     5.8617     5.8542     24.772     25.350      0.243    1432.11    1433.04  0.000e+00
       2526     25.500     3.9996     4.2215     0.2219    0.77804    0.78348          1     7.5950     8.0068       9.98     0.0560  3.283e-12  1.000e-12  3.046e+01     7.3766     7.3819     0.0052     5.8642     5.8625     25.267     25.857      0.258    1431.62    1432.62  0.000e+00
       2574     26.000     3.9426     4.1533     0.2105    0.77694    0.78197          1     7.6367     8.0735       9.98     0.0548  3.283e-12  1.000e-12  3.046e+01     7.3782     7.3818     0.0036     5.8667     5.8643     25.763     26.363      0.248    1431.37    1432.33  0.000e+00
       2620     26.500     3.9580     4.0271     0.0692    0.77764    0.77962          1     7.6445     8.0820       9.98     0.0532  3.283e-12  1.000e-12  3.046e+01     7.3818     7.3864     0.0046     5.8693     5.8712     26.258     26.869      0.270    1431.46    1431.77  0.000e+00
       2667     27.000     4.0284     4.0431     0.0146    0.77988    0.77987          1     7.7094     8.0115       9.98     0.0511  3.282e-12  1.000e-12  3.047e+01     7.3886     7.3852    -0.0034     5.8730     5.8699     26.754     27.375      0.232    1431.79    1431.85  0.000e+00
       2718     27.500     4.0624     4.0756     0.0133    0.78116    0.78110          1     7.7228     7.9522       9.98     0.0512  3.266e-12  1.000e-12  3.063e+01     7.3939     7.3903    -0.0037     5.8763     5.8731     27.249     27.882      0.269    1431.96    1432.01  0.000e+00
       2758     28.000     4.0233     4.0328     0.0096    0.78040    0.78075          1     7.6911     7.9749       9.98     0.0524  3.232e-12  1.000e-12  3.096e+01     7.3949     7.3963     0.0014     5.8781     5.8790     27.744     28.388      0.294    1431.79    1431.83  0.000e+00
       2805     28.500     4.0136     4.0637     0.0501    0.78042    0.78124          1     7.6984     7.9975       9.98     0.0503  3.171e-12  1.000e-12  3.156e+01     7.3973     7.3943    -0.0029     5.8802     5.8766     28.240     28.894      0.237    1431.76    1431.98  0.000e+00
