ctdpy/tests/etc/all_smhi_bas_2018/SBE09_1044_20180923_0154_34_01_0041.cnv
* Sea-Bird SBE 9 Data File:
* FileName = C:\ctd\temp\2018\AR18D041.hex
* Software Version Seasave V 7.26.6.26
* Temperature SN = 5351
* Conductivity SN = 3941
* Number of Bytes Per Scan = 41
* Number of Voltage Words = 4
* Number of Scans Averaged by the Deck Unit = 1
* NMEA Latitude = 55 00.95 N
* NMEA Longitude = 013 18.05 E
* NMEA UTC (Time) = Sep 23 2018  01:54:43
* NMEA baud rate = 4800
** Station:  BY1
** Operator:  MHan
** Ship: ARANDA
** Average sound velocity: 1483.06 m/s
** True-depth calculation Sun, 23 Sep 2018 02:30:20 +0000
** CTD Python Module SMHI /ver 3-12/ feb 2012 
** LIMS Job: 20183401-0041
** Cruise: SMHI-02-2018
** Latitude [GG MM.mm N] :
** Longitude [GG MM.mm E]:
# nquan = 26
# nvalues = 80                          
# units = specified
# name 0 = scan: Scan Count
# name 1 = prDM: Pressure, Digiquartz [db]
# name 2 = t090C: Temperature [ITS-90, deg C]
# name 3 = t190C: Temperature, 2 [ITS-90, deg C]
# name 4 = T2-T190C: Temperature Difference, 2 - 1 [ITS-90, deg C]
# name 5 = c0S/m: Conductivity [S/m]
# name 6 = c1S/m: Conductivity, 2 [S/m]
# name 7 = pumps: Pump Status
# name 8 = sbeox0ML/L: Oxygen, SBE 43 [ml/l]
# name 9 = sbeox1ML/L: Oxygen, SBE 43, 2 [ml/l]
# name 10 = altM: Altimeter [m]
# name 11 = flECO-AFL: Chl-a Fluorescence, WET Labs ECO-AFL/FL [mg/m^3]
# name 12 = flECO-AFL1: Phycocyanin Fluorescence, WET Labs ECO-AFL/FL, 2 [mg/m^3]
# name 13 = par: PAR/Irradiance, Biospherical/Lico [µE/(cm^2*s)]
# name 14 = turbWETntu0: Turbidity, WET Labs ECO [NTU]
# name 15 = sal00: Salinity, Practical [PSU]
# name 16 = sal11: Salinity, Practical, 2 [PSU]
# name 17 = secS-priS: Salinity, Practical, Difference, 2 - 1 [PSU]
# name 18 = sigma-t00: Density [sigma-t, Kg/m^3 ]
# name 19 = sigma-t11: Density, 2 [sigma-t, Kg/m^3 ]
# name 20 = depSM: Depth [salt water, m], lat = 55.0158
# name 21 = depFM: Depth [true depth, m], lat = 55.0158
# name 22 = dz/dtM: Descent Rate [m/s], WS = 2
# name 23 = svCM: Sound Velocity [Chen-Millero, m/s]
# name 24 = svCM1: Sound Velocity, 2 [Chen-Millero, m/s]
# name 25 = flag: flag
# span 0 =      13992,      18051       
# span 1 =      1.500,     41.000       
# span 2 =    15.6437,    16.5334       
# span 3 =    15.6444,    16.5324       
# span 4 =    -0.0746,     0.0722       
# span 5 =   1.157469,   2.510629       
# span 6 =   1.157515,   2.510367       
# span 7 =          1,          1       
# span 8 =    2.40375,    6.25075       
# span 9 =    2.18159,    4.99068       
# span 10 =       2.43,      41.22      
# span 11 =     0.3080,     2.1526      
# span 12 =     0.1779,     0.5973      
# span 13 = -6.040e-04, 7.7288e-02      
# span 14 =     0.1570,     0.4409      
# span 15 =     8.1875,    18.9765      
# span 16 =     8.1871,    18.9749      
# span 17 =    -0.1060,     0.4191      
# span 18 =     5.2747,    13.5174      
# span 19 =     5.2741,    13.5164      
# span 20 =      1.487,     40.626      
# span 21 =      1.520,     41.434      
# span 22 =      0.012,      1.034      
# span 23 =    1477.97,    1491.77      
# span 24 =    1477.97,    1491.76      
# span 25 = 0.0000e+00, 0.0000e+00      
# interval = decibars: 0.5              
# start_time = Sep 23 2018 01:54:43 [NMEA time, first data scan]
# bad_flag = -9.990e-29
*END*
      13992      1.500    15.6932    15.6936     0.0004    1.15759    1.15765          1     6.2361     4.6018      20.55     2.0717     0.5148  5.582e-03  0.3370000     8.1879     8.1882     0.0004     5.2759     5.2761      1.487      1.520      0.355    1477.97    1477.97  0.000e+00
      14012      2.000    15.6935    15.6947     0.0011    1.15756    1.15756          1     6.2418     4.5960      26.55     1.9867     0.5148  3.567e-02  0.3270000     8.1875     8.1873    -0.0002     5.2756     5.2752      1.982      2.026      0.500    1477.97    1477.98  0.000e+00
      14212      2.500    15.6952    15.6963     0.0010    1.15765    1.15764          1     6.2281     4.6476      37.81     2.0362     0.5001  7.729e-02  0.3266000     8.1878     8.1875    -0.0003     5.2755     5.2751      2.477      2.533      0.282    1477.99    1477.99  0.000e+00
      14348      3.000    15.6953    15.6963     0.0010    1.15769    1.15769          1     6.2344     4.7926      41.22     2.0635     0.5127  2.928e-02  0.3226000     8.1880     8.1878    -0.0002     5.2757     5.2753      2.973      3.040      0.402    1478.00    1478.00  0.000e+00
      14361      3.500    15.6933    15.6944     0.0012    1.15769    1.15769          1     6.2259     4.8571      19.91     2.0641     0.5149 -6.040e-04  0.3223000     8.1884     8.1881    -0.0003     5.2763     5.2759      3.468      3.546      0.638    1478.00    1478.00  0.000e+00
      14378      4.000    15.6917    15.6926     0.0009    1.15766    1.15765          1     6.2263     4.8838      29.34     1.9980     0.4970  7.764e-12  0.3230000     8.1884     8.1881    -0.0003     5.2766     5.2763      3.964      4.053      0.618    1478.00    1478.00  0.000e+00
      14402      4.500    15.6916    15.6922     0.0006    1.15762    1.15763          1     6.2211     4.8934      38.84     2.0069     0.5239  1.000e-12  0.3230000     8.1881     8.1880    -0.0001     5.2764     5.2762      4.459      4.559      0.415    1478.01    1478.01  0.000e+00
      14441      5.000    15.6921    15.6927     0.0006    1.15761    1.15760          1     6.2184     4.9369      38.75     2.0476     0.5614  1.000e-12  0.3224000     8.1879     8.1877    -0.0002     5.2761     5.2759      4.955      5.066      0.322    1478.02    1478.02  0.000e+00
      14469      5.500    15.6902    15.6909     0.0007    1.15765    1.15763          1     6.2201     4.9701      38.15     2.0524     0.5588  1.000e-12  0.3328000     8.1885     8.1882    -0.0003     5.2769     5.2766      5.450      5.573      0.562    1478.02    1478.02  0.000e+00
      14488      6.000    15.6937    15.6936    -0.0001    1.15770    1.15767          1     6.2206     4.9907      37.95     2.0574     0.5588  1.000e-12  0.3416000     8.1881     8.1879    -0.0002     5.2760     5.2759      5.946      6.079      0.645    1478.04    1478.04  0.000e+00
      14507      6.500    15.6877    15.6941     0.0064    1.15767    1.15765          1     6.2214     4.9848      37.62     2.0110     0.5306  1.000e-12  0.3427000     8.1890     8.1876    -0.0015     5.2778     5.2755      6.441      6.586      0.585    1478.03    1478.05  0.000e+00
      14531      7.000    15.6887    15.6925     0.0039    1.15769    1.15769          1     6.2351     4.9370      37.13     2.0002     0.5086  1.000e-12  0.3450000     8.1890     8.1882    -0.0008     5.2776     5.2763      6.937      7.092      0.406    1478.04    1478.05  0.000e+00
      14569      7.500    15.6888    15.6953     0.0065    1.15762    1.15763          1     6.2452     4.8827      36.23     2.0217     0.5481  1.000e-12  0.3249000     8.1884     8.1871    -0.0013     5.2771     5.2750      7.432      7.599      0.349    1478.05    1478.07  0.000e+00
      14596      8.000    15.6779    15.6837     0.0058    1.15747    1.15755          1     6.2313     4.8495      35.74     2.0224     0.5297  1.000e-12  0.3214000     8.1894     8.1888    -0.0006     5.2798     5.2783      7.928      8.106      0.601    1478.02    1478.04  0.000e+00
      14613      8.500    15.6793    15.6809     0.0016    1.15751    1.15752          1     6.2129     4.8229      35.45     2.0208     0.5536  1.000e-12  0.3314000     8.1894     8.1891    -0.0003     5.2795     5.2790      8.423      8.612      0.718    1478.03    1478.04  0.000e+00
      14629      9.000    15.6838    15.6867     0.0029    1.15761    1.15762          1     6.2054     4.7692      35.06     1.9895     0.5718  1.000e-12  0.3228000     8.1891     8.1887    -0.0005     5.2786     5.2777      8.919      9.119      0.691    1478.06    1478.07  0.000e+00
      14649      9.500    15.6902    15.6924     0.0022    1.15772    1.15772          1     6.2159     4.7499      34.60     2.0088     0.4936  1.000e-12  0.3267000     8.1886     8.1882    -0.0005     5.2771     5.2763      9.414      9.625      0.500    1478.09    1478.09  0.000e+00
      14685     10.000    15.6916    15.6925     0.0009    1.15776    1.15774          1     6.2336     4.7024      33.91     2.0318     0.4868  1.000e-12  0.3232000     8.1886     8.1883    -0.0003     5.2768     5.2763      9.910     10.132      0.318    1478.10    1478.10  0.000e+00
      14715     10.500    15.6900    15.6907     0.0007    1.15776    1.15774          1     6.2492     4.6066      33.37     2.0202     0.5217  1.000e-12  0.3108000     8.1888     8.1886    -0.0003     5.2772     5.2769     10.405     10.639      0.636    1478.10    1478.10  0.000e+00
      14730     11.000    15.6823    15.6843     0.0019    1.15766    1.15768          1     6.2508     4.5788      32.95     2.0504     0.5892  1.000e-12  0.3316000     8.1896     8.1893    -0.0003     5.2792     5.2786     10.900     11.145      0.808    1478.09    1478.09  0.000e+00
      14743     11.500    15.6878    15.6893     0.0015    1.15776    1.15776          1     6.2416     4.5581      32.55     2.0587     0.5547  1.000e-12  0.3350000     8.1892     8.1889    -0.0003     5.2779     5.2774     11.396     11.652      0.817    1478.11    1478.12  0.000e+00
      14759     12.000    15.6882    15.6882     0.0000    1.15777    1.15775          1     6.2263     4.5354      32.12     1.9512     0.5298  1.000e-12  0.3297000     8.1892     8.1890    -0.0002     5.2778     5.2777     11.891     12.158      0.673    1478.12    1478.12  0.000e+00
      14791     12.500    15.6907    15.6887    -0.0020    1.15776    1.15776          1     6.2175     4.4994      31.42     2.0061     0.4943  1.000e-12  0.3242000     8.1885     8.1889     0.0004     5.2768     5.2775     12.387     12.665      0.351    1478.14    1478.13  0.000e+00
      14849     13.000    15.6933    15.6911    -0.0021    1.15771    1.15776          1     6.2081     4.3872      30.76     2.1526     0.5290  1.000e-12  0.3041000     8.1875     8.1883     0.0008     5.2757     5.2767     12.882     13.171      0.577    1478.15    1478.15  0.000e+00
      14862     13.500    15.6910    15.6918     0.0008    1.15775    1.15773          1     6.2173     4.3788      30.46     2.1416     0.5439  1.000e-12  0.3164000     8.1882     8.1880    -0.0003     5.2766     5.2763     13.378     13.678      0.900    1478.16    1478.16  0.000e+00
      14873     14.000    15.6940    15.6974     0.0033    1.15784    1.15789          1     6.2278     4.3710      30.13     2.1382     0.5354  1.000e-12  0.3208000     8.1883     8.1880    -0.0003     5.2761     5.2753     13.873     14.185      1.030    1478.17    1478.18  0.000e+00
      14884     14.500    15.7005    15.7016     0.0011    1.15798    1.15794          1     6.2379     4.3652      29.73     2.0310     0.5294  1.000e-12  0.3732000     8.1879     8.1874    -0.0005     5.2747     5.2741     14.369     14.691      1.012    1478.20    1478.21  0.000e+00
      14897     15.000    15.7022    15.7020    -0.0002    1.15825    1.15808          1     6.2422     4.3708      20.60     2.0300     0.5380  1.000e-12  0.3730000     8.1896     8.1884    -0.0012     5.2757     5.2748     14.864     15.198      0.817    1478.22    1478.22  0.000e+00
      14933     15.500    15.7030    15.7029    -0.0001    1.15846    1.15837          1     6.2260     4.3470      15.73     2.0125     0.5518  1.000e-12  0.3356000     8.1910     8.1903    -0.0006     5.2766     5.2761     15.360     15.704      0.397    1478.23    1478.23  0.000e+00
      14982     16.000    15.7048    15.6983    -0.0064    1.15851    1.15810          1     6.2179     4.2839      27.81     2.0747     0.5062  1.000e-12  0.3136000     8.1910     8.1892    -0.0018     5.2763     5.2760     15.855     16.211      0.647    1478.25    1478.22  0.000e+00
      14995     16.500    15.7062    15.7037    -0.0025    1.15867    1.15854          1     6.2333     4.2765      27.19     2.1179     0.4851  1.000e-12  0.3040000     8.1918     8.1914    -0.0004     5.2767     5.2768     16.351     16.718      0.857    1478.26    1478.25  0.000e+00
      15008     17.000    15.7086    15.7139     0.0054    1.15908    1.15978          1     6.2360     4.2551      26.92     2.0609     0.4968  1.000e-12  0.3216000     8.1944     8.1986     0.0042     5.2782     5.2805     16.846     17.224      0.859    1478.28    1478.30  0.000e+00
      15023     17.500    15.7128    15.7191     0.0062    1.15957    1.16055          1     6.2274     4.2272      26.48     2.0325     0.5016  1.000e-12  0.3290000     8.1973     8.2035     0.0062     5.2797     5.2833     17.342     17.731      0.669    1478.30    1478.33  0.000e+00
      15055     18.000    15.7160    15.7142    -0.0018    1.16029    1.15992          1     6.2242     4.1846      25.78     2.0253     0.5144  1.000e-12  0.3287000     8.2021     8.1996    -0.0025     5.2828     5.2812     17.837     18.237      0.311    1478.33    1478.32  0.000e+00
      15097     18.500    15.7181    15.7223     0.0042    1.16068    1.16106          1     6.1890     4.1366      25.23     2.0070     0.5304  1.000e-12  0.3114000     8.2045     8.2065     0.0020     5.2843     5.2851     18.332     18.744      0.501    1478.35    1478.36  0.000e+00
      15115     19.000    15.7268    15.7359     0.0089    1.16217    1.16332          1     6.1956     4.1327      24.87     2.0211     0.5173  1.000e-12  0.3221000     8.2140     8.2209     0.0069     5.2900     5.2937     18.828     19.251      0.714    1478.40    1478.43  0.000e+00
      15130     19.500    15.7387    15.7413     0.0026    1.16536    1.16698          1     6.1950     4.1282      24.44     2.0246     0.5085  1.000e-12  0.3196000     8.2359     8.2477     0.0119     5.3046     5.3132     19.323     19.757      0.735    1478.47    1478.49  0.000e+00
      15147     20.000    15.8126    15.8233     0.0108    1.18758    1.19014          1     6.1733     4.1212      23.90     2.0305     0.4869  1.000e-12  0.3130000     8.3900     8.4073     0.0173     5.4094     5.4207     19.819     20.264      0.620    1478.90    1478.96  0.000e+00
      15172     20.500    15.8493    15.8356    -0.0136    1.19832    1.19484          1     6.1103     4.0720      23.28     1.9790     0.5973  1.000e-12  0.3167000     8.4642     8.4405    -0.0236     5.4596     5.4439     20.314     20.770      0.432    1479.12    1479.05  0.000e+00
      15203     21.000    15.8587    15.8414    -0.0174    1.19941    1.19508          1     6.0858     4.0220      22.71     1.9879     0.5441  1.000e-12  0.3242000     8.4704     8.4411    -0.0294     5.4626     5.4433     20.810     21.277      0.400    1479.17    1479.07  0.000e+00
      15230     21.500    15.9477    15.9789     0.0314    1.22548    1.23235          1     6.0055     3.9791      22.29     1.9454     0.5376  1.000e-12  0.3326000     8.6501     8.6956     0.0455     5.5840     5.6131     21.305     21.783      0.519    1479.68    1479.84  0.000e+00
      15251     22.000    16.0865    16.1025     0.0159    1.26248    1.26638          1     6.0199     4.0131      21.82     1.8741     0.4711  1.000e-12  0.3384000     8.9019     8.9281     0.0262     5.7513     5.7685     21.801     22.290      0.610    1480.44    1480.52  0.000e+00
      15270     22.500    16.1488    16.1677     0.0188    1.29611    1.30009          1     5.8561     4.0070      21.34     1.8479     0.5353  1.000e-12  0.3292000     9.1443     9.1704     0.0261     5.9251     5.9415     22.296     22.796      0.647    1480.93    1481.03  0.000e+00
      15288     23.000    16.3584    16.3760     0.0175    1.38967    1.38688          1     5.5144     3.9961      20.83     1.8005     0.5217  1.000e-12  0.3364000     9.8097     9.7841    -0.0256     6.3944     6.3716     22.791     23.302      0.625    1482.40    1482.43  0.000e+00
      15309     23.500    16.1851    16.1810    -0.0044    1.48044    1.47835          1     5.1576     3.9810      20.29     1.6639     0.4451  1.000e-12  0.3296000    10.5519    10.5369    -0.0150     6.9930     6.9824     23.287     23.808      0.496    1482.69    1482.66  0.000e+00
      15346     24.000    15.8281    15.7534    -0.0746    1.47767    1.50439          1     4.8857     3.9158      19.63     1.1660     0.3758  1.000e-12  0.2714000    10.6250    10.8532     0.2282     7.1147     7.3027     23.782     24.314      0.274    1481.60    1481.61  0.000e+00
      15386     24.500    15.6621    15.6716     0.0090    1.55497    1.55572          1     4.4202     3.8420      19.17     0.8980     0.2883  1.000e-12  0.2153000    11.2746    11.2780     0.0034     7.6414     7.6423     24.278     24.819      0.525    1481.80    1481.84  0.000e+00
      15403     25.000    16.0264    16.0161    -0.0098    1.68957    1.68753          1     4.0249     3.8242      18.83     0.8706     0.3347  1.000e-12  0.2225000    12.2271    12.2142    -0.0129     8.3020     8.2940     24.773     25.324      0.769    1484.12    1484.07  0.000e+00
      15417     25.500    15.7805    15.7828     0.0022    1.73786    1.73616          1     3.7333     3.8167      18.43     0.7430     0.3358  1.000e-12  0.1979000    12.6851    12.6708    -0.0142     8.6977     8.6863     25.268     25.829      0.852    1483.84    1483.83  0.000e+00
      15430     26.000    15.8119    15.8157     0.0038    1.78130    1.78141          1     3.5883     3.8088      17.96     0.6847     0.3104  1.000e-12  0.1886000    13.0199    13.0195    -0.0004     8.9477     8.9466     25.764     26.334      0.794    1484.34    1484.35  0.000e+00
      15448     26.500    15.9341    15.9380     0.0039    1.83508    1.83673          1     3.6306     3.7854      17.37     0.3287     0.3027  1.000e-12  0.1694000    13.4070    13.4188     0.0118     9.2205     9.2287     26.259     26.839      0.574    1485.19    1485.22  0.000e+00
      15481     27.000    15.9748    16.0064     0.0316    1.84673    1.87243          1     3.8515     3.6935       9.23     0.3875     0.2942  1.000e-12  0.1598000    13.4859    13.6796     0.1936     9.2731     9.4150     26.755     27.344      0.318    1485.43    1485.75  0.000e+00
      15514     27.500    16.0562    16.0637     0.0075    1.92032    1.92978          1     4.0295     3.6432      13.66     0.4351     0.2950  1.000e-12  0.1570000    14.0436    14.1164     0.0727     9.6836     9.7377     27.250     27.848      0.579    1486.34    1486.45  0.000e+00
      15530     28.000    16.1211    16.1256     0.0045    1.99073    1.99216          1     4.1202     3.6125      14.89     0.4745     0.2138  1.000e-12  0.1755000    14.5820    14.5918     0.0099    10.0822    10.0889     27.746     28.352      0.779    1487.18    1487.21  0.000e+00
      15544     28.500    16.3726    16.3846     0.0117    2.06082    2.06242          1     4.0685     3.5959      14.99     0.4679     0.1779  1.000e-12  0.1678000    15.0480    15.0562     0.0083    10.3889    10.3928     28.241     28.856      0.809    1488.54    1488.59  0.000e+00
