ctdpy/tests/etc/all_smhi_bas_2018/SBE09_1044_20180129_1937_34_02_0032.cnv
* Sea-Bird SBE 9 Data File:
* FileName = C:\ctd\temp\2018\ME18D032.hex
* Software Version Seasave V 7.26.6.26
* Temperature SN = 5351
* Conductivity SN = 3941
* Number of Bytes Per Scan = 41
* Number of Voltage Words = 4
* Number of Scans Averaged by the Deck Unit = 1
* NMEA Latitude = 58 52.92 N
* NMEA Longitude = 020 19.64 E
* NMEA UTC (Time) = Jan 29 2018  19:37:43
* NMEA baud rate = 4800
** Station:  BY29/LL19
** Operator:  JKro
** Ship: MERI
** Average sound velocity: 1442.05 m/s
** True-depth calculation Mon, 29 Jan 2018 20:59:20 +0000
** CTD Python Module SMHI /ver 3-12/ feb 2012 
** LIMS Job: 20183402-0032
** Cruise: SMHI-01-2018
** Latitude [GG MM.mm N] :
** Longitude [GG MM.mm E]:
# nquan = 26
# nvalues = 343                         
# units = specified
# name 0 = scan: Scan Count
# name 1 = prDM: Pressure, Digiquartz [db]
# name 2 = t090C: Temperature [ITS-90, deg C]
# name 3 = t190C: Temperature, 2 [ITS-90, deg C]
# name 4 = T2-T190C: Temperature Difference, 2 - 1 [ITS-90, deg C]
# name 5 = c0S/m: Conductivity [S/m]
# name 6 = c1S/m: Conductivity, 2 [S/m]
# name 7 = pumps: Pump Status
# name 8 = sbeox0ML/L: Oxygen, SBE 43 [ml/l]
# name 9 = sbeox1ML/L: Oxygen, SBE 43, 2 [ml/l]
# name 10 = altM: Altimeter [m]
# name 11 = flECO-AFL: Chl-a Fluorescence, WET Labs ECO-AFL/FL [mg/m^3]
# name 12 = flECO-AFL1: Phycocyanin Fluorescence, WET Labs ECO-AFL/FL, 2 [mg/m^3]
# name 13 = par: PAR/Irradiance, Biospherical/Lico [µE/(cm^2*s)]
# name 14 = turbWETntu0: Turbidity, WET Labs ECO [NTU]
# name 15 = sal00: Salinity, Practical [PSU]
# name 16 = sal11: Salinity, Practical, 2 [PSU]
# name 17 = secS-priS: Salinity, Practical, Difference, 2 - 1 [PSU]
# name 18 = sigma-t00: Density [sigma-t, Kg/m^3 ]
# name 19 = sigma-t11: Density, 2 [sigma-t, Kg/m^3 ]
# name 20 = depSM: Depth [salt water, m], lat = 58.882
# name 21 = depFM: Depth [true depth, m], lat = 58.882
# name 22 = dz/dtM: Descent Rate [m/s], WS = 2
# name 23 = svCM: Sound Velocity [Chen-Millero, m/s]
# name 24 = svCM1: Sound Velocity, 2 [Chen-Millero, m/s]
# name 25 = flag: flag
# span 0 =      16117,      27143       
# span 1 =      1.000,    172.000       
# span 2 =     4.4452,     6.4565       
# span 3 =     4.4541,     6.4569       
# span 4 =    -0.0129,     0.0172       
# span 5 =   0.757078,   1.285262       
# span 6 =   0.757229,   1.285231       
# span 7 =          1,          1       
# span 8 =    0.00901,    8.20744       
# span 9 =    0.02782,    8.15005       
# span 10 =       0.02,     135.96      
# span 11 =     0.2639,     0.4209      
# span 12 =     0.2604,     0.3994      
# span 13 = 9.9490e-13, 2.3052e-01      
# span 14 =     0.1143,     0.5929      
# span 15 =     7.0691,    11.7452      
# span 16 =     7.0686,    11.7448      
# span 17 =    -0.0153,     0.0063      
# span 18 =     5.6069,     9.1957      
# span 19 =     5.6066,     9.1953      
# span 20 =      0.990,    170.323      
# span 21 =      1.013,    173.893      
# span 22 =     -0.005,      0.951      
# span 23 =    1432.84,    1450.19      
# span 24 =    1432.91,    1450.19      
# span 25 = 0.0000e+00, 0.0000e+00      
# interval = decibars: 0.5              
# start_time = Jan 29 2018 19:37:43 [NMEA time, first data scan]
# bad_flag = -9.990e-29
*END*
      16117      1.000     4.4452     4.4625     0.0172    0.75708    0.75740          1     8.2046     8.1454     135.96     0.4001     0.3000  2.305e-01  0.1962000     7.0699     7.0694    -0.0005     5.6084     5.6075      0.990      1.013      0.153    1432.84    1432.91  0.000e+00
      16157      1.500     4.4795     4.4874     0.0077    0.75782    0.75794          1     8.1869     8.1296      32.86     0.3850     0.3387  1.116e-01  0.2033000     7.0699     7.0694    -0.0005     5.6074     5.6067      1.486      1.519      0.223    1433.00    1433.03  0.000e+00
      16262      2.000     4.4798     4.4744    -0.0054    0.75778    0.75761          1     8.1900     8.1306       0.02     0.4209     0.3558  4.045e-02  0.2244000     7.0694     7.0688    -0.0005     5.6069     5.6067      1.981      2.026      0.631    1433.01    1432.98  0.000e+00
      16277      2.500     4.4860     4.4774    -0.0084    0.75793    0.75769          1     8.1966     8.1329       1.28     0.4190     0.3019  6.777e-02  0.2282000     7.0695     7.0690    -0.0006     5.6069     5.6067      2.477      2.532      0.712    1433.04    1433.00  0.000e+00
      16295      3.000     4.4787     4.4745    -0.0043    0.75777    0.75762          1     8.2074     8.1262       1.30     0.3994     0.3237  1.383e-02  0.2273000     7.0694     7.0688    -0.0007     5.6070     5.6066      2.972      3.039      0.545    1433.02    1433.00  0.000e+00
      16343      3.500     4.4667     4.4697     0.0030    0.75749    0.75750          1     8.1994     8.1312      50.35     0.4091     0.3312  7.166e-03  0.2048000     7.0691     7.0686    -0.0005     5.6071     5.6066      3.467      3.545      0.269    1432.97    1432.98  0.000e+00
      16396      4.000     4.4565     4.4546    -0.0020    0.75731    0.75723          1     8.1921     8.1416     100.21     0.4002     0.3499  6.632e-03  0.2067000     7.0694     7.0690    -0.0004     5.6077     5.6075      3.963      4.051      0.402    1432.93    1432.92  0.000e+00
      16422      4.500     4.4531     4.4541     0.0010    0.75727    0.75725          1     8.1893     8.1376      98.55     0.3861     0.3152  7.971e-03  0.2314000     7.0697     7.0693    -0.0004     5.6080     5.6077      4.458      4.558      0.403    1432.93    1432.93  0.000e+00
      16460      5.000     4.4563     4.4564     0.0002    0.75738    0.75734          1     8.1952     8.1316      98.54     0.3953     0.3403  7.144e-05  0.2191000     7.0701     7.0696    -0.0004     5.6082     5.6079      4.953      5.064      0.270    1432.95    1432.95  0.000e+00
      16507      5.500     4.4597     4.4605     0.0008    0.75749    0.75747          1     8.1913     8.1350      98.52     0.3761     0.2936  4.626e-09  0.2015000     7.0704     7.0700    -0.0004     5.6084     5.6080      5.449      5.571      0.256    1432.97    1432.97  0.000e+00
      16555      6.000     4.4622     4.4628     0.0006    0.75760    0.75758          1     8.1862     8.1297      98.52     0.3879     0.3172  1.100e-12  0.1948000     7.0709     7.0706    -0.0004     5.6087     5.6084      5.944      6.077      0.266    1432.99    1432.99  0.000e+00
      16592      6.500     4.4617     4.4628     0.0011    0.75760    0.75759          1     8.1760     8.1347      98.52     0.4164     0.3319  1.336e-03  0.2158000     7.0709     7.0706    -0.0003     5.6087     5.6084      6.439      6.584      0.434    1433.00    1433.00  0.000e+00
      16616      7.000     4.4628     4.4628     0.0000    0.75768    0.75763          1     8.1670     8.1193      98.53     0.4075     0.2773  3.176e-05  0.2198000     7.0714     7.0709    -0.0005     5.6091     5.6087      6.934      7.090      0.465    1433.01    1433.01  0.000e+00
      16650      7.500     4.4632     4.4634     0.0001    0.75772    0.75769          1     8.1823     8.1172      98.53     0.3989     0.3072  9.949e-13  0.2120000     7.0717     7.0713    -0.0004     5.6093     5.6090      7.430      7.596      0.267    1433.02    1433.02  0.000e+00
      16716      8.000     4.4651     4.4659     0.0008    0.75781    0.75779          1     8.1895     8.1459      98.57     0.4101     0.3354  1.000e-12  0.2037000     7.0721     7.0717    -0.0004     5.6095     5.6092      7.925      8.103      0.401    1433.04    1433.04  0.000e+00
      16735      8.500     4.4654     4.4666     0.0011    0.75784    0.75783          1     8.1880     8.1475      98.56     0.3835     0.3262  1.000e-12  0.2115000     7.0722     7.0719    -0.0003     5.6097     5.6093      8.420      8.609      0.642    1433.05    1433.05  0.000e+00
      16752      9.000     4.4657     4.4667     0.0010    0.75785    0.75784          1     8.1872     8.1443      98.56     0.3845     0.3029  1.000e-12  0.2400000     7.0722     7.0719    -0.0003     5.6096     5.6094      8.916      9.116      0.665    1433.06    1433.06  0.000e+00
      16772      9.500     4.4656     4.4660     0.0005    0.75783    0.75780          1     8.1879     8.1307      98.57     0.3825     0.3560  1.000e-12  0.2364000     7.0720     7.0716    -0.0004     5.6095     5.6091      9.411      9.622      0.490    1433.06    1433.07  0.000e+00
      16830     10.000     4.4668     4.4671     0.0003    0.75790    0.75786          1     8.1799     8.1293      98.56     0.4009     0.3507  1.000e-12  0.2149000     7.0724     7.0719    -0.0005     5.6098     5.6093      9.906     10.129      0.271    1433.08    1433.08  0.000e+00
      16876     10.500     4.4690     4.4692     0.0002    0.75807    0.75802          1     8.1764     8.1328      98.57     0.3909     0.3682  1.000e-12  0.2005000     7.0736     7.0730    -0.0006     5.6106     5.6101     10.402     10.635      0.540    1433.10    1433.10  0.000e+00
      16894     11.000     4.4700     4.4705     0.0006    0.75812    0.75810          1     8.1775     8.1257      98.57     0.3854     0.3637  1.000e-12  0.2059000     7.0738     7.0734    -0.0004     5.6108     5.6105     10.897     11.141      0.679    1433.11    1433.11  0.000e+00
      16911     11.500     4.4696     4.4703     0.0007    0.75811    0.75810          1     8.1754     8.1214      98.57     0.3839     0.3200  1.000e-12  0.2160000     7.0737     7.0735    -0.0002     5.6107     5.6105     11.392     11.648      0.650    1433.12    1433.12  0.000e+00
      16941     12.000     4.4731     4.4726    -0.0005    0.75840    0.75827          1     8.1764     8.1342      98.57     0.3858     0.3240  1.000e-12  0.2172000     7.0758     7.0746    -0.0012     5.6122     5.6113     11.888     12.154      0.381    1433.14    1433.14  0.000e+00
      17022     12.500     4.4731     4.4736     0.0005    0.75837    0.75835          1     8.1875     8.1423      98.58     0.3936     0.3148  1.000e-12  0.2020000     7.0754     7.0751    -0.0003     5.6120     5.6117     12.383     12.661      0.423    1433.15    1433.15  0.000e+00
      17037     13.000     4.4716     4.4767     0.0051    0.75828    0.75859          1     8.1828     8.1501      98.57     0.3727     0.3878  1.000e-12  0.2290000     7.0748     7.0768     0.0020     5.6115     5.6129     12.878     13.167      0.628    1433.15    1433.17  0.000e+00
      17056     13.500     4.4753     4.4762     0.0009    0.75862    0.75859          1     8.1849     8.1382      98.55     0.3740     0.3475  1.000e-12  0.2233000     7.0773     7.0768    -0.0005     5.6134     5.6130     13.374     13.674      0.577    1433.18    1433.18  0.000e+00
      17090     14.000     4.4818     4.4834     0.0016    0.75912    0.75912          1     8.1810     8.1248      86.87     0.3902     0.3229  1.000e-12  0.2181000     7.0809     7.0805    -0.0004     5.6160     5.6157     13.869     14.180      0.300    1433.22    1433.23  0.000e+00
      17161     14.500     4.4749     4.4738    -0.0011    0.75853    0.75837          1     8.1800     8.1224      99.61     0.3804     0.2967  1.000e-12  0.1941000     7.0764     7.0750    -0.0014     5.6127     5.6116     14.364     14.686      0.403    1433.19    1433.18  0.000e+00
      17180     15.000     4.4908     4.4942     0.0034    0.75975    0.75991          1     8.1586     8.1213      98.52     0.3596     0.2799  1.000e-12  0.2125000     7.0851     7.0860     0.0009     5.6191     5.6197     14.859     15.193      0.569    1433.28    1433.30  0.000e+00
      17202     15.500     4.5058     4.5065     0.0008    0.76078    0.76076          1     8.1531     8.1216      98.52     0.3658     0.3169  1.000e-12  0.2149000     7.0922     7.0918    -0.0004     5.6242     5.6239     15.355     15.699      0.446    1433.36    1433.37  0.000e+00
      17257     16.000     4.5121     4.5128     0.0008    0.76122    0.76119          1     8.1609     8.1144      98.31     0.3658     0.3126  1.000e-12  0.1994000     7.0951     7.0947    -0.0004     5.6263     5.6260     15.850     16.206      0.251    1433.40    1433.41  0.000e+00
      17304     16.500     4.5182     4.5185     0.0003    0.76168    0.76164          1     8.1589     8.1129      98.18     0.3616     0.2824  1.000e-12  0.2015000     7.0984     7.0979    -0.0005     5.6288     5.6283     16.345     16.712      0.447    1433.44    1433.44  0.000e+00
      17327     17.000     4.5209     4.5273     0.0063    0.76187    0.76225          1     8.1592     8.1140      98.16     0.3585     0.3470  1.000e-12  0.1999000     7.0996     7.1021     0.0025     5.6296     5.6314     16.841     17.219      0.536    1433.46    1433.50  0.000e+00
      17349     17.500     4.5240     4.5282     0.0042    0.76206    0.76231          1     8.1672     8.1189      98.15     0.3531     0.3366  1.000e-12  0.1912000     7.1008     7.1024     0.0015     5.6305     5.6316     17.336     17.725      0.451    1433.49    1433.51  0.000e+00
      17403     18.000     4.5214     4.5237     0.0023    0.76188    0.76197          1     8.1658     8.1104      97.77     0.3561     0.3207  1.000e-12  0.1873000     7.0995     7.0999     0.0004     5.6295     5.6298     17.831     18.231      0.292    1433.48    1433.49  0.000e+00
      17445     18.500     4.5214     4.5244     0.0030    0.76189    0.76203          1     8.1548     8.1109      97.56     0.3740     0.3266  1.000e-12  0.1912000     7.0995     7.1003     0.0008     5.6295     5.6301     18.326     18.738      0.609    1433.49    1433.50  0.000e+00
      17461     19.000     4.5464     4.5431    -0.0033    0.76371    0.76341          1     8.1479     8.1069      97.60     0.3549     0.3431  1.000e-12  0.1915000     7.1123     7.1099    -0.0023     5.6389     5.6371     18.822     19.244      0.763    1433.63    1433.61  0.000e+00
      17476     19.500     4.5705     4.5697    -0.0008    0.76535    0.76523          1     8.1421     8.0963      97.60     0.3516     0.3238  1.000e-12  0.1928000     7.1234     7.1224    -0.0010     5.6469     5.6462     19.317     19.751      0.731    1433.76    1433.75  0.000e+00
      17496     20.000     4.5787     4.5795     0.0008    0.76620    0.76617          1     8.1392     8.0832      97.62     0.3390     0.3190  1.000e-12  0.1912000     7.1301     7.1296    -0.0005     5.6520     5.6516     19.812     20.257      0.458    1433.81    1433.81  0.000e+00
      17562     20.500     4.5760     4.5771     0.0011    0.76627    0.76625          1     8.1265     8.0891      64.13     0.3493     0.2766  1.000e-12  0.1818000     7.1313     7.1309    -0.0004     5.6530     5.6527     20.308     20.763      0.339    1433.80    1433.81  0.000e+00
      17589     21.000     4.5861     4.5862     0.0000    0.76672    0.76666          1     8.1218     8.0803      99.12     0.3416     0.3479  1.000e-12  0.1664000     7.1335     7.1329    -0.0006     5.6545     5.6540     20.803     21.270      0.598    1433.86    1433.86  0.000e+00
      17607     21.500     4.5896     4.5900     0.0004    0.76697    0.76694          1     8.1195     8.0770      97.78     0.3328     0.3370  1.000e-12  0.1650000     7.1352     7.1348    -0.0004     5.6557     5.6553     21.298     21.776      0.650    1433.89    1433.89  0.000e+00
      17626     22.000     4.5904     4.5918     0.0014    0.76722    0.76719          1     8.1140     8.0777      97.67     0.3184     0.3335  1.000e-12  0.1730000     7.1375     7.1369    -0.0006     5.6575     5.6569     21.793     22.283      0.550    1433.90    1433.91  0.000e+00
      17655     22.500     4.5835     4.5845     0.0011    0.76722    0.76720          1     8.1273     8.0805      97.41     0.3186     0.3197  1.000e-12  0.1778000     7.1389     7.1385    -0.0005     5.6588     5.6584     22.289     22.789      0.354    1433.88    1433.88  0.000e+00
      17694     23.000     4.5648     4.5657     0.0009    0.76700    0.76698          1     8.1479     8.0895      97.42     0.3336     0.3163  1.000e-12  0.1756000     7.1407     7.1403    -0.0004     5.6608     5.6605     22.784     23.295      0.344    1433.81    1433.81  0.000e+00
      17723     23.500     4.5520     4.5525     0.0005    0.76686    0.76682          1     8.1513     8.1042      97.49     0.3182     0.3180  1.000e-12  0.1845000     7.1419     7.1415    -0.0004     5.6622     5.6619     23.279     23.802      0.479    1433.76    1433.76  0.000e+00
      17746     24.000     4.5635     4.5644     0.0009    0.76763    0.76760          1     8.1425     8.1027      97.48     0.2965     0.3163  1.000e-12  0.1917000     7.1471     7.1467    -0.0005     5.6660     5.6656     23.774     24.308      0.496    1433.82    1433.83  0.000e+00
      17773     24.500     4.5773     4.5776     0.0003    0.76827    0.76823          1     8.1357     8.0988      81.09     0.3240     0.3204  1.000e-12  0.1852000     7.1505     7.1500    -0.0005     5.6682     5.6678     24.270     24.815      0.391    1433.90    1433.90  0.000e+00
      17808     25.000     4.5774     4.5779     0.0005    0.76849    0.76845          1     8.1279     8.0979       3.98     0.3160     0.3320  1.000e-12  0.1725000     7.1526     7.1520    -0.0005     5.6698     5.6694     24.765     25.321      0.346    1433.91    1433.91  0.000e+00
      17838     25.500     4.5783     4.5795     0.0012    0.76866    0.76863          1     8.1306     8.0855       5.34     0.3178     0.3302  1.000e-12  0.1734000     7.1540     7.1535    -0.0005     5.6710     5.6705     25.260     25.827      0.489    1433.92    1433.93  0.000e+00
      17860     26.000     4.5756     4.5765     0.0009    0.76877    0.76874          1     8.1314     8.0897      11.15     0.3102     0.3252  1.000e-12  0.1722000     7.1557     7.1552    -0.0005     5.6724     5.6719     25.756     26.334      0.588    1433.92    1433.92  0.000e+00
      17880     26.500     4.5709     4.5714     0.0005    0.76883    0.76879          1     8.1322     8.0975      96.09     0.2960     0.3015  1.000e-12  0.1688000     7.1572     7.1567    -0.0005     5.6737     5.6733     26.251     26.840      0.556    1433.91    1433.91  0.000e+00
      17907     27.000     4.5713     4.5723     0.0010    0.76906    0.76903          1     8.1387     8.0972      97.46     0.3143     0.3043  1.000e-12  0.1906000     7.1594     7.1588    -0.0006     5.6754     5.6750     26.746     27.347      0.332    1433.92    1433.93  0.000e+00
      17963     27.500     4.5682     4.5687     0.0005    0.76904    0.76902          1     8.1414     8.0858      97.45     0.3234     0.3491  1.000e-12  0.1608000     7.1598     7.1594    -0.0004     5.6759     5.6755     27.241     27.853      0.348    1433.92    1433.92  0.000e+00
      17987     28.000     4.5668     4.5675     0.0008    0.76912    0.76910          1     8.1357     8.1027      97.44     0.3242     0.3022  1.000e-12  0.1632000     7.1608     7.1604    -0.0004     5.6768     5.6764     27.737     28.359      0.682    1433.92    1433.92  0.000e+00
