ctdpy/tests/etc/all_smhi_bas_2018/SBE09_1044_20181016_1821_34_01_0098.cnv
* Sea-Bird SBE 9 Data File:
* FileName = C:\LUOTAUS\DATA_IN\hex_in\SMHI\ar18d098.hex
* Software Version Seasave V 7.23.2
* Temperature SN = 5351
* Conductivity SN = 3941
* Number of Bytes Per Scan = 30
* Number of Voltage Words = 4
* Number of Scans Averaged by the Deck Unit = 1
** Station:  BY4
** Operator:  DBSj
** Ship: ARANDA
** Average sound velocity: 1460.58 m/s
** True-depth calculation Tue, 16 Oct 2018 19:08:04 +0000
** CTD Python Module SMHI /ver 3-12/ feb 2012 
** LIMS Job: 20183401-0098
** Cruise: SMHI-4-2018
** Latitude [GG MM.mm N]: 55 22.982 N
** Longitude [GG MM.mm E] 15 20.021 E
# nquan = 26
# nvalues = 173                         
# units = specified
# name 0 = scan: Scan Count
# name 1 = prDM: Pressure, Digiquartz [db]
# name 2 = t090C: Temperature [ITS-90, deg C]
# name 3 = t190C: Temperature, 2 [ITS-90, deg C]
# name 4 = T2-T190C: Temperature Difference, 2 - 1 [ITS-90, deg C]
# name 5 = c0S/m: Conductivity [S/m]
# name 6 = c1S/m: Conductivity, 2 [S/m]
# name 7 = pumps: Pump Status
# name 8 = sbeox0ML/L: Oxygen, SBE 43 [ml/l]
# name 9 = sbeox1ML/L: Oxygen, SBE 43, 2 [ml/l]
# name 10 = altM: Altimeter [m]
# name 11 = flECO-AFL: Chl-a Fluorescence, WET Labs ECO-AFL/FL [mg/m^3]
# name 12 = flECO-AFL1: Phycocyanin Fluorescence, WET Labs ECO-AFL/FL, 2 [mg/m^3]
# name 13 = par: PAR/Irradiance, Biospherical/Lico [µE/(cm^2*s)]
# name 14 = turbWETntu0: Turbidity, WET Labs ECO [NTU]
# name 15 = sal00: Salinity, Practical [PSU]
# name 16 = sal11: Salinity, Practical, 2 [PSU]
# name 17 = secS-priS: Salinity, Practical, Difference, 2 - 1 [PSU]
# name 18 = sigma-t00: Density [sigma-t, Kg/m^3 ]
# name 19 = sigma-t11: Density, 2 [sigma-t, Kg/m^3 ]
# name 20 = depSM: Depth [salt water, m], lat = 0
# name 21 = depFM: Depth [true depth, m], lat = 0
# name 22 = dz/dtM: Descent Rate [m/s], WS = 2
# name 23 = svCM: Sound Velocity [Chen-Millero, m/s]
# name 24 = svCM1: Sound Velocity, 2 [Chen-Millero, m/s]
# name 25 = flag: flag
# span 0 =      14642,      18746       
# span 1 =      1.500,     87.500       
# span 2 =     6.3426,    12.8191       
# span 3 =     6.3401,    12.8180       
# span 4 =    -0.0458,     0.0828       
# span 5 =   0.856139,   2.018557       
# span 6 =   0.856190,   2.018550       
# span 7 =          1,          1       
# span 8 =    0.04402,    7.73299       
# span 9 =    0.08858,    7.22433       
# span 10 =       3.17,      98.99      
# span 11 =     0.2280,     1.9379      
# span 12 =     0.1576,     0.4987      
# span 13 = 1.0000e-12, 2.1201e-02      
# span 14 =     0.1734,     4.0176      
# span 15 =     7.4453,    16.7188      
# span 16 =     7.4465,    16.7182      
# span 17 =    -0.0690,     0.0485      
# span 18 =     5.3003,    12.8966      
# span 19 =     5.3003,    12.8958      
# span 20 =      1.492,     87.001      
# span 21 =      1.520,     88.394      
# span 22 =      0.123,      0.634      
# span 23 =    1442.49,    1474.13      
# span 24 =    1442.47,    1474.13      
# span 25 = 0.0000e+00, 0.0000e+00      
# interval = decibars: 0.5              
# start_time = Oct 16 2018 18:21:14 [System UTC, header]
# bad_flag = -9.990e-29
*END*
      14642      1.500    12.8191    12.8180    -0.0011    1.01173    1.01169          1     7.0786     6.6550      95.85     1.8886     0.4635  2.120e-02  0.2856000     7.6233     7.6232    -0.0001     5.3003     5.3003      1.492      1.520      0.204    1467.27    1467.27  0.000e+00
      14719      2.000    12.8029    12.7993    -0.0037    1.01142    1.01133          1     7.0673     6.6359      98.61     1.9379     0.4142  8.082e-04  0.2969000     7.6240     7.6240     0.0000     5.3031     5.3036      1.989      2.026      0.389    1467.22    1467.21  0.000e+00
      14758      2.500    12.8067    12.7972    -0.0094    1.01150    1.01125          1     7.0538     6.6265      94.47     1.8106     0.4612  1.000e-12  0.3012000     7.6238     7.6237    -0.0001     5.3024     5.3037      2.486      2.533      0.311    1467.24    1467.21  0.000e+00
      14789      3.000    12.7943    12.7956     0.0013    1.01125    1.01123          1     7.0306     6.6269      98.72     1.8173     0.4415  1.000e-12  0.2996000     7.6242     7.6238    -0.0004     5.3045     5.3040      2.984      3.039      0.454    1467.21    1467.21  0.000e+00
      14815      3.500    12.7938    12.7957     0.0019    1.01124    1.01128          1     7.0359     6.6314      95.31     1.7837     0.4137  1.000e-12  0.3064000     7.6242     7.6241    -0.0001     5.3045     5.3042      3.481      3.546      0.451    1467.21    1467.22  0.000e+00
      14842      4.000    12.7940    12.7948     0.0007    1.01129    1.01128          1     7.0337     6.6326      96.96     1.7680     0.4270  1.000e-12  0.2971000     7.6245     7.6243    -0.0002     5.3047     5.3045      3.978      4.053      0.485    1467.22    1467.22  0.000e+00
      14865      4.500    12.7923    12.7929     0.0005    1.01126    1.01122          1     7.0346     6.6272      35.87     1.7727     0.4127  1.000e-12  0.3056000     7.6245     7.6241    -0.0004     5.3050     5.3046      4.475      4.559      0.545    1467.22    1467.22  0.000e+00
      14886      5.000    12.7907    12.7919     0.0012    1.01120    1.01120          1     7.0378     6.6230      49.19     1.7541     0.4564  1.000e-12  0.3149000     7.6243     7.6240    -0.0003     5.3051     5.3047      4.973      5.066      0.526    1467.22    1467.23  0.000e+00
      14911      5.500    12.7898    12.7910     0.0012    1.01119    1.01119          1     7.0290     6.6235      89.49     1.7354     0.4609  1.000e-12  0.3151000     7.6244     7.6241    -0.0002     5.3052     5.3049      5.470      5.572      0.480    1467.23    1467.23  0.000e+00
      14936      6.000    12.7887    12.7902     0.0015    1.01118    1.01117          1     7.0255     6.6185      98.99     1.7421     0.4751  1.000e-12  0.3050000     7.6244     7.6241    -0.0003     5.3054     5.3050      5.967      6.079      0.515    1467.23    1467.24  0.000e+00
      14958      6.500    12.7864    12.7867     0.0003    1.01113    1.01110          1     7.0159     6.6056      92.92     1.7216     0.4668  1.000e-12  0.2929000     7.6244     7.6242    -0.0003     5.3058     5.3055      6.464      6.586      0.562    1467.23    1467.23  0.000e+00
      14979      7.000    12.7798    12.7799     0.0001    1.01095    1.01092          1     6.9945     6.5865      35.33     1.7015     0.4530  1.000e-12  0.2974000     7.6243     7.6240    -0.0003     5.3066     5.3063      6.961      7.092      0.562    1467.22    1467.22  0.000e+00
      15000      7.500    12.7679    12.7669    -0.0010    1.01063    1.01059          1     6.9805     6.5728      78.88     1.6895     0.4987  1.000e-12  0.3051000     7.6240     7.6239    -0.0002     5.3081     5.3081      7.459      7.599      0.541    1467.18    1467.18  0.000e+00
      15023      8.000    12.7599    12.7610     0.0011    1.01048    1.01048          1     6.9827     6.5719      78.38     1.6666     0.4568  1.000e-12  0.3055000     7.6244     7.6241    -0.0003     5.3095     5.3091      7.956      8.105      0.525    1467.16    1467.17  0.000e+00
      15046      8.500    12.7580    12.7594     0.0014    1.01049    1.01049          1     6.9781     6.5722      86.21     1.6426     0.4184  1.000e-12  0.3010000     7.6248     7.6244    -0.0003     5.3100     5.3096      8.453      8.612      0.520    1467.16    1467.17  0.000e+00
      15069      9.000    12.7508    12.7515     0.0007    1.01040    1.01040          1     6.9615     6.5656      98.74     1.6336     0.4014  1.000e-12  0.2957000     7.6254     7.6252    -0.0002     5.3115     5.3113      8.950      9.118      0.530    1467.15    1467.15  0.000e+00
      15091      9.500    12.7324    12.7318    -0.0006    1.01001    1.01001          1     6.9349     6.5495      78.68     1.6235     0.4055  1.000e-12  0.2975000     7.6259     7.6260     0.0001     5.3145     5.3147      9.448      9.625      0.550    1467.09    1467.09  0.000e+00
      15113     10.000    12.7046    12.7047     0.0001    1.00988    1.00986          1     6.9198     6.5305      89.66     1.6237     0.4273  1.000e-12  0.3129000     7.6303     7.6301    -0.0002     5.3219     5.3217      9.945     10.132      0.562    1467.00    1467.00  0.000e+00
      15134     10.500    12.6842    12.6839    -0.0004    1.00997    1.00996          1     6.9064     6.5106      82.34     1.6575     0.4549  1.000e-12  0.3290000     7.6351     7.6351     0.0000     5.3284     5.3285     10.442     10.638      0.561    1466.94    1466.94  0.000e+00
      15156     11.000    12.6636    12.6644     0.0008    1.01010    1.01009          1     6.9102     6.4973      81.90     1.5989     0.4415  1.000e-12  0.3106000     7.6403     7.6401    -0.0002     5.3353     5.3350     10.939     11.145      0.560    1466.88    1466.88  0.000e+00
      15177     11.500    12.6451    12.6452     0.0001    1.01022    1.01022          1     6.9222     6.5011      83.95     1.5860     0.4012  1.000e-12  0.2960000     7.6449     7.6449    -0.0000     5.3415     5.3414     11.437     11.651      0.555    1466.83    1466.83  0.000e+00
      15199     12.000    12.6296    12.6309     0.0013    1.01027    1.01028          1     6.9331     6.5144      89.05     1.5605     0.4173  1.000e-12  0.2972000     7.6484     7.6482    -0.0002     5.3463     5.3460     11.934     12.158      0.538    1466.78    1466.78  0.000e+00
      15222     12.500    12.6157    12.6171     0.0014    1.01023    1.01023          1     6.9444     6.5216      80.42     1.5358     0.4029  1.000e-12  0.3052000     7.6508     7.6505    -0.0003     5.3501     5.3497     12.431     12.664      0.527    1466.74    1466.75  0.000e+00
      15244     13.000    12.6098    12.6113     0.0015    1.01038    1.01039          1     6.9456     6.5213      73.78     1.5071     0.3936  1.000e-12  0.3087000     7.6532     7.6529    -0.0003     5.3528     5.3524     12.928     13.171      0.537    1466.73    1466.74  0.000e+00
      15266     13.500    12.5986    12.5992     0.0007    1.01023    1.01024          1     6.9387     6.5294      79.05     1.4794     0.4061  1.000e-12  0.3025000     7.6542     7.6542     0.0000     5.3551     5.3550     13.425     13.678      0.554    1466.70    1466.70  0.000e+00
      15288     14.000    12.5707    12.5719     0.0012    1.00972    1.00973          1     6.9324     6.5312      95.61     1.4441     0.3833  1.000e-12  0.3024000     7.6556     7.6555    -0.0002     5.3601     5.3598     13.923     14.184      0.561    1466.61    1466.61  0.000e+00
      15309     14.500    12.5581    12.5596     0.0014    1.00955    1.00955          1     6.9140     6.5240      87.69     1.3826     0.3829  1.000e-12  0.3298000     7.6567     7.6564    -0.0003     5.3627     5.3623     14.420     14.691      0.551    1466.57    1466.58  0.000e+00
      15331     15.000    12.5378    12.5389     0.0011    1.00920    1.00922          1     6.9048     6.5106      77.69     1.2881     0.3240  1.000e-12  0.3021000     7.6579     7.6578    -0.0001     5.3665     5.3663     14.917     15.197      0.525    1466.51    1466.51  0.000e+00
      15355     15.500    12.5140    12.5153     0.0012    1.00892    1.00892          1     6.9037     6.4987      89.57     1.2802     0.3459  1.000e-12  0.2735000     7.6604     7.6601    -0.0002     5.3717     5.3713     15.414     15.704      0.518    1466.43    1466.43  0.000e+00
      15377     16.000    12.5005    12.5020     0.0015    1.00881    1.00882          1     6.8836     6.4928      76.57     1.2356     0.3609  1.000e-12  0.2723000     7.6621     7.6619    -0.0002     5.3749     5.3746     15.912     16.210      0.551    1466.39    1466.40  0.000e+00
      15398     16.500    12.4863    12.4874     0.0011    1.00857    1.00858          1     6.8584     6.4773      76.19     1.1965     0.3537  1.000e-12  0.2765000     7.6630     7.6629    -0.0001     5.3776     5.3773     16.409     16.717      0.584    1466.35    1466.35  0.000e+00
      15419     17.000    12.4733    12.4748     0.0014    1.00855    1.00851          1     6.8248     6.4540      75.75     1.1849     0.3531  1.000e-12  0.2727000     7.6654     7.6648    -0.0006     5.3812     5.3805     16.906     17.223      0.580    1466.31    1466.32  0.000e+00
      15440     17.500    12.4730    12.4748     0.0017    1.00910    1.00907          1     6.7961     6.4262      88.16     1.1998     0.3244  1.000e-12  0.2568000     7.6700     7.6693    -0.0007     5.3848     5.3840     17.403     17.730      0.553    1466.32    1466.33  0.000e+00
      15462     18.000    12.4645    12.4666     0.0020    1.00953    1.00952          1     6.7715     6.3944      76.65     1.1286     0.3350  1.000e-12  0.2922000     7.6751     7.6746    -0.0005     5.3899     5.3892     17.900     18.236      0.534    1466.31    1466.31  0.000e+00
      15485     18.500    12.3901    12.3918     0.0018    1.00805    1.00827          1     6.7428     6.3793      74.15     1.0963     0.3567  1.000e-12  0.2911000     7.6780     7.6795     0.0014     5.4024     5.4033     18.398     18.743      0.521    1466.05    1466.06  0.000e+00
      15508     19.000    12.2343    12.2353     0.0009    1.00402    1.00440          1     6.7915     6.4305      88.43     1.0734     0.3523  1.000e-12  0.2673000     7.6765     7.6794     0.0029     5.4225     5.4246     18.895     19.250      0.513    1465.48    1465.49  0.000e+00
      15531     19.500    12.0647    12.0632    -0.0015    0.99868    0.99902          1     6.8406     6.4673      73.00     1.0785     0.3482  1.000e-12  0.2651000     7.6670     7.6701     0.0031     5.4379     5.4405     19.392     19.756      0.550    1464.85    1464.85  0.000e+00
      15552     20.000    11.9766    11.9766    -0.0000    0.99837    0.99847          1     6.8382     6.4771      82.47     1.1131     0.3686  1.000e-12  0.2649000     7.6824     7.6832     0.0008     5.4616     5.4621     19.889     20.263      0.594    1464.55    1464.56  0.000e+00
      15572     20.500    11.7829    11.7774    -0.0055    0.99202    0.99262          1     6.8549     6.5116      98.83     1.1298     0.3683  1.000e-12  0.2594000     7.6692     7.6754     0.0062     5.4767     5.4822     20.386     20.769      0.586    1463.83    1463.81  0.000e+00
      15593     21.000    11.5214    11.5228     0.0016    0.98357    0.98418          1     6.8748     6.5248      98.72     1.0785     0.3564  1.000e-12  0.2550000     7.6523     7.6570     0.0048     5.4972     5.5007     20.884     21.276      0.526    1462.84    1462.85  0.000e+00
      15617     21.500    11.2744    11.2819     0.0076    0.97650    0.97723          1     7.0098     6.6407      77.08     1.0362     0.3534  1.000e-12  0.2503000     7.6436     7.6482     0.0046     5.5215     5.5241     21.381     21.782      0.494    1461.91    1461.94  0.000e+00
      15641     22.000    10.9301    10.9316     0.0013    0.96630    0.96727          1     7.1846     6.8057      70.40     1.0611     0.3788  1.000e-12  0.2623000     7.6283     7.6362     0.0079     5.5514     5.5574     21.878     22.289      0.535    1460.60    1460.61  0.000e+00
      15662     22.500    10.7565    10.7567     0.0002    0.96193    0.96187          1     7.1158     6.7880      70.04     1.0959     0.4187  1.000e-12  0.2620000     7.6270     7.6264    -0.0006     5.5710     5.5706     22.375     22.795      0.589    1459.94    1459.94  0.000e+00
      15682     23.000    10.5684    10.5661    -0.0022    0.96066    0.96222          1     7.0825     6.8069      69.73     1.0581     0.4531  1.000e-12  0.2665000     7.6551     7.6689     0.0139     5.6144     5.6254     22.872     23.301      0.607    1459.26    1459.27  0.000e+00
      15702     23.500     9.8105     9.8137     0.0031    0.93502    0.93749          1     7.1822     6.8849      66.71     0.9950     0.3110  1.000e-12  0.2618000     7.5915     7.6125     0.0209     5.6487     5.6647     23.370     23.808      0.578    1456.26    1456.30  0.000e+00
      15724     24.000     9.3019     9.3009    -0.0012    0.91844    0.91956          1     7.3973     7.0347      36.24     0.9315     0.3660  1.000e-12  0.2463000     7.5527     7.5627     0.0101     5.6705     5.6784     23.867     24.314      0.517    1454.22    1454.23  0.000e+00
      15749     24.500     8.9477     8.9405    -0.0071    0.90801    0.90828          1     7.5773     7.1645      67.43     0.9337     0.3410  1.000e-12  0.2390000     7.5346     7.5385     0.0039     5.6906     5.6944     24.364     24.821      0.490    1452.80    1452.77  0.000e+00
      15772     25.000     8.7857     8.7880     0.0023    0.90464    0.90513          1     7.4069     7.0544      67.51     0.9152     0.3237  1.000e-12  0.2446000     7.5387     7.5426     0.0039     5.7090     5.7118     24.861     25.327      0.542    1452.16    1452.18  0.000e+00
      15793     25.500     8.4413     8.4308    -0.0109    0.89395    0.89594          1     7.4233     7.0974      67.21     0.9033     0.3236  1.000e-12  0.2489000     7.5153     7.5356     0.0203     5.7213     5.7381     25.358     25.833      0.586    1450.75    1450.74  0.000e+00
      15814     26.000     7.5612     7.5488    -0.0121    0.86615    0.86735          1     7.6027     7.1919      57.08     0.8449     0.3209  1.000e-12  0.2330000     7.4487     7.4625     0.0138     5.7410     5.7528     25.856     26.340      0.572    1447.08    1447.05  0.000e+00
      15835     26.500     7.4379     7.4400     0.0021    0.86293    0.86311          1     7.7330     7.2243      30.64     0.7945     0.2952  1.000e-12  0.2314000     7.4453     7.4465     0.0012     5.7478     5.7486     26.353     26.846      0.535    1446.58    1446.59  0.000e+00
      15858     27.000     7.4341     7.4348     0.0006    0.86346    0.86360          1     7.6898     7.1795      61.93     0.7670     0.2815  1.000e-12  0.2244000     7.4509     7.4521     0.0012     5.7525     5.7534     26.850     27.352      0.538    1446.58    1446.58  0.000e+00
      15880     27.500     7.4156     7.4037    -0.0119    0.86343    0.86308          1     7.6381     7.1521      64.97     0.7621     0.3136  1.000e-12  0.2198000     7.4546     7.4539    -0.0007     5.7568     5.7571     27.347     27.859      0.569    1446.51    1446.46  0.000e+00
      15901     28.000     7.3043     7.2965    -0.0076    0.86033    0.86058          1     7.6599     7.1658      64.52     0.7587     0.3070  1.000e-12  0.2240000     7.4496     7.4536     0.0040     5.7610     5.7646     27.844     28.365      0.569    1446.05    1446.03  0.000e+00
      15922     28.500     7.2755     7.2717    -0.0038    0.86151    0.86059          1     7.6399     7.1445      64.09     0.7379     0.3030  1.000e-12  0.2166000     7.4667     7.4589    -0.0077     5.7764     5.7706     28.341     28.871      0.531    1445.96    1445.94  0.000e+00
