ctdpy/tests/etc/all_smhi_bas_2018/SBE09_1044_20181111_0206_34_01_0128.cnv
* Sea-Bird SBE 9 Data File:
* FileName = C:\ctd\temp\ar18d128.hex
* Software Version Seasave V 7.26.7.107
* Temperature SN = 5351
* Conductivity SN = 3941
* Number of Bytes Per Scan = 41
* Number of Voltage Words = 4
* Number of Scans Averaged by the Deck Unit = 1
* NMEA Latitude = 54 58.28 N
* NMEA Longitude = 014 05.94 E
* NMEA UTC (Time) = Nov 11 2018  02:06:59
* NMEA baud rate = 4800
** Station:  BY2
** Operator:  A-KTh
** Ship: ARANDA
** Average sound velocity: 1461.96 m/s
** True-depth calculation Sun, 11 Nov 2018 04:19:16 +0000
** CTD Python Module SMHI /ver 3-12/ feb 2012 
** LIMS Job: 20183401-0128
** Cruise: SMHI-6-2018
** Latitude [GG MM.mm N]:
** Longitude [GG MM.mm E]
# nquan = 26
# nvalues = 81                          
# units = specified
# name 0 = scan: Scan Count
# name 1 = prDM: Pressure, Digiquartz [db]
# name 2 = t090C: Temperature [ITS-90, deg C]
# name 3 = t190C: Temperature, 2 [ITS-90, deg C]
# name 4 = T2-T190C: Temperature Difference, 2 - 1 [ITS-90, deg C]
# name 5 = c0S/m: Conductivity [S/m]
# name 6 = c1S/m: Conductivity, 2 [S/m]
# name 7 = pumps: Pump Status
# name 8 = sbeox0ML/L: Oxygen, SBE 43 [ml/l]
# name 9 = sbeox1ML/L: Oxygen, SBE 43, 2 [ml/l]
# name 10 = altM: Altimeter [m]
# name 11 = flECO-AFL: Chl-a Fluorescence, WET Labs ECO-AFL/FL [mg/m^3]
# name 12 = flECO-AFL1: Phycocyanin Fluorescence, WET Labs ECO-AFL/FL, 2 [mg/m^3]
# name 13 = par: PAR/Irradiance, Biospherical/Lico [µE/(cm^2*s)]
# name 14 = turbWETntu0: Turbidity, WET Labs ECO [NTU]
# name 15 = sal00: Salinity, Practical [PSU]
# name 16 = sal11: Salinity, Practical, 2 [PSU]
# name 17 = secS-priS: Salinity, Practical, Difference, 2 - 1 [PSU]
# name 18 = sigma-t00: Density [sigma-t, Kg/m^3 ]
# name 19 = sigma-t11: Density, 2 [sigma-t, Kg/m^3 ]
# name 20 = depSM: Depth [salt water, m], lat = 54.9713
# name 21 = depFM: Depth [true depth, m], lat = 54.9713
# name 22 = dz/dtM: Descent Rate [m/s], WS = 2
# name 23 = svCM: Sound Velocity [Chen-Millero, m/s]
# name 24 = svCM1: Sound Velocity, 2 [Chen-Millero, m/s]
# name 25 = flag: flag
# span 0 =      80353,      82485       
# span 1 =      2.000,     42.000       
# span 2 =     9.8381,    13.0237       
# span 3 =     9.8382,    13.0250       
# span 4 =    -0.1074,     0.0163       
# span 5 =   0.969839,   1.963506       
# span 6 =   0.969827,   1.919288       
# span 7 =          1,          1       
# span 8 =    3.99238,    7.24986       
# span 9 =    3.16680,    6.92643       
# span 10 =       2.32,      56.17      
# span 11 =     0.3025,     2.9097      
# span 12 =     0.1782,     0.6588      
# span 13 = -3.642e-05, 1.3584e-01      
# span 14 =     0.1811,     0.8842      
# span 15 =     7.7875,    15.5881      
# span 16 =     7.7871,    15.2335      
# span 17 =    -0.4849,     0.0097      
# span 18 =     5.7435,    11.4208      
# span 19 =     5.7432,    11.1574      
# span 20 =      1.982,     41.617      
# span 21 =      2.025,     42.487      
# span 22 =      0.200,      0.811      
# span 23 =    1456.84,    1477.85      
# span 24 =    1456.85,    1477.02      
# span 25 = 0.0000e+00, 0.0000e+00      
# interval = decibars: 0.5              
# start_time = Nov 11 2018 02:06:59 [NMEA time, first data scan]
# bad_flag = -9.990e-29
*END*
      80353      2.000    10.3364    10.3305    -0.0059    0.97022    0.97000          1     7.1986     6.9161      38.20     2.9097     0.6588  1.358e-01  0.3415000     7.7890     7.7883    -0.0007     5.7451     5.7452      1.982      2.025      0.200    1458.20    1458.17  0.000e+00
      80379      2.500    10.3487    10.3494     0.0008    0.97051    0.97049          1     7.2159     6.9073      10.22     2.4915     0.6267  7.348e-02  0.3409000     7.7888     7.7884    -0.0004     5.7435     5.7432      2.478      2.532      0.319    1458.25    1458.25  0.000e+00
      80690      3.000    10.3381    10.3405     0.0023    0.97022    0.97023          1     7.2294     6.9044      40.73     2.5353     0.5528  1.906e-02  0.3378000     7.7884     7.7880    -0.0004     5.7445     5.7439      2.973      3.038      0.304    1458.22    1458.23  0.000e+00
      80714      3.500    10.3296    10.3311     0.0016    0.97000    0.96998          1     7.2202     6.9010      51.53     2.4070     0.5599  1.242e-02  0.3472000     7.7883     7.7878    -0.0006     5.7454     5.7448      3.468      3.545      0.345    1458.19    1458.20  0.000e+00
      80751      4.000    10.3273    10.3288     0.0015    0.96996    0.96996          1     7.2118     6.8979      56.17     2.4119     0.5575  5.776e-03  0.3432000     7.7884     7.7881    -0.0003     5.7457     5.7452      3.964      4.051      0.350    1458.19    1458.20  0.000e+00
      80780      4.500    10.3269    10.3286     0.0018    0.96993    0.96992          1     7.2160     6.9025      42.20     2.4323     0.5352 -3.642e-05  0.3511000     7.7882     7.7877    -0.0004     5.7456     5.7450      4.459      4.557      0.463    1458.20    1458.21  0.000e+00
      80804      5.000    10.3265    10.3279     0.0014    0.96992    0.96992          1     7.2254     6.9038      47.62     2.3991     0.5559  1.000e-12  0.3425000     7.7881     7.7878    -0.0003     5.7456     5.7451      4.955      5.064      0.517    1458.20    1458.21  0.000e+00
      80827      5.500    10.3264    10.3275     0.0011    0.96992    0.96991          1     7.2331     6.9047      39.62     2.4594     0.5810  1.000e-12  0.3497000     7.7881     7.7877    -0.0004     5.7456     5.7451      5.450      5.570      0.543    1458.21    1458.22  0.000e+00
      80849      6.000    10.3256    10.3274     0.0018    0.96989    0.96990          1     7.2310     6.9061      39.66     2.5893     0.5935  1.000e-12  0.3609000     7.7879     7.7877    -0.0003     5.7455     5.7451      5.946      6.076      0.551    1458.22    1458.22  0.000e+00
      80870      6.500    10.3249    10.3264     0.0014    0.96986    0.96985          1     7.2199     6.9067      39.22     2.5560     0.6080  1.000e-12  0.3774000     7.7877     7.7874    -0.0003     5.7454     5.7450      6.441      6.583      0.554    1458.22    1458.23  0.000e+00
      80892      7.000    10.3243    10.3257     0.0015    0.96984    0.96984          1     7.2245     6.9059      38.66     2.5019     0.6318  1.000e-12  0.3563000     7.7877     7.7874    -0.0003     5.7454     5.7451      6.937      7.089      0.564    1458.23    1458.23  0.000e+00
      80913      7.500    10.3243    10.3256     0.0014    0.96986    0.96986          1     7.2317     6.9050      38.18     2.4692     0.5362  1.000e-12  0.3575000     7.7877     7.7874    -0.0003     5.7455     5.7451      7.432      7.595      0.582    1458.24    1458.24  0.000e+00
      80933      8.000    10.3243    10.3256     0.0013    0.96987    0.96985          1     7.2420     6.9077      37.68     2.4417     0.5665  1.000e-12  0.3510000     7.7878     7.7874    -0.0004     5.7456     5.7451      7.928      8.102      0.568    1458.25    1458.25  0.000e+00
      80955      8.500    10.3236    10.3250     0.0014    0.96984    0.96983          1     7.2367     6.9041      35.85     2.4415     0.6016  1.000e-12  0.3454000     7.7876     7.7872    -0.0004     5.7455     5.7450      8.423      8.608      0.550    1458.25    1458.25  0.000e+00
      80977      9.000    10.3237    10.3251     0.0014    0.96984    0.96984          1     7.2291     6.8996       7.43     2.4942     0.6094  1.000e-12  0.3604000     7.7876     7.7872    -0.0004     5.7454     5.7450      8.919      9.114      0.598    1458.26    1458.26  0.000e+00
      80995      9.500    10.3237    10.3253     0.0015    0.96984    0.96984          1     7.2352     6.9029      29.85     2.5183     0.5735  1.000e-12  0.3534000     7.7875     7.7872    -0.0004     5.7454     5.7449      9.414      9.621      0.668    1458.27    1458.27  0.000e+00
      81013     10.000    10.3237    10.3252     0.0015    0.96985    0.96984          1     7.2476     6.9054      30.01     2.5261     0.6039  1.000e-12  0.3610000     7.7875     7.7871    -0.0003     5.7454     5.7449      9.910     10.127      0.663    1458.27    1458.28  0.000e+00
      81032     10.500    10.3238    10.3251     0.0014    0.96987    0.96984          1     7.2499     6.9039      20.06     2.5301     0.6060  1.000e-12  0.3604000     7.7876     7.7871    -0.0005     5.7455     5.7449     10.405     10.634      0.561    1458.28    1458.29  0.000e+00
      81057     11.000    10.3235    10.3250     0.0015    0.96986    0.96986          1     7.2244     6.9065      34.17     2.5171     0.5930  1.000e-12  0.3512000     7.7876     7.7872    -0.0004     5.7455     5.7450     10.901     11.140      0.448    1458.29    1458.29  0.000e+00
      81084     11.500    10.3235    10.3250     0.0015    0.96987    0.96987          1     7.2238     6.9064      21.19     2.5088     0.5979  1.000e-12  0.3596000     7.7876     7.7872    -0.0003     5.7455     5.7450     11.396     11.646      0.518    1458.30    1458.30  0.000e+00
      81104     12.000    10.3235    10.3250     0.0015    0.96988    0.96987          1     7.2363     6.9052       6.00     2.5433     0.5882  1.000e-12  0.3598000     7.7876     7.7872    -0.0004     5.7455     5.7450     11.892     12.153      0.649    1458.30    1458.31  0.000e+00
      81121     12.500    10.3247    10.3255     0.0008    0.96998    0.96991          1     7.2402     6.9070       8.96     2.5170     0.5872  1.000e-12  0.3469000     7.7881     7.7874    -0.0007     5.7457     5.7451     12.387     12.659      0.703    1458.32    1458.32  0.000e+00
      81138     13.000    10.3244    10.3253     0.0010    0.96993    0.96989          1     7.2363     6.9110      12.82     2.5164     0.5881  1.000e-12  0.3511000     7.7878     7.7872    -0.0006     5.7455     5.7449     12.882     13.165      0.664    1458.33    1458.33  0.000e+00
      81158     13.500    10.3246    10.3260     0.0014    0.96997    0.96995          1     7.2425     6.9244      17.28     2.5212     0.5855  1.000e-12  0.3565000     7.7880     7.7875    -0.0005     5.7457     5.7451     13.378     13.672      0.553    1458.33    1458.34  0.000e+00
      81183     14.000    10.3241    10.3262     0.0021    0.97027    0.97013          1     7.2332     6.9264      24.97     2.5304     0.5788  1.000e-12  0.3532000     7.7906     7.7889    -0.0017     5.7478     5.7462     13.873     14.178      0.466    1458.34    1458.35  0.000e+00
      81208     14.500    10.2942    10.2988     0.0049    0.97611    0.97440          1     7.1256     6.8642       3.48     2.4904     0.5964  1.000e-12  0.3546000     7.8476     7.8317    -0.0158     5.7953     5.7825     14.369     14.684      0.534    1458.31    1458.30  0.000e+00
      81228     15.000    10.1681    10.1608    -0.0075    0.99536    0.99470          1     7.0609     6.8297       3.60     2.2893     0.5153  1.000e-12  0.3482000     8.0421     8.0380    -0.0041     5.9606     5.9582     14.864     15.191      0.652    1458.06    1458.03  0.000e+00
      81246     15.500     9.9926     9.9942     0.0014    0.99392    0.99398          1     7.0742     6.8292       3.23     1.5592     0.4195  1.000e-12  0.2959000     8.0684     8.0686     0.0001     6.0003     6.0003     15.360     15.697      0.700    1457.42    1457.43  0.000e+00
      81263     16.000     9.8913     9.8909    -0.0003    0.99146    0.99142          1     7.1150     6.8362       2.79     1.2991     0.3515  1.000e-12  0.2748000     8.0693     8.0690    -0.0003     6.0120     6.0118     15.855     16.203      0.657    1457.04    1457.04  0.000e+00
      81283     16.500     9.8381     9.8399     0.0018    0.99048    0.99047          1     7.1369     6.8333       2.32     1.1919     0.3367  1.000e-12  0.2609000     8.0726     8.0721    -0.0005     6.0202     6.0197     16.351     16.709      0.547    1456.84    1456.85  0.000e+00
      81307     17.000     9.8384     9.8382    -0.0002    0.99172    0.99160          1     7.1502     6.8279      10.87     1.1540     0.3366  1.000e-12  0.2471000     8.0833     8.0822    -0.0011     6.0286     6.0278     16.846     17.216      0.484    1456.86    1456.86  0.000e+00
      81331     17.500     9.8484     9.8493     0.0008    0.99273    0.99269          1     7.1439     6.8197      28.21     1.1430     0.3234  1.000e-12  0.2488000     8.0899     8.0893    -0.0005     6.0326     6.0321     17.342     17.722      0.554    1456.92    1456.92  0.000e+00
      81351     18.000     9.8815     9.8821     0.0008    0.99447    0.99441          1     7.1271     6.8126      27.50     1.1439     0.3421  1.000e-12  0.2492000     8.0977     8.0970    -0.0006     6.0351     6.0345     17.837     18.228      0.618    1457.06    1457.07  0.000e+00
      81370     18.500     9.8887     9.8914     0.0026    0.99494    0.99497          1     7.1212     6.8057      26.97     1.1233     0.3570  1.000e-12  0.2482000     8.1001     8.0998    -0.0003     6.0362     6.0357     18.332     18.734      0.609    1457.11    1457.12  0.000e+00
      81391     19.000     9.8834     9.8851     0.0016    0.99514    0.99511          1     7.1297     6.8001      26.29     1.1088     0.3682  1.000e-12  0.2488000     8.1030     8.1024    -0.0006     6.0391     6.0384     18.828     19.240      0.562    1457.10    1457.10  0.000e+00
      81413     19.500     9.8984     9.8988     0.0004    0.99619    0.99612          1     7.1362     6.7953      25.79     1.1050     0.3676  1.000e-12  0.2524000     8.1088     8.1081    -0.0007     6.0419     6.0414     19.323     19.747      0.551    1457.17    1457.17  0.000e+00
      81434     20.000     9.9273     9.9298     0.0026    0.99797    0.99795          1     7.1301     6.7943       6.19     1.0952     0.3193  1.000e-12  0.2423000     8.1179     8.1171    -0.0007     6.0459     6.0450     19.819     20.253      0.585    1457.30    1457.31  0.000e+00
      81454     20.500     9.9679     9.9721     0.0042    1.00036    1.00049          1     7.1113     6.7822       4.05     1.0848     0.3236  1.000e-12  0.2485000     8.1297     8.1298     0.0001     6.0507     6.0503     20.314     20.759      0.606    1457.48    1457.50  0.000e+00
      81474     21.000     9.9931     9.9942     0.0011    1.00209    1.00200          1     7.0973     6.7709      18.61     1.0752     0.3392  1.000e-12  0.2520000     8.1391     8.1381    -0.0010     6.0553     6.0543     20.810     21.265      0.599    1457.60    1457.60  0.000e+00
      81494     21.500    10.0166    10.0175     0.0009    1.00367    1.00361          1     7.0866     6.7604       6.34     1.0562     0.3383  1.000e-12  0.2523000     8.1476     8.1468    -0.0008     6.0593     6.0586     21.305     21.772      0.580    1457.71    1457.71  0.000e+00
      81515     22.000    10.0613    10.0616     0.0003    1.00714    1.00698          1     7.0656     6.7419       8.28     1.0287     0.3376  1.000e-12  0.2457000     8.1679     8.1663    -0.0015     6.0701     6.0689     21.801     22.278      0.558    1457.91    1457.91  0.000e+00
      81537     22.500    10.0930    10.0945     0.0016    1.00974    1.00970          1     7.0296     6.7150      22.66     0.9951     0.3390  1.000e-12  0.2363000     8.1834     8.1827    -0.0007     6.0787     6.0780     22.296     22.784      0.528    1458.06    1458.07  0.000e+00
      81561     23.000    10.1103    10.1106     0.0003    1.01141    1.01124          1     7.0084     6.7076      22.07     0.9494     0.3010  1.000e-12  0.2555000     8.1940     8.1924    -0.0016     6.0850     6.0838     22.792     23.290      0.537    1458.15    1458.15  0.000e+00
      81582     23.500    10.1227    10.1244     0.0016    1.01292    1.01293          1     6.9864     6.6818      21.63     0.9150     0.2767  1.000e-12  0.2422000     8.2043     8.2040    -0.0003     6.0917     6.0913     23.287     23.796      0.619    1458.22    1458.23  0.000e+00
      81600     24.000    10.1462    10.1438    -0.0024    1.01443    1.01421          1     6.9714     6.6627      21.25     0.9043     0.2798  1.000e-12  0.2380000     8.2121     8.2108    -0.0013     6.0951     6.0944     23.782     24.302      0.691    1458.33    1458.32  0.000e+00
      81616     24.500    10.1296    10.1373     0.0077    1.01387    1.01416          1     6.9678     6.6619      20.86     0.9013     0.3659  1.000e-12  0.2378000     8.2109     8.2117     0.0008     6.0960     6.0958     24.278     24.809      0.680    1458.27    1458.30  0.000e+00
      81635     25.000    10.0877    10.0894     0.0017    1.01232    1.01234          1     6.9724     6.6647      20.36     0.8837     0.3602  1.000e-12  0.2411000     8.2069     8.2066    -0.0003     6.0975     6.0971     24.773     25.315      0.567    1458.11    1458.12  0.000e+00
      81661     25.500    10.0922    10.0947     0.0025    1.01297    1.01293          1     6.9368     6.6425      12.54     0.8518     0.3316  1.000e-12  0.2362000     8.2114     8.2105    -0.0009     6.1005     6.0996     25.269     25.821      0.413    1458.14    1458.15  0.000e+00
      81691     26.000    10.0828    10.0858     0.0030    1.01325    1.01329          1     6.9238     6.6300       8.47     0.8713     0.3400  1.000e-12  0.2352000     8.2159     8.2155    -0.0004     6.1051     6.1045     25.764     26.327      0.523    1458.12    1458.13  0.000e+00
      81710     26.500    10.0748    10.0766     0.0018    1.01357    1.01358          1     6.9691     6.6437      13.17     0.8577     0.3546  1.000e-12  0.2428000     8.2205     8.2201    -0.0003     6.1095     6.1091     26.260     26.833      0.724    1458.10    1458.11  0.000e+00
      81725     27.000    10.0822    10.0830     0.0010    1.01417    1.01406          1     6.9710     6.6398      15.52     0.8499     0.3683  1.000e-12  0.2417000     8.2240     8.2228    -0.0011     6.1114     6.1105     26.755     27.340      0.790    1458.14    1458.15  0.000e+00
      81740     27.500    10.2478    10.2465    -0.0013    1.02328    1.02328          1     6.9458     6.6293       6.77     0.8346     0.3490  1.000e-12  0.2417000     8.2659     8.2661     0.0002     6.1256     6.1258     27.250     27.846      0.724    1458.84    1458.84  0.000e+00
      81759     28.000    10.2559    10.2655     0.0096    1.02454    1.02489          1     6.9126     6.6123       8.48     0.7748     0.3271  1.000e-12  0.2420000     8.2750     8.2758     0.0008     6.1317     6.1312     27.746     28.352      0.536    1458.89    1458.93  0.000e+00
      81789     28.500    10.2335    10.2328    -0.0008    1.02408    1.02382          1     6.8921     6.5947      14.61     0.7714     0.3314  1.000e-12  0.2242000     8.2760     8.2739    -0.0021     6.1350     6.1334     28.241     28.858      0.369    1458.82    1458.81  0.000e+00
      81819     29.000    10.2637    10.2633    -0.0005    1.02697    1.02677          1     6.9340     6.6081      15.96     0.7732     0.3239  1.000e-12  0.2429000     8.2942     8.2925    -0.0017     6.1457     6.1445     28.737     29.364      0.569    1458.96    1458.96  0.000e+00
