ctdpy/tests/etc/all_smhi_bas_2018/SBE09_0827_20180225_1637_26_01_0310.cnv
* Sea-Bird SBE 9 Data File:
* FileName = D:\CTD_SBE911\DAT\26DA.2018.3.10.hex
* Software Version Seasave V 7.21d
* Temperature SN = 034757
* Conductivity SN = 041844
* Number of Bytes Per Scan = 48
* Number of Voltage Words = 5
* Number of Scans Averaged by the Deck Unit = 1
* NMEA Latitude = 55 40.22 N
* NMEA Longitude = 014 46.49 E
* NMEA UTC (Time) = Feb 25 2018  16:38:00
* NMEA baud rate = 4800
** Ship: DANA
** Average sound velocity: 1430.07 m/s
** True-depth calculation Tue, 02 Apr 2019 08:32:03 +0000
** CTD Python Module SMHI /ver 3-12/ feb 2012 
** LIMS Job: 20182601-0310
** Operator:
** Cruise: 02/2018
# nquan = 26
# nvalues = 108                         
# units = specified
# name 0 = scan: Scan Count
# name 1 = prDM: Pressure, Digiquartz [db]
# name 2 = t090C: Temperature [ITS-90, deg C]
# name 3 = t190C: Temperature, 2 [ITS-90, deg C]
# name 4 = T2-T190C: Temperature Difference, 2 - 1 [ITS-90, deg C]
# name 5 = c0S/m: Conductivity [S/m]
# name 6 = c1S/m: Conductivity, 2 [S/m]
# name 7 = pumps: Pump Status
# name 8 = sbeox1ML/L: Oxygen, SBE 43, 2 [ml/l]
# name 9 = sbeox0ML/L: Oxygen, SBE 43 [ml/l]
# name 10 = altM: Altimeter [m]
# name 11 = chloroflTC0: Chlorophyll, Turner Cyclops [ug/l]
# name 12 = cpar: CPAR/Corrected Irradiance [%]
# name 13 = par: PAR/Irradiance, Biospherical/Lico [µE/(cm^2*s)]
# name 14 = spar: SPAR, Biospherical/Licor
# name 15 = sal00: Salinity, Practical [PSU]
# name 16 = sal11: Salinity, Practical, 2 [PSU]
# name 17 = secS-priS: Salinity, Practical, Difference, 2 - 1 [PSU]
# name 18 = sigma-t00: Density [sigma-t, kg/m^3 ]
# name 19 = sigma-t11: Density, 2 [sigma-t, kg/m^3 ]
# name 20 = depSM: Depth [salt water, m], lat = 55.6703
# name 21 = depFM: Depth [true depth, m], lat = 55.6703
# name 22 = dz/dtM: Descent Rate [m/s], WS = 2
# name 23 = svCM: Sound Velocity [Chen-Millero, m/s]
# name 24 = svCM1: Sound Velocity, 2 [Chen-Millero, m/s]
# name 25 = flag: flag
# span 0 =         27,       5140       
# span 1 =      0.500,     54.000       
# span 2 =     3.4479,     5.4863       
# span 3 =     3.5061,     5.2011       
# span 4 =    -0.9889,     0.0848       
# span 5 =   0.516794,   0.975722       
# span 6 =   0.146220,   0.940771       
# span 7 =          1,          1       
# span 8 =     5.4227,     8.6164       
# span 9 =     4.8053,     9.3936       
# span 10 =       1.72,       9.99      
# span 11 =     0.0122,     0.0147      
# span 12 = 1.6373e-11, 2.1239e+01      
# span 13 = 1.0000e-12, 1.2940e+00      
# span 14 = 4.0610e+00, 6.1027e+00      
# span 15 =     4.8430,     8.9935      
# span 16 =     1.2676,     8.7207      
# span 17 =    -5.9836,    -0.0056      
# span 18 =     3.8555,     7.0883      
# span 19 =     0.9944,     6.8866      
# span 20 =      0.495,     53.503      
# span 21 =      0.507,     54.679      
# span 22 =     -0.056,      0.651      
# span 23 =    1425.44,    1440.70      
# span 24 =    1421.07,    1439.11      
# span 25 = 0.0000e+00, 0.0000e+00      
# interval = decibars: 0.5              
# start_time = Feb 25 2018 16:38:00 [NMEA time, first data scan]
# bad_flag = -9.990e-29
*END*
         27      0.500     3.4479     3.5061     0.0581    0.51679    0.14828          1     6.5401     9.3936       9.98     0.0122  2.124e+01  1.294e+00  6.093e+00     4.8430     1.2876    -3.5554     3.8555     1.0104      0.495      0.507      0.312    1425.44    1421.07  0.000e+00
         44      1.000     3.4840     3.5364     0.0526    0.51950    0.14622          1     6.5761     9.1941       9.98     0.0122  1.372e+01  8.360e-01  6.093e+00     4.8646     1.2676    -3.5970     3.8724     0.9944      0.991      1.015      0.651    1425.65    1421.19  0.000e+00
         86      1.500     3.4664     3.5519     0.0848    0.52370    0.14721          1     6.5752     9.1656       9.98     0.0122  2.699e+00  1.644e-01  6.093e+00     4.9092     1.2760    -3.6332     3.9082     1.0012      1.486      1.522      0.522    1425.63    1421.28  0.000e+00
        232      2.000     3.5354     3.5548     0.0193    0.54261    0.15349          1     6.5986     8.3736       9.98     0.0128  8.748e-01  5.329e-02  6.093e+00     5.0880     1.3332    -3.7548     4.0502     1.0472      1.982      2.029      0.475    1426.19    1421.38  0.000e+00
        333      2.500     3.5688     3.5555    -0.0133    0.56671    0.16194          1     6.7792     7.7698       9.98     0.0124  2.880e-01  1.755e-02  6.093e+00     5.3245     1.4105    -3.9140     4.2384     1.1092      2.477      2.536      0.320    1426.65    1421.49  0.000e+00
        363      3.000     3.5721     3.5648    -0.0073    0.57509    0.16592          1     6.9648     7.8371       9.99     0.0122  2.237e-03  1.363e-04  6.093e+00     5.4081     1.4466    -3.9615     4.3051     1.1381      2.973      3.043      0.388    1426.79    1421.59  0.000e+00
        399      3.500     3.5724     3.5689    -0.0036    0.58034    0.16970          1     7.1828     7.9865       9.99     0.0122  1.641e-11  1.000e-12  6.093e+00     5.4609     1.4811    -3.9798     4.3471     1.1659      3.468      3.551      0.290    1426.86    1421.66  0.000e+00
        451      4.000     3.5724     3.5709    -0.0015    0.60530    0.17555          1     7.2830     8.0247       9.99     0.0128  1.641e-11  1.000e-12  6.093e+00     5.7134     1.5349    -4.1786     4.5484     1.2090      3.964      4.058      0.240    1427.20    1421.75  0.000e+00
        524      4.500     3.5699     3.5710     0.0012    0.76959    0.17272          1     7.1955     7.8439       9.99     0.0126  1.641e-11  1.000e-12  6.093e+00     7.3901     1.5088    -5.8813     5.8840     1.1881      4.459      4.564      0.426    1429.36    1421.72  0.000e+00
        545      5.000     3.5697     3.5706     0.0009    0.77832    0.17142          1     7.2010     7.8715       9.99     0.0133  1.641e-11  1.000e-12  6.093e+00     7.4804     1.4968    -5.9836     5.9559     1.1785      4.955      5.070      0.495    1429.49    1421.71  0.000e+00
        573      5.500     3.5708     3.5698    -0.0010    0.77859    0.19232          1     7.2266     7.9967       9.99     0.0129  1.641e-11  1.000e-12  6.093e+00     7.4829     1.6900    -5.7928     5.9578     1.3335      5.450      5.577      0.346    1429.50    1421.97  0.000e+00
        644      6.000     3.5692     3.5698     0.0006    0.77078    0.18306          1     7.1172     8.1628       9.99     0.0135  1.641e-11  1.000e-12  6.093e+00     7.4027     1.6042    -5.7985     5.8940     1.2646      5.945      6.083      0.267    1429.40    1421.86  0.000e+00
        682      6.500     3.5706     3.5687    -0.0019    0.77504    0.18307          1     7.0693     8.1754       9.98     0.0124  1.641e-11  1.000e-12  6.093e+00     7.4461     1.6042    -5.8419     5.9286     1.2647      6.441      6.589      0.372    1429.47    1421.87  0.000e+00
        723      7.000     3.5803     3.5687    -0.0116    0.78650    0.20261          1     7.0163     8.1256       9.98     0.0124  1.641e-11  1.000e-12  6.093e+00     7.5621     1.7857    -5.7764     6.0207     1.4102      6.936      7.095      0.222    1429.67    1422.11  0.000e+00
        786      7.500     3.5785     3.5724    -0.0061    0.78643    0.21402          1     6.9237     8.2649       9.97     0.0123  1.641e-11  1.000e-12  6.093e+00     7.5617     1.8915    -5.6702     6.0204     1.4950      7.432      7.602      0.263    1429.67    1422.28  0.000e+00
        827      8.000     3.5786     3.5761    -0.0025    0.78652    0.21074          1     6.9487     8.2493       9.97     0.0130  1.641e-11  1.000e-12  6.093e+00     7.5625     1.8607    -5.7018     6.0211     1.4703      7.927      8.108      0.277    1429.68    1422.26  0.000e+00
        870      8.500     3.5790     3.5766    -0.0024    0.78668    0.21610          1     7.0518     8.2609       9.97     0.0127  1.641e-11  1.000e-12  6.093e+00     7.5641     1.9107    -5.6533     6.0223     1.5104      8.423      8.614      0.304    1429.69    1422.34  0.000e+00
        908      9.000     3.5786     3.5768    -0.0017    0.78678    0.20830          1     7.1412     8.2674       9.96     0.0129  1.641e-11  1.000e-12  6.093e+00     7.5651     1.8379    -5.7272     6.0231     1.4520      8.918      9.120      0.301    1429.70    1422.25  0.000e+00
        960      9.500     3.5774     3.5770    -0.0004    0.78679    0.20479          1     7.1953     8.2686       9.96     0.0132  1.641e-11  1.000e-12  6.093e+00     7.5654     1.8053    -5.7600     6.0234     1.4259      9.414      9.627      0.205    1429.70    1422.22  0.000e+00
       1014     10.000     3.5763     3.5771     0.0008    0.78680    0.19520          1     7.1722     8.2621       9.96     0.0135  1.641e-11  1.000e-12  6.093e+00     7.5657     1.7161    -5.8495     6.0236     1.3544      9.909     10.133      0.292    1429.71    1422.11  0.000e+00
       1052     10.500     3.5766     3.5767     0.0000    0.78684    0.23398          1     7.1515     8.2530       9.96     0.0135  1.641e-11  1.000e-12  6.093e+00     7.5660     2.0794    -5.4866     6.0239     1.6455     10.404     10.639      0.283    1429.72    1422.59  0.000e+00
       1104     11.000     3.5763     3.5760    -0.0003    0.78686    0.23517          1     7.0985     8.2699       9.96     0.0137  1.641e-11  1.000e-12  6.093e+00     7.5661     2.0897    -5.4764     6.0240     1.6538     10.900     11.145      0.220    1429.72    1422.61  0.000e+00
       1150     11.500     3.5753     3.5756     0.0003    0.78685    0.21993          1     7.0636     8.2814       9.96     0.0143  1.641e-11  1.000e-12  6.093e+00     7.5663     1.9469    -5.6193     6.0241     1.5394     11.395     11.651      0.319    1429.73    1422.43  0.000e+00
       1185     12.000     3.5727     3.5753     0.0026    0.78681    0.21911          1     7.0272     8.2922       9.96     0.0146  1.641e-11  1.000e-12  6.093e+00     7.5663     1.9394    -5.6269     6.0242     1.5334     11.891     12.158      0.351    1429.72    1422.42  0.000e+00
       1223     12.500     3.5719     3.5750     0.0032    0.78681    0.20842          1     6.9909     8.2862       9.96     0.0144  1.641e-11  1.000e-12  6.093e+00     7.5665     1.8392    -5.7272     6.0243     1.4531     12.386     12.664      0.255    1429.73    1422.30  0.000e+00
       1289     13.000     3.5699     3.5731     0.0031    0.78679    0.19618          1     6.8926     8.2801       9.96     0.0145  1.641e-11  1.000e-12  6.093e+00     7.5666     1.7260    -5.8406     6.0245     1.3623     12.882     13.170      0.247    1429.73    1422.15  0.000e+00
       1329     13.500     3.5740     3.5717    -0.0023    0.78689    0.26226          1     6.8281     8.2691       9.96     0.0145  1.641e-11  1.000e-12  6.093e+00     7.5667     2.3472    -5.2195     6.0245     1.8599     13.377     13.676      0.344    1429.75    1422.96  0.000e+00
       1368     14.000     3.5759     3.5704    -0.0054    0.78694    0.24428          1     6.7300     8.2695       9.96     0.0147  1.641e-11  1.000e-12  6.093e+00     7.5667     2.1764    -5.3903     6.0244     1.7232     13.873     14.183      0.225    1429.77    1422.74  0.000e+00
       1439     14.500     3.5754     3.5711    -0.0043    0.78694    0.32066          1     6.5943     8.2815       9.21     0.0145  1.641e-11  1.000e-12  6.093e+00     7.5667     2.9030    -4.6637     6.0245     2.3048     14.368     14.689      0.273    1429.77    1423.70  0.000e+00
       1472     15.000     3.5759     3.5718    -0.0040    0.78696    0.27777          1     6.5288     8.2647       8.59     0.0147  1.641e-11  1.000e-12  6.093e+00     7.5667     2.4941    -5.0726     6.0245     1.9776     14.863     15.195      0.417    1429.78    1423.18  0.000e+00
       1501     15.500     3.5761     3.5727    -0.0035    0.78698    0.28089          1     6.4979     8.2780       8.65     0.0144  1.641e-11  1.000e-12  6.093e+00     7.5668     2.5235    -5.0432     6.0245     2.0011     15.359     15.701      0.359    1429.79    1423.23  0.000e+00
       1553     16.000     3.5764     3.5733    -0.0031    0.78700    0.31608          1     6.4820     8.2853       8.64     0.0147  1.641e-11  1.000e-12  6.093e+00     7.5668     2.8598    -4.7071     6.0246     2.2702     15.854     16.207      0.204    1429.80    1423.68  0.000e+00
       1612     16.500     3.5766     3.5745    -0.0021    0.78701    0.30281          1     6.5287     8.2752       8.74     0.0147  1.641e-11  1.000e-12  6.093e+00     7.5669     2.7324    -4.8345     6.0246     2.1683     16.350     16.714      0.278    1429.81    1423.53  0.000e+00
       1652     17.000     3.5759     3.5751    -0.0008    0.78700    0.38174          1     6.6238     8.2748       8.40     0.0146  1.641e-11  1.000e-12  6.093e+00     7.5669     3.4936    -4.0732     6.0246     2.7769     16.845     17.220      0.285    1429.82    1424.53  0.000e+00
       1704     17.500     3.5758     3.5750    -0.0008    0.78701    0.50848          1     7.3837     8.2631       8.33     0.0147  1.641e-11  1.000e-12  6.093e+00     7.5669     4.7501    -2.8168     6.0246     3.7797     17.340     17.726      0.202    1429.82    1426.17  0.000e+00
       1758     18.000     3.5764     3.5747    -0.0017    0.78704    0.75530          1     8.4982     8.2768       8.28     0.0147  1.663e-11  1.000e-12  6.039e+00     7.5670     7.2385    -0.3285     6.0247     5.7633     17.836     18.232      0.305    1429.84    1429.40  0.000e+00
       1791     18.500     3.5747     3.5754     0.0008    0.78700    0.77859          1     8.6164     8.2724       8.27     0.0142  1.642e-11  1.000e-12  6.092e+00     7.5669     7.4800    -0.0869     6.0246     5.9555     18.331     18.739      0.360    1429.83    1429.72  0.000e+00
       1831     19.000     3.5747     3.5749     0.0002    0.78701    0.78416          1     8.3464     8.2762       8.26     0.0147  1.641e-11  1.000e-12  6.093e+00     7.5670     7.5374    -0.0295     6.0247     6.0012     18.827     19.245      0.233    1429.84    1429.80  0.000e+00
       1891     19.500     3.5765     3.5742    -0.0023    0.78707    0.78467          1     8.2131     8.2859       8.26     0.0142  1.641e-11  1.000e-12  6.093e+00     7.5671     7.5429    -0.0242     6.0247     6.0055     19.322     19.751      0.287    1429.86    1429.82  0.000e+00
       1923     20.000     3.5742     3.5752     0.0011    0.78701    0.78489          1     8.0853     8.2819       8.26     0.0140  1.641e-11  1.000e-12  6.093e+00     7.5669     7.5448    -0.0222     6.0247     6.0070     19.818     20.257      0.364    1429.86    1429.83  0.000e+00
       1981     20.500     3.5710     3.5711     0.0001    0.78695    0.78512          1     8.0171     8.2828       8.26     0.0142  1.641e-11  1.000e-12  6.093e+00     7.5670     7.5481    -0.0189     6.0247     6.0097     20.313     20.763      0.238    1429.85    1429.82  0.000e+00
       2030     21.000     3.5730     3.5696    -0.0034    0.78701    0.78526          1     8.0240     8.2767       8.28     0.0141  1.641e-11  1.000e-12  6.093e+00     7.5671     7.5498    -0.0173     6.0248     6.0111     20.808     21.270      0.376    1429.87    1429.83  0.000e+00
       2063     21.500     3.5733     3.5712    -0.0021    0.78704    0.78540          1     8.0756     8.2753       8.28     0.0137  1.641e-11  1.000e-12  6.093e+00     7.5672     7.5508    -0.0164     6.0249     6.0119     21.304     21.776      0.318    1429.88    1429.85  0.000e+00
       2106     22.000     3.5729     3.5707    -0.0022    0.78703    0.78555          1     8.0739     8.2831       8.27     0.0141  1.641e-11  1.000e-12  6.093e+00     7.5672     7.5524    -0.0148     6.0249     6.0131     21.799     22.282      0.283    1429.88    1429.85  0.000e+00
       2143     22.500     3.5748     3.5716    -0.0033    0.78709    0.78566          1     8.0227     8.2927       8.26     0.0147  1.641e-11  1.000e-12  6.093e+00     7.5673     7.5533    -0.0140     6.0249     6.0139     22.295     22.788      0.306    1429.90    1429.87  0.000e+00
       2209     23.000     3.5755     3.5732    -0.0023    0.78712    0.78582          1     7.9777     8.2797       8.26     0.0147  1.641e-11  1.000e-12  6.093e+00     7.5673     7.5544    -0.0129     6.0249     6.0147     22.790     23.294      0.266    1429.91    1429.88  0.000e+00
       2251     23.500     3.5757     3.5744    -0.0013    0.78713    0.78592          1     7.9369     8.2654       8.27     0.0144  1.641e-11  1.000e-12  6.093e+00     7.5673     7.5551    -0.0122     6.0249     6.0153     23.285     23.801      0.474    1429.92    1429.90  0.000e+00
       2274     24.000     3.5757     3.5746    -0.0010    0.78713    0.78596          1     7.9697     8.2683       8.27     0.0134  1.702e-11  1.000e-12  5.943e+00     7.5673     7.5554    -0.0118     6.0249     6.0155     23.781     24.307      0.441    1429.93    1429.91  0.000e+00
       2353     24.500     3.5745     3.5738    -0.0007    0.78710    0.78604          1     8.0424     8.2827       8.27     0.0144  1.637e-11  1.000e-12  6.103e+00     7.5672     7.5564    -0.0109     6.0249     6.0162     24.276     24.813      0.286    1429.93    1429.91  0.000e+00
       2395     25.000     3.5744     3.5735    -0.0009    0.78710    0.78629          1     8.0155     8.2761       8.28     0.0142  1.643e-11  1.000e-12  6.088e+00     7.5671     7.5590    -0.0081     6.0248     6.0184     24.772     25.319      0.523    1429.94    1429.92  0.000e+00
       2417     25.500     3.5740     3.5734    -0.0007    0.78709    0.78632          1     7.9943     8.2759       8.28     0.0144  1.742e-11  1.000e-12  5.843e+00     7.5670     7.5593    -0.0078     6.0248     6.0186     25.267     25.826      0.479    1429.94    1429.93  0.000e+00
       2460     26.000     3.5742     3.5730    -0.0012    0.78711    0.78632          1     8.0212     8.2746       8.29     0.0146  1.666e-11  1.000e-12  6.031e+00     7.5671     7.5593    -0.0078     6.0248     6.0186     25.763     26.332      0.256    1429.95    1429.93  0.000e+00
       2534     26.500     3.5740     3.5730    -0.0011    0.78712    0.78638          1     8.0252     8.2688       8.30     0.0137  1.692e-11  1.000e-12  5.967e+00     7.5672     7.5598    -0.0074     6.0249     6.0190     26.258     26.838      0.359    1429.96    1429.94  0.000e+00
       2559     27.000     3.5738     3.5730    -0.0007    0.78711    0.78641          1     8.0001     8.2772       8.30     0.0138  1.879e-11  1.000e-12  5.504e+00     7.5671     7.5600    -0.0071     6.0248     6.0192     26.753     27.344      0.464    1429.96    1429.95  0.000e+00
       2588     27.500     3.5738     3.5728    -0.0010    0.78712    0.78643          1     8.0307     8.2801       8.30     0.0139  1.698e-11  1.000e-12  5.952e+00     7.5671     7.5602    -0.0069     6.0248     6.0193     27.249     27.850      0.343    1429.97    1429.96  0.000e+00
