ctdpy/tests/etc/all_smhi_bas_2018/SBE09_0827_20181011_0648_26_01_1068.cnv
* Sea-Bird SBE 9 Data File:
* FileName = D:\CTD_SBE911\DAT\26DA.2018.10.68.hex
* Software Version Seasave V 7.21d
* Temperature SN = 4548
* Conductivity SN = 3062
* Number of Bytes Per Scan = 48
* Number of Voltage Words = 5
* Number of Scans Averaged by the Deck Unit = 1
* NMEA Latitude = 57 06.22 N
* NMEA Longitude = 018 48.67 E
* NMEA UTC (Time) = Oct 11 2018  06:50:58
* NMEA baud rate = 4800
** Ship: DANA
** Average sound velocity: 1447.06 m/s
** True-depth calculation Thu, 28 Mar 2019 12:25:29 +0000
** CTD Python Module SMHI /ver 3-12/ feb 2012 
** LIMS Job: 20182601-1068
** Operator: Christian
** Cruise: 10/2018
# nquan = 26
# nvalues = 81                          
# units = specified
# name 0 = scan: Scan Count
# name 1 = prDM: Pressure, Digiquartz [db]
# name 2 = t090C: Temperature [ITS-90, deg C]
# name 3 = t190C: Temperature, 2 [ITS-90, deg C]
# name 4 = T2-T190C: Temperature Difference, 2 - 1 [ITS-90, deg C]
# name 5 = c0S/m: Conductivity [S/m]
# name 6 = c1S/m: Conductivity, 2 [S/m]
# name 7 = pumps: Pump Status
# name 8 = sbeox1ML/L: Oxygen, SBE 43, 2 [ml/l]
# name 9 = sbeox0ML/L: Oxygen, SBE 43 [ml/l]
# name 10 = altM: Altimeter [m]
# name 11 = chloroflTC0: Chlorophyll, Turner Cyclops [ug/l]
# name 12 = cpar: CPAR/Corrected Irradiance [%]
# name 13 = par: PAR/Irradiance, Biospherical/Lico [µE/(cm^2*s)]
# name 14 = spar: SPAR, Biospherical/Licor
# name 15 = sal00: Salinity, Practical [PSU]
# name 16 = sal11: Salinity, Practical, 2 [PSU]
# name 17 = secS-priS: Salinity, Practical, Difference, 2 - 1 [PSU]
# name 18 = sigma-t00: Density [sigma-t, kg/m^3 ]
# name 19 = sigma-t11: Density, 2 [sigma-t, kg/m^3 ]
# name 20 = depSM: Depth [salt water, m], lat = 57.1037
# name 21 = depFM: Depth [true depth, m], lat = 57.1037
# name 22 = dz/dtM: Descent Rate [m/s], WS = 2
# name 23 = svCM: Sound Velocity [Chen-Millero, m/s]
# name 24 = svCM1: Sound Velocity, 2 [Chen-Millero, m/s]
# name 25 = flag: flag
# span 0 =       -165,       4264       
# span 1 =      1.000,     41.000       
# span 2 =     3.7243,    10.6390       
# span 3 =     3.7391,    10.6394       
# span 4 =    -0.0270,     0.7894       
# span 5 =   0.787509,   0.877687       
# span 6 =   0.788216,   0.877692       
# span 7 =          1,          1       
# span 8 =     5.7633,     7.4267       
# span 9 =     5.4013,     7.0249       
# span 10 =       0.51,      10.00      
# span 11 =     0.0159,     0.0309      
# span 12 = 5.0246e-13, 9.1132e+00      
# span 13 = 1.0000e-12, 1.5425e+01      
# span 14 = 1.6447e+02, 1.9902e+02      
# span 15 =     6.9345,     7.8282      
# span 16 =     6.9345,     7.8336      
# span 17 =    -0.0432,     0.0054      
# span 18 =     5.0473,     6.2242      
# span 19 =     5.0473,     6.2284      
# span 20 =      0.991,     40.619      
# span 21 =      1.013,     41.533      
# span 22 =     -0.251,      0.294      
# span 23 =    1430.82,    1458.42      
# span 24 =    1430.89,    1458.42      
# span 25 = 0.0000e+00, 0.0000e+00      
# interval = decibars: 0.5              
# start_time = Oct 11 2018 06:50:58 [NMEA time, first data scan]
# bad_flag = -9.990e-29
*END*
       -165      1.000    10.6362    10.6373     0.0011    0.87759    0.87761          1     7.2445     6.7912      10.00     0.0307  9.113e+00  1.543e+01  1.691e+02     6.9345     6.9345     0.0000     5.0475     5.0475      0.991      1.013     -0.251    1458.29    1458.31  0.000e+00
        211      1.500    10.6383    10.6377    -0.0006    0.87765    0.87764          1     7.2566     6.7856       9.99     0.0293  8.219e+00  1.416e+01  1.723e+02     6.9346     6.9346    -0.0000     5.0474     5.0474      1.486      1.520      0.294    1458.31    1458.31  0.000e+00
        289      2.000    10.6383    10.6376    -0.0007    0.87766    0.87764          1     7.2582     6.7753      10.00     0.0309  6.900e+00  1.191e+01  1.726e+02     6.9346     6.9346    -0.0000     5.0474     5.0475      1.982      2.027      0.222    1458.32    1458.32  0.000e+00
        344      2.500    10.6381    10.6376    -0.0005    0.87766    0.87764          1     7.2539     6.7858      10.00     0.0308  5.776e+00  9.971e+00  1.726e+02     6.9346     6.9346    -0.0001     5.0474     5.0475      2.477      2.534      0.218    1458.33    1458.33  0.000e+00
        396      3.000    10.6390    10.6394     0.0003    0.87768    0.87769          1     7.2505     6.7971       9.99     0.0301  4.936e+00  8.520e+00  1.726e+02     6.9346     6.9346    -0.0000     5.0473     5.0473      2.972      3.040      0.278    1458.34    1458.34  0.000e+00
        443      3.500    10.6388    10.6391     0.0003    0.87769    0.87769          1     7.2495     6.7921       9.99     0.0297  4.189e+00  7.231e+00  1.726e+02     6.9346     6.9346    -0.0000     5.0474     5.0473      3.468      3.547      0.239    1458.35    1458.35  0.000e+00
        491      4.000    10.6380    10.6384     0.0004    0.87767    0.87768          1     7.2594     6.7883       9.99     0.0293  3.631e+00  6.268e+00  1.726e+02     6.9346     6.9346     0.0000     5.0474     5.0474      3.963      4.054      0.244    1458.35    1458.35  0.000e+00
        540      4.500    10.6353    10.6365     0.0012    0.87761    0.87765          1     7.2638     6.7943       9.99     0.0293  3.102e+00  5.354e+00  1.726e+02     6.9345     6.9346     0.0000     5.0477     5.0476      4.459      4.560      0.258    1458.35    1458.35  0.000e+00
        586      5.000    10.6350    10.6349    -0.0001    0.87762    0.87762          1     7.2563     6.7970       9.99     0.0293  2.676e+00  4.627e+00  1.729e+02     6.9346     6.9346     0.0000     5.0478     5.0478      4.954      5.067      0.263    1458.36    1458.36  0.000e+00
        632      5.500    10.6342    10.6346     0.0004    0.87761    0.87762          1     7.2602     6.7969       9.99     0.0293  2.279e+00  3.945e+00  1.731e+02     6.9346     6.9346    -0.0000     5.0479     5.0478      5.449      5.574      0.247    1458.36    1458.36  0.000e+00
        684      6.000    10.6342    10.6348     0.0006    0.87761    0.87763          1     7.2508     6.7889       9.99     0.0293  1.957e+00  3.378e+00  1.726e+02     6.9346     6.9346     0.0000     5.0479     5.0478      5.945      6.081      0.224    1458.37    1458.37  0.000e+00
        739      6.500    10.6339    10.6344     0.0005    0.87761    0.87763          1     7.2550     6.7935       9.99     0.0293  1.710e+00  2.952e+00  1.726e+02     6.9346     6.9346     0.0000     5.0479     5.0479      6.440      6.587      0.230    1458.38    1458.38  0.000e+00
        785      7.000    10.6328    10.6345     0.0016    0.87760    0.87763          1     7.2541     6.7899       9.99     0.0293  1.480e+00  2.545e+00  1.719e+02     6.9347     6.9346    -0.0001     5.0481     5.0478      6.936      7.094      0.276    1458.38    1458.39  0.000e+00
        831      7.500    10.6318    10.6324     0.0007    0.87759    0.87761          1     7.2551     6.7868       9.99     0.0293  1.270e+00  2.169e+00  1.708e+02     6.9347     6.9347     0.0000     5.0483     5.0482      7.431      7.601      0.242    1458.39    1458.39  0.000e+00
        884      8.000    10.6299    10.6313     0.0014    0.87758    0.87760          1     7.2523     6.7974       9.98     0.0295  1.102e+00  1.879e+00  1.704e+02     6.9349     6.9348    -0.0001     5.0486     5.0484      7.926      8.107      0.224    1458.39    1458.39  0.000e+00
        934      8.500    10.6346    10.6330    -0.0016    0.87765    0.87763          1     7.2517     6.7973       9.98     0.0293  9.648e-01  1.627e+00  1.686e+02     6.9346     6.9347     0.0001     5.0478     5.0481      8.422      8.614      0.252    1458.41    1458.41  0.000e+00
        983      9.000    10.6342    10.6343     0.0002    0.87765    0.87766          1     7.2547     6.7916       9.98     0.0302  8.231e-01  1.387e+00  1.686e+02     6.9347     6.9346    -0.0000     5.0479     5.0479      8.917      9.121      0.236    1458.42    1458.42  0.000e+00
       1036      9.500    10.6326    10.6337     0.0012    0.87764    0.87765          1     7.2545     6.7872       9.98     0.0305  6.973e-01  1.171e+00  1.678e+02     6.9348     6.9347    -0.0001     5.0482     5.0480      9.412      9.628      0.214    1458.42    1458.42  0.000e+00
       1090     10.000    10.6204    10.6299     0.0094    0.87749    0.87762          1     7.2337     6.7867       9.98     0.0306  6.062e-01  1.009e+00  1.665e+02     6.9358     6.9350    -0.0007     5.0503     5.0487      9.908     10.134      0.257    1458.38    1458.42  0.000e+00
       1133     10.500    10.6042    10.6171     0.0129    0.87731    0.87748          1     7.2289     6.7853       9.98     0.0301  5.155e-01  8.584e-01  1.665e+02     6.9372     6.9362    -0.0010     5.0533     5.0511     10.403     10.641      0.278    1458.33    1458.38  0.000e+00
       1182     11.000    10.6021    10.6053     0.0031    0.87731    0.87735          1     7.2301     6.7763       9.98     0.0305  4.320e-01  7.168e-01  1.659e+02     6.9376     6.9373    -0.0002     5.0539     5.0533     10.899     11.148      0.214    1458.33    1458.34  0.000e+00
       1238     11.500    10.6087    10.6091     0.0004    0.87741    0.87740          1     7.2361     6.7729       9.98     0.0301  3.740e-01  6.150e-01  1.645e+02     6.9371     6.9370    -0.0001     5.0527     5.0526     11.394     11.654      0.245    1458.36    1458.37  0.000e+00
       1284     12.000    10.6138    10.6094    -0.0044    0.87748    0.87743          1     7.2392     6.7755       9.97     0.0300  3.160e-01  5.198e-01  1.645e+02     6.9367     6.9371     0.0004     5.0518     5.0526     11.889     12.161      0.247    1458.39    1458.37  0.000e+00
       1335     12.500    10.6074    10.6106     0.0032    0.87740    0.87745          1     7.2133     6.8020       9.97     0.0302  2.631e-01  4.328e-01  1.645e+02     6.9372     6.9370    -0.0002     5.0529     5.0524     12.385     12.668      0.237    1458.37    1458.39  0.000e+00
       1384     13.000    10.4757    10.5891     0.1132    0.87599    0.87725          1     7.1665     6.7869       9.97     0.0300  2.191e-01  3.603e-01  1.645e+02     6.9501     6.9394    -0.0108     5.0778     5.0567     12.880     13.174      0.251    1457.89    1458.32  0.000e+00
       1431     13.500    10.3912    10.4713     0.0803    0.87516    0.87607          1     7.1567     6.7769       9.97     0.0287  1.796e-01  2.970e-01  1.654e+02     6.9590     6.9516    -0.0075     5.0942     5.0795     13.375     13.681      0.258    1457.59    1457.89  0.000e+00
       1477     14.000    10.2928    10.3875     0.0946    0.87439    0.87529          1     7.1615     6.7459       9.97     0.0281  1.420e-01  2.365e-01  1.665e+02     6.9712     6.9608    -0.0104     5.1145     5.0960     13.871     14.188      0.254    1457.23    1457.58  0.000e+00
       1526     14.500    10.2324    10.2898     0.0574    0.87389    0.87450          1     7.1747     6.7416       9.97     0.0276  1.124e-01  1.871e-01  1.665e+02     6.9784     6.9726    -0.0057     5.1267     5.1160     14.366     14.695      0.245    1457.01    1457.23  0.000e+00
       1575     15.000    10.2102    10.2452     0.0350    0.87384    0.87416          1     7.1719     6.7458       9.97     0.0270  8.449e-02  1.407e-01  1.665e+02     6.9821     6.9781    -0.0040     5.1321     5.1252     14.862     15.201      0.244    1456.94    1457.07  0.000e+00
       1623     15.500    10.1405    10.1923     0.0518    0.87337    0.87386          1     7.1799     6.7444       9.97     0.0268  6.176e-02  1.028e-01  1.665e+02     6.9914     6.9857    -0.0057     5.1469     5.1368     15.357     15.708      0.254    1456.69    1456.88  0.000e+00
       1669     16.000    10.0619    10.1373     0.0753    0.87254    0.87344          1     7.1741     6.7635       9.97     0.0258  4.235e-02  7.052e-02  1.665e+02     6.9993     6.9926    -0.0067     5.1615     5.1481     15.852     16.215      0.265    1456.40    1456.68  0.000e+00
       1716     16.500     9.9535    10.0487     0.0952    0.87120    0.87252          1     7.1617     6.7525       9.97     0.0256  2.314e-02  3.854e-02  1.665e+02     7.0086     7.0017    -0.0070     5.1803     5.1647     16.348     16.721      0.250    1456.00    1456.36  0.000e+00
       1766     17.000     9.8736     9.9520     0.0784    0.87039    0.87140          1     7.1793     6.7368       9.97     0.0255  8.181e-03  1.379e-02  1.686e+02     7.0170     7.0106    -0.0064     5.1952     5.1819     16.843     17.228      0.242    1455.70    1456.00  0.000e+00
       1812     17.500     9.8604     9.8900     0.0296    0.87049    0.87078          1     7.1870     6.7398       9.97     0.0246  1.716e-04  2.894e-04  1.702e+02     7.0204     7.0172    -0.0032     5.1992     5.1936     17.338     17.734      0.272    1455.66    1455.77  0.000e+00
       1856     18.000     9.8396     9.8664     0.0268    0.87045    0.87069          1     7.1950     6.7402       9.97     0.0245  4.513e-06  7.610e-06  1.706e+02     7.0240     7.0209    -0.0031     5.2042     5.1989     17.834     18.241      0.260    1455.59    1455.69  0.000e+00
       1907     18.500     9.8141     9.8350     0.0209    0.87023    0.87051          1     7.1941     6.7617       9.97     0.0249  5.827e-13  1.000e-12  1.716e+02     7.0270     7.0254    -0.0016     5.2092     5.2057     18.329     18.748      0.224    1455.51    1455.59  0.000e+00
       1958     19.000     9.7951     9.8174     0.0223    0.86999    0.87035          1     7.1455     6.8162       9.97     0.0246  5.778e-13  1.000e-12  1.731e+02     7.0286     7.0273    -0.0012     5.2124     5.2091     18.824     19.254      0.268    1455.44    1455.53  0.000e+00
       2000     19.500     9.5463     9.7582     0.2119    0.86581    0.86955          1     7.0593     6.7852       9.97     0.0243  5.726e-13  1.000e-12  1.746e+02     7.0405     7.0318    -0.0087     5.2470     5.2187     19.320     19.761      0.274    1454.49    1455.31  0.000e+00
       2047     20.000     9.3195     9.5243     0.2047    0.86227    0.86584          1     7.0520     6.7090       9.97     0.0229  5.667e-13  1.000e-12  1.765e+02     7.0539     7.0451    -0.0088     5.2801     5.2528     19.815     20.268      0.247    1453.61    1454.41  0.000e+00
       2096     20.500     9.3058     9.3595     0.0537    0.86232    0.86324          1     7.0454     6.6852       9.97     0.0220  5.621e-13  1.000e-12  1.779e+02     7.0569     7.0545    -0.0025     5.2838     5.2766     20.311     20.774      0.247    1453.57    1453.78  0.000e+00
       2144     21.000     9.1992     9.3090     0.1098    0.86084    0.86259          1     7.0416     6.6635       9.97     0.0220  5.554e-13  1.000e-12  1.801e+02     7.0649     7.0586    -0.0063     5.3003     5.2847     20.806     21.281      0.254    1453.17    1453.60  0.000e+00
       2191     21.500     9.0791     9.1935     0.1145    0.85930    0.86108          1     7.0538     6.6486       9.97     0.0220  5.469e-13  1.000e-12  1.828e+02     7.0749     7.0680    -0.0070     5.3196     5.3033     21.301     21.787      0.248    1452.71    1453.16  0.000e+00
       2239     22.000     9.0347     9.0965     0.0617    0.85884    0.85980          1     7.0547     6.6786       9.97     0.0219  5.392e-13  1.000e-12  1.855e+02     7.0796     7.0758    -0.0038     5.3274     5.3187     21.797     22.294      0.258    1452.55    1452.79  0.000e+00
       2285     22.500     8.9198     9.0240     0.1043    0.85721    0.85890          1     7.0231     6.7651       9.97     0.0215  5.349e-13  1.000e-12  1.870e+02     7.0879     7.0821    -0.0057     5.3446     5.3304     22.292     22.800      0.253    1452.11    1452.52  0.000e+00
       2335     23.000     8.3884     8.8254     0.4370    0.85087    0.85647          1     6.9927     6.7813       9.97     0.0211  5.284e-13  1.000e-12  1.893e+02     7.1376     7.1001    -0.0375     5.4306     5.3627     22.787     23.307      0.245    1450.03    1451.75  0.000e+00
       2380     23.500     7.8658     8.3197     0.4537    0.84519    0.85080          1     7.0054     6.7096       9.97     0.0196  5.233e-13  1.000e-12  1.911e+02     7.1925     7.1508    -0.0417     5.5168     5.4470     23.283     23.813      0.279    1447.98    1449.78  0.000e+00
       2424     24.000     7.6438     7.8754     0.2317    0.84537    0.84695          1     7.0591     6.6762       9.97     0.0192  5.184e-13  1.000e-12  1.929e+02     7.2398     7.2064    -0.0334     5.5712     5.5270     23.778     24.320      0.260    1447.13    1448.05  0.000e+00
       2473     24.500     7.5996     7.6893     0.0897    0.84525    0.84617          1     7.0610     6.8193       9.97     0.0183  5.138e-13  1.000e-12  1.946e+02     7.2479     7.2377    -0.0102     5.5809     5.5661     24.273     24.826      0.238    1446.97    1447.33  0.000e+00
       2523     25.000     7.2319     7.5229     0.2911    0.83792    0.84419          1     6.9533     6.9233       9.97     0.0185  5.080e-13  1.000e-12  1.969e+02     7.2566     7.2539    -0.0027     5.6142     5.5913     24.769     25.333      0.247    1445.46    1446.67  0.000e+00
       2569     25.500     6.1013     6.8912     0.7894    0.81607    0.83233          1     7.0628     6.8062       9.97     0.0176  5.057e-13  1.000e-12  1.978e+02     7.2899     7.2760    -0.0139     5.7110     5.6525     25.264     25.839      0.278    1440.73    1444.07  0.000e+00
       2613     26.000     5.6548     6.0475     0.3932    0.81266    0.81758          1     7.2029     6.8523       9.97     0.0171  5.025e-13  1.000e-12  1.990e+02     7.3536     7.3160    -0.0376     5.7851     5.7350     25.759     26.346      0.262    1438.90    1440.55  0.000e+00
       2660     26.500     5.2526     5.6047     0.3518    0.80652    0.81290          1     7.2723     6.9158       9.97     0.0171  5.025e-13  1.000e-12  1.990e+02     7.3818     7.3669    -0.0149     5.8258     5.7979     26.255     26.852      0.245    1437.20    1438.71  0.000e+00
       2710     27.000     5.0552     5.2598     0.2047    0.80287    0.80745          1     7.2864     6.9462       9.97     0.0171  5.027e-13  1.000e-12  1.989e+02     7.3894     7.3893    -0.0002     5.8400     5.8315     26.750     27.358      0.244    1436.35    1437.25  0.000e+00
       2757     27.500     4.7877     4.9847     0.1969    0.79832    0.80235          1     7.3027     6.9445       9.97     0.0171  5.073e-13  1.000e-12  1.971e+02     7.4037     7.3998    -0.0039     5.8617     5.8511     27.245     27.865      0.259    1435.20    1436.06  0.000e+00
       2804     28.000     4.6198     4.8072     0.1875    0.79571    0.79981          1     7.3520     6.9395       9.97     0.0169  5.089e-13  1.000e-12  1.965e+02     7.4152     7.4142    -0.0010     5.8766     5.8692     27.741     28.371      0.251    1434.48    1435.31  0.000e+00
