ctdpy/tests/etc/all_smhi_bas_2018/SBE09_1044_20180203_0540_34_02_0050.cnv
* Sea-Bird SBE 9 Data File:
* FileName = C:\ctd\temp\2018\ME18D050.hex
* Software Version Seasave V 7.26.6.26
* Temperature SN = 5351
* Conductivity SN = 3941
* Number of Bytes Per Scan = 41
* Number of Voltage Words = 4
* Number of Scans Averaged by the Deck Unit = 1
* NMEA Latitude = 57 11.56 N
* NMEA Longitude = 011 39.46 E
* NMEA UTC (Time) = Feb 03 2018  05:40:41
* NMEA baud rate = 4800
** Station:  Fladen
** Operator:  SSip
** Ship: MERI
** Average sound velocity: 1469.16 m/s
** True-depth calculation Sat, 03 Feb 2018 06:25:19 +0000
** CTD Python Module SMHI /ver 3-12/ feb 2012 
** LIMS Job: 20183402-0050
** Cruise: SMHI-01-2018
** Latitude [GG MM.mm N] :
** Longitude [GG MM.mm E]:
# nquan = 26
# nvalues = 160                         
# units = specified
# name 0 = scan: Scan Count
# name 1 = prDM: Pressure, Digiquartz [db]
# name 2 = t090C: Temperature [ITS-90, deg C]
# name 3 = t190C: Temperature, 2 [ITS-90, deg C]
# name 4 = T2-T190C: Temperature Difference, 2 - 1 [ITS-90, deg C]
# name 5 = c0S/m: Conductivity [S/m]
# name 6 = c1S/m: Conductivity, 2 [S/m]
# name 7 = pumps: Pump Status
# name 8 = sbeox0ML/L: Oxygen, SBE 43 [ml/l]
# name 9 = sbeox1ML/L: Oxygen, SBE 43, 2 [ml/l]
# name 10 = altM: Altimeter [m]
# name 11 = flECO-AFL: Chl-a Fluorescence, WET Labs ECO-AFL/FL [mg/m^3]
# name 12 = flECO-AFL1: Phycocyanin Fluorescence, WET Labs ECO-AFL/FL, 2 [mg/m^3]
# name 13 = par: PAR/Irradiance, Biospherical/Lico [µE/(cm^2*s)]
# name 14 = turbWETntu0: Turbidity, WET Labs ECO [NTU]
# name 15 = sal00: Salinity, Practical [PSU]
# name 16 = sal11: Salinity, Practical, 2 [PSU]
# name 17 = secS-priS: Salinity, Practical, Difference, 2 - 1 [PSU]
# name 18 = sigma-t00: Density [sigma-t, Kg/m^3 ]
# name 19 = sigma-t11: Density, 2 [sigma-t, Kg/m^3 ]
# name 20 = depSM: Depth [salt water, m], lat = 57.1927
# name 21 = depFM: Depth [true depth, m], lat = 57.1927
# name 22 = dz/dtM: Descent Rate [m/s], WS = 2
# name 23 = svCM: Sound Velocity [Chen-Millero, m/s]
# name 24 = svCM1: Sound Velocity, 2 [Chen-Millero, m/s]
# name 25 = flag: flag
# span 0 =       5631,       9145       
# span 1 =      1.000,     80.500       
# span 2 =     3.2289,     7.2885       
# span 3 =     3.2265,     7.2882       
# span 4 =    -0.1105,     0.0608       
# span 5 =   1.972608,   3.471557       
# span 6 =   1.971867,   3.471649       
# span 7 =          1,          1       
# span 8 =    5.90174,    7.76841       
# span 9 =    5.87495,    7.80390       
# span 10 =       1.14,      99.13      
# span 11 =     0.1691,     1.1762      
# span 12 =     0.2692,     0.4644      
# span 13 = -2.629e-06, 2.6433e-01      
# span 14 =     0.6843,     3.1135      
# span 15 =    20.6635,    34.0473      
# span 16 =    20.6575,    34.0488      
# span 17 =    -0.2819,     0.2893      
# span 18 =    16.4478,    26.6283      
# span 19 =    16.4433,    26.6295      
# span 20 =      0.991,     79.744      
# span 21 =      1.002,     80.052      
# span 22 =     -0.024,      1.008      
# span 23 =    1444.91,    1479.90      
# span 24 =    1444.89,    1479.90      
# span 25 = 0.0000e+00, 0.0000e+00      
# interval = decibars: 0.5              
# start_time = Feb 03 2018 05:40:41 [NMEA time, first data scan]
# bad_flag = -9.990e-29
*END*
       5631      1.000     3.2376     3.2337    -0.0037    1.97261    1.97187          1     7.7684     7.7663       2.38     1.1525     0.3677  2.643e-01  0.6883000    20.6635    20.6575    -0.0059    16.4478    16.4433      0.991      1.002      0.306    1444.91    1444.89  0.000e+00
       5658      1.500     3.2388     3.2419     0.0030    1.97318    1.97283          1     7.7649     7.8039       1.80     1.1410     0.3843  8.133e-02  0.7203000    20.6691    20.6631    -0.0060    16.4522    16.4473      1.486      1.503      0.474    1444.93    1444.94  0.000e+00
       5679      2.000     3.2351     3.2454     0.0104    1.97293    1.97299          1     7.7577     7.7976       1.78     1.1599     0.4014  2.749e-02  0.7719000    20.6684    20.6625    -0.0059    16.4518    16.4466      1.982      2.004      0.550    1444.92    1444.96  0.000e+00
       5705      2.500     3.2346     3.2290    -0.0055    1.97457    1.97328          1     7.7433     7.7071       1.38     1.1724     0.3872  2.710e-02  0.7745000    20.6873    20.6762    -0.0111    16.4669    16.4583      2.477      2.505      0.421    1444.95    1444.91  0.000e+00
       5735      3.000     3.2341     3.2293    -0.0048    1.97523    1.97431          1     7.7365     7.7297       1.14     1.1762     0.3609  2.511e-02  0.7596000    20.6949    20.6876    -0.0074    16.4730    16.4674      2.972      3.006      0.539    1444.97    1444.94  0.000e+00
       5753      3.500     3.2364     3.2276    -0.0088    1.97654    1.97383          1     7.6419     7.7075       1.19     1.1517     0.3634  4.208e-03  0.7467000    20.7083    20.6829    -0.0254    16.4834    16.4638      3.468      3.507      0.849    1445.00    1444.93  0.000e+00
       5765      4.000     3.2289     3.2265    -0.0025    1.97417    1.97362          1     7.6097     7.6516       1.16     1.1393     0.4047 -2.629e-06  0.7388000    20.6858    20.6811    -0.0047    16.4660    16.4624      3.963      4.008      1.008    1444.95    1444.93  0.000e+00
       5775      4.500     3.2321     3.2391     0.0069    1.97537    1.97704          1     7.6179     7.6425      74.38     1.1461     0.4036 -1.861e-07  0.7600000    20.6973    20.7120     0.0146    16.4750    16.4862      4.459      4.509      0.996    1444.98    1445.04  0.000e+00
       5788      5.000     3.2580     3.2517    -0.0063    1.98133    1.97963          1     7.6572     7.6718      97.66     1.1514     0.4161  9.760e-06  0.7821000    20.7487    20.7332    -0.0155    16.5144    16.5024      4.954      5.010      0.797    1445.17    1445.13  0.000e+00
       5811      5.500     3.3627     3.2520    -0.1105    2.00849    1.97978          1     7.5765     7.5557      98.68     1.1421     0.4427  7.504e-07  0.7990000    20.9901    20.7346    -0.2556    16.7003    16.5035      5.449      5.511      0.449    1445.95    1445.14  0.000e+00
       5844      6.000     3.6051     3.5141    -0.0913    2.10235    2.07227          1     7.5099     7.4708      98.69     1.1320     0.4272  9.796e-13  0.7463000    21.8999    21.6180    -0.2819    17.4088    17.1904      5.945      6.012      0.440    1448.20    1447.43  0.000e+00
       5866      6.500     3.5688     3.6310     0.0608    2.08806    2.11719          1     7.5167     7.5381      98.69     1.0895     0.4300  1.000e-12  0.7275000    21.7612    22.0505     0.2893    17.3008    17.5266      6.440      6.512      0.633    1447.87    1448.51  0.000e+00
       5883      7.000     3.8739     3.8804     0.0077    2.21304    2.21225          1     7.4498     7.4958      98.69     1.0807     0.4222  1.000e-12  0.7473000    22.9700    22.9558    -0.0141    18.2397    18.2279      6.935      7.013      0.710    1450.75    1450.76  0.000e+00
       5899      7.500     4.1156     4.1203     0.0052    2.31232    2.31221          1     7.4041     7.4341      98.69     1.0649     0.3746  1.000e-12  0.7476000    23.9254    23.9206    -0.0048    18.9805    18.9764      7.431      7.513      0.733    1453.02    1453.04  0.000e+00
       5915      8.000     4.1381     4.1368    -0.0012    2.33558    2.33461          1     7.3824     7.3863      98.69     1.0299     0.4170  1.000e-12  0.7397000    24.1724    24.1624    -0.0100    19.1747    19.1668      7.926      8.013      0.702    1453.44    1453.42  0.000e+00
       5934      8.500     4.1512     4.1503    -0.0010    2.34564    2.34544          1     7.3691     7.2973      98.70     1.0575     0.4414  1.000e-12  0.7308000    24.2766    24.2750    -0.0016    19.2563    19.2551      8.422      8.512      0.597    1453.64    1453.63  0.000e+00
       5957      9.000     4.1509     4.1506    -0.0004    2.34782    2.34769          1     7.3608     7.3374      98.70     1.0738     0.4211  1.000e-12  0.7158000    24.3013    24.3002    -0.0011    19.2759    19.2751      8.917      9.012      0.487    1453.68    1453.68  0.000e+00
       5982      9.500     4.1503     4.1495    -0.0008    2.34816    2.34817          1     7.3543     7.3446      98.69     1.0643     0.4483  1.000e-12  0.6843000    24.3054    24.3061     0.0008    19.2792    19.2799      9.412      9.511      0.493    1453.69    1453.69  0.000e+00
       6005     10.000     4.1496     4.1492    -0.0004    2.34817    2.34823          1     7.3593     7.3339      98.69     1.0798     0.4495  1.000e-12  0.7334000    24.3059    24.3069     0.0010    19.2797    19.2805      9.908     10.011      0.547    1453.69    1453.69  0.000e+00
       6026     10.500     4.1473     4.1472    -0.0001    2.35161    2.35151          1     7.3728     7.3404      98.69     1.0827     0.4094  1.000e-12  0.7725000    24.3463    24.3453    -0.0010    19.3119    19.3111     10.403     10.511      0.640    1453.75    1453.74  0.000e+00
       6043     11.000     4.1469     4.1470     0.0002    2.36833    2.36833          1     7.3681     7.3314      98.69     1.0175     0.4009  1.000e-12  0.7037000    24.5363    24.5362    -0.0001    19.4626    19.4624     10.899     11.010      0.670    1453.99    1453.99  0.000e+00
       6062     11.500     4.1539     4.1539    -0.0000    2.37828    2.37833          1     7.3515     7.3298      98.69     0.9910     0.4040  1.000e-12  0.6878000    24.6438    24.6444     0.0006    19.5472    19.5477     11.394     11.510      0.617    1454.17    1454.17  0.000e+00
       6083     12.000     4.1573     4.1567    -0.0005    2.38325    2.38275          1     7.3434     7.4027      98.69     0.9744     0.4193  1.000e-12  0.6873000    24.6975    24.6923    -0.0052    19.5896    19.5855     11.889     12.009      0.536    1454.26    1454.25  0.000e+00
       6107     12.500     4.1637     4.1635    -0.0002    2.39331    2.39351          1     7.3284     7.2917      98.69     1.0254     0.4455  1.000e-12  0.7207000    24.8067    24.8091     0.0024    19.6756    19.6776     12.385     12.509      0.483    1454.44    1454.44  0.000e+00
       6132     13.000     4.1796     4.1789    -0.0007    2.41088    2.41092          1     7.3111     7.2857      98.70     1.0670     0.4477  1.000e-12  0.7486000    24.9941    24.9951     0.0010    19.8230    19.8239     12.880     13.008      0.523    1454.75    1454.75  0.000e+00
       6153     13.500     4.1786     4.1790     0.0003    2.42292    2.42268          1     7.3143     7.2930      98.69     1.0286     0.4063  1.000e-12  0.7425000    25.1315    25.1287    -0.0029    19.9320    19.9297     13.375     13.508      0.590    1454.93    1454.93  0.000e+00
       6173     14.000     4.1722     4.1709    -0.0012    2.43715    2.43678          1     7.3119     7.2992      98.70     0.9579     0.3992  1.000e-12  0.7286000    25.2983    25.2950    -0.0033    20.0647    20.0622     13.871     14.007      0.606    1455.12    1455.12  0.000e+00
       6193     14.500     4.2026     4.1995    -0.0032    2.44287    2.44266          1     7.2907     7.2790      98.70     0.9229     0.4174  1.000e-12  0.7262000    25.3397    25.3397    -0.0000    20.0952    20.0954     14.366     14.506      0.557    1455.32    1455.30  0.000e+00
       6216     15.000     4.2317     4.2304    -0.0014    2.44830    2.44840          1     7.2622     7.2462      98.70     0.8508     0.3912  1.000e-12  0.7330000    25.3789    25.3810     0.0021    20.1239    20.1256     14.861     15.005      0.504    1455.50    1455.50  0.000e+00
       6241     15.500     4.2669     4.2657    -0.0012    2.45942    2.45938          1     7.2140     7.2027      98.70     0.7422     0.4644  1.000e-12  0.7160000    25.4779    25.4783     0.0004    20.1995    20.1999     15.357     15.505      0.502    1455.78    1455.78  0.000e+00
       6264     16.000     4.3145     4.3121    -0.0023    2.48450    2.48443          1     7.1702     7.1632      98.70     0.7028     0.3250  1.000e-12  0.7638000    25.7257    25.7268     0.0011    20.3920    20.3930     15.852     16.004      0.550    1456.31    1456.30  0.000e+00
       6284     16.500     4.3493     4.3457    -0.0035    2.50433    2.50394          1     7.1534     7.1523      98.70     0.7096     0.3585  1.000e-12  0.7786000    25.9235    25.9219    -0.0016    20.5458    20.5448     16.348     16.503      0.587    1456.72    1456.70  0.000e+00
       6305     17.000     4.4314     4.4271    -0.0044    2.53862    2.53832          1     7.1109     7.1247      98.70     0.7167     0.3872  1.000e-12  0.7576000    26.2478    26.2479     0.0001    20.7959    20.7963     16.843     17.002      0.559    1457.49    1457.47  0.000e+00
       6328     17.500     4.5627     4.5565    -0.0062    2.58179    2.58246          1     7.0465     7.0642      98.70     0.6771     0.3872  1.000e-12  0.7552000    26.6322    26.6448     0.0126    21.0889    21.0994     17.338     17.500      0.495    1458.54    1458.53  0.000e+00
       6353     18.000     4.7103     4.7072    -0.0032    2.64786    2.64809          1     6.9845     6.9879      98.71     0.6133     0.3576  1.000e-12  0.7685000    27.2606    27.2658     0.0052    21.5732    21.5776     17.834     17.999      0.521    1459.97    1459.96  0.000e+00
       6374     18.500     4.7861     4.7847    -0.0015    2.69614    2.69479          1     6.9489     6.9516      98.70     0.6023     0.3604  1.000e-12  0.8006000    27.7442    27.7301    -0.0141    21.9489    21.9379     18.329     18.498      0.631    1460.91    1460.88  0.000e+00
       6391     19.000     4.8734     4.8729    -0.0005    2.73673    2.73639          1     6.9121     6.9245      98.70     0.5758     0.2797  1.000e-12  0.8016000    28.1300    28.1267    -0.0033    22.2460    22.2434     18.824     18.996      0.702    1461.77    1461.77  0.000e+00
       6408     19.500     4.9251     4.9244    -0.0007    2.76058    2.76006          1     6.8590     6.8725      98.70     0.5548     0.3004  1.000e-12  0.8119000    28.3559    28.3505    -0.0054    22.4198    22.4156     19.320     19.494      0.680    1462.28    1462.27  0.000e+00
       6427     20.000     5.0246     5.0251     0.0005    2.80203    2.80223          1     6.7707     6.7835      98.70     0.5054     0.3724  1.000e-12  0.8591000    28.7390    28.7408     0.0018    22.7131    22.7145     19.815     19.992      0.552    1463.19    1463.19  0.000e+00
       6454     20.500     5.0883     5.0908     0.0024    2.82639    2.82712          1     6.7538     6.7586      98.70     0.4871     0.3533  1.000e-12  0.8477000    28.9588    28.9649     0.0061    22.8806    22.8851     20.310     20.490      0.415    1463.74    1463.76  0.000e+00
       6482     21.000     5.2077     5.2064    -0.0011    2.88051    2.87971          1     6.7105     6.7213      98.71     0.4569     0.3823  1.000e-12  0.8736000    29.4651    29.4572    -0.0079    23.2688    23.2626     20.806     20.988      0.521    1464.88    1464.87  0.000e+00
       6502     21.500     5.3881     5.3888     0.0007    2.97697    2.97543          1     6.6143     6.6271      98.70     0.4679     0.3297  1.000e-12  0.8944000    30.3916    30.3736    -0.0180    23.9822    23.9678     21.301     21.485      0.666    1466.80    1466.78  0.000e+00
       6519     22.000     5.3778     5.3781     0.0003    3.00896    3.00884          1     6.6213     6.6159      98.70     0.4025     0.3184  1.000e-12  1.0000000    30.7619    30.7602    -0.0016    24.2761    24.2748     21.796     21.982      0.711    1467.24    1467.24  0.000e+00
       6536     22.500     5.2910     5.2908    -0.0002    3.01626    3.01616          1     6.6731     6.6666      98.70     0.3741     0.3160  1.000e-12  1.0712000    30.9241    30.9231    -0.0010    24.4140    24.4132     22.292     22.480      0.658    1467.10    1467.10  0.000e+00
       6556     23.000     5.2989     5.2963    -0.0025    3.02187    3.02166          1     6.6622     6.6565      98.70     0.3743     0.3184  1.000e-12  1.1692000    30.9801    30.9800    -0.0001    24.4574    24.4576     22.787     22.977      0.519    1467.21    1467.20  0.000e+00
       6585     23.500     5.3985     5.4065     0.0080    3.05318    3.05168          1     6.6345     6.6265      98.69     0.3759     0.3512  1.000e-12  1.1497000    31.2420    31.2175    -0.0244    24.6535    24.6333     23.282     23.474      0.379    1467.96    1467.96  0.000e+00
       6616     24.000     5.3516     5.3449    -0.0067    3.07162    3.07051          1     6.6449     6.6205      98.69     0.3720     0.3247  1.000e-12  1.1750000    31.4943    31.4880    -0.0063    24.8584    24.8541     23.778     23.971      0.459    1468.09    1468.06  0.000e+00
       6639     24.500     5.3043     5.3086     0.0044    3.07624    3.07645          1     6.6529     6.6320      98.70     0.3702     0.3205  1.000e-12  1.2454000    31.5910    31.5893    -0.0017    24.9402    24.9384     24.273     24.468      0.600    1468.03    1468.05  0.000e+00
       6657     25.000     5.2913     5.2916     0.0003    3.08329    3.08351          1     6.6594     6.6385      98.69     0.3536     0.3570  1.000e-12  1.2777000    31.6831    31.6854     0.0023    25.0145    25.0163     24.768     24.965      0.648    1468.10    1468.11  0.000e+00
       6676     25.500     5.2976     5.2979     0.0003    3.08687    3.08703          1     6.6596     6.5815      98.69     0.3718     0.3611  1.000e-12  1.2785000    31.7176    31.7191     0.0015    25.0411    25.0423     25.264     25.461      0.598    1468.18    1468.19  0.000e+00
       6698     26.000     5.2995     5.2997     0.0003    3.08738    3.08751          1     6.6552     6.6245      75.94     0.3813     0.3366  1.000e-12  1.2478000    31.7214    31.7226     0.0012    25.0439    25.0449     25.759     25.958      0.472    1468.20    1468.21  0.000e+00
       6728     26.500     5.3137     5.3109    -0.0027    3.09278    3.09179          1     6.6409     6.6486      98.80     0.3861     0.3237  1.000e-12  1.2434000    31.7690    31.7604    -0.0086    25.0800    25.0735     26.255     26.455      0.401    1468.33    1468.31  0.000e+00
       6756     27.000     5.3391     5.3390    -0.0001    3.10607    3.10570          1     6.6356     6.6254      98.68     0.3833     0.2693  1.000e-12  1.3207000    31.8956    31.8916    -0.0040    25.1773    25.1742     26.750     26.952      0.481    1468.60    1468.60  0.000e+00
       6778     27.500     5.3486     5.3471    -0.0015    3.11428    3.11422          1     6.6122     6.6017      98.68     0.3646     0.2862  1.000e-12  1.3488000    31.9795    31.9803     0.0007    25.2426    25.2434     27.245     27.449      0.553    1468.75    1468.75  0.000e+00
       6800     28.000     5.3656     5.3665     0.0009    3.12062    3.12074          1     6.5991     6.5980      98.68     0.3553     0.3193  1.000e-12  1.3632000    32.0351    32.0356     0.0005    25.2847    25.2850     27.741     27.945      0.532    1468.90    1468.91  0.000e+00
