ctdpy/tests/etc/all_smhi_bas_2018/SBE09_1044_20180125_1855_34_02_0009.cnv
* Sea-Bird SBE 9 Data File:
* FileName = C:\ctd\temp\2018\ME18D009.hex
* Software Version Seasave V 7.26.6.26
* Temperature SN = 5351
* Conductivity SN = 3941
* Number of Bytes Per Scan = 41
* Number of Voltage Words = 4
* Number of Scans Averaged by the Deck Unit = 1
* NMEA Latitude = 55 51.99 N
* NMEA Longitude = 012 44.86 E
* NMEA UTC (Time) = Jan 25 2018  18:55:59
* NMEA baud rate = 4800
** Station:  W Landskrona
** Operator:  JKro
** Ship: MERI
** Average sound velocity: 1472.22 m/s
** True-depth calculation Sat, 27 Jan 2018 18:57:14 +0000
** CTD Python Module SMHI /ver 3-12/ feb 2012 
** LIMS Job: 20183402-0009
** Cruise: SMHI-01-2018
** Latitude [GG MM.mm N] :
** Longitude [GG MM.mm E]:
# nquan = 26
# nvalues = 92                          
# units = specified
# name 0 = scan: Scan Count
# name 1 = prDM: Pressure, Digiquartz [db]
# name 2 = t090C: Temperature [ITS-90, deg C]
# name 3 = t190C: Temperature, 2 [ITS-90, deg C]
# name 4 = T2-T190C: Temperature Difference, 2 - 1 [ITS-90, deg C]
# name 5 = c0S/m: Conductivity [S/m]
# name 6 = c1S/m: Conductivity, 2 [S/m]
# name 7 = pumps: Pump Status
# name 8 = sbeox0ML/L: Oxygen, SBE 43 [ml/l]
# name 9 = sbeox1ML/L: Oxygen, SBE 43, 2 [ml/l]
# name 10 = altM: Altimeter [m]
# name 11 = flECO-AFL: Chl-a Fluorescence, WET Labs ECO-AFL/FL [mg/m^3]
# name 12 = flECO-AFL1: Phycocyanin Fluorescence, WET Labs ECO-AFL/FL, 2 [mg/m^3]
# name 13 = par: PAR/Irradiance, Biospherical/Lico [µE/(cm^2*s)]
# name 14 = turbWETntu0: Turbidity, WET Labs ECO [NTU]
# name 15 = sal00: Salinity, Practical [PSU]
# name 16 = sal11: Salinity, Practical, 2 [PSU]
# name 17 = secS-priS: Salinity, Practical, Difference, 2 - 1 [PSU]
# name 18 = sigma-t00: Density [sigma-t, Kg/m^3 ]
# name 19 = sigma-t11: Density, 2 [sigma-t, Kg/m^3 ]
# name 20 = depSM: Depth [salt water, m], lat = 55.8665
# name 21 = depFM: Depth [true depth, m], lat = 55.8665
# name 22 = dz/dtM: Descent Rate [m/s], WS = 2
# name 23 = svCM: Sound Velocity [Chen-Millero, m/s]
# name 24 = svCM1: Sound Velocity, 2 [Chen-Millero, m/s]
# name 25 = flag: flag
# span 0 =      12883,      15541       
# span 1 =      1.000,     46.500       
# span 2 =     3.7342,     8.5144       
# span 3 =     3.7352,     8.5142       
# span 4 =    -0.1384,     0.0148       
# span 5 =   1.398541,   3.426235       
# span 6 =   1.404866,   3.426141       
# span 7 =          1,          1       
# span 8 =    5.13836,    8.04467       
# span 9 =    5.13379,    8.06154       
# span 10 =       1.25,      46.43      
# span 11 =     0.1532,     0.7624      
# span 12 =     0.2462,     0.3652      
# span 13 = 1.0000e-12, 1.0000e-12      
# span 14 =     0.4520,     3.0888      
# span 15 =    14.0026,    32.4125      
# span 16 =    14.0713,    32.4117      
# span 17 =    -0.3606,     0.1112      
# span 18 =    11.1335,    25.1666      
# span 19 =    11.1880,    25.1660      
# span 20 =      0.991,     46.072      
# span 21 =      1.007,     46.340      
# span 22 =      0.188,      0.504      
# span 23 =    1438.60,    1481.97      
# span 24 =    1438.68,    1481.97      
# span 25 = 0.0000e+00, 0.0000e+00      
# interval = decibars: 0.5              
# start_time = Jan 25 2018 18:55:59 [NMEA time, first data scan]
# bad_flag = -9.990e-29
*END*
[from data line 56]
      14445     29.000     8.3651     8.3716     0.0064    3.37369    3.37501          1     5.2155     5.2372      18.65     0.1667     0.2888  1.000e-12  2.1386000    32.0045    32.0125     0.0081    24.8690    24.8743     28.734     28.951      0.400    1480.62    1480.66  0.000e+00
      14475     29.500     8.3735     8.3814     0.0079    3.37695    3.37961          1     5.2049     5.2251      18.24     0.1869     0.2909  1.000e-12  2.4341000    32.0309    32.0518     0.0209    24.8885    24.9037     29.230     29.448      0.395    1480.69    1480.75  0.000e+00
      14505     30.000     8.3582     8.3609     0.0027    3.37133    3.37235          1     5.2123     5.2247      17.78     0.1786     0.2966  1.000e-12  2.6578000    31.9854    31.9938     0.0083    24.8551    24.8612     29.725     29.945      0.399    1480.59    1480.61  0.000e+00
      14535     30.500     8.3545     8.3570     0.0026    3.36974    3.37077          1     5.2157     5.2335      17.26     0.1765     0.3048  1.000e-12  2.5025000    31.9719    31.9805     0.0086    24.8450    24.8514     30.221     30.442      0.400    1480.57    1480.59  0.000e+00
      14565     31.000     8.3760     8.3799     0.0038    3.37784    3.37912          1     5.2026     5.2382      16.74     0.1635     0.3155  1.000e-12  2.4268000    32.0373    32.0472     0.0099    24.8931    24.9003     30.716     30.939      0.397    1480.74    1480.76  0.000e+00
      14596     31.500     8.3880     8.3884     0.0004    3.38261    3.38266          1     5.2066     5.2314      16.30     0.1614     0.2984  1.000e-12  2.5349000    32.0764    32.0765     0.0001    24.9220    24.9220     31.211     31.436      0.397    1480.84    1480.84  0.000e+00
      14626     32.000     8.3887     8.3890     0.0004    3.38293    3.38300          1     5.2176     5.2321      15.84     0.1695     0.3171  1.000e-12  2.5099000    32.0790    32.0793     0.0004    24.9239    24.9242     31.707     31.932      0.399    1480.85    1480.85  0.000e+00
      14656     32.500     8.3894     8.3896     0.0001    3.38334    3.38333          1     5.2084     5.2231      15.34     0.1806     0.3199  1.000e-12  2.4179000    32.0823    32.0820    -0.0003    24.9264    24.9262     32.202     32.429      0.398    1480.87    1480.87  0.000e+00
      14686     33.000     8.3910     8.3911     0.0001    3.38388    3.38385          1     5.2075     5.2224      14.84     0.1752     0.3053  1.000e-12  2.3765000    32.0863    32.0860    -0.0004    24.9293    24.9290     32.697     32.926      0.390    1480.89    1480.89  0.000e+00
      14717     33.500     8.3945     8.3945    -0.0000    3.38497    3.38497          1     5.2096     5.2210      14.37     0.1610     0.3136  1.000e-12  2.3131000    32.0943    32.0944     0.0001    24.9351    24.9351     33.193     33.423      0.387    1480.92    1480.92  0.000e+00
      14748     34.000     8.3995     8.3995    -0.0000    3.38670    3.38674          1     5.2024     5.2191      13.87     0.1532     0.3193  1.000e-12  2.3424000    32.1078    32.1082     0.0004    24.9449    24.9452     33.688     33.920      0.392    1480.96    1480.96  0.000e+00
      14778     34.500     8.4033     8.4035     0.0001    3.38815    3.38821          1     5.1863     5.2162      13.37     0.1706     0.2823  1.000e-12  2.3257000    32.1193    32.1198     0.0005    24.9533    24.9537     34.184     34.417      0.396    1481.00    1481.00  0.000e+00
      14808     35.000     8.4060     8.4061     0.0001    3.38893    3.38896          1     5.1880     5.2135      12.88     0.1633     0.2462  1.000e-12  2.3458000    32.1249    32.1251     0.0003    24.9573    24.9575     34.679     34.914      0.405    1481.02    1481.02  0.000e+00
      14838     35.500     8.4091     8.4088    -0.0003    3.38993    3.38991          1     5.2015     5.2096      12.42     0.1815     0.3199  1.000e-12  2.2974000    32.1324    32.1324    -0.0000    24.9628    24.9628     35.174     35.411      0.401    1481.05    1481.05  0.000e+00
      14868     36.000     8.4106     8.4106    -0.0001    3.39049    3.39048          1     5.2060     5.2039      11.60     0.1843     0.3077  1.000e-12  2.3419000    32.1366    32.1366     0.0000    24.9658    24.9658     35.670     35.907      0.388    1481.07    1481.07  0.000e+00
      14899     36.500     8.4140     8.4136    -0.0003    3.39153    3.39143          1     5.1946     5.2025      11.26     0.1615     0.3194  1.000e-12  2.3646000    32.1443    32.1435    -0.0008    24.9713    24.9708     36.165     36.404      0.392    1481.10    1481.10  0.000e+00
      14930     37.000     8.4167     8.4166    -0.0002    3.39232    3.39227          1     5.1785     5.1911      10.96     0.1880     0.3212  1.000e-12  2.4262000    32.1498    32.1495    -0.0003    24.9753    24.9750     36.660     36.901      0.405    1481.13    1481.13  0.000e+00
      14959     37.500     8.4189     8.4189    -0.0001    3.39302    3.39298          1     5.1868     5.1995      10.46     0.1744     0.3215  1.000e-12  2.5406000    32.1550    32.1546    -0.0003    24.9790    24.9787     37.156     37.398      0.397    1481.15    1481.15  0.000e+00
      14990     38.000     8.4211     8.4214     0.0002    3.39376    3.39382          1     5.1955     5.2037      10.12     0.1902     0.2819  1.000e-12  2.6580000    32.1605    32.1609     0.0004    24.9830    24.9833     37.651     37.895      0.389    1481.17    1481.17  0.000e+00
      15021     38.500     8.4266     8.4266     0.0001    3.39575    3.39572          1     5.1857     5.1871      10.17     0.1784     0.2866  1.000e-12  2.7343000    32.1762    32.1758    -0.0004    24.9945    24.9942     38.147     38.392      0.398    1481.22    1481.22  0.000e+00
      15050     39.000     8.4307     8.4306    -0.0001    3.39701    3.39694          1     5.1746     5.1880       9.88     0.1894     0.2887  1.000e-12  2.6678000    32.1855    32.1848    -0.0007    25.0012    25.0006     38.642     38.889      0.404    1481.26    1481.26  0.000e+00
      15081     39.500     8.4356     8.4353    -0.0002    3.39850    3.39846          1     5.1677     5.1854       9.55     0.1995     0.3048  1.000e-12  2.7362000    32.1964    32.1963    -0.0001    25.0090    25.0090     39.137     39.385      0.389    1481.30    1481.29  0.000e+00
      15111     40.000     8.4525     8.4523    -0.0001    3.40421    3.40428          1     5.1543     5.1843       9.07     0.1947     0.2762  1.000e-12  2.8090000    32.2408    32.2417     0.0009    25.0413    25.0420     39.633     39.882      0.393    1481.42    1481.42  0.000e+00
      15142     40.500     8.4608     8.4609     0.0002    3.40744    3.40750          1     5.1662     5.1918       8.57     0.1710     0.2493  1.000e-12  2.6632000    32.2670    32.2674     0.0004    25.0606    25.0609     40.128     40.379      0.406    1481.49    1481.50  0.000e+00
      15171     41.000     8.4699     8.4699    -0.0000    3.41054    3.41054          1     5.1711     5.1742       8.09     0.1639     0.2770  1.000e-12  2.3561000    32.2910    32.2910     0.0001    25.0780    25.0780     40.623     40.876      0.397    1481.57    1481.57  0.000e+00
      15202     41.500     8.4735     8.4732    -0.0003    3.41189    3.41176          1     5.1780     5.1697       7.58     0.1823     0.2936  1.000e-12  2.2567000    32.3016    32.3005    -0.0011    25.0858    25.0850     41.119     41.373      0.388    1481.60    1481.60  0.000e+00
      15233     42.000     8.4839     8.4841     0.0002    3.41539    3.41538          1     5.1704     5.1711       7.08     0.1638     0.3508  1.000e-12  2.3616000    32.3286    32.3283    -0.0003    25.1054    25.1052     41.614     41.869      0.399    1481.68    1481.68  0.000e+00
      15262     42.500     8.4940     8.4944     0.0004    3.41917    3.41921          1     5.1526     5.1597       6.59     0.1819     0.3256  1.000e-12  2.5184000    32.3588    32.3588    -0.0000    25.1276    25.1275     42.109     42.366      0.396    1481.77    1481.77  0.000e+00
      15295     43.000     8.4997     8.4998     0.0001    3.42106    3.42107          1     5.1527     5.1498       6.06     0.1616     0.3320  1.000e-12  2.4515000    32.3732    32.3732    -0.0000    25.1380    25.1379     42.605     42.863      0.345    1481.81    1481.81  0.000e+00
      15330     43.500     8.5050     8.5042    -0.0008    3.42285    3.42258          1     5.1559     5.1426       5.54     0.1731     0.3018  1.000e-12  2.4071000    32.3870    32.3849    -0.0021    25.1480    25.1464     43.100     43.360      0.343    1481.86    1481.85  0.000e+00
      15365     44.000     8.5056     8.5062     0.0006    3.42313    3.42329          1     5.1402     5.1475       5.05     0.1748     0.3081  1.000e-12  2.5530000    32.3891    32.3902     0.0011    25.1496    25.1504     43.595     43.857      0.348    1481.87    1481.88  0.000e+00
      15399     44.500     8.5079     8.5072    -0.0007    3.42388    3.42363          1     5.1384     5.1418       4.57     0.1758     0.3014  1.000e-12  2.5082000    32.3946    32.3927    -0.0020    25.1536    25.1521     44.091     44.353      0.344    1481.89    1481.89  0.000e+00
      15435     45.000     8.5122     8.5123     0.0001    3.42543    3.42532          1     5.1399     5.1425       4.06     0.1704     0.2495  1.000e-12  2.6295000    32.4067    32.4055    -0.0012    25.1623    25.1614     44.586     44.850      0.334    1481.93    1481.93  0.000e+00
      15471     45.500     8.5131     8.5133     0.0002    3.42577    3.42570          1     5.1384     5.1534       3.56     0.1800     0.3046  1.000e-12  2.7766000    32.4093    32.4084    -0.0009    25.1643    25.1636     45.081     45.347      0.339    1481.95    1481.95  0.000e+00
      15506     46.000     8.5137     8.5138     0.0001    3.42600    3.42597          1     5.1446     5.1377       3.08     0.1845     0.3012  1.000e-12  2.8067000    32.4109    32.4105    -0.0004    25.1654    25.1651     45.577     45.844      0.346    1481.96    1481.96  0.000e+00
      15541     46.500     8.5144     8.5142    -0.0001    3.42624    3.42614          1     5.1433     5.1338       2.59     0.1750     0.2820  1.000e-12  3.0888000    32.4125    32.4117    -0.0008    25.1666    25.1660     46.072     46.340      0.240    1481.97    1481.97  0.000e+00
