ctdpy/tests/etc/all_smhi_bas_2018/SBE09_0827_20180118_1338_26_01_0103.cnv
* Sea-Bird SBE 9 Data File:
* FileName = D:\CTD_SBE911\DAT\26DA.2018.1.3.hex
* Software Version Seasave V 7.21d
* Temperature SN = 034757
* Conductivity SN = 041844
* Number of Bytes Per Scan = 48
* Number of Voltage Words = 5
* Number of Scans Averaged by the Deck Unit = 1
* NMEA Latitude = 57 45.35 N
* NMEA Longitude = 009 47.30 E
* NMEA UTC (Time) = Jan 18 2018  13:38:46
* NMEA baud rate = 4800
** Ship: DANA
** Average sound velocity: 1471.24 m/s
** True-depth calculation Wed, 27 Mar 2019 15:32:43 +0000
** CTD Python Module SMHI /ver 3-12/ feb 2012 
** LIMS Job: 20182601-0103
** 11N Hirtshals
** Operator: Ronny Sørensen
** Cruise: 01/2018
# nquan = 26
# nvalues = 64                          
# units = specified
# name 0 = scan: Scan Count
# name 1 = prDM: Pressure, Digiquartz [db]
# name 2 = t090C: Temperature [ITS-90, deg C]
# name 3 = t190C: Temperature, 2 [ITS-90, deg C]
# name 4 = T2-T190C: Temperature Difference, 2 - 1 [ITS-90, deg C]
# name 5 = c0S/m: Conductivity [S/m]
# name 6 = c1S/m: Conductivity, 2 [S/m]
# name 7 = pumps: Pump Status
# name 8 = sbeox1ML/L: Oxygen, SBE 43, 2 [ml/l]
# name 9 = sbeox0ML/L: Oxygen, SBE 43 [ml/l]
# name 10 = altM: Altimeter [m]
# name 11 = chloroflTC0: Chlorophyll, Turner Cyclops [ug/l]
# name 12 = cpar: CPAR/Corrected Irradiance [%]
# name 13 = par: PAR/Irradiance, Biospherical/Lico [µE/(cm^2*s)]
# name 14 = spar: SPAR, Biospherical/Licor
# name 15 = sal00: Salinity, Practical [PSU]
# name 16 = sal11: Salinity, Practical, 2 [PSU]
# name 17 = secS-priS: Salinity, Practical, Difference, 2 - 1 [PSU]
# name 18 = sigma-t00: Density [sigma-t, kg/m^3 ]
# name 19 = sigma-t11: Density, 2 [sigma-t, kg/m^3 ]
# name 20 = depSM: Depth [salt water, m], lat = 57.7558
# name 21 = depFM: Depth [true depth, m], lat = 57.7558
# name 22 = dz/dtM: Descent Rate [m/s], WS = 2
# name 23 = svCM: Sound Velocity [Chen-Millero, m/s]
# name 24 = svCM1: Sound Velocity, 2 [Chen-Millero, m/s]
# name 25 = flag: flag
# span 0 =        -68,       6647       
# span 1 =      6.000,     37.500       
# span 2 =     5.5852,     5.6728       
# span 3 =     5.5846,     5.6731       
# span 4 =    -0.0052,     0.0054       
# span 5 =   3.229640,   3.245017       
# span 6 =   3.226903,   3.244877       
# span 7 =          1,          1       
# span 8 =     6.2443,     6.5106       
# span 9 =     6.3723,     6.6627       
# span 10 =       0.74,       9.96      
# span 11 =     0.0322,     0.1137      
# span 12 = -4.049e-04, 1.0432e+00      
# span 13 = -4.934e-04, 1.3640e+00      
# span 14 = 1.1779e+02, 1.3086e+02      
# span 15 =    33.0708,    33.1433      
# span 16 =    33.0403,    33.1412      
# span 17 =    -0.0305,    -0.0006      
# span 18 =    26.0785,    26.1254      
# span 19 =    26.0545,    26.1237      
# span 20 =      5.944,     37.150      
# span 21 =      5.956,     37.224      
# span 22 =     -0.147,      0.728      
# span 23 =    1470.74,    1471.69      
# span 24 =    1470.70,    1471.70      
# span 25 = 0.0000e+00, 0.0000e+00      
# interval = decibars: 0.5              
# start_time = Jan 18 2018 13:38:46 [NMEA time, first data scan]
# bad_flag = -9.990e-29
*END*
[from data line 56]
       6113     34.000     5.6670     5.6662    -0.0009    3.24413    3.24368          1     6.3814     6.4782       4.22     0.0914  8.390e-13  1.000e-12  1.192e+02    33.1404    33.1362    -0.0042    26.1238    26.1206     33.683     33.750      0.546    1471.62    1471.61  0.000e+00
       6140     34.500     5.6673     5.6667    -0.0006    3.24420    3.24382          1     6.3807     6.4604       3.65     0.0896  8.409e-13  1.000e-12  1.189e+02    33.1408    33.1369    -0.0038    26.1241    26.1211     34.178     34.246      0.361    1471.63    1471.62  0.000e+00
       6263     35.000     5.6645     5.6668     0.0023    3.24384    3.24391          1     6.3486     6.4621       3.48     0.0952  8.490e-13  1.000e-12  1.178e+02    33.1391    33.1377    -0.0014    26.1232    26.1217     34.673     34.742      0.371    1471.62    1471.63  0.000e+00
       6291     35.500     5.6679     5.6664    -0.0015    3.24432    3.24381          1     6.3098     6.4529       3.03     0.0993  8.490e-13  1.000e-12  1.178e+02    33.1410    33.1367    -0.0043    26.1242    26.1210     35.169     35.238      0.682    1471.65    1471.64  0.000e+00
       6306     36.000     5.6682     5.6676    -0.0006    3.24438    3.24400          1     6.4668     6.5078       2.48     0.0996  8.490e-13  1.000e-12  1.178e+02    33.1411    33.1374    -0.0038    26.1243    26.1214     35.664     35.735      0.728    1471.66    1471.65  0.000e+00
       6323     36.500     5.6694     5.6668    -0.0026    3.24461    3.24397          1     6.4243     6.4843       1.89     0.1021  8.490e-13  1.000e-12  1.178e+02    33.1424    33.1375    -0.0048    26.1251    26.1216     36.159     36.231      0.579    1471.67    1471.66  0.000e+00
       6472     37.000     5.6728     5.6710    -0.0018    3.24502    3.24441          1     6.3849     6.4596       1.41     0.1005  8.490e-13  1.000e-12  1.178e+02    33.1433    33.1382    -0.0051    26.1254    26.1216     36.655     36.727      0.356    1471.69    1471.68  0.000e+00
       6647     37.500     5.6690     5.6731     0.0041    3.24461    3.24488          1     6.3572     6.5377       0.74     0.1137  8.490e-13  1.000e-12  1.178e+02    33.1422    33.1412    -0.0010    26.1250    26.1237     37.150     37.224     -0.147    1471.69    1471.70  0.000e+00
