ctdpy/tests/etc/all_smhi_bas_2018/SBE09_0827_20180826_0649_26_01_0899.cnv
* Sea-Bird SBE 9 Data File:
* FileName = D:\CTD_SBE911\DAT\26da.2018.8.99.hex
* Software Version Seasave V 7.21d
* Temperature SN = 034605
* Conductivity SN = 041844
* Number of Bytes Per Scan = 48
* Number of Voltage Words = 5
* Number of Scans Averaged by the Deck Unit = 1
* NMEA Latitude = 57 33.18 N
* NMEA Longitude = 011 05.47 E
* NMEA UTC (Time) = Aug 26 2018  06:51:48
* NMEA baud rate = 4800
** Ship: DANA
** Average sound velocity: 1511.62 m/s
** True-depth calculation Thu, 28 Mar 2019 09:32:40 +0000
** CTD Python Module SMHI /ver 3-12/ feb 2012 
** LIMS Job: 20182601-0899
**  7 SE HERTAS FLAK
** Operator: Christian
** Cruise: 08/2018
# nquan = 26
# nvalues = 77                          
# units = specified
# name 0 = scan: Scan Count
# name 1 = prDM: Pressure, Digiquartz [db]
# name 2 = t090C: Temperature [ITS-90, deg C]
# name 3 = t190C: Temperature, 2 [ITS-90, deg C]
# name 4 = T2-T190C: Temperature Difference, 2 - 1 [ITS-90, deg C]
# name 5 = c0S/m: Conductivity [S/m]
# name 6 = c1S/m: Conductivity, 2 [S/m]
# name 7 = pumps: Pump Status
# name 8 = sbeox1ML/L: Oxygen, SBE 43, 2 [ml/l]
# name 9 = sbeox0ML/L: Oxygen, SBE 43 [ml/l]
# name 10 = altM: Altimeter [m]
# name 11 = chloroflTC0: Chlorophyll, Turner Cyclops [ug/l]
# name 12 = cpar: CPAR/Corrected Irradiance [%]
# name 13 = par: PAR/Irradiance, Biospherical/Lico [µE/(cm^2*s)]
# name 14 = spar: SPAR, Biospherical/Licor
# name 15 = sal00: Salinity, Practical [PSU]
# name 16 = sal11: Salinity, Practical, 2 [PSU]
# name 17 = secS-priS: Salinity, Practical, Difference, 2 - 1 [PSU]
# name 18 = sigma-t00: Density [sigma-t, kg/m^3 ]
# name 19 = sigma-t11: Density, 2 [sigma-t, kg/m^3 ]
# name 20 = depSM: Depth [salt water, m], lat = 57.553
# name 21 = depFM: Depth [true depth, m], lat = 57.553
# name 22 = dz/dtM: Descent Rate [m/s], WS = 2
# name 23 = svCM: Sound Velocity [Chen-Millero, m/s]
# name 24 = svCM1: Sound Velocity, 2 [Chen-Millero, m/s]
# name 25 = flag: flag
# span 0 =        143,       3468       
# span 1 =      2.000,     40.000       
# span 2 =    17.4041,    17.6402       
# span 3 =    17.4029,    17.6454       
# span 4 =    -0.0638,     0.0078       
# span 5 =   4.214098,   4.239243       
# span 6 =   4.214445,   4.240414       
# span 7 =          1,          1       
# span 8 =     5.0873,     5.5940       
# span 9 =     4.8185,     5.3363       
# span 10 =       0.70,       9.98      
# span 11 =     0.0824,     0.1989      
# span 12 = -3.732e-06, 8.2061e+00      
# span 13 = -6.223e-05, 1.3647e+02      
# span 14 = 1.6579e+03, 1.6759e+03      
# span 15 =    32.1537,    32.3794      
# span 16 =    32.1568,    32.3834      
# span 17 =     0.0023,     0.0306      
# span 18 =    23.1983,    23.4083      
# span 19 =    23.2010,    23.4115      
# span 20 =      1.981,     39.627      
# span 21 =      1.991,     39.815      
# span 22 =     -0.139,      0.356      
# span 23 =    1511.30,    1512.11      
# span 24 =    1511.30,    1512.11      
# span 25 = 0.0000e+00, 0.0000e+00      
# interval = decibars: 0.5              
# start_time = Aug 26 2018 06:51:49 [NMEA time, first data scan]
# bad_flag = -9.990e-29
*END*
[from data line 56]
       2514     30.000    17.4791    17.4541    -0.0249    4.23061    4.23002          1     5.2179     4.9043       9.97     0.0995  5.578e-03  9.301e-02  1.667e+03    32.3511    32.3659     0.0149    23.3694    23.3867     29.721     29.862      0.318    1511.73    1511.68  0.000e+00
       2553     30.500    17.4611    17.4445    -0.0166    4.22953    4.22931          1     5.2140     4.9059       9.97     0.0981  3.983e-03  6.639e-02  1.667e+03    32.3559    32.3673     0.0114    23.3774    23.3900     30.216     30.360      0.290    1511.69    1511.66  0.000e+00
       2596     31.000    17.4482    17.4327    -0.0155    4.22865    4.22857          1     5.1933     4.8885       9.94     0.0975  2.175e-03  3.631e-02  1.669e+03    32.3586    32.3702     0.0117    23.3824    23.3950     30.712     30.858      0.286    1511.67    1511.63  0.000e+00
       2635     31.500    17.4294    17.4203    -0.0091    4.22764    4.22792          1     5.1510     4.8719       9.57     0.1021  4.716e-04  7.864e-03  1.667e+03    32.3648    32.3744     0.0096    23.3917    23.4012     31.207     31.355      0.300    1511.63    1511.61  0.000e+00
       2680     32.000    17.4279    17.4177    -0.0102    4.22767    4.22779          1     5.1263     4.8583       9.09     0.0876 -3.732e-06 -6.223e-05  1.666e+03    32.3661    32.3752     0.0091    23.3930    23.4024     31.702     31.853      0.262    1511.63    1511.61  0.000e+00
       2721     32.500    17.4219    17.4160    -0.0058    4.22739    4.22772          1     5.1272     4.8547       8.61     0.0884  6.005e-14  1.000e-12  1.665e+03    32.3683    32.3758     0.0075    23.3962    23.4033     32.198     32.351      0.329    1511.62    1511.62  0.000e+00
       2756     33.000    17.4175    17.4137    -0.0037    4.22717    4.22755          1     5.1359     4.8545       8.12     0.0859  5.995e-14  1.000e-12  1.668e+03    32.3698    32.3760     0.0062    23.3983    23.4040     32.693     32.848      0.335    1511.62    1511.62  0.000e+00
       2794     33.500    17.4169    17.4140    -0.0028    4.22719    4.22757          1     5.1314     4.8648       7.63     0.0855  5.992e-14  1.000e-12  1.669e+03    32.3702    32.3758     0.0056    23.3988    23.4037     33.188     33.346      0.304    1511.63    1511.62  0.000e+00
       2832     34.000    17.4167    17.4151    -0.0016    4.22721    4.22767          1     5.1233     4.8516       7.16     0.0856  5.985e-14  1.000e-12  1.671e+03    32.3703    32.3756     0.0053    23.3989    23.4034     33.683     33.844      0.332    1511.64    1511.64  0.000e+00
       2869     34.500    17.4141    17.4066    -0.0075    4.22716    4.22741          1     5.1002     4.8522       6.89     0.0938  5.976e-14  1.000e-12  1.673e+03    32.3718    32.3800     0.0082    23.4007    23.4087     34.179     34.341      0.304    1511.64    1511.63  0.000e+00
       2910     35.000    17.4084    17.4041    -0.0043    4.22696    4.22731          1     5.1261     4.8449       6.23     0.0871  5.978e-14  1.000e-12  1.673e+03    32.3745    32.3809     0.0064    23.4041    23.4100     34.674     34.839      0.301    1511.63    1511.63  0.000e+00
       2951     35.500    17.4058    17.4034    -0.0024    4.22691    4.22732          1     5.1131     4.8400       5.76     0.0841  5.977e-14  1.000e-12  1.673e+03    32.3760    32.3814     0.0054    23.4059    23.4106     35.169     35.336      0.273    1511.63    1511.63  0.000e+00
       2996     36.000    17.4045    17.4029    -0.0016    4.22689    4.22731          1     5.1034     4.8256       5.80     0.0830  5.988e-14  1.000e-12  1.670e+03    32.3766    32.3815     0.0048    23.4067    23.4107     35.665     35.834      0.288    1511.64    1511.64  0.000e+00
       3035     36.500    17.4041    17.4035    -0.0006    4.22689    4.22730          1     5.1046     4.8185       4.83     0.0829  5.985e-14  1.000e-12  1.671e+03    32.3768    32.3808     0.0040    23.4069    23.4101     36.160     36.332      0.302    1511.65    1511.65  0.000e+00
       3076     37.000    17.4045    17.4046     0.0001    4.22693    4.22743          1     5.1052     4.8375       4.83     0.0838  5.987e-14  1.000e-12  1.670e+03    32.3767    32.3809     0.0042    23.4067    23.4099     36.655     36.829      0.295    1511.66    1511.66  0.000e+00
       3115     37.500    17.4054    17.4053    -0.0001    4.22710    4.22764          1     5.1024     4.8506       4.16     0.0833  5.976e-14  1.000e-12  1.673e+03    32.3772    32.3819     0.0047    23.4069    23.4105     37.150     37.327      0.328    1511.67    1511.67  0.000e+00
       3150     38.000    17.4057    17.4060     0.0003    4.22720    4.22775          1     5.1058     4.8455       3.26     0.0843  5.976e-14  1.000e-12  1.673e+03    32.3776    32.3820     0.0044    23.4071    23.4104     37.646     37.824      0.341    1511.68    1511.68  0.000e+00
       3187     38.500    17.4067    17.4069     0.0002    4.22740    4.22795          1     5.1138     4.8498       4.84     0.0824  5.970e-14  1.000e-12  1.675e+03    32.3783    32.3829     0.0046    23.4074    23.4109     38.141     38.322      0.293    1511.69    1511.70  0.000e+00
       3230     39.000    17.4073    17.4071    -0.0002    4.22754    4.22801          1     5.1080     4.8269       2.30     0.0844  5.967e-14  1.000e-12  1.676e+03    32.3789    32.3831     0.0042    23.4077    23.4110     38.636     38.820      0.292    1511.70    1511.71  0.000e+00
       3269     39.500    17.4077    17.4059    -0.0018    4.22765    4.22796          1     5.0873     4.8415       4.51     0.0828  5.976e-14  1.000e-12  1.673e+03    32.3794    32.3834     0.0040    23.4080    23.4115     39.132     39.317      0.309    1511.71    1511.71  0.000e+00
       3468     40.000    17.4057    17.4035    -0.0022    4.22746    4.22766          1     5.1121     4.8327       0.70     0.0851  5.975e-14  1.000e-12  1.674e+03    32.3791    32.3826     0.0035    23.4083    23.4114     39.627     39.815     -0.139    1511.72    1511.71  0.000e+00
