ctdpy/tests/etc/all_smhi_bas_2018/SBE09_1044_20180203_0540_34_02_0050.cnv
* Sea-Bird SBE 9 Data File:
* FileName = C:\ctd\temp\2018\ME18D050.hex
* Software Version Seasave V 7.26.6.26
* Temperature SN = 5351
* Conductivity SN = 3941
* Number of Bytes Per Scan = 41
* Number of Voltage Words = 4
* Number of Scans Averaged by the Deck Unit = 1
* NMEA Latitude = 57 11.56 N
* NMEA Longitude = 011 39.46 E
* NMEA UTC (Time) = Feb 03 2018  05:40:41
* NMEA baud rate = 4800
** Station:  Fladen
** Operator:  SSip
** Ship: MERI
** Average sound velocity: 1469.16 m/s
** True-depth calculation Sat, 03 Feb 2018 06:25:19 +0000
** CTD Python Module SMHI /ver 3-12/ feb 2012 
** LIMS Job: 20183402-0050
** Cruise: SMHI-01-2018
** Latitude [GG MM.mm N] :
** Longitude [GG MM.mm E]:
# nquan = 26
# nvalues = 160                         
# units = specified
# name 0 = scan: Scan Count
# name 1 = prDM: Pressure, Digiquartz [db]
# name 2 = t090C: Temperature [ITS-90, deg C]
# name 3 = t190C: Temperature, 2 [ITS-90, deg C]
# name 4 = T2-T190C: Temperature Difference, 2 - 1 [ITS-90, deg C]
# name 5 = c0S/m: Conductivity [S/m]
# name 6 = c1S/m: Conductivity, 2 [S/m]
# name 7 = pumps: Pump Status
# name 8 = sbeox0ML/L: Oxygen, SBE 43 [ml/l]
# name 9 = sbeox1ML/L: Oxygen, SBE 43, 2 [ml/l]
# name 10 = altM: Altimeter [m]
# name 11 = flECO-AFL: Chl-a Fluorescence, WET Labs ECO-AFL/FL [mg/m^3]
# name 12 = flECO-AFL1: Phycocyanin Fluorescence, WET Labs ECO-AFL/FL, 2 [mg/m^3]
# name 13 = par: PAR/Irradiance, Biospherical/Lico [µE/(cm^2*s)]
# name 14 = turbWETntu0: Turbidity, WET Labs ECO [NTU]
# name 15 = sal00: Salinity, Practical [PSU]
# name 16 = sal11: Salinity, Practical, 2 [PSU]
# name 17 = secS-priS: Salinity, Practical, Difference, 2 - 1 [PSU]
# name 18 = sigma-t00: Density [sigma-t, Kg/m^3 ]
# name 19 = sigma-t11: Density, 2 [sigma-t, Kg/m^3 ]
# name 20 = depSM: Depth [salt water, m], lat = 57.1927
# name 21 = depFM: Depth [true depth, m], lat = 57.1927
# name 22 = dz/dtM: Descent Rate [m/s], WS = 2
# name 23 = svCM: Sound Velocity [Chen-Millero, m/s]
# name 24 = svCM1: Sound Velocity, 2 [Chen-Millero, m/s]
# name 25 = flag: flag
# span 0 =       5631,       9145       
# span 1 =      1.000,     80.500       
# span 2 =     3.2289,     7.2885       
# span 3 =     3.2265,     7.2882       
# span 4 =    -0.1105,     0.0608       
# span 5 =   1.972608,   3.471557       
# span 6 =   1.971867,   3.471649       
# span 7 =          1,          1       
# span 8 =    5.90174,    7.76841       
# span 9 =    5.87495,    7.80390       
# span 10 =       1.14,      99.13      
# span 11 =     0.1691,     1.1762      
# span 12 =     0.2692,     0.4644      
# span 13 = -2.629e-06, 2.6433e-01      
# span 14 =     0.6843,     3.1135      
# span 15 =    20.6635,    34.0473      
# span 16 =    20.6575,    34.0488      
# span 17 =    -0.2819,     0.2893      
# span 18 =    16.4478,    26.6283      
# span 19 =    16.4433,    26.6295      
# span 20 =      0.991,     79.744      
# span 21 =      1.002,     80.052      
# span 22 =     -0.024,      1.008      
# span 23 =    1444.91,    1479.90      
# span 24 =    1444.89,    1479.90      
# span 25 = 0.0000e+00, 0.0000e+00      
# interval = decibars: 0.5              
# start_time = Feb 03 2018 05:40:41 [NMEA time, first data scan]
# bad_flag = -9.990e-29
*END*
[from data line 112]
       8071     57.000     6.5566     6.5595     0.0028    3.36016    3.36069          1     6.1368     6.1480      27.98     0.2035     0.3158  1.000e-12  1.6049000    33.5541    33.5572     0.0031    26.3390    26.3411     56.468     56.736      0.671    1476.05    1476.07  0.000e+00
       8090     57.500     6.5778     6.5763    -0.0015    3.36351    3.36339          1     6.1239     6.1375      27.49     0.2237     0.3379  1.000e-12  1.6611000    33.5701    33.5702     0.0001    26.3489    26.3491     56.963     57.232      0.583    1476.16    1476.16  0.000e+00
       8113     58.000     6.5899     6.5892    -0.0007    3.36535    3.36543          1     6.1137     6.1183      26.90     0.2247     0.3283  1.000e-12  1.7144000    33.5785    33.5800     0.0015    26.3539    26.3551     57.458     57.728      0.494    1476.23    1476.23  0.000e+00
       8139     58.500     6.6036     6.6018    -0.0018    3.36757    3.36752          1     6.1141     6.1128      26.41     0.2346     0.3319  1.000e-12  1.6424000    33.5893    33.5905     0.0012    26.3606    26.3617     57.954     58.224      0.469    1476.30    1476.30  0.000e+00
       8163     59.000     6.6202     6.6186    -0.0017    3.37025    3.37018          1     6.0994     6.1196      25.85     0.2230     0.3314  1.000e-12  1.6829000    33.6023    33.6032     0.0009    26.3687    26.3696     58.449     58.720      0.528    1476.40    1476.39  0.000e+00
       8184     59.500     6.6662     6.6651    -0.0011    3.37738    3.37740          1     6.0916     6.1081      25.36     0.1998     0.3282  1.000e-12  1.7341000    33.6358    33.6371     0.0013    26.3890    26.3902     58.944     59.217      0.595    1476.62    1476.62  0.000e+00
       8204     60.000     6.6925     6.6916    -0.0008    3.38150    3.38152          1     6.0808     6.0967      24.89     0.2260     0.3625  1.000e-12  1.8934000    33.6552    33.6563     0.0011    26.4009    26.4018     59.439     59.713      0.635    1476.76    1476.76  0.000e+00
       8222     60.500     6.7293     6.7283    -0.0010    3.38722    3.38724          1     6.0680     6.0850      24.41     0.2318     0.3008  1.000e-12  1.8816000    33.6820    33.6832     0.0012    26.4171    26.4181     59.935     60.209      0.645    1476.95    1476.94  0.000e+00
       8241     61.000     6.7362     6.7354    -0.0009    3.38830    3.38833          1     6.0521     6.0622      23.90     0.2237     0.2963  1.000e-12  1.7469000    33.6870    33.6881     0.0011    26.4200    26.4210     60.430     60.705      0.616    1476.99    1476.99  0.000e+00
       8262     61.500     6.7505     6.7479    -0.0026    3.39065    3.39040          1     6.0517     6.0611      23.35     0.2116     0.3168  1.000e-12  1.7164000    33.6986    33.6984    -0.0002    26.4273    26.4274     60.925     61.201      0.545    1477.07    1477.06  0.000e+00
       8286     62.000     6.7730     6.7740     0.0009    3.39423    3.39464          1     6.0299     6.0494      22.78     0.2008     0.3144  1.000e-12  1.8259000    33.7156    33.7192     0.0036    26.4377    26.4404     61.420     61.697      0.483    1477.18    1477.19  0.000e+00
       8311     62.500     6.8774     6.8758    -0.0016    3.41014    3.41032          1     6.0160     6.0388      22.29     0.2312     0.3174  1.000e-12  1.6686000    33.7881    33.7916     0.0036    26.4807    26.4838     61.916     62.194      0.497    1477.69    1477.69  0.000e+00
       8334     63.000     6.9492     6.9491    -0.0002    3.42108    3.42167          1     5.9975     5.9799      21.78     0.1965     0.3311  1.000e-12  1.6809000    33.8374    33.8439     0.0066    26.5099    26.5151     62.411     62.690      0.560    1478.04    1478.04  0.000e+00
       8354     63.500     7.0693     7.0644    -0.0047    3.43914    3.43873          1     5.9723     5.9787      21.31     0.1870     0.3390  1.000e-12  1.6915000    33.9171    33.9174     0.0002    26.5562    26.5571     62.906     63.186      0.626    1478.61    1478.59  0.000e+00
       8372     64.000     7.1043     7.1021    -0.0021    3.44437    3.44435          1     5.9447     5.9875      20.90     0.1890     0.3393  1.000e-12  1.7589000    33.9397    33.9416     0.0020    26.5692    26.5710     63.401     63.682      0.654    1478.78    1478.78  0.000e+00
       8391     64.500     7.1492     7.1476    -0.0015    3.45103    3.45112          1     5.9189     5.9600      20.39     0.1990     0.3278  1.000e-12  2.0426000    33.9681    33.9706     0.0025    26.5854    26.5875     63.897     64.178      0.635    1479.00    1479.00  0.000e+00
       8410     65.000     7.1713     7.1695    -0.0018    3.45426    3.45439          1     5.9123     5.9426      19.90     0.2093     0.3164  1.000e-12  1.8670000    33.9815    33.9846     0.0031    26.5928    26.5955     64.392     64.674      0.572    1479.11    1479.11  0.000e+00
       8433     65.500     7.1696     7.1719     0.0024    3.45410    3.45467          1     5.9270     5.9428      19.36     0.2033     0.3672  1.000e-12  1.7780000    33.9812    33.9851     0.0039    26.5928    26.5956     64.887     65.170      0.482    1479.11    1479.13  0.000e+00
       8460     66.000     7.1830     7.1872     0.0041    3.45624    3.45701          1     5.9287     5.9473      18.80     0.1821     0.3270  1.000e-12  1.7138000    33.9910    33.9953     0.0043    26.5987    26.6015     65.382     65.666      0.447    1479.19    1479.21  0.000e+00
       8486     66.500     7.2219     7.2193    -0.0026    3.46175    3.46153          1     5.9265     5.9365      18.33     0.1926     0.3157  1.000e-12  1.6892000    34.0127    34.0128     0.0002    26.6103    26.6108     65.878     66.162      0.539    1479.37    1479.36  0.000e+00
       8506     67.000     7.2212     7.2206    -0.0005    3.46156    3.46168          1     5.9318     5.9225      17.88     0.2054     0.3137  1.000e-12  1.7431000    34.0111    34.0129     0.0019    26.6091    26.6107     66.373     66.658      0.656    1479.37    1479.37  0.000e+00
       8523     67.500     7.2224     7.2225     0.0002    3.46173    3.46193          1     5.9382     5.9222      17.39     0.2114     0.3133  1.000e-12  1.8017000    34.0115    34.0135     0.0020    26.6093    26.6109     66.868     67.154      0.724    1479.39    1479.39  0.000e+00
       8539     68.000     7.2207     7.2204    -0.0002    3.46148    3.46163          1     5.9456     5.9273      16.80     0.1776     0.3115  1.000e-12  1.7579000    34.0102    34.0121     0.0019    26.6086    26.6101     67.363     67.650      0.711    1479.39    1479.39  0.000e+00
       8557     68.500     7.2265     7.2255    -0.0009    3.46231    3.46243          1     5.9414     5.9309      16.26     0.1691     0.2903  1.000e-12  1.7663000    34.0133    34.0156     0.0023    26.6101    26.6121     67.859     68.147      0.593    1479.42    1479.42  0.000e+00
       8582     69.000     7.2352     7.2346    -0.0006    3.46359    3.46370          1     5.9267     5.9357      15.81     0.1764     0.2784  1.000e-12  1.8288000    34.0185    34.0203     0.0018    26.6130    26.6145     68.354     68.643      0.397    1479.47    1479.47  0.000e+00
       8616     69.500     7.2406     7.2392    -0.0014    3.46440    3.46437          1     5.9215     5.9277      15.25     0.1876     0.3086  1.000e-12  1.9204000    34.0218    34.0228     0.0010    26.6149    26.6159     68.849     69.139      0.415    1479.50    1479.50  0.000e+00
       8640     70.000     7.2571     7.2571    -0.0000    3.46676    3.46690          1     5.9123     5.9117      14.86     0.1877     0.3501  1.000e-12  2.1212000    34.0310    34.0325     0.0015    26.6198    26.6210     69.344     69.635      0.631    1479.59    1479.59  0.000e+00
       8656     70.500     7.2526     7.2487    -0.0040    3.46605    3.46561          1     5.9125     5.9074      14.48     0.1912     0.3518  1.000e-12  2.1623000    34.0275    34.0265    -0.0010    26.6177    26.6175     69.839     70.131      0.773    1479.57    1479.56  0.000e+00
       8671     71.000     7.2628     7.2504    -0.0123    3.46754    3.46593          1     5.9162     5.9164      14.06     0.1994     0.3155  1.000e-12  2.1644000    34.0334    34.0280    -0.0054    26.6209    26.6184     70.335     70.627      0.814    1479.63    1479.57  0.000e+00
       8686     71.500     7.2660     7.2651    -0.0009    3.46799    3.46807          1     5.9195     5.9178      13.59     0.1923     0.3194  1.000e-12  2.2405000    34.0349    34.0367     0.0017    26.6217    26.6232     70.830     71.123      0.736    1479.65    1479.65  0.000e+00
       8705     72.000     7.2721     7.2726     0.0005    3.46888    3.46914          1     5.9191     5.9150      12.98     0.1922     0.3249  1.000e-12  2.4471000    34.0384    34.0407     0.0023    26.6235    26.6253     71.325     71.619      0.505    1479.69    1479.69  0.000e+00
       8741     72.500     7.2751     7.2754     0.0003    3.46938    3.46959          1     5.9180     5.9048      12.25     0.1845     0.3459  1.000e-12  2.5947000    34.0406    34.0426     0.0020    26.6248    26.6264     71.820     72.115      0.329    1479.71    1479.71  0.000e+00
       8769     73.000     7.2762     7.2750    -0.0012    3.46951    3.46951          1     5.9126     5.8967      11.82     0.1964     0.3280  1.000e-12  2.6373000    34.0407    34.0418     0.0011    26.6248    26.6258     72.316     72.611      0.592    1479.72    1479.72  0.000e+00
       8786     73.500     7.2761     7.2755    -0.0006    3.46947    3.46958          1     5.9158     5.8920      11.42     0.1935     0.3247  1.000e-12  2.6364000    34.0400    34.0419     0.0019    26.6243    26.6258     72.811     73.107      0.740    1479.73    1479.73  0.000e+00
       8801     74.000     7.2778     7.2775    -0.0004    3.46975    3.46988          1     5.9087     5.8902      10.97     0.1870     0.3803  1.000e-12  2.6133000    34.0413    34.0430     0.0018    26.6250    26.6264     73.306     73.603      0.761    1479.74    1479.75  0.000e+00
       8818     74.500     7.2800     7.2796    -0.0004    3.47009    3.47019          1     5.9017     5.8976      10.34     0.1982     0.3465  1.000e-12  2.7313000    34.0425    34.0441     0.0015    26.6257    26.6269     73.801     74.099      0.679    1479.76    1479.76  0.000e+00
       8838     75.000     7.2815     7.2794    -0.0021    3.47035    3.47021          1     5.9130     5.9023       9.78     0.1997     0.3169  1.000e-12  2.8428000    34.0437    34.0442     0.0005    26.6264    26.6271     74.296     74.595      0.527    1479.78    1479.77  0.000e+00
       8865     75.500     7.2859     7.2848    -0.0012    3.47100    3.47099          1     5.9273     5.9011       9.33     0.1929     0.3313  1.000e-12  2.9315000    34.0461    34.0472     0.0011    26.6277    26.6287     74.792     75.091      0.426    1479.81    1479.80  0.000e+00
       8893     76.000     7.2863     7.2860    -0.0002    3.47105    3.47118          1     5.9213     5.9052       8.82     0.1794     0.3466  1.000e-12  3.0791000    34.0462    34.0478     0.0017    26.6277    26.6290     75.287     75.587      0.489    1479.82    1479.82  0.000e+00
       8915     76.500     7.2865     7.2864    -0.0002    3.47111    3.47124          1     5.9113     5.9043       8.38     0.1937     0.3212  1.000e-12  3.0722000    34.0463    34.0478     0.0015    26.6277    26.6289     75.782     76.084      0.582    1479.83    1479.83  0.000e+00
       8934     77.000     7.2864     7.2860    -0.0004    3.47109    3.47121          1     5.9036     5.9085       7.91     0.2141     0.3451  1.000e-12  3.0078000    34.0459    34.0476     0.0017    26.6275    26.6288     76.277     76.580      0.608    1479.83    1479.83  0.000e+00
       8954     77.500     7.2856     7.2849    -0.0007    3.47100    3.47109          1     5.9083     5.9228       7.42     0.2238     0.3108  1.000e-12  3.0339000    34.0455    34.0472     0.0017    26.6272    26.6286     76.773     77.076      0.584    1479.84    1479.84  0.000e+00
       8975     78.000     7.2864     7.2860    -0.0004    3.47114    3.47123          1     5.9228     5.9270       6.91     0.2237     0.2761  1.000e-12  2.9743000    34.0460    34.0474     0.0014    26.6275    26.6287     77.268     77.572      0.557    1479.85    1479.85  0.000e+00
       8997     78.500     7.2870     7.2861    -0.0008    3.47124    3.47130          1     5.9255     5.9616       6.40     0.2132     0.2692  1.000e-12  3.0713000    34.0463    34.0477     0.0015    26.6277    26.6289     77.763     78.068      0.532    1479.86    1479.86  0.000e+00
       9021     79.000     7.2873     7.2870    -0.0003    3.47133    3.47145          1     5.9150     5.9479       5.90     0.1949     0.2950  1.000e-12  3.0590000    34.0466    34.0483     0.0017    26.6279    26.6292     78.258     78.564      0.489    1479.87    1479.87  0.000e+00
       9046     79.500     7.2877     7.2878     0.0001    3.47141    3.47157          1     5.9125     5.8750       5.38     0.1953     0.3124  1.000e-12  3.1135000    34.0469    34.0486     0.0017    26.6280    26.6294     78.753     79.060      0.491    1479.88    1479.88  0.000e+00
       9069     80.000     7.2885     7.2882    -0.0003    3.47153    3.47165          1     5.9107     5.9158       4.90     0.2219     0.3021  1.000e-12  3.0893000    34.0471    34.0488     0.0017    26.6281    26.6295     79.249     79.556      0.525    1479.89    1479.89  0.000e+00
       9145     80.500     7.2884     7.2879    -0.0005    3.47156    3.47165          1     5.9087     5.9201       4.15     0.2093     0.3170  1.000e-12  3.0741000    34.0473    34.0488     0.0015    26.6283    26.6295     79.744     80.052     -0.024    1479.90    1479.90  0.000e+00
