ctdpy/tests/etc/all_smhi_bas_2018/SBE09_0827_20181004_1416_26_01_1009.cnv
* Sea-Bird SBE 9 Data File:
* FileName = D:\CTD_SBE911\DAT\26DA.2018.10.9.hex
* Software Version Seasave V 7.21d
* Temperature SN = 4548
* Conductivity SN = 3062
* Number of Bytes Per Scan = 48
* Number of Voltage Words = 5
* Number of Scans Averaged by the Deck Unit = 1
* NMEA Latitude = 55 46.17 N
* NMEA Longitude = 016 06.68 E
* NMEA UTC (Time) = Oct 04 2018  14:19:08
* NMEA baud rate = 4800
** Ship: DANA
** Average sound velocity: 1445.59 m/s
** True-depth calculation Thu, 28 Mar 2019 12:16:58 +0000
** CTD Python Module SMHI /ver 3-12/ feb 2012 
** LIMS Job: 20182601-1009
**  19 SE UTKLIPPAN
** Operator: Christian
** Cruise: 10/2018
# nquan = 26
# nvalues = 122                         
# units = specified
# name 0 = scan: Scan Count
# name 1 = prDM: Pressure, Digiquartz [db]
# name 2 = t090C: Temperature [ITS-90, deg C]
# name 3 = t190C: Temperature, 2 [ITS-90, deg C]
# name 4 = T2-T190C: Temperature Difference, 2 - 1 [ITS-90, deg C]
# name 5 = c0S/m: Conductivity [S/m]
# name 6 = c1S/m: Conductivity, 2 [S/m]
# name 7 = pumps: Pump Status
# name 8 = sbeox1ML/L: Oxygen, SBE 43, 2 [ml/l]
# name 9 = sbeox0ML/L: Oxygen, SBE 43 [ml/l]
# name 10 = altM: Altimeter [m]
# name 11 = chloroflTC0: Chlorophyll, Turner Cyclops [ug/l]
# name 12 = cpar: CPAR/Corrected Irradiance [%]
# name 13 = par: PAR/Irradiance, Biospherical/Lico [µE/(cm^2*s)]
# name 14 = spar: SPAR, Biospherical/Licor
# name 15 = sal00: Salinity, Practical [PSU]
# name 16 = sal11: Salinity, Practical, 2 [PSU]
# name 17 = secS-priS: Salinity, Practical, Difference, 2 - 1 [PSU]
# name 18 = sigma-t00: Density [sigma-t, kg/m^3 ]
# name 19 = sigma-t11: Density, 2 [sigma-t, kg/m^3 ]
# name 20 = depSM: Depth [salt water, m], lat = 55.7695
# name 21 = depFM: Depth [true depth, m], lat = 55.7695
# name 22 = dz/dtM: Descent Rate [m/s], WS = 2
# name 23 = svCM: Sound Velocity [Chen-Millero, m/s]
# name 24 = svCM1: Sound Velocity, 2 [Chen-Millero, m/s]
# name 25 = flag: flag
# span 0 =       -102,       7550       
# span 1 =      0.500,     61.000       
# span 2 =     4.6802,     9.6904       
# span 3 =     4.6287,     9.7385       
# span 4 =    -0.3027,     0.2504       
# span 5 =   0.846563,   1.646581       
# span 6 =   0.846768,   1.646595       
# span 7 =          1,          1       
# span 8 =     0.0645,     7.8393       
# span 9 =     0.0595,     7.3285       
# span 10 =       1.44,      10.00      
# span 11 =     0.0000,     0.0000      
# span 12 = 2.9768e-13, 1.0193e+01      
# span 13 = 1.0000e-12, 3.4420e+01      
# span 14 = 3.1274e+02, 3.3810e+02      
# span 15 =     7.5623,    14.5429      
# span 16 =     7.5636,    14.5430      
# span 17 =    -0.0004,     0.2754      
# span 18 =     5.8971,    11.2106      
# span 19 =     5.8970,    11.2107      
# span 20 =      0.495,     60.437      
# span 21 =      0.506,     61.698      
# span 22 =     -0.240,      0.344      
# span 23 =    1436.27,    1463.28      
# span 24 =    1436.08,    1463.43      
# span 25 = 0.0000e+00, 0.0000e+00      
# interval = decibars: 0.5              
# start_time = Oct 04 2018 14:19:09 [NMEA time, first data scan]
# bad_flag = -9.990e-29
*END*
[from data line 112]
       5574     56.500     8.8577     8.7465    -0.1111    1.63676    1.64097          1     0.3389     0.3593       5.65     0.0000  3.078e-13  1.000e-12  3.249e+02    14.2768    14.3615     0.0847    10.9569    11.0352     55.979     57.165      0.228    1461.22    1460.88  0.000e+00
       5619     57.000     8.7356     8.6897    -0.0460    1.64150    1.64299          1     0.2337     0.2727       5.18     0.0000  3.075e-13  1.000e-12  3.252e+02    14.3708    14.4036     0.0328    11.0436    11.0742     56.475     57.668      0.286    1460.86    1460.72  0.000e+00
       5663     57.500     8.6900     8.6605    -0.0295    1.64283    1.64336          1     0.2171     0.2343       4.73     0.0000  3.060e-13  1.000e-12  3.268e+02    14.4018    14.4189     0.0171    11.0728    11.0893     56.970     58.172      0.252    1460.73    1460.63  0.000e+00
       5712     58.000     8.6557     8.6247    -0.0311    1.64311    1.64342          1     0.2014     0.1967       4.16     0.0000  3.059e-13  1.000e-12  3.269e+02    14.4183    14.4338     0.0156    11.0893    11.1048     57.465     58.676      0.292    1460.62    1460.52  0.000e+00
       5754     58.500     8.6042     8.5157    -0.0885    1.64404    1.64542          1     0.1734     0.1608       3.61     0.0000  3.058e-13  1.000e-12  3.270e+02    14.4480    14.4973     0.0494    11.1181    11.1660     57.961     59.179      0.257    1460.46    1460.17  0.000e+00
       5805     59.000     8.4932     8.4459    -0.0472    1.64538    1.64586          1     0.1456     0.1272       3.02     0.0000  3.058e-13  1.000e-12  3.270e+02    14.5061    14.5300     0.0239    11.1753    11.1989     58.456     59.683      0.216    1460.10    1459.94  0.000e+00
       5859     59.500     8.4584     8.4384    -0.0200    1.64583    1.64607          1     0.1298     0.1174       2.48     0.0000  3.058e-13  1.000e-12  3.270e+02    14.5246    14.5351     0.0105    11.1934    11.2037     58.951     60.187      0.303    1459.99    1459.93  0.000e+00
       5894     60.000     8.4442     8.4365    -0.0077    1.64600    1.64615          1     0.1252     0.1127       1.97     0.0000  3.058e-13  1.000e-12  3.270e+02    14.5319    14.5365     0.0046    11.2006    11.2050     59.447     60.690      0.322    1459.96    1459.93  0.000e+00
       5939     60.500     8.4386     8.4335    -0.0051    1.64609    1.64631          1     0.1205     0.1074       1.44     0.0000  3.058e-13  1.000e-12  3.270e+02    14.5349    14.5392     0.0042    11.2036    11.2074     59.942     61.194      0.225    1459.94    1459.93  0.000e+00
       7550     61.000     8.4305     8.4306     0.0001    1.64658    1.64660          1     0.0645     0.0595       1.70     0.0000  2.977e-13  1.000e-12  3.359e+02    14.5429    14.5430     0.0001    11.2106    11.2107     60.437     61.698     -0.240    1459.93    1459.93  0.000e+00
