ctdpy/tests/etc/all_smhi_bas_2018/SBE09_1044_20181114_1640_34_01_0146.cnv
* Sea-Bird SBE 9 Data File:
* FileName = C:\ctd\temp\ar18d146.hex
* Software Version Seasave V 7.26.7.107
* Temperature SN = 5351
* Conductivity SN = 3941
* Number of Bytes Per Scan = 41
* Number of Voltage Words = 4
* Number of Scans Averaged by the Deck Unit = 1
* NMEA Latitude = 58 35.62 N
* NMEA Longitude = 018 14.20 E
* NMEA UTC (Time) = Nov 14 2018  16:40:31
* NMEA baud rate = 4800
** Station:  BY31
** Operator:  JKro
** Ship: ARANDA
** Average sound velocity: 1448.41 m/s
** True-depth calculation Wed, 14 Nov 2018 19:17:05 +0000
** CTD Python Module SMHI /ver 3-12/ feb 2012 
** LIMS Job: 20183401-0146
** Cruise: SMHI-6-2018
** Latitude [GG MM.mm N]:
** Longitude [GG MM.mm E]
# nquan = 26
# nvalues = 880                         
# units = specified
# name 0 = scan: Scan Count
# name 1 = prDM: Pressure, Digiquartz [db]
# name 2 = t090C: Temperature [ITS-90, deg C]
# name 3 = t190C: Temperature, 2 [ITS-90, deg C]
# name 4 = T2-T190C: Temperature Difference, 2 - 1 [ITS-90, deg C]
# name 5 = c0S/m: Conductivity [S/m]
# name 6 = c1S/m: Conductivity, 2 [S/m]
# name 7 = pumps: Pump Status
# name 8 = sbeox0ML/L: Oxygen, SBE 43 [ml/l]
# name 9 = sbeox1ML/L: Oxygen, SBE 43, 2 [ml/l]
# name 10 = altM: Altimeter [m]
# name 11 = flECO-AFL: Chl-a Fluorescence, WET Labs ECO-AFL/FL [mg/m^3]
# name 12 = flECO-AFL1: Phycocyanin Fluorescence, WET Labs ECO-AFL/FL, 2 [mg/m^3]
# name 13 = par: PAR/Irradiance, Biospherical/Lico [µE/(cm^2*s)]
# name 14 = turbWETntu0: Turbidity, WET Labs ECO [NTU]
# name 15 = sal00: Salinity, Practical [PSU]
# name 16 = sal11: Salinity, Practical, 2 [PSU]
# name 17 = secS-priS: Salinity, Practical, Difference, 2 - 1 [PSU]
# name 18 = sigma-t00: Density [sigma-t, Kg/m^3 ]
# name 19 = sigma-t11: Density, 2 [sigma-t, Kg/m^3 ]
# name 20 = depSM: Depth [salt water, m], lat = 58.5937
# name 21 = depFM: Depth [true depth, m], lat = 58.5937
# name 22 = dz/dtM: Descent Rate [m/s], WS = 2
# name 23 = svCM: Sound Velocity [Chen-Millero, m/s]
# name 24 = svCM1: Sound Velocity, 2 [Chen-Millero, m/s]
# name 25 = flag: flag
# span 0 =      12663,      36311       
# span 1 =      1.000,    440.500       
# span 2 =     4.4712,     7.9326       
# span 3 =     4.4742,     7.9337       
# span 4 =    -0.0085,     0.0141       
# span 5 =   0.802402,   1.248946       
# span 6 =   0.802378,   1.248950       
# span 7 =          1,          1       
# span 8 =    0.00737,    7.70316       
# span 9 =    0.03667,    7.32873       
# span 10 =       3.54,      99.30      
# span 11 =     0.2565,     1.1812      
# span 12 =     0.1368,     0.3929      
# span 13 = -7.059e-05, 1.0941e+00      
# span 14 =     0.1486,     1.7715      
# span 15 =     6.8123,    11.4068      
# span 16 =     6.8120,    11.4063      
# span 17 =    -0.0075,     0.0012      
# span 18 =     5.2139,     8.9444      
# span 19 =     5.2135,     8.9439      
# span 20 =      0.991,    435.932      
# span 21 =      1.013,    444.969      
# span 22 =     -0.008,      0.612      
# span 23 =    1434.99,    1453.19      
# span 24 =    1435.00,    1453.20      
# span 25 = 0.0000e+00, 0.0000e+00      
# interval = decibars: 0.5              
# start_time = Nov 14 2018 16:40:32 [NMEA time, first data scan]
# bad_flag = -9.990e-29
*END*
[from data line 781]
      32113    391.500     6.2421     6.2436     0.0015    1.24727    1.24727          1     0.0097     0.0421      54.43     0.3258     0.1920  1.000e-12  0.1639000    11.4007    11.4002    -0.0004     8.9399     8.9395    387.486    395.503      0.476    1452.38    1452.38  0.000e+00
      32138    392.000     6.2422     6.2436     0.0015    1.24728    1.24727          1     0.0104     0.0419      53.93     0.3382     0.1789  1.000e-12  0.1904000    11.4007    11.4002    -0.0006     8.9400     8.9394    387.981    396.008      0.498    1452.38    1452.39  0.000e+00
      32162    392.500     6.2422     6.2436     0.0014    1.24730    1.24730          1     0.0115     0.0420      53.40     0.3284     0.2499  1.000e-12  0.1824000    11.4007    11.4003    -0.0005     8.9400     8.9395    388.475    396.512      0.498    1452.39    1452.40  0.000e+00
      32186    393.000     6.2423     6.2437     0.0014    1.24731    1.24731          1     0.0105     0.0424      52.95     0.3301     0.2721  1.000e-12  0.1643000    11.4008    11.4003    -0.0005     8.9400     8.9395    388.969    397.017      0.476    1452.40    1452.41  0.000e+00
      32212    393.500     6.2423     6.2438     0.0015    1.24733    1.24733          1     0.0099     0.0410      52.51     0.3440     0.2240  1.000e-12  0.1690000    11.4009    11.4004    -0.0005     8.9401     8.9396    389.464    397.522      0.459    1452.41    1452.41  0.000e+00
      32238    394.000     6.2424     6.2438     0.0014    1.24736    1.24735          1     0.0122     0.0416      51.94     0.3434     0.2252  1.000e-12  0.1850000    11.4011    11.4005    -0.0006     8.9402     8.9397    389.958    398.027      0.467    1452.42    1452.42  0.000e+00
      32263    394.500     6.2425     6.2440     0.0014    1.24740    1.24740          1     0.0122     0.0420      51.37     0.3292     0.2134  1.000e-12  0.1736000    11.4013    11.4008    -0.0005     8.9404     8.9399    390.453    398.531      0.503    1452.43    1452.43  0.000e+00
      32286    395.000     6.2426     6.2442     0.0015    1.24743    1.24743          1     0.0097     0.0421      50.86     0.3302     0.2206  1.000e-12  0.1640000    11.4015    11.4009    -0.0006     8.9405     8.9400    390.947    399.036      0.538    1452.44    1452.44  0.000e+00
      32308    395.500     6.2427     6.2442     0.0015    1.24745    1.24744          1     0.0091     0.0423      50.35     0.3383     0.2460  1.000e-12  0.1731000    11.4015    11.4010    -0.0005     8.9406     8.9401    391.441    399.541      0.531    1452.44    1452.45  0.000e+00
      32332    396.000     6.2427     6.2442     0.0014    1.24747    1.24746          1     0.0116     0.0420      49.84     0.3379     0.2337  1.000e-12  0.1818000    11.4016    11.4011    -0.0005     8.9406     8.9401    391.936    400.046      0.479    1452.45    1452.46  0.000e+00
      32358    396.500     6.2427     6.2442     0.0015    1.24748    1.24747          1     0.0113     0.0420      49.26     0.3436     0.2082  1.000e-12  0.1635000    11.4016    11.4011    -0.0005     8.9406     8.9401    392.430    400.550      0.441    1452.46    1452.47  0.000e+00
      32385    397.000     6.2427     6.2443     0.0015    1.24749    1.24749          1     0.0098     0.0417      48.74     0.3388     0.2648  1.000e-12  0.1581000    11.4017    11.4011    -0.0006     8.9407     8.9401    392.924    401.055      0.461    1452.47    1452.47  0.000e+00
      32411    397.500     6.2428     6.2443     0.0014    1.24750    1.24750          1     0.0108     0.0409      48.22     0.3254     0.2740  1.000e-12  0.1634000    11.4017    11.4012    -0.0005     8.9407     8.9402    393.419    401.560      0.479    1452.48    1452.48  0.000e+00
      32435    398.000     6.2429     6.2443     0.0014    1.24751    1.24751          1     0.0103     0.0426      47.70     0.3233     0.2710  1.000e-12  0.1641000    11.4017    11.4012    -0.0005     8.9406     8.9402    393.913    402.065      0.486    1452.49    1452.49  0.000e+00
      32460    398.500     6.2428     6.2444     0.0015    1.24752    1.24752          1     0.0120     0.0415      47.18     0.3208     0.2185  1.000e-12  0.1648000    11.4017    11.4011    -0.0005     8.9406     8.9401    394.408    402.569      0.484    1452.49    1452.50  0.000e+00
      32485    399.000     6.2429     6.2444     0.0014    1.24753    1.24752          1     0.0105     0.0411      46.64     0.3213     0.2578  1.000e-12  0.1725000    11.4016    11.4010    -0.0006     8.9406     8.9400    394.902    403.074      0.494    1452.50    1452.51  0.000e+00
      32509    399.500     6.2430     6.2445     0.0014    1.24754    1.24754          1     0.0106     0.0427      46.01     0.3480     0.2203  1.000e-12  0.1675000    11.4017    11.4012    -0.0005     8.9406     8.9402    395.396    403.579      0.506    1452.51    1452.52  0.000e+00
      32532    400.000     6.2431     6.2445     0.0014    1.24758    1.24757          1     0.0114     0.0414      45.46     0.3488     0.2077  1.000e-12  0.1687000    11.4019    11.4013    -0.0005     8.9408     8.9403    395.891    404.084      0.499    1452.52    1452.52  0.000e+00
      32557    400.500     6.2433     6.2448     0.0014    1.24763    1.24762          1     0.0112     0.0417      45.00     0.3385     0.1791  1.000e-12  0.1694000    11.4022    11.4016    -0.0006     8.9410     8.9405    396.385    404.588      0.484    1452.53    1452.53  0.000e+00
      32582    401.000     6.2434     6.2448     0.0014    1.24765    1.24764          1     0.0109     0.0418      44.55     0.3516     0.2385  1.000e-12  0.1722000    11.4023    11.4018    -0.0005     8.9411     8.9406    396.880    405.093      0.486    1452.54    1452.54  0.000e+00
      32606    401.500     6.2435     6.2449     0.0014    1.24766    1.24766          1     0.0085     0.0395      44.04     0.3514     0.2130  1.000e-12  0.1572000    11.4023    11.4018    -0.0004     8.9411     8.9406    397.374    405.598      0.497    1452.54    1452.55  0.000e+00
      32630    402.000     6.2435     6.2449     0.0015    1.24768    1.24768          1     0.0096     0.0424      43.54     0.3387     0.2261  1.000e-12  0.1786000    11.4024    11.4019    -0.0005     8.9412     8.9407    397.868    406.103      0.478    1452.55    1452.56  0.000e+00
      32657    402.500     6.2436     6.2450     0.0014    1.24770    1.24769          1     0.0104     0.0424      42.96     0.3524     0.2393  1.000e-12  0.1641000    11.4025    11.4019    -0.0006     8.9412     8.9407    398.363    406.607      0.455    1452.56    1452.57  0.000e+00
      32683    403.000     6.2437     6.2451     0.0015    1.24773    1.24772          1     0.0112     0.0416      42.40     0.3370     0.2681  1.000e-12  0.1673000    11.4026    11.4021    -0.0005     8.9413     8.9408    398.857    407.112      0.483    1452.57    1452.58  0.000e+00
      32706    403.500     6.2438     6.2452     0.0014    1.24776    1.24772          1     0.0115     0.0415      41.94     0.3492     0.2312  1.000e-12  0.1676000    11.4028    11.4020    -0.0008     8.9415     8.9407    399.352    407.617      0.520    1452.58    1452.58  0.000e+00
      32729    404.000     6.2437     6.2452     0.0014    1.24775    1.24775          1     0.0098     0.0399      41.39     0.3377     0.1826  1.000e-12  0.1563000    11.4027    11.4021    -0.0005     8.9414     8.9408    399.846    408.122      0.502    1452.59    1452.59  0.000e+00
      32755    404.500     6.2438     6.2452     0.0015    1.24777    1.24777          1     0.0118     0.0433      40.83     0.3363     0.2021  1.000e-12  0.1601000    11.4027    11.4022    -0.0005     8.9414     8.9409    400.340    408.626      0.464    1452.59    1452.60  0.000e+00
      32780    405.000     6.2439     6.2453     0.0014    1.24780    1.24779          1     0.0102     0.0423      40.40     0.3370     0.2439  1.000e-12  0.1631000    11.4029    11.4023    -0.0006     8.9415     8.9410    400.835    409.131      0.490    1452.60    1452.61  0.000e+00
      32804    405.500     6.2441     6.2455     0.0014    1.24783    1.24783          1     0.0094     0.0423      40.03     0.3480     0.2413  1.000e-12  0.1670000    11.4030    11.4025    -0.0005     8.9416     8.9412    401.329    409.636      0.532    1452.61    1452.62  0.000e+00
      32826    406.000     6.2441     6.2455     0.0014    1.24784    1.24783          1     0.0104     0.0403      39.47     0.3405     0.2308  1.000e-12  0.1682000    11.4030    11.4025    -0.0005     8.9416     8.9411    401.823    410.141      0.519    1452.62    1452.63  0.000e+00
      32851    406.500     6.2440     6.2455     0.0015    1.24786    1.24786          1     0.0114     0.0404      38.90     0.3372     0.2193  1.000e-12  0.1681000    11.4032    11.4027    -0.0005     8.9417     8.9412    402.318    410.645      0.452    1452.63    1452.64  0.000e+00
      32879    407.000     6.2441     6.2456     0.0015    1.24789    1.24789          1     0.0101     0.0417      38.32     0.3379     0.2145  1.000e-12  0.1648000    11.4034    11.4028    -0.0005     8.9419     8.9414    402.812    411.150      0.430    1452.64    1452.64  0.000e+00
      32905    407.500     6.2443     6.2458     0.0015    1.24793    1.24792          1     0.0098     0.0410      37.79     0.3473     0.2415  1.000e-12  0.1666000    11.4036    11.4030    -0.0006     8.9421     8.9415    403.306    411.655      0.487    1452.65    1452.65  0.000e+00
      32929    408.000     6.2445     6.2459     0.0014    1.24797    1.24796          1     0.0115     0.0412      37.31     0.3330     0.2252  1.000e-12  0.1720000    11.4038    11.4032    -0.0006     8.9422     8.9417    403.801    412.160      0.504    1452.66    1452.66  0.000e+00
      32953    408.500     6.2446     6.2461     0.0015    1.24800    1.24800          1     0.0101     0.0423      36.80     0.3389     0.1817  1.000e-12  0.1656000    11.4040    11.4035    -0.0005     8.9424     8.9419    404.295    412.664      0.495    1452.66    1452.67  0.000e+00
      32977    409.000     6.2447     6.2461     0.0015    1.24803    1.24802          1     0.0098     0.0426      36.29     0.3330     0.2651  1.000e-12  0.1580000    11.4042    11.4036    -0.0006     8.9425     8.9420    404.790    413.169      0.508    1452.67    1452.68  0.000e+00
      33000    409.500     6.2447     6.2462     0.0015    1.24805    1.24804          1     0.0099     0.0394      35.79     0.3368     0.2348  1.000e-12  0.1559000    11.4042    11.4037    -0.0005     8.9425     8.9420    405.284    413.674      0.523    1452.68    1452.69  0.000e+00
      33023    410.000     6.2448     6.2463     0.0015    1.24807    1.24806          1     0.0110     0.0418      35.30     0.3394     0.2127  1.000e-12  0.1595000    11.4043    11.4038    -0.0005     8.9426     8.9421    405.778    414.179      0.524    1452.69    1452.70  0.000e+00
      33046    410.500     6.2448     6.2463     0.0015    1.24809    1.24808          1     0.0119     0.0421      34.78     0.3346     0.2311  1.000e-12  0.1668000    11.4044    11.4039    -0.0006     8.9427     8.9421    406.273    414.683      0.492    1452.70    1452.70  0.000e+00
      33072    411.000     6.2448     6.2463     0.0015    1.24810    1.24810          1     0.0109     0.0408      34.19     0.3465     0.2311  1.000e-12  0.1643000    11.4044    11.4039    -0.0005     8.9427     8.9422    406.767    415.188      0.443    1452.71    1452.71  0.000e+00
      33100    411.500     6.2449     6.2463     0.0014    1.24812    1.24811          1     0.0088     0.0432      33.66     0.3380     0.2120  1.000e-12  0.1643000    11.4045    11.4040    -0.0005     8.9428     8.9422    407.261    415.693      0.446    1452.71    1452.72  0.000e+00
      33126    412.000     6.2450     6.2464     0.0015    1.24813    1.24813          1     0.0110     0.0404      33.20     0.3427     0.2169  1.000e-12  0.1642000    11.4046    11.4040    -0.0005     8.9428     8.9423    407.756    416.198      0.496    1452.72    1452.73  0.000e+00
      33149    412.500     6.2451     6.2465     0.0015    1.24816    1.24815          1     0.0102     0.0392      32.70     0.3452     0.2135  1.000e-12  0.1643000    11.4047    11.4041    -0.0006     8.9428     8.9423    408.250    416.702      0.508    1452.73    1452.74  0.000e+00
      33173    413.000     6.2451     6.2466     0.0015    1.24817    1.24817          1     0.0118     0.0390      32.17     0.3290     0.1994  1.000e-12  0.1587000    11.4047    11.4042    -0.0005     8.9429     8.9424    408.745    417.207      0.472    1452.74    1452.75  0.000e+00
      33200    413.500     6.2451     6.2465     0.0014    1.24819    1.24819          1     0.0111     0.0430      31.63     0.3246     0.1992  1.000e-12  0.1723000    11.4047    11.4043    -0.0005     8.9429     8.9424    409.239    417.712      0.455    1452.75    1452.75  0.000e+00
      33225    414.000     6.2452     6.2466     0.0015    1.24820    1.24820          1     0.0099     0.0433      31.11     0.3506     0.2251  1.000e-12  0.1827000    11.4048    11.4042    -0.0005     8.9429     8.9424    409.733    418.217      0.490    1452.76    1452.76  0.000e+00
      33249    414.500     6.2453     6.2467     0.0014    1.24822    1.24822          1     0.0106     0.0384      30.61     0.3519     0.2561  1.000e-12  0.1764000    11.4048    11.4043    -0.0005     8.9429     8.9425    410.228    418.722      0.532    1452.76    1452.77  0.000e+00
      33271    415.000     6.2454     6.2468     0.0014    1.24823    1.24822          1     0.0102     0.0406      30.12     0.3502     0.2617  1.000e-12  0.1853000    11.4048    11.4043    -0.0005     8.9429     8.9424    410.722    419.226      0.554    1452.77    1452.78  0.000e+00
      33292    415.500     6.2454     6.2468     0.0014    1.24823    1.24824          1     0.0109     0.0402      29.60     0.3348     0.1926  1.000e-12  0.1741000    11.4048    11.4043    -0.0004     8.9429     8.9425    411.216    419.731      0.528    1452.78    1452.79  0.000e+00
      33317    416.000     6.2453     6.2467     0.0014    1.24825    1.24824          1     0.0096     0.0429      29.05     0.3673     0.2196  1.000e-12  0.1737000    11.4049    11.4043    -0.0006     8.9430     8.9424    411.711    420.236      0.447    1452.79    1452.79  0.000e+00
      33346    416.500     6.2453     6.2468     0.0014    1.24826    1.24825          1     0.0100     0.0411      28.50     0.3382     0.2213  1.000e-12  0.1726000    11.4048    11.4043    -0.0005     8.9430     8.9425    412.205    420.741      0.411    1452.80    1452.80  0.000e+00
      33374    417.000     6.2454     6.2468     0.0014    1.24827    1.24827          1     0.0101     0.0417      28.05     0.3515     0.2212  1.000e-12  0.1682000    11.4049    11.4043    -0.0005     8.9430     8.9425    412.699    421.245      0.477    1452.81    1452.81  0.000e+00
      33397    417.500     6.2455     6.2470     0.0015    1.24830    1.24829          1     0.0094     0.0409      27.57     0.3607     0.2218  1.000e-12  0.1729000    11.4050    11.4045    -0.0005     8.9431     8.9426    413.194    421.750      0.523    1452.81    1452.82  0.000e+00
      33420    418.000     6.2455     6.2470     0.0015    1.24832    1.24832          1     0.0112     0.0409      27.01     0.3395     0.2218  1.000e-12  0.1566000    11.4051    11.4046    -0.0005     8.9432     8.9426    413.688    422.255      0.506    1452.82    1452.83  0.000e+00
      33445    418.500     6.2456     6.2470     0.0014    1.24834    1.24834          1     0.0105     0.0419      26.47     0.3272     0.2422  1.000e-12  0.1952000    11.4052    11.4047    -0.0005     8.9433     8.9428    414.182    422.760      0.466    1452.83    1452.84  0.000e+00
