ctdpy/tests/etc/all_smhi_bas_2018/SBE09_1044_20181205_0338_34_01_0151.cnv
* Sea-Bird SBE 9 Data File:
* FileName = C:\ctd\temp\ar18d151.hex
* Software Version Seasave V 7.26.7.107
* Temperature SN = 5351
* Conductivity SN = 3941
* Number of Bytes Per Scan = 41
* Number of Voltage Words = 4
* Number of Scans Averaged by the Deck Unit = 1
* NMEA Latitude = 58 52.90 N
* NMEA Longitude = 020 19.73 E
* NMEA UTC (Time) = Dec 05 2018  03:38:11
* NMEA baud rate = 4800
** Station:  BY29
** Operator:  JKro
** Ship: ARANDA
** Average sound velocity: 1443.58 m/s
** True-depth calculation Sun, 09 Dec 2018 13:43:15 +0000
** CTD Python Module SMHI /ver 3-12/ feb 2012 
** LIMS Job: 20183401-0151
** Cruise: SMHI-7-2018
** Latitude [GG MM.mm N]:
** Longitude [GG MM.mm E]
# nquan = 26
# nvalues = 335                         
# units = specified
# name 0 = scan: Scan Count
# name 1 = prDM: Pressure, Digiquartz [db]
# name 2 = t090C: Temperature [ITS-90, deg C]
# name 3 = t190C: Temperature, 2 [ITS-90, deg C]
# name 4 = T2-T190C: Temperature Difference, 2 - 1 [ITS-90, deg C]
# name 5 = c0S/m: Conductivity [S/m]
# name 6 = c1S/m: Conductivity, 2 [S/m]
# name 7 = pumps: Pump Status
# name 8 = sbeox0ML/L: Oxygen, SBE 43 [ml/l]
# name 9 = sbeox1ML/L: Oxygen, SBE 43, 2 [ml/l]
# name 10 = altM: Altimeter [m]
# name 11 = flECO-AFL: Chl-a Fluorescence, WET Labs ECO-AFL/FL [mg/m^3]
# name 12 = flECO-AFL1: Phycocyanin Fluorescence, WET Labs ECO-AFL/FL, 2 [mg/m^3]
# name 13 = par: PAR/Irradiance, Biospherical/Lico [µE/(cm^2*s)]
# name 14 = turbWETntu0: Turbidity, WET Labs ECO [NTU]
# name 15 = sal00: Salinity, Practical [PSU]
# name 16 = sal11: Salinity, Practical, 2 [PSU]
# name 17 = secS-priS: Salinity, Practical, Difference, 2 - 1 [PSU]
# name 18 = sigma-t00: Density [sigma-t, Kg/m^3 ]
# name 19 = sigma-t11: Density, 2 [sigma-t, Kg/m^3 ]
# name 20 = depSM: Depth [salt water, m], lat = 58.8817
# name 21 = depFM: Depth [true depth, m], lat = 58.8817
# name 22 = dz/dtM: Descent Rate [m/s], WS = 2
# name 23 = svCM: Sound Velocity [Chen-Millero, m/s]
# name 24 = svCM1: Sound Velocity, 2 [Chen-Millero, m/s]
# name 25 = flag: flag
# span 0 =      36414,      46222       
# span 1 =      2.500,    169.500       
# span 2 =     3.9066,     7.0705       
# span 3 =     3.9077,     7.0715       
# span 4 =    -0.0530,     0.0418       
# span 5 =   0.788822,   1.251694       
# span 6 =   0.788808,   1.251683       
# span 7 =          1,          1       
# span 8 =    0.02494,    7.83544       
# span 9 =    1.27680,    6.00149       
# span 10 =       2.33,     113.12      
# span 11 =     0.2554,     0.4093      
# span 12 =     0.1338,     0.3885      
# span 13 = 9.2428e-13, 2.9494e-12      
# span 14 =     0.1081,     5.8832      
# span 15 =     6.8367,    11.4707      
# span 16 =     6.8363,    11.4704      
# span 17 =    -0.0388,     0.0174      
# span 18 =     5.2959,     8.9919      
# span 19 =     5.2956,     8.9916      
# span 20 =      2.477,    167.848      
# span 21 =      2.533,    171.408      
# span 22 =     -0.081,      1.668      
# span 23 =    1432.35,    1449.09      
# span 24 =    1432.36,    1449.09      
# span 25 = 0.0000e+00, 0.0000e+00      
# interval = decibars: 0.5              
# start_time = Dec 05 2018 03:38:11 [NMEA time, first data scan]
# bad_flag = -9.990e-29
*END*
[from data line 223]
      41955    114.000     6.0972     6.0979     0.0006    1.21080    1.21075          1     0.0495     2.0123      59.79     0.3605     0.2307  1.000e-12  0.6433000    11.1380    11.1372    -0.0008     8.7430     8.7423    112.904    115.377      0.593    1446.98    1446.98  0.000e+00
      41969    114.500     6.1139     6.1113    -0.0022    1.21410    1.21340          1     0.0504     2.0030      59.38     0.3597     0.2429  1.000e-12  0.6229000    11.1652    11.1592    -0.0061     8.7633     8.7587    113.399    115.882      0.876    1447.09    1447.07  0.000e+00
      41981    115.000     6.1169     6.1200     0.0029    1.21467    1.21506          1     0.0512     1.9989      58.97     0.3591     0.2653  1.000e-12  0.6183000    11.1699    11.1727     0.0028     8.7667     8.7688    113.894    116.387      1.060    1447.12    1447.13  0.000e+00
      41991    115.500     6.1199     6.1209     0.0011    1.21533    1.21531          1     0.0521     1.9965      58.63     0.3553     0.2622  1.000e-12  0.6127000    11.1753    11.1748    -0.0005     8.7708     8.7704    114.389    116.892      1.159    1447.15    1447.15  0.000e+00
      42001    116.000     6.1270     6.1280     0.0010    1.21700    1.21696          1     0.0520     1.9922      58.52     0.3468     0.1905  1.000e-12  0.6122000    11.1894    11.1888    -0.0007     8.7815     8.7809    114.884    117.397      1.164    1447.20    1447.20  0.000e+00
      42011    116.500     6.1326     6.1337     0.0011    1.21812    1.21810          1     0.0508     1.9875      57.83     0.3513     0.1777  1.000e-12  0.6016000    11.1987    11.1981    -0.0006     8.7884     8.7879    115.379    117.902      1.055    1447.25    1447.25  0.000e+00
      42024    117.000     6.1346     6.1358     0.0013    1.21854    1.21854          1     0.0513     1.9802      57.25     0.3593     0.2036  1.000e-12  0.5423000    11.2021    11.2017    -0.0004     8.7910     8.7906    115.875    118.406      0.783    1447.27    1447.27  0.000e+00
      42080    117.500     6.1347     6.1332    -0.0015    1.21841    1.21802          1     0.0493     1.9498      55.92     0.3585     0.2324  1.000e-12  0.5277000    11.2007    11.1973    -0.0034     8.7899     8.7873    116.370    118.911      0.578    1447.27    1447.26  0.000e+00
      42139    118.000     6.1281     6.1311     0.0029    1.21715    1.21758          1     0.0474     1.9210      56.06     0.3608     0.2332  1.000e-12  0.5397000    11.1902    11.1935     0.0033     8.7820     8.7844    116.865    119.416      1.180    1447.24    1447.26  0.000e+00
      42146    118.500     6.1380     6.1444     0.0065    1.21938    1.22039          1     0.0460     1.9203      55.79     0.3580     0.2348  1.000e-12  0.5369000    11.2091    11.2170     0.0079     8.7962     8.8020    117.360    119.921      1.325    1447.31    1447.35  0.000e+00
      42154    119.000     6.1481     6.1496     0.0015    1.22131    1.22136          1     0.0467     1.9155      55.25     0.3595     0.2035  1.000e-12  0.5379000    11.2248    11.2249     0.0001     8.8079     8.8078    117.855    120.426      1.359    1447.38    1447.39  0.000e+00
      42163    119.500     6.1499     6.1512     0.0013    1.22171    1.22171          1     0.0493     1.9118      54.65     0.3594     0.1784  1.000e-12  0.5373000    11.2281    11.2277    -0.0004     8.8104     8.8100    118.350    120.931      1.276    1447.40    1447.41  0.000e+00
      42173    120.000     6.1517     6.1527     0.0010    1.22208    1.22204          1     0.0533     1.9075      54.18     0.3388     0.1780  1.000e-12  0.4252000    11.2311    11.2304    -0.0007     8.8126     8.8120    118.845    121.435      1.052    1447.42    1447.43  0.000e+00
      42202    120.500     6.1551     6.1559     0.0008    1.22272    1.22264          1     0.0495     1.8925      53.38     0.3407     0.2486  1.000e-12  0.4094000    11.2363    11.2351    -0.0011     8.8165     8.8155    119.340    121.940      0.599    1447.45    1447.45  0.000e+00
      42295    121.000     6.1375     6.1393     0.0018    1.21930    1.21937          1     0.0441     1.8504      52.28     0.3704     0.2185  1.000e-12  0.4278000    11.2079    11.2081     0.0002     8.7953     8.7953    119.835    122.445      0.774    1447.35    1447.36  0.000e+00
      42305    121.500     6.1445     6.1485     0.0041    1.22065    1.22136          1     0.0439     1.8488      51.98     0.3973     0.2224  1.000e-12  0.4494000    11.2190    11.2248     0.0057     8.8036     8.8079    120.330    122.950      1.034    1447.40    1447.43  0.000e+00
      42315    122.000     6.1643     6.1730     0.0087    1.22485    1.22623          1     0.0453     1.8446      51.69     0.3958     0.2606  1.000e-12  0.4488000    11.2541    11.2650     0.0108     8.8299     8.8378    120.825    123.455      1.163    1447.54    1447.59  0.000e+00
      42325    122.500     6.1761     6.1771     0.0011    1.22697    1.22693          1     0.0448     1.8417      51.35     0.3602     0.2642  1.000e-12  0.3939000    11.2712    11.2704    -0.0008     8.8425     8.8419    121.320    123.959      1.194    1447.62    1447.62  0.000e+00
      42335    123.000     6.1764     6.1775     0.0010    1.22704    1.22703          1     0.0450     1.8367      51.00     0.3602     0.2542  1.000e-12  0.3894000    11.2716    11.2712    -0.0005     8.8429     8.8424    121.815    124.464      1.113    1447.63    1447.63  0.000e+00
      42346    123.500     6.1773     6.1782     0.0009    1.22724    1.22719          1     0.0465     1.8324      50.48     0.3617     0.2352  1.000e-12  0.3447000    11.2733    11.2725    -0.0008     8.8441     8.8434    122.310    124.969      0.881    1447.64    1447.64  0.000e+00
      42389    124.000     6.1742     6.1733    -0.0008    1.22668    1.22622          1     0.0463     1.8165      49.57     0.3590     0.2403  1.000e-12  0.3076000    11.2686    11.2644    -0.0043     8.8406     8.8373    122.805    125.474      0.532    1447.63    1447.62  0.000e+00
      42448    124.500     6.1645     6.1656     0.0010    1.22475    1.22478          1     0.0459     1.7954      48.81     0.3631     0.2227  1.000e-12  0.3352000    11.2525    11.2524    -0.0001     8.8286     8.8285    123.300    125.979      0.921    1447.58    1447.58  0.000e+00
      42459    125.000     6.1795     6.1786    -0.0009    1.22772    1.22734          1     0.0454     1.7912      48.51     0.3603     0.2219  1.000e-12  0.3578000    11.2770    11.2736    -0.0034     8.8469     8.8442    123.795    126.483      1.028    1447.68    1447.67  0.000e+00
      42470    125.500     6.1817     6.1826     0.0009    1.22809    1.22805          1     0.0461     1.7876      48.05     0.3624     0.2218  1.000e-12  0.3534000    11.2799    11.2792    -0.0007     8.8490     8.8484    124.290    126.988      0.951    1447.70    1447.70  0.000e+00
      42485    126.000     6.1825     6.1836     0.0011    1.22825    1.22824          1     0.0466     1.7810      47.43     0.3504     0.2306  1.000e-12  0.3091000    11.2811    11.2807    -0.0004     8.8499     8.8495    124.785    127.493      0.609    1447.71    1447.72  0.000e+00
      42548    126.500     6.1797     6.1738    -0.0059    1.22779    1.22645          1     0.0459     1.7580      46.50     0.3511     0.2660  1.000e-12  0.2953000    11.2773    11.2660    -0.0113     8.8471     8.8386    125.280    127.998      0.366    1447.70    1447.67  0.000e+00
      42570    127.000     6.1842     6.1852     0.0011    1.22855    1.22859          1     0.0448     1.7519      46.30     0.3361     0.2177  1.000e-12  0.2938000    11.2833    11.2833     0.0000     8.8515     8.8515    125.775    128.503      0.782    1447.74    1447.74  0.000e+00
      42583    127.500     6.1851     6.1860     0.0008    1.22876    1.22872          1     0.0445     1.7496      45.99     0.3503     0.1903  1.000e-12  0.3094000    11.2850    11.2843    -0.0007     8.8528     8.8522    126.270    129.008      0.957    1447.75    1447.75  0.000e+00
      42594    128.000     6.1860     6.1870     0.0010    1.22895    1.22893          1     0.0447     1.7453      45.59     0.3478     0.1975  1.000e-12  0.3084000    11.2866    11.2860    -0.0005     8.8540     8.8535    126.765    129.512      1.004    1447.77    1447.77  0.000e+00
      42606    128.500     6.1867     6.1877     0.0010    1.22915    1.22914          1     0.0425     1.7385      45.01     0.3596     0.2281  1.000e-12  0.2934000    11.2882    11.2878    -0.0004     8.8552     8.8548    127.260    130.017      0.930    1447.78    1447.78  0.000e+00
      42620    129.000     6.1898     6.1906     0.0008    1.22981    1.22977          1     0.0445     1.7337      44.41     0.3588     0.2407  1.000e-12  0.2898000    11.2936    11.2930    -0.0007     8.8593     8.8587    127.755    130.522      0.699    1447.81    1447.81  0.000e+00
      42659    129.500     6.1929     6.1926    -0.0003    1.23054    1.23019          1     0.0429     1.7230      43.50     0.3494     0.2479  1.000e-12  0.2825000    11.2998    11.2963    -0.0034     8.8639     8.8612    128.250    131.027      0.297    1447.84    1447.83  0.000e+00
      42716    130.000     6.1976     6.1979     0.0004    1.23141    1.23126          1     0.0433     1.7050      42.90     0.3578     0.2123  1.000e-12  0.2711000    11.3067    11.3051    -0.0016     8.8690     8.8678    128.745    131.531      0.296    1447.87    1447.87  0.000e+00
      42749    130.500     6.2006     6.2019     0.0014    1.23202    1.23202          1     0.0413     1.6950      42.60     0.3469     0.2068  1.000e-12  0.2595000    11.3117    11.3113    -0.0004     8.8727     8.8723    129.240    132.036      0.555    1447.90    1447.90  0.000e+00
      42766    131.000     6.2016     6.2026     0.0010    1.23219    1.23217          1     0.0404     1.6921      42.23     0.3475     0.2071  1.000e-12  0.2663000    11.3130    11.3124    -0.0005     8.8737     8.8732    129.735    132.541      0.833    1447.91    1447.92  0.000e+00
      42779    131.500     6.2032     6.2040     0.0009    1.23250    1.23249          1     0.0422     1.6879      41.81     0.3520     0.2155  1.000e-12  0.2656000    11.3155    11.3151    -0.0004     8.8755     8.8752    130.230    133.046      0.996    1447.93    1447.93  0.000e+00
      42790    132.000     6.2035     6.2044     0.0010    1.23259    1.23256          1     0.0429     1.6839      41.46     0.3514     0.2418  1.000e-12  0.2597000    11.3161    11.3155    -0.0005     8.8760     8.8755    130.725    133.551      1.066    1447.94    1447.94  0.000e+00
      42801    132.500     6.2039     6.2048     0.0009    1.23267    1.23265          1     0.0431     1.6782      41.07     0.3459     0.2457  1.000e-12  0.2606000    11.3167    11.3162    -0.0005     8.8765     8.8760    131.221    134.055      1.048    1447.95    1447.96  0.000e+00
      42812    133.000     6.2043     6.2053     0.0009    1.23277    1.23276          1     0.0428     1.6755      40.52     0.3368     0.2614  1.000e-12  0.2660000    11.3175    11.3170    -0.0005     8.8770     8.8766    131.716    134.560      0.931    1447.96    1447.97  0.000e+00
      42827    133.500     6.2050     6.2061     0.0010    1.23294    1.23292          1     0.0419     1.6734      39.87     0.3440     0.2587  1.000e-12  0.2658000    11.3188    11.3183    -0.0005     8.8780     8.8776    132.211    135.065      0.650    1447.97    1447.98  0.000e+00
      42894    134.000     6.2053     6.2060     0.0007    1.23303    1.23294          1     0.0414     1.6563      39.00     0.3629     0.2353  1.000e-12  0.2626000    11.3195    11.3183    -0.0011     8.8786     8.8776    132.705    135.570      0.561    1447.98    1447.98  0.000e+00
      42940    134.500     6.2062     6.2071     0.0010    1.23314    1.23311          1     0.0406     1.6435      38.68     0.3479     0.2233  1.000e-12  0.2736000    11.3202    11.3196    -0.0006     8.8790     8.8785    133.201    136.075      1.101    1448.00    1448.00  0.000e+00
      42949    135.000     6.2062     6.2073     0.0010    1.23317    1.23316          1     0.0393     1.6383      38.30     0.3498     0.2074  1.000e-12  0.2719000    11.3204    11.3199    -0.0005     8.8792     8.8788    133.695    136.579      1.185    1448.01    1448.01  0.000e+00
      42958    135.500     6.2066     6.2076     0.0011    1.23327    1.23324          1     0.0391     1.6372      38.05     0.3470     0.2073  1.000e-12  0.2681000    11.3212    11.3206    -0.0007     8.8799     8.8792    134.191    137.084      1.157    1448.02    1448.02  0.000e+00
      42969    136.000     6.2070     6.2080     0.0011    1.23337    1.23336          1     0.0404     1.6367      37.48     0.3458     0.2655  1.000e-12  0.2654000    11.3220    11.3215    -0.0004     8.8804     8.8800    134.685    137.589      1.015    1448.03    1448.03  0.000e+00
      42983    136.500     6.2072     6.2083     0.0010    1.23343    1.23341          1     0.0412     1.6345      36.82     0.3581     0.2720  1.000e-12  0.2672000    11.3223    11.3219    -0.0005     8.8807     8.8802    135.181    138.094      0.742    1448.04    1448.04  0.000e+00
      43011    137.000     6.2075     6.2085     0.0010    1.23352    1.23348          1     0.0413     1.6250      35.90     0.3707     0.2435  1.000e-12  0.2695000    11.3231    11.3224    -0.0007     8.8813     8.8806    135.676    138.599      0.349    1448.05    1448.05  0.000e+00
      43056    137.500     6.2081     6.2092     0.0011    1.23367    1.23365          1     0.0409     1.6155      35.18     0.3697     0.1797  1.000e-12  0.2548000    11.3243    11.3237    -0.0006     8.8821     8.8816    136.171    139.103      0.320    1448.06    1448.06  0.000e+00
      43086    138.000     6.2091     6.2102     0.0011    1.23391    1.23387          1     0.0405     1.6051      34.74     0.3731     0.1937  1.000e-12  0.2657000    11.3262    11.3255    -0.0007     8.8836     8.8829    136.666    139.608      0.419    1448.07    1448.08  0.000e+00
      43114    138.500     6.2118     6.2128     0.0010    1.23452    1.23445          1     0.0405     1.6021      34.16     0.3689     0.2684  1.000e-12  0.2717000    11.3313    11.3303    -0.0010     8.8874     8.8866    137.161    140.113      0.447    1448.10    1448.10  0.000e+00
      43139    139.000     6.2144     6.2154     0.0010    1.23502    1.23497          1     0.0401     1.5957      33.49     0.3828     0.2454  1.000e-12  0.2769000    11.3353    11.3344    -0.0008     8.8904     8.8896    137.656    140.618      0.618    1448.12    1448.13  0.000e+00
      43155    139.500     6.2169     6.2177     0.0009    1.23552    1.23550          1     0.0407     1.5893      33.31     0.3983     0.2335  1.000e-12  0.2712000    11.3394    11.3388    -0.0005     8.8934     8.8929    138.151    141.122      0.792    1448.15    1448.15  0.000e+00
      43169    140.000     6.2183     6.2193     0.0009    1.23585    1.23582          1     0.0401     1.5876      32.96     0.3755     0.2324  1.000e-12  0.2612000    11.3421    11.3414    -0.0006     8.8954     8.8949    138.645    141.627      0.880    1448.17    1448.17  0.000e+00
      43182    140.500     6.2190     6.2198     0.0008    1.23604    1.23597          1     0.0382     1.5858      32.50     0.3730     0.2784  1.000e-12  0.2609000    11.3436    11.3427    -0.0010     8.8966     8.8958    139.141    142.132      0.876    1448.18    1448.18  0.000e+00
      43196    141.000     6.2201     6.2211     0.0010    1.23628    1.23627          1     0.0384     1.5834      31.80     0.3484     0.2551  1.000e-12  0.2655000    11.3455    11.3451    -0.0004     8.8980     8.8976    139.636    142.637      0.768    1448.19    1448.20  0.000e+00
