ctdpy/tests/etc/all_smhi_bas_2018/SBE09_1044_20181020_1046_34_01_0115.cnv
* Sea-Bird SBE 9 Data File:
* FileName = C:\ctd\temp\ar18d115.hex
* Software Version Seasave V 7.26.7.107
* Temperature SN = 5351
* Conductivity SN = 3941
* Number of Bytes Per Scan = 41
* Number of Voltage Words = 4
* Number of Scans Averaged by the Deck Unit = 1
* NMEA Latitude = 58 01.01 N
* NMEA Longitude = 017 59.07 E
* NMEA UTC (Time) = Oct 20 2018  10:45:52
* NMEA baud rate = 4800
** Station:  BY32
** Operator:  ASkj
** Ship: ARANDA
** Average sound velocity: 1444.44 m/s
** True-depth calculation Sat, 20 Oct 2018 11:35:03 +0000
** CTD Python Module SMHI /ver 3-12/ feb 2012 
** LIMS Job: 20183401-0115
** Cruise: SMHI-4-2018
** Latitude [GG MM.mm N]:
** Longitude [GG MM.mm E]
# nquan = 26
# nvalues = 391                         
# units = specified
# name 0 = scan: Scan Count
# name 1 = prDM: Pressure, Digiquartz [db]
# name 2 = t090C: Temperature [ITS-90, deg C]
# name 3 = t190C: Temperature, 2 [ITS-90, deg C]
# name 4 = T2-T190C: Temperature Difference, 2 - 1 [ITS-90, deg C]
# name 5 = c0S/m: Conductivity [S/m]
# name 6 = c1S/m: Conductivity, 2 [S/m]
# name 7 = pumps: Pump Status
# name 8 = sbeox0ML/L: Oxygen, SBE 43 [ml/l]
# name 9 = sbeox1ML/L: Oxygen, SBE 43, 2 [ml/l]
# name 10 = altM: Altimeter [m]
# name 11 = flECO-AFL: Chl-a Fluorescence, WET Labs ECO-AFL/FL [mg/m^3]
# name 12 = flECO-AFL1: Phycocyanin Fluorescence, WET Labs ECO-AFL/FL, 2 [mg/m^3]
# name 13 = par: PAR/Irradiance, Biospherical/Lico [µE/(cm^2*s)]
# name 14 = turbWETntu0: Turbidity, WET Labs ECO [NTU]
# name 15 = sal00: Salinity, Practical [PSU]
# name 16 = sal11: Salinity, Practical, 2 [PSU]
# name 17 = secS-priS: Salinity, Practical, Difference, 2 - 1 [PSU]
# name 18 = sigma-t00: Density [sigma-t, Kg/m^3 ]
# name 19 = sigma-t11: Density, 2 [sigma-t, Kg/m^3 ]
# name 20 = depSM: Depth [salt water, m], lat = 58.0168
# name 21 = depFM: Depth [true depth, m], lat = 58.0168
# name 22 = dz/dtM: Descent Rate [m/s], WS = 2
# name 23 = svCM: Sound Velocity [Chen-Millero, m/s]
# name 24 = svCM1: Sound Velocity, 2 [Chen-Millero, m/s]
# name 25 = flag: flag
# span 0 =      10895,      20988       
# span 1 =      1.000,    196.000       
# span 2 =     3.6468,     9.4923       
# span 3 =     3.6492,     9.4841       
# span 4 =    -0.0174,     0.0588       
# span 5 =   0.769049,   1.198626       
# span 6 =   0.769060,   1.198611       
# span 7 =          1,          1       
# span 8 =    0.01813,    7.64792       
# span 9 =    0.05080,    7.34582       
# span 10 =       5.26,      98.93      
# span 11 =     0.2297,     1.2366      
# span 12 =     0.1492,     0.4132      
# span 13 = -6.117e-09, 7.3778e+02      
# span 14 =     0.1296,     1.6373      
# span 15 =     6.9614,    11.0271      
# span 16 =     6.9612,    11.0265      
# span 17 =    -0.0050,     0.0001      
# span 18 =     5.1939,     8.6607      
# span 19 =     5.1942,     8.6601      
# span 20 =      0.991,    194.091      
# span 21 =      1.013,    198.104      
# span 22 =     -0.053,      0.576      
# span 23 =    1430.31,    1453.92      
# span 24 =    1430.32,    1453.88      
# span 25 = 0.0000e+00, 0.0000e+00      
# interval = decibars: 0.5              
# start_time = Oct 20 2018 10:45:52 [NMEA time, first data scan]
# bad_flag = -9.990e-29
*END*
[from data line 112]
      13650     57.000     5.3688     5.3699     0.0011    1.07029    1.07023          1     0.1207     0.2287      98.75     0.3346     0.1776  1.000e-12  1.5190000     9.9710     9.9701    -0.0009     7.8661     7.8653     56.464     57.714      0.533    1441.48    1441.48  0.000e+00
      13673     57.500     5.3705     5.3718     0.0013    1.07051    1.07046          1     0.1186     0.2210      98.71     0.3451     0.1692  1.000e-12  1.5565000     9.9726     9.9717    -0.0009     7.8673     7.8665     56.959     58.219      0.527    1441.50    1441.50  0.000e+00
      13695     58.000     5.3747     5.3758     0.0011    1.07108    1.07099          1     0.1153     0.2151      98.71     0.3486     0.2144  1.000e-12  1.5959000     9.9770     9.9758    -0.0013     7.8706     7.8695     57.454     58.725      0.531    1441.53    1441.53  0.000e+00
      13718     58.500     5.3813     5.3821     0.0008    1.07226    1.07211          1     0.1155     0.2097      98.54     0.3357     0.2815  1.000e-12  1.6343000     9.9868     9.9851    -0.0017     7.8780     7.8766     57.950     59.230      0.528    1441.57    1441.58  0.000e+00
      13741     59.000     5.3891     5.3904     0.0013    1.07361    1.07357          1     0.1141     0.2028      98.71     0.3341     0.2437  1.000e-12  1.6242000     9.9980     9.9972    -0.0008     7.8863     7.8857     58.445     59.735      0.528    1441.63    1441.63  0.000e+00
      13763     59.500     5.3970     5.3983     0.0014    1.07513    1.07508          1     0.1111     0.1984      98.71     0.3474     0.2220  1.000e-12  1.6050000    10.0108    10.0099    -0.0009     7.8960     7.8953     58.940     60.240      0.546    1441.69    1441.69  0.000e+00
      13785     60.000     5.4038     5.4053     0.0015    1.07626    1.07623          1     0.1088     0.1931      98.40     0.3481     0.2218  1.000e-12  1.6373000    10.0201    10.0193    -0.0007     7.9030     7.9023     59.435     60.746      0.558    1441.74    1441.74  0.000e+00
      13806     60.500     5.4111     5.4128     0.0017    1.07754    1.07749          1     0.1055     0.1873      98.50     0.3486     0.2218  1.000e-12  1.5985000    10.0306    10.0297    -0.0009     7.9109     7.9101     59.930     61.251      0.549    1441.79    1441.80  0.000e+00
      13829     61.000     5.4202     5.4219     0.0017    1.07919    1.07916          1     0.0994     0.1818      98.71     0.3475     0.2438  1.000e-12  1.5260000    10.0443    10.0435    -0.0008     7.9213     7.9206     60.426     61.756      0.542    1441.85    1441.86  0.000e+00
      13851     61.500     5.4260     5.4277     0.0017    1.08018    1.08017          1     0.0995     0.1781      98.71     0.3379     0.2464  1.000e-12  1.4797000    10.0525    10.0518    -0.0007     7.9274     7.9268     60.921     62.262      0.547    1441.90    1441.91  0.000e+00
      13872     62.000     5.4294     5.4311     0.0016    1.08068    1.08065          1     0.0961     0.1759      98.71     0.3352     0.2105  1.000e-12  1.4469000    10.0564    10.0556    -0.0008     7.9303     7.9296     61.416     62.767      0.548    1441.93    1441.93  0.000e+00
      13895     62.500     5.4343     5.4361     0.0017    1.08150    1.08147          1     0.0923     0.1687      98.71     0.3463     0.2338  1.000e-12  1.4278000    10.0631    10.0623    -0.0008     7.9354     7.9346     61.911     63.272      0.542    1441.96    1441.97  0.000e+00
      13917     63.000     5.4422     5.4439     0.0017    1.08284    1.08281          1     0.0938     0.1662      98.71     0.3632     0.2485  1.000e-12  1.4008000    10.0741    10.0733    -0.0009     7.9436     7.9429     62.407     63.777      0.536    1442.02    1442.03  0.000e+00
      13939     63.500     5.4487     5.4502     0.0015    1.08378    1.08375          1     0.0900     0.1641      98.71     0.3687     0.2614  1.000e-12  1.3605000    10.0816    10.0808    -0.0008     7.9491     7.9484     62.902     64.283      0.527    1442.06    1442.07  0.000e+00
      13962     64.000     5.4581     5.4596     0.0015    1.08533    1.08527          1     0.0855     0.1597      98.71     0.3477     0.2452  1.000e-12  1.3423000    10.0941    10.0931    -0.0010     7.9586     7.9577     63.397     64.788      0.525    1442.13    1442.14  0.000e+00
      13985     64.500     5.4685     5.4700     0.0015    1.08714    1.08711          1     0.0873     0.1552      69.70     0.3585     0.2271  1.000e-12  1.2911000    10.1091    10.1083    -0.0008     7.9698     7.9691     63.892     65.293      0.533    1442.20    1442.21  0.000e+00
      14007     65.000     5.4731     5.4746     0.0016    1.08797    1.08794          1     0.0839     0.1535      54.93     0.3475     0.2216  1.000e-12  1.2321000    10.1160    10.1152    -0.0008     7.9750     7.9743     64.387     65.798      0.535    1442.24    1442.24  0.000e+00
      14030     65.500     5.4794     5.4809     0.0015    1.08927    1.08922          1     0.0797     0.1501      93.86     0.3570     0.2232  1.000e-12  1.2096000    10.1270    10.1261    -0.0009     7.9834     7.9825     64.883     66.304      0.541    1442.29    1442.29  0.000e+00
      14052     66.000     5.4845     5.4860     0.0015    1.09014    1.09011          1     0.0779     0.1492      98.75     0.3446     0.2332  1.000e-12  1.1789000    10.1341    10.1334    -0.0007     7.9887     7.9880     65.378     66.809      0.552    1442.33    1442.33  0.000e+00
      14073     66.500     5.4895     5.4910     0.0015    1.09104    1.09100          1     0.0788     0.1463      98.71     0.3480     0.2469  1.000e-12  1.1435000    10.1416    10.1407    -0.0009     7.9943     7.9935     65.873     67.314      0.545    1442.36    1442.37  0.000e+00
      14096     67.000     5.5019     5.5032     0.0014    1.09344    1.09339          1     0.0797     0.1425      98.71     0.3542     0.2611  1.000e-12  1.1002000    10.1618    10.1610    -0.0008     8.0096     8.0088     66.368     67.819      0.534    1442.45    1442.46  0.000e+00
      14118     67.500     5.5093     5.5108     0.0014    1.09465    1.09462          1     0.0731     0.1408      98.71     0.3476     0.2722  1.000e-12  1.0505000    10.1716    10.1709    -0.0008     8.0169     8.0162     66.863     68.324      0.540    1442.50    1442.51  0.000e+00
      14140     68.000     5.5138     5.5152     0.0014    1.09535    1.09531          1     0.0742     0.1388      98.71     0.3502     0.2382  1.000e-12  1.0110000    10.1772    10.1764    -0.0008     8.0210     8.0204     67.359     68.830      0.547    1442.54    1442.54  0.000e+00
      14162     68.500     5.5166     5.5180     0.0014    1.09589    1.09586          1     0.0703     0.1364      98.71     0.3715     0.1937  1.000e-12  1.0238000    10.1816    10.1809    -0.0007     8.0244     8.0238     67.854     69.335      0.549    1442.56    1442.57  0.000e+00
      14184     69.000     5.5257     5.5267     0.0010    1.09772    1.09760          1     0.0694     0.1402      98.71     0.3730     0.2659  1.000e-12  1.0017000    10.1972    10.1957    -0.0015     8.0362     8.0349     68.349     69.840      0.547    1442.63    1442.63  0.000e+00
      14206     69.500     5.5384     5.5396     0.0012    1.09998    1.09991          1     0.0732     0.1350      96.81     0.3638     0.1938  1.000e-12  0.9487000    10.2159    10.2149    -0.0010     8.0502     8.0494     68.844     70.345      0.533    1442.72    1442.72  0.000e+00
      14229     70.000     5.5457     5.5472     0.0015    1.10133    1.10131          1     0.0699     0.1299      36.19     0.3469     0.2274  1.000e-12  0.8974000    10.2271    10.2264    -0.0007     8.0587     8.0581     69.339     70.850      0.524    1442.77    1442.78  0.000e+00
      14252     70.500     5.5488     5.5503     0.0015    1.10182    1.10180          1     0.0643     0.1301      75.46     0.3410     0.2263  1.000e-12  0.8668000    10.2310    10.2303    -0.0007     8.0616     8.0610     69.835     71.356      0.527    1442.80    1442.80  0.000e+00
      14275     71.000     5.5510     5.5525     0.0015    1.10226    1.10223          1     0.0677     0.1308      98.78     0.3541     0.2605  1.000e-12  0.8611000    10.2346    10.2339    -0.0007     8.0643     8.0637     70.330     71.861      0.534    1442.82    1442.82  0.000e+00
      14297     71.500     5.5520     5.5535     0.0015    1.10245    1.10243          1     0.0692     0.1272      98.71     0.3580     0.2644  1.000e-12  0.8681000    10.2362    10.2355    -0.0007     8.0655     8.0649     70.825     72.366      0.543    1442.83    1442.84  0.000e+00
      14319     72.000     5.5530     5.5545     0.0015    1.10260    1.10257          1     0.0647     0.1261      98.71     0.3608     0.2186  1.000e-12  0.8623000    10.2373    10.2366    -0.0007     8.0663     8.0657     71.320     72.871      0.542    1442.85    1442.85  0.000e+00
      14341     72.500     5.5538     5.5552     0.0015    1.10270    1.10268          1     0.0654     0.1270      98.71     0.3512     0.2072  1.000e-12  0.8508000    10.2379    10.2373    -0.0006     8.0668     8.0662     71.815     73.376      0.547    1442.86    1442.86  0.000e+00
      14363     73.000     5.5547     5.5561     0.0015    1.10283    1.10280          1     0.0636     0.1224      98.71     0.3592     0.2337  1.000e-12  0.8506000    10.2389    10.2382    -0.0007     8.0675     8.0669     72.311     73.882      0.545    1442.87    1442.88  0.000e+00
      14385     73.500     5.5582     5.5594     0.0012    1.10342    1.10338          1     0.0630     0.1218      98.71     0.3522     0.2351  1.000e-12  0.8505000    10.2437    10.2429    -0.0008     8.0711     8.0704     72.806     74.387      0.534    1442.90    1442.91  0.000e+00
      14408     74.000     5.5632     5.5644     0.0013    1.10445    1.10441          1     0.0624     0.1236      98.71     0.3486     0.2264  1.000e-12  0.8476000    10.2524    10.2516    -0.0008     8.0776     8.0769     73.301     74.892      0.541    1442.94    1442.95  0.000e+00
      14429     74.500     5.5661     5.5675     0.0014    1.10508    1.10506          1     0.0648     0.1185      98.71     0.3452     0.2212  1.000e-12  0.8338000    10.2577    10.2570    -0.0007     8.0817     8.0811     73.796     75.397      0.547    1442.97    1442.97  0.000e+00
      14452     75.000     5.5714     5.5725     0.0011    1.10599    1.10594          1     0.0645     0.1179      43.69     0.3391     0.2251  1.000e-12  0.8100000    10.2651    10.2643    -0.0008     8.0872     8.0865     74.291     75.902      0.533    1443.01    1443.01  0.000e+00
      14474     75.500     5.5755     5.5770     0.0015    1.10676    1.10674          1     0.0614     0.1189      58.97     0.3492     0.2288  1.000e-12  0.7824000    10.2715    10.2708    -0.0007     8.0921     8.0914     74.787     76.408      0.523    1443.04    1443.05  0.000e+00
      14497     76.000     5.5791     5.5804     0.0013    1.10754    1.10750          1     0.0591     0.1129      92.65     0.3490     0.2071  1.000e-12  0.7828000    10.2781    10.2773    -0.0008     8.0971     8.0964     75.282     76.913      0.533    1443.07    1443.08  0.000e+00
      14519     76.500     5.5831     5.5845     0.0014    1.10837    1.10835          1     0.0591     0.1138      98.66     0.3364     0.2333  1.000e-12  0.7657000    10.2852    10.2845    -0.0007     8.1024     8.1018     75.777     77.418      0.553    1443.11    1443.11  0.000e+00
      14541     77.000     5.5878     5.5890     0.0012    1.10912    1.10909          1     0.0567     0.1163      98.71     0.3584     0.2924  1.000e-12  0.7599000    10.2911    10.2904    -0.0007     8.1068     8.1062     76.272     77.923      0.551    1443.14    1443.15  0.000e+00
      14563     77.500     5.5934     5.5947     0.0013    1.11026    1.11023          1     0.0589     0.1159      98.71     0.3511     0.2727  1.000e-12  0.7457000    10.3007    10.3000    -0.0007     8.1141     8.1135     76.767     78.428      0.529    1443.19    1443.19  0.000e+00
      14586     78.000     5.5958     5.5973     0.0016    1.11071    1.11068          1     0.0587     0.1134      98.71     0.3548     0.2286  1.000e-12  0.7338000    10.3044    10.3037    -0.0007     8.1169     8.1162     77.262     78.933      0.528    1443.21    1443.22  0.000e+00
      14608     78.500     5.5973     5.5987     0.0014    1.11102    1.11099          1     0.0555     0.1099      98.71     0.3536     0.2231  1.000e-12  0.7254000    10.3070    10.3063    -0.0007     8.1188     8.1182     77.758     79.439      0.547    1443.23    1443.23  0.000e+00
      14630     79.000     5.6055     5.6068     0.0013    1.11259    1.11257          1     0.0540     0.1090      98.71     0.3510     0.2676  1.000e-12  0.7174000    10.3201    10.3195    -0.0006     8.1287     8.1281     78.253     79.944      0.550    1443.29    1443.29  0.000e+00
      14652     79.500     5.6164     5.6174     0.0010    1.11452    1.11446          1     0.0539     0.1110      98.71     0.3615     0.3082  1.000e-12  0.7000000    10.3360    10.3351    -0.0009     8.1406     8.1398     78.748     80.449      0.546    1443.36    1443.37  0.000e+00
      14674     80.000     5.6293     5.6305     0.0012    1.11722    1.11719          1     0.0567     0.1090      68.67     0.3601     0.2436  1.000e-12  0.6551000    10.3590    10.3583    -0.0007     8.1580     8.1574     79.243     80.954      0.535    1443.46    1443.46  0.000e+00
      14697     80.500     5.6318     5.6332     0.0015    1.11779    1.11777          1     0.0543     0.1054      34.93     0.3612     0.2139  1.000e-12  0.6499000    10.3638    10.3632    -0.0007     8.1617     8.1611     79.738     81.459      0.519    1443.48    1443.49  0.000e+00
      14720     81.000     5.6349     5.6364     0.0014    1.11838    1.11835          1     0.0526     0.1061      82.55     0.3505     0.2070  1.000e-12  0.6545000    10.3687    10.3680    -0.0007     8.1653     8.1647     80.234     81.964      0.515    1443.51    1443.51  0.000e+00
      14743     81.500     5.6382     5.6396     0.0014    1.11898    1.11896          1     0.0550     0.1084      98.93     0.3592     0.2328  1.000e-12  0.6463000    10.3736    10.3730    -0.0007     8.1690     8.1684     80.729     82.470      0.530    1443.54    1443.54  0.000e+00
      14766     82.000     5.6405     5.6420     0.0015    1.11946    1.11945          1     0.0534     0.1075      98.71     0.3536     0.2811  1.000e-12  0.6240000    10.3776    10.3770    -0.0006     8.1721     8.1715     81.224     82.975      0.545    1443.56    1443.57  0.000e+00
      14787     82.500     5.6458     5.6469     0.0012    1.12060    1.12055          1     0.0515     0.1042      98.71     0.3470     0.3062  1.000e-12  0.6238000    10.3874    10.3865    -0.0009     8.1794     8.1787     81.719     83.480      0.550    1443.60    1443.61  0.000e+00
      14809     83.000     5.6522     5.6534     0.0012    1.12195    1.12191          1     0.0532     0.1041      98.71     0.3546     0.1651  1.000e-12  0.6376000    10.3988    10.3980    -0.0008     8.1881     8.1874     82.214     83.985      0.543    1443.65    1443.66  0.000e+00
      14832     83.500     5.6555     5.6568     0.0013    1.12261    1.12257          1     0.0533     0.1019      98.71     0.3691     0.2558  1.000e-12  0.6457000    10.4042    10.4034    -0.0008     8.1922     8.1915     82.709     84.490      0.539    1443.68    1443.69  0.000e+00
      14854     84.000     5.6648     5.6657     0.0009    1.12422    1.12409          1     0.0505     0.1036      98.71     0.3484     0.2122  1.000e-12  0.6604000    10.4174    10.4158    -0.0016     8.2020     8.2007     83.205     84.995      0.551    1443.75    1443.75  0.000e+00
