ctdpy/tests/etc/all_smhi_bas_2018/SBE09_1044_20180923_1906_34_01_0043.cnv
* Sea-Bird SBE 9 Data File:
* FileName = C:\ctd\temp\2018\AR18D043.hex
* Software Version Seasave V 7.26.6.26
* Temperature SN = 5351
* Conductivity SN = 3941
* Number of Bytes Per Scan = 41
* Number of Voltage Words = 4
* Number of Scans Averaged by the Deck Unit = 1
* NMEA Latitude = 57 11.56 N
* NMEA Longitude = 011 39.48 E
* NMEA UTC (Time) = Sep 23 2018  19:06:31
* NMEA baud rate = 4800
** Station:  Fladen
** Operator:  Mhan
** Ship: ARANDA
** Average sound velocity: 1503.46 m/s
** True-depth calculation Sun, 23 Sep 2018 19:37:24 +0000
** CTD Python Module SMHI /ver 3-12/ feb 2012 
** LIMS Job: 20183401-0043
** Cruise: SMHI-02-2018
** Latitude [GG MM.mm N] :
** Longitude [GG MM.mm E]:
# nquan = 26
# nvalues = 159                         
# units = specified
# name 0 = scan: Scan Count
# name 1 = prDM: Pressure, Digiquartz [db]
# name 2 = t090C: Temperature [ITS-90, deg C]
# name 3 = t190C: Temperature, 2 [ITS-90, deg C]
# name 4 = T2-T190C: Temperature Difference, 2 - 1 [ITS-90, deg C]
# name 5 = c0S/m: Conductivity [S/m]
# name 6 = c1S/m: Conductivity, 2 [S/m]
# name 7 = pumps: Pump Status
# name 8 = sbeox0ML/L: Oxygen, SBE 43 [ml/l]
# name 9 = sbeox1ML/L: Oxygen, SBE 43, 2 [ml/l]
# name 10 = altM: Altimeter [m]
# name 11 = flECO-AFL: Chl-a Fluorescence, WET Labs ECO-AFL/FL [mg/m^3]
# name 12 = flECO-AFL1: Phycocyanin Fluorescence, WET Labs ECO-AFL/FL, 2 [mg/m^3]
# name 13 = par: PAR/Irradiance, Biospherical/Lico [µE/(cm^2*s)]
# name 14 = turbWETntu0: Turbidity, WET Labs ECO [NTU]
# name 15 = sal00: Salinity, Practical [PSU]
# name 16 = sal11: Salinity, Practical, 2 [PSU]
# name 17 = secS-priS: Salinity, Practical, Difference, 2 - 1 [PSU]
# name 18 = sigma-t00: Density [sigma-t, Kg/m^3 ]
# name 19 = sigma-t11: Density, 2 [sigma-t, Kg/m^3 ]
# name 20 = depSM: Depth [salt water, m], lat = 57.1927
# name 21 = depFM: Depth [true depth, m], lat = 57.1927
# name 22 = dz/dtM: Descent Rate [m/s], WS = 2
# name 23 = svCM: Sound Velocity [Chen-Millero, m/s]
# name 24 = svCM1: Sound Velocity, 2 [Chen-Millero, m/s]
# name 25 = flag: flag
# span 0 =       1743,       5207       
# span 1 =      1.000,     80.000       
# span 2 =    12.1657,    16.4328       
# span 3 =    12.1686,    16.4340       
# span 4 =    -0.0260,     0.0203       
# span 5 =   3.803822,   4.197271       
# span 6 =   3.804120,   4.197388       
# span 7 =          1,          1       
# span 8 =    4.05146,    5.80077       
# span 9 =    2.97379,    4.37260       
# span 10 =      -7.98,      99.07      
# span 11 =     0.1520,     1.8660      
# span 12 =     0.1337,     0.4655      
# span 13 = -5.415e-03, 5.8391e-02      
# span 14 =     0.2085,     1.8141      
# span 15 =    30.5363,    33.6968      
# span 16 =    30.5377,    33.6959      
# span 17 =    -0.0221,     0.0215      
# span 18 =    22.5186,    25.5455      
# span 19 =    22.5193,    25.5443      
# span 20 =      0.991,     79.249      
# span 21 =      0.996,     79.548      
# span 22 =     -0.144,      0.936      
# span 23 =    1497.15,    1509.16      
# span 24 =    1497.15,    1509.16      
# span 25 = 0.0000e+00, 0.0000e+00      
# interval = decibars: 0.5              
# start_time = Sep 23 2018 19:06:31 [NMEA time, first data scan]
# bad_flag = -9.990e-29
*END*
[from data line 112]
       4128     57.000    13.5045    13.5051     0.0005    3.98276    3.98270          1     4.4040     3.8203      25.95     0.2291     0.2258  1.000e-12  0.8916000    33.4467    33.4455    -0.0011    25.0885    25.0875     56.468     56.702      0.706    1500.97    1500.97  0.000e+00
       4147     57.500    13.4263    13.4285     0.0022    3.97719    3.97729          1     4.3947     3.7951      25.48     0.2095     0.2762  1.000e-12  0.9049000    33.4628    33.4618    -0.0010    25.1168    25.1156     56.963     57.199      0.597    1500.74    1500.74  0.000e+00
       4170     58.000    13.3841    13.3863     0.0022    3.97402    3.97408          1     4.3707     3.7476      25.04     0.1949     0.2320  1.000e-12  0.9545000    33.4698    33.4685    -0.0013    25.1308    25.1293     57.458     57.696      0.504    1500.62    1500.62  0.000e+00
       4193     58.500    13.3700    13.3749     0.0050    3.97303    3.97336          1     4.3389     3.7162      24.43     0.2165     0.2305  1.000e-12  1.1070000    33.4727    33.4715    -0.0012    25.1359    25.1340     57.954     58.192      0.593    1500.58    1500.59  0.000e+00
       4211     59.000    13.2956    13.3074     0.0115    3.96761    3.96847          1     4.3249     3.6981      23.96     0.2361     0.2399  1.000e-12  1.0679000    33.4870    33.4847    -0.0023    25.1619    25.1577     58.449     58.689      0.722    1500.36    1500.39  0.000e+00
       4227     59.500    13.2646    13.2677     0.0032    3.96528    3.96554          1     4.3211     3.6677      23.53     0.2430     0.2480  1.000e-12  1.0572000    33.4922    33.4918    -0.0004    25.1722    25.1712     58.944     59.186      0.753    1500.27    1500.28  0.000e+00
       4243     60.000    13.2420    13.2457     0.0038    3.96366    3.96392          1     4.3190     3.6367      23.02     0.2410     0.2468  1.000e-12  1.0675000    33.4966    33.4957    -0.0009    25.1801    25.1787     59.439     59.683      0.681    1500.21    1500.22  0.000e+00
       4263     60.500    13.2235    13.2268     0.0034    3.96230    3.96252          1     4.3160     3.6028      22.40     0.2475     0.2649  1.000e-12  1.1005000    33.4999    33.4990    -0.0009    25.1864    25.1850     59.935     60.179      0.556    1500.16    1500.17  0.000e+00
       4286     61.000    13.2060    13.2095     0.0035    3.96106    3.96128          1     4.3154     3.5777      21.84     0.2282     0.2728  1.000e-12  1.0866000    33.5034    33.5023    -0.0010    25.1925    25.1911     60.430     60.676      0.542    1500.11    1500.12  0.000e+00
       4307     61.500    13.1855    13.1900     0.0045    3.95952    3.95982          1     4.3196     3.5623      21.43     0.2153     0.1913  1.000e-12  1.0884000    33.5067    33.5056    -0.0011    25.1992    25.1974     60.925     61.173      0.650    1500.06    1500.07  0.000e+00
       4324     62.000    13.1794    13.1818     0.0024    3.95910    3.95928          1     4.3239     3.5422      21.07     0.2300     0.2625  1.000e-12  1.1322000    33.5079    33.5075    -0.0004    25.2014    25.2006     61.420     61.670      0.731    1500.05    1500.06  0.000e+00
       4339     62.500    13.1644    13.1660     0.0016    3.95809    3.95820          1     4.3184     3.5207      20.60     0.2458     0.2767  1.000e-12  1.1469000    33.5114    33.5111    -0.0003    25.2071    25.2065     61.916     62.166      0.735    1500.01    1500.02  0.000e+00
       4356     63.000    13.1188    13.1234     0.0047    3.95505    3.95528          1     4.3154     3.5128      20.09     0.2494     0.2774  1.000e-12  1.1375000    33.5228    33.5208    -0.0020    25.2250    25.2225     62.411     62.663      0.665    1499.88    1499.89  0.000e+00
       4376     63.500    13.0437    13.0518     0.0082    3.94953    3.94994          1     4.2980     3.4898      19.49     0.2399     0.2033  1.000e-12  1.0998000    33.5367    33.5334    -0.0033    25.2507    25.2465     62.906     63.160      0.567    1499.65    1499.68  0.000e+00
       4399     64.000    12.9548    12.9605     0.0058    3.94300    3.94330          1     4.2526     3.4577      18.95     0.2303     0.2348  1.000e-12  1.0678000    33.5533    33.5511    -0.0023    25.2812    25.2783     63.401     63.657      0.563    1499.39    1499.40  0.000e+00
       4419     64.500    12.8505    12.8668     0.0162    3.93519    3.93611          1     4.2174     3.4330      18.54     0.2421     0.2770  1.000e-12  1.0997000    33.5714    33.5657    -0.0057    25.3158    25.3082     63.897     64.153      0.656    1499.07    1499.11  0.000e+00
       4436     65.000    12.7316    12.7350     0.0034    3.92610    3.92636          1     4.2144     3.4202      18.11     0.2405     0.2783  1.000e-12  1.1506000    33.5904    33.5899    -0.0005    25.3539    25.3528     64.392     64.650      0.710    1498.70    1498.71  0.000e+00
       4452     65.500    12.7004    12.7007     0.0003    3.92377    3.92378          1     4.2239     3.4080      17.59     0.2420     0.2408  1.000e-12  1.2175000    33.5958    33.5955    -0.0003    25.3641    25.3638     64.887     65.147      0.672    1498.61    1498.61  0.000e+00
       4472     66.000    12.6955    12.6969     0.0013    3.92335    3.92345          1     4.2341     3.3884      17.01     0.2495     0.2223  1.000e-12  1.2114000    33.5959    33.5956    -0.0003    25.3651    25.3646     65.382     65.643      0.562    1498.60    1498.60  0.000e+00
       4496     66.500    12.6921    12.6944     0.0023    3.92314    3.92329          1     4.2233     3.3668      16.45     0.2706     0.2286  1.000e-12  1.2159000    33.5967    33.5961    -0.0006    25.3664    25.3655     65.878     66.140      0.525    1498.60    1498.60  0.000e+00
       4517     67.000    12.6696    12.6719     0.0024    3.92154    3.92166          1     4.1925     3.3537      16.00     0.2760     0.2483  1.000e-12  1.1807000    33.6013    33.6004    -0.0009    25.3744    25.3733     66.373     66.637      0.654    1498.53    1498.54  0.000e+00
       4533     67.500    12.5589    12.5626     0.0037    3.91316    3.91344          1     4.1719     3.3425      15.61     0.2741     0.2359  1.000e-12  1.1690000    33.6196    33.6191    -0.0006    25.4101    25.4090     66.868     67.133      0.784    1498.19    1498.20  0.000e+00
       4548     68.000    12.4774    12.4793     0.0019    3.90721    3.90736          1     4.1631     3.3318      15.26     0.2620     0.2335  1.000e-12  1.2288000    33.6354    33.6351    -0.0003    25.4381    25.4375     67.363     67.630      0.825    1497.94    1497.95  0.000e+00
       4562     68.500    12.4202    12.4219     0.0017    3.90301    3.90313          1     4.1584     3.3165      14.74     0.2618     0.2231  1.000e-12  1.2484000    33.6461    33.6457    -0.0004    25.4575    25.4569     67.858     68.127      0.750    1497.77    1497.77  0.000e+00
       4581     69.000    12.3888    12.3911     0.0023    3.90070    3.90087          1     4.1574     3.2964      14.21     0.2544     0.2374  1.000e-12  1.2743000    33.6518    33.6513    -0.0005    25.4680    25.4671     68.354     68.623      0.538    1497.68    1497.69  0.000e+00
       4611     69.500    12.3799    12.3827     0.0028    3.90004    3.90027          1     4.1607     3.2690      13.48     0.2517     0.2043  1.000e-12  1.2670000    33.6532    33.6529    -0.0003    25.4708    25.4700     68.849     69.120      0.402    1497.66    1497.67  0.000e+00
       4636     70.000    12.3735    12.3756     0.0021    3.89967    3.89979          1     4.1656     3.2446      13.04     0.2452     0.2463  1.000e-12  1.3109000    33.6552    33.6545    -0.0007    25.4735    25.4726     69.344     69.616      0.665    1497.65    1497.65  0.000e+00
       4651     70.500    12.3658    12.3684     0.0026    3.89918    3.89935          1     4.1670     3.2304      12.65     0.2691     0.2808  1.000e-12  1.3907000    33.6571    33.6565    -0.0006    25.4765    25.4755     69.839     70.113      0.858    1497.63    1497.64  0.000e+00
       4664     71.000    12.3587    12.3608     0.0021    3.89870    3.89885          1     4.1634     3.2236      12.24     0.2622     0.2384  1.000e-12  1.3706000    33.6587    33.6582    -0.0005    25.4791    25.4783     70.335     70.610      0.936    1497.62    1497.62  0.000e+00
       4676     71.500    12.3437    12.3469     0.0032    3.89765    3.89790          1     4.1588     3.2214      11.83     0.2434     0.2360  1.000e-12  1.3214000    33.6618    33.6613    -0.0005    25.4844    25.4834     70.830     71.106      0.908    1497.58    1497.59  0.000e+00
       4690     72.000    12.3302    12.3337     0.0035    3.89671    3.89695          1     4.1536     3.2178      10.86     0.2598     0.2445  1.000e-12  1.3418000    33.6647    33.6638    -0.0009    25.4892    25.4879     71.325     71.603      0.755    1497.54    1497.55  0.000e+00
       4712     72.500    12.3112    12.3183     0.0070    3.89536    3.89590          1     4.1431     3.2087      10.23     0.2770     0.2648  1.000e-12  1.3330000    33.6685    33.6674    -0.0011    25.4958    25.4936     71.820     72.100      0.436    1497.49    1497.51  0.000e+00
       4751     73.000    12.2718    12.2757     0.0039    3.89253    3.89270          1     4.1229     3.1754       9.45     0.2854     0.2781  1.000e-12  1.2996000    33.6765    33.6746    -0.0018    25.5095    25.5074     72.316     72.596      0.368    1497.38    1497.39  0.000e+00
       4774     73.500    12.2548    12.2567     0.0018    3.89127    3.89140          1     4.1110     3.1589       9.50     0.2689     0.2482  1.000e-12  1.4412000    33.6794    33.6789    -0.0005    25.5151    25.5143     72.811     73.093      0.680    1497.33    1497.34  0.000e+00
       4789     74.000    12.2481    12.2524     0.0042    3.89076    3.89109          1     4.1053     3.1524       9.20     0.2792     0.2709  1.000e-12  1.4618000    33.6802    33.6796    -0.0006    25.5170    25.5157     73.306     73.589      0.793    1497.32    1497.33  0.000e+00
       4804     74.500    12.2353    12.2396     0.0044    3.88984    3.89015          1     4.1025     3.1455       8.76     0.3708     0.2917  1.000e-12  1.4017000    33.6827    33.6818    -0.0010    25.5214    25.5198     73.801     74.086      0.784    1497.28    1497.30  0.000e+00
       4820     75.000    12.2338    12.2360     0.0022    3.88976    3.88992          1     4.1010     3.1350       8.25     0.3475     0.2832  1.000e-12  1.4132000    33.6831    33.6826    -0.0005    25.5219    25.5212     74.296     74.583      0.674    1497.29    1497.30  0.000e+00
       4841     75.500    12.2264    12.2283     0.0019    3.88922    3.88933          1     4.1001     3.1216       7.61     0.3261     0.2788  1.000e-12  1.4033000    33.6843    33.6837    -0.0006    25.5243    25.5235     74.792     75.079      0.486    1497.27    1497.28  0.000e+00
       4872     76.000    12.2181    12.2199     0.0018    3.88864    3.88875          1     4.0949     3.1046       7.03     0.3251     0.2435  1.000e-12  1.3999000    33.6860    33.6854    -0.0006    25.5272    25.5264     75.287     75.576      0.359    1497.25    1497.26  0.000e+00
       4904     76.500    12.2111    12.2132     0.0021    3.88817    3.88829          1     4.0913     3.0864       6.54     0.7504     0.1708  1.000e-12  1.8141000    33.6875    33.6867    -0.0007    25.5297    25.5287     75.782     76.072      0.470    1497.24    1497.25  0.000e+00
       4926     77.000    12.2041    12.2065     0.0024    3.88770    3.88786          1     4.0864     3.0735       6.16     0.4786     0.2399  1.000e-12  1.6522000    33.6891    33.6884    -0.0006    25.5322    25.5313     76.277     76.569      0.586    1497.23    1497.23  0.000e+00
       4945     77.500    12.2007    12.2028     0.0021    3.88748    3.88760          1     4.0854     3.0622       5.70     0.3076     0.2525  1.000e-12  1.4952000    33.6898    33.6890    -0.0007    25.5334    25.5325     76.773     77.066      0.605    1497.22    1497.23  0.000e+00
       4966     78.000    12.1935    12.1955     0.0020    3.88698    3.88709          1     4.0823     3.0527       5.18     0.3309     0.2315  1.000e-12  1.4528000    33.6912    33.6905    -0.0006    25.5359    25.5351     77.268     77.562      0.507    1497.21    1497.22  0.000e+00
       4995     78.500    12.1822    12.1841     0.0019    3.88619    3.88629          1     4.0739     3.0411       4.60     0.3253     0.2105  1.000e-12  1.5199000    33.6935    33.6928    -0.0007    25.5399    25.5390     77.763     78.059      0.369    1497.18    1497.19  0.000e+00
       5028     79.000    12.1728    12.1753     0.0025    3.88553    3.88568          1     4.0515     3.0281       4.07     0.3667     0.2444  1.000e-12  1.5412000    33.6954    33.6946    -0.0009    25.5432    25.5420     78.258     78.555      0.425    1497.16    1497.17  0.000e+00
       5053     79.500    12.1657    12.1686     0.0029    3.88503    3.88521          1     4.0653     3.0286       3.64     0.3495     0.2776  1.000e-12  1.5949000    33.6968    33.6959    -0.0009    25.5455    25.5443     78.753     79.052      0.449    1497.15    1497.15  0.000e+00
       5207     80.000    12.2253    12.2158    -0.0097    3.88959    3.88875          1     4.0919     2.9738       2.91     0.4121     0.2612  1.000e-12  1.3381000    33.6870    33.6874     0.0004    25.5266    25.5287     79.249     79.548     -0.144    1497.34    1497.31  0.000e+00
