ctdpy/tests/etc/all_smhi_bas_2018/SBE09_0827_20181127_1347_26_01_1259.cnv
* Sea-Bird SBE 9 Data File:
* FileName = D:\CTD_SBE911\DAT\26DA.2018.12.59.hex
* Software Version Seasave V 7.21d
* Temperature SN = 4548
* Conductivity SN = 3062
* Number of Bytes Per Scan = 48
* Number of Voltage Words = 5
* Number of Scans Averaged by the Deck Unit = 1
* NMEA Latitude = 55 41.10 N
* NMEA Longitude = 014 50.05 E
* NMEA UTC (Time) = Nov 27 2018  13:47:39
* NMEA baud rate = 4800
** Ship: DANA
** Average sound velocity: 1450.68 m/s
** True-depth calculation Tue, 02 Apr 2019 12:15:58 +0000
** CTD Python Module SMHI /ver 3-12/ feb 2012 
** LIMS Job: 20182601-1259
** Operator: Ronny
** Cruise: 12/2018
# nquan = 26
# nvalues = 110                         
# units = specified
# name 0 = scan: Scan Count
# name 1 = prDM: Pressure, Digiquartz [db]
# name 2 = t090C: Temperature [ITS-90, deg C]
# name 3 = t190C: Temperature, 2 [ITS-90, deg C]
# name 4 = T2-T190C: Temperature Difference, 2 - 1 [ITS-90, deg C]
# name 5 = c0S/m: Conductivity [S/m]
# name 6 = c1S/m: Conductivity, 2 [S/m]
# name 7 = pumps: Pump Status
# name 8 = sbeox1ML/L: Oxygen, SBE 43, 2 [ml/l]
# name 9 = sbeox0ML/L: Oxygen, SBE 43 [ml/l]
# name 10 = altM: Altimeter [m]
# name 11 = chloroflTC0: Chlorophyll, Turner Cyclops [ug/l]
# name 12 = cpar: CPAR/Corrected Irradiance [%]
# name 13 = par: PAR/Irradiance, Biospherical/Lico [µE/(cm^2*s)]
# name 14 = spar: SPAR, Biospherical/Licor
# name 15 = sal00: Salinity, Practical [PSU]
# name 16 = sal11: Salinity, Practical, 2 [PSU]
# name 17 = secS-priS: Salinity, Practical, Difference, 2 - 1 [PSU]
# name 18 = sigma-t00: Density [sigma-t, kg/m^3 ]
# name 19 = sigma-t11: Density, 2 [sigma-t, kg/m^3 ]
# name 20 = depSM: Depth [salt water, m], lat = 55.685
# name 21 = depFM: Depth [true depth, m], lat = 55.685
# name 22 = dz/dtM: Descent Rate [m/s], WS = 2
# name 23 = svCM: Sound Velocity [Chen-Millero, m/s]
# name 24 = svCM1: Sound Velocity, 2 [Chen-Millero, m/s]
# name 25 = flag: flag
# span 0 =        293,       5664       
# span 1 =      1.000,     55.500       
# span 2 =     7.7406,    10.6379       
# span 3 =     7.7408,    10.6634       
# span 4 =    -0.2071,     0.1259       
# span 5 =   0.898070,   1.551776       
# span 6 =   0.898051,   1.554867       
# span 7 =          1,          1       
# span 8 =     3.1902,     7.4721       
# span 9 =     3.3861,     7.7017       
# span 10 =       1.19,       9.99      
# span 11 =     0.0164,     0.0328      
# span 12 = 3.7309e-13, 3.9425e+00      
# span 13 = 1.0000e-12, 1.2332e+01      
# span 14 = 1.8446e+02, 3.1952e+02      
# span 15 =     7.7071,    12.8711      
# span 16 =     7.7068,    12.9004      
# span 17 =    -0.0926,     0.1074      
# span 18 =     5.9300,     9.6687      
# span 19 =     5.9297,     9.6920      
# span 20 =      0.991,     54.989      
# span 21 =      1.013,     56.179      
# span 22 =     -0.121,      0.294      
# span 23 =    1447.81,    1465.85      
# span 24 =    1447.81,    1465.86      
# span 25 = 0.0000e+00, 0.0000e+00      
# interval = decibars: 0.5              
# start_time = Nov 27 2018 13:47:39 [NMEA time, first data scan]
# bad_flag = -9.990e-29
*END*
        293      1.000     7.7567     7.7551    -0.0015    0.89922    0.89907          1     7.4445     7.6920       9.99     0.0312  3.653e+00  1.169e+01  3.195e+02     7.7149     7.7139    -0.0010     5.9348     5.9342      0.991      1.013      0.184    1447.82    1447.82  0.000e+00
        342      1.500     7.7556     7.7555    -0.0001    0.89910    0.89910          1     7.4525     7.6763       9.99     0.0301  3.942e+00  1.233e+01  3.129e+02     7.7141     7.7140    -0.0000     5.9342     5.9342      1.486      1.519      0.257    1447.83    1447.83  0.000e+00
        387      2.000     7.7501     7.7510     0.0009    0.89874    0.89877          1     7.4407     7.6957       9.99     0.0301  2.597e+00  8.241e+00  3.173e+02     7.7119     7.7119     0.0001     5.9330     5.9329      1.982      2.025      0.281    1447.81    1447.81  0.000e+00
        431      2.500     7.7504     7.7491    -0.0013    0.89876    0.89863          1     7.4411     7.6953       9.99     0.0317  2.229e+00  7.045e+00  3.158e+02     7.7119     7.7110    -0.0008     5.9330     5.9324      2.477      2.531      0.257    1447.82    1447.81  0.000e+00
        477      3.000     7.7495     7.7498     0.0003    0.89873    0.89869          1     7.4538     7.6970       9.99     0.0310  1.914e+00  5.865e+00  3.067e+02     7.7118     7.7113    -0.0005     5.9330     5.9326      2.973      3.038      0.279    1447.82    1447.82  0.000e+00
        519      3.500     7.7496     7.7501     0.0004    0.89872    0.89873          1     7.4627     7.6929       9.99     0.0308  1.557e+00  4.811e+00  3.091e+02     7.7116     7.7116     0.0000     5.9328     5.9328      3.468      3.544      0.272    1447.83    1447.83  0.000e+00
        567      4.000     7.7469     7.7492     0.0023    0.89849    0.89867          1     7.4678     7.6998       9.99     0.0328  1.213e+00  3.744e+00  3.085e+02     7.7099     7.7111     0.0011     5.9317     5.9324      3.964      4.050      0.247    1447.82    1447.84  0.000e+00
        611      4.500     7.7463     7.7482     0.0019    0.89844    0.89857          1     7.4673     7.7001       9.99     0.0328  1.068e+00  3.204e+00  3.000e+02     7.7096     7.7104     0.0008     5.9315     5.9320      4.459      4.556      0.294    1447.83    1447.84  0.000e+00
        654      5.000     7.7477     7.7477    -0.0000    0.89866    0.89855          1     7.4684     7.6895       9.99     0.0325  8.965e-01  2.722e+00  3.036e+02     7.7112     7.7103    -0.0010     5.9327     5.9319      4.955      5.063      0.259    1447.85    1447.84  0.000e+00
        703      5.500     7.7442     7.7479     0.0037    0.89843    0.89863          1     7.4594     7.6873       9.98     0.0318  7.492e-01  2.228e+00  2.974e+02     7.7099     7.7109     0.0010     5.9319     5.9324      5.450      5.569      0.251    1447.84    1447.85  0.000e+00
        747      6.000     7.7428     7.7447     0.0019    0.89830    0.89844          1     7.4579     7.7017       9.98     0.0313  6.526e-01  1.945e+00  2.981e+02     7.7089     7.7098     0.0009     5.9312     5.9318      5.945      6.075      0.277    1447.84    1447.85  0.000e+00
        794      6.500     7.7417     7.7431     0.0014    0.89820    0.89830          1     7.4422     7.6981       9.98     0.0321  5.342e-01  1.620e+00  3.034e+02     7.7081     7.7088     0.0006     5.9307     5.9311      6.441      6.581      0.238    1447.84    1447.85  0.000e+00
        845      7.000     7.7406     7.7438     0.0032    0.89807    0.89831          1     7.4595     7.6995       9.98     0.0312  4.621e-01  1.402e+00  3.035e+02     7.7071     7.7086     0.0015     5.9300     5.9309      6.936      7.088      0.248    1447.84    1447.86  0.000e+00
        890      7.500     7.7410     7.7441     0.0031    0.89809    0.89832          1     7.4628     7.6973       9.98     0.0322  4.068e-01  1.213e+00  2.982e+02     7.7072     7.7086     0.0014     5.9300     5.9309      7.432      7.594      0.269    1447.85    1447.87  0.000e+00
        937      8.000     7.7410     7.7408    -0.0002    0.89811    0.89805          1     7.4599     7.6880       9.98     0.0318  3.333e-01  1.001e+00  3.004e+02     7.7073     7.7068    -0.0005     5.9301     5.9297      7.927      8.100      0.241    1447.86    1447.86  0.000e+00
        988      8.500     7.7426     7.7418    -0.0008    0.89822    0.89814          1     7.4671     7.6957       9.97     0.0318  2.795e-01  8.520e-01  3.049e+02     7.7079     7.7073    -0.0006     5.9305     5.9300      8.423      8.607      0.251    1447.88    1447.87  0.000e+00
       1032      9.000     7.7456     7.7464     0.0008    0.89845    0.89845          1     7.4501     7.6960       9.97     0.0314  2.367e-01  7.144e-01  3.017e+02     7.7093     7.7091    -0.0002     5.9313     5.9311      8.918      9.113      0.274    1447.90    1447.90  0.000e+00
       1079      9.500     7.7466     7.7473     0.0007    0.89852    0.89854          1     7.4593     7.6928       9.97     0.0312  1.918e-01  5.780e-01  3.013e+02     7.7097     7.7097    -0.0000     5.9315     5.9315      9.414      9.619      0.237    1447.91    1447.91  0.000e+00
       1131     10.000     7.7483     7.7487     0.0004    0.89864    0.89865          1     7.4493     7.6883       9.97     0.0317  1.594e-01  4.779e-01  2.998e+02     7.7103     7.7103    -0.0000     5.9319     5.9319      9.909     10.125      0.242    1447.93    1447.93  0.000e+00
       1178     10.500     7.7482     7.7494     0.0011    0.89867    0.89870          1     7.4465     7.6943       9.97     0.0315  1.334e-01  3.930e-01  2.945e+02     7.7106     7.7106     0.0000     5.9321     5.9320     10.404     10.632      0.255    1447.93    1447.94  0.000e+00
       1225     11.000     7.7525     7.7487    -0.0037    0.89893    0.89863          1     7.4721     7.6833       9.97     0.0312  1.065e-01  3.121e-01  2.933e+02     7.7120     7.7100    -0.0020     5.9329     5.9316     10.900     11.138      0.256    1447.96    1447.94  0.000e+00
       1275     11.500     7.7516     7.7510    -0.0005    0.89889    0.89881          1     7.4552     7.6922       9.97     0.0305  8.406e-02  2.449e-01  2.912e+02     7.7117     7.7111    -0.0006     5.9327     5.9323     11.395     11.644      0.236    1447.97    1447.96  0.000e+00
       1323     12.000     7.7555     7.7538    -0.0017    0.89914    0.89900          1     7.4365     7.6815       9.97     0.0302  6.377e-02  1.832e-01  2.872e+02     7.7131     7.7122    -0.0009     5.9335     5.9329     11.891     12.150      0.267    1447.99    1447.98  0.000e+00
       1368     12.500     7.7579     7.7573    -0.0006    0.89929    0.89924          1     7.4426     7.6711       9.96     0.0294  4.615e-02  1.320e-01  2.858e+02     7.7139     7.7135    -0.0004     5.9339     5.9337     12.386     12.657      0.261    1448.01    1448.01  0.000e+00
       1416     13.000     7.7598     7.7577    -0.0021    0.89945    0.89926          1     7.4518     7.6761       9.96     0.0298  3.095e-02  8.734e-02  2.821e+02     7.7149     7.7136    -0.0013     5.9346     5.9337     12.882     13.163      0.250    1448.03    1448.02  0.000e+00
       1462     13.500     7.7617     7.7589    -0.0028    0.89964    0.89936          1     7.4496     7.6830       9.96     0.0308  1.852e-02  5.138e-02  2.774e+02     7.7162     7.7142    -0.0020     5.9354     5.9341     13.377     13.669      0.260    1448.04    1448.03  0.000e+00
       1509     14.000     7.7588     7.7589     0.0000    0.89937    0.89935          1     7.4355     7.6738       9.96     0.0297  6.401e-03  1.762e-02  2.747e+02     7.7143     7.7140    -0.0002     5.9342     5.9340     13.873     14.175      0.258    1448.04    1448.04  0.000e+00
       1554     14.500     7.7585     7.7580    -0.0005    0.89939    0.89929          1     7.4560     7.6725       9.96     0.0293  1.147e-04  3.086e-04  2.666e+02     7.7145     7.7137    -0.0008     5.9343     5.9338     14.368     14.682      0.276    1448.05    1448.04  0.000e+00
       1597     15.000     7.7608     7.7610     0.0002    0.89958    0.89955          1     7.4393     7.6770       9.96     0.0294  1.613e-06  4.310e-06  2.643e+02     7.7157     7.7153    -0.0004     5.9351     5.9348     14.863     15.188      0.269    1448.06    1448.06  0.000e+00
       1643     15.500     7.7720     7.7673    -0.0046    0.90032    0.90000          1     7.4389     7.6643       9.96     0.0295  3.731e-13  1.000e-12  2.680e+02     7.7200     7.7180    -0.0020     5.9376     5.9364     15.359     15.694      0.257    1448.12    1448.10  0.000e+00
       1690     16.000     7.7737     7.7713    -0.0024    0.90041    0.90024          1     7.4313     7.6700       9.96     0.0289  3.763e-13  1.000e-12  2.657e+02     7.7203     7.7193    -0.0011     5.9377     5.9371     15.854     16.200      0.256    1448.14    1448.13  0.000e+00
       1736     16.500     7.7741     7.7746     0.0004    0.90045    0.90047          1     7.4400     7.6658       9.96     0.0283  3.794e-13  1.000e-12  2.636e+02     7.7205     7.7206     0.0001     5.9379     5.9379     16.350     16.707      0.268    1448.15    1448.15  0.000e+00
       1781     17.000     7.7792     7.7776    -0.0016    0.90092    0.90075          1     7.4277     7.6534       9.96     0.0282  3.808e-13  1.000e-12  2.626e+02     7.7237     7.7225    -0.0012     5.9399     5.9391     16.845     17.213      0.256    1448.18    1448.17  0.000e+00
       1829     17.500     7.7795     7.7790    -0.0005    0.90102    0.90090          1     7.4117     7.6540       9.96     0.0279  3.861e-13  1.000e-12  2.590e+02     7.7244     7.7234    -0.0010     5.9405     5.9397     17.340     17.719      0.265    1448.19    1448.19  0.000e+00
       1871     18.000     7.7838     7.7834    -0.0004    0.90128    0.90122          1     7.4315     7.6512       9.96     0.0272  3.997e-13  1.000e-12  2.502e+02     7.7258     7.7254    -0.0004     5.9412     5.9409     17.836     18.226      0.282    1448.22    1448.22  0.000e+00
       1916     18.500     7.7877     7.7859    -0.0018    0.90147    0.90139          1     7.4140     7.6464       9.96     0.0270  3.960e-13  1.000e-12  2.525e+02     7.7267     7.7264    -0.0003     5.9416     5.9415     18.331     18.732      0.259    1448.24    1448.24  0.000e+00
       1962     19.000     7.7861     7.7861     0.0000    0.90143    0.90141          1     7.4137     7.6515       9.96     0.0270  4.060e-13  1.000e-12  2.463e+02     7.7266     7.7264    -0.0002     5.9417     5.9415     18.827     19.238      0.266    1448.25    1448.24  0.000e+00
       2008     19.500     7.7854     7.7858     0.0004    0.90141    0.90140          1     7.4120     7.6555       9.96     0.0269  4.134e-13  1.000e-12  2.419e+02     7.7265     7.7264    -0.0002     5.9417     5.9415     19.322     19.744      0.260    1448.25    1448.25  0.000e+00
       2053     20.000     7.7850     7.7866     0.0016    0.90141    0.90146          1     7.4171     7.6549       9.96     0.0269  4.142e-13  1.000e-12  2.414e+02     7.7265     7.7266     0.0001     5.9417     5.9416     19.818     20.251      0.266    1448.26    1448.26  0.000e+00
       2098     20.500     7.7948     7.7940    -0.0008    0.90185    0.90180          1     7.4155     7.6458       9.96     0.0270  4.149e-13  1.000e-12  2.411e+02     7.7284     7.7281    -0.0003     5.9424     5.9422     20.313     20.757      0.265    1448.31    1448.30  0.000e+00
       2144     21.000     7.7975     7.7953    -0.0021    0.90200    0.90187          1     7.4113     7.6482       9.96     0.0270  4.136e-13  1.000e-12  2.418e+02     7.7291     7.7284    -0.0007     5.9427     5.9423     20.808     21.263      0.267    1448.33    1448.32  0.000e+00
       2188     21.500     7.8112     7.8070    -0.0042    0.90270    0.90243          1     7.4084     7.6419       9.96     0.0273  4.160e-13  1.000e-12  2.404e+02     7.7325     7.7309    -0.0016     5.9443     5.9433     21.304     21.769      0.273    1448.40    1448.38  0.000e+00
       2233     22.000     7.8249     7.8294     0.0045    0.90329    0.90345          1     7.3949     7.6451       9.96     0.0274  4.203e-13  1.000e-12  2.379e+02     7.7348     7.7353     0.0005     5.9450     5.9450     21.799     22.276      0.261    1448.46    1448.48  0.000e+00
       2278     22.500     7.8247     7.8235    -0.0012    0.90332    0.90326          1     7.3887     7.6343       9.96     0.0271  4.247e-13  1.000e-12  2.355e+02     7.7351     7.7347    -0.0004     5.9452     5.9450     22.295     22.782      0.275    1448.47    1448.47  0.000e+00
       2321     23.000     7.8211     7.8236     0.0026    0.90320    0.90326          1     7.4006     7.6389       9.96     0.0275  4.270e-13  1.000e-12  2.342e+02     7.7347     7.7347    -0.0000     5.9452     5.9450     22.790     23.288      0.270    1448.46    1448.47  0.000e+00
       2369     23.500     7.8215     7.8231     0.0016    0.90322    0.90324          1     7.3914     7.6380       9.96     0.0277  4.276e-13  1.000e-12  2.339e+02     7.7348     7.7345    -0.0003     5.9452     5.9449     23.285     23.794      0.246    1448.47    1448.48  0.000e+00
       2415     24.000     7.8254     7.8261     0.0007    0.90338    0.90335          1     7.3920     7.6370       9.96     0.0277  4.351e-13  1.000e-12  2.298e+02     7.7353     7.7349    -0.0004     5.9453     5.9450     23.781     24.301      0.279    1448.50    1448.50  0.000e+00
       2458     24.500     7.8373     7.8353    -0.0020    0.90384    0.90373          1     7.4107     7.6335       9.96     0.0269  4.394e-13  1.000e-12  2.276e+02     7.7368     7.7362    -0.0006     5.9456     5.9453     24.276     24.807      0.270    1448.56    1448.55  0.000e+00
       2503     25.000     7.8408     7.8434     0.0025    0.90398    0.90403          1     7.4041     7.6312       9.96     0.0271  4.382e-13  1.000e-12  2.282e+02     7.7373     7.7372    -0.0001     5.9457     5.9454     24.772     25.313      0.264    1448.58    1448.59  0.000e+00
       2548     25.500     7.8440     7.8456     0.0017    0.90411    0.90414          1     7.3911     7.6319       9.96     0.0276  4.437e-13  1.000e-12  2.254e+02     7.7377     7.7376    -0.0001     5.9457     5.9455     25.267     25.819      0.277    1448.60    1448.61  0.000e+00
       2590     26.000     7.8460     7.8471     0.0011    0.90421    0.90421          1     7.3794     7.6319       9.96     0.0274  4.484e-13  1.000e-12  2.230e+02     7.7381     7.7378    -0.0002     5.9459     5.9456     25.762     26.326      0.275    1448.62    1448.62  0.000e+00
       2637     26.500     7.8516     7.8547     0.0031    0.90446    0.90451          1     7.3906     7.6282       9.96     0.0280  4.482e-13  1.000e-12  2.231e+02     7.7391     7.7389    -0.0002     5.9463     5.9459     26.258     26.832      0.249    1448.65    1448.66  0.000e+00
       2684     27.000     7.8576     7.8583     0.0008    0.90467    0.90468          1     7.3870     7.6139       9.96     0.0275  4.544e-13  1.000e-12  2.201e+02     7.7397     7.7395    -0.0001     5.9462     5.9460     26.753     27.338      0.270    1448.68    1448.68  0.000e+00
       2727     27.500     7.8541     7.8540    -0.0001    0.90456    0.90454          1     7.3753     7.6151       9.96     0.0269  4.585e-13  1.000e-12  2.181e+02     7.7394     7.7392    -0.0002     5.9462     5.9461     27.249     27.844      0.273    1448.67    1448.67  0.000e+00
       2773     28.000     7.8587     7.8603     0.0016    0.90479    0.90479          1     7.3801     7.6260       9.96     0.0276  4.632e-13  1.000e-12  2.159e+02     7.7404     7.7400    -0.0004     5.9467     5.9463     27.744     28.351      0.260    1448.70    1448.71  0.000e+00
