ctdpy/tests/etc/all_smhi_bas_2018/SBE09_1044_20180418_1652_34_07_0017.cnv
* Sea-Bird SBE 9 Data File:
* FileName = C:\ctd\temp\2018\AU18D017.hex
* Software Version Seasave V 7.26.6.26
* Temperature SN = 5351
* Conductivity SN = 3941
* Number of Bytes Per Scan = 41
* Number of Voltage Words = 4
* Number of Scans Averaged by the Deck Unit = 1
* NMEA Latitude = 56 38.01 N
* NMEA Longitude = 019 35.08 E
* NMEA UTC (Time) = Apr 18 2018  16:52:46
* NMEA baud rate = 4800
** Station:  BY10
** Operator:  SSip
** Ship: AURA
** Average sound velocity: 1437.69 m/s
** True-depth calculation Wed, 18 Apr 2018 17:49:26 +0000
** CTD Python Module SMHI /ver 3-12/ feb 2012 
** LIMS Job: 20183407-0017
** Cruise: SMHI-01-2018
** Latitude [GG MM.mm N] :
** Longitude [GG MM.mm E]:
# nquan = 26
# nvalues = 273                         
# units = specified
# name 0 = scan: Scan Count
# name 1 = prDM: Pressure, Digiquartz [db]
# name 2 = t090C: Temperature [ITS-90, deg C]
# name 3 = t190C: Temperature, 2 [ITS-90, deg C]
# name 4 = T2-T190C: Temperature Difference, 2 - 1 [ITS-90, deg C]
# name 5 = c0S/m: Conductivity [S/m]
# name 6 = c1S/m: Conductivity, 2 [S/m]
# name 7 = pumps: Pump Status
# name 8 = sbeox0ML/L: Oxygen, SBE 43 [ml/l]
# name 9 = sbeox1ML/L: Oxygen, SBE 43, 2 [ml/l]
# name 10 = altM: Altimeter [m]
# name 11 = flECO-AFL: Chl-a Fluorescence, WET Labs ECO-AFL/FL [mg/m^3]
# name 12 = flECO-AFL1: Phycocyanin Fluorescence, WET Labs ECO-AFL/FL, 2 [mg/m^3]
# name 13 = par: PAR/Irradiance, Biospherical/Lico [µE/(cm^2*s)]
# name 14 = turbWETntu0: Turbidity, WET Labs ECO [NTU]
# name 15 = sal00: Salinity, Practical [PSU]
# name 16 = sal11: Salinity, Practical, 2 [PSU]
# name 17 = secS-priS: Salinity, Practical, Difference, 2 - 1 [PSU]
# name 18 = sigma-t00: Density [sigma-t, Kg/m^3 ]
# name 19 = sigma-t11: Density, 2 [sigma-t, Kg/m^3 ]
# name 20 = depSM: Depth [salt water, m], lat = 56.6335
# name 21 = depFM: Depth [true depth, m], lat = 56.6335
# name 22 = dz/dtM: Descent Rate [m/s], WS = 2
# name 23 = svCM: Sound Velocity [Chen-Millero, m/s]
# name 24 = svCM1: Sound Velocity, 2 [Chen-Millero, m/s]
# name 25 = flag: flag
# span 0 =       6645,      12777       
# span 1 =      1.000,    137.000       
# span 2 =     2.6732,     6.8981       
# span 3 =     2.6719,     6.8984       
# span 4 =    -0.0306,     0.0479       
# span 5 =   0.753219,   1.413282       
# span 6 =   0.753302,   1.413217       
# span 7 =          1,          1       
# span 8 =    0.04017,    9.97615       
# span 9 =    0.03855,    9.84668       
# span 10 =       4.04,      98.66      
# span 11 =     0.2500,     5.6912      
# span 12 =     0.1693,     1.1097      
# span 13 = -1.221e-06, 1.9588e+03      
# span 14 =     0.1128,     0.8791      
# span 15 =     7.3955,    12.8873      
# span 16 =     7.3947,    12.8866      
# span 17 =    -0.0178,     0.0003      
# span 18 =     5.8898,    10.0649      
# span 19 =     5.8894,    10.0643      
# span 20 =      0.991,    135.701      
# span 21 =      1.013,    138.502      
# span 22 =     -0.132,      0.739      
# span 23 =    1425.90,    1452.57      
# span 24 =    1425.92,    1452.57      
# span 25 = 0.0000e+00, 0.0000e+00      
# interval = decibars: 0.5              
# start_time = Apr 18 2018 16:52:46 [NMEA time, first data scan]
# bad_flag = -9.990e-29
*END*
[from data line 56]
       7825     29.000     2.8656     2.8670     0.0014    0.75777    0.75775          1     9.0855     8.9485      97.63     0.5055     0.2855  6.932e-02  0.1238000     7.4257     7.4251    -0.0006     5.9213     5.9208     28.732     29.364      0.514    1426.57    1426.57  0.000e+00
       7848     29.500     2.8614     2.8615     0.0001    0.75771    0.75766          1     9.0831     8.9438      97.60     0.4492     0.2761  5.823e-02  0.1244000     7.4259     7.4255    -0.0005     5.9215     5.9211     29.228     29.870      0.524    1426.55    1426.55  0.000e+00
       7870     30.000     2.8582     2.8592     0.0010    0.75766    0.75764          1     9.0818     8.9497      97.63     0.4578     0.2347  5.055e-02  0.1344000     7.4262     7.4257    -0.0005     5.9217     5.9213     29.723     30.377      0.530    1426.55    1426.55  0.000e+00
       7893     30.500     2.8540     2.8553     0.0013    0.75759    0.75757          1     9.0818     8.9389      97.67     0.4340     0.2425  3.265e-02  0.1327000     7.4263     7.4258    -0.0005     5.9218     5.9214     30.219     30.883      0.530    1426.54    1426.54  0.000e+00
       7916     31.000     2.8519     2.8532     0.0013    0.75757    0.75755          1     9.0793     8.9274      97.60     0.4459     0.2441  2.356e-02  0.1312000     7.4265     7.4260    -0.0005     5.9220     5.9216     30.714     31.389      0.517    1426.53    1426.54  0.000e+00
       7939     31.500     2.8513     2.8525     0.0012    0.75758    0.75756          1     9.0744     8.9366      97.59     0.4571     0.2739  1.136e-02  0.1303000     7.4267     7.4262    -0.0005     5.9222     5.9217     31.209     31.895      0.494    1426.54    1426.55  0.000e+00
       7964     32.000     2.8503     2.8516     0.0012    0.75759    0.75757          1     9.0733     8.9465      97.66     0.4709     0.2658  3.697e-03  0.1307000     7.4269     7.4265    -0.0005     5.9224     5.9220     31.705     32.402      0.485    1426.54    1426.55  0.000e+00
       7989     32.500     2.8500     2.8512     0.0012    0.75761    0.75758          1     9.0745     8.9478      97.67     0.4689     0.2872  6.202e-04  0.1335000     7.4271     7.4266    -0.0005     5.9225     5.9221     32.200     32.908      0.508    1426.55    1426.56  0.000e+00
       8012     33.000     2.8497     2.8509     0.0012    0.75762    0.75760          1     9.0816     8.9485      97.70     0.4562     0.2457 -1.221e-06  0.1329000     7.4272     7.4267    -0.0005     5.9226     5.9222     32.695     33.414      0.537    1426.56    1426.56  0.000e+00
       8033     33.500     2.8493     2.8503     0.0011    0.75763    0.75760          1     9.0789     8.9510      97.71     0.4707     0.2491  1.044e-12  0.1254000     7.4273     7.4268    -0.0005     5.9227     5.9223     33.191     33.921      0.544    1426.56    1426.57  0.000e+00
       8056     34.000     2.8486     2.8500     0.0014    0.75765    0.75762          1     9.0710     8.9477      97.66     0.4826     0.2704  1.000e-12  0.1297000     7.4276     7.4271    -0.0006     5.9229     5.9225     33.686     34.427      0.524    1426.57    1426.57  0.000e+00
       8079     34.500     2.8451     2.8469     0.0018    0.75761    0.75761          1     9.0706     8.9401      97.64     0.4943     0.2759  1.000e-12  0.1237000     7.4280     7.4275    -0.0005     5.9233     5.9228     34.181     34.933      0.497    1426.56    1426.57  0.000e+00
       8104     35.000     2.8340     2.8361     0.0021    0.75738    0.75738          1     9.0687     8.9305      97.69     0.4145     0.2654  1.000e-12  0.1248000     7.4281     7.4276    -0.0005     5.9234     5.9230     34.677     35.439      0.494    1426.52    1426.53  0.000e+00
       8128     35.500     2.8273     2.8282     0.0009    0.75727    0.75724          1     9.0560     8.9271      97.68     0.4245     0.2372  1.000e-12  0.1296000     7.4284     7.4279    -0.0006     5.9237     5.9232     35.172     35.946      0.482    1426.49    1426.50  0.000e+00
       8153     36.000     2.8258     2.8267     0.0009    0.75726    0.75724          1     9.0523     8.9390      97.68     0.4219     0.2628  1.000e-12  0.1366000     7.4286     7.4281    -0.0005     5.9239     5.9235     35.667     36.452      0.502    1426.49    1426.50  0.000e+00
       8176     36.500     2.8181     2.8196     0.0015    0.75721    0.75719          1     9.0395     8.9175      97.68     0.4347     0.2469  1.000e-12  0.1329000     7.4298     7.4292    -0.0006     5.9249     5.9244     36.163     36.958      0.551    1426.47    1426.48  0.000e+00
       8197     37.000     2.8203     2.8216     0.0013    0.75738    0.75735          1     9.0169     8.8792      97.70     0.4591     0.2473  1.000e-12  0.1308000     7.4309     7.4304    -0.0006     5.9258     5.9253     36.658     37.464      0.564    1426.49    1426.49  0.000e+00
       8219     37.500     2.8170     2.8186     0.0016    0.75734    0.75733          1     9.0046     8.8551      97.67     0.4462     0.2680  1.000e-12  0.1269000     7.4313     7.4308    -0.0005     5.9260     5.9257     37.153     37.971      0.515    1426.48    1426.49  0.000e+00
       8244     38.000     2.8148     2.8161     0.0013    0.75732    0.75730          1     9.0025     8.8500      97.67     0.4367     0.3031  1.000e-12  0.1241000     7.4315     7.4310    -0.0005     5.9262     5.9258     37.649     38.477      0.487    1426.48    1426.48  0.000e+00
       8268     38.500     2.8144     2.8157     0.0013    0.75732    0.75731          1     9.0084     8.8535      97.68     0.4508     0.2796  1.000e-12  0.1203000     7.4316     7.4311    -0.0005     5.9263     5.9259     38.144     38.983      0.508    1426.48    1426.49  0.000e+00
       8291     39.000     2.8144     2.8155     0.0011    0.75734    0.75732          1     9.0143     8.8652      97.73     0.4519     0.2306  1.000e-12  0.1157000     7.4316     7.4312    -0.0005     5.9263     5.9260     38.639     39.490      0.517    1426.49    1426.50  0.000e+00
       8314     39.500     2.8145     2.8157     0.0012    0.75735    0.75734          1     9.0084     8.8737      97.77     0.4368     0.2065  1.000e-12  0.1247000     7.4317     7.4313    -0.0004     5.9264     5.9261     39.135     39.996      0.513    1426.50    1426.51  0.000e+00
       8338     40.000     2.8145     2.8157     0.0013    0.75737    0.75736          1     9.0052     8.8771      97.77     0.4444     0.2122  1.000e-12  0.1246000     7.4318     7.4314    -0.0004     5.9265     5.9262     39.630     40.502      0.523    1426.51    1426.52  0.000e+00
       8360     40.500     2.8143     2.8155     0.0012    0.75738    0.75736          1     9.0038     8.8788      97.77     0.4351     0.2432  1.000e-12  0.1181000     7.4319     7.4314    -0.0005     5.9266     5.9262     40.125     41.008      0.530    1426.52    1426.52  0.000e+00
       8383     41.000     2.8139     2.8154     0.0015    0.75739    0.75738          1     9.0052     8.8804      97.76     0.4147     0.2079  1.000e-12  0.1246000     7.4320     7.4315    -0.0005     5.9267     5.9263     40.621     41.515      0.519    1426.52    1426.53  0.000e+00
       8407     41.500     2.8135     2.8148     0.0013    0.75740    0.75738          1     8.9986     8.8827      97.76     0.4139     0.2260  1.000e-12  0.1148000     7.4321     7.4317    -0.0005     5.9267     5.9264     41.116     42.021      0.498    1426.53    1426.53  0.000e+00
       8431     42.000     2.8126     2.8140     0.0014    0.75739    0.75738          1     8.9989     8.8741      97.75     0.4698     0.2763  1.000e-12  0.1179000     7.4322     7.4317    -0.0005     5.9268     5.9264     41.611     42.527      0.483    1426.53    1426.54  0.000e+00
       8456     42.500     2.8124     2.8136     0.0012    0.75740    0.75738          1     9.0026     8.8519      97.76     0.4659     0.2407  1.000e-12  0.1195000     7.4322     7.4318    -0.0005     5.9268     5.9265     42.107     43.033      0.497    1426.54    1426.55  0.000e+00
       8480     43.000     2.8123     2.8136     0.0013    0.75741    0.75740          1     9.0040     8.8469      97.77     0.4578     0.2366  1.000e-12  0.1176000     7.4323     7.4319    -0.0004     5.9269     5.9265     42.602     43.540      0.525    1426.55    1426.55  0.000e+00
       8502     43.500     2.8121     2.8134     0.0013    0.75742    0.75740          1     9.0028     8.8692      97.74     0.4539     0.2200  1.000e-12  0.1191000     7.4324     7.4319    -0.0005     5.9270     5.9266     43.097     44.046      0.543    1426.55    1426.56  0.000e+00
       8524     44.000     2.8114     2.8127     0.0013    0.75742    0.75740          1     8.9956     8.8797      97.73     0.4593     0.2033  1.000e-12  0.1185000     7.4325     7.4320    -0.0005     5.9271     5.9267     43.593     44.552      0.532    1426.56    1426.57  0.000e+00
       8547     44.500     2.8102     2.8115     0.0013    0.75741    0.75739          1     8.9965     8.8765      97.73     0.4519     0.2314  1.000e-12  0.1204000     7.4326     7.4321    -0.0005     5.9271     5.9267     44.088     45.058      0.489    1426.56    1426.57  0.000e+00
       8573     45.000     2.8100     2.8111     0.0011    0.75742    0.75740          1     9.0006     8.8674      97.75     0.4346     0.2314  1.000e-12  0.1238000     7.4327     7.4322    -0.0004     5.9272     5.9268     44.583     45.565      0.470    1426.57    1426.57  0.000e+00
       8598     45.500     2.8087     2.8100     0.0013    0.75741    0.75739          1     8.9980     8.8731      97.72     0.4533     0.2547  1.000e-12  0.1235000     7.4328     7.4323    -0.0005     5.9273     5.9269     45.079     46.071      0.493    1426.57    1426.58  0.000e+00
       8622     46.000     2.8079     2.8091     0.0012    0.75742    0.75741          1     8.9991     8.8705      97.73     0.4673     0.3032  1.000e-12  0.1274000     7.4331     7.4326    -0.0004     5.9275     5.9272     45.574     46.577      0.531    1426.57    1426.58  0.000e+00
       8644     46.500     2.8088     2.8100     0.0011    0.75748    0.75745          1     9.0015     8.8735      97.78     0.4612     0.2321  1.000e-12  0.1365000     7.4333     7.4328    -0.0005     5.9277     5.9273     46.069     47.084      0.537    1426.59    1426.59  0.000e+00
       8667     47.000     2.8085     2.8097     0.0012    0.75748    0.75746          1     8.9992     8.8678      97.77     0.5035     0.2424  1.000e-12  0.1200000     7.4334     7.4329    -0.0005     5.9278     5.9274     46.564     47.590      0.500    1426.59    1426.60  0.000e+00
       8692     47.500     2.8085     2.8099     0.0013    0.75750    0.75748          1     8.9988     8.8560      97.81     0.4214     0.2268  1.000e-12  0.1246000     7.4335     7.4330    -0.0004     5.9279     5.9275     47.060     48.096      0.466    1426.60    1426.61  0.000e+00
       8717     48.000     2.8088     2.8101     0.0013    0.75752    0.75750          1     8.9953     8.8634      97.85     0.4095     0.2282  1.000e-12  0.1292000     7.4336     7.4331    -0.0005     5.9279     5.9276     47.555     48.602      0.487    1426.61    1426.62  0.000e+00
       8741     48.500     2.8101     2.8113     0.0011    0.75759    0.75756          1     8.9897     8.8507      97.86     0.4229     0.2263  1.000e-12  0.1256000     7.4340     7.4334    -0.0005     5.9282     5.9278     48.050     49.109      0.512    1426.63    1426.63  0.000e+00
       8764     49.000     2.8114     2.8124     0.0010    0.75765    0.75762          1     8.9790     8.8371      97.84     0.4533     0.2217  1.000e-12  0.1249000     7.4342     7.4337    -0.0005     5.9284     5.9280     48.546     49.615      0.532    1426.64    1426.64  0.000e+00
       8786     49.500     2.8114     2.8126     0.0012    0.75767    0.75766          1     8.9727     8.8264      97.86     0.4395     0.2249  1.000e-12  0.1383000     7.4344     7.4339    -0.0005     5.9286     5.9282     49.041     50.121      0.543    1426.65    1426.65  0.000e+00
       8809     50.000     2.8118     2.8131     0.0013    0.75772    0.75771          1     8.9679     8.8286      97.97     0.4284     0.2369  1.000e-12  0.1322000     7.4347     7.4344    -0.0004     5.9288     5.9285     49.536     50.627      0.534    1426.66    1426.66  0.000e+00
       8832     50.500     2.8115     2.8127     0.0012    0.75776    0.75774          1     8.9603     8.8286      98.51     0.4276     0.2735  1.000e-12  0.1422000     7.4351     7.4346    -0.0005     5.9291     5.9287     50.032     51.134      0.506    1426.67    1426.67  0.000e+00
       8856     51.000     2.8110     2.8121     0.0011    0.75777    0.75775          1     8.9492     8.8215      98.60     0.5064     0.2472  1.000e-12  0.1405000     7.4353     7.4348    -0.0005     5.9293     5.9289     50.527     51.640      0.494    1426.67    1426.68  0.000e+00
       8880     51.500     2.8107     2.8118     0.0011    0.75784    0.75782          1     8.9504     8.8201      98.61     0.5384     0.2459  1.000e-12  0.1274000     7.4360     7.4356    -0.0005     5.9299     5.9295     51.022     52.146      0.513    1426.68    1426.68  0.000e+00
       8903     52.000     2.8108     2.8118     0.0010    0.75789    0.75786          1     8.9575     8.8149      98.61     0.4515     0.2259  1.000e-12  0.1392000     7.4365     7.4359    -0.0006     5.9302     5.9298     51.518     52.652      0.536    1426.69    1426.69  0.000e+00
       8925     52.500     2.8300     2.8278    -0.0022    0.75848    0.75836          1     8.9739     8.8270      98.61     0.4348     0.2368  1.000e-12  0.1299000     7.4381     7.4374    -0.0007     5.9314     5.9308     52.013     53.159      0.554    1426.79    1426.77  0.000e+00
       8946     53.000     2.8540     2.8525    -0.0014    0.75911    0.75903          1     8.9995     8.8575      98.61     0.4347     0.2451  1.000e-12  0.1254000     7.4391     7.4386    -0.0005     5.9321     5.9317     52.508     53.665      0.560    1426.91    1426.90  0.000e+00
       8968     53.500     2.8666     2.8676     0.0010    0.75944    0.75943          1     9.0180     8.8732      98.61     0.4228     0.2436  1.000e-12  0.1242000     7.4396     7.4392    -0.0004     5.9324     5.9320     53.003     54.171      0.545    1426.97    1426.98  0.000e+00
       8991     54.000     2.8843     2.8859     0.0017    0.75991    0.75991          1     9.0376     8.8889      98.61     0.4673     0.2274  1.000e-12  0.1335000     7.4404     7.4400    -0.0004     5.9329     5.9325     53.499     54.678      0.493    1427.06    1427.07  0.000e+00
       9017     54.500     2.8838     2.8851     0.0013    0.75993    0.75991          1     9.0416     8.8985      98.61     0.4712     0.2031  1.000e-12  0.1265000     7.4406     7.4401    -0.0005     5.9330     5.9326     53.994     55.184      0.471    1427.07    1427.08  0.000e+00
       9041     55.000     2.8869     2.8879     0.0010    0.76002    0.75999          1     9.0315     8.9007      98.61     0.4695     0.1778  1.000e-12  0.1348000     7.4408     7.4403    -0.0005     5.9331     5.9327     54.489     55.690      0.544    1427.09    1427.10  0.000e+00
       9061     55.500     2.8692     2.8696     0.0003    0.75963    0.75960          1     9.0404     8.9203      98.61     0.4503     0.2063  1.000e-12  0.1304000     7.4407     7.4403    -0.0004     5.9332     5.9329     54.985     56.196      0.609    1427.02    1427.02  0.000e+00
       9080     56.000     2.8674     2.8688     0.0014    0.75965    0.75963          1     9.0412     8.9279      98.61     0.4380     0.2498  1.000e-12  0.1235000     7.4412     7.4407    -0.0005     5.9336     5.9333     55.480     56.703      0.605    1427.02    1427.02  0.000e+00
