ctdpy/tests/etc/all_smhi_bas_2018/SBE09_1044_20180315_1740_34_02_0059.cnv
* Sea-Bird SBE 9 Data File:
* FileName = C:\ctd\temp\2018\ME18D059.hex
* Software Version Seasave V 7.26.6.26
* Temperature SN = 5351
* Conductivity SN = 3941
* Number of Bytes Per Scan = 41
* Number of Voltage Words = 4
* Number of Scans Averaged by the Deck Unit = 1
* NMEA Latitude = 55 37.08 N
* NMEA Longitude = 014 52.00 E
* NMEA UTC (Time) = Mar 15 2018  17:40:51
* NMEA baud rate = 4800
** Station:  Hanöbukten
** Operator:  obac
** Ship: MERI
** Average sound velocity: 1430.52 m/s
** True-depth calculation Thu, 15 Mar 2018 18:31:21 +0000
** CTD Python Module SMHI /ver 3-12/ feb 2012 
** LIMS Job: 20183402-0059
** Cruise: SMHI-02-2018
** Latitude [GG MM.mm N] :
** Longitude [GG MM.mm E]:
# nquan = 26
# nvalues = 149                         
# units = specified
# name 0 = scan: Scan Count
# name 1 = prDM: Pressure, Digiquartz [db]
# name 2 = t090C: Temperature [ITS-90, deg C]
# name 3 = t190C: Temperature, 2 [ITS-90, deg C]
# name 4 = T2-T190C: Temperature Difference, 2 - 1 [ITS-90, deg C]
# name 5 = c0S/m: Conductivity [S/m]
# name 6 = c1S/m: Conductivity, 2 [S/m]
# name 7 = pumps: Pump Status
# name 8 = sbeox0ML/L: Oxygen, SBE 43 [ml/l]
# name 9 = sbeox1ML/L: Oxygen, SBE 43, 2 [ml/l]
# name 10 = altM: Altimeter [m]
# name 11 = flECO-AFL: Chl-a Fluorescence, WET Labs ECO-AFL/FL [mg/m^3]
# name 12 = flECO-AFL1: Phycocyanin Fluorescence, WET Labs ECO-AFL/FL, 2 [mg/m^3]
# name 13 = par: PAR/Irradiance, Biospherical/Lico [µE/(cm^2*s)]
# name 14 = turbWETntu0: Turbidity, WET Labs ECO [NTU]
# name 15 = sal00: Salinity, Practical [PSU]
# name 16 = sal11: Salinity, Practical, 2 [PSU]
# name 17 = secS-priS: Salinity, Practical, Difference, 2 - 1 [PSU]
# name 18 = sigma-t00: Density [sigma-t, Kg/m^3 ]
# name 19 = sigma-t11: Density, 2 [sigma-t, Kg/m^3 ]
# name 20 = depSM: Depth [salt water, m], lat = 55.618
# name 21 = depFM: Depth [true depth, m], lat = 55.618
# name 22 = dz/dtM: Descent Rate [m/s], WS = 2
# name 23 = svCM: Sound Velocity [Chen-Millero, m/s]
# name 24 = svCM1: Sound Velocity, 2 [Chen-Millero, m/s]
# name 25 = flag: flag
# span 0 =      12965,      18255       
# span 1 =      1.000,     75.000       
# span 2 =     2.2892,     8.0203       
# span 3 =     2.2896,     8.0213       
# span 4 =    -0.1111,     0.0285       
# span 5 =   0.741505,   1.748324       
# span 6 =   0.741487,   1.745593       
# span 7 =          1,          1       
# span 8 =    0.19667,    8.87964       
# span 9 =    0.21430,    8.67824       
# span 10 =       0.39,     103.02      
# span 11 =     0.3034,     0.9817      
# span 12 =     0.2674,     0.5529      
# span 13 = -1.430e-04, 6.9905e-01      
# span 14 =     0.1555,     1.8372      
# span 15 =     7.3906,    15.8353      
# span 16 =     7.3903,    15.7988      
# span 17 =    -0.0551,     0.0095      
# span 18 =     5.8948,    12.2935      
# span 19 =     5.8945,    12.2627      
# span 20 =      0.991,     74.307      
# span 21 =      1.013,     75.871      
# span 22 =     -0.592,      1.169      
# span 23 =    1423.44,    1459.28      
# span 24 =    1423.44,    1459.29      
# span 25 = 0.0000e+00, 0.0000e+00      
# interval = decibars: 0.5              
# start_time = Mar 15 2018 17:40:51 [NMEA time, first data scan]
# bad_flag = -9.990e-29
*END*
[from data line 112]
      16430     57.000     2.9091     2.9061    -0.0030    0.78457    0.78424          1     8.3480     8.1506      21.46     0.6057     0.3704  1.000e-12  0.2105000     7.6936     7.6908    -0.0028     6.1347     6.1325     56.475     57.712      0.426    1427.56    1427.54  0.000e+00
      16454     57.500     2.9307     2.9306    -0.0002    0.78719    0.78709          1     8.3046     8.1042      21.02     0.6028     0.3930  1.000e-12  0.2230000     7.7159     7.7148    -0.0010     6.1523     6.1515     56.971     58.218      0.604    1427.69    1427.69  0.000e+00
      16471     58.000     2.9478     2.9473    -0.0005    0.78947    0.78938          1     8.2652     8.0711      20.59     0.5985     0.3635  1.000e-12  0.2280000     7.7358     7.7349    -0.0009     6.1680     6.1673     57.466     58.724      0.685    1427.80    1427.80  0.000e+00
      16489     58.500     2.9553     2.9552    -0.0001    0.79030    0.79025          1     8.2388     8.0537      20.13     0.5920     0.4109  1.000e-12  0.2415000     7.7426     7.7421    -0.0005     6.1734     6.1730     57.961     59.231      0.648    1427.86    1427.86  0.000e+00
      16509     59.000     2.9701     2.9701     0.0001    0.79191    0.79185          1     8.2178     8.0291      19.55     0.5791     0.3662  1.000e-12  0.2353000     7.7558     7.7552    -0.0007     6.1838     6.1833     58.457     59.737      0.511    1427.95    1427.95  0.000e+00
      16538     59.500     2.9891     2.9874    -0.0017    0.79435    0.79407          1     8.1737     7.9720      18.87     0.5785     0.3348  1.000e-12  0.2433000     7.7769     7.7744    -0.0025     6.2004     6.1984     58.952     60.243      0.376    1428.07    1428.06  0.000e+00
      16571     60.000     3.0183     3.0171    -0.0012    0.79806    0.79793          1     8.1127     7.9110      18.31     0.5744     0.3250  1.000e-12  0.2548000     7.8088     7.8076    -0.0012     6.2256     6.2246     59.447     60.749      0.404    1428.26    1428.25  0.000e+00
      16597     60.500     3.0329     3.0322    -0.0007    0.79990    0.79974          1     8.0760     7.8696      17.83     0.5659     0.3144  1.000e-12  0.2460000     7.8245     7.8229    -0.0015     6.2379     6.2367     59.943     61.255      0.525    1428.35    1428.35  0.000e+00
      16618     61.000     3.0794     3.0776    -0.0018    0.80558    0.80538          1     8.0186     7.8091      17.37     0.5661     0.3743  1.000e-12  0.2394000     7.8727     7.8710    -0.0017     6.2758     6.2745     60.438     61.761      0.599    1428.63    1428.62  0.000e+00
      16638     61.500     3.1259     3.1238    -0.0021    0.81222    0.81197          1     7.9279     7.7074      16.89     0.5655     0.3867  1.000e-12  0.2351000     7.9309     7.9288    -0.0021     6.3216     6.3200     60.933     62.267      0.595    1428.93    1428.92  0.000e+00
      16659     62.000     3.1801     3.1803     0.0002    0.82052    0.82037          1     7.7972     7.5695      16.33     0.5655     0.3791  1.000e-12  0.2755000     8.0045     8.0029    -0.0016     6.3796     6.3783     61.429     62.773      0.526    1429.29    1429.28  0.000e+00
      16684     62.500     3.2199     3.2173    -0.0026    0.82646    0.82603          1     7.3635     7.1443      15.79     0.5399     0.3718  1.000e-12  0.2805000     8.0567     8.0529    -0.0038     6.4206     6.4176     61.924     63.279      0.436    1429.54    1429.53  0.000e+00
      16713     63.000     3.3405     3.3312    -0.0093    0.84218    0.84069          1     6.9454     6.6611      15.24     0.5199     0.3527  1.000e-12  0.3072000     8.1908     8.1776    -0.0132     6.5255     6.5151     62.419     63.785      0.447    1430.28    1430.22  0.000e+00
      16738     63.500     3.6164     3.6112    -0.0059    0.87629    0.87509          1     6.7016     6.0271      14.72     0.5189     0.3530  1.000e-12  0.3306000     8.4752     8.4641    -0.0111     6.7463     6.7376     62.915     64.291      0.523    1431.90    1431.87  0.000e+00
      16759     64.000     5.0850     5.0214    -0.0631    1.21518    1.20771          1     5.2400     4.1382      14.20     0.4707     0.3176  1.000e-12  0.4265000    11.5236    11.4685    -0.0551     9.1043     9.0639     63.410     64.797      0.566    1442.31    1441.96  0.000e+00
      16780     64.500     6.7748     6.6633    -0.1111    1.47898    1.47103          1     3.0496     2.0491      13.71     0.4030     0.3177  1.000e-12  0.7832000    13.5648    13.5293    -0.0355    10.5972    10.5783     63.905     65.301      0.551    1452.04    1451.54  0.000e+00
      16803     65.000     7.7300     7.7075    -0.0226    1.59214    1.58960          1     1.5487     1.0003      13.17     0.3426     0.3053  1.000e-12  1.1622000    14.3021    14.2866    -0.0156    11.0930    11.0829     64.400     65.805      0.505    1456.89    1456.78  0.000e+00
      16828     65.500     7.8350     7.8280    -0.0069    1.61906    1.61800          1     0.9793     0.7591      12.65     0.3211     0.3442  1.000e-12  1.2928000    14.5217    14.5142    -0.0075    11.2547    11.2495     64.896     66.308      0.493    1457.60    1457.56  0.000e+00
      16852     66.000     7.9841     7.9800    -0.0043    1.65275    1.65226          1     0.8278     0.7453      12.14     0.3223     0.3342  1.000e-12  1.2523000    14.7872    14.7842    -0.0030    11.4475    11.4456     65.391     66.812      0.503    1458.53    1458.51  0.000e+00
      16876     66.500     7.9883     7.9895     0.0011    1.65919    1.65901          1     0.8238     0.8001      11.63     0.3281     0.2866  1.000e-12  0.8802000    14.8479    14.8458    -0.0022    11.4945    11.4927     65.886     67.315      0.480    1458.63    1458.63  0.000e+00
      16902     67.000     7.9923     7.9948     0.0026    1.66317    1.66304          1     0.8751     0.8722      11.09     0.3218     0.2674  1.000e-12  0.7325000    14.8849    14.8825    -0.0024    11.5230    11.5209     66.382     67.819      0.482    1458.70    1458.71  0.000e+00
      16925     67.500     8.0017     8.0024     0.0007    1.66642    1.66635          1     0.9086     0.9012      10.59     0.3242     0.2895  1.000e-12  0.6504000    14.9124    14.9114    -0.0010    11.5436    11.5427     66.877     68.322      0.549    1458.78    1458.78  0.000e+00
      16946     68.000     8.0175     8.0171    -0.0004    1.67027    1.67009          1     0.9003     0.8816      10.14     0.3084     0.3179  1.000e-12  0.6235000    14.9430    14.9414    -0.0016    11.5659    11.5647     67.372     68.826      0.580    1458.89    1458.89  0.000e+00
      16967     68.500     8.0181     8.0187     0.0006    1.67507    1.67498          1     0.8795     0.8462       9.61     0.3390     0.3188  1.000e-12  0.6383000    14.9893    14.9881    -0.0012    11.6021    11.6010     67.868     69.329      0.512    1458.96    1458.96  0.000e+00
      16994     69.000     8.0203     8.0202    -0.0000    1.67976    1.67933          1     0.8485     0.8102       9.03     0.3255     0.3117  1.000e-12  0.5781000    15.0339    15.0297    -0.0042    11.6367    11.6334     68.363     69.833      0.421    1459.03    1459.02  0.000e+00
      17022     69.500     8.0193     8.0213     0.0020    1.68965    1.68939          1     0.7972     0.7409       8.50     0.3561     0.2727  1.000e-12  0.5859000    15.1305    15.1271    -0.0034    11.7122    11.7094     68.858     70.336      0.495    1459.15    1459.16  0.000e+00
      17043     70.000     7.9989     7.9993     0.0004    1.70256    1.70244          1     0.7211     0.6570       8.04     0.3470     0.3201  1.000e-12  0.5394000    15.2650    15.2636    -0.0014    11.8195    11.8183     69.354     70.839      0.599    1459.25    1459.25  0.000e+00
      17062     70.500     7.9877     7.9881     0.0003    1.70838    1.70824          1     0.6613     0.6075       7.58     0.3458     0.3063  1.000e-12  0.5045000    15.3265    15.3250    -0.0015    11.8687    11.8675     69.849     71.343      0.586    1459.28    1459.28  0.000e+00
      17086     71.000     7.9652     7.9683     0.0031    1.71399    1.71337          1     0.6328     0.5929       7.00     0.3462     0.2837  1.000e-12  0.4761000    15.3910    15.3836    -0.0074    11.9214    11.9153     70.344     71.846      0.414    1459.28    1459.29  0.000e+00
      17126     71.500     7.9100     7.9150     0.0050    1.72755    1.72650          1     0.5468     0.4981       6.34     0.3162     0.3008  1.000e-12  0.4845000    15.5478    15.5354    -0.0124    12.0496    12.0394     70.839     72.349      0.320    1459.26    1459.27  0.000e+00
      17153     72.000     7.8619     7.8623     0.0005    1.73167    1.73164          1     0.4162     0.3623       5.95     0.3214     0.3169  1.000e-12  0.3793000    15.6095    15.6090    -0.0005    12.1027    12.1023     71.335     72.852      0.666    1459.16    1459.16  0.000e+00
      17168     72.500     7.8589     7.8589    -0.0000    1.73182    1.73178          1     0.3906     0.3515       5.59     0.3111     0.3153  1.000e-12  0.4653000    15.6122    15.6117    -0.0004    12.1051    12.1048     71.830     73.356      0.862    1459.15    1459.15  0.000e+00
      17180     73.000     7.8482     7.8487     0.0005    1.73336    1.73321          1     0.3821     0.3506       5.17     0.3091     0.3215  1.000e-12  0.4805000    15.6319    15.6302    -0.0017    12.1216    12.1203     72.325     73.859      0.904    1459.14    1459.14  0.000e+00
      17193     73.500     7.8156     7.8176     0.0020    1.73756    1.73732          1     0.3731     0.3414       4.68     0.3193     0.3061  1.000e-12  0.4687000    15.6876    15.6843    -0.0032    12.1685    12.1657     72.821     74.362      0.760    1459.09    1459.09  0.000e+00
      17243     74.000     7.7802     7.7814     0.0013    1.74097    1.74100          1     0.3786     0.3467       3.98     0.3234     0.3027  1.000e-12  0.4774000    15.7369    15.7366    -0.0003    12.2106    12.2103     73.316     74.865      0.442    1459.01    1459.02  0.000e+00
      17319     74.500     7.7483     7.7727     0.0242    1.74505    1.74095          1     0.3457     0.3510       3.45     0.3149     0.3111  1.000e-12  0.4703000    15.7913    15.7400    -0.0513    12.2564    12.2138     73.811     75.368      0.432    1458.96    1459.00  0.000e+00
      18255     75.000     7.7219     7.7433     0.0193    1.74832    1.74559          1     0.1967     0.2143       2.83     0.3034     0.3180  1.000e-12  0.4654000    15.8353    15.7988    -0.0366    12.2935    12.2627     74.307     75.871     -0.592    1458.92    1458.95  0.000e+00
