ctdpy/tests/etc/all_smhi_bas_2018/SBE09_0827_20181012_1916_26_01_1084.cnv
* Sea-Bird SBE 9 Data File:
* FileName = D:\CTD_SBE911\DAT\26DA.2018.10.84.hex
* Software Version Seasave V 7.21d
* Temperature SN = 4548
* Conductivity SN = 3062
* Number of Bytes Per Scan = 48
* Number of Voltage Words = 5
* Number of Scans Averaged by the Deck Unit = 1
* NMEA Latitude = 56 02.18 N
* NMEA Longitude = 016 49.75 E
* NMEA UTC (Time) = Oct 12 2018  19:19:31
* NMEA baud rate = 4800
** Ship: DANA
** Average sound velocity: 1457.22 m/s
** True-depth calculation Thu, 28 Mar 2019 12:28:15 +0000
** CTD Python Module SMHI /ver 3-12/ feb 2012 
** LIMS Job: 20182601-1084
** Operator: Christian A-KTh
** Cruise: 10/2018
# nquan = 26
# nvalues = 76                          
# units = specified
# name 0 = scan: Scan Count
# name 1 = prDM: Pressure, Digiquartz [db]
# name 2 = t090C: Temperature [ITS-90, deg C]
# name 3 = t190C: Temperature, 2 [ITS-90, deg C]
# name 4 = T2-T190C: Temperature Difference, 2 - 1 [ITS-90, deg C]
# name 5 = c0S/m: Conductivity [S/m]
# name 6 = c1S/m: Conductivity, 2 [S/m]
# name 7 = pumps: Pump Status
# name 8 = sbeox1ML/L: Oxygen, SBE 43, 2 [ml/l]
# name 9 = sbeox0ML/L: Oxygen, SBE 43 [ml/l]
# name 10 = altM: Altimeter [m]
# name 11 = chloroflTC0: Chlorophyll, Turner Cyclops [ug/l]
# name 12 = cpar: CPAR/Corrected Irradiance [%]
# name 13 = par: PAR/Irradiance, Biospherical/Lico [µE/(cm^2*s)]
# name 14 = spar: SPAR, Biospherical/Licor
# name 15 = sal00: Salinity, Practical [PSU]
# name 16 = sal11: Salinity, Practical, 2 [PSU]
# name 17 = secS-priS: Salinity, Practical, Difference, 2 - 1 [PSU]
# name 18 = sigma-t00: Density [sigma-t, kg/m^3 ]
# name 19 = sigma-t11: Density, 2 [sigma-t, kg/m^3 ]
# name 20 = depSM: Depth [salt water, m], lat = 56.0363
# name 21 = depFM: Depth [true depth, m], lat = 56.0363
# name 22 = dz/dtM: Descent Rate [m/s], WS = 2
# name 23 = svCM: Sound Velocity [Chen-Millero, m/s]
# name 24 = svCM1: Sound Velocity, 2 [Chen-Millero, m/s]
# name 25 = flag: flag
# span 0 =         30,       4024       
# span 1 =      1.500,     39.000       
# span 2 =     7.2038,    10.9829       
# span 3 =     7.2017,    10.9832       
# span 4 =    -0.3272,     0.0020       
# span 5 =   0.879655,   0.969844       
# span 6 =   0.879449,   0.969889       
# span 7 =          1,          1       
# span 8 =     6.7355,     7.4104       
# span 9 =     6.3098,     6.9159       
# span 10 =       1.05,       9.97      
# span 11 =     0.0220,     0.0413      
# span 12 = 4.9241e-11, 4.9241e-11      
# span 13 = 1.0000e-12, 1.0000e-12      
# span 14 = 2.0308e+00, 2.0308e+00      
# span 15 =     7.5920,     7.6515      
# span 16 =     7.5946,     7.6530      
# span 17 =    -0.0071,     0.0170      
# span 18 =     5.5609,     5.9266      
# span 19 =     5.5608,     5.9280      
# span 20 =      1.486,     38.641      
# span 21 =      1.519,     39.500      
# span 22 =     -0.070,      0.667      
# span 23 =    1446.06,    1460.69      
# span 24 =    1446.06,    1460.69      
# span 25 = 0.0000e+00, 0.0000e+00      
# interval = decibars: 0.5              
# start_time = Oct 12 2018 19:19:31 [NMEA time, first data scan]
# bad_flag = -9.990e-29
*END*
[from data line 56]
       2906     29.500     9.6494     9.5888    -0.0608    0.93287    0.93120          1     7.2996     6.8391       9.97     0.0339  4.924e-11  1.000e-12  2.031e+00     7.6061     7.6042    -0.0019     5.6771     5.6818     29.229     29.880      0.241    1455.74    1455.50  0.000e+00
       2963     30.000     9.5843     9.5661    -0.0181    0.93111    0.93086          1     7.2894     6.8317       9.97     0.0319  4.924e-11  1.000e-12  2.031e+00     7.6042     7.6059     0.0016     5.6824     5.6855     29.725     30.386      0.380    1455.49    1455.42  0.000e+00
       2989     30.500     9.5655     9.5350    -0.0305    0.93082    0.93026          1     7.2909     6.8222       9.97     0.0317  4.924e-11  1.000e-12  2.031e+00     7.6056     7.6071     0.0015     5.6853     5.6896     30.220     30.893      0.405    1455.43    1455.31  0.000e+00
       3042     31.000     9.4910     9.4466    -0.0444    0.92888    0.92795          1     7.2921     6.8290       9.64     0.0317  4.924e-11  1.000e-12  2.031e+00     7.6042     7.6054     0.0012     5.6918     5.6972     30.716     31.399      0.255    1455.14    1454.97  0.000e+00
       3092     31.500     9.4132     9.3932    -0.0200    0.92699    0.92678          1     7.2757     6.8173       9.16     0.0300  4.924e-11  1.000e-12  2.031e+00     7.6039     7.6063     0.0024     5.6994     5.7033     31.211     31.905      0.431    1454.84    1454.77  0.000e+00
       3116     32.000     9.3754     9.3183    -0.0571    0.92616    0.92491          1     7.2496     6.7913       8.65     0.0301  4.924e-11  1.000e-12  2.031e+00     7.6045     7.6055     0.0011     5.7037     5.7102     31.706     32.412      0.427    1454.70    1454.48  0.000e+00
       3189     32.500     9.2228     9.1464    -0.0761    0.92167    0.92000          1     7.1867     6.7420       8.06     0.0302  4.924e-11  1.000e-12  2.031e+00     7.5970     7.5985     0.0015     5.7129     5.7215     32.202     32.918      0.294    1454.10    1453.80  0.000e+00
       3236     33.000     9.1221     9.0647    -0.0578    0.91909    0.91792          1     7.0913     6.6727       7.65     0.0280  4.924e-11  1.000e-12  2.031e+00     7.5954     7.5972     0.0018     5.7215     5.7284     32.697     33.424      0.566    1453.70    1453.48  0.000e+00
       3256     33.500     9.0396     8.9129    -0.1265    0.91674    0.91402          1     7.0213     6.6070       7.14     0.0270  4.924e-11  1.000e-12  2.031e+00     7.5920     7.5946     0.0026     5.7267     5.7408     33.192     33.931      0.522    1453.38    1452.88  0.000e+00
       3318     34.000     8.8786     8.8036    -0.0752    0.91300    0.91169          1     7.0013     6.5674       6.50     0.0266  4.924e-11  1.000e-12  2.031e+00     7.5927     7.5970     0.0043     5.7426     5.7529     33.688     34.437      0.347    1452.75    1452.45  0.000e+00
       3369     34.500     8.7269     8.5333    -0.1938    0.90972    0.90630          1     6.9494     6.5069       6.09     0.0255  4.924e-11  1.000e-12  2.031e+00     7.5956     7.6063     0.0107     5.7588     5.7846     34.183     34.944      0.604    1452.15    1451.38  0.000e+00
       3387     35.000     8.4921     8.2065    -0.2851    0.90451    0.89924          1     6.9251     6.4690       5.57     0.0250  4.924e-11  1.000e-12  2.031e+00     7.5990     7.6127     0.0137     5.7825     5.8179     34.678     35.450      0.541    1451.22    1450.08  0.000e+00
       3458     35.500     7.9532     7.6434    -0.3102    0.89299    0.88751          1     6.8413     6.4427       4.89     0.0252  4.924e-11  1.000e-12  2.031e+00     7.6103     7.6273     0.0170     5.8369     5.8749     35.174     35.956      0.311    1449.05    1447.80  0.000e+00
       3504     36.000     7.4409     7.3007    -0.1400    0.88229    0.88031          1     6.7658     6.3886       4.43     0.0235  4.924e-11  1.000e-12  2.031e+00     7.6233     7.6357     0.0124     5.8871     5.9072     35.669     36.463      0.477    1446.97    1446.40  0.000e+00
       3533     36.500     7.3168     7.2576    -0.0595    0.88000    0.87945          1     6.7712     6.3737       3.84     0.0238  4.924e-11  1.000e-12  2.031e+00     7.6291     7.6370     0.0079     5.9009     5.9114     36.165     36.969      0.331    1446.47    1446.23  0.000e+00
       3599     37.000     7.3083     7.2501    -0.0582    0.88050    0.87979          1     6.7520     6.3584       3.29     0.0226  4.924e-11  1.000e-12  2.031e+00     7.6357     7.6418     0.0061     5.9067     5.9157     36.660     37.475      0.275    1446.45    1446.21  0.000e+00
       3634     37.500     7.2563     7.2420    -0.0143    0.87965    0.87986          1     6.7546     6.3545       2.82     0.0220  4.924e-11  1.000e-12  2.031e+00     7.6391     7.6442     0.0051     5.9132     5.9182     37.155     37.981      0.422    1446.24    1446.19  0.000e+00
       3677     38.000     7.2450     7.2356    -0.0094    0.87970    0.87995          1     6.7545     6.3498       2.26     0.0220  4.924e-11  1.000e-12  2.031e+00     7.6420     7.6464     0.0044     5.9162     5.9204     37.651     38.488      0.305    1446.21    1446.17  0.000e+00
       3865     38.500     7.2303     7.2251    -0.0052    0.88019    0.88027          1     6.7499     6.3224       1.72     0.0220  4.924e-11  1.000e-12  2.031e+00     7.6497     7.6516     0.0019     5.9233     5.9252     38.146     38.994      0.323    1446.16    1446.14  0.000e+00
       4024     39.000     7.2038     7.2017    -0.0020    0.87976    0.87987          1     6.7355     6.3098       1.05     0.0226  4.924e-11  1.000e-12  2.031e+00     7.6515     7.6530     0.0015     5.9266     5.9280     38.641     39.500     -0.070    1446.06    1446.06  0.000e+00
