ctdpy/tests/etc/all_smhi_bas_2018/SBE09_0827_20180829_0431_26_01_0929.cnv
* Sea-Bird SBE 9 Data File:
* FileName = D:\CTD_SBE911\DAT\26DA.2018.8.129.hex
* Software Version Seasave V 7.21d
* Temperature SN = 034605
* Conductivity SN = 041844
* Number of Bytes Per Scan = 48
* Number of Voltage Words = 5
* Number of Scans Averaged by the Deck Unit = 1
* NMEA Latitude = 56 32.74 N
* NMEA Longitude = 012 32.10 E
* NMEA UTC (Time) = Aug 29 2018  04:33:36
* NMEA baud rate = 4800
** Ship: DANA
** Average sound velocity: 1503.25 m/s
** True-depth calculation Thu, 28 Mar 2019 09:54:56 +0000
** CTD Python Module SMHI /ver 3-12/ feb 2012 
** LIMS Job: 20182601-0929
**  YTTRE LAHOLMSBUKTEN
** Operator: Christian
** Cruise: 08/2018
# nquan = 26
# nvalues = 43                          
# units = specified
# name 0 = scan: Scan Count
# name 1 = prDM: Pressure, Digiquartz [db]
# name 2 = t090C: Temperature [ITS-90, deg C]
# name 3 = t190C: Temperature, 2 [ITS-90, deg C]
# name 4 = T2-T190C: Temperature Difference, 2 - 1 [ITS-90, deg C]
# name 5 = c0S/m: Conductivity [S/m]
# name 6 = c1S/m: Conductivity, 2 [S/m]
# name 7 = pumps: Pump Status
# name 8 = sbeox1ML/L: Oxygen, SBE 43, 2 [ml/l]
# name 9 = sbeox0ML/L: Oxygen, SBE 43 [ml/l]
# name 10 = altM: Altimeter [m]
# name 11 = chloroflTC0: Chlorophyll, Turner Cyclops [ug/l]
# name 12 = cpar: CPAR/Corrected Irradiance [%]
# name 13 = par: PAR/Irradiance, Biospherical/Lico [µE/(cm^2*s)]
# name 14 = spar: SPAR, Biospherical/Licor
# name 15 = sal00: Salinity, Practical [PSU]
# name 16 = sal11: Salinity, Practical, 2 [PSU]
# name 17 = secS-priS: Salinity, Practical, Difference, 2 - 1 [PSU]
# name 18 = sigma-t00: Density [sigma-t, kg/m^3 ]
# name 19 = sigma-t11: Density, 2 [sigma-t, kg/m^3 ]
# name 20 = depSM: Depth [salt water, m], lat = 56.5457
# name 21 = depFM: Depth [true depth, m], lat = 56.5457
# name 22 = dz/dtM: Descent Rate [m/s], WS = 2
# name 23 = svCM: Sound Velocity [Chen-Millero, m/s]
# name 24 = svCM1: Sound Velocity, 2 [Chen-Millero, m/s]
# name 25 = flag: flag
# span 0 =        297,       4747       
# span 1 =      1.500,     22.500       
# span 2 =    11.3315,    18.5785       
# span 3 =    11.6154,    18.3947       
# span 4 =    -0.2210,     1.1278       
# span 5 =   3.039623,   3.992507       
# span 6 =   3.041161,   3.988678       
# span 7 =          1,          1       
# span 8 =     4.8214,     5.9866       
# span 9 =     4.4485,     5.7345       
# span 10 =       1.02,       9.98      
# span 11 =     0.0379,     0.0504      
# span 12 = 2.6825e-12, 7.3387e+00      
# span 13 = 1.0000e-12, 2.3846e+00      
# span 14 = 3.2493e+01, 3.7225e+01      
# span 15 =    22.0578,    32.6177      
# span 16 =    22.0684,    32.5127      
# span 17 =    -3.3869,     0.0862      
# span 18 =    15.3527,    24.8646      
# span 19 =    15.3600,    24.7342      
# span 20 =      1.486,     22.293      
# span 21 =      1.505,     22.512      
# span 22 =     -0.358,      0.256      
# span 23 =    1492.06,    1509.43      
# span 24 =    1492.95,    1508.55      
# span 25 = 0.0000e+00, 0.0000e+00      
# interval = decibars: 0.5              
# start_time = Aug 29 2018 04:33:36 [NMEA time, first data scan]
# bad_flag = -9.990e-29
*END*
        297      1.500    18.2027    18.2190     0.0164    3.05594    3.06783          1     5.8248     5.7101       9.98     0.0400  7.339e+00  2.385e+00  3.249e+01    22.1668    22.2530     0.0862    15.4263    15.4882      1.486      1.505      0.137    1501.90    1502.05  0.000e+00
        368      2.000    18.2130    18.2147     0.0016    3.06172    3.06232          1     5.8684     5.7257       9.98     0.0399  6.765e+00  2.198e+00  3.249e+01    22.2073    22.2112     0.0039    15.4548    15.4574      1.982      2.006      0.170    1501.99    1502.00  0.000e+00
        440      2.500    18.2147    18.2167     0.0020    3.06247    3.06486          1     5.8766     5.7245       9.98     0.0402  5.934e+00  1.928e+00  3.249e+01    22.2123    22.2303     0.0180    15.4582    15.4714      2.477      2.508      0.169    1502.01    1502.03  0.000e+00
        508      3.000    18.2149    18.2150     0.0001    3.06208    3.06263          1     5.9205     5.7278       9.98     0.0397  5.236e+00  1.701e+00  3.249e+01    22.2089    22.2133     0.0044    15.4556    15.4589      2.973      3.009      0.188    1502.01    1502.01  0.000e+00
        568      3.500    18.1823    18.1810    -0.0013    3.04768    3.05081          1     5.9160     5.7082       9.97     0.0402  4.604e+00  1.496e+00  3.249e+01    22.1112    22.1369     0.0257    15.3886    15.4085      3.468      3.511      0.219    1501.81    1501.84  0.000e+00
        619      4.000    18.1615    18.1646     0.0032    3.03962    3.04116          1     5.9409     5.6881       9.97     0.0403  4.022e+00  1.307e+00  3.249e+01    22.0578    22.0684     0.0106    15.3527    15.3600      3.963      4.012      0.248    1501.70    1501.72  0.000e+00
        668      4.500    18.1743    18.1749     0.0006    3.04229    3.04300          1     5.9011     5.7023       9.97     0.0403  3.534e+00  1.148e+00  3.249e+01    22.0722    22.0775     0.0053    15.3607    15.3646      4.459      4.514      0.245    1501.76    1501.77  0.000e+00
        715      5.000    18.2002    18.1968    -0.0034    3.04847    3.04702          1     5.8786     5.6902       9.97     0.0394  3.137e+00  1.019e+00  3.249e+01    22.1076    22.0978    -0.0098    15.3818    15.3751      4.954      5.015      0.256    1501.89    1501.86  0.000e+00
        763      5.500    18.2286    18.2285    -0.0002    3.06363    3.06284          1     5.9142     5.7339       9.97     0.0394  2.755e+00  8.950e-01  3.249e+01    22.2133    22.2071    -0.0062    15.4558    15.4511      5.450      5.517      0.248    1502.10    1502.09  0.000e+00
        811      6.000    18.2481    18.2365    -0.0116    3.07976    3.07365          1     5.9833     5.7345       9.97     0.0393  2.411e+00  7.834e-01  3.249e+01    22.3316    22.2890    -0.0426    15.5414    15.5116      5.945      6.018      0.246    1502.30    1502.22  0.000e+00
        860      6.500    18.2585    18.2351    -0.0234    3.09294    3.07331          1     5.9640     5.7184       9.97     0.0400  2.085e+00  6.776e-01  3.249e+01    22.4312    22.2869    -0.1443    15.6149    15.5104      6.440      6.520      0.243    1502.45    1502.22  0.000e+00
        910      7.000    18.2614    18.2465    -0.0149    3.09499    3.08351          1     5.9492     5.7122       9.97     0.0396  1.813e+00  5.892e-01  3.249e+01    22.4459    22.3622    -0.0837    15.6254    15.5651      6.936      7.021      0.239    1502.48    1502.35  0.000e+00
        960      7.500    18.2664    18.2552    -0.0112    3.09712    3.09082          1     5.9200     5.7007       9.97     0.0395  1.582e+00  5.142e-01  3.249e+01    22.4601    22.4158    -0.0443    15.6351    15.6039      7.431      7.523      0.245    1502.52    1502.44  0.000e+00
       1009      8.000    18.2689    18.2608    -0.0080    3.09815    3.09459          1     5.8972     5.7006       9.97     0.0393  1.377e+00  4.475e-01  3.249e+01    22.4668    22.4428    -0.0240    15.6396    15.6232      7.927      8.024      0.241    1502.55    1502.50  0.000e+00
       1060      8.500    18.2713    18.2648    -0.0065    3.09901    3.09673          1     5.9226     5.7044       9.97     0.0398  1.195e+00  3.884e-01  3.249e+01    22.4722    22.4576    -0.0146    15.6432    15.6336      8.422      8.526      0.237    1502.57    1502.53  0.000e+00
       1109      9.000    18.2742    18.2681    -0.0060    3.09996    3.09821          1     5.9342     5.7083       9.97     0.0393  1.032e+00  3.352e-01  3.249e+01    22.4782    22.4675    -0.0107    15.6470    15.6403      8.917      9.027      0.244    1502.59    1502.56  0.000e+00
       1158      9.500    18.2779    18.2706    -0.0073    3.10100    3.09919          1     5.9738     5.7196       9.97     0.0395  8.825e-01  2.867e-01  3.249e+01    22.4843    22.4738    -0.0104    15.6509    15.6446      9.413      9.528      0.245    1502.62    1502.59  0.000e+00
       1208     10.000    18.3094    18.2752    -0.0343    3.11659    3.10046          1     5.9648     5.7203       9.97     0.0393  7.464e-01  2.425e-01  3.249e+01    22.5917    22.4814    -0.1102    15.7254    15.6493      9.908     10.030      0.235    1502.84    1502.62  0.000e+00
       1259     10.500    18.3350    18.2921    -0.0429    3.14038    3.10818          1     5.9563     5.6890       9.97     0.0387  6.210e-01  2.018e-01  3.249e+01    22.7677    22.5337    -0.2339    15.8535    15.6853     10.404     10.531      0.242    1503.13    1502.73  0.000e+00
       1308     11.000    18.3336    18.3093    -0.0243    3.14461    3.11914          1     5.9191     5.6893       9.97     0.0387  5.063e-01  1.645e-01  3.249e+01    22.8022    22.6118    -0.1904    15.8801    15.7408     10.899     11.032      0.242    1503.17    1502.88  0.000e+00
       1358     11.500    18.3305    18.3194    -0.0111    3.14573    3.13000          1     5.9774     5.6966       9.97     0.0391  4.013e-01  1.304e-01  3.249e+01    22.8127    22.6930    -0.1197    15.8888    15.8003     11.395     11.534      0.236    1503.18    1503.01  0.000e+00
       1409     12.000    18.3258    18.3229    -0.0029    3.14664    3.13514          1     5.9764     5.7015       9.97     0.0391  3.040e-01  9.889e-02  3.253e+01    22.8225    22.7321    -0.0904    15.8973    15.8292     11.890     12.035      0.236    1503.18    1503.07  0.000e+00
       1459     12.500    18.3244    18.3262     0.0018    3.14839    3.14200          1     5.9486     5.6838       9.97     0.0394  2.212e-01  7.205e-02  3.257e+01    22.8371    22.7850    -0.0521    15.9088    15.8687     12.385     12.536      0.242    1503.20    1503.15  0.000e+00
       1509     13.000    18.3320    18.3255    -0.0066    3.15429    3.14531          1     5.9488     5.6525       9.97     0.0394  1.484e-01  4.833e-02  3.258e+01    22.8800    22.8118    -0.0682    15.9397    15.8893     12.881     13.038      0.245    1503.28    1503.19  0.000e+00
       1558     13.500    18.3781    18.3257    -0.0525    3.16697    3.14785          1     5.9866     5.5863       9.85     0.0379  8.148e-02  2.696e-02  3.311e+01    22.9557    22.8318    -0.1238    15.9867    15.9045     13.376     13.539      0.244    1503.52    1503.22  0.000e+00
       1607     14.000    18.5242    18.3337    -0.1905    3.28717    3.15173          1     5.9517     5.2729       9.40     0.0390  2.229e-02  7.356e-03  3.322e+01    23.8353    22.8583    -0.9770    16.6224    15.9228     13.871     14.040      0.242    1504.95    1503.28  0.000e+00
       1656     14.500    18.3042    18.3677     0.0636    3.44717    3.16793          1     5.9261     4.8205       8.91     0.0398  4.399e-04  1.452e-04  3.387e+01    25.2568    22.9690    -2.2879    17.7564    15.9992     14.367     14.541      0.240    1505.90    1503.52  0.000e+00
       1709     15.000    18.1570    18.3947     0.2376    3.61616    3.23061          1     5.8461     5.1296       8.42     0.0395  3.647e-12  1.239e-12  3.428e+01    26.7254    23.4560    -3.2694    18.9102    16.3638     14.862     15.041      0.224    1507.13    1504.15  0.000e+00
       1762     15.500    18.5785    18.3566    -0.2210    3.76308    3.32813          1     5.6363     4.9303       7.93     0.0400  2.897e-12  1.000e-12  3.452e+01    27.6487    24.2618    -3.3869    19.5143    16.9862     15.358     15.540      0.223    1509.43    1504.96  0.000e+00
       1816     16.000    17.4007    18.3302     0.9287    3.80755    3.50994          1     5.4849     4.5526       7.43     0.0403  2.897e-12  1.000e-12  3.452e+01    28.8310    25.7488    -3.0821    20.6940    18.1252     15.853     16.040      0.223    1507.26    1506.56  0.000e+00
       1870     16.500    17.2889    18.0680     0.7785    3.92876    3.67799          1     5.2760     5.0749       6.93     0.0401  2.897e-12  1.000e-12  3.452e+01    29.9334    27.2926    -2.6408    21.5632    19.3637     16.348     16.538      0.226    1508.18    1507.53  0.000e+00
       1923     17.000    17.3574    17.6689     0.3119    3.98332    3.79633          1     5.0730     5.0883       6.45     0.0403  2.897e-12  1.000e-12  3.452e+01    30.3450    28.5461    -1.7989    21.8623    20.4142     16.844     17.037      0.224    1508.87    1507.76  0.000e+00
       1976     17.500    17.1231    17.3943     0.2714    3.99251    3.91716          1     5.0937     5.0145       5.97     0.0403  2.897e-12  1.000e-12  3.452e+01    30.5995    29.7574    -0.8421    22.1115    21.4042     17.339     17.535      0.225    1508.46    1508.32  0.000e+00
       2030     18.000    16.7029    17.2471     0.5442    3.99098    3.97301          1     5.2087     4.9561       5.48     0.0402  2.897e-12  1.000e-12  3.452e+01    30.9073    30.3398    -0.5675    22.4439    21.8840     17.835     18.033      0.225    1507.54    1508.55  0.000e+00
       2082     18.500    16.2887    16.9443     0.6556    3.98049    3.98819          1     5.2102     4.9286       4.99     0.0403  2.897e-12  1.000e-12  3.452e+01    31.1373    30.6982    -0.4390    22.7140    22.2284     18.330     18.531      0.230    1506.54    1508.04  0.000e+00
       2134     19.000    15.9471    16.5844     0.6373    3.96368    3.98868          1     5.1879     4.9225       4.50     0.0403  2.897e-12  1.000e-12  3.452e+01    31.2580    30.9786    -0.2793    22.8830    22.5255     18.825     19.029      0.236    1505.62    1507.27  0.000e+00
       2184     19.500    15.5568    16.2071     0.6503    3.94289    3.97920          1     5.1675     4.9338       4.00     0.0402  2.897e-12  1.000e-12  3.452e+01    31.3835    31.1895    -0.1940    23.0654    22.7725     19.321     19.527      0.236    1504.55    1506.36  0.000e+00
       2235     20.000    15.2046    15.8538     0.6493    3.93949    3.96458          1     5.1542     4.8823       3.51     0.0401  2.897e-12  1.000e-12  3.452e+01    31.6353    31.3393    -0.2961    23.3354    22.9661     19.816     20.025      0.240    1503.74    1505.44  0.000e+00
       2285     20.500    14.5103    15.4629     0.9524    3.89947    3.95207          1     5.1242     4.8918       3.02     0.0406  2.897e-12  1.000e-12  3.452e+01    31.8392    31.5396    -0.2995    23.6398    23.2059     20.312     20.522      0.243    1501.76    1504.46  0.000e+00
       2334     21.000    13.8523    14.9801     1.1278    3.85236    3.93230          1     5.1108     4.8938       2.54     0.0413  2.897e-12  1.000e-12  3.452e+01    31.9510    31.7522    -0.1988    23.8620    23.4736     20.807     21.020      0.242    1499.76    1503.18  0.000e+00
       2384     21.500    13.3485    14.3720     1.0239    3.81819    3.89940          1     5.0810     4.8639       2.05     0.0414  2.897e-12  1.000e-12  3.452e+01    32.0548    31.9521    -0.1027    24.0435    23.7558     21.302     21.517      0.234    1498.22    1501.46  0.000e+00
       2435     22.000    12.9228    13.7316     0.8083    3.79354    3.85808          1     5.0094     4.9459       1.56     0.0415  2.897e-12  1.000e-12  3.452e+01    32.1830    32.1041    -0.0789    24.2266    24.0050     21.798     22.015      0.219    1496.96    1499.56  0.000e+00
       4747     22.500    11.3315    11.6154     0.2858    3.69563    3.71040          1     4.8214     4.4485       1.02     0.0504  2.682e-12  1.000e-12  3.723e+01    32.6177    32.5127    -0.1050    24.8646    24.7342     22.293     22.512     -0.358    1492.06    1492.95  0.000e+00
