ctdpy/tests/etc/all_smhi_bas_2018/SBE09_1044_20181020_1046_34_01_0115.cnv
* Sea-Bird SBE 9 Data File:
* FileName = C:\ctd\temp\ar18d115.hex
* Software Version Seasave V 7.26.7.107
* Temperature SN = 5351
* Conductivity SN = 3941
* Number of Bytes Per Scan = 41
* Number of Voltage Words = 4
* Number of Scans Averaged by the Deck Unit = 1
* NMEA Latitude = 58 01.01 N
* NMEA Longitude = 017 59.07 E
* NMEA UTC (Time) = Oct 20 2018  10:45:52
* NMEA baud rate = 4800
** Station:  BY32
** Operator:  ASkj
** Ship: ARANDA
** Average sound velocity: 1444.44 m/s
** True-depth calculation Sat, 20 Oct 2018 11:35:03 +0000
** CTD Python Module SMHI /ver 3-12/ feb 2012 
** LIMS Job: 20183401-0115
** Cruise: SMHI-4-2018
** Latitude [GG MM.mm N]:
** Longitude [GG MM.mm E]
# nquan = 26
# nvalues = 391                         
# units = specified
# name 0 = scan: Scan Count
# name 1 = prDM: Pressure, Digiquartz [db]
# name 2 = t090C: Temperature [ITS-90, deg C]
# name 3 = t190C: Temperature, 2 [ITS-90, deg C]
# name 4 = T2-T190C: Temperature Difference, 2 - 1 [ITS-90, deg C]
# name 5 = c0S/m: Conductivity [S/m]
# name 6 = c1S/m: Conductivity, 2 [S/m]
# name 7 = pumps: Pump Status
# name 8 = sbeox0ML/L: Oxygen, SBE 43 [ml/l]
# name 9 = sbeox1ML/L: Oxygen, SBE 43, 2 [ml/l]
# name 10 = altM: Altimeter [m]
# name 11 = flECO-AFL: Chl-a Fluorescence, WET Labs ECO-AFL/FL [mg/m^3]
# name 12 = flECO-AFL1: Phycocyanin Fluorescence, WET Labs ECO-AFL/FL, 2 [mg/m^3]
# name 13 = par: PAR/Irradiance, Biospherical/Lico [µE/(cm^2*s)]
# name 14 = turbWETntu0: Turbidity, WET Labs ECO [NTU]
# name 15 = sal00: Salinity, Practical [PSU]
# name 16 = sal11: Salinity, Practical, 2 [PSU]
# name 17 = secS-priS: Salinity, Practical, Difference, 2 - 1 [PSU]
# name 18 = sigma-t00: Density [sigma-t, Kg/m^3 ]
# name 19 = sigma-t11: Density, 2 [sigma-t, Kg/m^3 ]
# name 20 = depSM: Depth [salt water, m], lat = 58.0168
# name 21 = depFM: Depth [true depth, m], lat = 58.0168
# name 22 = dz/dtM: Descent Rate [m/s], WS = 2
# name 23 = svCM: Sound Velocity [Chen-Millero, m/s]
# name 24 = svCM1: Sound Velocity, 2 [Chen-Millero, m/s]
# name 25 = flag: flag
# span 0 =      10895,      20988       
# span 1 =      1.000,    196.000       
# span 2 =     3.6468,     9.4923       
# span 3 =     3.6492,     9.4841       
# span 4 =    -0.0174,     0.0588       
# span 5 =   0.769049,   1.198626       
# span 6 =   0.769060,   1.198611       
# span 7 =          1,          1       
# span 8 =    0.01813,    7.64792       
# span 9 =    0.05080,    7.34582       
# span 10 =       5.26,      98.93      
# span 11 =     0.2297,     1.2366      
# span 12 =     0.1492,     0.4132      
# span 13 = -6.117e-09, 7.3778e+02      
# span 14 =     0.1296,     1.6373      
# span 15 =     6.9614,    11.0271      
# span 16 =     6.9612,    11.0265      
# span 17 =    -0.0050,     0.0001      
# span 18 =     5.1939,     8.6607      
# span 19 =     5.1942,     8.6601      
# span 20 =      0.991,    194.091      
# span 21 =      1.013,    198.104      
# span 22 =     -0.053,      0.576      
# span 23 =    1430.31,    1453.92      
# span 24 =    1430.32,    1453.88      
# span 25 = 0.0000e+00, 0.0000e+00      
# interval = decibars: 0.5              
# start_time = Oct 20 2018 10:45:52 [NMEA time, first data scan]
# bad_flag = -9.990e-29
*END*
[from data line 279]
      17383    140.500     5.9691     5.9706     0.0015    1.18608    1.18606          1     0.0284     0.0663      62.73     0.3526     0.2469  1.000e-12  0.2114000    10.9287    10.9281    -0.0006     8.5865     8.5859    139.150    142.059      0.540    1446.59    1446.60  0.000e+00
      17405    141.000     5.9700     5.9715     0.0014    1.18631    1.18630          1     0.0295     0.0654      62.38     0.3606     0.2421  1.000e-12  0.2112000    10.9307    10.9301    -0.0006     8.5880     8.5874    139.645    142.564      0.544    1446.61    1446.61  0.000e+00
      17427    141.500     5.9715     5.9729     0.0014    1.18658    1.18657          1     0.0284     0.0640      61.86     0.3586     0.2236  1.000e-12  0.2165000    10.9328    10.9322    -0.0006     8.5895     8.5890    140.141    143.069      0.525    1446.63    1446.63  0.000e+00
      17451    142.000     5.9734     5.9750     0.0015    1.18694    1.18693          1     0.0270     0.0648      61.34     0.3486     0.2463  1.000e-12  0.2112000    10.9357    10.9351    -0.0006     8.5917     8.5911    140.636    143.574      0.520    1446.65    1446.65  0.000e+00
      17473    142.500     5.9752     5.9767     0.0016    1.18727    1.18725          1     0.0303     0.0649      60.84     0.3363     0.2478  1.000e-12  0.1982000    10.9383    10.9376    -0.0006     8.5936     8.5930    141.131    144.079      0.542    1446.66    1446.67  0.000e+00
      17495    143.000     5.9775     5.9789     0.0014    1.18772    1.18770          1     0.0293     0.0658      60.33     0.3517     0.1970  1.000e-12  0.1901000    10.9420    10.9413    -0.0006     8.5964     8.5958    141.626    144.583      0.553    1446.69    1446.69  0.000e+00
      17517    143.500     5.9786     5.9801     0.0015    1.18797    1.18795          1     0.0271     0.0654      59.80     0.3553     0.2414  1.000e-12  0.1901000    10.9440    10.9433    -0.0007     8.5979     8.5973    142.121    145.088      0.548    1446.70    1446.71  0.000e+00
      17539    144.000     5.9785     5.9800     0.0015    1.18802    1.18800          1     0.0252     0.0635      59.27     0.3574     0.3067  1.000e-12  0.1988000    10.9444    10.9438    -0.0007     8.5982     8.5976    142.616    145.593      0.549    1446.71    1446.72  0.000e+00
      17561    144.500     5.9784     5.9799     0.0015    1.18803    1.18802          1     0.0282     0.0641      58.75     0.3686     0.3037  1.000e-12  0.2075000    10.9445    10.9439    -0.0006     8.5983     8.5978    143.111    146.098      0.547    1446.72    1446.72  0.000e+00
      17583    145.000     5.9782     5.9798     0.0016    1.18804    1.18803          1     0.0300     0.0650      58.24     0.3486     0.2901  1.000e-12  0.1917000    10.9445    10.9439    -0.0006     8.5984     8.5978    143.606    146.603      0.534    1446.73    1446.73  0.000e+00
      17606    145.500     5.9779     5.9796     0.0017    1.18805    1.18803          1     0.0282     0.0630      57.74     0.3351     0.2105  1.000e-12  0.1859000    10.9446    10.9439    -0.0007     8.5985     8.5978    144.101    147.108      0.529    1446.73    1446.74  0.000e+00
      17628    146.000     5.9775     5.9789     0.0014    1.18805    1.18804          1     0.0272     0.0625      57.21     0.3586     0.2071  1.000e-12  0.1983000    10.9447    10.9441    -0.0005     8.5985     8.5980    144.596    147.613      0.537    1446.74    1446.74  0.000e+00
      17650    146.500     5.9769     5.9785     0.0016    1.18817    1.18815          1     0.0293     0.0619      56.70     0.3497     0.2071  1.000e-12  0.1877000    10.9460    10.9452    -0.0008     8.5996     8.5989    145.091    148.118      0.539    1446.75    1446.75  0.000e+00
      17673    147.000     5.9767     5.9782     0.0015    1.18829    1.18826          1     0.0258     0.0635      56.28     0.3390     0.2065  1.000e-12  0.1776000    10.9472    10.9464    -0.0008     8.6005     8.5998    145.586    148.623      0.533    1446.75    1446.76  0.000e+00
      17695    147.500     5.9768     5.9782     0.0015    1.18832    1.18832          1     0.0284     0.0638      55.75     0.3540     0.2177  1.000e-12  0.1917000    10.9474    10.9469    -0.0005     8.6007     8.6002    146.081    149.128      0.529    1446.76    1446.77  0.000e+00
      17718    148.000     5.9770     5.9786     0.0015    1.18840    1.18841          1     0.0265     0.0629      55.22     0.3728     0.2451  1.000e-12  0.1949000    10.9480    10.9475    -0.0005     8.6012     8.6007    146.576    149.633      0.541    1446.77    1446.78  0.000e+00
      17740    148.500     5.9785     5.9800     0.0014    1.18874    1.18872          1     0.0255     0.0633      54.68     0.3696     0.2312  1.000e-12  0.1781000    10.9508    10.9501    -0.0007     8.6033     8.6026    147.071    150.138      0.551    1446.79    1446.80  0.000e+00
      17762    149.000     5.9799     5.9815     0.0015    1.18902    1.18901          1     0.0263     0.0616      54.14     0.3602     0.2714  1.000e-12  0.2159000    10.9530    10.9524    -0.0006     8.6049     8.6043    147.566    150.643      0.546    1446.81    1446.81  0.000e+00
      17784    149.500     5.9806     5.9821     0.0014    1.18915    1.18914          1     0.0263     0.0623      53.61     0.3496     0.2664  1.000e-12  0.1923000    10.9539    10.9534    -0.0006     8.6056     8.6050    148.061    151.148      0.548    1446.82    1446.83  0.000e+00
      17805    150.000     5.9811     5.9826     0.0015    1.18923    1.18922          1     0.0269     0.0619      53.10     0.3397     0.2703  1.000e-12  0.1881000    10.9545    10.9539    -0.0005     8.6060     8.6055    148.556    151.652      0.558    1446.83    1446.84  0.000e+00
      17827    150.500     5.9820     5.9834     0.0015    1.18941    1.18939          1     0.0251     0.0617      52.61     0.3365     0.2429  1.000e-12  0.1861000    10.9559    10.9553    -0.0007     8.6071     8.6065    149.051    152.157      0.551    1446.84    1446.85  0.000e+00
      17849    151.000     5.9831     5.9845     0.0015    1.18963    1.18961          1     0.0270     0.0620      66.16     0.3340     0.1956  1.000e-12  0.1815000    10.9577    10.9570    -0.0007     8.6084     8.6078    149.546    152.662      0.539    1446.86    1446.86  0.000e+00
      17871    151.500     5.9837     5.9852     0.0015    1.18977    1.18976          1     0.0273     0.0612      95.22     0.3424     0.2889  1.000e-12  0.1835000    10.9588    10.9582    -0.0006     8.6092     8.6087    150.041    153.167      0.531    1446.87    1446.88  0.000e+00
      17894    152.000     5.9844     5.9860     0.0015    1.18993    1.18992          1     0.0270     0.0619      50.46     0.3431     0.2236  1.000e-12  0.1915000    10.9601    10.9595    -0.0006     8.6102     8.6096    150.536    153.672      0.522    1446.88    1446.89  0.000e+00
      17917    152.500     5.9854     5.9869     0.0014    1.19015    1.19013          1     0.0272     0.0632      50.54     0.3431     0.1843  1.000e-12  0.2037000    10.9618    10.9612    -0.0006     8.6115     8.6109    151.031    154.177      0.526    1446.90    1446.90  0.000e+00
      17940    153.000     5.9874     5.9889     0.0014    1.19060    1.19057          1     0.0266     0.0622      50.05     0.3738     0.2372  1.000e-12  0.1974000    10.9655    10.9648    -0.0007     8.6143     8.6137    151.526    154.682      0.538    1446.92    1446.92  0.000e+00
      17962    153.500     5.9893     5.9908     0.0014    1.19099    1.19096          1     0.0258     0.0615      49.51     0.3605     0.2199  1.000e-12  0.1805000    10.9688    10.9680    -0.0007     8.6167     8.6161    152.021    155.187      0.544    1446.94    1446.94  0.000e+00
      17984    154.000     5.9900     5.9915     0.0015    1.19114    1.19114          1     0.0263     0.0618      48.99     0.3291     0.2035  1.000e-12  0.1857000    10.9699    10.9694    -0.0005     8.6176     8.6171    152.516    155.692      0.546    1446.95    1446.96  0.000e+00
      18006    154.500     5.9905     5.9920     0.0015    1.19126    1.19125          1     0.0249     0.0619      48.29     0.3590     0.2613  1.000e-12  0.1853000    10.9709    10.9703    -0.0005     8.6183     8.6178    153.011    156.197      0.538    1446.96    1446.97  0.000e+00
      18028    155.000     5.9915     5.9929     0.0015    1.19147    1.19147          1     0.0279     0.0614      47.60     0.3508     0.2475  1.000e-12  0.1781000    10.9726    10.9721    -0.0005     8.6196     8.6191    153.506    156.702      0.544    1446.98    1446.98  0.000e+00
      18050    155.500     5.9922     5.9937     0.0015    1.19164    1.19163          1     0.0260     0.0619      47.31     0.3352     0.2081  1.000e-12  0.1783000    10.9740    10.9733    -0.0006     8.6206     8.6201    154.001    157.207      0.565    1446.99    1447.00  0.000e+00
      18071    156.000     5.9939     5.9954     0.0014    1.19198    1.19197          1     0.0242     0.0604      46.91     0.3388     0.2064  1.000e-12  0.1855000    10.9767    10.9762    -0.0005     8.6227     8.6222    154.496    157.711      0.567    1447.01    1447.01  0.000e+00
      18092    156.500     5.9952     5.9967     0.0015    1.19228    1.19227          1     0.0251     0.0607      46.49     0.3496     0.1992  1.000e-12  0.1794000    10.9792    10.9786    -0.0006     8.6245     8.6240    154.991    158.216      0.548    1447.02    1447.03  0.000e+00
      18115    157.000     5.9965     5.9980     0.0015    1.19263    1.19262          1     0.0257     0.0598      45.88     0.3485     0.2058  1.000e-12  0.1859000    10.9821    10.9815    -0.0006     8.6268     8.6262    155.486    158.721      0.529    1447.04    1447.05  0.000e+00
      18138    157.500     5.9967     5.9983     0.0015    1.19269    1.19267          1     0.0262     0.0611      45.33     0.3153     0.2203  1.000e-12  0.1697000    10.9825    10.9819    -0.0006     8.6271     8.6265    155.981    159.226      0.524    1447.05    1447.06  0.000e+00
      18161    158.000     5.9969     5.9985     0.0015    1.19272    1.19272          1     0.0265     0.0618      44.92     0.3512     0.1764  1.000e-12  0.1684000    10.9827    10.9822    -0.0006     8.6273     8.6267    156.476    159.731      0.521    1447.06    1447.07  0.000e+00
      18184    158.500     5.9970     5.9985     0.0015    1.19275    1.19273          1     0.0251     0.0604      44.39     0.3581     0.1625  1.000e-12  0.1889000    10.9829    10.9822    -0.0007     8.6273     8.6267    156.971    160.236      0.534    1447.07    1447.08  0.000e+00
      18206    159.000     5.9970     5.9986     0.0016    1.19275    1.19274          1     0.0259     0.0603      43.81     0.3468     0.2379  1.000e-12  0.1913000    10.9828    10.9822    -0.0006     8.6273     8.6267    157.466    160.741      0.548    1447.08    1447.08  0.000e+00
      18228    159.500     5.9978     5.9993     0.0015    1.19292    1.19291          1     0.0252     0.0610      43.31     0.3416     0.2293  1.000e-12  0.1886000    10.9842    10.9835    -0.0006     8.6283     8.6277    157.961    161.246      0.535    1447.09    1447.10  0.000e+00
      18251    160.000     5.9984     5.9999     0.0015    1.19307    1.19306          1     0.0257     0.0596      42.82     0.3567     0.2852  1.000e-12  0.1956000    10.9854    10.9848    -0.0006     8.6292     8.6287    158.456    161.751      0.522    1447.10    1447.11  0.000e+00
      18273    160.500     5.9991     6.0004     0.0014    1.19320    1.19318          1     0.0241     0.0590      42.24     0.3702     0.2844  1.000e-12  0.2017000    10.9863    10.9857    -0.0006     8.6299     8.6294    158.951    162.256      0.538    1447.11    1447.12  0.000e+00
      18295    161.000     5.9998     6.0012     0.0015    1.19337    1.19336          1     0.0256     0.0577      41.71     0.3521     0.2139  1.000e-12  0.1929000    10.9878    10.9871    -0.0006     8.6310     8.6304    159.446    162.761      0.550    1447.13    1447.13  0.000e+00
      18317    161.500     6.0002     6.0017     0.0015    1.19347    1.19346          1     0.0261     0.0581      41.24     0.3360     0.2322  1.000e-12  0.1879000    10.9885    10.9879    -0.0006     8.6316     8.6310    159.941    163.266      0.537    1447.14    1447.14  0.000e+00
      18340    162.000     6.0009     6.0024     0.0015    1.19364    1.19363          1     0.0256     0.0604      40.70     0.3479     0.2470  1.000e-12  0.1804000    10.9899    10.9893    -0.0006     8.6326     8.6320    160.436    163.770      0.524    1447.15    1447.16  0.000e+00
      18363    162.500     6.0014     6.0028     0.0014    1.19374    1.19372          1     0.0251     0.0590      40.16     0.3595     0.2449  1.000e-12  0.1808000    10.9906    10.9900    -0.0006     8.6331     8.6326    160.931    164.275      0.524    1447.16    1447.17  0.000e+00
      18386    163.000     6.0015     6.0031     0.0015    1.19378    1.19378          1     0.0258     0.0569      39.64     0.3664     0.2447  1.000e-12  0.1723000    10.9908    10.9904    -0.0005     8.6333     8.6328    161.426    164.780      0.525    1447.17    1447.18  0.000e+00
      18409    163.500     6.0020     6.0035     0.0014    1.19389    1.19386          1     0.0261     0.0595      39.18     0.3644     0.1770  1.000e-12  0.1788000    10.9917    10.9909    -0.0008     8.6340     8.6333    161.921    165.285      0.523    1447.18    1447.19  0.000e+00
      18432    164.000     6.0031     6.0047     0.0016    1.19415    1.19414          1     0.0248     0.0589      38.63     0.3502     0.1690  1.000e-12  0.1835000    10.9938    10.9933    -0.0006     8.6356     8.6350    162.415    165.790      0.521    1447.20    1447.20  0.000e+00
      18455    164.500     6.0057     6.0071     0.0014    1.19468    1.19468          1     0.0253     0.0603      38.11     0.3374     0.2186  1.000e-12  0.1767000    10.9982    10.9977    -0.0005     8.6389     8.6384    162.910    166.295      0.519    1447.22    1447.23  0.000e+00
      18478    165.000     6.0063     6.0077     0.0014    1.19481    1.19480          1     0.0237     0.0581      37.64     0.3500     0.2409  1.000e-12  0.1857000    10.9993    10.9987    -0.0006     8.6396     8.6391    163.405    166.800      0.518    1447.23    1447.24  0.000e+00
      18501    165.500     6.0066     6.0081     0.0015    1.19488    1.19486          1     0.0242     0.0578      37.10     0.3596     0.2126  1.000e-12  0.1866000    10.9997    10.9991    -0.0006     8.6400     8.6394    163.900    167.305      0.531    1447.24    1447.25  0.000e+00
      18523    166.000     6.0068     6.0083     0.0015    1.19492    1.19491          1     0.0254     0.0595      36.56     0.3482     0.2905  1.000e-12  0.1877000    10.9999    10.9993    -0.0006     8.6401     8.6396    164.395    167.810      0.543    1447.25    1447.26  0.000e+00
      18545    166.500     6.0069     6.0084     0.0015    1.19495    1.19494          1     0.0250     0.0581      36.06     0.3392     0.1790  1.000e-12  0.1803000    11.0001    10.9995    -0.0006     8.6403     8.6397    164.890    168.315      0.534    1447.26    1447.27  0.000e+00
      18568    167.000     6.0071     6.0085     0.0015    1.19498    1.19497          1     0.0237     0.0572      35.54     0.3474     0.2210  1.000e-12  0.1849000    11.0003    10.9997    -0.0006     8.6404     8.6398    165.385    168.819      0.533    1447.27    1447.28  0.000e+00
      18590    167.500     6.0072     6.0087     0.0015    1.19502    1.19501          1     0.0248     0.0580      35.00     0.3486     0.2317  1.000e-12  0.1894000    11.0006    11.0000    -0.0006     8.6406     8.6401    165.880    169.324      0.544    1447.28    1447.29  0.000e+00
