ctdpy/tests/etc/all_smhi_bas_2018/SBE09_1044_20181018_0455_34_01_0106.cnv
* Sea-Bird SBE 9 Data File:
* FileName = C:\LUOTAUS\DATA_IN\hex_in\SMHI\ar18d106.hex
* Software Version Seasave V 7.23.2
* Temperature SN = 5351
* Conductivity SN = 3941
* Number of Bytes Per Scan = 30
* Number of Voltage Words = 4
* Number of Scans Averaged by the Deck Unit = 1
* NMEA baud rate = 4800
** Station:  Å15
** Operator:  DBSj
** Ship: ARANDA
** Average sound velocity: 1495.63 m/s
** True-depth calculation Thu, 18 Oct 2018 05:42:19 +0000
** CTD Python Module SMHI /ver 3-12/ feb 2012 
** LIMS Job: 20183401-0106
** Cruise: SMHI-4-2018
** Latitude [GG MM.mm N]: 58 17.663 N
** Longitude [GG MM.mm E] 10 50.717 E
# nquan = 26
# nvalues = 263                         
# units = specified
# name 0 = scan: Scan Count
# name 1 = prDM: Pressure, Digiquartz [db]
# name 2 = t090C: Temperature [ITS-90, deg C]
# name 3 = t190C: Temperature, 2 [ITS-90, deg C]
# name 4 = T2-T190C: Temperature Difference, 2 - 1 [ITS-90, deg C]
# name 5 = c0S/m: Conductivity [S/m]
# name 6 = c1S/m: Conductivity, 2 [S/m]
# name 7 = pumps: Pump Status
# name 8 = sbeox0ML/L: Oxygen, SBE 43 [ml/l]
# name 9 = sbeox1ML/L: Oxygen, SBE 43, 2 [ml/l]
# name 10 = altM: Altimeter [m]
# name 11 = flECO-AFL: Chl-a Fluorescence, WET Labs ECO-AFL/FL [mg/m^3]
# name 12 = flECO-AFL1: Phycocyanin Fluorescence, WET Labs ECO-AFL/FL, 2 [mg/m^3]
# name 13 = par: PAR/Irradiance, Biospherical/Lico [µE/(cm^2*s)]
# name 14 = turbWETntu0: Turbidity, WET Labs ECO [NTU]
# name 15 = sal00: Salinity, Practical [PSU]
# name 16 = sal11: Salinity, Practical, 2 [PSU]
# name 17 = secS-priS: Salinity, Practical, Difference, 2 - 1 [PSU]
# name 18 = sigma-t00: Density [sigma-t, Kg/m^3 ]
# name 19 = sigma-t11: Density, 2 [sigma-t, Kg/m^3 ]
# name 20 = depSM: Depth [salt water, m], lat = 0
# name 21 = depFM: Depth [true depth, m], lat = 0
# name 22 = dz/dtM: Descent Rate [m/s], WS = 2
# name 23 = svCM: Sound Velocity [Chen-Millero, m/s]
# name 24 = svCM1: Sound Velocity, 2 [Chen-Millero, m/s]
# name 25 = flag: flag
# span 0 =      15686,      21648       
# span 1 =      2.000,    133.000       
# span 2 =     7.6148,    13.0381       
# span 3 =     7.6157,    13.0389       
# span 4 =    -0.0054,     0.0130       
# span 5 =   3.597030,   4.016206       
# span 6 =   3.597131,   4.016271       
# span 7 =          1,          1       
# span 8 =    4.89830,    5.81796       
# span 9 =    4.66127,    5.47578       
# span 10 =       3.52,      99.85      
# span 11 =     0.0699,     1.4930      
# span 12 =     0.1281,     0.3664      
# span 13 = -1.985e-04, 9.8506e-02      
# span 14 =     0.1876,     0.8797      
# span 15 =    33.1208,    35.0616      
# span 16 =    33.1208,    35.0610      
# span 17 =    -0.0045,     0.0220      
# span 18 =    24.9303,    27.3794      
# span 19 =    24.9302,    27.3789      
# span 20 =      1.989,    132.227      
# span 21 =      1.988,    132.044      
# span 22 =     -0.032,      0.852      
# span 23 =    1483.24,    1500.33      
# span 24 =    1483.25,    1500.33      
# span 25 = 0.0000e+00, 0.0000e+00      
# interval = decibars: 0.5              
# start_time = Oct 18 2018 04:55:22 [System UTC, header]
# bad_flag = -9.990e-29
*END*
[from data line 223]
      20726    113.500     8.8530     8.8551     0.0022    3.70539    3.70556          1     4.9229     4.6788      22.97     0.1224     0.1834  1.000e-12  0.6352000    34.9933    34.9930    -0.0003    27.1365    27.1359    112.845    112.710      0.453    1487.52    1487.52  0.000e+00
      20749    114.000     8.6779     8.6808     0.0029    3.68963    3.68986          1     4.9318     4.6828      22.76     0.1164     0.2324  1.000e-12  0.7106000    34.9999    34.9994    -0.0005    27.1694    27.1686    113.342    113.206      0.628    1486.88    1486.89  0.000e+00
      20766    114.500     8.6073     8.6105     0.0033    3.68375    3.68401          1     4.9368     4.6785      22.40     0.1059     0.2462  1.000e-12  0.7690000    35.0073    35.0068    -0.0005    27.1863    27.1854    113.839    113.702      0.723    1486.64    1486.65  0.000e+00
      20782    115.000     8.6013     8.6031     0.0018    3.68321    3.68335          1     4.9378     4.6807      21.93     0.0951     0.2362  1.000e-12  0.6573000    35.0073    35.0070    -0.0003    27.1873    27.1867    114.336    114.198      0.712    1486.63    1486.63  0.000e+00
      20800    115.500     8.5813     8.5843     0.0030    3.68146    3.68168          1     4.9385     4.6815      21.40     0.0954     0.2958  1.000e-12  0.6632000    35.0083    35.0078    -0.0005    27.1912    27.1903    114.833    114.694      0.592    1486.56    1486.57  0.000e+00
      20825    116.000     8.5564     8.5587     0.0023    3.67918    3.67933          1     4.9358     4.6771      20.69     0.1052     0.2268  1.000e-12  0.6795000    35.0086    35.0080    -0.0006    27.1953    27.1945    115.330    115.189      0.418    1486.48    1486.48  0.000e+00
      20856    116.500     8.4687     8.4725     0.0038    3.67128    3.67159          1     4.9185     4.6670      20.15     0.1154     0.1394  1.000e-12  0.6752000    35.0115    35.0111    -0.0005    27.2113    27.2103    115.827    115.685      0.446    1486.16    1486.18  0.000e+00
      20879    117.000     8.3959     8.3995     0.0036    3.66500    3.66532          1     4.9252     4.6715      19.79     0.1144     0.1975  1.000e-12  0.7272000    35.0170    35.0168    -0.0002    27.2268    27.2262    116.324    116.181      0.613    1485.90    1485.92  0.000e+00
      20897    117.500     8.3085     8.3122     0.0036    3.65734    3.65768          1     4.9177     4.6711      19.40     0.1091     0.2119  1.000e-12  0.7385000    35.0220    35.0220    -0.0000    27.2442    27.2437    116.821    116.677      0.711    1485.59    1485.61  0.000e+00
      20913    118.000     8.2619     8.2650     0.0031    3.65322    3.65353          1     4.9116     4.6753      18.94     0.0937     0.1780  1.000e-12  0.6916000    35.0243    35.0246     0.0003    27.2532    27.2530    117.318    117.173      0.723    1485.43    1485.44  0.000e+00
      20930    118.500     8.2207     8.2223     0.0016    3.64951    3.64967          1     4.9262     4.6865      18.43     0.0947     0.2077  1.000e-12  0.6880000    35.0256    35.0256     0.0000    27.2605    27.2603    117.815    117.668      0.644    1485.28    1485.29  0.000e+00
      20952    119.000     8.1419     8.1474     0.0055    3.64242    3.64284          1     4.9626     4.7027      17.93     0.0887     0.2005  1.000e-12  0.6482000    35.0282    35.0271    -0.0011    27.2746    27.2729    118.312    118.164      0.464    1485.00    1485.02  0.000e+00
      20987    119.500     8.1125     8.1156     0.0030    3.63996    3.64016          1     4.9870     4.7185      17.21     0.0960     0.1387  1.000e-12  0.5568000    35.0308    35.0299    -0.0009    27.2811    27.2799    118.809    118.660      0.314    1484.90    1484.91  0.000e+00
      21019    120.000     8.1063     8.1069     0.0006    3.63943    3.63946          1     4.9768     4.7106      16.75     0.1090     0.1943  1.000e-12  0.5292000    35.0310    35.0308    -0.0003    27.2822    27.2819    119.306    119.156      0.547    1484.89    1484.89  0.000e+00
      21037    120.500     8.0644     8.0654     0.0010    3.63576    3.63583          1     4.9709     4.7040      16.38     0.0824     0.2281  1.000e-12  0.5519000    35.0334    35.0331    -0.0003    27.2904    27.2900    119.803    119.651      0.728    1484.74    1484.74  0.000e+00
      21052    121.000     8.0329     8.0323    -0.0006    3.63306    3.63297          1     4.9645     4.7005      15.98     0.0869     0.2376  1.000e-12  0.5458000    35.0357    35.0353    -0.0003    27.2970    27.2968    120.300    120.147      0.776    1484.63    1484.63  0.000e+00
      21068    121.500     8.0066     8.0095     0.0029    3.63080    3.63102          1     4.9564     4.6983      15.51     0.0921     0.2501  1.000e-12  0.5390000    35.0376    35.0370    -0.0006    27.3024    27.3015    120.797    120.643      0.703    1484.55    1484.55  0.000e+00
      21087    122.000     7.9955     7.9977     0.0022    3.62985    3.62998          1     4.9493     4.6948      14.93     0.0909     0.2319  1.000e-12  0.5902000    35.0382    35.0374    -0.0008    27.3046    27.3036    121.294    121.138      0.541    1484.51    1484.52  0.000e+00
      21114    122.500     7.9747     7.9793     0.0046    3.62810    3.62842          1     4.9513     4.6870      14.31     0.1211     0.2029  1.000e-12  0.6103000    35.0399    35.0388    -0.0011    27.3090    27.3075    121.791    121.634      0.436    1484.44    1484.46  0.000e+00
      21140    123.000     7.9579     7.9599     0.0020    3.62668    3.62681          1     4.9410     4.6833      13.82     0.1187     0.1921  1.000e-12  0.6577000    35.0412    35.0406    -0.0006    27.3126    27.3119    122.288    122.130      0.543    1484.39    1484.40  0.000e+00
      21160    123.500     7.9080     7.9102     0.0021    3.62228    3.62249          1     4.9398     4.6849      13.40     0.1315     0.2032  1.000e-12  0.7046000    35.0437    35.0437     0.0001    27.3220    27.3217    122.785    122.626      0.682    1484.21    1484.22  0.000e+00
      21176    124.000     7.8605     7.8619     0.0014    3.61826    3.61836          1     4.9425     4.6862      12.97     0.1341     0.2214  1.000e-12  0.7216000    35.0477    35.0474    -0.0003    27.3323    27.3318    123.282    123.121      0.728    1484.05    1484.05  0.000e+00
      21192    124.500     7.8377     7.8395     0.0018    3.61626    3.61641          1     4.9394     4.6820      12.50     0.1058     0.2615  1.000e-12  0.7100000    35.0489    35.0486    -0.0003    27.3366    27.3361    123.779    123.617      0.645    1483.97    1483.98  0.000e+00
      21218    125.000     7.8121     7.8171     0.0050    3.61406    3.61451          1     4.9371     4.6721      11.85     0.1086     0.2500  1.000e-12  0.7532000    35.0506    35.0504    -0.0002    27.3417    27.3408    124.276    124.113      0.379    1483.88    1483.90  0.000e+00
      21262    125.500     7.7986     7.8037     0.0052    3.61290    3.61322          1     4.9379     4.6708      11.18     0.1107     0.1889  1.000e-12  0.7521000    35.0513    35.0497    -0.0016    27.3443    27.3422    124.773    124.609      0.337    1483.84    1483.86  0.000e+00
      21285    126.000     7.7897     7.7913     0.0016    3.61214    3.61223          1     4.9441     4.6784      10.87     0.1076     0.1499  1.000e-12  0.7686000    35.0518    35.0512    -0.0007    27.3460    27.3453    125.270    125.104      0.666    1483.81    1483.82  0.000e+00
      21301    126.500     7.7810     7.7828     0.0017    3.61144    3.61154          1     4.9497     4.6766      10.48     0.1059     0.2353  1.000e-12  0.7883000    35.0528    35.0521    -0.0007    27.3481    27.3473    125.767    125.600      0.782    1483.79    1483.80  0.000e+00
      21315    127.000     7.7730     7.7748     0.0019    3.61077    3.61088          1     4.9451     4.6760      10.05     0.0978     0.2300  1.000e-12  0.7751000    35.0533    35.0527    -0.0006    27.3497    27.3489    126.264    126.096      0.763    1483.77    1483.78  0.000e+00
      21332    127.500     7.7652     7.7672     0.0019    3.61010    3.61020          1     4.9456     4.6827       9.54     0.0983     0.2221  1.000e-12  0.7747000    35.0536    35.0528    -0.0008    27.3510    27.3501    126.760    126.591      0.629    1483.75    1483.75  0.000e+00
      21356    128.000     7.7095     7.7148     0.0053    3.60517    3.60547          1     4.9732     4.7054       8.92     0.1121     0.2092  1.000e-12  0.7685000    35.0561    35.0541    -0.0020    27.3612    27.3589    127.257    127.087      0.454    1483.55    1483.57  0.000e+00
      21385    128.500     7.6719     7.6726     0.0006    3.60185    3.60187          1     5.0063     4.7270       8.35     0.1073     0.1640  1.000e-12  0.6986000    35.0578    35.0574    -0.0005    27.3681    27.3677    127.754    127.583      0.485    1483.42    1483.42  0.000e+00
      21406    129.000     7.6417     7.6470     0.0052    3.59921    3.59965          1     5.0086     4.7360       7.93     0.0951     0.2290  1.000e-12  0.6394000    35.0593    35.0589    -0.0005    27.3737    27.3726    128.251    128.078      0.623    1483.31    1483.33  0.000e+00
      21424    129.500     7.6333     7.6338     0.0006    3.59852    3.59852          1     5.0038     4.7400       7.49     0.0979     0.2289  1.000e-12  0.6733000    35.0602    35.0596    -0.0005    27.3756    27.3752    128.748    128.574      0.679    1483.29    1483.29  0.000e+00
      21441    130.000     7.6234     7.6257     0.0023    3.59765    3.59780          1     5.0011     4.7359       7.03     0.1049     0.2219  1.000e-12  0.6696000    35.0604    35.0597    -0.0007    27.3773    27.3764    129.245    129.070      0.642    1483.26    1483.27  0.000e+00
      21462    130.500     7.6167     7.6193     0.0026    3.59711    3.59727          1     4.9976     4.7275       6.47     0.1091     0.2223  1.000e-12  0.7019000    35.0610    35.0602    -0.0008    27.3787    27.3777    129.742    129.566      0.516    1483.24    1483.25  0.000e+00
      21490    131.000     7.6155     7.6179     0.0023    3.59703    3.59717          1     4.9942     4.7262       5.87     0.1011     0.1816  1.000e-12  0.7357000    35.0611    35.0603    -0.0008    27.3790    27.3780    130.239    130.061      0.411    1483.25    1483.25  0.000e+00
      21518    131.500     7.6158     7.6178     0.0020    3.59709    3.59720          1     4.9882     4.7265       5.36     0.1046     0.2074  1.000e-12  0.7601000    35.0613    35.0604    -0.0009    27.3791    27.3781    130.736    130.557      0.482    1483.26    1483.26  0.000e+00
      21540    132.000     7.6156     7.6169     0.0013    3.59711    3.59715          1     4.9979     4.7267       4.92     0.1143     0.1782  1.000e-12  0.7923000    35.0615    35.0606    -0.0009    27.3793    27.3784    131.233    131.053      0.535    1483.26    1483.27  0.000e+00
      21564    132.500     7.6148     7.6166     0.0018    3.59707    3.59716          1     5.0059     4.7245       4.41     0.1157     0.1281  1.000e-12  0.7737000    35.0616    35.0607    -0.0009    27.3794    27.3785    131.730    131.548      0.375    1483.27    1483.27  0.000e+00
      21648    133.000     7.6182     7.6157    -0.0024    3.59739    3.59713          1     4.9713     4.7192       3.52     0.1126     0.3546  1.000e-12  0.8797000    35.0613    35.0610    -0.0003    27.3788    27.3789    132.227    132.044     -0.032    1483.29    1483.28  0.000e+00
