ctdpy/tests/etc/all_smhi_bas_2018/SBE09_0827_20180822_0749_26_01_0842.cnv
* Sea-Bird SBE 9 Data File:
* FileName = D:\CTD_SBE911\DAT\26DA.2018.8.42.hex
* Software Version Seasave V 7.21d
* Temperature SN = 034605
* Conductivity SN = 041844
* Number of Bytes Per Scan = 48
* Number of Voltage Words = 5
* Number of Scans Averaged by the Deck Unit = 1
* NMEA Latitude = 57 29.48 N
* NMEA Longitude = 009 03.19 E
* NMEA UTC (Time) = Aug 22 2018  07:51:28
* NMEA baud rate = 4800
** Ship: DANA
** Average sound velocity: 1511.93 m/s
** True-depth calculation Thu, 28 Mar 2019 09:24:46 +0000
** CTD Python Module SMHI /ver 3-12/ feb 2012 
** LIMS Job: 20182601-0842
**  19WNW Lokken
** Operator: Christian A-KTh
** Cruise: 08/2018
# nquan = 26
# nvalues = 48                          
# units = specified
# name 0 = scan: Scan Count
# name 1 = prDM: Pressure, Digiquartz [db]
# name 2 = t090C: Temperature [ITS-90, deg C]
# name 3 = t190C: Temperature, 2 [ITS-90, deg C]
# name 4 = T2-T190C: Temperature Difference, 2 - 1 [ITS-90, deg C]
# name 5 = c0S/m: Conductivity [S/m]
# name 6 = c1S/m: Conductivity, 2 [S/m]
# name 7 = pumps: Pump Status
# name 8 = sbeox1ML/L: Oxygen, SBE 43, 2 [ml/l]
# name 9 = sbeox0ML/L: Oxygen, SBE 43 [ml/l]
# name 10 = altM: Altimeter [m]
# name 11 = chloroflTC0: Chlorophyll, Turner Cyclops [ug/l]
# name 12 = cpar: CPAR/Corrected Irradiance [%]
# name 13 = par: PAR/Irradiance, Biospherical/Lico [µE/(cm^2*s)]
# name 14 = spar: SPAR, Biospherical/Licor
# name 15 = sal00: Salinity, Practical [PSU]
# name 16 = sal11: Salinity, Practical, 2 [PSU]
# name 17 = secS-priS: Salinity, Practical, Difference, 2 - 1 [PSU]
# name 18 = sigma-t00: Density [sigma-t, kg/m^3 ]
# name 19 = sigma-t11: Density, 2 [sigma-t, kg/m^3 ]
# name 20 = depSM: Depth [salt water, m], lat = 57.4913
# name 21 = depFM: Depth [true depth, m], lat = 57.4913
# name 22 = dz/dtM: Descent Rate [m/s], WS = 2
# name 23 = svCM: Sound Velocity [Chen-Millero, m/s]
# name 24 = svCM1: Sound Velocity, 2 [Chen-Millero, m/s]
# name 25 = flag: flag
# span 0 =       -179,       3180       
# span 1 =      1.500,     25.000       
# span 2 =    17.5245,    17.5440       
# span 3 =    17.5227,    17.5432       
# span 4 =    -0.0044,     0.0015       
# span 5 =   4.266287,   4.268306       
# span 6 =   4.266572,   4.268615       
# span 7 =          1,          1       
# span 8 =     5.5098,     5.6836       
# span 9 =     5.3463,     5.4010       
# span 10 =       0.92,       9.97      
# span 11 =     0.1687,     0.2223      
# span 12 = 6.4381e-02, 9.8093e+00      
# span 13 = 7.5786e-01, 7.6220e+01      
# span 14 = 7.7621e+02, 1.1701e+03      
# span 15 =    32.6219,    32.6281      
# span 16 =    32.6255,    32.6314      
# span 17 =    -0.0005,     0.0043      
# span 18 =    23.5660,    23.5670      
# span 19 =    23.5671,    23.5706      
# span 20 =      1.486,     24.768      
# span 21 =      1.493,     24.877      
# span 22 =     -0.271,      0.336      
# span 23 =    1511.73,    1512.11      
# span 24 =    1511.73,    1512.12      
# span 25 = 0.0000e+00, 0.0000e+00      
# interval = decibars: 0.5              
# start_time = Aug 22 2018 07:51:29 [NMEA time, first data scan]
# bad_flag = -9.990e-29
*END*
       -179      1.500    17.5339    17.5328    -0.0009    4.26667    4.26695          1     5.5098     5.3768       9.97     0.1687  9.809e+00  7.622e+01  7.762e+02    32.6254    32.6286     0.0032    23.5664    23.5691      1.486      1.493      0.084    1511.73    1511.73  0.000e+00
        389      2.000    17.5353    17.5348    -0.0005    4.26686    4.26715          1     5.6093     5.3784       9.97     0.1903  7.919e+00  6.204e+01  7.836e+02    32.6256    32.6285     0.0030    23.5662    23.5686      1.982      1.990      0.196    1511.75    1511.75  0.000e+00
        556      2.500    17.5358    17.5352    -0.0005    4.26695    4.26722          1     5.6461     5.3463       9.97     0.1890  6.940e+00  5.456e+01  7.861e+02    32.6258    32.6286     0.0027    23.5663    23.5685      2.477      2.488      0.266    1511.76    1511.76  0.000e+00
        618      3.000    17.5360    17.5354    -0.0006    4.26698    4.26725          1     5.6570     5.3868       9.97     0.1894  5.930e+00  4.673e+01  7.880e+02    32.6257    32.6285     0.0028    23.5662    23.5684      2.972      2.985      0.327    1511.77    1511.77  0.000e+00
        647      3.500    17.5361    17.5355    -0.0006    4.26701    4.26729          1     5.6495     5.3894       9.97     0.1913  5.486e+00  4.323e+01  7.881e+02    32.6257    32.6286     0.0029    23.5662    23.5685      3.468      3.483      0.336    1511.78    1511.78  0.000e+00
        698      4.000    17.5362    17.5357    -0.0006    4.26705    4.26734          1     5.6370     5.3899       9.97     0.1921  4.904e+00  3.880e+01  7.912e+02    32.6257    32.6287     0.0030    23.5661    23.5686      3.963      3.980      0.217    1511.79    1511.79  0.000e+00
        743      4.500    17.5362    17.5354    -0.0008    4.26706    4.26734          1     5.6274     5.3730       9.97     0.1949  4.341e+00  3.447e+01  7.941e+02    32.6257    32.6287     0.0030    23.5661    23.5686      4.458      4.478      0.333    1511.79    1511.79  0.000e+00
        782      5.000    17.5364    17.5360    -0.0004    4.26710    4.26743          1     5.6273     5.3836       9.97     0.1999  3.998e+00  3.181e+01  7.955e+02    32.6257    32.6288     0.0032    23.5660    23.5686      4.954      4.975      0.238    1511.80    1511.80  0.000e+00
        847      5.500    17.5363    17.5351    -0.0012    4.26712    4.26740          1     5.6499     5.3682       9.97     0.2095  3.700e+00  2.954e+01  7.982e+02    32.6258    32.6291     0.0034    23.5661    23.5690      5.449      5.473      0.258    1511.81    1511.81  0.000e+00
        890      6.000    17.5359    17.5348    -0.0011    4.26711    4.26739          1     5.6603     5.3815       9.97     0.2166  3.538e+00  2.825e+01  7.986e+02    32.6259    32.6290     0.0032    23.5663    23.5690      5.945      5.971      0.232    1511.82    1511.82  0.000e+00
        960      6.500    17.5357    17.5351    -0.0006    4.26712    4.26743          1     5.6569     5.3802       9.97     0.2157  3.096e+00  2.483e+01  8.020e+02    32.6259    32.6291     0.0032    23.5664    23.5689      6.440      6.468      0.278    1511.83    1511.83  0.000e+00
        994      7.000    17.5373    17.5367    -0.0007    4.26734    4.26763          1     5.6105     5.3879       9.97     0.2151  2.803e+00  2.251e+01  8.030e+02    32.6263    32.6293     0.0030    23.5663    23.5688      6.935      6.966      0.316    1511.84    1511.84  0.000e+00
       1045      7.500    17.5395    17.5393    -0.0002    4.26764    4.26796          1     5.6467     5.3824       9.97     0.2163  2.479e+00  2.001e+01  8.070e+02    32.6269    32.6298     0.0029    23.5662    23.5685      7.431      7.463      0.204    1511.86    1511.86  0.000e+00
       1098      8.000    17.5413    17.5406    -0.0007    4.26787    4.26817          1     5.6458     5.3847       9.97     0.2197  2.268e+00  1.842e+01  8.118e+02    32.6273    32.6304     0.0031    23.5661    23.5687      7.926      7.961      0.297    1511.87    1511.87  0.000e+00
       1137      8.500    17.5418    17.5414    -0.0004    4.26797    4.26828          1     5.6062     5.3945       9.97     0.2222  2.023e+00  1.644e+01  8.125e+02    32.6275    32.6305     0.0029    23.5662    23.5685      8.421      8.458      0.275    1511.88    1511.88  0.000e+00
       1189      9.000    17.5422    17.5416    -0.0005    4.26803    4.26835          1     5.6836     5.3966       9.97     0.2223  1.823e+00  1.488e+01  8.162e+02    32.6275    32.6308     0.0032    23.5661    23.5687      8.917      8.956      0.214    1511.89    1511.89  0.000e+00
       1244      9.500    17.5433    17.5432    -0.0002    4.26821    4.26854          1     5.6610     5.4010       9.97     0.2134  1.665e+00  1.363e+01  8.187e+02    32.6280    32.6309     0.0030    23.5661    23.5685      9.412      9.453      0.227    1511.90    1511.90  0.000e+00
       1294     10.000    17.5440    17.5431    -0.0009    4.26831    4.26861          1     5.6814     5.3864       9.97     0.2191  1.499e+00  1.231e+01  8.214e+02    32.6281    32.6314     0.0033    23.5661    23.5688      9.908      9.951      0.255    1511.91    1511.91  0.000e+00
       1339     10.500    17.5436    17.5424    -0.0012    4.26825    4.26855          1     5.6663     5.3853       9.97     0.2115  1.359e+00  1.122e+01  8.255e+02    32.6278    32.6313     0.0035    23.5660    23.5689     10.403     10.448      0.274    1511.92    1511.92  0.000e+00
       1382     11.000    17.5395    17.5368    -0.0026    4.26782    4.26803          1     5.6581     5.3723       9.97     0.2128  1.234e+00  1.023e+01  8.293e+02    32.6272    32.6311     0.0039    23.5665    23.5701     10.898     10.946      0.284    1511.91    1511.91  0.000e+00
       1424     11.500    17.5377    17.5363    -0.0014    4.26764    4.26792          1     5.6547     5.3778       9.97     0.2119  1.115e+00  9.284e+00  8.330e+02    32.6269    32.6304     0.0035    23.5667    23.5697     11.394     11.443      0.279    1511.92    1511.92  0.000e+00
       1471     12.000    17.5374    17.5359    -0.0015    4.26763    4.26790          1     5.6487     5.3940       9.97     0.2146  1.005e+00  8.415e+00  8.378e+02    32.6269    32.6305     0.0036    23.5667    23.5698     11.889     11.941      0.239    1511.92    1511.92  0.000e+00
       1522     12.500    17.5358    17.5314    -0.0044    4.26739    4.26692          1     5.6795     5.3839       9.97     0.2131  9.093e-01  7.658e+00  8.422e+02    32.6260    32.6255    -0.0005    23.5664    23.5671     12.384     12.439      0.227    1511.93    1511.91  0.000e+00
       1574     13.000    17.5320    17.5290    -0.0030    4.26696    4.26707          1     5.6458     5.3715       9.97     0.2089  8.261e-01  6.983e+00  8.452e+02    32.6252    32.6285     0.0034    23.5667    23.5700     12.880     12.936      0.247    1511.92    1511.92  0.000e+00
       1621     13.500    17.5310    17.5300    -0.0010    4.26684    4.26717          1     5.6580     5.3713       9.97     0.2109  7.469e-01  6.337e+00  8.485e+02    32.6248    32.6285     0.0037    23.5666    23.5697     13.375     13.434      0.249    1511.93    1511.93  0.000e+00
       1669     14.000    17.5299    17.5277    -0.0022    4.26671    4.26695          1     5.6412     5.3745       9.97     0.2126  6.753e-01  5.755e+00  8.522e+02    32.6244    32.6282     0.0038    23.5666    23.5701     13.870     13.931      0.258    1511.93    1511.93  0.000e+00
       1713     14.500    17.5297    17.5292    -0.0005    4.26676    4.26712          1     5.6696     5.3592       9.97     0.2119  6.143e-01  5.266e+00  8.572e+02    32.6248    32.6282     0.0034    23.5670    23.5697     14.366     14.429      0.295    1511.94    1511.94  0.000e+00
       1754     15.000    17.5293    17.5277    -0.0017    4.26669    4.26699          1     5.6346     5.3618       9.97     0.2094  5.511e-01  4.743e+00  8.608e+02    32.6243    32.6282     0.0039    23.5666    23.5701     14.861     14.926      0.265    1511.95    1511.95  0.000e+00
       1805     15.500    17.5293    17.5299     0.0006    4.26671    4.26717          1     5.6472     5.3773       9.97     0.2056  5.000e-01  4.330e+00  8.660e+02    32.6243    32.6278     0.0034    23.5667    23.5692     15.356     15.424      0.231    1511.95    1511.96  0.000e+00
       1856     16.000    17.5306    17.5294    -0.0012    4.26684    4.26720          1     5.6362     5.3797       9.78     0.2070  4.561e-01  3.971e+00  8.707e+02    32.6243    32.6283     0.0040    23.5664    23.5697     15.852     15.921      0.231    1511.97    1511.97  0.000e+00
       1909     16.500    17.5293    17.5283    -0.0010    4.26673    4.26701          1     5.6576     5.3696       9.34     0.2041  4.107e-01  3.595e+00  8.754e+02    32.6241    32.6274     0.0033    23.5665    23.5693     16.347     16.419      0.237    1511.97    1511.97  0.000e+00
       1955     17.000    17.5308    17.5303    -0.0005    4.26694    4.26735          1     5.6617     5.3541       8.88     0.2033  3.743e-01  3.288e+00  8.787e+02    32.6246    32.6284     0.0039    23.5665    23.5696     16.843     16.916      0.260    1511.98    1511.99  0.000e+00
       2010     17.500    17.5303    17.5292    -0.0011    4.26687    4.26721          1     5.6316     5.3650       8.37     0.2038  3.392e-01  2.999e+00  8.840e+02    32.6242    32.6280     0.0038    23.5664    23.5695     17.338     17.414      0.200    1511.99    1511.99  0.000e+00
       2061     18.000    17.5300    17.5303     0.0003    4.26687    4.26730          1     5.6801     5.3485       7.91     0.2029  3.071e-01  2.730e+00  8.890e+02    32.6242    32.6276     0.0034    23.5664    23.5690     17.833     17.912      0.301    1512.00    1512.00  0.000e+00
       2099     18.500    17.5341    17.5356     0.0015    4.26746    4.26804          1     5.6506     5.3828       7.41     0.2021  2.782e-01  2.486e+00  8.935e+02    32.6258    32.6295     0.0037    23.5667    23.5692     18.329     18.409      0.301    1512.02    1512.03  0.000e+00
       2144     19.000    17.5358    17.5351    -0.0008    4.26769    4.26809          1     5.6671     5.3800       6.88     0.2051  2.519e-01  2.266e+00  8.994e+02    32.6263    32.6303     0.0040    23.5666    23.5699     18.824     18.907      0.247    1512.03    1512.04  0.000e+00
       2189     19.500    17.5304    17.5262    -0.0042    4.26696    4.26706          1     5.6601     5.3556       6.40     0.2056  2.286e-01  2.068e+00  9.045e+02    32.6241    32.6284     0.0043    23.5663    23.5706     19.319     19.404      0.288    1512.02    1512.02  0.000e+00
       2236     20.000    17.5261    17.5265     0.0004    4.26644    4.26687          1     5.6415     5.3682       5.84     0.2037  2.060e-01  1.873e+00  9.093e+02    32.6229    32.6263     0.0034    23.5664    23.5689     19.815     19.902      0.221    1512.02    1512.02  0.000e+00
       2290     20.500    17.5301    17.5306     0.0005    4.26698    4.26751          1     5.6512     5.3736       5.34     0.2013  1.886e-01  1.725e+00  9.146e+02    32.6242    32.6283     0.0042    23.5664    23.5695     20.310     20.399      0.266    1512.04    1512.05  0.000e+00
       2330     21.000    17.5306    17.5310     0.0004    4.26708    4.26757          1     5.6776     5.3741       4.87     0.2059  1.687e-01  1.551e+00  9.195e+02    32.6245    32.6283     0.0039    23.5665    23.5694     20.805     20.897      0.318    1512.05    1512.06  0.000e+00
       2369     21.500    17.5311    17.5294    -0.0017    4.26714    4.26736          1     5.6495     5.3795       4.35     0.2038  1.517e-01  1.401e+00  9.236e+02    32.6244    32.6277     0.0033    23.5663    23.5693     21.301     21.394      0.278    1512.06    1512.06  0.000e+00
       2415     22.000    17.5290    17.5272    -0.0018    4.26689    4.26711          1     5.6358     5.3744       3.86     0.2018  1.403e-01  1.305e+00  9.300e+02    32.6237    32.6271     0.0034    23.5663    23.5693     21.796     21.892      0.267    1512.06    1512.06  0.000e+00
       2455     22.500    17.5275    17.5255    -0.0020    4.26666    4.26691          1     5.6629     5.3723       3.41     0.2073  1.262e-01  1.181e+00  9.359e+02    32.6228    32.6266     0.0038    23.5660    23.5693     22.291     22.389      0.328    1512.06    1512.06  0.000e+00
       2491     23.000    17.5245    17.5227    -0.0017    4.26629    4.26657          1     5.6667     5.3557       2.93     0.2012  1.118e-01  1.052e+00  9.405e+02    32.6219    32.6257     0.0038    23.5660    23.5693     22.787     22.887      0.328    1512.06    1512.06  0.000e+00
       2530     23.500    17.5269    17.5266    -0.0003    4.26662    4.26695          1     5.6717     5.3635       2.40     0.2054  1.011e-01  9.557e-01  9.456e+02    32.6227    32.6257     0.0030    23.5660    23.5684     23.282     23.385      0.280    1512.08    1512.08  0.000e+00
       2581     24.000    17.5301    17.5307     0.0006    4.26708    4.26761          1     5.6739     5.3813       1.86     0.2085  9.247e-02  8.806e-01  9.525e+02    32.6238    32.6278     0.0041    23.5661    23.5691     23.777     23.882      0.213    1512.10    1512.10  0.000e+00
       2634     24.500    17.5306    17.5319     0.0013    4.26716    4.26776          1     5.6409     5.3637       1.43     0.2098  8.251e-02  7.919e-01  9.599e+02    32.6239    32.6280     0.0041    23.5660    23.5689     24.273     24.380      0.240    1512.11    1512.12  0.000e+00
       3180     25.000    17.5280    17.5267    -0.0012    4.26688    4.26716          1     5.6775     5.3861       0.92     0.2203  6.438e-02  7.579e-01  1.170e+03    32.6234    32.6268     0.0035    23.5663    23.5692     24.768     24.877     -0.271    1512.11    1512.11  0.000e+00
