ctdpy/tests/etc/all_smhi_bas_2018/SBE09_0827_20181009_0631_26_01_1048.cnv
* Sea-Bird SBE 9 Data File:
* FileName = D:\CTD_SBE911\DAT\26DA.2018.10.48.hex
* Software Version Seasave V 7.21d
* Temperature SN = 4548
* Conductivity SN = 3062
* Number of Bytes Per Scan = 48
* Number of Voltage Words = 5
* Number of Scans Averaged by the Deck Unit = 1
* NMEA Latitude = 58 38.73 N
* NMEA Longitude = 020 18.01 E
* NMEA UTC (Time) = Oct 09 2018  06:33:48
* NMEA baud rate = 4800
** Ship: DANA
** Average sound velocity: 1446.07 m/s
** True-depth calculation Thu, 28 Mar 2019 12:21:59 +0000
** CTD Python Module SMHI /ver 3-12/ feb 2012 
** LIMS Job: 20182601-1048
** Operator: Christian
** Cruise: 10/2018
# nquan = 26
# nvalues = 308                         
# units = specified
# name 0 = scan: Scan Count
# name 1 = prDM: Pressure, Digiquartz [db]
# name 2 = t090C: Temperature [ITS-90, deg C]
# name 3 = t190C: Temperature, 2 [ITS-90, deg C]
# name 4 = T2-T190C: Temperature Difference, 2 - 1 [ITS-90, deg C]
# name 5 = c0S/m: Conductivity [S/m]
# name 6 = c1S/m: Conductivity, 2 [S/m]
# name 7 = pumps: Pump Status
# name 8 = sbeox1ML/L: Oxygen, SBE 43, 2 [ml/l]
# name 9 = sbeox0ML/L: Oxygen, SBE 43 [ml/l]
# name 10 = altM: Altimeter [m]
# name 11 = chloroflTC0: Chlorophyll, Turner Cyclops [ug/l]
# name 12 = cpar: CPAR/Corrected Irradiance [%]
# name 13 = par: PAR/Irradiance, Biospherical/Lico [µE/(cm^2*s)]
# name 14 = spar: SPAR, Biospherical/Licor
# name 15 = sal00: Salinity, Practical [PSU]
# name 16 = sal11: Salinity, Practical, 2 [PSU]
# name 17 = secS-priS: Salinity, Practical, Difference, 2 - 1 [PSU]
# name 18 = sigma-t00: Density [sigma-t, kg/m^3 ]
# name 19 = sigma-t11: Density, 2 [sigma-t, kg/m^3 ]
# name 20 = depSM: Depth [salt water, m], lat = 58.6455
# name 21 = depFM: Depth [true depth, m], lat = 58.6455
# name 22 = dz/dtM: Descent Rate [m/s], WS = 2
# name 23 = svCM: Sound Velocity [Chen-Millero, m/s]
# name 24 = svCM1: Sound Velocity, 2 [Chen-Millero, m/s]
# name 25 = flag: flag
# span 0 =         37,      12332       
# span 1 =      0.500,    154.000       
# span 2 =     3.2209,    11.2920       
# span 3 =     3.2368,    11.2914       
# span 4 =    -0.1274,     2.2152       
# span 5 =   0.746122,   1.257187       
# span 6 =   0.747242,   1.257074       
# span 7 =          1,          1       
# span 8 =     0.0344,     7.6755       
# span 9 =     0.0380,     7.5423       
# span 10 =       2.90,      10.92      
# span 11 =     0.0159,     0.0349      
# span 12 = -9.633e-06, 3.4760e+01      
# span 13 = -8.646e-05, 2.8173e+02      
# span 14 = 5.1346e+02, 1.1433e+03      
# span 15 =     6.4889,    11.5165      
# span 16 =     6.4892,    11.5153      
# span 17 =    -0.1866,     0.0021      
# span 18 =     4.6317,     9.0255      
# span 19 =     4.6318,     9.0246      
# span 20 =      0.495,    152.508      
# span 21 =      0.507,    155.733      
# span 22 =     -0.154,      0.994      
# span 23 =    1428.14,    1460.44      
# span 24 =    1428.23,    1460.43      
# span 25 = 0.0000e+00, 0.0000e+00      
# interval = decibars: 0.5              
# start_time = Oct 09 2018 06:33:49 [NMEA time, first data scan]
# bad_flag = -9.990e-29
*END*
[from data line 279]
      11381    140.000     6.3075     6.3077     0.0002    1.25339    1.25327          1     0.0419     0.0445       9.97     0.0170  1.231e-13  1.000e-12  8.123e+02    11.4862    11.4849    -0.0013     9.0026     9.0016    138.648    141.601      0.697    1448.72    1448.72  0.000e+00
      11398    140.500     6.3087     6.3089     0.0002    1.25369    1.25359          1     0.0409     0.0440       9.97     0.0167  1.250e-13  1.000e-12  8.002e+02    11.4887    11.4876    -0.0010     9.0045     9.0037    139.143    142.106      0.676    1448.74    1448.74  0.000e+00
      11417    141.000     6.3094     6.3096     0.0003    1.25398    1.25386          1     0.0409     0.0420       9.97     0.0168  1.263e-13  1.000e-12  7.917e+02    11.4912    11.4900    -0.0013     9.0065     9.0055    139.638    142.611      0.540    1448.75    1448.75  0.000e+00
      11455    141.500     6.3098     6.3101     0.0003    1.25426    1.25416          1     0.0406     0.0431       9.97     0.0168  1.294e-13  1.000e-12  7.732e+02    11.4938    11.4927    -0.0011     9.0085     9.0076    140.133    143.116      0.261    1448.77    1448.77  0.000e+00
      11520    142.000     6.3106     6.3110     0.0004    1.25465    1.25458          1     0.0402     0.0425       9.97     0.0167  1.372e-13  1.000e-12  7.289e+02    11.4972    11.4964    -0.0008     9.0111     9.0105    140.628    143.620      0.356    1448.78    1448.78  0.000e+00
      11545    142.500     6.3112     6.3116     0.0004    1.25486    1.25481          1     0.0415     0.0426       9.97     0.0167  1.411e-13  1.000e-12  7.086e+02    11.4991    11.4984    -0.0007     9.0125     9.0120    141.123    144.125      0.507    1448.79    1448.80  0.000e+00
      11567    143.000     6.3114     6.3115     0.0001    1.25496    1.25488          1     0.0403     0.0426       9.97     0.0166  1.430e-13  1.000e-12  6.995e+02    11.4999    11.4990    -0.0009     9.0131     9.0125    141.618    144.630      0.555    1448.80    1448.80  0.000e+00
      11588    143.500     6.3114     6.3116     0.0003    1.25499    1.25493          1     0.0389     0.0410       9.97     0.0169  1.438e-13  1.000e-12  6.955e+02    11.5000    11.4994    -0.0007     9.0133     9.0127    142.113    145.134      0.572    1448.81    1448.81  0.000e+00
      11609    144.000     6.3115     6.3118     0.0003    1.25503    1.25497          1     0.0408     0.0438       9.97     0.0171  1.437e-13  1.000e-12  6.956e+02    11.5003    11.4997    -0.0007     9.0135     9.0130    142.608    145.639      0.565    1448.82    1448.82  0.000e+00
      11631    144.500     6.3116     6.3118     0.0003    1.25506    1.25500          1     0.0384     0.0413       9.97     0.0168  1.426e-13  1.000e-12  7.011e+02    11.5005    11.4998    -0.0007     9.0136     9.0131    143.103    146.144      0.502    1448.83    1448.83  0.000e+00
      11659    145.000     6.3115     6.3119     0.0004    1.25514    1.25505          1     0.0397     0.0401       9.97     0.0169  1.396e-13  1.000e-12  7.166e+02    11.5013    11.5003    -0.0010     9.0142     9.0134    143.598    146.649      0.299    1448.84    1448.84  0.000e+00
      11726    145.500     6.3122     6.3124     0.0003    1.25526    1.25521          1     0.0391     0.0433       9.97     0.0167  1.246e-13  1.000e-12  8.017e+02    11.5021    11.5016    -0.0005     9.0148     9.0144    144.093    147.153      0.432    1448.85    1448.85  0.000e+00
      11742    146.000     6.3125     6.3127     0.0002    1.25531    1.25525          1     0.0415     0.0436       9.97     0.0171  1.212e-13  1.000e-12  8.249e+02    11.5024    11.5018    -0.0006     9.0151     9.0146    144.588    147.658      0.810    1448.86    1448.86  0.000e+00
      11755    146.500     6.3126     6.3128     0.0003    1.25533    1.25527          1     0.0372     0.0417       9.97     0.0168  1.183e-13  1.000e-12  8.456e+02    11.5025    11.5018    -0.0006     9.0151     9.0146    145.083    148.163      0.944    1448.87    1448.87  0.000e+00
      11766    147.000     6.3128     6.3130     0.0002    1.25543    1.25536          1     0.0366     0.0380       9.97     0.0171  1.151e-13  1.000e-12  8.685e+02    11.5033    11.5026    -0.0007     9.0157     9.0151    145.578    148.667      0.937    1448.88    1448.88  0.000e+00
      11780    147.500     6.3130     6.3133     0.0002    1.25549    1.25542          1     0.0378     0.0395       9.97     0.0170  1.114e-13  1.000e-12  8.977e+02    11.5037    11.5030    -0.0008     9.0161     9.0155    146.073    149.172      0.773    1448.89    1448.89  0.000e+00
      11829    148.000     6.3132     6.3135     0.0003    1.25555    1.25550          1     0.0363     0.0427       9.91     0.0166  1.042e-13  1.000e-12  9.617e+02    11.5042    11.5035    -0.0006     9.0164     9.0159    146.568    149.677      0.445    1448.90    1448.90  0.000e+00
      11906    148.500     6.3148     6.3146    -0.0002    1.25590    1.25575          1     0.0361     0.0388       9.52     0.0161  9.732e-14  1.000e-12  1.027e+03    11.5070    11.5055    -0.0015     9.0185     9.0174    147.063    150.182      0.691    1448.91    1448.91  0.000e+00
      11920    149.000     6.3157     6.3159     0.0002    1.25607    1.25598          1     0.0428     0.0434       9.05     0.0164  9.621e-14  1.000e-12  1.039e+03    11.5083    11.5073    -0.0010     9.0195     9.0187    147.558    150.686      0.830    1448.93    1448.93  0.000e+00
      11933    149.500     6.3163     6.3163    -0.0000    1.25619    1.25609          1     0.0376     0.0421       8.59     0.0169  9.461e-14  1.000e-12  1.057e+03    11.5092    11.5082    -0.0010     9.0201     9.0194    148.053    151.191      0.841    1448.94    1448.94  0.000e+00
      11948    150.000     6.3168     6.3169     0.0001    1.25627    1.25619          1     0.0345     0.0400       8.01     0.0170  9.277e-14  1.000e-12  1.078e+03    11.5097    11.5089    -0.0008     9.0205     9.0199    148.548    151.696      0.760    1448.95    1448.95  0.000e+00
      11965    150.500     6.3175     6.3175     0.0000    1.25641    1.25631          1     0.0344     0.0406       7.43     0.0168  9.060e-14  1.000e-12  1.104e+03    11.5108    11.5098    -0.0010     9.0213     9.0205    149.043    152.200      0.619    1448.96    1448.96  0.000e+00
      11989    151.000     6.3182     6.3179    -0.0003    1.25655    1.25638          1     0.0385     0.0412       6.81     0.0170  8.858e-14  1.000e-12  1.129e+03    11.5118    11.5103    -0.0016     9.0221     9.0209    149.538    152.705      0.408    1448.98    1448.97  0.000e+00
      12048    151.500     6.3186     6.3187     0.0001    1.25664    1.25654          1     0.0370     0.0408       6.22     0.0169  8.795e-14  1.000e-12  1.137e+03    11.5125    11.5115    -0.0010     9.0226     9.0217    150.033    153.210      0.300    1448.99    1448.99  0.000e+00
      12085    152.000     6.3193     6.3194     0.0001    1.25672    1.25665          1     0.0367     0.0398       5.81     0.0168  8.896e-14  1.000e-12  1.124e+03    11.5130    11.5123    -0.0007     9.0229     9.0223    150.528    153.715      0.626    1449.00    1449.00  0.000e+00
      12100    152.500     6.3194     6.3197     0.0002    1.25675    1.25669          1     0.0360     0.0387       5.34     0.0171  8.910e-14  1.000e-12  1.122e+03    11.5131    11.5125    -0.0006     9.0230     9.0225    151.023    154.219      0.792    1449.01    1449.01  0.000e+00
      12114    153.000     6.3196     6.3199     0.0003    1.25680    1.25673          1     0.0375     0.0407       4.86     0.0168  8.883e-14  1.000e-12  1.126e+03    11.5135    11.5127    -0.0008     9.0233     9.0226    151.518    154.724      0.809    1449.01    1449.02  0.000e+00
      12129    153.500     6.3201     6.3203     0.0001    1.25691    1.25683          1     0.0354     0.0420       4.28     0.0170  8.820e-14  1.000e-12  1.134e+03    11.5143    11.5135    -0.0008     9.0239     9.0232    152.013    155.229      0.612    1449.03    1449.03  0.000e+00
      12332    154.000     6.3216     6.3216    -0.0000    1.25719    1.25707          1     0.0360     0.0387       3.42     0.0169  8.747e-14  1.000e-12  1.143e+03    11.5165    11.5153    -0.0011     9.0255     9.0246    152.508    155.733     -0.154    1449.04    1449.04  0.000e+00
