ctdpy/tests/etc/all_smhi_bas_2018/SBE09_0827_20180821_1303_26_01_0825.cnv
* Sea-Bird SBE 9 Data File:
* FileName = D:\CTD_SBE911\DAT\26DA.2018.8.25.hex
* Software Version Seasave V 7.21d
* Temperature SN = 034605
* Conductivity SN = 041844
* Number of Bytes Per Scan = 48
* Number of Voltage Words = 5
* Number of Scans Averaged by the Deck Unit = 1
* NMEA Latitude = 58 27.27 N
* NMEA Longitude = 010 31.54 E
* NMEA UTC (Time) = Aug 21 2018  13:05:37
* NMEA baud rate = 4800
** Ship: DANA
** Average sound velocity: 1484.34 m/s
** True-depth calculation Thu, 28 Mar 2019 09:24:15 +0000
** CTD Python Module SMHI /ver 3-12/ feb 2012 
** LIMS Job: 20182601-0825
**  5 N BRATTEN
** Operator: Christian
** Cruise: 08/2018
# nquan = 26
# nvalues = 464                         
# units = specified
# name 0 = scan: Scan Count
# name 1 = prDM: Pressure, Digiquartz [db]
# name 2 = t090C: Temperature [ITS-90, deg C]
# name 3 = t190C: Temperature, 2 [ITS-90, deg C]
# name 4 = T2-T190C: Temperature Difference, 2 - 1 [ITS-90, deg C]
# name 5 = c0S/m: Conductivity [S/m]
# name 6 = c1S/m: Conductivity, 2 [S/m]
# name 7 = pumps: Pump Status
# name 8 = sbeox1ML/L: Oxygen, SBE 43, 2 [ml/l]
# name 9 = sbeox0ML/L: Oxygen, SBE 43 [ml/l]
# name 10 = altM: Altimeter [m]
# name 11 = chloroflTC0: Chlorophyll, Turner Cyclops [ug/l]
# name 12 = cpar: CPAR/Corrected Irradiance [%]
# name 13 = par: PAR/Irradiance, Biospherical/Lico [µE/(cm^2*s)]
# name 14 = spar: SPAR, Biospherical/Licor
# name 15 = sal00: Salinity, Practical [PSU]
# name 16 = sal11: Salinity, Practical, 2 [PSU]
# name 17 = secS-priS: Salinity, Practical, Difference, 2 - 1 [PSU]
# name 18 = sigma-t00: Density [sigma-t, kg/m^3 ]
# name 19 = sigma-t11: Density, 2 [sigma-t, kg/m^3 ]
# name 20 = depSM: Depth [salt water, m], lat = 58.4545
# name 21 = depFM: Depth [true depth, m], lat = 58.4545
# name 22 = dz/dtM: Descent Rate [m/s], WS = 2
# name 23 = svCM: Sound Velocity [Chen-Millero, m/s]
# name 24 = svCM1: Sound Velocity, 2 [Chen-Millero, m/s]
# name 25 = flag: flag
# span 0 =         33,      16296       
# span 1 =      1.500,    233.000       
# span 2 =     6.4242,    17.0849       
# span 3 =     6.4195,    17.0790       
# span 4 =    -0.2509,     0.5194       
# span 5 =   3.495597,   4.171226       
# span 6 =   3.495756,   4.163322       
# span 7 =          1,          1       
# span 8 =     5.2502,     6.1481       
# span 9 =     5.2362,     6.3640       
# span 10 =       0.59,       9.98      
# span 11 =     0.0254,     0.2204      
# span 12 = 4.8228e-14, 1.3681e+01      
# span 13 = 1.0000e-12, 2.8844e+02      
# span 14 = 1.7460e+03, 2.1100e+03      
# span 15 =    31.7214,    35.1706      
# span 16 =    31.7054,    35.1730      
# span 17 =    -0.4310,     0.1226      
# span 18 =    22.9798,    27.6220      
# span 19 =    22.9689,    27.6240      
# span 20 =      1.486,    230.701      
# span 21 =      1.493,    231.080      
# span 22 =     -0.566,      0.657      
# span 23 =    1479.05,    1509.37      
# span 24 =    1479.04,    1509.33      
# span 25 = 0.0000e+00, 0.0000e+00      
# interval = decibars: 0.5              
# start_time = Aug 21 2018 13:05:37 [NMEA time, first data scan]
# bad_flag = -9.990e-29
*END*
[from data line 56]
       2892     29.500    10.6791    10.7557     0.0767    3.82077    3.83579          1     5.5671     5.4337       9.98     0.0807  1.670e-01  3.503e+00  2.098e+03    34.4563    34.5348     0.0785    26.4095    26.4570     29.223     29.346      0.243    1492.07    1492.44  0.000e+00
       2943     30.000    10.6135    10.7302     0.1168    3.81661    3.83350          1     5.5381     5.4532       9.98     0.0818  1.590e-01  3.336e+00  2.098e+03    34.4763    34.5357     0.0595    26.4366    26.4623     29.719     29.842      0.284    1491.87    1492.36  0.000e+00
       2978     30.500    10.6129    10.6327     0.0198    3.81711    3.82426          1     5.5249     5.4812       9.98     0.0645  1.486e-01  3.117e+00  2.097e+03    34.4815    34.5348     0.0533    26.4408    26.4789     30.214     30.338      0.343    1491.89    1492.02  0.000e+00
       3017     31.000    10.5964    10.6078     0.0113    3.81660    3.82290          1     5.5317     5.4514       9.98     0.0633  1.383e-01  2.897e+00  2.094e+03    34.4918    34.5445     0.0527    26.4517    26.4908     30.709     30.835      0.270    1491.85    1491.95  0.000e+00
       3065     31.500    10.5034    10.5084     0.0051    3.81094    3.81580          1     5.5264     5.4503       9.97     0.0607  1.288e-01  2.696e+00  2.094e+03    34.5227    34.5670     0.0443    26.4922    26.5258     31.205     31.331      0.264    1491.57    1491.64  0.000e+00
       3107     32.000    10.5501    10.5509     0.0008    3.81877    3.82201          1     5.5260     5.5026       9.97     0.0559  1.207e-01  2.526e+00  2.094e+03    34.5571    34.5891     0.0319    26.5108    26.5356     31.700     31.827      0.282    1491.78    1491.82  0.000e+00
       3152     32.500    10.5665    10.5651    -0.0014    3.82111    3.82436          1     5.5523     5.4901       9.97     0.0534  1.128e-01  2.360e+00  2.092e+03    34.5651    34.5991     0.0340    26.5141    26.5409     32.195     32.323      0.263    1491.86    1491.89  0.000e+00
       3196     33.000    10.5300    10.5342     0.0041    3.81799    3.82181          1     5.5431     5.4936       9.97     0.0575  1.051e-01  2.196e+00  2.090e+03    34.5679    34.6025     0.0346    26.5228    26.5490     32.690     32.819      0.286    1491.74    1491.80  0.000e+00
       3237     33.500    10.4859    10.4909     0.0050    3.81390    3.81762          1     5.5217     5.4605       9.97     0.0505  9.829e-02  2.054e+00  2.089e+03    34.5682    34.6011     0.0328    26.5308    26.5555     33.186     33.315      0.295    1491.59    1491.65  0.000e+00
       3277     34.000    10.3531    10.3589     0.0059    3.80175    3.80651          1     5.5172     5.4547       9.97     0.0463  9.027e-02  1.885e+00  2.088e+03    34.5715    34.6141     0.0426    26.5565    26.5887     33.681     33.811      0.291    1491.13    1491.20  0.000e+00
       3322     34.500    10.2442    10.2538     0.0095    3.79227    3.79705          1     5.5096     5.4504       9.97     0.0496  8.472e-02  1.769e+00  2.088e+03    34.5787    34.6182     0.0394    26.5811    26.6102     34.176     34.307      0.252    1490.76    1490.84  0.000e+00
       3368     35.000    10.1415    10.1439     0.0025    3.78431    3.78803          1     5.4815     5.4387       9.97     0.0474  7.924e-02  1.656e+00  2.090e+03    34.5956    34.6312     0.0356    26.6120    26.6393     34.671     34.803      0.287    1490.42    1490.47  0.000e+00
       3407     35.500    10.0649    10.0706     0.0056    3.77750    3.78154          1     5.4812     5.4421       9.97     0.0467  7.320e-02  1.530e+00  2.090e+03    34.5992    34.6350     0.0359    26.6279    26.6549     35.167     35.300      0.322    1490.16    1490.22  0.000e+00
       3447     36.000    10.0479    10.0510     0.0031    3.77796    3.78079          1     5.4971     5.4496       9.97     0.0460  6.750e-02  1.411e+00  2.090e+03    34.6199    34.6458     0.0259    26.6470    26.6667     35.662     35.796      0.267    1490.13    1490.18  0.000e+00
       3495     36.500     9.9283     9.9298     0.0015    3.76736    3.77131          1     5.4867     5.4101       9.97     0.0457  6.253e-02  1.306e+00  2.089e+03    34.6260    34.6651     0.0391    26.6721    26.7024     36.157     36.292      0.248    1489.72    1489.77  0.000e+00
       3541     37.000     9.8643     9.8654     0.0010    3.76319    3.76535          1     5.4453     5.4314       9.32     0.0450  5.819e-02  1.214e+00  2.087e+03    34.6446    34.6658     0.0211    26.6975    26.7138     36.652     36.788      0.287    1489.52    1489.55  0.000e+00
       3579     37.500     9.8595     9.8564    -0.0030    3.76481    3.76645          1     5.4478     5.4473       8.12     0.0427  5.372e-02  1.120e+00  2.086e+03    34.6656    34.6853     0.0197    26.7147    26.7306     37.148     37.284      0.320    1489.54    1489.55  0.000e+00
       3619     38.000     9.8963     9.8959    -0.0005    3.76963    3.77122          1     5.4654     5.4474       9.91     0.0419  4.937e-02  1.030e+00  2.086e+03    34.6794    34.6961     0.0167    26.7192    26.7324     37.643     37.780      0.281    1489.69    1489.71  0.000e+00
       3664     38.500     9.8333     9.8225    -0.0108    3.76381    3.76692          1     5.4774     5.4124       9.97     0.0472  4.573e-02  9.543e-01  2.087e+03    34.6801    34.7224     0.0424    26.7304    26.7653     38.138     38.276      0.260    1489.47    1489.49  0.000e+00
       3709     39.000     9.6749     9.6715    -0.0033    3.75017    3.75302          1     5.4339     5.4065       9.97     0.0427  4.222e-02  8.811e-01  2.087e+03    34.6923    34.7250     0.0326    26.7667    26.7927     38.633     38.772      0.296    1488.93    1488.95  0.000e+00
       3746     39.500     9.6027     9.6023    -0.0004    3.74339    3.74654          1     5.4364     5.4046       9.97     0.0436  3.880e-02  8.089e-01  2.084e+03    34.6919    34.7249     0.0329    26.7784    26.8042     39.129     39.268      0.322    1488.67    1488.71  0.000e+00
       3789     40.000     9.6042     9.5992    -0.0050    3.74511    3.74669          1     5.4224     5.4514       9.97     0.0452  3.545e-02  7.380e-01  2.082e+03    34.7079    34.7291     0.0212    26.7907    26.8080     39.624     39.764      0.240    1488.71    1488.71  0.000e+00
       3841     40.500     9.6071     9.6062    -0.0009    3.74690    3.74865          1     5.4729     5.4998       9.97     0.0431  3.245e-02  6.748e-01  2.080e+03    34.7234    34.7424     0.0189    26.8023    26.8172     40.119     40.260      0.264    1488.74    1488.76  0.000e+00
       3880     41.000     9.5731     9.5748     0.0017    3.74419    3.74664          1     5.5050     5.5183       9.97     0.0425  2.967e-02  6.161e-01  2.077e+03    34.7281    34.7518     0.0237    26.8116    26.8299     40.614     40.756      0.316    1488.63    1488.67  0.000e+00
       3920     41.500     9.5232     9.5226    -0.0006    3.73988    3.74220          1     5.5253     5.4981       9.97     0.0440  2.668e-02  5.537e-01  2.076e+03    34.7316    34.7562     0.0246    26.8226    26.8420     41.110     41.252      0.281    1488.47    1488.49  0.000e+00
       3965     42.000     9.4837     9.4803    -0.0034    3.73726    3.73927          1     5.5175     5.4974       9.97     0.0445  2.429e-02  5.041e-01  2.076e+03    34.7427    34.7667     0.0241    26.8378    26.8572     41.605     41.748      0.269    1488.34    1488.36  0.000e+00
       4008     42.500     9.4186     9.4159    -0.0028    3.73181    3.73436          1     5.5071     5.4580       9.97     0.0435  2.208e-02  4.583e-01  2.076e+03    34.7490    34.7782     0.0292    26.8535    26.8768     42.100     42.244      0.295    1488.12    1488.15  0.000e+00
       4047     43.000     9.2843     9.2908     0.0066    3.71897    3.72417          1     5.4748     5.3651       9.97     0.0428  1.991e-02  4.132e-01  2.075e+03    34.7461    34.7938     0.0477    26.8733    26.9095     42.595     42.739      0.306    1487.64    1487.72  0.000e+00
       4089     43.500     9.1505     9.1492    -0.0013    3.70567    3.71038          1     5.3998     5.2814       9.97     0.0421  1.796e-02  3.733e-01  2.078e+03    34.7375    34.7879     0.0504    26.8883    26.9280     43.091     43.235      0.269    1487.14    1487.20  0.000e+00
       4136     44.000     9.0258     9.0269     0.0011    3.69338    3.69846          1     5.3255     5.2398       9.97     0.0420  1.615e-02  3.359e-01  2.080e+03    34.7306    34.7826     0.0520    26.9030    26.9436     43.586     43.731      0.256    1486.69    1486.75  0.000e+00
       4180     44.500     8.9394     8.9446     0.0053    3.68514    3.68929          1     5.2660     5.2362       9.97     0.0410  1.441e-02  3.000e-01  2.082e+03    34.7284    34.7669     0.0385    26.9152    26.9445     44.081     44.227      0.282    1486.37    1486.44  0.000e+00
       4223     45.000     8.9566     8.9616     0.0049    3.68918    3.69054          1     5.2502     5.3249       9.97     0.0421  1.272e-02  2.648e-01  2.082e+03    34.7537    34.7630     0.0093    26.9322    26.9387     44.576     44.723      0.267    1486.48    1486.51  0.000e+00
       4267     45.500     9.0343     9.0322    -0.0021    3.69999    3.69979          1     5.3154     5.5262       9.97     0.0431  1.100e-02  2.289e-01  2.080e+03    34.7907    34.7907    -0.0000    26.9487    26.9490     45.072     45.219      0.306    1486.82    1486.81  0.000e+00
       4303     46.000     9.1214     9.1149    -0.0066    3.71190    3.71111          1     5.4437     5.6775       9.97     0.0415  9.376e-03  1.947e-01  2.076e+03    34.8298    34.8280    -0.0018    26.9653    26.9650     45.567     45.715      0.338    1487.19    1487.17  0.000e+00
       4344     46.500     9.1348     9.1318    -0.0030    3.71436    3.71422          1     5.5968     5.7217       9.97     0.0454  7.551e-03  1.559e-01  2.065e+03    34.8423    34.8437     0.0015    26.9729    26.9745     46.062     46.211      0.245    1487.26    1487.26  0.000e+00
       4397     47.000     9.1223     9.1155    -0.0068    3.71447    3.71558          1     5.6687     5.7107       9.97     0.0459  6.054e-03  1.243e-01  2.052e+03    34.8554    34.8736     0.0182    26.9852    27.0006     46.557     46.707      0.254    1487.24    1487.24  0.000e+00
       4437     47.500     9.0270     9.0316     0.0046    3.70513    3.70779          1     5.6851     5.6508       9.97     0.0446  4.874e-03  9.987e-02  2.049e+03    34.8508    34.8741     0.0233    26.9970    27.0145     47.053     47.203      0.333    1486.90    1486.94  0.000e+00
       4474     48.000     8.9718     8.9757     0.0039    3.69931    3.70207          1     5.6728     5.6326       9.97     0.0462  3.735e-03  7.663e-02  2.052e+03    34.8437    34.8687     0.0251    27.0003    27.0193     47.548     47.699      0.279    1486.69    1486.74  0.000e+00
       4530     48.500     8.8924     8.8864    -0.0060    3.69119    3.69496          1     5.6215     5.5555       9.97     0.0461  2.750e-03  5.635e-02  2.049e+03    34.8360    34.8816     0.0456    27.0069    27.0436     48.043     48.194      0.225    1486.40    1486.43  0.000e+00
       4572     49.000     8.7728     8.7773     0.0045    3.67950    3.68195          1     5.5636     5.5222       9.97     0.0440  1.899e-03  3.882e-02  2.045e+03    34.8304    34.8518     0.0214    27.0216    27.0377     48.538     48.690      0.371    1485.96    1486.00  0.000e+00
       4605     49.500     8.7834     8.7836     0.0001    3.68129    3.68280          1     5.5358     5.5445       9.97     0.0426  1.009e-03  2.063e-02  2.044e+03    34.8386    34.8543     0.0157    27.0263    27.0386     49.034     49.186      0.297    1486.02    1486.04  0.000e+00
       4660     50.000     8.7806     8.7753    -0.0053    3.68135    3.68263          1     5.5426     5.5465       9.97     0.0431  3.264e-04  6.687e-03  2.049e+03    34.8416    34.8604     0.0188    27.0291    27.0447     49.529     49.682      0.229    1486.02    1486.02  0.000e+00
       4701     50.500     8.7093     8.7110     0.0017    3.67540    3.67766          1     5.5536     5.5633       9.97     0.0407  4.624e-06  9.476e-05  2.053e+03    34.8489    34.8711     0.0222    27.0461    27.0632     50.024     50.178      0.351    1485.77    1485.80  0.000e+00
       4737     51.000     8.6708     8.6700    -0.0008    3.67239    3.67435          1     5.5541     5.5813       9.97     0.0416  3.579e-08  7.341e-07  2.054e+03    34.8548    34.8763     0.0215    27.0568    27.0738     50.519     50.674      0.291    1485.64    1485.67  0.000e+00
       4786     51.500     8.6339     8.6090    -0.0249    3.66934    3.66985          1     5.5494     5.5740       9.97     0.0431  4.876e-14  1.000e-12  2.051e+03    34.8587    34.8887     0.0300    27.0657    27.0931     51.014     51.170      0.226    1485.52    1485.46  0.000e+00
       4837     52.000     8.5895     8.5720    -0.0175    3.66563    3.66581          1     5.5465     5.5635       9.97     0.0439  4.892e-14  1.000e-12  2.044e+03    34.8630    34.8823     0.0193    27.0760    27.0938     51.510     51.665      0.258    1485.37    1485.33  0.000e+00
       4879     52.500     8.5516     8.5496    -0.0020    3.66228    3.66354          1     5.5397     5.5634       9.97     0.0453  4.896e-14  1.000e-12  2.043e+03    34.8648    34.8801     0.0152    27.0833    27.0956     52.005     52.161      0.306    1485.24    1485.25  0.000e+00
       4917     53.000     8.5247     8.5201    -0.0046    3.66028    3.66119          1     5.5482     5.5923       9.97     0.0452  4.885e-14  1.000e-12  2.047e+03    34.8699    34.8841     0.0142    27.0915    27.1033     52.500     52.657      0.308    1485.15    1485.15  0.000e+00
       4960     53.500     8.5189     8.5082    -0.0106    3.66048    3.66114          1     5.5707     5.6295       9.97     0.0467  4.872e-14  1.000e-12  2.053e+03    34.8776    34.8951     0.0175    27.0984    27.1138     52.995     53.153      0.248    1485.15    1485.13  0.000e+00
       5010     54.000     8.5145     8.5119    -0.0026    3.66132    3.66214          1     5.6091     5.6754       9.97     0.0443  4.860e-14  1.000e-12  2.058e+03    34.8905    34.9018     0.0112    27.1093    27.1185     53.491     53.649      0.268    1485.16    1485.16  0.000e+00
       5050     54.500     8.5109     8.5083    -0.0027    3.66188    3.66274          1     5.6482     5.7065       9.97     0.0445  4.854e-14  1.000e-12  2.060e+03    34.8997    34.9116     0.0118    27.1170    27.1267     53.986     54.145      0.303    1485.16    1485.16  0.000e+00
       5093     55.000     8.4817     8.4716    -0.0101    3.65899    3.65970          1     5.6624     5.6868       9.97     0.0459  4.856e-14  1.000e-12  2.059e+03    34.8977    34.9154     0.0176    27.1200    27.1354     54.481     54.640      0.267    1485.06    1485.04  0.000e+00
       5137     55.500     8.4413     8.4317    -0.0097    3.65596    3.65657          1     5.6552     5.6890       9.97     0.0444  4.856e-14  1.000e-12  2.059e+03    34.9054    34.9215     0.0161    27.1322    27.1464     54.976     55.136      0.283    1484.93    1484.91  0.000e+00
       5180     56.000     8.4110     8.3864    -0.0246    3.65415    3.65398          1     5.6693     5.7306       9.97     0.0482  4.859e-14  1.000e-12  2.058e+03    34.9160    34.9385     0.0225    27.1453    27.1667     55.471     55.632      0.254    1484.83    1484.77  0.000e+00
       5231     56.500     8.3634     8.3212    -0.0421    3.65009    3.64840          1     5.7036     5.7452       9.97     0.0473  4.862e-14  1.000e-12  2.057e+03    34.9197    34.9436     0.0239    27.1556    27.1808     55.967     56.128      0.249    1484.67    1484.54  0.000e+00
