ctdpy/tests/etc/all_smhi_bas_2018/SBE09_1044_20180129_1937_34_02_0032.cnv
* Sea-Bird SBE 9 Data File:
* FileName = C:\ctd\temp\2018\ME18D032.hex
* Software Version Seasave V 7.26.6.26
* Temperature SN = 5351
* Conductivity SN = 3941
* Number of Bytes Per Scan = 41
* Number of Voltage Words = 4
* Number of Scans Averaged by the Deck Unit = 1
* NMEA Latitude = 58 52.92 N
* NMEA Longitude = 020 19.64 E
* NMEA UTC (Time) = Jan 29 2018  19:37:43
* NMEA baud rate = 4800
** Station:  BY29/LL19
** Operator:  JKro
** Ship: MERI
** Average sound velocity: 1442.05 m/s
** True-depth calculation Mon, 29 Jan 2018 20:59:20 +0000
** CTD Python Module SMHI /ver 3-12/ feb 2012 
** LIMS Job: 20183402-0032
** Cruise: SMHI-01-2018
** Latitude [GG MM.mm N] :
** Longitude [GG MM.mm E]:
# nquan = 26
# nvalues = 343                         
# units = specified
# name 0 = scan: Scan Count
# name 1 = prDM: Pressure, Digiquartz [db]
# name 2 = t090C: Temperature [ITS-90, deg C]
# name 3 = t190C: Temperature, 2 [ITS-90, deg C]
# name 4 = T2-T190C: Temperature Difference, 2 - 1 [ITS-90, deg C]
# name 5 = c0S/m: Conductivity [S/m]
# name 6 = c1S/m: Conductivity, 2 [S/m]
# name 7 = pumps: Pump Status
# name 8 = sbeox0ML/L: Oxygen, SBE 43 [ml/l]
# name 9 = sbeox1ML/L: Oxygen, SBE 43, 2 [ml/l]
# name 10 = altM: Altimeter [m]
# name 11 = flECO-AFL: Chl-a Fluorescence, WET Labs ECO-AFL/FL [mg/m^3]
# name 12 = flECO-AFL1: Phycocyanin Fluorescence, WET Labs ECO-AFL/FL, 2 [mg/m^3]
# name 13 = par: PAR/Irradiance, Biospherical/Lico [µE/(cm^2*s)]
# name 14 = turbWETntu0: Turbidity, WET Labs ECO [NTU]
# name 15 = sal00: Salinity, Practical [PSU]
# name 16 = sal11: Salinity, Practical, 2 [PSU]
# name 17 = secS-priS: Salinity, Practical, Difference, 2 - 1 [PSU]
# name 18 = sigma-t00: Density [sigma-t, Kg/m^3 ]
# name 19 = sigma-t11: Density, 2 [sigma-t, Kg/m^3 ]
# name 20 = depSM: Depth [salt water, m], lat = 58.882
# name 21 = depFM: Depth [true depth, m], lat = 58.882
# name 22 = dz/dtM: Descent Rate [m/s], WS = 2
# name 23 = svCM: Sound Velocity [Chen-Millero, m/s]
# name 24 = svCM1: Sound Velocity, 2 [Chen-Millero, m/s]
# name 25 = flag: flag
# span 0 =      16117,      27143       
# span 1 =      1.000,    172.000       
# span 2 =     4.4452,     6.4565       
# span 3 =     4.4541,     6.4569       
# span 4 =    -0.0129,     0.0172       
# span 5 =   0.757078,   1.285262       
# span 6 =   0.757229,   1.285231       
# span 7 =          1,          1       
# span 8 =    0.00901,    8.20744       
# span 9 =    0.02782,    8.15005       
# span 10 =       0.02,     135.96      
# span 11 =     0.2639,     0.4209      
# span 12 =     0.2604,     0.3994      
# span 13 = 9.9490e-13, 2.3052e-01      
# span 14 =     0.1143,     0.5929      
# span 15 =     7.0691,    11.7452      
# span 16 =     7.0686,    11.7448      
# span 17 =    -0.0153,     0.0063      
# span 18 =     5.6069,     9.1957      
# span 19 =     5.6066,     9.1953      
# span 20 =      0.990,    170.323      
# span 21 =      1.013,    173.893      
# span 22 =     -0.005,      0.951      
# span 23 =    1432.84,    1450.19      
# span 24 =    1432.91,    1450.19      
# span 25 = 0.0000e+00, 0.0000e+00      
# interval = decibars: 0.5              
# start_time = Jan 29 2018 19:37:43 [NMEA time, first data scan]
# bad_flag = -9.990e-29
*END*
[from data line 56]
      18016     29.000     4.5642     4.5647     0.0005    0.76934    0.76932          1     8.1319     8.1005      97.48     0.3300     0.3777  1.000e-12  0.1931000     7.1635     7.1631    -0.0003     5.6789     5.6786     28.727     29.372      0.774    1433.93    1433.93  0.000e+00
      18038     29.500     4.5600     4.5617     0.0016    0.76954    0.76946          1     8.1420     8.0969      97.45     0.3372     0.3383  1.000e-12  0.1946000     7.1663     7.1652    -0.0011     5.6813     5.6804     29.222     29.879      0.477    1433.92    1433.93  0.000e+00
      18121     30.000     4.5495     4.5514     0.0019    0.76992    0.76985          1     8.1444     8.1106      97.36     0.3418     0.3153  1.000e-12  0.1583000     7.1723     7.1711    -0.0012     5.6864     5.6854     29.718     30.385      0.534    1433.89    1433.90  0.000e+00
      18132     30.500     4.5490     4.5493     0.0004    0.77055    0.77047          1     8.1487     8.1127      97.37     0.3383     0.3191  1.000e-12  0.1714000     7.1786     7.1778    -0.0008     5.6914     5.6908     30.213     30.891      0.852    1433.90    1433.90  0.000e+00
      18144     31.000     4.5487     4.5492     0.0006    0.77114    0.77111          1     8.1573     8.1116      97.41     0.3446     0.3163  1.000e-12  0.1895000     7.1846     7.1842    -0.0004     5.6962     5.6958     30.708     31.398      0.951    1433.92    1433.92  0.000e+00
      18156     31.500     4.5451     4.5458     0.0006    0.77148    0.77144          1     8.1625     8.1088      97.40     0.3517     0.3154  1.000e-12  0.2026000     7.1887     7.1882    -0.0006     5.6996     5.6991     31.203     31.904      0.901    1433.91    1433.92  0.000e+00
      18171     32.000     4.5437     4.5442     0.0005    0.77195    0.77189          1     8.1622     8.1102      97.27     0.3504     0.3175  1.000e-12  0.2033000     7.1936     7.1929    -0.0007     5.7035     5.7029     31.699     32.411      0.648    1433.92    1433.92  0.000e+00
      18241     32.500     4.5449     4.5456     0.0007    0.77229    0.77224          1     8.1400     8.1028      96.98     0.3337     0.3376  1.000e-12  0.1866000     7.1967     7.1961    -0.0007     5.7059     5.7054     32.194     32.917      0.389    1433.94    1433.94  0.000e+00
      18278     33.000     4.5454     4.5460     0.0006    0.77244    0.77241          1     8.1409     8.0995      97.22     0.3660     0.3622  1.000e-12  0.1889000     7.1980     7.1976    -0.0005     5.7069     5.7065     32.689     33.423      0.740    1433.95    1433.95  0.000e+00
      18292     33.500     4.5448     4.5455     0.0006    0.77252    0.77247          1     8.1462     8.1009      97.27     0.3721     0.3638  1.000e-12  0.1902000     7.1989     7.1983    -0.0006     5.7077     5.7071     33.184     33.930      0.853    1433.96    1433.96  0.000e+00
      18305     34.000     4.5439     4.5445     0.0005    0.77259    0.77253          1     8.1466     8.0956      97.31     0.3487     0.3579  1.000e-12  0.1849000     7.1997     7.1990    -0.0006     5.7083     5.7078     33.680     34.436      0.847    1433.96    1433.96  0.000e+00
      18320     34.500     4.5436     4.5440     0.0005    0.77262    0.77258          1     8.1418     8.0970      97.36     0.3466     0.3331  1.000e-12  0.1821000     7.2000     7.1996    -0.0004     5.7085     5.7082     34.175     34.942      0.715    1433.97    1433.97  0.000e+00
      18344     35.000     4.5430     4.5437     0.0007    0.77268    0.77264          1     8.1398     8.0977      97.51     0.3381     0.3207  1.000e-12  0.1845000     7.2007     7.2002    -0.0005     5.7091     5.7087     34.670     35.449      0.387    1433.98    1433.98  0.000e+00
      18429     35.500     4.5427     4.5433     0.0007    0.77280    0.77277          1     8.1346     8.1039      97.55     0.3302     0.2996  1.000e-12  0.1762000     7.2019     7.2014    -0.0005     5.7101     5.7097     35.165     35.955      0.390    1433.98    1433.99  0.000e+00
      18444     36.000     4.5430     4.5435     0.0006    0.77294    0.77291          1     8.1285     8.0985      97.54     0.3395     0.3272  1.000e-12  0.1878000     7.2032     7.2027    -0.0005     5.7111     5.7107     35.661     36.462      0.712    1433.99    1434.00  0.000e+00
      18458     36.500     4.5436     4.5444     0.0008    0.77307    0.77307          1     8.1286     8.0980      97.56     0.3509     0.3283  1.000e-12  0.2043000     7.2043     7.2041    -0.0002     5.7120     5.7118     36.156     36.968      0.802    1434.01    1434.01  0.000e+00
      18473     37.000     4.5449     4.5451     0.0002    0.77318    0.77315          1     8.1347     8.0992      97.56     0.3450     0.3574  1.000e-12  0.2001000     7.2050     7.2047    -0.0004     5.7125     5.7122     36.651     37.474      0.761    1434.02    1434.02  0.000e+00
      18491     37.500     4.5455     4.5457     0.0002    0.77325    0.77320          1     8.1388     8.1009      97.55     0.3282     0.3403  1.000e-12  0.1912000     7.2055     7.2050    -0.0005     5.7128     5.7124     37.146     37.981      0.556    1434.03    1434.03  0.000e+00
      18535     38.000     4.5468     4.5473     0.0006    0.77334    0.77331          1     8.1468     8.0904      97.52     0.3386     0.3248  1.000e-12  0.1875000     7.2061     7.2057    -0.0004     5.7133     5.7129     37.642     38.487      0.259    1434.05    1434.05  0.000e+00
      18585     38.500     4.5481     4.5486     0.0005    0.77344    0.77341          1     8.1462     8.0915      97.50     0.3332     0.3202  1.000e-12  0.1831000     7.2067     7.2063    -0.0005     5.7138     5.7134     38.137     38.993      0.412    1434.06    1434.06  0.000e+00
      18608     39.000     4.5490     4.5498     0.0007    0.77351    0.77348          1     8.1319     8.0896      97.49     0.3371     0.3175  1.000e-12  0.1991000     7.2071     7.2067    -0.0004     5.7140     5.7137     38.632     39.500      0.555    1434.07    1434.08  0.000e+00
      18629     39.500     4.5517     4.5522     0.0006    0.77368    0.77365          1     8.1312     8.0914      97.53     0.3405     0.3047  1.000e-12  0.1933000     7.2082     7.2078    -0.0004     5.7148     5.7144     39.127     40.006      0.572    1434.10    1434.10  0.000e+00
      18651     40.000     4.5552     4.5558     0.0006    0.77390    0.77388          1     8.1348     8.0997      97.54     0.3384     0.3097  1.000e-12  0.1873000     7.2096     7.2092    -0.0004     5.7158     5.7155     39.623     40.513      0.519    1434.12    1434.12  0.000e+00
      18676     40.500     4.5564     4.5570     0.0006    0.77398    0.77395          1     8.1375     8.1053      97.52     0.3385     0.3166  1.000e-12  0.1941000     7.2101     7.2096    -0.0005     5.7161     5.7158     40.118     41.019      0.444    1434.13    1434.14  0.000e+00
      18708     41.000     4.5578     4.5583     0.0005    0.77407    0.77404          1     8.1376     8.0926      97.54     0.3380     0.3142  1.000e-12  0.1941000     7.2106     7.2101    -0.0005     5.7165     5.7161     40.613     41.525      0.309    1434.15    1434.15  0.000e+00
      18757     41.500     4.5602     4.5606     0.0004    0.77422    0.77418          1     8.1420     8.0818      97.48     0.3296     0.3492  1.000e-12  0.2002000     7.2115     7.2110    -0.0005     5.7171     5.7168     41.108     42.032      0.272    1434.17    1434.17  0.000e+00
      18788     42.000     4.5617     4.5624     0.0008    0.77434    0.77431          1     8.1333     8.0768      97.47     0.3349     0.3313  1.000e-12  0.1880000     7.2123     7.2119    -0.0004     5.7177     5.7174     41.604     42.538      0.543    1434.19    1434.19  0.000e+00
      18807     42.500     4.5634     4.5637     0.0003    0.77443    0.77440          1     8.1276     8.0800      97.48     0.3445     0.3182  1.000e-12  0.1895000     7.2128     7.2124    -0.0004     5.7181     5.7177     42.099     43.044      0.666    1434.20    1434.20  0.000e+00
      18824     43.000     4.5647     4.5651     0.0004    0.77452    0.77450          1     8.1282     8.0886      97.49     0.3471     0.3164  1.000e-12  0.1956000     7.2133     7.2130    -0.0003     5.7184     5.7182     42.594     43.551      0.644    1434.22    1434.22  0.000e+00
      18845     43.500     4.5655     4.5662     0.0007    0.77466    0.77463          1     8.1338     8.0913      97.50     0.3316     0.3324  1.000e-12  0.1864000     7.2145     7.2140    -0.0005     5.7194     5.7189     43.089     44.057      0.461    1434.23    1434.23  0.000e+00
      18888     44.000     4.5663     4.5665     0.0002    0.77483    0.77475          1     8.1351     8.0811      97.48     0.3550     0.3221  1.000e-12  0.1950000     7.2160     7.2151    -0.0009     5.7205     5.7198     43.584     44.564      0.235    1434.24    1434.24  0.000e+00
      18931     44.500     4.5784     4.5780    -0.0003    0.77588    0.77575          1     8.1245     8.0892      97.52     0.3237     0.3102  1.000e-12  0.1830000     7.2238     7.2226    -0.0012     5.7263     5.7253     44.080     45.070      0.437    1434.31    1434.31  0.000e+00
      18953     45.000     4.5848     4.5854     0.0006    0.77657    0.77647          1     8.1170     8.0889      97.52     0.3398     0.2845  1.000e-12  0.2066000     7.2291     7.2281    -0.0011     5.7303     5.7294     44.575     45.576      0.578    1434.36    1434.36  0.000e+00
      18972     45.500     4.5853     4.5859     0.0006    0.77692    0.77690          1     8.1108     8.0907      97.53     0.3311     0.2682  1.000e-12  0.1816000     7.2325     7.2322    -0.0004     5.7330     5.7327     45.070     46.083      0.580    1434.37    1434.37  0.000e+00
      18996     46.000     4.5889     4.5881    -0.0008    0.77761    0.77740          1     8.1143     8.0838      97.54     0.3386     0.3017  1.000e-12  0.1890000     7.2386     7.2366    -0.0019     5.7376     5.7362     45.565     46.589      0.425    1434.40    1434.40  0.000e+00
      19042     46.500     4.5952     4.5949    -0.0003    0.77823    0.77810          1     8.1145     8.0695      97.54     0.3410     0.3160  1.000e-12  0.1848000     7.2433     7.2421    -0.0012     5.7412     5.7403     46.061     47.095      0.258    1434.44    1434.44  0.000e+00
      19079     47.000     4.5964     4.5967     0.0003    0.77837    0.77830          1     8.1008     8.0700      97.53     0.3505     0.3449  1.000e-12  0.1785000     7.2443     7.2436    -0.0007     5.7420     5.7414     46.556     47.602      0.542    1434.46    1434.46  0.000e+00
      19097     47.500     4.6012     4.6007    -0.0005    0.77881    0.77871          1     8.1029     8.0675      97.53     0.3266     0.3380  1.000e-12  0.1715000     7.2477     7.2467    -0.0009     5.7445     5.7438     47.051     48.108      0.703    1434.49    1434.49  0.000e+00
      19112     48.000     4.6022     4.6024     0.0003    0.77909    0.77904          1     8.1069     8.0660      97.52     0.3228     0.3302  1.000e-12  0.1759000     7.2502     7.2497    -0.0005     5.7464     5.7460     47.546     48.614      0.698    1434.51    1434.51  0.000e+00
      19133     48.500     4.6033     4.6038     0.0006    0.77930    0.77928          1     8.1063     8.0702      97.48     0.3279     0.3443  1.000e-12  0.1805000     7.2520     7.2516    -0.0004     5.7478     5.7475     48.041     49.121      0.462    1434.52    1434.53  0.000e+00
      19200     49.000     4.6040     4.6043     0.0002    0.77942    0.77933          1     8.0939     8.0613      97.45     0.3518     0.3219  1.000e-12  0.1575000     7.2529     7.2520    -0.0009     5.7485     5.7478     48.537     49.627      0.348    1434.54    1434.53  0.000e+00
      19227     49.500     4.6061     4.6065     0.0004    0.77977    0.77973          1     8.1033     8.0476      97.47     0.3603     0.3165  1.000e-12  0.1852000     7.2560     7.2554    -0.0005     5.7509     5.7504     49.032     50.134      0.664    1434.56    1434.56  0.000e+00
      19243     50.000     4.6095     4.6093    -0.0001    0.78022    0.78013          1     8.1131     8.0431      97.46     0.3466     0.3200  1.000e-12  0.1679000     7.2596     7.2588    -0.0008     5.7537     5.7530     49.527     50.640      0.757    1434.58    1434.58  0.000e+00
      19259     50.500     4.6180     4.6178    -0.0002    0.78125    0.78117          1     8.1077     8.0444      97.54     0.3409     0.2791  1.000e-12  0.1620000     7.2680     7.2672    -0.0008     5.7600     5.7594     50.022     51.146      0.683    1434.64    1434.64  0.000e+00
      19282     51.000     4.6196     4.6204     0.0008    0.78159    0.78155          1     8.0934     8.0438      97.69     0.3339     0.3008  1.000e-12  0.1706000     7.2710     7.2703    -0.0006     5.7623     5.7618     50.517     51.653      0.408    1434.66    1434.66  0.000e+00
      19330     51.500     4.6189     4.6194     0.0005    0.78173    0.78165          1     8.0761     8.0368      98.05     0.3326     0.3515  1.000e-12  0.1606000     7.2725     7.2716    -0.0009     5.7636     5.7628     51.013     52.159      0.283    1434.66    1434.67  0.000e+00
      19360     52.000     4.6340     4.6331    -0.0008    0.78284    0.78270          1     8.0732     8.0361      98.34     0.3143     0.3167  1.000e-12  0.1657000     7.2801     7.2790    -0.0011     5.7691     5.7683     51.508     52.665      0.507    1434.75    1434.74  0.000e+00
      19382     52.500     4.6374     4.6380     0.0007    0.78319    0.78316          1     8.0797     8.0477      98.39     0.2965     0.3128  1.000e-12  0.1619000     7.2829     7.2824    -0.0005     5.7712     5.7708     52.003     53.172      0.495    1434.78    1434.78  0.000e+00
      19414     53.000     4.6395     4.6399     0.0004    0.78337    0.78332          1     8.0838     8.0470      98.49     0.2990     0.3156  1.000e-12  0.1492000     7.2841     7.2835    -0.0006     5.7721     5.7716     52.498     53.678      0.319    1434.80    1434.80  0.000e+00
      19454     53.500     4.6430     4.6431     0.0001    0.78364    0.78359          1     8.0710     8.0308      98.53     0.3080     0.2988  1.000e-12  0.1685000     7.2860     7.2854    -0.0005     5.7734     5.7730     52.993     54.184      0.402    1434.82    1434.82  0.000e+00
      19477     54.000     4.6447     4.6453     0.0006    0.78371    0.78369          1     8.0744     8.0328      98.43     0.2972     0.3007  1.000e-12  0.1534000     7.2863     7.2859    -0.0004     5.7736     5.7733     53.489     54.691      0.617    1434.84    1434.84  0.000e+00
      19494     54.500     4.6492     4.6493     0.0001    0.78396    0.78392          1     8.0723     8.0304      98.49     0.3041     0.3288  1.000e-12  0.1538000     7.2877     7.2872    -0.0005     5.7746     5.7742     53.984     55.197      0.675    1434.87    1434.87  0.000e+00
      19512     55.000     4.6757     4.6757    -0.0001    0.78515    0.78508          1     8.0495     8.0125      98.45     0.3191     0.3375  1.000e-12  0.1611000     7.2936     7.2930    -0.0006     5.7784     5.7779     54.479     55.703      0.565    1435.00    1435.00  0.000e+00
      19551     55.500     4.7001     4.6988    -0.0012    0.78631    0.78623          1     8.0259     7.9908      98.50     0.3347     0.3301  1.000e-12  0.1616000     7.2998     7.2993    -0.0005     5.7825     5.7821     54.974     56.210      0.282    1435.12    1435.12  0.000e+00
      19607     56.000     4.7070     4.7066    -0.0004    0.78688    0.78674          1     8.0261     7.9920      98.41     0.3157     0.3127  1.000e-12  0.1623000     7.3039     7.3026    -0.0013     5.7854     5.7844     55.470     56.716      0.447    1435.17    1435.16  0.000e+00
