ctdpy/tests/etc/all_smhi_bas_2018/SBE09_0827_20180904_2238_26_01_0961.cnv
* Sea-Bird SBE 9 Data File:
* FileName = D:\CTD_SBE911\DAT\26DA.2018.9.11.hex
* Software Version Seasave V 7.21d
* Temperature SN = 034605
* Conductivity SN = 041844
* Number of Bytes Per Scan = 48
* Number of Voltage Words = 5
* Number of Scans Averaged by the Deck Unit = 1
* NMEA Latitude = 57 59.91 N
* NMEA Longitude = 019 52.90 E
* NMEA UTC (Time) = Sep 04 2018  22:41:21
* NMEA baud rate = 4800
** Ship: DANA
** Average sound velocity: 1450.27 m/s
** True-depth calculation Wed, 03 Apr 2019 09:29:03 +0000
** CTD Python Module SMHI /ver 3-12/ feb 2012 
** LIMS Job: 20182601-0961
**  BY20
** Operator: Christian JKro
** Cruise: 09/2018
# nquan = 26
# nvalues = 382                         
# units = specified
# name 0 = scan: Scan Count
# name 1 = prDM: Pressure, Digiquartz [db]
# name 2 = t090C: Temperature [ITS-90, deg C]
# name 3 = t190C: Temperature, 2 [ITS-90, deg C]
# name 4 = T2-T190C: Temperature Difference, 2 - 1 [ITS-90, deg C]
# name 5 = c0S/m: Conductivity [S/m]
# name 6 = c1S/m: Conductivity, 2 [S/m]
# name 7 = pumps: Pump Status
# name 8 = sbeox1ML/L: Oxygen, SBE 43, 2 [ml/l]
# name 9 = sbeox0ML/L: Oxygen, SBE 43 [ml/l]
# name 10 = altM: Altimeter [m]
# name 11 = chloroflTC0: Chlorophyll, Turner Cyclops [ug/l]
# name 12 = cpar: CPAR/Corrected Irradiance [%]
# name 13 = par: PAR/Irradiance, Biospherical/Lico [µE/(cm^2*s)]
# name 14 = spar: SPAR, Biospherical/Licor
# name 15 = sal00: Salinity, Practical [PSU]
# name 16 = sal11: Salinity, Practical, 2 [PSU]
# name 17 = secS-priS: Salinity, Practical, Difference, 2 - 1 [PSU]
# name 18 = sigma-t00: Density [sigma-t, kg/m^3 ]
# name 19 = sigma-t11: Density, 2 [sigma-t, kg/m^3 ]
# name 20 = depSM: Depth [salt water, m], lat = 57.9985
# name 21 = depFM: Depth [true depth, m], lat = 57.9985
# name 22 = dz/dtM: Descent Rate [m/s], WS = 2
# name 23 = svCM: Sound Velocity [Chen-Millero, m/s]
# name 24 = svCM1: Sound Velocity, 2 [Chen-Millero, m/s]
# name 25 = flag: flag
# span 0 =        100,      15790       
# span 1 =      1.500,    192.000       
# span 2 =     3.1916,    18.5020       
# span 3 =     3.1935,    18.5010       
# span 4 =    -1.0574,     0.2673       
# span 5 =   0.747061,   1.392472       
# span 6 =   0.748013,   1.391997       
# span 7 =          1,          1       
# span 8 =     0.0309,     7.4722       
# span 9 =     0.0190,     7.7783       
# span 10 =       1.64,      10.02      
# span 11 =     0.0442,     0.2522      
# span 12 = -1.252e+02, 1.4356e+04      
# span 13 = 1.0000e-12, 1.0000e-12      
# span 14 = 1.7393e+00, 2.0333e+00      
# span 15 =     6.3963,    12.6960      
# span 16 =     6.3963,    12.6917      
# span 17 =    -0.2025,     0.1432      
# span 18 =     3.3816,     9.9202      
# span 19 =     3.3790,     9.9169      
# span 20 =      1.486,    190.132      
# span 21 =      1.523,    194.038      
# span 22 =     -0.253,      0.606      
# span 23 =    1427.98,    1485.16      
# span 24 =    1427.99,    1485.16      
# span 25 = 0.0000e+00, 0.0000e+00      
# interval = decibars: 0.5              
# start_time = Sep 04 2018 22:41:21 [NMEA time, first data scan]
# bad_flag = -9.990e-29
*END*
[from data line 335]
      13239    169.000     6.7418     6.7414    -0.0004    1.38680    1.38637          1     0.0399     0.0279       9.97     0.0529  4.924e-11  1.000e-12  2.031e+00    12.6481    12.6440    -0.0041     9.8834     9.8802    167.365    170.841      0.583    1452.46    1452.45  0.000e+00
      13260    169.500     6.7423     6.7423    -0.0001    1.38699    1.38666          1     0.0407     0.0259       9.97     0.0518  4.924e-11  1.000e-12  2.031e+00    12.6497    12.6464    -0.0033     9.8846     9.8821    167.860    171.345      0.525    1452.47    1452.47  0.000e+00
      13287    170.000     6.7430     6.7433     0.0003    1.38722    1.38694          1     0.0419     0.0256       9.97     0.0519  4.924e-11  1.000e-12  2.031e+00    12.6516    12.6487    -0.0029     9.8860     9.8837    168.355    171.850      0.401    1452.49    1452.49  0.000e+00
      13319    170.500     6.7442     6.7444     0.0002    1.38748    1.38708          1     0.0409     0.0269       9.97     0.0514  4.924e-11  1.000e-12  2.031e+00    12.6536    12.6496    -0.0040     9.8875     9.8844    168.850    172.354      0.420    1452.50    1452.50  0.000e+00
      13344    171.000     6.7453     6.7455     0.0002    1.38769    1.38734          1     0.0406     0.0232       9.97     0.0526  2.891e-04  1.000e-12  2.031e+00    12.6552    12.6517    -0.0035     9.8887     9.8859    169.345    172.858      0.546    1452.52    1452.52  0.000e+00
      13364    171.500     6.7459     6.7458    -0.0001    1.38794    1.38755          1     0.0413     0.0290       9.97     0.0517  5.042e+03  1.000e-12  1.928e+00    12.6574    12.6536    -0.0038     9.8903     9.8874    169.840    173.363      0.594    1452.53    1452.53  0.000e+00
      13384    172.000     6.7464     6.7459    -0.0005    1.38812    1.38781          1     0.0400     0.0271       9.97     0.0529  7.764e+01  1.000e-12  2.029e+00    12.6588    12.6560    -0.0029     9.8915     9.8893    170.335    173.867      0.532    1452.54    1452.54  0.000e+00
      13411    172.500     6.7467     6.7461    -0.0005    1.38839    1.38818          1     0.0408     0.0233       9.97     0.0529  1.031e-06  1.000e-12  2.031e+00    12.6613    12.6594    -0.0019     9.8934     9.8919    170.830    174.371      0.402    1452.56    1452.55  0.000e+00
      13443    173.000     6.7469     6.7464    -0.0005    1.38876    1.38857          1     0.0392     0.0300       9.97     0.0535  6.025e+03  1.000e-12  1.908e+00    12.6647    12.6631    -0.0017     9.8961     9.8948    171.325    174.875      0.423    1452.57    1452.56  0.000e+00
      13467    173.500     6.7471     6.7466    -0.0005    1.38913    1.38884          1     0.0392     0.0249       9.97     0.0529  1.363e+03  1.000e-12  2.003e+00    12.6683    12.6656    -0.0027     9.8988     9.8967    171.820    175.380      0.552    1452.58    1452.58  0.000e+00
      13487    174.000     6.7472     6.7465    -0.0007    1.38948    1.38914          1     0.0413     0.0229       9.97     0.0535  1.324e+01  1.000e-12  2.030e+00    12.6715    12.6685    -0.0031     9.9014     9.8990    172.315    175.884      0.590    1452.59    1452.59  0.000e+00
      13508    174.500     6.7473     6.7467    -0.0006    1.38966    1.38937          1     0.0417     0.0258       9.97     0.0538  4.272e-02  1.000e-12  2.031e+00    12.6732    12.6705    -0.0027     9.9027     9.9006    172.810    176.388      0.517    1452.60    1452.60  0.000e+00
      13536    175.000     6.7475     6.7468    -0.0006    1.38986    1.38949          1     0.0415     0.0244       9.97     0.0546  3.051e+03  1.000e-12  1.969e+00    12.6750    12.6716    -0.0034     9.9041     9.9015    173.305    176.892      0.386    1452.62    1452.61  0.000e+00
      13570    175.500     6.7476     6.7469    -0.0007    1.39001    1.38955          1     0.0411     0.0261       9.97     0.0549 -1.252e+02  1.000e-12  2.033e+00    12.6764    12.6721    -0.0043     9.9051     9.9018    173.800    177.397      0.383    1452.63    1452.62  0.000e+00
      13597    176.000     6.7476     6.7469    -0.0007    1.39006    1.38958          1     0.0405     0.0251       9.97     0.0561  2.653e-04  1.000e-12  2.031e+00    12.6767    12.6722    -0.0045     9.9054     9.9019    174.295    177.901      0.522    1452.63    1452.63  0.000e+00
      13617    176.500     6.7476     6.7470    -0.0006    1.39010    1.38963          1     0.0411     0.0255       9.97     0.0560  4.986e+03  1.000e-12  1.929e+00    12.6770    12.6726    -0.0044     9.9056     9.9022    174.790    178.405      0.587    1452.64    1452.63  0.000e+00
      13638    177.000     6.7478     6.7472    -0.0007    1.39014    1.38969          1     0.0402     0.0258       9.97     0.0540  5.860e+03  1.000e-12  1.912e+00    12.6773    12.6731    -0.0042     9.9058     9.9026    175.285    178.910      0.536    1452.65    1452.64  0.000e+00
      13665    177.500     6.7479     6.7471    -0.0008    1.39019    1.38975          1     0.0424     0.0243       9.97     0.0537  2.323e+03  1.000e-12  1.984e+00    12.6777    12.6736    -0.0040     9.9061     9.9030    175.780    179.414      0.391    1452.66    1452.65  0.000e+00
      13698    178.000     6.7479     6.7472    -0.0007    1.39026    1.38981          1     0.0393     0.0269       9.97     0.0548 -1.231e+02  1.000e-12  2.033e+00    12.6782    12.6740    -0.0042     9.9065     9.9033    176.275    179.918      0.406    1452.67    1452.66  0.000e+00
      13723    178.500     6.7480     6.7473    -0.0006    1.39032    1.38989          1     0.0396     0.0245       9.97     0.0557  1.725e-06  1.000e-12  2.031e+00    12.6787    12.6746    -0.0040     9.9069     9.9038    176.769    180.422      0.559    1452.68    1452.67  0.000e+00
      13742    179.000     6.7482     6.7479    -0.0002    1.39042    1.38998          1     0.0391     0.0244       9.97     0.0543  5.000e+03  1.000e-12  1.929e+00    12.6795    12.6752    -0.0043     9.9076     9.9042    177.264    180.927      0.598    1452.69    1452.68  0.000e+00
      13763    179.500     6.7486     6.7481    -0.0005    1.39048    1.39005          1     0.0388     0.0250       9.97     0.0546  4.358e+03  1.000e-12  1.942e+00    12.6799    12.6758    -0.0041     9.9078     9.9046    177.759    181.431      0.514    1452.70    1452.69  0.000e+00
      13792    180.000     6.7488     6.7481    -0.0007    1.39054    1.39009          1     0.0390     0.0249       9.97     0.0540  8.060e+01  1.000e-12  2.029e+00    12.6802    12.6760    -0.0042     9.9081     9.9048    178.254    181.935      0.393    1452.71    1452.70  0.000e+00
      13822    180.500     6.7489     6.7482    -0.0007    1.39058    1.39011          1     0.0396     0.0244       9.97     0.0537 -6.077e-02  1.000e-12  2.031e+00    12.6805    12.6761    -0.0044     9.9083     9.9049    178.749    182.439      0.445    1452.72    1452.71  0.000e+00
      13846    181.000     6.7490     6.7482    -0.0008    1.39060    1.39012          1     0.0395     0.0250       9.97     0.0537  9.242e-06  1.000e-12  2.031e+00    12.6806    12.6761    -0.0045     9.9083     9.9049    179.244    182.944      0.551    1452.73    1452.72  0.000e+00
      13867    181.500     6.7491     6.7483    -0.0008    1.39062    1.39016          1     0.0389     0.0248       9.97     0.0544  4.690e+03  1.000e-12  1.936e+00    12.6807    12.6763    -0.0043     9.9084     9.9051    179.739    183.448      0.563    1452.73    1452.73  0.000e+00
      13890    182.000     6.7491     6.7483    -0.0008    1.39064    1.39019          1     0.0410     0.0257       9.97     0.0560  3.883e+03  1.000e-12  1.952e+00    12.6807    12.6765    -0.0042     9.9084     9.9052    180.234    183.952      0.464    1452.74    1452.73  0.000e+00
      13921    182.500     6.7492     6.7484    -0.0008    1.39069    1.39023          1     0.0421     0.0228       9.97     0.0570  5.538e+03  1.000e-12  1.918e+00    12.6810    12.6768    -0.0043     9.9087     9.9054    180.729    184.457      0.354    1452.75    1452.74  0.000e+00
      13953    183.000     6.7493     6.7488    -0.0005    1.39074    1.39030          1     0.0396     0.0260       9.97     0.0541 -1.241e+02  1.000e-12  2.033e+00    12.6814    12.6773    -0.0042     9.9090     9.9058    181.224    184.961      0.457    1452.76    1452.75  0.000e+00
      13976    183.500     6.7495     6.7490    -0.0005    1.39081    1.39036          1     0.0399     0.0269       9.97     0.0544  7.558e-03  1.000e-12  2.031e+00    12.6819    12.6777    -0.0042     9.9093     9.9060    181.719    185.465      0.561    1452.77    1452.76  0.000e+00
      13997    184.000     6.7498     6.7493    -0.0005    1.39087    1.39045          1     0.0390     0.0224       9.96     0.0550  4.924e-11  1.000e-12  2.031e+00    12.6823    12.6783    -0.0040     9.9096     9.9066    182.214    185.969      0.540    1452.78    1452.77  0.000e+00
      14022    184.500     6.7500     6.7495    -0.0005    1.39095    1.39059          1     0.0398     0.0249       9.61     0.0537  4.924e-11  1.000e-12  2.031e+00    12.6830    12.6796    -0.0034     9.9101     9.9075    182.709    186.474      0.411    1452.79    1452.78  0.000e+00
      14056    185.000     6.7504     6.7500    -0.0004    1.39112    1.39076          1     0.0392     0.0253       9.12     0.0559  4.924e-11  1.000e-12  2.031e+00    12.6844    12.6810    -0.0034     9.9112     9.9086    183.204    186.978      0.377    1452.80    1452.79  0.000e+00
      14083    185.500     6.7507     6.7501    -0.0006    1.39125    1.39082          1     0.0403     0.0252       8.64     0.0549  4.924e-11  1.000e-12  2.031e+00    12.6854    12.6814    -0.0040     9.9120     9.9089    183.698    187.482      0.518    1452.81    1452.80  0.000e+00
      14104    186.000     6.7507     6.7501    -0.0007    1.39132    1.39090          1     0.0376     0.0240       8.12     0.0541  5.296e-02  1.000e-12  2.031e+00    12.6860    12.6821    -0.0039     9.9124     9.9094    184.193    187.986      0.595    1452.82    1452.81  0.000e+00
      14124    186.500     6.7509     6.7502    -0.0007    1.39143    1.39115          1     0.0391     0.0244       7.63     0.0547  4.737e+03  1.000e-12  1.935e+00    12.6870    12.6844    -0.0026     9.9132     9.9112    184.688    188.491      0.556    1452.83    1452.82  0.000e+00
      14149    187.000     6.7511     6.7503    -0.0008    1.39160    1.39132          1     0.0377     0.0239       7.08     0.0541  1.278e+02  1.000e-12  2.028e+00    12.6885    12.6860    -0.0025     9.9144     9.9125    185.183    188.995      0.423    1452.84    1452.83  0.000e+00
      14181    187.500     6.7511     6.7504    -0.0007    1.39178    1.39148          1     0.0399     0.0257       6.57     0.0550  3.197e+03  1.000e-12  1.966e+00    12.6901    12.6875    -0.0027     9.9157     9.9136    185.678    189.499      0.384    1452.85    1452.84  0.000e+00
      14209    188.000     6.7512     6.7504    -0.0007    1.39197    1.39160          1     0.0378     0.0241       6.08     0.0551 -3.935e+01  1.000e-12  2.032e+00    12.6919    12.6885    -0.0034     9.9170     9.9144    186.173    190.004      0.500    1452.86    1452.85  0.000e+00
      14231    188.500     6.7512     6.7505    -0.0007    1.39209    1.39169          1     0.0362     0.0236       5.56     0.0562  4.924e-11  1.000e-12  2.031e+00    12.6929    12.6892    -0.0037     9.9178     9.9150    186.668    190.508      0.547    1452.87    1452.86  0.000e+00
      14253    189.000     6.7513     6.7504    -0.0009    1.39217    1.39177          1     0.0378     0.0253       5.06     0.0555  3.236e-10  1.000e-12  2.031e+00    12.6936    12.6900    -0.0036     9.9184     9.9156    187.163    191.012      0.492    1452.88    1452.87  0.000e+00
      14282    189.500     6.7512     6.7503    -0.0008    1.39225    1.39185          1     0.0358     0.0217       4.53     0.0552  2.984e+03  1.000e-12  1.970e+00    12.6944    12.6907    -0.0036     9.9190     9.9162    187.658    191.516      0.387    1452.89    1452.88  0.000e+00
      14314    190.000     6.7512     6.7503    -0.0008    1.39234    1.39190          1     0.0365     0.0252       4.05     0.0563  9.431e+02  1.000e-12  2.012e+00    12.6952    12.6911    -0.0040     9.9196     9.9165    188.153    192.021      0.392    1452.90    1452.89  0.000e+00
      14342    190.500     6.7511     6.7504    -0.0007    1.39239    1.39196          1     0.0360     0.0230       3.57     0.0561  2.824e+03  1.000e-12  1.973e+00    12.6955    12.6915    -0.0040     9.9199     9.9168    188.648    192.525      0.474    1452.91    1452.90  0.000e+00
      14365    191.000     6.7512     6.7505    -0.0007    1.39243    1.39197          1     0.0369     0.0250       3.78     0.0560  4.545e+03  1.000e-12  1.938e+00    12.6958    12.6915    -0.0043     9.9201     9.9168    189.143    193.029      0.535    1452.91    1452.91  0.000e+00
      14387    191.500     6.7513     6.7505    -0.0008    1.39246    1.39199          1     0.0398     0.0236       3.36     0.0553  1.144e+02  1.000e-12  2.029e+00    12.6960    12.6917    -0.0043     9.9202     9.9169    189.637    193.533      0.474    1452.92    1452.91  0.000e+00
      15790    192.000     6.7513     6.7504    -0.0009    1.39247    1.39200          1     0.0309     0.0190       1.64     0.0553  3.359e+02  1.000e-12  2.024e+00    12.6960    12.6916    -0.0044     9.9202     9.9169    190.132    194.038     -0.253    1452.93    1452.92  0.000e+00
