ctdpy/tests/etc/all_smhi_bas_2018/SBE09_1044_20180416_1652_34_07_0008.cnv
* Sea-Bird SBE 9 Data File:
* FileName = C:\ctd\temp\2018\AU18D008.hex
* Software Version Seasave V 7.26.6.26
* Temperature SN = 5351
* Conductivity SN = 3941
* Number of Bytes Per Scan = 41
* Number of Voltage Words = 4
* Number of Scans Averaged by the Deck Unit = 1
* NMEA Latitude = 57 11.56 N
* NMEA Longitude = 011 39.49 E
* NMEA UTC (Time) = Apr 16 2018  16:52:32
* NMEA baud rate = 4800
** Station:  Fladen
** Operator:  SSip
** Ship: AURA
** Average sound velocity: 1474.36 m/s
** True-depth calculation Mon, 16 Apr 2018 18:20:44 +0000
** CTD Python Module SMHI /ver 3-12/ feb 2012 
** LIMS Job: 20183407-0008
** Cruise: SMHI-01-2018
** Latitude [GG MM.mm N] :
** Longitude [GG MM.mm E]:
# nquan = 26
# nvalues = 160                         
# units = specified
# name 0 = scan: Scan Count
# name 1 = prDM: Pressure, Digiquartz [db]
# name 2 = t090C: Temperature [ITS-90, deg C]
# name 3 = t190C: Temperature, 2 [ITS-90, deg C]
# name 4 = T2-T190C: Temperature Difference, 2 - 1 [ITS-90, deg C]
# name 5 = c0S/m: Conductivity [S/m]
# name 6 = c1S/m: Conductivity, 2 [S/m]
# name 7 = pumps: Pump Status
# name 8 = sbeox0ML/L: Oxygen, SBE 43 [ml/l]
# name 9 = sbeox1ML/L: Oxygen, SBE 43, 2 [ml/l]
# name 10 = altM: Altimeter [m]
# name 11 = flECO-AFL: Chl-a Fluorescence, WET Labs ECO-AFL/FL [mg/m^3]
# name 12 = flECO-AFL1: Phycocyanin Fluorescence, WET Labs ECO-AFL/FL, 2 [mg/m^3]
# name 13 = par: PAR/Irradiance, Biospherical/Lico [µE/(cm^2*s)]
# name 14 = turbWETntu0: Turbidity, WET Labs ECO [NTU]
# name 15 = sal00: Salinity, Practical [PSU]
# name 16 = sal11: Salinity, Practical, 2 [PSU]
# name 17 = secS-priS: Salinity, Practical, Difference, 2 - 1 [PSU]
# name 18 = sigma-t00: Density [sigma-t, Kg/m^3 ]
# name 19 = sigma-t11: Density, 2 [sigma-t, Kg/m^3 ]
# name 20 = depSM: Depth [salt water, m], lat = 57.1927
# name 21 = depFM: Depth [true depth, m], lat = 57.1927
# name 22 = dz/dtM: Descent Rate [m/s], WS = 2
# name 23 = svCM: Sound Velocity [Chen-Millero, m/s]
# name 24 = svCM1: Sound Velocity, 2 [Chen-Millero, m/s]
# name 25 = flag: flag
# span 0 =       5584,       8999       
# span 1 =      0.500,     80.000       
# span 2 =     4.2095,     6.9486       
# span 3 =     4.2157,     6.9493       
# span 4 =    -0.3650,     0.0654       
# span 5 =   1.955889,   3.515926       
# span 6 =   1.955936,   3.515979       
# span 7 =          1,          1       
# span 8 =    5.42621,    8.26401       
# span 9 =    5.34231,    8.22272       
# span 10 =       3.86,      96.31      
# span 11 =     0.0588,     9.3511      
# span 12 =     0.1334,     1.4011      
# span 13 = -1.544e-06, 5.3031e+02      
# span 14 =     0.4201,     1.4843      
# span 15 =    19.4247,    34.8770      
# span 16 =    19.4504,    34.8769      
# span 17 =    -0.1604,     0.0396      
# span 18 =    15.1884,    27.3296      
# span 19 =    15.2522,    27.3294      
# span 20 =      0.495,     79.249      
# span 21 =      0.502,     79.451      
# span 22 =     -0.307,      0.666      
# span 23 =    1448.99,    1479.60      
# span 24 =    1449.00,    1479.60      
# span 25 = 0.0000e+00, 0.0000e+00      
# interval = decibars: 0.5              
# start_time = Apr 16 2018 16:52:32 [NMEA time, first data scan]
# bad_flag = -9.990e-29
*END*
       5584      0.500     6.8964     6.5303    -0.3650    2.06101    2.04478          1     7.9959     8.0062      95.81     1.5282     0.3842  5.303e+02  0.6332000    19.4247    19.4642     0.0396    15.1884    15.2544      0.495      0.502      0.137    1458.84    1457.39  0.000e+00
       5609      1.000     6.4755     6.4372    -0.0380    2.04019    2.03838          1     7.9932     8.0143      95.80     1.5655     0.3810  5.289e+02  0.5989000    19.4474    19.4504     0.0029    15.2463    15.2522      0.991      1.003      0.466    1457.15    1457.00  0.000e+00
       5630      1.500     5.8263     5.8926     0.0654    2.00798    2.01100          1     8.0881     8.1158      95.80     1.5773     0.3924  2.963e+02  0.5744000    19.4809    19.4745    -0.0063    15.3304    15.3194      1.486      1.505      0.616    1454.52    1454.78  0.000e+00
       5649      2.000     5.5766     5.5789     0.0026    1.99707    1.99728          1     8.1461     8.1794      95.76     1.5715     0.4032  1.502e+02  0.5571000    19.5092    19.5101     0.0009    15.3740    15.3746      1.982      2.006      0.665    1453.52    1453.53  0.000e+00
       5666      2.500     5.4792     5.5018     0.0223    1.99494    1.99615          1     8.1783     8.2101      95.74     1.4617     0.4128  1.163e+02  0.4810000    19.5428    19.5426    -0.0003    15.4085    15.4065      2.477      2.508      0.666    1453.16    1453.26  0.000e+00
       5685      3.000     5.3054     5.3178     0.0123    1.98663    1.98728          1     8.1776     8.1915      95.74     1.3470     0.3311  9.627e+01  0.4469000    19.5549    19.5547    -0.0002    15.4320    15.4308      2.972      3.010      0.652    1452.45    1452.51  0.000e+00
       5703      3.500     5.2215     5.2326     0.0111    1.98243    1.98302          1     8.2262     8.2048      95.75     1.2592     0.3051  7.894e+01  0.4230000    19.5587    19.5585    -0.0002    15.4415    15.4405      3.468      3.511      0.625    1452.11    1452.16  0.000e+00
       5723      4.000     5.1369     5.1541     0.0172    1.97776    1.97868          1     8.2640     8.2227      95.73     1.4493     0.3200  6.579e+01  0.4448000    19.5577    19.5575    -0.0002    15.4473    15.4458      3.963      4.013      0.581    1451.76    1451.84  0.000e+00
       5745      4.500     5.0855     5.0849    -0.0005    1.97557    1.97543          1     8.2002     8.1574      95.76     1.5119     0.3645  5.526e+01  0.4506000    19.5640    19.5628    -0.0012    15.4561    15.4553      4.459      4.514      0.558    1451.56    1451.56  0.000e+00
       5766      5.000     5.0137     5.0355     0.0221    1.97241    1.97347          1     8.1407     8.1115      95.73     1.3604     0.3413  4.794e+01  0.5146000    19.5717    19.5704    -0.0014    15.4677    15.4649      4.954      5.016      0.558    1451.27    1451.36  0.000e+00
       5787      5.500     4.7156     4.7392     0.0235    1.95921    1.95971          1     8.1820     8.1455      95.73     1.3238     0.3366  3.996e+01  0.5292000    19.6038    19.5953    -0.0085    15.5148    15.5064      5.449      5.517      0.575    1450.05    1450.14  0.000e+00
       5808      6.000     4.6266     4.6412     0.0144    1.95727    1.95796          1     8.2350     8.1807      95.71     1.3686     0.3378  3.455e+01  0.5130000    19.6351    19.6340    -0.0012    15.5459    15.5439      5.945      6.019      0.578    1449.72    1449.78  0.000e+00
       5829      6.500     4.6016     4.5948    -0.0067    1.95843    1.95784          1     8.2014     8.1336      95.71     1.4237     0.3334  2.955e+01  0.4936000    19.6624    19.6600    -0.0024    15.5692    15.5678      6.440      6.520      0.588    1449.66    1449.62  0.000e+00
       5849      7.000     4.6444     4.6487     0.0041    1.96301    1.96310          1     8.1761     8.1040      95.72     1.4712     0.2664  2.565e+01  0.4578000    19.6869    19.6855    -0.0014    15.5856    15.5842      6.935      7.022      0.596    1449.88    1449.89  0.000e+00
       5869      7.500     4.4983     4.5078     0.0097    1.95749    1.95773          1     8.0844     8.0064      95.74     1.0600     0.2765  2.239e+01  0.5126000    19.7133    19.7103    -0.0030    15.6167    15.6136      7.431      7.523      0.596    1449.29    1449.33  0.000e+00
       5889      8.000     4.4641     4.4668     0.0027    1.95688    1.95693          1     7.8889     7.8095      95.73     0.9000     0.2803  1.938e+01  0.4851000    19.7269    19.7258    -0.0010    15.6297    15.6287      7.926      8.024      0.590    1449.17    1449.18  0.000e+00
       5910      8.500     4.4139     4.4181     0.0041    1.95589    1.95594          1     7.7243     7.6556      95.72     0.8843     0.2832  1.729e+01  0.4512000    19.7458    19.7439    -0.0020    15.6481    15.6463      8.422      8.526      0.584    1448.99    1449.00  0.000e+00
       5930      9.000     4.4195     4.4194     0.0001    1.99662    1.99226          1     7.7181     7.6749      95.72     0.9684     0.2949  1.531e+01  0.4813000    20.1915    20.1433    -0.0481    16.0005    15.9624      8.917      9.027      0.587    1449.59    1449.53  0.000e+00
       5951      9.500     4.2095     4.2157     0.0060    2.31689    2.30567          1     7.7369     7.7007      95.72     1.6110     0.3083  1.357e+01  0.6050000    23.9108    23.7802    -0.1306    18.9619    18.8580      9.412      9.528      0.590    1453.44    1453.30  0.000e+00
       5971     10.000     4.3551     4.3353    -0.0197    2.55135    2.53587          1     7.8073     7.7252      95.75     2.2815     0.4028  1.218e+01  0.5506000    26.4565    26.2960    -0.1604    20.9677    20.8422      9.908     10.027      0.587    1457.32    1457.03  0.000e+00
       5992     10.500     4.5315     4.5142    -0.0173    2.68076    2.67272          1     7.8389     7.6997      95.74     2.7943     0.5058  1.091e+01  0.5936000    27.7862    27.7091    -0.0772    22.0060    21.9464     10.403     10.526      0.587    1459.77    1459.60  0.000e+00
       6012     11.000     4.7874     4.7813    -0.0063    2.78330    2.77798          1     7.7649     7.5800      95.74     3.7393     0.6130  9.648e+00  0.6373000    28.7340    28.6786    -0.0555    22.7323    22.6889     10.899     11.024      0.594    1462.05    1461.95  0.000e+00
       6032     11.500     5.0036     5.0013    -0.0022    2.89489    2.89309          1     7.5886     7.3772      95.79     5.5424     0.8201  8.645e+00  0.6080000    29.8134    29.7950    -0.0184    23.5656    23.5512     11.394     11.521      0.601    1464.33    1464.30  0.000e+00
       6052     12.000     5.2619     5.2511    -0.0107    2.98758    2.98518          1     7.3807     7.1680      95.83     8.5881     1.2291  7.740e+00  0.8273000    30.6308    30.6135    -0.0173    24.1851    24.1726     11.889     12.019      0.594    1466.44    1466.37  0.000e+00
       6072     12.500     5.4157     5.4085    -0.0072    3.04655    3.04517          1     7.1661     6.9561      95.81     9.3511     1.4011  6.839e+00  0.8795000    31.1559    31.1470    -0.0089    24.5835    24.5773     12.385     12.516      0.581    1467.74    1467.70  0.000e+00
       6093     13.000     5.5870     5.5809    -0.0061    3.10266    3.10104          1     6.9343     6.7297      95.82     8.6050     1.3811  5.911e+00  0.8779000    31.6291    31.6166    -0.0125    24.9383    24.9291     12.880     13.013      0.568    1469.04    1469.00  0.000e+00
       6115     13.500     5.7389     5.7372    -0.0017    3.16278    3.16205          1     6.7164     6.5408      95.85     7.0527     1.1604  5.066e+00  0.8246000    32.1625    32.1558    -0.0066    25.3422    25.3372     13.375     13.510      0.562    1470.34    1470.32  0.000e+00
       6136     14.000     5.8491     5.8454    -0.0037    3.21063    3.20851          1     6.5828     6.4325      95.85     5.8037     0.7153  4.326e+00  0.7475000    32.5947    32.5745    -0.0202    25.6706    25.6551     13.871     14.006      0.570    1471.33    1471.29  0.000e+00
       6157     14.500     5.9117     5.9126     0.0009    3.24140    3.24143          1     6.4599     6.3353      95.88     4.8716     0.7939  3.682e+00  0.6860000    32.8799    32.8794    -0.0005    25.8884    25.8879     14.366     14.503      0.573    1471.95    1471.95  0.000e+00
       6178     15.000     5.9738     5.9750     0.0013    3.27431    3.27394          1     6.4107     6.3123      95.88     4.9376     0.7489  3.201e+00  0.6059000    33.1889    33.1836    -0.0053    26.1249    26.1206     14.861     14.999      0.566    1472.60    1472.60  0.000e+00
       6199     15.500     5.9172     5.9195     0.0022    3.29687    3.29678          1     6.3926     6.2859      95.90     4.7602     0.6907  2.832e+00  0.5505000    33.4983    33.4951    -0.0032    26.3763    26.3735     15.357     15.495      0.554    1472.77    1472.78  0.000e+00
       6221     16.000     6.0021     6.0044     0.0023    3.32305    3.32348          1     6.2857     6.1560      95.92     4.4446     0.7095  2.532e+00  0.5115000    33.7085    33.7110     0.0025    26.5318    26.5335     15.852     15.992      0.546    1473.38    1473.40  0.000e+00
       6243     16.500     6.0619     6.0628     0.0009    3.34551    3.34548          1     6.1458     6.0106      95.94     3.5692     0.5914  2.272e+00  0.4878000    33.9013    33.9000    -0.0013    26.6767    26.6755     16.348     16.488      0.549    1473.87    1473.87  0.000e+00
       6265     17.000     6.0909     6.0921     0.0012    3.35255    3.35262          1     6.0497     5.9381      95.95     2.2555     0.4414  2.033e+00  0.4719000    33.9511    33.9507    -0.0004    26.7123    26.7119     16.843     16.984      0.562    1474.06    1474.06  0.000e+00
       6286     17.500     6.1159     6.1172     0.0013    3.35760    3.35770          1     6.0171     5.9305      95.95     1.6817     0.3972  1.808e+00  0.4374000    33.9826    33.9823    -0.0003    26.7341    26.7336     17.338     17.480      0.573    1474.20    1474.21  0.000e+00
       6307     18.000     6.1144     6.1155     0.0011    3.35790    3.35793          1     6.0168     5.9401      95.94     1.8922     0.4086  1.633e+00  0.5378000    33.9871    33.9864    -0.0008    26.7378    26.7371     17.834     17.976      0.571    1474.21    1474.22  0.000e+00
       6328     18.500     6.1375     6.1388     0.0013    3.36196    3.36202          1     6.0102     5.9322      95.94     1.8820     0.4448  1.479e+00  0.4961000    34.0092    34.0086    -0.0006    26.7523    26.7517     18.329     18.472      0.562    1474.34    1474.35  0.000e+00
       6349     19.000     6.1957     6.1966     0.0009    3.37189    3.37182          1     5.9855     5.9031      95.98     1.8527     0.4564  1.351e+00  0.4558000    34.0621    34.0604    -0.0017    26.7867    26.7852     18.824     18.968      0.553    1474.65    1474.65  0.000e+00
       6371     19.500     6.2444     6.2426    -0.0017    3.38138    3.38096          1     5.9643     5.8796      95.98     1.6440     0.3722  1.226e+00  0.4416000    34.1193    34.1164    -0.0029    26.8256    26.8235     19.320     19.464      0.549    1474.92    1474.91  0.000e+00
       6393     20.000     6.2801     6.2804     0.0003    3.38793    3.38791          1     5.9649     5.8773      96.03     1.2771     0.2869  1.120e+00  0.4447000    34.1565    34.1561    -0.0004    26.8503    26.8499     19.815     19.960      0.552    1475.12    1475.12  0.000e+00
       6415     20.500     6.3333     6.3332    -0.0001    3.39690    3.39694          1     5.9402     5.8437      96.00     1.1017     0.2904  1.024e+00  0.4440000    34.2032    34.2037     0.0006    26.8803    26.8807     20.310     20.456      0.561    1475.39    1475.39  0.000e+00
       6436     21.000     6.4250     6.4242    -0.0007    3.41284    3.41287          1     5.8916     5.7977      96.06     0.8241     0.2909  9.369e-01  0.4201000    34.2888    34.2899     0.0011    26.9359    26.9369     20.806     20.951      0.569    1475.87    1475.87  0.000e+00
       6457     21.500     6.4377     6.4387     0.0010    3.41669    3.41673          1     5.8690     5.7826      96.05     0.6311     0.2539  8.590e-01  0.4392000    34.3186    34.3181    -0.0005    26.9577    26.9572     21.301     21.447      0.569    1475.97    1475.97  0.000e+00
       6478     22.000     6.4429     6.4426    -0.0003    3.41876    3.41874          1     5.8576     5.7723      96.07     0.4965     0.2527  7.981e-01  0.4337000    34.3363    34.3363     0.0000    26.9710    26.9710     21.796     21.943      0.561    1476.02    1476.01  0.000e+00
       6500     22.500     6.4912     6.4899    -0.0013    3.42833    3.42823          1     5.8368     5.7412      96.10     0.4503     0.2569  7.346e-01  0.4337000    34.3940    34.3942     0.0002    27.0101    27.0105     22.292     22.439      0.553    1476.29    1476.28  0.000e+00
       6521     23.000     6.5163     6.5149    -0.0014    3.43370    3.43357          1     5.8044     5.7073      96.11     0.4950     0.2812  6.756e-01  0.4612000    34.4284    34.4282    -0.0001    27.0339    27.0340     22.787     22.935      0.550    1476.44    1476.43  0.000e+00
       6543     23.500     6.5432     6.5417    -0.0015    3.43847    3.43836          1     5.7654     5.6874      96.12     0.5510     0.2797  6.265e-01  0.4957000    34.4540    34.4544     0.0004    27.0506    27.0511     23.282     23.431      0.551    1476.58    1476.58  0.000e+00
       6565     24.000     6.5679     6.5672    -0.0007    3.44276    3.44270          1     5.7322     5.6639      96.14     0.4847     0.2561  5.792e-01  0.4636000    34.4766    34.4767     0.0001    27.0651    27.0653     23.778     23.927      0.555    1476.71    1476.71  0.000e+00
       6586     24.500     6.5917     6.5901    -0.0017    3.44687    3.44675          1     5.7150     5.6450      96.15     0.4865     0.2583  5.324e-01  0.4686000    34.4980    34.4983     0.0003    27.0789    27.0793     24.273     24.423      0.566    1476.84    1476.84  0.000e+00
       6607     25.000     6.6194     6.6184    -0.0009    3.45173    3.45172          1     5.7161     5.6499      96.15     0.4841     0.2386  4.840e-01  0.4904000    34.5238    34.5246     0.0008    27.0955    27.0963     24.768     24.918      0.574    1476.99    1476.99  0.000e+00
       6628     25.500     6.6482     6.6477    -0.0006    3.45637    3.45633          1     5.7327     5.6632      96.20     0.4592     0.2543  4.475e-01  0.5164000    34.5459    34.5461     0.0002    27.1091    27.1093     25.264     25.414      0.565    1477.14    1477.14  0.000e+00
       6650     26.000     6.6572     6.6568    -0.0004    3.45789    3.45785          1     5.7466     5.6708      96.19     0.4342     0.2101  4.147e-01  0.5349000    34.5535    34.5536     0.0001    27.1138    27.1139     25.759     25.910      0.549    1477.19    1477.19  0.000e+00
       6672     26.500     6.6628     6.6625    -0.0003    3.45901    3.45900          1     5.7446     5.6656      96.23     0.4492     0.2125  3.690e-01  0.5405000    34.5601    34.5603     0.0002    27.1183    27.1185     26.255     26.406      0.545    1477.23    1477.23  0.000e+00
       6694     27.000     6.6747     6.6741    -0.0006    3.46109    3.46102          1     5.7351     5.6500      96.24     0.4394     0.2687  3.347e-01  0.5461000    34.5709    34.5708    -0.0001    27.1252    27.1252     26.750     26.902      0.556    1477.30    1477.30  0.000e+00
       6715     27.500     6.6868     6.6863    -0.0005    3.46324    3.46320          1     5.7340     5.6495      96.31     0.4722     0.2606  3.017e-01  0.6300000    34.5823    34.5824     0.0001    27.1326    27.1327     27.245     27.398      0.569    1477.37    1477.37  0.000e+00
