ctdpy/tests/etc/all_smhi_bas_2018/SBE09_1044_20181018_0455_34_01_0106.cnv
* Sea-Bird SBE 9 Data File:
* FileName = C:\LUOTAUS\DATA_IN\hex_in\SMHI\ar18d106.hex
* Software Version Seasave V 7.23.2
* Temperature SN = 5351
* Conductivity SN = 3941
* Number of Bytes Per Scan = 30
* Number of Voltage Words = 4
* Number of Scans Averaged by the Deck Unit = 1
* NMEA baud rate = 4800
** Station:  Å15
** Operator:  DBSj
** Ship: ARANDA
** Average sound velocity: 1495.63 m/s
** True-depth calculation Thu, 18 Oct 2018 05:42:19 +0000
** CTD Python Module SMHI /ver 3-12/ feb 2012 
** LIMS Job: 20183401-0106
** Cruise: SMHI-4-2018
** Latitude [GG MM.mm N]: 58 17.663 N
** Longitude [GG MM.mm E] 10 50.717 E
# nquan = 26
# nvalues = 263                         
# units = specified
# name 0 = scan: Scan Count
# name 1 = prDM: Pressure, Digiquartz [db]
# name 2 = t090C: Temperature [ITS-90, deg C]
# name 3 = t190C: Temperature, 2 [ITS-90, deg C]
# name 4 = T2-T190C: Temperature Difference, 2 - 1 [ITS-90, deg C]
# name 5 = c0S/m: Conductivity [S/m]
# name 6 = c1S/m: Conductivity, 2 [S/m]
# name 7 = pumps: Pump Status
# name 8 = sbeox0ML/L: Oxygen, SBE 43 [ml/l]
# name 9 = sbeox1ML/L: Oxygen, SBE 43, 2 [ml/l]
# name 10 = altM: Altimeter [m]
# name 11 = flECO-AFL: Chl-a Fluorescence, WET Labs ECO-AFL/FL [mg/m^3]
# name 12 = flECO-AFL1: Phycocyanin Fluorescence, WET Labs ECO-AFL/FL, 2 [mg/m^3]
# name 13 = par: PAR/Irradiance, Biospherical/Lico [µE/(cm^2*s)]
# name 14 = turbWETntu0: Turbidity, WET Labs ECO [NTU]
# name 15 = sal00: Salinity, Practical [PSU]
# name 16 = sal11: Salinity, Practical, 2 [PSU]
# name 17 = secS-priS: Salinity, Practical, Difference, 2 - 1 [PSU]
# name 18 = sigma-t00: Density [sigma-t, Kg/m^3 ]
# name 19 = sigma-t11: Density, 2 [sigma-t, Kg/m^3 ]
# name 20 = depSM: Depth [salt water, m], lat = 0
# name 21 = depFM: Depth [true depth, m], lat = 0
# name 22 = dz/dtM: Descent Rate [m/s], WS = 2
# name 23 = svCM: Sound Velocity [Chen-Millero, m/s]
# name 24 = svCM1: Sound Velocity, 2 [Chen-Millero, m/s]
# name 25 = flag: flag
# span 0 =      15686,      21648       
# span 1 =      2.000,    133.000       
# span 2 =     7.6148,    13.0381       
# span 3 =     7.6157,    13.0389       
# span 4 =    -0.0054,     0.0130       
# span 5 =   3.597030,   4.016206       
# span 6 =   3.597131,   4.016271       
# span 7 =          1,          1       
# span 8 =    4.89830,    5.81796       
# span 9 =    4.66127,    5.47578       
# span 10 =       3.52,      99.85      
# span 11 =     0.0699,     1.4930      
# span 12 =     0.1281,     0.3664      
# span 13 = -1.985e-04, 9.8506e-02      
# span 14 =     0.1876,     0.8797      
# span 15 =    33.1208,    35.0616      
# span 16 =    33.1208,    35.0610      
# span 17 =    -0.0045,     0.0220      
# span 18 =    24.9303,    27.3794      
# span 19 =    24.9302,    27.3789      
# span 20 =      1.989,    132.227      
# span 21 =      1.988,    132.044      
# span 22 =     -0.032,      0.852      
# span 23 =    1483.24,    1500.33      
# span 24 =    1483.25,    1500.33      
# span 25 = 0.0000e+00, 0.0000e+00      
# interval = decibars: 0.5              
# start_time = Oct 18 2018 04:55:22 [System UTC, header]
# bad_flag = -9.990e-29
*END*
[from data line 56]
      16996     30.000    12.9835    12.9841     0.0006    3.90454    3.90462          1     5.7432     5.4652      97.44     0.9799     0.2525  1.000e-12  0.2737000    33.1774    33.1776     0.0002    24.9844    24.9845     29.833     29.813      0.734    1498.47    1498.48  0.000e+00
      17016     30.500    12.9733    12.9764     0.0031    3.90439    3.90451          1     5.7860     5.4677      97.44     0.9510     0.2917  1.000e-12  0.2696000    33.1847    33.1830    -0.0016    24.9921    24.9902     30.330     30.309      0.525    1498.46    1498.47  0.000e+00
      17050     31.000    12.9770    12.9753    -0.0017    3.90450    3.90457          1     5.7944     5.4627      97.42     0.9503     0.2944  1.000e-12  0.2581000    33.1822    33.1844     0.0022    24.9895    24.9915     30.827     30.806      0.314    1498.47    1498.47  0.000e+00
      17082     31.500    12.9531    12.9517    -0.0014    3.90408    3.90412          1     5.7525     5.4616      97.42     0.9387     0.3044  1.000e-12  0.2548000    33.1991    33.2006     0.0015    25.0072    25.0087     31.325     31.303      0.531    1498.42    1498.42  0.000e+00
      17101     32.000    12.9308    12.9320     0.0012    3.90361    3.90371          1     5.7508     5.4687      97.42     0.8903     0.2825  1.000e-12  0.2546000    33.2139    33.2138    -0.0001    25.0231    25.0228     31.822     31.800      0.682    1498.37    1498.38  0.000e+00
      17117     32.500    12.9234    12.9240     0.0006    3.90340    3.90348          1     5.7503     5.4722      97.43     0.8467     0.3218  1.000e-12  0.2543000    33.2183    33.2185     0.0002    25.0279    25.0279     32.319     32.297      0.694    1498.36    1498.37  0.000e+00
      17136     33.000    12.9108    12.9126     0.0018    3.90301    3.90314          1     5.7512     5.4740      97.42     0.8002     0.2965  1.000e-12  0.2652000    33.2255    33.2251    -0.0004    25.0360    25.0353     32.816     32.794      0.574    1498.34    1498.34  0.000e+00
      17162     33.500    12.9006    12.8997    -0.0009    3.90272    3.90281          1     5.7509     5.4739      97.43     0.7868     0.2620  1.000e-12  0.2644000    33.2313    33.2330     0.0017    25.0425    25.0440     33.313     33.291      0.411    1498.32    1498.32  0.000e+00
      17192     34.000    12.8886    12.8873    -0.0012    3.90220    3.90223          1     5.7569     5.4577      97.43     0.7726     0.3013  1.000e-12  0.2275000    33.2368    33.2383     0.0014    25.0492    25.0505     33.810     33.787      0.488    1498.29    1498.29  0.000e+00
      17213     34.500    12.8516    12.8479    -0.0037    3.90082    3.90072          1     5.7749     5.4544      97.44     0.7608     0.3098  1.000e-12  0.2286000    33.2560    33.2584     0.0024    25.0712    25.0738     34.308     34.284      0.671    1498.20    1498.19  0.000e+00
      17229     35.000    12.8101    12.8080    -0.0022    3.89914    3.89911          1     5.7892     5.4614      97.44     0.7014     0.2932  1.000e-12  0.2270000    33.2764    33.2779     0.0016    25.0952    25.0968     34.805     34.781      0.776    1498.09    1498.09  0.000e+00
      17243     35.500    12.7876    12.7879     0.0002    3.89825    3.89835          1     5.8053     5.4700      97.46     0.6512     0.2337  1.000e-12  0.2230000    33.2876    33.2883     0.0007    25.1082    25.1087     35.302     35.278      0.788    1498.04    1498.04  0.000e+00
      17259     36.000    12.7628    12.7643     0.0015    3.89746    3.89761          1     5.8158     5.4720      97.43     0.6147     0.2332  1.000e-12  0.2174000    33.3017    33.3017     0.0000    25.1241    25.1238     35.799     35.775      0.675    1497.98    1497.99  0.000e+00
      17283     36.500    12.7567    12.7578     0.0011    3.89746    3.89750          1     5.7922     5.4720      97.44     0.6120     0.2535  1.000e-12  0.2240000    33.3069    33.3063    -0.0007    25.1293    25.1285     36.296     36.271      0.405    1497.97    1497.98  0.000e+00
      17323     37.000    12.7536    12.7495    -0.0041    3.89746    3.89740          1     5.7804     5.4680      97.43     0.5973     0.2030  1.000e-12  0.2125000    33.3094    33.3125     0.0031    25.1318    25.1350     36.793     36.768      0.364    1497.98    1497.96  0.000e+00
      17346     37.500    12.7390    12.7398     0.0008    3.89731    3.89742          1     5.7768     5.4581      97.43     0.5983     0.2438  1.000e-12  0.2170000    33.3207    33.3210     0.0003    25.1434    25.1435     37.291     37.265      0.623    1497.95    1497.95  0.000e+00
      17363     38.000    12.7263    12.7267     0.0004    3.89757    3.89771          1     5.7581     5.4519      97.44     0.6165     0.2591  1.000e-12  0.2105000    33.3342    33.3351     0.0009    25.1563    25.1570     37.788     37.762      0.696    1497.93    1497.93  0.000e+00
      17381     38.500    12.7116    12.7121     0.0005    3.89813    3.89827          1     5.7472     5.4478      97.43     0.5892     0.2233  1.000e-12  0.2134000    33.3523    33.3533     0.0009    25.1733    25.1739     38.285     38.258      0.617    1497.91    1497.91  0.000e+00
      17405     39.000    12.7021    12.7025     0.0005    3.89939    3.89962          1     5.7503     5.4497      97.43     0.5353     0.2786  1.000e-12  0.2054000    33.3726    33.3743     0.0017    25.1908    25.1921     38.782     38.755      0.418    1497.91    1497.91  0.000e+00
      17438     39.500    12.7005    12.7018     0.0012    3.90028    3.90044          1     5.7485     5.4538      97.43     0.4846     0.2777  1.000e-12  0.1927000    33.3823    33.3826     0.0004    25.1986    25.1987     39.279     39.252      0.429    1497.93    1497.93  0.000e+00
      17461     40.000    12.7028    12.7039     0.0011    3.90076    3.90087          1     5.7344     5.4419      97.43     0.4738     0.2652  1.000e-12  0.1938000    33.3845    33.3846     0.0001    25.1999    25.1998     39.776     39.749      0.618    1497.94    1497.95  0.000e+00
      17478     40.500    12.7034    12.7044     0.0010    3.90116    3.90126          1     5.7442     5.4343      97.45     0.4729     0.2421  1.000e-12  0.1938000    33.3877    33.3878     0.0001    25.2023    25.2021     40.274     40.245      0.699    1497.96    1497.96  0.000e+00
      17495     41.000    12.7054    12.7061     0.0008    3.90153    3.90161          1     5.7560     5.4381      97.45     0.4634     0.2286  1.000e-12  0.2003000    33.3893    33.3893    -0.0000    25.2031    25.2029     40.771     40.742      0.668    1497.97    1497.97  0.000e+00
      17515     41.500    12.7075    12.7087     0.0012    3.90195    3.90208          1     5.7447     5.4439      97.44     0.4548     0.2079  1.000e-12  0.2092000    33.3911    33.3914     0.0002    25.2041    25.2041     41.268     41.239      0.559    1497.99    1497.99  0.000e+00
      17539     42.000    12.7072    12.7082     0.0010    3.90205    3.90215          1     5.7360     5.4375      97.44     0.4121     0.2077  1.000e-12  0.2027000    33.3922    33.3923     0.0001    25.2050    25.2049     41.765     41.736      0.510    1498.00    1498.00  0.000e+00
      17561     42.500    12.7057    12.7066     0.0008    3.90202    3.90212          1     5.7376     5.4312      97.45     0.4010     0.2204  1.000e-12  0.1955000    33.3930    33.3932     0.0002    25.2059    25.2059     42.262     42.232      0.580    1498.00    1498.01  0.000e+00
      17580     43.000    12.7054    12.7062     0.0008    3.90220    3.90226          1     5.7406     5.4287      97.45     0.4095     0.2145  1.000e-12  0.1967000    33.3948    33.3947    -0.0001    25.2074    25.2071     42.759     42.729      0.628    1498.01    1498.01  0.000e+00
      17599     43.500    12.7054    12.7063     0.0009    3.90266    3.90277          1     5.7447     5.4222      97.44     0.4171     0.2137  1.000e-12  0.2119000    33.3989    33.3992     0.0002    25.2106    25.2106     43.257     43.226      0.596    1498.03    1498.03  0.000e+00
      17622     44.000    12.7045    12.7055     0.0009    3.90302    3.90312          1     5.7418     5.4137      97.45     0.3955     0.2354  1.000e-12  0.2296000    33.4030    33.4031     0.0001    25.2139    25.2138     43.754     43.723      0.486    1498.04    1498.04  0.000e+00
      17650     44.500    12.7015    12.7020     0.0005    3.90319    3.90332          1     5.7115     5.4055      97.46     0.3789     0.2315  1.000e-12  0.1941000    33.4070    33.4078     0.0008    25.2176    25.2182     44.251     44.219      0.416    1498.04    1498.04  0.000e+00
      17677     45.000    12.6979    12.6988     0.0010    3.90373    3.90383          1     5.6819     5.3990      97.45     0.3548     0.2309  1.000e-12  0.2044000    33.4152    33.4154     0.0002    25.2246    25.2246     44.748     44.716      0.504    1498.04    1498.05  0.000e+00
      17698     45.500    12.6983    12.6994     0.0011    3.90498    3.90510          1     5.6662     5.3855      97.46     0.3205     0.2665  1.000e-12  0.1967000    33.4265    33.4267     0.0001    25.2334    25.2332     45.245     45.213      0.612    1498.07    1498.07  0.000e+00
      17717     46.000    12.7121    12.7128     0.0007    3.90850    3.90853          1     5.6650     5.3786      97.45     0.2857     0.2145  1.000e-12  0.1902000    33.4476    33.4473    -0.0003    25.2470    25.2466     45.742     45.710      0.628    1498.15    1498.15  0.000e+00
      17737     46.500    12.7143    12.7155     0.0012    3.90892    3.90912          1     5.6567     5.3715      97.44     0.2516     0.2325  1.000e-12  0.1878000    33.4495    33.4503     0.0008    25.2480    25.2484     46.239     46.206      0.516    1498.17    1498.17  0.000e+00
      17766     47.000    12.7411    12.7462     0.0051    3.91406    3.91507          1     5.6205     5.3373      97.45     0.2145     0.2143  1.000e-12  0.1876000    33.4745    33.4796     0.0051    25.2622    25.2651     46.736     46.703      0.407    1498.29    1498.32  0.000e+00
      17793     47.500    12.7311    12.7301    -0.0010    3.91571    3.91581          1     5.6066     5.3190      97.46     0.1955     0.2131  1.000e-12  0.1892000    33.4990    33.5008     0.0019    25.2831    25.2847     47.234     47.200      0.556    1498.30    1498.29  0.000e+00
      17811     48.000    12.7207    12.7218     0.0011    3.91646    3.91654          1     5.6003     5.3111      97.46     0.1901     0.2218  1.000e-12  0.2084000    33.5152    33.5150    -0.0002    25.2977    25.2973     47.731     47.697      0.711    1498.29    1498.29  0.000e+00
      17827     48.500    12.7467    12.7458    -0.0009    3.92103    3.92085          1     5.5952     5.2979      97.46     0.1878     0.2218  1.000e-12  0.2403000    33.5355    33.5345    -0.0009    25.3083    25.3077     48.228     48.193      0.758    1498.41    1498.40  0.000e+00
      17843     49.000    12.7666    12.7672     0.0006    3.92416    3.92426          1     5.5888     5.2867      97.47     0.1842     0.1749  1.000e-12  0.2298000    33.5474    33.5478     0.0004    25.3136    25.3139     48.725     48.690      0.693    1498.50    1498.50  0.000e+00
      17863     49.500    12.7754    12.7759     0.0006    3.92617    3.92639          1     5.5867     5.2821      97.46     0.1740     0.1634  1.000e-12  0.2261000    33.5586    33.5601     0.0015    25.3206    25.3217     49.222     49.187      0.546    1498.55    1498.55  0.000e+00
      17888     50.000    12.7680    12.7698     0.0018    3.92669    3.92729          1     5.5746     5.2726      97.46     0.1609     0.1977  1.000e-12  0.2330000    33.5699    33.5740     0.0041    25.3308    25.3336     49.719     49.683      0.478    1498.55    1498.56  0.000e+00
      17911     50.500    12.7975    12.8004     0.0029    3.93276    3.93314          1     5.5719     5.2638      97.47     0.1597     0.2108  1.000e-12  0.2435000    33.6013    33.6023     0.0010    25.3493    25.3495     50.216     50.180      0.562    1498.69    1498.70  0.000e+00
      17931     51.000    12.8151    12.8153     0.0002    3.93643    3.93640          1     5.5710     5.2668      97.46     0.1608     0.2351  1.000e-12  0.2411000    33.6203    33.6198    -0.0005    25.3607    25.3602     50.714     50.677      0.559    1498.78    1498.78  0.000e+00
      17956     51.500    12.8147    12.8148     0.0001    3.93856    3.93887          1     5.5572     5.2621      97.46     0.1501     0.1997  1.000e-12  0.2419000    33.6408    33.6437     0.0029    25.3766    25.3788     51.211     51.173      0.422    1498.81    1498.82  0.000e+00
      17988     52.000    12.8100    12.8103     0.0002    3.94138    3.94172          1     5.5357     5.2493      97.48     0.1591     0.2239  1.000e-12  0.2448000    33.6716    33.6746     0.0030    25.4014    25.4037     51.708     51.670      0.449    1498.84    1498.85  0.000e+00
      18010     52.500    12.7947    12.7956     0.0009    3.94325    3.94331          1     5.5438     5.2447      97.48     0.1496     0.2363  1.000e-12  0.2549000    33.7029    33.7026    -0.0003    25.4286    25.4282     52.205     52.167      0.639    1498.84    1498.84  0.000e+00
      18027     53.000    12.7866    12.7876     0.0010    3.94454    3.94462          1     5.5545     5.2471      97.47     0.1619     0.2137  1.000e-12  0.2728000    33.7222    33.7220    -0.0001    25.4452    25.4449     52.702     52.663      0.698    1498.84    1498.84  0.000e+00
      18044     53.500    12.7816    12.7826     0.0010    3.94631    3.94651          1     5.5528     5.2527      97.47     0.1501     0.2073  1.000e-12  0.2801000    33.7434    33.7443     0.0010    25.4626    25.4631     53.199     53.160      0.596    1498.86    1498.86  0.000e+00
      18071     54.000    12.8012    12.8094     0.0082    3.95484    3.95792          1     5.5484     5.2496      93.82     0.1396     0.2235  1.000e-12  0.2719000    33.8070    33.8290     0.0220    25.5080    25.5234     53.696     53.657      0.379    1499.01    1499.06  0.000e+00
      18105     54.500    12.8379    12.8412     0.0033    3.96685    3.96758          1     5.5445     5.2347      88.68     0.1284     0.2277  1.000e-12  0.2332000    33.8884    33.8924     0.0040    25.5638    25.5663     54.193     54.153      0.511    1499.23    1499.25  0.000e+00
      18123     55.000    12.8538    12.8541     0.0003    3.97046    3.97042          1     5.5316     5.2314      97.44     0.1337     0.2032  1.000e-12  0.2413000    33.9083    33.9076    -0.0006    25.5761    25.5756     54.691     54.650      0.753    1499.32    1499.32  0.000e+00
      18137     55.500    12.8632    12.8636     0.0004    3.97239    3.97236          1     5.5323     5.2295      79.63     0.1391     0.1782  1.000e-12  0.2479000    33.9180    33.9174    -0.0007    25.5818    25.5812     55.188     55.146      0.852    1499.37    1499.37  0.000e+00
      18150     56.000    12.8711    12.8713     0.0002    3.97407    3.97401          1     5.5381     5.2300      78.93     0.1382     0.1809  1.000e-12  0.2491000    33.9267    33.9260    -0.0007    25.5869    25.5864     55.685     55.643      0.827    1499.42    1499.41  0.000e+00
      18166     56.500    12.8769    12.8778     0.0008    3.97566    3.97571          1     5.5425     5.2292      89.56     0.1337     0.1935  1.000e-12  0.2472000    33.9364    33.9361    -0.0003    25.5934    25.5930     56.182     56.139      0.668    1499.45    1499.46  0.000e+00
      18191     57.000    12.8795    12.8828     0.0034    3.97636    3.97693          1     5.5277     5.2218      87.84     0.1162     0.2023  1.000e-12  0.2518000    33.9407    33.9430     0.0023    25.5961    25.5973     56.679     56.636      0.402    1499.48    1499.49  0.000e+00
