ctdpy/tests/etc/all_smhi_bas_2018/SBE09_1044_20181020_1046_34_01_0115.cnv
* Sea-Bird SBE 9 Data File:
* FileName = C:\ctd\temp\ar18d115.hex
* Software Version Seasave V 7.26.7.107
* Temperature SN = 5351
* Conductivity SN = 3941
* Number of Bytes Per Scan = 41
* Number of Voltage Words = 4
* Number of Scans Averaged by the Deck Unit = 1
* NMEA Latitude = 58 01.01 N
* NMEA Longitude = 017 59.07 E
* NMEA UTC (Time) = Oct 20 2018  10:45:52
* NMEA baud rate = 4800
** Station:  BY32
** Operator:  ASkj
** Ship: ARANDA
** Average sound velocity: 1444.44 m/s
** True-depth calculation Sat, 20 Oct 2018 11:35:03 +0000
** CTD Python Module SMHI /ver 3-12/ feb 2012 
** LIMS Job: 20183401-0115
** Cruise: SMHI-4-2018
** Latitude [GG MM.mm N]:
** Longitude [GG MM.mm E]
# nquan = 26
# nvalues = 391                         
# units = specified
# name 0 = scan: Scan Count
# name 1 = prDM: Pressure, Digiquartz [db]
# name 2 = t090C: Temperature [ITS-90, deg C]
# name 3 = t190C: Temperature, 2 [ITS-90, deg C]
# name 4 = T2-T190C: Temperature Difference, 2 - 1 [ITS-90, deg C]
# name 5 = c0S/m: Conductivity [S/m]
# name 6 = c1S/m: Conductivity, 2 [S/m]
# name 7 = pumps: Pump Status
# name 8 = sbeox0ML/L: Oxygen, SBE 43 [ml/l]
# name 9 = sbeox1ML/L: Oxygen, SBE 43, 2 [ml/l]
# name 10 = altM: Altimeter [m]
# name 11 = flECO-AFL: Chl-a Fluorescence, WET Labs ECO-AFL/FL [mg/m^3]
# name 12 = flECO-AFL1: Phycocyanin Fluorescence, WET Labs ECO-AFL/FL, 2 [mg/m^3]
# name 13 = par: PAR/Irradiance, Biospherical/Lico [µE/(cm^2*s)]
# name 14 = turbWETntu0: Turbidity, WET Labs ECO [NTU]
# name 15 = sal00: Salinity, Practical [PSU]
# name 16 = sal11: Salinity, Practical, 2 [PSU]
# name 17 = secS-priS: Salinity, Practical, Difference, 2 - 1 [PSU]
# name 18 = sigma-t00: Density [sigma-t, Kg/m^3 ]
# name 19 = sigma-t11: Density, 2 [sigma-t, Kg/m^3 ]
# name 20 = depSM: Depth [salt water, m], lat = 58.0168
# name 21 = depFM: Depth [true depth, m], lat = 58.0168
# name 22 = dz/dtM: Descent Rate [m/s], WS = 2
# name 23 = svCM: Sound Velocity [Chen-Millero, m/s]
# name 24 = svCM1: Sound Velocity, 2 [Chen-Millero, m/s]
# name 25 = flag: flag
# span 0 =      10895,      20988       
# span 1 =      1.000,    196.000       
# span 2 =     3.6468,     9.4923       
# span 3 =     3.6492,     9.4841       
# span 4 =    -0.0174,     0.0588       
# span 5 =   0.769049,   1.198626       
# span 6 =   0.769060,   1.198611       
# span 7 =          1,          1       
# span 8 =    0.01813,    7.64792       
# span 9 =    0.05080,    7.34582       
# span 10 =       5.26,      98.93      
# span 11 =     0.2297,     1.2366      
# span 12 =     0.1492,     0.4132      
# span 13 = -6.117e-09, 7.3778e+02      
# span 14 =     0.1296,     1.6373      
# span 15 =     6.9614,    11.0271      
# span 16 =     6.9612,    11.0265      
# span 17 =    -0.0050,     0.0001      
# span 18 =     5.1939,     8.6607      
# span 19 =     5.1942,     8.6601      
# span 20 =      0.991,    194.091      
# span 21 =      1.013,    198.104      
# span 22 =     -0.053,      0.576      
# span 23 =    1430.31,    1453.92      
# span 24 =    1430.32,    1453.88      
# span 25 = 0.0000e+00, 0.0000e+00      
# interval = decibars: 0.5              
# start_time = Oct 20 2018 10:45:52 [NMEA time, first data scan]
# bad_flag = -9.990e-29
*END*
[from data line 168]
      14897     85.000     5.6792     5.6798     0.0007    1.12746    1.12737          1     0.0478     0.1001      98.67     0.3613     0.2266  1.000e-12  0.6761000    10.4452    10.4441    -0.0011     8.2231     8.2222     84.195     86.005      0.547    1443.86    1443.86  0.000e+00
      14919     85.500     5.6994     5.7003     0.0009    1.13087    1.13078          1     0.0520     0.0992      98.71     0.3591     0.2070  1.000e-12  0.7184000    10.4729    10.4718    -0.0011     8.2438     8.2429     84.690     86.511      0.533    1443.99    1443.99  0.000e+00
      14942     86.000     5.7122     5.7133     0.0011    1.13323    1.13316          1     0.0508     0.0975      98.71     0.3585     0.2071  1.000e-12  0.6366000    10.4925    10.4914    -0.0011     8.2584     8.2575     85.185     87.016      0.525    1444.08    1444.08  0.000e+00
      14965     86.500     5.7188     5.7204     0.0016    1.13453    1.13452          1     0.0483     0.0982      98.35     0.3591     0.2071  1.000e-12  0.5368000    10.5034    10.5027    -0.0007     8.2666     8.2660     85.680     87.521      0.519    1444.13    1444.13  0.000e+00
      14988     87.000     5.7268     5.7283     0.0015    1.13625    1.13621          1     0.0483     0.0993      98.71     0.3517     0.2662  1.000e-12  0.5051000    10.5179    10.5171    -0.0009     8.2777     8.2769     86.176     88.026      0.530    1444.19    1444.19  0.000e+00
      15010     87.500     5.7366     5.7381     0.0014    1.13855    1.13851          1     0.0499     0.0979      98.71     0.3283     0.2694  1.000e-12  0.4769000    10.5378    10.5370    -0.0009     8.2927     8.2920     86.671     88.531      0.539    1444.26    1444.27  0.000e+00
      15032     88.000     5.7453     5.7466     0.0013    1.14050    1.14046          1     0.0486     0.0951      98.10     0.3357     0.2418  1.000e-12  0.4813000    10.5545    10.5536    -0.0008     8.3054     8.3046     87.166     89.036      0.534    1444.33    1444.33  0.000e+00
      15055     88.500     5.7496     5.7511     0.0015    1.14129    1.14128          1     0.0476     0.0952      98.65     0.3351     0.2107  1.000e-12  0.4928000    10.5609    10.5604    -0.0006     8.3102     8.3097     87.661     89.541      0.528    1444.36    1444.37  0.000e+00
      15078     89.000     5.7509     5.7524     0.0015    1.14150    1.14149          1     0.0462     0.0943      98.71     0.3678     0.1862  1.000e-12  0.4827000    10.5626    10.5620    -0.0007     8.3114     8.3108     88.156     90.046      0.543    1444.38    1444.38  0.000e+00
      15099     89.500     5.7592     5.7604     0.0012    1.14272    1.14269          1     0.0481     0.0956      98.71     0.3478     0.1628  1.000e-12  0.4599000    10.5721    10.5714    -0.0007     8.3184     8.3178     88.651     90.551      0.567    1444.43    1444.44  0.000e+00
      15120     90.000     5.7652     5.7666     0.0014    1.14388    1.14387          1     0.0472     0.0955      98.71     0.3363     0.1632  1.000e-12  0.4408000    10.5817    10.5811    -0.0005     8.3256     8.3251     89.146     91.056      0.569    1444.48    1444.49  0.000e+00
      15142     90.500     5.7702     5.7713     0.0012    1.14501    1.14494          1     0.0474     0.0944      98.71     0.3351     0.1947  1.000e-12  0.4283000    10.5913    10.5903    -0.0011     8.3329     8.3320     89.642     91.561      0.541    1444.52    1444.53  0.000e+00
      15165     91.000     5.7760     5.7772     0.0012    1.14619    1.14615          1     0.0450     0.0941      98.71     0.3385     0.1805  1.000e-12  0.4239000    10.6012    10.6004    -0.0008     8.3404     8.3397     90.137     92.066      0.527    1444.57    1444.57  0.000e+00
      15187     91.500     5.7801     5.7814     0.0013    1.14690    1.14687          1     0.0449     0.0926      98.71     0.3496     0.1996  1.000e-12  0.4359000    10.6069    10.6062    -0.0007     8.3446     8.3440     90.632     92.571      0.532    1444.60    1444.60  0.000e+00
      15210     92.000     5.7841     5.7854     0.0013    1.14753    1.14750          1     0.0443     0.0905      98.71     0.3600     0.2460  1.000e-12  0.4189000    10.6119    10.6111    -0.0008     8.3483     8.3476     91.127     93.077      0.527    1444.63    1444.64  0.000e+00
      15233     92.500     5.7902     5.7915     0.0013    1.14857    1.14853          1     0.0442     0.0913      98.71     0.3497     0.2424  1.000e-12  0.4022000    10.6202    10.6194    -0.0008     8.3545     8.3538     91.622     93.582      0.526    1444.68    1444.68  0.000e+00
      15255     93.000     5.7981     5.7992     0.0011    1.15006    1.14999          1     0.0451     0.0897      98.71     0.3475     0.2075  1.000e-12  0.3704000    10.6326    10.6315    -0.0010     8.3638     8.3629     92.117     94.087      0.529    1444.73    1444.74  0.000e+00
      15278     93.500     5.8034     5.8045     0.0012    1.15142    1.15135          1     0.0460     0.0897      98.71     0.3564     0.2315  1.000e-12  0.3729000    10.6444    10.6434    -0.0010     8.3728     8.3719     92.612     94.592      0.540    1444.78    1444.78  0.000e+00
      15300     94.000     5.8136     5.8145     0.0009    1.15356    1.15351          1     0.0438     0.0916      98.71     0.3522     0.2441  1.000e-12  0.3602000    10.6624    10.6616    -0.0008     8.3864     8.3857     93.108     95.097      0.556    1444.85    1444.86  0.000e+00
      15321     94.500     5.8184     5.8197     0.0014    1.15445    1.15443          1     0.0430     0.0916      98.71     0.3481     0.2320  1.000e-12  0.3277000    10.6698    10.6692    -0.0006     8.3918     8.3913     93.603     95.602      0.553    1444.89    1444.90  0.000e+00
      15343     95.000     5.8201     5.8213     0.0012    1.15482    1.15479          1     0.0444     0.0906      98.71     0.3562     0.2270  1.000e-12  0.2986000    10.6728    10.6721    -0.0007     8.3941     8.3935     94.098     96.107      0.548    1444.91    1444.91  0.000e+00
      15365     95.500     5.8263     5.8276     0.0013    1.15598    1.15597          1     0.0459     0.0906      98.71     0.3824     0.2352  1.000e-12  0.3034000    10.6823    10.6818    -0.0005     8.4013     8.4008     94.593     96.612      0.557    1444.96    1444.96  0.000e+00
      15386     96.000     5.8294     5.8306     0.0012    1.15666    1.15664          1     0.0440     0.0873      98.71     0.3355     0.2473  1.000e-12  0.2897000    10.6881    10.6874    -0.0006     8.4056     8.4050     95.088     97.117      0.554    1444.98    1444.99  0.000e+00
      15408     96.500     5.8360     5.8371     0.0012    1.15803    1.15799          1     0.0443     0.0865      98.71     0.3580     0.1943  1.000e-12  0.2865000    10.6996    10.6988    -0.0008     8.4143     8.4136     95.583     97.622      0.534    1445.04    1445.04  0.000e+00
      15431     97.000     5.8379     5.8392     0.0013    1.15843    1.15841          1     0.0422     0.0873      98.71     0.3440     0.2594  1.000e-12  0.2816000    10.7029    10.7022    -0.0007     8.4168     8.4161     96.078     98.127      0.527    1445.06    1445.06  0.000e+00
      15454     97.500     5.8399     5.8413     0.0014    1.15896    1.15895          1     0.0431     0.0877      98.71     0.3442     0.2874  1.000e-12  0.2697000    10.7074    10.7068    -0.0006     8.4202     8.4197     96.574     98.632      0.527    1445.08    1445.08  0.000e+00
      15477     98.000     5.8409     5.8424     0.0015    1.15926    1.15927          1     0.0426     0.0868      98.71     0.3552     0.2558  1.000e-12  0.2659000    10.7100    10.7096    -0.0004     8.4222     8.4218     97.069     99.137      0.525    1445.09    1445.10  0.000e+00
      15500     98.500     5.8418     5.8433     0.0015    1.15957    1.15957          1     0.0426     0.0866      98.71     0.3601     0.2254  1.000e-12  0.2806000    10.7127    10.7122    -0.0005     8.4243     8.4238     97.564     99.642      0.528    1445.11    1445.11  0.000e+00
      15522     99.000     5.8429     5.8443     0.0014    1.15980    1.15979          1     0.0416     0.0853      98.71     0.3613     0.2277  1.000e-12  0.2998000    10.7146    10.7140    -0.0006     8.4257     8.4252     98.059    100.147      0.534    1445.12    1445.13  0.000e+00
      15545     99.500     5.8442     5.8455     0.0013    1.16023    1.16020          1     0.0379     0.0874      98.71     0.3602     0.2080  1.000e-12  0.2844000    10.7184    10.7177    -0.0007     8.4286     8.4280     98.554    100.652      0.543    1445.14    1445.15  0.000e+00
      15566    100.000     5.8471     5.8482     0.0011    1.16080    1.16077          1     0.0424     0.0863      98.71     0.3597     0.2306  1.000e-12  0.2727000    10.7231    10.7224    -0.0007     8.4321     8.4315     99.049    101.157      0.554    1445.17    1445.17  0.000e+00
      15588    100.500     5.8496     5.8509     0.0013    1.16114    1.16111          1     0.0400     0.0857      98.71     0.3505     0.2102  1.000e-12  0.3027000    10.7255    10.7249    -0.0006     8.4339     8.4333     99.544    101.662      0.554    1445.19    1445.20  0.000e+00
      15610    101.000     5.8535     5.8546     0.0011    1.16167    1.16163          1     0.0412     0.0835      98.71     0.3394     0.2318  1.000e-12  0.2986000    10.7295    10.7288    -0.0007     8.4368     8.4362    100.039    102.167      0.539    1445.22    1445.22  0.000e+00
      15632    101.500     5.8588     5.8601     0.0013    1.16242    1.16241          1     0.0403     0.0830      98.71     0.3430     0.2446  1.000e-12  0.2906000    10.7353    10.7347    -0.0006     8.4410     8.4405    100.535    102.672      0.535    1445.26    1445.26  0.000e+00
      15655    102.000     5.8605     5.8618     0.0014    1.16273    1.16272          1     0.0399     0.0824      57.46     0.3374     0.2422  1.000e-12  0.2887000    10.7377    10.7372    -0.0005     8.4428     8.4423    101.030    103.177      0.541    1445.28    1445.28  0.000e+00
      15677    102.500     5.8619     5.8633     0.0014    1.16301    1.16299          1     0.0412     0.0842      83.30     0.3301     0.2354  1.000e-12  0.2933000    10.7399    10.7393    -0.0006     8.4445     8.4439    101.525    103.682      0.541    1445.29    1445.30  0.000e+00
      15699    103.000     5.8650     5.8663     0.0013    1.16376    1.16374          1     0.0394     0.0833      35.40     0.3517     0.2473  1.000e-12  0.2980000    10.7463    10.7457    -0.0006     8.4493     8.4488    102.020    104.187      0.539    1445.32    1445.33  0.000e+00
      15721    103.500     5.8669     5.8683     0.0014    1.16422    1.16420          1     0.0385     0.0825      63.16     0.3707     0.2241  1.000e-12  0.2977000    10.7503    10.7496    -0.0007     8.4523     8.4517    102.515    104.692      0.535    1445.34    1445.35  0.000e+00
      15744    104.000     5.8687     5.8701     0.0014    1.16458    1.16456          1     0.0401     0.0818      95.19     0.3585     0.2647  1.000e-12  0.2962000    10.7532    10.7526    -0.0006     8.4545     8.4539    103.010    105.197      0.530    1445.36    1445.37  0.000e+00
      15767    104.500     5.8709     5.8722     0.0014    1.16498    1.16497          1     0.0400     0.0821      98.73     0.3613     0.2696  1.000e-12  0.2963000    10.7564    10.7559    -0.0005     8.4569     8.4564    103.505    105.702      0.530    1445.38    1445.39  0.000e+00
      15789    105.000     5.8737     5.8748     0.0012    1.16556    1.16551          1     0.0394     0.0830      98.71     0.3703     0.2574  1.000e-12  0.2927000    10.7612    10.7604    -0.0009     8.4605     8.4598    104.000    106.207      0.536    1445.41    1445.41  0.000e+00
      15811    105.500     5.8745     5.8759     0.0014    1.16584    1.16582          1     0.0370     0.0808      98.71     0.3647     0.2332  1.000e-12  0.2881000    10.7636    10.7630    -0.0006     8.4623     8.4618    104.495    106.712      0.545    1445.42    1445.43  0.000e+00
      15833    106.000     5.8774     5.8786     0.0012    1.16640    1.16636          1     0.0373     0.0806      98.71     0.3465     0.2036  1.000e-12  0.2960000    10.7682    10.7675    -0.0007     8.4658     8.4652    104.991    107.217      0.550    1445.45    1445.45  0.000e+00
      15855    106.500     5.8814     5.8826     0.0012    1.16712    1.16708          1     0.0392     0.0810      98.71     0.3428     0.3202  1.000e-12  0.3019000    10.7740    10.7733    -0.0007     8.4701     8.4695    105.486    107.722      0.551    1445.48    1445.49  0.000e+00
      15877    107.000     5.8848     5.8861     0.0013    1.16810    1.16806          1     0.0391     0.0803      98.71     0.3588     0.2713  1.000e-12  0.2786000    10.7827    10.7818    -0.0009     8.4767     8.4760    105.981    108.227      0.545    1445.52    1445.52  0.000e+00
      15899    107.500     5.8885     5.8898     0.0013    1.16901    1.16899          1     0.0400     0.0799      98.71     0.3585     0.2427  1.000e-12  0.2801000    10.7904    10.7898    -0.0006     8.4826     8.4821    106.476    108.732      0.535    1445.55    1445.55  0.000e+00
      15922    108.000     5.8928     5.8941     0.0013    1.16972    1.16968          1     0.0378     0.0788      52.06     0.3606     0.2509  1.000e-12  0.2672000    10.7961    10.7952    -0.0008     8.4868     8.4861    106.971    109.237      0.526    1445.58    1445.59  0.000e+00
      15945    108.500     5.8951     5.8964     0.0013    1.17049    1.17047          1     0.0378     0.0787      44.18     0.3194     0.2524  1.000e-12  0.2897000    10.8030    10.8023    -0.0007     8.4921     8.4915    107.466    109.742      0.535    1445.61    1445.61  0.000e+00
      15967    109.000     5.8959     5.8972     0.0013    1.17089    1.17087          1     0.0400     0.0767      83.32     0.3213     0.2357  1.000e-12  0.2951000    10.8066    10.8060    -0.0006     8.4949     8.4943    107.961    110.247      0.555    1445.63    1445.63  0.000e+00
      15988    109.500     5.8971     5.8984     0.0013    1.17123    1.17121          1     0.0332     0.0786      94.71     0.3300     0.2326  1.000e-12  0.2835000    10.8095    10.8088    -0.0007     8.4971     8.4965    108.456    110.752      0.545    1445.64    1445.65  0.000e+00
      16011    110.000     5.8976     5.8990     0.0015    1.17135    1.17134          1     0.0348     0.0782      94.64     0.3471     0.1797  1.000e-12  0.2673000    10.8105    10.8099    -0.0006     8.4979     8.4973    108.951    111.257      0.524    1445.65    1445.66  0.000e+00
      16034    110.500     5.8993     5.9006     0.0014    1.17162    1.17160          1     0.0374     0.0784      94.19     0.3581     0.2027  1.000e-12  0.2514000    10.8125    10.8119    -0.0006     8.4993     8.4987    109.447    111.762      0.531    1445.67    1445.68  0.000e+00
      16056    111.000     5.9054     5.9068     0.0013    1.17242    1.17241          1     0.0369     0.0782      93.68     0.3496     0.2356  1.000e-12  0.2395000    10.8184    10.8179    -0.0006     8.5036     8.5031    109.942    112.267      0.548    1445.71    1445.72  0.000e+00
      16078    111.500     5.9071     5.9086     0.0015    1.17285    1.17285          1     0.0379     0.0783      93.12     0.3497     0.2492  1.000e-12  0.3093000    10.8221    10.8216    -0.0005     8.5064     8.5059    110.437    112.772      0.540    1445.73    1445.74  0.000e+00
