ctdpy/tests/etc/all_smhi_bas_2018/SBE09_1044_20180418_1652_34_07_0017.cnv
* Sea-Bird SBE 9 Data File:
* FileName = C:\ctd\temp\2018\AU18D017.hex
* Software Version Seasave V 7.26.6.26
* Temperature SN = 5351
* Conductivity SN = 3941
* Number of Bytes Per Scan = 41
* Number of Voltage Words = 4
* Number of Scans Averaged by the Deck Unit = 1
* NMEA Latitude = 56 38.01 N
* NMEA Longitude = 019 35.08 E
* NMEA UTC (Time) = Apr 18 2018  16:52:46
* NMEA baud rate = 4800
** Station:  BY10
** Operator:  SSip
** Ship: AURA
** Average sound velocity: 1437.69 m/s
** True-depth calculation Wed, 18 Apr 2018 17:49:26 +0000
** CTD Python Module SMHI /ver 3-12/ feb 2012 
** LIMS Job: 20183407-0017
** Cruise: SMHI-01-2018
** Latitude [GG MM.mm N] :
** Longitude [GG MM.mm E]:
# nquan = 26
# nvalues = 273                         
# units = specified
# name 0 = scan: Scan Count
# name 1 = prDM: Pressure, Digiquartz [db]
# name 2 = t090C: Temperature [ITS-90, deg C]
# name 3 = t190C: Temperature, 2 [ITS-90, deg C]
# name 4 = T2-T190C: Temperature Difference, 2 - 1 [ITS-90, deg C]
# name 5 = c0S/m: Conductivity [S/m]
# name 6 = c1S/m: Conductivity, 2 [S/m]
# name 7 = pumps: Pump Status
# name 8 = sbeox0ML/L: Oxygen, SBE 43 [ml/l]
# name 9 = sbeox1ML/L: Oxygen, SBE 43, 2 [ml/l]
# name 10 = altM: Altimeter [m]
# name 11 = flECO-AFL: Chl-a Fluorescence, WET Labs ECO-AFL/FL [mg/m^3]
# name 12 = flECO-AFL1: Phycocyanin Fluorescence, WET Labs ECO-AFL/FL, 2 [mg/m^3]
# name 13 = par: PAR/Irradiance, Biospherical/Lico [µE/(cm^2*s)]
# name 14 = turbWETntu0: Turbidity, WET Labs ECO [NTU]
# name 15 = sal00: Salinity, Practical [PSU]
# name 16 = sal11: Salinity, Practical, 2 [PSU]
# name 17 = secS-priS: Salinity, Practical, Difference, 2 - 1 [PSU]
# name 18 = sigma-t00: Density [sigma-t, Kg/m^3 ]
# name 19 = sigma-t11: Density, 2 [sigma-t, Kg/m^3 ]
# name 20 = depSM: Depth [salt water, m], lat = 56.6335
# name 21 = depFM: Depth [true depth, m], lat = 56.6335
# name 22 = dz/dtM: Descent Rate [m/s], WS = 2
# name 23 = svCM: Sound Velocity [Chen-Millero, m/s]
# name 24 = svCM1: Sound Velocity, 2 [Chen-Millero, m/s]
# name 25 = flag: flag
# span 0 =       6645,      12777       
# span 1 =      1.000,    137.000       
# span 2 =     2.6732,     6.8981       
# span 3 =     2.6719,     6.8984       
# span 4 =    -0.0306,     0.0479       
# span 5 =   0.753219,   1.413282       
# span 6 =   0.753302,   1.413217       
# span 7 =          1,          1       
# span 8 =    0.04017,    9.97615       
# span 9 =    0.03855,    9.84668       
# span 10 =       4.04,      98.66      
# span 11 =     0.2500,     5.6912      
# span 12 =     0.1693,     1.1097      
# span 13 = -1.221e-06, 1.9588e+03      
# span 14 =     0.1128,     0.8791      
# span 15 =     7.3955,    12.8873      
# span 16 =     7.3947,    12.8866      
# span 17 =    -0.0178,     0.0003      
# span 18 =     5.8898,    10.0649      
# span 19 =     5.8894,    10.0643      
# span 20 =      0.991,    135.701      
# span 21 =      1.013,    138.502      
# span 22 =     -0.132,      0.739      
# span 23 =    1425.90,    1452.57      
# span 24 =    1425.92,    1452.57      
# span 25 = 0.0000e+00, 0.0000e+00      
# interval = decibars: 0.5              
# start_time = Apr 18 2018 16:52:46 [NMEA time, first data scan]
# bad_flag = -9.990e-29
*END*
[from data line 168]
      10383     85.000     5.9987     5.9997     0.0009    1.17901    1.17893          1     0.1254     0.0984      96.96     0.3043     0.2232  1.000e-12  0.2021000    10.8590    10.8578    -0.0011     8.5297     8.5287     84.205     86.035      0.567    1445.75    1445.75  0.000e+00
      10404     85.500     6.0201     6.0204     0.0003    1.18417    1.18403          1     0.1327     0.1065      70.77     0.3103     0.2056  1.000e-12  0.2008000    10.9034    10.9019    -0.0015     8.5633     8.5621     84.700     86.540      0.597    1445.90    1445.90  0.000e+00
      10424     86.000     6.0460     6.0459    -0.0000    1.19052    1.19036          1     0.1446     0.1184      56.19     0.3103     0.1920  1.000e-12  0.2164000    10.9581    10.9566    -0.0015     8.6047     8.6035     85.195     87.045      0.571    1446.09    1446.09  0.000e+00
      10446     86.500     6.0705     6.0707     0.0002    1.19667    1.19649          1     0.1572     0.1374      78.15     0.2806     0.2159  1.000e-12  0.2162000    11.0113    11.0094    -0.0019     8.6449     8.6435     85.690     87.550      0.518    1446.27    1446.27  0.000e+00
      10470     87.000     6.0920     6.0925     0.0004    1.20195    1.20180          1     0.1767     0.1576      81.58     0.3116     0.2268  1.000e-12  0.2158000    11.0567    11.0550    -0.0017     8.6793     8.6780     86.185     88.055      0.505    1446.42    1446.42  0.000e+00
      10493     87.500     6.1088     6.1096     0.0009    1.20587    1.20580          1     0.1948     0.1778      54.25     0.2968     0.2135  1.000e-12  0.2088000    11.0901    11.0891    -0.0010     8.7045     8.7037     86.681     88.560      0.526    1446.54    1446.55  0.000e+00
      10516     88.000     6.1282     6.1291     0.0009    1.21050    1.21041          1     0.2094     0.1934      80.04     0.2991     0.2166  1.000e-12  0.1972000    11.1296    11.1285    -0.0011     8.7343     8.7334     87.176     89.065      0.538    1446.68    1446.69  0.000e+00
      10538     88.500     6.1441     6.1448     0.0008    1.21434    1.21425          1     0.2250     0.2071      52.80     0.3053     0.2223  1.000e-12  0.1919000    11.1625    11.1614    -0.0011     8.7592     8.7583     87.671     89.570      0.550    1446.80    1446.80  0.000e+00
      10559     89.000     6.1559     6.1564     0.0005    1.21731    1.21722          1     0.2354     0.2179      52.83     0.2948     0.2059  1.000e-12  0.1897000    11.1881    11.1871    -0.0010     8.7785     8.7776     88.166     90.074      0.558    1446.89    1446.89  0.000e+00
      10581     89.500     6.1674     6.1680     0.0006    1.22035    1.22026          1     0.2425     0.2241      52.36     0.2843     0.1914  1.000e-12  0.1858000    11.2144    11.2132    -0.0012     8.7985     8.7975     88.662     90.579      0.565    1446.98    1446.98  0.000e+00
      10602     90.000     6.1796     6.1805     0.0009    1.22364    1.22361          1     0.2540     0.2364      51.83     0.2755     0.2042  1.000e-12  0.1982000    11.2430    11.2424    -0.0006     8.8201     8.8196     89.157     91.084      0.554    1447.08    1447.08  0.000e+00
      10624     90.500     6.1916     6.1921     0.0004    1.22608    1.22600          1     0.2656     0.2538      51.36     0.2645     0.2307  1.000e-12  0.1910000    11.2632    11.2622    -0.0010     8.8352     8.8344     89.652     91.589      0.510    1447.16    1447.16  0.000e+00
      10649     91.000     6.2030     6.2031     0.0000    1.22910    1.22893          1     0.2821     0.2717      50.84     0.2924     0.2241  1.000e-12  0.1806000    11.2892    11.2875    -0.0017     8.8549     8.8536     90.147     92.094      0.478    1447.25    1447.25  0.000e+00
      10674     91.500     6.2305     6.2309     0.0004    1.23302    1.23288          1     0.3192     0.3148      50.29     0.3003     0.2056  1.000e-12  0.1741000    11.3189    11.3175    -0.0015     8.8764     8.8752     90.642     92.598      0.535    1447.41    1447.41  0.000e+00
      10694     92.000     6.2999     6.3011     0.0012    1.23991    1.23983          1     0.3646     0.3659      49.81     0.2841     0.2071  1.000e-12  0.1770000    11.3641    11.3629    -0.0012     8.9072     8.9061     91.138     93.103      0.604    1447.77    1447.77  0.000e+00
      10714     92.500     6.3234     6.3242     0.0007    1.24265    1.24262          1     0.3979     0.3912      49.55     0.2815     0.2071  1.000e-12  0.1717000    11.3833    11.3828    -0.0005     8.9206     8.9202     91.633     93.608      0.608    1447.90    1447.90  0.000e+00
      10734     93.000     6.3294     6.3304     0.0010    1.24390    1.24385          1     0.4119     0.3981      49.05     0.2993     0.2265  1.000e-12  0.1567000    11.3936    11.3928    -0.0008     8.9283     8.9276     92.128     94.113      0.556    1447.95    1447.95  0.000e+00
      10757     93.500     6.3215     6.3229     0.0014    1.24579    1.24565          1     0.4098     0.3930      48.21     0.3110     0.2304  1.000e-12  0.1720000    11.4149    11.4131    -0.0019     8.9457     8.9441     92.623     94.618      0.499    1447.95    1447.95  0.000e+00
      10782     94.000     6.3107     6.3118     0.0010    1.24869    1.24858          1     0.4058     0.3915      47.58     0.2866     0.2376  1.000e-12  0.1610000    11.4471    11.4457    -0.0014     8.9717     8.9705     93.118     95.122      0.481    1447.95    1447.95  0.000e+00
      10807     94.500     6.3136     6.3146     0.0010    1.25202    1.25196          1     0.4087     0.3972      47.09     0.2985     0.2056  1.000e-12  0.1424000    11.4792    11.4782    -0.0009     8.9967     8.9959     93.614     95.627      0.510    1448.01    1448.02  0.000e+00
      10829     95.000     6.3095     6.3102     0.0007    1.25488    1.25483          1     0.4129     0.4008      46.64     0.2876     0.2127  1.000e-12  0.1481000    11.5087    11.5080    -0.0007     9.0202     9.0196     94.109     96.132      0.570    1448.04    1448.04  0.000e+00
      10849     95.500     6.3134     6.3129    -0.0005    1.25615    1.25604          1     0.4147     0.3991      46.21     0.2956     0.2578  1.000e-12  0.1541000    11.5200    11.5191    -0.0009     9.0288     9.0281     94.604     96.636      0.614    1448.08    1448.07  0.000e+00
      10868     96.000     6.3111     6.3119     0.0007    1.25801    1.25795          1     0.4152     0.4025      45.72     0.2945     0.1930  1.000e-12  0.1526000    11.5391    11.5383    -0.0008     9.0440     9.0433     95.099     97.141      0.607    1448.10    1448.10  0.000e+00
      10889     96.500     6.3188     6.3192     0.0004    1.26114    1.26108          1     0.4244     0.4127      45.26     0.2844     0.2305  1.000e-12  0.1506000    11.5675    11.5667    -0.0008     9.0658     9.0652     95.594     97.646      0.537    1448.18    1448.18  0.000e+00
      10914     97.000     6.3278     6.3280     0.0002    1.26316    1.26307          1     0.4324     0.4232      69.25     0.2609     0.2090  1.000e-12  0.1567000    11.5843    11.5834    -0.0009     9.0784     9.0777     96.090     98.151      0.456    1448.24    1448.24  0.000e+00
      10941     97.500     6.3502     6.3501    -0.0001    1.26563    1.26550          1     0.4434     0.4328      43.48     0.2623     0.1705  1.000e-12  0.1616000    11.6012    11.5999    -0.0013     9.0901     9.0891     96.585     98.655      0.489    1448.36    1448.36  0.000e+00
      10963     98.000     6.3572     6.3578     0.0006    1.26796    1.26793          1     0.4559     0.4399      78.46     0.2621     0.2232  1.000e-12  0.1358000    11.6217    11.6213    -0.0004     9.1058     9.1054     97.080     99.160      0.588    1448.43    1448.43  0.000e+00
      10982     98.500     6.3540     6.3542     0.0002    1.27060    1.27054          1     0.4593     0.4452      43.11     0.2853     0.2634  1.000e-12  0.1485000    11.6489    11.6483    -0.0006     9.1274     9.1269     97.575     99.665      0.626    1448.46    1448.46  0.000e+00
      11001     99.000     6.3784     6.3787     0.0003    1.27418    1.27408          1     0.4671     0.4552      42.55     0.2950     0.2266  1.000e-12  0.1493000    11.6760    11.6750    -0.0011     9.1469     9.1461     98.070    100.169      0.581    1448.60    1448.60  0.000e+00
      11024     99.500     6.3914     6.3904    -0.0010    1.27755    1.27731          1     0.4703     0.4610      41.97     0.2804     0.1693  1.000e-12  0.1463000    11.7049    11.7029    -0.0020     9.1687     9.1672     98.565    100.674      0.504    1448.70    1448.69  0.000e+00
      11049    100.000     6.4216     6.4216     0.0000    1.28173    1.28162          1     0.4721     0.4625      41.42     0.2580     0.1884  1.000e-12  0.1674000    11.7359    11.7348    -0.0011     9.1909     9.1900     99.061    101.179      0.500    1448.87    1448.87  0.000e+00
      11072    100.500     6.4041     6.4049     0.0008    1.28205    1.28205          1     0.4735     0.4591      40.98     0.2737     0.2214  1.000e-12  0.1747000    11.7450    11.7447    -0.0003     9.1993     9.1990     99.556    101.683      0.547    1448.82    1448.82  0.000e+00
      11093    101.000     6.4179     6.4183     0.0004    1.28430    1.28418          1     0.4712     0.4581      40.46     0.3032     0.2097  1.000e-12  0.1437000    11.7624    11.7611    -0.0013     9.2120     9.2110    100.051    102.188      0.549    1448.91    1448.91  0.000e+00
      11116    101.500     6.4417     6.4427     0.0010    1.28804    1.28798          1     0.4714     0.4585      39.93     0.2617     0.2114  1.000e-12  0.1488000    11.7911    11.7903    -0.0009     9.2329     9.2321    100.546    102.692      0.522    1449.05    1449.06  0.000e+00
      11139    102.000     6.4488     6.4494     0.0006    1.29067    1.29058          1     0.4734     0.4641      39.35     0.2625     0.2346  1.000e-12  0.1491000    11.8146    11.8135    -0.0011     9.2508     9.2499    101.041    103.197      0.533    1449.12    1449.12  0.000e+00
      11160    102.500     6.4495     6.4504     0.0009    1.29204    1.29203          1     0.4827     0.4716      38.84     0.2725     0.2088  1.000e-12  0.1320000    11.8280    11.8275    -0.0005     9.2613     9.2608    101.537    103.702      0.564    1449.15    1449.15  0.000e+00
      11181    103.000     6.4439     6.4446     0.0007    1.29337    1.29331          1     0.4847     0.4740      38.55     0.2834     0.2625  1.000e-12  0.1399000    11.8429    11.8421    -0.0009     9.2735     9.2727    102.032    104.206      0.580    1449.15    1449.15  0.000e+00
      11202    103.500     6.4891     6.4890    -0.0000    1.29852    1.29840          1     0.4708     0.4530      38.11     0.2789     0.2643  1.000e-12  0.1359000    11.8781    11.8770    -0.0011     9.2978     9.2969    102.527    104.711      0.562    1449.39    1449.39  0.000e+00
      11224    104.000     6.5295     6.5297     0.0002    1.30290    1.30279          1     0.4345     0.4093      37.50     0.2884     0.2153  1.000e-12  0.1354000    11.9074    11.9062    -0.0012     9.3179     9.3169    103.022    105.215      0.498    1449.61    1449.61  0.000e+00
      11250    104.500     6.5389     6.5403     0.0014    1.30550    1.30544          1     0.4016     0.3788      37.13     0.2955     0.2010  1.000e-12  0.1478000    11.9298    11.9287    -0.0011     9.3347     9.3338    103.517    105.720      0.464    1449.68    1449.69  0.000e+00
      11275    105.000     6.5089     6.5100     0.0011    1.30561    1.30562          1     0.4093     0.3998      37.08     0.2771     0.2066  1.000e-12  0.1508000    11.9412    11.9409    -0.0003     9.3459     9.3456    104.012    106.224      0.533    1449.58    1449.58  0.000e+00
      11296    105.500     6.4855     6.4862     0.0007    1.30629    1.30627          1     0.4292     0.4219      36.89     0.2853     0.1894  1.000e-12  0.1432000    11.9560    11.9556    -0.0004     9.3593     9.3589    104.508    106.729      0.602    1449.51    1449.51  0.000e+00
      11315    106.000     6.5098     6.5053    -0.0045    1.30915    1.30884          1     0.4750     0.4838      36.40     0.2847     0.1773  1.000e-12  0.1427000    11.9757    11.9742    -0.0015     9.3729     9.3721    105.003    107.234      0.611    1449.64    1449.62  0.000e+00
      11335    106.500     6.6515     6.6513    -0.0002    1.31801    1.31790          1     0.5510     0.5644      35.87     0.2672     0.2328  1.000e-12  0.1534000    12.0136    12.0126    -0.0010     9.3921     9.3913    105.498    107.738      0.569    1450.29    1450.29  0.000e+00
      11358    107.000     6.6196     6.6232     0.0036    1.31761    1.31777          1     0.5656     0.5517      35.35     0.2699     0.2095  1.000e-12  0.1552000    12.0208    12.0210     0.0003     9.4002     9.4001    105.993    108.243      0.502    1450.17    1450.19  0.000e+00
      11383    107.500     6.5652     6.5642    -0.0010    1.31652    1.31631          1     0.5097     0.4846      34.83     0.2809     0.1734  1.000e-12  0.1439000    12.0290    12.0272    -0.0018     9.4107     9.4094    106.488    108.747      0.464    1449.96    1449.96  0.000e+00
      11409    108.000     6.6261     6.6267     0.0005    1.32215    1.32201          1     0.4790     0.4636      34.29     0.2781     0.1705  1.000e-12  0.1481000    12.0631    12.0615    -0.0015     9.4329     9.4316    106.983    109.252      0.499    1450.27    1450.27  0.000e+00
      11432    108.500     6.6384     6.6377    -0.0006    1.32553    1.32539          1     0.4842     0.4781      33.82     0.2736     0.2074  1.000e-12  0.1560000    12.0921    12.0909    -0.0012     9.4548     9.4539    107.479    109.756      0.552    1450.36    1450.36  0.000e+00
      11452    109.000     6.7246     6.7193    -0.0051    1.33160    1.33131          1     0.5265     0.5258      33.31     0.2725     0.2451  1.000e-12  0.1530000    12.1215    12.1205    -0.0010     9.4712     9.4709    107.974    110.261      0.587    1450.77    1450.75  0.000e+00
      11473    109.500     6.7900     6.7944     0.0042    1.33654    1.33666          1     0.5507     0.5434      32.80     0.2725     0.2618  1.000e-12  0.1516000    12.1469    12.1465    -0.0004     9.4861     9.4855    108.469    110.765      0.579    1451.08    1451.10  0.000e+00
      11494    110.000     6.7561     6.7538    -0.0023    1.33715    1.33689          1     0.6011     0.6184      32.28     0.2500     0.2246  1.000e-12  0.2081000    12.1648    12.1631    -0.0017     9.5028     9.5017    108.964    111.270      0.524    1450.97    1450.96  0.000e+00
      11519    110.500     6.8624     6.8564    -0.0060    1.34504    1.34465          1     0.7447     0.7691      31.72     0.2831     0.1732  1.000e-12  0.1714000    12.2047    12.2030    -0.0017     9.5258     9.5250    109.459    111.774      0.467    1451.47    1451.44  0.000e+00
      11545    111.000     6.8714     6.8738     0.0024    1.34696    1.34703          1     0.7667     0.7449      31.19     0.2740     0.2105  1.000e-12  0.1913000    12.2203    12.2201    -0.0002     9.5374     9.5370    109.954    112.279      0.487    1451.54    1451.54  0.000e+00
      11568    111.500     6.8215     6.8187    -0.0028    1.34672    1.34653          1     0.7023     0.6711      30.74     0.2731     0.2372  1.000e-12  0.1962000    12.2356    12.2347    -0.0009     9.5533     9.5528    110.450    112.783      0.541    1451.35    1451.34  0.000e+00
