ctdpy/tests/etc/all_smhi_bas_2018/SBE09_0827_20180905_0601_26_01_0962.cnv
* Sea-Bird SBE 9 Data File:
* FileName = D:\CTD_SBE911\DAT\26DA.2018.9.12.hex
* Software Version Seasave V 7.21d
* Temperature SN = 034605
* Conductivity SN = 041844
* Number of Bytes Per Scan = 48
* Number of Voltage Words = 5
* Number of Scans Averaged by the Deck Unit = 1
* NMEA Latitude = 58 01.10 N
* NMEA Longitude = 017 58.90 E
* NMEA UTC (Time) = Sep 05 2018  06:04:19
* NMEA baud rate = 4800
** Ship: DANA
** Average sound velocity: 1447.67 m/s
** True-depth calculation Wed, 03 Apr 2019 09:29:24 +0000
** CTD Python Module SMHI /ver 3-12/ feb 2012 
** LIMS Job: 20182601-0962
**  BY32 NORRKØPINGSDJUPET
** Operator: Christian
** Cruise: 09/2018
# nquan = 26
# nvalues = 400                         
# units = specified
# name 0 = scan: Scan Count
# name 1 = prDM: Pressure, Digiquartz [db]
# name 2 = t090C: Temperature [ITS-90, deg C]
# name 3 = t190C: Temperature, 2 [ITS-90, deg C]
# name 4 = T2-T190C: Temperature Difference, 2 - 1 [ITS-90, deg C]
# name 5 = c0S/m: Conductivity [S/m]
# name 6 = c1S/m: Conductivity, 2 [S/m]
# name 7 = pumps: Pump Status
# name 8 = sbeox1ML/L: Oxygen, SBE 43, 2 [ml/l]
# name 9 = sbeox0ML/L: Oxygen, SBE 43 [ml/l]
# name 10 = altM: Altimeter [m]
# name 11 = chloroflTC0: Chlorophyll, Turner Cyclops [ug/l]
# name 12 = cpar: CPAR/Corrected Irradiance [%]
# name 13 = par: PAR/Irradiance, Biospherical/Lico [µE/(cm^2*s)]
# name 14 = spar: SPAR, Biospherical/Licor
# name 15 = sal00: Salinity, Practical [PSU]
# name 16 = sal11: Salinity, Practical, 2 [PSU]
# name 17 = secS-priS: Salinity, Practical, Difference, 2 - 1 [PSU]
# name 18 = sigma-t00: Density [sigma-t, kg/m^3 ]
# name 19 = sigma-t11: Density, 2 [sigma-t, kg/m^3 ]
# name 20 = depSM: Depth [salt water, m], lat = 58.0183
# name 21 = depFM: Depth [true depth, m], lat = 58.0183
# name 22 = dz/dtM: Descent Rate [m/s], WS = 2
# name 23 = svCM: Sound Velocity [Chen-Millero, m/s]
# name 24 = svCM1: Sound Velocity, 2 [Chen-Millero, m/s]
# name 25 = flag: flag
# span 0 =        187,      15071       
# span 1 =      1.000,    200.500       
# span 2 =     3.3985,    18.5578       
# span 3 =     3.3951,    18.5577       
# span 4 =    -1.6379,     0.0385       
# span 5 =   0.758848,   1.204208       
# span 6 =   0.758496,   1.203690       
# span 7 =          1,          1       
# span 8 =     0.0390,     7.5429       
# span 9 =     0.0245,     7.8666       
# span 10 =       1.48,       9.98      
# span 11 =     0.0424,     0.2802      
# span 12 = 7.5052e-14, 1.6506e+00      
# span 13 = 1.0000e-12, 2.0458e+01      
# span 14 = 1.0649e+03, 1.3325e+03      
# span 15 =     6.7035,    11.0736      
# span 16 =     6.7238,    11.0687      
# span 17 =    -0.0082,     0.1542      
# span 18 =     3.6455,     8.6957      
# span 19 =     3.6427,     8.6919      
# span 20 =      0.990,    198.545      
# span 21 =      1.015,    202.744      
# span 22 =     -0.053,      0.570      
# span 23 =    1429.40,    1485.75      
# span 24 =    1429.37,    1485.74      
# span 25 = 0.0000e+00, 0.0000e+00      
# interval = decibars: 0.5              
# start_time = Sep 05 2018 06:04:19 [NMEA time, first data scan]
# bad_flag = -9.990e-29
*END*
[from data line 168]
       8219     85.000     5.6296     5.6359     0.0062    1.11370    1.11332          1     0.1007     0.1039       9.97     0.0533  7.698e-14  1.000e-12  1.299e+03    10.3228    10.3170    -0.0057     8.1294     8.1245     84.195     86.104      0.256    1443.49    1443.51  0.000e+00
       8269     85.500     5.6487     5.6552     0.0065    1.11746    1.11743          1     0.1004     0.0981       9.97     0.0538  7.706e-14  1.000e-12  1.298e+03    10.3545    10.3521    -0.0023     8.1533     8.1511     84.690     86.609      0.222    1443.62    1443.65  0.000e+00
       8321     86.000     5.6662     5.6724     0.0062    1.12105    1.12090          1     0.0982     0.0963       9.97     0.0526  7.707e-14  1.000e-12  1.298e+03    10.3849    10.3815    -0.0034     8.1763     8.1733     85.185     87.115      0.258    1443.74    1443.77  0.000e+00
       8365     86.500     5.6783     5.6825     0.0042    1.12366    1.12342          1     0.0946     0.0955       9.97     0.0521  7.707e-14  1.000e-12  1.298e+03    10.4072    10.4035    -0.0037     8.1932     8.1900     85.680     87.620      0.260    1443.83    1443.84  0.000e+00
       8416     87.000     5.6843     5.6864     0.0020    1.12472    1.12421          1     0.0949     0.0917       9.97     0.0522  7.702e-14  1.000e-12  1.298e+03    10.4159    10.4101    -0.0058     8.1997     8.1950     86.175     88.125      0.232    1443.88    1443.88  0.000e+00
       8464     87.500     5.6872     5.6884     0.0012    1.12523    1.12459          1     0.0911     0.0877       9.97     0.0515  7.705e-14  1.000e-12  1.298e+03    10.4199    10.4132    -0.0067     8.2027     8.1974     86.671     88.630      0.270    1443.90    1443.90  0.000e+00
       8508     88.000     5.6956     5.7020     0.0064    1.12704    1.12714          1     0.0893     0.0870       9.97     0.0525  7.694e-14  1.000e-12  1.300e+03    10.4354    10.4344    -0.0011     8.2144     8.2132     87.166     89.135      0.260    1443.97    1443.99  0.000e+00
       8558     88.500     5.7136     5.7184     0.0049    1.13072    1.13074          1     0.0880     0.0844       9.97     0.0529  7.700e-14  1.000e-12  1.299e+03    10.4665    10.4652    -0.0013     8.2379     8.2366     87.661     89.640      0.231    1444.09    1444.11  0.000e+00
       8608     89.000     5.7261     5.7288     0.0027    1.13353    1.13323          1     0.0838     0.0844       9.97     0.0530  7.694e-14  1.000e-12  1.300e+03    10.4906    10.4868    -0.0038     8.2562     8.2530     88.156     90.145      0.258    1444.18    1444.19  0.000e+00
       8652     89.500     5.7342     5.7366     0.0024    1.13545    1.13508          1     0.0846     0.0808       9.97     0.0519  7.694e-14  1.000e-12  1.300e+03    10.5073    10.5028    -0.0044     8.2688     8.2652     88.651     90.650      0.268    1444.25    1444.25  0.000e+00
       8700     90.000     5.7385     5.7401     0.0016    1.13631    1.13583          1     0.0843     0.0791       9.97     0.0530  7.696e-14  1.000e-12  1.299e+03    10.5144    10.5091    -0.0053     8.2742     8.2699     89.146     91.156      0.238    1444.28    1444.28  0.000e+00
       8748     90.500     5.7460     5.7490     0.0030    1.13759    1.13714          1     0.0847     0.0761       9.97     0.0524  7.706e-14  1.000e-12  1.298e+03    10.5248    10.5193    -0.0055     8.2819     8.2774     89.642     91.661      0.283    1444.33    1444.34  0.000e+00
       8789     91.000     5.7546     5.7586     0.0040    1.13945    1.13939          1     0.0820     0.0757       9.97     0.0532  7.700e-14  1.000e-12  1.299e+03    10.5406    10.5387    -0.0019     8.2939     8.2922     90.137     92.166      0.276    1444.40    1444.41  0.000e+00
       8835     91.500     5.7639     5.7664     0.0025    1.14156    1.14126          1     0.0813     0.0744       9.97     0.0532  7.708e-14  1.000e-12  1.297e+03    10.5587    10.5548    -0.0039     8.3076     8.3044     90.632     92.671      0.252    1444.47    1444.48  0.000e+00
       8882     92.000     5.7726     5.7756     0.0029    1.14340    1.14310          1     0.0781     0.0736       9.97     0.0529  7.719e-14  1.000e-12  1.296e+03    10.5742    10.5703    -0.0040     8.3193     8.3160     91.127     93.176      0.253    1444.53    1444.54  0.000e+00
       8932     92.500     5.7800     5.7828     0.0028    1.14496    1.14484          1     0.0795     0.0732       9.97     0.0534  7.717e-14  1.000e-12  1.296e+03    10.5874    10.5853    -0.0021     8.3292     8.3275     91.622     93.681      0.245    1444.59    1444.60  0.000e+00
       8977     93.000     5.7874     5.7899     0.0024    1.14672    1.14648          1     0.0793     0.0692       9.97     0.0524  7.701e-14  1.000e-12  1.298e+03    10.6026    10.5994    -0.0031     8.3408     8.3381     92.117     94.186      0.269    1444.65    1444.66  0.000e+00
       9026     93.500     5.7931     5.7964     0.0032    1.14788    1.14786          1     0.0776     0.0714       9.97     0.0540  7.708e-14  1.000e-12  1.297e+03    10.6122    10.6110    -0.0012     8.3480     8.3469     92.612     94.691      0.234    1444.69    1444.71  0.000e+00
       9073     94.000     5.8005     5.8022     0.0017    1.14956    1.14920          1     0.0791     0.0682       9.97     0.0537  7.704e-14  1.000e-12  1.298e+03    10.6266    10.6225    -0.0040     8.3589     8.3556     93.108     95.196      0.296    1444.75    1444.75  0.000e+00
       9112     94.500     5.8029     5.8038     0.0009    1.15015    1.14980          1     0.0767     0.0680       9.97     0.0524  7.684e-14  1.000e-12  1.302e+03    10.6317    10.6279    -0.0037     8.3628     8.3598     93.603     95.701      0.284    1444.77    1444.78  0.000e+00
       9161     95.000     5.8051     5.8064     0.0014    1.15073    1.15044          1     0.0723     0.0657       9.97     0.0535  7.699e-14  1.000e-12  1.299e+03    10.6367    10.6333    -0.0033     8.3666     8.3639     94.098     96.206      0.232    1444.80    1444.80  0.000e+00
       9208     95.500     5.8089     5.8092     0.0004    1.15158    1.15107          1     0.0730     0.0653       9.97     0.0523  7.692e-14  1.000e-12  1.300e+03    10.6439    10.6387    -0.0052     8.3721     8.3679     94.593     96.711      0.289    1444.83    1444.83  0.000e+00
       9251     96.000     5.8108     5.8129     0.0021    1.15209    1.15210          1     0.0744     0.0656       9.97     0.0535  7.665e-14  1.000e-12  1.305e+03    10.6483    10.6477    -0.0005     8.3754     8.3748     95.088     97.216      0.245    1444.85    1444.86  0.000e+00
       9306     96.500     5.8163     5.8183     0.0020    1.15338    1.15318          1     0.0744     0.0644       9.97     0.0522  7.682e-14  1.000e-12  1.302e+03    10.6593    10.6567    -0.0026     8.3837     8.3816     95.583     97.721      0.235    1444.90    1444.91  0.000e+00
       9348     97.000     5.8224     5.8243     0.0018    1.15449    1.15414          1     0.0732     0.0645       9.97     0.0522  7.664e-14  1.000e-12  1.305e+03    10.6684    10.6643    -0.0041     8.3905     8.3872     96.078     98.226      0.296    1444.95    1444.95  0.000e+00
       9394     97.500     5.8258     5.8293     0.0035    1.15518    1.15535          1     0.0721     0.0630       9.97     0.0535  7.654e-14  1.000e-12  1.306e+03    10.6741    10.6748     0.0006     8.3948     8.3951     96.574     98.731      0.236    1444.98    1444.99  0.000e+00
       9442     98.000     5.8318     5.8342     0.0024    1.15669    1.15661          1     0.0699     0.0576       9.97     0.0529  7.679e-14  1.000e-12  1.302e+03    10.6872    10.6857    -0.0015     8.4048     8.4034     97.069     99.236      0.289    1445.02    1445.03  0.000e+00
       9481     98.500     5.8371     5.8413     0.0042    1.15806    1.15829          1     0.0692     0.0615       9.97     0.0540  7.668e-14  1.000e-12  1.304e+03    10.6991    10.7001     0.0010     8.4138     8.4143     97.564     99.741      0.292    1445.07    1445.09  0.000e+00
       9529     99.000     5.8411     5.8449     0.0038    1.15897    1.15940          1     0.0679     0.0582       9.97     0.0537  7.665e-14  1.000e-12  1.305e+03    10.7068    10.7099     0.0031     8.4197     8.4219     98.059    100.246      0.230    1445.11    1445.13  0.000e+00
       9578     99.500     5.8464     5.8464     0.0000    1.16036    1.15986          1     0.0692     0.0589       9.97     0.0536  7.663e-14  1.000e-12  1.305e+03    10.7189    10.7139    -0.0050     8.4289     8.4249     98.554    100.751      0.276    1445.15    1445.14  0.000e+00
       9619    100.000     5.8476     5.8485     0.0010    1.16057    1.16019          1     0.0701     0.0570       9.97     0.0538  7.638e-14  1.000e-12  1.309e+03    10.7206    10.7165    -0.0041     8.4301     8.4269     99.049    101.256      0.319    1445.17    1445.17  0.000e+00
       9653    100.500     5.8498     5.8534     0.0036    1.16105    1.16112          1     0.0700     0.0580       9.97     0.0539  7.634e-14  1.000e-12  1.310e+03    10.7246    10.7241    -0.0005     8.4332     8.4325     99.544    101.761      0.378    1445.19    1445.20  0.000e+00
       9683    101.000     5.8538     5.8585     0.0047    1.16205    1.16249          1     0.0686     0.0545       9.97     0.0538  7.634e-14  1.000e-12  1.310e+03    10.7332    10.7361     0.0029     8.4397     8.4417    100.039    102.266      0.430    1445.23    1445.25  0.000e+00
       9709    101.500     5.8580     5.8607     0.0027    1.16299    1.16297          1     0.0689     0.0556       9.97     0.0530  7.634e-14  1.000e-12  1.310e+03    10.7412    10.7402    -0.0010     8.4457     8.4447    100.535    102.771      0.482    1445.26    1445.27  0.000e+00
       9733    102.000     5.8606     5.8654     0.0048    1.16363    1.16395          1     0.0682     0.0573       9.97     0.0531  7.634e-14  1.000e-12  1.310e+03    10.7466    10.7483     0.0018     8.4498     8.4509    101.030    103.276      0.488    1445.29    1445.31  0.000e+00
       9758    102.500     5.8643     5.8673     0.0030    1.16443    1.16455          1     0.0677     0.0556       9.97     0.0533  7.630e-14  1.000e-12  1.311e+03    10.7533    10.7537     0.0003     8.4549     8.4550    101.525    103.781      0.467    1445.32    1445.33  0.000e+00
       9784    103.000     5.8662     5.8686     0.0024    1.16488    1.16484          1     0.0681     0.0560       9.97     0.0531  7.628e-14  1.000e-12  1.311e+03    10.7571    10.7560    -0.0011     8.4577     8.4567    102.020    104.286      0.479    1445.34    1445.35  0.000e+00
       9808    103.500     5.8683     5.8705     0.0022    1.16534    1.16521          1     0.0704     0.0579       9.97     0.0522  7.634e-14  1.000e-12  1.310e+03    10.7610    10.7590    -0.0020     8.4606     8.4590    102.515    104.791      0.512    1445.36    1445.37  0.000e+00
       9831    104.000     5.8701     5.8717     0.0016    1.16572    1.16556          1     0.0676     0.0524       9.97     0.0536  7.643e-14  1.000e-12  1.308e+03    10.7642    10.7620    -0.0022     8.4630     8.4612    103.010    105.296      0.517    1445.38    1445.39  0.000e+00
       9855    104.500     5.8717     5.8725     0.0007    1.16610    1.16575          1     0.0669     0.0546       9.97     0.0527  7.646e-14  1.000e-12  1.308e+03    10.7673    10.7635    -0.0037     8.4654     8.4624    103.505    105.801      0.492    1445.40    1445.40  0.000e+00
       9880    105.000     5.8726     5.8728     0.0001    1.16626    1.16584          1     0.0686     0.0563       9.97     0.0534  7.646e-14  1.000e-12  1.308e+03    10.7685    10.7643    -0.0042     8.4663     8.4630    104.000    106.306      0.475    1445.41    1445.41  0.000e+00
       9905    105.500     5.8731     5.8731    -0.0001    1.16638    1.16591          1     0.0667     0.0546       9.97     0.0531  7.642e-14  1.000e-12  1.308e+03    10.7694    10.7648    -0.0047     8.4670     8.4634    104.495    106.811      0.487    1445.43    1445.42  0.000e+00
       9930    106.000     5.8737     5.8748     0.0011    1.16652    1.16619          1     0.0663     0.0537       9.97     0.0523  7.634e-14  1.000e-12  1.310e+03    10.7706    10.7670    -0.0036     8.4679     8.4650    104.991    107.316      0.484    1445.44    1445.44  0.000e+00
       9955    106.500     5.8750     5.8796     0.0046    1.16678    1.16700          1     0.0675     0.0564       9.97     0.0518  7.634e-14  1.000e-12  1.310e+03    10.7727    10.7735     0.0007     8.4695     8.4698    105.486    107.821      0.470    1445.45    1445.47  0.000e+00
       9980    107.000     5.8779     5.8828     0.0049    1.16733    1.16759          1     0.0678     0.0522       9.97     0.0520  7.634e-14  1.000e-12  1.310e+03    10.7772    10.7782     0.0010     8.4728     8.4733    105.981    108.326      0.477    1445.48    1445.50  0.000e+00
      10005    107.500     5.8812     5.8845     0.0033    1.16792    1.16792          1     0.0670     0.0535       9.97     0.0528  7.630e-14  1.000e-12  1.311e+03    10.7819    10.7808    -0.0011     8.4763     8.4753    106.476    108.831      0.495    1445.51    1445.52  0.000e+00
      10029    108.000     5.8840     5.8857     0.0018    1.16844    1.16841          1     0.0639     0.0503       9.97     0.0540  7.622e-14  1.000e-12  1.312e+03    10.7861    10.7853    -0.0008     8.4795     8.4787    106.971    109.336      0.505    1445.53    1445.54  0.000e+00
      10053    108.500     5.8858     5.8887     0.0029    1.16894    1.16901          1     0.0626     0.0475       9.97     0.0546  7.622e-14  1.000e-12  1.312e+03    10.7904    10.7902    -0.0002     8.4828     8.4825    107.466    109.841      0.506    1445.55    1445.57  0.000e+00
      10076    109.000     5.8882     5.8914     0.0032    1.16948    1.16958          1     0.0640     0.0523       9.97     0.0537  7.622e-14  1.000e-12  1.312e+03    10.7949    10.7950     0.0001     8.4862     8.4860    107.961    110.346      0.505    1445.58    1445.59  0.000e+00
      10100    109.500     5.8909     5.8944     0.0035    1.17006    1.17006          1     0.0624     0.0519       9.97     0.0546  7.632e-14  1.000e-12  1.310e+03    10.7998    10.7987    -0.0011     8.4899     8.4887    108.456    110.851      0.500    1445.60    1445.62  0.000e+00
      10124    110.000     5.8939     5.8972     0.0033    1.17058    1.17054          1     0.0625     0.0532       9.97     0.0537  7.634e-14  1.000e-12  1.310e+03    10.8039    10.8025    -0.0014     8.4929     8.4916    108.951    111.356      0.501    1445.63    1445.64  0.000e+00
      10148    110.500     5.8966     5.9008     0.0042    1.17117    1.17159          1     0.0628     0.0494       9.97     0.0529  7.633e-14  1.000e-12  1.310e+03    10.8089    10.8117     0.0028     8.4967     8.4986    109.447    111.861      0.508    1445.66    1445.68  0.000e+00
      10172    111.000     5.8998     5.9055     0.0058    1.17203    1.17266          1     0.0634     0.0506       9.97     0.0528  7.622e-14  1.000e-12  1.312e+03    10.8163    10.8208     0.0044     8.5023     8.5054    109.942    112.366      0.512    1445.69    1445.72  0.000e+00
      10195    111.500     5.9038     5.9070     0.0032    1.17290    1.17306          1     0.0636     0.0518       9.97     0.0520  7.622e-14  1.000e-12  1.312e+03    10.8236    10.8243     0.0006     8.5078     8.5081    110.437    112.871      0.502    1445.72    1445.74  0.000e+00
