ctdpy/tests/etc/all_smhi_bas_2018/SBE09_1044_20180131_0611_34_02_0037.cnv
* Sea-Bird SBE 9 Data File:
* FileName = C:\ctd\temp\2018\ME18D037.hex
* Software Version Seasave V 7.26.6.26
* Temperature SN = 5351
* Conductivity SN = 3941
* Number of Bytes Per Scan = 41
* Number of Voltage Words = 4
* Number of Scans Averaged by the Deck Unit = 1
* NMEA Latitude = 58 47.30 N
* NMEA Longitude = 019 05.73 E
* NMEA UTC (Time) = Jan 31 2018  06:11:31
* NMEA baud rate = 4800
** Station:  BY30
** Operator:  JKro
** Ship: MERI
** Average sound velocity: 1441.79 m/s
** True-depth calculation Wed, 31 Jan 2018 08:17:32 +0000
** CTD Python Module SMHI /ver 3-12/ feb 2012 
** LIMS Job: 20183402-0037
** Cruise: SMHI-01-2018
** Latitude [GG MM.mm N] :
** Longitude [GG MM.mm E]:
# nquan = 26
# nvalues = 363                         
# units = specified
# name 0 = scan: Scan Count
# name 1 = prDM: Pressure, Digiquartz [db]
# name 2 = t090C: Temperature [ITS-90, deg C]
# name 3 = t190C: Temperature, 2 [ITS-90, deg C]
# name 4 = T2-T190C: Temperature Difference, 2 - 1 [ITS-90, deg C]
# name 5 = c0S/m: Conductivity [S/m]
# name 6 = c1S/m: Conductivity, 2 [S/m]
# name 7 = pumps: Pump Status
# name 8 = sbeox0ML/L: Oxygen, SBE 43 [ml/l]
# name 9 = sbeox1ML/L: Oxygen, SBE 43, 2 [ml/l]
# name 10 = altM: Altimeter [m]
# name 11 = flECO-AFL: Chl-a Fluorescence, WET Labs ECO-AFL/FL [mg/m^3]
# name 12 = flECO-AFL1: Phycocyanin Fluorescence, WET Labs ECO-AFL/FL, 2 [mg/m^3]
# name 13 = par: PAR/Irradiance, Biospherical/Lico [µE/(cm^2*s)]
# name 14 = turbWETntu0: Turbidity, WET Labs ECO [NTU]
# name 15 = sal00: Salinity, Practical [PSU]
# name 16 = sal11: Salinity, Practical, 2 [PSU]
# name 17 = secS-priS: Salinity, Practical, Difference, 2 - 1 [PSU]
# name 18 = sigma-t00: Density [sigma-t, Kg/m^3 ]
# name 19 = sigma-t11: Density, 2 [sigma-t, Kg/m^3 ]
# name 20 = depSM: Depth [salt water, m], lat = 58.7883
# name 21 = depFM: Depth [true depth, m], lat = 58.7883
# name 22 = dz/dtM: Descent Rate [m/s], WS = 2
# name 23 = svCM: Sound Velocity [Chen-Millero, m/s]
# name 24 = svCM1: Sound Velocity, 2 [Chen-Millero, m/s]
# name 25 = flag: flag
# span 0 =       8105,      24982       
# span 1 =      0.500,    181.500       
# span 2 =     4.2383,     6.2042       
# span 3 =     4.2390,     6.2045       
# span 4 =    -0.0438,     0.0208       
# span 5 =   0.768398,   1.234800       
# span 6 =   0.768384,   1.234762       
# span 7 =          1,          1       
# span 8 =    0.00352,    8.22119       
# span 9 =    0.02081,    8.15645       
# span 10 =       2.49,      99.72      
# span 11 =     0.2382,     0.4153      
# span 12 =     0.2595,     0.4002      
# span 13 = -1.036e-05, 6.3207e-01      
# span 14 =     0.1481,     1.8192      
# span 15 =     7.2278,    11.3289      
# span 16 =     7.2276,    11.3283      
# span 17 =    -0.0105,     0.0077      
# span 18 =     5.7386,     8.8860      
# span 19 =     5.7382,     8.8855      
# span 20 =      0.495,    179.727      
# span 21 =      0.506,    183.484      
# span 22 =     -0.307,      0.507      
# span 23 =    1432.15,    1448.75      
# span 24 =    1432.15,    1448.75      
# span 25 = 0.0000e+00, 0.0000e+00      
# interval = decibars: 0.5              
# start_time = Jan 31 2018 06:11:32 [NMEA time, first data scan]
# bad_flag = -9.990e-29
*END*
[from data line 279]
      17035    140.000     6.1845     6.1850     0.0005    1.22886    1.22884          1     0.0147     0.0377      45.23     0.3335     0.3080  1.000e-12  0.8908000    11.2838    11.2835    -0.0003     8.8519     8.8516    138.647    141.587      0.392    1447.95    1447.95  0.000e+00
      17066    140.500     6.1849     6.1846    -0.0002    1.22895    1.22872          1     0.0146     0.0340      44.70     0.3438     0.3182  1.000e-12  0.8912000    11.2845    11.2824    -0.0021     8.8524     8.8508    139.142    142.091      0.370    1447.96    1447.96  0.000e+00
      17102    141.000     6.1847     6.1848     0.0001    1.22890    1.22877          1     0.0134     0.0349      44.17     0.3623     0.3028  1.000e-12  0.9079000    11.2840    11.2827    -0.0013     8.8521     8.8510    139.637    142.596      0.323    1447.96    1447.96  0.000e+00
      17138    141.500     6.1842     6.1850     0.0008    1.22877    1.22881          1     0.0133     0.0352      43.62     0.3707     0.2989  1.000e-12  0.9163000    11.2828    11.2830     0.0001     8.8512     8.8512    140.132    143.101      0.350    1447.97    1447.97  0.000e+00
      17170    142.000     6.1848     6.1886     0.0038    1.22898    1.22989          1     0.0134     0.0332      43.18     0.3372     0.3082  1.000e-12  0.9040000    11.2847    11.2924     0.0077     8.8525     8.8584    140.627    143.606      0.399    1447.98    1448.01  0.000e+00
      17200    142.500     6.1890     6.1890     0.0001    1.23014    1.22998          1     0.0134     0.0349      42.68     0.3481     0.3924  1.000e-12  0.8858000    11.2947    11.2930    -0.0016     8.8601     8.8589    141.122    144.111      0.395    1448.02    1448.02  0.000e+00
      17231    143.000     6.1913     6.1918     0.0005    1.23083    1.23083          1     0.0131     0.0348      42.28     0.3530     0.3453  1.000e-12  0.8867000    11.3007    11.3005    -0.0002     8.8647     8.8645    141.617    144.615      0.373    1448.05    1448.05  0.000e+00
      17265    143.500     6.1927     6.1930     0.0003    1.23126    1.23117          1     0.0144     0.0334      41.93     0.3537     0.3256  1.000e-12  0.8897000    11.3043    11.3034    -0.0010     8.8675     8.8667    142.112    145.120      0.329    1448.07    1448.06  0.000e+00
      17304    144.000     6.1926     6.1930     0.0005    1.23121    1.23116          1     0.0131     0.0337      41.67     0.3668     0.3050  1.000e-12  0.8914000    11.3038    11.3032    -0.0006     8.8671     8.8666    142.607    145.625      0.329    1448.07    1448.07  0.000e+00
      17336    144.500     6.1927     6.1931     0.0004    1.23122    1.23121          1     0.0137     0.0328      41.17     0.3523     0.3104  1.000e-12  0.9452000    11.3037    11.3035    -0.0003     8.8670     8.8668    143.102    146.130      0.423    1448.08    1448.08  0.000e+00
      17363    145.000     6.1929     6.1933     0.0005    1.23134    1.23131          1     0.0103     0.0337      40.69     0.3592     0.3467  1.000e-12  0.9167000    11.3048    11.3044    -0.0005     8.8679     8.8675    143.596    146.634      0.413    1448.09    1448.09  0.000e+00
      17395    145.500     6.1929     6.1934     0.0005    1.23136    1.23134          1     0.0131     0.0334      40.15     0.3782     0.3090  1.000e-12  1.0020000    11.3049    11.3045    -0.0004     8.8679     8.8676    144.092    147.139      0.339    1448.10    1448.10  0.000e+00
      17434    146.000     6.1929     6.1934     0.0005    1.23137    1.23134          1     0.0138     0.0342      39.59     0.3536     0.3169  1.000e-12  0.8734000    11.3049    11.3044    -0.0005     8.8680     8.8675    144.586    147.644      0.309    1448.11    1448.11  0.000e+00
      17470    146.500     6.1930     6.1935     0.0005    1.23139    1.23135          1     0.0115     0.0333      39.10     0.3375     0.3057  1.000e-12  0.8908000    11.3050    11.3044    -0.0006     8.8680     8.8675    145.081    148.149      0.378    1448.11    1448.12  0.000e+00
      17499    147.000     6.1931     6.1935     0.0004    1.23142    1.23138          1     0.0142     0.0338      38.63     0.3436     0.3275  1.000e-12  0.8781000    11.3051    11.3047    -0.0005     8.8681     8.8677    145.576    148.654      0.422    1448.12    1448.13  0.000e+00
      17528    147.500     6.1930     6.1935     0.0004    1.23141    1.23138          1     0.0114     0.0333      38.14     0.3348     0.3296  1.000e-12  0.8747000    11.3050    11.3046    -0.0004     8.8680     8.8676    146.071    149.158      0.376    1448.13    1448.13  0.000e+00
      17564    148.000     6.1930     6.1936     0.0005    1.23143    1.23140          1     0.0119     0.0339      37.56     0.3335     0.3370  1.000e-12  0.8767000    11.3051    11.3046    -0.0005     8.8681     8.8677    146.566    149.663      0.318    1448.14    1448.14  0.000e+00
      17601    148.500     6.1931     6.1937     0.0006    1.23145    1.23143          1     0.0126     0.0333      37.06     0.3522     0.3213  1.000e-12  0.8776000    11.3052    11.3048    -0.0004     8.8682     8.8678    147.061    150.168      0.341    1448.15    1448.15  0.000e+00
      17634    149.000     6.1932     6.1937     0.0005    1.23149    1.23145          1     0.0115     0.0336      36.55     0.3581     0.3249  1.000e-12  0.8731000    11.3054    11.3049    -0.0005     8.8683     8.8678    147.556    150.673      0.398    1448.16    1448.16  0.000e+00
      17662    149.500     6.1933     6.1938     0.0006    1.23151    1.23148          1     0.0123     0.0340      36.09     0.3580     0.3259  1.000e-12  0.8755000    11.3055    11.3050    -0.0005     8.8684     8.8680    148.051    151.178      0.418    1448.16    1448.17  0.000e+00
      17694    150.000     6.1932     6.1937     0.0005    1.23149    1.23146          1     0.0104     0.0334      35.51     0.3516     0.3359  1.000e-12  0.8812000    11.3053    11.3048    -0.0005     8.8682     8.8678    148.546    151.682      0.339    1448.17    1448.17  0.000e+00
      17734    150.500     6.1930     6.1936     0.0005    1.23148    1.23144          1     0.0121     0.0336      34.93     0.3537     0.3479  1.000e-12  0.8838000    11.3051    11.3046    -0.0005     8.8681     8.8676    149.041    152.187      0.308    1448.18    1448.18  0.000e+00
      17768    151.000     6.1932     6.1937     0.0005    1.23150    1.23149          1     0.0104     0.0331      34.47     0.3506     0.3953  1.000e-12  0.8786000    11.3052    11.3049    -0.0003     8.8681     8.8678    149.536    152.692      0.400    1448.19    1448.19  0.000e+00
      17796    151.500     6.1933     6.1940     0.0006    1.23156    1.23154          1     0.0116     0.0338      33.99     0.3577     0.3371  1.000e-12  0.8794000    11.3056    11.3052    -0.0004     8.8685     8.8681    150.031    153.197      0.354    1448.20    1448.20  0.000e+00
      17949    152.000     6.1931     6.1937     0.0005    1.23153    1.23150          1     0.0103     0.0336      33.33     0.3516     0.3503  1.000e-12  0.8601000    11.3053    11.3048    -0.0005     8.8682     8.8678    150.526    153.702      0.256    1448.20    1448.21  0.000e+00
      18012    152.500     6.1932     6.1937     0.0005    1.23153    1.23151          1     0.0101     0.0337      32.78     0.3571     0.3422  1.000e-12  0.8899000    11.3052    11.3048    -0.0004     8.8682     8.8678    151.021    154.206      0.224    1448.21    1448.22  0.000e+00
      18059    153.000     6.1932     6.1938     0.0005    1.23155    1.23152          1     0.0107     0.0332      32.34     0.3580     0.3530  1.000e-12  0.8715000    11.3053    11.3048    -0.0005     8.8682     8.8678    151.516    154.711      0.327    1448.22    1448.22  0.000e+00
      18096    153.500     6.1934     6.1939     0.0006    1.23159    1.23159          1     0.0107     0.0333      31.83     0.3700     0.3302  1.000e-12  0.8748000    11.3055    11.3053    -0.0002     8.8684     8.8682    152.011    155.216      0.301    1448.23    1448.23  0.000e+00
      18140    154.000     6.1940     6.1946     0.0006    1.23180    1.23178          1     0.0103     0.0323      31.28     0.3516     0.3274  1.000e-12  0.8566000    11.3073    11.3070    -0.0003     8.8698     8.8694    152.506    155.721      0.262    1448.24    1448.25  0.000e+00
      18181    154.500     6.1948     6.1950     0.0003    1.23200    1.23190          1     0.0110     0.0318      30.79     0.3387     0.3090  1.000e-12  0.8619000    11.3090    11.3079    -0.0011     8.8710     8.8701    153.001    156.226      0.342    1448.25    1448.26  0.000e+00
      18213    155.000     6.1950     6.1954     0.0005    1.23207    1.23202          1     0.0112     0.0309      30.27     0.3624     0.3333  1.000e-12  0.8711000    11.3095    11.3089    -0.0006     8.8714     8.8709    153.496    156.730      0.374    1448.26    1448.27  0.000e+00
      18247    155.500     6.1951     6.1957     0.0006    1.23211    1.23207          1     0.0104     0.0341      29.56     0.3651     0.3186  1.000e-12  0.8670000    11.3098    11.3092    -0.0006     8.8716     8.8711    153.991    157.235      0.334    1448.27    1448.28  0.000e+00
      18285    156.000     6.1953     6.1956     0.0003    1.23218    1.23207          1     0.0118     0.0309      29.02     0.3754     0.3160  1.000e-12  0.8730000    11.3103    11.3091    -0.0012     8.8720     8.8711    154.486    157.740      0.335    1448.28    1448.28  0.000e+00
      18316    156.500     6.1950     6.1955     0.0004    1.23208    1.23204          1     0.0101     0.0305      28.52     0.3377     0.3248  1.000e-12  0.8564000    11.3093    11.3088    -0.0005     8.8712     8.8708    154.981    158.245      0.443    1448.29    1448.29  0.000e+00
      18341    157.000     6.1952     6.1956     0.0004    1.23211    1.23207          1     0.0097     0.0320      28.08     0.3558     0.3263  1.000e-12  0.8721000    11.3095    11.3089    -0.0005     8.8714     8.8709    155.476    158.749      0.507    1448.30    1448.30  0.000e+00
      18364    157.500     6.1952     6.1956     0.0004    1.23212    1.23206          1     0.0107     0.0319      27.57     0.3384     0.3310  1.000e-12  0.8682000    11.3094    11.3087    -0.0007     8.8713     8.8707    155.971    159.254      0.478    1448.31    1448.31  0.000e+00
      18393    158.000     6.1949     6.1955     0.0005    1.23207    1.23205          1     0.0108     0.0317      27.01     0.3347     0.3332  1.000e-12  0.8678000    11.3090    11.3086    -0.0004     8.8710     8.8706    156.466    159.759      0.372    1448.31    1448.31  0.000e+00
      18430    158.500     6.1955     6.1964     0.0009    1.23224    1.23232          1     0.0103     0.0319      26.44     0.3503     0.3004  1.000e-12  0.8721000    11.3103    11.3109     0.0005     8.8720     8.8724    156.961    160.264      0.326    1448.32    1448.33  0.000e+00
      18463    159.000     6.1962     6.1968     0.0005    1.23244    1.23243          1     0.0106     0.0274      25.95     0.3581     0.3204  1.000e-12  0.8632000    11.3120    11.3117    -0.0003     8.8733     8.8730    157.456    160.769      0.417    1448.34    1448.34  0.000e+00
      18489    159.500     6.1961     6.1967     0.0006    1.23239    1.23238          1     0.0096     0.0284      25.45     0.3497     0.3227  1.000e-12  0.8620000    11.3115    11.3112    -0.0003     8.8729     8.8726    157.951    161.273      0.471    1448.34    1448.35  0.000e+00
      18515    160.000     6.1962     6.1966     0.0004    1.23244    1.23236          1     0.0111     0.0312      24.92     0.3458     0.3420  1.000e-12  0.8987000    11.3118    11.3109    -0.0009     8.8732     8.8724    158.446    161.778      0.446    1448.35    1448.36  0.000e+00
      18544    160.500     6.1964     6.1968     0.0004    1.23251    1.23245          1     0.0103     0.0274      24.28     0.3364     0.3695  1.000e-12  0.8837000    11.3124    11.3117    -0.0007     8.8736     8.8730    158.941    162.283      0.393    1448.36    1448.36  0.000e+00
      18576    161.000     6.1964     6.1970     0.0006    1.23252    1.23250          1     0.0084     0.0289      23.60     0.3468     0.3466  1.000e-12  0.8632000    11.3124    11.3120    -0.0004     8.8736     8.8732    159.435    162.788      0.385    1448.37    1448.37  0.000e+00
      18605    161.500     6.1966     6.1971     0.0005    1.23256    1.23253          1     0.0100     0.0344      23.02     0.3666     0.3080  1.000e-12  0.8757000    11.3126    11.3122    -0.0004     8.8737     8.8733    159.930    163.293      0.425    1448.38    1448.38  0.000e+00
      18633    162.000     6.1973     6.1983     0.0010    1.23277    1.23287          1     0.0114     0.0298      22.42     0.3744     0.3360  1.000e-12  0.8666000    11.3144    11.3151     0.0007     8.8751     8.8756    160.425    163.797      0.413    1448.39    1448.40  0.000e+00
      18664    162.500     6.1982     6.1989     0.0006    1.23306    1.23305          1     0.0102     0.0287      21.85     0.3338     0.3349  1.000e-12  0.8694000    11.3169    11.3166    -0.0003     8.8770     8.8767    160.920    164.302      0.376    1448.41    1448.41  0.000e+00
      18696    163.000     6.1980     6.1986     0.0005    1.23301    1.23298          1     0.0096     0.0316      21.31     0.3427     0.3163  1.000e-12  0.8637000    11.3163    11.3158    -0.0005     8.8765     8.8761    161.415    164.807      0.384    1448.41    1448.42  0.000e+00
      18725    163.500     6.1976     6.1982     0.0006    1.23287    1.23286          1     0.0094     0.0292      20.85     0.3573     0.3053  1.000e-12  0.8558000    11.3150    11.3147    -0.0003     8.8755     8.8752    161.910    165.312      0.440    1448.42    1448.42  0.000e+00
      18751    164.000     6.1979     6.1985     0.0006    1.23294    1.23295          1     0.0087     0.0271      20.35     0.3580     0.3206  1.000e-12  0.8715000    11.3155    11.3154    -0.0001     8.8759     8.8758    162.405    165.817      0.465    1448.43    1448.43  0.000e+00
      18778    164.500     6.1976     6.1983     0.0007    1.23286    1.23290          1     0.0111     0.0277      19.85     0.3372     0.3177  1.000e-12  0.8654000    11.3147    11.3148     0.0001     8.8753     8.8754    162.900    166.321      0.411    1448.44    1448.44  0.000e+00
      18812    165.000     6.1976     6.1982     0.0006    1.23289    1.23289          1     0.0098     0.0300      19.27     0.3671     0.3283  1.000e-12  0.8784000    11.3149    11.3147    -0.0002     8.8755     8.8753    163.395    166.826      0.329    1448.44    1448.45  0.000e+00
      18847    165.500     6.1980     6.1991     0.0011    1.23301    1.23316          1     0.0084     0.0283      18.76     0.3589     0.3191  1.000e-12  0.8580000    11.3159    11.3170     0.0011     8.8762     8.8770    163.890    167.331      0.389    1448.45    1448.46  0.000e+00
      18875    166.000     6.1986     6.2002     0.0016    1.23315    1.23344          1     0.0100     0.0305      18.32     0.3455     0.3043  1.000e-12  0.9637000    11.3170    11.3193     0.0024     8.8770     8.8788    164.385    167.836      0.473    1448.47    1448.48  0.000e+00
      18899    166.500     6.1992     6.2002     0.0011    1.23331    1.23345          1     0.0073     0.0265      17.82     0.3458     0.3465  1.000e-12  0.9037000    11.3183    11.3193     0.0010     8.8780     8.8787    164.880    168.340      0.470    1448.48    1448.48  0.000e+00
      18927    167.000     6.1994     6.1999     0.0005    1.23339    1.23338          1     0.0109     0.0293      17.28     0.3552     0.3284  1.000e-12  0.8595000    11.3189    11.3187    -0.0003     8.8785     8.8783    165.375    168.845      0.378    1448.49    1448.49  0.000e+00
