ctdpy/tests/etc/all_smhi_bas_2018/SBE09_1044_20180921_2058_34_01_0037.cnv
* Sea-Bird SBE 9 Data File:
* FileName = C:\ctd\temp\2018\AR18D037.hex
* Software Version Seasave V 7.26.6.26
* Temperature SN = 5351
* Conductivity SN = 3941
* Number of Bytes Per Scan = 41
* Number of Voltage Words = 4
* Number of Scans Averaged by the Deck Unit = 1
* NMEA Latitude = 57 07.03 N
* NMEA Longitude = 017 40.11 E
* NMEA UTC (Time) = Sep 21 2018  20:58:43
* NMEA baud rate = 4800
** Station:  BY38
** Operator:  OBac
** Ship: ARANDA
** Average sound velocity: 1445.07 m/s
** True-depth calculation Fri, 21 Sep 2018 22:04:34 +0000
** CTD Python Module SMHI /ver 3-12/ feb 2012 
** LIMS Job: 20183401-0037
** Cruise: SMHI-02-2018
** Latitude [GG MM.mm N] :
** Longitude [GG MM.mm E]:
# nquan = 26
# nvalues = 205                         
# units = specified
# name 0 = scan: Scan Count
# name 1 = prDM: Pressure, Digiquartz [db]
# name 2 = t090C: Temperature [ITS-90, deg C]
# name 3 = t190C: Temperature, 2 [ITS-90, deg C]
# name 4 = T2-T190C: Temperature Difference, 2 - 1 [ITS-90, deg C]
# name 5 = c0S/m: Conductivity [S/m]
# name 6 = c1S/m: Conductivity, 2 [S/m]
# name 7 = pumps: Pump Status
# name 8 = sbeox0ML/L: Oxygen, SBE 43 [ml/l]
# name 9 = sbeox1ML/L: Oxygen, SBE 43, 2 [ml/l]
# name 10 = altM: Altimeter [m]
# name 11 = flECO-AFL: Chl-a Fluorescence, WET Labs ECO-AFL/FL [mg/m^3]
# name 12 = flECO-AFL1: Phycocyanin Fluorescence, WET Labs ECO-AFL/FL, 2 [mg/m^3]
# name 13 = par: PAR/Irradiance, Biospherical/Lico [µE/(cm^2*s)]
# name 14 = turbWETntu0: Turbidity, WET Labs ECO [NTU]
# name 15 = sal00: Salinity, Practical [PSU]
# name 16 = sal11: Salinity, Practical, 2 [PSU]
# name 17 = secS-priS: Salinity, Practical, Difference, 2 - 1 [PSU]
# name 18 = sigma-t00: Density [sigma-t, Kg/m^3 ]
# name 19 = sigma-t11: Density, 2 [sigma-t, Kg/m^3 ]
# name 20 = depSM: Depth [salt water, m], lat = 57.1172
# name 21 = depFM: Depth [true depth, m], lat = 57.1172
# name 22 = dz/dtM: Descent Rate [m/s], WS = 2
# name 23 = svCM: Sound Velocity [Chen-Millero, m/s]
# name 24 = svCM1: Sound Velocity, 2 [Chen-Millero, m/s]
# name 25 = flag: flag
# span 0 =      43592,      48862       
# span 1 =      2.000,    104.000       
# span 2 =     3.8540,    14.4897       
# span 3 =     3.8132,    14.4915       
# span 4 =    -0.1289,     0.4229       
# span 5 =   0.780863,   1.153954       
# span 6 =   0.778056,   1.153944       
# span 7 =          1,          1       
# span 8 =   -0.05579,    7.07724       
# span 9 =    1.48683,    5.59566       
# span 10 =       3.69,      98.89      
# span 11 =     0.2177,     0.9822      
# span 12 =     0.1368,     0.4038      
# span 13 = 1.0000e-12, 1.0000e-12      
# span 14 =     0.1938,     1.4173      
# span 15 =     7.0110,    10.6677      
# span 16 =     7.0108,    10.6670      
# span 17 =    -0.1335,     0.0202      
# span 18 =     4.5777,     8.3911      
# span 19 =     4.5769,     8.3904      
# span 20 =      1.982,    103.018      
# span 21 =      2.028,    105.229      
# span 22 =     -0.163,      1.254      
# span 23 =    1431.21,    1472.65      
# span 24 =    1431.00,    1472.65      
# span 25 = 0.0000e+00, 0.0000e+00      
# interval = decibars: 0.5              
# start_time = Sep 21 2018 20:58:43 [NMEA time, first data scan]
# bad_flag = -9.990e-29
*END*
      43592      2.000    14.4884    14.4915     0.0030    0.97464    0.97465          1     6.6381     3.4853      77.86     0.9408     0.3538  1.000e-12  0.2963000     7.0123     7.0119    -0.0004     4.5778     4.5769      1.982      2.028      0.250    1472.49    1472.50  0.000e+00
      43680      2.500    14.4879    14.4904     0.0026    0.97464    0.97464          1     6.6544     3.4762      92.54     0.9515     0.3532  1.000e-12  0.3127000     7.0123     7.0119    -0.0004     4.5779     4.5772      2.477      2.535      0.289    1472.49    1472.50  0.000e+00
      44301      3.000    14.4862    14.4877     0.0016    0.97462    0.97461          1     6.6495     3.4427      60.74     0.9822     0.3802  1.000e-12  0.3037000     7.0125     7.0121    -0.0004     4.5783     4.5777      2.972      3.042      0.291    1472.49    1472.50  0.000e+00
      44392      3.500    14.4858    14.4876     0.0018    0.97462    0.97462          1     6.6582     3.4430      97.46     0.9700     0.4038  1.000e-12  0.2876000     7.0125     7.0121    -0.0004     4.5784     4.5778      3.468      3.549      0.526    1472.50    1472.51  0.000e+00
      44412      4.000    14.4857    14.4875     0.0019    0.97463    0.97462          1     6.6627     3.4470      22.95     0.9510     0.3930  1.000e-12  0.2979000     7.0125     7.0121    -0.0004     4.5784     4.5778      3.963      4.056      0.536    1472.51    1472.51  0.000e+00
      44438      4.500    14.4864    14.4879     0.0014    0.97465    0.97464          1     6.6628     3.4507      95.03     0.9434     0.3558  1.000e-12  0.3193000     7.0125     7.0122    -0.0003     4.5783     4.5778      4.459      4.563      0.411    1472.52    1472.52  0.000e+00
      44469      5.000    14.4883    14.4893     0.0011    0.97469    0.97467          1     6.6510     3.4585      95.20     0.9607     0.3374  1.000e-12  0.3206000     7.0125     7.0121    -0.0004     4.5780     4.5775      4.954      5.069      0.443    1472.53    1472.54  0.000e+00
      44493      5.500    14.4897    14.4895    -0.0002    0.97472    0.97468          1     6.6421     3.4701      97.37     0.9347     0.3370  1.000e-12  0.3162000     7.0124     7.0121    -0.0003     4.5777     4.5775      5.449      5.576      0.521    1472.55    1472.55  0.000e+00
      44516      6.000    14.4897    14.4908     0.0010    0.97474    0.97471          1     6.6492     3.4838      89.65     0.9323     0.3208  1.000e-12  0.3172000     7.0124     7.0121    -0.0004     4.5777     4.5772      5.945      6.083      0.506    1472.55    1472.56  0.000e+00
      44540      6.500    14.4885    14.4900     0.0014    0.97472    0.97471          1     6.6537     3.5021      97.54     0.9470     0.3768  1.000e-12  0.3200000     7.0125     7.0121    -0.0004     4.5779     4.5774      6.440      6.590      0.551    1472.56    1472.56  0.000e+00
      44560      7.000    14.4883    14.4894     0.0011    0.97472    0.97470          1     6.6592     3.5225      37.45     0.9363     0.3383  1.000e-12  0.3201000     7.0125     7.0122    -0.0003     4.5779     4.5775      6.936      7.097      0.614    1472.57    1472.57  0.000e+00
      44579      7.500    14.4874    14.4889     0.0015    0.97471    0.97470          1     6.6642     3.5476      58.89     0.9242     0.3725  1.000e-12  0.3056000     7.0125     7.0122    -0.0003     4.5781     4.5776      7.431      7.604      0.599    1472.57    1472.58  0.000e+00
      44601      8.000    14.4879    14.4892     0.0013    0.97472    0.97471          1     6.6576     3.5798      91.26     0.9665     0.3985  1.000e-12  0.3091000     7.0125     7.0122    -0.0003     4.5780     4.5776      7.926      8.111      0.516    1472.58    1472.59  0.000e+00
      44626      8.500    14.4874    14.4884     0.0010    0.97471    0.97470          1     6.6479     3.6359      31.87     0.9644     0.3685  1.000e-12  0.3099000     7.0125     7.0121    -0.0003     4.5781     4.5777      8.422      8.618      0.461    1472.59    1472.59  0.000e+00
      44651      9.000    14.4861    14.4869     0.0008    0.97470    0.97469          1     6.6532     3.7242      93.05     0.9119     0.3360  1.000e-12  0.3159000     7.0126     7.0123    -0.0003     4.5784     4.5780      8.917      9.125      0.550    1472.59    1472.59  0.000e+00
      44671      9.500    14.4857    14.4872     0.0015    0.97469    0.97469          1     6.6639     3.7999      97.49     0.9238     0.3529  1.000e-12  0.3166000     7.0125     7.0122    -0.0003     4.5784     4.5779      9.412      9.632      0.646    1472.60    1472.60  0.000e+00
      44688     10.000    14.4830    14.4840     0.0010    0.97465    0.97463          1     6.6671     3.8695      50.26     0.9338     0.3536  1.000e-12  0.3192000     7.0126     7.0123    -0.0003     4.5789     4.5785      9.908     10.139      0.638    1472.60    1472.60  0.000e+00
      44709     10.500    14.4821    14.4839     0.0018    0.97464    0.97463          1     6.6635     3.9492      90.82     0.9193     0.3328  1.000e-12  0.3271000     7.0126     7.0122    -0.0004     4.5790     4.5785     10.403     10.646      0.501    1472.60    1472.61  0.000e+00
      44740     11.000    14.4816    14.4824     0.0008    0.97463    0.97460          1     6.6592     4.1288      31.54     0.9368     0.3230  1.000e-12  0.3097000     7.0126     7.0123    -0.0003     4.5791     4.5787     10.899     11.153      0.382    1472.61    1472.61  0.000e+00
      44768     11.500    14.4810    14.4827     0.0018    0.97462    0.97462          1     6.6530     4.3950      98.89     0.9152     0.3388  1.000e-12  0.3011000     7.0126     7.0123    -0.0004     4.5792     4.5787     11.394     11.660      0.620    1472.61    1472.62  0.000e+00
      44783     12.000    14.4813    14.4833     0.0020    0.97463    0.97464          1     6.6569     4.5467      97.46     0.9246     0.3373  1.000e-12  0.3109000     7.0126     7.0123    -0.0004     4.5792     4.5786     11.889     12.167      0.816    1472.62    1472.63  0.000e+00
      44796     12.500    14.4781    14.4818     0.0036    0.97456    0.97460          1     6.6607     4.6504      73.16     0.9216     0.3386  1.000e-12  0.3146000     7.0126     7.0123    -0.0003     4.5796     4.5788     12.385     12.674      0.882    1472.62    1472.63  0.000e+00
      44810     13.000    14.4802    14.4825     0.0023    0.97462    0.97464          1     6.6575     4.7284      42.48     0.9228     0.3390  1.000e-12  0.3163000     7.0127     7.0123    -0.0004     4.5794     4.5788     12.880     13.181      0.816    1472.64    1472.64  0.000e+00
      44827     13.500    14.4781    14.4802     0.0022    0.97459    0.97460          1     6.6511     4.8202      93.47     0.9069     0.3390  1.000e-12  0.3139000     7.0127     7.0124    -0.0003     4.5798     4.5792     13.375     13.688      0.576    1472.64    1472.64  0.000e+00
      44868     14.000    14.4781    14.4803     0.0022    0.97459    0.97459          1     6.6619     5.0320      89.04     0.9475     0.3220  1.000e-12  0.2975000     7.0127     7.0123    -0.0004     4.5797     4.5791     13.871     14.195      0.299    1472.65    1472.65  0.000e+00
      44902     14.500    14.4756    14.4764     0.0008    0.97451    0.97449          1     6.6631     5.1973      97.77     0.9439     0.3399  1.000e-12  0.2934000     7.0124     7.0121    -0.0003     4.5799     4.5796     14.366     14.701      0.589    1472.65    1472.65  0.000e+00
      44919     15.000    14.4702    14.4726     0.0023    0.97438    0.97439          1     6.6616     5.2504      97.17     0.9271     0.3390  1.000e-12  0.3007000     7.0123     7.0120    -0.0003     4.5807     4.5801     14.862     15.208      0.772    1472.63    1472.64  0.000e+00
      44933     15.500    14.4605    14.4634     0.0030    0.97413    0.97415          1     6.6543     5.2778      97.45     0.9486     0.3378  1.000e-12  0.3108000     7.0121     7.0117    -0.0004     4.5821     4.5813     15.357     15.715      0.861    1472.61    1472.62  0.000e+00
      44946     16.000    14.4413    14.4384    -0.0027    0.97363    0.97352          1     6.6192     5.3020      78.22     0.9411     0.3242  1.000e-12  0.3165000     7.0116     7.0113    -0.0003     4.5848     4.5850     15.852     16.222      0.871    1472.55    1472.54  0.000e+00
      44960     16.500    14.3756    14.3803     0.0047    0.97204    0.97211          1     6.6214     5.3737      60.06     0.9260     0.3273  1.000e-12  0.3361000     7.0110     7.0108    -0.0002     4.5948     4.5939     16.348     16.729      0.783    1472.33    1472.34  0.000e+00
      44978     17.000    14.3337    14.3376     0.0062    0.97116    0.97120          1     6.7083     5.5138      86.64     0.9107     0.3527  1.000e-12  0.3309000     7.0117     7.0113    -0.0004     4.6019     4.6010     16.843     17.236      0.572    1472.19    1472.20  0.000e+00
      45010     17.500    13.9405    14.2962     0.3548    0.96396    0.97052          1     6.4670     5.5710      88.61     0.9359     0.3421  1.000e-12  0.3161000     7.0264     7.0134    -0.0130     4.6745     4.6091     17.338     17.743      0.308    1470.83    1472.07  0.000e+00
      45055     18.000    12.0093    12.3724     0.3628    0.92445    0.93026          1     5.9115     5.5957      86.00     0.9304     0.3033  1.000e-12  0.3146000     7.0652     7.0450    -0.0203     4.9771     4.9113     17.834     18.250      0.339    1463.88    1465.18  0.000e+00
      45081     18.500    10.5275    10.5444     0.0168    0.89087    0.89093          1     5.6976     5.4644      93.75     0.8759     0.3102  1.000e-12  0.2958000     7.0666     7.0639    -0.0027     5.1628     5.1591     18.329     18.757      0.695    1458.32    1458.39  0.000e+00
      45095     19.000    10.1269    10.1410     0.0140    0.88356    0.88359          1     5.4920     5.2342      97.55     0.8582     0.3147  1.000e-12  0.2855000     7.0815     7.0790    -0.0025     5.2184     5.2150     18.824     19.263      0.972    1456.80    1456.85  0.000e+00
      45106     19.500     9.7347     9.8197     0.0834    0.87534    0.87718          1     5.6327     5.2111      97.46     0.8021     0.3243  1.000e-12  0.3073000     7.0867     7.0861    -0.0006     5.2634     5.2545     19.320     19.770      1.114    1455.28    1455.62  0.000e+00
      45115     20.000     8.5479     8.7342     0.1876    0.85107    0.85449          1     5.7757     5.1287      97.44     0.7892     0.3243  1.000e-12  0.3113000     7.1075     7.1008    -0.0067     5.3929     5.3710     19.815     20.276      1.131    1450.59    1451.33  0.000e+00
      45126     20.500     7.9846     8.0607     0.0771    0.84179    0.84281          1     6.0780     5.1864      97.44     0.8048     0.3023  1.000e-12  0.3072000     7.1373     7.1312    -0.0061     5.4641     5.4531     20.311     20.783      0.998    1448.35    1448.65  0.000e+00
      45146     21.000     7.8968     7.9519     0.0611    0.84170    0.84245          1     6.4622     5.2956      96.76     0.8499     0.3020  1.000e-12  0.3016000     7.1543     7.1499    -0.0043     5.4832     5.4762     20.806     21.289      0.599    1448.01    1448.24  0.000e+00
      45223     21.500     8.7177     8.7694     0.0458    0.86088    0.86167          1     6.1065     5.2471      88.39     0.9477     0.3262  1.000e-12  0.2658000     7.1612     7.1578    -0.0034     5.4204     5.4132     21.301     21.796      0.691    1451.37    1451.57  0.000e+00
      45234     22.000     8.0308     8.3442     0.3117    0.85113    0.85557          1     6.1237     5.1738      88.67     0.9229     0.3390  1.000e-12  0.2795000     7.2130     7.1893    -0.0238     5.5194     5.4739     21.797     22.302      1.038    1448.66    1449.90  0.000e+00
      45244     22.500     7.4040     7.4496     0.0458    0.84344    0.84406          1     6.0701     5.1049      88.30     0.9196     0.3390  1.000e-12  0.2783000     7.2722     7.2684    -0.0038     5.6143     5.6080     22.292     22.809      1.204    1446.16    1446.34  0.000e+00
      45253     23.000     6.9382     6.9677     0.0296    0.83339    0.83383          1     6.1290     5.1434      87.81     0.9059     0.3324  1.000e-12  0.2787000     7.2763     7.2743    -0.0021     5.6502     5.6466     22.787     23.315      1.254    1444.23    1444.35  0.000e+00
      45262     23.500     6.8912     6.9033     0.0127    0.83313    0.83318          1     6.2196     5.0393      93.68     0.8622     0.3245  1.000e-12  0.2774000     7.2838     7.2817    -0.0021     5.6592     5.6568     23.283     23.822      1.190    1444.05    1444.10  0.000e+00
      45273     24.000     6.5690     6.6171     0.0479    0.82481    0.82578          1     6.4200     5.0358      94.10     0.8619     0.3240  1.000e-12  0.2785000     7.2734     7.2725    -0.0009     5.6714     5.6677     23.778     24.328      1.001    1442.68    1442.89  0.000e+00
      45289     24.500     6.1147     6.1434     0.0299    0.81573    0.81601          1     6.6552     5.0790      86.37     0.6790     0.2737  1.000e-12  0.2542000     7.2839     7.2804    -0.0035     5.7061     5.7018     24.273     24.835      0.594    1440.77    1440.89  0.000e+00
      45369     25.000     7.3292     7.5467     0.2183    0.84294    0.84747          1     6.3049     5.2408      80.92     0.8169     0.2600  1.000e-12  0.2604000     7.2831     7.2796    -0.0035     5.6278     5.6101     24.769     25.341      0.437    1445.90    1446.80  0.000e+00
      45384     25.500     6.3556     6.7799     0.4229    0.82508    0.83288          1     6.4282     5.2871      97.78     0.7862     0.2877  1.000e-12  0.2529000     7.3215     7.3048    -0.0167     5.7217     5.6823     25.264     25.847      0.908    1441.86    1443.63  0.000e+00
      45395     26.000     5.8809     5.9075     0.0300    0.81731    0.81731          1     6.4920     5.3106      85.15     0.7585     0.3394  1.000e-12  0.2427000     7.3494     7.3436    -0.0058     5.7705     5.7645     25.759     26.354      1.082    1439.88    1439.98  0.000e+00
      45405     26.500     5.8727     5.8794     0.0068    0.81892    0.81855          1     6.5015     5.2911      83.85     0.7301     0.3369  1.000e-12  0.2452000     7.3667     7.3617    -0.0050     5.7846     5.7803     26.255     26.860      1.141    1439.87    1439.89  0.000e+00
      45415     27.000     5.8526     5.8567     0.0041    0.81995    0.81957          1     6.4899     5.2583      83.60     0.6147     0.2977  1.000e-12  0.2614000     7.3810     7.3764    -0.0046     5.7968     5.7930     26.750     27.366      1.099    1439.81    1439.82  0.000e+00
      45426     27.500     5.8093     5.8163     0.0069    0.82025    0.81993          1     6.5358     5.2389      83.21     0.6144     0.2950  1.000e-12  0.2593000     7.3933     7.3887    -0.0046     5.8088     5.8048     27.245     27.873      0.937    1439.65    1439.67  0.000e+00
      45443     28.000     5.7480     5.7558     0.0078    0.81978    0.81950          1     6.6156     5.2676      59.30     0.5298     0.3052  1.000e-12  0.2558000     7.4021     7.3976    -0.0045     5.8188     5.8149     27.741     28.379      0.576    1439.40    1439.43  0.000e+00
      45495     28.500     5.8309     6.1210     0.2894    0.82190    0.82600          1     6.5540     5.3156      79.26     0.5358     0.2750  1.000e-12  0.2247000     7.4044     7.3806    -0.0238     5.8164     5.7819     28.236     28.885      0.330    1439.77    1440.98  0.000e+00
      45526     29.000     5.5009     5.5946     0.0936    0.81618    0.81748          1     6.5341     5.3495      80.99     0.5287     0.2802  1.000e-12  0.2242000     7.4213     7.4134    -0.0080     5.8460     5.8350     28.731     29.392      0.647    1438.37    1438.76  0.000e+00
