ctdpy/tests/etc/all_smhi_bas_2018/SBE09_0827_20180126_1005_26_01_0215.cnv
* Sea-Bird SBE 9 Data File:
* FileName = D:\CTD_SBE911\DAT\26DA.2018.1.115.hex
* Software Version Seasave V 7.21d
* Temperature SN = 034757
* Conductivity SN = 041844
* Number of Bytes Per Scan = 48
* Number of Voltage Words = 5
* Number of Scans Averaged by the Deck Unit = 1
* NMEA Latitude = 56 48.38 N
* NMEA Longitude = 011 49.49 E
* NMEA UTC (Time) = Jan 26 2018  10:05:06
* NMEA baud rate = 4800
** Ship: DANA
** Average sound velocity: 1466.25 m/s
** True-depth calculation Thu, 28 Mar 2019 08:30:27 +0000
** CTD Python Module SMHI /ver 3-12/ feb 2012 
** LIMS Job: 20182601-0215
** Fyrbanken
** Operator: Ronny Sørensen
** Cruise: 01/2018
# nquan = 26
# nvalues = 87                          
# units = specified
# name 0 = scan: Scan Count
# name 1 = prDM: Pressure, Digiquartz [db]
# name 2 = t090C: Temperature [ITS-90, deg C]
# name 3 = t190C: Temperature, 2 [ITS-90, deg C]
# name 4 = T2-T190C: Temperature Difference, 2 - 1 [ITS-90, deg C]
# name 5 = c0S/m: Conductivity [S/m]
# name 6 = c1S/m: Conductivity, 2 [S/m]
# name 7 = pumps: Pump Status
# name 8 = sbeox1ML/L: Oxygen, SBE 43, 2 [ml/l]
# name 9 = sbeox0ML/L: Oxygen, SBE 43 [ml/l]
# name 10 = altM: Altimeter [m]
# name 11 = chloroflTC0: Chlorophyll, Turner Cyclops [ug/l]
# name 12 = cpar: CPAR/Corrected Irradiance [%]
# name 13 = par: PAR/Irradiance, Biospherical/Lico [µE/(cm^2*s)]
# name 14 = spar: SPAR, Biospherical/Licor
# name 15 = sal00: Salinity, Practical [PSU]
# name 16 = sal11: Salinity, Practical, 2 [PSU]
# name 17 = secS-priS: Salinity, Practical, Difference, 2 - 1 [PSU]
# name 18 = sigma-t00: Density [sigma-t, kg/m^3 ]
# name 19 = sigma-t11: Density, 2 [sigma-t, kg/m^3 ]
# name 20 = depSM: Depth [salt water, m], lat = 56.8063
# name 21 = depFM: Depth [true depth, m], lat = 56.8063
# name 22 = dz/dtM: Descent Rate [m/s], WS = 2
# name 23 = svCM: Sound Velocity [Chen-Millero, m/s]
# name 24 = svCM1: Sound Velocity, 2 [Chen-Millero, m/s]
# name 25 = flag: flag
# span 0 =        328,       4371       
# span 1 =      2.000,     45.000       
# span 2 =     3.5237,     7.2021       
# span 3 =     3.5284,     7.1996       
# span 4 =    -0.8876,     0.0046       
# span 5 =   1.746330,   3.404233       
# span 6 =   1.746701,   3.403878       
# span 7 =          1,          1       
# span 8 =     5.6396,     7.5754       
# span 9 =     5.8134,     7.6691       
# span 10 =       1.73,       9.99      
# span 11 =     0.0157,     0.0624      
# span 12 = -4.818e-06, 3.8977e+00      
# span 13 = -6.536e-05, 5.2580e+01      
# span 14 = 1.3418e+03, 1.3731e+03      
# span 15 =    17.9352,    33.4175      
# span 16 =    17.9368,    33.4148      
# span 17 =    -4.2061,     0.0016      
# span 18 =    14.2650,    26.1454      
# span 19 =    14.2660,    26.1434      
# span 20 =      1.982,     44.583      
# span 21 =      2.008,     44.849      
# span 22 =      0.216,      0.282      
# span 23 =    1442.74,    1478.19      
# span 24 =    1442.76,    1478.18      
# span 25 = 0.0000e+00, 0.0000e+00      
# interval = decibars: 0.5              
# start_time = Jan 26 2018 10:05:07 [NMEA time, first data scan]
# bad_flag = -9.990e-29
*END*
[from data line 56]
       2985     30.000     6.8727     6.8559    -0.0169    3.32858    3.32184          1     5.8031     5.9978       9.95     0.0343  7.358e-14  1.000e-12  1.359e+03    32.9124    32.8545    -0.0579    25.7916    25.7482     29.723     29.959      0.268    1476.04    1475.90  0.000e+00
       3031     30.500     6.9116     6.8831    -0.0285    3.33939    3.32994          1     5.7689     5.9853       9.95     0.0349  7.343e-14  1.000e-12  1.362e+03    32.9934    32.9172    -0.0762    25.8501    25.7939     30.218     30.456      0.254    1476.30    1476.10  0.000e+00
       3078     31.000     6.9242     6.9101    -0.0141    3.34246    3.33761          1     5.7841     5.9760       9.95     0.0353  7.331e-14  1.000e-12  1.364e+03    33.0147    32.9751    -0.0396    25.8652    25.8359     30.713     30.952      0.261    1476.39    1476.28  0.000e+00
       3123     31.500     6.9322     6.9193    -0.0129    3.34435    3.34058          1     5.7988     5.9729       9.95     0.0354  7.338e-14  1.000e-12  1.363e+03    33.0275    32.9986    -0.0289    25.8743    25.8532     31.209     31.448      0.274    1476.44    1476.35  0.000e+00
       3167     32.000     6.9444     6.9302    -0.0142    3.34738    3.34328          1     5.7872     5.9641       9.95     0.0362  7.331e-14  1.000e-12  1.364e+03    33.0487    33.0174    -0.0313    25.8893    25.8666     31.704     31.945      0.268    1476.52    1476.43  0.000e+00
       3213     32.500     6.9630     6.9461    -0.0169    3.35179    3.34697          1     5.7752     5.9612       9.95     0.0368  7.339e-14  1.000e-12  1.363e+03    33.0789    33.0424    -0.0365    25.9106    25.8841     32.200     32.441      0.249    1476.64    1476.53  0.000e+00
       3263     33.000     6.9855     6.9707    -0.0149    3.35711    3.35244          1     5.7302     5.9537       9.95     0.0359  7.329e-14  1.000e-12  1.364e+03    33.1152    33.0784    -0.0368    25.9362    25.9092     32.695     32.938      0.237    1476.78    1476.68  0.000e+00
       3313     33.500     6.9978     6.9842    -0.0137    3.36001    3.35629          1     5.7601     5.9528       9.95     0.0360  7.327e-14  1.000e-12  1.365e+03    33.1349    33.1073    -0.0276    25.9500    25.9301     33.190     33.434      0.249    1476.86    1476.78  0.000e+00
       3359     34.000     7.0382     7.0153    -0.0228    3.36902    3.36239          1     5.7234     5.9333       9.95     0.0365  7.332e-14  1.000e-12  1.364e+03    33.1943    33.1438    -0.0505    25.9913    25.9546     33.686     33.930      0.266    1477.10    1476.95  0.000e+00
       3405     34.500     7.0474     7.0376    -0.0098    3.37094    3.36813          1     5.7296     5.9279       9.95     0.0374  7.324e-14  1.000e-12  1.366e+03    33.2062    33.1849    -0.0213    25.9995    25.9840     34.181     34.427      0.256    1477.16    1477.10  0.000e+00
       3451     35.000     7.0546     7.0450    -0.0096    3.37259    3.36996          1     5.7309     5.9261       9.95     0.0386  7.363e-14  1.000e-12  1.358e+03    33.2170    33.1976    -0.0194    26.0069    25.9930     34.676     34.923      0.266    1477.21    1477.15  0.000e+00
       3497     35.500     7.0611     7.0546    -0.0064    3.37403    3.37211          1     5.7420     5.9247       9.95     0.0390  7.349e-14  1.000e-12  1.361e+03    33.2263    33.2116    -0.0147    26.0134    26.0027     35.172     35.420      0.255    1477.26    1477.21  0.000e+00
       3545     36.000     7.0668     7.0606    -0.0062    3.37539    3.37365          1     5.7432     5.9196       9.95     0.0390  7.320e-14  1.000e-12  1.366e+03    33.2354    33.2224    -0.0130    26.0198    26.0104     35.667     35.916      0.252    1477.30    1477.26  0.000e+00
       3593     36.500     7.0774     7.0682    -0.0092    3.37790    3.37533          1     5.6953     5.9100       9.68     0.0391  7.329e-14  1.000e-12  1.364e+03    33.2522    33.2331    -0.0191    26.0316    26.0178     36.162     36.412      0.248    1477.37    1477.31  0.000e+00
       3640     37.000     7.0896     7.0801    -0.0095    3.38048    3.37796          1     5.7069     5.9034       9.18     0.0389  7.326e-14  1.000e-12  1.365e+03    33.2685    33.2501    -0.0184    26.0428    26.0296     36.658     36.909      0.263    1477.45    1477.39  0.000e+00
       3685     37.500     7.0990     7.0899    -0.0091    3.38249    3.38016          1     5.7118     5.9022       8.66     0.0391  7.355e-14  1.000e-12  1.360e+03    33.2811    33.2645    -0.0166    26.0514    26.0396     37.153     37.405      0.265    1477.51    1477.45  0.000e+00
       3730     38.000     7.1106     7.0997    -0.0110    3.38514    3.38224          1     5.7640     5.8985       8.15     0.0390  7.330e-14  1.000e-12  1.364e+03    33.2986    33.2775    -0.0210    26.0636    26.0485     37.648     37.901      0.270    1477.58    1477.51  0.000e+00
       3775     38.500     7.1373     7.1149    -0.0224    3.39111    3.38533          1     5.7604     5.8891       7.65     0.0391  7.327e-14  1.000e-12  1.365e+03    33.3378    33.2962    -0.0416    26.0908    26.0611     38.143     38.398      0.268    1477.74    1477.60  0.000e+00
       3820     39.000     7.1653     7.1476    -0.0178    3.39726    3.39223          1     5.7701     5.8786       7.15     0.0391  7.316e-14  1.000e-12  1.367e+03    33.3775    33.3398    -0.0377    26.1182    26.0910     38.639     38.894      0.254    1477.91    1477.79  0.000e+00
       3867     39.500     7.1779     7.1621    -0.0158    3.40033    3.39601          1     5.7233     5.8770       6.63     0.0396  7.322e-14  1.000e-12  1.366e+03    33.3987    33.3667    -0.0319    26.1331    26.1102     39.134     39.390      0.263    1477.99    1477.89  0.000e+00
       3914     40.000     7.1851     7.1761    -0.0090    3.40200    3.39961          1     5.6793     5.8702       6.11     0.0406  7.317e-14  1.000e-12  1.367e+03    33.4097    33.3923    -0.0174    26.1408    26.1283     39.629     39.886      0.249    1478.04    1477.98  0.000e+00
       3961     40.500     7.1878     7.1813    -0.0065    3.40254    3.40086          1     5.7051     5.8703       5.66     0.0407  7.346e-14  1.000e-12  1.361e+03    33.4126    33.4006    -0.0121    26.1428    26.1341     40.125     40.383      0.266    1478.06    1478.02  0.000e+00
       4006     41.000     7.1899     7.1855    -0.0044    3.40290    3.40184          1     5.7083     5.8649       5.16     0.0420  7.309e-14  1.000e-12  1.368e+03    33.4142    33.4070    -0.0073    26.1437    26.1386     40.620     40.879      0.263    1478.08    1478.06  0.000e+00
       4050     41.500     7.1912     7.1875    -0.0037    3.40313    3.40228          1     5.6719     5.8625       4.64     0.0421  7.306e-14  1.000e-12  1.369e+03    33.4152    33.4097    -0.0056    26.1444    26.1405     41.115     41.375      0.281    1478.09    1478.07  0.000e+00
       4095     42.000     7.1932     7.1894    -0.0038    3.40340    3.40264          1     5.6805     5.8567       4.13     0.0421  7.296e-14  1.000e-12  1.371e+03    33.4161    33.4114    -0.0046    26.1447    26.1416     41.611     41.872      0.257    1478.11    1478.09  0.000e+00
       4142     42.500     7.1956     7.1917    -0.0039    3.40372    3.40299          1     5.7140     5.8543       3.61     0.0425  7.295e-14  1.000e-12  1.371e+03    33.4169    33.4128    -0.0041    26.1451    26.1424     42.106     42.368      0.257    1478.13    1478.11  0.000e+00
       4189     43.000     7.1965     7.1939    -0.0026    3.40387    3.40329          1     5.7192     5.8567       3.11     0.0445  7.296e-14  1.000e-12  1.370e+03    33.4175    33.4137    -0.0038    26.1454    26.1427     42.601     42.864      0.254    1478.14    1478.13  0.000e+00
       4236     43.500     7.1970     7.1949    -0.0021    3.40391    3.40349          1     5.7014     5.8537       2.66     0.0456  7.295e-14  1.000e-12  1.371e+03    33.4173    33.4146    -0.0026    26.1451    26.1433     43.097     43.361      0.257    1478.15    1478.14  0.000e+00
       4282     44.000     7.1985     7.1958    -0.0027    3.40403    3.40361          1     5.6396     5.8412       2.15     0.0457  7.291e-14  1.000e-12  1.372e+03    33.4168    33.4148    -0.0020    26.1446    26.1434     43.592     43.857      0.266    1478.17    1478.15  0.000e+00
       4327     44.500     7.2008     7.1977    -0.0031    3.40415    3.40376          1     5.6660     5.8268       1.73     0.0532  7.289e-14  1.000e-12  1.372e+03    33.4157    33.4144    -0.0013    26.1434    26.1428     44.087     44.353      0.265    1478.18    1478.17  0.000e+00
       4371     45.000     7.2021     7.1996    -0.0025    3.40423    3.40388          1     5.6740     5.8134       3.51     0.0624  7.282e-14  1.000e-12  1.373e+03    33.4150    33.4136    -0.0014    26.1427    26.1419     44.583     44.849      0.216    1478.19    1478.18  0.000e+00
