ctdpy/tests/etc/all_smhi_bas_2018/SBE09_1044_20180319_1533_34_02_0070.cnv
* Sea-Bird SBE 9 Data File:
* FileName = C:\ctd\temp\2018\ME18D070.hex
* Software Version Seasave V 7.26.6.26
* Temperature SN = 5351
* Conductivity SN = 3941
* Number of Bytes Per Scan = 41
* Number of Voltage Words = 4
* Number of Scans Averaged by the Deck Unit = 1
* NMEA Latitude = 57 51.99 N
* NMEA Longitude = 011 17.55 E
* NMEA UTC (Time) = Mar 19 2018  15:33:44
* NMEA baud rate = 4800
** Station:  P2
** Operator:  A-KTh
** Ship: MERI
** Average sound velocity: 1470.71 m/s
** True-depth calculation Mon, 19 Mar 2018 16:26:36 +0000
** CTD Python Module SMHI /ver 3-12/ feb 2012 
** LIMS Job: 20183402-0070
** Cruise: SMHI-02-2018
** Latitude [GG MM.mm N] :
** Longitude [GG MM.mm E]:
# nquan = 26
# nvalues = 179                         
# units = specified
# name 0 = scan: Scan Count
# name 1 = prDM: Pressure, Digiquartz [db]
# name 2 = t090C: Temperature [ITS-90, deg C]
# name 3 = t190C: Temperature, 2 [ITS-90, deg C]
# name 4 = T2-T190C: Temperature Difference, 2 - 1 [ITS-90, deg C]
# name 5 = c0S/m: Conductivity [S/m]
# name 6 = c1S/m: Conductivity, 2 [S/m]
# name 7 = pumps: Pump Status
# name 8 = sbeox0ML/L: Oxygen, SBE 43 [ml/l]
# name 9 = sbeox1ML/L: Oxygen, SBE 43, 2 [ml/l]
# name 10 = altM: Altimeter [m]
# name 11 = flECO-AFL: Chl-a Fluorescence, WET Labs ECO-AFL/FL [mg/m^3]
# name 12 = flECO-AFL1: Phycocyanin Fluorescence, WET Labs ECO-AFL/FL, 2 [mg/m^3]
# name 13 = par: PAR/Irradiance, Biospherical/Lico [µE/(cm^2*s)]
# name 14 = turbWETntu0: Turbidity, WET Labs ECO [NTU]
# name 15 = sal00: Salinity, Practical [PSU]
# name 16 = sal11: Salinity, Practical, 2 [PSU]
# name 17 = secS-priS: Salinity, Practical, Difference, 2 - 1 [PSU]
# name 18 = sigma-t00: Density [sigma-t, Kg/m^3 ]
# name 19 = sigma-t11: Density, 2 [sigma-t, Kg/m^3 ]
# name 20 = depSM: Depth [salt water, m], lat = 57.8665
# name 21 = depFM: Depth [true depth, m], lat = 57.8665
# name 22 = dz/dtM: Descent Rate [m/s], WS = 2
# name 23 = svCM: Sound Velocity [Chen-Millero, m/s]
# name 24 = svCM1: Sound Velocity, 2 [Chen-Millero, m/s]
# name 25 = flag: flag
# span 0 =       7903,      12281       
# span 1 =      1.000,     90.000       
# span 2 =    -0.0673,     7.1981       
# span 3 =    -0.0674,     7.2010       
# span 4 =    -0.0061,     0.0188       
# span 5 =   1.700236,   3.536443       
# span 6 =   1.700191,   3.536828       
# span 7 =          1,          1       
# span 8 =    5.77522,    9.36004       
# span 9 =    5.78974,    9.40158       
# span 10 =       2.18,      98.77      
# span 11 =     0.1029,     5.2298      
# span 12 =     0.1798,     0.9052      
# span 13 = -6.065e-07, 2.0355e+02      
# span 14 =     0.2716,     1.5575      
# span 15 =    19.3858,    34.9690      
# span 16 =    19.3852,    34.9694      
# span 17 =    -0.0173,     0.0165      
# span 18 =    15.5184,    27.4303      
# span 19 =    15.5179,    27.4305      
# span 20 =      0.991,     89.148      
# span 21 =      1.003,     89.382      
# span 22 =     -0.289,      0.717      
# span 23 =    1428.74,    1480.09      
# span 24 =    1428.74,    1480.11      
# span 25 = 0.0000e+00, 0.0000e+00      
# interval = decibars: 0.5              
# start_time = Mar 19 2018 15:33:44 [NMEA time, first data scan]
# bad_flag = -9.990e-29
*END*
[from data line 56]
       9485     29.000     6.5078     6.5074    -0.0004    3.42732    3.42706          1     6.2733     6.2710      87.66     0.3824     0.2227  7.732e-02  0.3854000    34.3627    34.3603    -0.0024    26.9833    26.9814     28.730     28.903      0.664    1476.42    1476.41  0.000e+00
       9503     29.500     6.5701     6.5677    -0.0024    3.43598    3.43546          1     6.2421     6.2338      64.59     0.3986     0.2467  6.735e-02  0.3966000    34.3962    34.3928    -0.0034    27.0014    26.9990     29.225     29.399      0.627    1476.71    1476.70  0.000e+00
       9524     30.000     6.6366     6.6360    -0.0006    3.44424    3.44407          1     6.2215     6.2175      74.23     0.3803     0.2522  5.470e-02  0.3981000    34.4208    34.4194    -0.0014    27.0119    27.0109     29.720     29.895      0.562    1477.01    1477.01  0.000e+00
       9546     30.500     6.6574     6.6560    -0.0014    3.44681    3.44657          1     6.2001     6.2105      98.70     0.1871     0.2356  4.577e-02  0.3624000    34.4280    34.4268    -0.0012    27.0148    27.0141     30.216     30.391      0.508    1477.11    1477.10  0.000e+00
       9571     31.000     6.6912     6.6917     0.0004    3.45156    3.45154          1     6.1881     6.2033      98.71     0.3485     0.2320  3.509e-02  0.3695000    34.4464    34.4458    -0.0006    27.0248    27.0243     30.711     30.887      0.470    1477.27    1477.28  0.000e+00
       9597     31.500     6.6780     6.6787     0.0007    3.45092    3.45095          1     6.2001     6.2158      98.71     0.1810     0.2515  2.551e-02  0.3463000    34.4524    34.4520    -0.0004    27.0313    27.0309     31.206     31.383      0.475    1477.24    1477.24  0.000e+00
       9621     32.000     6.7020     6.6993    -0.0027    3.45430    3.45392          1     6.2088     6.2193      92.00     0.3560     0.2280  2.262e-02  0.3569000    34.4655    34.4640    -0.0015    27.0384    27.0376     31.701     31.878      0.560    1477.36    1477.34  0.000e+00
       9641     32.500     6.7279     6.7277    -0.0003    3.45755    3.45745          1     6.2148     6.2231      60.38     0.4092     0.2583  1.508e-02  0.3871000    34.4752    34.4743    -0.0009    27.0425    27.0419     32.197     32.374      0.641    1477.48    1477.48  0.000e+00
       9659     33.000     6.7274     6.7283     0.0009    3.45791    3.45798          1     6.2187     6.2270      71.35     0.8655     0.3189  6.258e-03  0.3988000    34.4795    34.4794    -0.0001    27.0460    27.0458     32.692     32.870      0.659    1477.49    1477.49  0.000e+00
       9677     33.500     6.7271     6.7270    -0.0001    3.45864    3.45854          1     6.2156     6.2191      98.50     1.6009     0.3328  1.030e-03  0.4052000    34.4875    34.4866    -0.0010    27.0524    27.0516     33.187     33.366      0.602    1477.51    1477.50  0.000e+00
       9700     34.000     6.7498     6.7487    -0.0012    3.46171    3.46153          1     6.1948     6.2016      85.47     0.7529     0.2475  6.843e-05  0.3765000    34.4985    34.4976    -0.0009    27.0579    27.0574     33.683     33.862      0.479    1477.62    1477.61  0.000e+00
       9728     34.500     6.7759     6.7754    -0.0005    3.46497    3.46486          1     6.1974     6.2110      58.50     0.4061     0.2440 -6.065e-07  0.3655000    34.5081    34.5074    -0.0007    27.0620    27.0615     34.178     34.358      0.422    1477.74    1477.74  0.000e+00
       9755     35.000     6.8358     6.8351    -0.0006    3.47241    3.47219          1     6.2193     6.2293      62.32     0.7884     0.2028  1.000e-12  0.3824000    34.5297    34.5280    -0.0017    27.0708    27.0696     34.673     34.854      0.532    1478.01    1478.00  0.000e+00
       9775     35.500     6.9195     6.9209     0.0013    3.48220    3.48219          1     6.2311     6.2303      83.07     0.3992     0.2705  1.000e-12  0.3691000    34.5534    34.5519    -0.0016    27.0781    27.0767     35.168     35.349      0.628    1478.37    1478.37  0.000e+00
       9793     36.000     6.9669     6.9679     0.0011    3.48808    3.48810          1     6.2244     6.2209      79.97     1.3276     0.2077  1.000e-12  0.4151000    34.5703    34.5695    -0.0009    27.0849    27.0841     35.664     35.845      0.632    1478.58    1478.59  0.000e+00
       9813     36.500     6.9892     6.9889    -0.0003    3.49160    3.49145          1     6.2040     6.2046      98.25     1.0321     0.1969  1.000e-12  0.3678000    34.5863    34.5850    -0.0013    27.0944    27.0934     36.159     36.341      0.565    1478.70    1478.69  0.000e+00
       9836     37.000     7.0087     7.0095     0.0008    3.49454    3.49461          1     6.1818     6.1918      98.65     0.2438     0.2407  1.000e-12  0.2836000    34.5989    34.5989    -0.0000    27.1016    27.1015     36.654     36.837      0.521    1478.79    1478.80  0.000e+00
       9859     37.500     7.0096     7.0105     0.0009    3.49468    3.49475          1     6.1706     6.1839      85.42     0.1737     0.3117  1.000e-12  0.2716000    34.5993    34.5991    -0.0002    27.1018    27.1015     37.150     37.333      0.539    1478.81    1478.81  0.000e+00
       9881     38.000     7.0098     7.0103     0.0006    3.49470    3.49475          1     6.1729     6.1763      55.24     0.2640     0.2706  1.000e-12  0.2717000    34.5991    34.5990    -0.0000    27.1016    27.1015     37.645     37.829      0.538    1478.82    1478.82  0.000e+00
       9904     38.500     7.0109     7.0104    -0.0005    3.49491    3.49478          1     6.1717     6.1742      55.25     0.3768     0.2420  1.000e-12  0.2963000    34.6000    34.5990    -0.0009    27.1022    27.1015     38.140     38.324      0.499    1478.83    1478.83  0.000e+00
       9929     39.000     7.0545     7.0517    -0.0028    3.50038    3.49998          1     6.1844     6.1854      76.99     0.1565     0.2272  1.000e-12  0.2793000    34.6160    34.6144    -0.0016    27.1087    27.1079     38.635     38.820      0.475    1479.03    1479.01  0.000e+00
       9953     39.500     7.1154     7.1144    -0.0010    3.50883    3.50847          1     6.1276     6.1392      53.67     0.2236     0.3168  1.000e-12  0.2721000    34.6474    34.6445    -0.0029    27.1250    27.1228     39.131     39.316      0.538    1479.31    1479.30  0.000e+00
       9974     40.000     7.1574     7.1570    -0.0002    3.51467    3.51464          1     6.0721     6.0957      53.69     0.2237     0.3118  1.000e-12  0.2874000    34.6690    34.6690    -0.0000    27.1361    27.1361     39.626     39.812      0.619    1479.51    1479.51  0.000e+00
       9992     40.500     7.0437     7.0521     0.0082    3.50255    3.50377          1     6.0624     6.0838      53.31     0.1908     0.2834  1.000e-12  0.3026000    34.6500    34.6550     0.0049    27.1370    27.1397     40.121     40.308      0.638    1479.05    1479.09  0.000e+00
      10012     41.000     6.9575     6.9578     0.0004    3.49400    3.49415          1     6.0595     6.0808      52.89     0.2278     0.2298  1.000e-12  0.3409000    34.6425    34.6437     0.0013    27.1430    27.1440     40.616     40.804      0.555    1478.72    1478.72  0.000e+00
      10037     41.500     6.9306     6.9268    -0.0038    3.49225    3.49170          1     6.0527     6.0718      52.31     0.7146     0.2464  1.000e-12  0.4448000    34.6501    34.6478    -0.0023    27.1527    27.1514     41.112     41.299      0.438    1478.63    1478.61  0.000e+00
      10065     42.000     6.9630     6.9637     0.0006    3.49684    3.49689          1     6.0762     6.0725      51.84     0.9816     0.2964  1.000e-12  0.4890000    34.6677    34.6677    -0.0001    27.1622    27.1620     41.607     41.795      0.486    1478.79    1478.79  0.000e+00
      10087     42.500     7.0449     7.0445    -0.0003    3.50691    3.50648          1     6.0641     6.0498      51.37     0.1791     0.2252  1.000e-12  0.4890000    34.6958    34.6915    -0.0043    27.1730    27.1696     42.102     42.291      0.591    1479.15    1479.14  0.000e+00
      10106     43.000     7.1501     7.1516     0.0015    3.51963    3.51957          1     6.0323     6.0300      50.92     0.4445     0.2106  1.000e-12  0.4753000    34.7293    34.7270    -0.0023    27.1846    27.1826     42.598     42.787      0.604    1479.60    1479.61  0.000e+00
      10127     43.500     7.1625     7.1636     0.0011    3.52199    3.52210          1     6.0198     6.0294      50.27     0.2177     0.2572  1.000e-12  0.3840000    34.7424    34.7425     0.0002    27.1931    27.1931     43.093     43.283      0.553    1479.68    1479.68  0.000e+00
      10150     44.000     7.1656     7.1658     0.0003    3.52260    3.52260          1     6.0168     6.0369      49.67     0.1890     0.2771  1.000e-12  0.3808000    34.7458    34.7455    -0.0002    27.1954    27.1952     43.588     43.778      0.506    1479.70    1479.70  0.000e+00
      10174     44.500     7.1658     7.1667     0.0009    3.52333    3.52344          1     6.0070     6.0273      49.13     0.3318     0.2107  1.000e-12  0.3740000    34.7534    34.7536     0.0002    27.2014    27.2014     44.083     44.274      0.488    1479.72    1479.72  0.000e+00
      10199     45.000     7.1245     7.1271     0.0027    3.51957    3.51991          1     5.9948     6.0054      48.61     0.2866     0.2294  1.000e-12  0.3553000    34.7535    34.7545     0.0010    27.2072    27.2077     44.579     44.770      0.475    1479.57    1479.58  0.000e+00
      10225     45.500     7.0650     7.0660     0.0010    3.51466    3.51476          1     5.9810     5.9888      48.11     1.2141     0.2524  1.000e-12  0.6171000    34.7592    34.7593     0.0001    27.2201    27.2200     45.074     45.266      0.484    1479.35    1479.36  0.000e+00
      10249     46.000     7.0533     7.0535     0.0002    3.51400    3.51403          1     5.9774     5.9808      84.02     1.2577     0.3826  1.000e-12  0.6028000    34.7635    34.7637     0.0002    27.2251    27.2252     45.569     45.761      0.517    1479.32    1479.32  0.000e+00
      10271     46.500     7.0509     7.0511     0.0003    3.51395    3.51401          1     5.9777     5.9745      98.49     0.4687     0.2615  1.000e-12  0.4187000    34.7652    34.7656     0.0004    27.2268    27.2270     46.064     46.257      0.544    1479.32    1479.32  0.000e+00
      10293     47.000     7.0493     7.0497     0.0004    3.51392    3.51396          1     5.9753     5.9713      52.91     0.1875     0.2602  1.000e-12  0.4147000    34.7662    34.7663     0.0001    27.2278    27.2278     46.560     46.753      0.574    1479.33    1479.33  0.000e+00
      10313     47.500     7.0469     7.0473     0.0004    3.51413    3.51413          1     5.9723     5.9692      46.23     0.1381     0.2874  1.000e-12  0.4178000    34.7707    34.7703    -0.0004    27.2316    27.2313     47.055     47.249      0.580    1479.33    1479.33  0.000e+00
      10334     48.000     7.0528     7.0525    -0.0003    3.51600    3.51589          1     5.9611     5.9625      45.70     0.1382     0.3185  1.000e-12  0.4122000    34.7851    34.7842    -0.0009    27.2422    27.2415     47.550     47.745      0.534    1479.38    1479.38  0.000e+00
      10359     48.500     7.0699     7.0696    -0.0003    3.51868    3.51864          1     5.9457     5.9525      44.97     0.1274     0.3150  1.000e-12  0.4238000    34.7970    34.7969    -0.0001    27.2491    27.2491     48.045     48.240      0.439    1479.47    1479.47  0.000e+00
      10388     49.000     7.0738     7.0739     0.0002    3.51932    3.51935          1     5.9321     5.9426      43.38     0.1524     0.3051  1.000e-12  0.4196000    34.7998    34.8001     0.0002    27.2509    27.2510     48.541     48.736      0.427    1479.50    1479.50  0.000e+00
      10414     49.500     7.0832     7.0823    -0.0009    3.52083    3.52068          1     5.9231     5.9314      42.85     0.4289     0.2817  1.000e-12  0.4177000    34.8066    34.8059    -0.0007    27.2549    27.2544     49.036     49.232      0.520    1479.55    1479.55  0.000e+00
      10435     50.000     7.1064     7.1070     0.0006    3.52388    3.52389          1     5.9261     5.9318      42.42     0.1525     0.1798  1.000e-12  0.4200000    34.8166    34.8160    -0.0006    27.2595    27.2589     49.531     49.728      0.612    1479.66    1479.66  0.000e+00
      10454     50.500     7.1471     7.1479     0.0008    3.52918    3.52914          1     5.9444     5.9518      41.90     0.1225     0.2218  1.000e-12  0.4255000    34.8333    34.8321    -0.0012    27.2669    27.2659     50.026     50.223      0.652    1479.85    1479.85  0.000e+00
      10472     51.000     7.1869     7.1893     0.0024    3.53444    3.53466          1     5.9055     5.9259      41.55     0.3167     0.2263  1.000e-12  0.4452000    34.8506    34.8506    -0.0000    27.2750    27.2746     50.522     50.719      0.618    1480.03    1480.04  0.000e+00
      10493     51.500     7.1981     7.2010     0.0029    3.53644    3.53683          1     5.8383     5.8721      41.05     0.8335     0.2248  1.000e-12  0.4826000    34.8611    34.8623     0.0013    27.2816    27.2822     51.017     51.215      0.512    1480.09    1480.11  0.000e+00
      10521     52.000     6.9580     6.9769     0.0188    3.51281    3.51499          1     5.8840     5.9268      40.44     0.1413     0.2415  1.000e-12  0.4439000    34.8437    34.8486     0.0048    27.3015    27.3027     51.512     51.711      0.410    1479.15    1479.23  0.000e+00
      10550     52.500     6.8356     6.8357     0.0001    3.50296    3.50278          1     5.9219     5.9398      39.92     0.1306     0.2403  1.000e-12  0.5658000    34.8589    34.8568    -0.0021    27.3304    27.3287     52.007     52.206      0.467    1478.71    1478.70  0.000e+00
      10573     53.000     6.9471     6.9491     0.0021    3.51643    3.51661          1     5.8989     5.8971      39.50     0.1609     0.2689  1.000e-12  0.6556000    34.8944    34.8943    -0.0001    27.3430    27.3426     52.503     52.702      0.606    1479.19    1479.20  0.000e+00
      10591     53.500     6.9599     6.9584    -0.0014    3.51835    3.51817          1     5.8772     5.8701      39.10     0.1257     0.3169  1.000e-12  0.6344000    34.9024    34.9018    -0.0006    27.3475    27.3473     52.998     53.198      0.680    1479.26    1479.25  0.000e+00
      10608     54.000     6.9862     6.9862     0.0000    3.52143    3.52148          1     5.8575     5.8534      38.63     0.1260     0.2601  1.000e-12  0.6655000    34.9094    34.9098     0.0004    27.3494    27.3497     53.493     53.693      0.666    1479.38    1479.38  0.000e+00
      10627     54.500     6.9835     6.9845     0.0010    3.52138    3.52152          1     5.8444     5.8514      37.94     0.1857     0.2506  1.000e-12  0.6807000    34.9113    34.9118     0.0005    27.3512    27.3515     53.988     54.189      0.562    1479.38    1479.38  0.000e+00
      10652     55.000     6.9663     6.9677     0.0014    3.51993    3.52006          1     5.8387     5.8607      37.31     0.2689     0.2294  1.000e-12  0.6945000    34.9124    34.9125     0.0001    27.3545    27.3544     54.484     54.685      0.438    1479.32    1479.33  0.000e+00
      10681     55.500     6.9552     6.9564     0.0012    3.51918    3.51932          1     5.8300     5.8525      36.80     0.1840     0.2327  1.000e-12  0.7138000    34.9152    34.9155     0.0003    27.3583    27.3583     54.979     55.181      0.450    1479.29    1479.29  0.000e+00
      10705     56.000     6.9342     6.9353     0.0012    3.51741    3.51757          1     5.8314     5.8502      36.34     0.1481     0.2544  1.000e-12  0.7253000    34.9168    34.9173     0.0006    27.3624    27.3627     55.474     55.676      0.565    1479.22    1479.22  0.000e+00
