ctdpy/tests/etc/all_smhi_bas_2018/SBE09_1044_20180129_1434_34_02_0031.cnv
* Sea-Bird SBE 9 Data File:
* FileName = C:\ctd\temp\2018\ME18D031.hex
* Software Version Seasave V 7.26.6.26
* Temperature SN = 5351
* Conductivity SN = 3941
* Number of Bytes Per Scan = 41
* Number of Voltage Words = 4
* Number of Scans Averaged by the Deck Unit = 1
* NMEA Latitude = 58 26.52 N
* NMEA Longitude = 020 20.04 E
* NMEA UTC (Time) = Jan 29 2018  14:34:38
* NMEA baud rate = 4800
** Station:  BY21
** Operator:  SSip
** Ship: MERI
** Average sound velocity: 1439.03 m/s
** True-depth calculation Mon, 29 Jan 2018 16:10:53 +0000
** CTD Python Module SMHI /ver 3-12/ feb 2012 
** LIMS Job: 20183402-0031
** Cruise: SMHI-01-2018
** Latitude [GG MM.mm N] :
** Longitude [GG MM.mm E]:
# nquan = 26
# nvalues = 233                         
# units = specified
# name 0 = scan: Scan Count
# name 1 = prDM: Pressure, Digiquartz [db]
# name 2 = t090C: Temperature [ITS-90, deg C]
# name 3 = t190C: Temperature, 2 [ITS-90, deg C]
# name 4 = T2-T190C: Temperature Difference, 2 - 1 [ITS-90, deg C]
# name 5 = c0S/m: Conductivity [S/m]
# name 6 = c1S/m: Conductivity, 2 [S/m]
# name 7 = pumps: Pump Status
# name 8 = sbeox0ML/L: Oxygen, SBE 43 [ml/l]
# name 9 = sbeox1ML/L: Oxygen, SBE 43, 2 [ml/l]
# name 10 = altM: Altimeter [m]
# name 11 = flECO-AFL: Chl-a Fluorescence, WET Labs ECO-AFL/FL [mg/m^3]
# name 12 = flECO-AFL1: Phycocyanin Fluorescence, WET Labs ECO-AFL/FL, 2 [mg/m^3]
# name 13 = par: PAR/Irradiance, Biospherical/Lico [µE/(cm^2*s)]
# name 14 = turbWETntu0: Turbidity, WET Labs ECO [NTU]
# name 15 = sal00: Salinity, Practical [PSU]
# name 16 = sal11: Salinity, Practical, 2 [PSU]
# name 17 = secS-priS: Salinity, Practical, Difference, 2 - 1 [PSU]
# name 18 = sigma-t00: Density [sigma-t, Kg/m^3 ]
# name 19 = sigma-t11: Density, 2 [sigma-t, Kg/m^3 ]
# name 20 = depSM: Depth [salt water, m], lat = 58.442
# name 21 = depFM: Depth [true depth, m], lat = 58.442
# name 22 = dz/dtM: Descent Rate [m/s], WS = 2
# name 23 = svCM: Sound Velocity [Chen-Millero, m/s]
# name 24 = svCM1: Sound Velocity, 2 [Chen-Millero, m/s]
# name 25 = flag: flag
# span 0 =       7620,      12821       
# span 1 =      1.000,    117.000       
# span 2 =     4.6057,     6.3101       
# span 3 =     4.6062,     6.3103       
# span 4 =    -0.0429,     0.0333       
# span 5 =   0.788256,   1.256704       
# span 6 =   0.788268,   1.256658       
# span 7 =          1,          1       
# span 8 =    0.02895,    8.09456       
# span 9 =    0.04971,    8.06308       
# span 10 =       2.79,      98.80      
# span 11 =     0.2726,     0.3825      
# span 12 =     0.2687,     0.5451      
# span 13 = -2.903e-06, 1.8245e+01      
# span 14 =     0.1070,     0.9761      
# span 15 =     7.3460,    11.5226      
# span 16 =     7.3458,    11.5221      
# span 17 =    -0.0171,     0.0020      
# span 18 =     5.8185,     9.0311      
# span 19 =     5.8192,     9.0307      
# span 20 =      0.991,    115.879      
# span 21 =      1.013,    118.357      
# span 22 =     -0.228,      0.824      
# span 23 =    1433.97,    1448.41      
# span 24 =    1433.97,    1448.40      
# span 25 = 0.0000e+00, 0.0000e+00      
# interval = decibars: 0.5              
# start_time = Jan 29 2018 14:34:38 [NMEA time, first data scan]
# bad_flag = -9.990e-29
*END*
[from data line 168]
      11363     85.000     5.9317     5.9318     0.0001    1.15632    1.15620          1     0.1106     0.1966      36.22     0.2970     0.3134  1.000e-12  0.2412000    10.6544    10.6532    -0.0012     8.3728     8.3718     84.192     86.046      0.667    1445.20    1445.20  0.000e+00
      11383     85.500     5.9387     5.9376    -0.0011    1.15939    1.15904          1     0.1033     0.1836      35.70     0.2993     0.3049  1.000e-12  0.2385000    10.6826    10.6794    -0.0032     8.3946     8.3921     84.687     86.551      0.527    1445.28    1445.27  0.000e+00
      11412     86.000     5.9597     5.9584    -0.0013    1.16367    1.16342          1     0.1233     0.1905      34.98     0.3168     0.3029  1.000e-12  0.2260000    10.7185    10.7164    -0.0021     8.4215     8.4199     85.182     87.056      0.369    1445.42    1445.41  0.000e+00
      11445     86.500     5.9622     5.9624     0.0002    1.16439    1.16427          1     0.1357     0.1923      34.39     0.3031     0.3109  1.000e-12  0.2177000    10.7248    10.7235    -0.0013     8.4263     8.4253     85.677     87.561      0.412    1445.45    1445.45  0.000e+00
      11470     87.000     5.9634     5.9637     0.0004    1.16485    1.16487          1     0.1304     0.1816      33.97     0.2968     0.2695  1.000e-12  0.2219000    10.7289    10.7290     0.0000     8.4295     8.4295     86.172     88.066      0.567    1445.46    1445.47  0.000e+00
      11489     87.500     5.9657     5.9657    -0.0000    1.16574    1.16569          1     0.1217     0.1742      33.58     0.2969     0.3124  1.000e-12  0.2290000    10.7370    10.7364    -0.0005     8.4357     8.4352     86.668     88.571      0.704    1445.49    1445.49  0.000e+00
      11505     88.000     5.9683     5.9684     0.0001    1.16657    1.16654          1     0.1165     0.1651      33.17     0.2969     0.3240  1.000e-12  0.2221000    10.7443    10.7439    -0.0004     8.4413     8.4410     87.163     89.076      0.795    1445.52    1445.52  0.000e+00
      11519     88.500     5.9700     5.9702     0.0002    1.16727    1.16722          1     0.1051     0.1602      32.69     0.3020     0.3316  1.000e-12  0.2220000    10.7506    10.7500    -0.0006     8.4462     8.4457     87.658     89.581      0.824    1445.54    1445.54  0.000e+00
      11534     89.000     5.9741     5.9739    -0.0002    1.16947    1.16929          1     0.0894     0.1479      32.18     0.3089     0.3167  1.000e-12  0.2222000    10.7711    10.7694    -0.0017     8.4621     8.4607     88.153     90.086      0.766    1445.60    1445.59  0.000e+00
      11551     89.500     5.9760     5.9761     0.0001    1.17250    1.17239          1     0.0684     0.1274      31.60     0.3179     0.3042  1.000e-12  0.2105000    10.8006    10.7995    -0.0011     8.4851     8.4843     88.648     90.591      0.574    1445.65    1445.65  0.000e+00
      11585     90.000     5.9830     5.9808    -0.0022    1.17463    1.17380          1     0.0522     0.1070      30.88     0.3312     0.3239  1.000e-12  0.1962000    10.8195    10.8119    -0.0076     8.4996     8.4937     89.143     91.096      0.297    1445.71    1445.69  0.000e+00
      11623     90.500     5.9932     5.9930    -0.0001    1.17731    1.17710          1     0.0547     0.1006      30.36     0.3200     0.3153  1.000e-12  0.2249000    10.8428    10.8408    -0.0019     8.5173     8.5157     89.638     91.601      0.500    1445.79    1445.79  0.000e+00
      11642     91.000     6.0044     6.0036    -0.0007    1.18006    1.17987          1     0.0539     0.1035      30.00     0.3330     0.3174  1.000e-12  0.2060000    10.8664    10.8648    -0.0016     8.5352     8.5340     90.134     92.106      0.696    1445.87    1445.87  0.000e+00
      11657     91.500     6.0147     6.0147    -0.0001    1.18278    1.18270          1     0.0524     0.1359      29.60     0.3209     0.3182  1.000e-12  0.2409000    10.8901    10.8894    -0.0008     8.5532     8.5526     90.629     92.611      0.783    1445.96    1445.96  0.000e+00
      11672     92.000     6.0193     6.0191    -0.0002    1.18389    1.18378          1     0.0526     0.1826      29.11     0.3304     0.3466  1.000e-12  0.2321000    10.8996    10.8986    -0.0010     8.5603     8.5596     91.124     93.116      0.784    1446.00    1445.99  0.000e+00
      11688     92.500     6.0251     6.0247    -0.0004    1.18503    1.18489          1     0.0551     0.1181      28.55     0.3458     0.3444  1.000e-12  0.2153000    10.9091    10.9078    -0.0013     8.5674     8.5665     91.619     93.621      0.701    1446.04    1446.04  0.000e+00
      11708     93.000     6.0368     6.0364    -0.0004    1.18779    1.18766          1     0.0561     0.0497      27.97     0.3354     0.3309  1.000e-12  0.2057000    10.9326    10.9315    -0.0011     8.5852     8.5844     92.114     94.126      0.526    1446.13    1446.13  0.000e+00
      11737     93.500     6.0416     6.0414    -0.0002    1.18884    1.18873          1     0.0542     0.0594      27.35     0.3335     0.2987  1.000e-12  0.2062000    10.9415    10.9404    -0.0011     8.5919     8.5911     92.609     94.631      0.380    1446.17    1446.17  0.000e+00
      11767     94.000     6.0445     6.0449     0.0003    1.18965    1.18957          1     0.0522     0.1206      26.81     0.3320     0.3071  1.000e-12  0.1800000    10.9484    10.9476    -0.0009     8.5972     8.5965     93.104     95.136      0.497    1446.20    1446.20  0.000e+00
      11788     94.500     6.0515     6.0513    -0.0002    1.19176    1.19165          1     0.0515     0.0949      26.41     0.3212     0.3730  1.000e-12  0.2098000    10.9671    10.9661    -0.0010     8.6114     8.6106     93.599     95.641      0.644    1446.26    1446.26  0.000e+00
      11805     95.000     6.0607     6.0604    -0.0002    1.19388    1.19381          1     0.0527     0.0950      25.99     0.3298     0.2855  1.000e-12  0.2041000    10.9852    10.9845    -0.0007     8.6250     8.6245     94.095     96.146      0.711    1446.33    1446.33  0.000e+00
      11821     95.500     6.0669     6.0666    -0.0003    1.19515    1.19508          1     0.0508     0.0923      25.47     0.3314     0.2953  1.000e-12  0.2004000    10.9956    10.9950    -0.0006     8.6329     8.6324     94.590     96.650      0.688    1446.38    1446.37  0.000e+00
      11840     96.000     6.0736     6.0734    -0.0002    1.19658    1.19649          1     0.0502     0.0899      24.99     0.3215     0.3033  1.000e-12  0.1864000    11.0076    11.0067    -0.0009     8.6419     8.6412     95.085     97.155      0.571    1446.43    1446.42  0.000e+00
      11865     96.500     6.0758     6.0762     0.0004    1.19748    1.19744          1     0.0504     0.0855      24.72     0.3315     0.3287  1.000e-12  0.2153000    11.0157    11.0152    -0.0005     8.6481     8.6477     95.580     97.660      0.435    1446.45    1446.46  0.000e+00
      11894     97.000     6.0748     6.0755     0.0008    1.19792    1.19785          1     0.0460     0.0865      24.70     0.3212     0.3669  1.000e-12  0.4083000    11.0204    11.0194    -0.0010     8.6519     8.6511     96.075     98.165      0.445    1446.46    1446.47  0.000e+00
      11919     97.500     6.0829     6.0832     0.0004    1.20000    1.19990          1     0.0471     0.0836      24.19     0.3219     0.3735  1.000e-12  0.4369000    11.0384    11.0372    -0.0012     8.6655     8.6646     96.570     98.670      0.543    1446.53    1446.53  0.000e+00
      11939     98.000     6.0937     6.0935    -0.0002    1.20220    1.20215          1     0.0474     0.0844      23.77     0.3461     0.3617  1.000e-12  0.4186000    11.0566    11.0561    -0.0005     8.6791     8.6788     97.065     99.175      0.623    1446.61    1446.61  0.000e+00
      11958     98.500     6.0980     6.0981     0.0001    1.20305    1.20301          1     0.0484     0.0848      23.27     0.3206     0.3133  1.000e-12  0.2803000    11.0635    11.0631    -0.0004     8.6843     8.6840     97.560     99.680      0.670    1446.64    1446.64  0.000e+00
      11975     99.000     6.0984     6.0985     0.0002    1.20322    1.20319          1     0.0475     0.0806      22.77     0.3120     0.3059  1.000e-12  0.2063000    11.0650    11.0646    -0.0004     8.6854     8.6851     98.055    100.185      0.675    1446.65    1446.65  0.000e+00
      11993     99.500     6.0994     6.0995     0.0000    1.20360    1.20356          1     0.0431     0.0790      22.26     0.3211     0.3207  1.000e-12  0.1789000    11.0684    11.0679    -0.0005     8.6880     8.6876     98.551    100.690      0.619    1446.67    1446.67  0.000e+00
      12015    100.000     6.1045     6.1045    -0.0000    1.20511    1.20500          1     0.0433     0.0796      21.66     0.3213     0.3292  1.000e-12  0.1849000    11.0816    11.0805    -0.0011     8.6981     8.6972     99.046    101.195      0.507    1446.72    1446.71  0.000e+00
      12042    100.500     6.1065     6.1068     0.0004    1.20612    1.20608          1     0.0449     0.0805      21.04     0.3213     0.3026  1.000e-12  0.2839000    11.0909    11.0904    -0.0005     8.7053     8.7048     99.541    101.699      0.436    1446.74    1446.74  0.000e+00
      12068    101.000     6.1077     6.1082     0.0005    1.20681    1.20678          1     0.0442     0.0790      20.52     0.3213     0.2997  1.000e-12  0.4377000    11.0973    11.0968    -0.0005     8.7102     8.7098    100.036    102.204      0.489    1446.76    1446.77  0.000e+00
      12091    101.500     6.1116     6.1118     0.0002    1.20807    1.20800          1     0.0394     0.0765      20.05     0.3329     0.3579  1.000e-12  0.5750000    11.1084    11.1078    -0.0007     8.7187     8.7182    100.531    102.709      0.545    1446.80    1446.80  0.000e+00
      12112    102.000     6.1162     6.1164     0.0003    1.20912    1.20908          1     0.0399     0.0762      19.56     0.3425     0.3337  1.000e-12  0.5596000    11.1173    11.1169    -0.0005     8.7254     8.7251    101.026    103.214      0.582    1446.84    1446.84  0.000e+00
      12132    102.500     6.1236     6.1235    -0.0002    1.21077    1.21068          1     0.0405     0.0754      19.06     0.3399     0.3009  1.000e-12  0.4893000    11.1312    11.1303    -0.0008     8.7359     8.7352    101.521    103.719      0.637    1446.90    1446.90  0.000e+00
      12150    103.000     6.1392     6.1387    -0.0005    1.21485    1.21470          1     0.0419     0.0761      18.60     0.3334     0.2729  1.000e-12  0.4129000    11.1665    11.1652    -0.0013     8.7626     8.7616    102.016    104.224      0.673    1447.02    1447.01  0.000e+00
      12168    103.500     6.1457     6.1458     0.0000    1.21656    1.21650          1     0.0398     0.0731      18.09     0.3093     0.3126  1.000e-12  0.2915000    11.1813    11.1807    -0.0006     8.7738     8.7733    102.511    104.729      0.639    1447.07    1447.07  0.000e+00
      12188    104.000     6.1517     6.1514    -0.0003    1.21794    1.21781          1     0.0404     0.0756      17.53     0.3178     0.3087  1.000e-12  0.3536000    11.1929    11.1918    -0.0012     8.7826     8.7817    103.007    105.233      0.533    1447.12    1447.12  0.000e+00
      12214    104.500     6.1643     6.1640    -0.0003    1.22156    1.22135          1     0.0401     0.0743      16.93     0.3295     0.3010  1.000e-12  0.3933000    11.2246    11.2227    -0.0019     8.8067     8.8052    103.502    105.738      0.435    1447.22    1447.22  0.000e+00
      12242    105.000     6.1759     6.1760     0.0001    1.22454    1.22445          1     0.0377     0.0738      16.40     0.3336     0.3182  1.000e-12  0.3811000    11.2504    11.2494    -0.0010     8.8262     8.8254    103.997    106.243      0.491    1447.31    1447.31  0.000e+00
      12264    105.500     6.1863     6.1861    -0.0002    1.22717    1.22710          1     0.0350     0.0667      15.95     0.3335     0.3091  1.000e-12  0.4470000    11.2729    11.2723    -0.0006     8.8432     8.8427    104.492    106.748      0.597    1447.39    1447.39  0.000e+00
      12282    106.000     6.2003     6.1996    -0.0007    1.23048    1.23034          1     0.0366     0.0688      15.49     0.3335     0.2687  1.000e-12  0.4710000    11.3010    11.2999    -0.0011     8.8644     8.8635    104.987    107.253      0.637    1447.49    1447.49  0.000e+00
      12301    106.500     6.2151     6.2147    -0.0003    1.23378    1.23372          1     0.0372     0.0717      14.99     0.3329     0.3423  1.000e-12  0.4307000    11.3289    11.3283    -0.0006     8.8853     8.8849    105.482    107.757      0.623    1447.60    1447.60  0.000e+00
      12321    107.000     6.2199     6.2199     0.0000    1.23495    1.23491          1     0.0382     0.0704      14.45     0.2983     0.3283  1.000e-12  0.1880000    11.3388    11.3384    -0.0004     8.8928     8.8924    105.977    108.262      0.597    1447.64    1447.64  0.000e+00
      12342    107.500     6.2214     6.2216     0.0002    1.23528    1.23525          1     0.0382     0.0685      13.90     0.3146     0.3182  1.000e-12  0.4111000    11.3414    11.3411    -0.0003     8.8947     8.8945    106.472    108.767      0.558    1447.66    1447.66  0.000e+00
      12365    108.000     6.2219     6.2222     0.0003    1.23545    1.23541          1     0.0351     0.0688      13.35     0.3289     0.3193  1.000e-12  0.6030000    11.3428    11.3424    -0.0004     8.8958     8.8955    106.967    109.272      0.485    1447.67    1447.67  0.000e+00
      12392    108.500     6.2221     6.2225     0.0004    1.23554    1.23551          1     0.0345     0.0669      12.79     0.3256     0.3166  1.000e-12  0.7199000    11.3437    11.3431    -0.0005     8.8964     8.8960    107.462    109.777      0.440    1447.68    1447.68  0.000e+00
      12418    109.000     6.2225     6.2228     0.0003    1.23560    1.23558          1     0.0331     0.0695      12.27     0.3379     0.3164  1.000e-12  0.7758000    11.3440    11.3436    -0.0004     8.8967     8.8964    107.957    110.281      0.505    1447.69    1447.69  0.000e+00
      12440    109.500     6.2229     6.2230     0.0001    1.23568    1.23565          1     0.0346     0.0652      11.79     0.3397     0.3157  1.000e-12  0.7482000    11.3446    11.3442    -0.0003     8.8971     8.8968    108.452    110.786      0.610    1447.70    1447.70  0.000e+00
      12458    110.000     6.2241     6.2241     0.0000    1.23596    1.23593          1     0.0335     0.0579      11.34     0.3371     0.3197  1.000e-12  0.7130000    11.3469    11.3465    -0.0003     8.8988     8.8986    108.948    111.291      0.689    1447.72    1447.71  0.000e+00
      12474    110.500     6.2302     6.2296    -0.0006    1.23729    1.23716          1     0.0337     0.0654      10.87     0.3579     0.3325  1.000e-12  0.7018000    11.3580    11.3568    -0.0012     8.9071     8.9063    109.443    111.796      0.703    1447.76    1447.76  0.000e+00
      12492    111.000     6.2472     6.2464    -0.0008    1.24118    1.24097          1     0.0349     0.0689      10.35     0.3503     0.3465  1.000e-12  0.7424000    11.3908    11.3889    -0.0019     8.9318     8.9304    109.938    112.300      0.635    1447.88    1447.88  0.000e+00
      12513    111.500     6.2541     6.2539    -0.0002    1.24284    1.24265          1     0.0326     0.0641       9.75     0.3459     0.2870  1.000e-12  0.7768000    11.4048    11.4030    -0.0018     8.9423     8.9409    110.433    112.805      0.492    1447.94    1447.93  0.000e+00
