ctdpy/tests/etc/all_smhi_bas_2018/SBE09_1044_20181109_0830_34_01_0120.cnv
* Sea-Bird SBE 9 Data File:
* FileName = C:\ctd\temp\ar18d120.hex
* Software Version Seasave V 7.26.7.107
* Temperature SN = 5351
* Conductivity SN = 3941
* Number of Bytes Per Scan = 41
* Number of Voltage Words = 4
* Number of Scans Averaged by the Deck Unit = 1
* NMEA Latitude = 57 59.90 N
* NMEA Longitude = 019 52.72 E
* NMEA UTC (Time) = Nov 09 2018  08:30:52
* NMEA baud rate = 4800
** Station:  BY20
** Operator:  JKro
** Ship: ARANDA
** Average sound velocity: 1424.60 m/s
** True-depth calculation Fri, 09 Nov 2018 10:17:04 +0000
** CTD Python Module SMHI /ver 3-12/ feb 2012 
** LIMS Job: 20183401-0120
** Cruise: SMHI-6-2018
** Latitude [GG MM.mm N]:
** Longitude [GG MM.mm E]
# nquan = 26
# nvalues = 387                         
# units = specified
# name 0 = scan: Scan Count
# name 1 = prDM: Pressure, Digiquartz [db]
# name 2 = t090C: Temperature [ITS-90, deg C]
# name 3 = t190C: Temperature, 2 [ITS-90, deg C]
# name 4 = T2-T190C: Temperature Difference, 2 - 1 [ITS-90, deg C]
# name 5 = c0S/m: Conductivity [S/m]
# name 6 = c1S/m: Conductivity, 2 [S/m]
# name 7 = pumps: Pump Status
# name 8 = sbeox0ML/L: Oxygen, SBE 43 [ml/l]
# name 9 = sbeox1ML/L: Oxygen, SBE 43, 2 [ml/l]
# name 10 = altM: Altimeter [m]
# name 11 = flECO-AFL: Chl-a Fluorescence, WET Labs ECO-AFL/FL [mg/m^3]
# name 12 = flECO-AFL1: Phycocyanin Fluorescence, WET Labs ECO-AFL/FL, 2 [mg/m^3]
# name 13 = par: PAR/Irradiance, Biospherical/Lico [µE/(cm^2*s)]
# name 14 = turbWETntu0: Turbidity, WET Labs ECO [NTU]
# name 15 = sal00: Salinity, Practical [PSU]
# name 16 = sal11: Salinity, Practical, 2 [PSU]
# name 17 = secS-priS: Salinity, Practical, Difference, 2 - 1 [PSU]
# name 18 = sigma-t00: Density [sigma-t, Kg/m^3 ]
# name 19 = sigma-t11: Density, 2 [sigma-t, Kg/m^3 ]
# name 20 = depSM: Depth [salt water, m], lat = 57.9983
# name 21 = depFM: Depth [true depth, m], lat = 57.9983
# name 22 = dz/dtM: Descent Rate [m/s], WS = 2
# name 23 = svCM: Sound Velocity [Chen-Millero, m/s]
# name 24 = svCM1: Sound Velocity, 2 [Chen-Millero, m/s]
# name 25 = flag: flag
# span 0 =      30926,      41490       
# span 1 =      1.000,    194.000       
# span 2 =     3.8165,     8.8110       
# span 3 =     3.8167,     8.8302       
# span 4 =    -0.0074,     0.0502       
# span 5 =   0.789142,   1.384897       
# span 6 =   0.789037,   1.384890       
# span 7 =          1,          1       
# span 8 =    0.01321,    7.51483       
# span 9 =    0.04357,    7.23879       
# span 10 =       1.63,      99.46      
# span 11 =     0.2415,     0.9107      
# span 12 =     0.1649,     0.3734      
# span 13 = 1.0000e-12, 1.7102e+02      
# span 14 =     0.1617,     2.1914      
# span 15 =     6.9314,    12.6295      
# span 16 =     6.9311,    12.6290      
# span 17 =    -0.0083,     0.0007      
# span 18 =     5.2334,     9.8700      
# span 19 =     5.2313,     9.8694      
# span 20 =      0.991,    192.112      
# span 21 =     -0.000,    196.032      
# span 22 =      0.165,      0.542      
# span 23 =    1431.47,    1452.78      
# span 24 =    1431.46,    1452.78      
# span 25 = 0.0000e+00, 0.0000e+00      
# interval = decibars: 0.5              
# start_time = Nov 09 2018 08:30:52 [NMEA time, first data scan]
# bad_flag = -9.990e-29
*END*
[from data line 56]
      32321     29.000     8.6478     8.6493     0.0014    0.83920    0.83917          1     7.4398     7.1247      57.32     0.5118     0.2801  3.925e-02  0.2527000     6.9803     6.9798    -0.0005     5.2853     5.2848     28.729     29.383      0.489    1450.99    1450.99  0.000e+00
      32346     29.500     8.6004     8.6017     0.0013    0.83938    0.83934          1     7.4303     7.1133      95.44     0.5268     0.2748  2.910e-02  0.2398000     6.9912     6.9906    -0.0006     5.2980     5.2974     29.225     29.890      0.482    1450.82    1450.82  0.000e+00
      32371     30.000     8.5743     8.5752     0.0010    0.83947    0.83946          1     7.4627     7.1306      98.72     0.5137     0.3197  1.315e-02  0.2432000     6.9971     6.9969    -0.0002     5.3049     5.3046     29.720     30.397      0.474    1450.73    1450.73  0.000e+00
      32396     30.500     8.5755     8.5755     0.0000    0.84015    0.83998          1     7.4221     7.1180      98.71     0.5153     0.3078  1.298e-03  0.2611000     7.0029     7.0014    -0.0015     5.3093     5.3082     30.215     30.903      0.479    1450.75    1450.75  0.000e+00
      32421     31.000     8.5586     8.5624     0.0038    0.84132    0.84137          1     7.3428     7.0839      98.71     0.4855     0.2652  8.140e-07  0.3055000     7.0167     7.0164    -0.0004     5.3216     5.3210     30.710     31.410      0.495    1450.70    1450.72  0.000e+00
      32445     31.500     8.3584     8.3640     0.0056    0.83769    0.83782          1     7.3357     7.0795      98.71     0.4722     0.2264  1.139e-11  0.3458000     7.0237     7.0238     0.0001     5.3444     5.3440     31.206     31.916      0.502    1449.91    1449.93  0.000e+00
      32469     32.000     8.2607     8.2635     0.0028    0.83680    0.83676          1     7.3508     7.0818      98.71     0.4601     0.2383  1.000e-12  0.3267000     7.0351     7.0342    -0.0009     5.3616     5.3606     31.701     32.423      0.492    1449.54    1449.55  0.000e+00
      32494     32.500     8.2368     8.2384     0.0016    0.83841    0.83833          1     7.3297     7.0478      98.71     0.4449     0.2701  1.000e-12  0.3152000     7.0544     7.0533    -0.0011     5.3787     5.3777     32.196     32.929      0.469    1449.47    1449.48  0.000e+00
      32520     33.000     8.1583     8.1628     0.0045    0.83764    0.83773          1     7.3483     7.0521      98.71     0.4377     0.2586  1.000e-12  0.3324000     7.0631     7.0630    -0.0001     5.3920     5.3915     32.692     33.436      0.463    1449.17    1449.19  0.000e+00
      32545     33.500     8.0609     8.0638     0.0029    0.83625    0.83625          1     7.3626     7.0637      98.71     0.4400     0.2475  1.000e-12  0.3839000     7.0700     7.0695    -0.0006     5.4054     5.4047     33.187     33.942      0.483    1448.79    1448.80  0.000e+00
      32570     34.000     8.0279     8.0305     0.0026    0.83689    0.83689          1     7.3256     7.0448      98.71     0.4454     0.2444  1.000e-12  0.3481000     7.0824     7.0819    -0.0005     5.4178     5.4172     33.682     34.449      0.508    1448.68    1448.69  0.000e+00
      32593     34.500     7.8962     7.9046     0.0084    0.83510    0.83519          1     7.3059     7.0557      98.71     0.4371     0.2346  1.000e-12  0.2998000     7.0926     7.0918    -0.0009     5.4363     5.4349     34.177     34.956      0.512    1448.16    1448.19  0.000e+00
      32617     35.000     7.7684     7.7723     0.0039    0.83419    0.83420          1     7.2724     7.0418      98.71     0.4130     0.2399  1.000e-12  0.2980000     7.1102     7.1096    -0.0007     5.4601     5.4593     34.673     35.462      0.487    1447.66    1447.68  0.000e+00
      32642     35.500     7.6503     7.6599     0.0096    0.83264    0.83286          1     7.2987     7.0515      98.71     0.4109     0.2875  1.000e-12  0.2844000     7.1200     7.1201     0.0001     5.4768     5.4761     35.168     35.969      0.448    1447.20    1447.24  0.000e+00
      32670     36.000     7.4829     7.4922     0.0093    0.82890    0.82910          1     7.2989     7.0611      98.71     0.4325     0.2560  1.000e-12  0.2563000     7.1197     7.1196    -0.0001     5.4891     5.4883     35.663     36.475      0.449    1446.51    1446.55  0.000e+00
      32696     36.500     7.3593     7.3675     0.0082    0.82787    0.82803          1     7.3040     7.0691      98.71     0.4562     0.2901  1.000e-12  0.2166000     7.1355     7.1353    -0.0002     5.5104     5.5097     36.159     36.982      0.485    1446.03    1446.06  0.000e+00
      32720     37.000     7.1864     7.1892     0.0028    0.82494    0.82498          1     7.3158     7.0937      98.71     0.4449     0.2492  1.000e-12  0.2158000     7.1439     7.1437    -0.0002     5.5293     5.5289     36.654     37.488      0.482    1445.32    1445.34  0.000e+00
      32746     37.500     7.0700     7.0776     0.0078    0.82311    0.82321          1     7.2721     7.0999      73.89     0.4376     0.2637  1.000e-12  0.2025000     7.1508     7.1502    -0.0006     5.5427     5.5417     37.149     37.994      0.450    1444.85    1444.89  0.000e+00
      32773     38.000     6.8135     6.8336     0.0200    0.81895    0.81928          1     7.1998     7.0927      29.17     0.4201     0.2347  1.000e-12  0.1985000     7.1651     7.1640    -0.0011     5.5709     5.5687     37.644     38.501      0.433    1443.80    1443.89  0.000e+00
      32801     38.500     6.3670     6.3847     0.0177    0.81114    0.81152          1     7.1023     7.0689      98.08     0.3783     0.2359  1.000e-12  0.2008000     7.1847     7.1846    -0.0001     5.6137     5.6125     38.140     39.007      0.447    1441.95    1442.02  0.000e+00
      32827     39.000     6.0553     6.0570     0.0016    0.80673    0.80680          1     7.1028     7.1188      94.19     0.3548     0.2463  1.000e-12  0.1934000     7.2084     7.2087     0.0003     5.6499     5.6501     38.635     39.514      0.478    1440.65    1440.66  0.000e+00
      32851     39.500     5.7105     5.7141     0.0037    0.80212    0.80216          1     7.1611     7.1983      33.13     0.3383     0.2215  1.000e-12  0.1920000     7.2375     7.2371    -0.0005     5.6908     5.6902     39.130     40.020      0.494    1439.21    1439.23  0.000e+00
      32876     40.000     5.6568     5.6556    -0.0009    0.80166    0.80161          1     7.0215     7.2115      75.62     0.3206     0.2076  1.000e-12  0.1815000     7.2445     7.2443    -0.0002     5.6989     5.6988     39.626     40.527      0.480    1439.00    1438.99  0.000e+00
      32901     40.500     5.3514     5.4018     0.0502    0.79710    0.79790          1     7.0472     7.2388      98.47     0.3027     0.2222  1.000e-12  0.1774000     7.2659     7.2628    -0.0031     5.7297     5.7250     40.121     41.033      0.462    1437.70    1437.92  0.000e+00
      32927     41.000     4.9589     4.9541    -0.0048    0.79377    0.79320          1     7.0290     7.1265      92.30     0.2834     0.2473  1.000e-12  0.1841000     7.3187     7.3142    -0.0045     5.7879     5.7845     40.616     41.539      0.467    1436.06    1436.03  0.000e+00
      32952     41.500     5.0046     5.0145     0.0098    0.80021    0.80049          1     6.8838     7.0591      11.45     0.2730     0.2345  1.000e-12  0.1833000     7.3724     7.3730     0.0005     5.8286     5.8287     41.111     42.046      0.490    1436.34    1436.38  0.000e+00
      32976     42.000     4.8812     4.8843     0.0032    0.80153    0.80139          1     6.6911     6.9896      10.98     0.2725     0.2470  1.000e-12  0.1772000     7.4129     7.4108    -0.0021     5.8655     5.8637     41.607     42.552      0.499    1435.85    1435.87  0.000e+00
      33001     42.500     4.6470     4.6542     0.0074    0.80024    0.80033          1     6.5237     6.9867      22.90     0.2778     0.2376  1.000e-12  0.1873000     7.4525     7.4517    -0.0007     5.9052     5.9044     42.102     43.058      0.488    1434.88    1434.91  0.000e+00
      33026     43.000     4.2360     4.2593     0.0230    0.79321    0.79380          1     6.4960     6.9700      64.96     0.2793     0.2448  1.000e-12  0.2097000     7.4747     7.4754     0.0007     5.9356     5.9355     42.597     43.564      0.467    1433.08    1433.19  0.000e+00
      33052     43.500     3.9767     3.9764    -0.0001    0.78914    0.78904          1     6.4800     6.8777      98.78     0.2567     0.2482  1.000e-12  0.1998000     7.4925     7.4915    -0.0010     5.9568     5.9560     43.092     44.071      0.459    1431.95    1431.95  0.000e+00
      33078     44.000     3.9766     3.9761    -0.0004    0.79064    0.79054          1     6.4431     6.8095      98.71     0.2491     0.1856  1.000e-12  0.1765000     7.5078     7.5068    -0.0009     5.9689     5.9682     43.588     44.577      0.486    1431.98    1431.98  0.000e+00
      33101     44.500     3.9986     3.9984    -0.0002    0.79298    0.79284          1     6.4522     6.7344      98.71     0.2699     0.1912  1.000e-12  0.1728000     7.5265     7.5251    -0.0014     5.9833     5.9822     44.083     45.083      0.511    1432.11    1432.11  0.000e+00
      33125     45.000     4.0074     4.0089     0.0015    0.79498    0.79490          1     6.4768     6.6922      98.71     0.2751     0.2152  1.000e-12  0.1730000     7.5448     7.5437    -0.0012     5.9976     5.9966     44.578     45.589      0.501    1432.18    1432.18  0.000e+00
      33150     45.500     3.9800     3.9815     0.0015    0.79723    0.79710          1     6.4614     6.6400      63.37     0.2513     0.2332  1.000e-12  0.1989000     7.5740     7.5723    -0.0017     6.0214     6.0201     45.073     46.096      0.470    1432.10    1432.11  0.000e+00
      33176     46.000     3.8956     3.9009     0.0053    0.79836    0.79834          1     6.4417     6.5345      63.81     0.2504     0.2288  1.000e-12  0.2416000     7.6051     7.6036    -0.0015     6.0482     6.0469     45.569     46.602      0.460    1431.77    1431.79  0.000e+00
      33201     46.500     3.8165     3.8167     0.0002    0.79995    0.79992          1     6.3834     6.3834      98.49     0.2466     0.2186  1.000e-12  0.2020000     7.6399     7.6395    -0.0004     6.0777     6.0774     46.064     47.108      0.493    1431.47    1431.46  0.000e+00
      33225     47.000     3.8309     3.8334     0.0025    0.80256    0.80253          1     6.4096     6.2695      42.59     0.2434     0.2288  1.000e-12  0.1987000     7.6631     7.6622    -0.0009     6.0959     6.0951     46.559     47.614      0.522    1431.57    1431.58  0.000e+00
      33247     47.500     3.8855     3.8874     0.0019    0.80689    0.80685          1     6.4048     6.1799      47.31     0.2599     0.2269  1.000e-12  0.1976000     7.6946     7.6937    -0.0009     6.1196     6.1189     47.054     48.120      0.516    1431.86    1431.87  0.000e+00
      33272     48.000     3.8847     3.8864     0.0017    0.80922    0.80916          1     6.2598     6.0315      87.25     0.2507     0.2391  1.000e-12  0.1942000     7.7186     7.7176    -0.0011     6.1387     6.1378     47.550     48.627      0.481    1431.90    1431.90  0.000e+00
      33297     48.500     3.9742     3.9739    -0.0002    0.81374    0.81360          1     6.0381     5.8817      98.70     0.2415     0.1863  1.000e-12  0.2108000     7.7437     7.7423    -0.0014     6.1564     6.1553     48.045     49.133      0.452    1432.34    1432.34  0.000e+00
      33324     49.000     4.1458     4.1427    -0.0031    0.82259    0.82225          1     5.8625     5.7784      98.71     0.2619     0.2502  1.000e-12  0.2124000     7.7931     7.7904    -0.0027     6.1911     6.1890     48.540     49.639      0.455    1433.18    1433.17  0.000e+00
      33350     49.500     4.3949     4.3955     0.0005    0.83386    0.83373          1     5.7925     5.7399      98.25     0.2644     0.2457  1.000e-12  0.2288000     7.8482     7.8468    -0.0014     6.2274     6.2263     49.035     50.145      0.492    1434.38    1434.38  0.000e+00
      33373     50.000     4.3918     4.3995     0.0077    0.83670    0.83677          1     5.7319     5.6800      98.71     0.2731     0.2062  1.000e-12  0.2794000     7.8776     7.8764    -0.0011     6.2508     6.2497     49.531     50.651      0.526    1434.41    1434.44  0.000e+00
      33396     50.500     4.1587     4.1628     0.0041    0.83885    0.83872          1     5.5263     5.4925      98.71     0.2520     0.2071  1.000e-12  0.2772000     7.9556     7.9532    -0.0024     6.3198     6.3178     50.026     51.157      0.516    1433.47    1433.49  0.000e+00
      33420     51.000     4.0712     4.0696    -0.0016    0.84602    0.84570          1     5.1967     5.2221      98.71     0.2625     0.1833  1.000e-12  0.2233000     8.0501     8.0472    -0.0029     6.3972     6.3950     50.521     51.663      0.473    1433.21    1433.20  0.000e+00
      33446     51.500     4.1409     4.1409     0.0001    0.85331    0.85309          1     4.8966     4.9914      98.71     0.2547     0.2234  1.000e-12  0.2357000     8.1073     8.1050    -0.0023     6.4407     6.4389     51.016     52.169      0.455    1433.60    1433.60  0.000e+00
      33472     52.000     4.1925     4.1980     0.0056    0.86121    0.86111          1     4.6698     4.8005      98.71     0.2643     0.2016  1.000e-12  0.2297000     8.1751     8.1728    -0.0024     6.4930     6.4910     51.512     52.675      0.485    1433.93    1433.95  0.000e+00
      33496     52.500     4.0709     4.0733     0.0024    0.86532    0.86520          1     4.4134     4.5888      98.71     0.2582     0.1919  1.000e-12  0.2292000     8.2476     8.2457    -0.0019     6.5541     6.5526     52.007     53.181      0.517    1433.49    1433.50  0.000e+00
      33519     53.000     4.0950     4.0958     0.0008    0.87039    0.87024          1     4.1825     4.3899      98.71     0.2576     0.2007  1.000e-12  0.2049000     8.2934     8.2917    -0.0017     6.5898     6.5884     52.502     53.687      0.513    1433.66    1433.66  0.000e+00
      33543     53.500     4.1366     4.1375     0.0009    0.87634    0.87619          1     3.9498     4.1674      67.83     0.2495     0.2206  1.000e-12  0.2022000     8.3438     8.3420    -0.0018     6.6286     6.6271     52.997     54.193      0.484    1433.92    1433.92  0.000e+00
      33569     54.000     4.1720     4.1736     0.0016    0.88038    0.88027          1     3.7294     3.9529      63.43     0.2726     0.2337  1.000e-12  0.1810000     8.3760     8.3745    -0.0016     6.6531     6.6518     53.493     54.699      0.465    1434.13    1434.13  0.000e+00
      33595     54.500     4.2412     4.2412     0.0001    0.88976    0.88956          1     3.5241     3.7703      96.01     0.2927     0.2425  1.000e-12  0.1684000     8.4542     8.4521    -0.0021     6.7130     6.7113     53.988     55.205      0.465    1434.55    1434.54  0.000e+00
      33620     55.000     4.2737     4.2755     0.0018    0.89404    0.89397          1     3.3942     3.6050      98.72     0.2876     0.2624  1.000e-12  0.1673000     8.4894     8.4882    -0.0013     6.7399     6.7389     54.483     55.711      0.476    1434.74    1434.75  0.000e+00
      33645     55.500     4.3119     4.3124     0.0005    0.89986    0.89954          1     3.2343     3.4508      98.71     0.2760     0.2378  1.000e-12  0.1677000     8.5389     8.5355    -0.0035     6.7780     6.7752     54.978     56.217      0.492    1434.99    1434.98  0.000e+00
      33669     56.000     4.3742     4.3756     0.0014    0.91031    0.91015          1     3.0473     3.2865      98.71     0.2646     0.1876  1.000e-12  0.1644000     8.6292     8.6273    -0.0019     6.8475     6.8459     55.474     56.723      0.503    1435.39    1435.39  0.000e+00
