ctdpy/tests/etc/all_smhi_bas_2018/SBE09_0827_20180821_1527_26_01_0827.cnv
* Sea-Bird SBE 9 Data File:
* FileName = D:\CTD_SBE911\DAT\26DA.2018.8.27.hex
* Software Version Seasave V 7.21d
* Temperature SN = 034605
* Conductivity SN = 041844
* Number of Bytes Per Scan = 48
* Number of Voltage Words = 5
* Number of Scans Averaged by the Deck Unit = 1
* NMEA Latitude = 58 24.25 N
* NMEA Longitude = 010 46.02 E
* NMEA UTC (Time) = Aug 21 2018  15:29:46
* NMEA baud rate = 4800
** Ship: DANA
** Average sound velocity: 1490.25 m/s
** True-depth calculation Thu, 28 Mar 2019 09:24:26 +0000
** CTD Python Module SMHI /ver 3-12/ feb 2012 
** LIMS Job: 20182601-0827
**  11 W SOTESKÆR
** Operator: Christian
** Cruise: 08/2018
# nquan = 26
# nvalues = 291                         
# units = specified
# name 0 = scan: Scan Count
# name 1 = prDM: Pressure, Digiquartz [db]
# name 2 = t090C: Temperature [ITS-90, deg C]
# name 3 = t190C: Temperature, 2 [ITS-90, deg C]
# name 4 = T2-T190C: Temperature Difference, 2 - 1 [ITS-90, deg C]
# name 5 = c0S/m: Conductivity [S/m]
# name 6 = c1S/m: Conductivity, 2 [S/m]
# name 7 = pumps: Pump Status
# name 8 = sbeox1ML/L: Oxygen, SBE 43, 2 [ml/l]
# name 9 = sbeox0ML/L: Oxygen, SBE 43 [ml/l]
# name 10 = altM: Altimeter [m]
# name 11 = chloroflTC0: Chlorophyll, Turner Cyclops [ug/l]
# name 12 = cpar: CPAR/Corrected Irradiance [%]
# name 13 = par: PAR/Irradiance, Biospherical/Lico [µE/(cm^2*s)]
# name 14 = spar: SPAR, Biospherical/Licor
# name 15 = sal00: Salinity, Practical [PSU]
# name 16 = sal11: Salinity, Practical, 2 [PSU]
# name 17 = secS-priS: Salinity, Practical, Difference, 2 - 1 [PSU]
# name 18 = sigma-t00: Density [sigma-t, kg/m^3 ]
# name 19 = sigma-t11: Density, 2 [sigma-t, kg/m^3 ]
# name 20 = depSM: Depth [salt water, m], lat = 58.4042
# name 21 = depFM: Depth [true depth, m], lat = 58.4042
# name 22 = dz/dtM: Descent Rate [m/s], WS = 2
# name 23 = svCM: Sound Velocity [Chen-Millero, m/s]
# name 24 = svCM1: Sound Velocity, 2 [Chen-Millero, m/s]
# name 25 = flag: flag
# span 0 =        318,      11729       
# span 1 =      1.500,    146.500       
# span 2 =     6.5075,    17.9260       
# span 3 =     6.5063,    17.9328       
# span 4 =    -0.2398,     0.0429       
# span 5 =   3.498949,   4.343952       
# span 6 =   3.499193,   4.345253       
# span 7 =          1,          1       
# span 8 =     5.2118,     6.5865       
# span 9 =     5.2978,     6.4380       
# span 10 =       1.20,       9.98      
# span 11 =     0.0306,     0.2806      
# span 12 = 5.6084e-14, 1.0252e+01      
# span 13 = 1.0000e-12, 1.8398e+02      
# span 14 = 1.7480e+03, 1.7950e+03      
# span 15 =    31.4296,    35.1049      
# span 16 =    31.4072,    35.1085      
# span 17 =    -0.0224,     0.1239      
# span 18 =    22.6513,    27.5688      
# span 19 =    22.6352,    27.5717      
# span 20 =      1.486,    145.086      
# span 21 =      1.494,    145.389      
# span 22 =     -0.512,      0.596      
# span 23 =    1479.10,    1513.62      
# span 24 =    1479.09,    1513.64      
# span 25 = 0.0000e+00, 0.0000e+00      
# interval = decibars: 0.5              
# start_time = Aug 21 2018 15:29:46 [NMEA time, first data scan]
# bad_flag = -9.990e-29
*END*
[from data line 112]
       5235     57.500    10.2889    10.2393    -0.0497    3.83263    3.83033          1     6.2154     6.1639       9.97     0.0429  5.615e-14  1.000e-12  1.781e+03    34.9356    34.9599     0.0243    26.8518    26.8794     56.957     57.157      0.313    1491.73    1491.59  0.000e+00
       5272     58.000    10.2192    10.1617    -0.0575    3.82532    3.82254          1     6.1959     6.1259       9.97     0.0427  5.620e-14  1.000e-12  1.779e+03    34.9281    34.9553     0.0272    26.8580    26.8893     57.453     57.653      0.296    1491.48    1491.31  0.000e+00
       5321     58.500    10.1317    10.0240    -0.1076    3.81639    3.80860          1     6.1832     6.0889       9.97     0.0427  5.631e-14  1.000e-12  1.776e+03    34.9214    34.9457     0.0243    26.8680    26.9055     57.948     58.149      0.224    1491.17    1490.81  0.000e+00
       5372     59.000     9.9575     9.7172    -0.2398    3.79660    3.78052          1     6.0537     5.9322       9.97     0.0437  5.626e-14  1.000e-12  1.778e+03    34.8870    34.9548     0.0678    26.8709    26.9646     58.443     58.645      0.267    1490.51    1489.73  0.000e+00
       5413     59.500     9.6141     9.4766    -0.1381    3.76230    3.75347          1     5.9098     5.8034       9.97     0.0426  5.621e-14  1.000e-12  1.779e+03    34.8668    34.9092     0.0425    26.9132    26.9693     58.938     59.141      0.305    1489.26    1488.81  0.000e+00
       5453     60.000     9.4952     9.4200    -0.0751    3.75070    3.74639          1     5.8318     5.7772       9.97     0.0407  5.625e-14  1.000e-12  1.778e+03    34.8622    34.8907     0.0285    26.9294    26.9642     59.433     59.637      0.280    1488.83    1488.59  0.000e+00
       5499     60.500     9.4308     9.3835    -0.0475    3.74453    3.74258          1     5.8027     5.7554       9.97     0.0393  5.629e-14  1.000e-12  1.777e+03    34.8608    34.8866     0.0258    26.9389    26.9669     59.929     60.133      0.253    1488.60    1488.46  0.000e+00
       5546     61.000     9.3475     9.2838    -0.0636    3.73663    3.73450          1     5.7785     5.7179       9.97     0.0393  5.627e-14  1.000e-12  1.777e+03    34.8596    34.8997     0.0400    26.9518    26.9936     60.424     60.629      0.259    1488.30    1488.12  0.000e+00
       5593     61.500     9.2375     9.2027    -0.0347    3.72651    3.72629          1     5.7376     5.6873       9.97     0.0388  5.627e-14  1.000e-12  1.777e+03    34.8615    34.8932     0.0317    26.9713    27.0018     60.919     61.125      0.252    1487.91    1487.82  0.000e+00
       5638     62.000     9.1822     9.1548    -0.0274    3.72153    3.72147          1     5.7136     5.6825       9.97     0.0388  5.632e-14  1.000e-12  1.776e+03    34.8634    34.8897     0.0263    26.9818    27.0068     61.414     61.621      0.282    1487.72    1487.65  0.000e+00
       5680     62.500     9.1260     9.1049    -0.0212    3.71627    3.71650          1     5.6968     5.6702       9.97     0.0368  5.631e-14  1.000e-12  1.776e+03    34.8633    34.8864     0.0231    26.9908    27.0123     61.909     62.117      0.294    1487.52    1487.47  0.000e+00
       5721     63.000     9.1027     9.0690    -0.0335    3.71354    3.71277          1     5.6569     5.6383       9.97     0.0372  5.628e-14  1.000e-12  1.777e+03    34.8573    34.8822     0.0249    26.9899    27.0148     62.405     62.612      0.273    1487.44    1487.34  0.000e+00
       5774     63.500     9.0571     9.0254    -0.0319    3.70937    3.70851          1     5.6241     5.6291       9.97     0.0381  5.636e-14  1.000e-12  1.774e+03    34.8581    34.8802     0.0221    26.9979    27.0203     62.900     63.108      0.209    1487.28    1487.19  0.000e+00
       5824     64.000     9.0263     8.9988    -0.0275    3.70658    3.70595          1     5.6110     5.6070       9.97     0.0397  5.630e-14  1.000e-12  1.776e+03    34.8589    34.8792     0.0203    27.0034    27.0238     63.395     63.604      0.326    1487.17    1487.10  0.000e+00
       5857     64.500     8.9801     8.9664    -0.0138    3.70282    3.70391          1     5.6194     5.6786       9.97     0.0394  5.628e-14  1.000e-12  1.777e+03    34.8644    34.8893     0.0249    27.0152    27.0369     63.890     64.100      0.341    1487.02    1487.00  0.000e+00
       5902     65.000     8.9938     8.9841    -0.0096    3.70795    3.70938          1     5.7454     5.8869       9.97     0.0398  5.637e-14  1.000e-12  1.774e+03    34.9046    34.9291     0.0245    27.0445    27.0652     64.385     64.596      0.217    1487.13    1487.12  0.000e+00
       5958     65.500     8.9603     8.9465    -0.0139    3.70593    3.70643          1     5.9121     5.9471       9.97     0.0396  5.636e-14  1.000e-12  1.774e+03    34.9161    34.9350     0.0189    27.0588    27.0759     64.881     65.092      0.247    1487.03    1487.00  0.000e+00
       6003     66.000     8.9479     8.9440    -0.0040    3.70543    3.70643          1     5.9238     5.9492       9.97     0.0411  5.635e-14  1.000e-12  1.775e+03    34.9229    34.9371     0.0142    27.0662    27.0779     65.376     65.588      0.277    1487.00    1487.00  0.000e+00
       6045     66.500     8.9033     8.8875    -0.0157    3.70103    3.70199          1     5.9074     5.9146       9.97     0.0414  5.634e-14  1.000e-12  1.775e+03    34.9202    34.9458     0.0256    27.0712    27.0937     65.871     66.084      0.273    1486.84    1486.81  0.000e+00
       6095     67.000     8.8343     8.8114    -0.0230    3.69495    3.69489          1     5.8884     5.8852       9.97     0.0412  5.644e-14  1.000e-12  1.772e+03    34.9240    34.9459     0.0219    27.0852    27.1060     66.366     66.579      0.228    1486.60    1486.54  0.000e+00
       6143     67.500     8.7988     8.7684    -0.0305    3.69263    3.69203          1     5.8766     5.8921       9.97     0.0423  5.635e-14  1.000e-12  1.775e+03    34.9343    34.9579     0.0236    27.0989    27.1222     66.861     67.075      0.280    1486.49    1486.40  0.000e+00
       6188     68.000     8.7488     8.7067    -0.0421    3.68979    3.68898          1     5.8876     5.9015       9.97     0.0404  5.632e-14  1.000e-12  1.776e+03    34.9535    34.9865     0.0330    27.1219    27.1544     67.356     67.571      0.241    1486.33    1486.22  0.000e+00
       6239     68.500     8.6875     8.6528    -0.0347    3.68558    3.68475          1     5.8916     5.9025       9.97     0.0400  5.645e-14  1.000e-12  1.771e+03    34.9694    34.9949     0.0255    27.1440    27.1695     67.852     68.067      0.254    1486.13    1486.04  0.000e+00
       6283     69.000     8.6434     8.6258    -0.0176    3.68238    3.68255          1     5.8885     5.9280       9.97     0.0399  5.630e-14  1.000e-12  1.776e+03    34.9788    34.9981     0.0193    27.1583    27.1762     68.347     68.563      0.269    1485.99    1485.95  0.000e+00
       6330     69.500     8.6226     8.6008    -0.0218    3.68082    3.68041          1     5.8869     5.9221       9.97     0.0397  5.645e-14  1.000e-12  1.772e+03    34.9827    35.0000     0.0173    27.1646    27.1817     68.842     69.058      0.248    1485.93    1485.87  0.000e+00
       6380     70.000     8.5951     8.5674    -0.0276    3.67856    3.67769          1     5.8849     5.9260       9.97     0.0396  5.644e-14  1.000e-12  1.772e+03    34.9858    35.0040     0.0182    27.1714    27.1900     69.337     69.554      0.244    1485.84    1485.76  0.000e+00
       6427     70.500     8.5630     8.5403    -0.0228    3.67578    3.67527          1     5.8940     5.9240       9.97     0.0386  5.642e-14  1.000e-12  1.772e+03    34.9879    35.0051     0.0172    27.1781    27.1951     69.832     70.050      0.252    1485.73    1485.66  0.000e+00
       6475     71.000     8.5368     8.5081    -0.0288    3.67351    3.67242          1     5.8859     5.9111       9.97     0.0392  5.647e-14  1.000e-12  1.771e+03    34.9896    35.0065     0.0170    27.1834    27.2012     70.328     70.546      0.270    1485.64    1485.55  0.000e+00
       6516     71.500     8.4953     8.4779    -0.0174    3.66986    3.66960          1     5.8782     5.9035       9.97     0.0397  5.637e-14  1.000e-12  1.774e+03    34.9917    35.0063     0.0146    27.1916    27.2057     70.823     71.042      0.299    1485.50    1485.45  0.000e+00
       6562     72.000     8.4750     8.4577    -0.0173    3.66789    3.66766          1     5.8802     5.8864       9.97     0.0395  5.650e-14  1.000e-12  1.770e+03    34.9908    35.0055     0.0148    27.1940    27.2083     71.318     71.537      0.219    1485.43    1485.38  0.000e+00
       6619     72.500     8.4261     8.3884    -0.0376    3.66275    3.66129          1     5.8601     5.8472       9.97     0.0388  5.644e-14  1.000e-12  1.772e+03    34.9845    35.0064     0.0219    27.1967    27.2197     71.813     72.033      0.239    1485.25    1485.13  0.000e+00
       6664     73.000     8.3263     8.2813    -0.0450    3.65316    3.65206          1     5.8096     5.7998       9.97     0.0379  5.640e-14  1.000e-12  1.773e+03    34.9813    35.0143     0.0330    27.2096    27.2424     72.308     72.529      0.284    1484.88    1484.75  0.000e+00
       6706     73.500     8.2172     8.1839    -0.0333    3.64442    3.64373          1     5.7760     5.7980       9.97     0.0384  5.651e-14  1.000e-12  1.770e+03    34.9965    35.0223     0.0259    27.2382    27.2636     72.803     73.025      0.266    1484.50    1484.40  0.000e+00
       6758     74.000     8.1792     8.1527    -0.0265    3.64128    3.64054          1     5.7795     5.8034       9.97     0.0395  5.653e-14  1.000e-12  1.769e+03    35.0004    35.0191     0.0187    27.2471    27.2658     73.299     73.521      0.214    1484.37    1484.29  0.000e+00
       6809     74.500     8.1404     8.1090    -0.0313    3.63793    3.63710          1     5.7698     5.7979       9.97     0.0397  5.648e-14  1.000e-12  1.770e+03    35.0032    35.0256     0.0224    27.2552    27.2775     73.794     74.016      0.275    1484.23    1484.14  0.000e+00
       6851     75.000     8.0900     8.0662    -0.0238    3.63383    3.63385          1     5.7673     5.7970       9.97     0.0385  5.647e-14  1.000e-12  1.771e+03    35.0094    35.0334     0.0240    27.2677    27.2901     74.289     74.512      0.279    1484.06    1484.00  0.000e+00
       6896     75.500     8.0322     8.0022    -0.0300    3.62867    3.62812          1     5.7592     5.7752       9.97     0.0386  5.653e-14  1.000e-12  1.769e+03    35.0115    35.0355     0.0240    27.2781    27.3015     74.784     75.008      0.265    1483.85    1483.77  0.000e+00
       6942     76.000     7.9574     7.9396    -0.0178    3.62164    3.62215          1     5.7272     5.7252       9.97     0.0379  5.649e-14  1.000e-12  1.770e+03    35.0106    35.0339     0.0233    27.2886    27.3096     75.279     75.504      0.246    1483.58    1483.54  0.000e+00
       6994     76.500     7.8951     7.8713    -0.0239    3.61550    3.61555          1     5.7040     5.7022       9.97     0.0387  5.651e-14  1.000e-12  1.770e+03    35.0065    35.0309     0.0244    27.2947    27.3175     75.774     75.999      0.234    1483.34    1483.28  0.000e+00
       7040     77.000     7.8211     7.7989    -0.0222    3.60850    3.60889          1     5.6591     5.6669       9.97     0.0394  5.651e-14  1.000e-12  1.770e+03    35.0050    35.0315     0.0265    27.3046    27.3287     76.270     76.495      0.299    1483.07    1483.02  0.000e+00
       7077     77.500     7.7587     7.7237    -0.0350    3.60281    3.60225          1     5.6404     5.6441       9.97     0.0385  5.647e-14  1.000e-12  1.771e+03    35.0061    35.0352     0.0291    27.3146    27.3427     76.765     76.991      0.315    1482.84    1482.75  0.000e+00
       7123     78.000     7.6871     7.6359    -0.0513    3.59624    3.59439          1     5.6066     5.6090       9.97     0.0383  5.655e-14  1.000e-12  1.768e+03    35.0066    35.0381     0.0315    27.3256    27.3579     77.260     77.486      0.225    1482.58    1482.42  0.000e+00
       7175     78.500     7.5909     7.5279    -0.0630    3.58674    3.58401          1     5.5431     5.5630       9.97     0.0373  5.652e-14  1.000e-12  1.769e+03    35.0002    35.0341     0.0339    27.3347    27.3705     77.755     77.982      0.292    1482.21    1482.02  0.000e+00
       7211     79.000     7.5211     7.4980    -0.0232    3.58046    3.58045          1     5.5122     5.5465       9.97     0.0372  5.642e-14  1.000e-12  1.772e+03    35.0021    35.0253     0.0233    27.3463    27.3680     78.250     78.478      0.318    1481.96    1481.90  0.000e+00
       7255     79.500     7.4969     7.4805    -0.0163    3.57819    3.57846          1     5.4833     5.5320       9.97     0.0376  5.652e-14  1.000e-12  1.769e+03    35.0016    35.0210     0.0194    27.3495    27.3671     78.745     78.974      0.240    1481.87    1481.84  0.000e+00
       7305     80.000     7.4749     7.4579    -0.0170    3.57624    3.57623          1     5.4817     5.5197       9.97     0.0383  5.660e-14  1.000e-12  1.767e+03    35.0022    35.0193     0.0171    27.3531    27.3690     79.241     79.469      0.278    1481.80    1481.76  0.000e+00
       7343     80.500     7.4570     7.4457    -0.0112    3.57455    3.57512          1     5.4608     5.5196       9.97     0.0373  5.648e-14  1.000e-12  1.771e+03    35.0016    35.0193     0.0176    27.3552    27.3707     79.736     79.965      0.322    1481.74    1481.72  0.000e+00
       7386     81.000     7.4357     7.4228    -0.0129    3.57270    3.57291          1     5.4550     5.5123       9.97     0.0373  5.653e-14  1.000e-12  1.769e+03    35.0028    35.0181     0.0153    27.3592    27.3731     80.231     80.461      0.242    1481.67    1481.64  0.000e+00
       7436     81.500     7.4183     7.4079    -0.0104    3.57134    3.57170          1     5.4498     5.5085       9.97     0.0371  5.663e-14  1.000e-12  1.766e+03    35.0053    35.0197     0.0144    27.3637    27.3765     80.726     80.956      0.272    1481.61    1481.59  0.000e+00
       7476     82.000     7.4021     7.3899    -0.0122    3.57040    3.57072          1     5.4621     5.5211       9.97     0.0370  5.648e-14  1.000e-12  1.770e+03    35.0111    35.0270     0.0158    27.3706    27.3849     81.221     81.452      0.312    1481.56    1481.54  0.000e+00
       7514     82.500     7.3869     7.3787    -0.0082    3.56918    3.56955          1     5.4573     5.5263       9.97     0.0369  5.649e-14  1.000e-12  1.770e+03    35.0129    35.0252     0.0123    27.3742    27.3851     81.716     81.948      0.314    1481.52    1481.50  0.000e+00
       7556     83.000     7.3805     7.3736    -0.0068    3.56862    3.56897          1     5.4461     5.5259       9.97     0.0365  5.663e-14  1.000e-12  1.766e+03    35.0131    35.0238     0.0107    27.3752    27.3847     82.212     82.444      0.258    1481.50    1481.49  0.000e+00
       7604     83.500     7.3608     7.3466    -0.0143    3.56683    3.56708          1     5.4458     5.4996       9.97     0.0377  5.655e-14  1.000e-12  1.768e+03    35.0131    35.0303     0.0172    27.3781    27.3937     82.707     82.939      0.267    1481.43    1481.40  0.000e+00
       7644     84.000     7.3081     7.2877    -0.0202    3.56221    3.56202          1     5.4335     5.4886       9.97     0.0369  5.647e-14  1.000e-12  1.771e+03    35.0158    35.0342     0.0184    27.3878    27.4052     83.202     83.435      0.316    1481.24    1481.19  0.000e+00
       7684     84.500     7.2882     7.2762    -0.0121    3.56059    3.56063          1     5.4245     5.4817       9.97     0.0356  5.655e-14  1.000e-12  1.768e+03    35.0179    35.0304     0.0125    27.3923    27.4039     83.697     83.931      0.278    1481.18    1481.15  0.000e+00
