ctdpy/tests/etc/all_smhi_bas_2018/SBE09_1044_20181205_0925_34_01_0152.cnv
* Sea-Bird SBE 9 Data File:
* FileName = C:\ctd\temp\ar18d152.hex
* Software Version Seasave V 7.26.7.107
* Temperature SN = 5351
* Conductivity SN = 3941
* Number of Bytes Per Scan = 41
* Number of Voltage Words = 4
* Number of Scans Averaged by the Deck Unit = 1
* NMEA Latitude = 57 59.89 N
* NMEA Longitude = 019 52.78 E
* NMEA UTC (Time) = Dec 05 2018  09:25:31
* NMEA baud rate = 4800
** Station:  BY20
** Operator:  ASkj
** Ship: ARANDA
** Average sound velocity: 1444.53 m/s
** True-depth calculation Sun, 09 Dec 2018 13:44:05 +0000
** CTD Python Module SMHI /ver 3-12/ feb 2012 
** LIMS Job: 20183401-0152
** Cruise: SMHI-7-2018
** Latitude [GG MM.mm N]:
** Longitude [GG MM.mm E]
# nquan = 26
# nvalues = 376                         
# units = specified
# name 0 = scan: Scan Count
# name 1 = prDM: Pressure, Digiquartz [db]
# name 2 = t090C: Temperature [ITS-90, deg C]
# name 3 = t190C: Temperature, 2 [ITS-90, deg C]
# name 4 = T2-T190C: Temperature Difference, 2 - 1 [ITS-90, deg C]
# name 5 = c0S/m: Conductivity [S/m]
# name 6 = c1S/m: Conductivity, 2 [S/m]
# name 7 = pumps: Pump Status
# name 8 = sbeox0ML/L: Oxygen, SBE 43 [ml/l]
# name 9 = sbeox1ML/L: Oxygen, SBE 43, 2 [ml/l]
# name 10 = altM: Altimeter [m]
# name 11 = flECO-AFL: Chl-a Fluorescence, WET Labs ECO-AFL/FL [mg/m^3]
# name 12 = flECO-AFL1: Phycocyanin Fluorescence, WET Labs ECO-AFL/FL, 2 [mg/m^3]
# name 13 = par: PAR/Irradiance, Biospherical/Lico [µE/(cm^2*s)]
# name 14 = turbWETntu0: Turbidity, WET Labs ECO [NTU]
# name 15 = sal00: Salinity, Practical [PSU]
# name 16 = sal11: Salinity, Practical, 2 [PSU]
# name 17 = secS-priS: Salinity, Practical, Difference, 2 - 1 [PSU]
# name 18 = sigma-t00: Density [sigma-t, Kg/m^3 ]
# name 19 = sigma-t11: Density, 2 [sigma-t, Kg/m^3 ]
# name 20 = depSM: Depth [salt water, m], lat = 57.9982
# name 21 = depFM: Depth [true depth, m], lat = 57.9982
# name 22 = dz/dtM: Descent Rate [m/s], WS = 2
# name 23 = svCM: Sound Velocity [Chen-Millero, m/s]
# name 24 = svCM1: Sound Velocity, 2 [Chen-Millero, m/s]
# name 25 = flag: flag
# span 0 =      43613,      54070       
# span 1 =      1.000,    188.500       
# span 2 =     4.0717,     6.6869       
# span 3 =     4.0729,     6.6877       
# span 4 =    -0.0274,     0.0200       
# span 5 =   0.796524,   1.367945       
# span 6 =   0.796507,   1.367927       
# span 7 =          1,          1       
# span 8 =    0.02761,    7.87426       
# span 9 =    1.47990,    6.63088       
# span 10 =       5.70,     104.77      
# span 11 =     0.2724,     0.6079      
# span 12 =     0.1336,     0.3215      
# span 13 = -2.155e-07, 3.5409e+02      
# span 14 =     0.1946,     1.9502      
# span 15 =     7.1516,    12.4780      
# span 16 =     7.1511,    12.4775      
# span 17 =    -0.0388,     0.0317      
# span 18 =     5.6145,     9.7541      
# span 19 =     5.6140,     9.7537      
# span 20 =      0.991,    186.668      
# span 21 =      1.013,    190.495      
# span 22 =     -0.011,      1.420      
# span 23 =    1433.19,    1452.33      
# span 24 =    1433.20,    1452.33      
# span 25 = 0.0000e+00, 0.0000e+00      
# interval = decibars: 0.5              
# start_time = Dec 05 2018 09:25:31 [NMEA time, first data scan]
# bad_flag = -9.990e-29
*END*
[from data line 223]
      50626    112.500     6.1266     6.1270     0.0004    1.20674    1.20666          1     0.0443     1.6950      97.36     0.3436     0.2098  1.000e-12  0.4612000    11.0883    11.0874    -0.0010     8.7020     8.7012    111.427    113.812      0.563    1447.02    1447.02  0.000e+00
      50646    113.000     6.1368     6.1359    -0.0009    1.20831    1.20809          1     0.0476     1.6896      86.97     0.3504     0.2415  1.000e-12  0.4255000    11.1005    11.0986    -0.0019     8.7108     8.7094    111.922    114.317      0.616    1447.08    1447.08  0.000e+00
      50665    113.500     6.1562     6.1562    -0.0000    1.21093    1.21086          1     0.0474     1.6847      97.66     0.3478     0.1921  1.000e-12  0.4244000    11.1200    11.1194    -0.0006     8.7249     8.7244    112.417    114.822      0.681    1447.20    1447.20  0.000e+00
      50682    114.000     6.1824     6.1823    -0.0000    1.21433    1.21424          1     0.0467     1.6766      63.34     0.3381     0.1842  1.000e-12  0.4101000    11.1452    11.1443    -0.0009     8.7430     8.7423    112.912    115.327      0.717    1447.35    1447.35  0.000e+00
      50698    114.500     6.1981     6.1989     0.0008    1.21777    1.21775          1     0.0452     1.6693      84.17     0.3314     0.1779  1.000e-12  0.4165000    11.1741    11.1736    -0.0005     8.7646     8.7642    113.408    115.832      0.720    1447.46    1447.46  0.000e+00
      50715    115.000     6.2150     6.2195     0.0044    1.22048    1.22096          1     0.0463     1.6659      83.54     0.3257     0.2041  1.000e-12  0.4310000    11.1953    11.1986     0.0033     8.7802     8.7825    113.903    116.337      0.671    1447.56    1447.59  0.000e+00
      50735    115.500     6.2482     6.2496     0.0015    1.22471    1.22484          1     0.0478     1.6606      96.83     0.3359     0.2216  1.000e-12  0.4417000    11.2262    11.2271     0.0008     8.8023     8.8028    114.398    116.842      0.481    1447.75    1447.76  0.000e+00
      50796    116.000     6.2303     6.2415     0.0112    1.22278    1.22448          1     0.0464     1.6413      73.91     0.3335     0.2028  1.000e-12  0.4200000    11.2129    11.2260     0.0131     8.7930     8.8026    114.893    117.346      0.317    1447.67    1447.73  0.000e+00
      50829    116.500     6.2478     6.2485     0.0007    1.22795    1.22784          1     0.0465     1.6316      25.00     0.3321     0.2083  1.000e-12  0.4114000    11.2583    11.2570    -0.0014     8.8275     8.8264    115.388    117.851      0.676    1447.81    1447.81  0.000e+00
      50843    117.000     6.2456     6.2464     0.0008    1.23152    1.23142          1     0.0442     1.6298      81.19     0.3248     0.2677  1.000e-12  0.4337000    11.2943    11.2931    -0.0012     8.8560     8.8550    115.883    118.356      0.906    1447.85    1447.85  0.000e+00
      50855    117.500     6.2616     6.2626     0.0010    1.23501    1.23493          1     0.0437     1.6286      79.35     0.3475     0.2748  1.000e-12  0.5094000    11.3236    11.3225    -0.0011     8.8779     8.8770    116.378    118.861      1.056    1447.96    1447.97  0.000e+00
      50866    118.000     6.2749     6.2753     0.0004    1.23775    1.23763          1     0.0449     1.6264      79.02     0.3609     0.2716  1.000e-12  0.5547000    11.3462    11.3449    -0.0013     8.8948     8.8938    116.873    119.366      1.118    1448.06    1448.06  0.000e+00
      50876    118.500     6.2999     6.2993    -0.0006    1.24417    1.24380          1     0.0478     1.6215      87.19     0.3558     0.2736  1.000e-12  0.5611000    11.4013    11.3979    -0.0034     8.9364     8.9338    117.368    119.870      1.068    1448.24    1448.23  0.000e+00
      50888    119.000     6.3243     6.3249     0.0005    1.24949    1.24938          1     0.0488     1.6189      52.44     0.3406     0.2540  1.000e-12  0.5930000    11.4459    11.4446    -0.0013     8.9698     8.9687    117.863    120.375      0.868    1448.40    1448.41  0.000e+00
      50929    119.500     6.3217     6.3249     0.0033    1.24765    1.24855          1     0.0474     1.6038      54.23     0.3390     0.2389  1.000e-12  0.5739000    11.4284    11.4362     0.0078     8.9562     8.9621    118.358    120.880      0.456    1448.38    1448.41  0.000e+00
      50988    120.000     6.3113     6.3292     0.0178    1.24572    1.24914          1     0.0427     1.5868      77.36     0.3262     0.2659  1.000e-12  0.5446000    11.4127    11.4406     0.0279     8.9446     8.9653    118.853    121.385      0.707    1448.33    1448.44  0.000e+00
      51001    120.500     6.3503     6.3521     0.0019    1.25375    1.25376          1     0.0415     1.5867      86.15     0.3260     0.2243  1.000e-12  0.5588000    11.4790    11.4786    -0.0005     8.9940     8.9935    119.348    121.889      0.901    1448.58    1448.59  0.000e+00
      51013    121.000     6.3569     6.3585     0.0016    1.25660    1.25657          1     0.0414     1.5856      97.21     0.3392     0.2196  1.000e-12  0.6292000    11.5049    11.5041    -0.0008     9.0139     9.0131    119.844    122.394      0.947    1448.65    1448.66  0.000e+00
      51026    121.500     6.3513     6.3526     0.0014    1.25767    1.25764          1     0.0452     1.5848      76.41     0.3355     0.2770  1.000e-12  0.6289000    11.5173    11.5166    -0.0007     9.0241     9.0234    120.339    122.899      0.882    1448.65    1448.65  0.000e+00
      51040    122.000     6.3652     6.3660     0.0007    1.25916    1.25914          1     0.0457     1.5796      74.52     0.3489     0.2846  1.000e-12  0.6085000    11.5272    11.5268    -0.0004     9.0309     9.0305    120.834    123.403      0.717    1448.73    1448.73  0.000e+00
      51061    122.500     6.3720     6.3729     0.0009    1.25967    1.25963          1     0.0425     1.5740      74.02     0.3487     0.2451  1.000e-12  0.6222000    11.5299    11.5293    -0.0007     9.0325     9.0320    121.329    123.908      0.499    1448.77    1448.77  0.000e+00
      51093    123.000     6.3737     6.3744     0.0007    1.25991    1.25986          1     0.0445     1.5678      52.31     0.3584     0.2076  1.000e-12  0.6221000    11.5317    11.5309    -0.0007     9.0338     9.0331    121.824    124.413      0.337    1448.79    1448.79  0.000e+00
      51130    123.500     6.3783     6.3790     0.0007    1.26041    1.26034          1     0.0412     1.5589      73.62     0.3454     0.1948  1.000e-12  0.6249000    11.5350    11.5341    -0.0009     9.0361     9.0353    122.319    124.918      0.375    1448.82    1448.82  0.000e+00
      51157    124.000     6.3954     6.3948    -0.0007    1.26451    1.26408          1     0.0418     1.5511      72.53     0.3433     0.2338  1.000e-12  0.6246000    11.5696    11.5657    -0.0040     9.0621     9.0590    122.814    125.422      0.558    1448.94    1448.93  0.000e+00
      51175    124.500     6.4128     6.4125    -0.0004    1.27023    1.26993          1     0.0408     1.5487      72.13     0.3605     0.2332  1.000e-12  0.6248000    11.6203    11.6175    -0.0028     9.1006     9.0985    123.309    125.927      0.718    1449.08    1449.08  0.000e+00
      51191    125.000     6.4345     6.4344    -0.0001    1.27611    1.27590          1     0.0408     1.5509      71.67     0.3509     0.2068  1.000e-12  0.5978000    11.6710    11.6690    -0.0020     9.1389     9.1374    123.804    126.432      0.829    1449.25    1449.25  0.000e+00
      51204    125.500     6.4437     6.4441     0.0004    1.27835    1.27825          1     0.0413     1.5461      71.14     0.3486     0.2140  1.000e-12  0.5923000    11.6900    11.6888    -0.0011     9.1532     9.1523    124.299    126.936      0.866    1449.32    1449.32  0.000e+00
      51218    126.000     6.4496     6.4501     0.0005    1.27974    1.27968          1     0.0417     1.5433      70.73     0.3239     0.2227  1.000e-12  0.5408000    11.7016    11.7009    -0.0008     9.1620     9.1613    124.794    127.441      0.787    1449.37    1449.37  0.000e+00
      51237    126.500     6.4607     6.4605    -0.0002    1.28194    1.28165          1     0.0446     1.5387      70.06     0.3241     0.2004  1.000e-12  0.5828000    11.7194    11.7166    -0.0028     9.1751     9.1729    125.289    127.946      0.499    1449.44    1449.44  0.000e+00
      51306    127.000     6.4397     6.4573     0.0176    1.27704    1.28085          1     0.0423     1.5257      69.10     0.3283     0.2241  1.000e-12  0.5523000    11.6781    11.7098     0.0317     9.1442     9.1678    125.784    128.450      0.400    1449.31    1449.43  0.000e+00
      51330    127.500     6.4786     6.4786     0.0000    1.28535    1.28521          1     0.0411     1.5223      68.85     0.3376     0.2234  1.000e-12  0.5391000    11.7468    11.7455    -0.0014     9.1954     9.1943    126.279    128.955      0.887    1449.57    1449.57  0.000e+00
      51341    128.000     6.4863     6.4868     0.0004    1.28640    1.28633          1     0.0418     1.5241      68.54     0.3296     0.2646  1.000e-12  0.5173000    11.7545    11.7537    -0.0008     9.2008     9.2002    126.774    129.459      1.162    1449.62    1449.62  0.000e+00
      51350    128.500     6.4953     6.4959     0.0006    1.28791    1.28786          1     0.0403     1.5239      68.30     0.3241     0.2642  1.000e-12  0.5095000    11.7663    11.7655    -0.0008     9.2094     9.2088    127.270    129.964      1.310    1449.68    1449.68  0.000e+00
      51358    129.000     6.5018     6.5023     0.0005    1.28935    1.28924          1     0.0401     1.5227      67.83     0.3229     0.2584  1.000e-12  0.5071000    11.7781    11.7769    -0.0013     9.2183     9.2173    127.765    130.469      1.342    1449.73    1449.73  0.000e+00
      51367    129.500     6.5084     6.5090     0.0006    1.29065    1.29054          1     0.0407     1.5233      67.40     0.3292     0.2347  1.000e-12  0.4709000    11.7886    11.7874    -0.0012     9.2260     9.2250    128.260    130.973      1.246    1449.78    1449.78  0.000e+00
      51377    130.000     6.5171     6.5174     0.0003    1.29246    1.29236          1     0.0422     1.5226      66.97     0.3280     0.2297  1.000e-12  0.4633000    11.8034    11.8023    -0.0012     9.2370     9.2361    128.755    131.478      0.977    1449.84    1449.84  0.000e+00
      51422    130.500     6.5070     6.5113     0.0043    1.29081    1.29145          1     0.0411     1.5153      65.88     0.3201     0.1936  1.000e-12  0.5076000    11.7905    11.7954     0.0049     9.2276     9.2311    129.250    131.983      0.654    1449.79    1449.82  0.000e+00
      51481    131.000     6.5043     6.5067     0.0025    1.29060    1.29082          1     0.0366     1.5069      65.36     0.3253     0.1926  1.000e-12  0.4993000    11.7892    11.7907     0.0014     9.2268     9.2278    129.745    132.487      1.212    1449.79    1449.80  0.000e+00
      51490    131.500     6.5351     6.5421     0.0069    1.29752    1.29872          1     0.0388     1.5075      65.18     0.3199     0.1836  1.000e-12  0.4989000    11.8469    11.8564     0.0095     9.2699     9.2768    130.240    132.992      1.353    1450.00    1450.03  0.000e+00
      51498    132.000     6.5711     6.5725     0.0015    1.30618    1.30620          1     0.0409     1.5098      64.70     0.3109     0.1639  1.000e-12  0.4981000    11.9200    11.9196    -0.0003     9.3246     9.3242    130.735    133.496      1.368    1450.24    1450.25  0.000e+00
      51507    132.500     6.5746     6.5757     0.0010    1.30845    1.30846          1     0.0402     1.5092      64.26     0.3118     0.1632  1.000e-12  0.4975000    11.9410    11.9407    -0.0003     9.3409     9.3406    131.230    134.001      1.253    1450.29    1450.30  0.000e+00
      51517    133.000     6.5760     6.5769     0.0009    1.30934    1.30932          1     0.0413     1.5073      63.87     0.3121     0.1749  1.000e-12  0.5039000    11.9492    11.9487    -0.0005     9.3472     9.3468    131.725    134.505      0.976    1450.32    1450.32  0.000e+00
      51555    133.500     6.5651     6.5642    -0.0009    1.30655    1.30624          1     0.0408     1.4994      62.94     0.3241     0.2028  1.000e-12  0.5031000    11.9254    11.9226    -0.0027     9.3293     9.3273    132.220    135.010      0.479    1450.25    1450.24  0.000e+00
      51608    134.000     6.5660     6.5634    -0.0026    1.30669    1.30560          1     0.0383     1.4928      62.02     0.3219     0.1770  1.000e-12  0.5088000    11.9263    11.9165    -0.0098     9.3300     9.3225    132.715    135.515      0.707    1450.26    1450.24  0.000e+00
      51620    134.500     6.5720     6.5785     0.0064    1.30846    1.31036          1     0.0391     1.4939      61.68     0.3241     0.1961  1.000e-12  0.5106000    11.9416    11.9581     0.0165     9.3416     9.3541    133.210    136.019      0.872    1450.32    1450.36  0.000e+00
      51633    135.000     6.5851     6.5855     0.0004    1.31280    1.31270          1     0.0377     1.4933      61.37     0.3222     0.2489  1.000e-12  0.5132000    11.9798    11.9787    -0.0011     9.3706     9.3697    133.705    136.524      0.874    1450.43    1450.43  0.000e+00
      51647    135.500     6.5969     6.5974     0.0005    1.31510    1.31496          1     0.0385     1.4932      60.93     0.3319     0.2325  1.000e-12  0.4910000    11.9984    11.9968    -0.0016     9.3843     9.3831    134.200    137.028      0.753    1450.51    1450.51  0.000e+00
      51667    136.000     6.5976     6.5986     0.0010    1.31658    1.31648          1     0.0379     1.4900      60.27     0.3345     0.2081  1.000e-12  0.4984000    12.0126    12.0113    -0.0013     9.3954     9.3943    134.695    137.533      0.552    1450.54    1450.54  0.000e+00
      51693    136.500     6.5986     6.5996     0.0010    1.31771    1.31764          1     0.0416     1.4887      59.52     0.3267     0.2036  1.000e-12  0.4924000    12.0234    12.0223    -0.0010     9.4038     9.4029    135.190    138.037      0.436    1450.56    1450.56  0.000e+00
      51720    137.000     6.6009     6.6017     0.0009    1.31877    1.31870          1     0.0393     1.4911      58.90     0.3238     0.1812  1.000e-12  0.4619000    12.0329    12.0319    -0.0010     9.4111     9.4103    135.685    138.542      0.500    1450.59    1450.59  0.000e+00
      51742    137.500     6.6035     6.6042     0.0008    1.31980    1.31976          1     0.0383     1.4889      58.48     0.3318     0.1336  1.000e-12  0.4814000    12.0420    12.0414    -0.0006     9.4181     9.4176    136.180    139.046      0.596    1450.62    1450.62  0.000e+00
      51761    138.000     6.6057     6.6064     0.0007    1.32139    1.32131          1     0.0386     1.4845      58.01     0.3115     0.2453  1.000e-12  0.4611000    12.0569    12.0558    -0.0010     9.4296     9.4287    136.676    139.551      0.609    1450.66    1450.66  0.000e+00
      51782    138.500     6.6068     6.6078     0.0009    1.32317    1.32315          1     0.0373     1.4865      57.52     0.3032     0.2203  1.000e-12  0.4734000    12.0740    12.0735    -0.0005     9.4430     9.4425    137.171    140.055      0.481    1450.69    1450.69  0.000e+00
      51816    139.000     6.6082     6.6095     0.0013    1.32429    1.32414          1     0.0390     1.4887      56.82     0.3252     0.2000  1.000e-12  0.4657000    12.0844    12.0825    -0.0019     9.4510     9.4495    137.666    140.560      0.319    1450.72    1450.72  0.000e+00
      51850    139.500     6.6002     6.6019     0.0018    1.32504    1.32502          1     0.0395     1.4893      56.29     0.3447     0.1795  1.000e-12  0.4806000    12.0946    12.0938    -0.0008     9.4596     9.4588    138.161    141.064      0.552    1450.70    1450.71  0.000e+00
