ctdpy/tests/etc/all_smhi_bas_2018/SBE09_1044_20181109_1959_34_01_0122.cnv
* Sea-Bird SBE 9 Data File:
* FileName = C:\ctd\temp\ar18d122.hex
* Software Version Seasave V 7.26.7.107
* Temperature SN = 5351
* Conductivity SN = 3941
* Number of Bytes Per Scan = 41
* Number of Voltage Words = 4
* Number of Scans Averaged by the Deck Unit = 1
* NMEA Latitude = 57 18.73 N
* NMEA Longitude = 020 04.54 E
* NMEA UTC (Time) = Nov 09 2018  19:59:06
* NMEA baud rate = 4800
** Station:  BY15
** Operator:  A-KTh
** Ship: ARANDA
** Average sound velocity: 1449.43 m/s
** True-depth calculation Sat, 10 Nov 2018 13:04:56 +0000
** CTD Python Module SMHI /ver 3-12/ feb 2012 
** LIMS Job: 20183401-0122
** Cruise: SMHI-6-2018
** Latitude [GG MM.mm N]:
** Longitude [GG MM.mm E]
# nquan = 26
# nvalues = 471                         
# units = specified
# name 0 = scan: Scan Count
# name 1 = prDM: Pressure, Digiquartz [db]
# name 2 = t090C: Temperature [ITS-90, deg C]
# name 3 = t190C: Temperature, 2 [ITS-90, deg C]
# name 4 = T2-T190C: Temperature Difference, 2 - 1 [ITS-90, deg C]
# name 5 = c0S/m: Conductivity [S/m]
# name 6 = c1S/m: Conductivity, 2 [S/m]
# name 7 = pumps: Pump Status
# name 8 = sbeox0ML/L: Oxygen, SBE 43 [ml/l]
# name 9 = sbeox1ML/L: Oxygen, SBE 43, 2 [ml/l]
# name 10 = altM: Altimeter [m]
# name 11 = flECO-AFL: Chl-a Fluorescence, WET Labs ECO-AFL/FL [mg/m^3]
# name 12 = flECO-AFL1: Phycocyanin Fluorescence, WET Labs ECO-AFL/FL, 2 [mg/m^3]
# name 13 = par: PAR/Irradiance, Biospherical/Lico [µE/(cm^2*s)]
# name 14 = turbWETntu0: Turbidity, WET Labs ECO [NTU]
# name 15 = sal00: Salinity, Practical [PSU]
# name 16 = sal11: Salinity, Practical, 2 [PSU]
# name 17 = secS-priS: Salinity, Practical, Difference, 2 - 1 [PSU]
# name 18 = sigma-t00: Density [sigma-t, Kg/m^3 ]
# name 19 = sigma-t11: Density, 2 [sigma-t, Kg/m^3 ]
# name 20 = depSM: Depth [salt water, m], lat = 57.3122
# name 21 = depFM: Depth [true depth, m], lat = 57.3122
# name 22 = dz/dtM: Descent Rate [m/s], WS = 2
# name 23 = svCM: Sound Velocity [Chen-Millero, m/s]
# name 24 = svCM1: Sound Velocity, 2 [Chen-Millero, m/s]
# name 25 = flag: flag
# span 0 =      15937,      27354       
# span 1 =      1.000,    236.000       
# span 2 =     3.4348,     9.0768       
# span 3 =     3.4374,     9.0781       
# span 4 =    -0.0085,     0.0496       
# span 5 =   0.771856,   1.454902       
# span 6 =   0.771851,   1.454903       
# span 7 =          1,          1       
# span 8 =    0.01232,    8.37186       
# span 9 =    0.04449,    8.63097       
# span 10 =       1.86,      98.59      
# span 11 =     0.1827,     0.9787      
# span 12 =     0.1477,     0.3860      
# span 13 = 1.0000e-12, 1.2720e+00      
# span 14 =     0.1120,     0.5453      
# span 15 =     7.0029,    13.2481      
# span 16 =     7.0025,    13.2476      
# span 17 =    -0.0056,     0.0016      
# span 18 =     5.2723,    10.3417      
# span 19 =     5.2719,    10.3412      
# span 20 =      0.991,    233.693      
# span 21 =      1.013,    238.370      
# span 22 =      0.036,      0.588      
# span 23 =    1429.81,    1454.94      
# span 24 =    1429.82,    1454.94      
# span 25 = 0.0000e+00, 0.0000e+00      
# interval = decibars: 0.5              
# start_time = Nov 09 2018 19:59:06 [NMEA time, first data scan]
# bad_flag = -9.990e-29
*END*
[from data line 112]
      18498     57.000     3.4772     3.4801     0.0029    0.77651    0.77650          1     7.5282     7.6674      77.00     0.2365     0.2298  1.000e-12  0.1537000     7.4758     7.4751    -0.0008     5.9538     5.9532     56.467     57.745      0.556    1429.88    1429.89  0.000e+00
      18519     57.500     3.4613     3.4635     0.0022    0.77687    0.77684          1     7.4451     7.5776      86.93     0.2174     0.1956  1.000e-12  0.1510000     7.4831     7.4823    -0.0008     5.9599     5.9593     56.962     58.251      0.563    1429.82    1429.83  0.000e+00
      18540     58.000     3.4603     3.4622     0.0019    0.77736    0.77732          1     7.3783     7.5042      95.19     0.2192     0.1477  1.000e-12  0.1495000     7.4884     7.4875    -0.0008     5.9641     5.9634     57.458     58.757      0.553    1429.83    1429.84  0.000e+00
      18562     58.500     3.4648     3.4663     0.0015    0.77823    0.77819          1     7.3160     7.4643      97.98     0.2209     0.2068  1.000e-12  0.1548000     7.4962     7.4955    -0.0008     5.9703     5.9697     57.953     59.263      0.543    1429.87    1429.88  0.000e+00
      18584     59.000     3.4685     3.4705     0.0020    0.77937    0.77931          1     7.2424     7.4034      97.45     0.2092     0.2491  1.000e-12  0.1563000     7.5071     7.5061    -0.0011     5.9789     5.9781     58.448     59.770      0.542    1429.91    1429.92  0.000e+00
      18606     59.500     3.4522     3.4564     0.0042    0.78085    0.78077          1     7.1510     7.2775      98.06     0.1904     0.2152  1.000e-12  0.1463000     7.5261     7.5244    -0.0018     5.9943     5.9929     58.944     60.276      0.549    1429.87    1429.89  0.000e+00
      18628     60.000     3.4348     3.4374     0.0027    0.78193    0.78190          1     7.0085     7.1555      98.08     0.1827     0.2158  1.000e-12  0.1679000     7.5413     7.5403    -0.0010     6.0067     6.0059     59.439     60.782      0.552    1429.82    1429.83  0.000e+00
      18650     60.500     3.4429     3.4423    -0.0005    0.78374    0.78362          1     6.8557     7.0161      98.13     0.2135     0.2372  1.000e-12  0.1621000     7.5581     7.5569    -0.0011     6.0199     6.0190     59.934     61.288      0.556    1429.88    1429.88  0.000e+00
      18671     61.000     3.5038     3.5015    -0.0022    0.78763    0.78746          1     6.7216     6.8311      81.74     0.2098     0.2586  1.000e-12  0.1612000     7.5841     7.5829    -0.0012     6.0396     6.0387     60.429     61.794      0.556    1430.20    1430.19  0.000e+00
      18693     61.500     3.5284     3.5298     0.0014    0.79075    0.79063          1     6.5557     6.6687      44.13     0.2185     0.2344  1.000e-12  0.1583000     7.6105     7.6089    -0.0016     6.0602     6.0589     60.925     62.301      0.549    1430.36    1430.36  0.000e+00
      18715     62.000     3.5613     3.5566    -0.0046    0.79386    0.79360          1     6.4487     6.5640      97.90     0.2213     0.2335  1.000e-12  0.1585000     7.6348     7.6333    -0.0016     6.0789     6.0778     61.420     62.807      0.550    1430.55    1430.52  0.000e+00
      18737     62.500     3.7105     3.7021    -0.0085    0.80113    0.80080          1     6.3862     6.4788      98.11     0.2158     0.2458  1.000e-12  0.1633000     7.6746     7.6732    -0.0014     6.1076     6.1066     61.915     63.313      0.552    1431.28    1431.24  0.000e+00
      18758     63.000     3.8061     3.8109     0.0048    0.80770    0.80754          1     6.2635     6.3547      98.09     0.2275     0.2396  1.000e-12  0.1736000     7.7195     7.7167    -0.0028     6.1412     6.1389     62.410     63.819      0.548    1431.78    1431.80  0.000e+00
      18780     63.500     3.7289     3.7320     0.0031    0.80914    0.80903          1     6.1188     6.2007      98.07     0.2392     0.2339  1.000e-12  0.1609000     7.7526     7.7507    -0.0019     6.1693     6.1677     62.905     64.325      0.548    1431.48    1431.49  0.000e+00
      18802     64.000     3.8179     3.8142    -0.0036    0.81557    0.81532          1     6.0083     6.0700      98.07     0.2376     0.2259  1.000e-12  0.1607000     7.7973     7.7957    -0.0016     6.2029     6.2016     63.401     64.832      0.553    1431.95    1431.93  0.000e+00
      18824     64.500     3.8504     3.8512     0.0008    0.81957    0.81941          1     5.8914     5.9363      98.05     0.2221     0.1935  1.000e-12  0.1617000     7.8306     7.8288    -0.0018     6.2285     6.2271     63.896     65.338      0.555    1432.15    1432.15  0.000e+00
      18846     65.000     3.8726     3.8729     0.0003    0.82474    0.82446          1     5.7047     5.7690      91.03     0.2375     0.1932  1.000e-12  0.1683000     7.8783     7.8753    -0.0030     6.2659     6.2635     64.391     65.844      0.550    1432.32    1432.32  0.000e+00
      18867     65.500     3.9210     3.9186    -0.0024    0.83635    0.83574          1     5.4496     5.5455      98.01     0.2442     0.2487  1.000e-12  0.1686000     7.9857     7.9800    -0.0056     6.3500     6.3456     64.886     66.350      0.549    1432.68    1432.66  0.000e+00
      18889     66.000     3.9699     3.9692    -0.0008    0.84715    0.84679          1     5.1811     5.3059      98.04     0.2305     0.2142  1.000e-12  0.1620000     8.0844     8.0808    -0.0036     6.4273     6.4244     65.382     66.856      0.547    1433.04    1433.03  0.000e+00
      18911     66.500     4.0017     4.0022     0.0005    0.85370    0.85350          1     4.9481     5.0765      98.01     0.2424     0.1783  1.000e-12  0.1683000     8.1437     8.1415    -0.0021     6.4735     6.4718     65.877     67.362      0.546    1433.26    1433.26  0.000e+00
      18933     67.000     4.0287     4.0290     0.0003    0.85983    0.85966          1     4.7540     4.8813      98.02     0.2557     0.1890  1.000e-12  0.1745000     8.1997     8.1979    -0.0018     6.5172     6.5158     66.372     67.868      0.548    1433.46    1433.46  0.000e+00
      18955     67.500     4.0590     4.0569    -0.0021    0.86494    0.86462          1     4.5935     4.7245      89.10     0.2470     0.2357  1.000e-12  0.1633000     8.2444     8.2417    -0.0027     6.5519     6.5498     66.867     68.374      0.555    1433.67    1433.65  0.000e+00
      18976     68.000     4.1453     4.1429    -0.0024    0.87711    0.87680          1     4.4036     4.5314      75.81     0.2559     0.1804  1.000e-12  0.1719000     8.3473     8.3447    -0.0026     6.6311     6.6291     67.363     68.880      0.561    1434.20    1434.18  0.000e+00
      18998     68.500     4.1763     4.1762    -0.0001    0.88058    0.88043          1     4.2277     4.3507      27.27     0.2665     0.2542  1.000e-12  0.1705000     8.3748     8.3732    -0.0015     6.6520     6.6508     67.858     69.386      0.565    1434.38    1434.37  0.000e+00
      19019     69.000     4.2081     4.2082     0.0001    0.88575    0.88563          1     4.0885     4.2188      26.30     0.2673     0.2713  1.000e-12  0.1673000     8.4195     8.4182    -0.0013     6.6865     6.6854     68.353     69.892      0.557    1434.58    1434.58  0.000e+00
      19041     69.500     4.2444     4.2444     0.0000    0.89165    0.89158          1     3.9345     4.0605      91.08     0.2585     0.2589  1.000e-12  0.1654000     8.4703     8.4696    -0.0007     6.7257     6.7251     68.848     70.397      0.544    1434.82    1434.82  0.000e+00
      19063     70.000     4.2658     4.2662     0.0003    0.89578    0.89567          1     3.7854     3.8974      98.06     0.2491     0.2375  1.000e-12  0.1498000     8.5070     8.5057    -0.0013     6.7541     6.7531     69.344     70.903      0.534    1434.97    1434.97  0.000e+00
      19086     70.500     4.3157     4.3136    -0.0021    0.90175    0.90152          1     3.6269     3.7291      62.89     0.2850     0.1927  1.000e-12  0.1615000     8.5550     8.5531    -0.0019     6.7905     6.7891     69.839     71.409      0.542    1435.26    1435.25  0.000e+00
      19107     71.000     4.4087     4.4057    -0.0030    0.91377    0.91339          1     3.4292     3.5196      59.62     0.2427     0.2331  1.000e-12  0.1664000     8.6531     8.6501    -0.0030     6.8653     6.8630     70.334     71.915      0.560    1435.81    1435.79  0.000e+00
      19129     71.500     4.4816     4.4797    -0.0020    0.92236    0.92208          1     3.2232     3.3216      40.59     0.2525     0.2434  1.000e-12  0.1681000     8.7214     8.7191    -0.0023     6.9168     6.9150     70.829     72.421      0.565    1436.23    1436.22  0.000e+00
      19150     72.000     4.5646     4.5625    -0.0020    0.93444    0.93408          1     2.9865     3.0958      96.78     0.2726     0.2390  1.000e-12  0.1676000     8.8222     8.8191    -0.0031     6.9936     6.9913     71.324     72.926      0.547    1436.73    1436.72  0.000e+00
      19172     72.500     4.6312     4.6288    -0.0024    0.94509    0.94465          1     2.7360     2.8418      98.04     0.2775     0.2347  1.000e-12  0.1693000     8.9125     8.9087    -0.0038     7.0627     7.0597     71.820     73.432      0.532    1437.15    1437.13  0.000e+00
      19195     73.000     4.6944     4.6911    -0.0032    0.95480    0.95435          1     2.4850     2.5958      98.00     0.2672     0.2215  1.000e-12  0.1749000     8.9938     8.9902    -0.0036     7.1246     7.1219     72.315     73.938      0.538    1437.54    1437.52  0.000e+00
      19217     73.500     4.7548     4.7522    -0.0026    0.96418    0.96369          1     2.2724     2.3918      58.50     0.2887     0.1785  1.000e-12  0.1799000     9.0724     9.0682    -0.0043     7.1844     7.1811     72.810     74.444      0.558    1437.92    1437.90  0.000e+00
      19238     74.000     4.8058     4.8054    -0.0005    0.97338    0.97307          1     2.1178     2.2328      20.53     0.3064     0.2210  1.000e-12  0.1745000     9.1516     9.1486    -0.0030     7.2450     7.2426     73.305     74.949      0.562    1438.25    1438.24  0.000e+00
      19260     74.500     4.8383     4.8377    -0.0006    0.97772    0.97746          1     1.9887     2.0961      20.58     0.2851     0.2110  1.000e-12  0.1792000     9.1865     9.1840    -0.0025     7.2712     7.2693     73.801     75.455      0.555    1438.44    1438.44  0.000e+00
      19281     75.000     4.8775     4.8772    -0.0003    0.98460    0.98432          1     1.8486     1.9435      49.37     0.2996     0.1905  1.000e-12  0.1806000     9.2452     9.2425    -0.0028     7.3160     7.3138     74.296     75.960      0.546    1438.70    1438.69  0.000e+00
      19304     75.500     4.9294     4.9277    -0.0018    0.99207    0.99171          1     1.6104     1.7110      19.17     0.3013     0.1945  1.000e-12  0.1773000     9.3061     9.3030    -0.0031     7.3619     7.3595     74.791     76.466      0.544    1439.01    1439.00  0.000e+00
      19325     76.000     5.0281     5.0257    -0.0024    1.00661    1.00618          1     1.2675     1.4161      26.19     0.2964     0.2324  1.000e-12  0.1887000     9.4252     9.4215    -0.0037     7.4516     7.4488     75.286     76.971      0.554    1439.60    1439.59  0.000e+00
      19347     76.500     5.0924     5.0911    -0.0013    1.01680    1.01654          1     1.0038     1.1852      89.28     0.2986     0.2755  1.000e-12  0.2208000     9.5097     9.5074    -0.0023     7.5154     7.5137     75.781     77.477      0.557    1440.00    1439.99  0.000e+00
      19369     77.000     5.1431     5.1419    -0.0011    1.02466    1.02440          1     0.8523     1.0481      97.99     0.3091     0.2100  1.000e-12  0.2731000     9.5744     9.5721    -0.0023     7.5642     7.5624     76.277     77.982      0.550    1440.31    1440.30  0.000e+00
      19391     77.500     5.1708     5.1706    -0.0003    1.02870    1.02855          1     0.7509     0.9483      92.44     0.2968     0.2185  1.000e-12  0.3212000     9.6070     9.6055    -0.0015     7.5886     7.5874     76.772     78.488      0.547    1440.48    1440.48  0.000e+00
      19412     78.000     5.1933     5.1921    -0.0012    1.03136    1.03117          1     0.6710     0.8662      95.27     0.2980     0.2364  1.000e-12  0.2508000     9.6272     9.6256    -0.0015     7.6034     7.6023     77.267     78.993      0.553    1440.61    1440.61  0.000e+00
      19434     78.500     5.2306     5.2291    -0.0015    1.03611    1.03580          1     0.6005     0.8028      43.76     0.2986     0.2312  1.000e-12  0.2278000     9.6642     9.6615    -0.0027     7.6309     7.6288     77.762     79.499      0.546    1440.83    1440.82  0.000e+00
      19457     79.000     5.2688     5.2679    -0.0009    1.04209    1.04182          1     0.5302     0.7405      80.87     0.3047     0.2107  1.000e-12  0.2197000     9.7132     9.7107    -0.0025     7.6676     7.6657     78.257     80.004      0.530    1441.07    1441.06  0.000e+00
      19479     79.500     5.2839     5.2843     0.0004    1.04461    1.04448          1     0.4735     0.6644      97.23     0.3101     0.2189  1.000e-12  0.2268000     9.7340     9.7326    -0.0014     7.6834     7.6822     78.753     80.509      0.542    1441.17    1441.17  0.000e+00
      19501     80.000     5.3144     5.3123    -0.0021    1.04955    1.04912          1     0.4189     0.6021      93.50     0.3062     0.1784  1.000e-12  0.2511000     9.7747     9.7710    -0.0036     7.7139     7.7111     79.248     81.015      0.569    1441.36    1441.34  0.000e+00
      19522     80.500     5.3743     5.3727    -0.0015    1.05785    1.05759          1     0.3573     0.5631      88.98     0.2891     0.2003  1.000e-12  0.2932000     9.8405     9.8383    -0.0022     7.7628     7.7611     79.743     81.520      0.566    1441.71    1441.70  0.000e+00
      19543     81.000     5.3892     5.3893     0.0001    1.06016    1.06002          1     0.2992     0.5127      97.87     0.3110     0.2405  1.000e-12  0.4631000     9.8591     9.8577    -0.0014     7.7767     7.7756     80.238     82.026      0.543    1441.80    1441.80  0.000e+00
      19566     81.500     5.4303     5.4290    -0.0013    1.06455    1.06428          1     0.2567     0.4587      97.97     0.3133     0.2585  1.000e-12  0.4763000     9.8910     9.8887    -0.0023     7.7997     7.7980     80.733     82.531      0.534    1442.03    1442.02  0.000e+00
      19588     82.000     5.4888     5.4845    -0.0043    1.07367    1.07304          1     0.2157     0.4131      96.03     0.3207     0.2322  1.000e-12  0.4583000     9.9650     9.9599    -0.0051     7.8550     7.8512     81.229     83.036      0.548    1442.39    1442.36  0.000e+00
      19610     82.500     5.5651     5.5626    -0.0025    1.08521    1.08478          1     0.1736     0.3744      91.47     0.3269     0.1804  1.000e-12  0.4528000    10.0577    10.0542    -0.0035     7.9239     7.9213     81.724     83.541      0.564    1442.84    1442.82  0.000e+00
      19631     83.000     5.6147     5.6132    -0.0015    1.09241    1.09214          1     0.1303     0.3435      12.43     0.3168     0.2622  1.000e-12  0.4252000    10.1147    10.1125    -0.0022     7.9662     7.9645     82.219     84.047      0.566    1443.13    1443.12  0.000e+00
      19652     83.500     5.6379     5.6383     0.0005    1.09540    1.09533          1     0.0932     0.3177      37.90     0.3062     0.2657  1.000e-12  0.3679000    10.1376    10.1367    -0.0009     7.9829     7.9822     82.714     84.552      0.557    1443.27    1443.27  0.000e+00
      19674     84.000     5.6430     5.6436     0.0005    1.09587    1.09580          1     0.0685     0.2881      98.59     0.3276     0.2401  1.000e-12  0.3525000    10.1407    10.1397    -0.0009     7.9850     7.9843     83.209     85.057      0.550    1443.30    1443.30  0.000e+00
