ctdpy/tests/etc/all_smhi_bas_2018/SBE09_0827_20180127_1007_26_01_0233.cnv
* Sea-Bird SBE 9 Data File:
* FileName = D:\CTD_SBE911\DAT\26DA.2018.1.133.hex
* Software Version Seasave V 7.21d
* Temperature SN = 034757
* Conductivity SN = 041844
* Number of Bytes Per Scan = 48
* Number of Voltage Words = 5
* Number of Scans Averaged by the Deck Unit = 1
* NMEA Latitude = 57 12.63 N
* NMEA Longitude = 012 02.85 E
* NMEA UTC (Time) = Jan 27 2018  10:07:49
* NMEA baud rate = 4800
** Ship: DANA
** Average sound velocity: 1461.67 m/s
** True-depth calculation Thu, 28 Mar 2019 08:32:23 +0000
** CTD Python Module SMHI /ver 3-12/ feb 2012 
** LIMS Job: 20182601-0233
** Inre Værøtuben
** Operator: Ronny Sørensen
** Cruise: 01/2018
# nquan = 26
# nvalues = 58                          
# units = specified
# name 0 = scan: Scan Count
# name 1 = prDM: Pressure, Digiquartz [db]
# name 2 = t090C: Temperature [ITS-90, deg C]
# name 3 = t190C: Temperature, 2 [ITS-90, deg C]
# name 4 = T2-T190C: Temperature Difference, 2 - 1 [ITS-90, deg C]
# name 5 = c0S/m: Conductivity [S/m]
# name 6 = c1S/m: Conductivity, 2 [S/m]
# name 7 = pumps: Pump Status
# name 8 = sbeox1ML/L: Oxygen, SBE 43, 2 [ml/l]
# name 9 = sbeox0ML/L: Oxygen, SBE 43 [ml/l]
# name 10 = altM: Altimeter [m]
# name 11 = chloroflTC0: Chlorophyll, Turner Cyclops [ug/l]
# name 12 = cpar: CPAR/Corrected Irradiance [%]
# name 13 = par: PAR/Irradiance, Biospherical/Lico [µE/(cm^2*s)]
# name 14 = spar: SPAR, Biospherical/Licor
# name 15 = sal00: Salinity, Practical [PSU]
# name 16 = sal11: Salinity, Practical, 2 [PSU]
# name 17 = secS-priS: Salinity, Practical, Difference, 2 - 1 [PSU]
# name 18 = sigma-t00: Density [sigma-t, kg/m^3 ]
# name 19 = sigma-t11: Density, 2 [sigma-t, kg/m^3 ]
# name 20 = depSM: Depth [salt water, m], lat = 57.2105
# name 21 = depFM: Depth [true depth, m], lat = 57.2105
# name 22 = dz/dtM: Descent Rate [m/s], WS = 2
# name 23 = svCM: Sound Velocity [Chen-Millero, m/s]
# name 24 = svCM1: Sound Velocity, 2 [Chen-Millero, m/s]
# name 25 = flag: flag
# span 0 =        430,       3299       
# span 1 =      2.000,     30.500       
# span 2 =     3.3045,     7.4935       
# span 3 =     3.2797,     7.4771       
# span 4 =    -0.2995,     0.0602       
# span 5 =   1.715784,   3.486882       
# span 6 =   1.709841,   3.482802       
# span 7 =          1,          1       
# span 8 =     5.6020,     7.5506       
# span 9 =     5.7239,     7.6429       
# span 10 =       0.02,      10.00      
# span 11 =     0.0220,     0.0943      
# span 12 = 6.3604e-14, 4.3011e+00      
# span 13 = 9.2992e-13, 6.2269e+01      
# span 14 = 1.4461e+03, 1.4724e+03      
# span 15 =    17.7136,    34.0367      
# span 16 =    17.6607,    34.0087      
# span 17 =    -1.5838,     0.0226      
# span 18 =    14.0994,    26.5909      
# span 19 =    14.0586,    26.5712      
# span 20 =      1.982,     30.217      
# span 21 =      2.008,     30.444      
# span 22 =      0.103,      0.272      
# span 23 =    1441.47,    1479.86      
# span 24 =    1441.29,    1479.76      
# span 25 = 0.0000e+00, 0.0000e+00      
# interval = decibars: 0.5              
# start_time = Jan 27 2018 10:07:49 [NMEA time, first data scan]
# bad_flag = -9.990e-29
*END*
        430      2.000     3.4014     3.3951    -0.0063    1.75716    1.75517          1     7.4997     7.3712      10.00     0.0267  4.301e+00  6.227e+01  1.448e+03    18.1255    18.1067    -0.0188    14.4222    14.4076      1.982      2.008      0.249    1442.39    1442.33  0.000e+00
        477      2.500     3.4039     3.4097     0.0057    1.75808    1.76038          1     7.4987     7.4748      10.00     0.0255  3.333e+00  4.823e+01  1.447e+03    18.1343    18.1569     0.0226    14.4291    14.4467      2.477      2.510      0.258    1442.42    1442.47  0.000e+00
        528      3.000     3.3952     3.3986     0.0034    1.75453    1.75650          1     7.5198     7.5646      10.00     0.0269  2.496e+00  3.614e+01  1.448e+03    18.0992    18.1194     0.0202    14.4016    14.4175      2.972      3.012      0.223    1442.34    1442.38  0.000e+00
        578      3.500     3.3947     3.3844    -0.0102    1.75596    1.75188          1     7.5340     7.6200      10.00     0.0277  1.951e+00  2.822e+01  1.446e+03    18.1153    18.0752    -0.0401    14.4144    14.3831      3.468      3.514      0.267    1442.37    1442.27  0.000e+00
        628      4.000     3.4029     3.3976    -0.0054    1.75959    1.75534          1     7.5506     7.6429       9.99     0.0274  1.520e+00  2.199e+01  1.447e+03    18.1513    18.1065    -0.0448    14.4426    14.4073      3.963      4.016      0.221    1442.46    1442.38  0.000e+00
        677      4.500     3.3958     3.3800    -0.0157    1.75628    1.75551          1     7.5438     7.6206       9.99     0.0268  1.175e+00  1.700e+01  1.447e+03    18.1180    18.1181     0.0001    14.4165    14.4173      4.459      4.518      0.272    1442.39    1442.32  0.000e+00
        729      5.000     3.3045     3.2797    -0.0248    1.71578    1.70984          1     7.4583     7.5937       9.98     0.0275  8.932e-01  1.293e+01  1.448e+03    17.7136    17.6607    -0.0529    14.0994    14.0586      4.954      5.020      0.230    1441.47    1441.29  0.000e+00
        774      5.500     3.5563     3.4108    -0.1455    1.82043    1.74231          1     7.4774     7.5200       9.98     0.0281  7.549e-01  1.093e+01  1.448e+03    18.7458    17.9522    -0.7936    14.9069    14.2839      5.449      5.522      0.271    1443.92    1442.26  0.000e+00
        828      6.000     3.8184     3.5449    -0.2732    1.92540    1.80689          1     7.3743     7.4219       9.97     0.0270  5.329e-01  7.717e+00  1.448e+03    19.7661    18.6006    -1.1655    15.7019    14.7923      5.945      6.024      0.220    1446.39    1443.69  0.000e+00
        876      6.500     4.0252     3.7574    -0.2678    2.00399    1.87741          1     7.3394     7.3137       9.97     0.0250  4.460e-01  6.459e+00  1.448e+03    20.5177    19.2655    -1.2522    16.2852    15.3083      6.440      6.525      0.247    1448.26    1445.49  0.000e+00
        929      7.000     4.0948     3.9938    -0.1012    2.03937    1.98126          1     7.2847     7.3128       9.96     0.0254  3.445e-01  4.989e+00  1.448e+03    20.8688    20.2833    -0.5855    16.5590    16.1014      6.935      7.026      0.228    1449.02    1447.83  0.000e+00
        981      7.500     4.1822     4.1063    -0.0760    2.06618    2.03189          1     7.2277     7.3048       9.96     0.0228  2.922e-01  4.235e+00  1.450e+03    21.1122    20.7779    -0.3342    16.7460    16.4862      7.431      7.527      0.229    1449.72    1448.96  0.000e+00
       1032      8.000     4.1913     4.1699    -0.0214    2.08861    2.06346          1     7.1755     7.3142       9.96     0.0224  2.440e-01  3.539e+00  1.450e+03    21.3565    21.0896    -0.2669    16.9389    16.7289      7.926      8.028      0.235    1450.07    1449.64  0.000e+00
       1085      8.500     4.2064     4.1938    -0.0126    2.10094    2.08826          1     7.1961     7.2974       9.96     0.0223  2.057e-01  2.989e+00  1.453e+03    21.4842    21.3508    -0.1335    17.0391    16.9342      8.422      8.529      0.231    1450.31    1450.09  0.000e+00
       1134      9.000     4.2190     4.2054    -0.0136    2.11034    2.09982          1     7.1693     7.2917       9.96     0.0220  1.799e-01  2.618e+00  1.455e+03    21.5807    21.4721    -0.1086    17.1146    17.0296      8.917      9.029      0.244    1450.50    1450.30  0.000e+00
       1186      9.500     4.2363     4.2246    -0.0117    2.11674    2.11049          1     7.1621     7.2820       9.96     0.0225  1.526e-01  2.221e+00  1.456e+03    21.6407    21.5786    -0.0621    17.1610    17.1126      9.412      9.530      0.224    1450.65    1450.53  0.000e+00
       1238     10.000     4.2427     4.2355    -0.0072    2.12169    2.11606          1     7.1997     7.2792       9.96     0.0227  1.335e-01  1.944e+00  1.456e+03    21.6916    21.6334    -0.0582    17.2009    17.1553      9.908     10.031      0.241    1450.76    1450.65  0.000e+00
       1289     10.500     4.2549     4.2453    -0.0096    2.12745    2.12207          1     7.1353     7.2571       9.95     0.0232  1.145e-01  1.666e+00  1.455e+03    21.7478    21.6939    -0.0538    17.2445    17.2025     10.403     10.531      0.221    1450.89    1450.78  0.000e+00
       1343     11.000     4.2806     4.2661    -0.0145    2.14227    2.13151          1     7.1250     7.2375       9.95     0.0231  9.831e-02  1.430e+00  1.454e+03    21.8961    21.7854    -0.1106    17.3601    17.2735     10.898     11.032      0.228    1451.19    1450.99  0.000e+00
       1397     11.500     4.3156     4.2977    -0.0179    2.15982    2.14863          1     7.0933     7.2237       9.95     0.0229  8.328e-02  1.211e+00  1.454e+03    22.0684    21.9554    -0.1130    17.4941    17.4059     11.394     11.533      0.217    1451.57    1451.35  0.000e+00
       1450     12.000     4.3435     4.3315    -0.0120    2.17524    2.16508          1     7.0929     7.2021       9.95     0.0227  6.959e-02  1.012e+00  1.454e+03    22.2218    22.1163    -0.1055    17.6136    17.5309     11.889     12.033      0.234    1451.90    1451.71  0.000e+00
       1504     12.500     4.3690     4.3527    -0.0163    2.19638    2.18195          1     7.0762     7.1893       9.95     0.0226  5.867e-02  8.543e-01  1.456e+03    22.4405    22.2904    -0.1502    17.7849    17.6672     12.385     12.534      0.221    1452.29    1452.03  0.000e+00
       1557     13.000     4.4105     4.3924    -0.0181    2.22790    2.20923          1     7.0566     7.1477       9.95     0.0230  4.901e-02  7.140e-01  1.457e+03    22.7641    22.5679    -0.1962    18.0380    17.8840     12.880     13.034      0.222    1452.89    1452.56  0.000e+00
       1611     13.500     4.4515     4.4258    -0.0257    2.25072    2.23368          1     7.0291     7.1273       9.95     0.0231  4.041e-02  5.893e-01  1.458e+03    22.9906    22.8180    -0.1725    18.2142    18.0795     13.375     13.534      0.231    1453.36    1453.03  0.000e+00
       1666     14.000     4.4619     4.4503    -0.0116    2.26137    2.25046          1     7.0277     7.1138       9.95     0.0228  3.353e-02  4.896e-01  1.460e+03    23.1022    22.9883    -0.1139    18.3018    18.2125     13.871     14.034      0.208    1453.56    1453.36  0.000e+00
       1722     14.500     4.4675     4.4595    -0.0080    2.26974    2.26110          1     7.0384     7.1022       9.95     0.0230  2.768e-02  4.042e-01  1.460e+03    23.1917    23.1006    -0.0911    18.3722    18.3007     14.366     14.534      0.239    1453.70    1453.55  0.000e+00
       1773     15.000     4.3795     4.4396     0.0602    2.29028    2.27342          1     7.0157     7.1145       9.95     0.0232  2.234e-02  3.266e-01  1.462e+03    23.4839    23.2523    -0.2316    18.6105    18.4224     14.861     15.034      0.219    1453.71    1453.67  0.000e+00
       1828     15.500     4.3141     4.3589     0.0447    2.29381    2.28657          1     7.0190     7.1192       9.95     0.0223  1.778e-02  2.600e-01  1.462e+03    23.5700    23.4566    -0.1133    18.6837    18.5905     15.357     15.534      0.235    1453.55    1453.59  0.000e+00
       1880     16.000     4.3937     4.3576    -0.0361    2.33022    2.30285          1     6.9963     7.0752       9.95     0.0225  1.393e-02  2.037e-01  1.462e+03    23.9218    23.6403    -0.2815    18.9562    18.7360     15.852     16.034      0.214    1454.34    1453.83  0.000e+00
       1936     16.500     4.5319     4.4573    -0.0745    2.40130    2.35516          1     6.9499     6.9951       9.95     0.0224  1.034e-02  1.510e-01  1.461e+03    24.6193    24.1558    -0.4635    19.4974    19.1365     16.348     16.534      0.230    1455.83    1454.92  0.000e+00
       1989     17.000     4.5818     4.5386    -0.0432    2.42315    2.39813          1     6.8675     6.9463       9.95     0.0228  7.399e-03  1.081e-01  1.462e+03    24.8273    24.5785    -0.2488    19.6579    19.4645     16.843     17.033      0.212    1456.31    1455.81  0.000e+00
       2042     17.500     4.7863     4.6722    -0.1142    2.49256    2.44534          1     6.8218     6.8514       9.95     0.0232  4.868e-03  7.110e-02  1.460e+03    25.4510    25.0082    -0.4427    20.1339    19.7934     17.338     17.533      0.256    1457.98    1456.93  0.000e+00
       2091     18.000     5.0471     4.9064    -0.1407    2.54654    2.50329          1     6.6510     6.6117       9.95     0.0232  2.482e-03  3.630e-02  1.462e+03    25.8529    25.4788    -0.3741    20.4280    20.1451     17.834     18.032      0.227    1459.58    1458.52  0.000e+00
       2142     18.500     5.5337     5.2570    -0.2768    2.73050    2.59221          1     6.3790     6.3295       9.95     0.0237  7.244e-04  1.061e-02  1.464e+03    27.5074    26.1968    -1.3106    21.6869    20.6798     18.329     18.531      0.257    1463.69    1460.90  0.000e+00
       2190     19.000     6.2905     5.9906    -0.2995    3.02910    2.86166          1     6.2049     6.0490       9.95     0.0258  6.814e-06  9.977e-05  1.464e+03    30.1611    28.5773    -1.5838    23.6963    22.4821     18.824     19.028      0.241    1470.11    1466.91  0.000e+00
       2239     19.500     6.7104     6.5890    -0.1218    3.21906    3.12449          1     5.9999     5.9729       9.95     0.0293  6.360e-14  9.299e-13  1.462e+03    31.8697    30.9443    -0.9254    24.9914    24.2778     19.320     19.526      0.253    1473.93    1472.29  0.000e+00
       2287     20.000     6.7958     6.7276    -0.0680    3.25318    3.21377          1     5.8830     5.9849       9.95     0.0290  6.839e-14  1.000e-12  1.462e+03    32.1636    31.7953    -0.3683    25.2118    24.9306     19.815     20.022      0.243    1474.64    1473.91  0.000e+00
       2335     20.500     6.8651     6.8258    -0.0393    3.27148    3.25116          1     5.8276     5.9696       9.95     0.0286  6.839e-14  1.000e-12  1.462e+03    32.2987    32.1132    -0.1856    25.3093    25.1682     20.310     20.519      0.259    1475.09    1474.70  0.000e+00
       2382     21.000     6.8877     6.8693    -0.0183    3.27758    3.26616          1     5.7958     5.9513       9.95     0.0292  6.839e-14  1.000e-12  1.462e+03    32.3439    32.2363    -0.1076    25.3419    25.2595     20.806     21.016      0.251    1475.24    1475.03  0.000e+00
       2429     21.500     7.0338     6.9703    -0.0635    3.33822    3.29907          1     5.7699     5.8810       9.93     0.0293  6.837e-14  1.000e-12  1.463e+03    32.8678    32.5004    -0.3675    25.7349    25.4541     21.301     21.512      0.260    1476.47    1475.77  0.000e+00
       2475     22.000     7.1656     7.1198    -0.0458    3.37820    3.35082          1     5.7395     5.8221       9.59     0.0298  6.830e-14  1.000e-12  1.464e+03    33.1775    32.9230    -0.2545    25.9607    25.7667     21.796     22.009      0.254    1477.38    1476.88  0.000e+00
       2525     22.500     7.2284     7.2094    -0.0190    3.39993    3.38702          1     5.7132     5.8084       9.11     0.0321  6.823e-14  1.000e-12  1.466e+03    33.3537    33.2314    -0.1223    26.0908    25.9971     22.292     22.505      0.239    1477.85    1477.63  0.000e+00
       2573     23.000     7.2612     7.2372    -0.0239    3.41425    3.40011          1     5.6890     5.8172       8.58     0.0337  6.820e-14  1.000e-12  1.466e+03    33.4776    33.3468    -0.1308    26.1838    26.0841     22.787     23.002      0.252    1478.14    1477.89  0.000e+00
       2623     23.500     7.2990     7.2754    -0.0236    3.42996    3.41712          1     5.6945     5.8296       8.07     0.0337  6.820e-14  1.000e-12  1.466e+03    33.6117    33.4948    -0.1169    26.2840    26.1953     23.282     23.498      0.235    1478.46    1478.23  0.000e+00
       2672     24.000     7.3202     7.2998    -0.0204    3.43503    3.42721          1     5.6561     5.8160       7.56     0.0341  6.818e-14  1.000e-12  1.467e+03    33.6460    33.5807    -0.0653    26.3080    26.2595     23.778     23.994      0.265    1478.59    1478.43  0.000e+00
       2716     24.500     7.3366     7.3116    -0.0250    3.43926    3.43086          1     5.6698     5.8021       7.10     0.0343  6.811e-14  1.000e-12  1.468e+03    33.6757    33.6088    -0.0670    26.3291    26.2799     24.273     24.490      0.261    1478.70    1478.52  0.000e+00
       2764     25.000     7.3430     7.3165    -0.0265    3.44163    3.43313          1     5.6673     5.7951       6.60     0.0347  6.806e-14  1.000e-12  1.469e+03    33.6950    33.6284    -0.0666    26.3434    26.2947     24.768     24.986      0.255    1478.76    1478.58  0.000e+00
       2810     25.500     7.3427     7.3298    -0.0130    3.44334    3.43750          1     5.6743     5.8050       6.10     0.0345  6.801e-14  1.000e-12  1.470e+03    33.7137    33.6628    -0.0509    26.3581    26.3199     25.264     25.483      0.251    1478.79    1478.68  0.000e+00
       2860     26.000     7.3395     7.3342    -0.0054    3.44479    3.44076          1     5.6501     5.8185       5.62     0.0353  6.801e-14  1.000e-12  1.470e+03    33.7323    33.6937    -0.0386    26.3733    26.3436     25.759     25.979      0.244    1478.81    1478.74  0.000e+00
       2907     26.500     7.3385     7.3336    -0.0049    3.44614    3.44301          1     5.6585     5.8238       5.12     0.0349  6.801e-14  1.000e-12  1.470e+03    33.7477    33.7185    -0.0292    26.3855    26.3632     26.254     26.475      0.254    1478.83    1478.78  0.000e+00
       2956     27.000     7.3454     7.3354    -0.0100    3.44785    3.44452          1     5.6856     5.8094       4.62     0.0342  6.801e-14  1.000e-12  1.470e+03    33.7595    33.7330    -0.0265    26.3938    26.3743     26.750     26.971      0.246    1478.88    1478.81  0.000e+00
       3003     27.500     7.3589     7.3471    -0.0118    3.45090    3.44699          1     5.6645     5.8001       4.12     0.0351  6.801e-14  1.000e-12  1.470e+03    33.7791    33.7481    -0.0310    26.4073    26.3846     27.245     27.467      0.262    1478.97    1478.88  0.000e+00
       3048     28.000     7.3835     7.3638    -0.0198    3.45834    3.45130          1     5.6763     5.7689       4.25     0.0382  6.796e-14  1.000e-12  1.471e+03    33.8358    33.7785    -0.0572    26.4484    26.4062     27.740     27.963      0.259    1479.14    1478.99  0.000e+00
       3096     28.500     7.4086     7.3858    -0.0228    3.46595    3.45809          1     5.6657     5.7639       3.47     0.0715  6.792e-14  1.000e-12  1.472e+03    33.8937    33.8305    -0.0631    26.4905    26.4440     28.236     28.460      0.257    1479.32    1479.15  0.000e+00
       3142     29.000     7.4362     7.4213    -0.0149    3.47422    3.46806          1     5.6787     5.7542       2.63     0.0943  6.792e-14  1.000e-12  1.472e+03    33.9561    33.9039    -0.0523    26.5357    26.4967     28.731     28.956      0.242    1479.51    1479.39  0.000e+00
