ctdpy/tests/etc/all_smhi_bas_2018/SBE09_1044_20180924_0440_34_01_0045.cnv
* Sea-Bird SBE 9 Data File:
* FileName = C:\ctd\temp\2018\AR18D045.hex
* Software Version Seasave V 7.26.6.26
* Temperature SN = 5351
* Conductivity SN = 3941
* Number of Bytes Per Scan = 41
* Number of Voltage Words = 4
* Number of Scans Averaged by the Deck Unit = 1
* NMEA Latitude = 58 16.03 N
* NMEA Longitude = 010 43.46 E
* NMEA UTC (Time) = Sep 24 2018  04:40:12
* NMEA baud rate = 4800
** Station:  Å16
** Operator:  Obac
** Ship: ARANDA
** Average sound velocity: 1488.62 m/s
** True-depth calculation Mon, 24 Sep 2018 06:38:13 +0000
** CTD Python Module SMHI /ver 3-12/ feb 2012 
** LIMS Job: 20183401-0045
** Cruise: SMHI-02-2018
** Latitude [GG MM.mm N] :
** Longitude [GG MM.mm E]:
# nquan = 26
# nvalues = 401                         
# units = specified
# name 0 = scan: Scan Count
# name 1 = prDM: Pressure, Digiquartz [db]
# name 2 = t090C: Temperature [ITS-90, deg C]
# name 3 = t190C: Temperature, 2 [ITS-90, deg C]
# name 4 = T2-T190C: Temperature Difference, 2 - 1 [ITS-90, deg C]
# name 5 = c0S/m: Conductivity [S/m]
# name 6 = c1S/m: Conductivity, 2 [S/m]
# name 7 = pumps: Pump Status
# name 8 = sbeox0ML/L: Oxygen, SBE 43 [ml/l]
# name 9 = sbeox1ML/L: Oxygen, SBE 43, 2 [ml/l]
# name 10 = altM: Altimeter [m]
# name 11 = flECO-AFL: Chl-a Fluorescence, WET Labs ECO-AFL/FL [mg/m^3]
# name 12 = flECO-AFL1: Phycocyanin Fluorescence, WET Labs ECO-AFL/FL, 2 [mg/m^3]
# name 13 = par: PAR/Irradiance, Biospherical/Lico [µE/(cm^2*s)]
# name 14 = turbWETntu0: Turbidity, WET Labs ECO [NTU]
# name 15 = sal00: Salinity, Practical [PSU]
# name 16 = sal11: Salinity, Practical, 2 [PSU]
# name 17 = secS-priS: Salinity, Practical, Difference, 2 - 1 [PSU]
# name 18 = sigma-t00: Density [sigma-t, Kg/m^3 ]
# name 19 = sigma-t11: Density, 2 [sigma-t, Kg/m^3 ]
# name 20 = depSM: Depth [salt water, m], lat = 58.2672
# name 21 = depFM: Depth [true depth, m], lat = 58.2672
# name 22 = dz/dtM: Descent Rate [m/s], WS = 2
# name 23 = svCM: Sound Velocity [Chen-Millero, m/s]
# name 24 = svCM1: Sound Velocity, 2 [Chen-Millero, m/s]
# name 25 = flag: flag
# span 0 =       9318,      18366       
# span 1 =      2.000,    202.000       
# span 2 =     6.7818,    14.8450       
# span 3 =     6.7833,    14.8458       
# span 4 =    -0.0181,     0.0556       
# span 5 =   3.527833,   4.233862       
# span 6 =   3.527891,   4.233848       
# span 7 =          1,          1       
# span 8 =    4.70301,    5.82411       
# span 9 =    3.24444,    4.41454       
# span 10 =       2.98,      99.78      
# span 11 =     0.0757,     1.0280      
# span 12 =     0.1377,     0.3521      
# span 13 = 1.0000e-12, 1.8114e+00      
# span 14 =     0.1635,     1.5385      
# span 15 =    33.0684,    35.1153      
# span 16 =    33.0682,    35.1146      
# span 17 =    -0.0148,     0.0096      
# span 18 =    24.7735,    27.5398      
# span 19 =    24.7733,    27.5387      
# span 20 =      1.981,    200.026      
# span 21 =      1.988,    200.389      
# span 22 =      0.012,      1.277      
# span 23 =    1481.19,    1506.30      
# span 24 =    1481.20,    1506.30      
# span 25 = 0.0000e+00, 0.0000e+00      
# interval = decibars: 0.5              
# start_time = Sep 24 2018 04:40:12 [NMEA time, first data scan]
# bad_flag = -9.990e-29
*END*
[from data line 279]
      15646    141.500     7.4337     7.4360     0.0023    3.58199    3.58209          1     5.2304     3.6586      93.46     0.1382     0.1777  1.000e-12  1.4307000    35.0760    35.0748    -0.0012    27.4172    27.4159    140.138    140.416      0.885    1482.74    1482.75  0.000e+00
      15660    142.000     7.4335     7.4347     0.0012    3.58200    3.58203          1     5.2302     3.6568      98.52     0.1382     0.1875  1.000e-12  1.4366000    35.0760    35.0752    -0.0008    27.4172    27.4164    140.633    140.912      0.810    1482.75    1482.76  0.000e+00
      15676    142.500     7.4316     7.4329     0.0013    3.58188    3.58192          1     5.2320     3.6580      98.54     0.1289     0.1957  1.000e-12  1.3957000    35.0765    35.0756    -0.0009    27.4178    27.4169    141.128    141.407      0.660    1482.75    1482.76  0.000e+00
      15699    143.000     7.4315     7.4322     0.0007    3.58190    3.58189          1     5.2332     3.6619      95.71     0.1398     0.2376  1.000e-12  1.3757000    35.0765    35.0757    -0.0008    27.4178    27.4171    141.623    141.903      0.442    1482.76    1482.76  0.000e+00
      15743    143.500     7.4311     7.4347     0.0035    3.58190    3.58209          1     5.2290     3.6647      69.29     0.1531     0.2614  1.000e-12  1.2851000    35.0766    35.0751    -0.0015    27.4180    27.4163    142.118    142.399      0.237    1482.77    1482.78  0.000e+00
      15797    144.000     7.4279     7.4323     0.0044    3.58170    3.58195          1     5.2291     3.6549      99.42     0.1613     0.2066  1.000e-12  1.1957000    35.0775    35.0758    -0.0017    27.4191    27.4171    142.613    142.894      0.520    1482.77    1482.78  0.000e+00
      15812    144.500     7.4220     7.4239     0.0019    3.58134    3.58145          1     5.2315     3.6571      97.51     0.1607     0.1968  1.000e-12  1.3718000    35.0793    35.0785    -0.0008    27.4214    27.4205    143.108    143.390      0.837    1482.75    1482.76  0.000e+00
      15825    145.000     7.4163     7.4197     0.0033    3.58097    3.58114          1     5.2367     3.6549      97.54     0.1533     0.2073  1.000e-12  1.4176000    35.0807    35.0792    -0.0015    27.4234    27.4217    143.603    143.886      0.987    1482.74    1482.75  0.000e+00
      15836    145.500     7.4100     7.4126     0.0026    3.58053    3.58067          1     5.2401     3.6559      97.56     0.1493     0.2100  1.000e-12  1.4688000    35.0821    35.0810    -0.0011    27.4253    27.4241    144.098    144.381      1.031    1482.73    1482.73  0.000e+00
      15847    146.000     7.4071     7.4094     0.0023    3.58032    3.58044          1     5.2407     3.6583      75.01     0.1474     0.2480  1.000e-12  1.4862000    35.0825    35.0815    -0.0010    27.4261    27.4250    144.593    144.877      0.971    1482.72    1482.73  0.000e+00
      15861    146.500     7.4062     7.4078     0.0016    3.58028    3.58035          1     5.2440     3.6624      57.79     0.1479     0.2511  1.000e-12  1.5385000    35.0827    35.0818    -0.0009    27.4264    27.4254    145.088    145.373      0.795    1482.73    1482.73  0.000e+00
      15881    147.000     7.4057     7.4076     0.0019    3.58027    3.58035          1     5.2462     3.6614      90.35     0.1639     0.2623  1.000e-12  1.4222000    35.0828    35.0818    -0.0011    27.4265    27.4254    145.583    145.868      0.506    1482.74    1482.74  0.000e+00
      15912    147.500     7.4049     7.4071     0.0022    3.58023    3.58034          1     5.2446     3.6535      97.73     0.1430     0.2486  1.000e-12  1.3643000    35.0830    35.0819    -0.0011    27.4268    27.4256    146.078    146.364      0.410    1482.74    1482.75  0.000e+00
      15936    148.000     7.4025     7.4045     0.0020    3.58009    3.58018          1     5.2452     3.6505      59.30     0.1607     0.2894  1.000e-12  1.4403000    35.0836    35.0826    -0.0011    27.4276    27.4265    146.573    146.860      0.555    1482.74    1482.75  0.000e+00
      15958    148.500     7.3982     7.4003     0.0020    3.57983    3.57990          1     5.2514     3.6430      55.48     0.1612     0.2274  1.000e-12  1.4480000    35.0848    35.0836    -0.0012    27.4292    27.4279    147.068    147.355      0.448    1482.73    1482.74  0.000e+00
      16016    149.000     7.3977     7.4019     0.0042    3.57982    3.58005          1     5.2533     3.6442      90.51     0.1596     0.2163  1.000e-12  1.1737000    35.0850    35.0832    -0.0018    27.4294    27.4274    147.563    147.851      0.364    1482.74    1482.76  0.000e+00
      16042    149.500     7.3961     7.3978     0.0017    3.57969    3.57977          1     5.2516     3.6314      67.17     0.1618     0.2802  1.000e-12  1.1496000    35.0850    35.0841    -0.0008    27.4296    27.4287    148.058    148.347      0.833    1482.74    1482.75  0.000e+00
      16054    150.000     7.3934     7.3957     0.0023    3.57952    3.57964          1     5.2524     3.6293      55.05     0.1448     0.2072  1.000e-12  1.2584000    35.0856    35.0846    -0.0011    27.4305    27.4293    148.553    148.842      1.085    1482.74    1482.75  0.000e+00
      16064    150.500     7.3933     7.3953     0.0019    3.57953    3.57961          1     5.2532     3.6309      55.11     0.1262     0.1927  1.000e-12  1.3729000    35.0855    35.0845    -0.0011    27.4305    27.4293    149.048    149.338      1.227    1482.75    1482.76  0.000e+00
      16073    151.000     7.3931     7.3947     0.0016    3.57955    3.57958          1     5.2533     3.6300      96.60     0.1260     0.2049  1.000e-12  1.3764000    35.0857    35.0844    -0.0013    27.4306    27.4294    149.543    149.834      1.277    1482.76    1482.76  0.000e+00
      16082    151.500     7.3927     7.3946     0.0019    3.57953    3.57961          1     5.2529     3.6306      98.69     0.1354     0.2916  1.000e-12  1.3495000    35.0858    35.0847    -0.0010    27.4307    27.4296    150.038    150.329      1.235    1482.76    1482.77  0.000e+00
      16092    152.000     7.3913     7.3935     0.0021    3.57943    3.57952          1     5.2520     3.6319      98.70     0.1381     0.2937  1.000e-12  1.3402000    35.0858    35.0846    -0.0012    27.4309    27.4297    150.533    150.825      1.084    1482.77    1482.77  0.000e+00
      16105    152.500     7.3891     7.3912     0.0020    3.57928    3.57936          1     5.2500     3.6341      98.71     0.1425     0.2293  1.000e-12  1.3813000    35.0861    35.0849    -0.0012    27.4315    27.4303    151.028    151.321      0.771    1482.77    1482.77  0.000e+00
      16164    153.000     7.3907     7.3943     0.0036    3.57943    3.57965          1     5.2516     3.6415      73.72     0.1565     0.2270  1.000e-12  1.2977000    35.0859    35.0846    -0.0014    27.4311    27.4296    151.523    151.816      0.518    1482.78    1482.79  0.000e+00
      16213    153.500     7.3877     7.3932     0.0056    3.57921    3.57956          1     5.2541     3.6378      51.31     0.1493     0.2104  1.000e-12  1.2534000    35.0862    35.0845    -0.0017    27.4318    27.4297    152.018    152.312      1.020    1482.78    1482.80  0.000e+00
      16223    154.000     7.3794     7.3842     0.0048    3.57859    3.57890          1     5.2570     3.6357      51.40     0.1490     0.2071  1.000e-12  1.2595000    35.0877    35.0862    -0.0015    27.4342    27.4323    152.513    152.808      1.202    1482.76    1482.77  0.000e+00
      16232    154.500     7.3751     7.3779     0.0028    3.57827    3.57841          1     5.2604     3.6360      74.56     0.1477     0.2167  1.000e-12  1.2990000    35.0883    35.0870    -0.0013    27.4353    27.4338    153.008    153.303      1.265    1482.75    1482.76  0.000e+00
      16241    155.000     7.3677     7.3704     0.0028    3.57766    3.57780          1     5.2612     3.6376      98.36     0.1504     0.2331  1.000e-12  1.3589000    35.0889    35.0876    -0.0012    27.4368    27.4354    153.503    153.799      1.224    1482.73    1482.74  0.000e+00
      16251    155.500     7.3633     7.3653     0.0020    3.57733    3.57741          1     5.2660     3.6412      98.70     0.1504     0.2337  1.000e-12  1.3579000    35.0894    35.0883    -0.0011    27.4378    27.4367    153.998    154.295      1.055    1482.72    1482.73  0.000e+00
      16265    156.000     7.3618     7.3636     0.0018    3.57721    3.57728          1     5.2691     3.6417      98.71     0.1403     0.2242  1.000e-12  1.2613000    35.0894    35.0884    -0.0010    27.4381    27.4370    154.493    154.790      0.696    1482.72    1482.73  0.000e+00
      16323    156.500     7.3713     7.3760     0.0047    3.57801    3.57831          1     5.2592     3.6435      75.66     0.1483     0.2136  1.000e-12  1.0967000    35.0883    35.0869    -0.0015    27.4358    27.4340    154.987    155.286      0.346    1482.77    1482.78  0.000e+00
      16356    157.000     7.3673     7.3724     0.0051    3.57768    3.57804          1     5.2547     3.6388      99.78     0.1633     0.1915  1.000e-12  1.0788000    35.0885    35.0873    -0.0013    27.4366    27.4348    155.482    155.782      0.758    1482.76    1482.78  0.000e+00
      16368    157.500     7.3604     7.3624     0.0019    3.57719    3.57728          1     5.2567     3.6346      98.71     0.1721     0.2167  1.000e-12  1.1090000    35.0899    35.0889    -0.0010    27.4386    27.4375    155.978    156.277      0.955    1482.75    1482.75  0.000e+00
      16379    158.000     7.3596     7.3615     0.0018    3.57714    3.57720          1     5.2600     3.6290      71.50     0.1738     0.2218  1.000e-12  1.1125000    35.0899    35.0887    -0.0012    27.4387    27.4375    156.473    156.773      1.012    1482.75    1482.75  0.000e+00
      16391    158.500     7.3569     7.3584     0.0015    3.57692    3.57696          1     5.2626     3.6252      47.91     0.1515     0.2288  1.000e-12  1.2859000    35.0900    35.0889    -0.0010    27.4392    27.4382    156.967    157.269      0.948    1482.75    1482.75  0.000e+00
      16405    159.000     7.3538     7.3550     0.0012    3.57667    3.57670          1     5.2629     3.6248      46.34     0.1497     0.2325  1.000e-12  1.3014000    35.0902    35.0893    -0.0010    27.4398    27.4389    157.463    157.764      0.743    1482.74    1482.75  0.000e+00
      16429    159.500     7.3519     7.3539     0.0020    3.57653    3.57664          1     5.2672     3.6327      45.63     0.1528     0.2215  1.000e-12  1.2306000    35.0904    35.0894    -0.0009    27.4402    27.4392    157.957    158.260      0.423    1482.74    1482.75  0.000e+00
      16462    160.000     7.3492     7.3493     0.0001    3.57633    3.57625          1     5.2682     3.6338      72.89     0.1578     0.2128  1.000e-12  1.0802000    35.0907    35.0896    -0.0011    27.4408    27.4400    158.452    158.756      0.460    1482.74    1482.74  0.000e+00
      16483    160.500     7.3467     7.3489     0.0022    3.57613    3.57625          1     5.2682     3.6403      43.73     0.1443     0.2509  1.000e-12  1.0951000    35.0907    35.0897    -0.0009    27.4412    27.4401    158.947    159.251      0.603    1482.74    1482.75  0.000e+00
      16502    161.000     7.3440     7.3460     0.0020    3.57595    3.57604          1     5.2694     3.6424      44.01     0.1281     0.1781  1.000e-12  1.0414000    35.0912    35.0901    -0.0011    27.4420    27.4409    159.442    159.747      0.549    1482.74    1482.74  0.000e+00
      16529    161.500     7.3402     7.3431     0.0030    3.57565    3.57581          1     5.2687     3.6418      43.44     0.1736     0.2177  1.000e-12  1.1906000    35.0916    35.0903    -0.0013    27.4429    27.4415    159.937    160.243      0.399    1482.73    1482.74  0.000e+00
      16560    162.000     7.3378     7.3389     0.0012    3.57548    3.57548          1     5.2684     3.6462      42.88     0.1804     0.2490  1.000e-12  0.9941000    35.0919    35.0907    -0.0012    27.4434    27.4423    160.432    160.738      0.523    1482.73    1482.73  0.000e+00
      16578    162.500     7.3306     7.3325     0.0018    3.57494    3.57500          1     5.2722     3.6459      42.61     0.1614     0.2049  1.000e-12  1.0679000    35.0929    35.0917    -0.0012    27.4453    27.4441    160.927    161.234      0.764    1482.72    1482.72  0.000e+00
      16592    163.000     7.3245     7.3268     0.0022    3.57445    3.57457          1     5.2748     3.6458      42.12     0.1478     0.1921  1.000e-12  1.0485000    35.0937    35.0926    -0.0011    27.4467    27.4456    161.422    161.730      0.898    1482.70    1482.71  0.000e+00
      16604    163.500     7.3164     7.3226     0.0062    3.57384    3.57424          1     5.2785     3.6429      41.93     0.1384     0.2194  1.000e-12  1.0353000    35.0948    35.0930    -0.0019    27.4488    27.4465    161.917    162.225      0.924    1482.68    1482.70  0.000e+00
      16617    164.000     7.3046     7.3100     0.0053    3.57292    3.57328          1     5.2853     3.6459      41.38     0.1246     0.2218  1.000e-12  0.9196000    35.0965    35.0950    -0.0016    27.4519    27.4499    162.412    162.721      0.824    1482.65    1482.66  0.000e+00
      16635    164.500     7.2875     7.2909     0.0034    3.57161    3.57182          1     5.3000     3.6612      40.67     0.1287     0.2218  1.000e-12  0.8086000    35.0992    35.0982    -0.0011    27.4564    27.4551    162.907    163.217      0.548    1482.59    1482.60  0.000e+00
      16674    165.000     7.2803     7.3005     0.0202    3.57111    3.57245          1     5.2825     3.6619      39.83     0.1492     0.2580  1.000e-12  0.6644000    35.1009    35.0951    -0.0058    27.4588    27.4513    163.402    163.712      0.273    1482.57    1482.64  0.000e+00
      16707    165.500     7.2387     7.2479     0.0094    3.56739    3.56803          1     5.2802     3.6590      39.50     0.1505     0.2158  1.000e-12  0.8374000    35.1022    35.0999    -0.0023    27.4657    27.4626    163.897    164.208      0.534    1482.42    1482.46  0.000e+00
      16726    166.000     7.2082     7.2124     0.0042    3.56465    3.56494          1     5.2953     3.6665      39.18     0.1504     0.2000  1.000e-12  0.6601000    35.1028    35.1018    -0.0010    27.4705    27.4692    164.392    164.704      0.610    1482.32    1482.33  0.000e+00
      16747    166.500     7.1951     7.1955     0.0004    3.56351    3.56344          1     5.3015     3.6679      38.60     0.1488     0.2220  1.000e-12  0.7334000    35.1034    35.1023    -0.0011    27.4728    27.4719    164.887    165.199      0.538    1482.27    1482.28  0.000e+00
      16772    167.000     7.1870     7.1887     0.0017    3.56282    3.56288          1     5.3016     3.6622      38.07     0.1499     0.2378  1.000e-12  0.7865000    35.1038    35.1027    -0.0011    27.4743    27.4732    165.382    165.695      0.500    1482.25    1482.26  0.000e+00
      16794    167.500     7.1800     7.1829     0.0030    3.56227    3.56244          1     5.3128     3.6622      37.52     0.1497     0.2947  1.000e-12  0.7501000    35.1047    35.1036    -0.0011    27.4760    27.4747    165.877    166.191      0.659    1482.23    1482.24  0.000e+00
      16809    168.000     7.1780     7.1791     0.0011    3.56211    3.56216          1     5.3141     3.6677      37.19     0.1496     0.2478  1.000e-12  0.6973000    35.1047    35.1041    -0.0006    27.4763    27.4757    166.372    166.686      0.785    1482.23    1482.24  0.000e+00
      16824    168.500     7.1727     7.1756     0.0030    3.56171    3.56188          1     5.3139     3.6716      36.68     0.1408     0.2081  1.000e-12  0.7696000    35.1055    35.1043    -0.0011    27.4777    27.4764    166.867    167.182      0.780    1482.22    1482.23  0.000e+00
