ctdpy/tests/etc/all_smhi_bas_2018/SBE09_1044_20181112_0857_34_01_0137.cnv
* Sea-Bird SBE 9 Data File:
* FileName = C:\ctd\temp\ar18d137.hex
* Software Version Seasave V 7.26.7.107
* Temperature SN = 5351
* Conductivity SN = 3941
* Number of Bytes Per Scan = 41
* Number of Voltage Words = 4
* Number of Scans Averaged by the Deck Unit = 1
* NMEA Latitude = 58 20.38 N
* NMEA Longitude = 011 01.64 E
* NMEA UTC (Time) = Nov 12 2018  08:57:19
* NMEA baud rate = 4800
** Station:  A13
** Operator:  A-KTh
** Ship: ARANDA
** Average sound velocity: 1489.60 m/s
** True-depth calculation Mon, 12 Nov 2018 09:50:37 +0000
** CTD Python Module SMHI /ver 3-12/ feb 2012 
** LIMS Job: 20183401-0137
** Cruise: SMHI-6-2018
** Latitude [GG MM.mm N]:
** Longitude [GG MM.mm E]
# nquan = 26
# nvalues = 201                         
# units = specified
# name 0 = scan: Scan Count
# name 1 = prDM: Pressure, Digiquartz [db]
# name 2 = t090C: Temperature [ITS-90, deg C]
# name 3 = t190C: Temperature, 2 [ITS-90, deg C]
# name 4 = T2-T190C: Temperature Difference, 2 - 1 [ITS-90, deg C]
# name 5 = c0S/m: Conductivity [S/m]
# name 6 = c1S/m: Conductivity, 2 [S/m]
# name 7 = pumps: Pump Status
# name 8 = sbeox0ML/L: Oxygen, SBE 43 [ml/l]
# name 9 = sbeox1ML/L: Oxygen, SBE 43, 2 [ml/l]
# name 10 = altM: Altimeter [m]
# name 11 = flECO-AFL: Chl-a Fluorescence, WET Labs ECO-AFL/FL [mg/m^3]
# name 12 = flECO-AFL1: Phycocyanin Fluorescence, WET Labs ECO-AFL/FL, 2 [mg/m^3]
# name 13 = par: PAR/Irradiance, Biospherical/Lico [µE/(cm^2*s)]
# name 14 = turbWETntu0: Turbidity, WET Labs ECO [NTU]
# name 15 = sal00: Salinity, Practical [PSU]
# name 16 = sal11: Salinity, Practical, 2 [PSU]
# name 17 = secS-priS: Salinity, Practical, Difference, 2 - 1 [PSU]
# name 18 = sigma-t00: Density [sigma-t, Kg/m^3 ]
# name 19 = sigma-t11: Density, 2 [sigma-t, Kg/m^3 ]
# name 20 = depSM: Depth [salt water, m], lat = 58.3397
# name 21 = depFM: Depth [true depth, m], lat = 58.3397
# name 22 = dz/dtM: Descent Rate [m/s], WS = 2
# name 23 = svCM: Sound Velocity [Chen-Millero, m/s]
# name 24 = svCM1: Sound Velocity, 2 [Chen-Millero, m/s]
# name 25 = flag: flag
# span 0 =      24582,      29312       
# span 1 =      2.000,    102.000       
# span 2 =     9.2489,    10.6455       
# span 3 =     9.2565,    10.6445       
# span 4 =    -0.1007,     0.0362       
# span 5 =   3.268839,   3.846573       
# span 6 =   3.268896,   3.846705       
# span 7 =          1,          1       
# span 8 =    5.04905,    6.20420       
# span 9 =    4.86043,    5.90685       
# span 10 =      -2.15,      98.03      
# span 11 =     0.0840,     1.4864      
# span 12 =     0.1026,     0.4119      
# span 13 = 1.0000e-12, 8.4877e+01      
# span 14 =     0.3089,     1.7863      
# span 15 =    29.4313,    35.0065      
# span 16 =    29.4312,    35.0032      
# span 17 =    -0.0369,     0.0077      
# span 18 =    22.5879,    27.0829      
# span 19 =    22.5875,    27.0780      
# span 20 =      1.981,    101.027      
# span 21 =      1.992,    101.288      
# span 22 =     -0.140,      1.186      
# span 23 =    1483.56,    1492.65      
# span 24 =    1483.57,    1492.65      
# span 25 = 0.0000e+00, 0.0000e+00      
# interval = decibars: 0.5              
# start_time = Nov 12 2018 08:57:19 [NMEA time, first data scan]
# bad_flag = -9.990e-29
*END*
      24582      2.000    10.1297    10.1298     0.0001    3.26958    3.26957          1     6.1826     5.9012       1.02     1.4864     0.3641  8.488e+01  0.3562000    29.4328    29.4326    -0.0002    22.5879    22.5878      1.981      1.992      0.421    1483.57    1483.57  0.000e+00
      24604      2.500    10.1249    10.1260     0.0011    3.26923    3.26931          1     6.1822     5.9044       1.45     1.3243     0.3329  6.857e+01  0.3689000    29.4330    29.4329    -0.0001    22.5889    22.5886      2.477      2.490      0.445    1483.56    1483.57  0.000e+00
      24703      3.000    10.1283    10.1328     0.0045    3.26952    3.26988          1     6.1978     5.8958       3.51     1.3790     0.3360  6.289e+01  0.3406000    29.4330    29.4328    -0.0002    22.5884    22.5875      2.972      2.988      0.751    1483.58    1483.60  0.000e+00
      24717      3.500    10.1266    10.1277     0.0011    3.26945    3.26950          1     6.1997     5.9018      32.67     1.4169     0.3474  5.353e+01  0.3511000    29.4334    29.4330    -0.0003    22.5889    22.5884      3.467      3.486      0.793    1483.58    1483.59  0.000e+00
      24733      4.000    10.1227    10.1251     0.0023    3.26925    3.26941          1     6.2042     5.9057      81.87     1.4815     0.3487  4.521e+01  0.3713000    29.4344    29.4341    -0.0004    22.5903    22.5897      3.963      3.984      0.654    1483.58    1483.59  0.000e+00
      24760      4.500    10.1210    10.1224     0.0014    3.26904    3.26915          1     6.2027     5.9057      90.44     1.3959     0.3561  3.810e+01  0.3560000    29.4334    29.4335     0.0000    22.5898    22.5897      4.458      4.482      0.346    1483.58    1483.58  0.000e+00
      24811      5.000    10.1203    10.1215     0.0012    3.26884    3.26890          1     6.1823     5.9069      -2.15     1.4568     0.3108  3.955e+01  0.3477000    29.4319    29.4315    -0.0004    22.5887    22.5882      4.953      4.980      0.279    1483.58    1483.59  0.000e+00
      24839      5.500    10.1206    10.1217     0.0012    3.26893    3.26900          1     6.1851     5.9013      49.84     1.4291     0.3138  3.624e+01  0.3596000    29.4324    29.4322    -0.0002    22.5891    22.5887      5.449      5.478      0.686    1483.59    1483.60  0.000e+00
      24854      6.000    10.1206    10.1218     0.0011    3.26885    3.26894          1     6.1811     5.9011      97.58     1.3378     0.3390  3.142e+01  0.3612000    29.4313    29.4312    -0.0000    22.5882    22.5880      5.944      5.976      0.933    1483.60    1483.60  0.000e+00
      24865      6.500    10.1206    10.1215     0.0010    3.26890    3.26894          1     6.1750     5.9015      95.45     1.3392     0.3389  2.722e+01  0.3606000    29.4316    29.4313    -0.0004    22.5885    22.5881      6.440      6.474      1.036    1483.61    1483.61  0.000e+00
      24876      7.000    10.1204    10.1214     0.0011    3.26901    3.26898          1     6.1704     5.9028      90.55     1.4617     0.4048  2.380e+01  0.3810000    29.4327    29.4316    -0.0012    22.5894    22.5883      6.935      6.972      0.997    1483.62    1483.62  0.000e+00
      24888      7.500    10.1203    10.1214     0.0011    3.26943    3.26954          1     6.1744     5.9046      97.04     1.4836     0.4119  2.044e+01  0.3844000    29.4367    29.4370     0.0003    22.5925    22.5925      7.430      7.470      0.784    1483.63    1483.63  0.000e+00
      24933      8.000    10.1206    10.1216     0.0010    3.26980    3.26971          1     6.1802     5.9000      94.39     1.4505     0.4058  1.903e+01  0.3875000    29.4400    29.4383    -0.0017    22.5950    22.5935      7.925      7.968      0.429    1483.64    1483.64  0.000e+00
      24983      8.500    10.1212    10.1222     0.0011    3.27179    3.27149          1     6.1799     5.8868      90.03     1.3793     0.3011  1.922e+01  0.3466000    29.4592    29.4553    -0.0039    22.6099    22.6067      8.421      8.466      0.809    1483.68    1483.68  0.000e+00
      24994      9.000    10.1218    10.1230     0.0012    3.27541    3.27548          1     6.1771     5.8857      90.07     1.3826     0.2951  1.703e+01  0.3506000    29.4946    29.4943    -0.0003    22.6374    22.6369      8.916      8.964      0.948    1483.73    1483.73  0.000e+00
      25006      9.500    10.1217    10.1228     0.0011    3.27746    3.27770          1     6.1693     5.8839      89.81     1.4614     0.2950  1.515e+01  0.4011000    29.5148    29.5163     0.0015    22.6531    22.6541      9.411      9.462      0.930    1483.76    1483.77  0.000e+00
      25020     10.000    10.1213    10.1226     0.0012    3.27926    3.27928          1     6.1586     5.8858      94.13     1.4359     0.2971  1.355e+01  0.4012000    29.5329    29.5322    -0.0007    22.6673    22.6665      9.907      9.960      0.776    1483.79    1483.79  0.000e+00
      25040     10.500    10.1213    10.1225     0.0012    3.27969    3.27975          1     6.1500     5.8840      51.01     1.3307     0.3244  1.210e+01  0.3988000    29.5371    29.5367    -0.0003    22.6705    22.6701     10.402     10.458      0.515    1483.80    1483.81  0.000e+00
      25070     11.000    10.1223    10.1232     0.0009    3.28149    3.28134          1     6.1570     5.8769      91.35     1.2675     0.2983  1.099e+01  0.3606000    29.5539    29.5518    -0.0022    22.6835    22.6817     10.898     10.956      0.394    1483.84    1483.84  0.000e+00
      25097     11.500    10.1301    10.1306     0.0006    3.28702    3.28672          1     6.1346     5.8578      88.54     1.2015     0.3151  9.980e+00  0.3651000    29.6026    29.5991    -0.0035    22.7202    22.7174     11.393     11.454      0.501    1483.93    1483.93  0.000e+00
      25119     12.000    10.1418    10.1433     0.0015    3.29291    3.29288          1     6.1009     5.8262      85.55     1.2278     0.3298  9.219e+00  0.3926000    29.6515    29.6501    -0.0015    22.7564    22.7550     11.888     11.952      0.559    1484.04    1484.04  0.000e+00
      25141     12.500    10.1468    10.1450    -0.0019    3.29559    3.29489          1     6.0942     5.8240      86.60     1.2020     0.3032  8.470e+00  0.3599000    29.6739    29.6685    -0.0054    22.7730    22.7691     12.383     12.450      0.561    1484.10    1484.08  0.000e+00
      25162     13.000    10.1683    10.1648    -0.0035    3.30244    3.30085          1     6.0819     5.8159      79.40     1.0176     0.3112  7.761e+00  0.3544000    29.7244    29.7115    -0.0129    22.8089    22.7994     12.879     12.948      0.605    1484.24    1484.22  0.000e+00
      25180     13.500    10.2326    10.2224    -0.0102    3.33097    3.32642          1     6.0471     5.7825      98.03     0.9548     0.3035  6.947e+00  0.3436000    29.9557    29.9188    -0.0369    22.9786    22.9516     13.374     13.446      0.683    1484.76    1484.68  0.000e+00
      25197     14.000    10.2724    10.2740     0.0017    3.36318    3.36004          1     6.0192     5.7635      97.57     0.8859     0.2645  6.248e+00  0.3294000    30.2435    30.2109    -0.0327    23.1963    23.1706     13.869     13.944      0.652    1485.27    1485.23  0.000e+00
      25219     14.500    10.2516    10.2576     0.0060    3.37310    3.37377          1     5.9812     5.7408      82.15     0.6884     0.2968  5.733e+00  0.3089000    30.3596    30.3613     0.0017    23.2902    23.2905     14.365     14.441      0.440    1485.34    1485.36  0.000e+00
      25261     15.000    10.2200    10.2282     0.0083    3.38170    3.38209          1     6.0027     5.7176      84.44     0.7928     0.2974  5.608e+00  0.3590000    30.4717    30.4687    -0.0030    23.3827    23.3790     14.860     14.939      0.313    1485.37    1485.40  0.000e+00
      25286     15.500    10.2264    10.2253    -0.0011    3.41155    3.40881          1     6.0107     5.7266      83.60     0.8542     0.2955  5.337e+00  0.3390000    30.7645    30.7381    -0.0265    23.6098    23.5893     15.355     15.437      0.730    1485.75    1485.72  0.000e+00
      25299     16.000    10.2729    10.2691    -0.0035    3.43617    3.43480          1     5.9774     5.7103      83.20     0.8833     0.2470  4.917e+00  0.3355000    30.9709    30.9605    -0.0104    23.7629    23.7555     15.851     15.934      0.914    1486.18    1486.15  0.000e+00
      25311     16.500    10.3131    10.3114    -0.0021    3.45736    3.45510          1     5.9501     5.6938      82.82     0.8708     0.2535  4.531e+00  0.3915000    31.1482    31.1272    -0.0210    23.8944    23.8783     16.346     16.431      0.958    1486.55    1486.52  0.000e+00
      25323     17.000    10.3208    10.3239     0.0031    3.50754    3.50575          1     5.9368     5.6838      82.34     0.8708     0.3078  4.151e+00  0.3961000    31.6437    31.6230    -0.0208    24.2792    24.2625     16.841     16.929      0.865    1487.19    1487.17  0.000e+00
      25340     17.500    10.2953    10.2990     0.0036    3.54129    3.54010          1     5.9394     5.6852      81.75     0.7611     0.2908  3.804e+00  0.4231000    32.0042    31.9890    -0.0152    24.5644    24.5519     17.337     17.426      0.630    1487.54    1487.53  0.000e+00
      25369     18.000    10.2781    10.2807     0.0026    3.55096    3.55009          1     5.9647     5.6963      81.14     0.6632     0.2664  3.526e+00  0.3941000    32.1163    32.1052    -0.0111    24.6547    24.6456     17.832     17.923      0.353    1487.62    1487.62  0.000e+00
      25404     18.500    10.2702    10.2724     0.0022    3.56191    3.56234          1     5.9906     5.7106      81.17     0.6538     0.2657  3.385e+00  0.3728000    32.2332    32.2355     0.0023    24.7471    24.7486     18.327     18.420      0.446    1487.74    1487.75  0.000e+00
      25426     19.000    10.2695    10.2696     0.0002    3.56439    3.56401          1     5.9754     5.7149      80.51     0.6641     0.2768  3.144e+00  0.3799000    32.2585    32.2546    -0.0039    24.7670    24.7639     18.823     18.917      0.633    1487.78    1487.77  0.000e+00
      25443     19.500    10.2677    10.2705     0.0028    3.56829    3.56792          1     5.9744     5.7225      79.99     0.6632     0.2832  2.926e+00  0.4159000    32.2991    32.2929    -0.0063    24.7990    24.7936     19.318     19.414      0.717    1487.83    1487.83  0.000e+00
      25459     20.000    10.2618    10.2631     0.0013    3.57310    3.57293          1     5.9766     5.7261      79.68     0.6804     0.2953  2.733e+00  0.4199000    32.3525    32.3497    -0.0028    24.8416    24.8392     19.813     19.911      0.750    1487.88    1487.88  0.000e+00
      25475     20.500    10.2602    10.2615     0.0013    3.57548    3.57549          1     5.9729     5.7231      79.25     0.7000     0.2950  2.543e+00  0.4255000    32.3777    32.3765    -0.0011    24.8615    24.8604     20.308     20.408      0.750    1487.91    1487.92  0.000e+00
      25491     21.000    10.2576    10.2587     0.0011    3.57641    3.57644          1     5.9798     5.7193      78.65     0.6686     0.2929  2.337e+00  0.4112000    32.3891    32.3884    -0.0007    24.8708    24.8701     20.804     20.905      0.687    1487.93    1487.93  0.000e+00
      25510     21.500    10.2566    10.2583     0.0017    3.57972    3.57916          1     5.9816     5.7196      78.16     0.6695     0.2525  2.160e+00  0.4474000    32.4231    32.4161    -0.0071    24.8975    24.8917     21.299     21.402      0.534    1487.97    1487.97  0.000e+00
      25539     22.000    10.2535    10.2551     0.0015    3.58136    3.58125          1     5.9795     5.7217      77.59     0.6623     0.2916  2.058e+00  0.4370000    32.4422    32.4397    -0.0024    24.9129    24.9107     21.794     21.898      0.413    1487.99    1488.00  0.000e+00
      25565     22.500    10.2568    10.2576     0.0008    3.58361    3.58341          1     5.9914     5.7209      77.27     0.6747     0.2800  1.974e+00  0.4044000    32.4617    32.4590    -0.0027    24.9276    24.9253     22.290     22.395      0.593    1488.04    1488.04  0.000e+00
      25582     23.000    10.2749    10.2787     0.0037    3.59043    3.59153          1     5.9878     5.7208      77.01     0.6868     0.2804  1.808e+00  0.4171000    32.5139    32.5216     0.0077    24.9652    24.9705     22.785     22.892      0.758    1488.17    1488.20  0.000e+00
      25597     23.500    10.2904    10.2909     0.0005    3.59576    3.59564          1     5.9821     5.7134      76.69     0.6754     0.2804  1.654e+00  0.4569000    32.5535    32.5518    -0.0017    24.9934    24.9920     23.280     23.389      0.797    1488.29    1488.29  0.000e+00
      25612     24.000    10.3030    10.3023    -0.0008    3.60031    3.59985          1     5.9741     5.7058      76.31     0.6542     0.2804  1.506e+00  0.4463000    32.5877    32.5838    -0.0039    25.0180    25.0151     23.776     23.886      0.704    1488.38    1488.37  0.000e+00
      25633     24.500    10.3126    10.3134     0.0007    3.60477    3.60474          1     5.9622     5.6951      75.83     0.6333     0.2636  1.382e+00  0.4403000    32.6238    32.6228    -0.0010    25.0445    25.0436     24.271     24.383      0.454    1488.47    1488.47  0.000e+00
      25672     25.000    10.3156    10.3158     0.0003    3.60807    3.60720          1     5.9611     5.6847      75.06     0.6328     0.2559  1.350e+00  0.4179000    32.6541    32.6451    -0.0090    25.0676    25.0605     24.766     24.880      0.347    1488.52    1488.51  0.000e+00
      25696     25.500    10.3139    10.3156     0.0017    3.61501    3.61402          1     5.9607     5.6909      74.83     0.6273     0.2668  1.281e+00  0.3955000    32.7252    32.7137    -0.0115    25.1234    25.1141     25.261     25.376      0.727    1488.61    1488.60  0.000e+00
      25710     26.000    10.3117    10.3129     0.0011    3.62397    3.62361          1     5.9506     5.6922      74.68     0.6266     0.2375  1.181e+00  0.4008000    32.8172    32.8126    -0.0046    25.1954    25.1916     25.757     25.873      0.892    1488.72    1488.72  0.000e+00
      25722     26.500    10.3127    10.3138     0.0011    3.63019    3.63015          1     5.9454     5.6944      74.27     0.6143     0.2250  1.072e+00  0.4520000    32.8787    32.8772    -0.0015    25.2432    25.2419     26.252     26.370      0.905    1488.81    1488.81  0.000e+00
      25736     27.000    10.3134    10.3145     0.0011    3.63342    3.63354          1     5.9515     5.6944      73.97     0.6128     0.2516  9.897e-01  0.4542000    32.9105    32.9106     0.0001    25.2679    25.2678     26.747     26.867      0.780    1488.86    1488.86  0.000e+00
      25755     27.500    10.3138    10.3149     0.0011    3.63489    3.63482          1     5.9603     5.6954      73.59     0.6022     0.2792  9.049e-01  0.4537000    32.9246    32.9229    -0.0017    25.2788    25.2773     27.243     27.363      0.532    1488.89    1488.89  0.000e+00
      25784     28.000    10.3128    10.3140     0.0013    3.63902    3.63777          1     5.9591     5.6885      73.43     0.5836     0.2765  8.455e-01  0.4249000    32.9670    32.9533    -0.0137    25.3120    25.3011     27.738     27.860      0.420    1488.94    1488.93  0.000e+00
      25810     28.500    10.3077    10.3089     0.0012    3.64595    3.64605          1     5.9623     5.6884      73.37     0.6044     0.2341  7.965e-01  0.4240000    33.0412    33.0411    -0.0001    25.3707    25.3705     28.233     28.357      0.508    1489.02    1489.02  0.000e+00
      25832     29.000    10.3033    10.3042     0.0009    3.64723    3.64735          1     5.9668     5.7007      72.92     0.6028     0.2392  7.318e-01  0.4381000    33.0579    33.0583     0.0004    25.3845    25.3847     28.728     28.853      0.574    1489.03    1489.04  0.000e+00
