ctdpy/tests/etc/all_smhi_bas_2018/SBE09_0827_20181124_1258_26_01_1236.cnv
* Sea-Bird SBE 9 Data File:
* FileName = D:\CTD_SBE911\DAT\26DA.2018.12.36.hex
* Software Version Seasave V 7.21d
* Temperature SN = 4548
* Conductivity SN = 3062
* Number of Bytes Per Scan = 48
* Number of Voltage Words = 5
* Number of Scans Averaged by the Deck Unit = 1
* NMEA Latitude = 58 02.51 N
* NMEA Longitude = 019 30.21 E
* NMEA UTC (Time) = Nov 24 2018  12:58:49
* NMEA baud rate = 4800
** Ship: DANA
** Average sound velocity: 1443.12 m/s
** True-depth calculation Tue, 02 Apr 2019 12:14:12 +0000
** CTD Python Module SMHI /ver 3-12/ feb 2012 
** LIMS Job: 20182601-1236
** Operator: Ronny
** Cruise: 12/2018
# nquan = 26
# nvalues = 201                         
# units = specified
# name 0 = scan: Scan Count
# name 1 = prDM: Pressure, Digiquartz [db]
# name 2 = t090C: Temperature [ITS-90, deg C]
# name 3 = t190C: Temperature, 2 [ITS-90, deg C]
# name 4 = T2-T190C: Temperature Difference, 2 - 1 [ITS-90, deg C]
# name 5 = c0S/m: Conductivity [S/m]
# name 6 = c1S/m: Conductivity, 2 [S/m]
# name 7 = pumps: Pump Status
# name 8 = sbeox1ML/L: Oxygen, SBE 43, 2 [ml/l]
# name 9 = sbeox0ML/L: Oxygen, SBE 43 [ml/l]
# name 10 = altM: Altimeter [m]
# name 11 = chloroflTC0: Chlorophyll, Turner Cyclops [ug/l]
# name 12 = cpar: CPAR/Corrected Irradiance [%]
# name 13 = par: PAR/Irradiance, Biospherical/Lico [µE/(cm^2*s)]
# name 14 = spar: SPAR, Biospherical/Licor
# name 15 = sal00: Salinity, Practical [PSU]
# name 16 = sal11: Salinity, Practical, 2 [PSU]
# name 17 = secS-priS: Salinity, Practical, Difference, 2 - 1 [PSU]
# name 18 = sigma-t00: Density [sigma-t, kg/m^3 ]
# name 19 = sigma-t11: Density, 2 [sigma-t, kg/m^3 ]
# name 20 = depSM: Depth [salt water, m], lat = 58.0418
# name 21 = depFM: Depth [true depth, m], lat = 58.0418
# name 22 = dz/dtM: Descent Rate [m/s], WS = 2
# name 23 = svCM: Sound Velocity [Chen-Millero, m/s]
# name 24 = svCM1: Sound Velocity, 2 [Chen-Millero, m/s]
# name 25 = flag: flag
# span 0 =        415,       9919       
# span 1 =      1.000,    101.000       
# span 2 =     3.9031,     8.4028       
# span 3 =     3.8857,     8.4066       
# span 4 =    -0.4999,     0.0696       
# span 5 =   0.792653,   1.272241       
# span 6 =   0.792269,   1.272573       
# span 7 =          1,          1       
# span 8 =     0.0930,     7.4595       
# span 9 =     0.0404,     7.6924       
# span 10 =       1.43,       9.98      
# span 11 =     0.0159,     0.0202      
# span 12 = -2.275e-05, 7.7007e+00      
# span 13 = -1.525e-05, 5.1739e+00      
# span 14 = 6.1155e+01, 7.1120e+01      
# span 15 =     6.8624,    11.6542      
# span 16 =     6.8623,    11.6554      
# span 17 =    -0.0277,     0.0841      
# span 18 =     5.2343,     9.1293      
# span 19 =     5.2342,     9.1298      
# span 20 =      0.991,    100.039      
# span 21 =      1.013,    102.222      
# span 22 =      0.190,      0.318      
# span 23 =    1432.02,    1449.95      
# span 24 =    1431.94,    1449.95      
# span 25 = 0.0000e+00, 0.0000e+00      
# interval = decibars: 0.5              
# start_time = Nov 24 2018 12:58:50 [NMEA time, first data scan]
# bad_flag = -9.990e-29
*END*
[from data line 168]
       8395     85.000     5.5170     5.5120    -0.0049    1.09696    1.09625          1     0.1047     0.0640       9.96     0.0159  1.448e-12  1.000e-12  6.905e+01    10.1894    10.1838    -0.0056     8.0305     8.0264     84.195     86.062      0.221    1442.84    1442.81  0.000e+00
       8446     85.500     5.5255     5.5217    -0.0037    1.09863    1.09793          1     0.1072     0.0627       9.96     0.0160  1.448e-12  1.000e-12  6.905e+01    10.2035    10.1976    -0.0059     8.0412     8.0368     84.690     86.567      0.260    1442.90    1442.88  0.000e+00
       8495     86.000     5.5382     5.5325    -0.0059    1.10081    1.09979          1     0.1067     0.0590       9.96     0.0161  1.448e-12  1.000e-12  6.905e+01    10.2214    10.2129    -0.0085     8.0546     8.0482     85.185     87.072      0.224    1442.99    1442.95  0.000e+00
       8545     86.500     5.5810     5.5691    -0.0119    1.10839    1.10612          1     0.1030     0.0591       9.96     0.0163  1.448e-12  1.000e-12  6.905e+01    10.2843    10.2651    -0.0191     8.1018     8.0874     85.680     87.578      0.279    1443.26    1443.18  0.000e+00
       8592     87.000     5.6083     5.5999    -0.0084    1.11358    1.11187          1     0.1051     0.0564       9.96     0.0160  1.446e-12  1.000e-12  6.915e+01    10.3278    10.3132    -0.0146     8.1346     8.1235     86.175     88.083      0.222    1443.44    1443.38  0.000e+00
       8643     87.500     5.6290     5.6236    -0.0054    1.11737    1.11666          1     0.1043     0.0563       9.96     0.0163  1.446e-12  1.000e-12  6.915e+01    10.3593    10.3538    -0.0055     8.1582     8.1542     86.670     88.588      0.285    1443.58    1443.54  0.000e+00
       8686     88.000     5.6305     5.6262    -0.0042    1.11777    1.11716          1     0.1055     0.0582       9.96     0.0165  1.424e-12  1.000e-12  7.023e+01    10.3628    10.3579    -0.0048     8.1609     8.1573     87.166     89.093      0.244    1443.59    1443.57  0.000e+00
       8737     88.500     5.6328     5.6310    -0.0017    1.11812    1.11792          1     0.1046     0.0564       9.96     0.0163  1.436e-12  1.000e-12  6.966e+01    10.3654    10.3640    -0.0014     8.1629     8.1618     87.661     89.598      0.266    1443.61    1443.61  0.000e+00
       8781     89.000     5.6342     5.6318    -0.0023    1.11834    1.11809          1     0.1014     0.0550       9.96     0.0160  1.409e-12  1.000e-12  7.098e+01    10.3672    10.3653    -0.0019     8.1642     8.1628     88.156     90.103      0.261    1443.63    1443.62  0.000e+00
       8828     89.500     5.6344     5.6330    -0.0013    1.11833    1.11825          1     0.0997     0.0531       9.96     0.0163  1.408e-12  1.000e-12  7.103e+01    10.3669    10.3665    -0.0004     8.1640     8.1637     88.651     90.608      0.256    1443.64    1443.63  0.000e+00
       8875     90.000     5.6340     5.6340    -0.0000    1.11827    1.11836          1     0.1016     0.0538       9.96     0.0163  1.407e-12  1.000e-12  7.108e+01    10.3663    10.3672     0.0009     8.1635     8.1642     89.146     91.114      0.263    1443.65    1443.65  0.000e+00
       8919     90.500     5.6410     5.6371    -0.0039    1.11948    1.11882          1     0.1077     0.0515       9.96     0.0161  1.407e-12  1.000e-12  7.108e+01    10.3762    10.3707    -0.0055     8.1709     8.1668     89.641     91.619      0.271    1443.70    1443.67  0.000e+00
       8964     91.000     5.6539     5.6514    -0.0025    1.12214    1.12150          1     0.0982     0.0525       9.96     0.0161  1.407e-12  1.000e-12  7.108e+01    10.3987    10.3932    -0.0056     8.1879     8.1837     90.137     92.124      0.258    1443.79    1443.77  0.000e+00
       9012     91.500     5.6766     5.6758    -0.0009    1.12615    1.12568          1     0.1024     0.0514       9.96     0.0160  1.407e-12  1.000e-12  7.108e+01    10.4317    10.4273    -0.0044     8.2126     8.2092     90.632     92.629      0.251    1443.94    1443.93  0.000e+00
       9059     92.000     5.6865     5.6873     0.0008    1.12767    1.12778          1     0.0986     0.0504       9.96     0.0163  1.407e-12  1.000e-12  7.108e+01    10.4438    10.4447     0.0009     8.2216     8.2222     91.127     93.134      0.266    1444.00    1444.01  0.000e+00
       9103     92.500     5.7126     5.7133     0.0008    1.13225    1.13226          1     0.0994     0.0472       9.96     0.0162  1.407e-12  1.000e-12  7.108e+01    10.4814    10.4812    -0.0002     8.2497     8.2495     91.622     93.639      0.255    1444.17    1444.17  0.000e+00
       9152     93.000     5.7562     5.7603     0.0041    1.13964    1.13975          1     0.0959     0.0494       9.81     0.0161  1.407e-12  1.000e-12  7.108e+01    10.5416    10.5414    -0.0003     8.2946     8.2941     92.117     94.144      0.259    1444.44    1444.46  0.000e+00
       9196     93.500     5.7800     5.7801     0.0001    1.14353    1.14349          1     0.0979     0.0484       9.29     0.0161  1.407e-12  1.000e-12  7.108e+01    10.5729    10.5725    -0.0004     8.3179     8.3175     92.612     94.649      0.263    1444.59    1444.59  0.000e+00
       9243     94.000     5.7853     5.7860     0.0007    1.14416    1.14410          1     0.0983     0.0465       8.77     0.0162  1.407e-12  1.000e-12  7.108e+01    10.5775    10.5767    -0.0008     8.3211     8.3204     93.107     95.155      0.262    1444.62    1444.63  0.000e+00
       9289     94.500     5.8076     5.8101     0.0025    1.14750    1.14760          1     0.0965     0.0457       8.25     0.0161  1.407e-12  1.000e-12  7.108e+01    10.6038    10.6040     0.0002     8.3405     8.3405     93.603     95.660      0.257    1444.76    1444.77  0.000e+00
       9335     95.000     5.8988     5.9032     0.0044    1.16414    1.16444          1     0.0938     0.0464       7.72     0.0160  1.407e-12  1.000e-12  7.108e+01    10.7408    10.7425     0.0016     8.4429     8.4439     94.098     96.165      0.258    1445.33    1445.35  0.000e+00
       9383     95.500     5.9427     5.9527     0.0100    1.17266    1.17405          1     0.0977     0.0455       7.20     0.0162  1.407e-12  1.000e-12  7.108e+01    10.8118    10.8223     0.0106     8.4960     8.5037     94.593     96.670      0.252    1445.62    1445.67  0.000e+00
       9427     96.000     5.9782     5.9821     0.0040    1.17896    1.17951          1     0.0934     0.0453       6.70     0.0160  1.407e-12  1.000e-12  7.108e+01    10.8630    10.8672     0.0042     8.5342     8.5372     95.088     97.175      0.279    1445.84    1445.86  0.000e+00
       9473     96.500     6.0267     6.0589     0.0324    1.19075    1.19487          1     0.0936     0.0440       6.15     0.0160  1.407e-12  1.000e-12  7.108e+01    10.9647    10.9953     0.0306     8.6111     8.6331     95.583     97.679      0.245    1446.18    1446.36  0.000e+00
       9521     97.000     6.1100     6.1796     0.0696    1.20688    1.21764          1     0.0936     0.0429       5.64     0.0161  1.407e-12  1.000e-12  7.108e+01    11.0980    11.1821     0.0841     8.7106     8.7722     96.078     98.184      0.276    1446.71    1447.11  0.000e+00
       9564     97.500     6.1970     6.2375     0.0404    1.22581    1.23284          1     0.0947     0.0430       5.11     0.0160  1.407e-12  1.000e-12  7.108e+01    11.2573    11.3137     0.0564     8.8302     8.8718     96.573     98.689      0.258    1447.29    1447.53  0.000e+00
       9616     98.000     6.2277     6.2696     0.0418    1.23220    1.24134          1     0.0931     0.0444       4.57     0.0162  1.407e-12  1.000e-12  7.108e+01    11.3105    11.3873     0.0768     8.8700     8.9275     97.068     99.194      0.246    1447.49    1447.77  0.000e+00
       9659     98.500     6.2629     6.2783     0.0154    1.24068    1.24266          1     0.0941     0.0408       4.07     0.0160  1.407e-12  1.000e-12  7.108e+01    11.3829    11.3973     0.0145     8.9245     8.9348     97.564     99.699      0.281    1447.74    1447.82  0.000e+00
       9706     99.000     6.2735     6.2949     0.0214    1.24287    1.24598          1     0.0934     0.0420       3.53     0.0160  1.407e-12  1.000e-12  7.108e+01    11.4009    11.4247     0.0237     8.9379     8.9552     98.059    100.204      0.241    1447.81    1447.94  0.000e+00
       9752     99.500     6.3145     6.3362     0.0218    1.25192    1.25485          1     0.0941     0.0409       3.02     0.0159  1.407e-12  1.000e-12  7.108e+01    11.4769    11.4986     0.0217     8.9949     9.0104     98.554    100.708      0.290    1448.09    1448.21  0.000e+00
       9794    100.000     6.3292     6.3562     0.0269    1.25496    1.26170          1     0.0930     0.0404       2.50     0.0159  1.407e-12  1.000e-12  7.108e+01    11.5020    11.5597     0.0577     9.0136     9.0570     99.049    101.213      0.252    1448.19    1448.38  0.000e+00
       9862    100.500     6.3617     6.3754     0.0137    1.26617    1.26926          1     0.0930     0.0404       1.96     0.0159  1.406e-12  1.000e-12  7.112e+01    11.6020    11.6279     0.0259     9.0899     9.1094     99.544    101.718      0.218    1448.46    1448.55  0.000e+00
       9919    101.000     6.3850     6.3910     0.0061    1.27224    1.27257          1     0.0938     0.0425       1.43     0.0162  1.407e-12  1.000e-12  7.106e+01    11.6542    11.6554     0.0012     9.1293     9.1298    100.039    102.222      0.195    1448.63    1448.66  0.000e+00
