ctdpy/tests/etc/all_smhi_bas_2018/SBE09_0827_20181123_0903_26_01_1226.cnv
* Sea-Bird SBE 9 Data File:
* FileName = D:\CTD_SBE911\DAT\26DA.2018.12.26.hex
* Software Version Seasave V 7.21d
* Temperature SN = 4548
* Conductivity SN = 3062
* Number of Bytes Per Scan = 48
* Number of Voltage Words = 5
* Number of Scans Averaged by the Deck Unit = 1
* NMEA Latitude = 57 40.19 N
* NMEA Longitude = 019 23.41 E
* NMEA UTC (Time) = Nov 23 2018  09:03:50
* NMEA baud rate = 4800
** Ship: DANA
** Average sound velocity: 1442.94 m/s
** True-depth calculation Tue, 02 Apr 2019 12:13:26 +0000
** CTD Python Module SMHI /ver 3-12/ feb 2012 
** LIMS Job: 20182601-1226
** Operator: Ronny
** Cruise: 12/2018
# nquan = 26
# nvalues = 145                         
# units = specified
# name 0 = scan: Scan Count
# name 1 = prDM: Pressure, Digiquartz [db]
# name 2 = t090C: Temperature [ITS-90, deg C]
# name 3 = t190C: Temperature, 2 [ITS-90, deg C]
# name 4 = T2-T190C: Temperature Difference, 2 - 1 [ITS-90, deg C]
# name 5 = c0S/m: Conductivity [S/m]
# name 6 = c1S/m: Conductivity, 2 [S/m]
# name 7 = pumps: Pump Status
# name 8 = sbeox1ML/L: Oxygen, SBE 43, 2 [ml/l]
# name 9 = sbeox0ML/L: Oxygen, SBE 43 [ml/l]
# name 10 = altM: Altimeter [m]
# name 11 = chloroflTC0: Chlorophyll, Turner Cyclops [ug/l]
# name 12 = cpar: CPAR/Corrected Irradiance [%]
# name 13 = par: PAR/Irradiance, Biospherical/Lico [µE/(cm^2*s)]
# name 14 = spar: SPAR, Biospherical/Licor
# name 15 = sal00: Salinity, Practical [PSU]
# name 16 = sal11: Salinity, Practical, 2 [PSU]
# name 17 = secS-priS: Salinity, Practical, Difference, 2 - 1 [PSU]
# name 18 = sigma-t00: Density [sigma-t, kg/m^3 ]
# name 19 = sigma-t11: Density, 2 [sigma-t, kg/m^3 ]
# name 20 = depSM: Depth [salt water, m], lat = 57.6698
# name 21 = depFM: Depth [true depth, m], lat = 57.6698
# name 22 = dz/dtM: Descent Rate [m/s], WS = 2
# name 23 = svCM: Sound Velocity [Chen-Millero, m/s]
# name 24 = svCM1: Sound Velocity, 2 [Chen-Millero, m/s]
# name 25 = flag: flag
# span 0 =        284,       7550       
# span 1 =      1.500,     73.500       
# span 2 =     3.5168,     8.3894       
# span 3 =     3.5075,     8.3912       
# span 4 =    -0.3123,     0.1045       
# span 5 =   0.774230,   1.015815       
# span 6 =   0.773960,   1.016073       
# span 7 =          1,          1       
# span 8 =     0.4741,     7.4456       
# span 9 =     0.4400,     7.6813       
# span 10 =       1.51,       9.99      
# span 11 =     0.0157,     0.0213      
# span 12 = 8.7930e-13, 7.9074e+00      
# span 13 = 1.0000e-12, 9.3039e+00      
# span 14 = 1.0452e+02, 1.1770e+02      
# span 15 =     7.0114,     9.5097      
# span 16 =     7.0114,     9.5115      
# span 17 =    -0.0002,     0.0413      
# span 18 =     5.3365,     7.5170      
# span 19 =     5.3364,     7.5183      
# span 20 =      1.486,     72.808      
# span 21 =      1.520,     74.431      
# span 22 =     -0.025,      0.324      
# span 23 =    1429.90,    1450.00      
# span 24 =    1429.86,    1450.00      
# span 25 = 0.0000e+00, 0.0000e+00      
# interval = decibars: 0.5              
# start_time = Nov 23 2018 09:03:50 [NMEA time, first data scan]
# bad_flag = -9.990e-29
*END*
        284      1.500     8.3412     8.3425     0.0013    0.83562    0.83563          1     7.4128     7.6621       9.99     0.0193  7.907e+00  9.304e+00  1.177e+02     7.0118     7.0117    -0.0001     5.3366     5.3364      1.486      1.520      0.140    1449.35    1449.35  0.000e+00
        330      2.000     8.3404     8.3402    -0.0003    0.83560    0.83558          1     7.4226     7.6601       9.99     0.0201  6.302e+00  7.418e+00  1.177e+02     7.0118     7.0117    -0.0001     5.3366     5.3365      1.982      2.026      0.260    1449.35    1449.35  0.000e+00
        379      2.500     8.3397     8.3404     0.0007    0.83559    0.83559          1     7.4313     7.6608       9.99     0.0203  5.390e+00  6.329e+00  1.174e+02     7.0117     7.0117    -0.0001     5.3366     5.3365      2.477      2.533      0.240    1449.35    1449.36  0.000e+00
        422      3.000     8.3399     8.3403     0.0004    0.83560    0.83560          1     7.4160     7.6661       9.99     0.0206  4.622e+00  5.397e+00  1.168e+02     7.0118     7.0117    -0.0001     5.3366     5.3365      2.972      3.039      0.317    1449.36    1449.37  0.000e+00
        463      3.500     8.3385     8.3394     0.0009    0.83557    0.83559          1     7.4188     7.6672       9.99     0.0213  4.082e+00  4.742e+00  1.162e+02     7.0117     7.0117    -0.0000     5.3367     5.3366      3.468      3.546      0.254    1449.37    1449.37  0.000e+00
        515      4.000     8.3380     8.3354    -0.0026    0.83553    0.83548          1     7.4305     7.6639       9.99     0.0207  3.560e+00  4.127e+00  1.159e+02     7.0114     7.0115     0.0000     5.3365     5.3368      3.963      4.053      0.246    1449.37    1449.36  0.000e+00
        562      4.500     8.3361     8.3342    -0.0018    0.83551    0.83546          1     7.4345     7.6657       9.99     0.0208  3.137e+00  3.632e+00  1.158e+02     7.0116     7.0115    -0.0001     5.3368     5.3369      4.458      4.559      0.243    1449.37    1449.37  0.000e+00
        612      5.000     8.3339     8.3305    -0.0034    0.83547    0.83538          1     7.4311     7.6641       9.99     0.0209  2.789e+00  3.229e+00  1.158e+02     7.0115     7.0114    -0.0001     5.3370     5.3371      4.954      5.066      0.235    1449.37    1449.36  0.000e+00
        664      5.500     8.3313     8.3283    -0.0029    0.83542    0.83534          1     7.4233     7.6659       9.99     0.0207  2.436e+00  2.819e+00  1.158e+02     7.0115     7.0114    -0.0001     5.3372     5.3373      5.449      5.572      0.248    1449.37    1449.36  0.000e+00
        707      6.000     8.3301     8.3306     0.0006    0.83539    0.83540          1     7.4325     7.6621       9.98     0.0208  2.192e+00  2.538e+00  1.158e+02     7.0115     7.0115    -0.0000     5.3372     5.3372      5.944      6.079      0.287    1449.37    1449.38  0.000e+00
        752      6.500     8.3305     8.3312     0.0007    0.83540    0.83542          1     7.4269     7.6674       9.98     0.0206  1.961e+00  2.270e+00  1.158e+02     7.0114     7.0115     0.0000     5.3372     5.3371      6.440      6.585      0.252    1449.38    1449.38  0.000e+00
        800      7.000     8.3318     8.3321     0.0003    0.83544    0.83544          1     7.4270     7.6628       9.98     0.0201  1.744e+00  2.019e+00  1.158e+02     7.0115     7.0115    -0.0000     5.3371     5.3371      6.935      7.092      0.244    1449.40    1449.40  0.000e+00
        850      7.500     8.3297     8.3288    -0.0010    0.83540    0.83537          1     7.4235     7.6579       9.98     0.0201  1.516e+00  1.755e+00  1.158e+02     7.0115     7.0115    -0.0000     5.3373     5.3373      7.431      7.598      0.240    1449.40    1449.39  0.000e+00
        901      8.000     8.3334     8.3345     0.0012    0.83550    0.83552          1     7.4354     7.6680       9.98     0.0208  1.329e+00  1.538e+00  1.158e+02     7.0116     7.0116    -0.0001     5.3371     5.3369      7.926      8.105      0.232    1449.42    1449.42  0.000e+00
        952      8.500     8.3344     8.3357     0.0013    0.83553    0.83556          1     7.4267     7.6660       9.98     0.0204  1.172e+00  1.357e+00  1.158e+02     7.0116     7.0116    -0.0000     5.3370     5.3369      8.421      8.612      0.256    1449.43    1449.44  0.000e+00
        995      9.000     8.3337     8.3337    -0.0001    0.83552    0.83551          1     7.4221     7.6621       9.98     0.0207  1.027e+00  1.189e+00  1.158e+02     7.0116     7.0116    -0.0001     5.3370     5.3370      8.917      9.118      0.271    1449.44    1449.44  0.000e+00
       1043      9.500     8.3391     8.3384    -0.0007    0.83569    0.83566          1     7.4325     7.6559       9.98     0.0203  9.076e-01  1.051e+00  1.158e+02     7.0120     7.0119    -0.0001     5.3369     5.3368      9.412      9.625      0.240    1449.46    1449.46  0.000e+00
       1095     10.000     8.3375     8.3375    -0.0000    0.83564    0.83564          1     7.4260     7.6600       9.97     0.0205  7.845e-01  9.081e-01  1.158e+02     7.0118     7.0118    -0.0000     5.3369     5.3369      9.907     10.131      0.229    1449.47    1449.47  0.000e+00
       1143     10.500     8.3385     8.3404     0.0019    0.83568    0.83572          1     7.4398     7.6640       9.97     0.0203  6.885e-01  7.970e-01  1.158e+02     7.0119     7.0119    -0.0000     5.3369     5.3367     10.403     10.638      0.276    1449.48    1449.49  0.000e+00
       1189     11.000     8.3395     8.3405     0.0011    0.83571    0.83574          1     7.4259     7.6602       9.97     0.0198  5.994e-01  6.938e-01  1.158e+02     7.0120     7.0120     0.0000     5.3368     5.3368     10.898     11.144      0.237    1449.49    1449.50  0.000e+00
       1239     11.500     8.3426     8.3428     0.0002    0.83582    0.83581          1     7.4224     7.6539       9.97     0.0197  5.193e-01  6.011e-01  1.158e+02     7.0122     7.0121    -0.0001     5.3368     5.3367     11.393     11.651      0.247    1449.51    1449.51  0.000e+00
       1287     12.000     8.3414     8.3417     0.0003    0.83578    0.83579          1     7.4191     7.6617       9.97     0.0199  4.473e-01  5.178e-01  1.158e+02     7.0121     7.0121    -0.0001     5.3368     5.3367     11.889     12.158      0.260    1449.52    1449.52  0.000e+00
       1332     12.500     8.3401     8.3399    -0.0002    0.83575    0.83573          1     7.4231     7.6597       9.97     0.0202  3.872e-01  4.482e-01  1.158e+02     7.0120     7.0119    -0.0001     5.3368     5.3367     12.384     12.664      0.267    1449.52    1449.52  0.000e+00
       1379     13.000     8.3396     8.3401     0.0005    0.83573    0.83574          1     7.4174     7.6600       9.97     0.0197  3.300e-01  3.820e-01  1.158e+02     7.0119     7.0119    -0.0000     5.3368     5.3367     12.879     13.171      0.243    1449.52    1449.52  0.000e+00
       1429     13.500     8.3402     8.3410     0.0008    0.83576    0.83577          1     7.4272     7.6569       9.97     0.0199  2.765e-01  3.201e-01  1.158e+02     7.0120     7.0119    -0.0001     5.3368     5.3366     13.375     13.677      0.247    1449.53    1449.54  0.000e+00
       1475     14.000     8.3410     8.3405    -0.0005    0.83578    0.83576          1     7.4241     7.6571       9.97     0.0202  2.309e-01  2.673e-01  1.158e+02     7.0120     7.0119    -0.0001     5.3367     5.3367     13.870     14.184      0.260    1449.55    1449.54  0.000e+00
       1523     14.500     8.3379     8.3381     0.0002    0.83570    0.83570          1     7.4173     7.6639       9.97     0.0197  1.921e-01  2.224e-01  1.158e+02     7.0118     7.0117    -0.0000     5.3368     5.3367     14.366     14.690      0.259    1449.54    1449.54  0.000e+00
       1566     15.000     8.3377     8.3375    -0.0003    0.83569    0.83568          1     7.4238     7.6599       9.96     0.0199  1.534e-01  1.774e-01  1.157e+02     7.0117     7.0117    -0.0000     5.3367     5.3367     14.861     15.197      0.281    1449.55    1449.55  0.000e+00
       1611     15.500     8.3368     8.3370     0.0003    0.83567    0.83567          1     7.4275     7.6608       9.96     0.0204  1.225e-01  1.413e-01  1.154e+02     7.0116     7.0116    -0.0000     5.3368     5.3367     15.356     15.704      0.258    1449.55    1449.55  0.000e+00
       1658     16.000     8.3379     8.3395     0.0017    0.83572    0.83574          1     7.4396     7.6591       9.96     0.0199  9.232e-02  1.060e-01  1.148e+02     7.0118     7.0117    -0.0001     5.3368     5.3366     15.852     16.210      0.257    1449.56    1449.57  0.000e+00
       1704     16.500     8.3394     8.3403     0.0009    0.83576    0.83578          1     7.4266     7.6595       9.96     0.0195  6.521e-02  7.447e-02  1.142e+02     7.0118     7.0118    -0.0000     5.3367     5.3366     16.347     16.717      0.260    1449.58    1449.58  0.000e+00
       1751     17.000     8.3392     8.3401     0.0009    0.83577    0.83578          1     7.4235     7.6561       9.96     0.0198  4.132e-02  4.707e-02  1.139e+02     7.0119     7.0118    -0.0001     5.3368     5.3366     16.842     17.223      0.250    1449.59    1449.59  0.000e+00
       1799     17.500     8.3405     8.3414     0.0009    0.83583    0.83585          1     7.4243     7.6586       9.96     0.0195  1.943e-02  2.210e-02  1.137e+02     7.0121     7.0121    -0.0000     5.3368     5.3367     17.338     17.730      0.256    1449.60    1449.60  0.000e+00
       1844     18.000     8.3405     8.3414     0.0009    0.83582    0.83583          1     7.4307     7.6564       9.96     0.0195  2.267e-03  2.578e-03  1.137e+02     7.0120     7.0119    -0.0001     5.3367     5.3366     17.833     18.236      0.279    1449.61    1449.61  0.000e+00
       1886     18.500     8.3415     8.3423     0.0007    0.83584    0.83585          1     7.4321     7.6496       9.96     0.0195  6.799e-05  7.732e-05  1.137e+02     7.0119     7.0118    -0.0001     5.3366     5.3364     18.328     18.743      0.271    1449.62    1449.62  0.000e+00
       1934     19.000     8.3419     8.3427     0.0008    0.83585    0.83585          1     7.4270     7.6591       9.96     0.0195  8.793e-13  1.000e-12  1.137e+02     7.0118     7.0117    -0.0001     5.3365     5.3364     18.824     19.249      0.244    1449.63    1449.63  0.000e+00
       1981     19.500     8.3423     8.3427     0.0003    0.83587    0.83588          1     7.4275     7.6621       9.96     0.0195  8.793e-13  1.000e-12  1.137e+02     7.0119     7.0119    -0.0000     5.3365     5.3365     19.319     19.756      0.272    1449.64    1449.64  0.000e+00
       2025     20.000     8.3422     8.3425     0.0002    0.83588    0.83588          1     7.4145     7.6544       9.96     0.0195  8.793e-13  1.000e-12  1.137e+02     7.0120     7.0119    -0.0001     5.3366     5.3365     19.814     20.263      0.263    1449.65    1449.65  0.000e+00
       2073     20.500     8.3412     8.3413     0.0002    0.83585    0.83585          1     7.4259     7.6531       9.96     0.0197  8.793e-13  1.000e-12  1.137e+02     7.0118     7.0117    -0.0001     5.3366     5.3365     20.310     20.769      0.244    1449.65    1449.65  0.000e+00
       2120     21.000     8.3405     8.3407     0.0001    0.83583    0.83583          1     7.4141     7.6597       9.96     0.0195  8.793e-13  1.000e-12  1.137e+02     7.0118     7.0117    -0.0001     5.3366     5.3365     20.805     21.276      0.277    1449.65    1449.66  0.000e+00
       2162     21.500     8.3400     8.3403     0.0003    0.83583    0.83583          1     7.4227     7.6650       9.96     0.0197  8.793e-13  1.000e-12  1.137e+02     7.0117     7.0117    -0.0001     5.3366     5.3365     21.300     21.782      0.284    1449.66    1449.66  0.000e+00
       2205     22.000     8.3403     8.3407     0.0005    0.83584    0.83584          1     7.4243     7.6610       9.96     0.0198  8.793e-13  1.000e-12  1.137e+02     7.0117     7.0116    -0.0001     5.3366     5.3364     21.796     22.289      0.256    1449.67    1449.67  0.000e+00
       2255     22.500     8.3391     8.3393     0.0001    0.83581    0.83581          1     7.4257     7.6555       9.96     0.0195  8.793e-13  1.000e-12  1.137e+02     7.0117     7.0116    -0.0001     5.3366     5.3365     22.291     22.795      0.246    1449.67    1449.67  0.000e+00
       2300     23.000     8.3413     8.3429     0.0016    0.83594    0.83599          1     7.4320     7.6596       9.96     0.0199  8.793e-13  1.000e-12  1.137e+02     7.0123     7.0125     0.0001     5.3369     5.3369     22.786     23.302      0.280    1449.69    1449.70  0.000e+00
       2343     23.500     8.3426     8.3435     0.0009    0.83602    0.83603          1     7.4356     7.6648       9.96     0.0195  8.793e-13  1.000e-12  1.137e+02     7.0127     7.0127    -0.0000     5.3371     5.3370     23.282     23.809      0.270    1449.70    1449.71  0.000e+00
       2391     24.000     8.3424     8.3429     0.0006    0.83594    0.83593          1     7.4256     7.6631       9.96     0.0195  8.793e-13  1.000e-12  1.137e+02     7.0120     7.0118    -0.0002     5.3366     5.3364     23.777     24.315      0.244    1449.71    1449.71  0.000e+00
       2438     24.500     8.3422     8.3428     0.0005    0.83593    0.83593          1     7.4254     7.6576       9.96     0.0195  8.793e-13  1.000e-12  1.137e+02     7.0118     7.0118    -0.0001     5.3365     5.3364     24.272     24.822      0.272    1449.72    1449.72  0.000e+00
       2481     25.000     8.3458     8.3477     0.0018    0.83627    0.83638          1     7.4158     7.6549       9.96     0.0195  8.793e-13  1.000e-12  1.137e+02     7.0142     7.0148     0.0006     5.3380     5.3383     24.768     25.328      0.278    1449.74    1449.75  0.000e+00
       2527     25.500     8.3636     8.3814     0.0178    0.83786    0.83925          1     7.4039     7.6435       9.96     0.0195  8.793e-13  1.000e-12  1.137e+02     7.0249     7.0339     0.0090     5.3449     5.3504     25.263     25.835      0.233    1449.84    1449.92  0.000e+00
       2580     26.000     8.3831     8.3900     0.0069    0.83976    0.84043          1     7.3980     7.6357       9.96     0.0194  8.793e-13  1.000e-12  1.137e+02     7.0381     7.0428     0.0047     5.3536     5.3566     25.758     26.341      0.252    1449.94    1449.97  0.000e+00
       2625     26.500     8.3885     8.3908     0.0022    0.84029    0.84040          1     7.3827     7.6318       9.96     0.0194  8.793e-13  1.000e-12  1.137e+02     7.0418     7.0423     0.0005     5.3560     5.3562     26.253     26.848      0.263    1449.98    1449.99  0.000e+00
       2672     27.000     8.3894     8.3912     0.0017    0.84034    0.84044          1     7.3992     7.6320       9.96     0.0194  8.793e-13  1.000e-12  1.137e+02     7.0420     7.0425     0.0005     5.3561     5.3563     26.749     27.354      0.243    1449.99    1449.99  0.000e+00
       2723     27.500     8.3881     8.3867    -0.0014    0.84052    0.84069          1     7.3838     7.6172       9.96     0.0195  8.793e-13  1.000e-12  1.137e+02     7.0438     7.0456     0.0019     5.3575     5.3591     27.244     27.861      0.254    1449.99    1449.99  0.000e+00
       2765     28.000     8.3857     8.3862     0.0005    0.84073    0.84079          1     7.3883     7.6188       9.96     0.0195  8.801e-13  1.000e-12  1.136e+02     7.0461     7.0466     0.0005     5.3596     5.3599     27.739     28.368      0.297    1449.99    1449.99  0.000e+00
       2809     28.500     8.3857     8.3859     0.0002    0.84084    0.84089          1     7.3971     7.6175       9.96     0.0193  8.840e-13  1.000e-12  1.131e+02     7.0470     7.0475     0.0005     5.3603     5.3606     28.235     28.874      0.251    1450.00    1450.00  0.000e+00
