ctdpy/tests/etc/all_smhi_bas_2018/SBE09_0827_20180127_1507_26_01_0237.cnv
* Sea-Bird SBE 9 Data File:
* FileName = D:\CTD_SBE911\DAT\26DA.2018.1.137.hex
* Software Version Seasave V 7.21d
* Temperature SN = 034757
* Conductivity SN = 041844
* Number of Bytes Per Scan = 48
* Number of Voltage Words = 5
* Number of Scans Averaged by the Deck Unit = 1
* NMEA Latitude = 57 12.10 N
* NMEA Longitude = 011 25.72 E
* NMEA UTC (Time) = Jan 27 2018  15:07:51
* NMEA baud rate = 4800
** Ship: DANA
** Average sound velocity: 1471.72 m/s
** True-depth calculation Thu, 28 Mar 2019 08:32:47 +0000
** CTD Python Module SMHI /ver 3-12/ feb 2012 
** LIMS Job: 20182601-0237
** W Groves Flak
** Operator: Ronny Sørensen
** Cruise: 01/2018
# nquan = 26
# nvalues = 147                         
# units = specified
# name 0 = scan: Scan Count
# name 1 = prDM: Pressure, Digiquartz [db]
# name 2 = t090C: Temperature [ITS-90, deg C]
# name 3 = t190C: Temperature, 2 [ITS-90, deg C]
# name 4 = T2-T190C: Temperature Difference, 2 - 1 [ITS-90, deg C]
# name 5 = c0S/m: Conductivity [S/m]
# name 6 = c1S/m: Conductivity, 2 [S/m]
# name 7 = pumps: Pump Status
# name 8 = sbeox1ML/L: Oxygen, SBE 43, 2 [ml/l]
# name 9 = sbeox0ML/L: Oxygen, SBE 43 [ml/l]
# name 10 = altM: Altimeter [m]
# name 11 = chloroflTC0: Chlorophyll, Turner Cyclops [ug/l]
# name 12 = cpar: CPAR/Corrected Irradiance [%]
# name 13 = par: PAR/Irradiance, Biospherical/Lico [µE/(cm^2*s)]
# name 14 = spar: SPAR, Biospherical/Licor
# name 15 = sal00: Salinity, Practical [PSU]
# name 16 = sal11: Salinity, Practical, 2 [PSU]
# name 17 = secS-priS: Salinity, Practical, Difference, 2 - 1 [PSU]
# name 18 = sigma-t00: Density [sigma-t, kg/m^3 ]
# name 19 = sigma-t11: Density, 2 [sigma-t, kg/m^3 ]
# name 20 = depSM: Depth [salt water, m], lat = 57.2017
# name 21 = depFM: Depth [true depth, m], lat = 57.2017
# name 22 = dz/dtM: Descent Rate [m/s], WS = 2
# name 23 = svCM: Sound Velocity [Chen-Millero, m/s]
# name 24 = svCM1: Sound Velocity, 2 [Chen-Millero, m/s]
# name 25 = flag: flag
# span 0 =        247,      10017       
# span 1 =      2.000,     75.000       
# span 2 =     4.1995,     7.5022       
# span 3 =     4.1891,     7.5006       
# span 4 =    -0.1015,     0.1625       
# span 5 =   2.256822,   3.496584       
# span 6 =   2.254312,   3.496729       
# span 7 =          1,          1       
# span 8 =     5.6141,     7.0838       
# span 9 =     5.7365,     7.1127       
# span 10 =      -1.24,       9.95      
# span 11 =     0.0208,     0.0609      
# span 12 = 4.4764e-12, 5.5040e+00      
# span 13 = 1.0000e-12, 1.1249e+00      
# span 14 = 1.7255e+01, 2.2339e+01      
# span 15 =    23.2402,    34.1118      
# span 16 =    23.2191,    34.1149      
# span 17 =    -0.5591,     0.7019      
# span 18 =    18.4311,    26.6487      
# span 19 =    18.4151,    26.6515      
# span 20 =      1.982,     74.296      
# span 21 =      2.000,     74.535      
# span 22 =     -0.362,      0.289      
# span 23 =    1452.42,    1480.71      
# span 24 =    1452.36,    1480.71      
# span 25 = 0.0000e+00, 0.0000e+00      
# interval = decibars: 0.5              
# start_time = Jan 27 2018 15:07:51 [NMEA time, first data scan]
# bad_flag = -9.990e-29
*END*
[from data line 56]
       3188     30.000     5.5879     5.5816    -0.0063    3.21513    3.21535          1     6.2344     6.3075       9.95     0.0359  4.784e-12  1.000e-12  2.095e+01    32.8915    32.9002     0.0087    25.9364    25.9441     29.722     29.876      0.253    1470.92    1470.91  0.000e+00
       3233     30.500     5.5745     5.5700    -0.0045    3.21462    3.21479          1     6.2191     6.3094       9.95     0.0364  4.718e-12  1.000e-12  2.124e+01    32.8986    32.9050     0.0064    25.9436    25.9492     30.217     30.372      0.267    1470.88    1470.87  0.000e+00
       3282     31.000     5.5778     5.5962     0.0184    3.21587    3.21769          1     6.2022     6.3132       9.95     0.0365  4.552e-12  1.000e-12  2.200e+01    32.9094    32.9120     0.0026    25.9517    25.9516     30.712     30.869      0.231    1470.92    1471.00  0.000e+00
       3330     31.500     5.6497     5.7115     0.0618    3.22613    3.23122          1     6.2177     6.3086       9.95     0.0356  4.518e-12  1.000e-12  2.215e+01    32.9549    32.9520    -0.0030    25.9792    25.9695     31.208     31.365      0.271    1471.27    1471.52  0.000e+00
       3377     32.000     5.7408     5.7604     0.0195    3.23839    3.24027          1     6.1923     6.2889       9.95     0.0355  4.485e-12  1.000e-12  2.230e+01    33.0041    33.0062     0.0021    26.0072    26.0065     31.703     31.861      0.242    1471.71    1471.79  0.000e+00
       3424     32.500     5.7536     5.7677     0.0141    3.24048    3.24146          1     6.1446     6.2796       9.95     0.0356  4.486e-12  1.000e-12  2.229e+01    33.0149    33.0121    -0.0027    26.0142    26.0103     32.198     32.358      0.268    1471.78    1471.84  0.000e+00
       3470     33.000     5.7693     5.7830     0.0137    3.24272    3.24420          1     6.1449     6.2642       9.95     0.0352  4.476e-12  1.000e-12  2.234e+01    33.0245    33.0279     0.0034    26.0199    26.0210     32.694     32.854      0.259    1471.87    1471.93  0.000e+00
       3516     33.500     5.7829     5.8091     0.0262    3.24493    3.24804          1     6.1891     6.2647       9.95     0.0358  4.476e-12  1.000e-12  2.234e+01    33.0359    33.0454     0.0095    26.0273    26.0316     33.189     33.350      0.256    1471.94    1472.06  0.000e+00
       3564     34.000     5.7954     5.7711    -0.0242    3.24710    3.24628          1     6.1685     6.2729       9.95     0.0354  4.476e-12  1.000e-12  2.234e+01    33.0479    33.0625     0.0145    26.0353    26.0497     33.684     33.847      0.249    1472.02    1471.94  0.000e+00
       3610     34.500     5.7748     5.7607    -0.0141    3.24610    3.24546          1     6.1669     6.2768       9.95     0.0360  4.476e-12  1.000e-12  2.234e+01    33.0565    33.0631     0.0066    26.0446    26.0515     34.180     34.343      0.261    1471.95    1471.91  0.000e+00
       3659     35.000     5.7670     5.7985     0.0315    3.24638    3.25102          1     6.1576     6.2739       9.95     0.0356  4.485e-12  1.000e-12  2.230e+01    33.0672    33.0886     0.0214    26.0539    26.0671     34.675     34.839      0.239    1471.95    1472.10  0.000e+00
       3707     35.500     5.7872     5.8329     0.0457    3.24973    3.25497          1     6.1380     6.2647       9.95     0.0343  4.477e-12  1.000e-12  2.234e+01    33.0849    33.0992     0.0143    26.0655    26.0713     35.170     35.336      0.260    1472.06    1472.26  0.000e+00
       3753     36.000     5.8139     5.8789     0.0651    3.25354    3.25969          1     6.1077     6.2646       9.95     0.0340  4.476e-12  1.000e-12  2.234e+01    33.1014    33.1071     0.0056    26.0753    26.0719     35.666     35.832      0.262    1472.19    1472.46  0.000e+00
       3799     36.500     5.8767     6.0393     0.1625    3.26022    3.27628          1     6.0927     6.2387       9.95     0.0351  4.476e-12  1.000e-12  2.234e+01    33.1149    33.1361     0.0213    26.0783    26.0751     36.161     36.328      0.253    1472.47    1473.14  0.000e+00
       3848     37.000     5.9644     6.0908     0.1266    3.27096    3.28369          1     6.0945     6.2147       9.95     0.0363  4.476e-12  1.000e-12  2.234e+01    33.1495    33.1686     0.0191    26.0949    26.0943     36.656     36.825      0.258    1472.87    1473.40  0.000e+00
       3892     37.500     6.0446     6.1341     0.0896    3.28253    3.29029          1     6.1074     6.1908       9.95     0.0360  4.476e-12  1.000e-12  2.234e+01    33.2005    33.1998    -0.0008    26.1253    26.1135     37.152     37.321      0.252    1473.26    1473.62  0.000e+00
       3943     38.000     6.1371     6.1686     0.0315    3.29409    3.29578          1     6.0933     6.1967       9.95     0.0368  4.476e-12  1.000e-12  2.234e+01    33.2391    33.2273    -0.0119    26.1442    26.1309     37.647     37.817      0.245    1473.69    1473.80  0.000e+00
       3991     38.500     6.2204     6.2200    -0.0004    3.30324    3.30262          1     6.0830     6.1685       9.95     0.0360  4.476e-12  1.000e-12  2.234e+01    33.2596    33.2531    -0.0065    26.1499    26.1449     38.142     38.314      0.247    1474.05    1474.04  0.000e+00
       4039     39.000     6.2218     6.2209    -0.0008    3.30467    3.30420          1     6.0442     6.1515       9.95     0.0352  4.476e-12  1.000e-12  2.234e+01    33.2740    33.2696    -0.0044    26.1611    26.1577     38.638     38.810      0.258    1474.09    1474.07  0.000e+00
       4085     39.500     6.2188     6.2181    -0.0007    3.30496    3.30430          1     6.0631     6.1582       9.95     0.0354  4.476e-12  1.000e-12  2.234e+01    33.2799    33.2732    -0.0067    26.1661    26.1609     39.133     39.306      0.255    1474.09    1474.08  0.000e+00
       4131     40.000     6.2239     6.2229    -0.0010    3.30619    3.30531          1     6.0187     6.1590       9.95     0.0355  4.498e-12  1.000e-12  2.224e+01    33.2884    33.2796    -0.0088    26.1722    26.1654     39.628     39.802      0.279    1474.13    1474.11  0.000e+00
       4174     40.500     6.2368     6.2403     0.0035    3.30935    3.30814          1     6.0537     6.1554       9.95     0.0365  4.496e-12  1.000e-12  2.225e+01    33.3108    33.2939    -0.0170    26.1883    26.1744     40.123     40.299      0.267    1474.21    1474.21  0.000e+00
       4221     41.000     6.3077     6.3037    -0.0040    3.31792    3.31620          1     6.0796     6.1392       9.95     0.0358  4.485e-12  1.000e-12  2.230e+01    33.3367    33.3215    -0.0152    26.1996    26.1882     40.619     40.795      0.248    1474.54    1474.50  0.000e+00
       4270     41.500     6.3627     6.3527    -0.0100    3.32470    3.32319          1     6.0347     6.1268       9.95     0.0350  4.485e-12  1.000e-12  2.230e+01    33.3581    33.3510    -0.0071    26.2095    26.2052     41.114     41.291      0.240    1474.79    1474.74  0.000e+00
       4319     42.000     6.3728     6.3652    -0.0076    3.32605    3.32486          1     6.0011     6.1258       9.95     0.0367  4.486e-12  1.000e-12  2.230e+01    33.3629    33.3572    -0.0057    26.2120    26.2085     41.609     41.788      0.251    1474.84    1474.80  0.000e+00
       4367     42.500     6.3754     6.3716    -0.0039    3.32641    3.32554          1     5.9874     6.1238       9.95     0.0357  4.495e-12  1.000e-12  2.225e+01    33.3641    33.3583    -0.0058    26.2126    26.2085     42.105     42.284      0.250    1474.86    1474.84  0.000e+00
       4415     43.000     6.3879     6.3872    -0.0006    3.32777    3.32708          1     6.0081     6.1161       9.95     0.0360  4.486e-12  1.000e-12  2.230e+01    33.3668    33.3599    -0.0070    26.2132    26.2078     42.600     42.780      0.256    1474.92    1474.91  0.000e+00
       4460     43.500     6.4136     6.4161     0.0024    3.33123    3.33071          1     5.9825     6.0987       9.95     0.0355  4.507e-12  1.000e-12  2.220e+01    33.3799    33.3717    -0.0081    26.2201    26.2134     43.095     43.276      0.269    1475.05    1475.05  0.000e+00
       4504     44.000     6.4206     6.4200    -0.0007    3.33263    3.33206          1     5.9945     6.0950       9.95     0.0382  4.487e-12  1.000e-12  2.229e+01    33.3883    33.3826    -0.0057    26.2259    26.2215     43.591     43.773      0.278    1475.10    1475.09  0.000e+00
       4551     44.500     6.4147     6.4182     0.0035    3.33214    3.33223          1     5.9822     6.1006       9.95     0.0351  4.485e-12  1.000e-12  2.230e+01    33.3884    33.3859    -0.0025    26.2268    26.2243     44.086     44.269      0.233    1475.08    1475.09  0.000e+00
       4600     45.000     6.4266     6.4366     0.0099    3.33397    3.33415          1     6.0089     6.1034       9.95     0.0360  4.476e-12  1.000e-12  2.234e+01    33.3968    33.3891    -0.0077    26.2318    26.2245     44.581     44.765      0.264    1475.15    1475.17  0.000e+00
       4648     45.500     6.4459     6.4797     0.0338    3.33654    3.33915          1     5.9910     6.1070       9.95     0.0357  4.476e-12  1.000e-12  2.234e+01    33.4063    33.4021    -0.0043    26.2368    26.2291     45.076     45.261      0.240    1475.24    1475.37  0.000e+00
       4696     46.000     6.4706     6.4961     0.0256    3.33947    3.34145          1     5.9823     6.0866       9.95     0.0366  4.486e-12  1.000e-12  2.229e+01    33.4144    33.4113    -0.0031    26.2400    26.2343     45.572     45.758      0.262    1475.36    1475.45  0.000e+00
       4744     46.500     6.4706     6.4847     0.0141    3.33952    3.34165          1     5.9574     6.0888       9.95     0.0354  4.476e-12  1.000e-12  2.234e+01    33.4146    33.4245     0.0099    26.2402    26.2462     46.067     46.254      0.246    1475.37    1475.44  0.000e+00
       4788     47.000     6.4772     6.4818     0.0046    3.34116    3.34212          1     5.9610     6.0945       9.95     0.0355  4.488e-12  1.000e-12  2.229e+01    33.4261    33.4323     0.0061    26.2484    26.2526     46.562     46.750      0.289    1475.41    1475.44  0.000e+00
       4832     47.500     6.4810     6.5065     0.0255    3.34186    3.34491          1     5.9468     6.0913       9.95     0.0362  4.477e-12  1.000e-12  2.234e+01    33.4300    33.4388     0.0088    26.2510    26.2546     47.058     47.246      0.253    1475.44    1475.55  0.000e+00
       4881     48.000     6.4974     6.5777     0.0804    3.34471    3.35350          1     5.9406     6.0840       9.95     0.0352  4.486e-12  1.000e-12  2.230e+01    33.4454    33.4641     0.0188    26.2610    26.2653     47.553     47.743      0.250    1475.53    1475.87  0.000e+00
       4930     48.500     6.5188     6.5874     0.0686    3.34726    3.35520          1     5.9785     6.0801       9.95     0.0357  4.494e-12  1.000e-12  2.226e+01    33.4524    33.4731     0.0208    26.2637    26.2711     48.048     48.239      0.238    1475.64    1475.93  0.000e+00
       4977     49.000     6.5500     6.6050     0.0550    3.35135    3.35732          1     5.9360     6.0710       9.95     0.0357  4.498e-12  1.000e-12  2.224e+01    33.4669    33.4791     0.0122    26.2711    26.2735     48.543     48.735      0.272    1475.78    1476.02  0.000e+00
       5023     49.500     6.5773     6.5994     0.0221    3.35473    3.35689          1     5.9108     6.0553       9.95     0.0363  4.539e-12  1.000e-12  2.205e+01    33.4774    33.4797     0.0023    26.2758    26.2747     49.039     49.231      0.249    1475.91    1476.00  0.000e+00
       5070     50.000     6.5905     6.5980     0.0075    3.35614    3.35675          1     5.9159     6.0536       9.95     0.0365  4.591e-12  1.000e-12  2.182e+01    33.4798    33.4792    -0.0006    26.2760    26.2745     49.534     49.728      0.274    1475.98    1476.00  0.000e+00
       5113     50.500     6.5934     6.6077     0.0143    3.35654    3.35763          1     5.9560     6.0465       9.95     0.0362  4.606e-12  1.000e-12  2.175e+01    33.4811    33.4792    -0.0019    26.2766    26.2732     50.029     50.224      0.273    1476.00    1476.05  0.000e+00
       5160     51.000     6.5996     6.6257     0.0260    3.35730    3.35951          1     5.9492     6.0412       9.95     0.0364  4.684e-12  1.000e-12  2.140e+01    33.4832    33.4821    -0.0010    26.2774    26.2732     50.525     50.720      0.242    1476.03    1476.13  0.000e+00
       5209     51.500     6.6138     6.6388     0.0250    3.35871    3.36083          1     5.9524     6.0456       9.95     0.0365  4.747e-12  1.000e-12  2.111e+01    33.4846    33.4837    -0.0009    26.2767    26.2727     51.020     51.216      0.248    1476.10    1476.20  0.000e+00
       5259     52.000     6.6293     6.6666     0.0373    3.36056    3.36392          1     5.9321     6.0382       9.95     0.0368  4.863e-12  1.000e-12  2.059e+01    33.4897    33.4904     0.0007    26.2787    26.2743     51.515     51.712      0.234    1476.17    1476.32  0.000e+00
       5308     52.500     6.6466     6.6655     0.0189    3.36248    3.36402          1     5.9475     6.0363       9.95     0.0377  4.905e-12  1.000e-12  2.039e+01    33.4938    33.4923    -0.0015    26.2796    26.2760     52.010     52.209      0.263    1476.25    1476.33  0.000e+00
       5353     53.000     6.6579     6.6667     0.0088    3.36359    3.36417          1     5.9516     6.0325       9.95     0.0382  4.924e-12  1.000e-12  2.031e+01    33.4947    33.4925    -0.0022    26.2789    26.2760     52.506     52.705      0.265    1476.31    1476.34  0.000e+00
       5400     53.500     6.6642     6.6704     0.0062    3.36420    3.36470          1     5.9079     6.0392       9.95     0.0371  4.924e-12  1.000e-12  2.031e+01    33.4951    33.4946    -0.0005    26.2784    26.2771     53.001     53.201      0.255    1476.34    1476.36  0.000e+00
       5445     54.000     6.6686     6.6772     0.0087    3.36474    3.36542          1     5.8503     6.0182       9.95     0.0367  4.924e-12  1.000e-12  2.031e+01    33.4965    33.4955    -0.0010    26.2789    26.2769     53.496     53.697      0.273    1476.37    1476.40  0.000e+00
       5491     54.500     6.6758     6.6889     0.0131    3.36567    3.36699          1     5.9071     6.0276       9.95     0.0376  4.924e-12  1.000e-12  2.031e+01    33.4995    33.5013     0.0017    26.2803    26.2799     53.991     54.194      0.248    1476.41    1476.46  0.000e+00
       5539     55.000     6.6851     6.6908     0.0057    3.36688    3.36745          1     5.9255     6.0263       9.95     0.0401  4.924e-12  1.000e-12  2.031e+01    33.5035    33.5042     0.0007    26.2822    26.2820     54.487     54.690      0.247    1476.46    1476.48  0.000e+00
       5589     55.500     6.6887     6.6914     0.0027    3.36744    3.36764          1     5.9030     6.0245       9.95     0.0372  4.924e-12  1.000e-12  2.031e+01    33.5059    33.5055    -0.0004    26.2836    26.2829     54.982     55.186      0.241    1476.48    1476.49  0.000e+00
       5636     56.000     6.6906     6.6918     0.0012    3.36769    3.36782          1     5.9061     6.0275       9.95     0.0384  4.924e-12  1.000e-12  2.031e+01    33.5066    33.5068     0.0002    26.2839    26.2839     55.477     55.682      0.262    1476.50    1476.51  0.000e+00
       5682     56.500     6.6910     6.6903    -0.0008    3.36783    3.36783          1     5.9347     6.0332       9.95     0.0385  4.924e-12  1.000e-12  2.031e+01    33.5074    33.5082     0.0008    26.2845    26.2852     55.972     56.178      0.260    1476.51    1476.51  0.000e+00
       5729     57.000     6.6894     6.6862    -0.0032    3.36784    3.36787          1     5.9082     6.0222       9.95     0.0390  4.924e-12  1.000e-12  2.031e+01    33.5089    33.5123     0.0034    26.2859    26.2890     56.468     56.675      0.259    1476.52    1476.51  0.000e+00
