ctdpy/tests/etc/all_smhi_bas_2018/SBE09_0827_20180304_0730_26_01_0357.cnv
* Sea-Bird SBE 9 Data File:
* FileName = D:\CTD_SBE911\DAT\26DA.2018.3.57.hex
* Software Version Seasave V 7.21d
* Temperature SN = 034757
* Conductivity SN = 041844
* Number of Bytes Per Scan = 48
* Number of Voltage Words = 5
* Number of Scans Averaged by the Deck Unit = 1
* NMEA Latitude = 55 42.87 N
* NMEA Longitude = 014 43.84 E
* NMEA UTC (Time) = Mar 04 2018  07:30:37
* NMEA baud rate = 4800
** Ship: DANA
** Average sound velocity: 1424.48 m/s
** True-depth calculation Tue, 02 Apr 2019 12:10:20 +0000
** CTD Python Module SMHI /ver 3-12/ feb 2012 
** LIMS Job: 20182601-0357
** Operator:
** Cruise: 02/2018
# nquan = 26
# nvalues = 104                         
# units = specified
# name 0 = scan: Scan Count
# name 1 = prDM: Pressure, Digiquartz [db]
# name 2 = t090C: Temperature [ITS-90, deg C]
# name 3 = t190C: Temperature, 2 [ITS-90, deg C]
# name 4 = T2-T190C: Temperature Difference, 2 - 1 [ITS-90, deg C]
# name 5 = c0S/m: Conductivity [S/m]
# name 6 = c1S/m: Conductivity, 2 [S/m]
# name 7 = pumps: Pump Status
# name 8 = sbeox1ML/L: Oxygen, SBE 43, 2 [ml/l]
# name 9 = sbeox0ML/L: Oxygen, SBE 43 [ml/l]
# name 10 = altM: Altimeter [m]
# name 11 = chloroflTC0: Chlorophyll, Turner Cyclops [ug/l]
# name 12 = cpar: CPAR/Corrected Irradiance [%]
# name 13 = par: PAR/Irradiance, Biospherical/Lico [µE/(cm^2*s)]
# name 14 = spar: SPAR, Biospherical/Licor
# name 15 = sal00: Salinity, Practical [PSU]
# name 16 = sal11: Salinity, Practical, 2 [PSU]
# name 17 = secS-priS: Salinity, Practical, Difference, 2 - 1 [PSU]
# name 18 = sigma-t00: Density [sigma-t, kg/m^3 ]
# name 19 = sigma-t11: Density, 2 [sigma-t, kg/m^3 ]
# name 20 = depSM: Depth [salt water, m], lat = 55.7145
# name 21 = depFM: Depth [true depth, m], lat = 55.7145
# name 22 = dz/dtM: Descent Rate [m/s], WS = 2
# name 23 = svCM: Sound Velocity [Chen-Millero, m/s]
# name 24 = svCM1: Sound Velocity, 2 [Chen-Millero, m/s]
# name 25 = flag: flag
# span 0 =         99,       5348       
# span 1 =      1.000,     52.500       
# span 2 =     2.3935,     2.5614       
# span 3 =     2.3854,     2.5460       
# span 4 =    -0.0331,     0.0103       
# span 5 =   0.742459,   0.748996       
# span 6 =   0.741554,   0.747753       
# span 7 =          1,          1       
# span 8 =     8.6937,     8.7554       
# span 9 =     8.6304,     8.7030       
# span 10 =       0.92,       9.99      
# span 11 =     0.0182,     0.0402      
# span 12 = -9.651e-09, 1.0691e+01      
# span 13 = -1.431e-08, 1.5632e+01      
# span 14 = 1.4622e+02, 1.4825e+02      
# span 15 =     7.3765,     7.4006      
# span 16 =     7.3692,     7.3907      
# span 17 =    -0.0132,    -0.0071      
# span 18 =     5.8836,     5.9027      
# span 19 =     5.8777,     5.8948      
# span 20 =      0.991,     52.017      
# span 21 =      1.013,     53.160      
# span 22 =     -0.034,      0.331      
# span 23 =    1423.87,    1425.49      
# span 24 =    1423.82,    1425.41      
# span 25 = 0.0000e+00, 0.0000e+00      
# interval = decibars: 0.5              
# start_time = Mar 04 2018 07:30:38 [NMEA time, first data scan]
# bad_flag = -9.990e-29
*END*
         99      1.000     2.3935     2.3854    -0.0081    0.74246    0.74155          1     8.7441     8.7027       9.99     0.0189  1.069e+01  1.563e+01  1.462e+02     7.3771     7.3693    -0.0078     5.8840     5.8778      0.991      1.013      0.110    1423.87    1423.82  0.000e+00
        183      1.500     2.4081     2.4086     0.0005    0.74280    0.74206          1     8.7444     8.6795       9.99     0.0182  9.074e+00  1.327e+01  1.462e+02     7.3772     7.3692    -0.0080     5.8841     5.8777      1.486      1.519      0.225    1423.95    1423.94  0.000e+00
        243      2.000     2.4088     2.4086    -0.0002    0.74281    0.74209          1     8.7462     8.6830       9.99     0.0187  7.695e+00  1.125e+01  1.462e+02     7.3771     7.3695    -0.0076     5.8841     5.8780      1.982      2.025      0.225    1423.96    1423.95  0.000e+00
        292      2.500     2.3983     2.4005     0.0022    0.74256    0.74193          1     8.7489     8.6817       9.98     0.0197  6.524e+00  9.540e+00  1.462e+02     7.3769     7.3696    -0.0073     5.8839     5.8780      2.477      2.531      0.250    1423.91    1423.91  0.000e+00
        339      3.000     2.3961     2.3968     0.0007    0.74253    0.74184          1     8.7384     8.6954       9.98     0.0196  5.568e+00  8.141e+00  1.462e+02     7.3769     7.3695    -0.0075     5.8839     5.8779      2.973      3.038      0.269    1423.91    1423.91  0.000e+00
        387      3.500     2.3980     2.3981     0.0002    0.74257    0.74187          1     8.7460     8.6914       9.98     0.0193  4.758e+00  6.957e+00  1.462e+02     7.3769     7.3694    -0.0075     5.8839     5.8779      3.468      3.544      0.236    1423.93    1423.92  0.000e+00
        432      4.000     2.3963     2.3978     0.0014    0.74254    0.74187          1     8.7361     8.6953       9.97     0.0186  4.123e+00  6.029e+00  1.462e+02     7.3768     7.3694    -0.0074     5.8838     5.8779      3.964      4.050      0.296    1423.93    1423.93  0.000e+00
        478      4.500     2.3954     2.3982     0.0028    0.74253    0.74188          1     8.7408     8.6959       9.97     0.0184  3.498e+00  5.115e+00  1.462e+02     7.3769     7.3693    -0.0075     5.8839     5.8778      4.459      4.557      0.216    1423.93    1423.94  0.000e+00
        538      5.000     2.3990     2.4013     0.0023    0.74262    0.74196          1     8.7389     8.6917       9.97     0.0199  3.005e+00  4.410e+00  1.468e+02     7.3770     7.3694    -0.0076     5.8839     5.8779      4.955      5.063      0.238    1423.96    1423.96  0.000e+00
        584      5.500     2.4051     2.4038    -0.0013    0.74276    0.74202          1     8.7375     8.6917       9.97     0.0206  2.603e+00  3.816e+00  1.466e+02     7.3769     7.3694    -0.0076     5.8839     5.8779      5.450      5.569      0.244    1423.99    1423.98  0.000e+00
        641      6.000     2.4054     2.4057     0.0003    0.74277    0.74205          1     8.7346     8.6925       9.96     0.0306  2.219e+00  3.268e+00  1.473e+02     7.3770     7.3692    -0.0077     5.8839     5.8778      5.945      6.075      0.226    1424.00    1423.99  0.000e+00
        683      6.500     2.4060     2.4074     0.0013    0.74279    0.74211          1     8.7430     8.6956       9.96     0.0392  1.927e+00  2.847e+00  1.478e+02     7.3770     7.3694    -0.0076     5.8839     5.8779      6.441      6.582      0.331    1424.01    1424.01  0.000e+00
        724      7.000     2.4096     2.4081    -0.0015    0.74288    0.74213          1     8.7459     8.6856       9.96     0.0375  1.651e+00  2.444e+00  1.480e+02     7.3769     7.3694    -0.0076     5.8839     5.8779      6.936      7.088      0.236    1424.04    1424.02  0.000e+00
        784      7.500     2.4102     2.4098    -0.0004    0.74289    0.74217          1     8.7434     8.6745       9.96     0.0358  1.434e+00  2.125e+00  1.482e+02     7.3769     7.3693    -0.0076     5.8839     5.8778      7.432      7.594      0.251    1424.05    1424.04  0.000e+00
        826      8.000     2.4064     2.4104     0.0040    0.74280    0.74220          1     8.7501     8.6898       9.96     0.0346  1.240e+00  1.838e+00  1.482e+02     7.3767     7.3694    -0.0073     5.8838     5.8779      7.927      8.101      0.257    1424.04    1424.05  0.000e+00
        885      8.500     2.4025     2.4099     0.0073    0.74272    0.74220          1     8.7439     8.6947       9.96     0.0345  1.072e+00  1.589e+00  1.482e+02     7.3768     7.3694    -0.0073     5.8838     5.8779      8.423      8.607      0.200    1424.03    1424.05  0.000e+00
        937      9.000     2.4041     2.4074     0.0032    0.74277    0.74214          1     8.7346     8.6850       9.96     0.0335  9.363e-01  1.388e+00  1.482e+02     7.3768     7.3694    -0.0074     5.8838     5.8779      8.918      9.113      0.278    1424.04    1424.05  0.000e+00
        981      9.500     2.4061     2.4074     0.0014    0.74282    0.74215          1     8.7482     8.6924       9.95     0.0316  7.985e-01  1.184e+00  1.482e+02     7.3768     7.3693    -0.0075     5.8838     5.8778      9.414      9.620      0.251    1424.06    1424.06  0.000e+00
       1031     10.000     2.4043     2.4096     0.0053    0.74278    0.74220          1     8.7523     8.6911       9.95     0.0295  6.925e-01  1.027e+00  1.482e+02     7.3768     7.3693    -0.0075     5.8838     5.8778      9.909     10.126      0.247    1424.06    1424.07  0.000e+00
       1078     10.500     2.4078     2.4079     0.0001    0.74287    0.74217          1     8.7528     8.6884       9.95     0.0271  5.946e-01  8.815e-01  1.482e+02     7.3768     7.3693    -0.0074     5.8838     5.8778     10.404     10.632      0.251    1424.08    1424.07  0.000e+00
       1130     11.000     2.4087     2.4078    -0.0009    0.74291    0.74218          1     8.7449     8.6862       9.95     0.0245  5.074e-01  7.522e-01  1.482e+02     7.3769     7.3693    -0.0076     5.8839     5.8778     10.900     11.138      0.214    1424.10    1424.08  0.000e+00
       1186     11.500     2.4120     2.4093    -0.0028    0.74298    0.74222          1     8.7458     8.6936       9.95     0.0241  4.359e-01  6.462e-01  1.482e+02     7.3769     7.3694    -0.0075     5.8838     5.8779     11.395     11.645      0.226    1424.12    1424.10  0.000e+00
       1237     12.000     2.4100     2.4102     0.0002    0.74294    0.74224          1     8.7477     8.6942       9.95     0.0245  3.697e-01  5.481e-01  1.482e+02     7.3768     7.3693    -0.0074     5.8838     5.8778     11.891     12.151      0.238    1424.12    1424.11  0.000e+00
       1286     12.500     2.4064     2.4100     0.0036    0.74286    0.74225          1     8.7452     8.6824       9.95     0.0269  3.096e-01  4.589e-01  1.482e+02     7.3767     7.3694    -0.0073     5.8837     5.8779     12.386     12.657      0.255    1424.11    1424.12  0.000e+00
       1332     13.000     2.4110     2.4099    -0.0011    0.74298    0.74225          1     8.7358     8.6918       9.95     0.0268  2.586e-01  3.834e-01  1.482e+02     7.3768     7.3694    -0.0075     5.8838     5.8779     12.882     13.164      0.255    1424.14    1424.12  0.000e+00
       1381     13.500     2.4076     2.4104     0.0029    0.74289    0.74227          1     8.7364     8.6826       9.95     0.0265  2.127e-01  3.154e-01  1.482e+02     7.3767     7.3694    -0.0073     5.8837     5.8779     13.377     13.670      0.241    1424.13    1424.13  0.000e+00
       1434     14.000     2.4035     2.4102     0.0068    0.74280    0.74228          1     8.7463     8.6893       9.95     0.0289  1.723e-01  2.555e-01  1.482e+02     7.3766     7.3695    -0.0071     5.8836     5.8779     13.872     14.176      0.209    1424.12    1424.14  0.000e+00
       1490     14.500     2.4017     2.4097     0.0081    0.74277    0.74227          1     8.7453     8.7030       9.95     0.0286  1.382e-01  2.049e-01  1.482e+02     7.3766     7.3694    -0.0072     5.8837     5.8779     14.368     14.682      0.236    1424.12    1424.15  0.000e+00
       1543     15.000     2.3992     2.4086     0.0094    0.74272    0.74225          1     8.7413     8.6965       9.95     0.0285  1.056e-01  1.565e-01  1.482e+02     7.3766     7.3694    -0.0072     5.8836     5.8779     14.863     15.189      0.208    1424.11    1424.15  0.000e+00
       1597     15.500     2.3954     2.4057     0.0103    0.74264    0.74220          1     8.7318     8.6867       9.95     0.0285  7.815e-02  1.159e-01  1.482e+02     7.3765     7.3694    -0.0071     5.8836     5.8779     15.359     15.695      0.268    1424.10    1424.14  0.000e+00
       1639     16.000     2.3966     2.4030     0.0064    0.74267    0.74214          1     8.7354     8.6939       9.95     0.0286  5.166e-02  7.659e-02  1.482e+02     7.3765     7.3693    -0.0072     5.8836     5.8778     15.854     16.201      0.261    1424.12    1424.14  0.000e+00
       1694     16.500     2.3996     2.4013     0.0017    0.74276    0.74211          1     8.7466     8.6950       9.95     0.0283  2.944e-02  4.365e-02  1.482e+02     7.3767     7.3693    -0.0073     5.8837     5.8778     16.350     16.708      0.216    1424.14    1424.14  0.000e+00
       1742     17.000     2.4004     2.4002    -0.0002    0.74278    0.74208          1     8.7457     8.6858       9.95     0.0266  9.430e-03  1.398e-02  1.482e+02     7.3767     7.3693    -0.0074     5.8837     5.8778     16.845     17.214      0.264    1424.15    1424.14  0.000e+00
       1798     17.500     2.4007     2.4011     0.0004    0.74279    0.74211          1     8.7487     8.6960       9.95     0.0266  5.795e-05  8.591e-05  1.482e+02     7.3766     7.3693    -0.0074     5.8837     5.8778     17.340     17.720      0.196    1424.16    1424.15  0.000e+00
       1853     18.000     2.4012     2.4013     0.0001    0.74282    0.74212          1     8.7554     8.6957       9.95     0.0273 -9.651e-09 -1.431e-08  1.482e+02     7.3767     7.3692    -0.0075     5.8837     5.8777     17.836     18.226      0.277    1424.17    1424.16  0.000e+00
       1898     18.500     2.4031     2.4024    -0.0007    0.74287    0.74215          1     8.7502     8.6978       9.95     0.0263  6.745e-13  1.000e-12  1.482e+02     7.3767     7.3693    -0.0075     5.8837     5.8778     18.331     18.733      0.229    1424.19    1424.17  0.000e+00
       1955     19.000     2.4059     2.4042    -0.0018    0.74294    0.74221          1     8.7453     8.6968       9.95     0.0274  6.745e-13  1.000e-12  1.482e+02     7.3767     7.3694    -0.0074     5.8837     5.8779     18.827     19.239      0.256    1424.21    1424.19  0.000e+00
       1994     19.500     2.4092     2.4053    -0.0040    0.74302    0.74223          1     8.7427     8.6907       9.95     0.0280  6.745e-13  1.000e-12  1.482e+02     7.3768     7.3694    -0.0074     5.8838     5.8778     19.322     19.745      0.282    1424.23    1424.21  0.000e+00
       2049     20.000     2.4105     2.4075    -0.0030    0.74305    0.74229          1     8.7532     8.6846       9.95     0.0270  6.745e-13  1.000e-12  1.482e+02     7.3768     7.3694    -0.0074     5.8838     5.8779     19.818     20.252      0.206    1424.25    1424.22  0.000e+00
       2101     20.500     2.4084     2.4091     0.0007    0.74300    0.74233          1     8.7449     8.6789       9.95     0.0266  6.745e-13  1.000e-12  1.482e+02     7.3767     7.3694    -0.0073     5.8837     5.8779     20.313     20.758      0.261    1424.24    1424.24  0.000e+00
       2152     21.000     2.4087     2.4094     0.0007    0.74302    0.74235          1     8.7373     8.6837       9.95     0.0281  6.745e-13  1.000e-12  1.482e+02     7.3767     7.3694    -0.0073     5.8837     5.8779     20.808     21.264      0.215    1424.25    1424.25  0.000e+00
       2203     21.500     2.4089     2.4104     0.0015    0.74303    0.74238          1     8.7381     8.6826       9.95     0.0308  6.745e-13  1.000e-12  1.482e+02     7.3767     7.3694    -0.0073     5.8837     5.8779     21.304     21.770      0.268    1424.26    1424.26  0.000e+00
       2248     22.000     2.4112     2.4100    -0.0013    0.74309    0.74237          1     8.7334     8.6735       9.95     0.0312  6.745e-13  1.000e-12  1.482e+02     7.3767     7.3694    -0.0073     5.8837     5.8779     21.799     22.277      0.252    1424.28    1424.26  0.000e+00
       2298     22.500     2.4123     2.4109    -0.0013    0.74312    0.74240          1     8.7483     8.6720       9.95     0.0316  6.745e-13  1.000e-12  1.482e+02     7.3767     7.3694    -0.0074     5.8837     5.8779     22.295     22.783      0.248    1424.29    1424.28  0.000e+00
       2344     23.000     2.4176     2.4125    -0.0051    0.74326    0.74244          1     8.7496     8.6840       9.95     0.0318  6.745e-13  1.000e-12  1.482e+02     7.3769     7.3694    -0.0076     5.8839     5.8778     22.790     23.289      0.256    1424.32    1424.29  0.000e+00
       2396     23.500     2.4178     2.4140    -0.0038    0.74327    0.74248          1     8.7397     8.6893       9.95     0.0317  6.745e-13  1.000e-12  1.482e+02     7.3769     7.3694    -0.0075     5.8839     5.8779     23.285     23.796      0.220    1424.33    1424.31  0.000e+00
       2447     24.000     2.4179     2.4159    -0.0020    0.74327    0.74253          1     8.7322     8.6885       9.95     0.0311  6.745e-13  1.000e-12  1.482e+02     7.3768     7.3694    -0.0074     5.8838     5.8779     23.781     24.302      0.244    1424.34    1424.32  0.000e+00
       2499     24.500     2.4187     2.4167    -0.0020    0.74330    0.74256          1     8.7318     8.6850       9.95     0.0319  6.745e-13  1.000e-12  1.482e+02     7.3768     7.3695    -0.0074     5.8838     5.8779     24.276     24.808      0.226    1424.35    1424.33  0.000e+00
       2547     25.000     2.4188     2.4181    -0.0007    0.74330    0.74260          1     8.7281     8.6830       9.95     0.0302  6.745e-13  1.000e-12  1.482e+02     7.3768     7.3695    -0.0073     5.8838     5.8779     24.772     25.314      0.276    1424.36    1424.35  0.000e+00
       2593     25.500     2.4189     2.4195     0.0007    0.74331    0.74264          1     8.7425     8.6850       9.95     0.0303  6.745e-13  1.000e-12  1.482e+02     7.3768     7.3695    -0.0073     5.8838     5.8780     25.267     25.821      0.239    1424.37    1424.36  0.000e+00
       2645     26.000     2.4192     2.4198     0.0007    0.74332    0.74265          1     8.7478     8.6786       9.95     0.0299  6.745e-13  1.000e-12  1.482e+02     7.3768     7.3695    -0.0073     5.8838     5.8780     25.762     26.327      0.245    1424.38    1424.37  0.000e+00
       2690     26.500     2.4197     2.4192    -0.0005    0.74334    0.74264          1     8.7457     8.6872       9.95     0.0303  6.745e-13  1.000e-12  1.482e+02     7.3768     7.3695    -0.0073     5.8838     5.8779     26.258     26.833      0.278    1424.39    1424.38  0.000e+00
       2739     27.000     2.4193     2.4197     0.0005    0.74333    0.74266          1     8.7426     8.6891       9.95     0.0293  6.745e-13  1.000e-12  1.482e+02     7.3767     7.3694    -0.0073     5.8837     5.8779     26.753     27.340      0.212    1424.39    1424.39  0.000e+00
       2794     27.500     2.4195     2.4200     0.0006    0.74334    0.74267          1     8.7428     8.6792       9.95     0.0296  6.745e-13  1.000e-12  1.482e+02     7.3767     7.3695    -0.0073     5.8838     5.8779     27.249     27.846      0.272    1424.40    1424.40  0.000e+00
       2836     28.000     2.4198     2.4203     0.0005    0.74336    0.74268          1     8.7509     8.6883       9.95     0.0316  6.745e-13  1.000e-12  1.482e+02     7.3767     7.3694    -0.0073     5.8838     5.8779     27.744     28.352      0.254    1424.41    1424.41  0.000e+00
