ctdpy/tests/etc/all_smhi_bas_2018/SBE09_1044_20181016_1821_34_01_0098.cnv
* Sea-Bird SBE 9 Data File:
* FileName = C:\LUOTAUS\DATA_IN\hex_in\SMHI\ar18d098.hex
* Software Version Seasave V 7.23.2
* Temperature SN = 5351
* Conductivity SN = 3941
* Number of Bytes Per Scan = 30
* Number of Voltage Words = 4
* Number of Scans Averaged by the Deck Unit = 1
** Station:  BY4
** Operator:  DBSj
** Ship: ARANDA
** Average sound velocity: 1460.58 m/s
** True-depth calculation Tue, 16 Oct 2018 19:08:04 +0000
** CTD Python Module SMHI /ver 3-12/ feb 2012 
** LIMS Job: 20183401-0098
** Cruise: SMHI-4-2018
** Latitude [GG MM.mm N]: 55 22.982 N
** Longitude [GG MM.mm E] 15 20.021 E
# nquan = 26
# nvalues = 173                         
# units = specified
# name 0 = scan: Scan Count
# name 1 = prDM: Pressure, Digiquartz [db]
# name 2 = t090C: Temperature [ITS-90, deg C]
# name 3 = t190C: Temperature, 2 [ITS-90, deg C]
# name 4 = T2-T190C: Temperature Difference, 2 - 1 [ITS-90, deg C]
# name 5 = c0S/m: Conductivity [S/m]
# name 6 = c1S/m: Conductivity, 2 [S/m]
# name 7 = pumps: Pump Status
# name 8 = sbeox0ML/L: Oxygen, SBE 43 [ml/l]
# name 9 = sbeox1ML/L: Oxygen, SBE 43, 2 [ml/l]
# name 10 = altM: Altimeter [m]
# name 11 = flECO-AFL: Chl-a Fluorescence, WET Labs ECO-AFL/FL [mg/m^3]
# name 12 = flECO-AFL1: Phycocyanin Fluorescence, WET Labs ECO-AFL/FL, 2 [mg/m^3]
# name 13 = par: PAR/Irradiance, Biospherical/Lico [µE/(cm^2*s)]
# name 14 = turbWETntu0: Turbidity, WET Labs ECO [NTU]
# name 15 = sal00: Salinity, Practical [PSU]
# name 16 = sal11: Salinity, Practical, 2 [PSU]
# name 17 = secS-priS: Salinity, Practical, Difference, 2 - 1 [PSU]
# name 18 = sigma-t00: Density [sigma-t, Kg/m^3 ]
# name 19 = sigma-t11: Density, 2 [sigma-t, Kg/m^3 ]
# name 20 = depSM: Depth [salt water, m], lat = 0
# name 21 = depFM: Depth [true depth, m], lat = 0
# name 22 = dz/dtM: Descent Rate [m/s], WS = 2
# name 23 = svCM: Sound Velocity [Chen-Millero, m/s]
# name 24 = svCM1: Sound Velocity, 2 [Chen-Millero, m/s]
# name 25 = flag: flag
# span 0 =      14642,      18746       
# span 1 =      1.500,     87.500       
# span 2 =     6.3426,    12.8191       
# span 3 =     6.3401,    12.8180       
# span 4 =    -0.0458,     0.0828       
# span 5 =   0.856139,   2.018557       
# span 6 =   0.856190,   2.018550       
# span 7 =          1,          1       
# span 8 =    0.04402,    7.73299       
# span 9 =    0.08858,    7.22433       
# span 10 =       3.17,      98.99      
# span 11 =     0.2280,     1.9379      
# span 12 =     0.1576,     0.4987      
# span 13 = 1.0000e-12, 2.1201e-02      
# span 14 =     0.1734,     4.0176      
# span 15 =     7.4453,    16.7188      
# span 16 =     7.4465,    16.7182      
# span 17 =    -0.0690,     0.0485      
# span 18 =     5.3003,    12.8966      
# span 19 =     5.3003,    12.8958      
# span 20 =      1.492,     87.001      
# span 21 =      1.520,     88.394      
# span 22 =      0.123,      0.634      
# span 23 =    1442.49,    1474.13      
# span 24 =    1442.47,    1474.13      
# span 25 = 0.0000e+00, 0.0000e+00      
# interval = decibars: 0.5              
# start_time = Oct 16 2018 18:21:14 [System UTC, header]
# bad_flag = -9.990e-29
*END*
[from data line 112]
      17193     57.500     9.8738     9.8731    -0.0007    1.53923    1.53628          1     2.1983     2.2260      33.82     0.2549     0.1576  1.000e-12  0.2513000    12.9824    12.9558    -0.0267     9.8329     9.8123     57.176     58.203      0.516    1463.61    1463.57  0.000e+00
      17214     58.000     9.8563     9.8595     0.0031    1.56648    1.56266          1     1.9552     1.9967      33.33     0.2566     0.1719  1.000e-12  0.2300000    13.2385    13.2023    -0.0362    10.0340    10.0054     57.673     58.707      0.593    1463.86    1463.82  0.000e+00
      17233     58.500     9.7924     9.7951     0.0027    1.58401    1.58279          1     1.7155     1.7778      32.85     0.2501     0.1713  1.000e-12  0.2025000    13.4230    13.4108    -0.0122    10.1850    10.1752     58.170     59.211      0.634    1463.84    1463.84  0.000e+00
      17252     59.000     9.7795     9.7809     0.0015    1.59546    1.59340          1     1.4788     1.5669      31.97     0.2379     0.1684  1.000e-12  0.1772000    13.5332    13.5136    -0.0196    10.2721    10.2568     58.668     59.715      0.608    1463.93    1463.92  0.000e+00
      17273     59.500     9.6525     9.6511    -0.0014    1.61101    1.60827          1     1.2325     1.3482      31.62     0.2711     0.2217  1.000e-12  0.1881000    13.7245    13.6998    -0.0248    10.4361    10.4170     59.165     60.220      0.526    1463.69    1463.65  0.000e+00
      17299     60.000     9.7525     9.7552     0.0026    1.63576    1.63387          1     0.9990     1.1325      31.11     0.2847     0.2483  1.000e-12  0.2420000    13.9150    13.8966    -0.0185    10.5722    10.5575     59.662     60.724      0.469    1464.31    1464.30  0.000e+00
      17324     60.500     9.5047     9.5216     0.0168    1.63761    1.63844          1     0.7354     0.8910      30.74     0.2847     0.2234  1.000e-12  0.2545000    14.0282    14.0294     0.0012    10.6896    10.6885     60.159     61.227      0.519    1463.50    1463.57  0.000e+00
      17345     61.000     9.2413     9.2408    -0.0004    1.63362    1.63317          1     0.5697     0.7252      30.31     0.2853     0.2333  1.000e-12  0.2958000    14.0938    14.0898    -0.0040    10.7713    10.7683     60.656     61.731      0.600    1462.57    1462.56  0.000e+00
      17364     61.500     9.2250     9.2254     0.0004    1.64047    1.63927          1     0.4936     0.6316      29.79     0.2847     0.2349  1.000e-12  0.3010000    14.1644    14.1530    -0.0114    10.8281    10.8192     61.153     62.235      0.629    1462.60    1462.58  0.000e+00
      17383     62.000     9.1652     9.1736     0.0083    1.64861    1.64834          1     0.3922     0.5184      29.26     0.2883     0.2305  1.000e-12  0.3209000    14.2646    14.2587    -0.0058    10.9129    10.9074     61.650     62.739      0.596    1462.49    1462.52  0.000e+00
      17405     62.500     9.1208     9.1058    -0.0155    1.65915    1.65658          1     0.3076     0.4261      28.77     0.3015     0.1788  1.000e-12  0.3640000    14.3813    14.3631    -0.0182    11.0089    10.9964     62.147     63.243      0.535    1462.47    1462.39  0.000e+00
      17428     63.000     9.6077     9.5944    -0.0129    1.70915    1.70407          1     0.3489     0.4398      28.22     0.3211     0.2597  1.000e-12  0.3985000    14.6528    14.6107    -0.0421    11.1631    11.1319     62.644     63.746      0.505    1464.70    1464.59  0.000e+00
      17452     63.500     9.6139     9.6240     0.0102    1.72486    1.72464          1     0.3192     0.4037      27.73     0.2868     0.2402  1.000e-12  0.4148000    14.7971    14.7909    -0.0062    11.2746    11.2685     63.141     64.250      0.523    1464.90    1464.94  0.000e+00
      17474     64.000     9.2957     9.3069     0.0111    1.72425    1.72421          1     0.1953     0.2987      27.20     0.2893     0.2566  1.000e-12  0.4452000    14.9227    14.9177    -0.0050    11.4102    11.4050     63.639     64.754      0.569    1463.84    1463.87  0.000e+00
      17494     64.500     9.2316     9.2269    -0.0045    1.73703    1.73306          1     0.1184     0.2294      26.77     0.3071     0.2779  1.000e-12  0.4226000    15.0697    15.0342    -0.0355    11.5321    11.5051     64.136     65.257      0.601    1463.77    1463.71  0.000e+00
      17514     65.000     9.3766     9.3806     0.0039    1.76513    1.76429          1     0.1001     0.2052      26.25     0.3031     0.2852  1.000e-12  0.4098000    15.2733    15.2637    -0.0096    11.6735    11.6656     64.633     65.760      0.593    1464.59    1464.60  0.000e+00
      17535     65.500     8.8835     8.9108     0.0273    1.74424    1.74828          1     0.0909     0.1895      25.75     0.2927     0.2100  1.000e-12  0.4297000    15.2856    15.3124     0.0268    11.7399    11.7577     65.130     66.264      0.549    1462.69    1462.83  0.000e+00
      17558     66.000     8.6165     8.6207     0.0041    1.73994    1.73863          1     0.0769     0.1663      25.19     0.3048     0.2592  1.000e-12  0.4979000    15.3596    15.3451    -0.0144    11.8278    11.8161     65.627     66.767      0.503    1461.75    1461.75  0.000e+00
      17582     66.500     9.0486     9.0230    -0.0255    1.77799    1.77111          1     0.0740     0.1491      24.62     0.3101     0.2414  1.000e-12  0.5171000    15.5352    15.4809    -0.0543    11.9157    11.8763     66.124     67.270      0.511    1463.66    1463.50  0.000e+00
      17605     67.000     9.4364     9.4356    -0.0006    1.80959    1.80818          1     0.0752     0.1414      24.10     0.3610     0.2455  1.000e-12  0.9565000    15.6659    15.6530    -0.0129    11.9719    11.9619     66.621     67.774      0.566    1465.33    1465.31  0.000e+00
      17625     67.500     9.7365     9.7316    -0.0051    1.83689    1.83394          1     0.0796     0.1377      23.60     0.3721     0.2388  1.000e-12  1.8433000    15.7914    15.7658    -0.0255    12.0326    12.0134     67.118     68.277      0.610    1466.65    1466.60  0.000e+00
      17644     68.000     9.8974     9.8959    -0.0015    1.85220    1.85112          1     0.0793     0.1349      23.14     0.3660     0.2249  1.000e-12  1.9679000    15.8640    15.8545    -0.0095    12.0689    12.0617     67.615     68.780      0.608    1467.36    1467.34  0.000e+00
      17665     68.500     9.9757     9.9681    -0.0079    1.86227    1.86013          1     0.0777     0.1348      22.62     0.3667     0.2485  1.000e-12  2.1070000    15.9233    15.9068    -0.0165    12.1050    12.0931     68.112     69.283      0.560    1467.74    1467.69  0.000e+00
      17688     69.000    10.1907    10.1858    -0.0047    1.88638    1.88457          1     0.1174     0.1661      22.08     0.3687     0.2511  1.000e-12  2.2066000    16.0528    16.0382    -0.0146    12.1777    12.1670     68.609     69.786      0.502    1468.71    1468.68  0.000e+00
      17712     69.500    10.2903    10.2942     0.0037    1.90626    1.90489          1     0.2959     0.3183      21.53     0.3446     0.1948  1.000e-12  1.6760000    16.1928    16.1784    -0.0144    12.2733    12.2616     69.107     70.290      0.498    1469.27    1469.27  0.000e+00
      17735     70.000    10.4393    10.4319    -0.0070    1.93201    1.92926          1     0.6209     0.5915      21.12     0.3231     0.2170  1.000e-12  1.0056000    16.3643    16.3423    -0.0221    12.3865    12.3704     69.604     70.793      0.551    1470.04    1469.99  0.000e+00
      17756     70.500    10.8364    10.7984    -0.0381    1.96983    1.96246          1     0.9212     0.8385      20.63     0.3047     0.2356  1.000e-12  1.0126000    16.5332    16.4828    -0.0504    12.4626    12.4289     70.101     71.296      0.604    1471.73    1471.53  0.000e+00
      17775     71.000    11.1257    11.1053    -0.0204    1.99695    1.99537          1     1.0712     0.9660      20.18     0.2856     0.2347  1.000e-12  0.6669000    16.6512    16.6460    -0.0052    12.5136    12.5125     70.598     71.799      0.611    1472.96    1472.88  0.000e+00
      17795     71.500    11.1214    11.1225     0.0012    1.99677    1.99684          1     1.0953     1.0047      19.61     0.2829     0.2346  1.000e-12  0.5017000    16.6514    16.6516     0.0001    12.5145    12.5144     71.095     72.302      0.573    1472.95    1472.96  0.000e+00
      17818     72.000    11.1190    11.1224     0.0034    1.99636    1.99662          1     1.0599     0.9970      19.10     0.2883     0.1886  1.000e-12  0.4468000    16.6486    16.6495     0.0009    12.5126    12.5128     71.592     72.805      0.519    1472.95    1472.96  0.000e+00
      17841     72.500    11.1062    11.1066     0.0004    1.99530    1.99527          1     1.0291     0.9826      18.57     0.2893     0.2193  1.000e-12  0.4586000    16.6446    16.6442    -0.0005    12.5114    12.5109     72.089     73.308      0.500    1472.90    1472.90  0.000e+00
      17866     73.000    11.1043    11.1051     0.0008    1.99498    1.99495          1     1.0159     0.9795      18.09     0.2848     0.2455  1.000e-12  0.4370000    16.6425    16.6418    -0.0006    12.5100    12.5094     72.586     73.811      0.488    1472.90    1472.90  0.000e+00
      17891     73.500    11.2832    11.2938     0.0106    2.00938    2.00835          1     1.0138     0.9819      17.58     0.2811     0.2417  1.000e-12  0.3992000    16.6925    16.6784    -0.0142    12.5229    12.5104     73.083     74.314      0.482    1473.63    1473.65  0.000e+00
      17916     74.000    11.4092    11.4104     0.0011    2.01856    2.01855          1     1.0134     0.9824      17.08     0.3022     0.2048  1.000e-12  0.3680000    16.7188    16.7182    -0.0006    12.5250    12.5244     73.580     74.817      0.462    1474.13    1474.13  0.000e+00
      17943     74.500    11.3976    11.3966    -0.0010    2.01763    2.01758          1     1.0065     0.9800      16.51     0.2954     0.2364  1.000e-12  0.3712000    16.7155    16.7155    -0.0000    12.5242    12.5243     74.077     75.319      0.410    1474.09    1474.09  0.000e+00
      17975     75.000    11.3853    11.3852    -0.0001    2.01663    2.01662          1     0.9969     0.9722      15.96     0.2866     0.2371  1.000e-12  0.3568000    16.7119    16.7118    -0.0001    12.5232    12.5231     74.574     75.822      0.367    1474.05    1474.05  0.000e+00
      18008     75.500    11.3591    11.3593     0.0002    2.01468    2.01473          1     0.9751     0.9559      15.44     0.2855     0.2890  1.000e-12  0.3462000    16.7059    16.7063     0.0004    12.5223    12.5226     75.071     76.325      0.379    1473.95    1473.95  0.000e+00
      18038     76.000    11.3291    11.3335     0.0044    2.01250    2.01283          1     0.9450     0.9290      14.96     0.2851     0.2610  1.000e-12  0.3812000    16.6996    16.7006     0.0010    12.5218    12.5219     75.569     76.828      0.429    1473.85    1473.86  0.000e+00
      18064     76.500    11.3016    11.3019     0.0004    2.01051    2.01066          1     0.8831     0.8822      14.50     0.2981     0.2036  1.000e-12  0.3796000    16.6938    16.6951     0.0012    12.5213    12.5222     76.066     77.331      0.452    1473.74    1473.75  0.000e+00
      18092     77.000    11.1853    11.1908     0.0056    2.00302    2.00383          1     0.7863     0.8042      13.94     0.2790     0.2205  1.000e-12  0.3934000    16.6782    16.6830     0.0049    12.5260    12.5290     76.563     77.834      0.394    1473.31    1473.33  0.000e+00
      18126     77.500    11.0115    11.0262     0.0147    1.99161    1.99343          1     0.6352     0.6787      13.37     0.3040     0.1761  1.000e-12  0.4319000    16.6525    16.6624     0.0099    12.5309    12.5365     77.060     78.337      0.343    1472.64    1472.71  0.000e+00
      18159     78.000    10.1988    10.2392     0.0404    1.94019    1.94738          1     0.3988     0.4858      12.88     0.3118     0.1868  1.000e-12  0.5218000    16.5463    16.5947     0.0485    12.5590    12.5912     77.557     78.840      0.410    1469.48    1469.69  0.000e+00
      18186     78.500     9.2109     9.2408     0.0298    1.88329    1.88703          1     0.2354     0.3411      12.03     0.3132     0.2426  1.000e-12  0.8148000    16.4625    16.4842     0.0218    12.6189    12.6322     78.054     79.343      0.437    1465.62    1465.76  0.000e+00
      18215     79.000     8.8789     8.8858     0.0069    1.86403    1.86514          1     0.1366     0.2365      11.45     0.3335     0.2112  1.000e-12  1.1344000    16.4311    16.4385     0.0075    12.6336    12.6387     78.551     79.846      0.374    1464.30    1464.33  0.000e+00
      18250     79.500     8.5950     8.6029     0.0079    1.84750    1.84881          1     0.0652     0.1529      10.98     0.3520     0.2867  1.000e-12  1.5418000    16.4027    16.4117     0.0090    12.6440    12.6501     79.048     80.349      0.362    1463.16    1463.20  0.000e+00
      18280     80.000     8.4884     8.4883    -0.0002    1.84920    1.84836          1     0.0469     0.1205      10.52     0.3644     0.2722  1.000e-12  2.1394000    16.4686    16.4604    -0.0082    12.7073    12.7009     79.545     80.852      0.412    1462.83    1462.82  0.000e+00
      18309     80.500     8.4684     8.4700     0.0016    1.85104    1.85122          1     0.0627     0.1234      10.12     0.3750     0.2624  1.000e-12  2.4843000    16.4955    16.4966     0.0010    12.7306    12.7312     80.042     81.355      0.399    1462.79    1462.80  0.000e+00
      18340     81.000     8.2401     8.2479     0.0078    1.83849    1.84028          1     0.0772     0.1325       9.73     0.4097     0.2710  1.000e-12  2.4422000    16.4798    16.4935     0.0138    12.7432    12.7531     80.539     81.858      0.397    1461.88    1461.93  0.000e+00
      18369     81.500     7.8413     7.8495     0.0082    1.81681    1.81827          1     0.0767     0.1287       9.27     0.4210     0.2426  1.000e-12  2.6249000    16.4539    16.4644     0.0105    12.7651    12.7725     81.036     82.361      0.423    1460.27    1460.31  0.000e+00
      18398     82.000     7.7043     7.7061     0.0018    1.80988    1.81006          1     0.0727     0.1243       8.78     0.4147     0.2595  1.000e-12  2.7587000    16.4498    16.4506     0.0008    12.7759    12.7764     81.533     82.863      0.375    1459.72    1459.73  0.000e+00
      18434     82.500     7.6948     7.6962     0.0014    1.81014    1.81010          1     0.0712     0.1175       8.22     0.4525     0.2299  1.000e-12  2.6269000    16.4567    16.4556    -0.0011    12.7823    12.7813     82.030     83.366      0.332    1459.70    1459.70  0.000e+00
      18467     83.000     7.6993     7.6979    -0.0013    1.81218    1.81174          1     0.0675     0.1123       7.74     0.4511     0.2221  1.000e-12  2.4027000    16.4745    16.4709    -0.0036    12.7958    12.7931     82.527     83.869      0.428    1459.75    1459.74  0.000e+00
      18493     83.500     7.7540     7.7558     0.0017    1.81713    1.81706          1     0.0623     0.1110       7.28     0.4551     0.2229  1.000e-12  1.8287000    16.4976    16.4961    -0.0015    12.8083    12.8070     83.024     84.372      0.459    1460.00    1460.01  0.000e+00
      18521     84.000     7.7598     7.7582    -0.0016    1.81777    1.81762          1     0.0622     0.1071       6.73     0.4462     0.2593  1.000e-12  1.7830000    16.5010    16.5004    -0.0007    12.8104    12.8100     83.522     84.875      0.371    1460.04    1460.03  0.000e+00
      18557     84.500     7.7582     7.7586     0.0003    1.81797    1.81791          1     0.0544     0.0976       6.16     0.4314     0.2393  1.000e-12  1.7265000    16.5036    16.5029    -0.0007    12.8126    12.8120     84.019     85.378      0.346    1460.04    1460.04  0.000e+00
