ctdpy/tests/etc/all_smhi_bas_2018/SBE09_1044_20180415_2307_34_07_0002.cnv
* Sea-Bird SBE 9 Data File:
* FileName = C:\ctd\temp\2018\AU18D002.hex
* Software Version Seasave V 7.26.6.26
* Temperature SN = 5351
* Conductivity SN = 3941
* Number of Bytes Per Scan = 41
* Number of Voltage Words = 4
* Number of Scans Averaged by the Deck Unit = 1
* NMEA Latitude = 58 15.60 N
* NMEA Longitude = 011 26.15 E
* NMEA UTC (Time) = Apr 15 2018  23:07:40
* NMEA baud rate = 4800
** Station:  Slaggo
** Operator:  SSip
** Ship: AURA
** Average sound velocity: 1469.90 m/s
** True-depth calculation Mon, 16 Apr 2018 00:23:05 +0000
** CTD Python Module SMHI /ver 3-12/ feb 2012 
** LIMS Job: 20183407-0002
** Cruise: SMHI-01-2018
** Latitude [GG MM.mm N] :
** Longitude [GG MM.mm E]:
# nquan = 26
# nvalues = 147                         
# units = specified
# name 0 = scan: Scan Count
# name 1 = prDM: Pressure, Digiquartz [db]
# name 2 = t090C: Temperature [ITS-90, deg C]
# name 3 = t190C: Temperature, 2 [ITS-90, deg C]
# name 4 = T2-T190C: Temperature Difference, 2 - 1 [ITS-90, deg C]
# name 5 = c0S/m: Conductivity [S/m]
# name 6 = c1S/m: Conductivity, 2 [S/m]
# name 7 = pumps: Pump Status
# name 8 = sbeox0ML/L: Oxygen, SBE 43 [ml/l]
# name 9 = sbeox1ML/L: Oxygen, SBE 43, 2 [ml/l]
# name 10 = altM: Altimeter [m]
# name 11 = flECO-AFL: Chl-a Fluorescence, WET Labs ECO-AFL/FL [mg/m^3]
# name 12 = flECO-AFL1: Phycocyanin Fluorescence, WET Labs ECO-AFL/FL, 2 [mg/m^3]
# name 13 = par: PAR/Irradiance, Biospherical/Lico [µE/(cm^2*s)]
# name 14 = turbWETntu0: Turbidity, WET Labs ECO [NTU]
# name 15 = sal00: Salinity, Practical [PSU]
# name 16 = sal11: Salinity, Practical, 2 [PSU]
# name 17 = secS-priS: Salinity, Practical, Difference, 2 - 1 [PSU]
# name 18 = sigma-t00: Density [sigma-t, Kg/m^3 ]
# name 19 = sigma-t11: Density, 2 [sigma-t, Kg/m^3 ]
# name 20 = depSM: Depth [salt water, m], lat = 58.26
# name 21 = depFM: Depth [true depth, m], lat = 58.26
# name 22 = dz/dtM: Descent Rate [m/s], WS = 2
# name 23 = svCM: Sound Velocity [Chen-Millero, m/s]
# name 24 = svCM1: Sound Velocity, 2 [Chen-Millero, m/s]
# name 25 = flag: flag
# span 0 =       8275,      11869       
# span 1 =      0.500,     73.500       
# span 2 =     3.5463,     6.5894       
# span 3 =     3.5431,     6.5902       
# span 4 =    -0.0235,     0.0524       
# span 5 =   2.103815,   3.445314       
# span 6 =   2.104460,   3.445356       
# span 7 =          1,          1       
# span 8 =    4.84919,    8.09934       
# span 9 =    4.78144,    8.01354       
# span 10 =       1.94,      98.73      
# span 11 =     0.0800,     0.7760      
# span 12 =     0.1424,     0.3254      
# span 13 = -1.717e-05, 2.7998e+00      
# span 14 =     0.3945,     1.8062      
# span 15 =    21.2525,    34.4586      
# span 16 =    21.2627,    34.4583      
# span 17 =    -0.0980,     0.0489      
# span 18 =    16.8259,    27.0481      
# span 19 =    16.8344,    27.0477      
# span 20 =      0.495,     72.804      
# span 21 =      0.501,     73.062      
# span 22 =     -0.227,      0.523      
# span 23 =    1450.24,    1477.58      
# span 24 =    1450.24,    1477.59      
# span 25 = 0.0000e+00, 0.0000e+00      
# interval = decibars: 0.5              
# start_time = Apr 15 2018 23:07:41 [NMEA time, first data scan]
# bad_flag = -9.990e-29
*END*
[from data line 56]
       9652     28.500     6.3500     6.3503     0.0003    3.38638    3.38633          1     4.8664     4.7929      98.72     0.1302     0.1659  1.000e-12  0.7078000    34.0649    34.0640    -0.0009    26.7690    26.7682     28.233     28.432      0.503    1475.41    1475.42  0.000e+00
       9676     29.000     6.3540     6.3546     0.0006    3.38732    3.38729          1     4.8492     4.7814      98.72     0.1421     0.2023  1.000e-12  0.6976000    34.0711    34.0702    -0.0009    26.7733    26.7725     28.729     28.928      0.500    1475.45    1475.45  0.000e+00
       9700     29.500     6.3602     6.3609     0.0007    3.38889    3.38885          1     4.8708     4.8126      98.72     0.1317     0.2336  1.000e-12  0.7001000    34.0822    34.0810    -0.0011    26.7813    26.7803     29.224     29.424      0.499    1475.49    1475.49  0.000e+00
       9724     30.000     6.3828     6.3825    -0.0002    3.39541    3.39520          1     4.9445     4.8981      98.72     0.1321     0.2255  1.000e-12  0.7482000    34.1322    34.1301    -0.0021    26.8178    26.8162     29.719     29.920      0.502    1475.65    1475.65  0.000e+00
       9748     30.500     6.4007     6.4007    -0.0000    3.40084    3.40072          1     5.0102     4.9597      98.72     0.1334     0.1957  1.000e-12  0.8173000    34.1745    34.1731    -0.0014    26.8488    26.8478     30.214     30.416      0.505    1475.78    1475.78  0.000e+00
       9772     31.000     6.4060     6.4069     0.0009    3.40253    3.40256          1     5.0271     4.9669      98.72     0.1223     0.1856  1.000e-12  0.8587000    34.1878    34.1872    -0.0005    26.8586    26.8581     30.710     30.912      0.503    1475.83    1475.83  0.000e+00
       9796     31.500     6.4061     6.4071     0.0009    3.40252    3.40257          1     5.0189     4.9522      98.72     0.1081     0.2072  1.000e-12  0.8490000    34.1872    34.1869    -0.0003    26.8582    26.8578     31.205     31.408      0.502    1475.84    1475.84  0.000e+00
       9820     32.000     6.4064     6.4073     0.0008    3.40260    3.40263          1     5.0194     4.9509      98.72     0.0898     0.2053  1.000e-12  0.8483000    34.1876    34.1871    -0.0004    26.8584    26.8580     31.700     31.904      0.502    1475.85    1475.85  0.000e+00
       9843     32.500     6.4090     6.4097     0.0007    3.40331    3.40331          1     5.0266     4.9579      98.72     0.0893     0.1925  1.000e-12  0.8756000    34.1927    34.1919    -0.0007    26.8621    26.8614     32.196     32.399      0.502    1475.87    1475.87  0.000e+00
       9867     33.000     6.4101     6.4109     0.0008    3.40365    3.40366          1     5.0267     4.9565      51.15     0.0908     0.2626  1.000e-12  0.8798000    34.1952    34.1945    -0.0007    26.8639    26.8633     32.691     32.895      0.501    1475.89    1475.89  0.000e+00
       9891     33.500     6.4109     6.4115     0.0006    3.40393    3.40388          1     5.0203     4.9603      97.70     0.1020     0.2109  1.000e-12  0.8694000    34.1973    34.1961    -0.0012    26.8655    26.8645     33.186     33.391      0.503    1475.90    1475.90  0.000e+00
       9915     34.000     6.4113     6.4120     0.0007    3.40413    3.40416          1     5.0230     4.9607      98.72     0.1138     0.2077  1.000e-12  0.8864000    34.1989    34.1985    -0.0004    26.8667    26.8663     33.681     33.887      0.505    1475.92    1475.92  0.000e+00
       9939     34.500     6.4168     6.4176     0.0007    3.40561    3.40570          1     5.0415     4.9874      98.72     0.1138     0.2071  1.000e-12  0.8903000    34.2095    34.2097     0.0002    26.8743    26.8744     34.177     34.383      0.503    1475.96    1475.96  0.000e+00
       9963     35.000     6.4286     6.4294     0.0008    3.40804    3.40809          1     5.0777     5.0345      98.72     0.1040     0.2329  1.000e-12  0.9201000    34.2244    34.2243    -0.0001    26.8846    26.8844     34.672     34.879      0.497    1476.03    1476.03  0.000e+00
       9987     35.500     6.4411     6.4416     0.0005    3.41078    3.41074          1     5.1126     5.0658      49.19     0.1208     0.1660  1.000e-12  0.9525000    34.2423    34.2413    -0.0010    26.8970    26.8962     35.167     35.375      0.491    1476.11    1476.11  0.000e+00
      10012     36.000     6.4499     6.4501     0.0002    3.41265    3.41258          1     5.1398     5.0745      70.84     0.1009     0.1519  1.000e-12  0.9668000    34.2540    34.2530    -0.0010    26.9052    26.9043     35.662     35.871      0.492    1476.17    1476.17  0.000e+00
      10036     36.500     6.4556     6.4557     0.0001    3.41392    3.41378          1     5.1485     5.0793      41.28     0.0908     0.1942  1.000e-12  0.9967000    34.2622    34.2606    -0.0016    26.9108    26.9096     36.158     36.367      0.493    1476.21    1476.21  0.000e+00
      10060     37.000     6.4618     6.4625     0.0008    3.41524    3.41532          1     5.1487     5.0818      98.45     0.0893     0.1779  1.000e-12  1.0208000    34.2704    34.2706     0.0002    26.9165    26.9165     36.653     36.863      0.493    1476.25    1476.26  0.000e+00
      10085     37.500     6.4667     6.4675     0.0008    3.41625    3.41628          1     5.1505     5.0850      98.72     0.0903     0.1909  1.000e-12  1.0432000    34.2765    34.2760    -0.0005    26.9206    26.9202     37.148     37.359      0.493    1476.29    1476.29  0.000e+00
      10109     38.000     6.4709     6.4716     0.0007    3.41714    3.41716          1     5.1532     5.0926      98.72     0.0966     0.2291  1.000e-12  1.0772000    34.2820    34.2815    -0.0006    26.9245    26.9239     37.644     37.855      0.501    1476.32    1476.32  0.000e+00
      10133     38.500     6.4723     6.4731     0.0008    3.41781    3.41784          1     5.1562     5.0958      67.12     0.1032     0.2277  1.000e-12  1.0994000    34.2878    34.2872    -0.0005    26.9288    26.9283     38.139     38.351      0.505    1476.34    1476.34  0.000e+00
      10156     39.000     6.4740     6.4747     0.0006    3.41873    3.41870          1     5.1542     5.0878      70.41     0.1021     0.2068  1.000e-12  1.1136000    34.2960    34.2950    -0.0010    26.9351    26.9342     38.634     38.847      0.513    1476.37    1476.37  0.000e+00
      10179     39.500     6.4744     6.4752     0.0008    3.41897    3.41904          1     5.1498     5.0875      35.63     0.0962     0.2208  1.000e-12  1.1311000    34.2981    34.2980    -0.0000    26.9367    26.9366     39.129     39.342      0.521    1476.38    1476.38  0.000e+00
      10202     40.000     6.4799     6.4800     0.0001    3.42061    3.42054          1     5.1434     5.0950      35.76     0.0800     0.2291  1.000e-12  1.1239000    34.3105    34.3096    -0.0009    26.9458    26.9451     39.625     39.838      0.523    1476.42    1476.42  0.000e+00
      10225     40.500     6.4892     6.4900     0.0008    3.42238    3.42240          1     5.1497     5.0993      35.41     0.0934     0.2058  1.000e-12  1.1277000    34.3206    34.3201    -0.0005    26.9525    26.9520     40.120     40.334      0.512    1476.48    1476.48  0.000e+00
      10249     41.000     6.4927     6.4934     0.0007    3.42287    3.42289          1     5.1545     5.0898      34.53     0.1136     0.2011  1.000e-12  1.1908000    34.3223    34.3219    -0.0004    26.9534    26.9530     40.615     40.830      0.501    1476.50    1476.51  0.000e+00
      10273     41.500     6.4940     6.4950     0.0009    3.42305    3.42311          1     5.1570     5.0870      34.09     0.1138     0.2249  1.000e-12  1.1634000    34.3227    34.3225    -0.0002    26.9535    26.9533     41.110     41.326      0.496    1476.52    1476.52  0.000e+00
      10298     42.000     6.4947     6.4955     0.0008    3.42317    3.42321          1     5.1543     5.0918      33.85     0.1138     0.2241  1.000e-12  1.1676000    34.3232    34.3228    -0.0004    26.9538    26.9534     41.606     41.822      0.501    1476.53    1476.53  0.000e+00
      10321     42.500     6.4945     6.4954     0.0009    3.42319    3.42324          1     5.1508     5.0886      66.18     0.0940     0.2013  1.000e-12  1.1721000    34.3234    34.3230    -0.0004    26.9540    26.9536     42.101     42.318      0.502    1476.54    1476.54  0.000e+00
      10345     43.000     6.4958     6.4961     0.0003    3.42341    3.42338          1     5.1532     5.0854      32.76     0.0898     0.2118  1.000e-12  1.1635000    34.3242    34.3236    -0.0006    26.9545    26.9539     42.596     42.814      0.502    1476.55    1476.55  0.000e+00
      10369     43.500     6.5027     6.5030     0.0003    3.42442    3.42436          1     5.1628     5.0882      31.65     0.0903     0.1891  1.000e-12  1.1870000    34.3283    34.3274    -0.0009    26.9568    26.9561     43.091     43.310      0.504    1476.59    1476.59  0.000e+00
      10393     44.000     6.5091     6.5097     0.0006    3.42592    3.42591          1     5.1627     5.0985      31.46     0.0978     0.2625  1.000e-12  1.2533000    34.3383    34.3376    -0.0007    26.9638    26.9632     43.587     43.806      0.503    1476.64    1476.64  0.000e+00
      10417     44.500     6.5232     6.5235     0.0003    3.42941    3.42935          1     5.1647     5.0927      31.19     0.1031     0.2075  1.000e-12  1.1966000    34.3628    34.3618    -0.0010    26.9813    26.9805     44.082     44.301      0.496    1476.73    1476.73  0.000e+00
      10441     45.000     6.5281     6.5284     0.0002    3.43067    3.43060          1     5.1652     5.0907      30.72     0.0885     0.2198  1.000e-12  1.1588000    34.3715    34.3705    -0.0010    26.9875    26.9867     44.577     44.797      0.498    1476.77    1476.77  0.000e+00
      10465     45.500     6.5320     6.5329     0.0009    3.43163    3.43167          1     5.1648     5.0969      30.13     0.0929     0.2084  1.000e-12  1.1937000    34.3780    34.3776    -0.0005    26.9922    26.9917     45.072     45.293      0.501    1476.80    1476.81  0.000e+00
      10489     46.000     6.5340     6.5348     0.0008    3.43208    3.43211          1     5.1583     5.1015      29.63     0.1025     0.1951  1.000e-12  1.2047000    34.3808    34.3804    -0.0004    26.9940    26.9936     45.568     45.789      0.496    1476.82    1476.82  0.000e+00
      10514     46.500     6.5352     6.5360     0.0008    3.43227    3.43229          1     5.1575     5.0973      28.99     0.1026     0.1618  1.000e-12  1.1863000    34.3814    34.3808    -0.0006    26.9944    26.9938     46.063     46.285      0.490    1476.84    1476.84  0.000e+00
      10538     47.000     6.5385     6.5393     0.0008    3.43299    3.43302          1     5.1629     5.0896      28.49     0.0937     0.1926  1.000e-12  1.1949000    34.3859    34.3855    -0.0004    26.9975    26.9970     46.558     46.781      0.491    1476.86    1476.87  0.000e+00
      10563     47.500     6.5411     6.5418     0.0007    3.43361    3.43361          1     5.1609     5.0890      27.79     0.0903     0.2271  1.000e-12  1.2204000    34.3900    34.3892    -0.0008    27.0004    26.9996     47.053     47.277      0.492    1476.89    1476.89  0.000e+00
      10587     48.000     6.5421     6.5430     0.0008    3.43385    3.43390          1     5.1547     5.0924      27.29     0.1065     0.2238  1.000e-12  1.2365000    34.3913    34.3910    -0.0003    27.0013    27.0009     47.549     47.773      0.484    1476.90    1476.90  0.000e+00
      10612     48.500     6.5431     6.5440     0.0009    3.43418    3.43425          1     5.1514     5.0994      26.98     0.0893     0.2236  1.000e-12  1.2258000    34.3938    34.3937    -0.0001    27.0031    27.0029     48.044     48.269      0.485    1476.92    1476.92  0.000e+00
      10637     49.000     6.5433     6.5441     0.0008    3.43425    3.43430          1     5.1491     5.0937      26.63     0.0949     0.1832  1.000e-12  1.2464000    34.3941    34.3938    -0.0003    27.0034    27.0030     48.539     48.764      0.490    1476.93    1476.93  0.000e+00
      10661     49.500     6.5427     6.5435     0.0008    3.43414    3.43416          1     5.1466     5.0855      26.14     0.1093     0.1424  1.000e-12  1.3416000    34.3932    34.3926    -0.0005    27.0027    27.0021     49.034     49.260      0.496    1476.93    1476.93  0.000e+00
      10685     50.000     6.5428     6.5437     0.0009    3.43417    3.43422          1     5.1504     5.0841      24.74     0.0937     0.2156  1.000e-12  1.2688000    34.3932    34.3929    -0.0003    27.0027    27.0023     49.530     49.756      0.500    1476.94    1476.94  0.000e+00
      10709     50.500     6.5445     6.5456     0.0012    3.43460    3.43474          1     5.1523     5.0934      23.60     0.1138     0.1811  1.000e-12  1.2448000    34.3961    34.3964     0.0004    27.0047    27.0049     50.025     50.252      0.501    1476.96    1476.96  0.000e+00
      10733     51.000     6.5457     6.5462     0.0006    3.43494    3.43492          1     5.1505     5.0886      23.64     0.1138     0.2209  1.000e-12  1.2162000    34.3983    34.3976    -0.0008    27.0063    27.0057     50.520     50.748      0.504    1476.97    1476.97  0.000e+00
      10757     51.500     6.5463     6.5472     0.0009    3.43511    3.43515          1     5.1480     5.0841      23.70     0.1138     0.2066  1.000e-12  1.2390000    34.3994    34.3989    -0.0004    27.0071    27.0066     51.015     51.244      0.502    1476.98    1476.99  0.000e+00
      10781     52.000     6.5465     6.5475     0.0010    3.43517    3.43524          1     5.1449     5.0877      23.37     0.1138     0.2201  1.000e-12  1.2712000    34.3995    34.3993    -0.0002    27.0072    27.0069     51.510     51.740      0.496    1476.99    1477.00  0.000e+00
      10805     52.500     6.5471     6.5481     0.0010    3.43532    3.43541          1     5.1444     5.0886      22.87     0.1138     0.2212  1.000e-12  1.2711000    34.4004    34.4003    -0.0001    27.0078    27.0076     52.006     52.236      0.492    1477.01    1477.01  0.000e+00
      10829     53.000     6.5474     6.5484     0.0010    3.43539    3.43549          1     5.1423     5.0896      22.39     0.1138     0.2218  1.000e-12  1.3166000    34.4007    34.4008     0.0001    27.0080    27.0079     52.501     52.731      0.499    1477.01    1477.02  0.000e+00
      10853     53.500     6.5479     6.5488     0.0008    3.43557    3.43561          1     5.1411     5.0866      21.85     0.1052     0.2212  1.000e-12  1.3621000    34.4018    34.4013    -0.0004    27.0088    27.0083     52.996     53.227      0.498    1477.03    1477.03  0.000e+00
      10878     54.000     6.5500     6.5504     0.0004    3.43604    3.43599          1     5.1374     5.0717      21.33     0.1102     0.2268  1.000e-12  1.3373000    34.4047    34.4037    -0.0010    27.0108    27.0100     53.492     53.723      0.499    1477.05    1477.05  0.000e+00
      10901     54.500     6.5522     6.5531     0.0009    3.43657    3.43661          1     5.1278     5.0594      20.86     0.1138     0.2034  1.000e-12  1.3521000    34.4081    34.4076    -0.0005    27.0132    27.0127     53.987     54.219      0.503    1477.07    1477.07  0.000e+00
      10925     55.000     6.5549     6.5560     0.0010    3.43728    3.43735          1     5.1190     5.0491      20.35     0.1088     0.1890  1.000e-12  1.3899000    34.4130    34.4128    -0.0002    27.0167    27.0164     54.482     54.715      0.504    1477.09    1477.10  0.000e+00
      10949     55.500     6.5617     6.5629     0.0012    3.43905    3.43919          1     5.1128     5.0425      19.88     0.1147     0.2247  1.000e-12  1.4443000    34.4256    34.4260     0.0004    27.0257    27.0259     54.977     55.211      0.502    1477.14    1477.15  0.000e+00
