ctdpy/tests/etc/all_smhi_bas_2018/SBE09_1044_20181111_1659_34_01_0131.cnv
* Sea-Bird SBE 9 Data File:
* FileName = C:\ctd\temp\ar18d131.hex
* Software Version Seasave V 7.26.7.107
* Temperature SN = 5351
* Conductivity SN = 3941
* Number of Bytes Per Scan = 41
* Number of Voltage Words = 4
* Number of Scans Averaged by the Deck Unit = 1
* NMEA Latitude = 56 40.14 N
* NMEA Longitude = 012 06.70 E
* NMEA UTC (Time) = Nov 11 2018  16:59:50
* NMEA baud rate = 4800
** Station:  Anholt E
** Operator:  A-KTh
** Ship: ARANDA
** Average sound velocity: 1488.18 m/s
** True-depth calculation Sun, 11 Nov 2018 18:22:57 +0000
** CTD Python Module SMHI /ver 3-12/ feb 2012 
** LIMS Job: 20183401-0131
** Cruise: SMHI-6-2018
** Latitude [GG MM.mm N]:
** Longitude [GG MM.mm E]
# nquan = 26
# nvalues = 112                         
# units = specified
# name 0 = scan: Scan Count
# name 1 = prDM: Pressure, Digiquartz [db]
# name 2 = t090C: Temperature [ITS-90, deg C]
# name 3 = t190C: Temperature, 2 [ITS-90, deg C]
# name 4 = T2-T190C: Temperature Difference, 2 - 1 [ITS-90, deg C]
# name 5 = c0S/m: Conductivity [S/m]
# name 6 = c1S/m: Conductivity, 2 [S/m]
# name 7 = pumps: Pump Status
# name 8 = sbeox0ML/L: Oxygen, SBE 43 [ml/l]
# name 9 = sbeox1ML/L: Oxygen, SBE 43, 2 [ml/l]
# name 10 = altM: Altimeter [m]
# name 11 = flECO-AFL: Chl-a Fluorescence, WET Labs ECO-AFL/FL [mg/m^3]
# name 12 = flECO-AFL1: Phycocyanin Fluorescence, WET Labs ECO-AFL/FL, 2 [mg/m^3]
# name 13 = par: PAR/Irradiance, Biospherical/Lico [µE/(cm^2*s)]
# name 14 = turbWETntu0: Turbidity, WET Labs ECO [NTU]
# name 15 = sal00: Salinity, Practical [PSU]
# name 16 = sal11: Salinity, Practical, 2 [PSU]
# name 17 = secS-priS: Salinity, Practical, Difference, 2 - 1 [PSU]
# name 18 = sigma-t00: Density [sigma-t, Kg/m^3 ]
# name 19 = sigma-t11: Density, 2 [sigma-t, Kg/m^3 ]
# name 20 = depSM: Depth [salt water, m], lat = 56.669
# name 21 = depFM: Depth [true depth, m], lat = 56.669
# name 22 = dz/dtM: Descent Rate [m/s], WS = 2
# name 23 = svCM: Sound Velocity [Chen-Millero, m/s]
# name 24 = svCM1: Sound Velocity, 2 [Chen-Millero, m/s]
# name 25 = flag: flag
# span 0 =      39020,      41929       
# span 1 =      1.500,     57.000       
# span 2 =     9.8944,    12.8492       
# span 3 =     9.8967,    12.8501       
# span 4 =    -0.0261,     0.0105       
# span 5 =   2.222023,   3.884284       
# span 6 =   2.223483,   3.884367       
# span 7 =          1,          1       
# span 8 =    4.40201,    6.77717       
# span 9 =    4.22607,    6.47696       
# span 10 =       4.35,      99.23      
# span 11 =     0.1485,     1.5661      
# span 12 =     0.1465,     0.4124      
# span 13 = -1.176e-04, 1.7706e-01      
# span 14 =     0.1992,     1.2548      
# span 15 =    19.3712,    33.2048      
# span 16 =    19.3838,    33.2046      
# span 17 =    -0.0776,     0.0393      
# span 18 =    14.7947,    25.0588      
# span 19 =    14.8042,    25.0585      
# span 20 =      1.486,     56.470      
# span 21 =      1.506,     56.836      
# span 22 =      0.155,      0.710      
# span 23 =    1470.51,    1498.15      
# span 24 =    1470.53,    1498.15      
# span 25 = 0.0000e+00, 0.0000e+00      
# interval = decibars: 0.5              
# start_time = Nov 11 2018 16:59:50 [NMEA time, first data scan]
# bad_flag = -9.990e-29
*END*
      39020      1.500     9.8944     9.8967     0.0023    2.22202    2.22348          1     6.7532     6.4770      97.49     1.4259     0.3142  1.771e-01  0.2329000    19.3712    19.3838     0.0127    14.7947    14.8042      1.486      1.506      0.242    1470.51    1470.53  0.000e+00
      39042      2.000     9.8970     9.8974     0.0003    2.22615    2.22473          1     6.7772     6.4735      97.45     1.4461     0.3470  1.112e-01  0.2563000    19.4090    19.3953    -0.0138    14.8237    14.8130      1.982      2.007      0.414    1470.58    1470.56  0.000e+00
      39180      2.500     9.8976     9.8998     0.0023    2.22695    2.22826          1     6.7676     6.4643      27.60     1.4480     0.3871  1.641e-02  0.2289000    19.4161    19.4275     0.0113    14.8292    14.8377      2.477      2.509      0.366    1470.59    1470.62  0.000e+00
      39235      3.000     9.8959     9.8971     0.0012    2.22429    2.22413          1     6.7676     6.4664      63.98     1.4069     0.3939  2.516e-02  0.2228000    19.3915    19.3894    -0.0021    14.8103    14.8085      2.973      3.011      0.470    1470.57    1470.57  0.000e+00
      39276      3.500     9.8955     9.8970     0.0015    2.22377    2.22407          1     6.7651     6.4653      39.10     1.4131     0.3430  6.791e-03  0.2265000    19.3867    19.3888     0.0020    14.8066    14.8080      3.468      3.513      0.271    1470.57    1470.57  0.000e+00
      39313      4.000     9.8957     9.8970     0.0013    2.22389    2.22402          1     6.7642     6.4586      49.80     1.3841     0.3284 -1.176e-04  0.2220000    19.3876    19.3882     0.0005    14.8073    14.8075      3.963      4.015      0.439    1470.58    1470.58  0.000e+00
      39337      4.500     9.8970     9.8981     0.0010    2.22582    2.22562          1     6.7671     6.4554      54.96     1.4362     0.3544  3.763e-09  0.2277000    19.4051    19.4027    -0.0024    14.8207    14.8187      4.459      4.517      0.494    1470.61    1470.61  0.000e+00
      39361      5.000     9.9039     9.9042     0.0003    2.23556    2.23454          1     6.7469     6.4503      64.23     1.5450     0.3669  1.000e-12  0.2296000    19.4943    19.4843    -0.0100    14.8890    14.8812      4.954      5.018      0.459    1470.75    1470.74  0.000e+00
      39391      5.500     9.9066     9.9076     0.0010    2.24060    2.24012          1     6.7428     6.4488      69.94     1.4539     0.3647  1.000e-12  0.2373000    19.5407    19.5356    -0.0051    14.9248    14.9207      5.450      5.520      0.388    1470.83    1470.82  0.000e+00
      39420      6.000     9.9153     9.9183     0.0031    2.25513    2.25760          1     6.7460     6.4424      80.32     1.3843     0.4019  1.000e-12  0.2551000    19.6745    19.6965     0.0219    15.0276    15.0442      5.945      6.022      0.496    1471.03    1471.07  0.000e+00
      39441      6.500     9.9196     9.9208     0.0012    2.26220    2.26182          1     6.7396     6.4422      84.27     1.5661     0.4124  1.000e-12  0.2370000    19.7395    19.7353    -0.0042    15.0776    15.0741      6.440      6.524      0.612    1471.13    1471.13  0.000e+00
      39460      7.000     9.9224     9.9243     0.0019    2.26659    2.26730          1     6.7212     6.4370      89.79     1.5565     0.4122  1.000e-12  0.2420000    19.7797    19.7855     0.0058    15.1084    15.1127      6.936      7.025      0.587    1471.20    1471.21  0.000e+00
      39483      7.500     9.9256     9.9280     0.0025    2.27083    2.27301          1     6.7058     6.4213      95.84     1.4641     0.3801  1.000e-12  0.2413000    19.8185    19.8379     0.0194    15.1381    15.1529      7.431      7.527      0.497    1471.27    1471.30  0.000e+00
      39508      8.000     9.9293     9.9332     0.0040    2.27766    2.28200          1     6.7064     6.4061      97.45     1.4261     0.3678  1.000e-12  0.2291000    19.8815    19.9208     0.0393    15.1866    15.2166      7.927      8.029      0.471    1471.37    1471.43  0.000e+00
      39533      8.500     9.9376     9.9396     0.0020    2.29222    2.29280          1     6.6979     6.3948      97.44     1.3878     0.3864  1.000e-12  0.2329000    20.0159    20.0203     0.0044    15.2899    15.2931      8.422      8.530      0.510    1471.57    1471.58  0.000e+00
      39555      9.000     9.9547     9.9549     0.0002    2.32216    2.31967          1     6.6799     6.3790      97.45     1.3983     0.3680  1.000e-12  0.2535000    20.2925    20.2687    -0.0239    15.5026    15.4840      8.917      9.032      0.572    1471.97    1471.95  0.000e+00
      39576      9.500     9.9698     9.9721     0.0023    2.34774    2.34910          1     6.6635     6.3620      97.44     1.3872     0.3411  1.000e-12  0.2913000    20.5288    20.5405     0.0117    15.6842    15.6929      9.413      9.533      0.584    1472.33    1472.35  0.000e+00
      39597     10.000     9.9808     9.9833     0.0024    2.36630    2.36823          1     6.6389     6.3406      97.45     1.4180     0.3498  1.000e-12  0.2353000    20.7002    20.7173     0.0171    15.8158    15.8288      9.908     10.035      0.520    1472.58    1472.61  0.000e+00
      39622     10.500     9.9993    10.0003     0.0010    2.39836    2.39812          1     6.6247     6.3204      97.44     1.4138     0.3392  1.000e-12  0.2324000    20.9968    20.9940    -0.0029    16.0439    16.0415     10.404     10.536      0.487    1473.02    1473.02  0.000e+00
      39645     11.000    10.0192    10.0199     0.0007    2.43101    2.43092          1     6.6068     6.3079      97.45     1.3654     0.3507  1.000e-12  0.2357000    21.2985    21.2973    -0.0012    16.2756    16.2745     10.899     11.037      0.574    1473.46    1473.47  0.000e+00
      39664     11.500    10.0419    10.0430     0.0011    2.46927    2.47016          1     6.5965     6.2960      97.44     1.3124     0.3266  1.000e-12  0.2399000    21.6527    21.6605     0.0079    16.5476    16.5536     11.394     11.538      0.630    1473.99    1474.00  0.000e+00
      39684     12.000    10.0623    10.0646     0.0022    2.50281    2.50486          1     6.5715     6.2751       9.57     1.2618     0.3397  1.000e-12  0.2402000    21.9629    21.9814     0.0185    16.7859    16.7999     11.890     12.039      0.564    1474.44    1474.48  0.000e+00
      39709     12.500    10.0835    10.0871     0.0037    2.53512    2.53880          1     6.5404     6.2575      10.55     1.2411     0.3438  1.000e-12  0.2332000    22.2612    22.2944     0.0332    17.0147    17.0400     12.385     12.540      0.430    1474.89    1474.95  0.000e+00
      39738     13.000    10.0998    10.1031     0.0033    2.55964    2.56220          1     6.5156     6.2464      20.70     1.1964     0.3432  1.000e-12  0.2344000    22.4874    22.5100     0.0227    17.1881    17.2053     12.881     13.041      0.511    1475.24    1475.27  0.000e+00
      39757     13.500    10.1219    10.1224     0.0005    2.59839    2.59776          1     6.5272     6.2390      24.48     1.0905     0.3965  1.000e-12  0.2158000    22.8474    22.8410    -0.0064    17.4648    17.4598     13.376     13.541      0.675    1475.76    1475.75  0.000e+00
      39774     14.000    10.1395    10.1373    -0.0022    2.61602    2.61375          1     6.5250     6.2328      28.94     1.1780     0.3516  1.000e-12  0.2376000    23.0065    22.9860    -0.0205    17.5859    17.5703     13.871     14.042      0.710    1476.03    1475.99  0.000e+00
      39791     14.500    10.1486    10.1498     0.0013    2.62241    2.62272          1     6.5063     6.2208      35.52     1.1688     0.2986  1.000e-12  0.2272000    23.0623    23.0645     0.0022    17.6280    17.6295     14.367     14.542      0.611    1476.14    1476.14  0.000e+00
      39816     15.000    10.1621    10.1638     0.0016    2.63157    2.63189          1     6.4956     6.1969      40.24     1.0851     0.2759  1.000e-12  0.2078000    23.1420    23.1440     0.0020    17.6880    17.6893     14.862     15.043      0.447    1476.29    1476.30  0.000e+00
      39844     15.500    10.1694    10.1702     0.0007    2.63574    2.63553          1     6.4620     6.1609      99.23     0.9918     0.2799  1.000e-12  0.2047000    23.1775    23.1750    -0.0025    17.7145    17.7124     15.357     15.543      0.506    1476.37    1476.37  0.000e+00
      39864     16.000    10.1776    10.1776    -0.0000    2.64198    2.64134          1     6.4368     6.1517      64.99     0.9797     0.2588  1.000e-12  0.1992000    23.2323    23.2262    -0.0062    17.7559    17.7511     15.853     16.043      0.635    1476.47    1476.46  0.000e+00
      39882     16.500    10.1795    10.1799     0.0004    2.64437    2.64622          1     6.4187     6.1444      94.80     0.8982     0.3210  1.000e-12  0.2112000    23.2542    23.2718     0.0176    17.7726    17.7862     16.348     16.544      0.654    1476.52    1476.54  0.000e+00
      39901     17.000    10.1637    10.1654     0.0017    2.74388    2.74478          1     6.3926     6.1283      70.69     0.8774     0.2871  1.000e-12  0.2157000    24.2288    24.2363     0.0075    18.5327    18.5383     16.844     17.044      0.588    1477.64    1477.66  0.000e+00
      39923     17.500    10.1700    10.1701     0.0001    2.77428    2.77305          1     6.3445     6.0882      62.76     0.9437     0.2799  1.000e-12  0.2129000    24.5197    24.5076    -0.0121    18.7579    18.7485     17.339     17.544      0.516    1478.02    1478.01  0.000e+00
      39947     18.000    10.1776    10.1784     0.0009    2.77956    2.77908          1     6.3233     6.0467      78.50     0.9552     0.2643  1.000e-12  0.2176000    24.5657    24.5605    -0.0052    18.7925    18.7883     17.834     18.044      0.518    1478.12    1478.11  0.000e+00
      39969     18.500    10.1787    10.1796     0.0009    2.77987    2.77975          1     6.3239     6.0431      92.14     0.9192     0.2546  1.000e-12  0.2181000    24.5678    24.5660    -0.0018    18.7940    18.7925     18.330     18.544      0.547    1478.13    1478.13  0.000e+00
      39991     19.000    10.2093    10.2029    -0.0063    2.80023    2.79538          1     6.2816     6.0080      84.55     0.9057     0.2737  1.000e-12  0.2160000    24.7449    24.7021    -0.0428    18.9271    18.8948     18.825     19.043      0.558    1478.47    1478.39  0.000e+00
      40012     19.500    10.2952    10.2900    -0.0053    2.85596    2.85255          1     6.2299     5.9664      41.77     0.8820     0.3040  1.000e-12  0.2316000    25.2280    25.1984    -0.0296    19.2896    19.2674     19.321     19.543      0.557    1479.37    1479.32  0.000e+00
      40034     20.000    10.3182    10.3182    -0.0000    2.88221    2.88082          1     6.1978     5.9334      87.10     0.8463     0.2430  1.000e-12  0.2673000    25.4673    25.4538    -0.0135    19.4722    19.4617     19.816     20.043      0.565    1479.75    1479.74  0.000e+00
      40055     20.500    10.3572    10.3573     0.0001    2.90761    2.90750          1     6.1543     5.8937      68.41     0.8464     0.2596  1.000e-12  0.3689000    25.6871    25.6860    -0.0011    19.6371    19.6362     20.311     20.542      0.592    1480.17    1480.17  0.000e+00
      40075     21.000    10.4107    10.4107     0.0000    2.93252    2.93248          1     6.0970     5.8426      40.36     0.7849     0.2805  1.000e-12  0.3591000    25.8916    25.8912    -0.0004    19.7877    19.7874     20.807     21.042      0.581    1480.62    1480.62  0.000e+00
      40096     21.500    10.4986    10.5014     0.0028    2.97140    2.97280          1     5.9848     5.7234      39.76     0.7054     0.2899  1.000e-12  0.2908000    26.2070    26.2186     0.0116    20.0192    20.0277     21.302     21.541      0.537    1481.33    1481.36  0.000e+00
      40119     22.000    10.6571    10.6597     0.0026    3.04501    3.04590          1     5.8333     5.5913      39.37     0.6503     0.2888  1.000e-12  0.2217000    26.8076    26.8144     0.0068    20.4608    20.4656     21.797     22.040      0.539    1482.64    1482.66  0.000e+00
      40141     22.500    10.7561    10.7554    -0.0007    3.09264    3.09292          1     5.7844     5.5357      90.52     0.6510     0.2515  1.000e-12  0.2409000    27.1972    27.2005     0.0033    20.7475    20.7502     22.293     22.539      0.574    1483.47    1483.47  0.000e+00
      40161     23.000    10.9375    10.9417     0.0042    3.18179    3.18372          1     5.6724     5.4309      63.72     0.5975     0.2901  1.000e-12  0.3088000    27.9260    27.9416     0.0156    21.2840    21.2954     22.788     23.038      0.557    1485.01    1485.04  0.000e+00
      40184     23.500    11.3172    11.2911    -0.0261    3.33615    3.32599          1     5.4499     5.2493      37.96     0.4542     0.2761  1.000e-12  0.2565000    29.1273    29.0496    -0.0776    22.1526    22.0968     23.283     23.536      0.511    1487.81    1487.62  0.000e+00
      40208     24.000    11.4197    11.4197    -0.0001    3.37381    3.37395          1     5.3486     5.1512      49.83     0.3235     0.2548  1.000e-12  0.2524000    29.4105    29.4118     0.0013    22.3548    22.3558     23.779     24.035      0.521    1488.52    1488.52  0.000e+00
      40230     24.500    11.4751    11.4821     0.0068    3.39101    3.39435          1     5.2565     5.0518      41.15     0.2887     0.2553  1.000e-12  0.2681000    29.5323    29.5589     0.0266    22.4397    22.4591     24.274     24.533      0.571    1488.87    1488.92  0.000e+00
      40250     25.000    11.7641    11.7688     0.0048    3.48150    3.48448          1     5.1038     4.9222      25.39     0.2799     0.2228  1.000e-12  0.2989000    30.1711    30.1959     0.0248    22.8841    22.9025     24.770     25.031      0.597    1490.65    1490.70  0.000e+00
      40270     25.500    11.9716    11.9681    -0.0034    3.54115    3.54066          1     4.9790     4.8189      65.59     0.2665     0.1950  1.000e-12  0.3270000    30.5746    30.5728    -0.0019    23.1597    23.1588     25.265     25.529      0.577    1491.86    1491.85  0.000e+00
      40292     26.000    12.0926    12.0942     0.0017    3.63020    3.63217          1     4.9424     4.7762      35.44     0.2235     0.2209  1.000e-12  0.3110000    31.3281    31.3456     0.0175    23.7218    23.7350     25.760     26.026      0.524    1493.19    1493.21  0.000e+00
      40316     26.500    12.1642    12.1644     0.0002    3.68614    3.68612          1     4.9260     4.7446      35.29     0.2045     0.2192  1.000e-12  0.3397000    31.8041    31.8036    -0.0004    24.0775    24.0772     26.256     26.523      0.518    1494.01    1494.01  0.000e+00
      40338     27.000    12.2515    12.2523     0.0008    3.71475    3.71510          1     4.8923     4.7084      35.24     0.2080     0.1892  1.000e-12  0.3173000    32.0038    32.0064     0.0027    24.2161    24.2180     26.751     27.021      0.563    1494.55    1494.56  0.000e+00
      40359     27.500    12.3155    12.3135    -0.0020    3.73784    3.73775          1     4.8324     4.6616      34.15     0.1879     0.1688  1.000e-12  0.3192000    32.1700    32.1708     0.0009    24.3328    24.3339     27.246     27.518      0.597    1494.98    1494.97  0.000e+00
      40379     28.000    12.3768    12.3828     0.0061    3.75536    3.75724          1     4.7418     4.5852      33.37     0.1692     0.2221  1.000e-12  0.3540000    32.2848    32.2977     0.0128    24.4103    24.4191     27.742     28.015      0.590    1495.33    1495.37  0.000e+00
      40400     28.500    12.4428    12.4534     0.0105    3.77053    3.77225          1     4.6760     4.5263      32.87     0.1620     0.1741  1.000e-12  0.4123000    32.3729    32.3802     0.0073    24.4660    24.4697     28.237     28.512      0.550    1495.67    1495.72  0.000e+00
