ctdpy/tests/etc/all_smhi_bas_2018/SBE09_1044_20181205_0338_34_01_0151.cnv
* Sea-Bird SBE 9 Data File:
* FileName = C:\ctd\temp\ar18d151.hex
* Software Version Seasave V 7.26.7.107
* Temperature SN = 5351
* Conductivity SN = 3941
* Number of Bytes Per Scan = 41
* Number of Voltage Words = 4
* Number of Scans Averaged by the Deck Unit = 1
* NMEA Latitude = 58 52.90 N
* NMEA Longitude = 020 19.73 E
* NMEA UTC (Time) = Dec 05 2018  03:38:11
* NMEA baud rate = 4800
** Station:  BY29
** Operator:  JKro
** Ship: ARANDA
** Average sound velocity: 1443.58 m/s
** True-depth calculation Sun, 09 Dec 2018 13:43:15 +0000
** CTD Python Module SMHI /ver 3-12/ feb 2012 
** LIMS Job: 20183401-0151
** Cruise: SMHI-7-2018
** Latitude [GG MM.mm N]:
** Longitude [GG MM.mm E]
# nquan = 26
# nvalues = 335                         
# units = specified
# name 0 = scan: Scan Count
# name 1 = prDM: Pressure, Digiquartz [db]
# name 2 = t090C: Temperature [ITS-90, deg C]
# name 3 = t190C: Temperature, 2 [ITS-90, deg C]
# name 4 = T2-T190C: Temperature Difference, 2 - 1 [ITS-90, deg C]
# name 5 = c0S/m: Conductivity [S/m]
# name 6 = c1S/m: Conductivity, 2 [S/m]
# name 7 = pumps: Pump Status
# name 8 = sbeox0ML/L: Oxygen, SBE 43 [ml/l]
# name 9 = sbeox1ML/L: Oxygen, SBE 43, 2 [ml/l]
# name 10 = altM: Altimeter [m]
# name 11 = flECO-AFL: Chl-a Fluorescence, WET Labs ECO-AFL/FL [mg/m^3]
# name 12 = flECO-AFL1: Phycocyanin Fluorescence, WET Labs ECO-AFL/FL, 2 [mg/m^3]
# name 13 = par: PAR/Irradiance, Biospherical/Lico [µE/(cm^2*s)]
# name 14 = turbWETntu0: Turbidity, WET Labs ECO [NTU]
# name 15 = sal00: Salinity, Practical [PSU]
# name 16 = sal11: Salinity, Practical, 2 [PSU]
# name 17 = secS-priS: Salinity, Practical, Difference, 2 - 1 [PSU]
# name 18 = sigma-t00: Density [sigma-t, Kg/m^3 ]
# name 19 = sigma-t11: Density, 2 [sigma-t, Kg/m^3 ]
# name 20 = depSM: Depth [salt water, m], lat = 58.8817
# name 21 = depFM: Depth [true depth, m], lat = 58.8817
# name 22 = dz/dtM: Descent Rate [m/s], WS = 2
# name 23 = svCM: Sound Velocity [Chen-Millero, m/s]
# name 24 = svCM1: Sound Velocity, 2 [Chen-Millero, m/s]
# name 25 = flag: flag
# span 0 =      36414,      46222       
# span 1 =      2.500,    169.500       
# span 2 =     3.9066,     7.0705       
# span 3 =     3.9077,     7.0715       
# span 4 =    -0.0530,     0.0418       
# span 5 =   0.788822,   1.251694       
# span 6 =   0.788808,   1.251683       
# span 7 =          1,          1       
# span 8 =    0.02494,    7.83544       
# span 9 =    1.27680,    6.00149       
# span 10 =       2.33,     113.12      
# span 11 =     0.2554,     0.4093      
# span 12 =     0.1338,     0.3885      
# span 13 = 9.2428e-13, 2.9494e-12      
# span 14 =     0.1081,     5.8832      
# span 15 =     6.8367,    11.4707      
# span 16 =     6.8363,    11.4704      
# span 17 =    -0.0388,     0.0174      
# span 18 =     5.2959,     8.9919      
# span 19 =     5.2956,     8.9916      
# span 20 =      2.477,    167.848      
# span 21 =      2.533,    171.408      
# span 22 =     -0.081,      1.668      
# span 23 =    1432.35,    1449.09      
# span 24 =    1432.36,    1449.09      
# span 25 = 0.0000e+00, 0.0000e+00      
# interval = decibars: 0.5              
# start_time = Dec 05 2018 03:38:11 [NMEA time, first data scan]
# bad_flag = -9.990e-29
*END*
[from data line 168]
      40589     86.500     5.0327     5.0337     0.0010    1.00806    1.00804          1     1.2709     3.8804      96.81     0.2942     0.2271  1.000e-12  0.2077000     9.4368     9.4364    -0.0004     7.4606     7.4602     85.674     87.599      0.888    1439.80    1439.81  0.000e+00
      40604     87.000     5.0352     5.0365     0.0014    1.00858    1.00862          1     1.2131     3.8494      98.60     0.2864     0.2444  1.000e-12  0.2163000     9.4413     9.4413    -0.0000     7.4640     7.4640     86.169     88.105      0.684    1439.83    1439.84  0.000e+00
      40633     87.500     5.0371     5.0356    -0.0014    1.00889    1.00849          1     1.1776     3.7846      92.24     0.2907     0.2034  1.000e-12  0.2148000     9.4438     9.4402    -0.0036     7.4659     7.4631     86.664     88.610      0.338    1439.85    1439.84  0.000e+00
      40674     88.000     5.0899     5.0892    -0.0007    1.01981    1.01978          1     1.0426     3.6950      40.05     0.2955     0.1692  1.000e-12  0.1983000     9.5388     9.5387    -0.0001     7.5385     7.5385     87.160     89.116      0.424    1440.21    1440.21  0.000e+00
      40696     88.500     5.1666     5.1659    -0.0007    1.03449    1.03418          1     0.8624     3.6542      38.19     0.3298     0.2813  1.000e-12  0.2268000     9.6647     9.6618    -0.0030     7.6344     7.6321     87.655     89.621      0.619    1440.71    1440.70  0.000e+00
      40713     89.000     5.1937     5.1927    -0.0010    1.03983    1.03957          1     0.7265     3.6205      71.33     0.3159     0.2755  1.000e-12  0.2305000     9.7106     9.7083    -0.0023     7.6693     7.6676     88.150     90.126      0.658    1440.89    1440.89  0.000e+00
      40732     89.500     5.2404     5.2393    -0.0011    1.04821    1.04792          1     0.6048     3.5806      37.29     0.2980     0.2300  1.000e-12  0.2328000     9.7813     9.7787    -0.0026     7.7229     7.7209     88.645     90.632      0.589    1441.20    1441.19  0.000e+00
      40756     90.000     5.3031     5.2998    -0.0033    1.05990    1.05918          1     0.4934     3.5288      63.41     0.3042     0.2004  1.000e-12  0.2422000     9.8803     9.8741    -0.0062     7.7979     7.7932     89.140     91.137      0.431    1441.60    1441.58  0.000e+00
      40791     90.500     5.3788     5.3705    -0.0083    1.07406    1.07248          1     0.3956     3.4518      85.07     0.3160     0.2606  1.000e-12  0.2638000    10.0001     9.9867    -0.0134     7.8886     7.8785     89.635     91.642      0.332    1442.09    1442.04  0.000e+00
      40823     91.000     5.4514     5.4496    -0.0018    1.08838    1.08780          1     0.2755     3.3830      95.46     0.3194     0.2123  1.000e-12  0.2935000    10.1221    10.1169    -0.0052     7.9810     7.9770     90.130     92.148      0.527    1442.57    1442.55  0.000e+00
      40841     91.500     5.4740     5.4740     0.0000    1.09209    1.09193          1     0.2058     3.3537      94.57     0.3182     0.1690  1.000e-12  0.2963000    10.1525    10.1508    -0.0017     8.0038     8.0024     90.625     92.653      0.725    1442.71    1442.71  0.000e+00
      40856     92.000     5.5084     5.5077    -0.0007    1.09855    1.09822          1     0.1531     3.3313      83.55     0.3123     0.2220  1.000e-12  0.2963000    10.2068    10.2036    -0.0031     8.0447     8.0423     91.121     93.158      0.783    1442.93    1442.93  0.000e+00
      40871     92.500     5.5555     5.5550    -0.0005    1.10728    1.10702          1     0.1112     3.2921      95.37     0.3306     0.2312  1.000e-12  0.3647000    10.2798    10.2774    -0.0024     8.0997     8.0978     91.616     93.663      0.692    1443.24    1443.23  0.000e+00
      40895     93.000     5.5810     5.5784    -0.0026    1.11197    1.11101          1     0.0878     3.2401      87.62     0.3277     0.2173  1.000e-12  1.1637000    10.3190    10.3101    -0.0089     8.1292     8.1223     92.111     94.168      0.393    1443.41    1443.38  0.000e+00
      40947     93.500     5.5936     5.5666    -0.0273    1.11433    1.10982          1     0.0909     3.1287      66.69     0.3472     0.2558  1.000e-12  1.5081000    10.3386    10.3017    -0.0369     8.1440     8.1164     92.606     94.674      0.311    1443.49    1443.33  0.000e+00
      40976     94.000     5.6178     5.6197     0.0019    1.11848    1.11853          1     0.0938     3.0723      84.82     0.3340     0.2361  1.000e-12  1.7689000    10.3727    10.3726    -0.0001     8.1695     8.1693     93.101     95.179      0.604    1443.65    1443.66  0.000e+00
      40992     94.500     5.6294     5.6296     0.0002    1.12062    1.12051          1     0.0897     3.0444      48.49     0.3494     0.2214  1.000e-12  2.5702000    10.3905    10.3893    -0.0012     8.1828     8.1819     93.596     95.684      0.783    1443.73    1443.73  0.000e+00
      41006     95.000     5.6443     5.6448     0.0006    1.12373    1.12363          1     0.0907     3.0210      29.94     0.3709     0.2384  1.000e-12  3.6310000    10.4169    10.4157    -0.0012     8.2028     8.2018     94.091     96.189      0.848    1443.83    1443.83  0.000e+00
      41020     95.500     5.6647     5.6648     0.0001    1.12767    1.12750          1     0.0947     2.9932      55.16     0.3779     0.2494  1.000e-12  4.3464000    10.4500    10.4482    -0.0018     8.2277     8.2263     94.586     96.694      0.792    1443.97    1443.97  0.000e+00
      41037     96.000     5.6901     5.6902     0.0001    1.13216    1.13203          1     0.0951     2.9600      31.58     0.3827     0.2336  1.000e-12  5.0752000    10.4869    10.4855    -0.0014     8.2554     8.2542     95.081     97.199      0.561    1444.13    1444.13  0.000e+00
      41093     96.500     5.6602     5.6702     0.0099    1.12729    1.12867          1     0.0907     2.8556      68.23     0.3672     0.2512  1.000e-12  4.5437000    10.4473    10.4581     0.0107     8.2259     8.2338     95.576     97.704      0.307    1443.96    1444.02  0.000e+00
      41133     97.000     5.6829     5.6881     0.0055    1.13046    1.13122          1     0.0872     2.7840      89.69     0.3726     0.2538  1.000e-12  4.6686000    10.4719    10.4779     0.0061     8.2439     8.2484     96.072     98.209      0.683    1444.10    1444.13  0.000e+00
      41146     97.500     5.7416     5.7404    -0.0013    1.14135    1.14095          1     0.0835     2.7700      76.97     0.3816     0.2741  1.000e-12  5.1717000    10.5625    10.5588    -0.0037     8.3119     8.3091     96.567     98.715      0.942    1444.47    1444.46  0.000e+00
      41158     98.000     5.7695     5.7698     0.0003    1.14692    1.14674          1     0.0825     2.7550      76.84     0.3824     0.2607  1.000e-12  5.8832000    10.6093    10.6073    -0.0020     8.3471     8.3456     97.062     99.220      1.072    1444.66    1444.66  0.000e+00
      41168     98.500     5.7915     5.7912    -0.0003    1.15162    1.15134          1     0.0823     2.7434      76.49     0.3824     0.2224  1.000e-12  5.8404000    10.6492    10.6465    -0.0027     8.3773     8.3752     97.557     99.725      1.079    1444.81    1444.81  0.000e+00
      41179     99.000     5.8033     5.8041     0.0007    1.15376    1.15369          1     0.0827     2.7296      76.21     0.3728     0.2224  1.000e-12  5.3931000    10.6668    10.6658    -0.0010     8.3904     8.3896     98.052    100.230      0.943    1444.89    1444.90  0.000e+00
      41201     99.500     5.8125     5.8090    -0.0035    1.15578    1.15488          1     0.0802     2.6977      81.96     0.3682     0.2742  1.000e-12  5.0516000    10.6839    10.6761    -0.0079     8.4034     8.3974     98.547    100.735      0.552    1444.96    1444.94  0.000e+00
      41290    100.000     5.7900     5.7699    -0.0200    1.15148    1.14763          1     0.0873     2.5569      74.03     0.3717     0.2104  1.000e-12  4.4791000    10.6480    10.6159    -0.0322     8.3765     8.3523     99.042    101.240      0.709    1444.83    1444.70  0.000e+00
      41302    100.500     5.7944     5.8027     0.0081    1.15226    1.15338          1     0.0786     2.5451      78.45     0.3950     0.2220  1.000e-12  4.4912000    10.6544    10.6630     0.0086     8.3812     8.3875     99.537    101.745      0.978    1444.86    1444.91  0.000e+00
      41313    101.000     5.8658     5.8581    -0.0076    1.16577    1.16431          1     0.0739     2.5368      97.41     0.4093     0.2279  1.000e-12  4.4896000    10.7665    10.7544    -0.0121     8.4652     8.4561    100.032    102.250      1.126    1445.32    1445.27  0.000e+00
      41323    101.500     5.8898     5.8904     0.0005    1.17015    1.17001          1     0.0724     2.5299      97.02     0.4000     0.2734  1.000e-12  4.2615000    10.8025    10.8009    -0.0016     8.4920     8.4908    100.527    102.755      1.189    1445.48    1445.47  0.000e+00
      41333    102.000     5.9063     5.9067     0.0005    1.17340    1.17327          1     0.0686     2.5189      97.68     0.3596     0.2731  1.000e-12  3.2008000    10.8296    10.8281    -0.0014     8.5123     8.5112    101.022    103.260      1.161    1445.59    1445.59  0.000e+00
      41343    102.500     5.9322     5.9308    -0.0014    1.17856    1.17803          1     0.0698     2.5080      73.26     0.3613     0.2509  1.000e-12  3.2263000    10.8726    10.8678    -0.0048     8.5446     8.5409    101.518    103.765      1.024    1445.76    1445.75  0.000e+00
      41357    103.000     5.9552     5.9553     0.0000    1.18267    1.18251          1     0.0689     2.4955      71.37     0.3510     0.2232  1.000e-12  2.4358000    10.9061    10.9045    -0.0016     8.5695     8.5683    102.013    104.270      0.706    1445.91    1445.91  0.000e+00
      41437    103.500     5.9152     5.9000    -0.0151    1.17534    1.17242          1     0.0688     2.4007      79.76     0.3509     0.1920  1.000e-12  2.6307000    10.8457    10.8215    -0.0242     8.5245     8.5064    102.508    104.775      0.394    1445.67    1445.57  0.000e+00
      41477    104.000     5.9271     5.9335     0.0062    1.17725    1.17849          1     0.0631     2.3572      69.97     0.3555     0.2131  1.000e-12  2.6863000    10.8609    10.8712     0.0103     8.5357     8.5434    103.003    105.280      0.836    1445.75    1445.79  0.000e+00
      41489    104.500     5.9537     5.9643     0.0104    1.18236    1.18410          1     0.0621     2.3498      69.92     0.3613     0.2323  1.000e-12  2.5009000    10.9032    10.9171     0.0140     8.5673     8.5776    103.498    105.785      1.070    1445.92    1445.98  0.000e+00
      41499    105.000     5.9759     5.9769     0.0010    1.18638    1.18634          1     0.0618     2.3442      69.49     0.3634     0.2472  1.000e-12  2.4940000    10.9360    10.9353    -0.0007     8.5918     8.5912    103.993    106.289      1.182    1446.07    1446.07  0.000e+00
      41508    105.500     5.9880     5.9888     0.0008    1.18874    1.18866          1     0.0631     2.3372      69.03     0.3617     0.2756  1.000e-12  1.9158000    10.9556    10.9544    -0.0011     8.6064     8.6055    104.488    106.794      1.177    1446.15    1446.15  0.000e+00
      41518    106.000     5.9961     5.9971     0.0010    1.19019    1.19019          1     0.0648     2.3279      68.54     0.3593     0.2775  1.000e-12  1.8363000    10.9672    10.9669    -0.0003     8.6151     8.6148    104.983    107.299      1.042    1446.21    1446.21  0.000e+00
      41532    106.500     6.0053     6.0062     0.0008    1.19203    1.19198          1     0.0658     2.3175      67.99     0.3607     0.2208  1.000e-12  1.5490000    10.9825    10.9817    -0.0008     8.6265     8.6259    105.478    107.804      0.711    1446.27    1446.28  0.000e+00
      41605    107.000     5.9710     5.9660    -0.0048    1.18584    1.18470          1     0.0592     2.2471      66.90     0.3704     0.2237  1.000e-12  1.4275000    10.9319    10.9220    -0.0098     8.5888     8.5814    105.973    108.309      0.445    1446.07    1446.04  0.000e+00
      41635    107.500     5.9976     5.9753    -0.0224    1.19091    1.18629          1     0.0593     2.2229      66.57     0.3750     0.2331  1.000e-12  1.6769000    10.9736    10.9349    -0.0388     8.6200     8.5909    106.468    108.814      0.915    1446.25    1446.10  0.000e+00
      41645    108.000     6.0306     6.0207    -0.0100    1.19707    1.19526          1     0.0589     2.2187      66.21     0.3739     0.2297  1.000e-12  1.7834000    11.0243    11.0094    -0.0149     8.6578     8.6467    106.964    109.319      1.099    1446.46    1446.40  0.000e+00
      41655    108.500     6.0502     6.0508     0.0006    1.20110    1.20095          1     0.0597     2.2128      65.99     0.3751     0.2439  1.000e-12  1.6307000    11.0579    11.0562    -0.0017     8.6830     8.6816    107.459    109.824      1.150    1446.59    1446.59  0.000e+00
      41665    109.000     6.0671     6.0681     0.0010    1.20446    1.20443          1     0.0590     2.2043      65.67     0.3715     0.2726  1.000e-12  1.2444000    11.0857    11.0851    -0.0006     8.7037     8.7032    107.954    110.329      1.078    1446.71    1446.71  0.000e+00
      41677    109.500     6.0769     6.0780     0.0011    1.20631    1.20629          1     0.0597     2.1982      65.10     0.3694     0.2721  1.000e-12  1.1999000    11.1008    11.1002    -0.0005     8.7150     8.7145    108.449    110.834      0.848    1446.77    1446.78  0.000e+00
      41724    110.000     6.0635     6.0645     0.0009    1.20376    1.20390          1     0.0584     2.1620      64.09     0.3570     0.2305  1.000e-12  0.9009000    11.0797    11.0808     0.0011     8.6993     8.7001    108.944    111.339      0.475    1446.70    1446.70  0.000e+00
      41790    110.500     6.0497     6.0540     0.0043    1.20123    1.20178          1     0.0550     2.1084      63.50     0.3482     0.2359  1.000e-12  1.0718000    11.0589    11.0630     0.0041     8.6838     8.6867    109.439    111.843      0.855    1446.62    1446.65  0.000e+00
      41799    111.000     6.0861     6.0965     0.0106    1.20841    1.21028          1     0.0556     2.1049      63.18     0.3355     0.2216  1.000e-12  1.1442000    11.1184    11.1336     0.0152     8.7283     8.7396    109.934    112.348      1.102    1446.86    1446.92  0.000e+00
      41809    111.500     6.1001     6.1017     0.0016    1.21110    1.21114          1     0.0548     2.0997      62.75     0.3416     0.2234  1.000e-12  1.0549000    11.1405    11.1404    -0.0001     8.7447     8.7445    110.429    112.853      1.226    1446.95    1446.96  0.000e+00
      41818    112.000     6.1037     6.1049     0.0011    1.21185    1.21184          1     0.0546     2.0967      62.31     0.3594     0.3113  1.000e-12  0.8492000    11.1467    11.1462    -0.0005     8.7494     8.7489    110.924    113.358      1.242    1446.99    1446.99  0.000e+00
      41827    112.500     6.1121     6.1132     0.0011    1.21372    1.21370          1     0.0555     2.0886      61.87     0.3616     0.3213  1.000e-12  0.8515000    11.1624    11.1618    -0.0005     8.7612     8.7607    111.419    113.863      1.143    1447.05    1447.05  0.000e+00
      41839    113.000     6.1182     6.1194     0.0011    1.21500    1.21500          1     0.0555     2.0836      61.31     0.3608     0.2785  1.000e-12  0.7111000    11.1731    11.1727    -0.0004     8.7692     8.7688    111.914    114.368      0.887    1447.10    1447.10  0.000e+00
