ctdpy/tests/etc/all_smhi_bas_2018/SBE09_1044_20180202_0223_34_02_0045.cnv
* Sea-Bird SBE 9 Data File:
* FileName = C:\ctd\temp\2018\ME18D045.hex
* Software Version Seasave V 7.26.6.26
* Temperature SN = 5351
* Conductivity SN = 3941
* Number of Bytes Per Scan = 41
* Number of Voltage Words = 4
* Number of Scans Averaged by the Deck Unit = 1
* NMEA Latitude = 55 37.05 N
* NMEA Longitude = 014 52.05 E
* NMEA UTC (Time) = Feb 02 2018  02:23:37
* NMEA baud rate = 4800
** Station:  Hanöbukten
** Operator:  JKro
** Ship: MERI
** Average sound velocity: 1443.66 m/s
** True-depth calculation Fri, 02 Feb 2018 03:23:32 +0000
** CTD Python Module SMHI /ver 3-12/ feb 2012 
** LIMS Job: 20183402-0045
** Cruise: SMHI-01-2018
** Latitude [GG MM.mm N] :
** Longitude [GG MM.mm E]:
# nquan = 26
# nvalues = 149                         
# units = specified
# name 0 = scan: Scan Count
# name 1 = prDM: Pressure, Digiquartz [db]
# name 2 = t090C: Temperature [ITS-90, deg C]
# name 3 = t190C: Temperature, 2 [ITS-90, deg C]
# name 4 = T2-T190C: Temperature Difference, 2 - 1 [ITS-90, deg C]
# name 5 = c0S/m: Conductivity [S/m]
# name 6 = c1S/m: Conductivity, 2 [S/m]
# name 7 = pumps: Pump Status
# name 8 = sbeox0ML/L: Oxygen, SBE 43 [ml/l]
# name 9 = sbeox1ML/L: Oxygen, SBE 43, 2 [ml/l]
# name 10 = altM: Altimeter [m]
# name 11 = flECO-AFL: Chl-a Fluorescence, WET Labs ECO-AFL/FL [mg/m^3]
# name 12 = flECO-AFL1: Phycocyanin Fluorescence, WET Labs ECO-AFL/FL, 2 [mg/m^3]
# name 13 = par: PAR/Irradiance, Biospherical/Lico [µE/(cm^2*s)]
# name 14 = turbWETntu0: Turbidity, WET Labs ECO [NTU]
# name 15 = sal00: Salinity, Practical [PSU]
# name 16 = sal11: Salinity, Practical, 2 [PSU]
# name 17 = secS-priS: Salinity, Practical, Difference, 2 - 1 [PSU]
# name 18 = sigma-t00: Density [sigma-t, Kg/m^3 ]
# name 19 = sigma-t11: Density, 2 [sigma-t, Kg/m^3 ]
# name 20 = depSM: Depth [salt water, m], lat = 55.6175
# name 21 = depFM: Depth [true depth, m], lat = 55.6175
# name 22 = dz/dtM: Descent Rate [m/s], WS = 2
# name 23 = svCM: Sound Velocity [Chen-Millero, m/s]
# name 24 = svCM1: Sound Velocity, 2 [Chen-Millero, m/s]
# name 25 = flag: flag
# span 0 =      15407,      20981       
# span 1 =      1.000,     75.000       
# span 2 =     4.5850,     9.5304       
# span 3 =     4.5857,     9.5220       
# span 4 =    -0.0507,     0.0465       
# span 5 =   0.805543,   1.774518       
# span 6 =   0.805495,   1.774648       
# span 7 =          1,          1       
# span 8 =    0.03915,    8.07790       
# span 9 =    0.23159,    8.02669       
# span 10 =       2.53,      99.37      
# span 11 =     0.2260,     0.7009      
# span 12 =     0.2661,     0.4240      
# span 13 = -3.317e-05, 3.0706e-01      
# span 14 =     0.1420,     0.4964      
# span 15 =     7.5237,    16.3327      
# span 16 =     7.5232,    16.3348      
# span 17 =    -0.0484,     0.0796      
# span 18 =     5.9629,    12.7328      
# span 19 =     5.9616,    12.7347      
# span 20 =      0.991,     74.306      
# span 21 =      1.012,     75.820      
# span 22 =     -0.074,      0.565      
# span 23 =    1434.13,    1463.20      
# span 24 =    1434.12,    1463.19      
# span 25 = 0.0000e+00, 0.0000e+00      
# interval = decibars: 0.5              
# start_time = Feb 02 2018 02:23:38 [NMEA time, first data scan]
# bad_flag = -9.990e-29
*END*
[from data line 112]
      19213     57.000     9.5198     9.5176    -0.0022    1.49721    1.49716          1     3.2996     3.2700      21.88     0.2350     0.3013  1.000e-12  0.1549000    12.7225    12.7228     0.0003     9.6722     9.6727     56.475     57.682      0.388    1461.91    1461.91  0.000e+00
      19257     57.500     9.5304     9.5220    -0.0084    1.50385    1.50486          1     3.1922     3.2047      21.28     0.2597     0.3042  1.000e-12  0.1685000    12.7798    12.7922     0.0124     9.7157     9.7262     56.971     58.187      0.239    1462.03    1462.02  0.000e+00
      19298     58.000     9.5079     9.5124     0.0044    1.51119    1.51180          1     3.0872     3.1096      20.71     0.2438     0.3250  1.000e-12  0.1749000    12.8555    12.8595     0.0040     9.7771     9.7797     57.466     58.691      0.400    1462.05    1462.07  0.000e+00
      19324     58.500     9.4745     9.4757     0.0012    1.51708    1.51705          1     2.9439     2.9708      20.34     0.2430     0.3334  1.000e-12  0.1859000    12.9217    12.9211    -0.0007     9.8324     9.8318     57.961     59.195      0.457    1462.00    1462.01  0.000e+00
      19354     59.000     9.1869     9.1890     0.0023    1.50790    1.50787          1     2.6566     2.7342      19.79     0.2587     0.3145  1.000e-12  0.2285000    12.9400    12.9389    -0.0011     9.8789     9.8778     58.457     59.699      0.340    1460.91    1460.92  0.000e+00
      19400     59.500     8.8590     8.8618     0.0028    1.49713    1.49712          1     2.3441     2.4730      19.15     0.2646     0.3220  1.000e-12  0.2821000    12.9583    12.9571    -0.0012     9.9291     9.9278     58.952     60.204      0.251    1459.66    1459.67  0.000e+00
      19438     60.000     8.8682     8.8690     0.0007    1.50306    1.50330          1     2.3581     2.4443      18.70     0.2896     0.3094  1.000e-12  0.3003000    13.0104    13.0125     0.0020     9.9687     9.9702     59.447     60.708      0.408    1459.77    1459.77  0.000e+00
      19465     60.500     8.9343     8.9343     0.0000    1.51272    1.51266          1     2.4301     2.4803      18.25     0.2771     0.2893  1.000e-12  0.2933000    13.0768    13.0762    -0.0006    10.0133    10.0129     59.943     61.212      0.458    1460.12    1460.11  0.000e+00
      19493     61.000     8.9343     8.9351     0.0009    1.51573    1.51577          1     2.4484     2.4806      17.71     0.2641     0.2661  1.000e-12  0.2789000    13.1049    13.1050     0.0001    10.0353    10.0352     60.438     61.716      0.349    1460.16    1460.16  0.000e+00
      19541     61.500     8.9290     8.9276    -0.0014    1.51741    1.51792          1     2.3964     2.4341      17.09     0.2609     0.2716  1.000e-12  0.2974000    13.1226    13.1279     0.0052    10.0496    10.0539     60.933     62.221      0.232    1460.17    1460.17  0.000e+00
      19581     62.000     8.8780     8.8779    -0.0002    1.51814    1.51815          1     2.3197     2.3609      16.59     0.2813     0.3078  1.000e-12  0.2999000    13.1481    13.1483     0.0002    10.0750    10.0752     61.429     62.725      0.422    1460.01    1460.01  0.000e+00
      19606     62.500     8.8964     8.8974     0.0011    1.52414    1.52425          1     2.3172     2.3564      16.21     0.2909     0.2788  1.000e-12  0.3193000    13.1976    13.1982     0.0007    10.1115    10.1120     61.924     63.229      0.486    1460.15    1460.15  0.000e+00
      19634     63.000     9.0003     8.9991    -0.0012    1.54041    1.54058          1     2.4247     2.4421      15.65     0.2741     0.3143  1.000e-12  0.3306000    13.3116    13.3137     0.0020    10.1891    10.1908     62.419     63.733      0.343    1460.70    1460.70  0.000e+00
      19684     63.500     9.0131     9.0120    -0.0011    1.54522    1.54672          1     2.4371     2.4546      14.96     0.2679     0.3494  1.000e-12  0.3060000    13.3519    13.3664     0.0144    10.2191    10.2305     62.915     64.237      0.241    1460.81    1460.82  0.000e+00
      19719     64.000     8.9181     8.9152    -0.0029    1.54444    1.54421          1     2.2959     2.3427      14.55     0.2697     0.3572  1.000e-12  0.3319000    13.3800    13.3790    -0.0011    10.2514    10.2509     63.410     64.741      0.447    1460.48    1460.47  0.000e+00
      19744     64.500     8.9513     8.9496    -0.0016    1.54841    1.54825          1     2.2982     2.3368      14.10     0.2724     0.3321  1.000e-12  0.3799000    13.4048    13.4039    -0.0009    10.2671    10.2666     63.905     65.246      0.439    1460.65    1460.64  0.000e+00
      19779     65.000     8.9444     8.9468     0.0024    1.54880    1.54893          1     2.2829     2.3063      13.49     0.2765     0.3101  1.000e-12  0.3893000    13.4110    13.4113     0.0003    10.2727    10.2726     64.400     65.750      0.283    1460.64    1460.65  0.000e+00
      19826     65.500     9.0003     9.0138     0.0135    1.55291    1.55397          1     2.4408     2.4154      12.87     0.2757     0.3008  1.000e-12  0.3538000    13.4285    13.4333     0.0048    10.2802    10.2825     64.896     66.254      0.314    1460.88    1460.94  0.000e+00
      19856     66.000     9.1756     9.1738    -0.0018    1.56657    1.56651          1     2.7086     2.6603      12.39     0.2601     0.3112  1.000e-12  0.3104000    13.4903    13.4904     0.0001    10.3088    10.3092     65.391     66.758      0.431    1461.66    1461.65  0.000e+00
      19885     66.500     9.2580     9.2540    -0.0039    1.57750    1.57728          1     2.8112     2.7611      11.85     0.2567     0.3085  1.000e-12  0.2608000    13.5613    13.5607    -0.0006    10.3548    10.3548     65.886     67.262      0.371    1462.07    1462.06  0.000e+00
      19924     67.000     9.3484     9.3478    -0.0006    1.58654    1.58682          1     2.9061     2.8625      10.99     0.2487     0.3346  1.000e-12  0.2239000    13.6112    13.6141     0.0028    10.3834    10.3857     66.382     67.766      0.281    1462.49    1462.49  0.000e+00
      19965     67.500     9.4604     9.4611     0.0007    1.60080    1.60124          1     2.9908     2.9429      10.32     0.2378     0.3016  1.000e-12  0.1955000    13.7012    13.7051     0.0039    10.4405    10.4434     66.877     68.270      0.341    1463.04    1463.05  0.000e+00
      19996     68.000     9.4648     9.4618    -0.0030    1.61290    1.61283          1     2.8105     2.7951       9.84     0.2381     0.3314  1.000e-12  0.1840000    13.8121    13.8125     0.0004    10.5262    10.5269     67.372     68.774      0.415    1463.20    1463.19  0.000e+00
      20025     68.500     9.1246     9.1207    -0.0039    1.61403    1.61400          1     2.3046     2.3850       9.34     0.2303     0.3195  1.000e-12  0.1837000    13.9543    13.9556     0.0013    10.6758    10.6772     67.868     69.278      0.373    1462.06    1462.05  0.000e+00
      20065     69.000     8.9284     8.9341     0.0057    1.62387    1.62520          1     2.1059     2.1947       8.71     0.2695     0.3071  1.000e-12  0.3804000    14.1239    14.1342     0.0103    10.8300    10.8374     68.363     69.782      0.262    1461.51    1461.54  0.000e+00
      20109     69.500     8.9000     8.8968    -0.0031    1.63288    1.63333          1     2.1020     2.1736       8.12     0.2620     0.2974  1.000e-12  0.3623000    14.2203    14.2259     0.0056    10.9083    10.9129     68.858     70.285      0.349    1461.52    1461.52  0.000e+00
      20137     70.000     8.7831     8.7867     0.0036    1.64675    1.64677          1     1.9255     2.0116       7.75     0.2573     0.3029  1.000e-12  0.3986000    14.3987    14.3974    -0.0013    11.0602    11.0588     69.354     70.789      0.464    1461.29    1461.30  0.000e+00
      20163     70.500     8.6364     8.6348    -0.0016    1.65929    1.65944          1     1.8359     1.9316       7.24     0.2470     0.3167  1.000e-12  0.4241000    14.5780    14.5801     0.0021    11.2160    11.2178     69.849     71.293      0.402    1460.94    1460.94  0.000e+00
      20206     71.000     8.4011     8.3502    -0.0507    1.67186    1.67789          1     1.4681     1.6685       6.61     0.2708     0.3171  1.000e-12  0.4626000    14.7963    14.8758     0.0796    11.4115    11.4790     70.344     71.796      0.240    1460.29    1460.18  0.000e+00
      20251     71.500     7.8366     7.8160    -0.0207    1.72246    1.72456          1     0.6808     0.9445       6.14     0.2725     0.3046  1.000e-12  0.4492000    15.5311    15.5606     0.0295    12.0439    12.0691     70.839     72.300      0.358    1458.95    1458.90  0.000e+00
      20279     72.000     7.4405     7.4585     0.0180    1.74469    1.74453          1     0.3056     0.5467       5.79     0.2715     0.3174  1.000e-12  0.4292000    15.9285    15.9186    -0.0098    12.3940    12.3846     71.335     72.803      0.459    1457.85    1457.91  0.000e+00
      20305     72.500     7.2564     7.2671     0.0107    1.76394    1.76311          1     0.0791     0.3240       5.35     0.2894     0.3188  1.000e-12  0.4599000    16.2054    16.1921    -0.0133    12.6286    12.6172     71.830     73.306      0.419    1457.46    1457.48  0.000e+00
      20344     73.000     7.2342     7.2329    -0.0012    1.77070    1.77095          1     0.0391     0.2395       4.79     0.3125     0.2836  1.000e-12  0.4733000    16.2832    16.2862     0.0030    12.6917    12.6942     72.325     73.809      0.250    1457.47    1457.47  0.000e+00
      20394     73.500     7.2235     7.2253     0.0018    1.77199    1.77225          1     0.1509     0.2648       4.24     0.2984     0.3147  1.000e-12  0.4802000    16.3010    16.3027     0.0018    12.7066    12.7079     72.821     74.312      0.304    1457.46    1457.47  0.000e+00
      20425     74.000     7.2152     7.2198     0.0046    1.77286    1.77277          1     0.1878     0.2684       3.86     0.2777     0.3178  1.000e-12  0.4713000    16.3134    16.3105    -0.0030    12.7172    12.7144     73.316     74.815      0.441    1457.45    1457.46  0.000e+00
      20452     74.500     7.2080     7.2116     0.0035    1.77361    1.77354          1     0.1957     0.2627       3.43     0.2908     0.3134  1.000e-12  0.4964000    16.3242    16.3219    -0.0023    12.7263    12.7242     73.811     75.317      0.413    1457.44    1457.45  0.000e+00
      20981     75.000     7.2091     7.2074    -0.0017    1.77452    1.77465          1     0.1949     0.2316       2.53     0.2916     0.3219  1.000e-12  0.4739000    16.3327    16.3348     0.0021    12.7328    12.7347     74.306     75.820     -0.074    1457.46    1457.46  0.000e+00
