ctdpy/tests/etc/all_smhi_bas_2018/SBE09_1044_20180527_0111_34_07_0029.cnv
* Sea-Bird SBE 9 Data File:
* FileName = C:\ctd\temp\2018\AU18D029.hex
* Software Version Seasave V 7.26.6.26
* Temperature SN = 5351
* Conductivity SN = 3941
* Number of Bytes Per Scan = 41
* Number of Voltage Words = 4
* Number of Scans Averaged by the Deck Unit = 1
* NMEA Latitude = 58 18.98 N
* NMEA Longitude = 010 56.58 E
* NMEA UTC (Time) = May 27 2018  01:11:20
* NMEA baud rate = 4800
** Station:  A14
** Operator:  SSip
** Ship: AURA
** Average sound velocity: 1477.92 m/s
** True-depth calculation Sun, 27 May 2018 01:39:16 +0000
** CTD Python Module SMHI /ver 3-12/ feb 2012 
** LIMS Job: 20183407-0029
** Cruise: SMHI-02-2018
** Latitude [GG MM.mm N] :
** Longitude [GG MM.mm E]:
# nquan = 26
# nvalues = 221                         
# units = specified
# name 0 = scan: Scan Count
# name 1 = prDM: Pressure, Digiquartz [db]
# name 2 = t090C: Temperature [ITS-90, deg C]
# name 3 = t190C: Temperature, 2 [ITS-90, deg C]
# name 4 = T2-T190C: Temperature Difference, 2 - 1 [ITS-90, deg C]
# name 5 = c0S/m: Conductivity [S/m]
# name 6 = c1S/m: Conductivity, 2 [S/m]
# name 7 = pumps: Pump Status
# name 8 = sbeox0ML/L: Oxygen, SBE 43 [ml/l]
# name 9 = sbeox1ML/L: Oxygen, SBE 43, 2 [ml/l]
# name 10 = altM: Altimeter [m]
# name 11 = flECO-AFL: Chl-a Fluorescence, WET Labs ECO-AFL/FL [mg/m^3]
# name 12 = flECO-AFL1: Phycocyanin Fluorescence, WET Labs ECO-AFL/FL, 2 [mg/m^3]
# name 13 = par: PAR/Irradiance, Biospherical/Lico [µE/(cm^2*s)]
# name 14 = turbWETntu0: Turbidity, WET Labs ECO [NTU]
# name 15 = sal00: Salinity, Practical [PSU]
# name 16 = sal11: Salinity, Practical, 2 [PSU]
# name 17 = secS-priS: Salinity, Practical, Difference, 2 - 1 [PSU]
# name 18 = sigma-t00: Density [sigma-t, Kg/m^3 ]
# name 19 = sigma-t11: Density, 2 [sigma-t, Kg/m^3 ]
# name 20 = depSM: Depth [salt water, m], lat = 58.3163
# name 21 = depFM: Depth [true depth, m], lat = 58.3163
# name 22 = dz/dtM: Descent Rate [m/s], WS = 2
# name 23 = svCM: Sound Velocity [Chen-Millero, m/s]
# name 24 = svCM1: Sound Velocity, 2 [Chen-Millero, m/s]
# name 25 = flag: flag
# span 0 =       8027,      12452       
# span 1 =      1.000,    111.000       
# span 2 =     5.9791,    18.7156       
# span 3 =     5.9811,    18.7144       
# span 4 =    -1.4860,     0.8549       
# span 5 =   2.646268,   3.479791       
# span 6 =   2.659511,   3.479835       
# span 7 =          1,          1       
# span 8 =    5.75027,    7.21041       
# span 9 =    5.70082,    7.12577       
# span 10 =       1.22,      99.60      
# span 11 =     0.0932,     1.4870      
# span 12 =     0.1633,     0.3809      
# span 13 = -2.319e-07, 2.2096e-03      
# span 14 =     0.1793,     0.9566      
# span 15 =    19.0657,    34.9727      
# span 16 =    19.1892,    34.9716      
# span 17 =    -0.9091,     1.6645      
# span 18 =    12.9527,    27.4733      
# span 19 =    13.0459,    27.4723      
# span 20 =      0.991,    109.939      
# span 21 =      1.006,    110.178      
# span 22 =     -0.029,      0.723      
# span 23 =    1474.39,    1500.01      
# span 24 =    1474.40,    1500.13      
# span 25 = 0.0000e+00, 0.0000e+00      
# interval = decibars: 0.5              
# start_time = May 27 2018 01:11:20 [NMEA time, first data scan]
# bad_flag = -9.990e-29
*END*
       8027      1.000    18.7007    18.6882    -0.0126    2.69568    2.72238          1     6.0841     6.0839       2.88     0.7747     0.2117  2.210e-03  0.2211000    19.0787    19.2922     0.2135    12.9651    13.1301      0.991      1.006      0.210    1499.92    1500.13  0.000e+00
       8055      1.500    18.7068    18.7023    -0.0045    2.69533    2.71811          1     6.0928     6.0803       2.79     0.7616     0.2164  1.256e-04  0.2352000    19.0731    19.2524     0.1792    12.9594    13.0966      1.486      1.508      0.464    1499.94    1500.13  0.000e+00
       8079      2.000    18.7128    18.7047    -0.0082    2.69518    2.71462          1     6.1250     6.1089       2.35     0.7857     0.2360 -2.319e-07  0.2896000    19.0691    19.2240     0.1549    12.9550    13.0745      1.981      2.011      0.548    1499.97    1500.11  0.000e+00
       8100      2.500    18.7117    18.7092    -0.0026    2.69469    2.71222          1     6.5651     6.5353       1.84     0.8046     0.2533  1.000e-12  0.2186000    19.0657    19.2031     0.1374    12.9527    13.0576      2.477      2.514      0.651    1499.97    1500.11  0.000e+00
       8117      3.000    18.7156    18.7128    -0.0027    2.69579    2.71189          1     6.2955     6.3225       1.36     0.8059     0.2770  1.000e-12  0.2169000    19.0724    19.1988     0.1264    12.9569    13.0536      2.972      3.017      0.723    1499.99    1500.13  0.000e+00
       8133      3.500    18.7145    18.7144    -0.0002    2.69677    2.71077          1     5.8379     6.0308       1.81     0.7977     0.2843  1.000e-12  0.2601000    19.0804    19.1892     0.1089    12.9632    13.0459      3.467      3.519      0.717    1500.01    1500.13  0.000e+00
       8150      4.000    18.6206    18.6239     0.0080    2.69790    2.71032          1     5.9043     6.3779       1.94     0.7975     0.2914  1.000e-12  0.2367000    19.1326    19.2277     0.0951    13.0239    13.0955      3.963      4.022      0.660    1499.79    1499.91  0.000e+00
       8169      4.500    14.9931    15.1073     0.1108    2.64627    2.65951          1     6.3565     6.8320       1.69     0.9164     0.2937  1.000e-12  0.2661000    20.4986    20.5558     0.0571    14.8208    14.8398      4.458      4.524      0.583    1489.86    1490.27  0.000e+00
       8192      5.000    13.4969    13.4261    -0.0725    2.80452    2.80704          1     6.6081     6.9285       1.86     1.1127     0.2562  1.000e-12  0.2923000    22.7041    22.7674     0.0634    16.8007    16.8621      4.953      5.026      0.533    1487.46    1487.29  0.000e+00
       8214      5.500    12.8466    12.5152    -0.3296    2.93467    3.01970          1     6.7016     6.9038       2.13     1.2559     0.2748  1.000e-12  0.2671000    24.2751    25.2717     0.9966    18.1290    18.9574      5.449      5.526      0.577    1487.08    1487.12  0.000e+00
       8234      6.000    12.6621    12.3420    -0.3185    2.97799    3.04886          1     6.5146     6.6057       1.91     1.4001     0.2930  1.000e-12  0.3106000    24.7921    25.6586     0.8664    18.5610    19.2870      5.944      6.026      0.614    1487.06    1486.98  0.000e+00
       8253      6.500    12.4651    12.2728    -0.1900    3.01403    3.05495          1     6.2884     6.4298       1.51     1.4689     0.2940  1.000e-12  0.3311000    25.2532    25.7676     0.5144    18.9520    19.3835      6.439      6.526      0.597    1486.94    1486.88  0.000e+00
       8274      7.000    11.2088    11.0005    -0.2113    3.20947    3.22357          1     6.2720     6.4996       1.26     1.4311     0.3520  1.000e-12  0.3282000    28.0007    28.2999     0.2993    21.2965    21.5636      6.935      7.025      0.570    1485.80    1485.42  0.000e+00
       8295      7.500    10.0123    10.1703     0.1559    3.26758    3.26717          1     6.2324     6.5814       1.55     1.3939     0.3751  1.000e-12  0.3239000    29.5070    29.3738    -0.1332    22.6644    22.5355      7.430      7.524      0.562    1483.32    1483.74  0.000e+00
       8317      8.000     9.7355     9.8242     0.0932    3.27486    3.27691          1     6.2936     6.3648       1.22     1.3885     0.3562  1.000e-12  0.3273000    29.8082    29.7553    -0.0528    22.9430    22.8878      7.926      8.022      0.548    1482.68    1482.94  0.000e+00
       8339      8.500     8.9810     9.8384     0.8549    3.29555    3.27677          1     6.6083     6.4870       1.31     1.3291     0.3327  1.000e-12  0.3224000    30.6545    29.7454    -0.9091    23.7203    22.8776      8.421      8.519      0.545    1480.94    1482.99  0.000e+00
       8361      9.000     9.0803     8.8030    -0.2775    3.28991    3.30491          1     6.7582     6.6481       1.43     1.4870     0.3350  1.000e-12  0.3298000    30.5170    30.9061     0.3892    23.5973    23.9438      8.916      9.017      0.550    1481.14    1480.58  0.000e+00
       8382      9.500    10.2319     9.9565    -0.2770    3.25892    3.26733          1     6.7734     6.7513       1.57     1.3973     0.3809  1.000e-12  0.3249000    29.2415    29.5503     0.3088    22.4225    22.7070      9.412      9.515      0.555    1483.83    1483.20  0.000e+00
       8404     10.000    10.4495    10.4278    -0.0212    3.24858    3.25264          1     6.7972     6.4551       1.41     1.3802     0.2951  1.000e-12  0.3234000    28.9648    29.0226     0.0578    22.1718    22.2203      9.907     10.013      0.572    1484.29    1484.28  0.000e+00
       8424     10.500    10.4691    10.4673    -0.0013    3.25007    3.25290          1     6.3957     6.1841      11.21     1.4096     0.2936  1.000e-12  0.3308000    28.9636    28.9929     0.0293    22.1677    22.1908     10.402     10.511      0.604    1484.37    1484.40  0.000e+00
       8444     11.000     9.9432     9.1655    -0.7775    3.26842    3.29557          1     6.0694     6.3463      99.60     1.4314     0.2835  1.000e-12  0.3464000    29.5733    30.5100     0.9367    22.7269    23.5779     10.897     11.009      0.633    1483.20    1481.47  0.000e+00
       8462     11.500     8.9179     7.4302    -1.4860    3.29734    3.33011          1     6.1796     6.5588      98.52     1.1612     0.2648  1.000e-12  0.3658000    30.7454    32.4100     1.6645    23.7991    25.3207     11.393     11.507      0.645    1480.84    1477.27  0.000e+00
       8481     12.000     7.0627     7.0300    -0.0345    3.33248    3.33403          1     6.4009     6.5993      98.53     0.8845     0.2787  1.000e-12  0.3508000    32.7830    32.8304     0.0474    25.6641    25.7059     11.888     12.004      0.636    1476.32    1476.26  0.000e+00
       8500     12.500     7.0056     7.0081     0.0025    3.33172    3.33356          1     6.5150     6.5405      98.53     0.7095     0.2928  1.000e-12  0.3495000    32.8282    32.8459     0.0177    25.7075    25.7211     12.383     12.500      0.630    1476.17    1476.20  0.000e+00
       8519     13.000     6.9970     6.9994     0.0025    3.33179    3.33360          1     6.5693     6.4817      98.54     0.6038     0.2773  1.000e-12  0.3539000    32.8369    32.8543     0.0174    25.7155    25.7289     12.879     12.997      0.631    1476.15    1476.18  0.000e+00
       8538     13.500     6.9938     6.9958     0.0021    3.33227    3.33398          1     6.5858     6.4528      98.54     0.5563     0.1773  1.000e-12  0.3589000    32.8449    32.8617     0.0167    25.7223    25.7351     13.374     13.493      0.628    1476.16    1476.19  0.000e+00
       8557     14.000     6.9921     6.9948     0.0027    3.33296    3.33460          1     6.5877     6.4431      98.54     0.5385     0.2629  1.000e-12  0.3724000    32.8539    32.8692     0.0154    25.7295    25.7412     13.869     13.990      0.655    1476.17    1476.20  0.000e+00
       8575     14.500     6.9905     6.9933     0.0029    3.33398    3.33547          1     6.5814     6.4378      98.54     0.5375     0.2672  1.000e-12  0.3823000    32.8664    32.8799     0.0135    25.7395    25.7498     14.365     14.486      0.686    1476.19    1476.22  0.000e+00
       8592     15.000     6.9911     6.9932     0.0021    3.33536    3.33670          1     6.5733     6.4302      98.54     0.5461     0.2488  1.000e-12  0.3939000    32.8806    32.8932     0.0126    25.7507    25.7604     14.860     14.983      0.693    1476.22    1476.24  0.000e+00
       8609     15.500     7.0005     7.0021     0.0016    3.33881    3.33992          1     6.5761     6.4340      98.54     0.5884     0.2623  1.000e-12  0.3958000    32.9091    32.9197     0.0106    25.7718    25.7800     15.355     15.479      0.671    1476.30    1476.32  0.000e+00
       8628     16.000     7.0148     7.0161     0.0012    3.34391    3.34488          1     6.5774     6.4496      98.43     0.6097     0.2703  1.000e-12  0.4079000    32.9508    32.9603     0.0095    25.8028    25.8101     15.851     15.976      0.631    1476.41    1476.43  0.000e+00
       8648     16.500     7.0262     7.0280     0.0017    3.34807    3.34907          1     6.5584     6.4465      98.07     0.6334     0.2722  1.000e-12  0.4281000    32.9851    32.9945     0.0093    25.8283    25.8354     16.346     16.472      0.598    1476.51    1476.53  0.000e+00
       8668     17.000     7.0273     7.0296     0.0022    3.35012    3.35105          1     6.5569     6.4596      98.24     0.6760     0.2342  1.000e-12  0.4451000    33.0063    33.0144     0.0081    25.8447    25.8508     16.841     16.969      0.596    1476.55    1476.57  0.000e+00
       8688     17.500     6.9919     6.9948     0.0029    3.35042    3.35133          1     6.5603     6.4746      98.54     0.6135     0.2219  1.000e-12  0.4560000    33.0434    33.0505     0.0072    25.8787    25.8840     17.337     17.465      0.636    1476.47    1476.48  0.000e+00
       8706     18.000     6.9775     6.9798     0.0024    3.35543    3.35612          1     6.5433     6.4596      97.72     0.6259     0.2455  1.000e-12  0.4624000    33.1118    33.1171     0.0053    25.9345    25.9384     17.832     17.961      0.660    1476.50    1476.52  0.000e+00
       8724     18.500     6.9504     6.9500    -0.0004    3.35769    3.35826          1     6.5230     6.4353      96.45     0.6537     0.2757  1.000e-12  0.4691000    33.1624    33.1690     0.0066    25.9781    25.9833     18.327     18.458      0.645    1476.47    1476.48  0.000e+00
       8743     19.000     6.8495     6.8550     0.0056    3.35919    3.35983          1     6.5116     6.4331      95.67     0.6877     0.2239  1.000e-12  0.4696000    33.2763    33.2779     0.0017    26.0813    26.0818     18.823     18.954      0.630    1476.23    1476.25  0.000e+00
       8762     19.500     6.7685     6.7721     0.0036    3.36264    3.36331          1     6.5243     6.4680      97.53     0.7879     0.2859  1.000e-12  0.4456000    33.3927    33.3965     0.0038    26.1838    26.1863     19.318     19.450      0.650    1476.06    1476.08  0.000e+00
       8780     20.000     6.7470     6.7502     0.0032    3.36751    3.36817          1     6.5628     6.5159      97.24     0.8387     0.3075  1.000e-12  0.4417000    33.4670    33.4711     0.0041    26.2452    26.2481     19.813     19.947      0.650    1476.08    1476.10  0.000e+00
       8799     20.500     6.7609     6.7646     0.0036    3.37209    3.37295          1     6.5891     6.5418      97.78     0.8700     0.2485  1.000e-12  0.4513000    33.5037    33.5097     0.0059    26.2723    26.2765     20.308     20.443      0.638    1476.19    1476.21  0.000e+00
       8818     21.000     6.7796     6.7812     0.0016    3.37778    3.37811          1     6.6138     6.5609      95.27     0.7637     0.2625  1.000e-12  0.4687000    33.5479    33.5501     0.0021    26.3047    26.3061     20.804     20.939      0.626    1476.33    1476.34  0.000e+00
       8837     21.500     6.7105     6.7187     0.0081    3.37955    3.38013          1     6.6379     6.5579      92.77     0.7778     0.2562  1.000e-12  0.4662000    33.6350    33.6334    -0.0016    26.3825    26.3801     21.299     21.435      0.619    1476.17    1476.20  0.000e+00
       8857     22.000     6.6558     6.6593     0.0035    3.37987    3.38032          1     6.6487     6.5579      96.10     0.7697     0.2483  1.000e-12  0.4714000    33.6921    33.6936     0.0014    26.4348    26.4355     21.794     21.931      0.637    1476.04    1476.06  0.000e+00
       8875     22.500     6.6515     6.6544     0.0029    3.38191    3.38231          1     6.6966     6.6286      92.87     0.7357     0.2940  1.000e-12  0.4893000    33.7187    33.7202     0.0015    26.4563    26.4571     22.290     22.428      0.667    1476.07    1476.08  0.000e+00
       8893     23.000     6.6649     6.6663     0.0015    3.38788    3.38804          1     6.7669     6.7286      91.21     0.5950     0.2641  1.000e-12  0.4930000    33.7713    33.7716     0.0003    26.4960    26.4960     22.785     22.924      0.680    1476.19    1476.20  0.000e+00
       8910     23.500     6.6489     6.6524     0.0035    3.38921    3.38955          1     6.8172     6.8149      90.81     0.5293     0.2481  1.000e-12  0.4819000    33.8015    33.8018     0.0003    26.5220    26.5217     23.280     23.420      0.667    1476.17    1476.19  0.000e+00
       8929     24.000     6.6241     6.6295     0.0054    3.39052    3.39098          1     6.9055     6.9237      90.29     0.4522     0.2488  1.000e-12  0.4616000    33.8404    33.8401    -0.0003    26.5559    26.5549     23.776     23.916      0.641    1476.13    1476.16  0.000e+00
       8948     24.500     6.4599     6.4713     0.0114    3.37827    3.37925          1     7.0413     7.0334      89.90     0.2994     0.2366  1.000e-12  0.4045000    33.8669    33.8664    -0.0005    26.5984    26.5965     24.271     24.412      0.624    1475.53    1475.58  0.000e+00
       8967     25.000     6.3021     6.3100     0.0079    3.36645    3.36712          1     7.0872     7.0380      89.47     0.2587     0.2499  1.000e-12  0.3740000    33.8917    33.8913    -0.0004    26.6384    26.6371     24.766     24.908      0.617    1474.95    1474.98  0.000e+00
       8987     25.500     6.3233     6.3243     0.0011    3.37083    3.37105          1     7.0423     6.9769      88.72     0.2322     0.2758  1.000e-12  0.3415000    33.9193    33.9207     0.0013    26.6575    26.6585     25.261     25.404      0.627    1475.08    1475.08  0.000e+00
       9005     26.000     6.2856     6.2867     0.0011    3.36990    3.36997          1     7.0166     6.9599      88.20     0.2108     0.2342  1.000e-12  0.3158000    33.9463    33.9459    -0.0003    26.6836    26.6832     25.757     25.900      0.650    1474.97    1474.97  0.000e+00
       9023     26.500     6.1706     6.1737     0.0030    3.36024    3.36061          1     7.0220     6.9735      87.91     0.1898     0.2421  1.000e-12  0.3165000    33.9528    33.9539     0.0011    26.7035    26.7040     26.252     26.396      0.666    1474.53    1474.55  0.000e+00
       9041     27.000     6.1311     6.1341     0.0029    3.35835    3.35865          1     7.0283     6.9848      87.52     0.1863     0.2510  1.000e-12  0.2920000    33.9709    33.9712     0.0003    26.7229    26.7228     26.747     26.892      0.657    1474.41    1474.42  0.000e+00
       9060     27.500     6.1219     6.1248     0.0028    3.35883    3.35910          1     7.0274     6.9871      87.07     0.1767     0.2650  1.000e-12  0.2829000    33.9853    33.9854     0.0001    26.7354    26.7352     27.243     27.388      0.632    1474.40    1474.41  0.000e+00
       9079     28.000     6.1117     6.1150     0.0033    3.35947    3.35975          1     7.0372     6.9881      85.93     0.1699     0.2073  1.000e-12  0.2854000    34.0024    34.0023    -0.0001    26.7502    26.7497     27.738     27.884      0.620    1474.39    1474.40  0.000e+00
