ctdpy/tests/etc/all_smhi_bas_2018/SBE09_1044_20181114_0638_34_01_0144.cnv
* Sea-Bird SBE 9 Data File:
* FileName = C:\ctd\temp\ar18d144.hex
* Software Version Seasave V 7.26.7.107
* Temperature SN = 5351
* Conductivity SN = 3941
* Number of Bytes Per Scan = 41
* Number of Voltage Words = 4
* Number of Scans Averaged by the Deck Unit = 1
* NMEA Latitude = 57 07.03 N
* NMEA Longitude = 017 40.14 E
* NMEA UTC (Time) = Nov 14 2018  06:38:43
* NMEA baud rate = 4800
** Station:  BY38
** Operator:  JKro
** Ship: ARANDA
** Average sound velocity: 1441.30 m/s
** True-depth calculation Wed, 14 Nov 2018 08:01:21 +0000
** CTD Python Module SMHI /ver 3-12/ feb 2012 
** LIMS Job: 20183401-0144
** Cruise: SMHI-6-2018
** Latitude [GG MM.mm N]:
** Longitude [GG MM.mm E]
# nquan = 26
# nvalues = 208                         
# units = specified
# name 0 = scan: Scan Count
# name 1 = prDM: Pressure, Digiquartz [db]
# name 2 = t090C: Temperature [ITS-90, deg C]
# name 3 = t190C: Temperature, 2 [ITS-90, deg C]
# name 4 = T2-T190C: Temperature Difference, 2 - 1 [ITS-90, deg C]
# name 5 = c0S/m: Conductivity [S/m]
# name 6 = c1S/m: Conductivity, 2 [S/m]
# name 7 = pumps: Pump Status
# name 8 = sbeox0ML/L: Oxygen, SBE 43 [ml/l]
# name 9 = sbeox1ML/L: Oxygen, SBE 43, 2 [ml/l]
# name 10 = altM: Altimeter [m]
# name 11 = flECO-AFL: Chl-a Fluorescence, WET Labs ECO-AFL/FL [mg/m^3]
# name 12 = flECO-AFL1: Phycocyanin Fluorescence, WET Labs ECO-AFL/FL, 2 [mg/m^3]
# name 13 = par: PAR/Irradiance, Biospherical/Lico [µE/(cm^2*s)]
# name 14 = turbWETntu0: Turbidity, WET Labs ECO [NTU]
# name 15 = sal00: Salinity, Practical [PSU]
# name 16 = sal11: Salinity, Practical, 2 [PSU]
# name 17 = secS-priS: Salinity, Practical, Difference, 2 - 1 [PSU]
# name 18 = sigma-t00: Density [sigma-t, Kg/m^3 ]
# name 19 = sigma-t11: Density, 2 [sigma-t, Kg/m^3 ]
# name 20 = depSM: Depth [salt water, m], lat = 57.1172
# name 21 = depFM: Depth [true depth, m], lat = 57.1172
# name 22 = dz/dtM: Descent Rate [m/s], WS = 2
# name 23 = svCM: Sound Velocity [Chen-Millero, m/s]
# name 24 = svCM1: Sound Velocity, 2 [Chen-Millero, m/s]
# name 25 = flag: flag
# span 0 =      28963,      36812       
# span 1 =      1.000,    104.500       
# span 2 =     4.2062,     7.6749       
# span 3 =     4.2081,     7.6764       
# span 4 =    -0.0830,     0.0146       
# span 5 =   0.807353,   1.122318       
# span 6 =   0.807448,   1.124749       
# span 7 =          1,          1       
# span 8 =    0.02394,    7.70955       
# span 9 =    0.06105,    7.33501       
# span 10 =       2.60,      98.75      
# span 11 =     0.2352,     1.0692      
# span 12 =     0.1190,     0.3615      
# span 13 = -1.322e-05, 9.9488e+01      
# span 14 =     0.1636,     2.8574      
# span 15 =     7.0527,    10.4026      
# span 16 =     7.0523,    10.4225      
# span 17 =    -0.0176,     0.0199      
# span 18 =     5.4222,     8.1918      
# span 19 =     5.4218,     8.2067      
# span 20 =      0.991,    103.512      
# span 21 =      1.013,    105.745      
# span 22 =     -0.208,      0.756      
# span 23 =    1433.67,    1447.00      
# span 24 =    1433.68,    1447.00      
# span 25 = 0.0000e+00, 0.0000e+00      
# interval = decibars: 0.5              
# start_time = Nov 14 2018 06:38:43 [NMEA time, first data scan]
# bad_flag = -9.990e-29
*END*
[from data line 56]
      30292     29.000     7.4925     7.4878    -0.0047    0.83730    0.83710          1     7.4277     7.1154      64.72     0.4195     0.2917  1.000e-12  0.1839000     7.1962     7.1952    -0.0009     5.5483     5.5480     28.731     29.378      0.553    1446.54    1446.51  0.000e+00
      30313     29.500     7.4515     7.4528     0.0014    0.83615    0.83615          1     7.4246     7.1243      80.93     0.4121     0.2667  1.000e-12  0.1792000     7.1940     7.1937    -0.0003     5.5496     5.5493     29.227     29.884      0.553    1446.37    1446.38  0.000e+00
      30335     30.000     7.3247     7.3209    -0.0038    0.83307    0.83303          1     7.3810     7.0993      80.66     0.4068     0.2750  1.000e-12  0.1830000     7.1916     7.1920     0.0004     5.5570     5.5576     29.722     30.391      0.504    1445.85    1445.83  0.000e+00
      30361     30.500     7.1466     7.1281    -0.0187    0.82958    0.82904          1     7.3110     7.0480      79.74     0.3969     0.2721  1.000e-12  0.1822000     7.1961     7.1949    -0.0011     5.5730     5.5734     30.217     30.897      0.456    1445.12    1445.04  0.000e+00
      30387     31.000     6.9173     6.9131    -0.0042    0.82368    0.82355          1     7.2646     6.9954      79.39     0.3661     0.2578  1.000e-12  0.1744000     7.1887     7.1883    -0.0003     5.5827     5.5827     30.713     31.404      0.466    1444.16    1444.14  0.000e+00
      30412     31.500     6.7943     6.7947     0.0004    0.82096    0.82096          1     7.3031     7.0018      79.02     0.3505     0.2072  1.000e-12  0.1743000     7.1887     7.1887    -0.0001     5.5908     5.5907     31.208     31.910      0.519    1443.65    1443.65  0.000e+00
      30434     32.000     6.7969     6.8067     0.0096    0.82250    0.82291          1     7.3304     6.9967      78.73     0.3575     0.2998  1.000e-12  0.1781000     7.2026     7.2044     0.0018     5.6015     5.6023     31.703     32.417      0.586    1443.69    1443.73  0.000e+00
      30453     32.500     6.8850     6.8879     0.0031    0.82746    0.82754          1     7.3045     6.9746      78.17     0.3580     0.2792  1.000e-12  0.1989000     7.2307     7.2309     0.0002     5.6179     5.6178     32.199     32.923      0.615    1444.10    1444.11  0.000e+00
      30473     33.000     6.9068     6.9061    -0.0007    0.82992    0.82991          1     7.2835     6.9684      77.60     0.3580     0.2602  1.000e-12  0.1833000     7.2492     7.2492     0.0000     5.6310     5.6311     32.694     33.429      0.558    1444.22    1444.22  0.000e+00
      30498     33.500     6.8419     6.8387    -0.0033    0.82904    0.82885          1     7.2305     6.9310      77.16     0.3397     0.2382  1.000e-12  0.1851000     7.2545     7.2535    -0.0010     5.6394     5.6388     33.189     33.936      0.435    1443.96    1443.95  0.000e+00
      30528     34.000     6.7515     6.7390    -0.0125    0.82656    0.82624          1     7.2641     6.9518      76.47     0.3538     0.2076  1.000e-12  0.1702000     7.2501     7.2498    -0.0003     5.6418     5.6423     33.685     34.442      0.419    1443.59    1443.53  0.000e+00
      30554     34.500     6.6606     6.6639     0.0033    0.82590    0.82595          1     7.2592     6.9475      76.15     0.3456     0.1978  1.000e-12  0.1939000     7.2631     7.2629    -0.0002     5.6578     5.6574     34.180     34.949      0.558    1443.23    1443.24  0.000e+00
      30573     35.000     6.7671     6.7694     0.0022    0.83093    0.83090          1     7.1793     6.9103      75.70     0.3355     0.2071  1.000e-12  0.1775000     7.2880     7.2872    -0.0007     5.6706     5.6699     34.675     35.455      0.651    1443.71    1443.72  0.000e+00
      30590     35.500     6.6397     6.6400     0.0003    0.82782    0.82778          1     7.1657     6.8978      75.12     0.3329     0.2071  1.000e-12  0.1719000     7.2856     7.2852    -0.0004     5.6768     5.6764     35.171     35.962      0.620    1443.18    1443.18  0.000e+00
      30613     36.000     6.4342     6.4192    -0.0150    0.82423    0.82373          1     7.1265     6.8726      74.51     0.3376     0.2247  1.000e-12  0.1682000     7.2953     7.2937    -0.0016     5.6969     5.6965     35.666     36.468      0.439    1442.33    1442.27  0.000e+00
      30650     36.500     6.2100     6.1271    -0.0830    0.82046    0.81896          1     6.9941     6.7774      73.77     0.3305     0.2139  1.000e-12  0.1636000     7.3073     7.3107     0.0034     5.7194     5.7267     36.161     36.974      0.325    1441.40    1441.05  0.000e+00
      30679     37.000     5.8970     5.8957    -0.0014    0.81570    0.81574          1     6.9531     6.7209      73.38     0.3210     0.2318  1.000e-12  0.1677000     7.3290     7.3296     0.0006     5.7535     5.7541     36.657     37.481      0.571    1440.09    1440.09  0.000e+00
      30697     37.500     5.8448     5.8467     0.0019    0.81529    0.81536          1     6.9144     6.6746      72.93     0.3135     0.2219  1.000e-12  0.1679000     7.3362     7.3365     0.0003     5.7619     5.7620     37.152     37.987      0.678    1439.89    1439.90  0.000e+00
      30714     38.000     5.8050     5.8028    -0.0021    0.81611    0.81620          1     6.8782     6.6345      72.56     0.3112     0.2045  1.000e-12  0.1712000     7.3528     7.3542     0.0013     5.7771     5.7782     37.647     38.493      0.654    1439.74    1439.74  0.000e+00
      30734     38.500     5.7377     5.7356    -0.0022    0.81623    0.81620          1     6.8782     6.6298      71.99     0.3210     0.2267  1.000e-12  0.1800000     7.3686     7.3687     0.0001     5.7929     5.7931     38.142     39.000      0.547    1439.48    1439.47  0.000e+00
      30759     39.000     5.6660     5.6659    -0.0001    0.81648    0.81664          1     6.8770     6.6289      71.29     0.2979     0.2881  1.000e-12  0.1693000     7.3867     7.3882     0.0015     5.8107     5.8119     38.638     39.506      0.458    1439.20    1439.20  0.000e+00
      30786     39.500     5.6130     5.6081    -0.0049    0.81964    0.81970          1     6.7928     6.5785      70.74     0.2978     0.2393  1.000e-12  0.1819000     7.4290     7.4306     0.0017     5.8467     5.8482     39.133     40.012      0.461    1439.03    1439.02  0.000e+00
      30811     40.000     5.3730     5.3712    -0.0019    0.81639    0.81628          1     6.7150     6.5325      70.23     0.2979     0.2119  1.000e-12  0.1976000     7.4503     7.4496    -0.0007     5.8747     5.8743     39.628     40.519      0.507    1438.03    1438.02  0.000e+00
      30833     40.500     5.0869     5.0917     0.0048    0.81039    0.81041          1     6.6726     6.4869      69.71     0.2733     0.1802  1.000e-12  0.1748000     7.4549     7.4540    -0.0009     5.8906     5.8897     40.124     41.025      0.537    1436.79    1436.81  0.000e+00
      30856     41.000     4.9169     4.9236     0.0067    0.80759    0.80770          1     6.6375     6.4290      69.36     0.2830     0.2071  1.000e-12  0.1740000     7.4652     7.4648    -0.0004     5.9056     5.9050     40.619     41.531      0.533    1436.06    1436.09  0.000e+00
      30878     41.500     4.8419     4.8471     0.0052    0.80735    0.80745          1     6.6280     6.3984      68.80     0.2847     0.2077  1.000e-12  0.1900000     7.4797     7.4794    -0.0002     5.9199     5.9195     41.114     42.037      0.535    1435.76    1435.78  0.000e+00
      30900     42.000     4.8216     4.8256     0.0041    0.80803    0.80810          1     6.6468     6.4040      68.26     0.2786     0.1966  1.000e-12  0.1882000     7.4909     7.4907    -0.0002     5.9295     5.9292     41.610     42.544      0.539    1435.69    1435.71  0.000e+00
      30923     42.500     4.8357     4.8372     0.0015    0.81288    0.81302          1     6.5226     6.3165      67.37     0.2676     0.2087  1.000e-12  0.1770000     7.5359     7.5370     0.0011     5.9646     5.9655     42.105     43.050      0.497    1435.82    1435.83  0.000e+00
      30949     43.000     4.7402     4.7229    -0.0174    0.81423    0.81380          1     6.3421     6.1978      66.91     0.2725     0.2290  1.000e-12  0.1788000     7.5711     7.5708    -0.0003     5.9960     5.9963     42.600     43.556      0.443    1435.45    1435.37  0.000e+00
      30976     43.500     4.3688     4.3686    -0.0002    0.80777    0.80781          1     6.2032     6.0593      66.59     0.2673     0.2179  1.000e-12  0.1828000     7.5914     7.5919     0.0005     6.0245     6.0249     43.096     44.062      0.510    1433.84    1433.84  0.000e+00
      30997     44.000     4.3329     4.3372     0.0043    0.80962    0.80969          1     6.0737     5.9278      66.14     0.2462     0.2148  1.000e-12  0.1809000     7.6183     7.6181    -0.0002     6.0469     6.0467     43.591     44.569      0.613    1433.72    1433.74  0.000e+00
      31015     44.500     4.3138     4.3174     0.0035    0.81156    0.81160          1     5.9674     5.8270      65.70     0.2420     0.2307  1.000e-12  0.1813000     7.6423     7.6419    -0.0004     6.0666     6.0661     44.086     45.075      0.636    1433.67    1433.69  0.000e+00
      31035     45.000     4.3054     4.3088     0.0034    0.81333    0.81339          1     5.8927     5.7487      65.56     0.2504     0.2327  1.000e-12  0.1797000     7.6621     7.6619    -0.0002     6.0825     6.0823     44.581     45.581      0.571    1433.67    1433.68  0.000e+00
      31059     45.500     4.3144     4.3201     0.0057    0.81626    0.81649          1     5.8150     5.6758      57.62     0.2424     0.2141  1.000e-12  0.2071000     7.6897     7.6906     0.0009     6.1041     6.1047     45.077     46.087      0.471    1433.75    1433.78  0.000e+00
      31086     46.000     4.3667     4.3695     0.0028    0.82079    0.82105          1     5.7191     5.5792      63.81     0.2490     0.2071  1.000e-12  0.1920000     7.7231     7.7251     0.0020     6.1291     6.1306     45.572     46.593      0.444    1434.04    1434.05  0.000e+00
      31112     46.500     4.3176     4.3206     0.0030    0.82273    0.82277          1     5.6174     5.4711      81.01     0.2537     0.2583  1.000e-12  0.1869000     7.7543     7.7539    -0.0004     6.1553     6.1549     46.067     47.100      0.495    1433.86    1433.88  0.000e+00
      31135     47.000     4.3045     4.3072     0.0028    0.82546    0.82551          1     5.5497     5.3985      62.44     0.2352     0.2120  1.000e-12  0.1958000     7.7849     7.7848    -0.0001     6.1800     6.1799     46.563     47.606      0.543    1433.85    1433.86  0.000e+00
      31156     47.500     4.3677     4.3694     0.0017    0.83253    0.83254          1     5.4060     5.2797      62.18     0.2376     0.1715  1.000e-12  0.1941000     7.8414     7.8412    -0.0003     6.2229     6.2226     47.058     48.112      0.576    1434.21    1434.22  0.000e+00
      31176     48.000     4.5003     4.4993    -0.0010    0.84019    0.84014          1     5.2041     5.1376      61.71     0.2487     0.1720  1.000e-12  0.1902000     7.8872     7.8869    -0.0003     6.2549     6.2547     47.553     48.618      0.593    1434.87    1434.87  0.000e+00
      31197     48.500     4.4381     4.4409     0.0028    0.84288    0.84282          1     5.0261     5.0029      61.16     0.2567     0.2220  1.000e-12  0.1857000     7.9292     7.9280    -0.0012     6.2902     6.2892     48.048     49.124      0.575    1434.66    1434.67  0.000e+00
      31219     49.000     4.2642     4.2643     0.0001    0.84251    0.84254          1     4.8793     4.8572      60.65     0.2554     0.2428  1.000e-12  0.1867000     7.9674     7.9678     0.0003     6.3260     6.3263     48.544     49.630      0.488    1433.94    1433.94  0.000e+00
      31247     49.500     4.2139     4.2160     0.0020    0.84368    0.84383          1     4.7732     4.7367      60.00     0.2588     0.2349  1.000e-12  0.1919000     7.9915     7.9925     0.0011     6.3466     6.3474     49.039     50.136      0.409    1433.75    1433.76  0.000e+00
      31275     50.000     4.2323     4.2357     0.0034    0.84694    0.84706          1     4.6943     4.6389      59.62     0.2645     0.2216  1.000e-12  0.1909000     8.0201     8.0205     0.0004     6.3689     6.3690     49.534     50.642      0.515    1433.88    1433.89  0.000e+00
      31295     50.500     4.2436     4.2454     0.0018    0.85087    0.85084          1     4.6007     4.5477      59.31     0.2483     0.2590  1.000e-12  0.1859000     8.0573     8.0566    -0.0007     6.3980     6.3974     50.030     51.148      0.649    1433.98    1433.99  0.000e+00
      31312     51.000     4.2299     4.2318     0.0019    0.85508    0.85505          1     4.4925     4.4517      58.63     0.2678     0.2244  1.000e-12  0.1798000     8.1034     8.1027    -0.0008     6.4350     6.4344     50.525     51.654      0.691    1433.99    1434.00  0.000e+00
      31330     51.500     4.2253     4.2273     0.0020    0.85829    0.85827          1     4.3848     4.3560      58.18     0.2670     0.1651  1.000e-12  0.1831000     8.1373     8.1365    -0.0007     6.4620     6.4614     51.020     52.160      0.614    1434.02    1434.03  0.000e+00
      31354     52.000     4.2207     4.2223     0.0016    0.85993    0.86008          1     4.2801     4.2518      57.54     0.2648     0.1943  1.000e-12  0.1837000     8.1550     8.1562     0.0012     6.4762     6.4771     51.515     52.666      0.418    1434.03    1434.04  0.000e+00
      31389     52.500     4.2180     4.2198     0.0019    0.86172    0.86192          1     4.1844     4.1333      56.79     0.2729     0.1506  1.000e-12  0.1766000     8.1739     8.1755     0.0016     6.4913     6.4925     52.011     53.172      0.396    1434.05    1434.06  0.000e+00
      31413     53.000     4.2062     4.2081     0.0019    0.86354    0.86356          1     4.1392     4.0577      56.32     0.2725     0.1769  1.000e-12  0.1906000     8.1954     8.1951    -0.0003     6.5087     6.5085     52.506     53.678      0.633    1434.04    1434.04  0.000e+00
      31429     53.500     4.2218     4.2249     0.0031    0.86723    0.86714          1     4.0459     3.9800      55.94     0.2702     0.2431  1.000e-12  0.1945000     8.2291     8.2273    -0.0018     6.5350     6.5335     53.001     54.184      0.751    1434.15    1434.17  0.000e+00
      31445     54.000     4.3354     4.3392     0.0038    0.87547    0.87539          1     3.8957     3.8666      55.58     0.2605     0.1972  1.000e-12  0.1801000     8.2845     8.2827    -0.0018     6.5754     6.5738     53.497     54.690      0.730    1434.74    1434.75  0.000e+00
      31463     54.500     4.3696     4.3713     0.0016    0.87942    0.87941          1     3.7100     3.7180      54.98     0.2684     0.1642  1.000e-12  0.1999000     8.3160     8.3154    -0.0005     6.5992     6.5988     53.992     55.196      0.546    1434.94    1434.95  0.000e+00
      31496     55.000     4.3706     4.3716     0.0010    0.88097    0.88133          1     3.5286     3.5430      68.42     0.2725     0.2272  1.000e-12  0.2118000     8.3314     8.3347     0.0033     6.6115     6.6140     54.487     55.702      0.333    1434.97    1434.98  0.000e+00
      31528     55.500     4.3697     4.3719     0.0022    0.88416    0.88456          1     3.4319     3.4178      52.81     0.2725     0.2838  1.000e-12  0.2164000     8.3640     8.3676     0.0035     6.6374     6.6401     54.982     56.208      0.539    1435.02    1435.03  0.000e+00
      31546     56.000     4.3987     4.4009     0.0022    0.89200    0.89186          1     3.2841     3.2903      52.95     0.2733     0.2803  1.000e-12  0.2097000     8.4363     8.4344    -0.0019     6.6937     6.6921     55.478     56.714      0.714    1435.25    1435.26  0.000e+00
