ctdpy/tests/etc/all_smhi_bas_2018/SBE09_0827_20181004_0839_26_01_1007.cnv
* Sea-Bird SBE 9 Data File:
* FileName = D:\CTD_SBE911\DAT\26DA.2018.10.7.hex
* Software Version Seasave V 7.21d
* Temperature SN = 4548
* Conductivity SN = 3062
* Number of Bytes Per Scan = 48
* Number of Voltage Words = 5
* Number of Scans Averaged by the Deck Unit = 1
* NMEA Latitude = 55 42.86 N
* NMEA Longitude = 015 26.40 E
* NMEA UTC (Time) = Oct 04 2018  08:41:57
* NMEA baud rate = 4800
** Ship: DANA
** Average sound velocity: 1458.78 m/s
** True-depth calculation Thu, 28 Mar 2019 12:16:47 +0000
** CTD Python Module SMHI /ver 3-12/ feb 2012 
** LIMS Job: 20182601-1007
** Operator: Christian
** Cruise: 10/2018
# nquan = 26
# nvalues = 124                         
# units = specified
# name 0 = scan: Scan Count
# name 1 = prDM: Pressure, Digiquartz [db]
# name 2 = t090C: Temperature [ITS-90, deg C]
# name 3 = t190C: Temperature, 2 [ITS-90, deg C]
# name 4 = T2-T190C: Temperature Difference, 2 - 1 [ITS-90, deg C]
# name 5 = c0S/m: Conductivity [S/m]
# name 6 = c1S/m: Conductivity, 2 [S/m]
# name 7 = pumps: Pump Status
# name 8 = sbeox1ML/L: Oxygen, SBE 43, 2 [ml/l]
# name 9 = sbeox0ML/L: Oxygen, SBE 43 [ml/l]
# name 10 = altM: Altimeter [m]
# name 11 = chloroflTC0: Chlorophyll, Turner Cyclops [ug/l]
# name 12 = cpar: CPAR/Corrected Irradiance [%]
# name 13 = par: PAR/Irradiance, Biospherical/Lico [µE/(cm^2*s)]
# name 14 = spar: SPAR, Biospherical/Licor
# name 15 = sal00: Salinity, Practical [PSU]
# name 16 = sal11: Salinity, Practical, 2 [PSU]
# name 17 = secS-priS: Salinity, Practical, Difference, 2 - 1 [PSU]
# name 18 = sigma-t00: Density [sigma-t, kg/m^3 ]
# name 19 = sigma-t11: Density, 2 [sigma-t, kg/m^3 ]
# name 20 = depSM: Depth [salt water, m], lat = 55.7143
# name 21 = depFM: Depth [true depth, m], lat = 55.7143
# name 22 = dz/dtM: Descent Rate [m/s], WS = 2
# name 23 = svCM: Sound Velocity [Chen-Millero, m/s]
# name 24 = svCM1: Sound Velocity, 2 [Chen-Millero, m/s]
# name 25 = flag: flag
# span 0 =        178,       5840       
# span 1 =      1.500,     63.000       
# span 2 =     4.2461,    12.9641       
# span 3 =     4.2198,    12.9642       
# span 4 =    -0.7496,     0.8178       
# span 5 =   0.817317,   1.675189       
# span 6 =   0.814763,   1.676261       
# span 7 =          1,          1       
# span 8 =     0.4016,     7.3565       
# span 9 =     0.4862,     6.7769       
# span 10 =       0.97,      10.00      
# span 11 =     0.0000,     0.0000      
# span 12 = 6.1667e-14, 8.2204e+00      
# span 13 = 1.0000e-12, 1.2926e+02      
# span 14 = 1.0238e+03, 1.7129e+03      
# span 15 =     7.5315,    14.4373      
# span 16 =     7.5380,    14.5092      
# span 17 =    -0.0062,     0.2120      
# span 18 =     5.2796,    11.0259      
# span 19 =     5.2800,    11.0999      
# span 20 =      1.486,     62.419      
# span 21 =      1.520,     63.757      
# span 22 =      0.093,      0.673      
# span 23 =    1433.41,    1468.12      
# span 24 =    1433.28,    1468.12      
# span 25 = 0.0000e+00, 0.0000e+00      
# interval = decibars: 0.5              
# start_time = Oct 04 2018 08:41:57 [NMEA time, first data scan]
# bad_flag = -9.990e-29
*END*
[from data line 112]
       5349     57.500     9.9968    10.0194     0.0226    1.50892    1.51239          1     2.7398     2.6078       6.51     0.0000  8.849e-14  1.000e-12  1.130e+03    12.6622    12.6859     0.0237     9.5694     9.5851     56.970     58.212      0.276    1463.69    1463.80  0.000e+00
       5396     58.000    10.0209    10.0312     0.0103    1.52621    1.52958          1     2.5992     2.4838       6.00     0.0000  8.857e-14  1.000e-12  1.129e+03    12.8111    12.8382     0.0270     9.6821     9.7019     57.466     58.716      0.256    1463.97    1464.04  0.000e+00
       5439     58.500    10.1502    10.1910     0.0412    1.55654    1.56113          1     2.5148     2.3919       5.51     0.0000  8.925e-14  1.000e-12  1.120e+03    13.0410    13.0681     0.0271     9.8448     9.8609     57.961     59.221      0.291    1464.75    1464.94  0.000e+00
       5480     59.000    10.3643    10.4196     0.0550    1.59160    1.59817          1     2.4555     2.3425       4.98     0.0000  9.011e-14  1.000e-12  1.110e+03    13.2820    13.3214     0.0395    10.0052    10.0288     58.456     59.725      0.303    1465.86    1466.12  0.000e+00
       5518     59.500    10.4722    10.4993     0.0270    1.61235    1.61761          1     2.3123     2.2252       4.43     0.0000  9.102e-14  1.000e-12  1.099e+03    13.4304    13.4681     0.0377    10.1066    10.1324     58.951     60.229      0.291    1466.46    1466.61  0.000e+00
       5577     60.000    10.5013    10.5268     0.0254    1.63064    1.63821          1     2.1882     2.0899       3.86     0.0000  9.156e-14  1.000e-12  1.092e+03    13.5852    13.6442     0.0590    10.2229    10.2654     59.447     60.733      0.220    1466.77    1466.93  0.000e+00
       5624     60.500    10.4703    10.4457    -0.0245    1.64425    1.64531          1     1.9664     1.9571       3.41     0.0000  9.220e-14  1.000e-12  1.085e+03    13.7200    13.7388     0.0188    10.3315    10.3492     59.942     61.237      0.367    1466.82    1466.75  0.000e+00
       5662     61.000    10.3824    10.3699    -0.0126    1.64831    1.65114          1     1.7878     1.7470       2.86     0.0000  9.189e-14  1.000e-12  1.088e+03    13.7898    13.8203     0.0305    10.3969    10.4221     60.437     61.741      0.259    1466.58    1466.57  0.000e+00
       5717     61.500    10.3522    10.3392    -0.0130    1.65768    1.65960          1     1.6266     1.6268       2.40     0.0000  9.233e-14  1.000e-12  1.083e+03    13.8864    13.9089     0.0225    10.4757    10.4948     60.933     62.245      0.247    1466.59    1466.57  0.000e+00
       5754     62.000    10.1657    10.0658    -0.0994    1.66431    1.66558          1     1.1753     1.3249       1.96     0.0000  9.253e-14  1.000e-12  1.081e+03    14.0184    14.0689     0.0505    10.6016    10.6532     61.428     62.749      0.342    1466.05    1465.73  0.000e+00
       5796     62.500     9.7405     9.6294    -0.1115    1.67051    1.67224          1     0.6733     0.8025       1.41     0.0000  9.205e-14  1.000e-12  1.086e+03    14.2408    14.3008     0.0599    10.8269    10.8869     61.923     63.253      0.245    1464.70    1464.35  0.000e+00
       5840     63.000     9.3542     9.2005    -0.1592    1.67519    1.67626          1     0.4016     0.4862       0.97     0.0000  9.201e-14  1.000e-12  1.087e+03    14.4373    14.5092     0.0719    11.0259    11.0999     62.419     63.757      0.093    1463.45    1462.95  0.000e+00
