ctdpy/tests/etc/all_smhi_bas_2018/SBE09_1044_20180128_1413_34_02_0025.cnv
* Sea-Bird SBE 9 Data File:
* FileName = C:\ctd\temp\2018\ME18D025.hex
* Software Version Seasave V 7.26.6.26
* Temperature SN = 5351
* Conductivity SN = 3941
* Number of Bytes Per Scan = 41
* Number of Voltage Words = 4
* Number of Scans Averaged by the Deck Unit = 1
* NMEA Latitude = 57 04.47 N
* NMEA Longitude = 019 50.57 E
* NMEA UTC (Time) = Jan 28 2018  14:14:00
* NMEA baud rate = 4800
** Station:  BY11
** Operator:  JKro
** Ship: MERI
** Average sound velocity: 1445.34 m/s
** True-depth calculation Sun, 28 Jan 2018 19:19:48 +0000
** CTD Python Module SMHI /ver 3-12/ feb 2012 
** LIMS Job: 20183402-0025
** Cruise: SMHI-01-2018
** Latitude [GG MM.mm N] :
** Longitude [GG MM.mm E]:
# nquan = 26
# nvalues = 397                         
# units = specified
# name 0 = scan: Scan Count
# name 1 = prDM: Pressure, Digiquartz [db]
# name 2 = t090C: Temperature [ITS-90, deg C]
# name 3 = t190C: Temperature, 2 [ITS-90, deg C]
# name 4 = T2-T190C: Temperature Difference, 2 - 1 [ITS-90, deg C]
# name 5 = c0S/m: Conductivity [S/m]
# name 6 = c1S/m: Conductivity, 2 [S/m]
# name 7 = pumps: Pump Status
# name 8 = sbeox0ML/L: Oxygen, SBE 43 [ml/l]
# name 9 = sbeox1ML/L: Oxygen, SBE 43, 2 [ml/l]
# name 10 = altM: Altimeter [m]
# name 11 = flECO-AFL: Chl-a Fluorescence, WET Labs ECO-AFL/FL [mg/m^3]
# name 12 = flECO-AFL1: Phycocyanin Fluorescence, WET Labs ECO-AFL/FL, 2 [mg/m^3]
# name 13 = par: PAR/Irradiance, Biospherical/Lico [µE/(cm^2*s)]
# name 14 = turbWETntu0: Turbidity, WET Labs ECO [NTU]
# name 15 = sal00: Salinity, Practical [PSU]
# name 16 = sal11: Salinity, Practical, 2 [PSU]
# name 17 = secS-priS: Salinity, Practical, Difference, 2 - 1 [PSU]
# name 18 = sigma-t00: Density [sigma-t, Kg/m^3 ]
# name 19 = sigma-t11: Density, 2 [sigma-t, Kg/m^3 ]
# name 20 = depSM: Depth [salt water, m], lat = 57.0745
# name 21 = depFM: Depth [true depth, m], lat = 57.0745
# name 22 = dz/dtM: Descent Rate [m/s], WS = 2
# name 23 = svCM: Sound Velocity [Chen-Millero, m/s]
# name 24 = svCM1: Sound Velocity, 2 [Chen-Millero, m/s]
# name 25 = flag: flag
# span 0 =      16306,      31841       
# span 1 =      2.000,    200.000       
# span 2 =     4.6889,     6.9010       
# span 3 =     4.6898,     6.9017       
# span 4 =    -0.0133,     0.0336       
# span 5 =   0.796178,   1.451769       
# span 6 =   0.796141,   1.451794       
# span 7 =          1,          1       
# span 8 =    0.00468,    8.07072       
# span 9 =    0.02215,    8.03297       
# span 10 =       4.32,      99.07      
# span 11 =     0.2471,     0.4517      
# span 12 =     0.2282,     0.3963      
# span 13 = -2.319e-06, 1.2339e+01      
# span 14 =     0.0995,     0.5891      
# span 15 =     7.4072,    13.2239      
# span 16 =     7.4067,    13.2239      
# span 17 =    -0.0235,     0.0690      
# span 18 =     5.8667,    10.3224      
# span 19 =     5.8665,    10.3224      
# span 20 =      1.982,    198.066      
# span 21 =      2.025,    202.029      
# span 22 =     -0.205,      1.082      
# span 23 =    1434.43,    1454.34      
# span 24 =    1434.43,    1454.34      
# span 25 = 0.0000e+00, 0.0000e+00      
# interval = decibars: 0.5              
# start_time = Jan 28 2018 14:14:00 [NMEA time, first data scan]
# bad_flag = -9.990e-29
*END*
[from data line 56]
      17956     30.000     4.6897     4.6907     0.0010    0.79656    0.79654          1     8.0409     8.0116      96.23     0.3882     0.3162  1.000e-12  0.1098000     7.4078     7.4073    -0.0005     5.8684     5.8679     29.722     30.378      0.561    1434.81    1434.82  0.000e+00
      17976     30.500     4.6897     4.6905     0.0008    0.79656    0.79653          1     8.0451     8.0175      96.72     0.3998     0.3199  1.000e-12  0.1186000     7.4077     7.4072    -0.0005     5.8683     5.8679     30.217     30.884      0.586    1434.82    1434.82  0.000e+00
      17997     31.000     4.6896     4.6903     0.0007    0.79657    0.79654          1     8.0526     8.0193      97.45     0.4082     0.3311  1.000e-12  0.1187000     7.4077     7.4072    -0.0005     5.8683     5.8679     30.713     31.390      0.513    1434.83    1434.83  0.000e+00
      18025     31.500     4.6894     4.6903     0.0008    0.79657    0.79654          1     8.0476     8.0178      97.90     0.3876     0.3229  1.000e-12  0.1199000     7.4077     7.4072    -0.0005     5.8683     5.8679     31.208     31.897      0.379    1434.84    1434.84  0.000e+00
      18064     32.000     4.6894     4.6903     0.0008    0.79658    0.79655          1     8.0274     8.0209      98.05     0.3850     0.3362  1.000e-12  0.1364000     7.4077     7.4072    -0.0005     5.8683     5.8679     31.703     32.403      0.283    1434.84    1434.85  0.000e+00
      18105     32.500     4.6894     4.6903     0.0008    0.79658    0.79656          1     8.0391     8.0170      98.10     0.3846     0.3172  1.000e-12  0.1147000     7.4077     7.4072    -0.0004     5.8683     5.8679     32.199     32.909      0.310    1434.85    1434.85  0.000e+00
      18143     33.000     4.6894     4.6903     0.0009    0.79659    0.79656          1     8.0394     8.0138      98.16     0.3929     0.2959  1.000e-12  0.1224000     7.4077     7.4072    -0.0005     5.8683     5.8679     32.694     33.416      0.360    1434.86    1434.86  0.000e+00
      18170     33.500     4.6896     4.6905     0.0008    0.79659    0.79657          1     8.0455     8.0045      98.22     0.4004     0.3071  1.000e-12  0.1213000     7.4076     7.4072    -0.0005     5.8683     5.8679     33.189     33.922      0.562    1434.87    1434.87  0.000e+00
      18188     34.000     4.6899     4.6904     0.0006    0.79661    0.79658          1     8.0597     8.0002      98.23     0.3977     0.2723  1.000e-12  0.1194000     7.4076     7.4072    -0.0004     5.8682     5.8679     33.685     34.428      0.723    1434.88    1434.88  0.000e+00
      18204     34.500     4.6898     4.6905     0.0006    0.79661    0.79658          1     8.0662     8.0122      98.23     0.4018     0.3283  1.000e-12  0.1243000     7.4077     7.4072    -0.0005     5.8683     5.8679     34.180     34.935      0.757    1434.88    1434.89  0.000e+00
      18220     35.000     4.6898     4.6905     0.0007    0.79662    0.79659          1     8.0657     8.0150      98.30     0.4065     0.3393  1.000e-12  0.1171000     7.4076     7.4072    -0.0005     5.8682     5.8679     34.675     35.441      0.606    1434.89    1434.90  0.000e+00
      18284     35.500     4.6896     4.6906     0.0009    0.79663    0.79660          1     8.0610     8.0154      98.38     0.4005     0.2912  1.000e-12  0.1066000     7.4077     7.4072    -0.0005     5.8683     5.8679     35.171     35.947      0.406    1434.90    1434.90  0.000e+00
      18330     36.000     4.6899     4.6905     0.0006    0.79664    0.79661          1     8.0561     8.0153      98.39     0.3844     0.3093  1.000e-12  0.1065000     7.4077     7.4072    -0.0004     5.8683     5.8679     35.666     36.453      0.702    1434.91    1434.91  0.000e+00
      18345     36.500     4.6899     4.6905     0.0006    0.79664    0.79661          1     8.0513     8.0158      98.39     0.3854     0.3633  1.000e-12  0.1137000     7.4077     7.4072    -0.0005     5.8683     5.8679     36.161     36.960      0.731    1434.92    1434.92  0.000e+00
      18363     37.000     4.6898     4.6905     0.0006    0.79664    0.79662          1     8.0447     8.0122      98.44     0.3901     0.2831  1.000e-12  0.1163000     7.4076     7.4072    -0.0004     5.8682     5.8679     36.657     37.466      0.612    1434.92    1434.93  0.000e+00
      18388     37.500     4.6897     4.6905     0.0008    0.79665    0.79662          1     8.0392     8.0038      98.46     0.3976     0.2890  1.000e-12  0.1138000     7.4077     7.4071    -0.0005     5.8683     5.8679     37.152     37.972      0.406    1434.93    1434.93  0.000e+00
      18422     38.000     4.6896     4.6905     0.0009    0.79666    0.79663          1     8.0452     8.0000      98.49     0.3844     0.3205  1.000e-12  0.1153000     7.4077     7.4071    -0.0005     5.8683     5.8679     37.647     38.479      0.337    1434.94    1434.94  0.000e+00
      18465     38.500     4.6896     4.6904     0.0008    0.79666    0.79663          1     8.0542     8.0087      98.47     0.3861     0.3036  1.000e-12  0.1137000     7.4077     7.4072    -0.0005     5.8683     5.8679     38.143     38.985      0.234    1434.95    1434.95  0.000e+00
      18516     39.000     4.6898     4.6905     0.0007    0.79667    0.79664          1     8.0588     8.0150      98.46     0.4011     0.3359  1.000e-12  0.1134000     7.4077     7.4071    -0.0005     5.8683     5.8679     38.638     39.491      0.348    1434.95    1434.96  0.000e+00
      18542     39.500     4.6899     4.6906     0.0006    0.79668    0.79665          1     8.0617     8.0116      98.46     0.4013     0.3196  1.000e-12  0.1198000     7.4076     7.4072    -0.0004     5.8682     5.8679     39.133     39.998      0.518    1434.96    1434.97  0.000e+00
      18564     40.000     4.6898     4.6905     0.0007    0.79668    0.79666          1     8.0598     8.0094      98.46     0.4018     0.3141  1.000e-12  0.1228000     7.4076     7.4072    -0.0004     5.8682     5.8679     39.629     40.504      0.534    1434.97    1434.97  0.000e+00
      18587     40.500     4.6898     4.6905     0.0007    0.79669    0.79666          1     8.0618     8.0142      98.46     0.3864     0.3025  1.000e-12  0.1075000     7.4076     7.4072    -0.0004     5.8682     5.8679     40.124     41.010      0.497    1434.98    1434.98  0.000e+00
      18612     41.000     4.6898     4.6905     0.0007    0.79670    0.79667          1     8.0636     8.0105      98.46     0.3751     0.3123  1.000e-12  0.1127000     7.4076     7.4072    -0.0004     5.8683     5.8679     40.619     41.516      0.467    1434.99    1434.99  0.000e+00
      18640     41.500     4.6897     4.6905     0.0008    0.79670    0.79667          1     8.0583     7.9930      98.46     0.3851     0.3345  1.000e-12  0.1223000     7.4076     7.4072    -0.0004     5.8682     5.8679     41.114     42.023      0.356    1434.99    1435.00  0.000e+00
      18691     42.000     4.6897     4.6906     0.0009    0.79671    0.79668          1     8.0508     7.9984      98.45     0.3979     0.3449  1.000e-12  0.1110000     7.4076     7.4071    -0.0005     5.8683     5.8679     41.610     42.529      0.222    1435.00    1435.01  0.000e+00
      18734     42.500     4.6899     4.6906     0.0007    0.79672    0.79669          1     8.0343     8.0052      98.44     0.3840     0.2976  1.000e-12  0.1140000     7.4076     7.4072    -0.0004     5.8682     5.8679     42.105     43.035      0.462    1435.01    1435.01  0.000e+00
      18754     43.000     4.6901     4.6907     0.0006    0.79673    0.79670          1     8.0390     8.0123      98.44     0.3869     0.3454  1.000e-12  0.1073000     7.4076     7.4072    -0.0005     5.8683     5.8679     42.600     43.542      0.621    1435.02    1435.02  0.000e+00
      18773     43.500     4.6899     4.6907     0.0007    0.79674    0.79670          1     8.0435     8.0145      98.44     0.3900     0.3421  1.000e-12  0.1063000     7.4076     7.4072    -0.0005     5.8683     5.8679     43.096     44.048      0.594    1435.03    1435.03  0.000e+00
      18797     44.000     4.6898     4.6906     0.0008    0.79674    0.79671          1     8.0368     8.0212      98.42     0.3998     0.3160  1.000e-12  0.1214000     7.4077     7.4072    -0.0005     5.8683     5.8679     43.591     44.554      0.406    1435.03    1435.04  0.000e+00
      18834     44.500     4.6898     4.6907     0.0008    0.79675    0.79672          1     8.0527     8.0138      98.39     0.3993     0.3341  1.000e-12  0.1264000     7.4077     7.4072    -0.0005     5.8683     5.8679     44.086     45.060      0.343    1435.04    1435.05  0.000e+00
      18865     45.000     4.6899     4.6906     0.0007    0.79676    0.79672          1     8.0544     8.0083      98.42     0.4080     0.3747  1.000e-12  0.1244000     7.4077     7.4072    -0.0005     5.8683     5.8679     44.582     45.567      0.400    1435.05    1435.05  0.000e+00
      18895     45.500     4.6898     4.6905     0.0008    0.79676    0.79673          1     8.0501     8.0141      98.61     0.3801     0.3317  1.000e-12  0.1232000     7.4077     7.4072    -0.0004     5.8683     5.8679     45.077     46.073      0.391    1435.06    1435.06  0.000e+00
      18926     46.000     4.6897     4.6905     0.0008    0.79677    0.79674          1     8.0403     8.0160      98.66     0.3981     0.3156  1.000e-12  0.1339000     7.4077     7.4072    -0.0005     5.8683     5.8679     45.572     46.579      0.375    1435.07    1435.07  0.000e+00
      18960     46.500     4.6898     4.6906     0.0008    0.79678    0.79675          1     8.0470     8.0177      98.65     0.3929     0.3036  1.000e-12  0.1123000     7.4077     7.4072    -0.0005     5.8683     5.8679     46.067     47.086      0.341    1435.07    1435.08  0.000e+00
      18995     47.000     4.6899     4.6907     0.0008    0.79678    0.79675          1     8.0550     8.0191      98.64     0.4077     0.3008  1.000e-12  0.1224000     7.4077     7.4072    -0.0005     5.8683     5.8679     46.563     47.592      0.380    1435.08    1435.08  0.000e+00
      19023     47.500     4.6899     4.6907     0.0007    0.79679    0.79676          1     8.0509     8.0155      98.63     0.4011     0.3613  1.000e-12  0.1119000     7.4077     7.4072    -0.0005     5.8683     5.8679     47.058     48.098      0.464    1435.09    1435.09  0.000e+00
      19047     48.000     4.6899     4.6906     0.0006    0.79680    0.79676          1     8.0374     8.0073      98.62     0.4062     0.3505  1.000e-12  0.1171000     7.4076     7.4072    -0.0005     5.8683     5.8679     47.553     48.605      0.486    1435.10    1435.10  0.000e+00
      19072     48.500     4.6899     4.6906     0.0007    0.79680    0.79677          1     8.0467     8.0008      98.50     0.3867     0.3216  1.000e-12  0.1138000     7.4077     7.4072    -0.0005     5.8683     5.8679     48.049     49.111      0.461    1435.11    1435.11  0.000e+00
      19100     49.000     4.6898     4.6906     0.0008    0.79680    0.79677          1     8.0528     8.0090      98.46     0.4077     0.3327  1.000e-12  0.1234000     7.4076     7.4071    -0.0005     5.8683     5.8679     48.544     49.617      0.423    1435.11    1435.12  0.000e+00
      19132     49.500     4.6898     4.6907     0.0009    0.79681    0.79678          1     8.0359     8.0197      98.44     0.3881     0.3834  1.000e-12  0.1217000     7.4076     7.4071    -0.0005     5.8682     5.8678     49.039     50.123      0.296    1435.12    1435.12  0.000e+00
      19192     50.000     4.6900     4.6907     0.0008    0.79681    0.79678          1     8.0384     8.0059      98.40     0.4058     0.3427  1.000e-12  0.1085000     7.4076     7.4071    -0.0005     5.8682     5.8678     49.534     50.630      0.331    1435.13    1435.13  0.000e+00
      19220     50.500     4.6902     4.6908     0.0006    0.79682    0.79679          1     8.0510     8.0122      98.40     0.4089     0.2921  1.000e-12  0.1182000     7.4075     7.4070    -0.0005     5.8682     5.8678     50.030     51.136      0.639    1435.14    1435.14  0.000e+00
      19236     51.000     4.6902     4.6911     0.0009    0.79682    0.79681          1     8.0482     8.0125      98.57     0.3937     0.2637  1.000e-12  0.1149000     7.4075     7.4071    -0.0003     5.8681     5.8678     50.525     51.642      0.745    1435.15    1435.15  0.000e+00
      19252     51.500     4.6901     4.6909     0.0008    0.79682    0.79679          1     8.0465     8.0045      98.66     0.3741     0.2969  1.000e-12  0.1114000     7.4074     7.4069    -0.0005     5.8681     5.8677     51.020     52.149      0.677    1435.15    1435.16  0.000e+00
      19275     52.000     4.6899     4.6907     0.0008    0.79682    0.79679          1     8.0495     7.9977      98.70     0.4008     0.3179  1.000e-12  0.1131000     7.4074     7.4069    -0.0005     5.8681     5.8677     51.516     52.655      0.417    1435.16    1435.16  0.000e+00
      19318     52.500     4.6900     4.6908     0.0008    0.79683    0.79680          1     8.0442     8.0130      98.71     0.4007     0.3269  1.000e-12  0.1126000     7.4074     7.4069    -0.0005     5.8681     5.8677     52.011     53.161      0.260    1435.17    1435.17  0.000e+00
      19361     53.000     4.6899     4.6908     0.0008    0.79684    0.79681          1     8.0421     8.0213      98.71     0.3975     0.3259  1.000e-12  0.1183000     7.4074     7.4069    -0.0005     5.8681     5.8677     52.506     53.668      0.259    1435.18    1435.18  0.000e+00
      19407     53.500     4.6900     4.6908     0.0007    0.79685    0.79682          1     8.0383     8.0046      98.71     0.3975     0.2854  1.000e-12  0.1144000     7.4074     7.4070    -0.0005     5.8681     5.8677     53.001     54.174      0.333    1435.18    1435.19  0.000e+00
      19435     54.000     4.6903     4.6910     0.0007    0.79685    0.79682          1     8.0412     8.0051      98.72     0.4017     0.3450  1.000e-12  0.1081000     7.4074     7.4069    -0.0005     5.8680     5.8676     53.497     54.680      0.569    1435.19    1435.20  0.000e+00
      19453     54.500     4.6903     4.6908     0.0005    0.79686    0.79683          1     8.0444     8.0059      98.71     0.4082     0.3476  1.000e-12  0.1107000     7.4074     7.4069    -0.0004     5.8680     5.8677     53.992     55.186      0.688    1435.20    1435.20  0.000e+00
      19469     55.000     4.6902     4.6910     0.0007    0.79687    0.79684          1     8.0460     8.0107      98.71     0.4068     0.3200  1.000e-12  0.1101000     7.4074     7.4069    -0.0005     5.8681     5.8677     54.487     55.693      0.689    1435.21    1435.21  0.000e+00
      19488     55.500     4.6902     4.6909     0.0007    0.79687    0.79684          1     8.0482     8.0135      98.71     0.4046     0.3330  1.000e-12  0.1099000     7.4074     7.4069    -0.0005     5.8681     5.8676     54.983     56.199      0.565    1435.22    1435.22  0.000e+00
      19517     56.000     4.6900     4.6909     0.0009    0.79688    0.79685          1     8.0515     8.0127      48.82     0.3863     0.3119  1.000e-12  0.1103000     7.4074     7.4069    -0.0005     5.8680     5.8676     55.478     56.705      0.330    1435.23    1435.23  0.000e+00
      19603     56.500     4.6921     4.6917    -0.0003    0.79697    0.79689          1     8.0464     8.0061      99.07     0.3920     0.3204  1.000e-12  0.1123000     7.4078     7.4071    -0.0007     5.8683     5.8678     55.973     57.212      0.320    1435.24    1435.24  0.000e+00
      19640     57.000     4.6951     4.6971     0.0020    0.79713    0.79716          1     8.0354     7.9993      98.72     0.3875     0.3354  1.000e-12  0.1196000     7.4086     7.4085    -0.0001     5.8689     5.8687     56.468     57.718      0.718    1435.27    1435.27  0.000e+00
