ctdpy/tests/etc/all_smhi_bas_2018/SBE09_1044_20181109_1959_34_01_0122.cnv
* Sea-Bird SBE 9 Data File:
* FileName = C:\ctd\temp\ar18d122.hex
* Software Version Seasave V 7.26.7.107
* Temperature SN = 5351
* Conductivity SN = 3941
* Number of Bytes Per Scan = 41
* Number of Voltage Words = 4
* Number of Scans Averaged by the Deck Unit = 1
* NMEA Latitude = 57 18.73 N
* NMEA Longitude = 020 04.54 E
* NMEA UTC (Time) = Nov 09 2018  19:59:06
* NMEA baud rate = 4800
** Station:  BY15
** Operator:  A-KTh
** Ship: ARANDA
** Average sound velocity: 1449.43 m/s
** True-depth calculation Sat, 10 Nov 2018 13:04:56 +0000
** CTD Python Module SMHI /ver 3-12/ feb 2012 
** LIMS Job: 20183401-0122
** Cruise: SMHI-6-2018
** Latitude [GG MM.mm N]:
** Longitude [GG MM.mm E]
# nquan = 26
# nvalues = 471                         
# units = specified
# name 0 = scan: Scan Count
# name 1 = prDM: Pressure, Digiquartz [db]
# name 2 = t090C: Temperature [ITS-90, deg C]
# name 3 = t190C: Temperature, 2 [ITS-90, deg C]
# name 4 = T2-T190C: Temperature Difference, 2 - 1 [ITS-90, deg C]
# name 5 = c0S/m: Conductivity [S/m]
# name 6 = c1S/m: Conductivity, 2 [S/m]
# name 7 = pumps: Pump Status
# name 8 = sbeox0ML/L: Oxygen, SBE 43 [ml/l]
# name 9 = sbeox1ML/L: Oxygen, SBE 43, 2 [ml/l]
# name 10 = altM: Altimeter [m]
# name 11 = flECO-AFL: Chl-a Fluorescence, WET Labs ECO-AFL/FL [mg/m^3]
# name 12 = flECO-AFL1: Phycocyanin Fluorescence, WET Labs ECO-AFL/FL, 2 [mg/m^3]
# name 13 = par: PAR/Irradiance, Biospherical/Lico [µE/(cm^2*s)]
# name 14 = turbWETntu0: Turbidity, WET Labs ECO [NTU]
# name 15 = sal00: Salinity, Practical [PSU]
# name 16 = sal11: Salinity, Practical, 2 [PSU]
# name 17 = secS-priS: Salinity, Practical, Difference, 2 - 1 [PSU]
# name 18 = sigma-t00: Density [sigma-t, Kg/m^3 ]
# name 19 = sigma-t11: Density, 2 [sigma-t, Kg/m^3 ]
# name 20 = depSM: Depth [salt water, m], lat = 57.3122
# name 21 = depFM: Depth [true depth, m], lat = 57.3122
# name 22 = dz/dtM: Descent Rate [m/s], WS = 2
# name 23 = svCM: Sound Velocity [Chen-Millero, m/s]
# name 24 = svCM1: Sound Velocity, 2 [Chen-Millero, m/s]
# name 25 = flag: flag
# span 0 =      15937,      27354       
# span 1 =      1.000,    236.000       
# span 2 =     3.4348,     9.0768       
# span 3 =     3.4374,     9.0781       
# span 4 =    -0.0085,     0.0496       
# span 5 =   0.771856,   1.454902       
# span 6 =   0.771851,   1.454903       
# span 7 =          1,          1       
# span 8 =    0.01232,    8.37186       
# span 9 =    0.04449,    8.63097       
# span 10 =       1.86,      98.59      
# span 11 =     0.1827,     0.9787      
# span 12 =     0.1477,     0.3860      
# span 13 = 1.0000e-12, 1.2720e+00      
# span 14 =     0.1120,     0.5453      
# span 15 =     7.0029,    13.2481      
# span 16 =     7.0025,    13.2476      
# span 17 =    -0.0056,     0.0016      
# span 18 =     5.2723,    10.3417      
# span 19 =     5.2719,    10.3412      
# span 20 =      0.991,    233.693      
# span 21 =      1.013,    238.370      
# span 22 =      0.036,      0.588      
# span 23 =    1429.81,    1454.94      
# span 24 =    1429.82,    1454.94      
# span 25 = 0.0000e+00, 0.0000e+00      
# interval = decibars: 0.5              
# start_time = Nov 09 2018 19:59:06 [NMEA time, first data scan]
# bad_flag = -9.990e-29
*END*
[from data line 223]
      20914    112.500     6.6125     6.6135     0.0010    1.29996    1.29991          1     0.0262     0.0532      98.28     0.2806     0.1631  1.000e-12  0.1281000    11.8479    11.8471    -0.0008     9.2649     9.2642    111.433    113.836      0.552    1450.02    1450.02  0.000e+00
      20936    113.000     6.6140     6.6152     0.0012    1.30550    1.30571          1     0.0259     0.0559      98.31     0.2819     0.2241  1.000e-12  0.1677000    11.9020    11.9036     0.0016     9.3073     9.3085    111.929    114.340      0.545    1450.10    1450.10  0.000e+00
      20958    113.500     6.6148     6.6159     0.0011    1.30743    1.30736          1     0.0279     0.0583      82.43     0.2954     0.2058  1.000e-12  0.2244000    11.9207    11.9195    -0.0011     9.3219     9.3209    112.424    114.845      0.549    1450.13    1450.13  0.000e+00
      20979    114.000     6.6153     6.6165     0.0011    1.30833    1.30832          1     0.0263     0.0544      61.39     0.3013     0.2184  1.000e-12  0.2638000    11.9293    11.9287    -0.0005     9.3286     9.3281    112.919    115.350      0.557    1450.15    1450.16  0.000e+00
      21001    114.500     6.6158     6.6170     0.0012    1.30899    1.30899          1     0.0255     0.0538      81.33     0.2929     0.2509  1.000e-12  0.2541000    11.9355    11.9351    -0.0004     9.3335     9.3331    113.414    115.854      0.552    1450.17    1450.18  0.000e+00
      21023    115.000     6.6171     6.6182     0.0011    1.31048    1.31045          1     0.0263     0.0544      98.16     0.2810     0.2586  1.000e-12  0.2673000    11.9497    11.9490    -0.0006     9.3445     9.3439    113.909    116.359      0.543    1450.20    1450.21  0.000e+00
      21045    115.500     6.6181     6.6192     0.0011    1.31219    1.31215          1     0.0269     0.0551      98.24     0.2899     0.2066  1.000e-12  0.2789000    11.9661    11.9653    -0.0008     9.3573     9.3566    114.404    116.863      0.555    1450.24    1450.24  0.000e+00
      21066    116.000     6.6191     6.6202     0.0011    1.31431    1.31427          1     0.0256     0.0548      85.74     0.2934     0.2197  1.000e-12  0.3049000    11.9865    11.9858    -0.0007     9.3733     9.3727    114.899    117.368      0.571    1450.27    1450.28  0.000e+00
      21087    116.500     6.6187     6.6199     0.0012    1.31499    1.31496          1     0.0257     0.0555      91.32     0.2911     0.2288  1.000e-12  0.2935000    11.9934    11.9926    -0.0007     9.3787     9.3780    115.394    117.872      0.562    1450.29    1450.29  0.000e+00
      21109    117.000     6.6186     6.6197     0.0012    1.31620    1.31614          1     0.0252     0.0542      98.20     0.2979     0.2161  1.000e-12  0.2914000    12.0052    12.0042    -0.0010     9.3880     9.3871    115.890    118.377      0.537    1450.31    1450.31  0.000e+00
      21132    117.500     6.6215     6.6225     0.0010    1.31793    1.31787          1     0.0239     0.0547      98.20     0.3074     0.2041  1.000e-12  0.3611000    12.0212    12.0203    -0.0009     9.4004     9.3996    116.385    118.881      0.531    1450.35    1450.35  0.000e+00
      21154    118.000     6.6243     6.6253     0.0010    1.31996    1.31990          1     0.0250     0.0550      98.18     0.2911     0.2287  1.000e-12  0.4209000    12.0401    12.0392    -0.0010     9.4150     9.4142    116.880    119.386      0.551    1450.39    1450.40  0.000e+00
      21175    118.500     6.6259     6.6270     0.0011    1.32174    1.32170          1     0.0264     0.0551      92.81     0.2887     0.1770  1.000e-12  0.4324000    12.0571    12.0563    -0.0008     9.4282     9.4275    117.375    119.890      0.562    1450.43    1450.43  0.000e+00
      21197    119.000     6.6269     6.6280     0.0011    1.32296    1.32293          1     0.0240     0.0551      81.99     0.3010     0.2609  1.000e-12  0.4167000    12.0686    12.0680    -0.0006     9.4372     9.4366    117.870    120.395      0.550    1450.46    1450.46  0.000e+00
      21219    119.500     6.6288     6.6298     0.0010    1.32488    1.32479          1     0.0241     0.0548      36.02     0.3059     0.2683  1.000e-12  0.4381000    12.0869    12.0857    -0.0012     9.4514     9.4504    118.365    120.899      0.539    1450.49    1450.50  0.000e+00
      21241    120.000     6.6314     6.6324     0.0010    1.32776    1.32768          1     0.0258     0.0558      97.51     0.3003     0.2236  1.000e-12  0.4771000    12.1143    12.1131    -0.0012     9.4728     9.4718    118.860    121.404      0.549    1450.55    1450.55  0.000e+00
      21263    120.500     6.6326     6.6337     0.0012    1.32930    1.32923          1     0.0251     0.0549      98.23     0.2998     0.1928  1.000e-12  0.5061000    12.1290    12.1279    -0.0011     9.4842     9.4833    119.355    121.908      0.568    1450.58    1450.58  0.000e+00
      21284    121.000     6.6340     6.6351     0.0011    1.33113    1.33109          1     0.0259     0.0545      97.59     0.3157     0.2296  1.000e-12  0.5244000    12.1465    12.1457    -0.0008     9.4978     9.4971    119.850    122.413      0.568    1450.61    1450.62  0.000e+00
      21305    121.500     6.6343     6.6355     0.0011    1.33179    1.33174          1     0.0251     0.0549      57.49     0.3138     0.1640  1.000e-12  0.5453000    12.1528    12.1519    -0.0009     9.5028     9.5020    120.346    122.917      0.557    1450.63    1450.64  0.000e+00
      21327    122.000     6.6320     6.6335     0.0015    1.33270    1.33265          1     0.0249     0.0549      93.88     0.2935     0.1973  1.000e-12  0.5288000    12.1625    12.1615    -0.0010     9.5106     9.5097    120.841    123.422      0.553    1450.64    1450.65  0.000e+00
      21348    122.500     6.6265     6.6276     0.0011    1.33560    1.33554          1     0.0240     0.0544      98.15     0.3024     0.2321  1.000e-12  0.4962000    12.1930    12.1921    -0.0010     9.5350     9.5341    121.336    123.926      0.553    1450.67    1450.67  0.000e+00
      21370    123.000     6.6305     6.6313     0.0008    1.33861    1.33849          1     0.0236     0.0554      98.15     0.3021     0.2481  1.000e-12  0.4515000    12.2213    12.2198    -0.0015     9.5569     9.5556    121.831    124.431      0.549    1450.73    1450.73  0.000e+00
      21392    123.500     6.6378     6.6385     0.0007    1.34274    1.34260          1     0.0232     0.0548      98.16     0.3065     0.2487  1.000e-12  0.4169000    12.2594    12.2577    -0.0017     9.5862     9.5849    122.326    124.935      0.542    1450.81    1450.81  0.000e+00
      21414    124.000     6.6415     6.6424     0.0010    1.34495    1.34489          1     0.0247     0.0546      69.96     0.3041     0.2471  1.000e-12  0.3937000    12.2799    12.2789    -0.0010     9.6020     9.6012    122.821    125.440      0.542    1450.86    1450.86  0.000e+00
      21436    124.500     6.6414     6.6428     0.0013    1.34505    1.34506          1     0.0243     0.0525      77.51     0.3047     0.2333  1.000e-12  0.3763000    12.2808    12.2804    -0.0004     9.6027     9.6023    123.316    125.944      0.554    1450.87    1450.88  0.000e+00
      21458    125.000     6.6414     6.6426     0.0012    1.34521    1.34520          1     0.0241     0.0549      97.87     0.3148     0.1759  1.000e-12  0.3635000    12.2822    12.2817    -0.0006     9.6039     9.6033    123.811    126.448      0.560    1450.88    1450.88  0.000e+00
      21479    125.500     6.6450     6.6460     0.0010    1.34812    1.34800          1     0.0231     0.0575      98.15     0.3157     0.1896  1.000e-12  0.3646000    12.3096    12.3081    -0.0016     9.6251     9.6238    124.306    126.953      0.553    1450.94    1450.94  0.000e+00
      21501    126.000     6.6503     6.6514     0.0011    1.35136    1.35138          1     0.0228     0.0562      98.16     0.3087     0.2245  1.000e-12  0.3241000    12.3397    12.3395    -0.0002     9.6483     9.6481    124.801    127.457      0.545    1451.01    1451.01  0.000e+00
      21523    126.500     6.6545     6.6556     0.0010    1.35308    1.35307          1     0.0237     0.0531      86.17     0.3107     0.2637  1.000e-12  0.2813000    12.3551    12.3546    -0.0005     9.6601     9.6596    125.297    127.962      0.550    1451.05    1451.05  0.000e+00
      21545    127.000     6.6569     6.6579     0.0010    1.35349    1.35349          1     0.0234     0.0535      52.28     0.3108     0.3191  1.000e-12  0.2553000    12.3581    12.3577    -0.0004     9.6623     9.6619    125.792    128.466      0.560    1451.07    1451.08  0.000e+00
      21566    127.500     6.6644     6.6653     0.0009    1.35585    1.35580          1     0.0245     0.0546      98.09     0.3068     0.2333  1.000e-12  0.2517000    12.3787    12.3778    -0.0008     9.6779     9.6771    126.287    128.970      0.567    1451.14    1451.14  0.000e+00
      21587    128.000     6.6682     6.6692     0.0010    1.35793    1.35789          1     0.0253     0.0557      98.16     0.3155     0.2231  1.000e-12  0.2729000    12.3978    12.3970    -0.0008     9.6926     9.6919    126.782    129.475      0.562    1451.18    1451.19  0.000e+00
      21609    128.500     6.6699     6.6710     0.0011    1.35939    1.35935          1     0.0239     0.0554      98.14     0.3146     0.2357  1.000e-12  0.2669000    12.4115    12.4107    -0.0008     9.7032     9.7025    127.277    129.979      0.546    1451.22    1451.22  0.000e+00
      21631    129.000     6.6700     6.6712     0.0012    1.36036    1.36033          1     0.0229     0.0543      98.16     0.3160     0.2590  1.000e-12  0.2701000    12.4209    12.4202    -0.0007     9.7106     9.7100    127.772    130.484      0.541    1451.24    1451.24  0.000e+00
      21653    129.500     6.6731     6.6740     0.0009    1.36148    1.36146          1     0.0229     0.0544      32.87     0.3161     0.2811  1.000e-12  0.2680000    12.4308    12.4302    -0.0006     9.7182     9.7176    128.267    130.988      0.555    1451.27    1451.27  0.000e+00
      21674    130.000     6.6760     6.6770     0.0010    1.36243    1.36237          1     0.0231     0.0557      98.04     0.3152     0.3069  1.000e-12  0.2539000    12.4391    12.4381    -0.0010     9.7244     9.7235    128.762    131.492      0.554    1451.30    1451.30  0.000e+00
      21696    130.500     6.6806     6.6816     0.0010    1.36482    1.36475          1     0.0237     0.0540      98.12     0.3113     0.1985  1.000e-12  0.2361000    12.4609    12.4599    -0.0010     9.7412     9.7403    129.257    131.997      0.541    1451.36    1451.36  0.000e+00
      21719    131.000     6.6836     6.6846     0.0010    1.36649    1.36645          1     0.0229     0.0545      98.15     0.2995     0.2147  1.000e-12  0.2153000    12.4762    12.4755    -0.0007     9.7530     9.7523    129.752    132.501      0.543    1451.40    1451.40  0.000e+00
      21740    131.500     6.6880     6.6889     0.0009    1.36822    1.36817          1     0.0237     0.0549      98.13     0.2903     0.2371  1.000e-12  0.1802000    12.4917    12.4908    -0.0009     9.7648     9.7641    130.247    133.005      0.562    1451.44    1451.44  0.000e+00
      21762    132.000     6.6923     6.6932     0.0009    1.36982    1.36977          1     0.0227     0.0545      50.91     0.3053     0.2221  1.000e-12  0.1811000    12.5058    12.5050    -0.0008     9.7756     9.7748    130.742    133.510      0.566    1451.48    1451.49  0.000e+00
      21783    132.500     6.6967     6.6976     0.0009    1.37135    1.37131          1     0.0233     0.0550      74.78     0.3126     0.1835  1.000e-12  0.1702000    12.5193    12.5186    -0.0007     9.7858     9.7852    131.238    134.014      0.554    1451.53    1451.53  0.000e+00
      21805    133.000     6.6996     6.7006     0.0009    1.37230    1.37226          1     0.0243     0.0547      98.51     0.2955     0.2225  1.000e-12  0.1665000    12.5274    12.5267    -0.0008     9.7920     9.7913    131.733    134.518      0.547    1451.56    1451.56  0.000e+00
      21827    133.500     6.7047     6.7054     0.0007    1.37373    1.37366          1     0.0235     0.0543      98.06     0.2964     0.1943  1.000e-12  0.1731000    12.5397    12.5387    -0.0010     9.8012     9.8004    132.228    135.023      0.557    1451.60    1451.60  0.000e+00
      21848    134.000     6.7076     6.7086     0.0010    1.37471    1.37469          1     0.0235     0.0545      98.10     0.3056     0.2127  1.000e-12  0.1857000    12.5482    12.5476    -0.0006     9.8077     9.8071    132.723    135.527      0.567    1451.63    1451.64  0.000e+00
      21869    134.500     6.7086     6.7096     0.0011    1.37508    1.37507          1     0.0220     0.0539      98.07     0.3033     0.2211  1.000e-12  0.1971000    12.5514    12.5509    -0.0005     9.8101     9.8096    133.218    136.031      0.559    1451.65    1451.65  0.000e+00
      21891    135.000     6.7097     6.7109     0.0012    1.37579    1.37579          1     0.0228     0.0549      98.09     0.3033     0.2243  1.000e-12  0.1793000    12.5579    12.5574    -0.0004     9.8151     9.8146    133.713    136.536      0.543    1451.67    1451.67  0.000e+00
      21913    135.500     6.7126     6.7138     0.0011    1.37688    1.37689          1     0.0234     0.0544      97.24     0.3129     0.2244  1.000e-12  0.1521000    12.5675    12.5672    -0.0003     9.8224     9.8220    134.208    137.040      0.542    1451.70    1451.71  0.000e+00
      21935    136.000     6.7190     6.7197     0.0007    1.37875    1.37866          1     0.0231     0.0537      94.11     0.2960     0.1778  1.000e-12  0.1633000    12.5835    12.5824    -0.0011     9.8345     9.8336    134.703    137.544      0.552    1451.76    1451.76  0.000e+00
      21957    136.500     6.7251     6.7260     0.0009    1.38066    1.38061          1     0.0227     0.0540      98.04     0.2975     0.2047  1.000e-12  0.2035000    12.6001    12.5993    -0.0008     9.8470     9.8463    135.198    138.049      0.555    1451.81    1451.81  0.000e+00
      21979    137.000     6.7270     6.7282     0.0011    1.38139    1.38137          1     0.0226     0.0546      98.08     0.3036     0.2351  1.000e-12  0.2243000    12.6065    12.6059    -0.0006     9.8519     9.8514    135.693    138.553      0.549    1451.84    1451.84  0.000e+00
      22000    137.500     6.7299     6.7309     0.0010    1.38244    1.38241          1     0.0238     0.0539      98.07     0.3019     0.2471  1.000e-12  0.2014000    12.6158    12.6151    -0.0007     9.8589     9.8583    136.188    139.057      0.549    1451.87    1451.87  0.000e+00
      22022    138.000     6.7341     6.7350     0.0009    1.38406    1.38401          1     0.0215     0.0543      98.03     0.2898     0.2278  1.000e-12  0.1570000    12.6302    12.6292    -0.0009     9.8699     9.8691    136.683    139.561      0.557    1451.91    1451.91  0.000e+00
      22044    138.500     6.7377     6.7386     0.0008    1.38560    1.38554          1     0.0242     0.0546      98.05     0.3053     0.1830  1.000e-12  0.1811000    12.6439    12.6430    -0.0010     9.8804     9.8796    137.178    140.066      0.562    1451.95    1451.95  0.000e+00
      22065    139.000     6.7412     6.7421     0.0009    1.38668    1.38664          1     0.0247     0.0534      98.02     0.3132     0.2328  1.000e-12  0.1913000    12.6532    12.6525    -0.0007     9.8875     9.8868    137.673    140.570      0.554    1451.98    1451.99  0.000e+00
      22087    139.500     6.7477     6.7484     0.0007    1.38911    1.38902          1     0.0215     0.0544      98.04     0.3234     0.1857  1.000e-12  0.2050000    12.6748    12.6736    -0.0012     9.9039     9.9029    138.168    141.074      0.545    1452.05    1452.05  0.000e+00
