ctdpy/tests/etc/all_smhi_bas_2018/SBE09_0827_20181124_1258_26_01_1236.cnv
* Sea-Bird SBE 9 Data File:
* FileName = D:\CTD_SBE911\DAT\26DA.2018.12.36.hex
* Software Version Seasave V 7.21d
* Temperature SN = 4548
* Conductivity SN = 3062
* Number of Bytes Per Scan = 48
* Number of Voltage Words = 5
* Number of Scans Averaged by the Deck Unit = 1
* NMEA Latitude = 58 02.51 N
* NMEA Longitude = 019 30.21 E
* NMEA UTC (Time) = Nov 24 2018  12:58:49
* NMEA baud rate = 4800
** Ship: DANA
** Average sound velocity: 1443.12 m/s
** True-depth calculation Tue, 02 Apr 2019 12:14:12 +0000
** CTD Python Module SMHI /ver 3-12/ feb 2012 
** LIMS Job: 20182601-1236
** Operator: Ronny
** Cruise: 12/2018
# nquan = 26
# nvalues = 201                         
# units = specified
# name 0 = scan: Scan Count
# name 1 = prDM: Pressure, Digiquartz [db]
# name 2 = t090C: Temperature [ITS-90, deg C]
# name 3 = t190C: Temperature, 2 [ITS-90, deg C]
# name 4 = T2-T190C: Temperature Difference, 2 - 1 [ITS-90, deg C]
# name 5 = c0S/m: Conductivity [S/m]
# name 6 = c1S/m: Conductivity, 2 [S/m]
# name 7 = pumps: Pump Status
# name 8 = sbeox1ML/L: Oxygen, SBE 43, 2 [ml/l]
# name 9 = sbeox0ML/L: Oxygen, SBE 43 [ml/l]
# name 10 = altM: Altimeter [m]
# name 11 = chloroflTC0: Chlorophyll, Turner Cyclops [ug/l]
# name 12 = cpar: CPAR/Corrected Irradiance [%]
# name 13 = par: PAR/Irradiance, Biospherical/Lico [µE/(cm^2*s)]
# name 14 = spar: SPAR, Biospherical/Licor
# name 15 = sal00: Salinity, Practical [PSU]
# name 16 = sal11: Salinity, Practical, 2 [PSU]
# name 17 = secS-priS: Salinity, Practical, Difference, 2 - 1 [PSU]
# name 18 = sigma-t00: Density [sigma-t, kg/m^3 ]
# name 19 = sigma-t11: Density, 2 [sigma-t, kg/m^3 ]
# name 20 = depSM: Depth [salt water, m], lat = 58.0418
# name 21 = depFM: Depth [true depth, m], lat = 58.0418
# name 22 = dz/dtM: Descent Rate [m/s], WS = 2
# name 23 = svCM: Sound Velocity [Chen-Millero, m/s]
# name 24 = svCM1: Sound Velocity, 2 [Chen-Millero, m/s]
# name 25 = flag: flag
# span 0 =        415,       9919       
# span 1 =      1.000,    101.000       
# span 2 =     3.9031,     8.4028       
# span 3 =     3.8857,     8.4066       
# span 4 =    -0.4999,     0.0696       
# span 5 =   0.792653,   1.272241       
# span 6 =   0.792269,   1.272573       
# span 7 =          1,          1       
# span 8 =     0.0930,     7.4595       
# span 9 =     0.0404,     7.6924       
# span 10 =       1.43,       9.98      
# span 11 =     0.0159,     0.0202      
# span 12 = -2.275e-05, 7.7007e+00      
# span 13 = -1.525e-05, 5.1739e+00      
# span 14 = 6.1155e+01, 7.1120e+01      
# span 15 =     6.8624,    11.6542      
# span 16 =     6.8623,    11.6554      
# span 17 =    -0.0277,     0.0841      
# span 18 =     5.2343,     9.1293      
# span 19 =     5.2342,     9.1298      
# span 20 =      0.991,    100.039      
# span 21 =      1.013,    102.222      
# span 22 =      0.190,      0.318      
# span 23 =    1432.02,    1449.95      
# span 24 =    1431.94,    1449.95      
# span 25 = 0.0000e+00, 0.0000e+00      
# interval = decibars: 0.5              
# start_time = Nov 24 2018 12:58:50 [NMEA time, first data scan]
# bad_flag = -9.990e-29
*END*
        415      1.000     8.1642     8.1644     0.0002    0.81521    0.81520          1     7.4485     7.6867       8.77     0.0195  7.701e+00  5.174e+00  6.719e+01     6.8624     6.8623    -0.0001     5.2344     5.2343      0.991      1.013      0.190    1448.43    1448.43  0.000e+00
        505      1.500     8.1720     8.1743     0.0023    0.81548    0.81554          1     7.4498     7.6877       8.82     0.0195  6.531e+00  4.377e+00  6.701e+01     6.8633     6.8633     0.0001     5.2344     5.2343      1.486      1.520      0.276    1448.47    1448.48  0.000e+00
        551      2.000     8.1748     8.1721    -0.0027    0.81558    0.81547          1     7.4526     7.6878       8.80     0.0195  5.590e+00  3.746e+00  6.702e+01     6.8636     6.8631    -0.0005     5.2345     5.2343      1.981      2.026      0.222    1448.49    1448.48  0.000e+00
        604      2.500     8.1739     8.1735    -0.0005    0.81556    0.81552          1     7.4537     7.6884       8.94     0.0195  4.781e+00  3.204e+00  6.702e+01     6.8635     6.8632    -0.0003     5.2345     5.2343      2.477      2.533      0.252    1448.50    1448.50  0.000e+00
        648      3.000     8.1743     8.1714    -0.0029    0.81558    0.81546          1     7.4406     7.6891       9.98     0.0198  3.985e+00  2.671e+00  6.702e+01     6.8636     6.8630    -0.0006     5.2345     5.2343      2.972      3.040      0.288    1448.51    1448.50  0.000e+00
        699      3.500     8.1715     8.1690    -0.0026    0.81549    0.81538          1     7.4368     7.6837       9.98     0.0195  3.488e+00  2.338e+00  6.702e+01     6.8632     6.8628    -0.0004     5.2344     5.2343      3.468      3.546      0.223    1448.50    1448.49  0.000e+00
        745      4.000     8.1685     8.1693     0.0008    0.81539    0.81539          1     7.4293     7.6787       9.98     0.0195  2.971e+00  1.991e+00  6.702e+01     6.8628     6.8627    -0.0001     5.2344     5.2343      3.963      4.053      0.313    1448.50    1448.50  0.000e+00
        792      4.500     8.1700     8.1724     0.0024    0.81544    0.81551          1     7.4458     7.6785       9.98     0.0195  2.510e+00  1.682e+00  6.702e+01     6.8630     6.8631     0.0001     5.2344     5.2343      4.458      4.560      0.211    1448.51    1448.52  0.000e+00
        851      5.000     8.1722     8.1728     0.0007    0.81553    0.81553          1     7.4457     7.6839       9.98     0.0195  2.182e+00  1.462e+00  6.702e+01     6.8633     6.8632    -0.0001     5.2345     5.2343      4.954      5.066      0.251    1448.53    1448.53  0.000e+00
        891      5.500     8.1795     8.1763    -0.0032    0.81578    0.81564          1     7.4369     7.6872       9.98     0.0195  1.861e+00  1.247e+00  6.702e+01     6.8641     6.8635    -0.0006     5.2345     5.2342      5.449      5.573      0.284    1448.57    1448.55  0.000e+00
        946      6.000     8.1786     8.1762    -0.0024    0.81575    0.81566          1     7.4456     7.6763       9.97     0.0196  1.583e+00  1.061e+00  6.702e+01     6.8639     6.8636    -0.0004     5.2344     5.2343      5.944      6.079      0.217    1448.57    1448.56  0.000e+00
        991      6.500     8.1758     8.1786     0.0027    0.81567    0.81576          1     7.4458     7.6754       9.97     0.0195  1.362e+00  9.126e-01  6.702e+01     6.8637     6.8640     0.0003     5.2345     5.2345      6.440      6.586      0.302    1448.57    1448.58  0.000e+00
       1038      7.000     8.1785     8.1835     0.0049    0.81579    0.81595          1     7.4443     7.6727       9.97     0.0196  1.150e+00  7.708e-01  6.702e+01     6.8642     6.8647     0.0005     5.2347     5.2346      6.935      7.093      0.222    1448.59    1448.61  0.000e+00
       1090      7.500     8.1806     8.1829     0.0023    0.81586    0.81592          1     7.4417     7.6794       9.97     0.0196  9.831e-01  6.588e-01  6.702e+01     6.8644     6.8645     0.0001     5.2346     5.2345      7.430      7.599      0.246    1448.61    1448.61  0.000e+00
       1141      8.000     8.1822     8.1843     0.0021    0.81593    0.81598          1     7.4460     7.6838       9.97     0.0195  8.324e-01  5.579e-01  6.702e+01     6.8646     6.8646     0.0001     5.2346     5.2345      7.926      8.106      0.231    1448.62    1448.63  0.000e+00
       1194      8.500     8.1800     8.1797    -0.0002    0.81583    0.81584          1     7.4441     7.6842       9.97     0.0195  6.911e-01  4.631e-01  6.702e+01     6.8641     6.8642     0.0001     5.2345     5.2346      8.421      8.612      0.231    1448.62    1448.62  0.000e+00
       1240      9.000     8.1768     8.1753    -0.0015    0.81573    0.81568          1     7.4411     7.6845       9.97     0.0197  5.856e-01  3.924e-01  6.702e+01     6.8638     6.8637    -0.0001     5.2345     5.2345      8.916      9.119      0.291    1448.61    1448.61  0.000e+00
       1284      9.500     8.1736     8.1664    -0.0072    0.81564    0.81539          1     7.4406     7.6783       9.97     0.0202  4.778e-01  3.202e-01  6.702e+01     6.8635     6.8627    -0.0008     5.2345     5.2344      9.412      9.626      0.240    1448.61    1448.58  0.000e+00
       1335     10.000     8.1670     8.1700     0.0030    0.81543    0.81550          1     7.4500     7.6802       9.96     0.0196  3.912e-01  2.622e-01  6.702e+01     6.8628     6.8630     0.0001     5.2345     5.2344      9.907     10.132      0.269    1448.59    1448.60  0.000e+00
       1378     10.500     8.1684     8.1775     0.0091    0.81548    0.81578          1     7.4492     7.6803       9.96     0.0195  3.154e-01  2.114e-01  6.702e+01     6.8630     6.8639     0.0009     5.2345     5.2345     10.402     10.639      0.250    1448.60    1448.64  0.000e+00
       1430     11.000     8.1754     8.1812     0.0058    0.81572    0.81589          1     7.4368     7.6910       9.96     0.0195  2.452e-01  1.643e-01  6.702e+01     6.8637     6.8642     0.0004     5.2345     5.2344     10.898     11.146      0.240    1448.64    1448.66  0.000e+00
       1477     11.500     8.1793     8.1758    -0.0035    0.81584    0.81569          1     7.4426     7.6863       9.96     0.0196  1.859e-01  1.246e-01  6.702e+01     6.8640     6.8634    -0.0007     5.2344     5.2342     11.393     11.652      0.251    1448.66    1448.65  0.000e+00
       1524     12.000     8.1746     8.1685    -0.0061    0.81567    0.81547          1     7.4479     7.6879       9.96     0.0196  1.318e-01  8.831e-02  6.702e+01     6.8633     6.8627    -0.0006     5.2343     5.2343     11.888     12.159      0.268    1448.65    1448.63  0.000e+00
       1570     12.500     8.1683     8.1680    -0.0003    0.81548    0.81545          1     7.4386     7.6812       9.96     0.0197  8.123e-02  5.444e-02  6.702e+01     6.8628     6.8625    -0.0003     5.2344     5.2342     12.384     12.665      0.254    1448.63    1448.63  0.000e+00
       1614     13.000     8.1659     8.1657    -0.0002    0.81542    0.81541          1     7.4461     7.6739       9.96     0.0195  4.162e-02  2.789e-02  6.702e+01     6.8627     6.8626    -0.0001     5.2345     5.2344     12.879     13.172      0.291    1448.63    1448.63  0.000e+00
       1660     13.500     8.1654     8.1656     0.0001    0.81542    0.81541          1     7.4594     7.6831       9.96     0.0198  4.461e-03  2.990e-03  6.702e+01     6.8627     6.8626    -0.0001     5.2346     5.2345     13.374     13.679      0.234    1448.64    1448.64  0.000e+00
       1708     14.000     8.1649     8.1642    -0.0006    0.81542    0.81539          1     7.4489     7.6887       9.96     0.0195 -2.275e-05 -1.525e-05  6.702e+01     6.8627     6.8626    -0.0001     5.2346     5.2346     13.870     14.185      0.278    1448.64    1448.64  0.000e+00
       1754     14.500     8.1640     8.1644     0.0005    0.81540    0.81540          1     7.4512     7.6924       9.96     0.0195  1.492e-12  1.000e-12  6.702e+01     6.8627     6.8626    -0.0001     5.2347     5.2345     14.365     14.692      0.238    1448.65    1448.65  0.000e+00
       1804     15.000     8.1635     8.1645     0.0010    0.81540    0.81542          1     7.4469     7.6770       9.96     0.0202  1.492e-12  1.000e-12  6.702e+01     6.8628     6.8627    -0.0000     5.2347     5.2346     14.860     15.199      0.279    1448.66    1448.66  0.000e+00
       1843     15.500     8.1638     8.1654     0.0015    0.81543    0.81544          1     7.4517     7.6878       9.96     0.0195  1.492e-12  1.000e-12  6.702e+01     6.8628     6.8627    -0.0001     5.2348     5.2345     15.356     15.705      0.294    1448.66    1448.67  0.000e+00
       1890     16.000     8.1647     8.1654     0.0007    0.81544    0.81546          1     7.4595     7.6863       9.96     0.0196  1.492e-12  1.000e-12  6.702e+01     6.8628     6.8628    -0.0000     5.2347     5.2346     15.851     16.212      0.249    1448.67    1448.68  0.000e+00
       1934     16.500     8.1648     8.1647    -0.0001    0.81546    0.81545          1     7.4445     7.6844       9.96     0.0196  1.492e-12  1.000e-12  6.702e+01     6.8629     6.8628    -0.0001     5.2347     5.2347     16.346     16.718      0.283    1448.68    1448.68  0.000e+00
       1978     17.000     8.1642     8.1637    -0.0004    0.81546    0.81544          1     7.4552     7.6800       9.96     0.0195  1.492e-12  1.000e-12  6.702e+01     6.8629     6.8628    -0.0001     5.2348     5.2348     16.842     17.225      0.257    1448.69    1448.69  0.000e+00
       2026     17.500     8.1633     8.1630    -0.0004    0.81544    0.81542          1     7.4483     7.6732       9.96     0.0196  1.492e-12  1.000e-12  6.702e+01     6.8629     6.8627    -0.0002     5.2349     5.2348     17.337     17.732      0.259    1448.69    1448.69  0.000e+00
       2070     18.000     8.1626     8.1631     0.0004    0.81543    0.81544          1     7.4524     7.6827       9.96     0.0195  1.492e-12  1.000e-12  6.702e+01     6.8628     6.8628    -0.0000     5.2349     5.2348     17.832     18.238      0.279    1448.70    1448.70  0.000e+00
       2116     18.500     8.1629     8.1642     0.0012    0.81545    0.81548          1     7.4478     7.6883       9.96     0.0196  1.492e-12  1.000e-12  6.702e+01     6.8629     6.8630     0.0000     5.2349     5.2349     18.328     18.745      0.253    1448.71    1448.71  0.000e+00
       2159     19.000     8.1634     8.1664     0.0030    0.81548    0.81554          1     7.4441     7.6863       9.96     0.0196  1.492e-12  1.000e-12  6.702e+01     6.8630     6.8630    -0.0000     5.2350     5.2347     18.823     19.251      0.288    1448.72    1448.73  0.000e+00
       2202     19.500     8.1644     8.1673     0.0029    0.81551    0.81558          1     7.4465     7.6806       9.96     0.0196  1.492e-12  1.000e-12  6.702e+01     6.8631     6.8631     0.0000     5.2349     5.2347     19.318     19.758      0.280    1448.73    1448.74  0.000e+00
       2247     20.000     8.1663     8.1679     0.0017    0.81558    0.81559          1     7.4502     7.6762       9.96     0.0197  1.492e-12  1.000e-12  6.702e+01     6.8632     6.8631    -0.0002     5.2349     5.2346     19.814     20.265      0.248    1448.75    1448.75  0.000e+00
       2293     20.500     8.1676     8.1688     0.0012    0.81561    0.81562          1     7.4381     7.6815       9.96     0.0195  1.492e-12  1.000e-12  6.702e+01     6.8632     6.8631    -0.0001     5.2348     5.2346     20.309     20.771      0.290    1448.76    1448.76  0.000e+00
       2337     21.000     8.1670     8.1720     0.0050    0.81560    0.81573          1     7.4342     7.6838       9.96     0.0195  1.492e-12  1.000e-12  6.702e+01     6.8632     6.8634     0.0003     5.2348     5.2346     20.804     21.278      0.244    1448.76    1448.79  0.000e+00
       2387     21.500     8.1704     8.1769     0.0065    0.81572    0.81591          1     7.4381     7.6802       9.96     0.0202  1.492e-12  1.000e-12  6.702e+01     6.8635     6.8640     0.0005     5.2348     5.2346     21.300     21.785      0.281    1448.79    1448.81  0.000e+00
       2426     22.000     8.1762     8.1871     0.0109    0.81593    0.81630          1     7.4370     7.6769       9.96     0.0196  1.492e-12  1.000e-12  6.702e+01     6.8643     6.8655     0.0012     5.2349     5.2350     21.795     22.291      0.292    1448.82    1448.87  0.000e+00
       2472     22.500     8.1885     8.2417     0.0533    0.81642    0.81840          1     7.4311     7.6694       9.96     0.0195  1.492e-12  1.000e-12  6.702e+01     6.8662     6.8737     0.0075     5.2354     5.2368     22.290     22.798      0.252    1448.88    1449.11  0.000e+00
       2516     23.000     8.2277     8.2486     0.0209    0.81795    0.81870          1     7.4185     7.6608       9.96     0.0195  1.492e-12  1.000e-12  6.702e+01     6.8724     6.8751     0.0027     5.2370     5.2374     22.786     23.304      0.290    1449.06    1449.14  0.000e+00
       2558     23.500     8.2419     8.2515     0.0097    0.81850    0.81878          1     7.4155     7.6580       9.96     0.0195  1.492e-12  1.000e-12  6.702e+01     6.8745     6.8751     0.0006     5.2375     5.2371     23.281     23.811      0.270    1449.12    1449.16  0.000e+00
       2604     24.000     8.2467     8.2501     0.0034    0.81866    0.81871          1     7.4220     7.6604       9.96     0.0195  1.492e-12  1.000e-12  6.702e+01     6.8750     6.8747    -0.0002     5.2374     5.2370     23.776     24.318      0.252    1449.15    1449.16  0.000e+00
       2652     24.500     8.2486     8.2527     0.0041    0.81871    0.81877          1     7.4191     7.6627       9.96     0.0195  1.492e-12  1.000e-12  6.702e+01     6.8750     6.8747    -0.0003     5.2373     5.2367     24.271     24.824      0.261    1449.17    1449.18  0.000e+00
       2697     25.000     8.2489     8.2697     0.0208    0.81869    0.81937          1     7.4236     7.6620       9.96     0.0195  1.492e-12  1.000e-12  6.702e+01     6.8747     6.8767     0.0020     5.2371     5.2369     24.767     25.331      0.272    1449.18    1449.26  0.000e+00
       2740     25.500     8.2599     8.2747     0.0148    0.81909    0.81959          1     7.4105     7.6560       9.96     0.0195  1.492e-12  1.000e-12  6.702e+01     6.8761     6.8777     0.0016     5.2372     5.2372     25.262     25.837      0.281    1449.23    1449.29  0.000e+00
       2784     26.000     8.2743     8.2775     0.0033    0.81963    0.81970          1     7.4074     7.6561       9.96     0.0193  1.492e-12  1.000e-12  6.702e+01     6.8781     6.8781     0.0001     5.2376     5.2373     25.757     26.344      0.263    1449.30    1449.31  0.000e+00
       2828     26.500     8.2838     8.3110     0.0271    0.82000    0.82101          1     7.4141     7.6573       9.96     0.0190  1.492e-12  1.000e-12  6.702e+01     6.8795     6.8833     0.0038     5.2379     5.2386     26.253     26.851      0.285    1449.35    1449.46  0.000e+00
       2872     27.000     8.3104     8.3571     0.0467    0.82114    0.82294          1     7.3952     7.6521       9.96     0.0189  1.492e-12  1.000e-12  6.702e+01     6.8845     6.8917     0.0072     5.2396     5.2412     26.748     27.357      0.259    1449.47    1449.67  0.000e+00
       2919     27.500     8.3461     8.3747     0.0287    0.82263    0.82370          1     7.3949     7.6375       9.96     0.0187  1.492e-12  1.000e-12  6.702e+01     6.8910     6.8950     0.0040     5.2416     5.2423     27.243     27.864      0.250    1449.63    1449.75  0.000e+00
       2966     28.000     8.3641     8.3769     0.0129    0.82336    0.82378          1     7.3934     7.6349       9.96     0.0183  1.492e-12  1.000e-12  6.702e+01     6.8940     6.8952     0.0012     5.2425     5.2423     27.739     28.371      0.278    1449.72    1449.77  0.000e+00
