ctdpy/tests/etc/all_smhi_bas_2018/SBE09_0827_20180904_0400_26_01_0958.cnv
* Sea-Bird SBE 9 Data File:
* FileName = D:\CTD_SBE911\DAT\26DA.2018.9.8.hex
* Software Version Seasave V 7.21d
* Temperature SN = 034605
* Conductivity SN = 041844
* Number of Bytes Per Scan = 48
* Number of Voltage Words = 5
* Number of Scans Averaged by the Deck Unit = 1
* NMEA Latitude = 55 33.19 N
* NMEA Longitude = 018 23.99 E
* NMEA UTC (Time) = Sep 04 2018  04:03:14
* NMEA baud rate = 4800
** Ship: DANA
** Average sound velocity: 1445.30 m/s
** True-depth calculation Wed, 03 Apr 2019 09:25:08 +0000
** CTD Python Module SMHI /ver 3-12/ feb 2012 
** LIMS Job: 20182601-0958
**  BCSS III-10
** Operator: Christian
** Cruise: 09/2018
# nquan = 26
# nvalues = 172                         
# units = specified
# name 0 = scan: Scan Count
# name 1 = prDM: Pressure, Digiquartz [db]
# name 2 = t090C: Temperature [ITS-90, deg C]
# name 3 = t190C: Temperature, 2 [ITS-90, deg C]
# name 4 = T2-T190C: Temperature Difference, 2 - 1 [ITS-90, deg C]
# name 5 = c0S/m: Conductivity [S/m]
# name 6 = c1S/m: Conductivity, 2 [S/m]
# name 7 = pumps: Pump Status
# name 8 = sbeox1ML/L: Oxygen, SBE 43, 2 [ml/l]
# name 9 = sbeox0ML/L: Oxygen, SBE 43 [ml/l]
# name 10 = altM: Altimeter [m]
# name 11 = chloroflTC0: Chlorophyll, Turner Cyclops [ug/l]
# name 12 = cpar: CPAR/Corrected Irradiance [%]
# name 13 = par: PAR/Irradiance, Biospherical/Lico [µE/(cm^2*s)]
# name 14 = spar: SPAR, Biospherical/Licor
# name 15 = sal00: Salinity, Practical [PSU]
# name 16 = sal11: Salinity, Practical, 2 [PSU]
# name 17 = secS-priS: Salinity, Practical, Difference, 2 - 1 [PSU]
# name 18 = sigma-t00: Density [sigma-t, kg/m^3 ]
# name 19 = sigma-t11: Density, 2 [sigma-t, kg/m^3 ]
# name 20 = depSM: Depth [salt water, m], lat = 55.5532
# name 21 = depFM: Depth [true depth, m], lat = 55.5532
# name 22 = dz/dtM: Descent Rate [m/s], WS = 2
# name 23 = svCM: Sound Velocity [Chen-Millero, m/s]
# name 24 = svCM1: Sound Velocity, 2 [Chen-Millero, m/s]
# name 25 = flag: flag
# span 0 =         38,      11568       
# span 1 =      1.500,     87.000       
# span 2 =     3.2934,    19.5600       
# span 3 =     3.2926,    19.5587       
# span 4 =    -0.3293,     6.3648       
# span 5 =   0.770471,   1.215272       
# span 6 =   0.774279,   1.216434       
# span 7 =          1,          1       
# span 8 =     0.0416,     7.7289       
# span 9 =     0.0208,     8.0820       
# span 10 =      -1.38,       9.98      
# span 11 =     0.0428,     0.2227      
# span 12 = -2.475e-04, 5.4142e+00      
# span 13 = -7.036e-05, 1.4294e+00      
# span 14 = 2.6401e+01, 4.9963e+01      
# span 15 =     7.2031,    11.1579      
# span 16 =     7.2581,    11.1701      
# span 17 =    -0.4151,     0.1171      
# span 18 =     3.8476,     8.7526      
# span 19 =     3.8453,     8.7624      
# span 20 =      1.486,     86.194      
# span 21 =      1.522,     88.077      
# span 22 =     -0.450,      0.496      
# span 23 =    1429.09,    1489.46      
# span 24 =    1429.08,    1489.46      
# span 25 = 0.0000e+00, 0.0000e+00      
# interval = decibars: 0.5              
# start_time = Sep 04 2018 04:03:15 [NMEA time, first data scan]
# bad_flag = -9.990e-29
*END*
[from data line 56]
       2896     29.500     4.0199     4.0310     0.0112    0.78118    0.78147          1     7.6816     7.9556       9.98     0.0520  3.084e-12  1.000e-12  3.243e+01     7.4034     7.4039     0.0005     5.8849     5.8850     29.231     29.907      0.270    1431.81    1431.86  0.000e+00
       2945     30.000     3.9685     4.0309     0.0623    0.78013    0.78126          1     7.6625     8.0013       9.98     0.0520  3.082e-12  1.000e-12  3.245e+01     7.4044     7.4017    -0.0027     5.8869     5.8833     29.726     30.413      0.230    1431.59    1431.86  0.000e+00
       2994     30.500     3.9677     3.9843     0.0166    0.78032    0.78059          1     7.6730     8.0462       9.98     0.0499  3.078e-12  1.000e-12  3.249e+01     7.4064     7.4053    -0.0011     5.8886     5.8873     30.221     30.919      0.266    1431.59    1431.67  0.000e+00
       3041     31.000     3.9695     3.9879     0.0184    0.78065    0.78079          1     7.7289     8.0215       9.98     0.0487  3.078e-12  1.000e-12  3.249e+01     7.4093     7.4065    -0.0028     5.8908     5.8882     30.717     31.426      0.244    1431.61    1431.69  0.000e+00
       3088     31.500     3.9490     3.9631     0.0141    0.78037    0.78054          1     7.7047     7.9984       9.98     0.0482  3.078e-12  1.000e-12  3.249e+01     7.4110     7.4095    -0.0015     5.8927     5.8912     31.212     31.932      0.277    1431.53    1431.59  0.000e+00
       3130     32.000     3.9254     3.9313     0.0058    0.78000    0.77989          1     7.6780     8.0317       9.98     0.0514  3.078e-12  1.000e-12  3.249e+01     7.4125     7.4101    -0.0025     5.8945     5.8924     31.708     32.438      0.273    1431.43    1431.46  0.000e+00
       3178     32.500     3.9743     3.9715    -0.0027    0.78158    0.78096          1     7.6872     7.9922       9.98     0.0507  3.078e-12  1.000e-12  3.249e+01     7.4175     7.4118    -0.0057     5.8972     5.8927     32.203     32.945      0.242    1431.67    1431.65  0.000e+00
       3224     33.000     4.0050     4.0001    -0.0049    0.78267    0.78213          1     7.6714     7.9165       9.98     0.0499  3.078e-12  1.000e-12  3.249e+01     7.4215     7.4171    -0.0044     5.8997     5.8963     32.698     33.451      0.285    1431.82    1431.79  0.000e+00
       3269     33.500     4.0278     4.0223    -0.0055    0.78348    0.78284          1     7.6470     7.8943       9.98     0.0467  3.078e-12  1.000e-12  3.249e+01     7.4245     7.4192    -0.0053     5.9015     5.8974     33.194     33.957      0.238    1431.94    1431.90  0.000e+00
       3323     34.000     4.0654     4.0560    -0.0095    0.78477    0.78370          1     7.6136     7.8395       9.98     0.0492  3.078e-12  1.000e-12  3.249e+01     7.4290     7.4203    -0.0087     5.9041     5.8974     33.689     34.463      0.234    1432.12    1432.07  0.000e+00
       3368     34.500     4.0650     4.0637    -0.0013    0.78491    0.78445          1     7.5743     7.8322       9.98     0.0488  3.078e-12  1.000e-12  3.249e+01     7.4304     7.4261    -0.0043     5.9053     5.9019     34.185     34.970      0.280    1432.13    1432.12  0.000e+00
       3414     35.000     4.0532     4.0588     0.0057    0.78471    0.78440          1     7.5404     7.8159       9.98     0.0491  3.078e-12  1.000e-12  3.249e+01     7.4311     7.4267    -0.0044     5.9061     5.9024     34.680     35.476      0.246    1432.08    1432.10  0.000e+00
       3461     35.500     4.0343     4.0405     0.0062    0.78434    0.78407          1     7.5150     7.8299       9.98     0.0477  3.078e-12  1.000e-12  3.249e+01     7.4315     7.4274    -0.0041     5.9069     5.9035     35.175     35.982      0.285    1432.01    1432.03  0.000e+00
       3502     36.000     4.0370     4.0386     0.0016    0.78461    0.78421          1     7.5259     7.8361       9.98     0.0469  3.078e-12  1.000e-12  3.249e+01     7.4336     7.4291    -0.0045     5.9085     5.9049     35.671     36.489      0.275    1432.03    1432.03  0.000e+00
       3551     36.500     3.9991     4.0152     0.0161    0.78376    0.78384          1     7.5333     7.8492       9.98     0.0465  3.078e-12  1.000e-12  3.249e+01     7.4335     7.4307    -0.0029     5.9093     5.9067     36.166     36.995      0.242    1431.87    1431.93  0.000e+00
       3595     37.000     3.8820     3.9033     0.0213    0.78084    0.78123          1     7.5305     7.9003       9.97     0.0478  3.078e-12  1.000e-12  3.249e+01     7.4303     7.4294    -0.0009     5.9096     5.9084     36.661     37.501      0.282    1431.34    1431.44  0.000e+00
       3643     37.500     3.8283     3.8404     0.0121    0.77970    0.77981          1     7.5932     7.9413       9.98     0.0469  3.078e-12  1.000e-12  3.249e+01     7.4308     7.4292    -0.0016     5.9112     5.9096     37.157     38.007      0.217    1431.11    1431.16  0.000e+00
       3699     38.000     3.8114     3.8267     0.0154    0.77941    0.77962          1     7.6190     7.9395       9.98     0.0494  3.078e-12  1.000e-12  3.249e+01     7.4316     7.4303    -0.0014     5.9122     5.9108     37.652     38.514      0.265    1431.04    1431.11  0.000e+00
       3738     38.500     3.8087     3.8093     0.0006    0.77960    0.77919          1     7.6174     7.9253       9.98     0.0483  3.078e-12  1.000e-12  3.249e+01     7.4341     7.4297    -0.0043     5.9142     5.9108     38.148     39.020      0.291    1431.04    1431.04  0.000e+00
       3787     39.000     3.8008     3.8067     0.0059    0.77963    0.77942          1     7.6045     7.9249       9.97     0.0464  3.078e-12  1.000e-12  3.249e+01     7.4361     7.4327    -0.0035     5.9160     5.9131     38.643     39.526      0.225    1431.01    1431.04  0.000e+00
       3834     39.500     3.8000     3.8009     0.0009    0.77988    0.77942          1     7.6055     7.9153       9.97     0.0490  3.078e-12  1.000e-12  3.249e+01     7.4388     7.4338    -0.0050     5.9182     5.9142     39.138     40.032      0.294    1431.02    1431.02  0.000e+00
       3875     40.000     3.7862     3.7902     0.0040    0.77971    0.77941          1     7.6001     7.9060       9.97     0.0491  3.069e-12  1.000e-12  3.259e+01     7.4402     7.4361    -0.0040     5.9195     5.9163     39.634     40.539      0.278    1430.97    1430.98  0.000e+00
       3925     40.500     3.7650     3.7689     0.0039    0.77935    0.77906          1     7.6027     7.9085       9.97     0.0476  3.070e-12  1.000e-12  3.258e+01     7.4412     7.4374    -0.0038     5.9209     5.9177     40.129     41.045      0.219    1430.88    1430.89  0.000e+00
       3974     41.000     3.7599     3.7595    -0.0004    0.77941    0.77892          1     7.5917     7.9070       9.97     0.0471  3.004e-12  1.000e-12  3.332e+01     7.4430     7.4380    -0.0049     5.9223     5.9184     40.624     41.551      0.293    1430.87    1430.86  0.000e+00
       4019     41.500     3.7418     3.7451     0.0033    0.77917    0.77887          1     7.5919     7.9083       9.97     0.0483  2.946e-12  1.000e-12  3.397e+01     7.4445     7.4407    -0.0038     5.9240     5.9209     41.120     42.058      0.232    1430.80    1430.81  0.000e+00
       4071     42.000     3.7197     3.7227     0.0030    0.77875    0.77839          1     7.5884     7.9170       9.97     0.0502  2.924e-12  1.000e-12  3.422e+01     7.4452     7.4409    -0.0044     5.9250     5.9214     41.615     42.564      0.264    1430.71    1430.71  0.000e+00
       4112     42.500     3.7156     3.7167     0.0011    0.77890    0.77843          1     7.5912     7.9117       9.97     0.0479  2.901e-12  1.000e-12  3.447e+01     7.4476     7.4426    -0.0050     5.9270     5.9230     42.111     43.070      0.292    1430.70    1430.70  0.000e+00
       4158     43.000     3.6916     3.6973     0.0057    0.77843    0.77812          1     7.5996     7.9142       9.97     0.0525  2.897e-12  1.000e-12  3.452e+01     7.4482     7.4438    -0.0045     5.9279     5.9243     42.606     43.576      0.237    1430.60    1430.62  0.000e+00
       4209     43.500     3.6761     3.6804     0.0043    0.77826    0.77785          1     7.5937     7.8990       9.97     0.0464  2.897e-12  1.000e-12  3.452e+01     7.4499     7.4448    -0.0051     5.9296     5.9254     43.101     44.083      0.263    1430.54    1430.55  0.000e+00
       4251     44.000     3.6804     3.6807     0.0003    0.77861    0.77811          1     7.5806     7.8585       9.97     0.0449  2.897e-12  1.000e-12  3.452e+01     7.4525     7.4473    -0.0052     5.9316     5.9274     43.597     44.589      0.264    1430.57    1430.56  0.000e+00
       4306     44.500     3.6420     3.6550     0.0131    0.77787    0.77781          1     7.5475     7.8464       9.97     0.0460  2.897e-12  1.000e-12  3.452e+01     7.4536     7.4500    -0.0036     5.9332     5.9301     44.092     45.095      0.212    1430.40    1430.46  0.000e+00
       4354     45.000     3.5770     3.5824     0.0054    0.77636    0.77608          1     7.5229     7.8720       9.97     0.0463  2.897e-12  1.000e-12  3.452e+01     7.4529     7.4488    -0.0042     5.9339     5.9305     44.587     45.601      0.286    1430.12    1430.13  0.000e+00
       4401     45.500     3.5903     3.5964     0.0061    0.77696    0.77663          1     7.5339     7.8370       9.97     0.0476  2.897e-12  1.000e-12  3.452e+01     7.4560     7.4512    -0.0047     5.9360     5.9322     45.083     46.108      0.225    1430.19    1430.21  0.000e+00
       4451     46.000     3.5768     3.5775     0.0007    0.77686    0.77637          1     7.5196     7.8829       9.97     0.0462  2.897e-12  1.000e-12  3.452e+01     7.4580     7.4528    -0.0052     5.9379     5.9337     45.578     46.614      0.290    1430.14    1430.13  0.000e+00
       4491     46.500     3.5711     3.5733     0.0021    0.77692    0.77649          1     7.5431     7.9020       9.97     0.0455  2.897e-12  1.000e-12  3.452e+01     7.4599     7.4549    -0.0049     5.9395     5.9355     46.073     47.120      0.275    1430.12    1430.12  0.000e+00
       4538     47.000     3.5230     3.5345     0.0115    0.77588    0.77576          1     7.5437     7.8444       9.97     0.0449  2.897e-12  1.000e-12  3.452e+01     7.4601     7.4563    -0.0038     5.9406     5.9373     46.569     47.627      0.260    1429.91    1429.96  0.000e+00
       4582     47.500     3.5043     3.5086     0.0042    0.77564    0.77524          1     7.5089     7.8183       9.97     0.0448  2.897e-12  1.000e-12  3.452e+01     7.4619     7.4568    -0.0051     5.9423     5.9382     47.064     48.133      0.267    1429.84    1429.85  0.000e+00
       4632     48.000     3.5107     3.5132     0.0026    0.77600    0.77549          1     7.4885     7.8273       9.97     0.0448  2.897e-12  1.000e-12  3.452e+01     7.4640     7.4582    -0.0058     5.9439     5.9392     47.560     48.639      0.230    1429.87    1429.88  0.000e+00
       4679     48.500     3.5166     3.5175     0.0009    0.77635    0.77582          1     7.4892     7.8194       9.97     0.0453  2.897e-12  1.000e-12  3.452e+01     7.4663     7.4605    -0.0058     5.9456     5.9410     48.055     49.145      0.284    1429.91    1429.91  0.000e+00
       4726     49.000     3.5279     3.5212    -0.0067    0.77687    0.77602          1     7.4826     7.8388       9.97     0.0450  2.897e-12  1.000e-12  3.452e+01     7.4689     7.4617    -0.0072     5.9475     5.9418     48.550     49.652      0.228    1429.98    1429.94  0.000e+00
       4776     49.500     3.5712     3.5643    -0.0069    0.77826    0.77741          1     7.5038     7.8346       9.97     0.0449  2.897e-12  1.000e-12  3.452e+01     7.4733     7.4660    -0.0072     5.9502     5.9445     49.046     50.158      0.280    1430.18    1430.14  0.000e+00
       4818     50.000     3.5607     3.5661     0.0054    0.77819    0.77779          1     7.5070     7.8250       9.97     0.0428  2.897e-12  1.000e-12  3.452e+01     7.4749     7.4695    -0.0054     5.9516     5.9472     49.541     50.664      0.258    1430.15    1430.17  0.000e+00
       4866     50.500     3.4803     3.4942     0.0139    0.77636    0.77623          1     7.4966     7.8163       9.97     0.0454  2.897e-12  1.000e-12  3.452e+01     7.4744     7.4699    -0.0045     5.9527     5.9488     50.036     51.170      0.268    1429.79    1429.85  0.000e+00
       4910     51.000     3.4539     3.4618     0.0079    0.77590    0.77557          1     7.4712     7.7883       9.97     0.0466  2.897e-12  1.000e-12  3.452e+01     7.4757     7.4705    -0.0052     5.9541     5.9498     50.532     51.677      0.249    1429.68    1429.71  0.000e+00
       4962     51.500     3.4450     3.4522     0.0071    0.77603    0.77560          1     7.4502     7.7752       9.97     0.0460  2.870e-12  1.000e-12  3.486e+01     7.4790     7.4729    -0.0061     5.9569     5.9520     51.027     52.183      0.244    1429.65    1429.67  0.000e+00
       5009     52.000     3.4156     3.4264     0.0108    0.77566    0.77536          1     7.4337     7.6971       9.97     0.0457  2.814e-12  1.000e-12  3.557e+01     7.4819     7.4764    -0.0055     5.9597     5.9551     51.522     52.689      0.241    1429.53    1429.57  0.000e+00
       5060     52.500     3.3726     3.3837     0.0110    0.77499    0.77473          1     7.3823     7.6438       9.97     0.0471  2.760e-12  1.000e-12  3.625e+01     7.4848     7.4797    -0.0052     5.9627     5.9584     52.018     53.195      0.248    1429.34    1429.39  0.000e+00
       5106     53.000     3.3465     3.3503     0.0038    0.77480    0.77428          1     7.3287     7.5984       9.97     0.0453  2.743e-12  1.000e-12  3.647e+01     7.4889     7.4826    -0.0063     5.9663     5.9613     52.513     53.702      0.253    1429.24    1429.25  0.000e+00
       5155     53.500     3.3951     3.3871    -0.0080    0.77658    0.77559          1     7.2728     7.5661       9.97     0.0453  2.739e-12  1.000e-12  3.651e+01     7.4960     7.4876    -0.0084     5.9712     5.9647     53.008     54.208      0.263    1429.48    1429.43  0.000e+00
       5197     54.000     3.3975     3.3950    -0.0025    0.77711    0.77638          1     7.2661     7.6634       9.97     0.0436  2.736e-12  1.000e-12  3.655e+01     7.5009     7.4938    -0.0070     5.9751     5.9695     53.504     54.714      0.281    1429.50    1429.48  0.000e+00
       5246     54.500     3.3736     3.3816     0.0079    0.77692    0.77644          1     7.3023     7.6549       9.97     0.0442  2.736e-12  1.000e-12  3.655e+01     7.5044     7.4976    -0.0068     5.9783     5.9727     53.999     55.220      0.219    1429.40    1429.43  0.000e+00
       5297     55.000     3.3133     3.3248     0.0115    0.77589    0.77560          1     7.3062     7.5302       9.97     0.0442  2.736e-12  1.000e-12  3.655e+01     7.5075     7.5019    -0.0056     5.9817     5.9770     54.494     55.727      0.270    1429.14    1429.19  0.000e+00
       5344     55.500     3.3082     3.3115     0.0034    0.77630    0.77569          1     7.2345     7.4838       9.97     0.0435  2.736e-12  1.000e-12  3.655e+01     7.5130     7.5059    -0.0071     5.9861     5.9804     54.990     56.233      0.231    1429.13    1429.14  0.000e+00
       5401     56.000     3.2975     3.3041     0.0064    0.77657    0.77603          1     7.1744     7.4562       9.97     0.0440  2.736e-12  1.000e-12  3.655e+01     7.5182     7.5110    -0.0072     5.9904     5.9846     55.485     56.739      0.218    1429.10    1429.12  0.000e+00
       5447     56.500     3.2934     3.2926    -0.0008    0.77707    0.77634          1     7.1439     7.4178       9.97     0.0461  2.736e-12  1.000e-12  3.655e+01     7.5243     7.5169    -0.0073     5.9953     5.9894     55.980     57.245      0.291    1429.09    1429.08  0.000e+00
