ctdpy/tests/etc/all_smhi_bas_2018/SBE09_1044_20181016_1821_34_01_0098.cnv
* Sea-Bird SBE 9 Data File:
* FileName = C:\LUOTAUS\DATA_IN\hex_in\SMHI\ar18d098.hex
* Software Version Seasave V 7.23.2
* Temperature SN = 5351
* Conductivity SN = 3941
* Number of Bytes Per Scan = 30
* Number of Voltage Words = 4
* Number of Scans Averaged by the Deck Unit = 1
** Station:  BY4
** Operator:  DBSj
** Ship: ARANDA
** Average sound velocity: 1460.58 m/s
** True-depth calculation Tue, 16 Oct 2018 19:08:04 +0000
** CTD Python Module SMHI /ver 3-12/ feb 2012 
** LIMS Job: 20183401-0098
** Cruise: SMHI-4-2018
** Latitude [GG MM.mm N]: 55 22.982 N
** Longitude [GG MM.mm E] 15 20.021 E
# nquan = 26
# nvalues = 173                         
# units = specified
# name 0 = scan: Scan Count
# name 1 = prDM: Pressure, Digiquartz [db]
# name 2 = t090C: Temperature [ITS-90, deg C]
# name 3 = t190C: Temperature, 2 [ITS-90, deg C]
# name 4 = T2-T190C: Temperature Difference, 2 - 1 [ITS-90, deg C]
# name 5 = c0S/m: Conductivity [S/m]
# name 6 = c1S/m: Conductivity, 2 [S/m]
# name 7 = pumps: Pump Status
# name 8 = sbeox0ML/L: Oxygen, SBE 43 [ml/l]
# name 9 = sbeox1ML/L: Oxygen, SBE 43, 2 [ml/l]
# name 10 = altM: Altimeter [m]
# name 11 = flECO-AFL: Chl-a Fluorescence, WET Labs ECO-AFL/FL [mg/m^3]
# name 12 = flECO-AFL1: Phycocyanin Fluorescence, WET Labs ECO-AFL/FL, 2 [mg/m^3]
# name 13 = par: PAR/Irradiance, Biospherical/Lico [µE/(cm^2*s)]
# name 14 = turbWETntu0: Turbidity, WET Labs ECO [NTU]
# name 15 = sal00: Salinity, Practical [PSU]
# name 16 = sal11: Salinity, Practical, 2 [PSU]
# name 17 = secS-priS: Salinity, Practical, Difference, 2 - 1 [PSU]
# name 18 = sigma-t00: Density [sigma-t, Kg/m^3 ]
# name 19 = sigma-t11: Density, 2 [sigma-t, Kg/m^3 ]
# name 20 = depSM: Depth [salt water, m], lat = 0
# name 21 = depFM: Depth [true depth, m], lat = 0
# name 22 = dz/dtM: Descent Rate [m/s], WS = 2
# name 23 = svCM: Sound Velocity [Chen-Millero, m/s]
# name 24 = svCM1: Sound Velocity, 2 [Chen-Millero, m/s]
# name 25 = flag: flag
# span 0 =      14642,      18746       
# span 1 =      1.500,     87.500       
# span 2 =     6.3426,    12.8191       
# span 3 =     6.3401,    12.8180       
# span 4 =    -0.0458,     0.0828       
# span 5 =   0.856139,   2.018557       
# span 6 =   0.856190,   2.018550       
# span 7 =          1,          1       
# span 8 =    0.04402,    7.73299       
# span 9 =    0.08858,    7.22433       
# span 10 =       3.17,      98.99      
# span 11 =     0.2280,     1.9379      
# span 12 =     0.1576,     0.4987      
# span 13 = 1.0000e-12, 2.1201e-02      
# span 14 =     0.1734,     4.0176      
# span 15 =     7.4453,    16.7188      
# span 16 =     7.4465,    16.7182      
# span 17 =    -0.0690,     0.0485      
# span 18 =     5.3003,    12.8966      
# span 19 =     5.3003,    12.8958      
# span 20 =      1.492,     87.001      
# span 21 =      1.520,     88.394      
# span 22 =      0.123,      0.634      
# span 23 =    1442.49,    1474.13      
# span 24 =    1442.47,    1474.13      
# span 25 = 0.0000e+00, 0.0000e+00      
# interval = decibars: 0.5              
# start_time = Oct 16 2018 18:21:14 [System UTC, header]
# bad_flag = -9.990e-29
*END*
[from data line 56]
      15968     29.500     7.4228     7.4249     0.0021    0.87269    0.87263          1     7.4957     7.0567      81.60     0.7483     0.2796  1.000e-12  0.2313000     7.5388     7.5378    -0.0010     5.8223     5.8213     29.336     29.884      0.565    1446.68    1446.69  0.000e+00
      15988     30.000     7.4110     7.4134     0.0024    0.87318    0.87331          1     7.4617     7.0455      31.19     0.7408     0.2385  1.000e-12  0.2256000     7.5458     7.5465     0.0007     5.8287     5.8290     29.833     30.390      0.603    1446.65    1446.66  0.000e+00
      16008     30.500     7.3500     7.3531     0.0030    0.87184    0.87214          1     7.4522     7.0539      56.98     0.7329     0.2654  1.000e-12  0.2259000     7.5466     7.5487     0.0021     5.8337     5.8352     30.330     30.897      0.577    1446.40    1446.42  0.000e+00
      16030     31.000     7.2110     7.2117     0.0007    0.86810    0.86849          1     7.4644     7.0768      61.24     0.7127     0.2657  1.000e-12  0.2285000     7.5419     7.5454     0.0035     5.8401     5.8428     30.827     31.403      0.514    1445.83    1445.84  0.000e+00
      16055     31.500     7.0474     7.0530     0.0055    0.86379    0.86427          1     7.4045     7.0320      60.82     0.6724     0.2798  1.000e-12  0.2194000     7.5371     7.5404     0.0033     5.8478     5.8500     31.325     31.909      0.491    1445.15    1445.17  0.000e+00
      16079     32.000     6.8675     6.8742     0.0067    0.86001    0.86061          1     7.3318     6.9566      60.32     0.6502     0.3012  1.000e-12  0.2234000     7.5409     7.5451     0.0042     5.8629     5.8657     31.822     32.416      0.539    1444.41    1444.44  0.000e+00
      16100     32.500     6.6425     6.6409    -0.0014    0.85614    0.85619          1     7.2630     6.8741      75.66     0.6177     0.2366  1.000e-12  0.2178000     7.5537     7.5545     0.0008     5.8875     5.8883     32.319     32.922      0.595    1443.48    1443.48  0.000e+00
      16119     33.000     6.5952     6.5956     0.0004    0.85709    0.85689          1     7.1956     6.8049      69.34     0.6283     0.3200  1.000e-12  0.2374000     7.5731     7.5711    -0.0020     5.9058     5.9042     32.816     33.428      0.607    1443.32    1443.31  0.000e+00
      16139     33.500     6.5733     6.5749     0.0016    0.85845    0.85832          1     7.1627     6.7725      78.64     0.6154     0.3242  1.000e-12  0.2320000     7.5908     7.5892    -0.0016     5.9211     5.9197     33.313     33.935      0.571    1443.25    1443.26  0.000e+00
      16162     34.000     6.5599     6.5598    -0.0002    0.86025    0.85992          1     7.1155     6.7325      62.65     0.5837     0.3093  1.000e-12  0.2270000     7.6108     7.6077    -0.0031     5.9376     5.9352     33.810     34.441      0.521    1443.23    1443.23  0.000e+00
      16185     34.500     6.6283     6.6279    -0.0003    0.86562    0.86518          1     7.0370     6.6707      57.55     0.5467     0.2682  1.000e-12  0.2288000     7.6466     7.6425    -0.0041     5.9615     5.9583     34.308     34.947      0.503    1443.57    1443.56  0.000e+00
      16209     35.000     6.5651     6.5682     0.0032    0.86551    0.86567          1     6.9894     6.6232      57.14     0.5231     0.2295  1.000e-12  0.2264000     7.6596     7.6604     0.0008     5.9757     5.9762     34.805     35.453      0.531    1443.33    1443.34  0.000e+00
      16231     35.500     6.4862     6.4886     0.0024    0.86452    0.86458          1     6.9327     6.5679      56.73     0.5133     0.2516  1.000e-12  0.2377000     7.6678     7.6678     0.0001     5.9870     5.9869     35.302     35.960      0.571    1443.01    1443.02  0.000e+00
      16251     36.000     6.4493     6.4516     0.0023    0.86463    0.86466          1     6.8557     6.5037      56.23     0.5035     0.2654  1.000e-12  0.2370000     7.6770     7.6768    -0.0002     5.9966     5.9963     35.799     36.466      0.597    1442.88    1442.88  0.000e+00
      16271     36.500     6.3905     6.3945     0.0041    0.86439    0.86442          1     6.8008     6.4402      55.70     0.5039     0.2543  1.000e-12  0.2515000     7.6880     7.6873    -0.0007     6.0087     6.0080     36.296     36.972      0.590    1442.65    1442.66  0.000e+00
      16292     37.000     6.3426     6.3401    -0.0024    0.86626    0.86548          1     6.7146     6.3446      55.32     0.5039     0.2505  1.000e-12  0.2484000     7.7166     7.7097    -0.0069     6.0341     6.0289     36.793     37.478      0.541    1442.49    1442.47  0.000e+00
      16316     37.500     6.4665     6.4627    -0.0038    0.87516    0.87400          1     6.4992     6.1703      55.34     0.4644     0.2511  1.000e-12  0.2487000     7.7736     7.7633    -0.0103     6.0715     6.0636     37.291     37.984      0.492    1443.10    1443.06  0.000e+00
      16340     38.000     6.6392     6.6377    -0.0015    0.88421    0.88316          1     6.1906     5.9178      54.82     0.4142     0.2580  1.000e-12  0.2502000     7.8204     7.8108    -0.0096     6.0975     6.0901     37.788     38.491      0.508    1443.89    1443.87  0.000e+00
      16363     38.500     6.6997     6.7117     0.0120    0.88961    0.89013          1     5.9998     5.7382      54.23     0.4005     0.2780  1.000e-12  0.2455000     7.8579     7.8601     0.0022     6.1231     6.1240     38.285     38.997      0.565    1444.20    1444.26  0.000e+00
      16383     39.000     6.6294     6.6220    -0.0074    0.89153    0.88987          1     5.9709     5.6771      53.29     0.3823     0.2796  1.000e-12  0.2483000     7.8922     7.8781    -0.0140     6.1546     6.1440     38.782     39.503      0.602    1443.96    1443.91  0.000e+00
      16403     39.500     6.8130     6.8201     0.0071    0.90238    0.90190          1     6.0742     5.7293      52.63     0.3706     0.2908  1.000e-12  0.2557000     7.9530     7.9467    -0.0063     6.1904     6.1850     39.279     40.009      0.594    1444.81    1444.83  0.000e+00
      16424     40.000     7.1005     7.0793    -0.0212    0.91733    0.91421          1     6.2188     5.8193      51.95     0.3702     0.2874  1.000e-12  0.2504000     8.0274     8.0030    -0.0244     6.2289     6.2113     39.776     40.515      0.546    1446.12    1446.00  0.000e+00
      16447     40.500     7.5371     7.5336    -0.0035    0.93815    0.93651          1     6.3705     5.9271      51.38     0.4081     0.2744  1.000e-12  0.2380000     8.1208     8.1064    -0.0145     6.2700     6.2589     40.274     41.021      0.509    1448.05    1448.02  0.000e+00
      16471     41.000     7.7170     7.7092    -0.0077    0.94838    0.94629          1     6.3468     5.9173      50.86     0.4508     0.2648  1.000e-12  0.2243000     8.1739     8.1563    -0.0176     6.2975     6.2844     40.771     41.527      0.525    1448.87    1448.81  0.000e+00
      16493     41.500     7.9873     7.9827    -0.0045    0.96420    0.96208          1     6.1873     5.7896      50.36     0.4402     0.2643  1.000e-12  0.2116000     8.2568     8.2383    -0.0185     6.3404     6.3263     41.268     42.034      0.560    1450.09    1450.04  0.000e+00
      16514     42.000     8.1780     8.1803     0.0023    0.97931    0.97822          1     6.1619     5.7692      49.83     0.3895     0.2488  1.000e-12  0.1991000     8.3508     8.3402    -0.0106     6.3978     6.3893     41.765     42.540      0.568    1450.99    1450.98  0.000e+00
      16535     42.500     8.3890     8.3789    -0.0101    0.99666    0.99347          1     6.2048     5.7968      49.35     0.3582     0.2960  1.000e-12  0.1985000     8.4594     8.4327    -0.0267     6.4641     6.4442     42.262     43.046      0.563    1451.98    1451.91  0.000e+00
      16556     43.000     8.8616     8.8524    -0.0094    1.02652    1.02283          1     6.2785     5.8631      48.87     0.4397     0.2831  1.000e-12  0.2233000     8.6172     8.5860    -0.0312     6.5434     6.5200     42.759     43.552      0.549    1454.08    1454.00  0.000e+00
      16579     43.500     8.9922     8.9955     0.0032    1.03588    1.03562          1     6.2454     5.8476      48.27     0.5408     0.2842  1.000e-12  0.2246000     8.6703     8.6671    -0.0032     6.5724     6.5696     43.256     44.058      0.529    1454.68    1454.68  0.000e+00
      16602     44.000     9.1639     9.1569    -0.0069    1.05415    1.05126          1     6.1023     5.7278      47.83     0.5800     0.2886  1.000e-12  0.2231000     8.7928     8.7685    -0.0243     6.6509     6.6326     43.754     44.563      0.522    1455.51    1455.46  0.000e+00
      16624     44.500     9.2309     9.2261    -0.0047    1.06417    1.06160          1     6.0257     5.6560      47.24     0.5472     0.2425  1.000e-12  0.2341000     8.8664     8.8445    -0.0219     6.7015     6.6849     44.251     45.069      0.540    1455.88    1455.83  0.000e+00
      16646     45.000     9.4261     9.4216    -0.0046    1.08220    1.08103          1     5.9324     5.5739      46.85     0.5164     0.2955  1.000e-12  0.2428000     8.9796     8.9702    -0.0094     6.7697     6.7628     44.748     45.575      0.565    1456.79    1456.76  0.000e+00
      16667     45.500     9.8511     9.8413    -0.0097    1.11175    1.10722          1     5.7055     5.3951      46.51     0.5074     0.2943  1.000e-12  0.2373000     9.1360     9.0983    -0.0378     6.8458     6.8175     45.245     46.081      0.579    1458.65    1458.57  0.000e+00
      16688     46.000    10.0821    10.0841     0.0020    1.13221    1.13030          1     5.5572     5.2946      45.86     0.4683     0.2674  1.000e-12  0.2114000     9.2587     9.2413    -0.0174     6.9155     6.9018     45.742     46.587      0.565    1459.71    1459.69  0.000e+00
      16710     46.500    10.0208    10.0360     0.0152    1.14178    1.14152          1     5.4545     5.2619      45.26     0.4201     0.2511  1.000e-12  0.1992000     9.3589     9.3527    -0.0062     7.0003     6.9938     46.239     47.093      0.541    1459.60    1459.65  0.000e+00
      16732     47.000     9.9010     9.9000    -0.0009    1.14940    1.14700          1     5.1539     5.0495      44.68     0.3992     0.2383  1.000e-12  0.2041000     9.4575     9.4364    -0.0210     7.0903     7.0741     46.736     47.598      0.532    1459.26    1459.23  0.000e+00
      16755     47.500     9.6144     9.6564     0.0422    1.14602    1.15086          1     4.9931     4.9107      44.16     0.3529     0.2084  1.000e-12  0.2018000     9.5020     9.5345     0.0325     7.1557     7.1765     47.234     48.104      0.543    1458.20    1458.41  0.000e+00
      16776     48.000     8.4309     8.4239    -0.0072    1.10393    1.10391          1     5.0677     4.9290      43.61     0.3601     0.2217  1.000e-12  0.1962000     9.4336     9.4351     0.0015     7.2213     7.2231     47.731     48.610      0.553    1453.44    1453.41  0.000e+00
      16798     48.500     8.3259     8.3600     0.0337    1.11867    1.11997          1     5.0733     4.8801      43.14     0.3678     0.2734  1.000e-12  0.1907000     9.5980     9.6009     0.0029     7.3593     7.3585     48.228     49.115      0.553    1453.23    1453.37  0.000e+00
      16820     49.000     8.5300     8.5011    -0.0285    1.14525    1.13742          1     4.7363     4.5851      42.57     0.3281     0.2414  1.000e-12  0.1870000     9.7870     9.7225    -0.0644     7.4875     7.4398     48.725     49.621      0.555    1454.28    1454.09  0.000e+00
      16841     49.500     8.6711     8.6877     0.0166    1.17864    1.17708          1     4.3809     4.2839      42.10     0.2913     0.2216  1.000e-12  0.1878000    10.0565    10.0375    -0.0191     7.6851     7.6686     49.222     50.126      0.561    1455.19    1455.24  0.000e+00
      16863     50.000     8.2093     8.2331     0.0237    1.18254    1.18212          1     4.1847     4.0675      41.56     0.2919     0.2251  1.000e-12  0.2056000    10.2251    10.2142    -0.0110     7.8603     7.8495     49.719     50.631      0.551    1453.55    1453.64  0.000e+00
      16885     50.500     8.0549     8.0408    -0.0142    1.20548    1.20000          1     4.1208     3.9341      41.07     0.2546     0.2319  1.000e-12  0.2102000    10.4849    10.4377    -0.0472     8.0774     8.0417     50.216     51.137      0.524    1453.26    1453.14  0.000e+00
      16908     51.000     8.7635     8.7410    -0.0229    1.26002    1.25331          1     4.0403     3.8075      40.54     0.2555     0.1786  1.000e-12  0.2151000    10.7804    10.7252    -0.0552     8.2405     8.1997     50.714     51.642      0.526    1456.47    1456.31  0.000e+00
      16930     51.500     9.9026     9.8560    -0.0458    1.33149    1.32229          1     3.9392     3.7168      40.00     0.2521     0.2061  1.000e-12  0.2100000    11.0858    11.0168    -0.0690     8.3552     8.3068     51.211     52.147      0.561    1461.31    1461.05  0.000e+00
      16951     52.000    10.4662    10.4662    -0.0001    1.37377    1.37050          1     3.8043     3.6227      39.53     0.2563     0.2681  1.000e-12  0.1947000    11.2919    11.2628    -0.0291     8.4487     8.4261     51.708     52.652      0.579    1463.74    1463.70  0.000e+00
      16972     52.500    10.7290    10.7276    -0.0014    1.40565    1.40151          1     3.6926     3.5500      39.00     0.2690     0.2685  1.000e-12  0.1752000    11.4933    11.4571    -0.0362     8.5721     8.5442     52.205     53.157      0.565    1464.98    1464.94  0.000e+00
      16994     53.000    10.6758    10.6835     0.0079    1.42505    1.42263          1     3.5398     3.4237      38.51     0.2480     0.2387  1.000e-12  0.1740000    11.6823    11.6584    -0.0239     8.7253     8.7058     52.702     53.662      0.543    1465.02    1465.02  0.000e+00
      17016     53.500    10.8422    10.8418    -0.0006    1.46235    1.45822          1     3.3630     3.2769      37.96     0.2481     0.2456  1.000e-12  0.1748000    11.9597    11.9232    -0.0365     8.9191     8.8909     53.199     54.167      0.532    1465.99    1465.94  0.000e+00
      17039     54.000    10.7253    10.7256     0.0003    1.47686    1.47431          1     3.0948     3.0437      37.47     0.2587     0.2068  1.000e-12  0.1734000    12.1269    12.1040    -0.0229     9.0637     9.0459     53.696     54.671      0.533    1465.76    1465.73  0.000e+00
      17061     54.500    10.8725    10.8785     0.0060    1.50060    1.49971          1     2.8843     2.8506      37.13     0.2603     0.1937  1.000e-12  0.2003000    12.2891    12.2792    -0.0100     9.1704     9.1619     54.193     55.176      0.545    1466.51    1466.52  0.000e+00
      17083     55.000    10.5562    10.5597     0.0037    1.49541    1.49541          1     2.8515     2.7941      36.55     0.2403     0.1925  1.000e-12  0.2188000    12.3489    12.3476    -0.0013     9.2573     9.2558     54.691     55.681      0.567    1465.40    1465.41  0.000e+00
      17103     55.500    10.5284    10.5266    -0.0018    1.51107    1.50814          1     2.8264     2.7605      36.06     0.2280     0.1939  1.000e-12  0.2250000    12.4985    12.4729    -0.0256     9.3768     9.3571     55.188     56.185      0.588    1465.48    1465.45  0.000e+00
      17124     56.000    10.9216    10.9043    -0.0174    1.54997    1.54388          1     2.6785     2.6427      35.55     0.2384     0.1984  1.000e-12  0.2306000    12.7109    12.6627    -0.0483     9.4905     9.4554     55.685     56.690      0.588    1467.23    1467.11  0.000e+00
      17144     56.500    11.0788    11.1086     0.0302    1.56798    1.56952          1     2.5283     2.5318      35.14     0.2624     0.2220  1.000e-12  0.2409000    12.8169    12.8203     0.0033     9.5519     9.5505     56.182     57.194      0.546    1467.95    1468.07  0.000e+00
