ctdpy/tests/etc/all_smhi_bas_2018/SBE09_0827_20180227_0702_26_01_0323.cnv
* Sea-Bird SBE 9 Data File:
* FileName = D:\CTD_SBE911\DAT\26DA.2018.3.23.hex
* Software Version Seasave V 7.21d
* Temperature SN = 034757
* Conductivity SN = 041844
* Number of Bytes Per Scan = 48
* Number of Voltage Words = 5
* Number of Scans Averaged by the Deck Unit = 1
* NMEA Latitude = 56 07.63 N
* NMEA Longitude = 019 28.79 E
* NMEA UTC (Time) = Feb 27 2018  07:03:07
* NMEA baud rate = 4800
** Ship: DANA
** Average sound velocity: 1430.58 m/s
** True-depth calculation Tue, 02 Apr 2019 12:03:55 +0000
** CTD Python Module SMHI /ver 3-12/ feb 2012 
** LIMS Job: 20182601-0323
** Operator:
** Cruise: 02/2018
# nquan = 26
# nvalues = 135                         
# units = specified
# name 0 = scan: Scan Count
# name 1 = prDM: Pressure, Digiquartz [db]
# name 2 = t090C: Temperature [ITS-90, deg C]
# name 3 = t190C: Temperature, 2 [ITS-90, deg C]
# name 4 = T2-T190C: Temperature Difference, 2 - 1 [ITS-90, deg C]
# name 5 = c0S/m: Conductivity [S/m]
# name 6 = c1S/m: Conductivity, 2 [S/m]
# name 7 = pumps: Pump Status
# name 8 = sbeox1ML/L: Oxygen, SBE 43, 2 [ml/l]
# name 9 = sbeox0ML/L: Oxygen, SBE 43 [ml/l]
# name 10 = altM: Altimeter [m]
# name 11 = chloroflTC0: Chlorophyll, Turner Cyclops [ug/l]
# name 12 = cpar: CPAR/Corrected Irradiance [%]
# name 13 = par: PAR/Irradiance, Biospherical/Lico [µE/(cm^2*s)]
# name 14 = spar: SPAR, Biospherical/Licor
# name 15 = sal00: Salinity, Practical [PSU]
# name 16 = sal11: Salinity, Practical, 2 [PSU]
# name 17 = secS-priS: Salinity, Practical, Difference, 2 - 1 [PSU]
# name 18 = sigma-t00: Density [sigma-t, kg/m^3 ]
# name 19 = sigma-t11: Density, 2 [sigma-t, kg/m^3 ]
# name 20 = depSM: Depth [salt water, m], lat = 56.1272
# name 21 = depFM: Depth [true depth, m], lat = 56.1272
# name 22 = dz/dtM: Descent Rate [m/s], WS = 2
# name 23 = svCM: Sound Velocity [Chen-Millero, m/s]
# name 24 = svCM1: Sound Velocity, 2 [Chen-Millero, m/s]
# name 25 = flag: flag
# span 0 =        -65,       7088       
# span 1 =      1.500,     68.500       
# span 2 =     3.2337,     5.6125       
# span 3 =     3.2307,     5.6121       
# span 4 =    -0.0095,     0.3191       
# span 5 =   0.761890,   1.054395       
# span 6 =   0.761220,   1.053660       
# span 7 =          1,          1       
# span 8 =     1.3459,     8.4148       
# span 9 =     1.3803,     8.3874       
# span 10 =       1.24,       9.98      
# span 11 =     0.0115,     0.0137      
# span 12 = -2.368e-11, 7.3762e+00      
# span 13 = -4.895e-11, 1.2497e+01      
# span 14 = 1.6932e+02, 2.2948e+02      
# span 15 =     7.3875,     9.7385      
# span 16 =     7.3801,     9.7313      
# span 17 =    -0.0122,     0.2401      
# span 18 =     5.8871,     7.6695      
# span 19 =     5.8811,     7.6639      
# span 20 =      1.486,     67.865      
# span 21 =      1.519,     69.346      
# span 22 =     -0.218,      0.904      
# span 23 =    1427.80,    1442.42      
# span 24 =    1427.77,    1442.41      
# span 25 = 0.0000e+00, 0.0000e+00      
# interval = decibars: 0.5              
# start_time = Feb 27 2018 07:03:08 [NMEA time, first data scan]
# bad_flag = -9.990e-29
*END*
        -65      1.500     3.2510     3.2543     0.0033    0.76226    0.76172          1     8.3628     8.3519       9.98     0.0122  7.376e+00  1.250e+01  1.693e+02     7.3877     7.3813    -0.0065     5.8871     5.8818      1.486      1.519     -0.218    1427.86    1427.87  0.000e+00
        208      2.000     3.2364     3.2392     0.0028    0.76195    0.76128          1     8.3878     8.3729       9.98     0.0122  6.867e+00  1.194e+01  1.740e+02     7.3878     7.3801    -0.0077     5.8873     5.8811      1.982      2.025      0.581    1427.80    1427.80  0.000e+00
        290      2.500     3.2368     3.2307    -0.0060    0.76195    0.76122          1     8.3890     8.3770       9.98     0.0122  5.838e+00  1.023e+01  1.752e+02     7.3875     7.3814    -0.0062     5.8871     5.8822      2.477      2.531      0.568    1427.81    1427.77  0.000e+00
        372      3.000     3.2337     3.2369     0.0031    0.76189    0.76129          1     8.3721     8.3763       9.97     0.0116  5.072e+00  8.957e+00  1.766e+02     7.3876     7.3806    -0.0070     5.8871     5.8816      2.973      3.038      0.904    1427.80    1427.81  0.000e+00
        391      3.500     3.2364     3.2456     0.0092    0.76199    0.76148          1     8.3892     8.3740       9.97     0.0120  4.197e+00  7.452e+00  1.776e+02     7.3879     7.3805    -0.0074     5.8874     5.8814      3.468      3.544      0.655    1427.82    1427.85  0.000e+00
        471      4.000     3.2403     3.2516     0.0113    0.76207    0.76163          1     8.3859     8.3841       9.97     0.0121  3.762e+00  6.726e+00  1.788e+02     7.3878     7.3806    -0.0072     5.8872     5.8814      3.964      4.050      0.473    1427.85    1427.89  0.000e+00
        518      4.500     3.2487     3.2529     0.0043    0.76230    0.76172          1     8.3860     8.3847       9.96     0.0119  3.270e+00  5.843e+00  1.787e+02     7.3882     7.3812    -0.0070     5.8874     5.8818      4.459      4.557      0.485    1427.90    1427.91  0.000e+00
        562      5.000     3.2523     3.2599     0.0076    0.76238    0.76189          1     8.3899     8.3802       9.96     0.0118  2.752e+00  4.926e+00  1.790e+02     7.3881     7.3812    -0.0068     5.8873     5.8818      4.954      5.063      0.262    1427.92    1427.95  0.000e+00
        663      5.500     3.2516     3.2420    -0.0095    0.76233    0.76152          1     8.3828     8.3744       9.96     0.0123  2.619e+00  4.737e+00  1.808e+02     7.3878     7.3814    -0.0063     5.8871     5.8822      5.450      5.569      0.414    1427.92    1427.87  0.000e+00
        682      6.000     3.2460     3.2522     0.0062    0.76223    0.76167          1     8.3908     8.3812       9.96     0.0121  2.346e+00  4.240e+00  1.807e+02     7.3879     7.3806    -0.0073     5.8873     5.8813      5.945      6.075      0.503    1427.91    1427.93  0.000e+00
        711      6.500     3.2571     3.2619     0.0047    0.76252    0.76195          1     8.3961     8.3732       9.96     0.0122  1.966e+00  3.558e+00  1.810e+02     7.3882     7.3812    -0.0070     5.8874     5.8817      6.441      6.582      0.331    1427.97    1427.98  0.000e+00
        761      7.000     3.2618     3.2673     0.0055    0.76263    0.76211          1     8.4055     8.3812       9.96     0.0121  1.685e+00  3.077e+00  1.827e+02     7.3883     7.3817    -0.0066     5.8873     5.8820      6.936      7.088      0.209    1427.99    1428.01  0.000e+00
        829      7.500     3.2631     3.2620    -0.0011    0.76267    0.76199          1     8.3942     8.3824       9.96     0.0121  1.570e+00  2.886e+00  1.838e+02     7.3883     7.3815    -0.0068     5.8874     5.8819      7.432      7.594      0.224    1428.01    1427.99  0.000e+00
        875      8.000     3.2638     3.2645     0.0007    0.76269    0.76205          1     8.3941     8.3678       9.95     0.0121  1.383e+00  2.556e+00  1.848e+02     7.3883     7.3815    -0.0068     5.8874     5.8819      7.927      8.101      0.295    1428.02    1428.01  0.000e+00
        931      8.500     3.2655     3.2655    -0.0000    0.76273    0.76208          1     8.3970     8.3684       9.95     0.0120  1.176e+00  2.195e+00  1.867e+02     7.3882     7.3815    -0.0067     5.8873     5.8819      8.422      8.607      0.195    1428.03    1428.03  0.000e+00
        996      9.000     3.2665     3.2678     0.0013    0.76276    0.76214          1     8.4139     8.3789       9.95     0.0121  1.127e+00  2.107e+00  1.868e+02     7.3883     7.3816    -0.0067     5.8873     5.8819      8.918      9.113      0.281    1428.05    1428.05  0.000e+00
       1031      9.500     3.2672     3.2659    -0.0012    0.76278    0.76211          1     8.4116     8.3874       9.95     0.0122  1.000e+00  1.869e+00  1.868e+02     7.3883     7.3816    -0.0067     5.8873     5.8820      9.413      9.619      0.415    1428.06    1428.04  0.000e+00
       1057     10.000     3.2667     3.2639    -0.0028    0.76277    0.76207          1     8.4080     8.3824       9.95     0.0122  8.516e-01  1.594e+00  1.872e+02     7.3882     7.3816    -0.0066     5.8872     5.8820      9.909     10.126      0.437    1428.06    1428.04  0.000e+00
       1098     10.500     3.2666     3.2667     0.0001    0.76277    0.76212          1     8.4078     8.3798       9.95     0.0120  7.247e-01  1.368e+00  1.888e+02     7.3881     7.3814    -0.0067     5.8871     5.8818     10.404     10.632      0.258    1428.07    1428.06  0.000e+00
       1179     11.000     3.2669     3.2630    -0.0038    0.76278    0.76208          1     8.4148     8.3656       9.95     0.0121  6.967e-01  1.318e+00  1.893e+02     7.3881     7.3817    -0.0064     5.8872     5.8821     10.899     11.138      0.331    1428.08    1428.06  0.000e+00
       1208     11.500     3.2593     3.2565    -0.0028    0.76261    0.76193          1     8.4054     8.3742       9.95     0.0123  5.978e-01  1.140e+00  1.907e+02     7.3880     7.3816    -0.0064     5.8872     5.8821     11.395     11.645      0.333    1428.05    1428.03  0.000e+00
       1277     12.000     3.2564     3.2566     0.0001    0.76256    0.76192          1     8.3997     8.3770       9.95     0.0121  5.092e-01  9.789e-01  1.923e+02     7.3881     7.3814    -0.0066     5.8872     5.8820     11.890     12.151      0.243    1428.05    1428.04  0.000e+00
       1326     12.500     3.2583     3.2602     0.0018    0.76262    0.76201          1     8.3967     8.3805       9.95     0.0117  4.617e-01  8.907e-01  1.929e+02     7.3882     7.3814    -0.0068     5.8874     5.8819     12.386     12.657      0.378    1428.07    1428.07  0.000e+00
       1357     13.000     3.2622     3.2621    -0.0001    0.76271    0.76206          1     8.3995     8.3761       9.95     0.0120  4.163e-01  8.031e-01  1.929e+02     7.3882     7.3815    -0.0067     5.8873     5.8819     12.881     13.163      0.331    1428.09    1428.08  0.000e+00
       1405     13.500     3.2631     3.2631     0.0000    0.76273    0.76210          1     8.4038     8.3759       9.95     0.0122  3.635e-01  7.014e-01  1.929e+02     7.3882     7.3816    -0.0066     5.8872     5.8820     13.377     13.670      0.228    1428.10    1428.09  0.000e+00
       1455     14.000     3.2643     3.2647     0.0004    0.76277    0.76214          1     8.3985     8.3739       9.95     0.0122  3.013e-01  5.820e-01  1.932e+02     7.3882     7.3815    -0.0067     5.8873     5.8819     13.872     14.176      0.220    1428.12    1428.11  0.000e+00
       1530     14.500     3.2641     3.2636    -0.0005    0.76277    0.76211          1     8.3985     8.3717       9.95     0.0137  2.999e-01  5.841e-01  1.948e+02     7.3882     7.3814    -0.0067     5.8872     5.8819     14.367     14.682      0.248    1428.12    1428.11  0.000e+00
       1571     15.000     3.2643     3.2641    -0.0003    0.76277    0.76213          1     8.3941     8.3697       9.95     0.0122  2.535e-01  4.978e-01  1.964e+02     7.3880     7.3815    -0.0066     5.8871     5.8819     14.863     15.189      0.356    1428.13    1428.12  0.000e+00
       1606     15.500     3.2623     3.2618    -0.0006    0.76273    0.76209          1     8.3965     8.3785       9.95     0.0122  2.079e-01  4.095e-01  1.970e+02     7.3880     7.3815    -0.0065     5.8871     5.8819     15.358     15.695      0.284    1428.13    1428.12  0.000e+00
       1671     16.000     3.2617     3.2596    -0.0020    0.76273    0.76206          1     8.4031     8.3757       9.95     0.0122  1.983e-01  3.928e-01  1.981e+02     7.3881     7.3816    -0.0064     5.8872     5.8821     15.854     16.201      0.274    1428.14    1428.12  0.000e+00
       1709     16.500     3.2607     3.2599    -0.0008    0.76271    0.76207          1     8.3941     8.3828       9.95     0.0122  1.746e-01  3.476e-01  1.990e+02     7.3881     7.3816    -0.0065     5.8872     5.8821     16.349     16.708      0.375    1428.14    1428.13  0.000e+00
       1745     17.000     3.2608     3.2607    -0.0001    0.76273    0.76209          1     8.3846     8.3838       9.95     0.0122  1.369e-01  2.726e-01  1.990e+02     7.3881     7.3816    -0.0066     5.8873     5.8820     16.844     17.214      0.275    1428.15    1428.14  0.000e+00
       1812     17.500     3.2612     3.2616     0.0005    0.76274    0.76212          1     8.4077     8.3775       9.95     0.0117  1.197e-01  2.385e-01  1.993e+02     7.3881     7.3815    -0.0066     5.8872     5.8820     17.340     17.720      0.173    1428.16    1428.15  0.000e+00
       1875     18.000     3.2645     3.2671     0.0026    0.76286    0.76230          1     8.4086     8.3786       9.95     0.0122  1.042e-01  2.096e-01  2.011e+02     7.3885     7.3821    -0.0065     5.8875     5.8823     17.835     18.226      0.265    1428.18    1428.18  0.000e+00
       1911     18.500     3.2653     3.2639    -0.0014    0.76288    0.76222          1     8.3948     8.3762       9.95     0.0122  8.586e-02  1.726e-01  2.011e+02     7.3885     7.3820    -0.0065     5.8875     5.8823     18.331     18.733      0.336    1428.19    1428.18  0.000e+00
       1962     19.000     3.2627     3.2622    -0.0004    0.76281    0.76216          1     8.4008     8.3768       9.95     0.0122  6.766e-02  1.364e-01  2.016e+02     7.3883     7.3817    -0.0066     5.8873     5.8821     18.826     19.239      0.208    1428.19    1428.18  0.000e+00
       2018     19.500     3.2766     3.2856     0.0090    0.76331    0.76286          1     8.4001     8.3677       9.95     0.0122  5.588e-02  1.135e-01  2.031e+02     7.3902     7.3835    -0.0067     5.8887     5.8832     19.321     19.745      0.270    1428.26    1428.29  0.000e+00
       2061     20.000     3.2852     3.2876     0.0024    0.76360    0.76302          1     8.4056     8.3711       9.95     0.0120  4.167e-02  8.462e-02  2.031e+02     7.3912     7.3847    -0.0065     5.8893     5.8841     19.817     20.252      0.271    1428.31    1428.31  0.000e+00
       2107     20.500     3.2850     3.2812    -0.0039    0.76358    0.76283          1     8.3985     8.3786       9.95     0.0122  3.023e-02  6.140e-02  2.031e+02     7.3909     7.3840    -0.0069     5.8892     5.8837     20.312     20.758      0.253    1428.32    1428.29  0.000e+00
       2160     21.000     3.2823     3.2782    -0.0041    0.76347    0.76267          1     8.3925     8.3804       9.95     0.0116  2.018e-02  4.107e-02  2.037e+02     7.3904     7.3830    -0.0074     5.8888     5.8829     20.808     21.264      0.190    1428.31    1428.28  0.000e+00
       2228     21.500     3.2809     3.2820     0.0012    0.76343    0.76284          1     8.3976     8.3613       9.95     0.0121  1.087e-02  2.229e-02  2.051e+02     7.3902     7.3838    -0.0065     5.8887     5.8835     21.303     21.770      0.233    1428.31    1428.31  0.000e+00
       2271     22.000     3.2821     3.2819    -0.0002    0.76348    0.76283          1     8.4042     8.3734       9.95     0.0122  3.176e-03  6.515e-03  2.053e+02     7.3903     7.3837    -0.0066     5.8887     5.8835     21.798     22.277      0.305    1428.33    1428.32  0.000e+00
       2313     22.500     3.2823     3.2818    -0.0005    0.76349    0.76285          1     8.4119     8.3714       9.95     0.0120  8.977e-05  1.841e-04  2.069e+02     7.3904     7.3838    -0.0065     5.8888     5.8835     22.294     22.783      0.258    1428.34    1428.32  0.000e+00
       2363     23.000     3.2831     3.2830    -0.0001    0.76353    0.76289          1     8.4039     8.3588       9.95     0.0122 -2.368e-11 -4.895e-11  2.072e+02     7.3906     7.3839    -0.0067     5.8889     5.8836     22.789     23.289      0.243    1428.35    1428.34  0.000e+00
       2413     23.500     3.2834     3.2833    -0.0001    0.76355    0.76291          1     8.3881     8.3680       9.95     0.0121  4.819e-13  1.000e-12  2.075e+02     7.3906     7.3840    -0.0066     5.8889     5.8837     23.285     23.796      0.223    1428.36    1428.35  0.000e+00
       2467     24.000     3.2846     3.2858     0.0013    0.76359    0.76300          1     8.3946     8.3747       9.95     0.0122  4.780e-13  1.000e-12  2.092e+02     7.3907     7.3843    -0.0065     5.8890     5.8838     23.780     24.302      0.252    1428.37    1428.37  0.000e+00
       2509     24.500     3.2897     3.2899     0.0002    0.76382    0.76321          1     8.4081     8.3756       9.95     0.0122  4.781e-13  1.000e-12  2.092e+02     7.3918     7.3855    -0.0063     5.8898     5.8847     24.275     24.808      0.263    1428.40    1428.39  0.000e+00
       2570     25.000     3.2786     3.2700    -0.0086    0.76343    0.76254          1     8.4024     8.3743       9.95     0.0121  4.749e-13  1.000e-12  2.106e+02     7.3902     7.3830    -0.0073     5.8887     5.8830     24.771     25.314      0.216    1428.36    1428.31  0.000e+00
       2615     25.500     3.2713     3.2681    -0.0033    0.76318    0.76246          1     8.3992     8.3846       9.95     0.0121  4.735e-13  1.000e-12  2.112e+02     7.3892     7.3826    -0.0067     5.8880     5.8827     25.266     25.821      0.333    1428.33    1428.31  0.000e+00
       2651     26.000     3.2700     3.2687    -0.0013    0.76314    0.76248          1     8.4027     8.3820       9.95     0.0120  4.735e-13  1.000e-12  2.112e+02     7.3891     7.3826    -0.0066     5.8879     5.8827     25.762     26.327      0.311    1428.33    1428.32  0.000e+00
       2700     26.500     3.2737     3.2732    -0.0005    0.76329    0.76265          1     8.4105     8.3702       9.95     0.0122  4.726e-13  1.000e-12  2.116e+02     7.3897     7.3832    -0.0065     5.8883     5.8832     26.257     26.833      0.192    1428.36    1428.35  0.000e+00
       2763     27.000     3.2730     3.2706    -0.0024    0.76326    0.76258          1     8.4069     8.3671       9.95     0.0122  4.688e-13  1.000e-12  2.133e+02     7.3896     7.3830    -0.0065     5.8882     5.8830     26.752     27.340      0.286    1428.36    1428.34  0.000e+00
       2802     27.500     3.2884     3.3039     0.0156    0.76387    0.76357          1     8.4075     8.3801       9.95     0.0127  4.690e-13  1.000e-12  2.132e+02     7.3923     7.3856    -0.0067     5.8902     5.8846     27.248     27.846      0.275    1428.44    1428.51  0.000e+00
       2852     28.000     3.3122     3.3272     0.0150    0.76474    0.76451          1     8.3948     8.3785       9.95     0.0122  4.652e-13  1.000e-12  2.150e+02     7.3958     7.3899    -0.0058     5.8926     5.8878     27.743     28.352      0.224    1428.57    1428.63  0.000e+00
       2904     28.500     3.3307     3.3350     0.0043    0.76534    0.76482          1     8.3929     8.3597       9.95     0.0121  4.645e-13  1.000e-12  2.153e+02     7.3977     7.3913    -0.0065     5.8939     5.8887     28.238     28.858      0.248    1428.66    1428.67  0.000e+00
