ctdpy/tests/etc/all_smhi_bas_2018/SBE09_1044_20181018_1629_34_01_0110.cnv
* Sea-Bird SBE 9 Data File:
* FileName = C:\ctd\temp\ar18d110.hex
* Software Version Seasave V 7.26.7.107
* Temperature SN = 5351
* Conductivity SN = 3941
* Number of Bytes Per Scan = 41
* Number of Voltage Words = 4
* Number of Scans Averaged by the Deck Unit = 1
* NMEA Latitude = 57 52.00 N
* NMEA Longitude = 011 17.53 E
* NMEA UTC (Time) = Oct 18 2018  14:29:41
* NMEA baud rate = 4800
** Station:  P2
** Operator:  ASkj
** Ship: ARANDA
** Average sound velocity: 1497.49 m/s
** True-depth calculation Thu, 18 Oct 2018 15:21:14 +0000
** CTD Python Module SMHI /ver 3-12/ feb 2012 
** LIMS Job: 20183401-0110
** Cruise: SMHI-4-2018
** Latitude [GG MM.mm N]:
** Longitude [GG MM.mm E]
# nquan = 26
# nvalues = 177                         
# units = specified
# name 0 = scan: Scan Count
# name 1 = prDM: Pressure, Digiquartz [db]
# name 2 = t090C: Temperature [ITS-90, deg C]
# name 3 = t190C: Temperature, 2 [ITS-90, deg C]
# name 4 = T2-T190C: Temperature Difference, 2 - 1 [ITS-90, deg C]
# name 5 = c0S/m: Conductivity [S/m]
# name 6 = c1S/m: Conductivity, 2 [S/m]
# name 7 = pumps: Pump Status
# name 8 = sbeox0ML/L: Oxygen, SBE 43 [ml/l]
# name 9 = sbeox1ML/L: Oxygen, SBE 43, 2 [ml/l]
# name 10 = altM: Altimeter [m]
# name 11 = flECO-AFL: Chl-a Fluorescence, WET Labs ECO-AFL/FL [mg/m^3]
# name 12 = flECO-AFL1: Phycocyanin Fluorescence, WET Labs ECO-AFL/FL, 2 [mg/m^3]
# name 13 = par: PAR/Irradiance, Biospherical/Lico [µE/(cm^2*s)]
# name 14 = turbWETntu0: Turbidity, WET Labs ECO [NTU]
# name 15 = sal00: Salinity, Practical [PSU]
# name 16 = sal11: Salinity, Practical, 2 [PSU]
# name 17 = secS-priS: Salinity, Practical, Difference, 2 - 1 [PSU]
# name 18 = sigma-t00: Density [sigma-t, Kg/m^3 ]
# name 19 = sigma-t11: Density, 2 [sigma-t, Kg/m^3 ]
# name 20 = depSM: Depth [salt water, m], lat = 57.8667
# name 21 = depFM: Depth [true depth, m], lat = 57.8667
# name 22 = dz/dtM: Descent Rate [m/s], WS = 2
# name 23 = svCM: Sound Velocity [Chen-Millero, m/s]
# name 24 = svCM1: Sound Velocity, 2 [Chen-Millero, m/s]
# name 25 = flag: flag
# span 0 =      31307,      36965       
# span 1 =      1.000,     89.000       
# span 2 =     9.9801,    13.7518       
# span 3 =     9.9828,    13.7526       
# span 4 =    -0.0133,     0.0317       
# span 5 =   3.613137,   3.977647       
# span 6 =   3.613260,   3.977840       
# span 7 =          1,          1       
# span 8 =    4.81642,    6.06519       
# span 9 =    4.56254,    5.73164       
# span 10 =       4.74,      97.46      
# span 11 =     0.1160,     2.3653      
# span 12 =     0.1615,     0.4886      
# span 13 = -2.560e-05, 3.7819e+02      
# span 14 =     0.2045,     1.4638      
# span 15 =    30.3236,    34.9476      
# span 16 =    30.3222,    34.9456      
# span 17 =    -0.0490,     0.0656      
# span 18 =    22.7376,    26.9145      
# span 19 =    22.7353,    26.9124      
# span 20 =      0.991,     88.157      
# span 21 =      0.996,     88.432      
# span 22 =     -0.079,      0.745      
# span 23 =    1491.16,    1500.42      
# span 24 =    1491.17,    1500.42      
# span 25 = 0.0000e+00, 0.0000e+00      
# interval = decibars: 0.5              
# start_time = Oct 18 2018 14:29:41 [NMEA time, first data scan]
# bad_flag = -9.990e-29
*END*
[from data line 168]
      35710     85.000    10.1724    10.1780     0.0055    3.81768    3.81845          1     4.8722     4.6222       9.02     0.1493     0.2457  1.000e-12  1.2538000    34.8830    34.8856     0.0026    26.8309    26.8320     84.196     84.464      0.553    1491.71    1491.73  0.000e+00
      35732     85.500    10.1142    10.1155     0.0013    3.81345    3.81358          1     4.8785     4.6205       8.53     0.1191     0.2664  1.000e-12  1.2649000    34.8957    34.8959     0.0002    26.8509    26.8508     84.691     84.960      0.539    1491.52    1491.53  0.000e+00
      35756     86.000    10.1085    10.1097     0.0012    3.81308    3.81314          1     4.8825     4.6241       8.01     0.1332     0.2744  1.000e-12  1.2514000    34.8972    34.8966    -0.0006    26.8531    26.8524     85.186     85.456      0.474    1491.51    1491.51  0.000e+00
      35782     86.500    10.1081    10.1099     0.0019    3.81311    3.81323          1     4.8873     4.6317       7.49     0.1385     0.2358  1.000e-12  1.2366000    34.8977    34.8971    -0.0006    26.8536    26.8528     85.681     85.952      0.444    1491.52    1491.52  0.000e+00
      35810     87.000    10.1073    10.1090     0.0017    3.81315    3.81324          1     4.8825     4.6250       6.97     0.1278     0.2234  1.000e-12  1.2676000    34.8986    34.8980    -0.0007    26.8544    26.8536     86.177     86.448      0.433    1491.52    1491.53  0.000e+00
      35838     87.500    10.1054    10.1076     0.0022    3.81307    3.81324          1     4.8621     4.6146       6.48     0.1277     0.2389  1.000e-12  1.1972000    34.8995    34.8990    -0.0004    26.8554    26.8546     86.672     86.944      0.424    1491.53    1491.53  0.000e+00
      35867     88.000    10.0689    10.0709     0.0019    3.81064    3.81084          1     4.8551     4.5974       5.98     0.1343     0.2403  1.000e-12  1.2817000    34.9096    34.9098     0.0002    26.8696    26.8694     87.167     87.440      0.390    1491.42    1491.42  0.000e+00
      36012     88.500    10.0105    10.0169     0.0064    3.80738    3.80779          1     4.8454     4.5993       5.37     0.1476     0.2258  1.000e-12  1.4054000    34.9325    34.9305    -0.0020    26.8975    26.8948     87.662     87.936      0.224    1491.24    1491.26  0.000e+00
      36965     89.000     9.9801     9.9828     0.0027    3.80601    3.80606          1     4.8164     4.5625       4.74     0.1755     0.2217  1.000e-12  1.4638000    34.9476    34.9456    -0.0021    26.9145    26.9124     88.157     88.432     -0.079    1491.16    1491.17  0.000e+00
