ctdpy/tests/etc/all_smhi_bas_2018/SBE09_1044_20180128_2042_34_02_0027.cnv
* Sea-Bird SBE 9 Data File:
* FileName = C:\ctd\temp\2018\ME18D027.hex
* Software Version Seasave V 7.26.6.26
* Temperature SN = 5351
* Conductivity SN = 3941
* Number of Bytes Per Scan = 41
* Number of Voltage Words = 4
* Number of Scans Averaged by the Deck Unit = 1
* NMEA Latitude = 57 18.73 N
* NMEA Longitude = 020 04.60 E
* NMEA UTC (Time) = Jan 28 2018  20:43:17
* NMEA baud rate = 4800
** Station:  BY15 extra
** Operator:  SSip
** Ship: MERI
** Average sound velocity: 1446.43 m/s
** True-depth calculation Sun, 28 Jan 2018 22:08:26 +0000
** CTD Python Module SMHI /ver 3-12/ feb 2012 
** LIMS Job: 20183402-0027
** Cruise: SMHI-01-2018
** Latitude [GG MM.mm N] :
** Longitude [GG MM.mm E]:
# nquan = 26
# nvalues = 464                         
# units = specified
# name 0 = scan: Scan Count
# name 1 = prDM: Pressure, Digiquartz [db]
# name 2 = t090C: Temperature [ITS-90, deg C]
# name 3 = t190C: Temperature, 2 [ITS-90, deg C]
# name 4 = T2-T190C: Temperature Difference, 2 - 1 [ITS-90, deg C]
# name 5 = c0S/m: Conductivity [S/m]
# name 6 = c1S/m: Conductivity, 2 [S/m]
# name 7 = pumps: Pump Status
# name 8 = sbeox0ML/L: Oxygen, SBE 43 [ml/l]
# name 9 = sbeox1ML/L: Oxygen, SBE 43, 2 [ml/l]
# name 10 = altM: Altimeter [m]
# name 11 = flECO-AFL: Chl-a Fluorescence, WET Labs ECO-AFL/FL [mg/m^3]
# name 12 = flECO-AFL1: Phycocyanin Fluorescence, WET Labs ECO-AFL/FL, 2 [mg/m^3]
# name 13 = par: PAR/Irradiance, Biospherical/Lico [µE/(cm^2*s)]
# name 14 = turbWETntu0: Turbidity, WET Labs ECO [NTU]
# name 15 = sal00: Salinity, Practical [PSU]
# name 16 = sal11: Salinity, Practical, 2 [PSU]
# name 17 = secS-priS: Salinity, Practical, Difference, 2 - 1 [PSU]
# name 18 = sigma-t00: Density [sigma-t, Kg/m^3 ]
# name 19 = sigma-t11: Density, 2 [sigma-t, Kg/m^3 ]
# name 20 = depSM: Depth [salt water, m], lat = 57.3122
# name 21 = depFM: Depth [true depth, m], lat = 57.3122
# name 22 = dz/dtM: Descent Rate [m/s], WS = 2
# name 23 = svCM: Sound Velocity [Chen-Millero, m/s]
# name 24 = svCM1: Sound Velocity, 2 [Chen-Millero, m/s]
# name 25 = flag: flag
# span 0 =       8580,      19144       
# span 1 =      2.500,    234.000       
# span 2 =     4.7339,     6.9142       
# span 3 =     4.7346,     6.9145       
# span 4 =    -0.0345,     0.0140       
# span 5 =   0.792513,   1.460559       
# span 6 =   0.792497,   1.460539       
# span 7 =          1,          1       
# span 8 =    0.00683,    8.05545       
# span 9 =    0.02599,    7.99522       
# span 10 =       4.70,      99.25      
# span 11 =     0.2354,     0.3960      
# span 12 =     0.2069,     0.3889      
# span 13 = 1.0000e-12, 5.0875e-02      
# span 14 =     0.0954,     0.4750      
# span 15 =     7.3592,    13.2986      
# span 16 =     7.3591,    13.2983      
# span 17 =    -0.0568,     0.0245      
# span 18 =     5.8252,    10.3800      
# span 19 =     5.8252,    10.3797      
# span 20 =      2.477,    231.714      
# span 21 =      2.532,    236.331      
# span 22 =     -0.050,      1.853      
# span 23 =    1434.59,    1455.03      
# span 24 =    1434.59,    1455.04      
# span 25 = 0.0000e+00, 0.0000e+00      
# interval = decibars: 0.5              
# start_time = Jan 28 2018 20:43:17 [NMEA time, first data scan]
# bad_flag = -9.990e-29
*END*
[from data line 391]
      17644    198.000     6.8965     6.8972     0.0007    1.44522    1.44537          1     0.0127     0.0327      41.82     0.3380     0.2745  1.000e-12  0.4185000    13.1613    13.1626     0.0013    10.2737    10.2747    196.082    200.039      0.385    1454.21    1454.22  0.000e+00
      17675    198.500     6.8972     6.8978     0.0006    1.44550    1.44562          1     0.0107     0.0324      41.52     0.3334     0.2662  1.000e-12  0.4244000    13.1637    13.1647     0.0009    10.2756    10.2763    196.577    200.543      0.819    1454.23    1454.23  0.000e+00
      17687    199.000     6.8977     6.8982     0.0005    1.44585    1.44584          1     0.0127     0.0321      41.17     0.3335     0.2748  1.000e-12  0.4414000    13.1668    13.1666    -0.0002    10.2780    10.2778    197.072    201.047      1.055    1454.24    1454.24  0.000e+00
      17697    199.500     6.8983     6.8988     0.0005    1.44623    1.44622          1     0.0135     0.0326      40.79     0.3335     0.2759  1.000e-12  0.4434000    13.1703    13.1700    -0.0004    10.2807    10.2804    197.567    201.551      1.201    1454.25    1454.26  0.000e+00
      17706    200.000     6.8985     6.8990     0.0005    1.44638    1.44636          1     0.0128     0.0326      40.39     0.3335     0.3168  1.000e-12  0.4371000    13.1716    13.1712    -0.0004    10.2816    10.2813    198.062    202.055      1.272    1454.26    1454.27  0.000e+00
      17715    200.500     6.8987     6.8993     0.0006    1.44661    1.44659          1     0.0125     0.0326      39.94     0.3335     0.3189  1.000e-12  0.4355000    13.1736    13.1732    -0.0004    10.2832    10.2829    198.557    202.559      1.267    1454.28    1454.28  0.000e+00
      17725    201.000     6.8989     6.8994     0.0005    1.44675    1.44673          1     0.0101     0.0326      39.47     0.3311     0.3181  1.000e-12  0.4349000    13.1749    13.1745    -0.0005    10.2842    10.2838    199.052    203.064      1.176    1454.29    1454.29  0.000e+00
      17735    201.500     6.8990     6.8995     0.0005    1.44690    1.44688          1     0.0109     0.0326      38.93     0.3216     0.3189  1.000e-12  0.4374000    13.1762    13.1759    -0.0003    10.2853    10.2849    199.547    203.568      0.986    1454.30    1454.30  0.000e+00
      17751    202.000     6.8993     6.8996     0.0004    1.44711    1.44710          1     0.0118     0.0326      38.23     0.3213     0.3231  1.000e-12  0.4299000    13.1781    13.1778    -0.0003    10.2867    10.2864    200.042    204.072      0.648    1454.31    1454.31  0.000e+00
      17798    202.500     6.8989     6.8998     0.0009    1.44692    1.44721          1     0.0117     0.0323      37.27     0.3335     0.3213  1.000e-12  0.4157000    13.1763    13.1788     0.0025    10.2853    10.2872    200.537    204.576      0.260    1454.31    1454.32  0.000e+00
      17856    203.000     6.8993     6.9005     0.0012    1.44723    1.44772          1     0.0118     0.0331      36.70     0.3416     0.2997  1.000e-12  0.4033000    13.1791    13.1834     0.0043    10.2875    10.2908    201.032    205.080      0.417    1454.33    1454.34  0.000e+00
      17876    203.500     6.9003     6.9007     0.0004    1.44789    1.44787          1     0.0123     0.0319      36.39     0.3306     0.2992  1.000e-12  0.3973000    13.1851    13.1847    -0.0004    10.2921    10.2918    201.527    205.584      0.722    1454.35    1454.35  0.000e+00
      17890    204.000     6.9004     6.9009     0.0005    1.44794    1.44792          1     0.0115     0.0328      36.04     0.3213     0.2902  1.000e-12  0.4045000    13.1855    13.1850    -0.0004    10.2924    10.2920    202.021    206.088      0.948    1454.35    1454.36  0.000e+00
      17902    204.500     6.9006     6.9011     0.0005    1.44800    1.44798          1     0.0100     0.0331      35.61     0.3213     0.2845  1.000e-12  0.4120000    13.1859    13.1854    -0.0004    10.2927    10.2923    202.516    206.592      1.101    1454.36    1454.37  0.000e+00
      17912    205.000     6.9008     6.9014     0.0006    1.44821    1.44818          1     0.0101     0.0327      35.22     0.3213     0.3118  1.000e-12  0.4367000    13.1877    13.1872    -0.0005    10.2941    10.2937    203.011    207.096      1.174    1454.38    1454.38  0.000e+00
      17922    205.500     6.9010     6.9015     0.0005    1.44833    1.44830          1     0.0119     0.0326      34.77     0.3213     0.3193  1.000e-12  0.4362000    13.1887    13.1883    -0.0004    10.2949    10.2945    203.506    207.600      1.165    1454.39    1454.39  0.000e+00
      17932    206.000     6.9012     6.9018     0.0005    1.44851    1.44849          1     0.0109     0.0326      34.27     0.3334     0.3119  1.000e-12  0.4326000    13.1904    13.1900    -0.0004    10.2962    10.2958    204.001    208.104      1.060    1454.40    1454.40  0.000e+00
      17944    206.500     6.9014     6.9018     0.0004    1.44866    1.44863          1     0.0105     0.0321      33.68     0.3455     0.2600  1.000e-12  0.4303000    13.1916    13.1912    -0.0004    10.2971    10.2968    204.496    208.608      0.842    1454.41    1454.41  0.000e+00
      17965    207.000     6.9013     6.9018     0.0005    1.44873    1.44871          1     0.0092     0.0324      32.92     0.3458     0.3057  1.000e-12  0.4196000    13.1923    13.1919    -0.0004    10.2976    10.2973    204.991    209.112      0.428    1454.42    1454.42  0.000e+00
      18024    207.500     6.9009     6.9018     0.0009    1.44838    1.44868          1     0.0098     0.0323      32.05     0.3236     0.2743  1.000e-12  0.4149000    13.1888    13.1915     0.0026    10.2950    10.2970    205.486    209.617      0.319    1454.42    1454.43  0.000e+00
      18052    208.000     6.9024     6.9028     0.0005    1.44969    1.44968          1     0.0116     0.0325      31.68     0.3337     0.3026  1.000e-12  0.4012000    13.2011    13.2009    -0.0003    10.3045    10.3042    205.981    210.121      0.513    1454.45    1454.45  0.000e+00
      18073    208.500     6.9028     6.9032     0.0004    1.45001    1.44999          1     0.0113     0.0319      31.22     0.3335     0.2921  1.000e-12  0.4186000    13.2040    13.2037    -0.0004    10.3067    10.3064    206.475    210.625      0.581    1454.46    1454.46  0.000e+00
      18093    209.000     6.9034     6.9038     0.0004    1.45026    1.45025          1     0.0087     0.0325      30.77     0.3335     0.2934  1.000e-12  0.4002000    13.2062    13.2059    -0.0003    10.3084    10.3081    206.970    211.129      0.666    1454.47    1454.47  0.000e+00
      18110    209.500     6.9042     6.9047     0.0005    1.45068    1.45065          1     0.0106     0.0334      30.32     0.3335     0.3035  1.000e-12  0.4013000    13.2099    13.2094    -0.0005    10.3112    10.3108    207.465    211.633      0.788    1454.49    1454.49  0.000e+00
      18124    210.000     6.9045     6.9050     0.0005    1.45090    1.45087          1     0.0114     0.0323      29.88     0.3335     0.3159  1.000e-12  0.4047000    13.2119    13.2114    -0.0005    10.3127    10.3123    207.960    212.137      0.892    1454.50    1454.50  0.000e+00
      18136    210.500     6.9046     6.9052     0.0005    1.45112    1.45109          1     0.0106     0.0322      29.43     0.3335     0.3176  1.000e-12  0.3813000    13.2139    13.2134    -0.0005    10.3143    10.3139    208.455    212.641      0.924    1454.51    1454.51  0.000e+00
      18149    211.000     6.9050     6.9055     0.0004    1.45142    1.45139          1     0.0097     0.0326      28.93     0.3335     0.2542  1.000e-12  0.3636000    13.2166    13.2161    -0.0005    10.3164    10.3160    208.950    213.145      0.853    1454.53    1454.53  0.000e+00
      18165    211.500     6.9048     6.9052     0.0005    1.45159    1.45156          1     0.0107     0.0331      28.34     0.3250     0.2542  1.000e-12  0.3883000    13.2182    13.2177    -0.0005    10.3177    10.3173    209.445    213.649      0.655    1454.53    1454.54  0.000e+00
      18194    212.000     6.9047     6.9051     0.0005    1.45171    1.45170          1     0.0109     0.0325      27.56     0.3395     0.2931  1.000e-12  0.4192000    13.2194    13.2190    -0.0004    10.3186    10.3183    209.940    214.153      0.334    1454.54    1454.55  0.000e+00
      18235    212.500     6.9051     6.9055     0.0004    1.45196    1.45189          1     0.0107     0.0326      26.95     0.3554     0.2691  1.000e-12  0.4272000    13.2215    13.2207    -0.0008    10.3203    10.3196    210.435    214.657      0.450    1454.56    1454.56  0.000e+00
      18255    213.000     6.9054     6.9058     0.0004    1.45201    1.45199          1     0.0109     0.0315      26.58     0.3455     0.3434  1.000e-12  0.4187000    13.2219    13.2215    -0.0004    10.3205    10.3202    210.929    215.161      0.676    1454.57    1454.57  0.000e+00
      18271    213.500     6.9056     6.9061     0.0005    1.45209    1.45208          1     0.0095     0.0302      26.18     0.3342     0.3546  1.000e-12  0.4179000    13.2225    13.2222    -0.0003    10.3210    10.3207    211.424    215.665      0.753    1454.57    1454.58  0.000e+00
      18286    214.000     6.9059     6.9064     0.0005    1.45226    1.45223          1     0.0090     0.0301      25.71     0.3418     0.3194  1.000e-12  0.4176000    13.2239    13.2234    -0.0004    10.3221    10.3217    211.919    216.169      0.712    1454.59    1454.59  0.000e+00
      18305    214.500     6.9065     6.9069     0.0004    1.45250    1.45248          1     0.0104     0.0319      25.14     0.3572     0.2925  1.000e-12  0.4159000    13.2260    13.2256    -0.0004    10.3236    10.3233    212.414    216.674      0.576    1454.60    1454.60  0.000e+00
      18330    215.000     6.9071     6.9076     0.0005    1.45285    1.45283          1     0.0110     0.0331      24.51     0.3420     0.2976  1.000e-12  0.3815000    13.2290    13.2286    -0.0004    10.3260    10.3256    212.909    217.178      0.431    1454.61    1454.62  0.000e+00
      18360    215.500     6.9077     6.9082     0.0004    1.45320    1.45318          1     0.0092     0.0301      23.94     0.3207     0.2814  1.000e-12  0.3439000    13.2322    13.2318    -0.0004    10.3284    10.3281    213.404    217.682      0.429    1454.63    1454.63  0.000e+00
      18385    216.000     6.9085     6.9090     0.0005    1.45362    1.45361          1     0.0120     0.0331      23.49     0.3237     0.2773  1.000e-12  0.3467000    13.2360    13.2356    -0.0003    10.3313    10.3310    213.899    218.186      0.591    1454.64    1454.65  0.000e+00
      18403    216.500     6.9088     6.9093     0.0004    1.45387    1.45385          1     0.0105     0.0327      23.07     0.3338     0.2978  1.000e-12  0.3507000    13.2381    13.2378    -0.0004    10.3330    10.3327    214.394    218.690      0.787    1454.66    1454.66  0.000e+00
      18416    217.000     6.9094     6.9098     0.0004    1.45420    1.45417          1     0.0081     0.0313      22.66     0.3222     0.3338  1.000e-12  0.3558000    13.2412    13.2407    -0.0005    10.3353    10.3349    214.889    219.194      0.940    1454.67    1454.67  0.000e+00
      18428    217.500     6.9105     6.9110     0.0005    1.45479    1.45475          1     0.0095     0.0284      22.23     0.3092     0.3316  1.000e-12  0.3632000    13.2464    13.2458    -0.0006    10.3393    10.3388    215.383    219.698      1.035    1454.69    1454.69  0.000e+00
      18439    218.000     6.9103     6.9108     0.0005    1.45512    1.45509          1     0.0098     0.0309      21.76     0.3146     0.3208  1.000e-12  0.3555000    13.2496    13.2491    -0.0005    10.3419    10.3415    215.878    220.202      1.057    1454.70    1454.70  0.000e+00
      18450    218.500     6.9107     6.9112     0.0006    1.45566    1.45562          1     0.0101     0.0296      21.28     0.3334     0.3203  1.000e-12  0.3255000    13.2547    13.2541    -0.0007    10.3459    10.3453    216.373    220.706      0.985    1454.72    1454.72  0.000e+00
      18463    219.000     6.9116     6.9121     0.0005    1.45616    1.45613          1     0.0116     0.0311      20.74     0.3283     0.3160  1.000e-12  0.3336000    13.2592    13.2587    -0.0005    10.3493    10.3489    216.868    221.210      0.759    1454.74    1454.74  0.000e+00
      18515    219.500     6.9118     6.9118     0.0001    1.45626    1.45595          1     0.0103     0.0308      19.91     0.3127     0.3178  1.000e-12  0.3511000    13.2600    13.2569    -0.0031    10.3499    10.3475    217.363    221.714      0.497    1454.74    1454.74  0.000e+00
      18572    220.000     6.9121     6.9122     0.0000    1.45642    1.45614          1     0.0107     0.0263      19.44     0.3214     0.2695  1.000e-12  0.3402000    13.2613    13.2586    -0.0027    10.3509    10.3488    217.858    222.218      1.003    1454.76    1454.75  0.000e+00
      18582    220.500     6.9122     6.9127     0.0005    1.45664    1.45661          1     0.0096     0.0274      19.13     0.3213     0.2705  1.000e-12  0.3388000    13.2634    13.2629    -0.0005    10.3526    10.3522    218.353    222.722      1.229    1454.77    1454.77  0.000e+00
      18591    221.000     6.9124     6.9130     0.0006    1.45680    1.45677          1     0.0095     0.0313      18.76     0.3213     0.2784  1.000e-12  0.3379000    13.2648    13.2642    -0.0006    10.3536    10.3531    218.848    223.226      1.358    1454.78    1454.78  0.000e+00
      18599    221.500     6.9120     6.9126     0.0006    1.45696    1.45693          1     0.0088     0.0295      18.36     0.3335     0.2874  1.000e-12  0.3494000    13.2664    13.2659    -0.0005    10.3549    10.3544    219.342    223.730      1.401    1454.79    1454.79  0.000e+00
      18607    222.000     6.9119     6.9124     0.0005    1.45714    1.45711          1     0.0085     0.0285      17.91     0.3335     0.2912  1.000e-12  0.3485000    13.2681    13.2676    -0.0005    10.3563    10.3559    219.837    224.234      1.361    1454.80    1454.80  0.000e+00
      18616    222.500     6.9119     6.9123     0.0004    1.45731    1.45728          1     0.0098     0.0332      17.38     0.3335     0.3070  1.000e-12  0.3508000    13.2697    13.2693    -0.0004    10.3575    10.3571    220.332    224.738      1.223    1454.81    1454.81  0.000e+00
      18627    223.000     6.9121     6.9125     0.0004    1.45754    1.45751          1     0.0119     0.0316      16.80     0.3573     0.3309  1.000e-12  0.3689000    13.2718    13.2714    -0.0005    10.3592    10.3588    220.827    225.242      0.947    1454.82    1454.82  0.000e+00
      18665    223.500     6.9123     6.9125     0.0002    1.45760    1.45737          1     0.0110     0.0306      15.84     0.3478     0.3267  1.000e-12  0.3625000    13.2722    13.2699    -0.0024    10.3595    10.3576    221.322    225.747      0.433    1454.83    1454.82  0.000e+00
      18724    224.000     6.9125     6.9124    -0.0001    1.45747    1.45718          1     0.0105     0.0287      15.12     0.3463     0.2748  1.000e-12  0.3534000    13.2707    13.2679    -0.0028    10.3583    10.3561    221.817    226.251      0.520    1454.83    1454.83  0.000e+00
      18741    224.500     6.9137     6.9139     0.0002    1.45820    1.45812          1     0.0097     0.0301      14.83     0.3458     0.2478  1.000e-12  0.3588000    13.2774    13.2764    -0.0010    10.3634    10.3626    222.312    226.755      0.726    1454.86    1454.85  0.000e+00
