ctdpy/tests/etc/all_smhi_bas_2018/SBE09_0827_20181010_0719_26_01_1058.cnv
* Sea-Bird SBE 9 Data File:
* FileName = D:\CTD_SBE911\DAT\26DA.2018.10.58.hex
* Software Version Seasave V 7.21d
* Temperature SN = 4548
* Conductivity SN = 3062
* Number of Bytes Per Scan = 48
* Number of Voltage Words = 5
* Number of Scans Averaged by the Deck Unit = 1
* NMEA Latitude = 58 08.71 N
* NMEA Longitude = 019 33.41 E
* NMEA UTC (Time) = Oct 10 2018  07:21:50
* NMEA baud rate = 4800
** Ship: DANA
** Average sound velocity: 1447.07 m/s
** True-depth calculation Thu, 28 Mar 2019 12:23:26 +0000
** CTD Python Module SMHI /ver 3-12/ feb 2012 
** LIMS Job: 20182601-1058
** Operator: Christian
** Cruise: 10/2018
# nquan = 26
# nvalues = 284                         
# units = specified
# name 0 = scan: Scan Count
# name 1 = prDM: Pressure, Digiquartz [db]
# name 2 = t090C: Temperature [ITS-90, deg C]
# name 3 = t190C: Temperature, 2 [ITS-90, deg C]
# name 4 = T2-T190C: Temperature Difference, 2 - 1 [ITS-90, deg C]
# name 5 = c0S/m: Conductivity [S/m]
# name 6 = c1S/m: Conductivity, 2 [S/m]
# name 7 = pumps: Pump Status
# name 8 = sbeox1ML/L: Oxygen, SBE 43, 2 [ml/l]
# name 9 = sbeox0ML/L: Oxygen, SBE 43 [ml/l]
# name 10 = altM: Altimeter [m]
# name 11 = chloroflTC0: Chlorophyll, Turner Cyclops [ug/l]
# name 12 = cpar: CPAR/Corrected Irradiance [%]
# name 13 = par: PAR/Irradiance, Biospherical/Lico [µE/(cm^2*s)]
# name 14 = spar: SPAR, Biospherical/Licor
# name 15 = sal00: Salinity, Practical [PSU]
# name 16 = sal11: Salinity, Practical, 2 [PSU]
# name 17 = secS-priS: Salinity, Practical, Difference, 2 - 1 [PSU]
# name 18 = sigma-t00: Density [sigma-t, kg/m^3 ]
# name 19 = sigma-t11: Density, 2 [sigma-t, kg/m^3 ]
# name 20 = depSM: Depth [salt water, m], lat = 58.1452
# name 21 = depFM: Depth [true depth, m], lat = 58.1452
# name 22 = dz/dtM: Descent Rate [m/s], WS = 2
# name 23 = svCM: Sound Velocity [Chen-Millero, m/s]
# name 24 = svCM1: Sound Velocity, 2 [Chen-Millero, m/s]
# name 25 = flag: flag
# span 0 =         84,      12186       
# span 1 =      2.000,    143.500       
# span 2 =     3.3523,    12.1344       
# span 3 =     3.3627,    12.1333       
# span 4 =    -0.1075,     1.0222       
# span 5 =   0.750028,   1.361343       
# span 6 =   0.752538,   1.359736       
# span 7 =          1,          1       
# span 8 =     0.0375,     7.8140       
# span 9 =     0.0411,     7.3216       
# span 10 =       1.65,      10.03      
# span 11 =     0.0159,     0.0298      
# span 12 = 3.5679e-13, 6.3536e+00      
# span 13 = 1.0000e-12, 1.7290e+01      
# span 14 = 2.6187e+02, 2.8028e+02      
# span 15 =     6.5856,    12.4286      
# span 16 =     6.5857,    12.4139      
# span 17 =    -0.1315,     0.0004      
# span 18 =     4.6031,     9.7168      
# span 19 =     4.6031,     9.7056      
# span 20 =      1.981,    142.119      
# span 21 =      2.028,    145.151      
# span 22 =     -0.096,      0.825      
# span 23 =    1428.81,    1464.11      
# span 24 =    1429.08,    1464.11      
# span 25 = 0.0000e+00, 0.0000e+00      
# interval = decibars: 0.5              
# start_time = Oct 10 2018 07:21:50 [NMEA time, first data scan]
# bad_flag = -9.990e-29
*END*
[from data line 112]
       5315     58.000     3.3694     3.4100     0.0405    0.77297    0.77249          1     7.4252     7.0871       9.97     0.0159  3.702e-13  1.000e-12  2.701e+02     7.4639     7.4496    -0.0143     5.9461     5.9340     57.454     58.779      0.491    1429.39    1429.55  0.000e+00
       5341     58.500     3.3690     3.3854     0.0164    0.77371    0.77334          1     7.3481     7.0530       9.97     0.0159  3.702e-13  1.000e-12  2.701e+02     7.4716     7.4639    -0.0076     5.9522     5.9459     57.949     59.285      0.397    1429.40    1429.47  0.000e+00
       5388     59.000     3.3874     3.3801    -0.0072    0.77493    0.77385          1     7.1961     6.9663       9.97     0.0159  3.702e-13  1.000e-12  2.701e+02     7.4799     7.4704    -0.0095     5.9585     5.9511     58.444     59.791      0.188    1429.51    1429.46  0.000e+00
       5459     59.500     3.3952     3.3985     0.0033    0.77629    0.77533          1     7.0714     6.8708       9.97     0.0159  3.702e-13  1.000e-12  2.701e+02     7.4921     7.4815    -0.0107     5.9682     5.9596     58.939     60.297      0.245    1429.56    1429.57  0.000e+00
       5504     60.000     3.3738     3.3950     0.0212    0.77657    0.77607          1     7.1164     6.7742       9.97     0.0159  3.702e-13  1.000e-12  2.701e+02     7.4999     7.4898    -0.0101     5.9747     5.9663     59.435     60.804      0.265    1429.49    1429.57  0.000e+00
       5546     60.500     3.3731     3.3894     0.0163    0.77715    0.77655          1     7.1038     6.7437       9.97     0.0159  3.702e-13  1.000e-12  2.701e+02     7.5061     7.4961    -0.0100     5.9796     5.9714     59.930     61.310      0.310    1429.50    1429.56  0.000e+00
       5588     61.000     3.3677     3.3784     0.0108    0.77767    0.77713          1     7.0446     6.7208       9.97     0.0159  3.685e-13  1.000e-12  2.714e+02     7.5126     7.5045    -0.0081     5.9849     5.9783     60.425     61.816      0.247    1429.49    1429.53  0.000e+00
       5638     61.500     3.3630     3.3782     0.0151    0.77952    0.77772          1     6.8723     6.6773       9.97     0.0159  3.674e-13  1.000e-12  2.721e+02     7.5329     7.5106    -0.0222     6.0011     5.9832     60.920     62.322      0.281    1429.50    1429.54  0.000e+00
       5676     62.000     3.3523     3.3666     0.0143    0.78075    0.77941          1     6.7515     6.5874       9.97     0.0159  3.675e-13  1.000e-12  2.721e+02     7.5480     7.5308    -0.0173     6.0133     5.9994     61.415     62.829      0.283    1429.48    1429.52  0.000e+00
       5735     62.500     3.3661     3.3627    -0.0034    0.78271    0.78044          1     6.6582     6.4303       9.97     0.0159  3.675e-13  1.000e-12  2.721e+02     7.5650     7.5423    -0.0227     6.0267     6.0087     61.911     63.335      0.250    1429.57    1429.53  0.000e+00
       5774     63.000     3.4037     3.3782    -0.0256    0.78634    0.78297          1     6.5860     6.3714       9.97     0.0159  3.675e-13  1.000e-12  2.721e+02     7.5939     7.5649    -0.0290     6.0491     6.0264     62.406     63.841      0.359    1429.79    1429.64  0.000e+00
       5829     63.500     3.4310     3.4069    -0.0241    0.79000    0.78635          1     6.4130     6.2427       9.97     0.0159  3.675e-13  1.000e-12  2.721e+02     7.6253     7.5931    -0.0322     6.0736     6.0484     62.901     64.347      0.258    1429.96    1429.81  0.000e+00
       5882     64.000     3.4656     3.4488    -0.0170    0.79492    0.79189          1     6.2205     6.1145       9.97     0.0159  3.673e-13  1.000e-12  2.722e+02     7.6681     7.6407    -0.0274     6.1071     6.0856     63.396     64.853      0.497    1430.18    1430.07  0.000e+00
       5901     64.500     3.5114     3.4807    -0.0305    0.80025    0.79574          1     6.0655     6.0155       9.97     0.0159  3.665e-13  1.000e-12  2.729e+02     7.7123     7.6730    -0.0394     6.1416     6.1108     63.892     65.360      0.511    1430.46    1430.27  0.000e+00
       5968     65.000     3.5431     3.5297    -0.0136    0.80434    0.80207          1     5.8509     5.7624       9.97     0.0159  3.647e-13  1.000e-12  2.742e+02     7.7471     7.7268    -0.0203     6.1686     6.1527     64.387     65.866      0.416    1430.66    1430.57  0.000e+00
       6014     65.500     3.5913     3.5811    -0.0102    0.81063    0.80860          1     5.7096     5.6143       9.97     0.0159  3.647e-13  1.000e-12  2.742e+02     7.8005     7.7821    -0.0185     6.2102     6.1958     64.882     66.372      0.712    1430.95    1430.88  0.000e+00
       6030     66.000     3.6361     3.6152    -0.0210    0.81609    0.81271          1     5.5353     5.5058       9.97     0.0159  3.647e-13  1.000e-12  2.742e+02     7.8462     7.8162    -0.0299     6.2457     6.2223     65.377     66.878      0.617    1431.22    1431.09  0.000e+00
       6096     66.500     3.6958     3.6595    -0.0363    0.82329    0.81826          1     5.2666     5.3377       9.97     0.0159  3.647e-13  1.000e-12  2.742e+02     7.9060     7.8629    -0.0431     6.2920     6.2584     65.872     67.384      0.503    1431.58    1431.36  0.000e+00
       6153     67.000     3.7651     3.7372    -0.0278    0.83286    0.82779          1     5.0316     5.1962       9.97     0.0159  3.647e-13  1.000e-12  2.742e+02     7.9877     7.9423    -0.0454     6.3554     6.3199     66.368     67.890      0.767    1432.01    1431.82  0.000e+00
       6176     67.500     3.8664     3.7994    -0.0672    0.84437    0.83567          1     4.6897     4.9534       9.97     0.0159  3.645e-13  1.000e-12  2.743e+02     8.0811     8.0082    -0.0729     6.4273     6.3709     66.863     68.396      0.506    1432.59    1432.19  0.000e+00
       6280     68.000     3.9320     3.8874    -0.0446    0.85340    0.84640          1     4.2094     4.5688       9.97     0.0159  3.621e-13  1.000e-12  2.762e+02     8.1578     8.0968    -0.0610     6.4865     6.4392     67.358     68.902      0.504    1432.99    1432.71  0.000e+00
       6300     68.500     4.0509     3.9432    -0.1075    0.86872    0.85360          1     3.8735     4.3126       9.97     0.0159  3.621e-13  1.000e-12  2.762e+02     8.2850     8.1569    -0.1281     6.5844     6.4855     67.853     69.408      0.530    1433.70    1433.05  0.000e+00
       6335     69.000     4.1440     4.0596    -0.0845    0.88033    0.86872          1     3.4343     3.9130       9.97     0.0159  3.621e-13  1.000e-12  2.762e+02     8.3804     8.2828    -0.0976     6.6574     6.5823     68.348     69.914      0.345    1434.25    1433.74  0.000e+00
       6439     69.500     4.2211     4.2108    -0.0102    0.89125    0.88886          1     3.0516     3.2208       9.97     0.0159  3.621e-13  1.000e-12  2.762e+02     8.4723     8.4505    -0.0218     6.7280     6.7111     68.844     70.420      0.507    1434.72    1434.64  0.000e+00
       6454     70.000     4.3042     4.2476    -0.0567    0.90290    0.89422          1     2.8161     3.0938       9.97     0.0159  3.621e-13  1.000e-12  2.762e+02     8.5697     8.4957    -0.0740     6.8026     6.7457     69.339     70.926      0.611    1435.22    1434.87  0.000e+00
       6488     70.500     4.3566     4.3040    -0.0527    0.90980    0.90218          1     2.5579     2.8532       9.97     0.0159  3.621e-13  1.000e-12  2.762e+02     8.6265     8.5623    -0.0641     6.8459     6.7968     69.834     71.432      0.411    1435.53    1435.22  0.000e+00
       6576     71.000     4.3847     4.3696    -0.0152    0.91315    0.91111          1     2.4000     2.4980       9.97     0.0159  3.621e-13  1.000e-12  2.762e+02     8.6531     8.6363    -0.0169     6.8661     6.8533     70.329     71.937      0.572    1435.70    1435.61  0.000e+00
       6592     71.500     4.4184     4.3792    -0.0391    0.91723    0.91214          1     2.3286     2.4275       9.97     0.0163  3.621e-13  1.000e-12  2.762e+02     8.6858     8.6442    -0.0416     6.8908     6.8592     70.824     72.443      0.618    1435.90    1435.67  0.000e+00
       6614     72.000     4.4466     4.4147    -0.0319    0.92044    0.91631          1     2.2360     2.3305       9.97     0.0160  3.621e-13  1.000e-12  2.762e+02     8.7111     8.6773    -0.0338     6.9099     6.8842     71.319     72.949      0.384    1436.07    1435.88  0.000e+00
       6709     72.500     4.4880     4.4494    -0.0386    0.92578    0.92100          1     2.0778     2.1044       9.97     0.0159  3.621e-13  1.000e-12  2.762e+02     8.7544     8.7159    -0.0385     6.9428     6.9136     71.815     73.455      0.262    1436.31    1436.09  0.000e+00
       6749     73.000     4.5353     4.4805    -0.0547    0.93101    0.92476          1     1.9397     2.0300       9.97     0.0159  3.621e-13  1.000e-12  2.762e+02     8.7950     8.7459    -0.0490     6.9732     6.9363     72.310     73.961      0.277    1436.58    1436.28  0.000e+00
       6792     73.500     4.5750     4.5165    -0.0587    0.93738    0.92902          1     1.7359     1.9221       9.97     0.0164  3.621e-13  1.000e-12  2.762e+02     8.8491     8.7797    -0.0694     7.0146     6.9618     72.805     74.466      0.310    1436.84    1436.49  0.000e+00
       6829     74.000     4.6597     4.5711    -0.0887    0.95224    0.93772          1     1.3550     1.7921       9.97     0.0159  3.621e-13  1.000e-12  2.762e+02     8.9771     8.8535    -0.1236     7.1128     7.0182     73.300     74.972      0.282    1437.38    1436.83  0.000e+00
       6903     74.500     4.7076     4.6582    -0.0493    0.95795    0.95064          1     1.0332     1.3362       9.97     0.0159  3.621e-13  1.000e-12  2.762e+02     9.0220     8.9612    -0.0608     7.1464     7.1002     73.795     75.478      0.330    1437.66    1437.36  0.000e+00
       6929     75.000     4.8048     4.7157    -0.0891    0.97310    0.95862          1     0.7991     1.2029       9.97     0.0159  3.621e-13  1.000e-12  2.762e+02     9.1488     9.0265    -0.1223     7.2428     7.1496     74.291     75.983      0.467    1438.26    1437.71  0.000e+00
       6958     75.500     4.9140     4.8269    -0.0871    0.98759    0.97439          1     0.5267     0.9877       9.97     0.0160  3.621e-13  1.000e-12  2.762e+02     9.2652     9.1558    -0.1094     7.3302     7.2474     74.786     76.489      0.300    1438.89    1438.37  0.000e+00
       7041     76.000     4.9670     4.9143    -0.0527    0.99548    0.98747          1     0.3425     0.5557       9.97     0.0161  3.621e-13  1.000e-12  2.762e+02     9.3300     9.2637    -0.0663     7.3791     7.3290     75.281     76.994      0.276    1439.21    1438.90  0.000e+00
       7077     76.500     5.0750     4.9709    -0.1039    1.01243    0.99649          1     0.2995     0.4442       9.97     0.0161  3.621e-13  1.000e-12  2.762e+02     9.4705     9.3390    -0.1315     7.4852     7.3861     75.776     77.500      0.307    1439.87    1439.25  0.000e+00
       7129     77.000     5.1465     5.0568    -0.0897    1.02376    1.00969          1     0.2927     0.3381       9.97     0.0160  3.621e-13  1.000e-12  2.762e+02     9.5643     9.4480    -0.1163     7.5560     7.4683     76.271     78.005      0.209    1440.31    1439.77  0.000e+00
       7181     77.500     5.2256     5.1371    -0.0884    1.03743    1.02264          1     0.2237     0.2825       9.97     0.0161  3.621e-13  1.000e-12  2.762e+02     9.6791     9.5556    -0.1234     7.6428     7.5496     76.766     78.511      0.233    1440.81    1440.27  0.000e+00
       7231     78.000     5.2850     5.1990    -0.0862    1.04695    1.03278          1     0.1739     0.2319       9.97     0.0162  3.621e-13  1.000e-12  2.762e+02     9.7574     9.6399    -0.1175     7.7018     7.6132     77.262     79.016      0.285    1441.18    1440.65  0.000e+00
       7265     78.500     5.3225     5.2465    -0.0759    1.05391    1.04113          1     0.1508     0.1929       9.97     0.0167  3.621e-13  1.000e-12  2.762e+02     9.8164     9.7101    -0.1064     7.7465     7.6663     77.757     79.522      0.375    1441.42    1440.96  0.000e+00
       7313     79.000     5.3751     5.3229    -0.0528    1.06147    1.05340          1     0.1437     0.1551       9.97     0.0168  3.627e-13  1.000e-12  2.757e+02     9.8767     9.8111    -0.0656     7.7914     7.7423     78.252     80.027      0.226    1441.73    1441.42  0.000e+00
       7391     79.500     5.4175     5.3869    -0.0306    1.06802    1.06275          1     0.1405     0.1151       9.97     0.0167  3.649e-13  1.000e-12  2.741e+02     9.9299     9.8860    -0.0439     7.8311     7.7981     78.747     80.532      0.341    1441.99    1441.80  0.000e+00
       7418     80.000     5.4520     5.4108    -0.0411    1.07452    1.06689          1     0.1382     0.1163       9.97     0.0169  3.647e-13  1.000e-12  2.742e+02     9.9848     9.9205    -0.0642     7.8726     7.8241     79.242     81.037      0.411    1442.22    1441.96  0.000e+00
       7452     80.500     5.4782     5.4416    -0.0366    1.07810    1.07241          1     0.1362     0.1132       9.97     0.0170  3.647e-13  1.000e-12  2.742e+02    10.0128     9.9666    -0.0461     7.8933     7.8588     79.737     81.543      0.275    1442.38    1442.16  0.000e+00
       7535     81.000     5.4916     5.4711    -0.0205    1.07993    1.07689          1     0.1274     0.1031       9.97     0.0167  3.647e-13  1.000e-12  2.742e+02    10.0271    10.0026    -0.0244     7.9038     7.8856     80.233     82.048      0.260    1442.46    1442.34  0.000e+00
       7582     81.500     5.5093     5.4899    -0.0193    1.08304    1.07987          1     0.1235     0.0990       9.97     0.0169  3.647e-13  1.000e-12  2.742e+02    10.0529    10.0268    -0.0261     7.9232     7.9037     80.728     82.553      0.377    1442.58    1442.46  0.000e+00
       7614     82.000     5.5391     5.5094    -0.0298    1.08734    1.08280          1     0.1210     0.0999       9.97     0.0167  3.647e-13  1.000e-12  2.742e+02    10.0869    10.0504    -0.0365     7.9484     7.9212     81.223     83.059      0.287    1442.76    1442.58  0.000e+00
       7696     82.500     5.5773     5.5451    -0.0323    1.09316    1.08799          1     0.1154     0.0970       9.97     0.0167  3.647e-13  1.000e-12  2.742e+02    10.1335    10.0915    -0.0420     7.9831     7.9517     81.718     83.564      0.260    1442.99    1442.80  0.000e+00
       7736     83.000     5.6203     5.5841    -0.0362    1.10084    1.09431          1     0.1069     0.0916       9.97     0.0169  3.647e-13  1.000e-12  2.742e+02    10.1974    10.1429    -0.0544     8.0310     7.9901     82.213     84.069      0.432    1443.26    1443.04  0.000e+00
       7761     83.500     5.6437     5.6066    -0.0371    1.10567    1.09808          1     0.1098     0.0880       9.97     0.0170  3.647e-13  1.000e-12  2.742e+02    10.2385    10.1738    -0.0646     8.0621     8.0133     82.708     84.574      0.476    1443.42    1443.18  0.000e+00
       7810     84.000     5.6621     5.6389    -0.0233    1.10930    1.10474          1     0.1058     0.0876       9.97     0.0167  3.647e-13  1.000e-12  2.742e+02    10.2691    10.2305    -0.0386     8.0852     8.0561     83.204     85.079      0.308    1443.55    1443.40  0.000e+00
       7896     84.500     5.6724     5.6650    -0.0074    1.11169    1.11009          1     0.0974     0.0859       9.97     0.0167  3.649e-13  1.000e-12  2.740e+02    10.2897    10.2760    -0.0138     8.1009     8.0905     83.699     85.585      0.442    1443.63    1443.58  0.000e+00
       7916     85.000     5.6939     5.6724    -0.0216    1.11611    1.11152          1     0.0971     0.0834       9.97     0.0168  3.649e-13  1.000e-12  2.741e+02    10.3272    10.2879    -0.0393     8.1292     8.0994     84.194     86.090      0.511    1443.77    1443.63  0.000e+00
