ctdpy/tests/etc/all_smhi_bas_2018/SBE09_1044_20181018_0134_34_01_0104.cnv
* Sea-Bird SBE 9 Data File:
* FileName = C:\LUOTAUS\DATA_IN\hex_in\SMHI\ar18d104.hex
* Software Version Seasave V 7.23.2
* Temperature SN = 5351
* Conductivity SN = 3941
* Number of Bytes Per Scan = 30
* Number of Voltage Words = 4
* Number of Scans Averaged by the Deck Unit = 1
* NMEA baud rate = 4800
** Station:  Å17
** Operator:  DBSj
** Ship: ARANDA
** Average sound velocity: 1487.15 m/s
** True-depth calculation Thu, 18 Oct 2018 03:27:05 +0000
** CTD Python Module SMHI /ver 3-12/ feb 2012 
** LIMS Job: 20183401-0104
** Cruise: SMHI-4-2018
** Latitude [GG MM.mm N]: 58 17.107 N
** Longitude [GG MM.mm E] 10 30.258 E
# nquan = 26
# nvalues = 694                         
# units = specified
# name 0 = scan: Scan Count
# name 1 = prDM: Pressure, Digiquartz [db]
# name 2 = t090C: Temperature [ITS-90, deg C]
# name 3 = t190C: Temperature, 2 [ITS-90, deg C]
# name 4 = T2-T190C: Temperature Difference, 2 - 1 [ITS-90, deg C]
# name 5 = c0S/m: Conductivity [S/m]
# name 6 = c1S/m: Conductivity, 2 [S/m]
# name 7 = pumps: Pump Status
# name 8 = sbeox0ML/L: Oxygen, SBE 43 [ml/l]
# name 9 = sbeox1ML/L: Oxygen, SBE 43, 2 [ml/l]
# name 10 = altM: Altimeter [m]
# name 11 = flECO-AFL: Chl-a Fluorescence, WET Labs ECO-AFL/FL [mg/m^3]
# name 12 = flECO-AFL1: Phycocyanin Fluorescence, WET Labs ECO-AFL/FL, 2 [mg/m^3]
# name 13 = par: PAR/Irradiance, Biospherical/Lico [µE/(cm^2*s)]
# name 14 = turbWETntu0: Turbidity, WET Labs ECO [NTU]
# name 15 = sal00: Salinity, Practical [PSU]
# name 16 = sal11: Salinity, Practical, 2 [PSU]
# name 17 = secS-priS: Salinity, Practical, Difference, 2 - 1 [PSU]
# name 18 = sigma-t00: Density [sigma-t, Kg/m^3 ]
# name 19 = sigma-t11: Density, 2 [sigma-t, Kg/m^3 ]
# name 20 = depSM: Depth [salt water, m], lat = 0
# name 21 = depFM: Depth [true depth, m], lat = 0
# name 22 = dz/dtM: Descent Rate [m/s], WS = 2
# name 23 = svCM: Sound Velocity [Chen-Millero, m/s]
# name 24 = svCM1: Sound Velocity, 2 [Chen-Millero, m/s]
# name 25 = flag: flag
# span 0 =      34817,      69608       
# span 1 =      1.500,    348.000       
# span 2 =     6.7014,    12.5909       
# span 3 =     6.7025,    12.5919       
# span 4 =    -0.0084,     0.0220       
# span 5 =   3.527814,   3.923935       
# span 6 =   3.527863,   3.924030       
# span 7 =          1,          1       
# span 8 =    5.17309,    5.89097       
# span 9 =    4.88816,    5.55965       
# span 10 =       3.58,     124.73      
# span 11 =     0.0161,     1.1200      
# span 12 =     0.1050,     0.3219      
# span 13 = -3.639e-05, 3.5119e-03      
# span 14 =     0.1591,     1.0269      
# span 15 =    33.1920,    35.1323      
# span 16 =    33.1927,    35.1314      
# span 17 =    -0.0047,     0.0194      
# span 18 =    25.0726,    27.5619      
# span 19 =    25.0728,    27.5609      
# span 20 =      1.492,    345.797      
# span 21 =      1.490,    345.104      
# span 22 =     -0.087,      0.822      
# span 23 =    1482.65,    1496.90      
# span 24 =    1482.65,    1496.90      
# span 25 = 0.0000e+00, 0.0000e+00      
# interval = decibars: 0.5              
# start_time = Oct 18 2018 01:34:43 [System UTC, header]
# bad_flag = -9.990e-29
*END*
[from data line 223]
      39979    113.000     9.0303     9.0320     0.0017    3.72644    3.72652          1     5.2027     4.9224      96.66     0.0718     0.2079  1.000e-12  0.3636000    35.0398    35.0389    -0.0009    27.1445    27.1435    112.348    112.142      0.539    1488.22    1488.22  0.000e+00
      40005    113.500     9.0294     9.0317     0.0023    3.72639    3.72651          1     5.2147     4.9215      89.76     0.0508     0.2077  1.000e-12  0.3631000    35.0399    35.0388    -0.0010    27.1447    27.1435    112.845    112.638      0.475    1488.22    1488.23  0.000e+00
      40028    114.000     9.0294     9.0313     0.0019    3.72644    3.72653          1     5.2184     4.9245      11.92     0.0808     0.2034  1.000e-12  0.3457000    35.0401    35.0392    -0.0009    27.1449    27.1439    113.342    113.133      0.575    1488.23    1488.24  0.000e+00
      40047    114.500     9.0292     9.0312     0.0021    3.72646    3.72659          1     5.2152     4.9322      59.27     0.0821     0.1927  1.000e-12  0.3506000    35.0403    35.0396    -0.0007    27.1451    27.1442    113.839    113.629      0.651    1488.24    1488.25  0.000e+00
      40065    115.000     9.0294     9.0310     0.0015    3.72652    3.72660          1     5.2184     4.9361      98.97     0.0784     0.2056  1.000e-12  0.3613000    35.0404    35.0397    -0.0007    27.1451    27.1443    114.336    114.125      0.630    1488.25    1488.25  0.000e+00
      40086    115.500     9.0262     9.0285     0.0023    3.72626    3.72640          1     5.2188     4.9329      98.71     0.0734     0.1996  1.000e-12  0.3814000    35.0406    35.0399    -0.0007    27.1458    27.1448    114.833    114.621      0.537    1488.25    1488.25  0.000e+00
      40110    116.000     9.0072     9.0075     0.0003    3.72447    3.72448          1     5.2154     4.9383      98.71     0.0732     0.1983  1.000e-12  0.3643000    35.0405    35.0402    -0.0002    27.1487    27.1485    115.330    115.117      0.497    1488.18    1488.18  0.000e+00
      40133    116.500     8.9875     8.9851    -0.0022    3.72268    3.72244          1     5.2131     4.9351      98.71     0.0917     0.2074  1.000e-12  0.3441000    35.0408    35.0407    -0.0001    27.1521    27.1525    115.827    115.612      0.581    1488.12    1488.11  0.000e+00
      40152    117.000     8.9600     8.9669     0.0068    3.72009    3.72077          1     5.2279     4.9379      16.45     0.0770     0.2072  1.000e-12  0.3603000    35.0406    35.0409     0.0003    27.1564    27.1556    116.324    116.108      0.637    1488.03    1488.05  0.000e+00
      40171    117.500     8.9102     8.9137     0.0034    3.71555    3.71584          1     5.2539     4.9616      75.19     0.0701     0.2338  1.000e-12  0.3573000    35.0417    35.0413    -0.0004    27.1653    27.1644    116.821    116.604      0.604    1487.85    1487.86  0.000e+00
      40193    118.000     8.8885     8.8932     0.0048    3.71357    3.71394          1     5.2836     4.9891      98.27     0.0751     0.2352  1.000e-12  0.3516000    35.0421    35.0414    -0.0007    27.1690    27.1677    117.318    117.100      0.516    1487.78    1487.80  0.000e+00
      40217    118.500     8.8481     8.8663     0.0180    3.70982    3.71150          1     5.3276     5.0263      98.72     0.0851     0.2043  1.000e-12  0.3476000    35.0423    35.0420    -0.0004    27.1757    27.1725    117.815    117.596      0.503    1487.64    1487.71  0.000e+00
      40240    119.000     8.7915     8.7948     0.0033    3.70483    3.70529          1     5.3840     5.0845      98.71     0.0788     0.1826  1.000e-12  0.3313000    35.0454    35.0470     0.0016    27.1871    27.1879    118.312    118.091      0.576    1487.44    1487.46  0.000e+00
      40259    119.500     8.7192     8.7218     0.0025    3.69851    3.69900          1     5.4485     5.1544      98.71     0.0692     0.1917  1.000e-12  0.3128000    35.0501    35.0527     0.0026    27.2023    27.2039    118.809    118.587      0.620    1487.19    1487.20  0.000e+00
      40279    120.000     8.6420     8.6400    -0.0019    3.69202    3.69187          1     5.4900     5.1905      98.71     0.0618     0.1787  1.000e-12  0.2750000    35.0577    35.0582     0.0004    27.2204    27.2211    119.306    119.083      0.609    1486.92    1486.91  0.000e+00
      40299    120.500     8.5939     8.6030     0.0090    3.68794    3.68872          1     5.4901     5.2029      98.71     0.0620     0.1778  1.000e-12  0.2588000    35.0621    35.0613    -0.0007    27.2314    27.2294    119.803    119.579      0.580    1486.76    1486.79  0.000e+00
      40320    121.000     8.5257     8.5173    -0.0084    3.68148    3.68099          1     5.4481     5.1793      98.71     0.0579     0.2126  1.000e-12  0.2504000    35.0610    35.0642     0.0032    27.2412    27.2450    120.300    120.074      0.563    1486.51    1486.48  0.000e+00
      40342    121.500     8.4235     8.4382     0.0148    3.67205    3.67349          1     5.4018     5.1317      34.16     0.0543     0.2346  1.000e-12  0.2463000    35.0622    35.0630     0.0008    27.2581    27.2564    120.797    120.570      0.544    1486.14    1486.19  0.000e+00
      40364    122.000     8.3298     8.3519     0.0220    3.66341    3.66565          1     5.3678     5.0913      95.59     0.0731     0.1915  1.000e-12  0.2294000    35.0633    35.0651     0.0019    27.2734    27.2714    121.294    121.066      0.552    1485.80    1485.88  0.000e+00
      40385    122.500     8.2939     8.2868    -0.0070    3.66025    3.65959          1     5.3525     5.0690      31.93     0.0822     0.1775  1.000e-12  0.2284000    35.0652    35.0652     0.0000    27.2804    27.2815    121.791    121.562      0.606    1485.67    1485.65  0.000e+00
      40404    123.000     8.2552     8.2556     0.0003    3.65670    3.65673          1     5.3458     5.0573      10.45     0.0688     0.1778  1.000e-12  0.2241000    35.0658    35.0656    -0.0002    27.2868    27.2866    122.288    122.057      0.647    1485.54    1485.54  0.000e+00
      40422    123.500     8.2334     8.2400     0.0065    3.65474    3.65535          1     5.3423     5.0528      10.59     0.0597     0.1825  1.000e-12  0.2283000    35.0663    35.0662    -0.0001    27.2905    27.2894    122.785    122.553      0.628    1485.46    1485.49  0.000e+00
      40442    124.000     8.2234     8.2259     0.0026    3.65389    3.65407          1     5.3482     5.0533      10.39     0.0524     0.1935  1.000e-12  0.2414000    35.0669    35.0663    -0.0006    27.2926    27.2917    123.282    123.049      0.540    1485.44    1485.45  0.000e+00
      40468    124.500     8.2216     8.2217     0.0001    3.65389    3.65387          1     5.3532     5.0600      82.40     0.0639     0.1839  1.000e-12  0.2473000    35.0685    35.0682    -0.0003    27.2941    27.2938    123.779    123.545      0.450    1485.44    1485.44  0.000e+00
      40495    125.000     8.2068     8.2074     0.0006    3.65265    3.65274          1     5.3449     5.0526      99.34     0.0660     0.1408  1.000e-12  0.2470000    35.0698    35.0701     0.0004    27.2974    27.2975    124.276    124.040      0.509    1485.39    1485.40  0.000e+00
      40515    125.500     8.1730     8.1810     0.0081    3.64943    3.65016          1     5.3269     5.0375      98.71     0.0818     0.2219  1.000e-12  0.2344000    35.0688    35.0686    -0.0002    27.3018    27.3004    124.773    124.536      0.644    1485.27    1485.30  0.000e+00
      40532    126.000     8.1356     8.1398     0.0044    3.64575    3.64612          1     5.3095     5.0271      98.72     0.0689     0.1922  1.000e-12  0.2497000    35.0667    35.0664    -0.0003    27.3058    27.3049    125.270    125.032      0.699    1485.14    1485.15  0.000e+00
      40549    126.500     8.1151     8.1179     0.0025    3.64372    3.64394          1     5.2959     5.0163      98.71     0.0615     0.1784  1.000e-12  0.2547000    35.0651    35.0647    -0.0004    27.3076    27.3069    125.767    125.528      0.643    1485.07    1485.08  0.000e+00
      40571    127.000     8.0785     8.0802     0.0017    3.64007    3.64025          1     5.2790     5.0011      98.71     0.0708     0.1778  1.000e-12  0.2619000    35.0623    35.0627     0.0003    27.3110    27.3110    126.263    126.023      0.502    1484.93    1484.94  0.000e+00
      40598    127.500     8.0568     8.0565    -0.0003    3.63789    3.63782          1     5.2536     4.9799      98.71     0.0962     0.1870  1.000e-12  0.2723000    35.0605    35.0600    -0.0004    27.3128    27.3125    126.760    126.519      0.483    1484.86    1484.86  0.000e+00
      40620    128.000     8.0331     8.0325    -0.0007    3.63553    3.63548          1     5.2389     4.9635      98.72     0.0733     0.2792  1.000e-12  0.2733000    35.0586    35.0587     0.0001    27.3149    27.3151    127.257    127.015      0.622    1484.78    1484.77  0.000e+00
      40637    128.500     8.0133     8.0130    -0.0003    3.63363    3.63352          1     5.2299     4.9554      98.71     0.0620     0.1889  1.000e-12  0.2719000    35.0578    35.0569    -0.0009    27.3173    27.3166    127.754    127.511      0.700    1484.71    1484.71  0.000e+00
      40654    129.000     8.0079     8.0091     0.0011    3.63309    3.63312          1     5.2250     4.9538      98.71     0.0728     0.1558  1.000e-12  0.2815000    35.0572    35.0563    -0.0009    27.3176    27.3168    128.251    128.006      0.654    1484.69    1484.70  0.000e+00
      40675    129.500     8.0021     8.0017    -0.0004    3.63248    3.63242          1     5.2214     4.9506      98.71     0.0826     0.1804  1.000e-12  0.2841000    35.0561    35.0559    -0.0003    27.3177    27.3176    128.748    128.502      0.495    1484.68    1484.68  0.000e+00
      40705    130.000     7.9757     7.9819     0.0062    3.62976    3.63030          1     5.2000     4.9329      87.99     0.0822     0.2326  1.000e-12  0.2948000    35.0531    35.0527    -0.0005    27.3193    27.3180    129.245    128.998      0.418    1484.59    1484.61  0.000e+00
      40730    130.500     7.9391     7.9438     0.0047    3.62620    3.62658          1     5.1767     4.9143      10.33     0.0770     0.2641  1.000e-12  0.3121000    35.0513    35.0506    -0.0007    27.3233    27.3221    129.742    129.493      0.585    1484.45    1484.47  0.000e+00
      40748    131.000     7.8986     7.9041     0.0056    3.62222    3.62267          1     5.1731     4.9120      76.13     0.0717     0.2231  1.000e-12  0.2853000    35.0488    35.0481    -0.0007    27.3275    27.3261    130.239    129.989      0.723    1484.31    1484.33  0.000e+00
      40763    131.500     7.8863     7.8877     0.0013    3.62114    3.62121          1     5.1849     4.9121      12.11     0.0710     0.2173  1.000e-12  0.3067000    35.0492    35.0485    -0.0006    27.3296    27.3289    130.736    130.485      0.735    1484.27    1484.27  0.000e+00
      40780    132.000     7.8757     7.8746    -0.0010    3.62012    3.61995          1     5.1928     4.9145      53.90     0.0701     0.2075  1.000e-12  0.3188000    35.0487    35.0478    -0.0008    27.3307    27.3303    131.233    130.981      0.607    1484.24    1484.23  0.000e+00
      40807    132.500     7.8638     7.8683     0.0045    3.61903    3.61935          1     5.1900     4.9174      52.83     0.0639     0.2158  1.000e-12  0.3218000    35.0486    35.0475    -0.0011    27.3325    27.3309    131.730    131.476      0.404    1484.20    1484.21  0.000e+00
      40837    133.000     7.8457     7.8559     0.0103    3.61714    3.61814          1     5.1931     4.9056     101.75     0.0633     0.1988  1.000e-12  0.3080000    35.0461    35.0466     0.0005    27.3332    27.3321    132.227    131.972      0.519    1484.14    1484.17  0.000e+00
      40856    133.500     7.8364     7.8429     0.0065    3.61629    3.61685          1     5.1963     4.8989      98.72     0.0765     0.2369  1.000e-12  0.3139000    35.0460    35.0455    -0.0004    27.3345    27.3332    132.724    132.468      0.739    1484.11    1484.13  0.000e+00
      40870    134.000     7.8320     7.8337     0.0017    3.61589    3.61595          1     5.1864     4.8916      98.71     0.0796     0.2282  1.000e-12  0.3158000    35.0459    35.0449    -0.0010    27.3351    27.3340    133.221    132.963      0.822    1484.10    1484.11  0.000e+00
      40884    134.500     7.8308     7.8325     0.0018    3.61579    3.61587          1     5.1761     4.8882      98.71     0.0823     0.2219  1.000e-12  0.3241000    35.0458    35.0450    -0.0009    27.3352    27.3343    133.718    133.459      0.780    1484.10    1484.11  0.000e+00
      40901    135.000     7.8307     7.8329     0.0022    3.61584    3.61596          1     5.1751     4.8908      98.72     0.0818     0.2556  1.000e-12  0.3338000    35.0462    35.0453    -0.0010    27.3356    27.3345    134.214    133.955      0.604    1484.11    1484.12  0.000e+00
      40929    135.500     7.8313     7.8340     0.0027    3.61599    3.61611          1     5.1787     4.8993      98.71     0.0754     0.2150  1.000e-12  0.3272000    35.0469    35.0456    -0.0014    27.3360    27.3345    134.711    134.451      0.397    1484.12    1484.13  0.000e+00
      40959    136.000     7.8334     7.8367     0.0033    3.61633    3.61656          1     5.1868     4.9044      98.71     0.0786     0.2709  1.000e-12  0.3397000    35.0483    35.0474    -0.0009    27.3367    27.3356    135.208    134.946      0.461    1484.14    1484.15  0.000e+00
      40982    136.500     7.8385     7.8421     0.0037    3.61700    3.61725          1     5.1895     4.9105      98.71     0.0730     0.2534  1.000e-12  0.3519000    35.0502    35.0492    -0.0010    27.3375    27.3362    135.705    135.442      0.555    1484.17    1484.18  0.000e+00
      41003    137.000     7.8427     7.8445     0.0017    3.61755    3.61761          1     5.1969     4.9139      98.71     0.0817     0.2240  1.000e-12  0.3391000    35.0516    35.0504    -0.0013    27.3380    27.3367    136.202    135.938      0.580    1484.20    1484.20  0.000e+00
      41023    137.500     7.8381     7.8389     0.0008    3.61709    3.61708          1     5.2034     4.9163      98.71     0.0826     0.2030  1.000e-12  0.3276000    35.0511    35.0502    -0.0009    27.3382    27.3374    136.699    136.433      0.606    1484.19    1484.19  0.000e+00
      41043    138.000     7.8327     7.8339     0.0012    3.61663    3.61658          1     5.2062     4.9206      98.71     0.0839     0.1924  1.000e-12  0.3328000    35.0512    35.0495    -0.0017    27.3392    27.3377    137.196    136.929      0.639    1484.18    1484.18  0.000e+00
      41061    138.500     7.8428     7.8420    -0.0009    3.61799    3.61771          1     5.2097     4.9290      98.71     0.0763     0.1652  1.000e-12  0.3287000    35.0554    35.0533    -0.0021    27.3410    27.3394    137.693    137.425      0.649    1484.23    1484.22  0.000e+00
      41080    139.000     7.8429     7.8442     0.0013    3.61807    3.61815          1     5.2207     4.9384      98.71     0.0636     0.1787  1.000e-12  0.3153000    35.0560    35.0555    -0.0005    27.3414    27.3408    138.190    137.921      0.599    1484.24    1484.24  0.000e+00
      41102    139.500     7.8226     7.8269     0.0043    3.61610    3.61646          1     5.2246     4.9413      98.71     0.0822     0.1882  1.000e-12  0.3158000    35.0548    35.0544    -0.0004    27.3435    27.3425    138.687    138.416      0.515    1484.16    1484.18  0.000e+00
      41126    140.000     7.8139     7.8150     0.0012    3.61522    3.61522          1     5.2097     4.9362      98.71     0.0800     0.1913  1.000e-12  0.3084000    35.0540    35.0528    -0.0012    27.3441    27.3430    139.184    138.912      0.499    1484.14    1484.14  0.000e+00
