ctdpy/tests/etc/all_smhi_bas_2018/SBE09_0827_20181013_0819_26_01_1090.cnv
* Sea-Bird SBE 9 Data File:
* FileName = D:\CTD_SBE911\DAT\26DA.2018.10.90.hex
* Software Version Seasave V 7.21d
* Temperature SN = 4548
* Conductivity SN = 3062
* Number of Bytes Per Scan = 48
* Number of Voltage Words = 5
* Number of Scans Averaged by the Deck Unit = 1
* NMEA Latitude = 55 08.23 N
* NMEA Longitude = 015 39.12 E
* NMEA UTC (Time) = Oct 13 2018  08:22:10
* NMEA baud rate = 4800
** Ship: DANA
** Average sound velocity: 1471.06 m/s
** True-depth calculation Thu, 28 Mar 2019 12:29:14 +0000
** CTD Python Module SMHI /ver 3-12/ feb 2012 
** LIMS Job: 20182601-1090
** Operator: Christian
** Cruise: 10/2018
# nquan = 26
# nvalues = 174                         
# units = specified
# name 0 = scan: Scan Count
# name 1 = prDM: Pressure, Digiquartz [db]
# name 2 = t090C: Temperature [ITS-90, deg C]
# name 3 = t190C: Temperature, 2 [ITS-90, deg C]
# name 4 = T2-T190C: Temperature Difference, 2 - 1 [ITS-90, deg C]
# name 5 = c0S/m: Conductivity [S/m]
# name 6 = c1S/m: Conductivity, 2 [S/m]
# name 7 = pumps: Pump Status
# name 8 = sbeox1ML/L: Oxygen, SBE 43, 2 [ml/l]
# name 9 = sbeox0ML/L: Oxygen, SBE 43 [ml/l]
# name 10 = altM: Altimeter [m]
# name 11 = chloroflTC0: Chlorophyll, Turner Cyclops [ug/l]
# name 12 = cpar: CPAR/Corrected Irradiance [%]
# name 13 = par: PAR/Irradiance, Biospherical/Lico [µE/(cm^2*s)]
# name 14 = spar: SPAR, Biospherical/Licor
# name 15 = sal00: Salinity, Practical [PSU]
# name 16 = sal11: Salinity, Practical, 2 [PSU]
# name 17 = secS-priS: Salinity, Practical, Difference, 2 - 1 [PSU]
# name 18 = sigma-t00: Density [sigma-t, kg/m^3 ]
# name 19 = sigma-t11: Density, 2 [sigma-t, kg/m^3 ]
# name 20 = depSM: Depth [salt water, m], lat = 55.1372
# name 21 = depFM: Depth [true depth, m], lat = 55.1372
# name 22 = dz/dtM: Descent Rate [m/s], WS = 2
# name 23 = svCM: Sound Velocity [Chen-Millero, m/s]
# name 24 = svCM1: Sound Velocity, 2 [Chen-Millero, m/s]
# name 25 = flag: flag
# span 0 =         56,       8624       
# span 1 =      1.000,     87.500       
# span 2 =     7.2411,    14.7829       
# span 3 =     7.1565,    14.7603       
# span 4 =    -0.8271,     0.8728       
# span 5 =   0.952458,   2.403254       
# span 6 =   0.954969,   2.402285       
# span 7 =          1,          1       
# span 8 =     0.2411,     6.9132       
# span 9 =     0.3316,     6.4719       
# span 10 =       0.83,       9.99      
# span 11 =     0.0159,     0.0411      
# span 12 = -2.268e-05, 8.7550e+00      
# span 13 = -3.353e-04, 1.2893e+02      
# span 14 = 1.4727e+03, 1.4970e+03      
# span 15 =     7.5850,    18.5339      
# span 16 =     7.5851,    18.5314      
# span 17 =    -0.3026,     0.3383      
# span 18 =     5.1291,    13.3755      
# span 19 =     5.1292,    13.3728      
# span 20 =      0.991,     86.692      
# span 21 =      1.013,     88.404      
# span 22 =     -0.204,      0.315      
# span 23 =    1447.79,    1488.18      
# span 24 =    1446.87,    1488.15      
# span 25 = 0.0000e+00, 0.0000e+00      
# interval = decibars: 0.5              
# start_time = Oct 13 2018 08:22:11 [NMEA time, first data scan]
# bad_flag = -9.990e-29
*END*
[from data line 112]
       5396     57.000    12.8298    12.6957    -0.1341    1.77481    1.75604          1     2.1265     2.1192       9.98     0.0160  6.736e-14  1.000e-12  1.485e+03    13.9952    13.8832    -0.1120    10.2078    10.1423     56.478     57.704      0.270    1475.75    1475.14  0.000e+00
       5444     57.500    12.9780    12.8679    -0.1100    1.79382    1.77927          1     2.0513     2.0160       9.98     0.0159  6.733e-14  1.000e-12  1.485e+03    14.1034    14.0194    -0.0839    10.2678    10.2205     56.973     58.208      0.242    1476.41    1475.92  0.000e+00
       5491     58.000    13.0457    12.9708    -0.0749    1.80206    1.79242          1     2.0244     1.9565       9.98     0.0159  6.736e-14  1.000e-12  1.484e+03    14.1487    14.0940    -0.0548    10.2919    10.2617     57.468     58.712      0.257    1476.71    1476.38  0.000e+00
       5541     58.500    13.0987    13.0381    -0.0606    1.80842    1.80101          1     1.9872     1.9117       9.98     0.0159  6.733e-14  1.000e-12  1.485e+03    14.1832    14.1424    -0.0408    10.3101    10.2883     57.964     59.217      0.234    1476.95    1476.68  0.000e+00
       5588     59.000    13.1814    13.1145    -0.0669    1.81827    1.80979          1     1.9401     1.8752       9.98     0.0159  6.736e-14  1.000e-12  1.484e+03    14.2364    14.1889    -0.0475    10.3377    10.3119     58.459     59.721      0.275    1477.31    1477.02  0.000e+00
       5633     59.500    13.2388    13.1889    -0.0499    1.82491    1.81913          1     1.9210     1.8282       9.98     0.0159  6.736e-14  1.000e-12  1.485e+03    14.2715    14.2408    -0.0307    10.3555    10.3399     58.954     60.225      0.254    1477.56    1477.35  0.000e+00
       5681     60.000    13.2839    13.2389    -0.0451    1.82989    1.82454          1     1.9201     1.8101       9.98     0.0159  6.732e-14  1.000e-12  1.485e+03    14.2970    14.2683    -0.0287    10.3678    10.3530     59.450     60.729      0.261    1477.76    1477.56  0.000e+00
       5725     60.500    13.3495    13.2922    -0.0572    1.83862    1.83085          1     1.9028     1.8041       9.98     0.0159  6.735e-14  1.000e-12  1.485e+03    14.3466    14.3019    -0.0446    10.3953    10.3703     59.945     61.233      0.270    1478.05    1477.80  0.000e+00
       5771     61.000    13.3604    13.3377    -0.0226    1.84810    1.83974          1     1.8441     1.7888       9.98     0.0159  6.728e-14  1.000e-12  1.486e+03    14.4230    14.3604    -0.0626    10.4523    10.4078     60.440     61.737      0.253    1478.19    1478.04  0.000e+00
       5819     61.500    13.2424    13.3368     0.0944    1.84580    1.84557          1     1.7683     1.7549       9.98     0.0159  6.729e-14  1.000e-12  1.486e+03    14.4478    14.4102    -0.0375    10.4905    10.4463     60.936     62.241      0.255    1477.81    1478.10  0.000e+00
       5864     62.000    13.1672    13.2343     0.0670    1.85485    1.84693          1     1.6431     1.6965       9.98     0.0160  6.733e-14  1.000e-12  1.485e+03    14.5534    14.4604    -0.0930    10.5839    10.5015     61.431     62.745      0.268    1477.68    1477.81  0.000e+00
       5911     62.500    13.1113    13.1649     0.0537    1.86008    1.85608          1     1.5733     1.5960       9.98     0.0159  6.733e-14  1.000e-12  1.485e+03    14.6195    14.5647    -0.0547    10.6438    10.5931     61.926     63.249      0.249    1477.57    1477.69  0.000e+00
       5957     63.000    12.9667    13.0753     0.1086    1.85569    1.85699          1     1.6206     1.5485       9.98     0.0159  6.727e-14  1.000e-12  1.487e+03    14.6371    14.6066    -0.0304    10.6805    10.6397     62.422     63.752      0.279    1477.09    1477.44  0.000e+00
       6001     63.500    12.6155    12.8468     0.2313    1.85638    1.85657          1     1.1755     1.4957       9.98     0.0160  6.727e-14  1.000e-12  1.487e+03    14.7790    14.6908    -0.0882    10.8451    10.7409     62.917     64.256      0.258    1476.01    1476.73  0.000e+00
       6047     64.000    12.2742    12.5890     0.3145    1.84669    1.85466          1     0.9691     1.2363       9.98     0.0159  6.727e-14  1.000e-12  1.487e+03    14.8282    14.7742    -0.0539    10.9354    10.8455     63.413     64.760      0.269    1474.86    1475.92  0.000e+00
       6092     64.500    12.0541    12.3050     0.2510    1.84429    1.84756          1     0.8668     1.0584       9.98     0.0161  6.727e-14  1.000e-12  1.487e+03    14.8940    14.8236    -0.0704    11.0195    10.9273     63.908     65.264      0.263    1474.15    1474.97  0.000e+00
       6136     65.000    11.9946    12.1181     0.1237    1.84957    1.84723          1     0.8146     0.9303       9.98     0.0159  6.721e-14  1.000e-12  1.488e+03    14.9641    14.8945    -0.0697    11.0826    11.0103     64.403     65.768      0.283    1474.02    1474.39  0.000e+00
       6180     65.500    11.9684    12.0324     0.0641    1.85416    1.85071          1     0.8080     0.8443       9.98     0.0160  6.711e-14  1.000e-12  1.490e+03    15.0149    14.9589    -0.0560    11.1257    11.0729     64.898     66.271      0.259    1474.00    1474.16  0.000e+00
       6226     66.000    11.9505    11.9926     0.0420    1.85995    1.85418          1     0.8316     0.8020       9.98     0.0159  6.713e-14  1.000e-12  1.490e+03    15.0731    15.0053    -0.0678    11.1732    11.1146     65.394     66.775      0.274    1474.01    1474.08  0.000e+00
       6272     66.500    11.9526    11.9667     0.0140    1.86756    1.86199          1     0.8248     0.7893       9.98     0.0159  6.718e-14  1.000e-12  1.489e+03    15.1393    15.0845    -0.0548    11.2241    11.1796     65.889     67.279      0.227    1474.10    1474.09  0.000e+00
       6329     67.000    12.1048    12.0017    -0.1031    1.88824    1.87282          1     0.8715     0.7846       9.98     0.0159  6.727e-14  1.000e-12  1.486e+03    15.2599    15.1658    -0.0941    11.2943    11.2372     66.384     67.782      0.230    1474.81    1474.32  0.000e+00
       6378     67.500    12.0185    12.0438     0.0254    1.88689    1.88213          1     0.8853     0.8055       9.98     0.0160  6.736e-14  1.000e-12  1.484e+03    15.2831    15.2308    -0.0523    11.3252    11.2810     66.880     68.286      0.238    1474.53    1474.56  0.000e+00
       6428     68.000    11.9694    12.0100     0.0407    1.89054    1.88551          1     0.9470     0.8205       9.98     0.0159  6.736e-14  1.000e-12  1.484e+03    15.3353    15.2742    -0.0611    11.3728    11.3196     67.375     68.789      0.260    1474.42    1474.50  0.000e+00
       6470     68.500    12.0760    12.0371    -0.0389    1.90265    1.89487          1     0.9951     0.8704       9.98     0.0161  6.727e-14  1.000e-12  1.487e+03    15.3985    15.3457    -0.0528    11.4056    11.3707     67.870     69.293      0.303    1474.89    1474.69  0.000e+00
       6511     69.000    12.0903    12.0692    -0.0211    1.91437    1.90574          1     0.9398     0.8922       9.98     0.0159  6.712e-14  1.000e-12  1.490e+03    15.4958    15.4284    -0.0674    11.4786    11.4298     68.366     69.796      0.269    1475.07    1474.91  0.000e+00
       6561     69.500    12.0946    12.0841    -0.0105    1.92595    1.91542          1     1.0528     0.9164       9.98     0.0159  6.708e-14  1.000e-12  1.491e+03    15.5961    15.5075    -0.0886    11.5554    11.4886     68.861     70.300      0.238    1475.21    1475.07  0.000e+00
       6608     70.000    11.5508    11.9100     0.3594    1.89737    1.91219          1     0.8987     0.9348       9.98     0.0159  6.717e-14  1.000e-12  1.489e+03    15.5683    15.5510    -0.0174    11.6141    11.5482     69.356     70.803      0.245    1473.20    1474.50  0.000e+00
       6662     70.500    11.2501    11.5027     0.2524    1.88574    1.89576          1     0.8312     0.8627       9.98     0.0161  6.724e-14  1.000e-12  1.487e+03    15.5903    15.5743    -0.0160    11.6749    11.6262     69.852     71.307      0.224    1472.14    1473.05  0.000e+00
       6709     71.000    11.3104    11.3730     0.0626    1.89073    1.89136          1     0.8823     0.8361       9.98     0.0163  6.730e-14  1.000e-12  1.486e+03    15.6098    15.5891    -0.0207    11.6813    11.6564     70.347     71.810      0.278    1472.39    1472.60  0.000e+00
       6752     71.500    11.3034    11.3436     0.0402    1.89091    1.89176          1     0.8938     0.8516       9.98     0.0160  6.722e-14  1.000e-12  1.488e+03    15.6142    15.6050    -0.0093    11.6858    11.6729     70.842     72.313      0.269    1472.38    1472.52  0.000e+00
       6797     72.000    11.0618    11.2922     0.2307    1.87792    1.89017          1     0.8126     0.8690       9.98     0.0161  6.710e-14  1.000e-12  1.490e+03    15.5986    15.6122     0.0136    11.7075    11.6858     71.338     72.817      0.275    1471.48    1472.34  0.000e+00
       6840     72.500    10.2723    10.9685     0.6964    1.83599    1.87298          1     0.5820     0.8221       9.98     0.0160  6.708e-14  1.000e-12  1.491e+03    15.5504    15.5932     0.0428    11.7768    11.7164     71.833     73.320      0.280    1468.47    1471.13  0.000e+00
       6886     73.000     9.3370    10.2105     0.8728    1.79059    1.83434          1     0.3265     0.6503       9.98     0.0160  6.707e-14  1.000e-12  1.491e+03    15.5284    15.5615     0.0331    11.8764    11.7933     72.328     73.823      0.238    1464.88    1468.26  0.000e+00
       6941     73.500     9.1242     9.4295     0.3056    1.79329    1.80013          1     0.2411     0.4259       9.98     0.0161  6.716e-14  1.000e-12  1.489e+03    15.6465    15.5783    -0.0681    11.9938    11.9045     72.824     74.327      0.216    1464.21    1465.31  0.000e+00
       6990     74.000     9.4613     9.3144    -0.1470    1.83021    1.80258          1     0.3539     0.3316       9.98     0.0163  6.726e-14  1.000e-12  1.487e+03    15.8477    15.6513    -0.1964    12.1102    11.9751     73.319     74.830      0.272    1465.76    1464.96  0.000e+00
       7036     74.500     9.8378     9.5631    -0.2741    1.85718    1.83308          1     0.4558     0.3445       9.98     0.0164  6.724e-14  1.000e-12  1.487e+03    15.9352    15.8299    -0.1053    12.1317    12.0839     73.814     75.333      0.251    1467.32    1466.14  0.000e+00
       7081     75.000     9.8929     9.7846    -0.1086    1.86144    1.85193          1     0.4762     0.3904       9.98     0.0170  6.709e-14  1.000e-12  1.490e+03    15.9506    15.9093    -0.0413    12.1367    12.1183     74.310     75.836      0.288    1467.56    1467.09  0.000e+00
       7122     75.500    10.1505     9.9162    -0.2342    1.88255    1.86267          1     0.5903     0.4111       9.98     0.0169  6.708e-14  1.000e-12  1.491e+03    16.0334    15.9516    -0.0818    12.1678    12.1345     74.805     76.339      0.278    1468.64    1467.66  0.000e+00
       7169     76.000    10.7816    10.2247    -0.5587    1.93537    1.88671          1     1.0118     0.4935       9.98     0.0170  6.700e-14  1.000e-12  1.492e+03    16.2404    16.0392    -0.2012    12.2429    12.1626     75.300     76.843      0.249    1471.27    1468.94  0.000e+00
       7217     76.500    11.9130    11.0846    -0.8271    2.03149    1.95723          1     1.7156     0.8073       9.98     0.0165  6.708e-14  1.000e-12  1.491e+03    16.6089    16.3063    -0.3026    12.3647    12.2519     75.795     77.346      0.246    1475.87    1472.48  0.000e+00
       7272     77.000    12.3664    11.9335    -0.4327    2.06999    2.03074          1     1.8780     1.3350       9.98     0.0160  6.716e-14  1.000e-12  1.489e+03    16.7498    16.5931    -0.1567    12.4037    12.3495     76.291     77.849      0.208    1477.68    1475.93  0.000e+00
       7322     77.500    12.6067    12.3260    -0.2808    2.09953    2.06610          1     1.9178     1.5630       9.98     0.0160  6.721e-14  1.000e-12  1.488e+03    16.9030    16.7332    -0.1698    12.4837    12.3971     76.786     78.352      0.268    1478.72    1477.52  0.000e+00
       7368     78.000    12.9610    12.6411    -0.3198    2.15119    2.10664          1     2.1751     1.6887       9.98     0.0162  6.713e-14  1.000e-12  1.490e+03    17.1966    16.9499    -0.2467    12.6523    12.5142     77.281     78.855      0.262    1480.33    1478.91  0.000e+00
       7412     78.500    13.1857    12.9550    -0.2306    2.19446    2.15214          1     2.3792     1.8895       9.93     0.0161  6.707e-14  1.000e-12  1.491e+03    17.4717    17.2074    -0.2643    12.8268    12.6616     77.777     79.357      0.268    1481.45    1480.33  0.000e+00
       7458     79.000    13.4150    13.2107    -0.2044    2.23243    2.19789          1     2.5705     2.0921       9.51     0.0165  6.695e-14  1.000e-12  1.494e+03    17.6961    17.4899    -0.2062    12.9608    12.8367     78.272     79.860      0.259    1482.52    1481.56  0.000e+00
       7507     79.500    13.6003    13.4326    -0.1677    2.26124    2.23345          1     2.7543     2.2998       8.97     0.0167  6.697e-14  1.000e-12  1.493e+03    17.8595    17.6967    -0.1628    13.0546    12.9582     78.767     80.363      0.227    1483.36    1482.59  0.000e+00
       7561     80.000    13.8197    13.6865    -0.1332    2.29172    2.27151          1     2.9365     2.5199       8.47     0.0166  6.706e-14  1.000e-12  1.491e+03    18.0201    17.9080    -0.1121    13.1399    13.0770     79.263     80.866      0.226    1484.31    1483.72  0.000e+00
       7617     80.500    13.8994    13.8507    -0.0488    2.30396    2.29613          1     2.9845     2.6762       7.97     0.0163  6.718e-14  1.000e-12  1.488e+03    18.0881    18.0436    -0.0445    13.1781    13.1525     79.758     81.368      0.215    1484.67    1484.45  0.000e+00
       7665     81.000    14.0059    13.9268    -0.0791    2.31565    2.30581          1     3.0790     2.7365       7.49     0.0167  6.711e-14  1.000e-12  1.490e+03    18.1384    18.0911    -0.0474    13.1979    13.1756     80.253     81.871      0.275    1485.10    1484.78  0.000e+00
       7710     81.500    14.2248    14.0580    -0.1667    2.33773    2.31939          1     3.2783     2.8153       6.99     0.0165  6.697e-14  1.000e-12  1.493e+03    18.2245    18.1459    -0.0786    13.2248    13.1944     80.748     82.374      0.263    1485.95    1485.30  0.000e+00
       7754     82.000    14.4834    14.2873    -0.1960    2.36456    2.34204          1     3.4860     2.9726       6.50     0.0166  6.689e-14  1.000e-12  1.495e+03    18.3313    18.2318    -0.0995    13.2598    13.2191     81.244     82.876      0.279    1486.96    1486.18  0.000e+00
       7803     82.500    14.6904    14.5640    -0.1262    2.38752    2.37212          1     3.5619     3.1862       5.96     0.0163  6.689e-14  1.000e-12  1.495e+03    18.4284    18.3575    -0.0709    13.2961    13.2651     81.739     83.379      0.209    1487.78    1487.27  0.000e+00
       7861     83.000    14.7829    14.7528    -0.0302    2.39763    2.39287          1     3.5141     3.2845       5.45     0.0162  6.694e-14  1.000e-12  1.494e+03    18.4701    18.4441    -0.0260    13.3109    13.2966     82.234     83.881      0.229    1488.15    1488.01  0.000e+00
       7913     83.500    14.7658    14.7573    -0.0086    2.40296    2.39979          1     3.4732     3.2691       4.96     0.0168  6.704e-14  1.000e-12  1.492e+03    18.5231    18.5003    -0.0228    13.3547    13.3389     82.730     84.384      0.210    1488.16    1488.10  0.000e+00
       7969     84.000    14.7695    14.7584    -0.0111    2.40325    2.40211          1     3.4810     3.2615       4.47     0.0168  6.699e-14  1.000e-12  1.493e+03    18.5237    18.5193    -0.0044    13.3545    13.3532     83.225     84.886      0.252    1488.18    1488.14  0.000e+00
