ctdpy/tests/etc/all_smhi_bas_2018/SBE09_1044_20180418_1652_34_07_0017.cnv
* Sea-Bird SBE 9 Data File:
* FileName = C:\ctd\temp\2018\AU18D017.hex
* Software Version Seasave V 7.26.6.26
* Temperature SN = 5351
* Conductivity SN = 3941
* Number of Bytes Per Scan = 41
* Number of Voltage Words = 4
* Number of Scans Averaged by the Deck Unit = 1
* NMEA Latitude = 56 38.01 N
* NMEA Longitude = 019 35.08 E
* NMEA UTC (Time) = Apr 18 2018  16:52:46
* NMEA baud rate = 4800
** Station:  BY10
** Operator:  SSip
** Ship: AURA
** Average sound velocity: 1437.69 m/s
** True-depth calculation Wed, 18 Apr 2018 17:49:26 +0000
** CTD Python Module SMHI /ver 3-12/ feb 2012 
** LIMS Job: 20183407-0017
** Cruise: SMHI-01-2018
** Latitude [GG MM.mm N] :
** Longitude [GG MM.mm E]:
# nquan = 26
# nvalues = 273                         
# units = specified
# name 0 = scan: Scan Count
# name 1 = prDM: Pressure, Digiquartz [db]
# name 2 = t090C: Temperature [ITS-90, deg C]
# name 3 = t190C: Temperature, 2 [ITS-90, deg C]
# name 4 = T2-T190C: Temperature Difference, 2 - 1 [ITS-90, deg C]
# name 5 = c0S/m: Conductivity [S/m]
# name 6 = c1S/m: Conductivity, 2 [S/m]
# name 7 = pumps: Pump Status
# name 8 = sbeox0ML/L: Oxygen, SBE 43 [ml/l]
# name 9 = sbeox1ML/L: Oxygen, SBE 43, 2 [ml/l]
# name 10 = altM: Altimeter [m]
# name 11 = flECO-AFL: Chl-a Fluorescence, WET Labs ECO-AFL/FL [mg/m^3]
# name 12 = flECO-AFL1: Phycocyanin Fluorescence, WET Labs ECO-AFL/FL, 2 [mg/m^3]
# name 13 = par: PAR/Irradiance, Biospherical/Lico [µE/(cm^2*s)]
# name 14 = turbWETntu0: Turbidity, WET Labs ECO [NTU]
# name 15 = sal00: Salinity, Practical [PSU]
# name 16 = sal11: Salinity, Practical, 2 [PSU]
# name 17 = secS-priS: Salinity, Practical, Difference, 2 - 1 [PSU]
# name 18 = sigma-t00: Density [sigma-t, Kg/m^3 ]
# name 19 = sigma-t11: Density, 2 [sigma-t, Kg/m^3 ]
# name 20 = depSM: Depth [salt water, m], lat = 56.6335
# name 21 = depFM: Depth [true depth, m], lat = 56.6335
# name 22 = dz/dtM: Descent Rate [m/s], WS = 2
# name 23 = svCM: Sound Velocity [Chen-Millero, m/s]
# name 24 = svCM1: Sound Velocity, 2 [Chen-Millero, m/s]
# name 25 = flag: flag
# span 0 =       6645,      12777       
# span 1 =      1.000,    137.000       
# span 2 =     2.6732,     6.8981       
# span 3 =     2.6719,     6.8984       
# span 4 =    -0.0306,     0.0479       
# span 5 =   0.753219,   1.413282       
# span 6 =   0.753302,   1.413217       
# span 7 =          1,          1       
# span 8 =    0.04017,    9.97615       
# span 9 =    0.03855,    9.84668       
# span 10 =       4.04,      98.66      
# span 11 =     0.2500,     5.6912      
# span 12 =     0.1693,     1.1097      
# span 13 = -1.221e-06, 1.9588e+03      
# span 14 =     0.1128,     0.8791      
# span 15 =     7.3955,    12.8873      
# span 16 =     7.3947,    12.8866      
# span 17 =    -0.0178,     0.0003      
# span 18 =     5.8898,    10.0649      
# span 19 =     5.8894,    10.0643      
# span 20 =      0.991,    135.701      
# span 21 =      1.013,    138.502      
# span 22 =     -0.132,      0.739      
# span 23 =    1425.90,    1452.57      
# span 24 =    1425.92,    1452.57      
# span 25 = 0.0000e+00, 0.0000e+00      
# interval = decibars: 0.5              
# start_time = Apr 18 2018 16:52:46 [NMEA time, first data scan]
# bad_flag = -9.990e-29
*END*
[from data line 223]
      11611    112.500     6.8883     6.8915     0.0031    1.35299    1.35308          1     0.6413     0.6061      29.68     0.2794     0.2010  1.000e-12  0.1884000    12.2732    12.2730    -0.0003     9.5775     9.5770    111.440    113.792      0.552    1451.70    1451.71  0.000e+00
      11633    113.000     6.7578     6.7604     0.0027    1.34848    1.34858          1     0.4705     0.4135      29.16     0.2858     0.2244  1.000e-12  0.1921000    12.2752    12.2754     0.0001     9.5894     9.5893    111.935    114.296      0.538    1451.16    1451.17  0.000e+00
      11655    113.500     6.6980     6.6991     0.0011    1.34739    1.34737          1     0.2967     0.2468      28.67     0.2830     0.2429  1.000e-12  0.2073000    12.2858    12.2853    -0.0005     9.6023     9.6018    112.430    114.801      0.525    1450.94    1450.94  0.000e+00
      11679    114.000     6.6633     6.6657     0.0023    1.34777    1.34777          1     0.2179     0.1943      28.13     0.2720     0.1950  1.000e-12  0.2509000    12.3019    12.3011    -0.0008     9.6176     9.6168    112.925    115.305      0.494    1450.82    1450.83  0.000e+00
      11704    114.500     6.6249     6.6257     0.0009    1.34753    1.34750          1     0.2178     0.2136      27.55     0.2632     0.1919  1.000e-12  0.2485000    12.3132    12.3125    -0.0006     9.6295     9.6289    113.420    115.810      0.484    1450.68    1450.68  0.000e+00
      11728    115.000     6.6177     6.6183     0.0006    1.34829    1.34824          1     0.2420     0.2429      27.10     0.2726     0.2047  1.000e-12  0.2453000    12.3232    12.3225    -0.0007     9.6378     9.6373    113.916    116.314      0.523    1450.67    1450.67  0.000e+00
      11750    115.500     6.6170     6.6174     0.0004    1.34957    1.34953          1     0.2557     0.2537      26.55     0.2615     0.2071  1.000e-12  0.1665000    12.3360    12.3354    -0.0006     9.6480     9.6475    114.411    116.818      0.571    1450.69    1450.69  0.000e+00
      11770    116.000     6.6213     6.6217     0.0003    1.35073    1.35068          1     0.2545     0.2502      26.08     0.2621     0.2151  1.000e-12  0.1563000    12.3458    12.3452    -0.0006     9.6554     9.6548    114.906    117.323      0.585    1450.73    1450.73  0.000e+00
      11791    116.500     6.6279     6.6281     0.0001    1.35243    1.35232          1     0.2458     0.2360      25.56     0.2767     0.2184  1.000e-12  0.1755000    12.3602    12.3591    -0.0011     9.6662     9.6653    115.401    117.827      0.545    1450.79    1450.78  0.000e+00
      11815    117.000     6.6396     6.6401     0.0005    1.35549    1.35541          1     0.2219     0.2045      24.99     0.2749     0.1832  1.000e-12  0.1708000    12.3861    12.3852    -0.0010     9.6856     9.6848    115.896    118.332      0.480    1450.87    1450.87  0.000e+00
      11841    117.500     6.6514     6.6517     0.0004    1.35829    1.35820          1     0.1870     0.1718      24.47     0.2698     0.2252  1.000e-12  0.1760000    12.4095    12.4085    -0.0010     9.7031     9.7022    116.391    118.836      0.464    1450.96    1450.96  0.000e+00
      11866    118.000     6.6578     6.6583     0.0005    1.36005    1.36003          1     0.1635     0.1502      23.93     0.2598     0.1935  1.000e-12  0.1910000    12.4245    12.4241    -0.0004     9.7144     9.7140    116.887    119.340      0.524    1451.01    1451.02  0.000e+00
      11887    118.500     6.6618     6.6622     0.0003    1.36158    1.36151          1     0.1510     0.1377      23.44     0.2627     0.2212  1.000e-12  0.1977000    12.4381    12.4373    -0.0008     9.7247     9.7241    117.382    119.845      0.586    1451.06    1451.06  0.000e+00
      11907    119.000     6.6696     6.6695    -0.0001    1.36462    1.36449          1     0.1318     0.1208      22.94     0.2848     0.1994  1.000e-12  0.2117000    12.4653    12.4640    -0.0013     9.7455     9.7444    117.877    120.349      0.589    1451.13    1451.13  0.000e+00
      11928    119.500     6.6793     6.6793     0.0001    1.36767    1.36758          1     0.1047     0.0892      22.42     0.2729     0.1984  1.000e-12  0.2221000    12.4918    12.4909    -0.0009     9.7656     9.7649    118.372    120.853      0.532    1451.21    1451.21  0.000e+00
      11953    120.000     6.6843     6.6848     0.0004    1.36918    1.36913          1     0.0827     0.0684      21.86     0.3652     0.2058  1.000e-12  0.2409000    12.5048    12.5042    -0.0006     9.7754     9.7749    118.867    121.358      0.481    1451.26    1451.26  0.000e+00
      11978    120.500     6.6950     6.6952     0.0003    1.37163    1.37155          1     0.0661     0.0560      21.35     0.2777     0.2071  1.000e-12  0.2465000    12.5251    12.5242    -0.0009     9.7905     9.7897    119.362    121.862      0.491    1451.33    1451.33  0.000e+00
      12001    121.000     6.7016     6.7019     0.0003    1.37377    1.37372          1     0.0597     0.0551      20.81     0.2848     0.2006  1.000e-12  0.2307000    12.5437    12.5431    -0.0007     9.8046     9.8041    119.857    122.366      0.518    1451.39    1451.39  0.000e+00
      12024    121.500     6.7054     6.7058     0.0004    1.37497    1.37494          1     0.0604     0.0533      20.30     0.2682     0.1811  1.000e-12  0.2134000    12.5541    12.5537    -0.0004     9.8125     9.8121    120.352    122.871      0.537    1451.43    1451.43  0.000e+00
      12046    122.000     6.7106     6.7108     0.0002    1.37664    1.37657          1     0.0565     0.0498      19.78     0.2801     0.2292  1.000e-12  0.4237000    12.5685    12.5679    -0.0007     9.8234     9.8228    120.848    123.375      0.555    1451.48    1451.48  0.000e+00
      12067    122.500     6.7182     6.7184     0.0002    1.37879    1.37874          1     0.0555     0.0494      19.27     0.2930     0.2205  1.000e-12  0.4687000    12.5870    12.5864    -0.0006     9.8373     9.8368    121.343    123.879      0.559    1451.54    1451.54  0.000e+00
      12089    123.000     6.7223     6.7227     0.0004    1.37993    1.37992          1     0.0543     0.0500      18.75     0.2990     0.2113  1.000e-12  0.3839000    12.5967    12.5964    -0.0003     9.8446     9.8443    121.838    124.384      0.541    1451.58    1451.58  0.000e+00
      12112    123.500     6.7253     6.7257     0.0004    1.38101    1.38097          1     0.0540     0.0510      18.24     0.2999     0.2174  1.000e-12  0.4412000    12.6062    12.6056    -0.0006     9.8518     9.8513    122.333    124.888      0.499    1451.61    1451.61  0.000e+00
      12137    124.000     6.7299     6.7303     0.0004    1.38246    1.38241          1     0.0557     0.0485      17.70     0.3038     0.2293  1.000e-12  0.4891000    12.6186    12.6181    -0.0005     9.8612     9.8607    122.828    125.392      0.480    1451.65    1451.65  0.000e+00
      12162    124.500     6.7359     6.7362     0.0003    1.38402    1.38396          1     0.0540     0.0520      17.19     0.3224     0.2354  1.000e-12  0.4934000    12.6318    12.6312    -0.0006     9.8711     9.8705    123.323    125.897      0.511    1451.70    1451.70  0.000e+00
      12184    125.000     6.7436     6.7438     0.0001    1.38642    1.38637          1     0.0556     0.0509      16.69     0.3096     0.2393  1.000e-12  0.4138000    12.6526    12.6521    -0.0005     9.8868     9.8863    123.818    126.401      0.554    1451.77    1451.77  0.000e+00
      12205    125.500     6.7484     6.7486     0.0002    1.38796    1.38793          1     0.0570     0.0470      16.20     0.3202     0.2217  1.000e-12  0.4778000    12.6660    12.6656    -0.0004     9.8970     9.8966    124.313    126.905      0.582    1451.81    1451.81  0.000e+00
      12226    126.000     6.7504     6.7508     0.0005    1.38875    1.38872          1     0.0527     0.0470      15.68     0.3150     0.2081  1.000e-12  0.6665000    12.6729    12.6725    -0.0004     9.9022     9.9018    124.809    127.409      0.560    1451.84    1451.84  0.000e+00
      12248    126.500     6.7521     6.7525     0.0004    1.38992    1.38988          1     0.0505     0.0488      15.14     0.3173     0.2249  1.000e-12  0.8247000    12.6838    12.6832    -0.0006     9.9106     9.9101    125.304    127.914      0.492    1451.87    1451.87  0.000e+00
      12274    127.000     6.7585     6.7587     0.0002    1.39200    1.39192          1     0.0517     0.0489      14.57     0.3241     0.2145  1.000e-12  0.8791000    12.7019    12.7010    -0.0009     9.9243     9.9236    125.799    128.418      0.471    1451.92    1451.92  0.000e+00
      12299    127.500     6.7664     6.7666     0.0001    1.39440    1.39432          1     0.0495     0.0461      14.09     0.3123     0.2212  1.000e-12  0.8663000    12.7225    12.7218    -0.0008     9.9399     9.9393    126.294    128.922      0.524    1451.99    1451.99  0.000e+00
      12321    128.000     6.7728     6.7730     0.0002    1.39668    1.39664          1     0.0506     0.0469      13.59     0.3035     0.2171  1.000e-12  0.8324000    12.7427    12.7422    -0.0005     9.9552     9.9548    126.789    129.426      0.552    1452.05    1452.05  0.000e+00
      12342    128.500     6.7774     6.7776     0.0002    1.39840    1.39835          1     0.0492     0.0495      13.07     0.3107     0.2072  1.000e-12  0.7723000    12.7578    12.7573    -0.0005     9.9667     9.9663    127.284    129.931      0.545    1452.10    1452.10  0.000e+00
      12365    129.000     6.7859     6.7861     0.0002    1.40088    1.40082          1     0.0497     0.0471      12.57     0.3119     0.2085  1.000e-12  0.7698000    12.7791    12.7785    -0.0006     9.9827     9.9822    127.779    130.435      0.540    1452.17    1452.17  0.000e+00
      12387    129.500     6.7884     6.7889     0.0006    1.40230    1.40227          1     0.0499     0.0459      12.06     0.3102     0.2306  1.000e-12  0.5328000    12.7921    12.7917    -0.0005     9.9928     9.9923    128.274    130.939      0.538    1452.20    1452.20  0.000e+00
      12409    130.000     6.7890     6.7894     0.0004    1.40328    1.40324          1     0.0491     0.0457      11.54     0.3228     0.1964  1.000e-12  0.6386000    12.8015    12.8010    -0.0005    10.0001     9.9996    128.770    131.443      0.513    1452.22    1452.22  0.000e+00
      12434    130.500     6.7914     6.7919     0.0004    1.40457    1.40454          1     0.0489     0.0438      11.02     0.3126     0.2158  1.000e-12  0.6310000    12.8133    12.8127    -0.0005    10.0091    10.0087    129.265    131.948      0.483    1452.26    1452.26  0.000e+00
      12459    131.000     6.7925     6.7930     0.0005    1.40572    1.40570          1     0.0471     0.0456      10.51     0.3198     0.1880  1.000e-12  0.6492000    12.8241    12.8238    -0.0004    10.0176    10.0172    129.760    132.452      0.508    1452.28    1452.28  0.000e+00
      12481    131.500     6.7934     6.7938     0.0004    1.40615    1.40613          1     0.0458     0.0450      10.00     0.3405     0.2176  1.000e-12  0.7348000    12.8279    12.8276    -0.0003    10.0205    10.0202    130.255    132.956      0.561    1452.30    1452.30  0.000e+00
      12502    132.000     6.7942     6.7947     0.0005    1.40638    1.40637          1     0.0449     0.0445       9.49     0.3480     0.2424  1.000e-12  0.7338000    12.8298    12.8295    -0.0002    10.0219    10.0216    130.750    133.460      0.572    1452.31    1452.31  0.000e+00
      12523    132.500     6.7943     6.7948     0.0005    1.40645    1.40645          1     0.0457     0.0453       8.98     0.3398     0.2405  1.000e-12  0.6804000    12.8303    12.8301    -0.0002    10.0223    10.0221    131.245    133.964      0.535    1452.32    1452.32  0.000e+00
      12547    133.000     6.7955     6.7959     0.0004    1.40685    1.40683          1     0.0463     0.0452       8.43     0.3312     0.2362  1.000e-12  0.6410000    12.8338    12.8334    -0.0003    10.0249    10.0246    131.740    134.469      0.490    1452.34    1452.34  0.000e+00
      12572    133.500     6.7977     6.7981     0.0004    1.40732    1.40729          1     0.0462     0.0458       7.90     0.3556     0.2690  1.000e-12  0.5981000    12.8374    12.8370    -0.0004    10.0276    10.0272    132.235    134.973      0.481    1452.36    1452.36  0.000e+00
      12596    134.000     6.7995     6.8000     0.0005    1.40792    1.40790          1     0.0457     0.0451       7.40     0.3440     0.2066  1.000e-12  0.5897000    12.8426    12.8422    -0.0004    10.0315    10.0311    132.730    135.477      0.511    1452.38    1452.38  0.000e+00
      12619    134.500     6.8005     6.8009     0.0004    1.40851    1.40848          1     0.0457     0.0452       6.91     0.3345     0.2583  1.000e-12  0.5643000    12.8480    12.8476    -0.0004    10.0356    10.0353    133.225    135.981      0.537    1452.40    1452.40  0.000e+00
      12641    135.000     6.8027     6.8031     0.0004    1.40903    1.40902          1     0.0453     0.0435       6.41     0.3225     0.2634  1.000e-12  0.5745000    12.8522    12.8519    -0.0002    10.0388    10.0385    133.721    136.486      0.555    1452.42    1452.43  0.000e+00
      12662    135.500     6.8057     6.8061     0.0004    1.40962    1.40962          1     0.0445     0.0424       5.91     0.3329     0.2473  1.000e-12  0.5558000    12.8568    12.8567    -0.0002    10.0422    10.0420    134.216    136.990      0.556    1452.45    1452.45  0.000e+00
      12684    136.000     6.8134     6.8135     0.0001    1.41099    1.41095          1     0.0437     0.0447       5.40     0.3273     0.2367  1.000e-12  0.5124000    12.8674    12.8669    -0.0005    10.0499    10.0495    134.711    137.494      0.521    1452.50    1452.50  0.000e+00
      12709    136.500     6.8204     6.8207     0.0002    1.41328    1.41322          1     0.0417     0.0430       4.86     0.3155     0.2277  1.000e-12  0.4243000    12.8873    12.8866    -0.0007    10.0649    10.0643    135.206    137.998      0.461    1452.57    1452.57  0.000e+00
      12777    137.000     6.8174     6.8130    -0.0044    1.41268    1.41144          1     0.0402     0.0386       4.04     0.3050     0.2097  1.000e-12  0.4732000    12.8824    12.8717    -0.0106    10.0613    10.0533    135.701    138.502     -0.132    1452.56    1452.52  0.000e+00
