ctdpy/tests/etc/all_smhi_bas_2018/SBE09_0827_20181006_0018_26_01_1021.cnv
* Sea-Bird SBE 9 Data File:
* FileName = D:\CTD_SBE911\DAT\26DA.2018.10.21.hex
* Software Version Seasave V 7.21d
* Temperature SN = 4548
* Conductivity SN = 3062
* Number of Bytes Per Scan = 48
* Number of Voltage Words = 5
* Number of Scans Averaged by the Deck Unit = 1
* NMEA Latitude = 57 06.86 N
* NMEA Longitude = 017 42.14 E
* NMEA UTC (Time) = Oct 06 2018  00:20:41
* NMEA baud rate = 4800
** Ship: DANA
** Average sound velocity: 1448.33 m/s
** True-depth calculation Thu, 28 Mar 2019 12:18:22 +0000
** CTD Python Module SMHI /ver 3-12/ feb 2012 
** LIMS Job: 20182601-1021
** Operator: Christian A-KTh
** Cruise: 10/2018
# nquan = 26
# nvalues = 198                         
# units = specified
# name 0 = scan: Scan Count
# name 1 = prDM: Pressure, Digiquartz [db]
# name 2 = t090C: Temperature [ITS-90, deg C]
# name 3 = t190C: Temperature, 2 [ITS-90, deg C]
# name 4 = T2-T190C: Temperature Difference, 2 - 1 [ITS-90, deg C]
# name 5 = c0S/m: Conductivity [S/m]
# name 6 = c1S/m: Conductivity, 2 [S/m]
# name 7 = pumps: Pump Status
# name 8 = sbeox1ML/L: Oxygen, SBE 43, 2 [ml/l]
# name 9 = sbeox0ML/L: Oxygen, SBE 43 [ml/l]
# name 10 = altM: Altimeter [m]
# name 11 = chloroflTC0: Chlorophyll, Turner Cyclops [ug/l]
# name 12 = cpar: CPAR/Corrected Irradiance [%]
# name 13 = par: PAR/Irradiance, Biospherical/Lico [µE/(cm^2*s)]
# name 14 = spar: SPAR, Biospherical/Licor
# name 15 = sal00: Salinity, Practical [PSU]
# name 16 = sal11: Salinity, Practical, 2 [PSU]
# name 17 = secS-priS: Salinity, Practical, Difference, 2 - 1 [PSU]
# name 18 = sigma-t00: Density [sigma-t, kg/m^3 ]
# name 19 = sigma-t11: Density, 2 [sigma-t, kg/m^3 ]
# name 20 = depSM: Depth [salt water, m], lat = 57.1143
# name 21 = depFM: Depth [true depth, m], lat = 57.1143
# name 22 = dz/dtM: Descent Rate [m/s], WS = 2
# name 23 = svCM: Sound Velocity [Chen-Millero, m/s]
# name 24 = svCM1: Sound Velocity, 2 [Chen-Millero, m/s]
# name 25 = flag: flag
# span 0 =        295,      10772       
# span 1 =      1.500,    100.000       
# span 2 =     3.9599,    12.5529       
# span 3 =     3.9064,    12.5529       
# span 4 =    -0.5376,     0.0358       
# span 5 =   0.777522,   1.163149       
# span 6 =   0.778446,   1.163163       
# span 7 =          1,          1       
# span 8 =     0.0312,     7.2230       
# span 9 =     0.0417,     6.7976       
# span 10 =       1.57,       9.97      
# span 11 =     0.0159,     0.0311      
# span 12 = -1.496e+02, 6.5437e+03      
# span 13 = 1.0000e-12, 1.0000e-12      
# span 14 = 1.8979e+00, 2.0338e+00      
# span 15 =     6.8618,    10.7447      
# span 16 =     6.8621,    10.7448      
# span 17 =    -0.0002,     0.0696      
# span 18 =     4.7501,     8.4488      
# span 19 =     4.7502,     8.4488      
# span 20 =      1.486,     99.057      
# span 21 =      1.521,    101.184      
# span 22 =     -0.060,      0.455      
# span 23 =    1431.65,    1465.63      
# span 24 =    1431.44,    1465.63      
# span 25 = 0.0000e+00, 0.0000e+00      
# interval = decibars: 0.5              
# start_time = Oct 06 2018 00:20:41 [NMEA time, first data scan]
# bad_flag = -9.990e-29
*END*
        295      1.500    12.5513    12.5519     0.0005    0.91160    0.91163          1     6.9615     6.4817       9.97     0.0289  4.924e-11  1.000e-12  2.031e+00     6.8622     6.8624     0.0002     4.7506     4.7506      1.486      1.521      0.381    1465.39    1465.39  0.000e+00
        475      2.000    12.5516    12.5518     0.0002    0.91161    0.91164          1     6.9633     6.4686       9.97     0.0281  4.924e-11  1.000e-12  2.031e+00     6.8622     6.8625     0.0002     4.7505     4.7507      1.982      2.027      0.339    1465.40    1465.40  0.000e+00
        524      2.500    12.5516    12.5518     0.0002    0.91161    0.91165          1     6.9672     6.4585       9.97     0.0282  4.924e-11  1.000e-12  2.031e+00     6.8622     6.8625     0.0003     4.7505     4.7507      2.477      2.534      0.376    1465.41    1465.41  0.000e+00
        576      3.000    12.5513    12.5518     0.0005    0.91161    0.91165          1     6.9652     6.4853       9.97     0.0292  4.924e-11  1.000e-12  2.031e+00     6.8622     6.8624     0.0003     4.7505     4.7507      2.972      3.041      0.304    1465.41    1465.42  0.000e+00
        609      3.500    12.5505    12.5514     0.0008    0.91160    0.91165          1     6.9575     6.4926       9.97     0.0287  4.924e-11  1.000e-12  2.031e+00     6.8622     6.8625     0.0003     4.7506     4.7507      3.468      3.548      0.322    1465.42    1465.42  0.000e+00
        693      4.000    12.5508    12.5511     0.0002    0.91162    0.91165          1     6.9627     6.4715       9.97     0.0298  4.924e-11  1.000e-12  2.031e+00     6.8622     6.8625     0.0002     4.7507     4.7508      3.963      4.055      0.433    1465.43    1465.43  0.000e+00
        714      4.500    12.5508    12.5511     0.0003    0.91161    0.91166          1     6.9657     6.4771       9.97     0.0289  4.924e-11  1.000e-12  2.031e+00     6.8622     6.8625     0.0003     4.7506     4.7508      4.459      4.562      0.417    1465.44    1465.44  0.000e+00
        775      5.000    12.5488    12.5502     0.0014    0.91157    0.91164          1     6.9516     6.4846       9.97     0.0300  4.924e-11  1.000e-12  2.031e+00     6.8621     6.8624     0.0003     4.7508     4.7509      4.954      5.069      0.253    1465.44    1465.44  0.000e+00
        815      5.500    12.5473    12.5477     0.0004    0.91153    0.91158          1     6.9604     6.4857       9.97     0.0293  4.924e-11  1.000e-12  2.031e+00     6.8621     6.8623     0.0003     4.7510     4.7511      5.449      5.575      0.321    1465.44    1465.44  0.000e+00
        872      6.000    12.5492    12.5495     0.0003    0.91157    0.91160          1     6.9632     6.4873       9.97     0.0311  4.924e-11  1.000e-12  2.031e+00     6.8620     6.8622     0.0002     4.7507     4.7508      5.945      6.082      0.252    1465.45    1465.46  0.000e+00
        911      6.500    12.5492    12.5502     0.0010    0.91157    0.91162          1     6.9619     6.4949       9.97     0.0306  4.924e-11  1.000e-12  2.031e+00     6.8619     6.8622     0.0002     4.7506     4.7507      6.440      6.589      0.316    1465.46    1465.47  0.000e+00
        974      7.000    12.5496    12.5498     0.0002    0.91158    0.91162          1     6.9556     6.4896       9.97     0.0301  4.924e-11  1.000e-12  2.031e+00     6.8619     6.8622     0.0003     4.7506     4.7507      6.936      7.096      0.245    1465.47    1465.47  0.000e+00
       1014      7.500    12.5495    12.5499     0.0004    0.91159    0.91163          1     6.9500     6.4871       9.97     0.0293  4.924e-11  1.000e-12  2.031e+00     6.8619     6.8622     0.0003     4.7506     4.7507      7.431      7.603      0.388    1465.48    1465.48  0.000e+00
       1048      8.000    12.5499    12.5508     0.0010    0.91160    0.91165          1     6.9487     6.4941       9.97     0.0298  4.924e-11  1.000e-12  2.031e+00     6.8619     6.8621     0.0003     4.7505     4.7506      7.926      8.110      0.305    1465.49    1465.49  0.000e+00
       1094      8.500    12.5507    12.5519     0.0012    0.91163    0.91169          1     6.9603     6.4953       9.97     0.0296  4.924e-11  1.000e-12  2.031e+00     6.8619     6.8622     0.0003     4.7504     4.7504      8.422      8.617      0.247    1465.50    1465.51  0.000e+00
       1140      9.000    12.5511    12.5518     0.0006    0.91164    0.91169          1     6.9647     6.4990       9.97     0.0302  4.924e-11  1.000e-12  2.031e+00     6.8619     6.8621     0.0003     4.7503     4.7504      8.917      9.123      0.281    1465.51    1465.51  0.000e+00
       1181      9.500    12.5512    12.5510    -0.0002    0.91165    0.91167          1     6.9597     6.4939       9.97     0.0285  4.924e-11  1.000e-12  2.031e+00     6.8619     6.8621     0.0003     4.7503     4.7505      9.412      9.630      0.291    1465.52    1465.52  0.000e+00
       1224     10.000    12.5497    12.5498     0.0001    0.91162    0.91165          1     6.9594     6.4961       9.97     0.0281  4.924e-11  1.000e-12  2.031e+00     6.8619     6.8621     0.0003     4.7505     4.7507      9.908     10.137      0.267    1465.52    1465.52  0.000e+00
       1269     10.500    12.5500    12.5506     0.0006    0.91163    0.91168          1     6.9608     6.4900       9.97     0.0278  4.924e-11  1.000e-12  2.031e+00     6.8619     6.8621     0.0003     4.7505     4.7506     10.403     10.644      0.276    1465.53    1465.53  0.000e+00
       1313     11.000    12.5508    12.5510     0.0002    0.91165    0.91169          1     6.9623     6.4801       9.97     0.0279  4.924e-11  1.000e-12  2.031e+00     6.8618     6.8622     0.0003     4.7503     4.7506     10.899     11.151      0.254    1465.54    1465.54  0.000e+00
       1362     11.500    12.5515    12.5516     0.0000    0.91168    0.91171          1     6.9627     6.4789       9.97     0.0281  4.924e-11  1.000e-12  2.031e+00     6.8618     6.8621     0.0003     4.7502     4.7505     11.394     11.658      0.267    1465.55    1465.55  0.000e+00
       1401     12.000    12.5516    12.5522     0.0007    0.91168    0.91173          1     6.9447     6.4909       9.97     0.0281  4.924e-11  1.000e-12  2.031e+00     6.8618     6.8621     0.0003     4.7502     4.7504     11.889     12.165      0.337    1465.56    1465.56  0.000e+00
       1440     12.500    12.5522    12.5527     0.0006    0.91170    0.91175          1     6.9537     6.4903       9.97     0.0283  4.924e-11  1.000e-12  2.031e+00     6.8619     6.8622     0.0003     4.7502     4.7503     12.385     12.672      0.247    1465.57    1465.57  0.000e+00
       1501     13.000    12.5526    12.5529     0.0003    0.91172    0.91175          1     6.9558     6.4878       9.97     0.0285  4.924e-11  1.000e-12  2.031e+00     6.8618     6.8621     0.0003     4.7501     4.7502     12.880     13.178      0.260    1465.58    1465.58  0.000e+00
       1537     13.500    12.5529    12.5524    -0.0005    0.91173    0.91176          1     6.9549     6.4967       9.97     0.0289  4.924e-11  1.000e-12  2.031e+00     6.8619     6.8622     0.0004     4.7501     4.7504     13.375     13.685      0.336    1465.59    1465.59  0.000e+00
       1581     14.000    12.5484    12.5469    -0.0015    0.91170    0.91173          1     6.9500     6.4898       9.97     0.0284  4.924e-11  1.000e-12  2.031e+00     6.8624     6.8629     0.0005     4.7511     4.7517     13.871     14.192      0.204    1465.58    1465.58  0.000e+00
       1645     14.500    12.5484    12.5484     0.0000    0.91171    0.91176          1     6.9590     6.4880       9.97     0.0278  4.924e-11  1.000e-12  2.031e+00     6.8624     6.8628     0.0004     4.7511     4.7514     14.366     14.699      0.317    1465.59    1465.59  0.000e+00
       1673     15.000    12.5490    12.5498     0.0008    0.91173    0.91178          1     6.9655     6.4850       9.97     0.0272  4.924e-11  1.000e-12  2.031e+00     6.8624     6.8627     0.0003     4.7510     4.7511     14.862     15.206      0.408    1465.60    1465.60  0.000e+00
       1713     15.500    12.5502    12.5505     0.0003    0.91174    0.91178          1     6.9638     6.4862       9.97     0.0273  4.924e-11  1.000e-12  2.031e+00     6.8622     6.8625     0.0003     4.7507     4.7509     15.357     15.713      0.238    1465.61    1465.61  0.000e+00
       1782     16.000    12.5478    12.5474    -0.0004    0.91173    0.91176          1     6.9578     6.4855       9.97     0.0277  4.924e-11  1.000e-12  2.031e+00     6.8625     6.8629     0.0003     4.7513     4.7516     15.852     16.220      0.320    1465.61    1465.61  0.000e+00
       1814     16.500    12.5450    12.5446    -0.0004    0.91170    0.91174          1     6.9531     6.4903       9.97     0.0295  4.924e-11  1.000e-12  2.031e+00     6.8628     6.8631     0.0004     4.7519     4.7522     16.348     16.726      0.337    1465.61    1465.61  0.000e+00
       1859     17.000    12.5468    12.5484     0.0016    0.91173    0.91179          1     6.9530     6.4951       9.97     0.0285  4.924e-11  1.000e-12  2.031e+00     6.8626     6.8628     0.0002     4.7515     4.7514     16.843     17.233      0.219    1465.62    1465.63  0.000e+00
       1913     17.500    12.5457    12.5452    -0.0006    0.91172    0.91175          1     6.9586     6.4935       9.97     0.0274  4.924e-11  1.000e-12  2.031e+00     6.8627     6.8630     0.0004     4.7517     4.7520     17.338     17.740      0.276    1465.63    1465.63  0.000e+00
       1950     18.000    12.5371    12.5331    -0.0040    0.91160    0.91159          1     6.9574     6.4958       9.97     0.0281  4.924e-11  1.000e-12  2.031e+00     6.8632     6.8639     0.0007     4.7533     4.7544     17.834     18.247      0.341    1465.61    1465.59  0.000e+00
       1989     18.500    12.5244    12.5255     0.0011    0.91142    0.91150          1     6.9637     6.4920       9.97     0.0281  4.924e-11  1.000e-12  2.031e+00     6.8641     6.8644     0.0004     4.7557     4.7558     18.329     18.754      0.272    1465.57    1465.57  0.000e+00
       2040     19.000    12.5115    12.5093    -0.0022    0.91124    0.91127          1     6.9591     6.4950       9.97     0.0281  4.924e-11  1.000e-12  2.031e+00     6.8649     6.8655     0.0006     4.7581     4.7588     18.824     19.261      0.222    1465.53    1465.52  0.000e+00
       2092     19.500    12.5013    12.4957    -0.0055    0.91111    0.91109          1     6.9667     6.5019       9.97     0.0277  4.924e-11  1.000e-12  2.031e+00     6.8656     6.8665     0.0008     4.7601     4.7615     19.320     19.768      0.278    1465.50    1465.48  0.000e+00
       2127     20.000    12.4653    12.4511    -0.0142    0.91058    0.91047          1     6.9625     6.4989       9.97     0.0289  4.924e-11  1.000e-12  2.031e+00     6.8678     6.8695     0.0017     4.7666     4.7699     19.815     20.274      0.342    1465.38    1465.33  0.000e+00
       2178     20.500    12.4223    12.4043    -0.0180    0.90999    0.90982          1     6.9730     6.5130       9.97     0.0291  4.924e-11  1.000e-12  2.031e+00     6.8708     6.8726     0.0018     4.7748     4.7787     20.311     20.781      0.214    1465.23    1465.17  0.000e+00
       2231     21.000    12.3780    12.3733    -0.0049    0.90936    0.90942          1     6.9730     6.5173       9.97     0.0293  4.924e-11  1.000e-12  2.031e+00     6.8737     6.8750     0.0013     4.7830     4.7847     20.806     21.288      0.357    1465.08    1465.07  0.000e+00
       2262     21.500    12.3000    12.2784    -0.0217    0.90821    0.90807          1     6.9710     6.5125       9.97     0.0291  4.924e-11  1.000e-12  2.031e+00     6.8784     6.8812     0.0028     4.7972     4.8023     21.301     21.795      0.371    1464.81    1464.74  0.000e+00
       2301     22.000    12.1933    12.1539    -0.0393    0.90669    0.90630          1     6.9862     6.5376       9.97     0.0289  4.924e-11  1.000e-12  2.031e+00     6.8854     6.8895     0.0040     4.8169     4.8253     21.797     22.302      0.265    1464.43    1464.29  0.000e+00
       2354     22.500    12.0441    12.0394    -0.0048    0.90455    0.90472          1     7.0146     6.5453       9.97     0.0286  4.924e-11  1.000e-12  2.031e+00     6.8953     6.8975     0.0023     4.8442     4.8466     22.292     22.809      0.230    1463.90    1463.89  0.000e+00
       2396     23.000    11.9126    11.8742    -0.0384    0.90270    0.90238          1     7.0189     6.5543       9.97     0.0293  4.924e-11  1.000e-12  2.031e+00     6.9042     6.9086     0.0044     4.8683     4.8767     22.787     23.315      0.331    1463.43    1463.30  0.000e+00
       2433     23.500    11.7869    11.7579    -0.0290    0.90093    0.90073          1     7.0478     6.5881       9.97     0.0299  4.924e-11  1.000e-12  2.031e+00     6.9127     6.9164     0.0037     4.8911     4.8977     23.283     23.822      0.300    1462.98    1462.88  0.000e+00
       2479     24.000    11.5772    11.5158    -0.0612    0.89768    0.89724          1     7.0378     6.5800       9.97     0.0294  4.924e-11  1.000e-12  2.031e+00     6.9246     6.9323     0.0077     4.9269     4.9406     23.778     24.329      0.212    1462.22    1462.00  0.000e+00
       2542     24.500    11.0705    10.9747    -0.0963    0.89016    0.88919          1     7.0194     6.5907       9.97     0.0291  4.924e-11  1.000e-12  2.031e+00     6.9565     6.9663     0.0099     5.0138     5.0330     24.273     24.836      0.283    1460.36    1460.01  0.000e+00
       2572     25.000    10.8959    10.8692    -0.0264    0.88748    0.88747          1     7.0508     6.5998       9.97     0.0288  4.924e-11  1.000e-12  2.031e+00     6.9668     6.9717     0.0050     5.0425     5.0495     24.769     25.342      0.434    1459.71    1459.62  0.000e+00
       2602     25.500    10.8777    10.8557    -0.0220    0.88747    0.88747          1     7.0687     6.6001       9.97     0.0281  4.924e-11  1.000e-12  2.031e+00     6.9700     6.9742     0.0042     5.0472     5.0530     25.264     25.849      0.325    1459.66    1459.58  0.000e+00
       2673     26.000    10.8561    10.8353    -0.0208    0.88767    0.88763          1     7.0496     6.5911       9.97     0.0279  4.924e-11  1.000e-12  2.031e+00     6.9758     6.9794     0.0036     5.0542     5.0594     25.759     26.356      0.293    1459.59    1459.52  0.000e+00
       2708     26.500    10.8209    10.8049    -0.0160    0.88730    0.88731          1     7.0296     6.5760       9.97     0.0266  4.924e-11  1.000e-12  2.031e+00     6.9793     6.9824     0.0031     5.0610     5.0653     26.255     26.863      0.422    1459.47    1459.41  0.000e+00
       2739     27.000    10.7782    10.7618    -0.0164    0.88669    0.88670          1     7.0182     6.5613       9.97     0.0256  4.924e-11  1.000e-12  2.031e+00     6.9821     6.9854     0.0032     5.0682     5.0726     26.750     27.369      0.292    1459.32    1459.26  0.000e+00
       2808     27.500    10.7613    10.7521    -0.0092    0.88675    0.88682          1     6.9903     6.5442       9.97     0.0245  4.924e-11  1.000e-12  2.031e+00     6.9858     6.9881     0.0024     5.0730     5.0759     27.245     27.876      0.280    1459.26    1459.23  0.000e+00
       2843     28.000    10.7176    10.7043    -0.0134    0.88655    0.88663          1     6.9611     6.5200       9.97     0.0245  4.924e-11  1.000e-12  2.031e+00     6.9924     6.9956     0.0032     5.0831     5.0872     27.741     28.383      0.360    1459.11    1459.07  0.000e+00
       2881     28.500    10.6549    10.6345    -0.0204    0.88554    0.88531          1     6.9625     6.5159       9.97     0.0238  4.924e-11  1.000e-12  2.031e+00     6.9957     6.9976     0.0020     5.0929     5.0968     28.236     28.889      0.288    1458.89    1458.81  0.000e+00
