ctdpy/tests/etc/all_smhi_bas_2018/SBE09_0827_20180823_1639_26_01_0870.cnv
* Sea-Bird SBE 9 Data File:
* FileName = D:\CTD_SBE911\DAT\26DA.2018.8.70.hex
* Software Version Seasave V 7.21d
* Temperature SN = 034605
* Conductivity SN = 041844
* Number of Bytes Per Scan = 48
* Number of Voltage Words = 5
* Number of Scans Averaged by the Deck Unit = 1
* NMEA Latitude = 58 00.51 N
* NMEA Longitude = 009 49.63 E
* NMEA UTC (Time) = Aug 23 2018  16:41:51
* NMEA baud rate = 4800
** Ship: DANA
** Average sound velocity: 1487.29 m/s
** True-depth calculation Thu, 28 Mar 2019 09:26:06 +0000
** CTD Python Module SMHI /ver 3-12/ feb 2012 
** LIMS Job: 20182601-0870
**  27 N HIRTSHALS
** Operator: Christian
** Cruise: 08/2018
# nquan = 26
# nvalues = 285                         
# units = specified
# name 0 = scan: Scan Count
# name 1 = prDM: Pressure, Digiquartz [db]
# name 2 = t090C: Temperature [ITS-90, deg C]
# name 3 = t190C: Temperature, 2 [ITS-90, deg C]
# name 4 = T2-T190C: Temperature Difference, 2 - 1 [ITS-90, deg C]
# name 5 = c0S/m: Conductivity [S/m]
# name 6 = c1S/m: Conductivity, 2 [S/m]
# name 7 = pumps: Pump Status
# name 8 = sbeox1ML/L: Oxygen, SBE 43, 2 [ml/l]
# name 9 = sbeox0ML/L: Oxygen, SBE 43 [ml/l]
# name 10 = altM: Altimeter [m]
# name 11 = chloroflTC0: Chlorophyll, Turner Cyclops [ug/l]
# name 12 = cpar: CPAR/Corrected Irradiance [%]
# name 13 = par: PAR/Irradiance, Biospherical/Lico [µE/(cm^2*s)]
# name 14 = spar: SPAR, Biospherical/Licor
# name 15 = sal00: Salinity, Practical [PSU]
# name 16 = sal11: Salinity, Practical, 2 [PSU]
# name 17 = secS-priS: Salinity, Practical, Difference, 2 - 1 [PSU]
# name 18 = sigma-t00: Density [sigma-t, kg/m^3 ]
# name 19 = sigma-t11: Density, 2 [sigma-t, kg/m^3 ]
# name 20 = depSM: Depth [salt water, m], lat = 58.0085
# name 21 = depFM: Depth [true depth, m], lat = 58.0085
# name 22 = dz/dtM: Descent Rate [m/s], WS = 2
# name 23 = svCM: Sound Velocity [Chen-Millero, m/s]
# name 24 = svCM1: Sound Velocity, 2 [Chen-Millero, m/s]
# name 25 = flag: flag
# span 0 =        340,      13402       
# span 1 =      1.500,    143.500       
# span 2 =     6.9075,    17.4993       
# span 3 =     6.9050,    17.4907       
# span 4 =    -1.6241,     0.3871       
# span 5 =   3.536675,   4.313972       
# span 6 =   3.536139,   4.312934       
# span 7 =          1,          1       
# span 8 =     4.8959,     6.5652       
# span 9 =     4.9150,     6.3457       
# span 10 =      -0.12,       9.98      
# span 11 =     0.0374,     0.3195      
# span 12 = -1.364e-05, 7.8813e+00      
# span 13 = -1.330e-05, 8.0028e+00      
# span 14 = 7.1079e+01, 1.0154e+02      
# span 15 =    31.4063,    35.1249      
# span 16 =    31.4147,    35.1524      
# span 17 =    -0.7189,     0.1750      
# span 18 =    22.6451,    27.5207      
# span 19 =    22.6508,    27.5243      
# span 20 =      1.486,    142.121      
# span 21 =      1.494,    142.374      
# span 22 =     -0.586,      0.539      
# span 23 =    1480.32,    1511.95      
# span 24 =    1480.32,    1511.95      
# span 25 = 0.0000e+00, 0.0000e+00      
# interval = decibars: 0.5              
# start_time = Aug 23 2018 16:41:52 [NMEA time, first data scan]
# bad_flag = -9.990e-29
*END*
        340      1.500    17.4837    17.4861     0.0023    4.11924    4.12080          1     5.8283     5.5249       9.98     0.1339  7.881e+00  8.003e+00  1.015e+02    31.4084    31.4199     0.0115    22.6466    22.6548      1.486      1.494      0.122    1510.20    1510.22  0.000e+00
        382      2.000    17.4880    17.4840    -0.0040    4.12017    4.12014          1     5.8007     5.5386       9.98     0.1299  6.960e+00  7.067e+00  1.015e+02    31.4128    31.4156     0.0029    22.6489    22.6520      1.981      1.992      0.406    1510.23    1510.22  0.000e+00
        410      2.500    17.4936    17.4864    -0.0072    4.12174    4.12026          1     5.8015     5.5390       9.98     0.1332  6.043e+00  6.137e+00  1.015e+02    31.4217    31.4147    -0.0070    22.6544    22.6508      2.477      2.490      0.314    1510.26    1510.23  0.000e+00
        485      3.000    17.4831    17.4897     0.0066    4.11899    4.12138          1     5.8157     5.5498       9.98     0.1306  5.369e+00  5.452e+00  1.015e+02    31.4063    31.4215     0.0152    22.6451    22.6551      2.972      2.988      0.234    1510.22    1510.26  0.000e+00
        526      3.500    17.4827    17.4879     0.0052    4.11899    4.12103          1     5.8381     5.5415       9.98     0.1359  4.968e+00  5.044e+00  1.015e+02    31.4064    31.4197     0.0133    22.6453    22.6542      3.468      3.486      0.303    1510.23    1510.26  0.000e+00
        566      4.000    17.4839    17.4869     0.0031    4.11946    4.12085          1     5.7847     5.5337       9.98     0.1360  4.605e+00  4.676e+00  1.015e+02    31.4093    31.4188     0.0095    22.6472    22.6538      3.963      3.984      0.284    1510.24    1510.26  0.000e+00
        612      4.500    17.4909    17.4861    -0.0048    4.12174    4.12064          1     5.8308     5.5486       9.98     0.1381  4.433e+00  4.502e+00  1.015e+02    31.4231    31.4175    -0.0056    22.6561    22.6530      4.458      4.482      0.250    1510.29    1510.27  0.000e+00
        657      5.000    17.4915    17.4879    -0.0036    4.12213    4.12110          1     5.8394     5.5419       9.98     0.1363  4.017e+00  4.075e+00  1.014e+02    31.4258    31.4199    -0.0059    22.6580    22.6544      4.954      4.980      0.300    1510.30    1510.29  0.000e+00
        697      5.500    17.4909    17.4896    -0.0013    4.12217    4.12172          1     5.8102     5.5461       9.98     0.1357  3.737e+00  3.794e+00  1.015e+02    31.4264    31.4236    -0.0028    22.6586    22.6568      5.449      5.478      0.281    1510.31    1510.30  0.000e+00
        744      6.000    17.4900    17.4907     0.0007    4.12212    4.12225          1     5.8386     5.5420       9.98     0.1339  3.399e+00  3.451e+00  1.015e+02    31.4265    31.4271     0.0006    22.6589    22.6592      5.944      5.976      0.244    1510.32    1510.32  0.000e+00
        791      6.500    17.4816    17.4907     0.0091    4.12160    4.12251          1     5.8647     5.5320       9.98     0.1370  3.140e+00  3.188e+00  1.015e+02    31.4284    31.4291     0.0006    22.6624    22.6607      6.440      6.474      0.271    1510.30    1510.33  0.000e+00
        832      7.000    17.4568    17.4883     0.0315    4.12203    4.12252          1     5.8188     5.5472       9.98     0.1458  2.859e+00  2.904e+00  1.015e+02    31.4511    31.4309    -0.0202    22.6856    22.6627      6.935      6.972      0.305    1510.26    1510.33  0.000e+00
        874      7.500    17.4053    17.4838     0.0785    4.13571    4.12246          1     5.8329     5.5430       9.98     0.1551  2.605e+00  2.643e+00  1.015e+02    31.6076    31.4337    -0.1739    22.8175    22.6659      7.430      7.470      0.252    1510.29    1510.33  0.000e+00
        926      8.000    17.3762    17.4659     0.0896    4.16575    4.12412          1     5.7930     5.5367       9.98     0.1606  2.401e+00  2.438e+00  1.015e+02    31.8864    31.4615    -0.4249    23.0379    22.6914      7.926      7.968      0.246    1510.53    1510.32  0.000e+00
        969      8.500    17.4021    17.4363     0.0341    4.20945    4.13365          1     5.7869     5.5373       9.98     0.1676  2.177e+00  2.211e+00  1.015e+02    32.2392    31.5655    -0.6737    23.3019    22.7780      8.421      8.465      0.304    1511.02    1510.36  0.000e+00
       1009      9.000    17.4701    17.4168    -0.0532    4.24513    4.15599          1     5.8121     5.5345       9.98     0.1665  1.998e+00  2.029e+00  1.015e+02    32.4898    31.7709    -0.7189    23.4777    22.9399      8.916      8.963      0.285    1511.52    1510.54  0.000e+00
       1055      9.500    17.4972    17.4265    -0.0707    4.25706    4.19067          1     5.8291     5.5250       9.98     0.1614  1.837e+00  1.866e+00  1.015e+02    32.5698    32.0591    -0.5108    23.5326    23.1582      9.412      9.461      0.238    1511.70    1510.90  0.000e+00
       1107     10.000    17.4993    17.4470    -0.0523    4.26139    4.22024          1     5.8255     5.5381       9.98     0.1538  1.710e+00  1.734e+00  1.014e+02    32.6049    32.2951    -0.3098    23.5590    23.3341      9.907      9.958      0.259    1511.75    1511.24  0.000e+00
       1146     10.500    17.4839    17.4688    -0.0150    4.26950    4.23774          1     5.8106     5.5447       9.98     0.1554  1.584e+00  1.604e+00  1.012e+02    32.6865    32.4271    -0.2594    23.6251    23.4300     10.402     10.456      0.328    1511.81    1511.47  0.000e+00
       1186     11.000    17.4549    17.4756     0.0207    4.27141    4.25093          1     5.8370     5.5533       9.98     0.1583  1.455e+00  1.475e+00  1.014e+02    32.7260    32.5342    -0.1918    23.6623    23.5105     10.898     10.953      0.256    1511.77    1511.62  0.000e+00
       1240     11.500    17.3741    17.4727     0.0987    4.27948    4.26293          1     5.8140     5.5619       9.98     0.1587  1.367e+00  1.378e+00  1.009e+02    32.8605    32.6390    -0.2215    23.7846    23.5914     11.393     11.451      0.233    1511.69    1511.74  0.000e+00
       1285     12.000    17.2726    17.3891     0.1165    4.29509    4.27371          1     5.8424     5.5789       9.98     0.1563  1.268e+00  1.271e+00  1.002e+02    33.0771    32.7986    -0.2786    23.9746    23.7335     11.888     11.948      0.287    1511.65    1511.68  0.000e+00
       1326     12.500    17.3199    17.3604     0.0405    4.30992    4.28311          1     5.8407     5.5761       9.97     0.1732  1.165e+00  1.160e+00  9.961e+01    33.1657    32.9024    -0.2634    24.0313    23.8199     12.384     12.445      0.286    1511.90    1511.72  0.000e+00
       1372     13.000    17.3194    17.3412     0.0219    4.31207    4.29416          1     5.8409     5.5767       9.97     0.1756  1.086e+00  1.081e+00  9.959e+01    33.1845    33.0127    -0.1718    24.0458    23.9090     12.879     12.943      0.239    1511.93    1511.79  0.000e+00
       1424     13.500    17.3149    17.3276     0.0127    4.31248    4.30078          1     5.8409     5.5608       9.97     0.1922  9.992e-01  9.943e-01  9.951e+01    33.1916    33.0805    -0.1111    24.0523    23.9641     13.374     13.440      0.248    1511.93    1511.84  0.000e+00
       1468     14.000    17.3115    17.3209     0.0094    4.31331    4.30820          1     5.8425     5.5676       9.97     0.2047  9.102e-01  9.058e-01  9.951e+01    33.2012    33.1496    -0.0516    24.0605    24.0187     13.870     13.937      0.279    1511.94    1511.91  0.000e+00
       1514     14.500    17.3113    17.3187     0.0074    4.31397    4.31029          1     5.8467     5.5748       9.97     0.1903  8.495e-01  8.454e-01  9.951e+01    33.2069    33.1692    -0.0377    24.0649    24.0342     14.365     14.435      0.248    1511.95    1511.93  0.000e+00
       1560     15.000    17.3021    17.3124     0.0103    4.31354    4.31283          1     5.8643     5.5525       9.97     0.1731  7.928e-01  7.889e-01  9.951e+01    33.2106    33.1960    -0.0146    24.0699    24.0563     14.860     14.932      0.279    1511.94    1511.95  0.000e+00
       1604     15.500    17.2636    17.2920     0.0284    4.31110    4.31293          1     5.8603     5.5767       9.97     0.1838  7.146e-01  7.111e-01  9.951e+01    33.2211    33.2135    -0.0076    24.0871    24.0745     15.356     15.429      0.250    1511.84    1511.92  0.000e+00
       1654     16.000    17.1663    17.2729     0.1066    4.30560    4.31209          1     5.8437     5.6088       9.97     0.1891  6.582e-01  6.541e-01  9.938e+01    33.2536    33.2217    -0.0319    24.1351    24.0854     15.851     15.926      0.257    1511.60    1511.88  0.000e+00
       1698     16.500    17.0283    17.1758     0.1476    4.29779    4.30744          1     5.8565     5.6567       9.97     0.1924  6.148e-01  6.118e-01  9.951e+01    33.2997    33.2614    -0.0383    24.2029    24.1388     16.346     16.424      0.276    1511.24    1511.64  0.000e+00
       1741     17.000    16.8384    17.0942     0.2558    4.28624    4.30306          1     5.8946     5.7271       9.97     0.1979  5.564e-01  5.537e-01  9.951e+01    33.3568    33.2907    -0.0661    24.2912    24.1805     16.842     16.921      0.271    1510.74    1511.44  0.000e+00
       1788     17.500    16.5677    16.9551     0.3871    4.27133    4.29527          1     5.9406     5.8505       9.97     0.2081  5.005e-01  4.980e-01  9.951e+01    33.4521    33.3382    -0.1140    24.4273    24.2497     17.337     17.418      0.249    1510.04    1511.08  0.000e+00
       1836     18.000    16.3445    16.6653     0.3210    4.25824    4.28159          1     6.0398     5.9212       9.97     0.2059  4.637e-01  4.612e-01  9.947e+01    33.5244    33.4601    -0.0642    24.5341    24.4108     17.832     17.915      0.256    1509.45    1510.35  0.000e+00
       1881     18.500    15.6111    15.9449     0.3339    4.22229    4.24615          1     6.1606     6.1675       9.97     0.2174  4.206e-01  4.186e-01  9.951e+01    33.8286    33.7560    -0.0725    24.9340    24.8030     18.328     18.412      0.276    1507.54    1508.49  0.000e+00
       1924     19.000    14.8133    15.0789     0.2650    4.17667    4.20198          1     6.3462     6.2983       9.97     0.2491  3.683e-01  3.665e-01  9.951e+01    34.1082    34.1063    -0.0018    25.3245    25.2653     18.823     18.909      0.270    1505.35    1506.19  0.000e+00
       1971     19.500    14.1783    14.3613     0.1832    4.12879    4.15120          1     6.5312     6.3457       9.97     0.2762  3.296e-01  3.279e-01  9.951e+01    34.2276    34.2724     0.0448    25.5528    25.5486     19.318     19.406      0.256    1503.47    1504.11  0.000e+00
       2016     20.000    13.8600    14.0189     0.1589    4.09596    4.11862          1     6.5652     6.1340       9.97     0.3195  2.956e-01  2.941e-01  9.951e+01    34.2055    34.2748     0.0693    25.6022    25.6226     19.814     19.902      0.271    1502.42    1503.02  0.000e+00
       2060     20.500    13.3515    13.4660     0.1147    4.04289    4.06741          1     6.4291     5.8443       9.97     0.3161  2.542e-01  2.530e-01  9.951e+01    34.1624    34.2906     0.1283    25.6731    25.7491     20.309     20.399      0.268    1500.70    1501.23  0.000e+00
       2105     21.000    12.7564    12.7074    -0.0492    3.98118    3.99482          1     6.2012     5.6595       9.97     0.3096  2.182e-01  2.169e-01  9.938e+01    34.1125    34.2875     0.1750    25.7535    25.8985     20.804     20.895      0.260    1498.67    1498.71  0.000e+00
       2155     21.500    12.7040    11.5569    -1.1470    3.97140    3.88118          1     5.7375     5.7237       9.97     0.2970  1.886e-01  1.877e-01  9.951e+01    34.0663    34.2396     0.1733    25.7280    26.0812     21.300     21.392      0.239    1498.45    1494.75  0.000e+00
       2201     22.000    12.6952    11.0703    -1.6241    3.95536    3.82092          1     5.4032     5.5813       9.97     0.2107  1.583e-01  1.575e-01  9.946e+01    33.9209    34.0949     0.1740    25.6170    26.0581     21.795     21.888      0.289    1498.26    1492.89  0.000e+00
       2241     22.500    11.9142    11.0259    -0.8891    3.88950    3.81425          1     5.2970     5.3238       9.97     0.1593  1.272e-01  1.265e-01  9.946e+01    33.9925    34.0695     0.0770    25.8223    26.0463     22.290     22.385      0.285    1495.69    1492.71  0.000e+00
       2288     23.000    11.4418    10.9907    -0.4511    3.84317    3.80993          1     5.2919     5.2302       9.97     0.1431  1.027e-01  1.021e-01  9.940e+01    33.9714    34.0589     0.0875    25.8943    26.0443     22.786     22.881      0.246    1494.05    1492.58  0.000e+00
       2334     23.500    11.2641    10.9039    -0.3602    3.82666    3.80342          1     5.2711     5.1709       9.97     0.1133  8.072e-02  7.948e-02  9.847e+01    33.9718    34.0745     0.1027    25.9271    26.0720     23.281     23.378      0.266    1493.44    1492.31  0.000e+00
       2381     24.000    11.0265    10.6805    -0.3457    3.80551    3.78953          1     5.1848     5.1214       9.97     0.0926  5.735e-02  5.604e-02  9.770e+01    33.9812    34.1436     0.1624    25.9774    26.1655     23.776     23.874      0.260    1492.63    1491.61  0.000e+00
       2423     24.500    10.8435    10.5828    -0.2610    3.79386    3.78144          1     5.1393     5.0924       9.97     0.0743  3.873e-02  3.780e-02  9.758e+01    34.0348    34.1535     0.1187    26.0518    26.1904     24.271     24.370      0.303    1492.06    1491.28  0.000e+00
       2466     25.000    10.7217    10.5613    -0.1601    3.78397    3.77839          1     5.1508     5.0903       9.97     0.0676  2.274e-02  2.217e-02  9.748e+01    34.0489    34.1427     0.0938    26.0844    26.1858     24.767     24.867      0.245    1491.66    1491.20  0.000e+00
       2517     25.500    10.6008    10.5563    -0.0449    3.77540    3.77701          1     5.1612     5.1038       9.97     0.0616  4.839e-03  4.717e-03  9.748e+01    34.0754    34.1334     0.0580    26.1264    26.1794     25.262     25.363      0.256    1491.27    1491.18  0.000e+00
       2559     26.000    10.5898    10.5589    -0.0308    3.77476    3.77694          1     5.1693     5.1008       9.97     0.0619 -1.364e-05 -1.330e-05  9.748e+01    34.0792    34.1300     0.0508    26.1312    26.1763     25.757     25.859      0.310    1491.24    1491.20  0.000e+00
       2599     26.500    10.5746    10.5306    -0.0439    3.77368    3.77513          1     5.1587     5.1040       9.97     0.0740  1.026e-12  1.000e-12  9.748e+01    34.0823    34.1380     0.0557    26.1364    26.1875     26.253     26.356      0.266    1491.20    1491.11  0.000e+00
       2652     27.000    10.5400    10.4911    -0.0491    3.77178    3.77220          1     5.1830     5.1438       9.97     0.0866  1.026e-12  1.000e-12  9.748e+01    34.0953    34.1454     0.0501    26.1525    26.2001     26.748     26.852      0.220    1491.10    1490.99  0.000e+00
       2699     27.500    10.4959    10.4667    -0.0291    3.76855    3.76978          1     5.1827     5.1509       9.97     0.0680  1.026e-12  1.000e-12  9.748e+01    34.1039    34.1436     0.0398    26.1669    26.2030     27.243     27.348      0.323    1490.96    1490.91  0.000e+00
       2734     28.000    10.4685    10.4163    -0.0522    3.76646    3.76639          1     5.1835     5.1259       9.98     0.0735  1.026e-12  1.000e-12  9.748e+01    34.1081    34.1565     0.0483    26.1750    26.2218     27.739     27.844      0.314    1490.88    1490.75  0.000e+00
       2783     28.500    10.4188    10.3791    -0.0398    3.76287    3.76262          1     5.1501     5.0962       9.98     0.0678  1.026e-12  1.000e-12  9.748e+01    34.1183    34.1531     0.0348    26.1916    26.2256     28.234     28.341      0.205    1490.72    1490.62  0.000e+00
