ctdpy/tests/etc/data_aranda/SBE09_0745_20181209_1122_34_01_0173.cnv
* Sea-Bird SBE 9 Data File:
* FileName = C:\ctd\temp\ar18d173.hex
* Software Version Seasave V 7.26.7.107
* Temperature SN = 4387
* Conductivity SN = 2994
* Number of Bytes Per Scan = 41
* Number of Voltage Words = 4
* Number of Scans Averaged by the Deck Unit = 1
* NMEA Latitude = 55 37.05 N
* NMEA Longitude = 014 52.05 E
* NMEA UTC (Time) = Dec 09 2018  11:22:13
* NMEA baud rate = 4800
** Station:  Hanobukten
** Operator:  OBac
** Ship: ARANDA
** Average sound velocity: 1454.21 m/s
** True-depth calculation Sun, 09 Dec 2018 13:03:01 +0000
** CTD Python Module SMHI /ver 3-12/ feb 2012 
** LIMS Job: 20183401-0173
** Cruise: SMHI-7-2018
** Latitude [GG MM.mm N]:
** Longitude [GG MM.mm E]
# nquan = 26
# nvalues = 147                         
# units = specified
# name 0 = scan: Scan Count
# name 1 = prDM: Pressure, Digiquartz [db]
# name 2 = t090C: Temperature [ITS-90, deg C]
# name 3 = t190C: Temperature, 2 [ITS-90, deg C]
# name 4 = T2-T190C: Temperature Difference, 2 - 1 [ITS-90, deg C]
# name 5 = c0S/m: Conductivity [S/m]
# name 6 = c1S/m: Conductivity, 2 [S/m]
# name 7 = pumps: Pump Status
# name 8 = sbeox0ML/L: Oxygen, SBE 43 [ml/l]
# name 9 = sbeox1ML/L: Oxygen, SBE 43, 2 [ml/l]
# name 10 = altM: Altimeter [m]
# name 11 = flECO-AFL: Chl-a Fluorescence, WET Labs ECO-AFL/FL [mg/m^3]
# name 12 = flECO-AFL1: Phycocyanin Fluorescence, WET Labs ECO-AFL/FL, 2 [mg/m^3]
# name 13 = par: PAR/Irradiance, Biospherical/Lico [µE/(cm^2*s)]
# name 14 = turbWETntu0: Turbidity, WET Labs ECO [NTU]
# name 15 = sal00: Salinity, Practical [PSU]
# name 16 = sal11: Salinity, Practical, 2 [PSU]
# name 17 = secS-priS: Salinity, Practical, Difference, 2 - 1 [PSU]
# name 18 = sigma-t00: Density [sigma-t, Kg/m^3 ]
# name 19 = sigma-t11: Density, 2 [sigma-t, Kg/m^3 ]
# name 20 = depSM: Depth [salt water, m], lat = 55.6175
# name 21 = depFM: Depth [true depth, m], lat = 55.6175
# name 22 = dz/dtM: Descent Rate [m/s], WS = 2
# name 23 = svCM: Sound Velocity [Chen-Millero, m/s]
# name 24 = svCM1: Sound Velocity, 2 [Chen-Millero, m/s]
# name 25 = flag: flag
# span 0 =      16455,      20235       
# span 1 =      1.000,     74.000       
# span 2 =     7.3935,    11.7816       
# span 3 =     7.3941,    11.7814       
# span 4 =    -0.0265,     0.0298       
# span 5 =   0.898827,   1.844760       
# span 6 =   0.898919,   1.845876       
# span 7 =          1,          1       
# span 8 =    0.09371,    7.82005       
# span 9 =    0.11403,    7.81227       
# span 10 =       3.52,     100.12      
# span 11 =     0.2271,     1.0076      
# span 12 =     0.1360,     0.3989      
# span 13 = -8.838e-06, 4.3577e+02      
# span 14 =     0.1508,     0.4194      
# span 15 =     7.7920,    15.8157      
# span 16 =     7.7928,    15.8180      
# span 17 =    -0.0088,     0.0355      
# span 18 =     6.0230,    12.0378      
# span 19 =     6.0236,    12.0373      
# span 20 =      0.991,     73.316      
# span 21 =      1.012,     74.801      
# span 22 =     -0.038,      0.734      
# span 23 =    1446.43,    1472.62      
# span 24 =    1446.43,    1472.62      
# span 25 = 0.0000e+00, 0.0000e+00      
# interval = decibars: 0.5              
# start_time = Dec 09 2018 11:22:13 [NMEA time, first data scan]
# bad_flag = -9.990e-29
*END*
      16455      1.000     7.3943     7.3949     0.0006    0.89883    0.89892          1     7.8133     7.8074     100.12     0.9266     0.2956  4.358e+02  0.2659000     7.7920     7.7928     0.0008     6.0230     6.0236      0.991      1.012      0.088    1446.43    1446.43  0.000e+00
      16539      1.500     7.3940     7.3945     0.0005    0.89884    0.89893          1     7.8144     7.8075      85.39     0.9399     0.2978  1.111e+02  0.2806000     7.7922     7.7928     0.0007     6.0232     6.0237      1.486      1.519      0.231    1446.43    1446.43  0.000e+00
      16606      2.000     7.3935     7.3941     0.0006    0.89884    0.89892          1     7.8142     7.8123      98.70     0.9527     0.2893  8.751e+01  0.2971000     7.7922     7.7928     0.0006     6.0232     6.0237      1.982      2.025      0.386    1446.44    1446.44  0.000e+00
      16636      2.500     7.3936     7.3941     0.0005    0.89885    0.89893          1     7.8169     7.7990      91.00     0.9520     0.2839  7.617e+01  0.2898000     7.7922     7.7928     0.0006     6.0232     6.0237      2.477      2.531      0.414    1446.44    1446.45  0.000e+00
      16663      3.000     7.3937     7.3942     0.0004    0.89885    0.89894          1     7.8128     7.8001      45.44     0.9395     0.3180  6.240e+01  0.2940000     7.7921     7.7928     0.0007     6.0232     6.0237      2.973      3.037      0.457    1446.45    1446.46  0.000e+00
      16692      3.500     7.3936     7.3941     0.0005    0.89886    0.89894          1     7.8108     7.8087      87.86     0.9365     0.3188  5.649e+01  0.2985000     7.7922     7.7928     0.0007     6.0232     6.0237      3.468      3.544      0.370    1446.46    1446.46  0.000e+00
      16726      4.000     7.3936     7.3941     0.0006    0.89887    0.89895          1     7.8159     7.7985      75.31     0.9430     0.2793  4.777e+01  0.2871000     7.7922     7.7928     0.0006     6.0232     6.0237      3.964      4.050      0.424    1446.47    1446.47  0.000e+00
      16749      4.500     7.3939     7.3943     0.0005    0.89888    0.89897          1     7.8176     7.7981      91.42     0.9571     0.2813  4.255e+01  0.3055000     7.7922     7.7929     0.0007     6.0232     6.0237      4.459      4.556      0.562    1446.48    1446.48  0.000e+00
      16769      5.000     7.3938     7.3943     0.0005    0.89889    0.89897          1     7.8154     7.8050      98.64     0.9563     0.2932  3.618e+01  0.3002000     7.7922     7.7928     0.0006     6.0232     6.0237      4.955      5.062      0.602    1446.49    1446.49  0.000e+00
      16789      5.500     7.3940     7.3944     0.0004    0.89890    0.89898          1     7.8149     7.8091      90.52     0.9696     0.2863  3.026e+01  0.2986000     7.7922     7.7928     0.0007     6.0232     6.0237      5.450      5.568      0.572    1446.49    1446.50  0.000e+00
      16813      6.000     7.3940     7.3946     0.0006    0.89891    0.89899          1     7.8143     7.8090      74.64     0.9664     0.2816  2.706e+01  0.2989000     7.7922     7.7928     0.0006     6.0232     6.0237      5.946      6.075      0.453    1446.50    1446.51  0.000e+00
      16843      6.500     7.3940     7.3946     0.0006    0.89891    0.89900          1     7.8147     7.8061      47.99     0.9457     0.3005  2.386e+01  0.2915000     7.7922     7.7928     0.0007     6.0232     6.0236      6.441      6.581      0.410    1446.51    1446.51  0.000e+00
      16869      7.000     7.3945     7.3950     0.0005    0.89893    0.89901          1     7.8124     7.7981      31.24     0.9891     0.3110  2.102e+01  0.2975000     7.7922     7.7928     0.0007     6.0231     6.0236      6.936      7.087      0.574    1446.52    1446.52  0.000e+00
      16887      7.500     7.3946     7.3949     0.0003    0.89895    0.89903          1     7.8151     7.7987      33.67     1.0076     0.3212  1.855e+01  0.3046000     7.7922     7.7929     0.0007     6.0232     6.0237      7.432      7.593      0.658    1446.53    1446.53  0.000e+00
      16905      8.000     7.3946     7.3950     0.0004    0.89895    0.89903          1     7.8181     7.8046      89.35     0.9825     0.3420  1.616e+01  0.3051000     7.7922     7.7928     0.0006     6.0232     6.0236      7.927      8.100      0.635    1446.54    1446.54  0.000e+00
      16926      8.500     7.3947     7.3954     0.0007    0.89896    0.89905          1     7.8163     7.8082      98.54     0.9410     0.3156  1.440e+01  0.2895000     7.7922     7.7929     0.0007     6.0232     6.0236      8.423      8.606      0.526    1446.55    1446.55  0.000e+00
      16952      9.000     7.3954     7.3959     0.0006    0.89899    0.89907          1     7.8098     7.8014      66.79     0.9330     0.2918  1.277e+01  0.2965000     7.7922     7.7929     0.0007     6.0231     6.0236      8.918      9.112      0.425    1446.56    1446.56  0.000e+00
      16980      9.500     7.3955     7.3960     0.0006    0.89899    0.89908          1     7.8083     7.8031      35.93     0.9107     0.3047  1.152e+01  0.2932000     7.7922     7.7929     0.0007     6.0231     6.0236      9.414      9.618      0.488    1446.56    1446.57  0.000e+00
      17002     10.000     7.3958     7.3963     0.0005    0.89901    0.89910          1     7.8109     7.8001      32.97     0.9189     0.3333  1.034e+01  0.2922000     7.7923     7.7930     0.0007     6.0231     6.0236      9.909     10.124      0.582    1446.57    1446.58  0.000e+00
      17022     10.500     7.3960     7.3964     0.0004    0.89903    0.89911          1     7.8133     7.7969      69.19     0.9221     0.3037  9.181e+00  0.3005000     7.7923     7.7929     0.0007     6.0231     6.0236     10.405     10.631      0.611    1446.58    1446.59  0.000e+00
      17042     11.000     7.3962     7.3965     0.0003    0.89905    0.89911          1     7.8127     7.7995      70.16     0.9259     0.2906  8.244e+00  0.3029000     7.7924     7.7929     0.0005     6.0232     6.0236     10.900     11.137      0.582    1446.59    1446.59  0.000e+00
      17064     11.500     7.3966     7.3974     0.0007    0.89907    0.89916          1     7.8160     7.7988      57.96     0.9353     0.3240  7.400e+00  0.2971000     7.7924     7.7931     0.0007     6.0232     6.0237     11.395     11.643      0.510    1446.60    1446.61  0.000e+00
      17089     12.000     7.3966     7.3972     0.0006    0.89908    0.89917          1     7.8122     7.7909      36.64     0.9354     0.3160  6.689e+00  0.2912000     7.7924     7.7931     0.0007     6.0232     6.0237     11.891     12.149      0.457    1446.61    1446.61  0.000e+00
      17115     12.500     7.3961     7.3966     0.0004    0.89906    0.89914          1     7.8083     7.7938      51.73     0.9322     0.2659  6.069e+00  0.2895000     7.7924     7.7930     0.0006     6.0232     6.0236     12.386     12.655      0.525    1446.62    1446.62  0.000e+00
      17136     13.000     7.3960     7.3967     0.0007    0.89906    0.89915          1     7.8099     7.7983      99.99     0.9324     0.2941  5.474e+00  0.3056000     7.7923     7.7930     0.0006     6.0231     6.0236     12.882     13.162      0.615    1446.62    1446.63  0.000e+00
      17154     13.500     7.3966     7.3973     0.0006    0.89909    0.89919          1     7.8088     7.7971      87.78     0.9227     0.2956  4.909e+00  0.3054000     7.7924     7.7932     0.0008     6.0232     6.0237     13.377     13.668      0.622    1446.63    1446.64  0.000e+00
      17174     14.000     7.3961     7.3964     0.0003    0.89909    0.89916          1     7.8129     7.7921      65.72     0.9141     0.3065  4.393e+00  0.3016000     7.7924     7.7930     0.0006     6.0232     6.0237     13.873     14.174      0.558    1446.64    1446.64  0.000e+00
      17198     14.500     7.3963     7.3969     0.0005    0.89911    0.89920          1     7.8142     7.7921      51.92     0.9089     0.3177  3.962e+00  0.3019000     7.7924     7.7932     0.0008     6.0232     6.0238     14.368     14.680      0.508    1446.65    1446.65  0.000e+00
      17221     15.000     7.3964     7.3970     0.0006    0.89912    0.89921          1     7.8103     7.7987      85.99     0.9170     0.2960  3.593e+00  0.3053000     7.7925     7.7932     0.0007     6.0232     6.0238     14.863     15.187      0.547    1446.66    1446.66  0.000e+00
      17242     15.500     7.3965     7.3971     0.0006    0.89913    0.89923          1     7.8112     7.8040      93.41     0.9313     0.2992  3.261e+00  0.3037000     7.7925     7.7933     0.0008     6.0232     6.0238     15.359     15.693      0.579    1446.66    1446.67  0.000e+00
      17263     16.000     7.3960     7.3969     0.0009    0.89911    0.89921          1     7.8189     7.8000      65.20     0.9086     0.3292  2.959e+00  0.2929000     7.7923     7.7932     0.0008     6.0232     6.0237     15.854     16.199      0.527    1446.67    1446.68  0.000e+00
      17288     16.500     7.3964     7.3973     0.0009    0.89914    0.89925          1     7.8201     7.7940      74.78     0.9096     0.3122  2.671e+00  0.2978000     7.7925     7.7933     0.0008     6.0232     6.0238     16.350     16.705      0.440    1446.68    1446.69  0.000e+00
      17316     17.000     7.3969     7.3974     0.0005    0.89917    0.89926          1     7.8162     7.7852      33.89     0.9323     0.3159  2.421e+00  0.2932000     7.7926     7.7933     0.0007     6.0233     6.0238     16.845     17.211      0.485    1446.69    1446.69  0.000e+00
      17338     17.500     7.3975     7.3978     0.0003    0.89921    0.89929          1     7.8069     7.7853      23.13     0.9193     0.3336  2.213e+00  0.2984000     7.7927     7.7934     0.0007     6.0234     6.0239     17.341     17.718      0.600    1446.70    1446.70  0.000e+00
      17357     18.000     7.3973     7.3978     0.0005    0.89922    0.89930          1     7.8014     7.7831      61.90     0.9196     0.3352  2.015e+00  0.3089000     7.7928     7.7935     0.0007     6.0234     6.0239     17.836     18.224      0.647    1446.71    1446.71  0.000e+00
      17375     18.500     7.3974     7.3980     0.0005    0.89923    0.89930          1     7.8095     7.7842      43.43     0.9088     0.3242  1.828e+00  0.3026000     7.7928     7.7934     0.0006     6.0234     6.0238     18.331     18.730      0.612    1446.72    1446.72  0.000e+00
      17397     19.000     7.3973     7.3978     0.0005    0.89923    0.89930          1     7.8128     7.7864      43.41     0.9002     0.3249  1.676e+00  0.2945000     7.7928     7.7934     0.0006     6.0234     6.0238     18.827     19.236      0.517    1446.73    1446.73  0.000e+00
      17422     19.500     7.3972     7.3978     0.0006    0.89922    0.89931          1     7.8147     7.7910      89.81     0.9126     0.3227  1.522e+00  0.3009000     7.7927     7.7934     0.0007     6.0233     6.0238     19.322     19.743      0.461    1446.73    1446.73  0.000e+00
      17447     20.000     7.3979     7.3984     0.0005    0.89926    0.89935          1     7.8138     7.7917      50.16     0.9262     0.3120  1.391e+00  0.3039000     7.7929     7.7935     0.0007     6.0234     6.0239     19.818     20.249      0.521    1446.74    1446.75  0.000e+00
      17469     20.500     7.3982     7.3986     0.0005    0.89928    0.89937          1     7.8084     7.7930      33.52     0.9449     0.3506  1.274e+00  0.2987000     7.7929     7.7936     0.0007     6.0235     6.0240     20.313     20.755      0.587    1446.75    1446.76  0.000e+00
      17489     21.000     7.3981     7.3985     0.0004    0.89929    0.89936          1     7.8034     7.7961      21.93     0.9214     0.3647  1.169e+00  0.2932000     7.7929     7.7935     0.0006     6.0234     6.0239     20.809     21.261      0.605    1446.76    1446.76  0.000e+00
      17509     21.500     7.3981     7.3986     0.0005    0.89930    0.89938          1     7.8044     7.8005      35.41     0.9202     0.3517  1.063e+00  0.2928000     7.7930     7.7936     0.0006     6.0235     6.0240     21.304     21.767      0.570    1446.77    1446.77  0.000e+00
      17531     22.000     7.3980     7.3983     0.0003    0.89930    0.89936          1     7.8116     7.8016      57.74     0.9196     0.3255  9.748e-01  0.2965000     7.7929     7.7934     0.0005     6.0235     6.0238     21.799     22.274      0.510    1446.78    1446.78  0.000e+00
      17556     22.500     7.3975     7.3980     0.0005    0.89926    0.89935          1     7.8097     7.7976      78.03     0.9324     0.3272  8.855e-01  0.2955000     7.7926     7.7933     0.0007     6.0233     6.0238     22.295     22.780      0.494    1446.78    1446.78  0.000e+00
      17579     23.000     7.3976     7.3980     0.0004    0.89928    0.89936          1     7.8061     7.7880      28.40     0.9233     0.3145  8.145e-01  0.2983000     7.7927     7.7933     0.0006     6.0233     6.0238     22.790     23.286      0.536    1446.79    1446.79  0.000e+00
      17601     23.500     7.3978     7.3983     0.0005    0.89931    0.89939          1     7.8039     7.7876      26.70     0.8985     0.3241  7.391e-01  0.3054000     7.7929     7.7935     0.0007     6.0234     6.0239     23.286     23.792      0.565    1446.80    1446.80  0.000e+00
      17622     24.000     7.3975     7.3979     0.0004    0.89929    0.89936          1     7.8039     7.7887      30.77     0.9067     0.3214  6.656e-01  0.3053000     7.7927     7.7933     0.0006     6.0233     6.0238     23.781     24.299      0.564    1446.80    1446.81  0.000e+00
      17643     24.500     7.3975     7.3979     0.0004    0.89929    0.89936          1     7.8058     7.7912      21.13     0.8903     0.3069  6.100e-01  0.2998000     7.7926     7.7932     0.0006     6.0233     6.0237     24.276     24.805      0.532    1446.81    1446.81  0.000e+00
      17667     25.000     7.3976     7.3982     0.0006    0.89931    0.89939          1     7.8084     7.7915      32.31     0.9070     0.2948  5.651e-01  0.3154000     7.7927     7.7934     0.0007     6.0234     6.0238     24.772     25.311      0.488    1446.82    1446.83  0.000e+00
      17692     25.500     7.3981     7.3984     0.0002    0.89934    0.89941          1     7.8082     7.7821      22.78     0.8976     0.3349  5.147e-01  0.3016000     7.7928     7.7934     0.0006     6.0234     6.0238     25.267     25.817      0.498    1446.83    1446.83  0.000e+00
      17715     26.000     7.3982     7.3986     0.0004    0.89936    0.89943          1     7.8084     7.7833      27.98     0.9359     0.3492  4.636e-01  0.2934000     7.7929     7.7935     0.0006     6.0235     6.0239     25.763     26.323      0.557    1446.84    1446.84  0.000e+00
      17736     26.500     7.3988     7.3994     0.0005    0.89941    0.89949          1     7.8079     7.7960      27.84     0.9232     0.3046  4.172e-01  0.2965000     7.7932     7.7939     0.0006     6.0237     6.0241     26.258     26.830      0.589    1446.85    1446.85  0.000e+00
      17756     27.000     7.3987     7.3995     0.0008    0.89941    0.89950          1     7.8056     7.8060      24.52     0.9080     0.3337  3.700e-01  0.3059000     7.7932     7.7938     0.0007     6.0236     6.0241     26.753     27.336      0.565    1446.86    1446.86  0.000e+00
      17778     27.500     7.3988     7.3992     0.0003    0.89942    0.89950          1     7.8043     7.8012      32.27     0.9049     0.3362  3.364e-01  0.3109000     7.7931     7.7938     0.0006     6.0236     6.0241     27.249     27.842      0.519    1446.87    1446.87  0.000e+00
      17802     28.000     7.3984     7.3991     0.0007    0.89940    0.89949          1     7.8086     7.7866      17.24     0.8978     0.3328  3.041e-01  0.2898000     7.7930     7.7937     0.0007     6.0235     6.0240     27.744     28.348      0.516    1446.87    1446.88  0.000e+00
