ctdpy/tests/etc/data_aranda/SBE09_0745_20181209_1122_34_01_0173.cnv
* Sea-Bird SBE 9 Data File:
* FileName = C:\ctd\temp\ar18d173.hex
* Software Version Seasave V 7.26.7.107
* Temperature SN = 4387
* Conductivity SN = 2994
* Number of Bytes Per Scan = 41
* Number of Voltage Words = 4
* Number of Scans Averaged by the Deck Unit = 1
* NMEA Latitude = 55 37.05 N
* NMEA Longitude = 014 52.05 E
* NMEA UTC (Time) = Dec 09 2018  11:22:13
* NMEA baud rate = 4800
** Station:  Hanobukten
** Operator:  OBac
** Ship: ARANDA
** Average sound velocity: 1454.21 m/s
** True-depth calculation Sun, 09 Dec 2018 13:03:01 +0000
** CTD Python Module SMHI /ver 3-12/ feb 2012 
** LIMS Job: 20183401-0173
** Cruise: SMHI-7-2018
** Latitude [GG MM.mm N]:
** Longitude [GG MM.mm E]
# nquan = 26
# nvalues = 147                         
# units = specified
# name 0 = scan: Scan Count
# name 1 = prDM: Pressure, Digiquartz [db]
# name 2 = t090C: Temperature [ITS-90, deg C]
# name 3 = t190C: Temperature, 2 [ITS-90, deg C]
# name 4 = T2-T190C: Temperature Difference, 2 - 1 [ITS-90, deg C]
# name 5 = c0S/m: Conductivity [S/m]
# name 6 = c1S/m: Conductivity, 2 [S/m]
# name 7 = pumps: Pump Status
# name 8 = sbeox0ML/L: Oxygen, SBE 43 [ml/l]
# name 9 = sbeox1ML/L: Oxygen, SBE 43, 2 [ml/l]
# name 10 = altM: Altimeter [m]
# name 11 = flECO-AFL: Chl-a Fluorescence, WET Labs ECO-AFL/FL [mg/m^3]
# name 12 = flECO-AFL1: Phycocyanin Fluorescence, WET Labs ECO-AFL/FL, 2 [mg/m^3]
# name 13 = par: PAR/Irradiance, Biospherical/Lico [µE/(cm^2*s)]
# name 14 = turbWETntu0: Turbidity, WET Labs ECO [NTU]
# name 15 = sal00: Salinity, Practical [PSU]
# name 16 = sal11: Salinity, Practical, 2 [PSU]
# name 17 = secS-priS: Salinity, Practical, Difference, 2 - 1 [PSU]
# name 18 = sigma-t00: Density [sigma-t, Kg/m^3 ]
# name 19 = sigma-t11: Density, 2 [sigma-t, Kg/m^3 ]
# name 20 = depSM: Depth [salt water, m], lat = 55.6175
# name 21 = depFM: Depth [true depth, m], lat = 55.6175
# name 22 = dz/dtM: Descent Rate [m/s], WS = 2
# name 23 = svCM: Sound Velocity [Chen-Millero, m/s]
# name 24 = svCM1: Sound Velocity, 2 [Chen-Millero, m/s]
# name 25 = flag: flag
# span 0 =      16455,      20235       
# span 1 =      1.000,     74.000       
# span 2 =     7.3935,    11.7816       
# span 3 =     7.3941,    11.7814       
# span 4 =    -0.0265,     0.0298       
# span 5 =   0.898827,   1.844760       
# span 6 =   0.898919,   1.845876       
# span 7 =          1,          1       
# span 8 =    0.09371,    7.82005       
# span 9 =    0.11403,    7.81227       
# span 10 =       3.52,     100.12      
# span 11 =     0.2271,     1.0076      
# span 12 =     0.1360,     0.3989      
# span 13 = -8.838e-06, 4.3577e+02      
# span 14 =     0.1508,     0.4194      
# span 15 =     7.7920,    15.8157      
# span 16 =     7.7928,    15.8180      
# span 17 =    -0.0088,     0.0355      
# span 18 =     6.0230,    12.0378      
# span 19 =     6.0236,    12.0373      
# span 20 =      0.991,     73.316      
# span 21 =      1.012,     74.801      
# span 22 =     -0.038,      0.734      
# span 23 =    1446.43,    1472.62      
# span 24 =    1446.43,    1472.62      
# span 25 = 0.0000e+00, 0.0000e+00      
# interval = decibars: 0.5              
# start_time = Dec 09 2018 11:22:13 [NMEA time, first data scan]
# bad_flag = -9.990e-29
*END*
[from data line 112]
      19097     57.000    11.7759    11.7755    -0.0005    1.74558    1.74555          1     1.8931     1.8302      21.25     0.2445     0.2644  1.000e-12  0.1818000    14.1345    14.1343    -0.0001    10.4739    10.4738     56.475     57.682      0.530    1472.11    1472.11  0.000e+00
      19123     57.500    11.7816    11.7814    -0.0002    1.76152    1.76139          1     1.6763     1.6439      20.69     0.2573     0.2332  1.000e-12  0.1601000    14.2727    14.2716    -0.0011    10.5798    10.5790     56.971     58.186      0.453    1472.30    1472.30  0.000e+00
      19148     58.000    11.5889    11.5915     0.0026    1.76774    1.76774          1     1.7563     1.7762      20.17     0.2722     0.2127  1.000e-12  0.1640000    14.4016    14.4005    -0.0010    10.7071    10.7060     57.466     58.689      0.527    1471.76    1471.77  0.000e+00
      19169     58.500    11.4955    11.4849    -0.0106    1.78074    1.78043          1     1.7642     1.7722      19.71     0.2492     0.2315  1.000e-12  0.1736000    14.5531    14.5545     0.0014    10.8377    10.8403     57.961     59.193      0.624    1471.61    1471.57  0.000e+00
      19187     59.000    11.6766    11.6763    -0.0003    1.80000    1.80004          1     1.6477     1.6295      19.24     0.2526     0.2528  1.000e-12  0.1727000    14.6532    14.6536     0.0004    10.8890    10.8894     58.457     59.697      0.619    1472.40    1472.40  0.000e+00
      19208     59.500    11.7179    11.7174    -0.0004    1.80762    1.80751          1     1.5418     1.5241      18.69     0.2520     0.2870  1.000e-12  0.1619000    14.7043    14.7035    -0.0008    10.9226    10.9220     58.952     60.201      0.500    1472.62    1472.62  0.000e+00
      19237     60.000    11.6988    11.6973    -0.0015    1.80849    1.80844          1     1.4639     1.4493      18.09     0.2512     0.2400  1.000e-12  0.1508000    14.7195    14.7196     0.0001    10.9371    10.9374     59.447     60.705      0.413    1472.57    1472.57  0.000e+00
      19264     60.500    11.6469    11.6470     0.0001    1.80827    1.80843          1     1.3707     1.3483      17.60     0.2672     0.2091  1.000e-12  0.2062000    14.7379    14.7393     0.0014    10.9588    10.9598     59.943     61.208      0.556    1472.42    1472.42  0.000e+00
      19282     61.000    11.5552    11.5592     0.0041    1.80972    1.80976          1     1.2351     1.2092      17.18     0.2609     0.1962  1.000e-12  0.2570000    14.7870    14.7858    -0.0012    11.0100    11.0085     60.438     61.712      0.702    1472.15    1472.16  0.000e+00
      19298     61.500    11.3825    11.3853     0.0028    1.81081    1.81105          1     1.0935     1.0673      16.74     0.2723     0.1855  1.000e-12  0.1664000    14.8655    14.8665     0.0010    11.0953    11.0957     60.933     62.216      0.734    1471.61    1471.62  0.000e+00
      19315     62.000    11.3888    11.3937     0.0053    1.81688    1.81721          1     0.9340     0.9115      16.25     0.2725     0.1875  1.000e-12  0.1728000    14.9171    14.9181     0.0010    11.1343    11.1344     61.429     62.719      0.636    1471.71    1471.73  0.000e+00
      19339     62.500    10.6572    10.6871     0.0298    1.77759    1.77944          1     0.7216     0.7180      15.63     0.2667     0.2268  1.000e-12  0.2452000    14.8575    14.8623     0.0048    11.1886    11.1883     61.924     63.223      0.417    1468.92    1469.04  0.000e+00
      19374     63.000    10.4381    10.4402     0.0021    1.76817    1.76882          1     0.5853     0.6002      14.99     0.2872     0.2369  1.000e-12  0.3849000    14.8606    14.8658     0.0051    11.2203    11.2240     62.419     63.727      0.396    1468.11    1468.13  0.000e+00
      19398     63.500    10.5740    10.5705    -0.0034    1.77928    1.77924          1     0.7256     0.7813      14.56     0.2873     0.2396  1.000e-12  0.3950000    14.9067    14.9078     0.0011    11.2381    11.2394     62.915     64.230      0.619    1468.69    1468.68  0.000e+00
      19415     64.000    10.7483    10.7521     0.0038    1.79615    1.79673          1     0.9894     1.0809      14.16     0.2807     0.2476  1.000e-12  0.3739000    14.9889    14.9927     0.0038    11.2785    11.2809     63.410     64.734      0.709    1469.45    1469.47  0.000e+00
      19431     64.500    10.8838    10.8830    -0.0008    1.81174    1.81172          1     1.2289     1.3200      13.69     0.2725     0.2397  1.000e-12  0.3428000    15.0751    15.0753     0.0002    11.3270    11.3272     63.905     65.238      0.663    1470.06    1470.06  0.000e+00
      19452     65.000    10.8933    10.8907    -0.0026    1.81535    1.81501          1     1.3635     1.4223      13.12     0.2725     0.2030  1.000e-12  0.2441000    15.1038    15.1018    -0.0020    11.3479    11.3468     64.401     65.741      0.511    1470.14    1470.13  0.000e+00
      19480     65.500    10.8860    10.8834    -0.0026    1.81875    1.81861          1     1.2647     1.2431      12.57     0.2951     0.2099  1.000e-12  0.2985000    15.1374    15.1373    -0.0001    11.3749    11.3752     64.896     66.245      0.442    1470.17    1470.15  0.000e+00
      19505     66.000    10.6322    10.6327     0.0006    1.80904    1.80864          1     0.8009     0.7093      12.08     0.2850     0.2524  1.000e-12  0.2552000    15.1535    15.1496    -0.0038    11.4213    11.4183     65.391     66.748      0.551    1469.24    1469.24  0.000e+00
      19525     66.500    10.3007    10.3023     0.0016    1.79770    1.79770          1     0.5075     0.4487      11.61     0.2847     0.2467  1.000e-12  0.3265000    15.1872    15.1866    -0.0007    11.4916    11.4909     65.886     67.252      0.607    1468.05    1468.05  0.000e+00
      19544     67.000    10.3302    10.3284    -0.0017    1.80707    1.80699          1     0.4449     0.4374      11.15     0.2847     0.2387  1.000e-12  0.3887000    15.2610    15.2610     0.0000    11.5450    11.5453     66.382     67.755      0.565    1468.25    1468.25  0.000e+00
      19568     67.500    10.3936    10.3947     0.0010    1.81913    1.81907          1     0.4428     0.4546      10.57     0.2794     0.2278  1.000e-12  0.4194000    15.3451    15.3441    -0.0010    11.6019    11.6011     66.877     68.259      0.500    1468.60    1468.61  0.000e+00
      19592     68.000    10.3802    10.3843     0.0041    1.82523    1.82523          1     0.4072     0.4195      10.09     0.2768     0.2009  1.000e-12  0.3910000    15.4067    15.4049    -0.0017    11.6515    11.6496     67.372     68.762      0.521    1468.64    1468.65  0.000e+00
      19614     68.500    10.2435    10.2549     0.0114    1.82297    1.82309          1     0.3089     0.3096       9.26     0.2846     0.2244  1.000e-12  0.3588000    15.4436    15.4399    -0.0037    11.6980    11.6936     67.868     69.265      0.563    1468.17    1468.21  0.000e+00
      19635     69.000     9.9946    10.0088     0.0141    1.82226    1.82229          1     0.1859     0.1866       8.59     0.2847     0.2195  1.000e-12  0.3783000    15.5430    15.5372    -0.0058    11.8071    11.8008     68.363     69.769      0.557    1467.35    1467.40  0.000e+00
      19657     69.500     9.9568     9.9581     0.0013    1.82889    1.82888          1     0.1295     0.1433       8.06     0.2964     0.2080  1.000e-12  0.3554000    15.6207    15.6200    -0.0007    11.8723    11.8716     68.858     70.272      0.520    1467.31    1467.32  0.000e+00
      19681     70.000     9.9595     9.9640     0.0044    1.83378    1.83379          1     0.1215     0.1422       7.73     0.2974     0.2113  1.000e-12  0.3705000    15.6649    15.6631    -0.0019    11.9063    11.9043     69.353     70.775      0.518    1467.39    1467.40  0.000e+00
      19703     70.500     9.8790     9.8814     0.0024    1.83590    1.83585          1     0.1107     0.1285       7.09     0.3062     0.1360  1.000e-12  0.3626000    15.7194    15.7179    -0.0015    11.9588    11.9574     69.849     71.279      0.557    1467.15    1467.16  0.000e+00
      19724     71.000     9.8775     9.8781     0.0006    1.84005    1.84007          1     0.1058     0.1245       6.84     0.3021     0.2294  1.000e-12  0.3575000    15.7587    15.7585    -0.0001    11.9895    11.9893     70.344     71.782      0.565    1467.20    1467.20  0.000e+00
      19746     71.500     9.8794     9.8799     0.0005    1.84104    1.84102          1     0.1047     0.1262       6.25     0.2927     0.1955  1.000e-12  0.3561000    15.7669    15.7666    -0.0003    11.9957    11.9954     70.839     72.285      0.526    1467.23    1467.23  0.000e+00
      19770     72.000     9.8687     9.8691     0.0004    1.84154    1.84155          1     0.0995     0.1218       5.86     0.2918     0.2079  1.000e-12  0.3601000    15.7761    15.7761    -0.0001    12.0042    12.0041     71.335     72.788      0.511    1467.21    1467.21  0.000e+00
      19792     72.500     9.8552     9.8572     0.0019    1.84220    1.84220          1     0.0937     0.1174       5.41     0.3069     0.2317  1.000e-12  0.3578000    15.7880    15.7872    -0.0008    12.0151    12.0142     71.830     73.292      0.551    1467.18    1467.18  0.000e+00
      19813     73.000     9.8442     9.8451     0.0010    1.84254    1.84260          1     0.0960     0.1140       4.93     0.2963     0.2311  1.000e-12  0.3478000    15.7959    15.7961     0.0001    12.0227    12.0227     72.325     73.795      0.565    1467.15    1467.16  0.000e+00
      19836     73.500     9.8461     9.8465     0.0004    1.84476    1.84470          1     0.0963     0.1209       4.41     0.3081     0.2123  1.000e-12  0.3528000    15.8157    15.8150    -0.0007    12.0378    12.0372     72.821     74.298      0.447    1467.19    1467.19  0.000e+00
      20235     74.000     9.8831     9.8645    -0.0186    1.84295    1.84588          1     0.1048     0.1143       3.52     0.2988     0.2288  1.000e-12  0.3416000    15.7825    15.8180     0.0355    12.0073    12.0373     73.316     74.801     -0.038    1467.30    1467.27  0.000e+00
