ctdpy/tests/etc/data_aranda/SBE09_0745_20181209_1122_34_01_0173.cnv
* Sea-Bird SBE 9 Data File:
* FileName = C:\ctd\temp\ar18d173.hex
* Software Version Seasave V 7.26.7.107
* Temperature SN = 4387
* Conductivity SN = 2994
* Number of Bytes Per Scan = 41
* Number of Voltage Words = 4
* Number of Scans Averaged by the Deck Unit = 1
* NMEA Latitude = 55 37.05 N
* NMEA Longitude = 014 52.05 E
* NMEA UTC (Time) = Dec 09 2018  11:22:13
* NMEA baud rate = 4800
** Station:  Hanobukten
** Operator:  OBac
** Ship: ARANDA
** Average sound velocity: 1454.21 m/s
** True-depth calculation Sun, 09 Dec 2018 13:03:01 +0000
** CTD Python Module SMHI /ver 3-12/ feb 2012 
** LIMS Job: 20183401-0173
** Cruise: SMHI-7-2018
** Latitude [GG MM.mm N]:
** Longitude [GG MM.mm E]
# nquan = 26
# nvalues = 147                         
# units = specified
# name 0 = scan: Scan Count
# name 1 = prDM: Pressure, Digiquartz [db]
# name 2 = t090C: Temperature [ITS-90, deg C]
# name 3 = t190C: Temperature, 2 [ITS-90, deg C]
# name 4 = T2-T190C: Temperature Difference, 2 - 1 [ITS-90, deg C]
# name 5 = c0S/m: Conductivity [S/m]
# name 6 = c1S/m: Conductivity, 2 [S/m]
# name 7 = pumps: Pump Status
# name 8 = sbeox0ML/L: Oxygen, SBE 43 [ml/l]
# name 9 = sbeox1ML/L: Oxygen, SBE 43, 2 [ml/l]
# name 10 = altM: Altimeter [m]
# name 11 = flECO-AFL: Chl-a Fluorescence, WET Labs ECO-AFL/FL [mg/m^3]
# name 12 = flECO-AFL1: Phycocyanin Fluorescence, WET Labs ECO-AFL/FL, 2 [mg/m^3]
# name 13 = par: PAR/Irradiance, Biospherical/Lico [µE/(cm^2*s)]
# name 14 = turbWETntu0: Turbidity, WET Labs ECO [NTU]
# name 15 = sal00: Salinity, Practical [PSU]
# name 16 = sal11: Salinity, Practical, 2 [PSU]
# name 17 = secS-priS: Salinity, Practical, Difference, 2 - 1 [PSU]
# name 18 = sigma-t00: Density [sigma-t, Kg/m^3 ]
# name 19 = sigma-t11: Density, 2 [sigma-t, Kg/m^3 ]
# name 20 = depSM: Depth [salt water, m], lat = 55.6175
# name 21 = depFM: Depth [true depth, m], lat = 55.6175
# name 22 = dz/dtM: Descent Rate [m/s], WS = 2
# name 23 = svCM: Sound Velocity [Chen-Millero, m/s]
# name 24 = svCM1: Sound Velocity, 2 [Chen-Millero, m/s]
# name 25 = flag: flag
# span 0 =      16455,      20235       
# span 1 =      1.000,     74.000       
# span 2 =     7.3935,    11.7816       
# span 3 =     7.3941,    11.7814       
# span 4 =    -0.0265,     0.0298       
# span 5 =   0.898827,   1.844760       
# span 6 =   0.898919,   1.845876       
# span 7 =          1,          1       
# span 8 =    0.09371,    7.82005       
# span 9 =    0.11403,    7.81227       
# span 10 =       3.52,     100.12      
# span 11 =     0.2271,     1.0076      
# span 12 =     0.1360,     0.3989      
# span 13 = -8.838e-06, 4.3577e+02      
# span 14 =     0.1508,     0.4194      
# span 15 =     7.7920,    15.8157      
# span 16 =     7.7928,    15.8180      
# span 17 =    -0.0088,     0.0355      
# span 18 =     6.0230,    12.0378      
# span 19 =     6.0236,    12.0373      
# span 20 =      0.991,     73.316      
# span 21 =      1.012,     74.801      
# span 22 =     -0.038,      0.734      
# span 23 =    1446.43,    1472.62      
# span 24 =    1446.43,    1472.62      
# span 25 = 0.0000e+00, 0.0000e+00      
# interval = decibars: 0.5              
# start_time = Dec 09 2018 11:22:13 [NMEA time, first data scan]
# bad_flag = -9.990e-29
*END*
[from data line 56]
      17847     29.000     7.3979     7.3978    -0.0000    0.89938    0.89943          1     7.8014     7.7974      22.78     0.9074     0.3228  2.417e-01  0.3110000     7.7928     7.7932     0.0004     6.0234     6.0237     28.735     29.361      0.538    1446.89    1446.89  0.000e+00
      17870     29.500     7.3976     7.3983     0.0007    0.89937    0.89946          1     7.8104     7.7896      27.67     0.9181     0.3222  2.176e-01  0.3072000     7.7927     7.7934     0.0007     6.0233     6.0238     29.230     29.867      0.516    1446.89    1446.90  0.000e+00
      17893     30.000     7.3983     7.3987     0.0004    0.89942    0.89950          1     7.8123     7.7825      48.34     0.9009     0.3330  1.920e-01  0.3153000     7.7929     7.7936     0.0006     6.0235     6.0239     29.726     30.373      0.521    1446.90    1446.91  0.000e+00
      17915     30.500     7.3992     7.3994     0.0002    0.89949    0.89955          1     7.8048     7.7858      48.48     0.8951     0.3375  1.664e-01  0.3176000     7.7933     7.7939     0.0006     6.0237     6.0241     30.221     30.879      0.555    1446.92    1446.92  0.000e+00
      17937     31.000     7.3985     7.3991     0.0006    0.89945    0.89954          1     7.8036     7.7949      48.12     0.8963     0.3673  1.382e-01  0.3066000     7.7931     7.7937     0.0007     6.0235     6.0240     30.717     31.386      0.552    1446.92    1446.92  0.000e+00
      17959     31.500     7.3978     7.3982     0.0004    0.89941    0.89949          1     7.8056     7.7868      47.73     0.8942     0.3767  1.215e-01  0.2978000     7.7928     7.7934     0.0006     6.0234     6.0239     31.212     31.892      0.503    1446.93    1446.93  0.000e+00
      17984     32.000     7.3976     7.3980     0.0004    0.89941    0.89948          1     7.8060     7.7843      63.29     0.9008     0.3412  1.096e-01  0.3051000     7.7927     7.7933     0.0006     6.0234     6.0238     31.707     32.398      0.485    1446.93    1446.94  0.000e+00
      18008     32.500     7.3978     7.3979     0.0002    0.89942    0.89948          1     7.8108     7.7895      46.50     0.9138     0.3230  9.215e-02  0.3027000     7.7927     7.7933     0.0006     6.0233     6.0238     32.203     32.904      0.567    1446.94    1446.94  0.000e+00
      18027     33.000     7.3976     7.3976     0.0000    0.89941    0.89946          1     7.8110     7.7929      46.18     0.8926     0.3227  7.569e-02  0.2926000     7.7926     7.7931     0.0005     6.0233     6.0236     32.698     33.410      0.631    1446.95    1446.95  0.000e+00
      18046     33.500     7.3974     7.3978     0.0004    0.89941    0.89948          1     7.8094     7.7992      45.69     0.8910     0.3580  6.058e-02  0.3037000     7.7926     7.7932     0.0006     6.0233     6.0237     33.194     33.917      0.605    1446.96    1446.96  0.000e+00
      18068     34.000     7.3978     7.3978     0.0001    0.89944    0.89950          1     7.8110     7.7968      45.16     0.8916     0.3491  4.834e-02  0.2976000     7.7928     7.7933     0.0005     6.0234     6.0238     33.689     34.423      0.506    1446.97    1446.97  0.000e+00
      18094     34.500     7.3972     7.3977     0.0004    0.89941    0.89948          1     7.8096     7.7797      44.07     0.8891     0.3681  3.581e-02  0.2924000     7.7925     7.7931     0.0006     6.0232     6.0236     34.184     34.929      0.468    1446.97    1446.97  0.000e+00
      18118     35.000     7.3972     7.3978     0.0005    0.89941    0.89950          1     7.8087     7.7783      43.65     0.8902     0.3642  2.534e-02  0.3002000     7.7925     7.7932     0.0007     6.0232     6.0237     34.680     35.435      0.535    1446.98    1446.98  0.000e+00
      18139     35.500     7.3975     7.3978     0.0004    0.89944    0.89952          1     7.8080     7.7834      43.17     0.8876     0.3243  1.676e-02  0.3032000     7.7927     7.7933     0.0006     6.0233     6.0238     35.175     35.942      0.561    1446.99    1446.99  0.000e+00
      18161     36.000     7.3983     7.3987     0.0004    0.89950    0.89958          1     7.8091     7.7876      42.53     0.8810     0.3261  4.670e-03  0.3045000     7.7929     7.7936     0.0007     6.0234     6.0239     35.671     36.448      0.522    1447.00    1447.00  0.000e+00
      18186     36.500     7.3995     7.3998     0.0003    0.89959    0.89966          1     7.8098     7.7816      42.14     0.8983     0.3383  4.668e-04  0.3135000     7.7935     7.7940     0.0006     6.0238     6.0242     36.166     36.954      0.492    1447.01    1447.02  0.000e+00
      18209     37.000     7.3998     7.3999     0.0001    0.89963    0.89968          1     7.8096     7.7727      41.39     0.9092     0.3240 -8.838e-06  0.2994000     7.7937     7.7941     0.0004     6.0239     6.0242     36.661     37.460      0.537    1447.02    1447.02  0.000e+00
      18230     37.500     7.3994     7.4002     0.0008    0.89959    0.89969          1     7.8096     7.7712      41.10     0.9195     0.3579  1.000e-12  0.2992000     7.7933     7.7941     0.0008     6.0237     6.0242     37.157     37.966      0.594    1447.03    1447.03  0.000e+00
      18250     38.000     7.4002     7.4006     0.0004    0.89965    0.89972          1     7.8102     7.7721      40.43     0.9202     0.3451  1.000e-12  0.2947000     7.7936     7.7942     0.0006     6.0239     6.0243     37.652     38.473      0.584    1447.04    1447.04  0.000e+00
      18272     38.500     7.4006     7.4009     0.0003    0.89968    0.89975          1     7.8092     7.7741      40.13     0.9022     0.3259  1.000e-12  0.3001000     7.7938     7.7944     0.0006     6.0240     6.0244     38.147     38.979      0.500    1447.05    1447.05  0.000e+00
      18298     39.000     7.4003     7.4007     0.0004    0.89968    0.89976          1     7.8079     7.7796      39.68     0.8928     0.3381  1.000e-12  0.3094000     7.7938     7.7944     0.0006     6.0240     6.0245     38.643     39.485      0.463    1447.06    1447.06  0.000e+00
      18323     39.500     7.4009     7.4013     0.0004    0.89971    0.89979          1     7.8063     7.7778      39.05     0.9076     0.3609  1.000e-12  0.3079000     7.7938     7.7945     0.0006     6.0240     6.0245     39.138     39.991      0.549    1447.07    1447.07  0.000e+00
      18343     40.000     7.4016     7.4020     0.0005    0.89975    0.89984          1     7.8022     7.7808      38.76     0.9293     0.3382  1.000e-12  0.3082000     7.7940     7.7947     0.0007     6.0241     6.0246     39.633     40.498      0.629    1447.08    1447.08  0.000e+00
      18361     40.500     7.4023     7.4029     0.0006    0.89981    0.89990          1     7.7985     7.7794      38.13     0.9441     0.3001  1.000e-12  0.3114000     7.7943     7.7951     0.0007     6.0243     6.0248     40.129     41.004      0.623    1447.09    1447.09  0.000e+00
      18382     41.000     7.4030     7.4033     0.0003    0.89991    0.89995          1     7.7986     7.7853      37.74     0.8927     0.3259  1.000e-12  0.3115000     7.7951     7.7953     0.0002     6.0248     6.0250     40.624     41.510      0.534    1447.10    1447.10  0.000e+00
      18407     41.500     7.4033     7.4037     0.0004    0.89999    0.90008          1     7.8008     7.7806      37.13     0.9056     0.3539  1.000e-12  0.3113000     7.7957     7.7964     0.0007     6.0252     6.0258     41.120     42.016      0.441    1447.11    1447.12  0.000e+00
      18435     42.000     7.4033     7.4038     0.0004    0.90000    0.90009          1     7.8072     7.7762      36.61     0.9075     0.3620  1.000e-12  0.3002000     7.7957     7.7964     0.0007     6.0253     6.0258     41.615     42.522      0.487    1447.12    1447.12  0.000e+00
      18457     42.500     7.4054     7.4058     0.0004    0.90027    0.90036          1     7.8037     7.7736      36.24     0.9422     0.3347  1.000e-12  0.2933000     7.7977     7.7985     0.0008     6.0267     6.0273     42.110     43.029      0.589    1447.14    1447.14  0.000e+00
      18476     43.000     7.4125     7.4154     0.0029    0.90123    0.90169          1     7.7913     7.7653      35.77     0.9145     0.2801  1.000e-12  0.3086000     7.8050     7.8086     0.0037     6.0318     6.0345     42.606     43.535      0.627    1447.19    1447.20  0.000e+00
      18495     43.500     7.4199     7.4203     0.0005    0.90228    0.90239          1     7.7832     7.7652      35.35     0.8888     0.2931  1.000e-12  0.3174000     7.8130     7.8140     0.0010     6.0376     6.0383     43.101     44.041      0.592    1447.23    1447.24  0.000e+00
      18517     44.000     7.4204     7.4207     0.0002    0.90236    0.90243          1     7.7837     7.7669      34.70     0.8788     0.3179  1.000e-12  0.3160000     7.8136     7.8142     0.0006     6.0381     6.0385     43.596     44.547      0.520    1447.25    1447.25  0.000e+00
      18542     44.500     7.4202     7.4209     0.0007    0.90254    0.90260          1     7.7838     7.7605      34.21     0.8840     0.3250  1.000e-12  0.3007000     7.8153     7.8157     0.0004     6.0394     6.0396     44.092     45.054      0.473    1447.25    1447.26  0.000e+00
      18567     45.000     7.4189     7.4201     0.0012    0.90268    0.90274          1     7.7728     7.7490      33.66     0.9032     0.3154  1.000e-12  0.3093000     7.8168     7.8171     0.0002     6.0407     6.0408     44.587     45.560      0.490    1447.26    1447.26  0.000e+00
      18591     45.500     7.4189     7.4192     0.0003    0.90318    0.90322          1     7.7561     7.7380      33.10     0.8763     0.3163  1.000e-12  0.2995000     7.8214     7.8218     0.0003     6.0443     6.0445     45.082     46.066      0.547    1447.27    1447.27  0.000e+00
      18611     46.000     7.4219     7.4224     0.0005    0.90365    0.90377          1     7.7492     7.7265      32.69     0.8775     0.3438  1.000e-12  0.3058000     7.8251     7.8261     0.0010     6.0469     6.0477     45.578     46.572      0.590    1447.30    1447.30  0.000e+00
      18631     46.500     7.4599     7.4563    -0.0036    0.90826    0.90817          1     7.7156     7.6805      32.18     0.8412     0.3989  1.000e-12  0.3144000     7.8593     7.8593    -0.0000     6.0709     6.0712     46.073     47.078      0.591    1447.51    1447.49  0.000e+00
      18652     47.000     7.5303     7.5282    -0.0021    0.91623    0.91636          1     7.6213     7.5738      31.77     0.8179     0.3404  1.000e-12  0.3055000     7.9175     7.9192     0.0017     6.1112     6.1127     46.569     47.585      0.561    1447.88    1447.87  0.000e+00
      18674     47.500     7.6129     7.6097    -0.0032    0.92674    0.92668          1     7.4430     7.3893      30.55     0.7961     0.2940  1.000e-12  0.3022000     7.9963     7.9964     0.0002     6.1666     6.1669     47.064     48.091      0.513    1448.32    1448.31  0.000e+00
      18699     48.000     7.7314     7.7233    -0.0081    0.94440    0.94391          1     7.1898     7.1133      30.05     0.7633     0.3104  1.000e-12  0.3154000     8.1327     8.1301    -0.0026     6.2641     6.2627     47.559     48.597      0.471    1448.99    1448.95  0.000e+00
      18725     48.500     7.9840     7.9781    -0.0060    0.99775    0.99673          1     6.8190     6.6571      29.33     0.6899     0.3144  1.000e-12  0.3112000     8.5664     8.5584    -0.0080     6.5829     6.5771     48.055     49.103      0.489    1450.57    1450.53  0.000e+00
      18748     49.000     8.5426     8.5263    -0.0164    1.09899    1.09756          1     6.1366     5.9111      29.07     0.5967     0.2943  1.000e-12  0.3087000     9.3577     9.3489    -0.0088     7.1516     7.1463     48.550     49.609      0.549    1453.81    1453.73  0.000e+00
      18769     49.500     9.1769     9.1507    -0.0265    1.20254    1.20108          1     5.3993     5.1820      28.68     0.4779     0.2876  1.000e-12  0.2990000    10.1314    10.1255    -0.0059     7.6924     7.6904     49.045     50.114      0.588    1457.29    1457.18  0.000e+00
      18789     50.000     9.4840     9.4774    -0.0063    1.25881    1.25827          1     4.6974     4.4809      28.29     0.3896     0.3080  1.000e-12  0.2833000    10.5551    10.5521    -0.0030     7.9900     7.9883     49.541     50.619      0.597    1459.02    1458.99  0.000e+00
      18809     50.500     9.3328     9.3323    -0.0005    1.31221    1.31221          1     4.0961     3.8809      27.85     0.3197     0.2810  1.000e-12  0.2851000    11.0867    11.0870     0.0003     8.4201     8.4204     50.036     51.125      0.590    1459.09    1459.09  0.000e+00
      18830     51.000     9.4953     9.4855    -0.0101    1.36742    1.36768          1     3.8001     3.6562      27.34     0.2812     0.2586  1.000e-12  0.3067000    11.5402    11.5457     0.0055     8.7552     8.7606     50.531     51.630      0.560    1460.28    1460.25  0.000e+00
      18852     51.500    10.0515    10.0354    -0.0159    1.42890    1.42858          1     3.9499     3.9299      26.81     0.2727     0.2421  1.000e-12  0.3161000    11.9178    11.9202     0.0024     8.9843     8.9881     51.027     52.134      0.495    1462.90    1462.84  0.000e+00
      18878     52.000    10.4950    10.4943    -0.0007    1.48688    1.48707          1     3.8700     3.8196      26.43     0.2660     0.2066  1.000e-12  0.2725000    12.2934    12.2954     0.0020     9.2219     9.2235     51.522     52.639      0.464    1465.05    1465.05  0.000e+00
      18903     52.500    10.5200    10.5195    -0.0004    1.50769    1.50779          1     3.2763     3.1529      25.86     0.2457     0.2153  1.000e-12  0.2287000    12.4716    12.4728     0.0011     9.3570     9.3579     52.017     53.144      0.526    1465.37    1465.37  0.000e+00
      18924     53.000    10.6984    10.6961    -0.0025    1.54129    1.54142          1     2.9948     2.9131      25.49     0.2317     0.2420  1.000e-12  0.2113000    12.7113    12.7133     0.0020     9.5201     9.5219     52.513     53.648      0.585    1466.34    1466.34  0.000e+00
      18944     53.500    10.9072    10.9003    -0.0068    1.57858    1.57833          1     2.9345     2.8940      24.97     0.2481     0.2137  1.000e-12  0.1946000    12.9717    12.9719     0.0002     9.6946     9.6956     53.008     54.152      0.589    1467.45    1467.42  0.000e+00
      18965     54.000    11.0157    11.0117    -0.0041    1.60541    1.60525          1     2.8941     2.8754      24.39     0.2271     0.2483  1.000e-12  0.1791000    13.1723    13.1723     0.0000     9.8355     9.8361     53.503     54.657      0.551    1468.10    1468.09  0.000e+00
      18988     54.500    11.2476    11.2412    -0.0062    1.64127    1.64102          1     2.7535     2.7254      23.85     0.2504     0.2517  1.000e-12  0.1845000    13.4079    13.4080     0.0001     9.9866     9.9875     53.999     55.161      0.509    1469.26    1469.23  0.000e+00
      19013     55.000    11.3596    11.3594    -0.0002    1.66752    1.66769          1     2.5598     2.5197      23.27     0.2621     0.2517  1.000e-12  0.1840000    13.5999    13.6015     0.0016    10.1197    10.1209     54.494     55.665      0.492    1469.91    1469.91  0.000e+00
      19037     55.500    11.4581    11.4560    -0.0021    1.68837    1.68853          1     2.4524     2.4232      22.80     0.2708     0.2167  1.000e-12  0.1859000    13.7483    13.7505     0.0022    10.2207    10.2227     54.989     56.169      0.542    1470.46    1470.45  0.000e+00
      19057     56.000    11.5781    11.5727    -0.0054    1.71141    1.71084          1     2.3669     2.3411      22.27     0.2673     0.2200  1.000e-12  0.1826000    13.9074    13.9044    -0.0030    10.3268    10.3252     55.485     56.674      0.608    1471.10    1471.08  0.000e+00
