ctdpy/tests/etc/CTD_Umeå/a5_v27_17.cnv
* Sea-Bird SBE19plus Data File:
* FileName = C:\CTD\CTD 2017\v27_K13\A5_v27_17.hex
* Software Version 1.59
* Temperature SN =  4644
* Conductivity SN =  4644
* System UpLoad Time = Jul 05 2017 09:00:14
** A4 2017K13 v27
* ds
# nquan = 11
# nvalues = 95                          
# units = specified
# name 0 = prdM: Pressure, Strain Gauge [db]
# name 1 = c0S/m: Conductivity [S/m]
# name 2 = tv290C: Temperature [ITS-90, deg C]
# name 3 = par: PAR/Irradiance, Biospherical/Licor
# name 4 = dz/dtM: Descent Rate [m/s]
# name 5 = sbeox0ML/L: Oxygen, SBE 43 [ml/l]
# name 6 = density00: Density [density, kg/m^3]
# name 7 = sal00: Salinity, Practical [PSU]
# name 8 = depFM: Depth [fresh water, m], lat = 0
# name 9 = nbin: number of scans per bin
# name 10 = flag: flag
# span 0 =      1.000,     95.000       
# span 1 =   0.308321,   0.381425       
# span 2 =     1.5417,    10.6086       
# span 3 = 8.9549e-02, 5.3710e+01       
# span 4 =      0.030,      1.397       
# span 5 =     7.0846,     9.4038       
# span 6 =  1001.8784,  1003.0101       
# span 7 =     2.7739,     3.2226       
# span 8 =      1.019,     96.873       
# span 9 =          3,         15       
# span 10 = 0.0000e+00, 0.0000e+00      
# interval = decibars: 1                
# start_time = Jul 05 2017 08:42:16 [Instrument's time stamp, header]
# bad_flag = -9.990e-29
*END*
      1.000   0.381276    10.5950 5.3710e+01      0.030     7.0846  1001.8784     2.8471      1.019          9 0.0000e+00
      2.000   0.381131    10.5845 3.8318e+01      0.177     8.2692  1001.8839     2.8467      2.040          8 0.0000e+00
      3.000   0.381136    10.5856 1.9573e+01      0.656     8.0987  1001.8885     2.8466      3.059          5 0.0000e+00
      4.000   0.381201    10.5908 1.0535e+01      0.947     8.0350  1001.8927     2.8467      4.079          4 0.0000e+00
      5.000   0.381262    10.5959 5.5418e+00      1.243     8.0428  1001.8970     2.8467      5.099          3 0.0000e+00
      6.000   0.381312    10.6001 3.5231e+00      1.219     8.0478  1001.9013     2.8468      6.118          4 0.0000e+00
      7.000   0.381368    10.6048 2.3911e+00      1.125     8.0115  1001.9056     2.8468      7.138          3 0.0000e+00
      8.000   0.381417    10.6086 1.5473e+00      1.106     7.9530  1001.9100     2.8469      8.158          4 0.0000e+00
      9.000   0.381425    10.6085 9.4684e-01      1.136     7.9539  1001.9148     2.8469      9.178          3 0.0000e+00
     10.000   0.381277    10.5906 6.2994e-01      1.121     8.0903  1001.9215     2.8471     10.197          4 0.0000e+00
     11.000   0.380726    10.5384 4.6709e-01      1.047     8.1958  1001.9313     2.8467     11.217          4 0.0000e+00
     12.000   0.380045    10.4756 3.2554e-01      1.049     8.1923  1001.9421     2.8461     12.236          3 0.0000e+00
     13.000   0.378744    10.3452 2.2892e-01      1.155     8.3338  1001.9598     2.8458     13.256          4 0.0000e+00
     14.000   0.376113    10.0987 1.7303e-01      1.218     8.6594  1001.9874     2.8438     14.276          3 0.0000e+00
     15.000   0.372713     9.7735 1.4769e-01      1.143     8.7732  1002.0215     2.8417     15.296          4 0.0000e+00
     16.000   0.366828     9.1906 1.3198e-01      1.027     8.8415  1002.0761     2.8395     16.315          4 0.0000e+00
     17.000   0.351859     7.8841 1.1870e-01      1.011     8.7461  1002.1621     2.8180     17.335          4 0.0000e+00
     18.000   0.334807     6.4754 1.0944e-01      1.092     8.6510  1002.2229     2.7842     18.355          3 0.0000e+00
     19.000   0.326082     5.5904 1.0369e-01      1.150     8.8829  1002.2604     2.7787     19.375          4 0.0000e+00
     20.000   0.320522     4.9504 1.0081e-01      1.069     9.2174  1002.2861     2.7810     20.395          4 0.0000e+00
     21.000   0.315231     4.4335 9.8348e-02      0.956     9.4038  1002.2973     2.7752     21.414          4 0.0000e+00
     22.000   0.311429     4.0248 9.6423e-02      0.955     9.3327  1002.3069     2.7739     22.434          4 0.0000e+00
     23.000   0.309290     3.7303 9.4959e-02      1.023     9.2446  1002.3180     2.7786     23.453          4 0.0000e+00
     24.000   0.308673     3.5443 9.3986e-02      1.055     9.2725  1002.3318     2.7885     24.473          4 0.0000e+00
     25.000   0.308321     3.4021 9.3158e-02      1.041     9.2886  1002.3441     2.7973     25.493          4 0.0000e+00
     26.000   0.309413     3.3747 9.2806e-02      1.021     9.2432  1002.3594     2.8102     26.512          3 0.0000e+00
     27.000   0.310367     3.3463 9.2602e-02      1.033     9.1122  1002.3736     2.8218     27.532          4 0.0000e+00
     28.000   0.311761     3.3664 9.2244e-02      1.079     9.0802  1002.3879     2.8334     28.552          4 0.0000e+00
     29.000   0.312981     3.3569 9.2278e-02      1.077     9.1874  1002.4029     2.8459     29.572          4 0.0000e+00
     30.000   0.313500     3.3328 9.1715e-02      0.968     9.2444  1002.4135     2.8530     30.591          4 0.0000e+00
     31.000   0.314056     3.2981 9.1121e-02      0.901     9.2163  1002.4251     2.8614     31.611          4 0.0000e+00
     32.000   0.312591     3.1018 9.2145e-02      0.968     9.2061  1002.4322     2.8646     32.631          4 0.0000e+00
     33.000   0.310571     2.8635 9.1383e-02      1.048     9.1603  1002.4372     2.8660     33.651          4 0.0000e+00
     34.000   0.309747     2.7154 9.1289e-02      1.109     9.0467  1002.4450     2.8711     34.670          4 0.0000e+00
     35.000   0.310017     2.6534 9.1202e-02      1.109     9.0047  1002.4560     2.8793     35.690          4 0.0000e+00
     36.000   0.310832     2.6317 9.1691e-02      1.016     9.0777  1002.4687     2.8893     36.710          4 0.0000e+00
     37.000   0.311590     2.6307 9.1816e-02      0.885     9.1357  1002.4797     2.8968     37.730          4 0.0000e+00
     38.000   0.312227     2.6295 9.1241e-02      0.886     9.1265  1002.4897     2.9031     38.749          4 0.0000e+00
     39.000   0.312862     2.6012 9.1088e-02      1.041     9.0445  1002.5014     2.9119     39.769          4 0.0000e+00
     40.000   0.313479     2.5666 9.1284e-02      1.149     8.9561  1002.5134     2.9211     40.788          4 0.0000e+00
     41.000   0.314217     2.5484 9.1097e-02      1.082     8.9447  1002.5253     2.9300     41.808          4 0.0000e+00
     42.000   0.314834     2.5299 9.1269e-02      0.898     8.9986  1002.5362     2.9378     42.828          4 0.0000e+00
     43.000   0.315107     2.4769 9.1092e-02      0.805     9.0437  1002.5466     2.9453     43.848          5 0.0000e+00
     44.000   0.315208     2.3848 9.0801e-02      0.897     8.9923  1002.5580     2.9548     44.867          4 0.0000e+00
     45.000   0.315749     2.2798 9.0831e-02      1.088     8.8524  1002.5735     2.9699     45.887          3 0.0000e+00
     46.000   0.316869     2.2069 8.9811e-02      1.160     8.6511  1002.5918     2.9879     46.907          4 0.0000e+00
     47.000   0.318108     2.1637 9.1146e-02      0.968     8.6675  1002.6092     3.0044     47.927          5 0.0000e+00
     48.000   0.318795     2.1105 9.1176e-02      0.712     8.8840  1002.6228     3.0163     48.946          5 0.0000e+00
     49.000   0.318994     2.0337 9.1077e-02      0.796     8.9193  1002.6338     3.0256     49.966          4 0.0000e+00
     50.000   0.319518     1.9636 9.1107e-02      1.118     8.7478  1002.6470     3.0375     50.986          3 0.0000e+00
     51.000   0.320975     1.9158 9.1044e-02      1.317     8.5194  1002.6665     3.0568     52.005          4 0.0000e+00
     52.000   0.322754     1.9059 9.0828e-02      1.025     8.5396  1002.6865     3.0757     53.025          5 0.0000e+00
     53.000   0.323264     1.8833 9.1032e-02      0.649     8.7369  1002.6968     3.0830     54.045          4 0.0000e+00
     54.000   0.323761     1.8339 9.0976e-02      0.756     8.7719  1002.7086     3.0928     55.065          4 0.0000e+00
     55.000   0.324967     1.7947 9.1003e-02      1.069     8.6526  1002.7257     3.1088     56.084          4 0.0000e+00
     56.000   0.326430     1.7766 9.0852e-02      1.238     8.5448  1002.7436     3.1255     57.104          4 0.0000e+00
     57.000   0.327626     1.7638 9.0974e-02      1.156     8.4967  1002.7591     3.1388     58.124          4 0.0000e+00
     58.000   0.328497     1.7436 9.0970e-02      0.893     8.5124  1002.7723     3.1497     59.144          4 0.0000e+00
     59.000   0.328860     1.7103 9.0851e-02      0.748     8.5658  1002.7821     3.1566     60.163          5 0.0000e+00
     60.000   0.329179     1.6717 9.0740e-02      0.899     8.5574  1002.7918     3.1637     61.183          3 0.0000e+00
     61.000   0.329616     1.6480 9.0630e-02      1.183     8.4510  1002.8017     3.1705     62.203          4 0.0000e+00
     62.000   0.330261     1.6420 9.0846e-02      1.334     8.2901  1002.8123     3.1776     63.222          3 0.0000e+00
     63.000   0.331122     1.6521 9.0833e-02      1.087     8.2168  1002.8238     3.1854     64.242          5 0.0000e+00
     64.000   0.331505     1.6566 9.0750e-02      0.679     8.3617  1002.8316     3.1887     65.262          5 0.0000e+00
     65.000   0.331250     1.6391 9.0708e-02      0.725     8.4322  1002.8355     3.1878     66.281          4 0.0000e+00
     66.000   0.331238     1.6192 9.0773e-02      1.035     8.3704  1002.8414     3.1897     67.301          3 0.0000e+00
     67.000   0.331497     1.6101 9.0855e-02      1.273     8.2519  1002.8490     3.1932     68.321          4 0.0000e+00
     68.000   0.332020     1.6130 9.0601e-02      1.216     8.1944  1002.8581     3.1982     69.340          4 0.0000e+00
     69.000   0.332541     1.6184 9.0789e-02      0.879     8.2923  1002.8670     3.2029     70.360          5 0.0000e+00
     70.000   0.332670     1.6114 9.0624e-02      0.678     8.4176  1002.8734     3.2048     71.380          4 0.0000e+00
     71.000   0.332611     1.5891 9.0640e-02      0.833     8.4502  1002.8791     3.2065     72.400          4 0.0000e+00
     72.000   0.332617     1.5738 9.0639e-02      1.124     8.3912  1002.8850     3.2081     73.420          3 0.0000e+00
     73.000   0.332748     1.5678 9.0507e-02      1.358     8.2221  1002.8914     3.2100     74.439          4 0.0000e+00
     74.000   0.333095     1.5714 9.0552e-02      1.306     8.0707  1002.8989     3.2131     75.459          4 0.0000e+00
     75.000   0.333571     1.5796 9.0484e-02      0.908     8.1216  1002.9074     3.2170     76.479          4 0.0000e+00
     76.000   0.333358     1.5792 9.0577e-02      0.640     8.3304  1002.9106     3.2149     77.498          4 0.0000e+00
     77.000   0.333115     1.5658 9.0444e-02      0.899     8.3919  1002.9142     3.2136     78.518          4 0.0000e+00
     78.000   0.333079     1.5572 9.0345e-02      1.244     8.3395  1002.9194     3.2141     79.538          3 0.0000e+00
     79.000   0.333148     1.5540 9.0329e-02      1.397     8.2892  1002.9250     3.2151     80.557          3 0.0000e+00
     80.000   0.333333     1.5555 9.0454e-02      1.250     8.3180  1002.9315     3.2167     81.577          4 0.0000e+00
     81.000   0.333418     1.5574 9.0470e-02      0.986     8.3731  1002.9370     3.2173     82.597          4 0.0000e+00
     82.000   0.333385     1.5534 9.0541e-02      0.946     8.4115  1002.9419     3.2174     83.617          4 0.0000e+00
     83.000   0.333351     1.5485 9.0522e-02      1.080     8.4140  1002.9468     3.2175     84.636          3 0.0000e+00
     84.000   0.333336     1.5451 9.0377e-02      1.169     8.4258  1002.9518     3.2176     85.656          4 0.0000e+00
     85.000   0.333340     1.5435 9.0227e-02      1.206     8.3587  1002.9569     3.2177     86.676          3 0.0000e+00
     86.000   0.333373     1.5443 9.0353e-02      1.242     8.2710  1002.9621     3.2179     87.695          3 0.0000e+00
     87.000   0.333451     1.5479 9.1456e-02      1.206     8.3213  1002.9674     3.2183     88.715          4 0.0000e+00
     88.000   0.333489     1.5497 9.0454e-02      1.054     8.3856  1002.9726     3.2184     89.735          4 0.0000e+00
     89.000   0.333473     1.5471 9.0098e-02      0.972     8.4167  1002.9775     3.2185     90.755          4 0.0000e+00
     90.000   0.333467     1.5433 9.0119e-02      1.036     8.3306  1002.9827     3.2187     91.774          4 0.0000e+00
     91.000   0.333527     1.5417 9.0315e-02      1.097     8.2098  1002.9882     3.2195     92.794          4 0.0000e+00
     92.000   0.333667     1.5437 9.0170e-02      1.037     8.1207  1002.9941     3.2206     93.814          5 0.0000e+00
     93.000   0.333947     1.5601 9.0094e-02      0.740     7.9995  1003.0004     3.2217     94.834          9 0.0000e+00
     94.000   0.334394     1.5959 8.9927e-02      0.238     7.9723  1003.0070     3.2226     95.853         15 0.0000e+00
     95.000   0.334005     1.5719 8.9549e-02      0.291     8.0453  1003.0101     3.2210     96.873         11 0.0000e+00
