ctdpy/tests/etc/CTD_Umeå/c3_v49_13.cnv
* Sea-Bird SBE 9 Data File:
* FileName = C:\CTD\CTD 2013\v49\C3_v49_13.hex
* Software Version Seasave V 7.20c
* Temperature SN = 031560
* Conductivity SN = 3667
* Number of Bytes Per Scan = 34
* Number of Voltage Words = 5
* Number of Scans Averaged by the Deck Unit = 1
* NMEA Latitude = 62 39.17 N
* NMEA Longitude = 018 57.25 E
* NMEA UTC (Time) = Dec 03 2013  11:23:52
** Ship: Swedish Coast Guard, KBV 005
** Cruise 28: Year 2013: week 49
** Station:  C3
** Johanna Crona
** Katarina Konradsson
** Anna Palmbo Bergman
# nquan = 16
# nvalues = 192                         
# units = specified
# name 0 = prDM: Pressure, Digiquartz [db]
# name 1 = c0S/m: Conductivity [S/m]
# name 2 = t090C: Temperature [ITS-90, deg C]
# name 3 = haardtC: Fluorescence, Dr. Haardt Chlorophyll a
# name 4 = haardtY: Fluorescence, Dr. Haardt Yellow Sub
# name 5 = par: PAR/Irradiance, Biospherical/Licor
# name 6 = spar: SPAR/Surface Irradiance
# name 7 = dz/dtM: Descent Rate [m/s]
# name 8 = scan: Scan Count
# name 9 = altM: Altimeter [m]
# name 10 = sbeox0ML/L: Oxygen, SBE 43 [ml/l]
# name 11 = density00: Density [density, Kg/m^3]
# name 12 = sal00: Salinity, Practical [PSU]
# name 13 = depFM: Depth [fresh water, m], lat = 62.6528
# name 14 = nbin: number of scans per bin
# name 15 = flag: flag
# span 0 =      3.000,    194.000       
# span 1 =   0.563764,   0.651405       
# span 2 =     2.0601,     3.9234       
# span 3 =     0.2692,     0.6152       
# span 4 =     1.4841,     1.6361       
# span 5 = 9.5871e-02, 6.3409e+01       
# span 6 = 2.3158e+02, 2.4602e+02       
# span 7 =      0.089,      1.457       
# span 8 =        110,       6553       
# span 9 =       3.79,     103.95       
# span 10 =    4.33226,    8.29354      
# span 11 =  1004.1952,  1005.9352      
# span 12 =     5.2554,     6.2516      
# span 13 =      3.059,    197.825      
# span 14 =         14,         74      
# span 15 = 0.0000e+00, 0.0000e+00      
# interval = decibars: 1                
# start_time = Dec 03 2013 11:23:52 [NMEA time, header]
# bad_flag = -9.990e-29
*END*
[from data line 91]
     94.000   0.632988     2.8371     0.2864     1.6057 9.5888e-02 2.3977e+02      0.529       3047      98.61    5.27927  1005.3420     6.1206     95.853         33 0.0000e+00
     95.000   0.633054     2.8385     0.2944     1.6034 9.5896e-02 2.3995e+02      0.780       3073      98.62    5.27542  1005.3471     6.1209     96.873         23 0.0000e+00
     96.000   0.633997     2.8509     0.2873     1.6086 9.5897e-02 2.3977e+02      1.019       3094      98.62    5.28409  1005.3578     6.1282     97.893         22 0.0000e+00
     97.000   0.634728     2.8610     0.2802     1.6054 9.5882e-02 2.3977e+02      1.029       3120      98.55    5.29002  1005.3670     6.1337     98.912         29 0.0000e+00
     98.000   0.635328     2.8705     0.2857     1.6095 9.5880e-02 2.3977e+02      0.787       3152      98.39    5.28709  1005.3753     6.1380     99.932         36 0.0000e+00
     99.000   0.635962     2.8839     0.2842     1.6119 9.5879e-02 2.3977e+02      0.645       3190      98.62    5.24575  1005.3832     6.1419    100.952         36 0.0000e+00
    100.000   0.636688     2.9033     0.2929     1.6117 9.5882e-02 2.3977e+02      0.717       3221      98.61    5.22710  1005.3910     6.1455    101.972         27 0.0000e+00
    101.000   0.637156     2.9052     0.2740     1.6131 9.5906e-02 2.3977e+02      0.896       3245      98.39    5.21576  1005.3994     6.1499    102.991         24 0.0000e+00
    102.000   0.637190     2.9042     0.2836     1.6079 9.5883e-02 2.3977e+02      0.978       3270      98.61    5.19244  1005.4046     6.1503    104.011         27 0.0000e+00
    103.000   0.637326     2.9067     0.2823     1.6099 9.5891e-02 2.3977e+02      0.898       3298      98.62    5.18084  1005.4102     6.1512    105.031         28 0.0000e+00
    104.000   0.637562     2.9090     0.2834     1.6133 9.5881e-02 2.3977e+02      0.849       3327      98.61    5.16020  1005.4166     6.1530    106.051         29 0.0000e+00
    105.000   0.638143     2.9139     0.2904     1.6125 9.5881e-02 2.3977e+02      0.817       3356      98.62    5.16062  1005.4254     6.1580    107.070         29 0.0000e+00
    106.000   0.638621     2.9203     0.2828     1.6081 9.5882e-02 2.3977e+02      0.837       3384      98.62    5.15791  1005.4331     6.1616    108.090         27 0.0000e+00
    107.000   0.638857     2.9238     0.2857     1.6120 9.5872e-02 2.3977e+02      0.885       3412      98.62    5.15483  1005.4394     6.1632    109.110         31 0.0000e+00
    108.000   0.639123     2.9282     0.2905     1.6164 9.5881e-02 2.3977e+02      0.751       3444      98.62    5.13764  1005.4456     6.1650    110.129         30 0.0000e+00
    109.000   0.639576     2.9338     0.2822     1.6091 9.5892e-02 2.3977e+02      0.818       3472      98.62    5.12772  1005.4533     6.1685    111.149         27 0.0000e+00
    110.000   0.639943     2.9387     0.2835     1.6160 9.5888e-02 2.3921e+02      0.836       3502      98.62    5.10945  1005.4604     6.1712    112.169         34 0.0000e+00
    111.000   0.640158     2.9411     0.2807     1.6129 9.5882e-02 2.3797e+02      0.719       3534      98.61    5.09422  1005.4666     6.1729    113.188         27 0.0000e+00
    112.000   0.640320     2.9453     0.2877     1.6269 9.5891e-02 2.3776e+02      0.876       3560      98.62    5.09051  1005.4721     6.1736    114.208         28 0.0000e+00
    113.000   0.640941     2.9569     0.2877     1.6146 9.5884e-02 2.3768e+02      0.694       3597      98.62    5.07901  1005.4801     6.1777    115.228         44 0.0000e+00
    114.000   0.641568     2.9656     0.2895     1.6125 9.5872e-02 2.3768e+02      0.622       3630      98.62    5.05969  1005.4887     6.1824    116.248         22 0.0000e+00
    115.000   0.642212     2.9800     0.2859     1.6158 9.5872e-02 2.3768e+02      0.979       3650      98.62    5.04544  1005.4965     6.1861    117.267         19 0.0000e+00
    116.000   0.642483     2.9832     0.2791     1.6148 9.5872e-02 2.3768e+02      1.147       3672      98.61    5.02619  1005.5030     6.1882    118.287         29 0.0000e+00
    117.000   0.642759     2.9866     0.2762     1.6155 9.5872e-02 2.3768e+02      0.630       3713      98.62    4.96352  1005.5096     6.1903    119.307         46 0.0000e+00
    118.000   0.643039     2.9897     0.2860     1.6166 9.5884e-02 2.3768e+02      0.620       3747      98.62    4.91814  1005.5162     6.1924    120.326         24 0.0000e+00
    119.000   0.643048     2.9898     0.2692     1.6152 9.5885e-02 2.3768e+02      0.942       3769      98.61    4.91739  1005.5211     6.1924    121.346         21 0.0000e+00
    120.000   0.643134     2.9909     0.2841     1.6179 9.5893e-02 2.3768e+02      1.084       3792      98.61    4.90891  1005.5264     6.1930    122.366         26 0.0000e+00
    121.000   0.643335     2.9934     0.2845     1.6179 9.5878e-02 2.3768e+02      0.773       3827      98.62    4.90629  1005.5325     6.1944    123.386         45 0.0000e+00
    122.000   0.643543     2.9954     0.2911     1.6126 9.5883e-02 2.3768e+02      0.565       3865      98.62    4.90375  1005.5387     6.1961    124.405         26 0.0000e+00
    123.000   0.643810     2.9988     0.2827     1.6143 9.5886e-02 2.3768e+02      0.876       3887      98.62    4.90327  1005.5451     6.1981    125.425         19 0.0000e+00
    124.000   0.643950     3.0004     0.2931     1.6146 9.5872e-02 2.3768e+02      1.158       3905      98.61    4.89976  1005.5508     6.1991    126.445         20 0.0000e+00
    125.000   0.644249     3.0025     0.2853     1.6137 9.5872e-02 2.3768e+02      1.164       3929      98.61    4.90557  1005.5578     6.2017    127.464         30 0.0000e+00
    126.000   0.644651     3.0080     0.2864     1.6162 9.5892e-02 2.3768e+02      0.600       3970      98.62    4.88749  1005.5650     6.2046    128.484         44 0.0000e+00
    127.000   0.644918     3.0139     0.2768     1.6073 9.5871e-02 2.3768e+02      0.653       4001      98.61    4.88479  1005.5711     6.2061    129.504         22 0.0000e+00
    128.000   0.645013     3.0164     0.2806     1.6078 9.5886e-02 2.3768e+02      0.995       4021      98.62    4.88080  1005.5763     6.2065    130.523         19 0.0000e+00
    129.000   0.645246     3.0194     0.2881     1.6138 9.5873e-02 2.3768e+02      1.201       4041      98.62    4.86803  1005.5825     6.2082    131.543         24 0.0000e+00
    130.000   0.645529     3.0210     0.2871     1.6114 9.5872e-02 2.3768e+02      0.703       4081      98.62    4.84380  1005.5894     6.2107    132.563         51 0.0000e+00
    131.000   0.645859     3.0262     0.2825     1.6135 9.5872e-02 2.3759e+02      0.541       4119      98.61    4.82972  1005.5960     6.2130    133.583         23 0.0000e+00
    132.000   0.646005     3.0295     0.2710     1.6114 9.5872e-02 2.3746e+02      0.947       4137      98.61    4.82268  1005.6015     6.2137    134.603         16 0.0000e+00
    133.000   0.646074     3.0302     0.2739     1.6126 9.5872e-02 2.3747e+02      1.274       4154      98.61    4.81713  1005.6068     6.2142    135.622         20 0.0000e+00
    134.000   0.646134     3.0311     0.2861     1.6168 9.5883e-02 2.3657e+02      0.794       4194      98.62    4.79260  1005.6119     6.2145    136.642         47 0.0000e+00
    135.000   0.646291     3.0332     0.2869     1.6141 9.5921e-02 2.3583e+02      0.357       4248      98.61    4.76474  1005.6177     6.2156    137.662         23 0.0000e+00
    136.000   0.646421     3.0339     0.2800     1.6155 9.5872e-02 2.3582e+02      0.923       4266      98.62    4.76050  1005.6235     6.2167    138.681         18 0.0000e+00
    137.000   0.646495     3.0330     0.2885     1.6038 9.5885e-02 2.3561e+02      1.251       4284      98.62    4.75725  1005.6291     6.2175    139.701         20 0.0000e+00
    138.000   0.646660     3.0355     0.2817     1.6017 9.5886e-02 2.3582e+02      0.874       4318      98.62    4.75102  1005.6348     6.2186    140.721         56 0.0000e+00
    139.000   0.646831     3.0384     0.2860     1.6090 9.5889e-02 2.3707e+02      0.335       4371      98.61    4.71500  1005.6406     6.2197    141.741         33 0.0000e+00
    140.000   0.646916     3.0396     0.2882     1.5992 9.5872e-02 2.3703e+02      0.781       4393      98.62    4.71460  1005.6459     6.2202    142.760         19 0.0000e+00
    141.000   0.647022     3.0407     0.2868     1.6122 9.5872e-02 2.3695e+02      1.126       4411      98.61    4.70449  1005.6514     6.2210    143.780         18 0.0000e+00
    142.000   0.647210     3.0425     0.2852     1.6009 9.5872e-02 2.3744e+02      1.291       4431      98.61    4.70609  1005.6574     6.2225    144.800         21 0.0000e+00
    143.000   0.647352     3.0437     0.2848     1.6005 9.5878e-02 2.3735e+02      0.983       4460      98.61    4.70016  1005.6632     6.2236    145.819         42 0.0000e+00
    144.000   0.647454     3.0451     0.2819     1.6015 9.5880e-02 2.3646e+02      0.478       4504      98.62    4.66918  1005.6686     6.2242    146.839         35 0.0000e+00
    145.000   0.647577     3.0471     0.2777     1.5996 9.5885e-02 2.3574e+02      0.764       4529      98.61    4.66187  1005.6741     6.2250    147.859         21 0.0000e+00
    146.000   0.647711     3.0493     0.2859     1.5947 9.5887e-02 2.3592e+02      1.075       4548      98.61    4.66099  1005.6797     6.2259    148.879         18 0.0000e+00
    147.000   0.647823     3.0506     0.2923     1.5973 9.5894e-02 2.3562e+02      1.233       4568      98.61    4.65666  1005.6852     6.2266    149.898         24 0.0000e+00
    148.000   0.647919     3.0517     0.2899     1.5981 9.5872e-02 2.3570e+02      0.790       4604      80.91    4.64844  1005.6906     6.2273    150.918         44 0.0000e+00
    149.000   0.648084     3.0549     0.2750     1.6003 9.5883e-02 2.3560e+02      0.599       4639      99.20    4.63718  1005.6963     6.2283    151.938         25 0.0000e+00
    150.000   0.648436     3.0626     0.2786     1.6022 9.5885e-02 2.3570e+02      0.939       4660      98.62    4.63559  1005.7027     6.2303    152.957         21 0.0000e+00
    151.000   0.648741     3.0693     0.2948     1.6065 9.5902e-02 2.3560e+02      1.088       4683      98.62    4.64063  1005.7089     6.2320    153.977         26 0.0000e+00
    152.000   0.649009     3.0754     0.2849     1.6137 9.5880e-02 2.3560e+02      0.860       4714      98.62    4.63777  1005.7149     6.2335    154.997         32 0.0000e+00
    153.000   0.649236     3.0798     0.2847     1.6207 9.5872e-02 2.3560e+02      0.785       4743      98.61    4.66170  1005.7208     6.2348    156.017         25 0.0000e+00
    154.000   0.649384     3.0828     0.2897     1.6280 9.5884e-02 2.3560e+02      0.941       4766      98.61    4.67619  1005.7264     6.2357    157.036         23 0.0000e+00
    155.000   0.649469     3.0846     0.2853     1.6251 9.5872e-02 2.3560e+02      1.027       4790      74.61    4.67094  1005.7316     6.2361    158.056         24 0.0000e+00
    156.000   0.649493     3.0845     0.2897     1.6280 9.5872e-02 2.3560e+02      0.963       4817      44.03    4.66474  1005.7366     6.2362    159.076         32 0.0000e+00
    157.000   0.649548     3.0853     0.2892     1.6288 9.5879e-02 2.3560e+02      0.676       4854      42.04    4.65905  1005.7417     6.2365    160.095         39 0.0000e+00
    158.000   0.649591     3.0858     0.2787     1.6311 9.5897e-02 2.3560e+02      0.683       4885      41.14    4.65026  1005.7468     6.2367    161.115         22 0.0000e+00
    159.000   0.649623     3.0864     0.2897     1.6348 9.5917e-02 2.3560e+02      0.981       4904      40.11    4.64117  1005.7518     6.2368    162.135         18 0.0000e+00
    160.000   0.649729     3.0877     0.2838     1.6306 9.5888e-02 2.3560e+02      1.255       4921      39.34    4.64184  1005.7573     6.2376    163.155         18 0.0000e+00
    161.000   0.649892     3.0890     0.2821     1.6285 9.5889e-02 2.3560e+02      0.767       4960      37.70    4.63608  1005.7632     6.2389    164.174         64 0.0000e+00
    162.000   0.650005     3.0901     0.2851     1.6361 9.5880e-02 2.3560e+02      0.436       5012      36.48    4.62412  1005.7687     6.2397    165.194         31 0.0000e+00
    163.000   0.650080     3.0898     0.2895     1.6242 9.5872e-02 2.3560e+02      0.801       5038      43.91    4.60786  1005.7742     6.2404    166.214         25 0.0000e+00
    164.000   0.650125     3.0898     0.2932     1.6182 9.5892e-02 2.3560e+02      0.934       5064      55.88    4.59398  1005.7794     6.2408    167.233         27 0.0000e+00
    165.000   0.650145     3.0896     0.2906     1.6201 9.5880e-02 2.3560e+02      0.844       5094      34.73    4.57429  1005.7844     6.2409    168.253         37 0.0000e+00
    166.000   0.650061     3.0855     0.2895     1.6247 9.5882e-02 2.3560e+02      0.468       5144      32.23    4.57112  1005.7892     6.2407    169.273         54 0.0000e+00
    167.000   0.649953     3.0789     0.2844     1.6152 9.5881e-02 2.3560e+02      0.575       5183      31.32    4.57737  1005.7943     6.2408    170.293         29 0.0000e+00
    168.000   0.650170     3.0809     0.2908     1.6172 9.5890e-02 2.3560e+02      0.810       5212      30.27    4.59493  1005.8005     6.2425    171.312         30 0.0000e+00
    169.000   0.650380     3.0838     0.2849     1.6164 9.5899e-02 2.3560e+02      0.793       5243      29.18    4.60633  1005.8065     6.2440    172.332         30 0.0000e+00
    170.000   0.650638     3.0901     0.2843     1.6164 9.5893e-02 2.3560e+02      0.749       5276      28.10    4.60830  1005.8124     6.2453    173.352         40 0.0000e+00
    171.000   0.650803     3.0930     0.2844     1.6054 9.5884e-02 2.3555e+02      0.500       5322      26.85    4.54992  1005.8181     6.2463    174.371         44 0.0000e+00
    172.000   0.650869     3.0936     0.2907     1.6147 9.5882e-02 2.3560e+02      0.660       5355      25.94    4.49668  1005.8234     6.2468    175.391         27 0.0000e+00
    173.000   0.650897     3.0935     0.2864     1.6079 9.5890e-02 2.3553e+02      0.861       5383      25.10    4.46907  1005.8284     6.2469    176.411         30 0.0000e+00
    174.000   0.650955     3.0932     0.2905     1.6067 9.5889e-02 2.3523e+02      0.644       5422      23.78    4.44865  1005.8337     6.2475    177.431         49 0.0000e+00
    175.000   0.651001     3.0931     0.2875     1.6049 9.5896e-02 2.3420e+02      0.525       5466      22.77    4.45015  1005.8389     6.2479    178.450         34 0.0000e+00
    176.000   0.651058     3.0939     0.2847     1.6012 9.5881e-02 2.3378e+02      0.740       5497      21.74    4.44323  1005.8441     6.2482    179.470         33 0.0000e+00
    177.000   0.651113     3.0933     0.2886     1.5935 9.5889e-02 2.3352e+02      0.530       5544      20.48    4.42929  1005.8494     6.2487    180.490         62 0.0000e+00
    178.000   0.651186     3.0940     0.2921     1.5907 9.5886e-02 2.3351e+02      0.406       5599      19.43    4.41035  1005.8547     6.2492    181.509         37 0.0000e+00
    179.000   0.651272     3.0959     0.2892     1.5964 9.5913e-02 2.3351e+02      0.743       5626      18.66    4.40502  1005.8599     6.2496    182.529         26 0.0000e+00
    180.000   0.651316     3.0948     0.2898     1.5879 9.5895e-02 2.3351e+02      0.505       5680      17.30    4.38264  1005.8653     6.2502    183.549         61 0.0000e+00
    181.000   0.651303     3.0933     0.2922     1.5761 9.5906e-02 2.3351e+02      0.401       5749      16.31    4.33720  1005.8702     6.2502    184.569         32 0.0000e+00
    182.000   0.651294     3.0911     0.2950     1.5712 9.5881e-02 2.3351e+02      0.763       5778      15.42    4.34237  1005.8753     6.2504    185.588         31 0.0000e+00
