ctdpy/tests/etc/CTD_Umeå/c3_v49_13.cnv
* Sea-Bird SBE 9 Data File:
* FileName = C:\CTD\CTD 2013\v49\C3_v49_13.hex
* Software Version Seasave V 7.20c
* Temperature SN = 031560
* Conductivity SN = 3667
* Number of Bytes Per Scan = 34
* Number of Voltage Words = 5
* Number of Scans Averaged by the Deck Unit = 1
* NMEA Latitude = 62 39.17 N
* NMEA Longitude = 018 57.25 E
* NMEA UTC (Time) = Dec 03 2013  11:23:52
** Ship: Swedish Coast Guard, KBV 005
** Cruise 28: Year 2013: week 49
** Station:  C3
** Johanna Crona
** Katarina Konradsson
** Anna Palmbo Bergman
# nquan = 16
# nvalues = 192                         
# units = specified
# name 0 = prDM: Pressure, Digiquartz [db]
# name 1 = c0S/m: Conductivity [S/m]
# name 2 = t090C: Temperature [ITS-90, deg C]
# name 3 = haardtC: Fluorescence, Dr. Haardt Chlorophyll a
# name 4 = haardtY: Fluorescence, Dr. Haardt Yellow Sub
# name 5 = par: PAR/Irradiance, Biospherical/Licor
# name 6 = spar: SPAR/Surface Irradiance
# name 7 = dz/dtM: Descent Rate [m/s]
# name 8 = scan: Scan Count
# name 9 = altM: Altimeter [m]
# name 10 = sbeox0ML/L: Oxygen, SBE 43 [ml/l]
# name 11 = density00: Density [density, Kg/m^3]
# name 12 = sal00: Salinity, Practical [PSU]
# name 13 = depFM: Depth [fresh water, m], lat = 62.6528
# name 14 = nbin: number of scans per bin
# name 15 = flag: flag
# span 0 =      3.000,    194.000       
# span 1 =   0.563764,   0.651405       
# span 2 =     2.0601,     3.9234       
# span 3 =     0.2692,     0.6152       
# span 4 =     1.4841,     1.6361       
# span 5 = 9.5871e-02, 6.3409e+01       
# span 6 = 2.3158e+02, 2.4602e+02       
# span 7 =      0.089,      1.457       
# span 8 =        110,       6553       
# span 9 =       3.79,     103.95       
# span 10 =    4.33226,    8.29354      
# span 11 =  1004.1952,  1005.9352      
# span 12 =     5.2554,     6.2516      
# span 13 =      3.059,    197.825      
# span 14 =         14,         74      
# span 15 = 0.0000e+00, 0.0000e+00      
# interval = decibars: 1                
# start_time = Dec 03 2013 11:23:52 [NMEA time, header]
# bad_flag = -9.990e-29
*END*
      3.000   0.563852     3.8149     0.6126     1.4976 6.3409e+01 2.4602e+02      0.089        110      98.62    8.28840  1004.1952     5.2558      3.059         64 0.0000e+00
      4.000   0.563782     3.8116     0.6152     1.4999 4.3306e+01 2.4602e+02      0.555        178      98.62    8.28609  1004.1999     5.2555      4.079         34 0.0000e+00
      5.000   0.563764     3.8104     0.6095     1.4917 2.7700e+01 2.4602e+02      0.625        218      98.62    8.28118  1004.2048     5.2554      5.099         47 0.0000e+00
      6.000   0.563832     3.8125     0.6038     1.4915 1.9141e+01 2.4602e+02      0.481        266      98.62    8.28309  1004.2099     5.2557      6.118         39 0.0000e+00
      7.000   0.563938     3.8169     0.5952     1.4933 1.3659e+01 2.4602e+02      0.703        295      98.62    8.28887  1004.2149     5.2559      7.138         24 0.0000e+00
      8.000   0.563938     3.8160     0.5958     1.4948 8.7706e+00 2.4602e+02      0.952        319      98.62    8.29294  1004.2198     5.2560      8.158         27 0.0000e+00
      9.000   0.564012     3.8177     0.6086     1.4966 7.5732e+00 2.4602e+02      0.787        353      98.62    8.27506  1004.2250     5.2563      9.178         39 0.0000e+00
     10.000   0.564104     3.8204     0.6024     1.4964 4.5315e+00 2.4602e+02      0.643        389      98.62    8.27880  1004.2302     5.2567     10.197         31 0.0000e+00
     11.000   0.564092     3.8206     0.6074     1.4925 3.7807e+00 2.4602e+02      0.803        416      98.62    8.28170  1004.2349     5.2565     11.217         25 0.0000e+00
     12.000   0.564316     3.8279     0.5949     1.4916 2.9502e+00 2.4602e+02      0.917        442      98.62    8.27516  1004.2405     5.2574     12.237         30 0.0000e+00
     13.000   0.564563     3.8371     0.6130     1.4931 1.9160e+00 2.4602e+02      0.606        484      98.62    8.28421  1004.2459     5.2583     13.256         48 0.0000e+00
     14.000   0.564352     3.8282     0.5964     1.4871 1.7003e+00 2.4602e+02      0.590        520      98.62    8.28191  1004.2504     5.2575     14.276         25 0.0000e+00
     15.000   0.564615     3.8374     0.6002     1.4902 1.2202e+00 2.4595e+02      0.915        544      98.62    8.27520  1004.2559     5.2586     15.296         28 0.0000e+00
     16.000   0.564510     3.8332     0.6013     1.4923 9.2968e-01 2.4602e+02      0.658        584      98.62    8.26394  1004.2605     5.2581     16.315         47 0.0000e+00
     17.000   0.564368     3.8280     0.5902     1.4918 7.6144e-01 2.4526e+02      0.594        622      98.62    8.27288  1004.2650     5.2574     17.335         32 0.0000e+00
     18.000   0.563919     3.8105     0.5848     1.4910 5.9296e-01 2.4524e+02      0.636        662      98.62    8.27730  1004.2688     5.2557     18.355         47 0.0000e+00
     19.000   0.563897     3.8089     0.5665     1.4911 5.0311e-01 2.4466e+02      0.563        701      98.62    8.27637  1004.2736     5.2556     19.375         29 0.0000e+00
     20.000   0.563903     3.8094     0.5789     1.4951 3.7331e-01 2.4451e+02      0.811        729      98.62    8.27567  1004.2784     5.2555     20.394         30 0.0000e+00
     21.000   0.563944     3.8100     0.5753     1.4905 3.0681e-01 2.4425e+02      0.685        767      98.62    8.28047  1004.2835     5.2557     21.414         45 0.0000e+00
     22.000   0.563969     3.8104     0.5775     1.4978 2.5909e-01 2.4442e+02      0.580        806      98.62    8.28354  1004.2885     5.2558     22.434         31 0.0000e+00
     23.000   0.563961     3.8099     0.5834     1.4909 2.0231e-01 2.4474e+02      0.773        835      98.62    8.28113  1004.2933     5.2557     23.453         31 0.0000e+00
     24.000   0.563971     3.8099     0.5689     1.4933 1.6741e-01 2.4431e+02      0.752        868      98.62    8.28272  1004.2982     5.2557     24.473         33 0.0000e+00
     25.000   0.564238     3.8183     0.5748     1.4935 1.3940e-01 2.4395e+02      0.743        900      98.62    8.26767  1004.3040     5.2569     25.493         33 0.0000e+00
     26.000   0.564394     3.8238     0.5800     1.4971 1.1045e-01 2.4394e+02      0.407        954      98.62    8.27695  1004.3092     5.2575     26.513         59 0.0000e+00
     27.000   0.564948     3.8480     0.5929     1.4907 1.0239e-01 2.4394e+02      0.612        987      98.62    8.27454  1004.3150     5.2590     27.532         20 0.0000e+00
     28.000   0.564837     3.8434     0.5802     1.4929 9.6154e-02 2.4394e+02      1.040       1008      98.62    8.27584  1004.3196     5.2585     28.552         25 0.0000e+00
     29.000   0.565377     3.8679     0.5843     1.4911 9.5882e-02 2.4398e+02      0.644       1050      72.60    8.26560  1004.3251     5.2599     29.572         55 0.0000e+00
     30.000   0.565563     3.8778     0.5737     1.4927 9.5872e-02 2.4394e+02      0.552       1089      97.31    8.26708  1004.3300     5.2600     30.591         24 0.0000e+00
     31.000   0.565337     3.8674     0.5790     1.4905 9.5881e-02 2.4394e+02      0.907       1114      98.58    8.27555  1004.3345     5.2594     31.611         28 0.0000e+00
     32.000   0.565006     3.8502     0.5661     1.4935 9.5895e-02 2.4394e+02      0.790       1147      98.62    8.26813  1004.3392     5.2587     32.631         35 0.0000e+00
     33.000   0.565007     3.8505     0.5720     1.4982 9.5884e-02 2.4394e+02      0.750       1175      98.62    8.26331  1004.3440     5.2586     33.651         22 0.0000e+00
     34.000   0.565960     3.8972     0.5747     1.4950 9.5872e-02 2.4394e+02      0.999       1196      98.61    8.25728  1004.3496     5.2605     34.670         22 0.0000e+00
     35.000   0.566139     3.9063     0.5776     1.4863 9.5887e-02 2.4394e+02      1.005       1223      98.62    8.27320  1004.3545     5.2607     35.690         34 0.0000e+00
     36.000   0.566321     3.9147     0.5723     1.4892 9.5871e-02 2.4394e+02      0.633       1262      98.62    8.27073  1004.3596     5.2610     36.710         38 0.0000e+00
     37.000   0.566016     3.9016     0.5771     1.4878 9.5872e-02 2.4394e+02      0.673       1296      98.62    8.27089  1004.3639     5.2600     37.729         32 0.0000e+00
     38.000   0.566359     3.9163     0.5699     1.4895 9.5916e-02 2.4394e+02      0.791       1325      98.62    8.26828  1004.3693     5.2609     38.749         25 0.0000e+00
     39.000   0.566449     3.9207     0.5739     1.4841 9.5884e-02 2.4394e+02      0.939       1348      98.62    8.26724  1004.3742     5.2610     39.769         22 0.0000e+00
     40.000   0.566504     3.9234     0.5743     1.4887 9.5878e-02 2.4394e+02      0.849       1380      98.62    8.26637  1004.3790     5.2611     40.789         52 0.0000e+00
     41.000   0.566451     3.9215     0.5828     1.4878 9.5871e-02 2.4394e+02      0.132       1445      98.62    8.26551  1004.3837     5.2607     41.808         40 0.0000e+00
     42.000   0.566272     3.9094     0.5743     1.4855 9.5872e-02 2.4394e+02      0.733       1462      98.62    8.27471  1004.3889     5.2608     42.828         17 0.0000e+00
     43.000   0.566243     3.9040     0.5770     1.4910 9.5890e-02 2.4394e+02      1.180       1477      98.62    8.26985  1004.3943     5.2613     43.848         15 0.0000e+00
     44.000   0.566232     3.9036     0.5802     1.4881 9.5891e-02 2.4394e+02      1.380       1497      98.62    8.25757  1004.3990     5.2611     44.867         29 0.0000e+00
     45.000   0.566200     3.9015     0.5864     1.4886 9.5875e-02 2.4394e+02      0.218       1557      98.62    8.26565  1004.4039     5.2611     45.887         46 0.0000e+00
     46.000   0.565685     3.8740     0.5946     1.4877 9.5887e-02 2.4394e+02      0.674       1583      75.48    8.27463  1004.4087     5.2603     46.907         18 0.0000e+00
     47.000   0.564128     3.7838     0.5750     1.5004 9.5872e-02 2.4394e+02      1.128       1598      88.61    8.29354  1004.4142     5.2592     47.927         14 0.0000e+00
     48.000   0.563861     3.7515     0.5558     1.5025 9.5911e-02 2.4394e+02      1.457       1612      98.60    8.28264  1004.4216     5.2617     48.946         14 0.0000e+00
     49.000   0.563973     3.7412     0.5615     1.5018 9.5884e-02 2.4394e+02      1.389       1638      83.04    8.24770  1004.4288     5.2644     49.966         30 0.0000e+00
     50.000   0.565188     3.5991     0.5601     1.5020 9.5872e-02 2.4394e+02      0.411       1718      81.22    8.25855  1004.4637     5.2995     50.986         19 0.0000e+00
     51.000   0.568428     3.3937     0.5014     1.5131 9.5888e-02 2.4394e+02      1.037       1733      70.39    8.29038  1004.5239     5.3659     52.006         16 0.0000e+00
     52.000   0.575171     3.1495     0.4493     1.5177 9.5873e-02 2.4394e+02      1.368       1750      39.90    8.29124  1004.6181     5.4752     53.025         19 0.0000e+00
     53.000   0.579610     2.8924     0.3952     1.5289 9.5876e-02 2.4394e+02      0.825       1788      95.15    8.00888  1004.6958     5.5646     54.045         59 0.0000e+00
     54.000   0.580657     2.6481     0.3627     1.5452 9.5872e-02 2.4394e+02      0.412       1834      98.62    7.43686  1004.7436     5.6180     55.065         24 0.0000e+00
     55.000   0.581380     2.1916     0.3165     1.5614 9.5887e-02 2.4394e+02      0.897       1853      98.61    7.28717  1004.8178     5.7068     56.084         18 0.0000e+00
     56.000   0.582626     2.0824     0.3010     1.5747 9.5886e-02 2.4394e+02      1.224       1871      98.62    7.15872  1004.8482     5.7395     57.104         19 0.0000e+00
     57.000   0.584151     2.0601     0.2907     1.5770 9.5879e-02 2.4394e+02      1.049       1899      98.62    7.03312  1004.8690     5.7595     58.124         43 0.0000e+00
     58.000   0.585875     2.0674     0.2866     1.5806 9.5871e-02 2.4394e+02      0.338       1951      94.17    6.85700  1004.8874     5.7762     59.144         42 0.0000e+00
     59.000   0.596950     2.5222     0.3039     1.5791 9.5885e-02 2.4394e+02      0.710       1976      98.66    6.68662  1004.9210     5.8091     60.163         21 0.0000e+00
     60.000   0.599835     2.6527     0.3083     1.5737 9.5872e-02 2.4394e+02      1.065       1996      98.62    6.71014  1004.9310     5.8152     61.183         20 0.0000e+00
     61.000   0.601481     2.7232     0.3083     1.5794 9.5882e-02 2.4394e+02      0.933       2027      74.98    6.69798  1004.9392     5.8193     62.203         49 0.0000e+00
     62.000   0.606207     2.8671     0.3095     1.5735 9.5878e-02 2.4394e+02      0.233       2084     103.95    6.30649  1004.9617     5.8419     63.222         40 0.0000e+00
     63.000   0.607642     2.8758     0.3002     1.5671 9.5902e-02 2.4394e+02      0.735       2105      98.62    6.30070  1004.9770     5.8549     64.242         18 0.0000e+00
     64.000   0.608300     2.8183     0.3039     1.5758 9.5889e-02 2.4394e+02      1.147       2121      97.84    6.29339  1004.9959     5.8722     65.262         16 0.0000e+00
     65.000   0.607898     2.7578     0.2960     1.5690 9.5886e-02 2.4394e+02      1.394       2138      89.77    6.25852  1005.0065     5.8790     66.282         20 0.0000e+00
     66.000   0.607761     2.7019     0.3004     1.5703 9.5883e-02 2.4293e+02      0.562       2189      99.03    6.15751  1005.0185     5.8877     67.301         48 0.0000e+00
     67.000   0.612339     2.8013     0.3045     1.5827 9.5886e-02 2.4208e+02      0.525       2231      98.62    6.15670  1005.0463     5.9167     68.321         19 0.0000e+00
     68.000   0.614219     2.7510     0.3006     1.5859 9.5872e-02 2.4185e+02      1.036       2249      39.71    6.20120  1005.0743     5.9454     69.341         18 0.0000e+00
     69.000   0.616698     2.8180     0.2993     1.5920 9.5872e-02 2.4185e+02      1.280       2268      75.94    6.19392  1005.0895     5.9585     70.360         23 0.0000e+00
     70.000   0.617327     2.8201     0.2938     1.5932 9.5877e-02 2.4185e+02      0.751       2306      94.91    6.01730  1005.0992     5.9645     71.380         51 0.0000e+00
     71.000   0.617312     2.8053     0.3022     1.5964 9.5905e-02 2.4185e+02      0.544       2345      98.70    5.77128  1005.1062     5.9670     72.400         25 0.0000e+00
     72.000   0.617299     2.8048     0.2977     1.5945 9.5884e-02 2.4185e+02      0.908       2368      87.10    5.71815  1005.1110     5.9668     73.420         24 0.0000e+00
     73.000   0.617326     2.8040     0.3028     1.5935 9.5885e-02 2.4185e+02      0.863       2399      98.09    5.73531  1005.1162     5.9671     74.439         40 0.0000e+00
     74.000   0.617794     2.7958     0.2942     1.5933 9.5889e-02 2.4185e+02      0.560       2439      98.62    5.77118  1005.1261     5.9734     75.459         32 0.0000e+00
     75.000   0.618810     2.7696     0.3049     1.5971 9.5872e-02 2.4185e+02      0.811       2463      98.62    5.78881  1005.1434     5.9887     76.479         21 0.0000e+00
     76.000   0.619205     2.7582     0.2917     1.5964 9.5893e-02 2.4185e+02      1.051       2485      98.62    5.79371  1005.1532     5.9948     77.498         25 0.0000e+00
     77.000   0.619096     2.7407     0.2922     1.5940 9.5877e-02 2.4185e+02      0.669       2526      80.27    5.77273  1005.1598     5.9968     78.518         56 0.0000e+00
     78.000   0.618379     2.6862     0.2957     1.5939 9.5872e-02 2.4185e+02      0.472       2570      99.69    5.75136  1005.1670     5.9995     79.538         26 0.0000e+00
     79.000   0.618819     2.6634     0.3009     1.5936 9.5872e-02 2.4185e+02      0.892       2590      98.61    5.75430  1005.1790     6.0083     80.558         18 0.0000e+00
     80.000   0.619540     2.6660     0.3032     1.5920 9.5885e-02 2.4185e+02      1.197       2608      98.62    5.75252  1005.1894     6.0152     81.577         20 0.0000e+00
     81.000   0.620439     2.6773     0.2945     1.5913 9.5873e-02 2.4185e+02      0.991       2638      98.62    5.76554  1005.2000     6.0222     82.597         45 0.0000e+00
     82.000   0.620862     2.6820     0.2849     1.5954 9.5889e-02 2.4185e+02      0.393       2686      98.62    5.74410  1005.2076     6.0256     83.617         35 0.0000e+00
     83.000   0.622023     2.6923     0.2852     1.5971 9.5899e-02 2.4185e+02      0.753       2709      98.28    5.70127  1005.2205     6.0357     84.636         20 0.0000e+00
     84.000   0.623481     2.7116     0.2916     1.5944 9.5872e-02 2.4185e+02      1.096       2729      98.43    5.68929  1005.2345     6.0470     85.656         20 0.0000e+00
     85.000   0.625083     2.7285     0.2944     1.5972 9.5872e-02 2.4185e+02      1.082       2754      98.60    5.68059  1005.2500     6.0603     86.676         35 0.0000e+00
     86.000   0.626343     2.7427     0.2879     1.5990 9.5872e-02 2.4185e+02      0.564       2796      64.83    5.62348  1005.2631     6.0706     87.696         40 0.0000e+00
     87.000   0.627009     2.7527     0.2875     1.6049 9.5895e-02 2.4185e+02      0.693       2826      99.21    5.54295  1005.2719     6.0755     88.715         24 0.0000e+00
     88.000   0.627556     2.7634     0.2902     1.6028 9.5883e-02 2.4185e+02      0.946       2850      61.89    5.50288  1005.2796     6.0790     89.735         26 0.0000e+00
     89.000   0.628010     2.7700     0.2854     1.6001 9.5878e-02 2.4185e+02      0.783       2884      90.44    5.47714  1005.2871     6.0824     90.755         42 0.0000e+00
     90.000   0.630501     2.8002     0.2879     1.6078 9.5892e-02 2.4140e+02      0.606       2921      98.85    5.44998  1005.3079     6.1024     91.774         28 0.0000e+00
     91.000   0.632472     2.8278     0.2915     1.6068 9.5872e-02 2.4147e+02      0.871       2944      98.61    5.44017  1005.3247     6.1174     92.794         22 0.0000e+00
     92.000   0.632660     2.8307     0.2901     1.6089 9.5872e-02 2.4083e+02      1.011       2969      86.82    5.43410  1005.3306     6.1187     93.814         28 0.0000e+00
