ctdpy/tests/test_data/SBE09_1044_20181208_0353_34_01_0168.cnv
* Sea-Bird SBE 9 Data File:
* FileName = C:\ctd\temp\ar18d168.hex
* Software Version Seasave V 7.26.7.107
* Temperature SN = 5351
* Conductivity SN = 3941
* Number of Bytes Per Scan = 30
* Number of Voltage Words = 4
* Number of Scans Averaged by the Deck Unit = 1
* NMEA baud rate = 4800
** Station:  Å14
** Operator:  ASkj
** Ship: ARANDA
** Average sound velocity: 1484.83 m/s
** True-depth calculation Sun, 09 Dec 2018 17:51:44 +0000
** CTD Python Module SMHI /ver 3-12/ feb 2012 
** LIMS Job: 20183401-0168
** Cruise: SMHI-7-2018
** Latitude [GG MM.mm N]: 58 18.93 N
** Longitude [GG MM.mm E] 10 56.54 E
# nquan = 26
# nvalues = 209                         
# units = specified
# name 0 = scan: Scan Count
# name 1 = prDM: Pressure, Digiquartz [db]
# name 2 = t090C: Temperature [ITS-90, deg C]
# name 3 = t190C: Temperature, 2 [ITS-90, deg C]
# name 4 = T2-T190C: Temperature Difference, 2 - 1 [ITS-90, deg C]
# name 5 = c0S/m: Conductivity [S/m]
# name 6 = c1S/m: Conductivity, 2 [S/m]
# name 7 = pumps: Pump Status
# name 8 = sbeox0ML/L: Oxygen, SBE 43 [ml/l]
# name 9 = sbeox1ML/L: Oxygen, SBE 43, 2 [ml/l]
# name 10 = altM: Altimeter [m]
# name 11 = flECO-AFL: Chl-a Fluorescence, WET Labs ECO-AFL/FL [mg/m^3]
# name 12 = flECO-AFL1: Phycocyanin Fluorescence, WET Labs ECO-AFL/FL, 2 [mg/m^3]
# name 13 = par: PAR/Irradiance, Biospherical/Lico [µE/(cm^2*s)]
# name 14 = turbWETntu0: Turbidity, WET Labs ECO [NTU]
# name 15 = sal00: Salinity, Practical [PSU]
# name 16 = sal11: Salinity, Practical, 2 [PSU]
# name 17 = secS-priS: Salinity, Practical, Difference, 2 - 1 [PSU]
# name 18 = sigma-t00: Density [sigma-t, Kg/m^3 ]
# name 19 = sigma-t11: Density, 2 [sigma-t, Kg/m^3 ]
# name 20 = depSM: Depth [salt water, m], lat = 0
# name 21 = depFM: Depth [true depth, m], lat = 0
# name 22 = dz/dtM: Descent Rate [m/s], WS = 2
# name 23 = svCM: Sound Velocity [Chen-Millero, m/s]
# name 24 = svCM1: Sound Velocity, 2 [Chen-Millero, m/s]
# name 25 = flag: flag
# span 0 =      11344,      16817       
# span 1 =      1.500,    105.500       
# span 2 =     7.4087,     9.2761       
# span 3 =     7.4100,     9.2765       
# span 4 =    -0.1647,     0.0599       
# span 5 =   3.306254,   3.724573       
# span 6 =   3.306367,   3.724598       
# span 7 =          1,          1       
# span 8 =    5.97249,    6.62535       
# span 9 =    5.95913,    6.61876       
# span 10 =       3.10,      97.61      
# span 11 =     0.1260,     0.7619      
# span 12 =     0.1608,     0.3224      
# span 13 = -8.405e-04, 8.9793e-02      
# span 14 =     0.2282,     0.7740      
# span 15 =    32.1758,    34.7956      
# span 16 =    32.1753,    34.7960      
# span 17 =    -0.2692,     0.0608      
# span 18 =    25.1387,    27.0112      
# span 19 =    25.1384,    27.0111      
# span 20 =      1.492,    104.894      
# span 21 =      1.490,    104.670      
# span 22 =     -0.042,      1.103      
# span 23 =    1476.74,    1488.25      
# span 24 =    1476.74,    1488.25      
# span 25 = 0.0000e+00, 0.0000e+00      
# interval = decibars: 0.5              
# start_time = Dec 08 2018 03:53:44 [System UTC, header]
# bad_flag = -9.990e-29
*END*
[from data line 112]
      14176     57.500     8.8941     8.8950     0.0008    3.66794    3.66805          1     6.2571     6.2461      53.11     0.2127     0.1925  1.000e-12  0.6238000    34.5858    34.5862     0.0004    26.8107    26.8109     57.176     57.062      0.519    1486.24    1486.25  0.000e+00
      14202     58.000     8.9011     8.9023     0.0012    3.66882    3.66899          1     6.2553     6.2480      52.50     0.2055     0.2142  1.000e-12  0.6084000    34.5881    34.5887     0.0006    26.8114    26.8116     57.673     57.558      0.466    1486.28    1486.29  0.000e+00
      14226     58.500     8.9146     8.9155     0.0009    3.67049    3.67068          1     6.2553     6.2344      52.04     0.2245     0.2317  1.000e-12  0.5706000    34.5922    34.5933     0.0010    26.8125    26.8131     58.170     58.054      0.550    1486.34    1486.35  0.000e+00
      14247     59.000     8.9204     8.9204    -0.0001    3.67132    3.67134          1     6.2580     6.2253      51.30     0.2237     0.2065  1.000e-12  0.5818000    34.5950    34.5953     0.0003    26.8137    26.8139     58.667     58.550      0.600    1486.38    1486.38  0.000e+00
      14266     59.500     8.9257     8.9261     0.0004    3.67203    3.67210          1     6.2567     6.2293      51.05     0.2315     0.2436  1.000e-12  0.5892000    34.5971    34.5974     0.0003    26.8144    26.8147     59.165     59.045      0.592    1486.41    1486.41  0.000e+00
      14288     60.000     8.9326     8.9332     0.0006    3.67293    3.67304          1     6.2543     6.2360      50.62     0.2311     0.2630  1.000e-12  0.5845000    34.5995    34.6001     0.0006    26.8153    26.8157     59.662     59.541      0.511    1486.45    1486.45  0.000e+00
      14316     60.500     8.9406     8.9417     0.0010    3.67405    3.67413          1     6.2545     6.2448      50.06     0.2316     0.2421  1.000e-12  0.5637000    34.6032    34.6031    -0.0001    26.8169    26.8166     60.159     60.037      0.377    1486.49    1486.49  0.000e+00
      14350     61.000     8.9422     8.9426     0.0003    3.67433    3.67439          1     6.2500     6.2407      49.46     0.2094     0.2211  1.000e-12  0.5435000    34.6044    34.6046     0.0003    26.8176    26.8177     60.656     60.533      0.395    1486.50    1486.50  0.000e+00
      14376     61.500     8.9307     8.9297    -0.0010    3.67333    3.67321          1     6.2433     6.2346      49.01     0.2224     0.2218  1.000e-12  0.5382000    34.6049    34.6047    -0.0002    26.8198    26.8198     61.153     61.029      0.624    1486.47    1486.46  0.000e+00
      14392     62.000     8.9039     8.9019    -0.0019    3.67044    3.67026          1     6.2420     6.2326      48.67     0.2299     0.2101  1.000e-12  0.5717000    34.6005    34.6005     0.0000    26.8206    26.8210     61.650     61.525      0.829    1486.37    1486.37  0.000e+00
      14405     62.500     8.8950     8.8944    -0.0007    3.66946    3.66946          1     6.2478     6.2354      48.30     0.2370     0.2070  1.000e-12  0.6081000    34.5986    34.5991     0.0005    26.8205    26.8211     62.147     62.021      0.927    1486.35    1486.34  0.000e+00
      14417     63.000     8.8885     8.8884    -0.0001    3.66878    3.66879          1     6.2526     6.2388      47.96     0.2247     0.2254  1.000e-12  0.6087000    34.5975    34.5978     0.0003    26.8207    26.8209     62.644     62.517      0.888    1486.33    1486.33  0.000e+00
      14432     63.500     8.8842     8.8830    -0.0013    3.66827    3.66819          1     6.2568     6.2408      47.40     0.2130     0.2256  1.000e-12  0.6129000    34.5961    34.5966     0.0005    26.8203    26.8209     63.141     63.013      0.637    1486.32    1486.32  0.000e+00
      14496     64.000     8.8911     8.8916     0.0005    3.66907    3.66913          1     6.2458     6.2311      46.34     0.2212     0.1760  1.000e-12  0.5296000    34.5977    34.5978     0.0001    26.8205    26.8205     63.639     63.509      0.419    1486.36    1486.36  0.000e+00
      14524     64.500     8.8666     8.8680     0.0012    3.66632    3.66651          1     6.2338     6.2289      46.08     0.2333     0.2181  1.000e-12  0.5658000    34.5924    34.5930     0.0006    26.8202    26.8205     64.136     64.005      0.916    1486.27    1486.27  0.000e+00
      14534     65.000     8.8651     8.8662     0.0011    3.66623    3.66637          1     6.2384     6.2367      45.87     0.2359     0.2312  1.000e-12  0.5820000    34.5927    34.5931     0.0004    26.8207    26.8208     64.633     64.501      1.085    1486.27    1486.28  0.000e+00
      14544     65.500     8.8539     8.8544     0.0004    3.66494    3.66505          1     6.2462     6.2448      45.44     0.2253     0.2376  1.000e-12  0.6136000    34.5898    34.5905     0.0007    26.8202    26.8206     65.130     64.997      1.103    1486.23    1486.23  0.000e+00
      14555     66.000     8.8454     8.8456     0.0001    3.66409    3.66411          1     6.2515     6.2506      45.17     0.2129     0.2416  1.000e-12  0.6545000    34.5889    34.5890     0.0001    26.8208    26.8208     65.627     65.493      0.965    1486.21    1486.21  0.000e+00
      14578     66.500     8.8394     8.8404     0.0009    3.66352    3.66360          1     6.2570     6.2521      44.33     0.2252     0.2354  1.000e-12  0.6532000    34.5885    34.5885    -0.0001    26.8215    26.8213     66.124     65.989      0.540    1486.19    1486.20  0.000e+00
      14648     67.000     8.8363     8.8363     0.0001    3.66307    3.66315          1     6.2415     6.2256      43.29     0.2171     0.2268  1.000e-12  0.5655000    34.5866    34.5874     0.0008    26.8205    26.8211     66.621     66.485      0.518    1486.19    1486.19  0.000e+00
      14660     67.500     8.7954     8.7941    -0.0015    3.65858    3.65848          1     6.2398     6.2264      43.14     0.2622     0.2651  1.000e-12  0.6252000    34.5790    34.5793     0.0002    26.8210    26.8214     67.118     66.981      0.895    1486.04    1486.03  0.000e+00
      14671     68.000     8.7790     8.7803     0.0014    3.65698    3.65714          1     6.2440     6.2357      42.80     0.2557     0.2593  1.000e-12  0.6531000    34.5781    34.5784     0.0003    26.8228    26.8229     67.615     67.477      1.032    1485.98    1485.99  0.000e+00
      14682     68.500     8.7782     8.7788     0.0006    3.65698    3.65707          1     6.2468     6.2422      42.40     0.2481     0.2427  1.000e-12  0.6988000    34.5785    34.5788     0.0003    26.8233    26.8235     68.112     67.973      1.031    1485.99    1485.99  0.000e+00
      14694     69.000     8.7687     8.7695     0.0008    3.65620    3.65630          1     6.2517     6.2476      41.96     0.2481     0.2457  1.000e-12  0.7012000    34.5794    34.5796     0.0002    26.8255    26.8255     68.610     68.469      0.876    1485.96    1485.97  0.000e+00
      14719     69.500     8.7806     8.7816     0.0010    3.65767    3.65775          1     6.2560     6.2494      41.29     0.2525     0.2382  1.000e-12  0.6960000    34.5830    34.5828    -0.0002    26.8265    26.8261     69.107     68.965      0.455    1486.02    1486.02  0.000e+00
      14777     70.000     8.7827     8.7858     0.0030    3.65800    3.65841          1     6.2540     6.2466      40.43     0.2527     0.2066  1.000e-12  0.6089000    34.5842    34.5855     0.0014    26.8270    26.8276     69.604     69.461      0.501    1486.04    1486.05  0.000e+00
      14792     70.500     8.7756     8.7764     0.0008    3.65772    3.65784          1     6.2449     6.2448      40.13     0.2245     0.2218  1.000e-12  0.6189000    34.5879    34.5884     0.0005    26.8311    26.8314     70.101     69.957      0.786    1486.02    1486.03  0.000e+00
      14805     71.000     8.7749     8.7757     0.0008    3.65788    3.65798          1     6.2430     6.2436      39.79     0.2455     0.2377  1.000e-12  0.6946000    34.5900    34.5903     0.0003    26.8328    26.8329     70.598     70.453      0.849    1486.03    1486.03  0.000e+00
      14819     71.500     8.7644     8.7648     0.0004    3.65688    3.65698          1     6.2432     6.2378      39.42     0.2480     0.2633  1.000e-12  0.7048000    34.5895    34.5902     0.0007    26.8341    26.8346     71.095     70.949      0.753    1486.00    1486.00  0.000e+00
      14840     72.000     8.7430     8.7432     0.0002    3.65499    3.65514          1     6.2387     6.2257      38.63     0.2445     0.1979  1.000e-12  0.7168000    34.5903    34.5916     0.0013    26.8381    26.8391     71.592     71.445      0.477    1485.93    1485.93  0.000e+00
      14877     72.500     8.7451     8.7453     0.0002    3.65516    3.65544          1     6.2510     6.2335      37.87     0.2283     0.2980  1.000e-12  0.7157000    34.5898    34.5926     0.0028    26.8373    26.8395     72.089     71.941      0.321    1485.95    1485.95  0.000e+00
      14906     73.000     8.7986     8.8022     0.0036    3.66279    3.66344          1     6.2198     6.2035      37.69     0.2199     0.2749  1.000e-12  0.6902000    34.6177    34.6210     0.0034    26.8508    26.8528     72.586     72.437      0.582    1486.18    1486.20  0.000e+00
      14923     73.500     8.7860     8.7860     0.0001    3.66284    3.66302          1     6.2188     6.2053      37.28     0.2163     0.2207  1.000e-12  0.6760000    34.6303    34.6320     0.0018    26.8626    26.8640     73.083     72.932      0.743    1486.16    1486.17  0.000e+00
      14938     74.000     8.7698     8.7706     0.0007    3.66154    3.66165          1     6.2271     6.2091      36.85     0.2245     0.2208  1.000e-12  0.6605000    34.6321    34.6325     0.0004    26.8667    26.8668     73.580     73.428      0.796    1486.11    1486.12  0.000e+00
      14953     74.500     8.7528     8.7552     0.0024    3.65979    3.66009          1     6.2195     6.1915      36.34     0.2237     0.2215  1.000e-12  0.6704000    34.6301    34.6309     0.0007    26.8678    26.8680     74.077     73.924      0.728    1486.06    1486.07  0.000e+00
      14973     75.000     8.7920     8.7870    -0.0052    3.66395    3.66363          1     6.1785     6.1811      35.85     0.2246     0.2295  1.000e-12  0.6700000    34.6353    34.6368     0.0016    26.8656    26.8676     74.574     74.420      0.485    1486.22    1486.20  0.000e+00
      15014     75.500     8.8065     8.8663     0.0599    3.66551    3.67299          1     6.2119     6.1701      35.01     0.2142     0.2307  1.000e-12  0.5697000    34.6373    34.6575     0.0202    26.8649    26.8712     75.072     74.916      0.271    1486.28    1486.53  0.000e+00
      15044     76.000     9.1586     9.1594     0.0009    3.70701    3.70784          1     6.1063     6.0577      34.67     0.2031     0.2255  1.000e-12  0.5072000    34.7284    34.7362     0.0078    26.8799    26.8859     75.569     75.412      0.594    1487.70    1487.71  0.000e+00
      15061     76.500     9.2012     9.2122     0.0109    3.71284    3.71405          1     6.0504     6.0071      34.28     0.1530     0.2200  1.000e-12  0.3634000    34.7473    34.7493     0.0020    26.8878    26.8875     76.066     75.908      0.714    1487.89    1487.93  0.000e+00
      15078     77.000     9.2444     9.2544     0.0100    3.71811    3.71911          1     6.0203     5.9881      33.85     0.1484     0.2075  1.000e-12  0.3351000    34.7600    34.7606     0.0006    26.8907    26.8895     76.563     76.404      0.680    1488.07    1488.11  0.000e+00
      15098     77.500     9.2685     9.2692     0.0006    3.72129    3.72137          1     6.0192     5.9946      33.33     0.1466     0.2599  1.000e-12  0.3158000    34.7693    34.7695     0.0001    26.8940    26.8940     77.060     76.900      0.507    1488.18    1488.18  0.000e+00
      15129     78.000     9.2750     9.2765     0.0014    3.72265    3.72317          1     6.0226     6.0049      32.64     0.1493     0.2171  1.000e-12  0.2989000    34.7769    34.7810     0.0041    26.8989    26.9019     77.557     77.396      0.382    1488.22    1488.23  0.000e+00
      15156     78.500     9.2761     9.2760    -0.0001    3.72457    3.72460          1     5.9725     5.9591      32.21     0.1335     0.2060  1.000e-12  0.2887000    34.7956    34.7960     0.0003    26.9134    26.9137     78.054     77.892      0.582    1488.25    1488.25  0.000e+00
      15174     79.000     9.1990     9.2023     0.0034    3.71640    3.71703          1     6.0051     5.9984      31.81     0.1260     0.2291  1.000e-12  0.2779000    34.7855    34.7887     0.0032    26.9180    26.9200     78.551     78.388      0.709    1487.97    1487.98  0.000e+00
      15190     79.500     9.0123     9.0179     0.0056    3.69713    3.69792          1     6.0649     6.0654      31.43     0.1437     0.2425  1.000e-12  0.3067000    34.7662    34.7690     0.0028    26.9331    26.9344     79.048     78.884      0.673    1487.26    1487.29  0.000e+00
      15211     80.000     8.9723     8.9753     0.0031    3.69304    3.69337          1     6.1160     6.1122      30.83     0.1573     0.1950  1.000e-12  0.3584000    34.7622    34.7627     0.0005    26.9364    26.9363     79.545     79.380      0.483    1487.12    1487.13  0.000e+00
      15243     80.500     8.9762     8.9761    -0.0001    3.69337    3.69337          1     6.1296     6.1248      30.20     0.1680     0.1829  1.000e-12  0.3852000    34.7616    34.7617     0.0001    26.9353    26.9354     80.042     79.876      0.393    1487.14    1487.14  0.000e+00
      15268     81.000     8.9700     8.9734     0.0033    3.69295    3.69326          1     6.1217     6.1132      29.76     0.2092     0.2077  1.000e-12  0.4066000    34.7631    34.7630    -0.0001    26.9374    26.9368     80.539     80.371      0.572    1487.13    1487.14  0.000e+00
      15287     81.500     8.9565     8.9551    -0.0013    3.69205    3.69195          1     6.1284     6.1114      29.28     0.1935     0.2292  1.000e-12  0.4651000    34.7666    34.7670     0.0004    26.9424    26.9429     81.036     80.867      0.587    1487.09    1487.09  0.000e+00
      15311     82.000     8.9357     8.9317    -0.0039    3.69078    3.69039          1     6.1390     6.1215      28.81     0.1946     0.2023  1.000e-12  0.4597000    34.7734    34.7731    -0.0003    26.9510    26.9514     81.533     81.363      0.428    1487.03    1487.02  0.000e+00
      15344     82.500     8.9049     8.9023    -0.0026    3.68788    3.68752          1     6.1542     6.1473      28.18     0.1849     0.2183  1.000e-12  0.4102000    34.7728    34.7716    -0.0012    26.9555    26.9549     82.030     81.859      0.429    1486.93    1486.92  0.000e+00
      15366     83.000     8.8919     8.8922     0.0003    3.68642    3.68646          1     6.1570     6.1578      27.78     0.1719     0.2062  1.000e-12  0.4262000    34.7700    34.7702     0.0002    26.9554    26.9555     82.527     82.355      0.681    1486.88    1486.88  0.000e+00
      15381     83.500     8.8810     8.8818     0.0007    3.68531    3.68540          1     6.1605     6.1639      27.42     0.1679     0.2133  1.000e-12  0.4282000    34.7688    34.7690     0.0002    26.9561    26.9562     83.025     82.851      0.790    1486.85    1486.85  0.000e+00
      15396     84.000     8.8594     8.8597     0.0003    3.68304    3.68315          1     6.1731     6.1726      26.97     0.1764     0.2199  1.000e-12  0.4067000    34.7660    34.7667     0.0008    26.9573    26.9579     83.522     83.347      0.761    1486.77    1486.78  0.000e+00
      15413     84.500     8.8284     8.8286     0.0003    3.68000    3.68003          1     6.1881     6.1827      26.42     0.1777     0.2533  1.000e-12  0.4172000    34.7641    34.7642     0.0001    26.9608    26.9609     84.019     83.843      0.580    1486.67    1486.67  0.000e+00
