ctdpy/tests/test_data/SBE09_1044_20181208_0353_34_01_0168.cnv
* Sea-Bird SBE 9 Data File:
* FileName = C:\ctd\temp\ar18d168.hex
* Software Version Seasave V 7.26.7.107
* Temperature SN = 5351
* Conductivity SN = 3941
* Number of Bytes Per Scan = 30
* Number of Voltage Words = 4
* Number of Scans Averaged by the Deck Unit = 1
* NMEA baud rate = 4800
** Station:  Å14
** Operator:  ASkj
** Ship: ARANDA
** Average sound velocity: 1484.83 m/s
** True-depth calculation Sun, 09 Dec 2018 17:51:44 +0000
** CTD Python Module SMHI /ver 3-12/ feb 2012 
** LIMS Job: 20183401-0168
** Cruise: SMHI-7-2018
** Latitude [GG MM.mm N]: 58 18.93 N
** Longitude [GG MM.mm E] 10 56.54 E
# nquan = 26
# nvalues = 209                         
# units = specified
# name 0 = scan: Scan Count
# name 1 = prDM: Pressure, Digiquartz [db]
# name 2 = t090C: Temperature [ITS-90, deg C]
# name 3 = t190C: Temperature, 2 [ITS-90, deg C]
# name 4 = T2-T190C: Temperature Difference, 2 - 1 [ITS-90, deg C]
# name 5 = c0S/m: Conductivity [S/m]
# name 6 = c1S/m: Conductivity, 2 [S/m]
# name 7 = pumps: Pump Status
# name 8 = sbeox0ML/L: Oxygen, SBE 43 [ml/l]
# name 9 = sbeox1ML/L: Oxygen, SBE 43, 2 [ml/l]
# name 10 = altM: Altimeter [m]
# name 11 = flECO-AFL: Chl-a Fluorescence, WET Labs ECO-AFL/FL [mg/m^3]
# name 12 = flECO-AFL1: Phycocyanin Fluorescence, WET Labs ECO-AFL/FL, 2 [mg/m^3]
# name 13 = par: PAR/Irradiance, Biospherical/Lico [µE/(cm^2*s)]
# name 14 = turbWETntu0: Turbidity, WET Labs ECO [NTU]
# name 15 = sal00: Salinity, Practical [PSU]
# name 16 = sal11: Salinity, Practical, 2 [PSU]
# name 17 = secS-priS: Salinity, Practical, Difference, 2 - 1 [PSU]
# name 18 = sigma-t00: Density [sigma-t, Kg/m^3 ]
# name 19 = sigma-t11: Density, 2 [sigma-t, Kg/m^3 ]
# name 20 = depSM: Depth [salt water, m], lat = 0
# name 21 = depFM: Depth [true depth, m], lat = 0
# name 22 = dz/dtM: Descent Rate [m/s], WS = 2
# name 23 = svCM: Sound Velocity [Chen-Millero, m/s]
# name 24 = svCM1: Sound Velocity, 2 [Chen-Millero, m/s]
# name 25 = flag: flag
# span 0 =      11344,      16817       
# span 1 =      1.500,    105.500       
# span 2 =     7.4087,     9.2761       
# span 3 =     7.4100,     9.2765       
# span 4 =    -0.1647,     0.0599       
# span 5 =   3.306254,   3.724573       
# span 6 =   3.306367,   3.724598       
# span 7 =          1,          1       
# span 8 =    5.97249,    6.62535       
# span 9 =    5.95913,    6.61876       
# span 10 =       3.10,      97.61      
# span 11 =     0.1260,     0.7619      
# span 12 =     0.1608,     0.3224      
# span 13 = -8.405e-04, 8.9793e-02      
# span 14 =     0.2282,     0.7740      
# span 15 =    32.1758,    34.7956      
# span 16 =    32.1753,    34.7960      
# span 17 =    -0.2692,     0.0608      
# span 18 =    25.1387,    27.0112      
# span 19 =    25.1384,    27.0111      
# span 20 =      1.492,    104.894      
# span 21 =      1.490,    104.670      
# span 22 =     -0.042,      1.103      
# span 23 =    1476.74,    1488.25      
# span 24 =    1476.74,    1488.25      
# span 25 = 0.0000e+00, 0.0000e+00      
# interval = decibars: 0.5              
# start_time = Dec 08 2018 03:53:44 [System UTC, header]
# bad_flag = -9.990e-29
*END*
[from data line 56]
      12867     29.500     8.7180     8.7183     0.0003    3.63723    3.63727          1     6.2779     6.2599      81.33     0.2582     0.2578  1.000e-12  0.7740000    34.4477    34.4478     0.0002    26.7303    26.7303     29.336     29.286      0.648    1484.96    1484.96  0.000e+00
      12895     30.000     8.7060     8.7067     0.0007    3.63612    3.63619          1     6.2767     6.2665      80.60     0.2770     0.2392  1.000e-12  0.7427000    34.4475    34.4476     0.0001    26.7320    26.7319     29.833     29.782      0.330    1484.93    1484.93  0.000e+00
      12943     30.500     8.7110     8.7123     0.0012    3.63691    3.63707          1     6.2883     6.2789      79.71     0.2634     0.2231  1.000e-12  0.6282000    34.4507    34.4511     0.0004    26.7337    26.7338     30.330     30.278      0.379    1484.96    1484.96  0.000e+00
      12965     31.000     8.7425     8.7408    -0.0018    3.64121    3.64103          1     6.2860     6.2776      79.31     0.2286     0.2067  1.000e-12  0.6602000    34.4651    34.4648    -0.0002    26.7400    26.7401     30.827     30.774      0.665    1485.10    1485.09  0.000e+00
      12980     31.500     8.7654     8.7625    -0.0028    3.64402    3.64370          1     6.2843     6.2768      78.90     0.2238     0.2071  1.000e-12  0.6785000    34.4721    34.4715    -0.0006    26.7420    26.7419     31.325     31.270      0.819    1485.20    1485.19  0.000e+00
      12994     32.000     8.7708     8.7709     0.0000    3.64475    3.64478          1     6.2848     6.2770      90.91     0.2448     0.2073  1.000e-12  0.6678000    34.4743    34.4746     0.0003    26.7428    26.7430     31.822     31.766      0.872    1485.23    1485.23  0.000e+00
      13007     32.500     8.7727     8.7731     0.0004    3.64516    3.64524          1     6.2873     6.2791      97.21     0.2489     0.2566  1.000e-12  0.6699000    34.4766    34.4770     0.0004    26.7443    26.7446     32.319     32.262      0.805    1485.25    1485.25  0.000e+00
      13024     33.000     8.7688     8.7690     0.0002    3.64482    3.64486          1     6.2874     6.2752      82.37     0.2825     0.2725  1.000e-12  0.7031000    34.4765    34.4767     0.0001    26.7449    26.7450     32.816     32.758      0.566    1485.24    1485.25  0.000e+00
      13071     33.500     8.7680     8.7694     0.0015    3.64477    3.64493          1     6.2795     6.2742      76.12     0.2439     0.2675  1.000e-12  0.6195000    34.4766    34.4769     0.0003    26.7450    26.7450     33.313     33.254      0.298    1485.25    1485.26  0.000e+00
      13109     34.000     8.7682     8.7685     0.0003    3.64481    3.64485          1     6.2747     6.2728      76.15     0.2240     0.2298  1.000e-12  0.5839000    34.4765    34.4767     0.0002    26.7450    26.7450     33.810     33.750      0.614    1485.26    1485.26  0.000e+00
      13124     34.500     8.7653     8.7662     0.0008    3.64458    3.64474          1     6.2824     6.2750      76.24     0.2485     0.2068  1.000e-12  0.6358000    34.4766    34.4775     0.0009    26.7455    26.7461     34.308     34.246      0.804    1485.26    1485.26  0.000e+00
      13138     35.000     8.7725     8.7738     0.0013    3.64583    3.64599          1     6.2857     6.2753      76.00     0.2481     0.2298  1.000e-12  0.6447000    34.4826    34.4830     0.0004    26.7490    26.7492     34.805     34.742      0.878    1485.30    1485.30  0.000e+00
      13151     35.500     8.7810     8.7821     0.0011    3.64698    3.64711          1     6.2850     6.2769      75.40     0.2481     0.2311  1.000e-12  0.6733000    34.4862    34.4865     0.0003    26.7505    26.7506     35.302     35.238      0.857    1485.34    1485.35  0.000e+00
      13166     36.000     8.7898     8.7902     0.0004    3.64811    3.64818          1     6.2868     6.2798      74.83     0.2594     0.2087  1.000e-12  0.6738000    34.4893    34.4896     0.0004    26.7516    26.7518     35.799     35.734      0.703    1485.39    1485.39  0.000e+00
      13194     36.500     8.7994     8.8018     0.0024    3.64939    3.64972          1     6.2873     6.2750      73.93     0.2642     0.2148  1.000e-12  0.6502000    34.4932    34.4943     0.0012    26.7531    26.7536     36.296     36.230      0.337    1485.44    1485.45  0.000e+00
      13257     37.000     8.8106     8.8130     0.0024    3.65118    3.65149          1     6.2779     6.2701      73.23     0.2170     0.1915  1.000e-12  0.5739000    34.5008    34.5017     0.0009    26.7573    26.7576     36.793     36.726      0.438    1485.50    1485.50  0.000e+00
      13273     37.500     8.8211     8.8211     0.0000    3.65268    3.65271          1     6.2854     6.2705      73.13     0.2392     0.2071  1.000e-12  0.6142000    34.5062    34.5064     0.0003    26.7598    26.7601     37.291     37.222      0.770    1485.55    1485.55  0.000e+00
      13287     38.000     8.8302     8.8305     0.0003    3.65397    3.65402          1     6.2858     6.2682      72.75     0.2482     0.2169  1.000e-12  0.6252000    34.5106    34.5109     0.0003    26.7619    26.7620     37.788     37.718      0.914    1485.60    1485.60  0.000e+00
      13299     38.500     8.8430     8.8449     0.0019    3.65593    3.65613          1     6.2801     6.2673      72.49     0.2481     0.2468  1.000e-12  0.6517000    34.5185    34.5188     0.0002    26.7661    26.7660     38.285     38.214      0.939    1485.66    1485.67  0.000e+00
      13312     39.000     8.8574     8.8585     0.0011    3.65783    3.65795          1     6.2783     6.2688      72.08     0.2481     0.2377  1.000e-12  0.6545000    34.5242    34.5245     0.0002    26.7683    26.7683     38.782     38.710      0.838    1485.73    1485.73  0.000e+00
      13329     39.500     8.8581     8.8587     0.0005    3.65802    3.65811          1     6.2800     6.2710      71.31     0.2376     0.2089  1.000e-12  0.6391000    34.5253    34.5257     0.0004    26.7690    26.7692     39.279     39.206      0.557    1485.74    1485.74  0.000e+00
      13373     40.000     8.8524     8.8524     0.0000    3.65741    3.65761          1     6.2761     6.2613      71.30     0.2395     0.2412  1.000e-12  0.5940000    34.5243    34.5264     0.0021    26.7691    26.7707     39.776     39.702      0.295    1485.73    1485.73  0.000e+00
      13408     40.500     8.8379     8.8376    -0.0003    3.65601    3.65599          1     6.2746     6.2542      87.09     0.2117     0.2211  1.000e-12  0.5569000    34.5235    34.5235     0.0001    26.7707    26.7709     40.274     40.198      0.562    1485.68    1485.68  0.000e+00
      13426     41.000     8.8334     8.8339     0.0005    3.65562    3.65571          1     6.2749     6.2502      69.38     0.2285     0.2280  1.000e-12  0.5942000    34.5235    34.5239     0.0004    26.7715    26.7717     40.771     40.694      0.668    1485.67    1485.67  0.000e+00
      13443     41.500     8.8300     8.8299    -0.0001    3.65532    3.65531          1     6.2788     6.2525      69.06     0.2331     0.2363  1.000e-12  0.6193000    34.5233    34.5233     0.0000    26.7719    26.7719     41.268     41.190      0.631    1485.67    1485.67  0.000e+00
      13465     42.000     8.8272     8.8276     0.0003    3.65503    3.65508          1     6.2838     6.2588      68.48     0.2239     0.2400  1.000e-12  0.6393000    34.5227    34.5230     0.0002    26.7719    26.7720     41.765     41.686      0.512    1485.67    1485.67  0.000e+00
      13491     42.500     8.8253     8.8265     0.0012    3.65506    3.65527          1     6.2797     6.2661      67.96     0.2246     0.2319  1.000e-12  0.6259000    34.5247    34.5257     0.0010    26.7737    26.7743     42.262     42.182      0.459    1485.67    1485.67  0.000e+00
      13516     43.000     8.8309     8.8315     0.0005    3.65614    3.65623          1     6.2733     6.2712      67.49     0.2257     0.2310  1.000e-12  0.6267000    34.5303    34.5308     0.0005    26.7772    26.7775     42.759     42.678      0.483    1485.71    1485.71  0.000e+00
      13540     43.500     8.8254     8.8254    -0.0001    3.65578    3.65580          1     6.2707     6.2717      67.04     0.2367     0.2272  1.000e-12  0.6066000    34.5316    34.5320     0.0003    26.7791    26.7794     43.256     43.174      0.556    1485.69    1485.70  0.000e+00
      13560     44.000     8.8063     8.8067     0.0004    3.65397    3.65403          1     6.2733     6.2687      66.53     0.2607     0.2218  1.000e-12  0.6309000    34.5310    34.5313     0.0002    26.7816    26.7818     43.754     43.670      0.646    1485.63    1485.63  0.000e+00
      13577     44.500     8.8022     8.8025     0.0003    3.65363    3.65368          1     6.2773     6.2682      66.06     0.2381     0.1976  1.000e-12  0.6376000    34.5312    34.5314     0.0003    26.7824    26.7826     44.251     44.166      0.658    1485.63    1485.63  0.000e+00
      13597     45.000     8.7969     8.7978     0.0009    3.65319    3.65331          1     6.2788     6.2682      65.60     0.2184     0.1944  1.000e-12  0.6510000    34.5316    34.5319     0.0004    26.7836    26.7837     44.748     44.662      0.534    1485.61    1485.62  0.000e+00
      13630     45.500     8.7988     8.7995     0.0007    3.65358    3.65367          1     6.2755     6.2682      64.76     0.2097     0.2225  1.000e-12  0.6421000    34.5336    34.5338     0.0003    26.7848    26.7849     45.245     45.158      0.296    1485.63    1485.63  0.000e+00
      13671     46.000     8.8002     8.8015     0.0013    3.65390    3.65408          1     6.2696     6.2551      64.35     0.2250     0.2214  1.000e-12  0.5941000    34.5354    34.5359     0.0006    26.7860    26.7863     45.742     45.654      0.493    1485.65    1485.65  0.000e+00
      13689     46.500     8.7967     8.7973     0.0006    3.65359    3.65370          1     6.2615     6.2481      64.10     0.2237     0.2453  1.000e-12  0.6314000    34.5352    34.5358     0.0006    26.7865    26.7869     46.239     46.150      0.770    1485.64    1485.64  0.000e+00
      13702     47.000     8.7887     8.7893     0.0005    3.65278    3.65288          1     6.2643     6.2506      63.77     0.2285     0.2478  1.000e-12  0.6573000    34.5343    34.5347     0.0005    26.7870    26.7873     46.736     46.646      0.875    1485.62    1485.62  0.000e+00
      13715     47.500     8.7747     8.7736    -0.0012    3.65132    3.65124          1     6.2741     6.2577      63.39     0.2359     0.2612  1.000e-12  0.6916000    34.5323    34.5326     0.0002    26.7877    26.7881     47.234     47.142      0.837    1485.57    1485.57  0.000e+00
      13731     48.000     8.7589     8.7595     0.0005    3.64976    3.64986          1     6.2790     6.2650      62.73     0.2439     0.2546  1.000e-12  0.7125000    34.5310    34.5315     0.0005    26.7891    26.7894     47.731     47.638      0.630    1485.52    1485.52  0.000e+00
      13769     48.500     8.7559     8.7519    -0.0040    3.64957    3.64926          1     6.2781     6.2688      62.07     0.2424     0.2367  1.000e-12  0.6660000    34.5318    34.5324     0.0006    26.7902    26.7913     48.228     48.134      0.310    1485.52    1485.50  0.000e+00
      13810     49.000     8.7416     8.7423     0.0006    3.64827    3.64835          1     6.2755     6.2523      61.52     0.2356     0.2232  1.000e-12  0.6208000    34.5317    34.5319     0.0002    26.7924    26.7925     48.725     48.630      0.600    1485.47    1485.48  0.000e+00
      13825     49.500     8.7441     8.7449     0.0008    3.64871    3.64881          1     6.2752     6.2502      61.15     0.2359     0.2074  1.000e-12  0.6431000    34.5338    34.5340     0.0003    26.7936    26.7937     49.222     49.126      0.814    1485.49    1485.50  0.000e+00
      13839     50.000     8.7418     8.7423     0.0005    3.64860    3.64867          1     6.2709     6.2512      60.74     0.2359     0.2147  1.000e-12  0.7488000    34.5346    34.5349     0.0003    26.7946    26.7948     49.719     49.622      0.851    1485.50    1485.50  0.000e+00
      13853     50.500     8.7406     8.7415     0.0010    3.64872    3.64882          1     6.2684     6.2518      60.25     0.2242     0.2215  1.000e-12  0.7565000    34.5368    34.5369     0.0001    26.7966    26.7965     50.216     50.118      0.733    1485.50    1485.51  0.000e+00
      13874     51.000     8.7475     8.7503     0.0028    3.64958    3.64987          1     6.2695     6.2589      59.75     0.2150     0.2563  1.000e-12  0.7513000    34.5388    34.5392     0.0004    26.7971    26.7969     50.714     50.614      0.484    1485.54    1485.55  0.000e+00
      13905     51.500     8.7709     8.7797     0.0088    3.65240    3.65337          1     6.2759     6.2642      58.97     0.2492     0.2640  1.000e-12  0.7009000    34.5455    34.5471     0.0016    26.7986    26.7984     51.211     51.110      0.405    1485.64    1485.68  0.000e+00
      13931     52.000     8.8212     8.8204    -0.0009    3.65836    3.65840          1     6.2660     6.2521      58.48     0.2431     0.1608  1.000e-12  0.6704000    34.5589    34.5601     0.0013    26.8011    26.8023     51.708     51.606      0.515    1485.85    1485.85  0.000e+00
      13953     52.500     8.8332     8.8326    -0.0005    3.65982    3.65976          1     6.2715     6.2557      57.98     0.2330     0.2043  1.000e-12  0.6420000    34.5623    34.5623    -0.0000    26.8019    26.8020     52.205     52.102      0.539    1485.91    1485.91  0.000e+00
      13976     53.000     8.8432     8.8361    -0.0071    3.66119    3.66034          1     6.2715     6.2587      57.66     0.2282     0.2366  1.000e-12  0.6435000    34.5667    34.5646    -0.0020    26.8038    26.8033     52.702     52.598      0.511    1485.96    1485.93  0.000e+00
      14000     53.500     8.8796     8.8777    -0.0019    3.66557    3.66535          1     6.2618     6.2563      57.05     0.2456     0.2340  1.000e-12  0.6450000    34.5770    34.5766    -0.0005    26.8061    26.8060     53.199     53.094      0.519    1486.11    1486.11  0.000e+00
      14022     54.000     8.8869     8.8863    -0.0007    3.66661    3.66656          1     6.2603     6.2519      56.58     0.2236     0.2261  1.000e-12  0.6175000    34.5807    34.5807     0.0001    26.8078    26.8080     53.696     53.590      0.573    1486.16    1486.15  0.000e+00
      14042     54.500     8.8848     8.8855     0.0008    3.66644    3.66655          1     6.2592     6.2488      56.13     0.2243     0.2188  1.000e-12  0.6855000    34.5806    34.5811     0.0005    26.8081    26.8084     54.193     54.086      0.600    1486.15    1486.16  0.000e+00
      14062     55.000     8.8825     8.8829     0.0004    3.66623    3.66629          1     6.2630     6.2564      55.53     0.2237     0.2072  1.000e-12  0.6477000    34.5804    34.5807     0.0003    26.8083    26.8085     54.691     54.582      0.565    1486.15    1486.16  0.000e+00
      14085     55.500     8.8846     8.8852     0.0007    3.66650    3.66659          1     6.2648     6.2527      55.01     0.2241     0.2071  1.000e-12  0.6048000    34.5810    34.5813     0.0003    26.8084    26.8086     55.188     55.078      0.464    1486.17    1486.18  0.000e+00
      14114     56.000     8.8846     8.8847     0.0001    3.66657    3.66660          1     6.2629     6.2515      54.50     0.2172     0.2206  1.000e-12  0.5903000    34.5814    34.5817     0.0002    26.8088    26.8090     55.685     55.574      0.460    1486.18    1486.18  0.000e+00
      14136     56.500     8.8842     8.8851     0.0008    3.66665    3.66681          1     6.2572     6.2478      54.04     0.2175     0.2442  1.000e-12  0.5930000    34.5824    34.5833     0.0008    26.8096    26.8101     56.182     56.070      0.591    1486.19    1486.19  0.000e+00
