ctdpy/tests/test_data/SBE09_1044_20181208_0353_34_01_0168.cnv
* Sea-Bird SBE 9 Data File:
* FileName = C:\ctd\temp\ar18d168.hex
* Software Version Seasave V 7.26.7.107
* Temperature SN = 5351
* Conductivity SN = 3941
* Number of Bytes Per Scan = 30
* Number of Voltage Words = 4
* Number of Scans Averaged by the Deck Unit = 1
* NMEA baud rate = 4800
** Station:  Å14
** Operator:  ASkj
** Ship: ARANDA
** Average sound velocity: 1484.83 m/s
** True-depth calculation Sun, 09 Dec 2018 17:51:44 +0000
** CTD Python Module SMHI /ver 3-12/ feb 2012 
** LIMS Job: 20183401-0168
** Cruise: SMHI-7-2018
** Latitude [GG MM.mm N]: 58 18.93 N
** Longitude [GG MM.mm E] 10 56.54 E
# nquan = 26
# nvalues = 209                         
# units = specified
# name 0 = scan: Scan Count
# name 1 = prDM: Pressure, Digiquartz [db]
# name 2 = t090C: Temperature [ITS-90, deg C]
# name 3 = t190C: Temperature, 2 [ITS-90, deg C]
# name 4 = T2-T190C: Temperature Difference, 2 - 1 [ITS-90, deg C]
# name 5 = c0S/m: Conductivity [S/m]
# name 6 = c1S/m: Conductivity, 2 [S/m]
# name 7 = pumps: Pump Status
# name 8 = sbeox0ML/L: Oxygen, SBE 43 [ml/l]
# name 9 = sbeox1ML/L: Oxygen, SBE 43, 2 [ml/l]
# name 10 = altM: Altimeter [m]
# name 11 = flECO-AFL: Chl-a Fluorescence, WET Labs ECO-AFL/FL [mg/m^3]
# name 12 = flECO-AFL1: Phycocyanin Fluorescence, WET Labs ECO-AFL/FL, 2 [mg/m^3]
# name 13 = par: PAR/Irradiance, Biospherical/Lico [µE/(cm^2*s)]
# name 14 = turbWETntu0: Turbidity, WET Labs ECO [NTU]
# name 15 = sal00: Salinity, Practical [PSU]
# name 16 = sal11: Salinity, Practical, 2 [PSU]
# name 17 = secS-priS: Salinity, Practical, Difference, 2 - 1 [PSU]
# name 18 = sigma-t00: Density [sigma-t, Kg/m^3 ]
# name 19 = sigma-t11: Density, 2 [sigma-t, Kg/m^3 ]
# name 20 = depSM: Depth [salt water, m], lat = 0
# name 21 = depFM: Depth [true depth, m], lat = 0
# name 22 = dz/dtM: Descent Rate [m/s], WS = 2
# name 23 = svCM: Sound Velocity [Chen-Millero, m/s]
# name 24 = svCM1: Sound Velocity, 2 [Chen-Millero, m/s]
# name 25 = flag: flag
# span 0 =      11344,      16817       
# span 1 =      1.500,    105.500       
# span 2 =     7.4087,     9.2761       
# span 3 =     7.4100,     9.2765       
# span 4 =    -0.1647,     0.0599       
# span 5 =   3.306254,   3.724573       
# span 6 =   3.306367,   3.724598       
# span 7 =          1,          1       
# span 8 =    5.97249,    6.62535       
# span 9 =    5.95913,    6.61876       
# span 10 =       3.10,      97.61      
# span 11 =     0.1260,     0.7619      
# span 12 =     0.1608,     0.3224      
# span 13 = -8.405e-04, 8.9793e-02      
# span 14 =     0.2282,     0.7740      
# span 15 =    32.1758,    34.7956      
# span 16 =    32.1753,    34.7960      
# span 17 =    -0.2692,     0.0608      
# span 18 =    25.1387,    27.0112      
# span 19 =    25.1384,    27.0111      
# span 20 =      1.492,    104.894      
# span 21 =      1.490,    104.670      
# span 22 =     -0.042,      1.103      
# span 23 =    1476.74,    1488.25      
# span 24 =    1476.74,    1488.25      
# span 25 = 0.0000e+00, 0.0000e+00      
# interval = decibars: 0.5              
# start_time = Dec 08 2018 03:53:44 [System UTC, header]
# bad_flag = -9.990e-29
*END*
[from data line 168]
      15478     85.500     8.7830     8.7827    -0.0004    3.67546    3.67532          1     6.2089     6.2023      24.97     0.1880     0.2391  1.000e-12  0.3837000    34.7603    34.7592    -0.0012    26.9651    26.9642     85.013     84.835      0.463    1486.51    1486.51  0.000e+00
      15500     86.000     8.7716     8.7773     0.0056    3.67431    3.67486          1     6.2167     6.1947      24.75     0.1768     0.2333  1.000e-12  0.4069000    34.7592    34.7594     0.0002    26.9659    26.9652     85.510     85.330      0.579    1486.47    1486.50  0.000e+00
      15520     86.500     8.7507     8.7519     0.0013    3.67228    3.67242          1     6.2238     6.1958      24.38     0.1977     0.1710  1.000e-12  0.4166000    34.7580    34.7583     0.0003    26.9683    26.9684     86.007     85.826      0.565    1486.40    1486.41  0.000e+00
      15543     87.000     8.7410     8.7422     0.0012    3.67131    3.67142          1     6.2275     6.2056      23.83     0.1967     0.2023  1.000e-12  0.4351000    34.7572    34.7572     0.0000    26.9692    26.9690     86.504     86.322      0.499    1486.37    1486.38  0.000e+00
      15568     87.500     8.7245     8.7241    -0.0005    3.66968    3.66963          1     6.2334     6.2274      23.35     0.2036     0.2538  1.000e-12  0.4287000    34.7559    34.7558    -0.0001    26.9708    26.9708     87.001     86.818      0.534    1486.32    1486.32  0.000e+00
      15588     88.000     8.7053     8.7046    -0.0007    3.66772    3.66767          1     6.2344     6.2402      22.92     0.2035     0.2606  1.000e-12  0.4243000    34.7539    34.7541     0.0002    26.9722    26.9725     87.498     87.314      0.581    1486.26    1486.25  0.000e+00
      15609     88.500     8.6857     8.6847    -0.0010    3.66576    3.66561          1     6.2433     6.2441      22.40     0.1844     0.2419  1.000e-12  0.4348000    34.7522    34.7516    -0.0006    26.9740    26.9737     87.995     87.810      0.528    1486.19    1486.18  0.000e+00
      15635     89.000     8.6633     8.6645     0.0012    3.66338    3.66351          1     6.2499     6.2467      21.88     0.1789     0.2375  1.000e-12  0.4432000    34.7489    34.7491     0.0002    26.9749    26.9749     88.492     88.306      0.456    1486.11    1486.11  0.000e+00
      15661     89.500     8.6584     8.6589     0.0006    3.66282    3.66290          1     6.2500     6.2582      21.35     0.2101     0.2148  1.000e-12  0.4313000    34.7475    34.7479     0.0004    26.9746    26.9748     88.989     88.802      0.498    1486.10    1486.10  0.000e+00
      15683     90.000     8.6460     8.6474     0.0014    3.66162    3.66178          1     6.2574     6.2579      20.89     0.2053     0.2718  1.000e-12  0.4514000    34.7467    34.7471     0.0004    26.9759    26.9760     89.486     89.298      0.545    1486.06    1486.06  0.000e+00
      15705     90.500     8.6420     8.6434     0.0014    3.66129    3.66144          1     6.2641     6.2546      20.43     0.2119     0.2318  1.000e-12  0.4763000    34.7469    34.7472     0.0002    26.9767    26.9767     89.983     89.793      0.552    1486.05    1486.06  0.000e+00
      15727     91.000     8.6411     8.6421     0.0010    3.66126    3.66139          1     6.2671     6.2557      19.90     0.1834     0.2544  1.000e-12  0.4846000    34.7473    34.7477     0.0004    26.9772    26.9773     90.480     90.289      0.536    1486.06    1486.06  0.000e+00
      15750     91.500     8.6414     8.6420     0.0006    3.66136    3.66145          1     6.2687     6.2549      19.44     0.2138     0.2697  1.000e-12  0.4721000    34.7477    34.7482     0.0004    26.9775    26.9777     90.977     90.785      0.537    1486.07    1486.07  0.000e+00
      15772     92.000     8.6415     8.6423     0.0009    3.66141    3.66151          1     6.2676     6.2567      18.90     0.2187     0.2593  1.000e-12  0.4769000    34.7480    34.7483     0.0003    26.9777    26.9777     91.474     91.281      0.534    1486.07    1486.08  0.000e+00
      15795     92.500     8.6402     8.6404     0.0002    3.66135    3.66143          1     6.2675     6.2572      18.37     0.2097     0.2291  1.000e-12  0.4847000    34.7485    34.7491     0.0006    26.9782    26.9787     91.971     91.777      0.459    1486.08    1486.08  0.000e+00
      15827     93.000     8.6395     8.6398     0.0002    3.66135    3.66145          1     6.2696     6.2536      17.80     0.2166     0.2066  1.000e-12  0.4698000    34.7489    34.7496     0.0007    26.9786    26.9792     92.468     92.273      0.360    1486.09    1486.09  0.000e+00
      15857     93.500     8.6389     8.6395     0.0006    3.66132    3.66141          1     6.2692     6.2611      17.31     0.2049     0.2517  1.000e-12  0.4626000    34.7489    34.7493     0.0004    26.9788    26.9790     92.965     92.769      0.489    1486.09    1486.09  0.000e+00
      15879     94.000     8.6362     8.6367     0.0005    3.66110    3.66118          1     6.2705     6.2513      16.92     0.2102     0.2426  1.000e-12  0.4516000    34.7489    34.7493     0.0003    26.9792    26.9794     93.462     93.265      0.627    1486.09    1486.09  0.000e+00
      15896     94.500     8.6333     8.6342     0.0009    3.66135    3.66144          1     6.2674     6.2439      16.52     0.2071     0.2067  1.000e-12  0.4721000    34.7543    34.7543    -0.0000    26.9839    26.9837     93.959     93.761      0.689    1486.09    1486.10  0.000e+00
      15913     95.000     8.6306     8.6313     0.0007    3.66173    3.66180          1     6.2653     6.2494      16.02     0.2027     0.2210  1.000e-12  0.4984000    34.7607    34.7608     0.0000    26.9894    26.9893     94.456     94.256      0.685    1486.10    1486.10  0.000e+00
      15931     95.500     8.6276     8.6285     0.0008    3.66162    3.66173          1     6.2656     6.2516      15.51     0.2047     0.2487  1.000e-12  0.4768000    34.7622    34.7625     0.0003    26.9910    26.9911     94.953     94.752      0.620    1486.10    1486.10  0.000e+00
      15953     96.000     8.6268     8.6275     0.0007    3.66163    3.66172          1     6.2637     6.2443      14.95     0.2092     0.2451  1.000e-12  0.4809000    34.7628    34.7631     0.0003    26.9916    26.9917     95.450     95.248      0.513    1486.11    1486.11  0.000e+00
      15979     96.500     8.6267     8.6275     0.0007    3.66165    3.66174          1     6.2647     6.2473      14.39     0.2209     0.2009  1.000e-12  0.4680000    34.7629    34.7631     0.0002    26.9917    26.9917     95.947     95.744      0.468    1486.11    1486.12  0.000e+00
      16003     97.000     8.6266     8.6272     0.0006    3.66168    3.66176          1     6.2599     6.2555      13.89     0.2155     0.2277  1.000e-12  0.4654000    34.7632    34.7633     0.0002    26.9919    26.9919     96.445     96.240      0.498    1486.12    1486.12  0.000e+00
      16027     97.500     8.6256     8.6263     0.0006    3.66168    3.66177          1     6.2570     6.2531      13.41     0.2098     0.2480  1.000e-12  0.4679000    34.7638    34.7641     0.0003    26.9925    26.9927     96.941     96.736      0.510    1486.13    1486.13  0.000e+00
      16051     98.000     8.6246     8.6255     0.0008    3.66169    3.66178          1     6.2562     6.2424      12.93     0.2051     0.2697  1.000e-12  0.4765000    34.7647    34.7648     0.0001    26.9934    26.9934     97.438     97.232      0.474    1486.13    1486.14  0.000e+00
      16078     98.500     8.6215     8.6228     0.0012    3.66155    3.66167          1     6.2553     6.2377      12.04     0.2088     0.2345  1.000e-12  0.4707000    34.7661    34.7661    -0.0000    26.9949    26.9948     97.936     97.728      0.453    1486.13    1486.14  0.000e+00
      16103     99.000     8.6184     8.6192     0.0007    3.66136    3.66144          1     6.2524     6.2402      11.82     0.2120     0.2738  1.000e-12  0.4695000    34.7668    34.7669     0.0002    26.9960    26.9960     98.433     98.224      0.548    1486.13    1486.13  0.000e+00
      16122     99.500     8.6183     8.6191     0.0008    3.66142    3.66152          1     6.2539     6.2373      11.52     0.2155     0.1678  1.000e-12  0.4763000    34.7673    34.7676     0.0002    26.9964    26.9965     98.930     98.719      0.656    1486.14    1486.14  0.000e+00
      16140    100.000     8.6182     8.6189     0.0008    3.66145    3.66154          1     6.2616     6.2393      11.09     0.2238     0.2016  1.000e-12  0.4757000    34.7676    34.7678     0.0002    26.9966    26.9967     99.427     99.215      0.698    1486.15    1486.15  0.000e+00
      16157    100.500     8.6132     8.6142     0.0010    3.66115    3.66128          1     6.2651     6.2511      10.59     0.2090     0.2416  1.000e-12  0.4898000    34.7690    34.7693     0.0003    26.9986    26.9987     99.924     99.711      0.644    1486.14    1486.14  0.000e+00
      16179    101.000     8.6101     8.6112     0.0011    3.66097    3.66109          1     6.2611     6.2548      10.02     0.2151     0.2308  1.000e-12  0.4856000    34.7700    34.7702     0.0002    26.9998    26.9998    100.421    100.207      0.453    1486.13    1486.14  0.000e+00
      16219    101.500     8.6094     8.6122     0.0028    3.66100    3.66117          1     6.2578     6.2397       9.32     0.2126     0.2371  1.000e-12  0.4581000    34.7707    34.7698    -0.0009    27.0005    26.9993    100.918    100.703      0.283    1486.14    1486.15  0.000e+00
      16250    102.000     8.6062     8.6070     0.0008    3.66091    3.66101          1     6.2508     6.2382       9.01     0.2042     0.2343  1.000e-12  0.4458000    34.7727    34.7729     0.0002    27.0025    27.0026    101.415    101.199      0.601    1486.14    1486.14  0.000e+00
      16266    102.500     8.6030     8.6038     0.0008    3.66065    3.66076          1     6.2489     6.2470       8.60     0.2041     0.2325  1.000e-12  0.4770000    34.7728    34.7732     0.0004    27.0031    27.0033    101.912    101.695      0.765    1486.14    1486.14  0.000e+00
      16281    103.000     8.5950     8.5962     0.0011    3.65993    3.66004          1     6.2508     6.2510       8.16     0.2065     0.2441  1.000e-12  0.4782000    34.7728    34.7729     0.0001    27.0044    27.0043    102.409    102.191      0.750    1486.12    1486.12  0.000e+00
      16300    103.500     8.5917     8.5927     0.0010    3.65969    3.65979          1     6.2551     6.2551       7.58     0.2144     0.2453  1.000e-12  0.4899000    34.7733    34.7734     0.0001    27.0053    27.0052    102.906    102.686      0.494    1486.11    1486.11  0.000e+00
      16387    104.000     8.5936     8.5941     0.0004    3.65989    3.65996          1     6.2609     6.2507       6.76     0.2204     0.1996  1.000e-12  0.4274000    34.7733    34.7736     0.0003    27.0050    27.0052    103.403    103.182      0.319    1486.13    1486.13  0.000e+00
      16413    104.500     8.5880     8.5888     0.0008    3.65952    3.65961          1     6.2569     6.2438       6.45     0.2098     0.2391  1.000e-12  0.4449000    34.7747    34.7748     0.0002    27.0069    27.0069    103.900    103.678      0.513    1486.12    1486.12  0.000e+00
      16439    105.000     8.5857     8.5866     0.0009    3.65964    3.65972          1     6.2582     6.2418       5.95     0.2099     0.3004  1.000e-12  0.4791000    34.7780    34.7780    -0.0000    27.0099    27.0097    104.397    104.174      0.379    1486.12    1486.12  0.000e+00
      16817    105.500     8.5842     8.5850     0.0008    3.65965    3.65973          1     6.2633     6.2520       5.14     0.2222     0.2151  1.000e-12  0.4237000    34.7793    34.7794     0.0001    27.0112    27.0111    104.894    104.670     -0.042    1486.12    1486.13  0.000e+00
