ctdpy/tests/test_data/SBE09_1044_20181208_0241_34_01_0167.cnv
* Sea-Bird SBE 9 Data File:
* FileName = C:\ctd\temp\ar18d167.hex
* Software Version Seasave V 7.26.7.107
* Temperature SN = 5351
* Conductivity SN = 3941
* Number of Bytes Per Scan = 30
* Number of Voltage Words = 4
* Number of Scans Averaged by the Deck Unit = 1
* NMEA baud rate = 4800
** Station:  Å15
** Operator:  ASkj
** Ship: ARANDA
** Average sound velocity: 1485.87 m/s
** True-depth calculation Sun, 09 Dec 2018 17:51:22 +0000
** CTD Python Module SMHI /ver 3-12/ feb 2012 
** LIMS Job: 20183401-0167
** Cruise: SMHI-7-2018
** Latitude [GG MM.mm N]: 58 17.66 N
** Longitude [GG MM.mm E] 10 50.73 E
# nquan = 26
# nvalues = 260                         
# units = specified
# name 0 = scan: Scan Count
# name 1 = prDM: Pressure, Digiquartz [db]
# name 2 = t090C: Temperature [ITS-90, deg C]
# name 3 = t190C: Temperature, 2 [ITS-90, deg C]
# name 4 = T2-T190C: Temperature Difference, 2 - 1 [ITS-90, deg C]
# name 5 = c0S/m: Conductivity [S/m]
# name 6 = c1S/m: Conductivity, 2 [S/m]
# name 7 = pumps: Pump Status
# name 8 = sbeox0ML/L: Oxygen, SBE 43 [ml/l]
# name 9 = sbeox1ML/L: Oxygen, SBE 43, 2 [ml/l]
# name 10 = altM: Altimeter [m]
# name 11 = flECO-AFL: Chl-a Fluorescence, WET Labs ECO-AFL/FL [mg/m^3]
# name 12 = flECO-AFL1: Phycocyanin Fluorescence, WET Labs ECO-AFL/FL, 2 [mg/m^3]
# name 13 = par: PAR/Irradiance, Biospherical/Lico [µE/(cm^2*s)]
# name 14 = turbWETntu0: Turbidity, WET Labs ECO [NTU]
# name 15 = sal00: Salinity, Practical [PSU]
# name 16 = sal11: Salinity, Practical, 2 [PSU]
# name 17 = secS-priS: Salinity, Practical, Difference, 2 - 1 [PSU]
# name 18 = sigma-t00: Density [sigma-t, Kg/m^3 ]
# name 19 = sigma-t11: Density, 2 [sigma-t, Kg/m^3 ]
# name 20 = depSM: Depth [salt water, m], lat = 0
# name 21 = depFM: Depth [true depth, m], lat = 0
# name 22 = dz/dtM: Descent Rate [m/s], WS = 2
# name 23 = svCM: Sound Velocity [Chen-Millero, m/s]
# name 24 = svCM1: Sound Velocity, 2 [Chen-Millero, m/s]
# name 25 = flag: flag
# span 0 =      25840,      32438       
# span 1 =      1.500,    131.000       
# span 2 =     7.1844,     9.3043       
# span 3 =     7.1826,     9.3050       
# span 4 =    -0.1539,     0.0670       
# span 5 =   3.235511,   3.718285       
# span 6 =   3.235197,   3.718309       
# span 7 =          1,          1       
# span 8 =    5.66432,    6.68756       
# span 9 =    5.66544,    6.69342       
# span 10 =      -4.58,      98.66      
# span 11 =     0.0798,     1.0086      
# span 12 =     0.0915,     0.3058      
# span 13 = -1.329e-03, 4.4183e-02      
# span 14 =     0.2470,     1.0317      
# span 15 =    31.6186,    34.9854      
# span 16 =    31.6166,    34.9860      
# span 17 =    -0.2828,     0.1136      
# span 18 =    24.7317,    27.2129      
# span 19 =    24.7304,    27.2121      
# span 20 =      1.492,    130.240      
# span 21 =      1.491,    129.946      
# span 22 =     -0.608,      1.247      
# span 23 =    1475.21,    1487.80      
# span 24 =    1475.21,    1487.80      
# span 25 = 0.0000e+00, 0.0000e+00      
# interval = decibars: 0.5              
# start_time = Dec 08 2018 02:41:08 [System UTC, header]
# bad_flag = -9.990e-29
*END*
[from data line 168]
      30038     85.500     8.9014     8.9140     0.0123    3.70243    3.70365          1     5.8857     5.8951      50.38     0.1257     0.2329  1.000e-12  0.3459000    34.9277    34.9282     0.0004    27.0774    27.0757     85.013     84.828      0.888    1487.15    1487.20  0.000e+00
      30050     86.000     8.6805     8.6936     0.0133    3.67991    3.68097          1     5.9298     5.9495      50.01     0.1216     0.2309  1.000e-12  0.3485000    34.9080    34.9061    -0.0019    27.0970    27.0934     85.510     85.323      0.985    1486.32    1486.37  0.000e+00
      30061     86.500     8.6390     8.6412     0.0022    3.67560    3.67580          1     5.9690     5.9892      49.61     0.1139     0.1679  1.000e-12  0.3498000    34.9032    34.9031    -0.0000    27.0997    27.0993     86.007     85.819      0.948    1486.17    1486.18  0.000e+00
      30075     87.000     8.5767     8.5759    -0.0007    3.66888    3.66897          1     6.0095     6.0228      49.16     0.1334     0.1671  1.000e-12  0.3967000    34.8932    34.8950     0.0017    27.1017    27.1031     86.504     86.315      0.761    1485.93    1485.93  0.000e+00
      30100     87.500     8.5135     8.5057    -0.0078    3.66233    3.66141          1     6.0319     6.0413      48.46     0.1565     0.2007  1.000e-12  0.4986000    34.8861    34.8841    -0.0020    27.1059    27.1056     87.001     86.811      0.387    1485.70    1485.67  0.000e+00
      30141     88.000     8.4656     8.4519    -0.0138    3.65704    3.65546          1     6.0427     6.0439      47.69     0.1603     0.1443  1.000e-12  0.4561000    34.8771    34.8740    -0.0032    27.1063    27.1060     87.498     87.307      0.380    1485.51    1485.46  0.000e+00
      30166     88.500     8.4203     8.4190    -0.0013    3.65224    3.65215          1     6.0617     6.0465      47.31     0.1693     0.1552  1.000e-12  0.5577000    34.8707    34.8711     0.0003    27.1083    27.1088     87.995     87.803      0.528    1485.35    1485.34  0.000e+00
      30188     89.000     8.4068     8.4075     0.0008    3.65093    3.65103          1     6.0740     6.0566      46.79     0.1693     0.2086  1.000e-12  0.5909000    34.8700    34.8702     0.0002    27.1098    27.1099     88.492     88.298      0.553    1485.30    1485.31  0.000e+00
      30209     89.500     8.4160     8.4150    -0.0010    3.65222    3.65210          1     6.0628     6.0541      46.31     0.1761     0.2405  1.000e-12  0.5893000    34.8743    34.8740    -0.0003    27.1118    27.1117     88.989     88.794      0.613    1485.35    1485.35  0.000e+00
      30227     90.000     8.4122     8.4085    -0.0038    3.65182    3.65149          1     6.0497     6.0416      45.88     0.1677     0.2213  1.000e-12  0.5948000    34.8735    34.8737     0.0002    27.1117    27.1125     89.486     89.290      0.714    1485.34    1485.33  0.000e+00
      30243     90.500     8.3829     8.3840     0.0014    3.64875    3.64900          1     6.0593     6.0464      45.46     0.1470     0.1883  1.000e-12  0.6052000    34.8697    34.8713     0.0016    27.1133    27.1144     89.983     89.786      0.761    1485.24    1485.24  0.000e+00
      30258     91.000     8.3194     8.3261     0.0064    3.64220    3.64298          1     6.0761     6.0639      44.98     0.1695     0.1800  1.000e-12  0.6494000    34.8626    34.8643     0.0017    27.1175    27.1178     90.480     90.282      0.677    1485.00    1485.03  0.000e+00
      30293     91.500     8.2907     8.2916     0.0009    3.63930    3.63943          1     6.0879     6.0839      44.27     0.1993     0.2127  1.000e-12  0.6868000    34.8600    34.8604     0.0005    27.1198    27.1201     90.977     90.778      0.379    1484.90    1484.90  0.000e+00
      30351     92.000     8.2850     8.2858     0.0008    3.63878    3.63884          1     6.0882     6.0824      43.64     0.2514     0.2350  1.000e-12  0.6205000    34.8598    34.8597    -0.0001    27.1205    27.1203     91.474     91.273      0.650    1484.88    1484.89  0.000e+00
      30363     92.500     8.2838     8.2843     0.0005    3.63871    3.63878          1     6.0911     6.0832      43.41     0.1899     0.2324  1.000e-12  0.7477000    34.8601    34.8602     0.0001    27.1210    27.1209     91.971     91.769      0.959    1484.89    1484.89  0.000e+00
      30374     93.000     8.2829     8.2835     0.0006    3.63866    3.63874          1     6.0900     6.0803      43.11     0.1894     0.2329  1.000e-12  0.7530000    34.8601    34.8605     0.0003    27.1211    27.1213     92.468     92.265      1.084    1484.89    1484.90  0.000e+00
      30384     93.500     8.2822     8.2830     0.0008    3.63863    3.63875          1     6.0924     6.0769      42.71     0.1825     0.2325  1.000e-12  0.7605000    34.8603    34.8607     0.0004    27.1213    27.1216     92.965     92.761      1.076    1484.90    1484.90  0.000e+00
      30395     94.000     8.2828     8.2835     0.0007    3.63873    3.63884          1     6.0934     6.0726      42.22     0.1790     0.2331  1.000e-12  0.7650000    34.8605    34.8609     0.0004    27.1215    27.1217     93.462     93.257      0.926    1484.91    1484.91  0.000e+00
      30412     94.500     8.2825     8.2838     0.0013    3.63873    3.63887          1     6.0940     6.0738      41.63     0.1655     0.2373  1.000e-12  0.7707000    34.8606    34.8607     0.0001    27.1216    27.1215     93.959     93.752      0.529    1484.92    1484.92  0.000e+00
      30472     95.000     8.2808     8.2817     0.0009    3.63863    3.63871          1     6.0910     6.0777      40.58     0.1813     0.2365  1.000e-12  0.6571000    34.8609    34.8609    -0.0000    27.1221    27.1219     94.456     94.248      0.370    1484.92    1484.92  0.000e+00
      30493     95.500     8.2791     8.2805     0.0013    3.63850    3.63864          1     6.0888     6.0799      40.30     0.1587     0.2381  1.000e-12  0.7081000    34.8609    34.8611     0.0002    27.1224    27.1223     94.953     94.744      0.672    1484.92    1484.93  0.000e+00
      30509     96.000     8.2773     8.2784     0.0012    3.63838    3.63847          1     6.0877     6.0853      39.93     0.1577     0.1372  1.000e-12  0.7358000    34.8613    34.8611    -0.0002    27.1229    27.1226     95.450     95.240      0.766    1484.92    1484.93  0.000e+00
      30524     96.500     8.2781     8.2788     0.0007    3.63861    3.63862          1     6.0845     6.0856      39.53     0.1601     0.1642  1.000e-12  0.7719000    34.8626    34.8621    -0.0006    27.1238    27.1233     95.947     95.736      0.738    1484.94    1484.94  0.000e+00
      30542     97.000     8.2776     8.2784     0.0007    3.63858    3.63863          1     6.0836     6.0796      38.94     0.1668     0.2282  1.000e-12  0.7816000    34.8625    34.8623    -0.0002    27.1239    27.1236     96.444     96.232      0.569    1484.94    1484.94  0.000e+00
      30572     97.500     8.2787     8.2792     0.0006    3.63871    3.63877          1     6.0846     6.0676      38.29     0.1819     0.1957  1.000e-12  0.7781000    34.8627    34.8627     0.0001    27.1238    27.1237     96.941     96.727      0.344    1484.96    1484.96  0.000e+00
      30607     98.000     8.2765     8.2773     0.0008    3.63847    3.63856          1     6.0855     6.0722      37.82     0.1697     0.2050  1.000e-12  0.7147000    34.8620    34.8622     0.0001    27.1236    27.1236     97.439     97.223      0.424    1484.95    1484.96  0.000e+00
      30631     98.500     8.2733     8.2744     0.0011    3.63814    3.63824          1     6.0844     6.0827      37.34     0.1693     0.1893  1.000e-12  0.7376000    34.8615    34.8614    -0.0001    27.1237    27.1234     97.936     97.719      0.590    1484.95    1484.95  0.000e+00
      30649     99.000     8.2729     8.2746     0.0017    3.63809    3.63823          1     6.0877     6.0897      36.92     0.1770     0.2069  1.000e-12  0.7587000    34.8611    34.8609    -0.0002    27.1234    27.1230     98.433     98.215      0.663    1484.96    1484.96  0.000e+00
      30667     99.500     8.2704     8.2738     0.0035    3.63790    3.63819          1     6.0893     6.0903      36.44     0.1722     0.1788  1.000e-12  0.7932000    34.8613    34.8609    -0.0003    27.1240    27.1232     98.930     98.711      0.655    1484.95    1484.97  0.000e+00
      30686    100.000     8.2716     8.2724     0.0008    3.63803    3.63802          1     6.0854     6.0882      35.95     0.1774     0.2047  1.000e-12  0.7770000    34.8612    34.8603    -0.0008    27.1237    27.1230     99.427     99.206      0.615    1484.97    1484.97  0.000e+00
      30706    100.500     8.2716     8.2722     0.0006    3.63808    3.63811          1     6.0864     6.0838      35.41     0.1918     0.2216  1.000e-12  0.7318000    34.8615    34.8612    -0.0003    27.1239    27.1236     99.924     99.702      0.563    1484.98    1484.98  0.000e+00
      30729    101.000     8.2708     8.2713     0.0005    3.63806    3.63808          1     6.0902     6.0821      34.92     0.1901     0.2237  1.000e-12  0.7748000    34.8618    34.8616    -0.0002    27.1243    27.1241    100.421    100.198      0.492    1484.98    1484.98  0.000e+00
      30756    101.500     8.2718     8.2730     0.0013    3.63821    3.63833          1     6.0920     6.0766      34.35     0.1657     0.2115  1.000e-12  0.7558000    34.8623    34.8622    -0.0001    27.1246    27.1243    100.918    100.694      0.416    1485.00    1485.00  0.000e+00
      30785    102.000     8.2714     8.2726     0.0013    3.63821    3.63832          1     6.0835     6.0782      33.88     0.1605     0.1842  1.000e-12  0.7832000    34.8623    34.8623    -0.0000    27.1247    27.1244    101.415    101.190      0.504    1485.00    1485.01  0.000e+00
      30805    102.500     8.2711     8.2722     0.0011    3.63822    3.63830          1     6.0771     6.0790      33.42     0.1676     0.2308  1.000e-12  0.7584000    34.8625    34.8624    -0.0002    27.1249    27.1245    101.912    101.686      0.656    1485.01    1485.01  0.000e+00
      30822    103.000     8.2618     8.2629     0.0011    3.63731    3.63743          1     6.0758     6.0771      33.06     0.1691     0.2091  1.000e-12  0.8212000    34.8619    34.8620     0.0001    27.1257    27.1256    102.409    102.181      0.687    1484.98    1484.99  0.000e+00
      30840    103.500     8.2517     8.2524     0.0007    3.63642    3.63649          1     6.0780     6.0766      32.50     0.1776     0.2071  1.000e-12  0.8269000    34.8621    34.8621     0.0000    27.1274    27.1274    102.906    102.677      0.626    1484.95    1484.95  0.000e+00
      30861    104.000     8.2446     8.2458     0.0012    3.63580    3.63592          1     6.0749     6.0688      31.97     0.1867     0.2071  1.000e-12  0.8283000    34.8623    34.8624     0.0001    27.1287    27.1286    103.403    103.173      0.555    1484.93    1484.94  0.000e+00
      30883    104.500     8.2407     8.2418     0.0011    3.63558    3.63568          1     6.0643     6.0503      31.40     0.1704     0.2040  1.000e-12  0.8622000    34.8635    34.8635    -0.0000    27.1303    27.1301    103.900    103.669      0.519    1484.93    1484.93  0.000e+00
      30907    105.000     8.2405     8.2415     0.0010    3.63570    3.63581          1     6.0534     6.0332      30.92     0.1818     0.1791  1.000e-12  0.9109000    34.8648    34.8650     0.0002    27.1313    27.1313    104.397    104.165      0.478    1484.94    1484.94  0.000e+00
      30934    105.500     8.2407     8.2415     0.0008    3.63582    3.63590          1     6.0432     6.0280      30.39     0.2014     0.2113  1.000e-12  0.9395000    34.8656    34.8656     0.0000    27.1319    27.1318    104.894    104.661      0.444    1484.95    1484.95  0.000e+00
      30960    106.000     8.2410     8.2420     0.0009    3.63598    3.63606          1     6.0353     6.0214      29.89     0.1823     0.2640  1.000e-12  0.9213000    34.8667    34.8667     0.0000    27.1327    27.1326    105.391    105.156      0.519    1484.96    1484.96  0.000e+00
      30981    106.500     8.2420     8.2433     0.0012    3.63621    3.63631          1     6.0398     6.0155      29.50     0.1932     0.2325  1.000e-12  0.9811000    34.8680    34.8679    -0.0001    27.1335    27.1333    105.888    105.652      0.639    1484.97    1484.98  0.000e+00
      30998    107.000     8.2428     8.2441     0.0013    3.63636    3.63647          1     6.0401     6.0140      29.05     0.1906     0.2181  1.000e-12  0.9882000    34.8686    34.8685    -0.0001    27.1339    27.1337    106.385    106.148      0.677    1484.98    1484.99  0.000e+00
      31016    107.500     8.2577     8.2604     0.0027    3.63827    3.63851          1     6.0360     6.0191      28.56     0.1870     0.2110  1.000e-12  0.9957000    34.8740    34.8738    -0.0002    27.1359    27.1353    106.882    106.644      0.626    1485.05    1485.06  0.000e+00
      31038    108.000     8.2685     8.2667    -0.0017    3.63952    3.63930          1     6.0309     6.0221      28.01     0.1784     0.2609  1.000e-12  1.0060000    34.8764    34.8757    -0.0007    27.1361    27.1358    107.379    107.140      0.502    1485.11    1485.10  0.000e+00
      31066    108.500     8.2745     8.2743    -0.0003    3.64026    3.64025          1     6.0275     6.0185      27.39     0.1737     0.1704  1.000e-12  0.9905000    34.8780    34.8781     0.0001    27.1365    27.1366    107.876    107.635      0.390    1485.14    1485.14  0.000e+00
      31096    109.000     8.2781     8.2815     0.0034    3.64067    3.64107          1     6.0339     6.0154      26.94     0.1865     0.1501  1.000e-12  0.9566000    34.8786    34.8795     0.0009    27.1364    27.1365    108.373    108.131      0.475    1485.16    1485.18  0.000e+00
      31118    109.500     8.2835     8.2832    -0.0002    3.64133    3.64129          1     6.0323     6.0131      26.49     0.1858     0.2225  1.000e-12  0.9589000    34.8801    34.8798    -0.0002    27.1367    27.1366    108.870    108.627      0.555    1485.19    1485.19  0.000e+00
      31140    110.000     8.2879     8.2919     0.0039    3.64185    3.64229          1     6.0307     6.0157      26.00     0.1749     0.2074  1.000e-12  0.9457000    34.8810    34.8817     0.0007    27.1368    27.1367    109.367    109.123      0.537    1485.22    1485.23  0.000e+00
      31163    110.500     8.2874     8.2882     0.0008    3.64184    3.64189          1     6.0182     6.0114      25.50     0.1902     0.2307  1.000e-12  0.9163000    34.8811    34.8808    -0.0003    27.1369    27.1366    109.864    109.619      0.532    1485.22    1485.23  0.000e+00
      31185    111.000     8.2957     8.3001     0.0044    3.64286    3.64327          1     6.0284     6.0208      25.04     0.1772     0.2151  1.000e-12  0.9671000    34.8835    34.8835    -0.0001    27.1375    27.1368    110.361    110.114      0.592    1485.26    1485.28  0.000e+00
      31204    111.500     8.3321     8.3236    -0.0085    3.64696    3.64594          1     6.0373     6.0158      24.57     0.1658     0.2070  1.000e-12  0.9173000    34.8908    34.8885    -0.0024    27.1377    27.1371    110.857    110.610      0.644    1485.42    1485.39  0.000e+00
      31222    112.000     8.3563     8.3624     0.0061    3.65025    3.65067          1     6.0058     5.9862      24.11     0.1626     0.2072  1.000e-12  0.9487000    34.9016    34.9000    -0.0016    27.1424    27.1402    111.354    111.106      0.642    1485.53    1485.55  0.000e+00
