ctdpy/tests/test_data/SBE09_1044_20181208_0241_34_01_0167.cnv
* Sea-Bird SBE 9 Data File:
* FileName = C:\ctd\temp\ar18d167.hex
* Software Version Seasave V 7.26.7.107
* Temperature SN = 5351
* Conductivity SN = 3941
* Number of Bytes Per Scan = 30
* Number of Voltage Words = 4
* Number of Scans Averaged by the Deck Unit = 1
* NMEA baud rate = 4800
** Station:  Å15
** Operator:  ASkj
** Ship: ARANDA
** Average sound velocity: 1485.87 m/s
** True-depth calculation Sun, 09 Dec 2018 17:51:22 +0000
** CTD Python Module SMHI /ver 3-12/ feb 2012 
** LIMS Job: 20183401-0167
** Cruise: SMHI-7-2018
** Latitude [GG MM.mm N]: 58 17.66 N
** Longitude [GG MM.mm E] 10 50.73 E
# nquan = 26
# nvalues = 260                         
# units = specified
# name 0 = scan: Scan Count
# name 1 = prDM: Pressure, Digiquartz [db]
# name 2 = t090C: Temperature [ITS-90, deg C]
# name 3 = t190C: Temperature, 2 [ITS-90, deg C]
# name 4 = T2-T190C: Temperature Difference, 2 - 1 [ITS-90, deg C]
# name 5 = c0S/m: Conductivity [S/m]
# name 6 = c1S/m: Conductivity, 2 [S/m]
# name 7 = pumps: Pump Status
# name 8 = sbeox0ML/L: Oxygen, SBE 43 [ml/l]
# name 9 = sbeox1ML/L: Oxygen, SBE 43, 2 [ml/l]
# name 10 = altM: Altimeter [m]
# name 11 = flECO-AFL: Chl-a Fluorescence, WET Labs ECO-AFL/FL [mg/m^3]
# name 12 = flECO-AFL1: Phycocyanin Fluorescence, WET Labs ECO-AFL/FL, 2 [mg/m^3]
# name 13 = par: PAR/Irradiance, Biospherical/Lico [µE/(cm^2*s)]
# name 14 = turbWETntu0: Turbidity, WET Labs ECO [NTU]
# name 15 = sal00: Salinity, Practical [PSU]
# name 16 = sal11: Salinity, Practical, 2 [PSU]
# name 17 = secS-priS: Salinity, Practical, Difference, 2 - 1 [PSU]
# name 18 = sigma-t00: Density [sigma-t, Kg/m^3 ]
# name 19 = sigma-t11: Density, 2 [sigma-t, Kg/m^3 ]
# name 20 = depSM: Depth [salt water, m], lat = 0
# name 21 = depFM: Depth [true depth, m], lat = 0
# name 22 = dz/dtM: Descent Rate [m/s], WS = 2
# name 23 = svCM: Sound Velocity [Chen-Millero, m/s]
# name 24 = svCM1: Sound Velocity, 2 [Chen-Millero, m/s]
# name 25 = flag: flag
# span 0 =      25840,      32438       
# span 1 =      1.500,    131.000       
# span 2 =     7.1844,     9.3043       
# span 3 =     7.1826,     9.3050       
# span 4 =    -0.1539,     0.0670       
# span 5 =   3.235511,   3.718285       
# span 6 =   3.235197,   3.718309       
# span 7 =          1,          1       
# span 8 =    5.66432,    6.68756       
# span 9 =    5.66544,    6.69342       
# span 10 =      -4.58,      98.66      
# span 11 =     0.0798,     1.0086      
# span 12 =     0.0915,     0.3058      
# span 13 = -1.329e-03, 4.4183e-02      
# span 14 =     0.2470,     1.0317      
# span 15 =    31.6186,    34.9854      
# span 16 =    31.6166,    34.9860      
# span 17 =    -0.2828,     0.1136      
# span 18 =    24.7317,    27.2129      
# span 19 =    24.7304,    27.2121      
# span 20 =      1.492,    130.240      
# span 21 =      1.491,    129.946      
# span 22 =     -0.608,      1.247      
# span 23 =    1475.21,    1487.80      
# span 24 =    1475.21,    1487.80      
# span 25 = 0.0000e+00, 0.0000e+00      
# interval = decibars: 0.5              
# start_time = Dec 08 2018 02:41:08 [System UTC, header]
# bad_flag = -9.990e-29
*END*
[from data line 223]
      31269    113.000     8.4346     8.4329    -0.0017    3.65939    3.65912          1     5.9471     5.9382      22.96     0.1592     0.2190  1.000e-12  0.6890000    34.9207    34.9196    -0.0012    27.1453    27.1447    112.348    112.098      0.368    1485.86    1485.86  0.000e+00
      31306    113.500     8.4570     8.4472    -0.0098    3.66254    3.66133          1     5.9178     5.9089      22.40     0.1649     0.1575  1.000e-12  0.6978000    34.9318    34.9287    -0.0031    27.1505    27.1496    112.845    112.594      0.397    1485.97    1485.93  0.000e+00
      31329    114.000     8.4753     8.4749    -0.0003    3.66490    3.66487          1     5.8917     5.8774      22.01     0.1415     0.2467  1.000e-12  0.6732000    34.9385    34.9385     0.0000    27.1529    27.1530    113.342    113.089      0.649    1486.06    1486.05  0.000e+00
      31345    114.500     8.4613     8.4620     0.0006    3.66372    3.66383          1     5.8762     5.8571      21.69     0.1266     0.2226  1.000e-12  0.6582000    34.9396    34.9401     0.0005    27.1560    27.1563    113.839    113.585      0.788    1486.01    1486.01  0.000e+00
      31359    115.000     8.4619     8.4591    -0.0027    3.66438    3.66408          1     5.8641     5.8451      21.26     0.1382     0.2187  1.000e-12  0.7211000    34.9459    34.9454    -0.0005    27.1608    27.1609    114.336    114.081      0.814    1486.03    1486.02  0.000e+00
      31374    115.500     8.4694     8.4698     0.0004    3.66532    3.66532          1     5.8554     5.8366      20.77     0.1397     0.2072  1.000e-12  0.7277000    34.9481    34.9477    -0.0004    27.1614    27.1611    114.833    114.577      0.713    1486.07    1486.07  0.000e+00
      31397    116.000     8.4718     8.4752     0.0034    3.66563    3.66598          1     5.8466     5.8294      20.13     0.1401     0.2172  1.000e-12  0.7177000    34.9487    34.9491     0.0004    27.1615    27.1613    115.330    115.073      0.433    1486.09    1486.10  0.000e+00
      31442    116.500     8.4728     8.4740     0.0012    3.66573    3.66582          1     5.8505     5.8249      19.38     0.1191     0.1938  1.000e-12  0.6297000    34.9485    34.9483    -0.0002    27.1612    27.1609    115.827    115.568      0.267    1486.10    1486.10  0.000e+00
      31471    117.000     8.4761     8.4805     0.0045    3.66616    3.66661          1     5.8429     5.8229      19.04     0.1389     0.2276  1.000e-12  0.6193000    34.9497    34.9500     0.0003    27.1616    27.1612    116.324    116.064      0.626    1486.12    1486.14  0.000e+00
      31487    117.500     8.5144     8.5162     0.0018    3.67056    3.67069          1     5.8217     5.8069      18.70     0.1382     0.2620  1.000e-12  0.6533000    34.9581    34.9578    -0.0003    27.1623    27.1617    116.821    116.560      0.803    1486.28    1486.29  0.000e+00
      31501    118.000     8.5058     8.5067     0.0009    3.66974    3.66981          1     5.8099     5.7918      18.33     0.1309     0.1015  1.000e-12  0.6546000    34.9577    34.9576    -0.0002    27.1633    27.1630    117.318    117.056      0.867    1486.26    1486.26  0.000e+00
      31514    118.500     8.4905     8.4919     0.0014    3.66846    3.66859          1     5.8017     5.7799      17.89     0.1031     0.0915  1.000e-12  0.6611000    34.9591    34.9591     0.0000    27.1668    27.1666    117.815    117.552      0.832    1486.21    1486.22  0.000e+00
      31530    119.000     8.4776     8.4802     0.0026    3.66746    3.66769          1     5.7888     5.7717      17.35     0.1163     0.1172  1.000e-12  0.6760000    34.9610    34.9609    -0.0001    27.1702    27.1698    118.312    118.047      0.705    1486.17    1486.18  0.000e+00
      31550    119.500     8.4653     8.4675     0.0022    3.66652    3.66671          1     5.7754     5.7651      16.75     0.1317     0.1640  1.000e-12  0.7017000    34.9630    34.9628    -0.0002    27.1737    27.1732    118.809    118.543      0.491    1486.14    1486.15  0.000e+00
      31592    120.000     8.4513     8.4523     0.0010    3.66538    3.66546          1     5.7647     5.7542      16.00     0.1349     0.2034  1.000e-12  0.7024000    34.9645    34.9643    -0.0002    27.1771    27.1768    119.306    119.039      0.274    1486.10    1486.10  0.000e+00
      31633    120.500     8.4325     8.4349     0.0024    3.66394    3.66414          1     5.7449     5.7290      15.60     0.1201     0.2368  1.000e-12  0.6713000    34.9676    34.9673    -0.0002    27.1824    27.1818    119.803    119.535      0.599    1486.04    1486.05  0.000e+00
      31648    121.000     8.4171     8.4183     0.0012    3.66287    3.66298          1     5.7351     5.7192      15.28     0.1137     0.2365  1.000e-12  0.6844000    34.9712    34.9712     0.0000    27.1876    27.1875    120.300    120.031      0.864    1485.99    1486.00  0.000e+00
      31660    121.500     8.4086     8.4098     0.0012    3.66231    3.66242          1     5.7268     5.7117      14.98     0.1216     0.2485  1.000e-12  0.7553000    34.9736    34.9734    -0.0001    27.1908    27.1905    120.797    120.526      0.962    1485.97    1485.98  0.000e+00
      31672    122.000     8.4037     8.4040     0.0004    3.66200    3.66206          1     5.7210     5.7040      14.49     0.1269     0.2434  1.000e-12  0.7899000    34.9749    34.9752     0.0003    27.1926    27.1928    121.294    121.022      0.917    1485.96    1485.96  0.000e+00
      31686    122.500     8.4014     8.4021     0.0007    3.66203    3.66208          1     5.7115     5.7007      13.95     0.1186     0.1815  1.000e-12  0.8881000    34.9772    34.9771    -0.0002    27.1948    27.1946    121.791    121.518      0.700    1485.97    1485.97  0.000e+00
      31726    123.000     8.4036     8.4038     0.0002    3.66246    3.66237          1     5.7011     5.6956      13.15     0.1173     0.2117  1.000e-12  0.7992000    34.9793    34.9783    -0.0010    27.1961    27.1953    122.288    122.014      0.311    1485.99    1485.98  0.000e+00
      31778    123.500     8.4073     8.4087     0.0014    3.66310    3.66335          1     5.6897     5.6898      12.58     0.0798     0.2439  1.000e-12  0.6545000    34.9823    34.9835     0.0012    27.1979    27.1986    122.785    122.509      0.462    1486.01    1486.02  0.000e+00
      31797    124.000     8.4082     8.4099     0.0017    3.66324    3.66353          1     5.6774     5.6754      12.27     0.1150     0.2327  1.000e-12  0.7736000    34.9826    34.9840     0.0013    27.1980    27.1987    123.282    123.005      0.677    1486.02    1486.03  0.000e+00
      31813    124.500     8.4096     8.4112     0.0016    3.66360    3.66377          1     5.6702     5.6690      11.84     0.1002     0.2230  1.000e-12  0.7533000    34.9848    34.9850     0.0001    27.1995    27.1993    123.779    123.501      0.782    1486.04    1486.05  0.000e+00
      31827    125.000     8.4020     8.4028     0.0010    3.66297    3.66303          1     5.6643     5.6654      11.43     0.0929     0.2211  1.000e-12  0.7417000    34.9854    34.9853    -0.0002    27.2012    27.2009    124.276    123.997      0.813    1486.02    1486.03  0.000e+00
      31842    125.500     8.3696     8.3803     0.0106    3.65989    3.66093          1     5.6670     5.6675      10.93     0.0918     0.1933  1.000e-12  0.7819000    34.9846    34.9850     0.0004    27.2055    27.2042    124.773    124.493      0.760    1485.91    1485.95  0.000e+00
      31859    126.000     8.3610     8.3634     0.0025    3.65909    3.65933          1     5.6755     5.6745      10.38     0.0894     0.1992  1.000e-12  0.8324000    34.9843    34.9845     0.0001    27.2066    27.2064    125.270    124.988      0.571    1485.88    1485.89  0.000e+00
      31909    126.500     8.3476     8.3525     0.0050    3.65777    3.65825          1     5.6849     5.6744       9.59     0.0893     0.2196  1.000e-12  0.7983000    34.9834    34.9837     0.0002    27.2080    27.2074    125.766    125.484      0.304    1485.84    1485.86  0.000e+00
      31952    127.000     8.3363     8.3452     0.0087    3.65674    3.65755          1     5.6892     5.6704       9.20     0.0900     0.2060  1.000e-12  0.7957000    34.9834    34.9832    -0.0002    27.2097    27.2082    126.263    125.980      0.626    1485.80    1485.84  0.000e+00
      31967    127.500     8.3474     8.3435    -0.0037    3.65776    3.65742          1     5.6897     5.6743       8.88     0.0850     0.2305  1.000e-12  0.9429000    34.9830    34.9833     0.0003    27.2077    27.2085    126.760    126.476      0.801    1485.85    1485.84  0.000e+00
      31981    128.000     8.3347     8.3353     0.0005    3.65659    3.65665          1     5.6890     5.6814       8.48     0.0824     0.2465  1.000e-12  0.9971000    34.9829    34.9829     0.0000    27.2096    27.2095    127.257    126.971      0.815    1485.82    1485.82  0.000e+00
      31996    128.500     8.3428     8.3413    -0.0015    3.65740    3.65727          1     5.6848     5.6837       7.98     0.0821     0.2362  1.000e-12  1.0317000    34.9832    34.9834     0.0002    27.2085    27.2089    127.754    127.467      0.666    1485.85    1485.85  0.000e+00
      32041    129.000     8.3370     8.3412     0.0042    3.65690    3.65729          1     5.6833     5.6794       7.19     0.0927     0.1990  1.000e-12  0.9211000    34.9835    34.9834    -0.0001    27.2096    27.2089    128.251    127.963      0.330    1485.84    1485.86  0.000e+00
      32101    129.500     8.3268     8.3288     0.0021    3.65587    3.65611          1     5.6812     5.6703       6.65     0.1131     0.1706  1.000e-12  0.8278000    34.9824    34.9830     0.0006    27.2103    27.2105    128.748    128.459      0.471    1485.81    1485.82  0.000e+00
      32121    130.000     8.3083     8.3148     0.0062    3.65413    3.65471          1     5.6899     5.6793       6.28     0.0993     0.2014  1.000e-12  0.9077000    34.9820    34.9817    -0.0002    27.2129    27.2117    129.245    128.955      0.540    1485.75    1485.77  0.000e+00
      32191    130.500     8.3104     8.3136     0.0032    3.65437    3.65465          1     5.6930     5.6787       5.73     0.0956     0.2163  1.000e-12  0.9636000    34.9822    34.9821    -0.0001    27.2127    27.2121    129.742    129.450      0.323    1485.76    1485.77  0.000e+00
      32438    131.000     8.3342     8.3405     0.0058    3.65687    3.65755          1     5.6822     5.6701       4.64     0.1088     0.2435  1.000e-12  0.8098000    34.9850    34.9860     0.0010    27.2112    27.2110    130.240    129.946     -0.608    1485.86    1485.89  0.000e+00
