ctdpy/tests/test_data/SBE09_1044_20181208_0353_34_01_0168.cnv
* Sea-Bird SBE 9 Data File:
* FileName = C:\ctd\temp\ar18d168.hex
* Software Version Seasave V 7.26.7.107
* Temperature SN = 5351
* Conductivity SN = 3941
* Number of Bytes Per Scan = 30
* Number of Voltage Words = 4
* Number of Scans Averaged by the Deck Unit = 1
* NMEA baud rate = 4800
** Station:  Å14
** Operator:  ASkj
** Ship: ARANDA
** Average sound velocity: 1484.83 m/s
** True-depth calculation Sun, 09 Dec 2018 17:51:44 +0000
** CTD Python Module SMHI /ver 3-12/ feb 2012 
** LIMS Job: 20183401-0168
** Cruise: SMHI-7-2018
** Latitude [GG MM.mm N]: 58 18.93 N
** Longitude [GG MM.mm E] 10 56.54 E
# nquan = 26
# nvalues = 209                         
# units = specified
# name 0 = scan: Scan Count
# name 1 = prDM: Pressure, Digiquartz [db]
# name 2 = t090C: Temperature [ITS-90, deg C]
# name 3 = t190C: Temperature, 2 [ITS-90, deg C]
# name 4 = T2-T190C: Temperature Difference, 2 - 1 [ITS-90, deg C]
# name 5 = c0S/m: Conductivity [S/m]
# name 6 = c1S/m: Conductivity, 2 [S/m]
# name 7 = pumps: Pump Status
# name 8 = sbeox0ML/L: Oxygen, SBE 43 [ml/l]
# name 9 = sbeox1ML/L: Oxygen, SBE 43, 2 [ml/l]
# name 10 = altM: Altimeter [m]
# name 11 = flECO-AFL: Chl-a Fluorescence, WET Labs ECO-AFL/FL [mg/m^3]
# name 12 = flECO-AFL1: Phycocyanin Fluorescence, WET Labs ECO-AFL/FL, 2 [mg/m^3]
# name 13 = par: PAR/Irradiance, Biospherical/Lico [µE/(cm^2*s)]
# name 14 = turbWETntu0: Turbidity, WET Labs ECO [NTU]
# name 15 = sal00: Salinity, Practical [PSU]
# name 16 = sal11: Salinity, Practical, 2 [PSU]
# name 17 = secS-priS: Salinity, Practical, Difference, 2 - 1 [PSU]
# name 18 = sigma-t00: Density [sigma-t, Kg/m^3 ]
# name 19 = sigma-t11: Density, 2 [sigma-t, Kg/m^3 ]
# name 20 = depSM: Depth [salt water, m], lat = 0
# name 21 = depFM: Depth [true depth, m], lat = 0
# name 22 = dz/dtM: Descent Rate [m/s], WS = 2
# name 23 = svCM: Sound Velocity [Chen-Millero, m/s]
# name 24 = svCM1: Sound Velocity, 2 [Chen-Millero, m/s]
# name 25 = flag: flag
# span 0 =      11344,      16817       
# span 1 =      1.500,    105.500       
# span 2 =     7.4087,     9.2761       
# span 3 =     7.4100,     9.2765       
# span 4 =    -0.1647,     0.0599       
# span 5 =   3.306254,   3.724573       
# span 6 =   3.306367,   3.724598       
# span 7 =          1,          1       
# span 8 =    5.97249,    6.62535       
# span 9 =    5.95913,    6.61876       
# span 10 =       3.10,      97.61      
# span 11 =     0.1260,     0.7619      
# span 12 =     0.1608,     0.3224      
# span 13 = -8.405e-04, 8.9793e-02      
# span 14 =     0.2282,     0.7740      
# span 15 =    32.1758,    34.7956      
# span 16 =    32.1753,    34.7960      
# span 17 =    -0.2692,     0.0608      
# span 18 =    25.1387,    27.0112      
# span 19 =    25.1384,    27.0111      
# span 20 =      1.492,    104.894      
# span 21 =      1.490,    104.670      
# span 22 =     -0.042,      1.103      
# span 23 =    1476.74,    1488.25      
# span 24 =    1476.74,    1488.25      
# span 25 = 0.0000e+00, 0.0000e+00      
# interval = decibars: 0.5              
# start_time = Dec 08 2018 03:53:44 [System UTC, header]
# bad_flag = -9.990e-29
*END*
      11344      1.500     7.4087     7.4100     0.0013    3.30625    3.30637          1     6.6211     6.6158      88.38     0.7466     0.2490  8.979e-02  0.2299000    32.1774    32.1774     0.0000    25.1408    25.1406      1.492      1.490      0.161    1476.74    1476.74  0.000e+00
      11535      2.000     7.4149     7.4138    -0.0011    3.30666    3.30652          1     6.6218     6.6154      90.62     0.7242     0.2575  4.854e-02  0.2391000    32.1758    32.1753    -0.0005    25.1387    25.1384      1.989      1.987      0.340    1476.77    1476.76  0.000e+00
      11609      2.500     7.4161     7.4185     0.0023    3.30690    3.30715          1     6.6249     6.6086      97.59     0.6783     0.1896  6.363e-02  0.2317000    32.1771    32.1775     0.0005    25.1395    25.1395      2.486      2.484      0.678    1476.78    1476.79  0.000e+00
      11621      3.000     7.4177     7.4181     0.0004    3.30711    3.30707          1     6.6237     6.6162      97.38     0.7003     0.2735  4.735e-02  0.2409000    32.1775    32.1768    -0.0008    25.1397    25.1390      2.984      2.981      0.730    1476.80    1476.80  0.000e+00
      11648      3.500     7.4151     7.4167     0.0016    3.30690    3.30702          1     6.6224     6.6123      97.37     0.7003     0.3018  1.366e-02  0.2539000    32.1775    32.1773    -0.0002    25.1400    25.1396      3.481      3.477      0.404    1476.79    1476.80  0.000e+00
      11700      4.000     7.4142     7.4159     0.0016    3.30683    3.30693          1     6.6254     6.6034      76.62     0.7619     0.2663 -8.405e-04  0.2282000    32.1773    32.1769    -0.0004    25.1400    25.1394      3.978      3.974      0.541    1476.80    1476.81  0.000e+00
      11715      4.500     7.4134     7.4168     0.0034    3.30678    3.30708          1     6.6252     6.6136      77.46     0.7301     0.2495  2.858e-08  0.2452000    32.1773    32.1774     0.0001    25.1400    25.1397      4.475      4.471      0.716    1476.80    1476.82  0.000e+00
      11732      5.000     7.4190     7.4221     0.0031    3.30742    3.30778          1     6.6235     6.6188      94.89     0.7111     0.2860  1.000e-12  0.2581000    32.1787    32.1797     0.0010    25.1404    25.1408      4.972      4.968      0.599    1476.84    1476.85  0.000e+00
      11762      5.500     7.4211     7.4234     0.0022    3.30781    3.30811          1     6.6211     6.6145      89.53     0.7171     0.3089  1.000e-12  0.2638000    32.1808    32.1819     0.0011    25.1417    25.1423      5.470      5.465      0.346    1476.85    1476.86  0.000e+00
      11795      6.000     7.4223     7.4247     0.0024    3.30784    3.30835          1     6.6201     6.6041      97.61     0.7196     0.2829  1.000e-12  0.2373000    32.1798    32.1831     0.0033    25.1408    25.1431      5.967      5.961      0.523    1476.87    1476.88  0.000e+00
      11814      6.500     7.4227     7.4244     0.0017    3.30796    3.30825          1     6.6186     6.6022      97.35     0.7174     0.2623  1.000e-12  0.2480000    32.1805    32.1820     0.0016    25.1413    25.1423      6.464      6.458      0.694    1476.88    1476.88  0.000e+00
      11830      7.000     7.4264     7.4273     0.0008    3.30904    3.30904          1     6.6213     6.6060      75.56     0.7243     0.2685  1.000e-12  0.2660000    32.1884    32.1877    -0.0007    25.1470    25.1463      6.961      6.955      0.702    1476.91    1476.91  0.000e+00
      11848      7.500     7.4312     7.4302    -0.0010    3.31029    3.30982          1     6.6229     6.6076      94.30     0.6935     0.2820  1.000e-12  0.2667000    32.1973    32.1931    -0.0042    25.1534    25.1502      7.459      7.452      0.542    1476.95    1476.94  0.000e+00
      11883      8.000     7.4299     7.4315     0.0016    3.31007    3.31027          1     6.6085     6.5828      74.46     0.7195     0.2655  1.000e-12  0.2633000    32.1958    32.1965     0.0006    25.1524    25.1526      7.956      7.948      0.296    1476.95    1476.95  0.000e+00
      11921      8.500     7.4426     7.4420    -0.0006    3.31306    3.31271          1     6.6034     6.5712      87.55     0.7262     0.3224  1.000e-12  0.2537000    32.2160    32.2129    -0.0031    25.1665    25.1641      8.453      8.445      0.525    1477.03    1477.02  0.000e+00
      11938      9.000     7.4669     7.4636    -0.0032    3.31798    3.31722          1     6.6151     6.5920       3.10     0.7216     0.3177  1.000e-12  0.2620000    32.2462    32.2410    -0.0052    25.1869    25.1832      8.950      8.942      0.785    1477.17    1477.15  0.000e+00
      11951      9.500     7.4925     7.4908    -0.0017    3.32362    3.32328          1     6.6139     6.5948      94.64     0.6993     0.3063  1.000e-12  0.2707000    32.2830    32.2809    -0.0021    25.2123    25.2108      9.448      9.439      0.877    1477.32    1477.31  0.000e+00
      11964     10.000     7.5567     7.5540    -0.0027    3.33711    3.33692          1     6.6019     6.5865      82.42     0.7007     0.2439  1.000e-12  0.2740000    32.3681    32.3686     0.0005    25.2702    25.2710      9.945      9.935      0.822    1477.68    1477.67  0.000e+00
      11981     10.500     7.6157     7.6156    -0.0001    3.34971    3.34959          1     6.5800     6.5676      94.74     0.6998     0.2545  1.000e-12  0.2777000    32.4484    32.4472    -0.0012    25.3251    25.3242     10.442     10.432      0.594    1478.02    1478.02  0.000e+00
      12023     11.000     7.6325     7.6369     0.0043    3.35359    3.35432          1     6.5570     6.5376      93.90     0.6920     0.2704  1.000e-12  0.2658000    32.4741    32.4779     0.0037    25.3429    25.3452     10.939     10.929      0.330    1478.12    1478.14  0.000e+00
      12059     11.500     7.6603     7.6585    -0.0016    3.35964    3.35896          1     6.5614     6.5373      97.43     0.7376     0.2855  1.000e-12  0.2343000    32.5129    32.5072    -0.0057    25.3695    25.3653     11.437     11.426      0.700    1478.29    1478.27  0.000e+00
      12072     12.000     7.6742     7.7127     0.0377    3.36346    3.37250          1     6.5597     6.5297      97.36     0.6811     0.3003  1.000e-12  0.2763000    32.5407    32.6015     0.0608    25.3894    25.4317     11.934     11.922      0.824    1478.38    1478.60  0.000e+00
      12087     12.500     7.7675     7.7823     0.0152    3.38607    3.38918          1     6.5362     6.5085      92.01     0.6519     0.2836  1.000e-12  0.2962000    32.6955    32.7149     0.0194    25.4977    25.5108     12.431     12.419      0.764    1478.94    1479.02  0.000e+00
      12104     13.000     7.8287     7.8210    -0.0073    3.40115    3.39883          1     6.4977     6.4889      90.71     0.6751     0.2793  1.000e-12  0.3140000    32.7992    32.7816    -0.0175    25.5704    25.5578     12.928     12.915      0.581    1479.31    1479.26  0.000e+00
      12134     13.500     7.8541     7.8635     0.0093    3.40693    3.40861          1     6.4659     6.4746      93.90     0.6947     0.2994  1.000e-12  0.3177000    32.8369    32.8460     0.0090    25.5965    25.6022     13.425     13.412      0.369    1479.46    1479.51  0.000e+00
      12164     14.000     7.9378     7.9333    -0.0041    3.42791    3.42570          1     6.3746     6.3338      88.00     0.6873     0.2596  1.000e-12  0.3029000    32.9821    32.9627    -0.0194    25.6983    25.6838     13.923     13.909      0.555    1479.97    1479.93  0.000e+00
      12182     14.500     8.0796     7.9796    -0.0995    3.45944    3.43643          1     6.4397     6.3832      95.48     0.6889     0.2258  1.000e-12  0.3155000    33.1839    33.0333    -0.1506    25.8360    25.7325     14.420     14.405      0.621    1480.76    1480.20  0.000e+00
      12202     15.000     8.1689     8.0054    -0.1647    3.47716    3.44174          1     6.4599     6.4444      86.34     0.6099     0.3019  1.000e-12  0.3279000    33.2872    33.0653    -0.2219    25.9038    25.7538     14.917     14.901      0.538    1481.24    1480.34  0.000e+00
      12229     15.500     8.6874     8.5269    -0.1598    3.60778    3.56776          1     6.3484     6.3443      93.04     0.5717     0.2989  1.000e-12  0.3344000    34.1720    33.9028    -0.2692    26.5186    26.3321     15.414     15.398      0.415    1484.28    1483.34  0.000e+00
      12257     16.000     8.8648     8.8577    -0.0077    3.64716    3.64656          1     6.2764     6.2600      95.78     0.3594     0.2630  1.000e-12  0.4318000    34.4159    34.4166     0.0007    26.6822    26.6840     15.911     15.894      0.514    1485.25    1485.22  0.000e+00
      12278     16.500     8.8663     8.8637    -0.0026    3.64750    3.64714          1     6.2693     6.2547      96.39     0.3173     0.2714  1.000e-12  0.5034000    34.4177    34.4164    -0.0013    26.6834    26.6828     16.409     16.390      0.571    1485.26    1485.25  0.000e+00
      12300     17.000     8.8530     8.8493    -0.0038    3.64634    3.64591          1     6.2558     6.2484      96.73     0.2970     0.2141  1.000e-12  0.5511000    34.4182    34.4173    -0.0009    26.6859    26.6858     16.906     16.886      0.511    1485.22    1485.21  0.000e+00
      12325     17.500     8.8021     8.7930    -0.0091    3.64111    3.64015          1     6.2556     6.2467      96.91     0.2728     0.2389  1.000e-12  0.5960000    34.4123    34.4112    -0.0012    26.6893    26.6899     17.403     17.382      0.487    1485.03    1485.00  0.000e+00
      12349     18.000     8.7256     8.7176    -0.0080    3.63304    3.63236          1     6.2708     6.2568      50.73     0.2747     0.2693  1.000e-12  0.6455000    34.4016    34.4022     0.0006    26.6929    26.6946     17.900     17.878      0.535    1484.75    1484.72  0.000e+00
      12370     18.500     8.6933     8.6929    -0.0003    3.62966    3.62968          1     6.2896     6.2761      93.88     0.2984     0.2748  1.000e-12  0.6875000    34.3972    34.3977     0.0005    26.6946    26.6950     18.398     18.374      0.562    1484.63    1484.63  0.000e+00
      12392     19.000     8.6744     8.6739    -0.0005    3.62758    3.62758          1     6.2894     6.2786      79.72     0.3034     0.2670  1.000e-12  0.7203000    34.3934    34.3939     0.0005    26.6945    26.6950     18.895     18.870      0.513    1484.56    1484.56  0.000e+00
      12417     19.500     8.6688     8.6701     0.0014    3.62721    3.62741          1     6.2737     6.2600      62.92     0.2616     0.2248  1.000e-12  0.7171000    34.3947    34.3955     0.0007    26.6965    26.6968     19.392     19.366      0.508    1484.55    1484.56  0.000e+00
      12438     20.000     8.6258     8.6221    -0.0037    3.62255    3.62220          1     6.2829     6.2693      95.67     0.2852     0.1918  1.000e-12  0.7359000    34.3871    34.3870    -0.0001    26.6972    26.6977     19.889     19.862      0.603    1484.39    1484.38  0.000e+00
      12457     20.500     8.5731     8.5742     0.0010    3.61738    3.61751          1     6.2927     6.2770      96.07     0.2847     0.2202  1.000e-12  0.7469000    34.3835    34.3838     0.0004    26.7025    26.7026     20.386     20.358      0.629    1484.20    1484.20  0.000e+00
      12477     21.000     8.5742     8.5758     0.0016    3.61802    3.61827          1     6.2961     6.2808      91.05     0.2791     0.2296  1.000e-12  0.7581000    34.3890    34.3901     0.0011    26.7067    26.7073     20.884     20.854      0.514    1484.22    1484.22  0.000e+00
      12511     21.500     8.5989     8.6001     0.0012    3.62119    3.62133          1     6.2985     6.2831      94.80     0.2644     0.2401  1.000e-12  0.7349000    34.3982    34.3986     0.0004    26.7101    26.7101     21.381     21.350      0.314    1484.33    1484.33  0.000e+00
      12545     22.000     8.6542     8.6573     0.0030    3.62816    3.62860          1     6.3061     6.2771      91.10     0.2601     0.2434  1.000e-12  0.6507000    34.4177    34.4194     0.0017    26.7167    26.7176     21.878     21.846      0.591    1484.57    1484.58  0.000e+00
      12560     22.500     8.7018     8.7050     0.0033    3.63389    3.63438          1     6.2970     6.2674      88.21     0.2715     0.2775  1.000e-12  0.6931000    34.4316    34.4336     0.0020    26.7202    26.7212     22.375     22.342      0.805    1484.77    1484.78  0.000e+00
      12574     23.000     8.7488     8.7495     0.0005    3.63939    3.63956          1     6.2870     6.2625      87.31     0.2734     0.2879  1.000e-12  0.7002000    34.4436    34.4447     0.0011    26.7222    26.7229     22.872     22.838      0.858    1484.96    1484.97  0.000e+00
      12588     23.500     8.7666     8.7661    -0.0005    3.64147    3.64144          1     6.2782     6.2605      88.76     0.3195     0.2764  1.000e-12  0.7452000    34.4478    34.4481     0.0002    26.7227    26.7230     23.370     23.334      0.766    1485.04    1485.04  0.000e+00
      12608     24.000     8.7657     8.7671     0.0014    3.64142    3.64162          1     6.2711     6.2620      69.81     0.2997     0.2474  1.000e-12  0.7497000    34.4481    34.4487     0.0006    26.7230    26.7233     23.867     23.830      0.455    1485.05    1485.06  0.000e+00
      12660     24.500     8.7667     8.7672     0.0005    3.64158    3.64166          1     6.2606     6.2552      82.22     0.2438     0.2027  1.000e-12  0.6379000    34.4485    34.4488     0.0003    26.7233    26.7234     24.364     24.326      0.370    1485.06    1485.06  0.000e+00
      12684     25.000     8.7686     8.7693     0.0006    3.64180    3.64191          1     6.2665     6.2519      58.93     0.2468     0.2521  1.000e-12  0.6564000    34.4487    34.4492     0.0005    26.7231    26.7234     24.861     24.822      0.688    1485.08    1485.08  0.000e+00
      12699     25.500     8.7708     8.7717     0.0009    3.64208    3.64223          1     6.2672     6.2491      27.52     0.2601     0.3206  1.000e-12  0.6793000    34.4493    34.4499     0.0006    26.7232    26.7235     25.358     25.318      0.816    1485.10    1485.10  0.000e+00
      12713     26.000     8.7711     8.7717     0.0006    3.64213    3.64224          1     6.2678     6.2519      82.84     0.2603     0.2923  1.000e-12  0.7298000    34.4492    34.4498     0.0006    26.7231    26.7235     25.856     25.814      0.800    1485.11    1485.11  0.000e+00
      12729     26.500     8.7718     8.7724     0.0005    3.64225    3.64236          1     6.2717     6.2537      84.02     0.2640     0.2630  1.000e-12  0.7366000    34.4496    34.4502     0.0006    26.7233    26.7237     26.353     26.310      0.632    1485.12    1485.12  0.000e+00
      12758     27.000     8.7711     8.7711     0.0000    3.64238    3.64236          1     6.2669     6.2540      88.06     0.2661     0.2391  1.000e-12  0.7171000    34.4514    34.4511    -0.0003    26.7248    26.7246     26.850     26.806      0.351    1485.12    1485.12  0.000e+00
      12797     27.500     8.7709     8.7711     0.0003    3.64239    3.64242          1     6.2685     6.2665      82.36     0.2700     0.2506  1.000e-12  0.6421000    34.4515    34.4516    -0.0000    26.7250    26.7249     27.347     27.302      0.401    1485.13    1485.13  0.000e+00
      12820     28.000     8.7661     8.7668     0.0007    3.64196    3.64205          1     6.2687     6.2631      94.20     0.2359     0.2189  1.000e-12  0.6782000    34.4515    34.4518     0.0003    26.7257    26.7258     27.844     27.798      0.646    1485.12    1485.12  0.000e+00
      12836     28.500     8.7580     8.7583     0.0002    3.64118    3.64123          1     6.2699     6.2585      81.83     0.2676     0.2074  1.000e-12  0.7186000    34.4508    34.4510     0.0002    26.7264    26.7266     28.341     28.294      0.764    1485.10    1485.10  0.000e+00
