ctdpy/tests/test_data/SBE09_1044_20181208_0241_34_01_0167.cnv
* Sea-Bird SBE 9 Data File:
* FileName = C:\ctd\temp\ar18d167.hex
* Software Version Seasave V 7.26.7.107
* Temperature SN = 5351
* Conductivity SN = 3941
* Number of Bytes Per Scan = 30
* Number of Voltage Words = 4
* Number of Scans Averaged by the Deck Unit = 1
* NMEA baud rate = 4800
** Station:  Å15
** Operator:  ASkj
** Ship: ARANDA
** Average sound velocity: 1485.87 m/s
** True-depth calculation Sun, 09 Dec 2018 17:51:22 +0000
** CTD Python Module SMHI /ver 3-12/ feb 2012 
** LIMS Job: 20183401-0167
** Cruise: SMHI-7-2018
** Latitude [GG MM.mm N]: 58 17.66 N
** Longitude [GG MM.mm E] 10 50.73 E
# nquan = 26
# nvalues = 260                         
# units = specified
# name 0 = scan: Scan Count
# name 1 = prDM: Pressure, Digiquartz [db]
# name 2 = t090C: Temperature [ITS-90, deg C]
# name 3 = t190C: Temperature, 2 [ITS-90, deg C]
# name 4 = T2-T190C: Temperature Difference, 2 - 1 [ITS-90, deg C]
# name 5 = c0S/m: Conductivity [S/m]
# name 6 = c1S/m: Conductivity, 2 [S/m]
# name 7 = pumps: Pump Status
# name 8 = sbeox0ML/L: Oxygen, SBE 43 [ml/l]
# name 9 = sbeox1ML/L: Oxygen, SBE 43, 2 [ml/l]
# name 10 = altM: Altimeter [m]
# name 11 = flECO-AFL: Chl-a Fluorescence, WET Labs ECO-AFL/FL [mg/m^3]
# name 12 = flECO-AFL1: Phycocyanin Fluorescence, WET Labs ECO-AFL/FL, 2 [mg/m^3]
# name 13 = par: PAR/Irradiance, Biospherical/Lico [µE/(cm^2*s)]
# name 14 = turbWETntu0: Turbidity, WET Labs ECO [NTU]
# name 15 = sal00: Salinity, Practical [PSU]
# name 16 = sal11: Salinity, Practical, 2 [PSU]
# name 17 = secS-priS: Salinity, Practical, Difference, 2 - 1 [PSU]
# name 18 = sigma-t00: Density [sigma-t, Kg/m^3 ]
# name 19 = sigma-t11: Density, 2 [sigma-t, Kg/m^3 ]
# name 20 = depSM: Depth [salt water, m], lat = 0
# name 21 = depFM: Depth [true depth, m], lat = 0
# name 22 = dz/dtM: Descent Rate [m/s], WS = 2
# name 23 = svCM: Sound Velocity [Chen-Millero, m/s]
# name 24 = svCM1: Sound Velocity, 2 [Chen-Millero, m/s]
# name 25 = flag: flag
# span 0 =      25840,      32438       
# span 1 =      1.500,    131.000       
# span 2 =     7.1844,     9.3043       
# span 3 =     7.1826,     9.3050       
# span 4 =    -0.1539,     0.0670       
# span 5 =   3.235511,   3.718285       
# span 6 =   3.235197,   3.718309       
# span 7 =          1,          1       
# span 8 =    5.66432,    6.68756       
# span 9 =    5.66544,    6.69342       
# span 10 =      -4.58,      98.66      
# span 11 =     0.0798,     1.0086      
# span 12 =     0.0915,     0.3058      
# span 13 = -1.329e-03, 4.4183e-02      
# span 14 =     0.2470,     1.0317      
# span 15 =    31.6186,    34.9854      
# span 16 =    31.6166,    34.9860      
# span 17 =    -0.2828,     0.1136      
# span 18 =    24.7317,    27.2129      
# span 19 =    24.7304,    27.2121      
# span 20 =      1.492,    130.240      
# span 21 =      1.491,    129.946      
# span 22 =     -0.608,      1.247      
# span 23 =    1475.21,    1487.80      
# span 24 =    1475.21,    1487.80      
# span 25 = 0.0000e+00, 0.0000e+00      
# interval = decibars: 0.5              
# start_time = Dec 08 2018 02:41:08 [System UTC, header]
# bad_flag = -9.990e-29
*END*
[from data line 112]
      28730     57.500     9.1104     9.1123     0.0018    3.69643    3.69662          1     6.1154     6.1012      81.53     0.1934     0.2071  1.000e-12  0.3296000    34.6735    34.6737     0.0002    26.8447    26.8446     57.176     57.057      0.469    1487.15    1487.16  0.000e+00
      28770     58.000     9.0991     9.0987    -0.0004    3.69556    3.69558          1     6.1088     6.1020      77.17     0.1847     0.2308  1.000e-12  0.3170000    34.6752    34.6758     0.0006    26.8478    26.8484     57.673     57.553      0.276    1487.12    1487.12  0.000e+00
      28806     58.500     9.0779     9.0804     0.0025    3.69414    3.69434          1     6.1059     6.0832      64.64     0.2008     0.2097  1.000e-12  0.3143000    34.6809    34.6805    -0.0004    26.8557    26.8550     58.170     58.049      0.642    1487.06    1487.06  0.000e+00
      28820     59.000     9.0719     9.0732     0.0012    3.69385    3.69398          1     6.1048     6.0886      86.38     0.2020     0.2066  1.000e-12  0.3208000    34.6833    34.6834     0.0001    26.8586    26.8585     58.668     58.545      0.903    1487.04    1487.05  0.000e+00
      28832     59.500     9.0652     9.0663     0.0012    3.69350    3.69362          1     6.1045     6.0947      82.21     0.1818     0.1801  1.000e-12  0.3264000    34.6860    34.6862     0.0002    26.8618    26.8617     59.165     59.041      1.006    1487.03    1487.04  0.000e+00
      28843     60.000     9.0601     9.0610     0.0009    3.69345    3.69356          1     6.1039     6.0997      91.01     0.1748     0.1778  1.000e-12  0.3255000    34.6902    34.6904     0.0003    26.8659    26.8659     59.662     59.537      0.969    1487.03    1487.03  0.000e+00
      28856     60.500     9.0595     9.0603     0.0009    3.69379    3.69391          1     6.1033     6.1011      45.14     0.1651     0.2393  1.000e-12  0.3221000    34.6942    34.6946     0.0004    26.8691    26.8693     60.159     60.033      0.756    1487.04    1487.04  0.000e+00
      28893     61.000     9.0561     9.0578     0.0017    3.69376    3.69387          1     6.0967     6.0909      69.94     0.1764     0.2328  1.000e-12  0.3095000    34.6969    34.6963    -0.0006    26.8718    26.8711     60.656     60.529      0.355    1487.04    1487.04  0.000e+00
      28935     61.500     9.0366     9.0414     0.0048    3.69258    3.69291          1     6.0872     6.0735      74.07     0.1811     0.1675  1.000e-12  0.3096000    34.7033    34.7022    -0.0011    26.8800    26.8783     61.153     61.025      0.584    1486.98    1487.00  0.000e+00
      28951     62.000     9.0291     9.0291     0.0000    3.69340    3.69331          1     6.0665     6.0529      73.66     0.1780     0.1539  1.000e-12  0.3269000    34.7190    34.7180    -0.0010    26.8934    26.8927     61.650     61.521      0.767    1486.98    1486.98  0.000e+00
      28966     62.500     9.0410     9.0414     0.0004    3.69650    3.69638          1     6.0419     6.0288      44.79     0.1765     0.2225  1.000e-12  0.3567000    34.7396    34.7380    -0.0017    26.9077    26.9063     62.147     62.017      0.786    1487.06    1487.06  0.000e+00
      28982     63.000     9.0444     9.0452     0.0008    3.69793    3.69794          1     6.0212     6.0080      76.62     0.1599     0.2250  1.000e-12  0.3708000    34.7510    34.7503    -0.0007    26.9160    26.9154     62.644     62.513      0.648    1487.09    1487.09  0.000e+00
      29009     63.500     9.0432     9.0441     0.0009    3.69815    3.69827          1     6.0101     5.9980      78.32     0.1553     0.2189  1.000e-12  0.3795000    34.7542    34.7546     0.0004    26.9187    26.9189     63.141     63.009      0.354    1487.10    1487.10  0.000e+00
      29048     64.000     9.0428     9.0435     0.0006    3.69820    3.69833          1     6.0122     5.9937      87.50     0.1576     0.2061  1.000e-12  0.3522000    34.7549    34.7556     0.0007    26.9194    26.9198     63.639     63.505      0.440    1487.11    1487.11  0.000e+00
      29069     64.500     9.0401     9.0410     0.0009    3.69828    3.69836          1     6.0004     5.9835      98.12     0.1473     0.2071  1.000e-12  0.3777000    34.7581    34.7581    -0.0000    26.9223    26.9222     64.136     64.000      0.678    1487.11    1487.11  0.000e+00
      29084     65.000     9.0377     9.0389     0.0012    3.69840    3.69848          1     5.9948     5.9851      30.52     0.1597     0.2122  1.000e-12  0.3925000    34.7615    34.7612    -0.0003    26.9253    26.9249     64.633     64.496      0.773    1487.11    1487.12  0.000e+00
      29099     65.500     9.0271     9.0288     0.0017    3.69779    3.69798          1     5.9920     5.9919      65.95     0.1671     0.2346  1.000e-12  0.4032000    34.7652    34.7656     0.0004    26.9299    26.9300     65.130     64.992      0.764    1487.09    1487.09  0.000e+00
      29116     66.000     9.0193     9.0167    -0.0025    3.69815    3.69775          1     5.9898     5.9948      74.01     0.1465     0.2408  1.000e-12  0.4411000    34.7765    34.7748    -0.0017    26.9400    26.9391     65.627     65.488      0.642    1487.08    1487.07  0.000e+00
      29141     66.500     9.0355     9.0369     0.0014    3.70021    3.70038          1     5.9962     5.9900      64.48     0.1471     0.2254  1.000e-12  0.4027000    34.7819    34.7823     0.0004    26.9417    26.9418     66.124     65.984      0.389    1487.15    1487.16  0.000e+00
      29181     67.000     9.0447     9.0492     0.0044    3.70134    3.70195          1     5.9897     5.9770      72.69     0.1409     0.2167  1.000e-12  0.3910000    34.7845    34.7864     0.0019    26.9422    26.9430     66.621     66.480      0.361    1487.20    1487.22  0.000e+00
      29205     67.500     9.0728     9.0740     0.0012    3.70548    3.70563          1     5.9698     5.9519      68.09     0.1465     0.1900  1.000e-12  0.3819000    34.8002    34.8005     0.0003    26.9500    26.9500     67.118     66.976      0.630    1487.33    1487.34  0.000e+00
      29222     68.000     9.0496     9.0508     0.0012    3.70356    3.70369          1     5.9663     5.9469      68.04     0.1381     0.2027  1.000e-12  0.3837000    34.8024    34.8026     0.0002    26.9555    26.9554     67.615     67.472      0.732    1487.26    1487.26  0.000e+00
      29238     68.500     9.0408     9.0417     0.0008    3.70272    3.70282          1     5.9665     5.9500      67.58     0.1382     0.2053  1.000e-12  0.3906000    34.8021    34.8023     0.0002    26.9566    26.9566     68.112     67.968      0.697    1487.23    1487.24  0.000e+00
      29257     69.000     9.0304     9.0313     0.0009    3.70173    3.70183          1     5.9677     5.9532      66.97     0.1382     0.1928  1.000e-12  0.4047000    34.8017    34.8018     0.0002    26.9580    26.9580     68.609     68.464      0.578    1487.20    1487.21  0.000e+00
      29281     69.500     9.0222     9.0228     0.0006    3.70112    3.70120          1     5.9661     5.9563      74.48     0.1413     0.2047  1.000e-12  0.4098000    34.8031    34.8033     0.0003    26.9604    26.9605     69.107     68.959      0.458    1487.18    1487.18  0.000e+00
      29311     70.000     9.0203     9.0204     0.0001    3.70139    3.70134          1     5.9579     5.9458      74.88     0.1369     0.2201  1.000e-12  0.3929000    34.8075    34.8069    -0.0006    26.9641    26.9636     69.604     69.455      0.355    1487.19    1487.19  0.000e+00
      29346     70.500     9.0299     9.0296    -0.0003    3.70312    3.70305          1     5.9444     5.9191      70.96     0.1157     0.2128  1.000e-12  0.3977000    34.8159    34.8156    -0.0004    26.9692    26.9690     70.101     69.951      0.434    1487.24    1487.24  0.000e+00
      29368     71.000     9.0310     9.0327     0.0017    3.70345    3.70361          1     5.9387     5.9238      43.79     0.1240     0.1932  1.000e-12  0.3863000    34.8180    34.8181     0.0000    26.9707    26.9704     70.598     70.447      0.664    1487.26    1487.26  0.000e+00
      29384     71.500     9.0249     9.0266     0.0017    3.70320    3.70333          1     5.9318     5.9256      48.84     0.1304     0.2071  1.000e-12  0.3915000    34.8212    34.8208    -0.0004    26.9742    26.9736     71.095     70.943      0.791    1487.25    1487.25  0.000e+00
      29398     72.000     9.0274     9.0280     0.0006    3.70401    3.70405          1     5.9309     5.9246      64.46     0.1483     0.2093  1.000e-12  0.4259000    34.8271    34.8269    -0.0002    26.9784    26.9781     71.592     71.439      0.834    1487.27    1487.27  0.000e+00
      29412     72.500     9.0330     9.0339     0.0009    3.70480    3.70490          1     5.9332     5.9230      63.51     0.1439     0.2212  1.000e-12  0.4227000    34.8296    34.8297     0.0002    26.9794    26.9794     72.089     71.935      0.799    1487.30    1487.31  0.000e+00
      29428     73.000     9.0425     9.0443     0.0018    3.70617    3.70635          1     5.9312     5.9189      63.13     0.1384     0.2215  1.000e-12  0.4183000    34.8344    34.8346     0.0001    26.9817    26.9815     72.586     72.431      0.649    1487.35    1487.36  0.000e+00
      29461     73.500     9.0513     9.0529     0.0016    3.70736    3.70751          1     5.9253     5.9102      62.19     0.1079     0.2258  1.000e-12  0.3801000    34.8380    34.8380     0.0000    26.9830    26.9828     73.083     72.927      0.323    1487.40    1487.40  0.000e+00
      29515     74.000     9.0649     9.0644    -0.0005    3.70922    3.70913          1     5.9156     5.9005      61.59     0.1143     0.2181  1.000e-12  0.3491000    34.8439    34.8434    -0.0005    26.9855    26.9852     73.580     73.423      0.480    1487.46    1487.46  0.000e+00
      29532     74.500     9.0830     9.0836     0.0007    3.71152    3.71155          1     5.9090     5.8982      61.36     0.1146     0.2026  1.000e-12  0.3524000    34.8501    34.8497    -0.0004    26.9874    26.9870     74.077     73.918      0.759    1487.54    1487.55  0.000e+00
      29546     75.000     9.0929     9.0928    -0.0002    3.71277    3.71273          1     5.9032     5.8939      61.39     0.1147     0.2222  1.000e-12  0.3676000    34.8531    34.8528    -0.0003    26.9882    26.9880     74.574     74.414      0.845    1487.59    1487.59  0.000e+00
      29560     75.500     9.1043     9.1053     0.0010    3.71425    3.71435          1     5.8987     5.8882      61.79     0.1155     0.1820  1.000e-12  0.3702000    34.8572    34.8573     0.0001    26.9896    26.9895     75.071     74.910      0.810    1487.65    1487.65  0.000e+00
      29576     76.000     9.1133     9.1146     0.0013    3.71548    3.71560          1     5.8916     5.8854      60.87     0.0925     0.1502  1.000e-12  0.3886000    34.8611    34.8610    -0.0000    26.9911    26.9909     75.569     75.406      0.659    1487.69    1487.70  0.000e+00
      29599     76.500     9.1209     9.1219     0.0011    3.71660    3.71673          1     5.8827     5.8795      59.62     0.0924     0.1778  1.000e-12  0.3602000    34.8651    34.8654     0.0003    26.9930    26.9930     76.066     75.902      0.426    1487.74    1487.74  0.000e+00
      29634     77.000     9.1281     9.1314     0.0033    3.71767    3.71809          1     5.8864     5.8684      58.64     0.1242     0.2091  1.000e-12  0.3549000    34.8689    34.8701     0.0012    26.9948    26.9953     76.563     76.398      0.382    1487.77    1487.79  0.000e+00
      29660     77.500     9.1308     9.1318     0.0010    3.71821    3.71831          1     5.8817     5.8591      58.14     0.1129     0.2230  1.000e-12  0.3446000    34.8716    34.8718     0.0001    26.9965    26.9965     77.060     76.894      0.602    1487.80    1487.80  0.000e+00
      29677     78.000     9.1249     9.1260     0.0011    3.71764    3.71776          1     5.8738     5.8595      57.78     0.0904     0.1919  1.000e-12  0.3458000    34.8713    34.8714     0.0001    26.9972    26.9971     77.557     77.390      0.708    1487.78    1487.79  0.000e+00
      29693     78.500     9.1157     9.1167     0.0011    3.71683    3.71696          1     5.8729     5.8636      64.25     0.1142     0.2030  1.000e-12  0.3620000    34.8716    34.8719     0.0003    26.9990    26.9990     78.054     77.885      0.669    1487.76    1487.76  0.000e+00
      29714     79.000     9.1062     9.1075     0.0012    3.71605    3.71619          1     5.8744     5.8665      74.38     0.1339     0.2070  1.000e-12  0.3743000    34.8725    34.8727     0.0002    27.0012    27.0011     78.551     78.381      0.511    1487.73    1487.74  0.000e+00
      29743     79.500     9.0953     9.0960     0.0008    3.71506    3.71514          1     5.8699     5.8724      55.98     0.1317     0.2071  1.000e-12  0.3567000    34.8726    34.8728     0.0001    27.0031    27.0031     79.048     78.877      0.408    1487.70    1487.70  0.000e+00
      29770     80.000     9.0864     9.0871     0.0007    3.71439    3.71448          1     5.8603     5.8589      55.77     0.1223     0.2149  1.000e-12  0.3505000    34.8740    34.8743     0.0003    27.0056    27.0057     79.545     79.373      0.552    1487.68    1487.68  0.000e+00
      29789     80.500     9.0810     9.0819     0.0010    3.71412    3.71421          1     5.8600     5.8463      55.18     0.1050     0.2177  1.000e-12  0.3675000    34.8764    34.8763    -0.0001    27.0083    27.0081     80.042     79.869      0.638    1487.67    1487.67  0.000e+00
      29807     81.000     9.0613     9.0631     0.0018    3.71241    3.71260          1     5.8564     5.8393      54.88     0.1051     0.1927  1.000e-12  0.3984000    34.8775    34.8777     0.0001    27.0124    27.0122     80.539     80.365      0.558    1487.61    1487.61  0.000e+00
      29837     81.500     9.0559     9.0565     0.0007    3.71279    3.71313          1     5.8390     5.8182      53.96     0.1105     0.1611  1.000e-12  0.3818000    34.8866    34.8895     0.0030    27.0204    27.0226     81.036     80.861      0.340    1487.61    1487.61  0.000e+00
      29874     82.000     9.0567     9.0584     0.0017    3.71411    3.71460          1     5.8386     5.8168      53.53     0.0973     0.1828  1.000e-12  0.3361000    34.8993    34.9028     0.0035    27.0302    27.0327     81.533     81.357      0.501    1487.63    1487.64  0.000e+00
      29892     82.500     9.0681     9.0698     0.0018    3.71596    3.71612          1     5.8180     5.8028      53.21     0.0927     0.2213  1.000e-12  0.3361000    34.9073    34.9073     0.0000    27.0346    27.0343     82.030     81.852      0.796    1487.69    1487.70  0.000e+00
      29905     83.000     9.0820     9.0832     0.0012    3.71774    3.71787          1     5.8031     5.7832      52.85     0.1050     0.2330  1.000e-12  0.3618000    34.9120    34.9122     0.0002    27.0361    27.0360     82.527     82.348      0.939    1487.76    1487.76  0.000e+00
      29917     83.500     9.0849     9.0841    -0.0008    3.71828    3.71814          1     5.7998     5.7822      52.53     0.1046     0.2303  1.000e-12  0.3638000    34.9146    34.9139    -0.0007    27.0376    27.0372     83.024     82.844      0.956    1487.78    1487.78  0.000e+00
      29929     84.000     9.0640     9.0681     0.0041    3.71661    3.71704          1     5.7980     5.7850      52.02     0.0921     0.2457  1.000e-12  0.3458000    34.9174    34.9179     0.0005    27.0432    27.0429     83.522     83.340      0.830    1487.71    1487.73  0.000e+00
      29960     84.500     8.9800     8.9821     0.0021    3.70870    3.70885          1     5.7951     5.7832      51.33     0.0947     0.2224  1.000e-12  0.3446000    34.9167    34.9163    -0.0004    27.0562    27.0555     84.019     83.836      0.453    1487.41    1487.42  0.000e+00
