ctdpy/tests/test_data/SBE09_1044_20181208_0241_34_01_0167.cnv
* Sea-Bird SBE 9 Data File:
* FileName = C:\ctd\temp\ar18d167.hex
* Software Version Seasave V 7.26.7.107
* Temperature SN = 5351
* Conductivity SN = 3941
* Number of Bytes Per Scan = 30
* Number of Voltage Words = 4
* Number of Scans Averaged by the Deck Unit = 1
* NMEA baud rate = 4800
** Station:  Å15
** Operator:  ASkj
** Ship: ARANDA
** Average sound velocity: 1485.87 m/s
** True-depth calculation Sun, 09 Dec 2018 17:51:22 +0000
** CTD Python Module SMHI /ver 3-12/ feb 2012 
** LIMS Job: 20183401-0167
** Cruise: SMHI-7-2018
** Latitude [GG MM.mm N]: 58 17.66 N
** Longitude [GG MM.mm E] 10 50.73 E
# nquan = 26
# nvalues = 260                         
# units = specified
# name 0 = scan: Scan Count
# name 1 = prDM: Pressure, Digiquartz [db]
# name 2 = t090C: Temperature [ITS-90, deg C]
# name 3 = t190C: Temperature, 2 [ITS-90, deg C]
# name 4 = T2-T190C: Temperature Difference, 2 - 1 [ITS-90, deg C]
# name 5 = c0S/m: Conductivity [S/m]
# name 6 = c1S/m: Conductivity, 2 [S/m]
# name 7 = pumps: Pump Status
# name 8 = sbeox0ML/L: Oxygen, SBE 43 [ml/l]
# name 9 = sbeox1ML/L: Oxygen, SBE 43, 2 [ml/l]
# name 10 = altM: Altimeter [m]
# name 11 = flECO-AFL: Chl-a Fluorescence, WET Labs ECO-AFL/FL [mg/m^3]
# name 12 = flECO-AFL1: Phycocyanin Fluorescence, WET Labs ECO-AFL/FL, 2 [mg/m^3]
# name 13 = par: PAR/Irradiance, Biospherical/Lico [µE/(cm^2*s)]
# name 14 = turbWETntu0: Turbidity, WET Labs ECO [NTU]
# name 15 = sal00: Salinity, Practical [PSU]
# name 16 = sal11: Salinity, Practical, 2 [PSU]
# name 17 = secS-priS: Salinity, Practical, Difference, 2 - 1 [PSU]
# name 18 = sigma-t00: Density [sigma-t, Kg/m^3 ]
# name 19 = sigma-t11: Density, 2 [sigma-t, Kg/m^3 ]
# name 20 = depSM: Depth [salt water, m], lat = 0
# name 21 = depFM: Depth [true depth, m], lat = 0
# name 22 = dz/dtM: Descent Rate [m/s], WS = 2
# name 23 = svCM: Sound Velocity [Chen-Millero, m/s]
# name 24 = svCM1: Sound Velocity, 2 [Chen-Millero, m/s]
# name 25 = flag: flag
# span 0 =      25840,      32438       
# span 1 =      1.500,    131.000       
# span 2 =     7.1844,     9.3043       
# span 3 =     7.1826,     9.3050       
# span 4 =    -0.1539,     0.0670       
# span 5 =   3.235511,   3.718285       
# span 6 =   3.235197,   3.718309       
# span 7 =          1,          1       
# span 8 =    5.66432,    6.68756       
# span 9 =    5.66544,    6.69342       
# span 10 =      -4.58,      98.66      
# span 11 =     0.0798,     1.0086      
# span 12 =     0.0915,     0.3058      
# span 13 = -1.329e-03, 4.4183e-02      
# span 14 =     0.2470,     1.0317      
# span 15 =    31.6186,    34.9854      
# span 16 =    31.6166,    34.9860      
# span 17 =    -0.2828,     0.1136      
# span 18 =    24.7317,    27.2129      
# span 19 =    24.7304,    27.2121      
# span 20 =      1.492,    130.240      
# span 21 =      1.491,    129.946      
# span 22 =     -0.608,      1.247      
# span 23 =    1475.21,    1487.80      
# span 24 =    1475.21,    1487.80      
# span 25 = 0.0000e+00, 0.0000e+00      
# interval = decibars: 0.5              
# start_time = Dec 08 2018 02:41:08 [System UTC, header]
# bad_flag = -9.990e-29
*END*
[from data line 56]
      27450     29.500     9.3019     9.3027     0.0007    3.70695    3.70702          1     6.1557     6.1228      97.81     0.2175     0.2053  1.000e-12  0.3804000    34.6102    34.6103     0.0001    26.7641    26.7640     29.336     29.282      1.247    1487.31    1487.32  0.000e+00
      27459     30.000     9.3043     9.3050     0.0007    3.70727    3.70736          1     6.1545     6.1270      97.83     0.2113     0.2071  1.000e-12  0.3945000    34.6110    34.6113     0.0003    26.7643    26.7644     29.833     29.778      1.156    1487.33    1487.33  0.000e+00
      27470     30.500     9.3012     9.3021     0.0008    3.70704    3.70715          1     6.1516     6.1318      97.81     0.2122     0.2071  1.000e-12  0.3909000    34.6114    34.6117     0.0003    26.7651    26.7652     30.330     30.274      0.886    1487.33    1487.33  0.000e+00
      27521     31.000     9.2968     9.2972     0.0005    3.70664    3.70671          1     6.1471     6.1279      87.62     0.2095     0.2071  1.000e-12  0.3643000    34.6113    34.6115     0.0003    26.7657    26.7659     30.827     30.770      0.477    1487.32    1487.32  0.000e+00
      27572     31.500     9.2956     9.2963     0.0007    3.70656    3.70665          1     6.1461     6.1146      97.85     0.2074     0.2071  1.000e-12  0.3526000    34.6113    34.6116     0.0003    26.7660    26.7661     31.325     31.266      0.777    1487.32    1487.33  0.000e+00
      27585     32.000     9.2977     9.2983     0.0005    3.70685    3.70694          1     6.1453     6.1161      97.78     0.2239     0.2058  1.000e-12  0.3834000    34.6121    34.6125     0.0004    26.7662    26.7665     31.822     31.762      0.978    1487.34    1487.34  0.000e+00
      27596     32.500     9.2981     9.2986     0.0005    3.70695    3.70702          1     6.1461     6.1206      97.79     0.2237     0.2125  1.000e-12  0.3844000    34.6125    34.6127     0.0003    26.7665    26.7666     32.319     32.258      1.056    1487.35    1487.35  0.000e+00
      27607     33.000     9.2970     9.2976     0.0006    3.70687    3.70695          1     6.1467     6.1251      79.25     0.1924     0.2205  1.000e-12  0.3993000    34.6125    34.6129     0.0004    26.7666    26.7669     32.816     32.754      1.020    1487.35    1487.36  0.000e+00
      27619     33.500     9.2958     9.2965     0.0007    3.70681    3.70690          1     6.1453     6.1283      83.95     0.1880     0.2187  1.000e-12  0.4012000    34.6127    34.6130     0.0003    26.7670    26.7672     33.313     33.250      0.849    1487.36    1487.36  0.000e+00
      27648     34.000     9.2933     9.2940     0.0008    3.70661    3.70671          1     6.1481     6.1354      96.60     0.2144     0.2011  1.000e-12  0.3928000    34.6130    34.6132     0.0002    26.7677    26.7677     33.810     33.746      0.437    1487.36    1487.36  0.000e+00
      27714     34.500     9.2886     9.2896     0.0010    3.70616    3.70629          1     6.1493     6.1358      44.99     0.2376     0.2022  1.000e-12  0.3463000    34.6126    34.6129     0.0004    26.7681    26.7682     34.308     34.242      0.512    1487.35    1487.35  0.000e+00
      27728     35.000     9.2821     9.2831     0.0010    3.70548    3.70561          1     6.1541     6.1386      65.70     0.2323     0.2190  1.000e-12  0.3649000    34.6116    34.6120     0.0004    26.7684    26.7685     34.805     34.738      0.827    1487.33    1487.34  0.000e+00
      27741     35.500     9.2789     9.2796     0.0007    3.70518    3.70528          1     6.1572     6.1410      98.08     0.2236     0.2309  1.000e-12  0.3898000    34.6113    34.6117     0.0003    26.7687    26.7689     35.302     35.234      0.946    1487.33    1487.33  0.000e+00
      27753     36.000     9.2779     9.2784     0.0006    3.70510    3.70520          1     6.1589     6.1417      97.50     0.2206     0.2225  1.000e-12  0.3846000    34.6113    34.6117     0.0005    26.7689    26.7691     35.799     35.730      0.950    1487.33    1487.34  0.000e+00
      27765     36.500     9.2774     9.2781     0.0007    3.70510    3.70519          1     6.1577     6.1410      52.75     0.2124     0.2073  1.000e-12  0.3772000    34.6115    34.6117     0.0002    26.7691    26.7692     36.296     36.226      0.836    1487.34    1487.34  0.000e+00
      27783     37.000     9.2785     9.2799     0.0013    3.70528    3.70543          1     6.1551     6.1337      54.59     0.2194     0.2496  1.000e-12  0.3763000    34.6120    34.6123     0.0003    26.7693    26.7693     36.793     36.722      0.564    1487.35    1487.36  0.000e+00
      27822     37.500     9.2801     9.2812     0.0011    3.70552    3.70566          1     6.1533     6.1398      97.25     0.2025     0.2251  1.000e-12  0.3630000    34.6127    34.6131     0.0004    26.7696    26.7697     37.291     37.218      0.251    1487.37    1487.37  0.000e+00
      27860     38.000     9.2843     9.2859     0.0016    3.70604    3.70623          1     6.1479     6.1262      97.86     0.1877     0.1965  1.000e-12  0.3588000    34.6139    34.6143     0.0004    26.7698    26.7699     37.788     37.714      0.523    1487.39    1487.40  0.000e+00
      27878     38.500     9.2860     9.2876     0.0016    3.70627    3.70644          1     6.1478     6.1235      88.29     0.1972     0.2277  1.000e-12  0.3768000    34.6143    34.6146     0.0003    26.7698    26.7698     38.285     38.210      0.673    1487.41    1487.41  0.000e+00
      27895     39.000     9.2870     9.2879     0.0010    3.70640    3.70650          1     6.1485     6.1282      96.62     0.2127     0.2752  1.000e-12  0.3760000    34.6145    34.6146     0.0001    26.7699    26.7698     38.782     38.706      0.692    1487.42    1487.42  0.000e+00
      27913     39.500     9.2874     9.2883     0.0010    3.70649    3.70658          1     6.1510     6.1291      69.93     0.2214     0.2485  1.000e-12  0.3820000    34.6148    34.6149     0.0000    26.7701    26.7699     39.279     39.202      0.662    1487.43    1487.43  0.000e+00
      27932     40.000     9.2880     9.2889     0.0009    3.70659    3.70668          1     6.1527     6.1317      64.35     0.2171     0.2361  1.000e-12  0.3794000    34.6151    34.6152     0.0001    26.7701    26.7701     39.776     39.698      0.596    1487.44    1487.44  0.000e+00
      27955     40.500     9.2879     9.2888     0.0009    3.70663    3.70673          1     6.1472     6.1357      96.50     0.2094     0.2407  1.000e-12  0.3765000    34.6154    34.6155     0.0002    26.7704    26.7704     40.274     40.194      0.463    1487.45    1487.45  0.000e+00
      27986     41.000     9.2864     9.2878     0.0013    3.70654    3.70669          1     6.1443     6.1345      59.38     0.2099     0.2331  1.000e-12  0.3677000    34.6155    34.6159     0.0003    26.7708    26.7708     40.771     40.690      0.381    1487.45    1487.46  0.000e+00
      28014     41.500     9.2825     9.2834     0.0009    3.70620    3.70630          1     6.1518     6.1378      98.54     0.1909     0.1767  1.000e-12  0.3621000    34.6157    34.6158     0.0001    26.7715    26.7715     41.268     41.186      0.528    1487.45    1487.45  0.000e+00
      28034     42.000     9.2818     9.2823     0.0005    3.70617    3.70622          1     6.1513     6.1388      45.59     0.1890     0.1824  1.000e-12  0.3691000    34.6157    34.6158     0.0001    26.7716    26.7716     41.765     41.682      0.621    1487.45    1487.46  0.000e+00
      28052     42.500     9.2772     9.2785     0.0012    3.70568    3.70585          1     6.1475     6.1359      81.57     0.2017     0.2309  1.000e-12  0.3775000    34.6149    34.6154     0.0005    26.7718    26.7720     42.262     42.178      0.663    1487.44    1487.45  0.000e+00
      28070     43.000     9.2710     9.2725     0.0015    3.70505    3.70521          1     6.1450     6.1324      97.65     0.2056     0.2268  1.000e-12  0.3758000    34.6141    34.6144     0.0002    26.7722    26.7721     42.759     42.674      0.682    1487.43    1487.43  0.000e+00
      28087     43.500     9.2696     9.2705     0.0010    3.70498    3.70508          1     6.1504     6.1357      58.90     0.2069     0.2225  1.000e-12  0.3726000    34.6146    34.6146     0.0000    26.7728    26.7727     43.256     43.170      0.611    1487.43    1487.43  0.000e+00
      28114     44.000     9.2623     9.2634     0.0011    3.70453    3.70464          1     6.1553     6.1364      79.24     0.2148     0.2211  1.000e-12  0.3699000    34.6167    34.6168     0.0001    26.7756    26.7755     43.754     43.666      0.341    1487.42    1487.42  0.000e+00
      28163     44.500     9.2487     9.2506     0.0019    3.70351    3.70368          1     6.1410     6.1188      49.41     0.2119     0.2318  1.000e-12  0.3387000    34.6190    34.6189    -0.0001    26.7796    26.7792     44.251     44.162      0.416    1487.38    1487.38  0.000e+00
      28181     45.000     9.2287     9.2294     0.0008    3.70188    3.70199          1     6.1423     6.1175      91.65     0.2122     0.2218  1.000e-12  0.3469000    34.6213    34.6216     0.0004    26.7847    26.7848     44.748     44.658      0.772    1487.31    1487.32  0.000e+00
      28194     45.500     9.2205     9.2211     0.0007    3.70134    3.70142          1     6.1420     6.1256      96.03     0.1923     0.2230  1.000e-12  0.3567000    34.6233    34.6236     0.0003    26.7876    26.7877     45.245     45.154      0.908    1487.29    1487.30  0.000e+00
      28207     46.000     9.2205     9.2212     0.0007    3.70145    3.70154          1     6.1407     6.1329      30.48     0.1890     0.2335  1.000e-12  0.3579000    34.6242    34.6245     0.0003    26.7883    26.7884     45.742     45.650      0.886    1487.30    1487.31  0.000e+00
      28221     46.500     9.2272     9.2254    -0.0018    3.70232    3.70205          1     6.1375     6.1300      63.13     0.1898     0.2218  1.000e-12  0.3469000    34.6266    34.6255    -0.0011    26.7891    26.7885     46.239     46.146      0.697    1487.34    1487.33  0.000e+00
      28248     47.000     9.2319     9.2320     0.0001    3.70287    3.70289          1     6.1373     6.1197      76.45     0.1927     0.2014  1.000e-12  0.3482000    34.6275    34.6276     0.0001    26.7890    26.7891     46.736     46.642      0.366    1487.36    1487.37  0.000e+00
      28289     47.500     9.2350     9.2372     0.0023    3.70329    3.70355          1     6.1396     6.1158      76.67     0.2070     0.2166  1.000e-12  0.3357000    34.6286    34.6292     0.0005    26.7894    26.7895     47.234     47.138      0.372    1487.39    1487.40  0.000e+00
      28313     48.000     9.2411     9.2413     0.0002    3.70408    3.70409          1     6.1342     6.1124      79.65     0.1887     0.2638  1.000e-12  0.3477000    34.6307    34.6306    -0.0001    26.7900    26.7899     47.731     47.634      0.643    1487.42    1487.42  0.000e+00
      28329     48.500     9.2486     9.2494     0.0008    3.70508    3.70517          1     6.1290     6.1148      14.37     0.1805     0.2500  1.000e-12  0.3650000    34.6336    34.6337     0.0001    26.7911    26.7910     48.228     48.130      0.749    1487.46    1487.46  0.000e+00
      28345     49.000     9.2385     9.2394     0.0009    3.70419    3.70432          1     6.1250     6.1208      95.85     0.1694     0.2302  1.000e-12  0.3647000    34.6339    34.6343     0.0004    26.7930    26.7931     48.725     48.626      0.698    1487.43    1487.43  0.000e+00
      28365     49.500     9.2184     9.2211     0.0027    3.70220    3.70251          1     6.1274     6.1181      89.85     0.1707     0.2326  1.000e-12  0.3615000    34.6324    34.6330     0.0005    26.7951    26.7951     49.222     49.122      0.528    1487.36    1487.37  0.000e+00
      28392     50.000     9.2062     9.2078     0.0015    3.70103    3.70121          1     6.1359     6.1160      45.87     0.1999     0.2233  1.000e-12  0.3635000    34.6318    34.6322     0.0004    26.7966    26.7966     49.719     49.618      0.445    1487.33    1487.33  0.000e+00
      28417     50.500     9.2006     9.2007     0.0001    3.70049    3.70053          1     6.1391     6.1238      96.22     0.2031     0.2218  1.000e-12  0.3565000    34.6314    34.6318     0.0003    26.7972    26.7974     50.216     50.114      0.516    1487.31    1487.31  0.000e+00
      28439     51.000     9.1920     9.1918    -0.0002    3.69968    3.69967          1     6.1433     6.1264      95.47     0.1883     0.2224  1.000e-12  0.3442000    34.6311    34.6312     0.0001    26.7983    26.7984     50.714     50.610      0.481    1487.29    1487.29  0.000e+00
      28469     51.500     9.1775     9.1796     0.0020    3.69833    3.69855          1     6.1403     6.1296      95.47     0.1840     0.2375  1.000e-12  0.3443000    34.6309    34.6311     0.0002    26.8005    26.8004     51.211     51.106      0.374    1487.24    1487.25  0.000e+00
      28500     52.000     9.1587     9.1610     0.0023    3.69688    3.69708          1     6.1386     6.1264      92.85     0.1871     0.1908  1.000e-12  0.3331000    34.6338    34.6337    -0.0002    26.8058    26.8053     51.708     51.602      0.562    1487.19    1487.20  0.000e+00
      28517     52.500     9.1463     9.1476     0.0013    3.69647    3.69655          1     6.1322     6.1184      85.75     0.1932     0.1808  1.000e-12  0.3332000    34.6413    34.6410    -0.0003    26.8137    26.8132     52.205     52.098      0.761    1487.16    1487.16  0.000e+00
      28531     53.000     9.1428     9.1437     0.0009    3.69680    3.69688          1     6.1249     6.1115      82.63     0.2025     0.1793  1.000e-12  0.3339000    34.6480    34.6480     0.0000    26.8195    26.8194     52.702     52.594      0.798    1487.16    1487.17  0.000e+00
      28546     53.500     9.1409     9.1421     0.0012    3.69735    3.69743          1     6.1204     6.1056      86.72     0.2028     0.2597  1.000e-12  0.3503000    34.6554    34.6550    -0.0004    26.8256    26.8251     53.199     53.090      0.690    1487.17    1487.18  0.000e+00
      28571     54.000     9.1357     9.1369     0.0012    3.69753    3.69763          1     6.1104     6.0982      96.67     0.1966     0.2167  1.000e-12  0.3578000    34.6620    34.6619    -0.0001    26.8316    26.8313     53.696     53.586      0.395    1487.17    1487.17  0.000e+00
      28614     54.500     9.1303     9.1315     0.0013    3.69731    3.69747          1     6.1098     6.0952      90.16     0.1709     0.1850  1.000e-12  0.3027000    34.6648    34.6652     0.0004    26.8347    26.8348     54.193     54.082      0.342    1487.16    1487.17  0.000e+00
      28638     55.000     9.1265     9.1273     0.0008    3.69702    3.69711          1     6.1145     6.0971      97.99     0.1893     0.1898  1.000e-12  0.3210000    34.6653    34.6653     0.0001    26.8357    26.8356     54.691     54.578      0.619    1487.16    1487.16  0.000e+00
      28655     55.500     9.1246     9.1257     0.0011    3.69687    3.69699          1     6.1142     6.1012      84.93     0.1805     0.2484  1.000e-12  0.3268000    34.6653    34.6655     0.0002    26.8360    26.8360     55.188     55.073      0.713    1487.16    1487.16  0.000e+00
      28671     56.000     9.1177     9.1203     0.0025    3.69646    3.69665          1     6.1184     6.0991      94.38     0.1748     0.2311  1.000e-12  0.3374000    34.6674    34.6669    -0.0005    26.8388    26.8379     55.685     55.569      0.721    1487.15    1487.15  0.000e+00
      28688     56.500     9.1143     9.1165     0.0022    3.69634    3.69650          1     6.1197     6.0896      97.84     0.1714     0.2194  1.000e-12  0.3528000    34.6692    34.6688    -0.0004    26.8407    26.8401     56.182     56.065      0.667    1487.14    1487.15  0.000e+00
