ctdpy/tests/etc/SHARK_CTD_2018_BAS_SMHI/received_data/SBE09_1044_20181206_1139_34_01_0157.cnv
* Sea-Bird SBE 9 Data File:
* FileName = C:\ctd\temp\ar18d157.hex
* Software Version Seasave V 7.26.7.107
* Temperature SN = 5351
* Conductivity SN = 3941
* Number of Bytes Per Scan = 30
* Number of Voltage Words = 4
* Number of Scans Averaged by the Deck Unit = 1
* NMEA baud rate = 4800
* NMEA Latitude = 55 15.01 N
* NMEA Longitude = 15 59.059 E
* NMEA UTC (Time) = Dec 06 2018  11:39:04
** Station:  BY5
** Operator:  JKro
** Ship: ARANDA
** Average sound velocity: 1452.96 m/s
** True-depth calculation Sun, 09 Dec 2018 14:43:50 +0000
** CTD Python Module SMHI /ver 3-12/ feb 2012 
** LIMS Job: 20183401-0157
** Cruise: SMHI-7-2018
** Latitude [GG MM.mm N]: 55 15.010
** Longitude [GG MM.mm E] 15 59.059
# nquan = 26
# nvalues = 165                         
# units = specified
# name 0 = scan: Scan Count
# name 1 = prDM: Pressure, Digiquartz [db]
# name 2 = t090C: Temperature [ITS-90, deg C]
# name 3 = t190C: Temperature, 2 [ITS-90, deg C]
# name 4 = T2-T190C: Temperature Difference, 2 - 1 [ITS-90, deg C]
# name 5 = c0S/m: Conductivity [S/m]
# name 6 = c1S/m: Conductivity, 2 [S/m]
# name 7 = pumps: Pump Status
# name 8 = sbeox0ML/L: Oxygen, SBE 43 [ml/l]
# name 9 = sbeox1ML/L: Oxygen, SBE 43, 2 [ml/l]
# name 10 = altM: Altimeter [m]
# name 11 = flECO-AFL: Chl-a Fluorescence, WET Labs ECO-AFL/FL [mg/m^3]
# name 12 = flECO-AFL1: Phycocyanin Fluorescence, WET Labs ECO-AFL/FL, 2 [mg/m^3]
# name 13 = par: PAR/Irradiance, Biospherical/Lico [µE/(cm^2*s)]
# name 14 = turbWETntu0: Turbidity, WET Labs ECO [NTU]
# name 15 = sal00: Salinity, Practical [PSU]
# name 16 = sal11: Salinity, Practical, 2 [PSU]
# name 17 = secS-priS: Salinity, Practical, Difference, 2 - 1 [PSU]
# name 18 = sigma-t00: Density [sigma-t, Kg/m^3 ]
# name 19 = sigma-t11: Density, 2 [sigma-t, Kg/m^3 ]
# name 20 = depSM: Depth [salt water, m], lat = 0
# name 21 = depFM: Depth [true depth, m], lat = 0
# name 22 = dz/dtM: Descent Rate [m/s], WS = 2
# name 23 = svCM: Sound Velocity [Chen-Millero, m/s]
# name 24 = svCM1: Sound Velocity, 2 [Chen-Millero, m/s]
# name 25 = flag: flag
# span 0 =      28887,      33776       
# span 1 =      1.500,     83.500       
# span 2 =     5.8919,    11.9839       
# span 3 =     5.8895,    11.9851       
# span 4 =    -0.0248,     0.0216       
# span 5 =   0.870198,   1.998201       
# span 6 =   0.870184,   1.997573       
# span 7 =          1,          1       
# span 8 =    0.20311,    7.80757       
# span 9 =    0.20167,    7.83021       
# span 10 =       3.27,     115.67      
# span 11 =     0.2283,     1.3812      
# span 12 =     0.1487,     0.4185      
# span 13 = -3.269e-06, 4.8906e+01      
# span 14 =     0.1552,     0.5332      
# span 15 =     7.5684,    16.9755      
# span 16 =     7.5681,    16.9701      
# span 17 =    -0.0320,     0.0081      
# span 18 =     5.8620,    12.8612      
# span 19 =     5.8617,    12.8571      
# span 20 =      1.492,     83.024      
# span 21 =      1.519,     84.410      
# span 22 =     -0.129,      0.995      
# span 23 =    1441.57,    1474.24      
# span 24 =    1441.55,    1474.24      
# span 25 = 0.0000e+00, 0.0000e+00      
# interval = decibars: 0.5              
# start_time = Dec 06 2018 11:39:04 [System UTC, header]
# bad_flag = -9.990e-29
*END*
      28887      1.500     7.1949     7.1950     0.0002    0.87036    0.87029          1     7.7975     7.8138     115.67     1.1422     0.3309  4.891e+01  0.2451000     7.5703     7.5695    -0.0007     5.8635     5.8629      1.492      1.519      0.245    1445.33    1445.33  0.000e+00
      28907      2.000     7.1940     7.1951     0.0011    0.87033    0.87032          1     7.7982     7.8119      65.84     1.1394     0.3351  3.679e+01  0.2475000     7.5701     7.5698    -0.0003     5.8634     5.8631      1.989      2.025      0.470    1445.33    1445.34  0.000e+00
      29024      2.500     7.1946     7.1959     0.0013    0.87034    0.87032          1     7.8009     7.8216      31.08     1.1492     0.3055  3.204e+01  0.2545000     7.5700     7.5695    -0.0004     5.8633     5.8628      2.486      2.532      0.418    1445.34    1445.35  0.000e+00
      29130      3.000     7.1946     7.1957     0.0011    0.87027    0.87025          1     7.8054     7.8232      33.12     1.1915     0.3507  2.724e+01  0.2573000     7.5693     7.5688    -0.0004     5.8627     5.8623      2.983      3.038      0.336    1445.35    1445.35  0.000e+00
      29162      3.500     7.1941     7.1953     0.0012    0.87021    0.87020          1     7.8059     7.8252      41.53     1.2145     0.3536  2.602e+01  0.2485000     7.5687     7.5684    -0.0003     5.8623     5.8620      3.481      3.544      0.722    1445.35    1445.36  0.000e+00
      29177      4.000     7.1942     7.1954     0.0012    0.87020    0.87019          1     7.8053     7.8180      69.68     1.1110     0.3304  2.300e+01  0.2647000     7.5686     7.5682    -0.0004     5.8622     5.8618      3.978      4.050      0.719    1445.36    1445.37  0.000e+00
      29197      4.500     7.1946     7.1955     0.0009    0.87020    0.87018          1     7.8059     7.8112      93.02     1.1804     0.3114  1.798e+01  0.2558000     7.5684     7.5681    -0.0003     5.8620     5.8617      4.475      4.557      0.492    1445.37    1445.38  0.000e+00
      29233      5.000     7.1943     7.1949     0.0006    0.87021    0.87019          1     7.8062     7.8205      41.46     1.2665     0.3274  1.499e+01  0.2376000     7.5685     7.5682    -0.0003     5.8622     5.8618      4.972      5.063      0.303    1445.38    1445.38  0.000e+00
      29269      5.500     7.1927     7.1937     0.0010    0.87023    0.87019          1     7.8061     7.8242      91.65     1.2287     0.3703  1.378e+01  0.2361000     7.5690     7.5684    -0.0006     5.8626     5.8621      5.470      5.569      0.477    1445.38    1445.38  0.000e+00
      29289      6.000     7.1929     7.1939     0.0010    0.87023    0.87022          1     7.8060     7.8294      75.57     1.2653     0.3954  1.202e+01  0.2552000     7.5689     7.5685    -0.0004     5.8626     5.8622      5.967      6.076      0.690    1445.39    1445.39  0.000e+00
      29305      6.500     7.1923     7.1935     0.0012    0.87023    0.87021          1     7.8033     7.8302      20.09     1.3098     0.3718  1.029e+01  0.2522000     7.5689     7.5685    -0.0004     5.8626     5.8622      6.464      6.582      0.726    1445.39    1445.40  0.000e+00
      29322      7.000     7.1923     7.1929     0.0006    0.87023    0.87021          1     7.8042     7.8231      55.42     1.2366     0.3021  8.920e+00  0.2564000     7.5689     7.5685    -0.0004     5.8626     5.8623      6.961      7.088      0.567    1445.40    1445.40  0.000e+00
      29354      7.500     7.1935     7.1942     0.0007    0.87026    0.87024          1     7.8049     7.8071      84.25     1.2633     0.3711  7.897e+00  0.2496000     7.5689     7.5685    -0.0003     5.8625     5.8622      7.459      7.595      0.345    1445.42    1445.42  0.000e+00
      29384      8.000     7.1958     7.1961     0.0003    0.87033    0.87031          1     7.7987     7.8160      21.32     1.2041     0.3368  7.038e+00  0.2530000     7.5690     7.5687    -0.0003     5.8624     5.8621      7.956      8.101      0.604    1445.43    1445.43  0.000e+00
      29400      8.500     7.1957     7.1967     0.0009    0.87033    0.87032          1     7.7969     7.8191      55.68     1.1798     0.3324  6.251e+00  0.2635000     7.5689     7.5685    -0.0003     5.8623     5.8620      8.453      8.607      0.729    1445.44    1445.45  0.000e+00
      29416      9.000     7.1953     7.1962     0.0009    0.87033    0.87032          1     7.8032     7.8195      84.99     1.1666     0.3234  5.495e+00  0.2796000     7.5689     7.5686    -0.0003     5.8624     5.8621      8.950      9.113      0.671    1445.45    1445.45  0.000e+00
      29438      9.500     7.1952     7.1963     0.0011    0.87033    0.87031          1     7.8071     7.8188      75.70     1.1913     0.3511  4.881e+00  0.2677000     7.5689     7.5685    -0.0004     5.8624     5.8620      9.448      9.620      0.469    1445.45    1445.46  0.000e+00
      29470     10.000     7.1961     7.1973     0.0012    0.87035    0.87033          1     7.8052     7.8094      36.84     1.2420     0.3917  4.384e+00  0.2592000     7.5689     7.5684    -0.0005     5.8623     5.8618      9.945     10.126      0.413    1445.47    1445.47  0.000e+00
      29494     10.500     7.1961     7.1964     0.0003    0.87034    0.87033          1     7.8043     7.8117      86.04     1.2389     0.3586  3.855e+00  0.2542000     7.5686     7.5684    -0.0002     5.8621     5.8619     10.442     10.632      0.564    1445.47    1445.47  0.000e+00
      29514     11.000     7.1962     7.1969     0.0007    0.87035    0.87034          1     7.8006     7.8149      85.96     1.2512     0.3388  3.322e+00  0.2790000     7.5687     7.5684    -0.0003     5.8622     5.8619     10.939     11.139      0.543    1445.48    1445.48  0.000e+00
      29539     11.500     7.1974     7.1984     0.0010    0.87041    0.87038          1     7.8002     7.8172      30.61     1.2317     0.3596  2.975e+00  0.2588000     7.5689     7.5684    -0.0005     5.8623     5.8618     11.436     11.645      0.444    1445.49    1445.50  0.000e+00
      29566     12.000     7.1969     7.1981     0.0012    0.87040    0.87039          1     7.7966     7.8152      79.15     1.3812     0.3990  2.841e+00  0.2486000     7.5688     7.5685    -0.0003     5.8622     5.8619     11.934     12.151      0.523    1445.50    1445.50  0.000e+00
      29586     12.500     7.1958     7.1969     0.0011    0.87038    0.87039          1     7.8060     7.8132      97.47     1.3094     0.3971  2.654e+00  0.2587000     7.5688     7.5687    -0.0002     5.8623     5.8621     12.431     12.658      0.678    1445.50    1445.51  0.000e+00
      29602     13.000     7.1974     7.1973    -0.0000    0.87043    0.87040          1     7.8076     7.8106      40.39     1.2547     0.3304  2.366e+00  0.2627000     7.5689     7.5687    -0.0002     5.8622     5.8621     12.928     13.164      0.743    1445.52    1445.52  0.000e+00
      29618     13.500     7.1978     7.1989     0.0011    0.87044    0.87042          1     7.8024     7.8113      37.53     1.1691     0.3414  2.056e+00  0.2669000     7.5688     7.5684    -0.0004     5.8622     5.8618     13.425     13.670      0.711    1445.53    1445.53  0.000e+00
      29637     14.000     7.1975     7.1985     0.0010    0.87042    0.87041          1     7.8002     7.8139      54.57     1.1418     0.3809  1.723e+00  0.2576000     7.5687     7.5683    -0.0004     5.8621     5.8617     13.923     14.176      0.560    1445.53    1445.54  0.000e+00
      29670     14.500     7.1971     7.1983     0.0012    0.87042    0.87041          1     7.7968     7.8216      58.37     1.1967     0.3643  1.503e+00  0.2566000     7.5687     7.5683    -0.0004     5.8621     5.8617     14.420     14.683      0.295    1445.54    1445.55  0.000e+00
      29715     15.000     7.1969     7.1981     0.0012    0.87044    0.87043          1     7.7912     7.8107      64.26     1.1901     0.3535  1.565e+00  0.2307000     7.5689     7.5685    -0.0004     5.8623     5.8619     14.917     15.189      0.499    1445.55    1445.55  0.000e+00
      29732     15.500     7.1965     7.1978     0.0014    0.87043    0.87040          1     7.7930     7.8006      32.03     1.2096     0.3536  1.442e+00  0.2533000     7.5688     7.5682    -0.0006     5.8622     5.8617     15.414     15.695      0.792    1445.55    1445.56  0.000e+00
      29745     16.000     7.1964     7.1976     0.0012    0.87043    0.87041          1     7.7982     7.8041      58.52     1.2289     0.3560  1.286e+00  0.2807000     7.5687     7.5683    -0.0004     5.8622     5.8618     15.911     16.202      0.914    1445.56    1445.57  0.000e+00
      29757     16.500     7.1965     7.1975     0.0010    0.87048    0.87043          1     7.8034     7.8160      49.02     1.1883     0.3961  1.122e+00  0.2701000     7.5691     7.5685    -0.0007     5.8625     5.8619     16.409     16.708      0.916    1445.57    1445.57  0.000e+00
      29771     17.000     7.1959     7.1975     0.0015    0.87045    0.87049          1     7.7998     7.8224      32.61     1.1430     0.3962  9.522e-01  0.2611000     7.5689     7.5689     0.0000     5.8623     5.8623     16.906     17.214      0.783    1445.58    1445.58  0.000e+00
      29791     17.500     7.2038     7.2008    -0.0030    0.87126    0.87079          1     7.7940     7.8189      77.82     1.2101     0.3175  7.857e-01  0.2763000     7.5747     7.5710    -0.0038     5.8664     5.8636     17.403     17.721      0.439    1445.62    1445.61  0.000e+00
      29850     18.000     7.1982     7.2002     0.0020    0.87068    0.87076          1     7.7959     7.8018      28.14     1.1426     0.3900  8.035e-01  0.2361000     7.5705     7.5708     0.0003     5.8634     5.8635     17.900     18.227      0.403    1445.60    1445.61  0.000e+00
      29868     18.500     7.2029     7.2042     0.0013    0.87114    0.87117          1     7.7906     7.7952      72.71     1.2021     0.3750  7.472e-01  0.2806000     7.5736     7.5737     0.0000     5.8656     5.8655     18.397     18.733      0.751    1445.64    1445.64  0.000e+00
      29882     19.000     7.2050     7.2053     0.0004    0.87143    0.87129          1     7.7873     7.7987      96.88     1.1910     0.3921  6.658e-01  0.2764000     7.5759     7.5744    -0.0014     5.8672     5.8660     18.895     19.239      0.859    1445.65    1445.66  0.000e+00
      29896     19.500     7.2008     7.2021     0.0013    0.87084    0.87087          1     7.7856     7.8028      53.38     1.1559     0.4185  5.913e-01  0.2662000     7.5712     7.5711    -0.0001     5.8638     5.8637     19.392     19.746      0.821    1445.64    1445.65  0.000e+00
      29912     20.000     7.2010     7.2021     0.0012    0.87087    0.87087          1     7.7865     7.8049      82.03     1.1133     0.3544  5.144e-01  0.2596000     7.5713     7.5711    -0.0002     5.8639     5.8637     19.889     20.252      0.637    1445.65    1445.66  0.000e+00
      29938     20.500     7.2125     7.2104    -0.0021    0.87249    0.87212          1     7.7805     7.7971      69.85     1.0960     0.3322  4.597e-01  0.2614000     7.5839     7.5809    -0.0029     5.8729     5.8708     20.386     20.758      0.398    1445.72    1445.71  0.000e+00
      29972     21.000     7.2197     7.2198     0.0001    0.87344    0.87329          1     7.7656     7.7717      50.50     1.1671     0.4149  4.028e-01  0.2434000     7.5911     7.5897    -0.0014     5.8781     5.8770     20.884     21.265      0.377    1445.77    1445.77  0.000e+00
      30001     21.500     7.2245     7.2274     0.0029    0.87409    0.87436          1     7.7615     7.7679      76.02     1.2030     0.3893  3.541e-01  0.2947000     7.5961     7.5980     0.0019     5.8817     5.8830     21.381     21.771      0.466    1445.80    1445.82  0.000e+00
      30024     22.000     7.2327     7.2344     0.0016    0.87529    0.87536          1     7.7386     7.7527      44.83     1.1185     0.3648  3.272e-01  0.2528000     7.6055     7.6058     0.0003     5.8884     5.8885     21.878     22.277      0.585    1445.86    1445.86  0.000e+00
      30043     22.500     7.2688     7.2676    -0.0011    0.88070    0.88045          1     7.7308     7.7405      33.46     1.1104     0.3215  3.059e-01  0.2588000     7.6480     7.6460    -0.0021     5.9193     5.9177     22.375     22.783      0.698    1446.07    1446.06  0.000e+00
      30058     23.000     7.2797     7.2836     0.0035    0.88240    0.88284          1     7.7289     7.7291      60.04     1.0975     0.3021  2.856e-01  0.2590000     7.6614     7.6647     0.0033     5.9290     5.9313     22.872     23.290      0.757    1446.14    1446.16  0.000e+00
      30074     23.500     7.3161     7.3196     0.0039    0.88777    0.88817          1     7.7092     7.7062      29.05     1.0467     0.3284  2.533e-01  0.2542000     7.7034     7.7064     0.0030     5.9593     5.9614     23.370     23.796      0.721    1446.35    1446.36  0.000e+00
      30092     24.000     7.3615     7.3702     0.0087    0.89403    0.89510          1     7.6783     7.6794      57.11     1.0129     0.3446  2.120e-01  0.2545000     7.7517     7.7597     0.0081     5.9938     5.9995     23.867     24.302      0.568    1446.60    1446.65  0.000e+00
      30121     24.500     7.3903     7.3902    -0.0002    0.89812    0.89797          1     7.6572     7.6626      80.24     0.9744     0.3198  1.679e-01  0.2463000     7.7833     7.7819    -0.0014     6.0165     6.0154     24.364     24.808      0.356    1446.77    1446.77  0.000e+00
      30160     25.000     7.3941     7.3943     0.0003    0.89846    0.89838          1     7.6472     7.6535      32.08     0.9847     0.3711  1.532e-01  0.2414000     7.7856     7.7848    -0.0007     6.0180     6.0174     24.861     25.315      0.345    1446.80    1446.80  0.000e+00
      30188     25.500     7.3954     7.3965     0.0011    0.89850    0.89848          1     7.6489     7.6466      32.63     1.0261     0.3906  1.525e-01  0.2393000     7.7856     7.7852    -0.0004     6.0179     6.0175     25.358     25.821      0.624    1446.81    1446.82  0.000e+00
      30204     26.000     7.3967     7.3977     0.0010    0.89855    0.89854          1     7.6488     7.6554      55.88     0.9970     0.3193  1.300e-01  0.2290000     7.7857     7.7854    -0.0003     6.0179     6.0176     25.855     26.327      0.822    1446.82    1446.83  0.000e+00
      30217     26.500     7.3960     7.3969     0.0009    0.89849    0.89847          1     7.6483     7.6655      83.28     0.9754     0.3165  1.102e-01  0.2384000     7.7853     7.7849    -0.0004     6.0176     6.0172     26.353     26.833      0.880    1446.83    1446.83  0.000e+00
      30230     27.000     7.3964     7.3978     0.0014    0.89851    0.89854          1     7.6464     7.6706      64.66     0.9508     0.3302  8.655e-02  0.2478000     7.7853     7.7852    -0.0001     6.0176     6.0174     26.850     27.340      0.786    1446.84    1446.85  0.000e+00
      30250     27.500     7.3964     7.3979     0.0015    0.89852    0.89853          1     7.6472     7.6711      52.61     0.9696     0.3224  7.014e-02  0.2438000     7.7853     7.7851    -0.0002     6.0176     6.0173     27.347     27.846      0.449    1446.85    1446.85  0.000e+00
      30304     28.000     7.3974     7.3974     0.0000    0.89855    0.89847          1     7.6387     7.6656      41.53     1.0166     0.3416  6.696e-02  0.2278000     7.7853     7.7845    -0.0008     6.0176     6.0169     27.844     28.352      0.410    1446.86    1446.86  0.000e+00
      30323     28.500     7.3995     7.4003     0.0008    0.89865    0.89861          1     7.6449     7.6523      54.90     0.9765     0.3476  5.384e-02  0.2384000     7.7857     7.7852    -0.0006     6.0177     6.0172     28.341     28.858      0.742    1446.88    1446.88  0.000e+00
