ctdpy/tests/etc/SHARK_CTD_2018_BAS_SMHI/received_data/SBE09_1044_20181206_1139_34_01_0157.cnv
* Sea-Bird SBE 9 Data File:
* FileName = C:\ctd\temp\ar18d157.hex
* Software Version Seasave V 7.26.7.107
* Temperature SN = 5351
* Conductivity SN = 3941
* Number of Bytes Per Scan = 30
* Number of Voltage Words = 4
* Number of Scans Averaged by the Deck Unit = 1
* NMEA baud rate = 4800
* NMEA Latitude = 55 15.01 N
* NMEA Longitude = 15 59.059 E
* NMEA UTC (Time) = Dec 06 2018  11:39:04
** Station:  BY5
** Operator:  JKro
** Ship: ARANDA
** Average sound velocity: 1452.96 m/s
** True-depth calculation Sun, 09 Dec 2018 14:43:50 +0000
** CTD Python Module SMHI /ver 3-12/ feb 2012 
** LIMS Job: 20183401-0157
** Cruise: SMHI-7-2018
** Latitude [GG MM.mm N]: 55 15.010
** Longitude [GG MM.mm E] 15 59.059
# nquan = 26
# nvalues = 165                         
# units = specified
# name 0 = scan: Scan Count
# name 1 = prDM: Pressure, Digiquartz [db]
# name 2 = t090C: Temperature [ITS-90, deg C]
# name 3 = t190C: Temperature, 2 [ITS-90, deg C]
# name 4 = T2-T190C: Temperature Difference, 2 - 1 [ITS-90, deg C]
# name 5 = c0S/m: Conductivity [S/m]
# name 6 = c1S/m: Conductivity, 2 [S/m]
# name 7 = pumps: Pump Status
# name 8 = sbeox0ML/L: Oxygen, SBE 43 [ml/l]
# name 9 = sbeox1ML/L: Oxygen, SBE 43, 2 [ml/l]
# name 10 = altM: Altimeter [m]
# name 11 = flECO-AFL: Chl-a Fluorescence, WET Labs ECO-AFL/FL [mg/m^3]
# name 12 = flECO-AFL1: Phycocyanin Fluorescence, WET Labs ECO-AFL/FL, 2 [mg/m^3]
# name 13 = par: PAR/Irradiance, Biospherical/Lico [µE/(cm^2*s)]
# name 14 = turbWETntu0: Turbidity, WET Labs ECO [NTU]
# name 15 = sal00: Salinity, Practical [PSU]
# name 16 = sal11: Salinity, Practical, 2 [PSU]
# name 17 = secS-priS: Salinity, Practical, Difference, 2 - 1 [PSU]
# name 18 = sigma-t00: Density [sigma-t, Kg/m^3 ]
# name 19 = sigma-t11: Density, 2 [sigma-t, Kg/m^3 ]
# name 20 = depSM: Depth [salt water, m], lat = 0
# name 21 = depFM: Depth [true depth, m], lat = 0
# name 22 = dz/dtM: Descent Rate [m/s], WS = 2
# name 23 = svCM: Sound Velocity [Chen-Millero, m/s]
# name 24 = svCM1: Sound Velocity, 2 [Chen-Millero, m/s]
# name 25 = flag: flag
# span 0 =      28887,      33776       
# span 1 =      1.500,     83.500       
# span 2 =     5.8919,    11.9839       
# span 3 =     5.8895,    11.9851       
# span 4 =    -0.0248,     0.0216       
# span 5 =   0.870198,   1.998201       
# span 6 =   0.870184,   1.997573       
# span 7 =          1,          1       
# span 8 =    0.20311,    7.80757       
# span 9 =    0.20167,    7.83021       
# span 10 =       3.27,     115.67      
# span 11 =     0.2283,     1.3812      
# span 12 =     0.1487,     0.4185      
# span 13 = -3.269e-06, 4.8906e+01      
# span 14 =     0.1552,     0.5332      
# span 15 =     7.5684,    16.9755      
# span 16 =     7.5681,    16.9701      
# span 17 =    -0.0320,     0.0081      
# span 18 =     5.8620,    12.8612      
# span 19 =     5.8617,    12.8571      
# span 20 =      1.492,     83.024      
# span 21 =      1.519,     84.410      
# span 22 =     -0.129,      0.995      
# span 23 =    1441.57,    1474.24      
# span 24 =    1441.55,    1474.24      
# span 25 = 0.0000e+00, 0.0000e+00      
# interval = decibars: 0.5              
# start_time = Dec 06 2018 11:39:04 [System UTC, header]
# bad_flag = -9.990e-29
*END*
[from data line 56]
      30350     29.500     7.3991     7.4001     0.0009    0.89862    0.89861          1     7.6544     7.6558      32.82     0.9502     0.3136  2.682e-02  0.2520000     7.7854     7.7851    -0.0004     6.0175     6.0172     29.336     29.871      0.792    1446.89    1446.89  0.000e+00
      30368     30.000     7.4000     7.4012     0.0012    0.89869    0.89867          1     7.6534     7.6581      55.80     0.9448     0.3048  1.494e-02  0.2452000     7.7858     7.7853    -0.0004     6.0177     6.0173     29.833     30.377      0.580    1446.90    1446.91  0.000e+00
      30402     30.500     7.4004     7.4015     0.0011    0.89871    0.89870          1     7.6486     7.6568      77.50     0.9691     0.3134  7.434e-03  0.2533000     7.7858     7.7854    -0.0004     6.0177     6.0174     30.330     30.883      0.309    1446.91    1446.92  0.000e+00
      30435     31.000     7.4006     7.4019     0.0013    0.89872    0.89871          1     7.6479     7.6607      52.55     0.9392     0.3117  1.001e-03  0.2356000     7.7858     7.7854    -0.0004     6.0177     6.0173     30.827     31.389      0.554    1446.92    1446.92  0.000e+00
      30453     31.500     7.4010     7.4023     0.0013    0.89873    0.89872          1     7.6459     7.6615      68.06     0.9573     0.3249  2.897e-04  0.2354000     7.7857     7.7853    -0.0004     6.0176     6.0172     31.325     31.896      0.712    1446.93    1446.94  0.000e+00
      30469     32.000     7.4013     7.4028     0.0015    0.89876    0.89876          1     7.6433     7.6611      79.61     0.9601     0.3806 -3.269e-06  0.2358000     7.7858     7.7856    -0.0003     6.0177     6.0174     31.822     32.402      0.716    1446.94    1446.94  0.000e+00
      30487     32.500     7.4019     7.4032     0.0013    0.89880    0.89880          1     7.6426     7.6583      44.37     0.9495     0.3608  1.794e-12  0.2357000     7.7861     7.7857    -0.0004     6.0178     6.0175     32.319     32.908      0.597    1446.95    1446.95  0.000e+00
      30511     33.000     7.4017     7.4030     0.0013    0.89880    0.89880          1     7.6435     7.6534      41.26     0.9301     0.3413  1.000e-12  0.2355000     7.7861     7.7857    -0.0004     6.0178     6.0174     32.816     33.414      0.423    1446.96    1446.96  0.000e+00
      30544     33.500     7.4024     7.4032     0.0008    0.89885    0.89881          1     7.6439     7.6544      36.48     0.9556     0.3535  1.000e-12  0.2405000     7.7862     7.7857    -0.0005     6.0179     6.0174     33.313     33.920      0.370    1446.97    1446.97  0.000e+00
      30574     34.000     7.4027     7.4041     0.0014    0.89888    0.89888          1     7.6409     7.6558      78.56     0.9558     0.3234  1.000e-12  0.2432000     7.7864     7.7861    -0.0003     6.0180     6.0177     33.810     34.427      0.482    1446.98    1446.98  0.000e+00
      30595     34.500     7.4027     7.4041     0.0014    0.89887    0.89887          1     7.6373     7.6481      53.46     0.9451     0.3560  1.000e-12  0.2392000     7.7863     7.7859    -0.0003     6.0179     6.0175     34.308     34.933      0.652    1446.99    1446.99  0.000e+00
      30612     35.000     7.4026     7.4039     0.0012    0.89884    0.89884          1     7.6392     7.6474      81.16     0.9376     0.3527  1.000e-12  0.2500000     7.7859     7.7856    -0.0003     6.0177     6.0173     34.805     35.439      0.769    1446.99    1447.00  0.000e+00
      30626     35.500     7.3992     7.4002     0.0010    0.89858    0.89856          1     7.6416     7.6530      97.41     0.9588     0.3200  1.000e-12  0.2399000     7.7842     7.7839    -0.0003     6.0165     6.0162     35.302     35.945      0.795    1446.98    1446.99  0.000e+00
      30642     36.000     7.3980     7.3994     0.0014    0.89852    0.89851          1     7.6416     7.6580      97.45     0.9740     0.3353  1.000e-12  0.2361000     7.7838     7.7835    -0.0003     6.0163     6.0160     35.799     36.452      0.697    1446.99    1446.99  0.000e+00
      30664     36.500     7.3976     7.3989     0.0013    0.89850    0.89849          1     7.6372     7.6660      49.22     0.9297     0.3374  1.000e-12  0.2384000     7.7837     7.7834    -0.0004     6.0163     6.0159     36.296     36.958      0.432    1446.99    1447.00  0.000e+00
      30707     37.000     7.3979     7.3991     0.0012    0.89852    0.89851          1     7.6377     7.6570      39.70     0.9483     0.3121  1.000e-12  0.2219000     7.7838     7.7834    -0.0004     6.0163     6.0159     36.793     37.464      0.296    1447.00    1447.01  0.000e+00
      30735     37.500     7.3985     7.3997     0.0011    0.89856    0.89854          1     7.6419     7.6522      32.42     0.9895     0.3349  1.000e-12  0.2409000     7.7840     7.7835    -0.0005     6.0164     6.0160     37.291     37.970      0.675    1447.01    1447.02  0.000e+00
      30749     38.000     7.4011     7.4002    -0.0008    0.89873    0.89860          1     7.6426     7.6478      58.76     0.9853     0.2831  1.000e-12  0.2425000     7.7849     7.7838    -0.0011     6.0169     6.0162     37.788     38.476      0.845    1447.03    1447.03  0.000e+00
      30762     38.500     7.4016     7.4023     0.0007    0.89877    0.89874          1     7.6432     7.6557      33.92     0.9653     0.2657  1.000e-12  0.2476000     7.7851     7.7846    -0.0005     6.0171     6.0167     38.285     38.983      0.842    1447.04    1447.05  0.000e+00
      30778     39.000     7.4010     7.4021     0.0011    0.89875    0.89873          1     7.6402     7.6577      36.56     0.9549     0.3553  1.000e-12  0.2448000     7.7850     7.7845    -0.0004     6.0170     6.0166     38.782     39.489      0.661    1447.05    1447.05  0.000e+00
      30808     39.500     7.4005     7.4016     0.0011    0.89874    0.89872          1     7.6360     7.6492      48.05     0.9601     0.3335  1.000e-12  0.2343000     7.7849     7.7845    -0.0004     6.0170     6.0166     39.279     39.995      0.325    1447.06    1447.06  0.000e+00
      30847     40.000     7.4021     7.4031     0.0011    0.89885    0.89884          1     7.6282     7.6453      35.43     0.9900     0.2724  1.000e-12  0.2221000     7.7855     7.7852    -0.0004     6.0174     6.0170     39.776     40.501      0.528    1447.07    1447.07  0.000e+00
      30864     40.500     7.4040     7.4052     0.0012    0.89900    0.89898          1     7.6264     7.6435       3.27     0.9349     0.3212  1.000e-12  0.2349000     7.7864     7.7860    -0.0005     6.0179     6.0175     40.274     41.008      0.759    1447.09    1447.09  0.000e+00
      30878     41.000     7.4052     7.4060     0.0008    0.89908    0.89905          1     7.6225     7.6383      30.51     0.9387     0.3387  1.000e-12  0.2375000     7.7868     7.7864    -0.0004     6.0182     6.0178     40.771     41.514      0.800    1447.10    1447.11  0.000e+00
      30894     41.500     7.4108     7.4146     0.0038    0.89953    0.89973          1     7.6189     7.6287      45.11     0.9369     0.3495  1.000e-12  0.2414000     7.7898     7.7907     0.0010     6.0200     6.0205     41.268     42.020      0.684    1447.13    1447.15  0.000e+00
      30917     42.000     7.4214     7.4228     0.0014    0.90039    0.90040          1     7.6125     7.6198      40.11     0.9490     0.3126  1.000e-12  0.2459000     7.7953     7.7951    -0.0002     6.0236     6.0233     41.765     42.526      0.424    1447.19    1447.20  0.000e+00
      30954     42.500     7.4221     7.4232     0.0012    0.90052    0.90050          1     7.6099     7.6184      63.66     0.9566     0.3132  1.000e-12  0.2333000     7.7963     7.7958    -0.0004     6.0243     6.0239     42.262     43.032      0.356    1447.21    1447.21  0.000e+00
      30981     43.000     7.4206     7.4219     0.0013    0.90058    0.90055          1     7.6012     7.6154       9.24     0.9479     0.3117  1.000e-12  0.2376000     7.7971     7.7965    -0.0006     6.0251     6.0245     42.759     43.539      0.554    1447.21    1447.21  0.000e+00
      31000     43.500     7.4217     7.4230     0.0013    0.90080    0.90077          1     7.5951     7.6028      37.47     0.9158     0.3185  1.000e-12  0.2296000     7.7989     7.7982    -0.0006     6.0264     6.0258     43.256     44.045      0.692    1447.22    1447.23  0.000e+00
      31016     44.000     7.4186     7.4199     0.0013    0.90133    0.90131          1     7.5816     7.5820      44.31     0.9387     0.2890  1.000e-12  0.2356000     7.8044     7.8040    -0.0004     6.0309     6.0305     43.754     44.551      0.769    1447.23    1447.23  0.000e+00
      31031     44.500     7.4117     7.4131     0.0013    0.90175    0.90174          1     7.5566     7.5592      44.16     0.9272     0.3119  1.000e-12  0.2370000     7.8098     7.8094    -0.0004     6.0357     6.0353     44.251     45.057      0.746    1447.21    1447.22  0.000e+00
      31048     45.000     7.3954     7.3972     0.0018    0.90170    0.90170          1     7.5281     7.5415      43.71     0.8997     0.3612  1.000e-12  0.2401000     7.8130     7.8126    -0.0004     6.0394     6.0389     44.748     45.564      0.559    1447.16    1447.16  0.000e+00
      31084     45.500     7.3132     7.3348     0.0216    0.90056    0.90088          1     7.4254     7.4562      37.08     0.8628     0.3256  1.000e-12  0.2361000     7.8208     7.8189    -0.0018     6.0516     6.0485     45.245     46.070      0.284    1446.83    1446.92  0.000e+00
      31119     46.000     7.1398     7.1466     0.0066    0.89721    0.89737          1     7.1505     7.1690      48.78     0.8521     0.3358  1.000e-12  0.2303000     7.8285     7.8285    -0.0000     6.0701     6.0696     45.742     46.576      0.556    1446.13    1446.16  0.000e+00
      31136     46.500     6.8800     6.8660    -0.0133    0.89150    0.89109          1     6.9868     7.0075      84.40     0.7860     0.3101  1.000e-12  0.2280000     7.8336     7.8330    -0.0007     6.0921     6.0925     46.239     47.082      0.719    1445.06    1445.00  0.000e+00
      31152     47.000     6.6559     6.6574     0.0010    0.88650    0.88646          1     6.8540     6.8722      46.92     0.7388     0.2651  1.000e-12  0.2280000     7.8373     7.8365    -0.0007     6.1097     6.1091     46.737     47.588      0.757    1444.13    1444.13  0.000e+00
      31168     47.500     6.5206     6.5269     0.0064    0.88343    0.88354          1     6.7340     6.7487      82.68     0.6120     0.2505  1.000e-12  0.2137000     7.8389     7.8385    -0.0004     6.1196     6.1188     47.234     48.095      0.697    1443.56    1443.59  0.000e+00
      31187     48.000     6.4614     6.4682     0.0068    0.88301    0.88303          1     6.6935     6.7010      33.58     0.5636     0.2424  1.000e-12  0.2005000     7.8484     7.8470    -0.0014     6.1307     6.1292     47.731     48.601      0.559    1443.33    1443.36  0.000e+00
      31213     48.500     6.4077     6.4089     0.0012    0.88281    0.88275          1     6.6070     6.6211      18.51     0.5159     0.2591  1.000e-12  0.1952000     7.8587     7.8579    -0.0008     6.1421     6.1414     48.228     49.107      0.417    1443.13    1443.13  0.000e+00
      31243     49.000     6.4370     6.4373     0.0002    0.88750    0.88720          1     6.4642     6.4847      37.35     0.4927     0.2890  1.000e-12  0.1946000     7.8969     7.8939    -0.0030     6.1704     6.1680     48.725     49.613      0.460    1443.31    1443.30  0.000e+00
      31266     49.500     6.2068     6.2075     0.0009    0.89518    0.89453          1     6.1490     6.1472      37.43     0.4831     0.2838  1.000e-12  0.1884000     8.0243     8.0179    -0.0064     6.2845     6.2794     49.222     50.119      0.558    1442.50    1442.49  0.000e+00
      31286     50.000     6.1969     6.1979     0.0009    0.90661    0.90670          1     5.8183     5.7946      37.66     0.4465     0.3027  1.000e-12  0.1858000     8.1370     8.1376     0.0006     6.3738     6.3743     49.719     50.625      0.599    1442.60    1442.61  0.000e+00
      31306     50.500     6.0671     6.0687     0.0016    0.90813    0.90802          1     5.5637     5.5252      37.28     0.3899     0.2910  1.000e-12  0.1846000     8.1829     8.1814    -0.0014     6.4174     6.4162     50.216     51.131      0.592    1442.12    1442.12  0.000e+00
      31327     51.000     5.8919     5.8895    -0.0024    0.91943    0.91921          1     5.2929     5.2333      37.12     0.3461     0.2562  1.000e-12  0.1669000     8.3354     8.3338    -0.0016     6.5475     6.5464     50.714     51.637      0.562    1441.57    1441.55  0.000e+00
      31349     51.500     5.9879     5.9877    -0.0002    0.92934    0.92916          1     5.0946     5.0334      36.61     0.2918     0.2173  1.000e-12  0.1732000     8.4081     8.4065    -0.0017     6.5995     6.5982     51.211     52.143      0.541    1442.08    1442.07  0.000e+00
      31371     52.000     6.0438     6.0443     0.0004    0.93549    0.93538          1     5.0157     4.9832      36.26     0.2868     0.1810  1.000e-12  0.1735000     8.4541     8.4530    -0.0011     6.6326     6.6316     51.708     52.649      0.500    1442.38    1442.38  0.000e+00
      31397     52.500     6.0917     6.0909    -0.0008    0.94065    0.94051          1     4.9865     4.9851      35.71     0.2695     0.1850  1.000e-12  0.1828000     8.4922     8.4911    -0.0011     6.6598     6.6590     52.205     53.155      0.457    1442.64    1442.64  0.000e+00
      31423     53.000     6.1628     6.1620    -0.0009    0.94652    0.94641          1     4.9759     4.9858      35.05     0.3073     0.2192  1.000e-12  0.1709000     8.5314     8.5305    -0.0009     6.6865     6.6859     52.702     53.661      0.542    1443.00    1443.00  0.000e+00
      31443     53.500     6.2158     6.2160     0.0002    0.95178    0.95176          1     4.9617     4.9778      34.78     0.3042     0.2060  1.000e-12  0.1706000     8.5691     8.5688    -0.0003     6.7130     6.7128     53.199     54.167      0.595    1443.29    1443.29  0.000e+00
      31463     54.000     6.2168     6.2180     0.0012    0.95248    0.95247          1     4.9510     4.9762      34.19     0.2992     0.2401  1.000e-12  0.1769000     8.5755     8.5750    -0.0004     6.7180     6.7176     53.696     54.673      0.530    1443.31    1443.31  0.000e+00
      31489     54.500     6.2099     6.2110     0.0011    0.95288    0.95284          1     4.9329     4.9584      33.55     0.3213     0.1990  1.000e-12  0.1776000     8.5810     8.5804    -0.0006     6.7228     6.7223     54.193     55.178      0.443    1443.29    1443.30  0.000e+00
      31516     55.000     6.2552     6.2571     0.0019    0.95793    0.95797          1     4.8695     4.8974      33.02     0.3246     0.2061  1.000e-12  0.1777000     8.6185     8.6184    -0.0001     6.7496     6.7494     54.691     55.684      0.524    1443.54    1443.55  0.000e+00
      31536     55.500     6.3042     6.3017    -0.0024    0.96225    0.96203          1     4.8251     4.8458      32.60     0.2966     0.2238  1.000e-12  0.1867000     8.6478     8.6463    -0.0015     6.7696     6.7686     55.188     56.190      0.663    1443.79    1443.78  0.000e+00
      31552     56.000     6.3923     6.3904    -0.0019    0.96899    0.96880          1     4.7968     4.8051      32.16     0.3204     0.2334  1.000e-12  0.1802000     8.6906     8.6892    -0.0013     6.7978     6.7969     55.685     56.696      0.690    1444.23    1444.22  0.000e+00
      31571     56.500     6.5417     6.5335    -0.0082    0.97897    0.97862          1     4.7876     4.7889      31.60     0.2973     0.2446  1.000e-12  0.1758000     8.7486     8.7472    -0.0013     6.8338     6.8333     56.182     57.202      0.565    1444.94    1444.90  0.000e+00
