ctdpy/tests/etc/SHARK_CTD_2018_BAS_SMHI/received_data/SBE09_1044_20181206_1139_34_01_0157.cnv
* Sea-Bird SBE 9 Data File:
* FileName = C:\ctd\temp\ar18d157.hex
* Software Version Seasave V 7.26.7.107
* Temperature SN = 5351
* Conductivity SN = 3941
* Number of Bytes Per Scan = 30
* Number of Voltage Words = 4
* Number of Scans Averaged by the Deck Unit = 1
* NMEA baud rate = 4800
* NMEA Latitude = 55 15.01 N
* NMEA Longitude = 15 59.059 E
* NMEA UTC (Time) = Dec 06 2018  11:39:04
** Station:  BY5
** Operator:  JKro
** Ship: ARANDA
** Average sound velocity: 1452.96 m/s
** True-depth calculation Sun, 09 Dec 2018 14:43:50 +0000
** CTD Python Module SMHI /ver 3-12/ feb 2012 
** LIMS Job: 20183401-0157
** Cruise: SMHI-7-2018
** Latitude [GG MM.mm N]: 55 15.010
** Longitude [GG MM.mm E] 15 59.059
# nquan = 26
# nvalues = 165                         
# units = specified
# name 0 = scan: Scan Count
# name 1 = prDM: Pressure, Digiquartz [db]
# name 2 = t090C: Temperature [ITS-90, deg C]
# name 3 = t190C: Temperature, 2 [ITS-90, deg C]
# name 4 = T2-T190C: Temperature Difference, 2 - 1 [ITS-90, deg C]
# name 5 = c0S/m: Conductivity [S/m]
# name 6 = c1S/m: Conductivity, 2 [S/m]
# name 7 = pumps: Pump Status
# name 8 = sbeox0ML/L: Oxygen, SBE 43 [ml/l]
# name 9 = sbeox1ML/L: Oxygen, SBE 43, 2 [ml/l]
# name 10 = altM: Altimeter [m]
# name 11 = flECO-AFL: Chl-a Fluorescence, WET Labs ECO-AFL/FL [mg/m^3]
# name 12 = flECO-AFL1: Phycocyanin Fluorescence, WET Labs ECO-AFL/FL, 2 [mg/m^3]
# name 13 = par: PAR/Irradiance, Biospherical/Lico [µE/(cm^2*s)]
# name 14 = turbWETntu0: Turbidity, WET Labs ECO [NTU]
# name 15 = sal00: Salinity, Practical [PSU]
# name 16 = sal11: Salinity, Practical, 2 [PSU]
# name 17 = secS-priS: Salinity, Practical, Difference, 2 - 1 [PSU]
# name 18 = sigma-t00: Density [sigma-t, Kg/m^3 ]
# name 19 = sigma-t11: Density, 2 [sigma-t, Kg/m^3 ]
# name 20 = depSM: Depth [salt water, m], lat = 0
# name 21 = depFM: Depth [true depth, m], lat = 0
# name 22 = dz/dtM: Descent Rate [m/s], WS = 2
# name 23 = svCM: Sound Velocity [Chen-Millero, m/s]
# name 24 = svCM1: Sound Velocity, 2 [Chen-Millero, m/s]
# name 25 = flag: flag
# span 0 =      28887,      33776       
# span 1 =      1.500,     83.500       
# span 2 =     5.8919,    11.9839       
# span 3 =     5.8895,    11.9851       
# span 4 =    -0.0248,     0.0216       
# span 5 =   0.870198,   1.998201       
# span 6 =   0.870184,   1.997573       
# span 7 =          1,          1       
# span 8 =    0.20311,    7.80757       
# span 9 =    0.20167,    7.83021       
# span 10 =       3.27,     115.67      
# span 11 =     0.2283,     1.3812      
# span 12 =     0.1487,     0.4185      
# span 13 = -3.269e-06, 4.8906e+01      
# span 14 =     0.1552,     0.5332      
# span 15 =     7.5684,    16.9755      
# span 16 =     7.5681,    16.9701      
# span 17 =    -0.0320,     0.0081      
# span 18 =     5.8620,    12.8612      
# span 19 =     5.8617,    12.8571      
# span 20 =      1.492,     83.024      
# span 21 =      1.519,     84.410      
# span 22 =     -0.129,      0.995      
# span 23 =    1441.57,    1474.24      
# span 24 =    1441.55,    1474.24      
# span 25 = 0.0000e+00, 0.0000e+00      
# interval = decibars: 0.5              
# start_time = Dec 06 2018 11:39:04 [System UTC, header]
# bad_flag = -9.990e-29
*END*
[from data line 112]
      31634     57.500     7.3700     7.3591    -0.0109    1.05405    1.05295          1     4.5823     4.5746      30.31     0.3282     0.1797  1.000e-12  0.1915000     9.2489     9.2415    -0.0075     7.1674     7.1624     57.176     58.213      0.421    1449.04    1448.98  0.000e+00
      31658     58.000     7.8286     7.8209    -0.0078    1.10478    1.10474          1     4.4947     4.4514      14.49     0.3060     0.2265  1.000e-12  0.1867000     9.6030     9.6047     0.0017     7.4075     7.4094     57.673     58.719      0.596    1451.37    1451.34  0.000e+00
      31676     58.500     8.3252     8.3200    -0.0052    1.18832    1.18761          1     4.1859     4.1179      15.69     0.3187     0.2728  1.000e-12  0.1972000    10.2431    10.2380    -0.0051     7.8635     7.8601     58.170     59.224      0.726    1454.18    1454.15  0.000e+00
      31691     59.000     8.9117     8.8867    -0.0248    1.28216    1.27786          1     3.7272     3.6286      28.76     0.3152     0.2719  1.000e-12  0.2038000    10.9382    10.9062    -0.0320     8.3486     8.3262     58.668     59.729      0.765    1457.38    1457.25  0.000e+00
      31707     59.500     9.2598     9.2494    -0.0104    1.36590    1.36389          1     3.2440     3.1154      28.45     0.2973     0.2665  1.000e-12  0.2226000    11.6005    11.5854    -0.0151     8.8280     8.8174     59.165     60.234      0.700    1459.57    1459.51  0.000e+00
      31727     60.000     9.2388     9.2435     0.0046    1.37641    1.37641          1     2.8519     2.7357      27.93     0.2773     0.1823  1.000e-12  0.2000000    11.7042    11.7027    -0.0016     8.9111     8.9094     59.662     60.739      0.513    1459.63    1459.64  0.000e+00
      31759     60.500     9.1804     9.1801    -0.0003    1.37737    1.37730          1     2.7167     2.6745      27.29     0.2725     0.2035  1.000e-12  0.2130000    11.7321    11.7315    -0.0006     8.9391     8.9387     60.159     61.244      0.351    1459.44    1459.44  0.000e+00
      31790     61.000     9.2658     9.2647    -0.0011    1.38753    1.38735          1     2.7861     2.7943      26.75     0.2714     0.2366  1.000e-12  0.2168000    11.7977    11.7964    -0.0013     8.9809     8.9800     60.656     61.749      0.534    1459.86    1459.86  0.000e+00
      31808     61.500     9.3089     9.3062    -0.0027    1.39688    1.39651          1     2.8122     2.8270      26.32     0.2485     0.2426  1.000e-12  0.2171000    11.8695    11.8670    -0.0025     9.0321     9.0305     61.153     62.253      0.668    1460.13    1460.11  0.000e+00
      31825     62.000     9.3629     9.3638     0.0008    1.40359    1.40351          1     2.8056     2.8172      25.95     0.2569     0.1987  1.000e-12  0.2064000    11.9132    11.9121    -0.0011     9.0602     9.0593     61.650     62.758      0.663    1460.40    1460.40  0.000e+00
      31845     62.500     9.4714     9.4677    -0.0037    1.41300    1.41263          1     2.8383     2.8490      25.39     0.2623     0.1624  1.000e-12  0.2005000    11.9634    11.9613    -0.0021     9.0872     9.0859     62.147     63.263      0.561    1460.89    1460.87  0.000e+00
      31869     63.000     9.7334     9.7217    -0.0116    1.43782    1.43672          1     2.9867     3.0169      24.77     0.2636     0.1710  1.000e-12  0.2020000    12.1029    12.0968    -0.0061     9.1657     9.1623     62.644     63.768      0.468    1462.08    1462.03  0.000e+00
      31895     63.500    10.2264    10.2242    -0.0022    1.49631    1.49575          1     2.9913     3.0113      24.23     0.2632     0.2303  1.000e-12  0.1941000    12.4674    12.4630    -0.0043     9.3902     9.3871     63.141     64.272      0.485    1464.43    1464.42  0.000e+00
      31919     64.000    10.3167    10.3156    -0.0011    1.51820    1.51792          1     3.1449     3.1934      23.75     0.2613     0.2369  1.000e-12  0.1960000    12.6338    12.6317    -0.0021     9.5082     9.5067     63.639     64.777      0.483    1464.98    1464.98  0.000e+00
      31945     64.500    10.6780    10.6810     0.0031    1.56239    1.56242          1     3.5499     3.6447      23.25     0.2421     0.2059  1.000e-12  0.1859000    12.9053    12.9045    -0.0008     9.6730     9.6720     64.136     65.281      0.470    1466.68    1466.70  0.000e+00
      31969     65.000    11.1746    11.1730    -0.0018    1.61247    1.61184          1     3.6516     3.6989      22.71     0.2494     0.1822  1.000e-12  0.1855000    13.1765    13.1714    -0.0050     9.8173     9.8136     64.633     65.785      0.552    1468.88    1468.87  0.000e+00
      31989     65.500    11.2057    11.2093     0.0035    1.63294    1.63260          1     3.2679     3.2218      22.22     0.2383     0.2074  1.000e-12  0.1799000    13.3471    13.3428    -0.0043     9.9452     9.9414     65.130     66.290      0.648    1469.21    1469.22  0.000e+00
      32007     66.000    11.2948    11.2863    -0.0084    1.66803    1.66630          1     2.8547     2.7627      21.88     0.2486     0.2519  1.000e-12  0.1880000    13.6260    13.6138    -0.0122    10.1487    10.1405     65.627     66.794      0.687    1469.88    1469.83  0.000e+00
      32024     66.500    11.4312    11.4254    -0.0058    1.71627    1.71451          1     2.6110     2.5252      21.31     0.2488     0.2519  1.000e-12  0.1872000    14.0035    13.9900    -0.0135    10.4218    10.4122     66.124     67.298      0.645    1470.84    1470.81  0.000e+00
      32045     67.000    11.6044    11.5935    -0.0108    1.75745    1.75618          1     2.6156     2.5778      20.80     0.2471     0.2248  1.000e-12  0.1795000    14.3025    14.2955    -0.0070    10.6283    10.6245     66.621     67.802      0.528    1471.85    1471.80  0.000e+00
      32071     67.500    11.8386    11.8344    -0.0042    1.78867    1.78817          1     2.7228     2.7309      20.11     0.2380     0.2371  1.000e-12  0.1753000    14.4881    14.4854    -0.0027    10.7379    10.7364     67.118     68.306      0.421    1472.93    1472.91  0.000e+00
      32101     68.000    11.9320    11.9320    -0.0001    1.81082    1.81050          1     2.5313     2.5238      19.57     0.2393     0.2085  1.000e-12  0.1758000    14.6469    14.6441    -0.0028    10.8468    10.8447     67.615     68.810      0.418    1473.47    1473.47  0.000e+00
      32128     68.500    11.9839    11.9851     0.0011    1.83233    1.83197          1     2.3670     2.3493      19.09     0.2353     0.1849  1.000e-12  0.1639000    14.8158    14.8122    -0.0036    10.9696    10.9666     68.112     69.313      0.503    1473.87    1473.87  0.000e+00
      32149     69.000    11.8338    11.8328    -0.0009    1.83821    1.83759          1     2.3268     2.3199      18.61     0.2283     0.2076  1.000e-12  0.1556000    14.9272    14.9221    -0.0051    11.0778    11.0740     68.609     69.817      0.635    1473.46    1473.45  0.000e+00
      32166     69.500    11.8273    11.8323     0.0049    1.85689    1.85653          1     2.1862     2.1679      17.70     0.2295     0.2071  1.000e-12  0.1552000    15.0950    15.0898    -0.0052    11.2084    11.2036     69.107     70.321      0.707    1473.65    1473.66  0.000e+00
      32183     70.000    11.6164    11.6241     0.0077    1.86145    1.86101          1     1.9690     1.9276      17.36     0.2584     0.2122  1.000e-12  0.1636000    15.2211    15.2140    -0.0070    11.3367    11.3301     69.604     70.824      0.679    1473.03    1473.05  0.000e+00
      32202     70.500    11.5956    11.5942    -0.0014    1.87706    1.87660          1     1.9391     1.9175      16.87     0.2706     0.2216  1.000e-12  0.1710000    15.3686    15.3650    -0.0036    11.4537    11.4512     70.101     71.328      0.548    1473.14    1473.13  0.000e+00
      32229     71.000    11.7264    11.7239    -0.0025    1.89803    1.89764          1     2.2661     2.3147      16.34     0.2523     0.2113  1.000e-12  0.1823000    15.5011    15.4987    -0.0024    11.5370    11.5355     70.598     71.831      0.411    1473.79    1473.77  0.000e+00
      32258     71.500    11.8161    11.8189     0.0029    1.91299    1.91310          1     2.3555     2.3891      15.85     0.2535     0.1730  1.000e-12  0.1900000    15.5968    15.5966    -0.0002    11.5977    11.5971     71.095     72.335      0.482    1474.24    1474.24  0.000e+00
      32280     72.000    11.6406    11.6435     0.0028    1.90609    1.90620          1     2.1370     2.1251      15.49     0.2629     0.1627  1.000e-12  0.1955000    15.6086    15.6084    -0.0002    11.6327    11.6321     71.592     72.838      0.575    1473.62    1473.63  0.000e+00
      32300     72.500    11.5726    11.5748     0.0022    1.90403    1.90406          1     1.9774     1.9598      15.02     0.2696     0.2435  1.000e-12  0.2068000    15.6185    15.6180    -0.0006    11.6503    11.6495     72.089     73.342      0.567    1473.39    1473.40  0.000e+00
      32323     73.000    11.4634    11.4680     0.0047    1.89990    1.90004          1     1.7892     1.7697      14.47     0.2826     0.2702  1.000e-12  0.2228000    15.6273    15.6266    -0.0007    11.6729    11.6717     72.586     73.845      0.480    1473.01    1473.02  0.000e+00
      32350     73.500    11.2639    11.2673     0.0034    1.89561    1.89566          1     1.4764     1.4428      13.93     0.2788     0.2198  1.000e-12  0.2294000    15.6728    15.6718    -0.0010    11.7367    11.7354     73.083     74.348      0.475    1472.34    1472.35  0.000e+00
      32373     74.000    11.0701    11.0729     0.0028    1.89452    1.89457          1     1.2098     1.1756      13.48     0.2600     0.2227  1.000e-12  0.2304000    15.7451    15.7444    -0.0007    11.8200    11.8191     73.580     74.852      0.644    1471.71    1471.72  0.000e+00
      32389     74.500    10.9953    10.9986     0.0032    1.89518    1.89513          1     0.9772     0.9334      13.11     0.2496     0.2296  1.000e-12  0.2192000    15.7829    15.7811    -0.0019    11.8598    11.8579     74.077     75.355      0.764    1471.49    1471.50  0.000e+00
      32404     75.000    10.9721    10.9719    -0.0002    1.90189    1.90157          1     0.8293     0.7844      12.64     0.2489     0.2218  1.000e-12  0.2190000    15.8536    15.8509    -0.0027    11.9178    11.9157     74.574     75.858      0.744    1471.50    1471.50  0.000e+00
      32422     75.500    11.0352    11.0318    -0.0035    1.91640    1.91584          1     0.8906     0.8950      12.14     0.2596     0.2270  1.000e-12  0.2460000    15.9581    15.9545    -0.0036    11.9898    11.9875     75.071     76.362      0.525    1471.87    1471.85  0.000e+00
      32468     76.000    11.1502    11.1399    -0.0103    1.93426    1.93219          1     1.1033     1.1819      11.29     0.2650     0.2382  1.000e-12  0.2297000    16.0702    16.0559    -0.0143    12.0604    12.0508     75.569     76.865      0.310    1472.43    1472.38  0.000e+00
      32500     76.500    11.1774    11.1793     0.0020    1.94483    1.94476          1     1.1513     1.1846      10.31     0.2736     0.2339  1.000e-12  0.2301000    16.1539    16.1524    -0.0015    12.1214    12.1199     76.066     77.368      0.704    1472.64    1472.65  0.000e+00
      32514     77.000    11.0663    11.0741     0.0077    1.94136    1.94133          1     1.0934     1.1016      10.25     0.2569     0.2312  1.000e-12  0.2258000    16.1709    16.1672    -0.0037    12.1503    12.1463     76.563     77.871      0.927    1472.26    1472.28  0.000e+00
      32525     77.500    11.0454    11.0448    -0.0005    1.95189    1.95144          1     1.0210     1.0156       9.98     0.2478     0.1870  1.000e-12  0.2233000    16.2757    16.2718    -0.0039    12.2343    12.2314     77.060     78.374      0.995    1472.32    1472.31  0.000e+00
      32537     78.000    11.0249    11.0272     0.0024    1.96150    1.96105          1     0.9603     0.9551       9.73     0.2659     0.1487  1.000e-12  0.2297000    16.3721    16.3670    -0.0051    12.3119    12.3076     77.557     78.877      0.904    1472.37    1472.37  0.000e+00
      32562     78.500    10.9070    10.9075     0.0001    1.96389    1.96398          1     0.9256     0.9296       9.04     0.2806     0.1924  1.000e-12  0.2363000    16.4463    16.4468     0.0005    12.3859    12.3862     78.054     79.380      0.547    1472.02    1472.03  0.000e+00
      32652     79.000    10.7735    10.7764     0.0029    1.96549    1.96562          1     0.8172     0.8327       7.89     0.2963     0.1814  1.000e-12  0.2481000    16.5205    16.5204    -0.0001    12.4620    12.4616     78.551     79.883      0.574    1471.63    1471.64  0.000e+00
      32666     79.500    10.5949    10.6127     0.0177    1.95940    1.96024          1     0.6877     0.6906       7.66     0.2846     0.2214  1.000e-12  0.2688000    16.5449    16.5445    -0.0003    12.5054    12.5028     79.048     80.386      0.731    1471.00    1471.06  0.000e+00
      32682     80.000    10.3942    10.3988     0.0046    1.95443    1.95424          1     0.5366     0.5187       7.22     0.2733     0.2004  1.000e-12  0.2867000    16.5897    16.5858    -0.0039    12.5674    12.5638     79.545     80.889      0.659    1470.31    1470.32  0.000e+00
      32736     80.500    10.3455    10.3456     0.0000    1.95720    1.95722          1     0.4432     0.4239       6.50     0.2687     0.1932  1.000e-12  0.3263000    16.6374    16.6375     0.0002    12.6110    12.6110     80.042     81.392      0.444    1470.19    1470.19  0.000e+00
      32813     81.000    10.3123    10.3134     0.0011    1.95921    1.95918          1     0.4330     0.4594       6.07     0.2854     0.2139  1.000e-12  0.3384000    16.6711    16.6704    -0.0007    12.6415    12.6408     80.539     81.895      0.711    1470.12    1470.12  0.000e+00
      32830     81.500    10.2973    10.2987     0.0014    1.96024    1.96027          1     0.4242     0.4436       5.78     0.2859     0.2082  1.000e-12  0.3619000    16.6874    16.6870    -0.0003    12.6562    12.6557     81.036     82.398      0.583    1470.09    1470.09  0.000e+00
      32912     82.000    10.3155    10.3169     0.0014    1.96558    1.96548          1     0.3292     0.3389       5.03     0.2861     0.1932  1.000e-12  0.3787000    16.7285    16.7269    -0.0016    12.6856    12.6842     81.533     82.901      0.414    1470.21    1470.22  0.000e+00
      32961     82.500    10.3489    10.3502     0.0013    1.97210    1.97207          1     0.2031     0.2017       4.58     0.2842     0.1810  1.000e-12  0.3888000    16.7736    16.7727    -0.0008    12.7162    12.7153     82.030     83.404      0.522    1470.40    1470.40  0.000e+00
      33119     83.000    10.3027    10.2906    -0.0121    1.97781    1.97661          1     0.2391     0.2525       4.08     0.2758     0.2177  1.000e-12  0.4971000    16.8477    16.8422    -0.0055    12.7799    12.7772     82.527     83.907      0.260    1470.32    1470.27  0.000e+00
      33776     83.500    10.4356    10.4347    -0.0009    1.99820    1.99757          1     0.4360     0.4564       3.50     0.2560     0.2367  1.000e-12  0.5332000    16.9755    16.9701    -0.0054    12.8612    12.8571     83.024     84.410     -0.129    1470.99    1470.98  0.000e+00
