ctdpy/tests/etc/SHARK_CTD_2018_BAS_SMHI/received_data/SBE09_1044_20181205_1536_34_01_0154.cnv
* Sea-Bird SBE 9 Data File:
* FileName = C:\ctd\temp\ar18d154.hex
* Software Version Seasave V 7.26.7.107
* Temperature SN = 5351
* Conductivity SN = 3941
* Number of Bytes Per Scan = 41
* Number of Voltage Words = 4
* Number of Scans Averaged by the Deck Unit = 1
* NMEA Latitude = 57 18.72 N
* NMEA Longitude = 020 04.60 E
* NMEA UTC (Time) = Dec 05 2018  15:36:13
* NMEA baud rate = 4800
** Station:  BY15
** Operator:  ASkj
** Ship: ARANDA
** Average sound velocity: 1447.50 m/s
** True-depth calculation Sun, 09 Dec 2018 14:41:05 +0000
** CTD Python Module SMHI /ver 3-12/ feb 2012 
** LIMS Job: 20183401-0154
** Cruise: SMHI-7-2018
** Latitude [GG MM.mm N]:
** Longitude [GG MM.mm E]
# nquan = 26
# nvalues = 462                         
# units = specified
# name 0 = scan: Scan Count
# name 1 = prDM: Pressure, Digiquartz [db]
# name 2 = t090C: Temperature [ITS-90, deg C]
# name 3 = t190C: Temperature, 2 [ITS-90, deg C]
# name 4 = T2-T190C: Temperature Difference, 2 - 1 [ITS-90, deg C]
# name 5 = c0S/m: Conductivity [S/m]
# name 6 = c1S/m: Conductivity, 2 [S/m]
# name 7 = pumps: Pump Status
# name 8 = sbeox0ML/L: Oxygen, SBE 43 [ml/l]
# name 9 = sbeox1ML/L: Oxygen, SBE 43, 2 [ml/l]
# name 10 = altM: Altimeter [m]
# name 11 = flECO-AFL: Chl-a Fluorescence, WET Labs ECO-AFL/FL [mg/m^3]
# name 12 = flECO-AFL1: Phycocyanin Fluorescence, WET Labs ECO-AFL/FL, 2 [mg/m^3]
# name 13 = par: PAR/Irradiance, Biospherical/Lico [µE/(cm^2*s)]
# name 14 = turbWETntu0: Turbidity, WET Labs ECO [NTU]
# name 15 = sal00: Salinity, Practical [PSU]
# name 16 = sal11: Salinity, Practical, 2 [PSU]
# name 17 = secS-priS: Salinity, Practical, Difference, 2 - 1 [PSU]
# name 18 = sigma-t00: Density [sigma-t, Kg/m^3 ]
# name 19 = sigma-t11: Density, 2 [sigma-t, Kg/m^3 ]
# name 20 = depSM: Depth [salt water, m], lat = 57.312
# name 21 = depFM: Depth [true depth, m], lat = 57.312
# name 22 = dz/dtM: Descent Rate [m/s], WS = 2
# name 23 = svCM: Sound Velocity [Chen-Millero, m/s]
# name 24 = svCM1: Sound Velocity, 2 [Chen-Millero, m/s]
# name 25 = flag: flag
# span 0 =       7702,      18700       
# span 1 =      2.000,    232.500       
# span 2 =     3.8766,     6.8890       
# span 3 =     3.8760,     6.8897       
# span 4 =    -0.1081,     0.1363       
# span 5 =   0.801969,   1.448173       
# span 6 =   0.802124,   1.448077       
# span 7 =          1,          1       
# span 8 =    0.02332,    7.92065       
# span 9 =    1.43765,    9.55708       
# span 10 =       5.29,     100.35      
# span 11 =     0.2274,     0.5978      
# span 12 =     0.1344,     0.3272      
# span 13 = 1.0000e-12, 1.1852e-01      
# span 14 =     0.1323,     0.7090      
# span 15 =     7.2207,    13.1861      
# span 16 =     7.2205,    13.1849      
# span 17 =    -0.1336,     0.2020      
# span 18 =     5.6500,    10.2938      
# span 19 =     5.6498,    10.2928      
# span 20 =      1.982,    230.229      
# span 21 =      2.026,    234.846      
# span 22 =      0.005,      1.585      
# span 23 =    1432.06,    1454.77      
# span 24 =    1432.05,    1454.77      
# span 25 = 0.0000e+00, 0.0000e+00      
# interval = decibars: 0.5              
# start_time = Dec 05 2018 15:36:14 [NMEA time, first data scan]
# bad_flag = -9.990e-29
*END*
[from data line 112]
      10547     58.000     6.0642     6.0634    -0.0007    0.81208    0.81207          1     7.7427     5.5639      97.95     0.4751     0.2342  1.000e-12  0.2211000     7.2556     7.2556     0.0001     5.6867     5.6868     57.458     58.743      0.682    1441.05    1441.05  0.000e+00
      10577     58.500     6.0669     6.0646    -0.0023    0.81213    0.81211          1     7.7542     5.5813      98.04     0.4801     0.3016  1.000e-12  0.2165000     7.2554     7.2557     0.0003     5.6864     5.6868     57.953     59.249      0.350    1441.07    1441.06  0.000e+00
      10645     59.000     5.9813     6.0079     0.0264    0.81201    0.81206          1     7.6909     5.7391      75.17     0.4761     0.2014  1.000e-12  0.2157000     7.2725     7.2673    -0.0052     5.7045     5.6990     58.448     59.756      0.498    1440.73    1440.84  0.000e+00
      10658     59.500     5.7405     5.7879     0.0469    0.81139    0.81156          1     7.5387     5.7916      94.21     0.5119     0.2306  1.000e-12  0.2096000     7.3184     7.3098    -0.0086     5.7531     5.7439     58.944     60.262      0.856    1439.76    1439.95  0.000e+00
      10670     60.000     5.4138     5.4308     0.0177    0.81008    0.81012          1     7.3024     5.7688      98.18     0.5066     0.2793  1.000e-12  0.2085000     7.3769     7.3735    -0.0033     5.8149     5.8115     59.439     60.769      1.014    1438.43    1438.50  0.000e+00
      10681     60.500     5.3198     5.3277     0.0078    0.80975    0.80978          1     7.0968     5.7504      98.02     0.4174     0.2718  1.000e-12  0.2106000     7.3943     7.3928    -0.0014     5.8328     5.8314     59.934     61.275      1.055    1438.05    1438.08  0.000e+00
      10692     61.000     5.2763     5.2804     0.0046    0.80999    0.80995          1     6.9443     5.7566      98.09     0.4170     0.2340  1.000e-12  0.2103000     7.4062     7.4050    -0.0012     5.8442     5.8430     60.429     61.781      0.975    1437.88    1437.90  0.000e+00
      10706     61.500     4.8681     4.9139     0.0449    0.80739    0.80770          1     6.7984     5.8002      98.02     0.3986     0.2279  1.000e-12  0.2149000     7.4717     7.4644    -0.0072     5.9121     5.9047     60.924     62.288      0.747    1436.18    1436.37  0.000e+00
      10734     62.000     4.2329     4.2697     0.0369    0.80285    0.80297          1     6.4872     5.8077      90.82     0.3189     0.2088  1.000e-12  0.1918000     7.5706     7.5634    -0.0073     6.0117     6.0049     61.420     62.794      0.343    1433.49    1433.65  0.000e+00
      10779     62.500     3.9212     3.9995     0.0782    0.80197    0.80212          1     6.1888     5.7451      86.93     0.2756     0.2224  1.000e-12  0.1796000     7.6337     7.6171    -0.0166     6.0704     6.0552     61.915     63.300      0.364    1432.18    1432.51  0.000e+00
      10804     63.000     3.8776     3.8760    -0.0015    0.80571    0.80547          1     6.0280     5.7034      98.08     0.2597     0.2071  1.000e-12  0.1730000     7.6822     7.6802    -0.0021     6.1100     6.1084     62.410     63.806      0.514    1432.06    1432.05  0.000e+00
      10826     63.500     3.8766     3.8777     0.0011    0.80993    0.80960          1     5.8474     5.6496      98.07     0.2432     0.2335  1.000e-12  0.1696000     7.7256     7.7220    -0.0036     6.1445     6.1416     62.905     64.312      0.533    1432.12    1432.12  0.000e+00
      10849     64.000     3.8814     3.8825     0.0012    0.81741    0.81712          1     5.6221     5.5966      98.05     0.2476     0.1902  1.000e-12  0.1708000     7.8011     7.7978    -0.0032     6.2044     6.2017     63.401     64.818      0.564    1432.24    1432.24  0.000e+00
      10869     64.500     3.8907     3.8912     0.0005    0.82442    0.82410          1     5.3916     5.5590      66.66     0.2274     0.1842  1.000e-12  0.1614000     7.8707     7.8673    -0.0034     6.2595     6.2567     63.896     65.325      0.656    1432.38    1432.38  0.000e+00
      10886     65.000     3.9242     3.9219    -0.0023    0.82832    0.82803          1     5.1688     5.5286      81.63     0.2431     0.1926  1.000e-12  0.1567000     7.9026     7.9001    -0.0025     6.2840     6.2821     64.391     65.831      0.716    1432.58    1432.57  0.000e+00
      10902     65.500     3.9919     3.9919    -0.0000    0.83484    0.83471          1     4.9537     5.4926      97.83     0.2433     0.1789  1.000e-12  0.1514000     7.9529     7.9516    -0.0013     6.3222     6.3211     64.886     66.337      0.675    1432.96    1432.96  0.000e+00
      10922     66.000     4.0143     4.0155     0.0012    0.83880    0.83873          1     4.7454     5.4435      98.04     0.2479     0.1947  1.000e-12  0.1436000     7.9879     7.9869    -0.0010     6.3494     6.3486     65.382     66.843      0.503    1433.11    1433.12  0.000e+00
      10954     66.500     4.0465     4.0406    -0.0058    0.84371    0.84279          1     4.5600     5.3761      98.03     0.2647     0.1871  1.000e-12  0.1460000     8.0302     8.0222    -0.0080     6.3821     6.3760     65.877     67.349      0.371    1433.32    1433.28  0.000e+00
      10982     67.000     4.1113     4.1067    -0.0046    0.84947    0.84898          1     4.3932     5.3129      69.17     0.2529     0.2034  1.000e-12  0.1522000     8.0732     8.0693    -0.0039     6.4145     6.4115     66.372     67.855      0.533    1433.67    1433.65  0.000e+00
      11002     67.500     4.1980     4.1949    -0.0029    0.86236    0.86164          1     4.1868     5.2669      81.44     0.2456     0.2156  1.000e-12  0.1502000     8.1832     8.1767    -0.0065     6.4993     6.4942     66.867     68.361      0.584    1434.21    1434.19  0.000e+00
      11024     68.000     4.2041     4.2049     0.0008    0.86893    0.86857          1     3.9239     5.2078      97.59     0.2503     0.2024  1.000e-12  0.1460000     8.2487     8.2448    -0.0039     6.5511     6.5480     67.363     68.867      0.490    1434.33    1434.33  0.000e+00
      11052     68.500     4.2256     4.2266     0.0009    0.87771    0.87748          1     3.6108     5.1376      97.70     0.2605     0.1911  1.000e-12  0.1706000     8.3329     8.3303    -0.0025     6.6172     6.6152     67.858     69.373      0.461    1434.54    1434.54  0.000e+00
      11075     69.000     4.2590     4.2589    -0.0001    0.88608    0.88590          1     3.3724     5.0849      98.03     0.2603     0.2227  1.000e-12  0.1610000     8.4097     8.4079    -0.0018     6.6772     6.6757     68.353     69.879      0.631    1434.80    1434.80  0.000e+00
      11091     69.500     4.2972     4.2962    -0.0010    0.89186    0.89153          1     3.1867     5.0458      62.91     0.2603     0.2638  1.000e-12  0.1555000     8.4588     8.4558    -0.0031     6.7149     6.7125     68.848     70.385      0.733    1435.04    1435.03  0.000e+00
      11107     70.000     4.3647     4.3646    -0.0001    0.90148    0.90127          1     3.0057     5.0089      36.90     0.2654     0.2357  1.000e-12  0.1563000     8.5395     8.5374    -0.0021     6.7767     6.7750     69.343     70.890      0.704    1435.45    1435.45  0.000e+00
      11126     70.500     4.3846     4.3860     0.0015    0.90496    0.90492          1     2.8244     4.9494      94.31     0.2668     0.2065  1.000e-12  0.1553000     8.5698     8.5690    -0.0008     6.8000     6.7994     69.839     71.396      0.512    1435.59    1435.59  0.000e+00
      11162     71.000     4.3918     4.3862    -0.0056    0.90676    0.90532          1     2.6662     4.8331      98.04     0.2557     0.2361  1.000e-12  0.1456000     8.5862     8.5729    -0.0133     6.8128     6.8024     70.334     71.902      0.299    1435.65    1435.61  0.000e+00
      11196     71.500     4.4355     4.4328    -0.0027    0.91452    0.91413          1     2.4962     4.7249      98.04     0.2655     0.2078  1.000e-12  0.1490000     8.6537     8.6504    -0.0033     6.8648     6.8623     70.829     72.408      0.521    1435.94    1435.92  0.000e+00
      11215     72.000     4.5104     4.5117     0.0014    0.92665    0.92662          1     2.2326     4.6581      53.28     0.2823     0.2053  1.000e-12  0.1537000     8.7573     8.7567    -0.0006     6.9443     6.9437     71.324     72.914      0.682    1436.41    1436.41  0.000e+00
      11231     72.500     4.5963     4.5971     0.0008    0.94188    0.94181          1     1.9006     4.6009      72.94     0.2909     0.2044  1.000e-12  0.1544000     8.8892     8.8883    -0.0009     7.0456     7.0448     71.820     73.419      0.739    1436.97    1436.97  0.000e+00
      11247     73.000     4.6482     4.6492     0.0010    0.95063    0.95060          1     1.5458     4.5554      97.74     0.2784     0.1926  1.000e-12  0.1469000     8.9640     8.9635    -0.0005     7.1028     7.1024     72.315     73.925      0.712    1437.30    1437.30  0.000e+00
      11265     73.500     4.6931     4.6934     0.0004    0.95805    0.95792          1     1.1922     4.5050      98.01     0.2972     0.1721  1.000e-12  0.1575000     9.0271     9.0257    -0.0014     7.1510     7.1499     72.810     74.431      0.638    1437.59    1437.59  0.000e+00
      11285     74.000     4.7606     4.7599    -0.0007    0.96857    0.96839          1     0.8504     4.4499      98.01     0.2926     0.1631  1.000e-12  0.1728000     9.1153     9.1137    -0.0016     7.2181     7.2168     73.305     74.936      0.599    1438.00    1438.00  0.000e+00
      11305     74.500     4.8266     4.8283     0.0017    0.97844    0.97844          1     0.5851     4.3990      73.79     0.2755     0.1669  1.000e-12  0.1922000     9.1971     9.1965    -0.0006     7.2800     7.2795     73.800     75.442      0.588    1438.41    1438.41  0.000e+00
      11327     75.000     4.8754     4.8769     0.0015    0.98506    0.98503          1     0.4171     4.3191      88.71     0.3044     0.2369  1.000e-12  0.1856000     9.2504     9.2497    -0.0007     7.3202     7.3195     74.296     75.948      0.442    1438.70    1438.70  0.000e+00
      11394     75.500     4.6899     4.8268     0.1363    0.95313    0.97671          1     1.0871     4.0166      99.09     0.2826     0.1977  1.000e-12  0.1663000     8.9773     9.1792     0.2020     7.1115     7.2659     74.791     76.453      0.414    1437.54    1438.40  0.000e+00
      11423     76.000     4.8705     4.9162     0.0468    0.98512    0.99115          1     1.0843     3.9301      98.05     0.2987     0.2074  1.000e-12  0.1605000     9.2521     9.3005     0.0484     7.3217     7.3580     75.286     76.959      1.061    1438.69    1438.96  0.000e+00
      11431     76.500     5.0181     5.0194     0.0014    1.00708    1.00668          1     0.8253     3.9059      98.12     0.2983     0.2071  1.000e-12  0.1629000     9.4327     9.4283    -0.0044     7.4580     7.4544     75.781     77.464      1.365    1439.58    1439.58  0.000e+00
      11439     77.000     5.1232     5.1206    -0.0024    1.02314    1.02239          1     0.6344     3.8899      98.19     0.3020     0.2071  1.000e-12  0.1768000     9.5647     9.5579    -0.0068     7.5574     7.5522     76.277     77.970      1.534    1440.21    1440.19  0.000e+00
      11446     77.500     5.1686     5.1695     0.0009    1.03010    1.02998          1     0.4799     3.8608      98.11     0.3087     0.2229  1.000e-12  0.2142000     9.6218     9.6202    -0.0016     7.6004     7.5991     76.772     78.475      1.580    1440.49    1440.49  0.000e+00
      11453     78.000     5.2090     5.2085    -0.0005    1.03583    1.03545          1     0.3628     3.8236      98.20     0.3091     0.2298  1.000e-12  0.2163000     9.6677     9.6640    -0.0036     7.6347     7.6318     77.267     78.981      1.504    1440.73    1440.72  0.000e+00
      11460     78.500     5.2906     5.2885    -0.0021    1.04792    1.04735          1     0.2670     3.7957      98.16     0.3106     0.2345  1.000e-12  0.2153000     9.7655     9.7604    -0.0051     7.7078     7.7039     77.762     79.486      1.276    1441.22    1441.20  0.000e+00
      11482     79.000     5.3371     5.3314    -0.0053    1.05414    1.05310          1     0.1959     3.7304      98.20     0.3231     0.2280  1.000e-12  0.3343000     9.8143     9.8055    -0.0088     7.7440     7.7374     78.257     79.991      0.793    1441.49    1441.45  0.000e+00
      11576     79.500     5.2102     5.2163     0.0042    1.03421    1.03504          1     0.1941     3.4264      98.08     0.3330     0.2722  1.000e-12  0.3234000     9.6507     9.6574     0.0067     7.6212     7.6262     78.753     80.497      1.373    1440.74    1440.77  0.000e+00
      11588     80.000     5.2346     5.2285    -0.0042    1.03862    1.03724          1     0.1904     3.3986      98.19     0.3352     0.2774  1.000e-12  0.3195000     9.6880     9.6759    -0.0121     7.6494     7.6402     79.248     81.002      1.476    1440.90    1440.86  0.000e+00
      11595     80.500     5.3475     5.3700     0.0216    1.05675    1.05993          1     0.1797     3.3752      98.11     0.3260     0.2742  1.000e-12  0.3032000     9.8371     9.8625     0.0254     7.7614     7.7804     79.743     81.508      1.442    1441.59    1441.72  0.000e+00
      11603     81.000     5.5111     5.5095    -0.0014    1.08107    1.08066          1     0.1698     3.3483      71.52     0.3259     0.1886  1.000e-12  0.2968000    10.0326    10.0290    -0.0036     7.9072     7.9044     80.238     82.013      1.296    1442.55    1442.54  0.000e+00
      11614     81.500     5.5527     5.5523    -0.0003    1.08704    1.08685          1     0.1570     3.3078      14.68     0.3232     0.1638  1.000e-12  0.3132000    10.0799    10.0781    -0.0018     7.9422     7.9408     80.733     82.518      0.963    1442.80    1442.79  0.000e+00
      11663     82.000     5.5031     5.4901    -0.0139    1.07973    1.07660          1     0.1759     3.1692      14.11     0.3362     0.1858  1.000e-12  0.4031000    10.0213     9.9937    -0.0276     7.8985     7.8775     81.229     83.023      0.577    1442.52    1442.43  0.000e+00
      11719     82.500     5.4557     5.3451    -0.1081    1.07129    1.05472          1     0.1881     3.0217      24.59     0.3302     0.1778  1.000e-12  0.3576000     9.9508     9.8172    -0.1336     7.8456     7.7459     81.724     83.529      1.056    1442.23    1441.59  0.000e+00
      11729     83.000     5.5034     5.5297     0.0245    1.08034    1.08449          1     0.1702     2.9998      97.71     0.3106     0.1812  1.000e-12  0.3460000    10.0272    10.0609     0.0337     7.9032     7.9284     82.219     84.034      1.225    1442.54    1442.70  0.000e+00
      11738     83.500     5.6179     5.6185     0.0007    1.09883    1.09865          1     0.1543     2.9897      98.12     0.3157     0.2061  1.000e-12  0.3462000    10.1779    10.1759    -0.0020     8.0158     8.0142     82.714     84.539      1.260    1443.24    1443.23  0.000e+00
      11747     84.000     5.6471     5.6478     0.0007    1.10415    1.10405          1     0.1404     2.9757      98.12     0.3119     0.2071  1.000e-12  0.4239000    10.2221    10.2210    -0.0012     8.0491     8.0481     83.209     85.045      1.169    1443.42    1443.43  0.000e+00
      11758     84.500     5.6594     5.6601     0.0008    1.10637    1.10634          1     0.1307     2.9477      94.47     0.3128     0.2540  1.000e-12  0.4859000    10.2405    10.2400    -0.0005     8.0628     8.0624     83.705     85.550      0.900    1443.51    1443.51  0.000e+00
      11805     85.000     5.6162     5.6538     0.0371    1.09915    1.10524          1     0.1294     2.8394      50.93     0.3281     0.2919  1.000e-12  0.4920000    10.1812    10.2308     0.0497     8.0185     8.0555     84.200     86.055      0.517    1443.26    1443.48  0.000e+00
