ctdpy/tests/etc/SHARK_CTD_2018_BAS_SMHI/received_data/SBE09_1044_20181205_1536_34_01_0154.cnv
* Sea-Bird SBE 9 Data File:
* FileName = C:\ctd\temp\ar18d154.hex
* Software Version Seasave V 7.26.7.107
* Temperature SN = 5351
* Conductivity SN = 3941
* Number of Bytes Per Scan = 41
* Number of Voltage Words = 4
* Number of Scans Averaged by the Deck Unit = 1
* NMEA Latitude = 57 18.72 N
* NMEA Longitude = 020 04.60 E
* NMEA UTC (Time) = Dec 05 2018  15:36:13
* NMEA baud rate = 4800
** Station:  BY15
** Operator:  ASkj
** Ship: ARANDA
** Average sound velocity: 1447.50 m/s
** True-depth calculation Sun, 09 Dec 2018 14:41:05 +0000
** CTD Python Module SMHI /ver 3-12/ feb 2012 
** LIMS Job: 20183401-0154
** Cruise: SMHI-7-2018
** Latitude [GG MM.mm N]:
** Longitude [GG MM.mm E]
# nquan = 26
# nvalues = 462                         
# units = specified
# name 0 = scan: Scan Count
# name 1 = prDM: Pressure, Digiquartz [db]
# name 2 = t090C: Temperature [ITS-90, deg C]
# name 3 = t190C: Temperature, 2 [ITS-90, deg C]
# name 4 = T2-T190C: Temperature Difference, 2 - 1 [ITS-90, deg C]
# name 5 = c0S/m: Conductivity [S/m]
# name 6 = c1S/m: Conductivity, 2 [S/m]
# name 7 = pumps: Pump Status
# name 8 = sbeox0ML/L: Oxygen, SBE 43 [ml/l]
# name 9 = sbeox1ML/L: Oxygen, SBE 43, 2 [ml/l]
# name 10 = altM: Altimeter [m]
# name 11 = flECO-AFL: Chl-a Fluorescence, WET Labs ECO-AFL/FL [mg/m^3]
# name 12 = flECO-AFL1: Phycocyanin Fluorescence, WET Labs ECO-AFL/FL, 2 [mg/m^3]
# name 13 = par: PAR/Irradiance, Biospherical/Lico [µE/(cm^2*s)]
# name 14 = turbWETntu0: Turbidity, WET Labs ECO [NTU]
# name 15 = sal00: Salinity, Practical [PSU]
# name 16 = sal11: Salinity, Practical, 2 [PSU]
# name 17 = secS-priS: Salinity, Practical, Difference, 2 - 1 [PSU]
# name 18 = sigma-t00: Density [sigma-t, Kg/m^3 ]
# name 19 = sigma-t11: Density, 2 [sigma-t, Kg/m^3 ]
# name 20 = depSM: Depth [salt water, m], lat = 57.312
# name 21 = depFM: Depth [true depth, m], lat = 57.312
# name 22 = dz/dtM: Descent Rate [m/s], WS = 2
# name 23 = svCM: Sound Velocity [Chen-Millero, m/s]
# name 24 = svCM1: Sound Velocity, 2 [Chen-Millero, m/s]
# name 25 = flag: flag
# span 0 =       7702,      18700       
# span 1 =      2.000,    232.500       
# span 2 =     3.8766,     6.8890       
# span 3 =     3.8760,     6.8897       
# span 4 =    -0.1081,     0.1363       
# span 5 =   0.801969,   1.448173       
# span 6 =   0.802124,   1.448077       
# span 7 =          1,          1       
# span 8 =    0.02332,    7.92065       
# span 9 =    1.43765,    9.55708       
# span 10 =       5.29,     100.35      
# span 11 =     0.2274,     0.5978      
# span 12 =     0.1344,     0.3272      
# span 13 = 1.0000e-12, 1.1852e-01      
# span 14 =     0.1323,     0.7090      
# span 15 =     7.2207,    13.1861      
# span 16 =     7.2205,    13.1849      
# span 17 =    -0.1336,     0.2020      
# span 18 =     5.6500,    10.2938      
# span 19 =     5.6498,    10.2928      
# span 20 =      1.982,    230.229      
# span 21 =      2.026,    234.846      
# span 22 =      0.005,      1.585      
# span 23 =    1432.06,    1454.77      
# span 24 =    1432.05,    1454.77      
# span 25 = 0.0000e+00, 0.0000e+00      
# interval = decibars: 0.5              
# start_time = Dec 05 2018 15:36:14 [NMEA time, first data scan]
# bad_flag = -9.990e-29
*END*
[from data line 391]
      16946    197.500     6.8720     6.8729     0.0009    1.43812    1.43814          1     0.0268     1.5517      42.67     0.3625     0.2252  1.000e-12  0.1841000    13.1007    13.1005    -0.0002    10.2282    10.2280    195.587    199.559      0.498    1454.03    1454.03  0.000e+00
      16981    198.000     6.8720     6.8729     0.0010    1.43820    1.43821          1     0.0293     1.5551      41.92     0.3641     0.1996  1.000e-12  0.1768000    13.1013    13.1011    -0.0003    10.2287    10.2284    196.082    200.063      0.301    1454.04    1454.04  0.000e+00
      17016    198.500     6.8721     6.8729     0.0009    1.43824    1.43824          1     0.0284     1.5605      41.44     0.3607     0.2009  1.000e-12  0.1794000    13.1015    13.1013    -0.0002    10.2289    10.2286    196.577    200.567      0.587    1454.04    1454.05  0.000e+00
      17032    199.000     6.8722     6.8731     0.0009    1.43832    1.43833          1     0.0268     1.5576      41.08     0.3606     0.2333  1.000e-12  0.1790000    13.1023    13.1020    -0.0003    10.2294    10.2291    197.072    201.072      0.817    1454.05    1454.06  0.000e+00
      17045    199.500     6.8715     6.8725     0.0010    1.43867    1.43871          1     0.0276     1.5595      40.70     0.3590     0.2156  1.000e-12  0.1816000    13.1058    13.1058     0.0001    10.2322    10.2322    197.567    201.576      0.874    1454.06    1454.07  0.000e+00
      17058    200.000     6.8715     6.8724     0.0009    1.43911    1.43912          1     0.0269     1.5616      40.31     0.3377     0.2073  1.000e-12  0.1919000    13.1100    13.1098    -0.0002    10.2355    10.2353    198.062    202.080      0.760    1454.08    1454.08  0.000e+00
      17079    200.500     6.8720     6.8729     0.0009    1.43953    1.43949          1     0.0274     1.5618      39.58     0.3446     0.2309  1.000e-12  0.1919000    13.1139    13.1132    -0.0007    10.2385    10.2379    198.557    202.584      0.426    1454.09    1454.09  0.000e+00
      17128    201.000     6.8720     6.8731     0.0011    1.43929    1.43959          1     0.0276     1.5516      38.74     0.3626     0.1910  1.000e-12  0.1924000    13.1115    13.1140     0.0025    10.2367    10.2386    199.052    203.088      0.394    1454.10    1454.10  0.000e+00
      17149    201.500     6.8729     6.8736     0.0008    1.44002    1.44002          1     0.0268     1.5553      38.45     0.3788     0.2245  1.000e-12  0.1911000    13.1182    13.1179    -0.0003    10.2419    10.2416    199.547    203.592      0.743    1454.12    1454.12  0.000e+00
      17162    202.000     6.8733     6.8744     0.0010    1.44038    1.44039          1     0.0277     1.5563      38.06     0.3583     0.2342  1.000e-12  0.2099000    13.1215    13.1212    -0.0004    10.2444    10.2441    200.042    204.096      0.875    1454.13    1454.13  0.000e+00
      17175    202.500     6.8737     6.8747     0.0010    1.44056    1.44057          1     0.0267     1.5540      37.72     0.3656     0.2311  1.000e-12  0.2117000    13.1230    13.1227    -0.0003    10.2456    10.2453    200.537    204.600      0.868    1454.14    1454.15  0.000e+00
      17190    203.000     6.8739     6.8748     0.0010    1.44059    1.44060          1     0.0255     1.5540      37.13     0.3716     0.2325  1.000e-12  0.2102000    13.1232    13.1229    -0.0003    10.2457    10.2454    201.032    205.104      0.721    1454.15    1454.15  0.000e+00
      17212    203.500     6.8737     6.8747     0.0010    1.44062    1.44064          1     0.0281     1.5562      36.43     0.3749     0.2649  1.000e-12  0.2107000    13.1235    13.1232    -0.0002    10.2459    10.2456    201.526    205.609      0.446    1454.16    1454.16  0.000e+00
      17250    204.000     6.8738     6.8747     0.0009    1.44067    1.44067          1     0.0255     1.5534      35.72     0.3876     0.2187  1.000e-12  0.2026000    13.1238    13.1235    -0.0003    10.2461    10.2458    202.021    206.113      0.300    1454.17    1454.17  0.000e+00
      17285    204.500     6.8741     6.8749     0.0009    1.44073    1.44073          1     0.0269     1.5574      35.25     0.3557     0.2884  1.000e-12  0.2201000    13.1241    13.1238    -0.0003    10.2464    10.2461    202.516    206.617      0.463    1454.18    1454.18  0.000e+00
      17306    205.000     6.8743     6.8751     0.0008    1.44077    1.44077          1     0.0303     1.5639      34.77     0.3531     0.2948  1.000e-12  0.2100000    13.1244    13.1241    -0.0002    10.2466    10.2463    203.011    207.121      0.687    1454.19    1454.19  0.000e+00
      17321    205.500     6.8744     6.8753     0.0009    1.44080    1.44083          1     0.0274     1.5580      34.32     0.3588     0.2934  1.000e-12  0.1979000    13.1245    13.1244    -0.0001    10.2467    10.2465    203.506    207.625      0.828    1454.20    1454.20  0.000e+00
      17335    206.000     6.8746     6.8755     0.0009    1.44087    1.44088          1     0.0262     1.5576      33.87     0.3506     0.2392  1.000e-12  0.1980000    13.1251    13.1248    -0.0003    10.2471    10.2468    204.001    208.129      0.862    1454.21    1454.21  0.000e+00
      17349    206.500     6.8747     6.8755     0.0008    1.44091    1.44092          1     0.0242     1.5610      33.39     0.3467     0.2351  1.000e-12  0.1968000    13.1253    13.1251    -0.0002    10.2473    10.2471    204.496    208.633      0.772    1454.21    1454.22  0.000e+00
      17368    207.000     6.8746     6.8755     0.0009    1.44097    1.44098          1     0.0264     1.5694      32.75     0.3367     0.2834  1.000e-12  0.2043000    13.1258    13.1255    -0.0003    10.2477    10.2474    204.991    209.137      0.499    1454.22    1454.23  0.000e+00
      17410    207.500     6.8746     6.8756     0.0009    1.44102    1.44103          1     0.0251     1.5601      32.01     0.3645     0.2121  1.000e-12  0.1988000    13.1262    13.1260    -0.0002    10.2480    10.2477    205.486    209.641      0.322    1454.23    1454.23  0.000e+00
      17436    208.000     6.8753     6.8761     0.0008    1.44119    1.44120          1     0.0258     1.5645      31.64     0.3638     0.2147  1.000e-12  0.2000000    13.1275    13.1273    -0.0003    10.2490    10.2487    205.981    210.145      0.687    1454.24    1454.25  0.000e+00
      17451    208.500     6.8760     6.8768     0.0008    1.44145    1.44146          1     0.0288     1.5576      31.24     0.3606     0.2355  1.000e-12  0.2037000    13.1297    13.1295    -0.0002    10.2506    10.2504    206.475    210.650      0.789    1454.26    1454.26  0.000e+00
      17465    209.000     6.8770     6.8779     0.0009    1.44205    1.44204          1     0.0310     1.5567      30.78     0.3720     0.2248  1.000e-12  0.2093000    13.1351    13.1347    -0.0004    10.2548    10.2544    206.970    211.154      0.680    1454.28    1454.28  0.000e+00
      17499    209.500     6.8771     6.8778     0.0007    1.44216    1.44206          1     0.0273     1.5578      30.02     0.3683     0.2423  1.000e-12  0.2039000    13.1360    13.1348    -0.0012    10.2555    10.2545    207.465    211.658      0.354    1454.29    1454.29  0.000e+00
      17542    210.000     6.8788     6.8790     0.0003    1.44294    1.44264          1     0.0254     1.5568      29.46     0.3544     0.2315  1.000e-12  0.1816000    13.1430    13.1400    -0.0031    10.2609    10.2584    207.960    212.162      0.623    1454.31    1454.31  0.000e+00
      17555    210.500     6.8809     6.8816     0.0007    1.44391    1.44391          1     0.0270     1.5555      29.13     0.3542     0.2215  1.000e-12  0.1844000    13.1517    13.1514    -0.0003    10.2675    10.2672    208.455    212.666      0.915    1454.34    1454.34  0.000e+00
      17567    211.000     6.8813     6.8821     0.0008    1.44413    1.44413          1     0.0253     1.5540      28.73     0.3845     0.2867  1.000e-12  0.2169000    13.1537    13.1533    -0.0004    10.2690    10.2686    208.950    213.170      1.034    1454.35    1454.35  0.000e+00
      17578    211.500     6.8820     6.8829     0.0009    1.44465    1.44463          1     0.0255     1.5542      28.24     0.3835     0.3195  1.000e-12  0.2172000    13.1584    13.1579    -0.0005    10.2726    10.2722    209.445    213.674      1.030    1454.37    1454.37  0.000e+00
      17590    212.000     6.8828     6.8837     0.0008    1.44500    1.44501          1     0.0253     1.5506      27.67     0.3824     0.3003  1.000e-12  0.2148000    13.1614    13.1612    -0.0003    10.2750    10.2747    209.940    214.178      0.890    1454.38    1454.38  0.000e+00
      17611    212.500     6.8830     6.8838     0.0008    1.44510    1.44508          1     0.0258     1.5461      26.64     0.3853     0.2620  1.000e-12  0.2118000    13.1622    13.1617    -0.0005    10.2756    10.2751    210.435    214.682      0.518    1454.39    1454.39  0.000e+00
      17692    213.000     6.8826     6.8823    -0.0003    1.44494    1.44429          1     0.0272     1.5509      26.10     0.3600     0.2420  1.000e-12  0.1821000    13.1607    13.1544    -0.0063    10.2744    10.2695    210.930    215.186      0.601    1454.39    1454.38  0.000e+00
      17702    213.500     6.8842     6.8845     0.0004    1.44565    1.44546          1     0.0265     1.5550      25.84     0.3608     0.2318  1.000e-12  0.1799000    13.1670    13.1650    -0.0020    10.2792    10.2777    211.424    215.691      0.899    1454.42    1454.42  0.000e+00
      17714    214.000     6.8847     6.8856     0.0009    1.44593    1.44592          1     0.0256     1.5519      25.46     0.3823     0.2341  1.000e-12  0.2011000    13.1695    13.1690    -0.0005    10.2811    10.2807    211.919    216.195      1.008    1454.43    1454.43  0.000e+00
      17725    214.500     6.8849     6.8858     0.0009    1.44605    1.44606          1     0.0240     1.5484      25.19     0.3974     0.2752  1.000e-12  0.2165000    13.1705    13.1703    -0.0002    10.2819    10.2817    212.414    216.699      1.005    1454.44    1454.44  0.000e+00
      17737    215.000     6.8851     6.8859     0.0009    1.44613    1.44614          1     0.0248     1.5454      24.60     0.3849     0.2875  1.000e-12  0.2236000    13.1711    13.1709    -0.0003    10.2824    10.2821    212.909    217.203      0.905    1454.45    1454.45  0.000e+00
      17752    215.500     6.8852     6.8860     0.0009    1.44618    1.44619          1     0.0267     1.5459      23.97     0.3736     0.2807  1.000e-12  0.2272000    13.1714    13.1713    -0.0001    10.2826    10.2824    213.404    217.707      0.702    1454.46    1454.46  0.000e+00
      17776    216.000     6.8851     6.8860     0.0009    1.44620    1.44622          1     0.0260     1.5513      23.20     0.3962     0.2516  1.000e-12  0.2373000    13.1716    13.1714    -0.0002    10.2828    10.2825    213.899    218.211      0.419    1454.47    1454.47  0.000e+00
      17832    216.500     6.8847     6.8851     0.0005    1.44600    1.44578          1     0.0252     1.5421      22.43     0.3893     0.2299  1.000e-12  0.1954000    13.1697    13.1673    -0.0023    10.2813    10.2794    214.394    218.715      0.279    1454.47    1454.47  0.000e+00
      17873    217.000     6.8854     6.8862     0.0008    1.44619    1.44626          1     0.0261     1.5369      22.07     0.3848     0.2653  1.000e-12  0.2042000    13.1712    13.1715     0.0003    10.2824    10.2826    214.889    219.219      0.683    1454.48    1454.49  0.000e+00
      17886    217.500     6.8854     6.8864     0.0009    1.44626    1.44626          1     0.0243     1.5371      21.87     0.3823     0.2624  1.000e-12  0.2104000    13.1718    13.1714    -0.0003    10.2828    10.2825    215.383    219.723      0.949    1454.49    1454.50  0.000e+00
      17897    218.000     6.8855     6.8864     0.0009    1.44628    1.44628          1     0.0251     1.5362      21.54     0.3835     0.2653  1.000e-12  0.2228000    13.1718    13.1715    -0.0003    10.2828    10.2825    215.878    220.227      1.082    1454.50    1454.50  0.000e+00
      17908    218.500     6.8855     6.8865     0.0009    1.44629    1.44629          1     0.0272     1.5385      21.15     0.3836     0.1912  1.000e-12  0.2230000    13.1718    13.1715    -0.0003    10.2829    10.2825    216.373    220.731      1.113    1454.51    1454.51  0.000e+00
      17918    219.000     6.8855     6.8865     0.0009    1.44630    1.44631          1     0.0270     1.5420      20.69     0.3690     0.1631  1.000e-12  0.2266000    13.1718    13.1715    -0.0003    10.2829    10.2826    216.868    221.235      1.042    1454.52    1454.52  0.000e+00
      17930    219.500     6.8855     6.8863     0.0008    1.44631    1.44631          1     0.0259     1.5413      20.13     0.3598     0.1746  1.000e-12  0.2285000    13.1718    13.1715    -0.0003    10.2828    10.2826    217.363    221.740      0.851    1454.53    1454.53  0.000e+00
      17950    220.000     6.8854     6.8864     0.0009    1.44631    1.44632          1     0.0246     1.5369      19.43     0.3589     0.2111  1.000e-12  0.2411000    13.1717    13.1714    -0.0003    10.2828    10.2825    217.858    222.244      0.462    1454.53    1454.54  0.000e+00
      18035    220.500     6.8852     6.8858     0.0006    1.44619    1.44603          1     0.0250     1.5258      18.49     0.3952     0.2356  1.000e-12  0.2023000    13.1706    13.1688    -0.0018    10.2819    10.2805    218.353    222.748      0.362    1454.54    1454.54  0.000e+00
      18055    221.000     6.8856     6.8865     0.0008    1.44632    1.44634          1     0.0259     1.5210      18.20     0.4087     0.2421  1.000e-12  0.2050000    13.1715    13.1714    -0.0001    10.2826    10.2825    218.847    223.252      0.693    1454.55    1454.55  0.000e+00
      18070    221.500     6.8858     6.8866     0.0008    1.44637    1.44637          1     0.0261     1.5295      17.80     0.3918     0.2220  1.000e-12  0.2060000    13.1719    13.1715    -0.0003    10.2829    10.2826    219.342    223.756      0.872    1454.56    1454.56  0.000e+00
      18082    222.000     6.8857     6.8866     0.0009    1.44638    1.44639          1     0.0263     1.5347      17.40     0.3736     0.2223  1.000e-12  0.2050000    13.1719    13.1716    -0.0003    10.2829    10.2826    219.837    224.260      0.987    1454.57    1454.57  0.000e+00
      18094    222.500     6.8857     6.8866     0.0009    1.44640    1.44641          1     0.0252     1.5311      16.99     0.3735     0.2411  1.000e-12  0.2119000    13.1720    13.1717    -0.0003    10.2830    10.2827    220.332    224.764      1.045    1454.58    1454.58  0.000e+00
      18105    223.000     6.8858     6.8866     0.0009    1.44640    1.44641          1     0.0257     1.5262      16.52     0.3724     0.2478  1.000e-12  0.2224000    13.1719    13.1716    -0.0002    10.2829    10.2827    220.827    225.268      1.034    1454.58    1454.59  0.000e+00
      18116    223.500     6.8858     6.8867     0.0009    1.44642    1.44643          1     0.0248     1.5277      15.97     0.3732     0.2431  1.000e-12  0.2253000    13.1719    13.1717    -0.0002    10.2830    10.2827    221.322    225.772      0.928    1454.59    1454.59  0.000e+00
      18131    224.000     6.8858     6.8866     0.0008    1.44643    1.44644          1     0.0257     1.5293      15.35     0.3722     0.2481  1.000e-12  0.2337000    13.1719    13.1717    -0.0002    10.2829    10.2827    221.817    226.276      0.647    1454.60    1454.60  0.000e+00
