ctdpy/tests/etc/SHARK_CTD_2018_BAS_SMHI/received_data/SBE09_1044_20181205_1536_34_01_0154.cnv
* Sea-Bird SBE 9 Data File:
* FileName = C:\ctd\temp\ar18d154.hex
* Software Version Seasave V 7.26.7.107
* Temperature SN = 5351
* Conductivity SN = 3941
* Number of Bytes Per Scan = 41
* Number of Voltage Words = 4
* Number of Scans Averaged by the Deck Unit = 1
* NMEA Latitude = 57 18.72 N
* NMEA Longitude = 020 04.60 E
* NMEA UTC (Time) = Dec 05 2018  15:36:13
* NMEA baud rate = 4800
** Station:  BY15
** Operator:  ASkj
** Ship: ARANDA
** Average sound velocity: 1447.50 m/s
** True-depth calculation Sun, 09 Dec 2018 14:41:05 +0000
** CTD Python Module SMHI /ver 3-12/ feb 2012 
** LIMS Job: 20183401-0154
** Cruise: SMHI-7-2018
** Latitude [GG MM.mm N]:
** Longitude [GG MM.mm E]
# nquan = 26
# nvalues = 462                         
# units = specified
# name 0 = scan: Scan Count
# name 1 = prDM: Pressure, Digiquartz [db]
# name 2 = t090C: Temperature [ITS-90, deg C]
# name 3 = t190C: Temperature, 2 [ITS-90, deg C]
# name 4 = T2-T190C: Temperature Difference, 2 - 1 [ITS-90, deg C]
# name 5 = c0S/m: Conductivity [S/m]
# name 6 = c1S/m: Conductivity, 2 [S/m]
# name 7 = pumps: Pump Status
# name 8 = sbeox0ML/L: Oxygen, SBE 43 [ml/l]
# name 9 = sbeox1ML/L: Oxygen, SBE 43, 2 [ml/l]
# name 10 = altM: Altimeter [m]
# name 11 = flECO-AFL: Chl-a Fluorescence, WET Labs ECO-AFL/FL [mg/m^3]
# name 12 = flECO-AFL1: Phycocyanin Fluorescence, WET Labs ECO-AFL/FL, 2 [mg/m^3]
# name 13 = par: PAR/Irradiance, Biospherical/Lico [µE/(cm^2*s)]
# name 14 = turbWETntu0: Turbidity, WET Labs ECO [NTU]
# name 15 = sal00: Salinity, Practical [PSU]
# name 16 = sal11: Salinity, Practical, 2 [PSU]
# name 17 = secS-priS: Salinity, Practical, Difference, 2 - 1 [PSU]
# name 18 = sigma-t00: Density [sigma-t, Kg/m^3 ]
# name 19 = sigma-t11: Density, 2 [sigma-t, Kg/m^3 ]
# name 20 = depSM: Depth [salt water, m], lat = 57.312
# name 21 = depFM: Depth [true depth, m], lat = 57.312
# name 22 = dz/dtM: Descent Rate [m/s], WS = 2
# name 23 = svCM: Sound Velocity [Chen-Millero, m/s]
# name 24 = svCM1: Sound Velocity, 2 [Chen-Millero, m/s]
# name 25 = flag: flag
# span 0 =       7702,      18700       
# span 1 =      2.000,    232.500       
# span 2 =     3.8766,     6.8890       
# span 3 =     3.8760,     6.8897       
# span 4 =    -0.1081,     0.1363       
# span 5 =   0.801969,   1.448173       
# span 6 =   0.802124,   1.448077       
# span 7 =          1,          1       
# span 8 =    0.02332,    7.92065       
# span 9 =    1.43765,    9.55708       
# span 10 =       5.29,     100.35      
# span 11 =     0.2274,     0.5978      
# span 12 =     0.1344,     0.3272      
# span 13 = 1.0000e-12, 1.1852e-01      
# span 14 =     0.1323,     0.7090      
# span 15 =     7.2207,    13.1861      
# span 16 =     7.2205,    13.1849      
# span 17 =    -0.1336,     0.2020      
# span 18 =     5.6500,    10.2938      
# span 19 =     5.6498,    10.2928      
# span 20 =      1.982,    230.229      
# span 21 =      2.026,    234.846      
# span 22 =      0.005,      1.585      
# span 23 =    1432.06,    1454.77      
# span 24 =    1432.05,    1454.77      
# span 25 = 0.0000e+00, 0.0000e+00      
# interval = decibars: 0.5              
# start_time = Dec 05 2018 15:36:14 [NMEA time, first data scan]
# bad_flag = -9.990e-29
*END*
[from data line 223]
      13120    113.500     6.5415     6.5424     0.0009    1.27170    1.27164          1     0.0495     1.6315      97.93     0.3202     0.1954  1.000e-12  0.4635000    11.5932    11.5924    -0.0009     9.0701     9.0693    112.424    114.837      0.569    1449.42    1449.42  0.000e+00
      13143    114.000     6.5492     6.5501     0.0009    1.27317    1.27308          1     0.0493     1.6226      97.93     0.3129     0.1769  1.000e-12  0.5001000    11.6050    11.6039    -0.0011     9.0788     9.0778    112.919    115.341      0.560    1449.47    1449.47  0.000e+00
      13163    114.500     6.5581     6.5588     0.0007    1.27513    1.27507          1     0.0508     1.6132      89.55     0.3277     0.1782  1.000e-12  0.5349000    11.6213    11.6205    -0.0008     9.0909     9.0902    113.414    115.846      0.641    1449.54    1449.54  0.000e+00
      13180    115.000     6.5697     6.5703     0.0006    1.27737    1.27732          1     0.0520     1.6095      78.21     0.3247     0.2058  1.000e-12  0.5433000    11.6394    11.6386    -0.0007     9.1043     9.1036    113.909    116.351      0.666    1449.62    1449.62  0.000e+00
      13199    115.500     6.5839     6.5843     0.0004    1.28069    1.28055          1     0.0510     1.6029      97.46     0.3202     0.2235  1.000e-12  0.5424000    11.6671    11.6656    -0.0015     9.1250     9.1238    114.404    116.855      0.570    1449.72    1449.72  0.000e+00
      13230    116.000     6.5960     6.5974     0.0014    1.28453    1.28460          1     0.0504     1.5886      97.90     0.3165     0.2212  1.000e-12  0.3806000    11.7008    11.7010     0.0002     9.1506     9.1506    114.899    117.360      0.310    1449.82    1449.82  0.000e+00
      13282    116.500     6.5953     6.5962     0.0009    1.28556    1.28545          1     0.0487     1.5696      97.91     0.3067     0.2164  1.000e-12  0.1930000    11.7111    11.7097    -0.0015     9.1587     9.1575    115.394    117.865      0.537    1449.84    1449.84  0.000e+00
      13296    117.000     6.5980     6.5982     0.0002    1.28689    1.28677          1     0.0503     1.5685      97.96     0.3018     0.2068  1.000e-12  0.2162000    11.7232    11.7220    -0.0012     9.1680     9.1670    115.890    118.369      0.924    1449.87    1449.87  0.000e+00
      13307    117.500     6.6177     6.6177     0.0000    1.28981    1.28969          1     0.0521     1.5671      97.93     0.3102     0.2071  1.000e-12  0.1993000    11.7452    11.7440    -0.0012     9.1838     9.1829    116.385    118.874      1.085    1449.99    1449.99  0.000e+00
      13317    118.000     6.6323     6.6329     0.0006    1.29181    1.29175          1     0.0496     1.5662      97.94     0.3161     0.2071  1.000e-12  0.1976000    11.7598    11.7589    -0.0009     9.1942     9.1934    116.880    119.379      1.099    1450.08    1450.08  0.000e+00
      13328    118.500     6.6409     6.6414     0.0006    1.29430    1.29422          1     0.0487     1.5619      97.95     0.3147     0.2071  1.000e-12  0.3556000    11.7812    11.7803    -0.0010     9.2104     9.2096    117.375    119.883      0.950    1450.15    1450.15  0.000e+00
      13358    119.000     6.6449     6.6439    -0.0010    1.29609    1.29550          1     0.0484     1.5504      97.93     0.3113     0.2119  1.000e-12  0.4938000    11.7974    11.7920    -0.0054     9.2228     9.2186    117.870    120.388      0.530    1450.19    1450.18  0.000e+00
      13426    119.500     6.6481     6.6421    -0.0059    1.29709    1.29534          1     0.0467     1.5323      97.96     0.3098     0.2337  1.000e-12  0.4808000    11.8060    11.7908    -0.0152     9.2294     9.2179    118.365    120.893      0.728    1450.22    1450.18  0.000e+00
      13436    120.000     6.6525     6.6531     0.0006    1.29866    1.29858          1     0.0457     1.5311      97.92     0.2888     0.2109  1.000e-12  0.5083000    11.8199    11.8189    -0.0009     9.2399     9.2391    118.860    121.397      0.987    1450.27    1450.27  0.000e+00
      13447    120.500     6.6532     6.6540     0.0008    1.29937    1.29936          1     0.0479     1.5291      97.95     0.2872     0.2071  1.000e-12  0.5080000    11.8265    11.8262    -0.0003     9.2450     9.2447    119.355    121.902      1.118    1450.29    1450.29  0.000e+00
      13457    121.000     6.6516     6.6527     0.0011    1.30006    1.30003          1     0.0468     1.5249      97.97     0.2992     0.2013  1.000e-12  0.6538000    11.8338    11.8331    -0.0006     9.2509     9.2503    119.851    122.406      1.149    1450.30    1450.30  0.000e+00
      13467    121.500     6.6487     6.6496     0.0009    1.30130    1.30125          1     0.0486     1.5229      97.97     0.3018     0.1925  1.000e-12  0.7090000    11.8469    11.8462    -0.0008     9.2614     9.2607    120.346    122.911      1.078    1450.31    1450.31  0.000e+00
      13479    122.000     6.6514     6.6521     0.0007    1.30295    1.30292          1     0.0463     1.5194      97.93     0.3073     0.1925  1.000e-12  0.6408000    11.8622    11.8616    -0.0006     9.2732     9.2727    120.841    123.416      0.864    1450.35    1450.35  0.000e+00
      13516    122.500     6.6519     6.6518    -0.0001    1.30304    1.30271          1     0.0455     1.5132      97.92     0.3167     0.2111  1.000e-12  0.5370000    11.8627    11.8595    -0.0033     9.2736     9.2711    121.336    123.920      0.411    1450.36    1450.35  0.000e+00
      13576    123.000     6.6500     6.6517     0.0017    1.30191    1.30255          1     0.0448     1.5044      97.92     0.3025     0.2241  1.000e-12  0.5462000    11.8522    11.8579     0.0057     9.2654     9.2698    121.831    124.425      0.542    1450.34    1450.36  0.000e+00
      13591    123.500     6.6561     6.6569     0.0009    1.30640    1.30638          1     0.0443     1.4949      97.92     0.3285     0.2037  1.000e-12  0.5285000    11.8943    11.8938    -0.0005     9.2980     9.2976    122.326    124.929      0.751    1450.43    1450.44  0.000e+00
      13606    124.000     6.6567     6.6576     0.0009    1.30772    1.30770          1     0.0452     1.4889      97.93     0.3237     0.1924  1.000e-12  0.5007000    11.9069    11.9064    -0.0005     9.3080     9.3075    122.821    125.434      0.783    1450.46    1450.46  0.000e+00
      13622    124.500     6.6559     6.6568     0.0009    1.31015    1.31016          1     0.0452     1.4904      97.91     0.3263     0.2271  1.000e-12  0.4510000    11.9311    11.9309    -0.0002     9.3270     9.3268    123.316    125.938      0.696    1450.49    1450.50  0.000e+00
      13642    125.000     6.6536     6.6544     0.0008    1.31172    1.31174          1     0.0450     1.4908      97.91     0.3055     0.2632  1.000e-12  0.4444000    11.9472    11.9472    -0.0001     9.3399     9.3397    123.811    126.443      0.530    1450.51    1450.52  0.000e+00
      13669    125.500     6.6494     6.6502     0.0008    1.31265    1.31266          1     0.0471     1.4855      97.92     0.2907     0.2314  1.000e-12  0.4130000    11.9577    11.9576    -0.0002     9.3484     9.3482    124.306    126.948      0.470    1450.52    1450.52  0.000e+00
      13692    126.000     6.6439     6.6446     0.0008    1.31469    1.31470          1     0.0463     1.4820      97.93     0.3070     0.1866  1.000e-12  0.4057000    11.9798    11.9796    -0.0002     9.3661     9.3659    124.801    127.452      0.627    1450.53    1450.53  0.000e+00
      13708    126.500     6.6322     6.6331     0.0009    1.31707    1.31709          1     0.0451     1.4782      97.93     0.3058     0.2068  1.000e-12  0.3943000    12.0072    12.0071    -0.0001     9.3886     9.3884    125.297    127.957      0.747    1450.52    1450.53  0.000e+00
      13723    127.000     6.6282     6.6291     0.0009    1.31837    1.31836          1     0.0473     1.4757      97.95     0.3015     0.2169  1.000e-12  0.3765000    12.0214    12.0209    -0.0005     9.4000     9.3995    125.792    128.461      0.726    1450.53    1450.53  0.000e+00
      13743    127.500     6.6207     6.6216     0.0009    1.31943    1.31943          1     0.0456     1.4735      63.50     0.3111     0.1976  1.000e-12  0.3491000    12.0343    12.0341    -0.0003     9.4107     9.4105    126.287    128.966      0.488    1450.52    1450.53  0.000e+00
      13797    128.000     6.6256     6.6204    -0.0052    1.31840    1.31974          1     0.0452     1.4656      95.60     0.3046     0.1970  1.000e-12  0.2878000    12.0223    12.0374     0.0151     9.4009     9.4132    126.782    129.470      0.351    1450.54    1450.53  0.000e+00
      13823    128.500     6.6198     6.6207     0.0009    1.32162    1.32168          1     0.0461     1.4614      97.95     0.3121     0.1950  1.000e-12  0.2908000    12.0561    12.0564     0.0003     9.4279     9.4281    127.277    129.975      0.683    1450.56    1450.57  0.000e+00
      13838    129.000     6.6209     6.6218     0.0010    1.32367    1.32367          1     0.0447     1.4634      97.93     0.3056     0.2217  1.000e-12  0.3079000    12.0758    12.0755    -0.0003     9.4433     9.4430    127.772    130.479      0.801    1450.60    1450.60  0.000e+00
      13853    129.500     6.6209     6.6219     0.0009    1.32597    1.32592          1     0.0448     1.4631      82.66     0.3026     0.2279  1.000e-12  0.3201000    12.0985    12.0977    -0.0008     9.4611     9.4604    128.267    130.984      0.787    1450.64    1450.64  0.000e+00
      13869    130.000     6.6219     6.6228     0.0008    1.32814    1.32816          1     0.0458     1.4595      48.07     0.3017     0.2279  1.000e-12  0.3207000    12.1195    12.1193    -0.0001     9.4775     9.4774    128.762    131.488      0.680    1450.67    1450.68  0.000e+00
      13889    130.500     6.6222     6.6230     0.0008    1.32868    1.32869          1     0.0452     1.4570      96.26     0.2996     0.1943  1.000e-12  0.3323000    12.1246    12.1244    -0.0002     9.4815     9.4813    129.257    131.993      0.533    1450.69    1450.69  0.000e+00
      13915    131.000     6.6230     6.6238     0.0008    1.32957    1.32959          1     0.0451     1.4602      97.93     0.2947     0.1949  1.000e-12  0.3451000    12.1330    12.1329    -0.0001     9.4881     9.4879    129.752    132.497      0.433    1450.71    1450.72  0.000e+00
      13944    131.500     6.6223     6.6231     0.0008    1.33052    1.33052          1     0.0432     1.4573      84.51     0.2881     0.2848  1.000e-12  0.3455000    12.1426    12.1422    -0.0003     9.4956     9.4953    130.247    133.002      0.443    1450.73    1450.73  0.000e+00
      13969    132.000     6.6234     6.6240     0.0006    1.33128    1.33126          1     0.0446     1.4536      83.49     0.3194     0.2449  1.000e-12  0.3661000    12.1496    12.1491    -0.0004     9.5011     9.5007    130.742    133.506      0.514    1450.75    1450.75  0.000e+00
      13991    132.500     6.6254     6.6260     0.0006    1.33188    1.33186          1     0.0418     1.4518      98.01     0.3196     0.2446  1.000e-12  0.3585000    12.1547    12.1542    -0.0005     9.5050     9.5045    131.238    134.011      0.573    1450.77    1450.78  0.000e+00
      14011    133.000     6.6279     6.6286     0.0007    1.33347    1.33348          1     0.0422     1.4526      97.95     0.3032     0.2100  1.000e-12  0.3412000    12.1694    12.1692    -0.0002     9.5163     9.5161    131.733    134.515      0.621    1450.81    1450.81  0.000e+00
      14030    133.500     6.6287     6.6294     0.0007    1.33530    1.33526          1     0.0406     1.4548      97.96     0.3103     0.1965  1.000e-12  0.3449000    12.1871    12.1865    -0.0006     9.5301     9.5296    132.228    135.020      0.628    1450.84    1450.85  0.000e+00
      14050    134.000     6.6293     6.6301     0.0007    1.33670    1.33667          1     0.0415     1.4537      97.94     0.3107     0.2076  1.000e-12  0.3291000    12.2007    12.2001    -0.0006     9.5407     9.5402    132.723    135.524      0.536    1450.87    1450.87  0.000e+00
      14080    134.500     6.6316     6.6327     0.0011    1.33966    1.33981          1     0.0419     1.4486      79.05     0.3069     0.2274  1.000e-12  0.3052000    12.2290    12.2301     0.0011     9.5628     9.5636    133.218    136.028      0.325    1450.92    1450.93  0.000e+00
      14119    135.000     6.6366     6.6375     0.0009    1.34315    1.34322          1     0.0408     1.4489      99.33     0.3153     0.1906  1.000e-12  0.2820000    12.2616    12.2620     0.0004     9.5880     9.5883    133.713    136.533      0.454    1450.99    1451.00  0.000e+00
      14139    135.500     6.6427     6.6433     0.0006    1.34642    1.34635          1     0.0401     1.4443      98.07     0.2977     0.2217  1.000e-12  0.2812000    12.2917    12.2908    -0.0009     9.6112     9.6105    134.208    137.037      0.685    1451.07    1451.07  0.000e+00
      14155    136.000     6.6457     6.6467     0.0010    1.34774    1.34774          1     0.0411     1.4432      98.09     0.2890     0.2647  1.000e-12  0.2467000    12.3035    12.3032    -0.0003     9.6202     9.6199    134.703    137.542      0.784    1451.10    1451.10  0.000e+00
      14169    136.500     6.6492     6.6500     0.0009    1.34949    1.34950          1     0.0408     1.4419      98.09     0.2970     0.2190  1.000e-12  0.2443000    12.3195    12.3192    -0.0002     9.6326     9.6323    135.198    138.046      0.786    1451.14    1451.15  0.000e+00
      14185    137.000     6.6546     6.6554     0.0008    1.35248    1.35245          1     0.0401     1.4402      49.80     0.3019     0.2097  1.000e-12  0.2410000    12.3470    12.3465    -0.0005     9.6538     9.6533    135.693    138.551      0.728    1451.21    1451.21  0.000e+00
      14203    137.500     6.6590     6.6598     0.0008    1.35445    1.35442          1     0.0400     1.4434      91.22     0.2989     0.2208  1.000e-12  0.2235000    12.3647    12.3642    -0.0005     9.6673     9.6669    136.188    139.055      0.628    1451.26    1451.26  0.000e+00
      14225    138.000     6.6620     6.6627     0.0008    1.35588    1.35588          1     0.0421     1.4424      53.84     0.3102     0.2283  1.000e-12  0.2273000    12.3778    12.3775    -0.0003     9.6773     9.6770    136.683    139.559      0.440    1451.29    1451.30  0.000e+00
      14266    138.500     6.6658     6.6671     0.0013    1.35764    1.35780          1     0.0403     1.4377     100.35     0.3119     0.2365  1.000e-12  0.2111000    12.3936    12.3948     0.0011     9.6895     9.6903    137.178    140.064      0.268    1451.34    1451.34  0.000e+00
      14301    139.000     6.6716     6.6724     0.0008    1.35952    1.35951          1     0.0403     1.4413      83.11     0.2998     0.2598  1.000e-12  0.2172000    12.4100    12.4096    -0.0004     9.7020     9.7016    137.673    140.568      0.560    1451.39    1451.39  0.000e+00
      14318    139.500     6.6739     6.6747     0.0008    1.36043    1.36039          1     0.0399     1.4422      48.79     0.2921     0.2562  1.000e-12  0.2210000    12.4182    12.4174    -0.0007     9.7082     9.7075    138.169    141.073      0.729    1451.42    1451.42  0.000e+00
      14333    140.000     6.6771     6.6777     0.0007    1.36215    1.36211          1     0.0402     1.4413      40.52     0.3152     0.2291  1.000e-12  0.2168000    12.4339    12.4332    -0.0007     9.7203     9.7197    138.664    141.577      0.757    1451.46    1451.46  0.000e+00
      14350    140.500     6.6840     6.6848     0.0007    1.36442    1.36436          1     0.0406     1.4419      98.21     0.3186     0.2294  1.000e-12  0.2022000    12.4537    12.4529    -0.0009     9.7353     9.7346    139.159    142.081      0.673    1451.52    1451.52  0.000e+00
