ctdpy/tests/etc/SHARK_CTD_2018_BAS_SMHI/received_data/SBE09_1044_20181205_1536_34_01_0154.cnv
* Sea-Bird SBE 9 Data File:
* FileName = C:\ctd\temp\ar18d154.hex
* Software Version Seasave V 7.26.7.107
* Temperature SN = 5351
* Conductivity SN = 3941
* Number of Bytes Per Scan = 41
* Number of Voltage Words = 4
* Number of Scans Averaged by the Deck Unit = 1
* NMEA Latitude = 57 18.72 N
* NMEA Longitude = 020 04.60 E
* NMEA UTC (Time) = Dec 05 2018  15:36:13
* NMEA baud rate = 4800
** Station:  BY15
** Operator:  ASkj
** Ship: ARANDA
** Average sound velocity: 1447.50 m/s
** True-depth calculation Sun, 09 Dec 2018 14:41:05 +0000
** CTD Python Module SMHI /ver 3-12/ feb 2012 
** LIMS Job: 20183401-0154
** Cruise: SMHI-7-2018
** Latitude [GG MM.mm N]:
** Longitude [GG MM.mm E]
# nquan = 26
# nvalues = 462                         
# units = specified
# name 0 = scan: Scan Count
# name 1 = prDM: Pressure, Digiquartz [db]
# name 2 = t090C: Temperature [ITS-90, deg C]
# name 3 = t190C: Temperature, 2 [ITS-90, deg C]
# name 4 = T2-T190C: Temperature Difference, 2 - 1 [ITS-90, deg C]
# name 5 = c0S/m: Conductivity [S/m]
# name 6 = c1S/m: Conductivity, 2 [S/m]
# name 7 = pumps: Pump Status
# name 8 = sbeox0ML/L: Oxygen, SBE 43 [ml/l]
# name 9 = sbeox1ML/L: Oxygen, SBE 43, 2 [ml/l]
# name 10 = altM: Altimeter [m]
# name 11 = flECO-AFL: Chl-a Fluorescence, WET Labs ECO-AFL/FL [mg/m^3]
# name 12 = flECO-AFL1: Phycocyanin Fluorescence, WET Labs ECO-AFL/FL, 2 [mg/m^3]
# name 13 = par: PAR/Irradiance, Biospherical/Lico [µE/(cm^2*s)]
# name 14 = turbWETntu0: Turbidity, WET Labs ECO [NTU]
# name 15 = sal00: Salinity, Practical [PSU]
# name 16 = sal11: Salinity, Practical, 2 [PSU]
# name 17 = secS-priS: Salinity, Practical, Difference, 2 - 1 [PSU]
# name 18 = sigma-t00: Density [sigma-t, Kg/m^3 ]
# name 19 = sigma-t11: Density, 2 [sigma-t, Kg/m^3 ]
# name 20 = depSM: Depth [salt water, m], lat = 57.312
# name 21 = depFM: Depth [true depth, m], lat = 57.312
# name 22 = dz/dtM: Descent Rate [m/s], WS = 2
# name 23 = svCM: Sound Velocity [Chen-Millero, m/s]
# name 24 = svCM1: Sound Velocity, 2 [Chen-Millero, m/s]
# name 25 = flag: flag
# span 0 =       7702,      18700       
# span 1 =      2.000,    232.500       
# span 2 =     3.8766,     6.8890       
# span 3 =     3.8760,     6.8897       
# span 4 =    -0.1081,     0.1363       
# span 5 =   0.801969,   1.448173       
# span 6 =   0.802124,   1.448077       
# span 7 =          1,          1       
# span 8 =    0.02332,    7.92065       
# span 9 =    1.43765,    9.55708       
# span 10 =       5.29,     100.35      
# span 11 =     0.2274,     0.5978      
# span 12 =     0.1344,     0.3272      
# span 13 = 1.0000e-12, 1.1852e-01      
# span 14 =     0.1323,     0.7090      
# span 15 =     7.2207,    13.1861      
# span 16 =     7.2205,    13.1849      
# span 17 =    -0.1336,     0.2020      
# span 18 =     5.6500,    10.2938      
# span 19 =     5.6498,    10.2928      
# span 20 =      1.982,    230.229      
# span 21 =      2.026,    234.846      
# span 22 =      0.005,      1.585      
# span 23 =    1432.06,    1454.77      
# span 24 =    1432.05,    1454.77      
# span 25 = 0.0000e+00, 0.0000e+00      
# interval = decibars: 0.5              
# start_time = Dec 05 2018 15:36:14 [NMEA time, first data scan]
# bad_flag = -9.990e-29
*END*
[from data line 56]
       9280     30.000     6.2275     6.2287     0.0012    0.81188    0.81188          1     7.9002     5.8434      38.90     0.5332     0.2498  1.000e-12  0.2221000     7.2223     7.2220    -0.0003     5.6515     5.6511     29.721     30.384      1.192    1441.27    1441.27  0.000e+00
       9290     30.500     6.2276     6.2285     0.0009    0.81189    0.81188          1     7.9056     5.8399      74.19     0.5333     0.2455  1.000e-12  0.2218000     7.2223     7.2220    -0.0002     5.6514     5.6512     30.217     30.891      1.079    1441.27    1441.28  0.000e+00
       9302     31.000     6.2269     6.2283     0.0014    0.81190    0.81189          1     7.9041     5.8416      85.90     0.5330     0.2666  1.000e-12  0.2221000     7.2224     7.2221    -0.0003     5.6516     5.6512     30.712     31.397      0.808    1441.28    1441.28  0.000e+00
       9343     31.500     6.2268     6.2280     0.0012    0.81190    0.81189          1     7.9035     5.8168      92.71     0.5416     0.2676  1.000e-12  0.2123000     7.2224     7.2221    -0.0003     5.6516     5.6513     31.208     31.904      0.370    1441.28    1441.29  0.000e+00
       9393     32.000     6.2267     6.2278     0.0011    0.81190    0.81190          1     7.9018     5.7741      98.23     0.5573     0.2322  1.000e-12  0.1915000     7.2224     7.2222    -0.0002     5.6516     5.6514     31.703     32.410      0.553    1441.29    1441.30  0.000e+00
       9409     32.500     6.2270     6.2286     0.0015    0.81192    0.81191          1     7.9043     5.7528      57.33     0.5465     0.2677  1.000e-12  0.2230000     7.2224     7.2220    -0.0004     5.6516     5.6512     32.198     32.916      0.710    1441.30    1441.31  0.000e+00
       9425     33.000     6.2274     6.2285     0.0012    0.81192    0.81191          1     7.9077     5.7380      36.40     0.5358     0.2651  1.000e-12  0.2260000     7.2223     7.2220    -0.0003     5.6515     5.6511     32.693     33.423      0.723    1441.31    1441.32  0.000e+00
       9443     33.500     6.2268     6.2277     0.0010    0.81193    0.81193          1     7.9088     5.7368      60.77     0.5221     0.2310  1.000e-12  0.2299000     7.2225     7.2222    -0.0003     5.6516     5.6514     33.189     33.929      0.625    1441.32    1441.32  0.000e+00
       9467     34.000     6.2272     6.2279     0.0007    0.81193    0.81192          1     7.9056     5.7230      86.08     0.5286     0.2925  1.000e-12  0.2412000     7.2223     7.2221    -0.0002     5.6515     5.6513     33.684     34.436      0.429    1441.33    1441.33  0.000e+00
       9498     34.500     6.2276     6.2287     0.0011    0.81193    0.81193          1     7.9007     5.7066      98.85     0.5552     0.3069  1.000e-12  0.2137000     7.2222     7.2219    -0.0003     5.6514     5.6511     34.179     34.942      0.489    1441.34    1441.34  0.000e+00
       9517     35.000     6.2275     6.2284     0.0009    0.81195    0.81194          1     7.9001     5.7033      97.59     0.5445     0.2470  1.000e-12  0.2167000     7.2223     7.2220    -0.0002     5.6514     5.6512     34.675     35.448      0.710    1441.34    1441.35  0.000e+00
       9532     35.500     6.2271     6.2281     0.0010    0.81196    0.81194          1     7.9005     5.6924      98.04     0.5342     0.2681  1.000e-12  0.2109000     7.2224     7.2221    -0.0003     5.6516     5.6512     35.170     35.955      0.760    1441.35    1441.35  0.000e+00
       9549     36.000     6.2283     6.2290     0.0006    0.81195    0.81195          1     7.9031     5.6849      98.04     0.5340     0.3178  1.000e-12  0.2096000     7.2221     7.2219    -0.0002     5.6512     5.6511     35.665     36.461      0.640    1441.36    1441.37  0.000e+00
       9576     36.500     6.2282     6.2293     0.0012    0.81195    0.81195          1     7.9087     5.6741      59.01     0.5385     0.2907  1.000e-12  0.2072000     7.2220     7.2217    -0.0003     5.6512     5.6509     36.161     36.968      0.370    1441.37    1441.38  0.000e+00
       9613     37.000     6.2283     6.2293     0.0010    0.81196    0.81196          1     7.9008     5.6565      79.98     0.5566     0.2517  1.000e-12  0.2213000     7.2220     7.2218    -0.0002     5.6512     5.6509     36.656     37.474      0.420    1441.38    1441.38  0.000e+00
       9635     37.500     6.2283     6.2294     0.0011    0.81198    0.81197          1     7.8993     5.6540      91.23     0.5373     0.2331  1.000e-12  0.2183000     7.2221     7.2218    -0.0003     5.6513     5.6510     37.151     37.981      0.641    1441.39    1441.39  0.000e+00
       9652     38.000     6.2279     6.2290     0.0011    0.81199    0.81198          1     7.9003     5.6498      97.98     0.5339     0.2486  1.000e-12  0.2193000     7.2222     7.2219    -0.0003     5.6514     5.6511     37.647     38.487      0.686    1441.39    1441.40  0.000e+00
       9670     38.500     6.2273     6.2286     0.0012    0.81199    0.81199          1     7.9016     5.6402      98.05     0.5446     0.2665  1.000e-12  0.2279000     7.2223     7.2220    -0.0003     5.6515     5.6512     38.142     38.993      0.567    1441.40    1441.40  0.000e+00
       9701     39.000     6.2273     6.2286     0.0013    0.81200    0.81198          1     7.8994     5.6284      84.63     0.5418     0.2456  1.000e-12  0.2236000     7.2223     7.2219    -0.0004     5.6515     5.6511     38.637     39.500      0.331    1441.41    1441.41  0.000e+00
       9736     39.500     6.2274     6.2284     0.0010    0.81200    0.81200          1     7.9043     5.6187      88.24     0.5410     0.2669  1.000e-12  0.2165000     7.2223     7.2220    -0.0003     5.6515     5.6512     39.132     40.006      0.558    1441.41    1441.42  0.000e+00
       9752     40.000     6.2270     6.2281     0.0011    0.81202    0.81201          1     7.9042     5.6187      86.29     0.5466     0.2461  1.000e-12  0.2104000     7.2224     7.2221    -0.0003     5.6516     5.6513     39.628     40.513      0.823    1441.42    1441.43  0.000e+00
       9765     40.500     6.2270     6.2280     0.0010    0.81203    0.81202          1     7.9002     5.6181      98.21     0.5220     0.2466  1.000e-12  0.2166000     7.2225     7.2222    -0.0003     5.6516     5.6513     40.123     41.019      0.915    1441.43    1441.43  0.000e+00
       9778     41.000     6.2270     6.2282     0.0012    0.81203    0.81203          1     7.8983     5.6128      98.02     0.5205     0.2476  1.000e-12  0.2155000     7.2225     7.2222    -0.0003     5.6516     5.6513     40.618     41.525      0.874    1441.44    1441.44  0.000e+00
       9793     41.500     6.2278     6.2289     0.0010    0.81204    0.81204          1     7.8972     5.6043      98.03     0.5227     0.2448  1.000e-12  0.2126000     7.2223     7.2221    -0.0002     5.6515     5.6512     41.114     42.032      0.682    1441.45    1441.45  0.000e+00
       9820     42.000     6.2281     6.2289     0.0008    0.81205    0.81204          1     7.8991     5.5976      98.02     0.5425     0.2097  1.000e-12  0.2118000     7.2223     7.2221    -0.0002     5.6514     5.6512     41.609     42.538      0.368    1441.46    1441.46  0.000e+00
       9857     42.500     6.2280     6.2289     0.0009    0.81205    0.81204          1     7.9019     5.6028      86.34     0.5414     0.2136  1.000e-12  0.2194000     7.2223     7.2220    -0.0003     5.6514     5.6511     42.104     43.045      0.390    1441.46    1441.47  0.000e+00
       9885     43.000     6.2283     6.2294     0.0010    0.81205    0.81204          1     7.8993     5.5952      97.50     0.5462     0.2659  1.000e-12  0.2202000     7.2221     7.2218    -0.0003     5.6512     5.6510     42.600     43.551      0.376    1441.47    1441.48  0.000e+00
       9921     43.500     6.2284     6.2295     0.0011    0.81207    0.81206          1     7.8985     5.5823      97.99     0.5289     0.2796  1.000e-12  0.2354000     7.2222     7.2219    -0.0003     5.6513     5.6510     43.095     44.057      0.381    1441.48    1441.49  0.000e+00
       9946     44.000     6.2285     6.2294     0.0010    0.81209    0.81208          1     7.8991     5.5804      98.00     0.5542     0.2476  1.000e-12  0.2112000     7.2223     7.2221    -0.0003     5.6514     5.6512     43.590     44.564      0.674    1441.49    1441.50  0.000e+00
       9961     44.500     6.2289     6.2298     0.0009    0.81210    0.81210          1     7.8992     5.5815      98.00     0.5505     0.2749  1.000e-12  0.2159000     7.2223     7.2221    -0.0003     5.6514     5.6511     44.085     45.070      0.889    1441.50    1441.50  0.000e+00
       9973     45.000     6.2275     6.2274    -0.0001    0.81211    0.81212          1     7.8997     5.5793      73.60     0.5423     0.2740  1.000e-12  0.2234000     7.2227     7.2227     0.0001     5.6518     5.6518     44.581     45.577      0.996    1441.50    1441.50  0.000e+00
       9984     45.500     6.2277     6.2276    -0.0001    0.81212    0.81212          1     7.8996     5.5758      80.40     0.5355     0.3179  1.000e-12  0.2202000     7.2226     7.2226     0.0000     5.6517     5.6517     45.076     46.083      0.991    1441.51    1441.51  0.000e+00
       9996     46.000     6.2283     6.2285     0.0002    0.81213    0.81212          1     7.9001     5.5751      97.94     0.5133     0.3222  1.000e-12  0.2184000     7.2225     7.2224    -0.0001     5.6516     5.6515     45.571     46.589      0.846    1441.52    1441.52  0.000e+00
      10016     46.500     6.2258     6.2289     0.0030    0.81213    0.81212          1     7.8991     5.5765      98.00     0.5152     0.3217  1.000e-12  0.2169000     7.2230     7.2223    -0.0007     5.6521     5.6514     46.067     47.096      0.476    1441.52    1441.53  0.000e+00
      10079     47.000     6.2268     6.2278     0.0010    0.81214    0.81214          1     7.8966     5.5605      97.65     0.5348     0.2596  1.000e-12  0.1996000     7.2228     7.2225    -0.0002     5.6519     5.6516     46.562     47.602      0.387    1441.53    1441.54  0.000e+00
      10101     47.500     6.2251     6.2265     0.0014    0.81214    0.81212          1     7.8950     5.5628      98.03     0.5563     0.2470  1.000e-12  0.2040000     7.2231     7.2226    -0.0005     5.6522     5.6518     47.057     48.109      0.719    1441.53    1441.54  0.000e+00
      10115     48.000     6.2226     6.2265     0.0039    0.81215    0.81211          1     7.8925     5.5663      98.05     0.5395     0.2355  1.000e-12  0.2182000     7.2237     7.2225    -0.0012     5.6528     5.6517     47.552     48.615      0.833    1441.53    1441.55  0.000e+00
      10129     48.500     6.2243     6.2257     0.0014    0.81213    0.81213          1     7.8919     5.5666      98.03     0.5207     0.2333  1.000e-12  0.2298000     7.2230     7.2227    -0.0003     5.6522     5.6519     48.048     49.121      0.786    1441.55    1441.55  0.000e+00
      10147     49.000     6.2238     6.2245     0.0007    0.81213    0.81212          1     7.8940     5.5679      98.02     0.5221     0.3272  1.000e-12  0.2233000     7.2231     7.2229    -0.0003     5.6523     5.6521     48.543     49.628      0.539    1441.55    1441.55  0.000e+00
      10184     49.500     6.2248     6.2265     0.0018    0.81215    0.81215          1     7.8969     5.5560      93.82     0.5044     0.2928  1.000e-12  0.2228000     7.2230     7.2226    -0.0004     5.6522     5.6518     49.038     50.134      0.306    1441.56    1441.57  0.000e+00
      10212     50.000     6.2258     6.2266     0.0009    0.81212    0.81212          1     7.9017     5.5549      98.21     0.5144     0.2636  1.000e-12  0.2077000     7.2225     7.2222    -0.0003     5.6517     5.6515     49.533     50.641      0.654    1441.58    1441.58  0.000e+00
      10227     50.500     6.2255     6.2265     0.0010    0.81213    0.81213          1     7.9024     5.5604      98.03     0.5330     0.2476  1.000e-12  0.2228000     7.2226     7.2223    -0.0003     5.6518     5.6515     50.029     51.147      0.793    1441.58    1441.59  0.000e+00
      10241     51.000     6.2270     6.2278     0.0009    0.81214    0.81213          1     7.9038     5.5600      98.03     0.5255     0.2681  1.000e-12  0.2222000     7.2223     7.2220    -0.0003     5.6515     5.6512     50.524     51.654      0.789    1441.60    1441.60  0.000e+00
      10257     51.500     6.2264     6.2277     0.0013    0.81214    0.81214          1     7.9062     5.5591      98.03     0.5120     0.2913  1.000e-12  0.2225000     7.2224     7.2221    -0.0003     5.6516     5.6513     51.019     52.160      0.651    1441.60    1441.61  0.000e+00
      10282     52.000     6.2261     6.2278     0.0017    0.81216    0.81215          1     7.9047     5.5586      93.63     0.5228     0.2584  1.000e-12  0.2195000     7.2225     7.2221    -0.0004     5.6517     5.6513     51.515     52.666      0.398    1441.61    1441.61  0.000e+00
      10324     52.500     6.2265     6.2281     0.0016    0.81216    0.81215          1     7.9012     5.5584      95.51     0.5383     0.2630  1.000e-12  0.2113000     7.2224     7.2220    -0.0004     5.6516     5.6512     52.010     53.173      0.315    1441.62    1441.62  0.000e+00
      10351     53.000     6.2234     6.2280     0.0046    0.81217    0.81216          1     7.9033     5.5617      98.10     0.5419     0.3027  1.000e-12  0.2253000     7.2231     7.2220    -0.0012     5.6523     5.6512     52.505     53.679      0.629    1441.61    1441.63  0.000e+00
      10367     53.500     6.2085     6.2187     0.0102    0.81218    0.81216          1     7.8756     5.5593      98.02     0.5443     0.3018  1.000e-12  0.2262000     7.2263     7.2239    -0.0024     5.6557     5.6532     53.000     54.186      0.790    1441.56    1441.60  0.000e+00
      10381     54.000     6.2000     6.1922    -0.0080    0.81215    0.81213          1     7.8560     5.5545      98.07     0.5467     0.2783  1.000e-12  0.2230000     7.2278     7.2292     0.0014     5.6573     5.6589     53.496     54.692      0.821    1441.53    1441.50  0.000e+00
      10396     54.500     6.2040     6.2058     0.0018    0.81217    0.81215          1     7.8561     5.5550      98.02     0.5376     0.2660  1.000e-12  0.2212000     7.2270     7.2265    -0.0005     5.6565     5.6560     53.991     55.198      0.713    1441.56    1441.57  0.000e+00
      10419     55.000     6.1442     6.1684     0.0242    0.81211    0.81212          1     7.8478     5.5671      88.25     0.5344     0.2711  1.000e-12  0.2226000     7.2391     7.2341    -0.0050     5.6693     5.6640     54.486     55.705      0.418    1441.33    1441.42  0.000e+00
      10461     55.500     6.1779     6.1668    -0.0110    0.81216    0.81215          1     7.8212     5.5654      99.32     0.5237     0.3210  1.000e-12  0.2074000     7.2323     7.2346     0.0023     5.6621     5.6646     54.981     56.211      0.320    1441.47    1441.43  0.000e+00
      10487     56.000     6.1005     6.1017     0.0013    0.81207    0.81206          1     7.7886     5.5619      98.04     0.5244     0.2321  1.000e-12  0.2042000     7.2479     7.2475    -0.0004     5.6787     5.6784     55.477     56.718      0.622    1441.17    1441.17  0.000e+00
      10503     56.500     6.0879     6.0860    -0.0018    0.81207    0.81206          1     7.7694     5.5637      98.05     0.5098     0.2655  1.000e-12  0.2148000     7.2505     7.2509     0.0004     5.6815     5.6818     55.972     57.224      0.776    1441.12    1441.12  0.000e+00
      10518     57.000     6.0748     6.0761     0.0013    0.81207    0.81205          1     7.7582     5.5673      91.89     0.5044     0.2926  1.000e-12  0.2169000     7.2533     7.2528    -0.0004     5.6844     5.6839     56.467     57.730      0.842    1441.08    1441.08  0.000e+00
